MAC,WAN/LAN,Protocol,IP,TotalPackets,TotalBytes,TxPackets,TxBytes,RxPackets,RxBytes
44:3D:54:BE:12:3C,ALL,ip,100.24.128.152,395,246071,230,210625,165,35446
44:3D:54:BE:12:3C,ALL,ip,107.20.21.94,913,668473,541,582561,372,85912
44:3D:54:BE:12:3C,ALL,ip,107.20.50.205,51,20621,26,12823,25,7798
44:3D:54:BE:12:3C,ALL,ip,107.21.191.216,918,598696,520,517108,398,81588
44:3D:54:BE:12:3C,ALL,ip,107.22.135.244,220,180634,129,156056,91,24578
44:3D:54:BE:12:3C,ALL,ip,107.22.211.205,518,391413,304,346597,214,44816
44:3D:54:BE:12:3C,ALL,ip,107.23.106.67,354,277773,201,249255,153,28518
44:3D:54:BE:12:3C,ALL,ip,108.138.105.27,235,78090,132,18641,103,59449
44:3D:54:BE:12:3C,ALL,ip,108.138.123.164,126,41374,75,10519,51,30855
44:3D:54:BE:12:3C,ALL,ip,108.138.125.14,620,83473,310,32054,310,51419
44:3D:54:BE:12:3C,ALL,ip,108.138.125.193,480,64632,240,24816,240,39816
44:3D:54:BE:12:3C,ALL,ip,108.138.125.194,411,55281,206,21275,205,34006
44:3D:54:BE:12:3C,ALL,ip,108.138.125.198,532,71490,266,27467,266,44023
44:3D:54:BE:12:3C,ALL,ip,108.138.61.102,80,10776,40,4136,40,6640
44:3D:54:BE:12:3C,ALL,ip,108.138.61.174,40,5388,20,2068,20,3320
44:3D:54:BE:12:3C,ALL,ip,108.138.61.34,90,12122,45,4653,45,7469
44:3D:54:BE:12:3C,ALL,ip,108.138.61.8,90,12123,45,4653,45,7470
44:3D:54:BE:12:3C,ALL,ip,108.138.63.186,780,266033,447,61078,333,204955
44:3D:54:BE:12:3C,ALL,ip,108.138.78.184,11115,3673628,6322,889305,4793,2784323
44:3D:54:BE:12:3C,ALL,ip,108.138.82.190,340,45797,170,17578,170,28219
44:3D:54:BE:12:3C,ALL,ip,108.138.82.203,370,49843,185,19129,185,30714
44:3D:54:BE:12:3C,ALL,ip,108.138.82.54,360,48491,180,18612,180,29879
44:3D:54:BE:12:3C,ALL,ip,108.138.82.9,390,52531,195,20163,195,32368
44:3D:54:BE:12:3C,ALL,ip,108.139.36.72,2817,933045,1590,222089,1227,710956
44:3D:54:BE:12:3C,ALL,ip,108.139.45.164,1931,641981,1099,154697,832,487284
44:3D:54:BE:12:3C,ALL,ip,108.156.155.183,86,28567,52,7677,34,20890
44:3D:54:BE:12:3C,ALL,ip,108.159.224.221,10,1348,5,517,5,831
44:3D:54:BE:12:3C,ALL,ip,13.224.208.139,20,2694,10,1034,10,1660
44:3D:54:BE:12:3C,ALL,ip,13.224.208.151,10,1346,5,517,5,829
44:3D:54:BE:12:3C,ALL,ip,13.224.208.198,20,2694,10,1034,10,1660
44:3D:54:BE:12:3C,ALL,ip,13.224.208.72,30,4040,15,1551,15,2489
44:3D:54:BE:12:3C,ALL,ip,13.224.212.81,66,21226,38,5339,28,15887
44:3D:54:BE:12:3C,ALL,ip,13.225.205.137,31,9702,19,2679,12,7023
44:3D:54:BE:12:3C,ALL,ip,13.225.63.76,23,8687,11,1748,12,6939
44:3D:54:BE:12:3C,ALL,ip,13.225.66.127,180,24245,90,9306,90,14939
44:3D:54:BE:12:3C,ALL,ip,13.225.66.162,171,22952,86,8843,85,14109
44:3D:54:BE:12:3C,ALL,ip,13.225.66.219,90,12119,45,4653,45,7466
44:3D:54:BE:12:3C,ALL,ip,13.225.66.84,220,29628,110,11374,110,18254
44:3D:54:BE:12:3C,ALL,ip,13.226.23.120,10,1348,5,517,5,831
44:3D:54:BE:12:3C,ALL,ip,13.249.39.10,48,17506,28,3892,20,13614
44:3D:54:BE:12:3C,ALL,ip,13.249.39.25,23,8687,14,1946,9,6741
44:3D:54:BE:12:3C,ALL,ip,13.249.39.48,24,8753,14,1946,10,6807
44:3D:54:BE:12:3C,ALL,ip,13.32.193.79,31,9690,19,2668,12,7022
44:3D:54:BE:12:3C,ALL,ip,13.32.207.48,108,60553,71,8104,37,52449
44:3D:54:BE:12:3C,ALL,ip,13.32.207.83,104,60245,70,8040,34,52205
44:3D:54:BE:12:3C,ALL,ip,13.32.247.187,35,11413,19,2552,16,8861
44:3D:54:BE:12:3C,ALL,ip,13.33.19.135,10,1347,5,517,5,830
44:3D:54:BE:12:3C,ALL,ip,13.33.19.180,10,1347,5,517,5,830
44:3D:54:BE:12:3C,ALL,ip,13.35.99.41,2164,702853,1214,171092,950,531761
44:3D:54:BE:12:3C,ALL,ip,174.129.20.177,243,146028,131,120192,112,25836
44:3D:54:BE:12:3C,ALL,ip,176.32.98.108,122,42725,73,15418,49,27307
44:3D:54:BE:12:3C,ALL,ip,18.154.230.100,1884,253500,942,97328,942,156172
44:3D:54:BE:12:3C,ALL,ip,18.154.230.133,1780,239766,890,92026,890,147740
44:3D:54:BE:12:3C,ALL,ip,18.154.230.19,1712,230469,856,88473,856,141996
44:3D:54:BE:12:3C,ALL,ip,18.154.230.60,1460,196662,730,75482,730,121180
44:3D:54:BE:12:3C,ALL,ip,18.154.234.237,367,121727,208,29332,159,92395
44:3D:54:BE:12:3C,ALL,ip,18.155.8.122,20,2693,10,1034,10,1659
44:3D:54:BE:12:3C,ALL,ip,18.155.8.212,10,1347,5,517,5,830
44:3D:54:BE:12:3C,ALL,ip,18.155.8.5,10,1346,5,517,5,829
44:3D:54:BE:12:3C,ALL,ip,18.155.9.2,30,9648,18,2625,12,7023
44:3D:54:BE:12:3C,ALL,ip,18.160.0.14,10,1346,5,517,5,829
44:3D:54:BE:12:3C,ALL,ip,18.160.0.171,10,1346,5,517,5,829
44:3D:54:BE:12:3C,ALL,ip,18.160.0.62,30,4038,15,1551,15,2487
44:3D:54:BE:12:3C,ALL,ip,18.160.1.36,9686,3184031,5454,762774,4232,2421257
44:3D:54:BE:12:3C,ALL,ip,18.160.21.25,2736,902895,1568,220615,1168,682280
44:3D:54:BE:12:3C,ALL,ip,18.160.228.120,66,20958,39,5408,27,15550
44:3D:54:BE:12:3C,ALL,ip,18.160.30.54,102,33173,59,8191,43,24982
44:3D:54:BE:12:3C,ALL,ip,18.160.37.104,90,12115,45,4653,45,7462
44:3D:54:BE:12:3C,ALL,ip,18.160.37.110,100,13462,50,5170,50,8292
44:3D:54:BE:12:3C,ALL,ip,18.160.37.111,70,9425,35,3619,35,5806
44:3D:54:BE:12:3C,ALL,ip,18.160.37.68,60,8079,30,3102,30,4977
44:3D:54:BE:12:3C,ALL,ip,18.160.45.108,40,5388,20,2068,20,3320
44:3D:54:BE:12:3C,ALL,ip,18.160.45.16,50,6734,25,2585,25,4149
44:3D:54:BE:12:3C,ALL,ip,18.160.45.164,50,6735,25,2585,25,4150
44:3D:54:BE:12:3C,ALL,ip,18.160.45.68,50,6735,25,2585,25,4150
44:3D:54:BE:12:3C,ALL,ip,18.160.54.214,6249,2039902,3505,493630,2744,1546272
44:3D:54:BE:12:3C,ALL,ip,18.160.85.205,70,22121,38,5280,32,16841
44:3D:54:BE:12:3C,ALL,ip,18.161.39.70,70,23551,38,5292,32,18259
44:3D:54:BE:12:3C,ALL,ip,18.164.113.65,170,55622,95,13164,75,42458
44:3D:54:BE:12:3C,ALL,ip,18.164.115.92,10,1347,5,517,5,830
44:3D:54:BE:12:3C,ALL,ip,18.164.127.194,1011,334997,579,81175,432,253822
44:3D:54:BE:12:3C,ALL,ip,18.164.131.162,90,12123,45,4653,45,7470
44:3D:54:BE:12:3C,ALL,ip,18.164.131.179,140,18858,70,7238,70,11620
44:3D:54:BE:12:3C,ALL,ip,18.164.131.217,140,18857,70,7238,70,11619
44:3D:54:BE:12:3C,ALL,ip,18.164.131.9,130,17511,65,6721,65,10790
44:3D:54:BE:12:3C,ALL,ip,18.164.92.70,765,248345,427,59610,338,188735
44:3D:54:BE:12:3C,ALL,ip,18.165.108.98,36,11227,20,2808,16,8419
44:3D:54:BE:12:3C,ALL,ip,18.165.113.169,10,1347,5,517,5,830
44:3D:54:BE:12:3C,ALL,ip,18.165.113.7,10,1347,5,517,5,830
44:3D:54:BE:12:3C,ALL,ip,18.165.18.164,107,35234,61,8571,46,26663
44:3D:54:BE:12:3C,ALL,ip,18.165.80.32,10,1343,5,517,5,826
44:3D:54:BE:12:3C,ALL,ip,18.165.84.92,137,45228,79,11063,58,34165
44:3D:54:BE:12:3C,ALL,ip,18.165.94.127,10,1346,5,517,5,829
44:3D:54:BE:12:3C,ALL,ip,18.165.94.2,30,4038,15,1551,15,2487
44:3D:54:BE:12:3C,ALL,ip,18.165.99.164,2939,963300,1669,235400,1270,727900
44:3D:54:BE:12:3C,ALL,ip,18.172.136.119,28,9483,18,2615,10,6868
44:3D:54:BE:12:3C,ALL,ip,18.173.130.120,35,20094,23,2655,12,17439
44:3D:54:BE:12:3C,ALL,ip,18.173.130.32,35,20099,23,2659,12,17440
44:3D:54:BE:12:3C,ALL,ip,18.173.139.97,2645,866683,1521,213358,1124,653325
44:3D:54:BE:12:3C,ALL,ip,18.204.113.0,556,461078,315,402010,241,59068
44:3D:54:BE:12:3C,ALL,ip,18.204.83.38,2,180,1,90,1,90
44:3D:54:BE:12:3C,ALL,ip,18.207.37.248,96,86257,57,77506,39,8751
44:3D:54:BE:12:3C,ALL,ip,18.207.46.96,499,329671,302,285965,197,43706
44:3D:54:BE:12:3C,ALL,ip,18.208.13.36,667,504156,378,435922,289,68234
44:3D:54:BE:12:3C,ALL,ip,18.210.100.254,456,308026,237,256636,219,51390
44:3D:54:BE:12:3C,ALL,ip,18.210.124.191,742,470471,411,405613,331,64858
44:3D:54:BE:12:3C,ALL,ip,18.210.241.155,277,184025,163,151945,114,32080
44:3D:54:BE:12:3C,ALL,ip,18.211.43.146,503,338825,273,286733,230,52092
44:3D:54:BE:12:3C,ALL,ip,18.213.102.161,96,86094,53,77067,43,9027
44:3D:54:BE:12:3C,ALL,ip,18.213.144.187,356,252781,208,218421,148,34360
44:3D:54:BE:12:3C,ALL,ip,18.213.147.77,477,303079,266,252277,211,50802
44:3D:54:BE:12:3C,ALL,ip,18.213.210.140,213,156350,122,131912,91,24438
44:3D:54:BE:12:3C,ALL,ip,18.213.6.240,588,466623,337,413181,251,53442
44:3D:54:BE:12:3C,ALL,ip,18.214.151.92,35,9755,20,3466,15,6289
44:3D:54:BE:12:3C,ALL,ip,18.214.180.6,2181,739999,1233,383967,948,356032
44:3D:54:BE:12:3C,ALL,ip,18.214.56.102,175,127126,103,103966,72,23160
44:3D:54:BE:12:3C,ALL,ip,18.232.203.3,20,1958,10,1006,10,952
44:3D:54:BE:12:3C,ALL,ip,18.235.213.184,594,519398,349,460012,245,59386
44:3D:54:BE:12:3C,ALL,ip,18.235.79.204,838,577744,489,493314,349,84430
44:3D:54:BE:12:3C,ALL,ip,18.238.59.123,10,1346,5,517,5,829
44:3D:54:BE:12:3C,ALL,ip,18.238.63.137,209,68070,115,16336,94,51734
44:3D:54:BE:12:3C,ALL,ip,18.238.72.167,63,20704,37,5450,26,15254
44:3D:54:BE:12:3C,ALL,ip,18.238.79.113,50,6735,25,2585,25,4150
44:3D:54:BE:12:3C,ALL,ip,18.238.79.128,40,5388,20,2068,20,3320
44:3D:54:BE:12:3C,ALL,ip,18.238.79.207,50,6735,25,2585,25,4150
44:3D:54:BE:12:3C,ALL,ip,18.238.79.58,10,1347,5,517,5,830
44:3D:54:BE:12:3C,ALL,ip,18.238.8.47,244,81180,137,19240,107,61940
44:3D:54:BE:12:3C,ALL,ip,18.244.194.107,376,122589,207,29090,169,93499
44:3D:54:BE:12:3C,ALL,ip,18.64.153.176,345,111087,190,27340,155,83747
44:3D:54:BE:12:3C,ALL,ip,18.67.77.136,10868,3585282,6161,862478,4707,2722804
44:3D:54:BE:12:3C,ALL,ip,184.73.108.181,631,438249,358,383367,273,54882
44:3D:54:BE:12:3C,ALL,ip,184.73.225.215,543,317748,300,264846,243,52902
44:3D:54:BE:12:3C,ALL,ip,192.168.1.102,22,6615,8,641,14,5974
44:3D:54:BE:12:3C,ALL,ip,192.168.1.106,7245,1467887,2651,221031,4594,1246856
44:3D:54:BE:12:3C,ALL,ip,192.168.1.116,154,99484,0,0,154,99484
44:3D:54:BE:12:3C,ALL,ip,192.168.1.117,3,1938,0,0,3,1938
44:3D:54:BE:12:3C,ALL,ip,209.54.177.114,166,49338,94,12654,72,36684
44:3D:54:BE:12:3C,ALL,ip,209.54.177.117,79,24441,43,6099,36,18342
44:3D:54:BE:12:3C,ALL,ip,209.54.177.153,84,24711,48,6369,36,18342
44:3D:54:BE:12:3C,ALL,ip,209.54.177.154,354,106565,200,27191,154,79374
44:3D:54:BE:12:3C,ALL,ip,209.54.177.157,143,41376,81,10669,62,30707
44:3D:54:BE:12:3C,ALL,ip,209.54.178.134,140,41185,80,10615,60,30570
44:3D:54:BE:12:3C,ALL,ip,209.54.178.164,111,32894,63,8438,48,24456
44:3D:54:BE:12:3C,ALL,ip,209.54.178.166,26,8129,15,2069,11,6060
44:3D:54:BE:12:3C,ALL,ip,209.54.179.225,24,12102,16,2322,8,9780
44:3D:54:BE:12:3C,ALL,ip,209.54.179.226,25,8316,15,1648,10,6668
44:3D:54:BE:12:3C,ALL,ip,209.54.179.227,76,32711,47,6292,29,26419
44:3D:54:BE:12:3C,ALL,ip,209.54.179.230,27,8424,15,1648,12,6776
44:3D:54:BE:12:3C,ALL,ip,209.54.179.231,45,16304,28,3188,17,13116
44:3D:54:BE:12:3C,ALL,ip,209.54.179.232,52,24420,32,4644,20,19776
44:3D:54:BE:12:3C,ALL,ip,209.54.179.233,48,20335,30,3916,18,16419
44:3D:54:BE:12:3C,ALL,ip,209.54.179.88,220,65704,125,16846,95,48858
44:3D:54:BE:12:3C,ALL,ip,209.54.179.93,169,49476,97,12792,72,36684
44:3D:54:BE:12:3C,ALL,ip,209.54.180.2,25,12156,16,2322,9,9834
44:3D:54:BE:12:3C,ALL,ip,209.54.180.25,201,57961,115,15043,86,42918
44:3D:54:BE:12:3C,ALL,ip,209.54.180.27,84,24735,47,6339,37,18396
44:3D:54:BE:12:3C,ALL,ip,209.54.180.44,82,24603,47,6315,35,18288
44:3D:54:BE:12:3C,ALL,ip,209.54.181.4,247,73892,139,18837,108,55055
44:3D:54:BE:12:3C,ALL,ip,209.54.181.98,168,49422,96,12738,72,36684
44:3D:54:BE:12:3C,ALL,ip,209.54.183.176,51,20555,32,4024,19,16531
44:3D:54:BE:12:3C,ALL,ip,209.54.183.178,50,20472,31,3970,19,16502
44:3D:54:BE:12:3C,ALL,ip,209.54.183.179,48,20335,30,3916,18,16419
44:3D:54:BE:12:3C,ALL,ip,209.54.183.185,25,12156,16,2322,9,9834
44:3D:54:BE:12:3C,ALL,ip,209.54.183.188,28,12347,17,2376,11,9971
44:3D:54:BE:12:3C,ALL,ip,209.54.183.194,28,12347,17,2376,11,9971
44:3D:54:BE:12:3C,ALL,ip,209.54.183.200,23,8179,14,1594,9,6585
44:3D:54:BE:12:3C,ALL,ip,224.0.0.251,1685,176783,1685,176783,0,0
44:3D:54:BE:12:3C,ALL,ip,23.20.129.183,139,92461,85,82761,54,9700
44:3D:54:BE:12:3C,ALL,ip,23.21.139.192,1033,768328,602,672230,431,96098
44:3D:54:BE:12:3C,ALL,ip,239.255.255.250,486,67392,486,67392,0,0
44:3D:54:BE:12:3C,ALL,ip,255.255.255.255,324,24138,324,24138,0,0
44:3D:54:BE:12:3C,ALL,ip,3.161.149.183,175,58466,95,13218,80,45248
44:3D:54:BE:12:3C,ALL,ip,3.161.173.196,70,22974,37,5184,33,17790
44:3D:54:BE:12:3C,ALL,ip,3.162.110.52,12217,4036799,6918,975270,5299,3061529
44:3D:54:BE:12:3C,ALL,ip,3.162.115.113,20,2694,10,1034,10,1660
44:3D:54:BE:12:3C,ALL,ip,3.162.115.198,40,5388,20,2068,20,3320
44:3D:54:BE:12:3C,ALL,ip,3.162.115.79,10,1347,5,517,5,830
44:3D:54:BE:12:3C,ALL,ip,3.162.126.195,12913,4268798,7334,1034585,5579,3234213
44:3D:54:BE:12:3C,ALL,ip,3.162.130.150,2374,319451,1187,122661,1187,196790
44:3D:54:BE:12:3C,ALL,ip,3.162.130.154,2640,355558,1320,136488,1320,219070
44:3D:54:BE:12:3C,ALL,ip,3.162.130.174,36,20185,24,2725,12,17460
44:3D:54:BE:12:3C,ALL,ip,3.162.130.209,2562,344923,1281,132418,1281,212505
44:3D:54:BE:12:3C,ALL,ip,3.162.130.28,34,20075,23,2680,11,17395
44:3D:54:BE:12:3C,ALL,ip,3.162.130.77,36,20189,23,2662,13,17527
44:3D:54:BE:12:3C,ALL,ip,3.162.130.91,2300,309303,1151,118976,1149,190327
44:3D:54:BE:12:3C,ALL,ip,3.162.153.124,35,11157,19,2738,16,8419
44:3D:54:BE:12:3C,ALL,ip,3.162.159.115,20,2696,10,1034,10,1662
44:3D:54:BE:12:3C,ALL,ip,3.162.93.101,40,5388,20,2068,20,3320
44:3D:54:BE:12:3C,ALL,ip,3.162.93.102,20,2694,10,1034,10,1660
44:3D:54:BE:12:3C,ALL,ip,3.162.93.112,36,20187,24,2726,12,17461
44:3D:54:BE:12:3C,ALL,ip,3.162.93.159,50,6735,25,2585,25,4150
44:3D:54:BE:12:3C,ALL,ip,3.162.93.201,50,6735,25,2585,25,4150
44:3D:54:BE:12:3C,ALL,ip,3.162.93.76,70,40217,45,5252,25,34965
44:3D:54:BE:12:3C,ALL,ip,3.162.93.99,69,40180,45,5256,24,34924
44:3D:54:BE:12:3C,ALL,ip,3.162.97.56,35,10960,19,2536,16,8424
44:3D:54:BE:12:3C,ALL,ip,3.163.100.41,346,114084,200,27098,146,86986
44:3D:54:BE:12:3C,ALL,ip,3.163.109.121,10,1347,5,517,5,830
44:3D:54:BE:12:3C,ALL,ip,3.163.109.56,10,1347,5,517,5,830
44:3D:54:BE:12:3C,ALL,ip,3.163.78.143,80,10775,40,4136,40,6639
44:3D:54:BE:12:3C,ALL,ip,3.163.78.146,40,5387,20,2068,20,3319
44:3D:54:BE:12:3C,ALL,ip,3.163.78.59,110,14815,55,5687,55,9128
44:3D:54:BE:12:3C,ALL,ip,3.163.78.96,80,10776,40,4136,40,6640
44:3D:54:BE:12:3C,ALL,ip,3.163.86.101,315,104924,171,23616,144,81308
44:3D:54:BE:12:3C,ALL,ip,3.208.32.41,506,339760,287,294614,219,45146
44:3D:54:BE:12:3C,ALL,ip,3.209.154.229,263,160289,158,134951,105,25338
44:3D:54:BE:12:3C,ALL,ip,3.209.242.181,167,107091,87,89515,80,17576
44:3D:54:BE:12:3C,ALL,ip,3.210.188.120,243,205960,148,175146,95,30814
44:3D:54:BE:12:3C,ALL,ip,3.210.80.155,102,92949,59,83975,43,8974
44:3D:54:BE:12:3C,ALL,ip,3.211.59.144,365,260042,210,225196,155,34846
44:3D:54:BE:12:3C,ALL,ip,3.211.61.218,598,444996,350,379528,248,65468
44:3D:54:BE:12:3C,ALL,ip,3.211.75.184,594,411923,351,359033,243,52890
44:3D:54:BE:12:3C,ALL,ip,3.212.182.16,230,158641,137,134095,93,24546
44:3D:54:BE:12:3C,ALL,ip,3.212.188.32,70,24559,43,5176,27,19383
44:3D:54:BE:12:3C,ALL,ip,3.212.23.64,545,435568,314,383446,231,52122
44:3D:54:BE:12:3C,ALL,ip,3.213.239.129,281,159580,162,133306,119,26274
44:3D:54:BE:12:3C,ALL,ip,3.214.173.238,2437,1702663,1435,1499937,1002,202726
44:3D:54:BE:12:3C,ALL,ip,3.214.211.93,343,232213,184,197151,159,35062
44:3D:54:BE:12:3C,ALL,ip,3.214.26.49,588,411802,359,359872,229,51930
44:3D:54:BE:12:3C,ALL,ip,3.215.164.15,537,415189,324,358179,213,57010
44:3D:54:BE:12:3C,ALL,ip,3.215.166.115,756,465640,446,396080,310,69560
44:3D:54:BE:12:3C,ALL,ip,3.217.103.253,639,450036,375,395610,264,54426
44:3D:54:BE:12:3C,ALL,ip,3.217.147.217,29080,4763508,11322,2641421,17758,2122087
44:3D:54:BE:12:3C,ALL,ip,3.217.154.144,168,99293,107,89131,61,10162
44:3D:54:BE:12:3C,ALL,ip,3.217.94.129,271,177965,146,151271,125,26694
44:3D:54:BE:12:3C,ALL,ip,3.218.173.170,519,397428,295,345768,224,51660
44:3D:54:BE:12:3C,ALL,ip,3.218.176.128,1955,179310,983,100554,972,78756
44:3D:54:BE:12:3C,ALL,ip,3.219.90.59,94,90550,59,82104,35,8446
44:3D:54:BE:12:3C,ALL,ip,3.219.95.253,502,352400,283,301082,219,51318
44:3D:54:BE:12:3C,ALL,ip,3.219.98.220,385,245545,237,211233,148,34312
44:3D:54:BE:12:3C,ALL,ip,3.220.150.94,30,3027,15,1599,15,1428
44:3D:54:BE:12:3C,ALL,ip,3.220.177.180,56,19060,35,11538,21,7522
44:3D:54:BE:12:3C,ALL,ip,3.220.207.79,1141,841569,642,740509,499,101060
44:3D:54:BE:12:3C,ALL,ip,3.221.104.222,272,208528,156,176247,116,32281
44:3D:54:BE:12:3C,ALL,ip,3.221.148.22,313,189679,180,156285,133,33394
44:3D:54:BE:12:3C,ALL,ip,3.222.100.181,461,327404,272,284007,189,43397
44:3D:54:BE:12:3C,ALL,ip,3.223.181.245,3088,578972,1237,341106,1851,237866
44:3D:54:BE:12:3C,ALL,ip,3.223.20.153,415,271970,236,229356,179,42614
44:3D:54:BE:12:3C,ALL,ip,3.224.18.176,260,165184,152,139636,108,25548
44:3D:54:BE:12:3C,ALL,ip,3.225.113.208,654,455840,350,398816,304,57024
44:3D:54:BE:12:3C,ALL,ip,3.225.3.168,324,274122,186,240470,138,33652
44:3D:54:BE:12:3C,ALL,ip,3.226.190.171,20,2048,10,1096,10,952
44:3D:54:BE:12:3C,ALL,ip,3.226.228.123,36,3349,19,1781,17,1568
44:3D:54:BE:12:3C,ALL,ip,3.227.120.38,354,269639,200,228783,154,40856
44:3D:54:BE:12:3C,ALL,ip,3.227.83.236,3652,1256982,2108,680242,1544,576740
44:3D:54:BE:12:3C,ALL,ip,3.229.114.62,728,542541,418,479045,310,63496
44:3D:54:BE:12:3C,ALL,ip,3.229.29.108,283,224792,162,191184,121,33608
44:3D:54:BE:12:3C,ALL,ip,3.230.114.203,201,150755,111,126407,90,24348
44:3D:54:BE:12:3C,ALL,ip,3.230.56.199,205,146167,119,122083,86,24084
44:3D:54:BE:12:3C,ALL,ip,3.232.142.13,87,90279,52,81792,35,8487
44:3D:54:BE:12:3C,ALL,ip,3.234.19.147,304,164263,183,137869,121,26394
44:3D:54:BE:12:3C,ALL,ip,3.234.204.69,263,157948,159,132676,104,25272
44:3D:54:BE:12:3C,ALL,ip,3.81.193.21,324,268365,177,240195,147,28170
44:3D:54:BE:12:3C,ALL,ip,3.86.119.203,93,88212,50,79197,43,9015
44:3D:54:BE:12:3C,ALL,ip,3.86.168.49,483,375494,281,325274,202,50220
44:3D:54:BE:12:3C,ALL,ip,3.88.98.46,1018,725193,583,634853,435,90340
44:3D:54:BE:12:3C,ALL,ip,3.90.127.177,737,579451,431,510119,306,69332
44:3D:54:BE:12:3C,ALL,ip,3.93.132.58,758,604390,447,534752,311,69638
44:3D:54:BE:12:3C,ALL,ip,3.95.50.26,208,163561,124,145745,84,17816
44:3D:54:BE:12:3C,ALL,ip,34.192.142.2,319,162603,174,134601,145,28002
44:3D:54:BE:12:3C,ALL,ip,34.193.13.223,683,474204,383,411344,300,62860
44:3D:54:BE:12:3C,ALL,ip,34.193.63.162,509,363713,278,317330,231,46383
44:3D:54:BE:12:3C,ALL,ip,34.194.134.60,48,16473,30,3551,18,12922
44:3D:54:BE:12:3C,ALL,ip,34.195.175.66,2583,878150,1479,463750,1104,414400
44:3D:54:BE:12:3C,ALL,ip,34.196.10.205,883,81855,444,45563,439,36292
44:3D:54:BE:12:3C,ALL,ip,34.196.248.144,821,597585,485,520089,336,77496
44:3D:54:BE:12:3C,ALL,ip,34.198.70.174,237,172040,143,147428,94,24612
44:3D:54:BE:12:3C,ALL,ip,34.199.210.34,882,701475,504,615071,378,86404
44:3D:54:BE:12:3C,ALL,ip,34.200.148.103,532,345370,310,293890,222,51480
44:3D:54:BE:12:3C,ALL,ip,34.202.199.218,261,172163,149,146351,112,25812
44:3D:54:BE:12:3C,ALL,ip,34.202.218.81,638,504254,368,443434,270,60820
44:3D:54:BE:12:3C,ALL,ip,34.202.50.135,604,379847,335,331341,269,48506
44:3D:54:BE:12:3C,ALL,ip,34.204.154.65,1937,168806,971,97734,966,71072
44:3D:54:BE:12:3C,ALL,ip,34.204.65.112,43,12681,24,4141,19,8540
44:3D:54:BE:12:3C,ALL,ip,34.205.190.56,260,168469,147,142567,113,25902
44:3D:54:BE:12:3C,ALL,ip,34.207.41.33,457,347553,273,304705,184,42848
44:3D:54:BE:12:3C,ALL,ip,34.224.178.233,199,148231,111,124015,88,24216
44:3D:54:BE:12:3C,ALL,ip,34.225.93.211,286,168653,175,142919,111,25734
44:3D:54:BE:12:3C,ALL,ip,34.226.185.99,378,214845,209,179051,169,35794
44:3D:54:BE:12:3C,ALL,ip,34.226.251.158,320,203169,196,176577,124,26592
44:3D:54:BE:12:3C,ALL,ip,34.228.118.105,203,164245,119,140293,84,23952
44:3D:54:BE:12:3C,ALL,ip,34.228.164.132,787,628071,462,551221,325,76850
44:3D:54:BE:12:3C,ALL,ip,34.228.49.219,652,474971,346,405579,306,69392
44:3D:54:BE:12:3C,ALL,ip,34.228.96.143,1042,800976,598,710252,444,90724
44:3D:54:BE:12:3C,ALL,ip,34.231.107.232,233,188757,132,163671,101,25086
44:3D:54:BE:12:3C,ALL,ip,34.231.114.140,46,18410,27,11020,19,7390
44:3D:54:BE:12:3C,ALL,ip,34.231.38.28,306,186750,168,159210,138,27540
44:3D:54:BE:12:3C,ALL,ip,34.232.149.254,431,354455,250,317845,181,36610
44:3D:54:BE:12:3C,ALL,ip,34.234.112.178,459,377324,261,333480,198,43844
44:3D:54:BE:12:3C,ALL,ip,34.236.118.167,146,85750,85,69452,61,16298
44:3D:54:BE:12:3C,ALL,ip,34.236.6.206,2,180,1,90,1,90
44:3D:54:BE:12:3C,ALL,ip,34.237.111.59,3193,1128832,1823,622216,1370,506616
44:3D:54:BE:12:3C,ALL,ip,34.238.34.237,26,8399,17,1938,9,6461
44:3D:54:BE:12:3C,ALL,ip,34.239.12.200,2,180,1,90,1,90
44:3D:54:BE:12:3C,ALL,ip,35.153.173.192,134,96814,82,87205,52,9609
44:3D:54:BE:12:3C,ALL,ip,35.153.21.233,2,180,1,90,1,90
44:3D:54:BE:12:3C,ALL,ip,35.153.219.142,1461,1008927,826,880933,635,127994
44:3D:54:BE:12:3C,ALL,ip,35.155.9.57,31,8829,17,2068,14,6761
44:3D:54:BE:12:3C,ALL,ip,35.161.96.40,34,9027,19,2200,15,6827
44:3D:54:BE:12:3C,ALL,ip,35.166.62.210,35,9057,20,2230,15,6827
44:3D:54:BE:12:3C,ALL,ip,35.167.225.196,73,18312,42,4592,31,13720
44:3D:54:BE:12:3C,ALL,ip,35.168.46.68,2,180,1,90,1,90
44:3D:54:BE:12:3C,ALL,ip,35.169.150.29,652,470732,361,408473,291,62259
44:3D:54:BE:12:3C,ALL,ip,35.169.2.127,378,294244,227,259698,151,34546
44:3D:54:BE:12:3C,ALL,ip,35.169.226.29,368,286523,224,252475,144,34048
44:3D:54:BE:12:3C,ALL,ip,35.169.32.158,261,185411,143,153031,118,32380
44:3D:54:BE:12:3C,ALL,ip,35.170.1.6,360,201001,196,165621,164,35380
44:3D:54:BE:12:3C,ALL,ip,35.171.231.196,207,140235,117,115863,90,24372
44:3D:54:BE:12:3C,ALL,ip,35.175.22.69,2,180,1,90,1,90
44:3D:54:BE:12:3C,ALL,ip,35.175.71.102,20713,3251408,7918,1773086,12795,1478322
44:3D:54:BE:12:3C,ALL,ip,44.193.130.254,856,597688,495,524714,361,72974
44:3D:54:BE:12:3C,ALL,ip,44.193.236.65,3089,1062040,1750,568170,1339,493870
44:3D:54:BE:12:3C,ALL,ip,44.194.19.5,220,193683,130,175471,90,18212
44:3D:54:BE:12:3C,ALL,ip,44.195.163.34,448,357443,251,319861,197,37582
44:3D:54:BE:12:3C,ALL,ip,44.195.76.253,810,579386,488,496750,322,82636
44:3D:54:BE:12:3C,ALL,ip,44.196.198.78,345,246976,203,212724,142,34252
44:3D:54:BE:12:3C,ALL,ip,44.196.44.189,110,78149,67,63039,43,15110
44:3D:54:BE:12:3C,ALL,ip,44.197.82.26,1173,834971,653,720787,520,114184
44:3D:54:BE:12:3C,ALL,ip,44.198.224.47,2578,900408,1468,490944,1110,409464
44:3D:54:BE:12:3C,ALL,ip,44.199.138.71,2684,937110,1542,514894,1142,422216
44:3D:54:BE:12:3C,ALL,ip,44.199.27.159,310,253431,182,220403,128,33028
44:3D:54:BE:12:3C,ALL,ip,44.199.52.214,3184,1100015,1809,592961,1375,507054
44:3D:54:BE:12:3C,ALL,ip,44.199.71.2,257,173368,143,141276,114,32092
44:3D:54:BE:12:3C,ALL,ip,44.199.80.228,21427,3481991,8363,1953004,13064,1528987
44:3D:54:BE:12:3C,ALL,ip,44.199.92.38,804,611263,447,538379,357,72884
44:3D:54:BE:12:3C,ALL,ip,44.205.112.183,512,368067,310,324055,202,44012
44:3D:54:BE:12:3C,ALL,ip,44.205.145.201,252,185360,151,160286,101,25074
44:3D:54:BE:12:3C,ALL,ip,44.207.231.45,208,160396,121,136234,87,24162
44:3D:54:BE:12:3C,ALL,ip,44.208.199.177,445,319842,247,276082,198,43760
44:3D:54:BE:12:3C,ALL,ip,44.209.222.118,234,151013,136,126137,98,24876
44:3D:54:BE:12:3C,ALL,ip,44.212.148.128,1033,777974,595,681426,438,96548
44:3D:54:BE:12:3C,ALL,ip,44.213.139.233,507,369940,299,325532,208,44408
44:3D:54:BE:12:3C,ALL,ip,44.213.201.140,20,2048,10,1096,10,952
44:3D:54:BE:12:3C,ALL,ip,44.214.113.218,314,207572,183,180506,131,27066
44:3D:54:BE:12:3C,ALL,ip,44.215.115.150,155,60531,94,14427,61,46104
44:3D:54:BE:12:3C,ALL,ip,44.215.115.210,110,31854,62,8224,48,23630
44:3D:54:BE:12:3C,ALL,ip,44.215.129.154,54,16896,31,5028,23,11868
44:3D:54:BE:12:3C,ALL,ip,44.215.129.169,69,27942,42,7008,27,20934
44:3D:54:BE:12:3C,ALL,ip,44.215.132.234,77,23484,44,6003,33,17481
44:3D:54:BE:12:3C,ALL,ip,44.215.132.72,28,9664,16,3659,12,6005
44:3D:54:BE:12:3C,ALL,ip,44.215.133.149,77,23508,43,5961,34,17547
44:3D:54:BE:12:3C,ALL,ip,44.215.133.95,94,34852,57,8411,37,26441
44:3D:54:BE:12:3C,ALL,ip,44.215.134.182,81,25356,45,7455,36,17901
44:3D:54:BE:12:3C,ALL,ip,44.215.138.245,55,16986,31,5052,24,11934
44:3D:54:BE:12:3C,ALL,ip,44.215.143.151,142,48452,82,18427,60,30025
44:3D:54:BE:12:3C,ALL,ip,44.216.161.108,802,588099,470,517039,332,71060
44:3D:54:BE:12:3C,ALL,ip,44.216.216.127,499,372588,307,335372,192,37216
44:3D:54:BE:12:3C,ALL,ip,44.216.29.233,1547,1180423,895,1042070,652,138353
44:3D:54:BE:12:3C,ALL,ip,44.216.33.195,1614,1199398,926,1055601,688,143797
44:3D:54:BE:12:3C,ALL,ip,44.216.82.69,119,75406,72,66168,47,9238
44:3D:54:BE:12:3C,ALL,ip,44.217.123.191,475,334489,273,296589,202,37900
44:3D:54:BE:12:3C,ALL,ip,44.217.53.210,10,979,5,503,5,476
44:3D:54:BE:12:3C,ALL,ip,44.217.96.177,231,176936,145,158988,86,17948
44:3D:54:BE:12:3C,ALL,ip,44.218.5.36,1001,637506,594,549224,407,88282
44:3D:54:BE:12:3C,ALL,ip,44.219.198.3,1937,168775,971,97702,966,71073
44:3D:54:BE:12:3C,ALL,ip,44.219.41.104,1032,94060,519,52853,513,41207
44:3D:54:BE:12:3C,ALL,ip,44.220.103.232,247,148342,139,122770,108,25572
44:3D:54:BE:12:3C,ALL,ip,44.220.107.242,889,638864,518,552934,371,85930
44:3D:54:BE:12:3C,ALL,ip,44.223.113.118,339,246811,203,219275,136,27536
44:3D:54:BE:12:3C,ALL,ip,44.225.45.107,37,9189,21,2296,16,6893
44:3D:54:BE:12:3C,ALL,ip,44.234.113.198,67,17928,38,4340,29,13588
44:3D:54:BE:12:3C,ALL,ip,44.240.184.205,106,27249,61,6768,45,20481
44:3D:54:BE:12:3C,ALL,ip,50.16.56.19,820,574672,478,502848,342,71824
44:3D:54:BE:12:3C,ALL,ip,50.19.71.105,215,145193,127,120977,88,24216
44:3D:54:BE:12:3C,ALL,ip,50.19.91.21,355,216406,205,181926,150,34480
44:3D:54:BE:12:3C,ALL,ip,52.0.163.48,159,91436,101,81431,58,10005
44:3D:54:BE:12:3C,ALL,ip,52.0.181.92,347,270750,202,242724,145,28026
44:3D:54:BE:12:3C,ALL,ip,52.1.45.226,169,123984,99,100956,70,23028
44:3D:54:BE:12:3C,ALL,ip,52.1.45.85,684,509130,380,433677,304,75453
44:3D:54:BE:12:3C,ALL,ip,52.119.196.31,110,32840,63,8438,47,24402
44:3D:54:BE:12:3C,ALL,ip,52.119.198.101,249,73995,142,19023,107,54972
44:3D:54:BE:12:3C,ALL,ip,52.119.198.106,109,32815,62,8384,47,24431
44:3D:54:BE:12:3C,ALL,ip,52.119.198.109,83,24657,47,6315,36,18342
44:3D:54:BE:12:3C,ALL,ip,52.119.198.118,84,24711,48,6369,36,18342
44:3D:54:BE:12:3C,ALL,ip,52.119.198.186,193,57550,109,14723,84,42827
44:3D:54:BE:12:3C,ALL,ip,52.119.198.189,82,24603,47,6315,35,18288
44:3D:54:BE:12:3C,ALL,ip,52.119.198.2,111,32918,63,8462,48,24456
44:3D:54:BE:12:3C,ALL,ip,52.20.1.144,290,224992,173,192726,117,32266
44:3D:54:BE:12:3C,ALL,ip,52.20.205.55,275,197966,165,172298,110,25668
44:3D:54:BE:12:3C,ALL,ip,52.20.206.121,3499,1199240,1999,641484,1500,557756
44:3D:54:BE:12:3C,ALL,ip,52.20.5.146,232,169560,137,144870,95,24690
44:3D:54:BE:12:3C,ALL,ip,52.20.74.52,276,166588,138,139024,138,27564
44:3D:54:BE:12:3C,ALL,ip,52.200.204.5,342,248082,184,212990,158,35092
44:3D:54:BE:12:3C,ALL,ip,52.201.181.91,316,196444,174,167598,142,28846
44:3D:54:BE:12:3C,ALL,ip,52.201.28.83,267,162843,147,142615,120,20228
44:3D:54:BE:12:3C,ALL,ip,52.202.2.34,1992,680824,1138,363048,854,317776
44:3D:54:BE:12:3C,ALL,ip,52.203.151.208,2,180,1,90,1,90
44:3D:54:BE:12:3C,ALL,ip,52.205.241.47,214,155179,131,131293,83,23886
44:3D:54:BE:12:3C,ALL,ip,52.206.134.223,642,447007,364,385611,278,61396
44:3D:54:BE:12:3C,ALL,ip,52.206.230.198,197,145580,114,121694,83,23886
44:3D:54:BE:12:3C,ALL,ip,52.21.164.219,297,239396,159,205278,138,34118
44:3D:54:BE:12:3C,ALL,ip,52.21.204.137,384,303870,229,269096,155,34774
44:3D:54:BE:12:3C,ALL,ip,52.217.11.12,32,8484,18,1782,14,6702
44:3D:54:BE:12:3C,ALL,ip,52.217.201.153,32,8484,19,1836,13,6648
44:3D:54:BE:12:3C,ALL,ip,52.217.96.4,34,8592,19,1836,15,6756
44:3D:54:BE:12:3C,ALL,ip,52.22.246.21,1498,1135177,867,1007438,631,127739
44:3D:54:BE:12:3C,ALL,ip,52.23.139.173,501,431247,309,381759,192,49488
44:3D:54:BE:12:3C,ALL,ip,52.3.112.115,1554,1073588,898,944142,656,129446
44:3D:54:BE:12:3C,ALL,ip,52.3.41.74,795,619657,451,547583,344,72074
44:3D:54:BE:12:3C,ALL,ip,52.37.30.201,37,9201,20,2242,17,6959
44:3D:54:BE:12:3C,ALL,ip,52.42.206.78,36,9123,21,2296,15,6827
44:3D:54:BE:12:3C,ALL,ip,52.44.67.109,1188,852115,706,734223,482,117892
44:3D:54:BE:12:3C,ALL,ip,52.46.128.145,27,12293,17,2376,10,9917
44:3D:54:BE:12:3C,ALL,ip,52.46.128.81,108,32732,62,8384,46,24348
44:3D:54:BE:12:3C,ALL,ip,52.46.131.168,25,12156,16,2322,9,9834
44:3D:54:BE:12:3C,ALL,ip,52.46.131.169,84,24711,48,6369,36,18342
44:3D:54:BE:12:3C,ALL,ip,52.46.131.184,28,8237,16,2123,12,6114
44:3D:54:BE:12:3C,ALL,ip,52.46.131.209,220,65728,125,16870,95,48858
44:3D:54:BE:12:3C,ALL,ip,52.46.137.138,28,12347,17,2376,11,9971
44:3D:54:BE:12:3C,ALL,ip,52.46.137.255,47,16441,29,3242,18,13199
44:3D:54:BE:12:3C,ALL,ip,52.46.137.51,100,40944,62,7940,38,33004
44:3D:54:BE:12:3C,ALL,ip,52.46.138.235,49,20389,30,3916,19,16473
44:3D:54:BE:12:3C,ALL,ip,52.46.141.207,52,20580,31,3970,21,16610
44:3D:54:BE:12:3C,ALL,ip,52.46.142.117,25,8316,15,1648,10,6668
44:3D:54:BE:12:3C,ALL,ip,52.46.142.156,51,24395,33,4698,18,19697
44:3D:54:BE:12:3C,ALL,ip,52.46.143.123,55,16444,31,4216,24,12228
44:3D:54:BE:12:3C,ALL,ip,52.46.144.254,50,20501,31,3970,19,16531
44:3D:54:BE:12:3C,ALL,ip,52.46.146.126,168,49422,96,12738,72,36684
44:3D:54:BE:12:3C,ALL,ip,52.46.147.136,46,16358,28,3188,18,13170
44:3D:54:BE:12:3C,ALL,ip,52.46.149.20,194,57551,110,14753,84,42798
44:3D:54:BE:12:3C,ALL,ip,52.46.149.29,141,41239,81,10669,60,30570
44:3D:54:BE:12:3C,ALL,ip,52.46.149.57,168,49422,96,12738,72,36684
44:3D:54:BE:12:3C,ALL,ip,52.46.155.112,251,74132,143,19077,108,55055
44:3D:54:BE:12:3C,ALL,ip,52.46.158.193,108,32744,60,8288,48,24456
44:3D:54:BE:12:3C,ALL,ip,52.54.229.10,20,2048,10,1096,10,952
44:3D:54:BE:12:3C,ALL,ip,52.7.225.8,24,8237,15,1776,9,6461
44:3D:54:BE:12:3C,ALL,ip,52.71.57.28,1105,776120,659,672852,446,103268
44:3D:54:BE:12:3C,ALL,ip,52.72.152.167,529,402797,296,350555,233,52242
44:3D:54:BE:12:3C,ALL,ip,52.94.225.206,72,32466,46,6238,26,26228
44:3D:54:BE:12:3C,ALL,ip,52.94.225.227,25,8316,15,1648,10,6668
44:3D:54:BE:12:3C,ALL,ip,52.94.231.169,166,49350,94,12654,72,36696
44:3D:54:BE:12:3C,ALL,ip,52.94.233.94,23,8179,14,1594,9,6585
44:3D:54:BE:12:3C,ALL,ip,52.94.239.41,23,8179,14,1594,9,6585
44:3D:54:BE:12:3C,ALL,ip,52.94.240.240,112,32960,63,8450,49,24510
44:3D:54:BE:12:3C,ALL,ip,52.94.241.146,138,41077,79,10561,59,30516
44:3D:54:BE:12:3C,ALL,ip,52.94.242.236,221,65734,126,16876,95,48858
44:3D:54:BE:12:3C,ALL,ip,54.144.126.135,173,137555,104,114581,69,22974
44:3D:54:BE:12:3C,ALL,ip,54.144.99.255,1057,96267,532,54331,525,41936
44:3D:54:BE:12:3C,ALL,ip,54.157.203.98,2763,951502,1549,508406,1214,443096
44:3D:54:BE:12:3C,ALL,ip,54.159.79.240,279,188269,166,162403,113,25866
44:3D:54:BE:12:3C,ALL,ip,54.160.100.127,125,91014,73,81438,52,9576
44:3D:54:BE:12:3C,ALL,ip,54.162.121.86,1455,1039795,865,920827,590,118968
44:3D:54:BE:12:3C,ALL,ip,54.162.170.142,329,193764,190,166170,139,27594
44:3D:54:BE:12:3C,ALL,ip,54.163.70.213,340,257885,203,224287,137,33598
44:3D:54:BE:12:3C,ALL,ip,54.164.163.115,2782,975965,1591,534639,1191,441326
44:3D:54:BE:12:3C,ALL,ip,54.166.21.152,1835,636390,1046,338960,789,297430
44:3D:54:BE:12:3C,ALL,ip,54.166.50.223,408,275512,249,240433,159,35079
44:3D:54:BE:12:3C,ALL,ip,54.167.174.133,183,123517,97,99361,86,24156
44:3D:54:BE:12:3C,ALL,ip,54.167.177.211,20617,3219990,7947,1754804,12670,1465186
44:3D:54:BE:12:3C,ALL,ip,54.175.196.143,226,177582,126,152538,100,25044
44:3D:54:BE:12:3C,ALL,ip,54.175.44.241,758,525785,422,460561,336,65224
44:3D:54:BE:12:3C,ALL,ip,54.197.149.136,233,180785,136,155975,97,24810
44:3D:54:BE:12:3C,ALL,ip,54.197.81.102,433,237497,267,200931,166,36566
44:3D:54:BE:12:3C,ALL,ip,54.204.39.235,5781,485995,2893,288102,2888,197893
44:3D:54:BE:12:3C,ALL,ip,54.205.24.65,1889,647902,1081,338554,808,309348
44:3D:54:BE:12:3C,ALL,ip,54.205.43.25,1074,97620,540,55090,534,42530
44:3D:54:BE:12:3C,ALL,ip,54.205.81.118,551,380739,328,323069,223,57670
44:3D:54:BE:12:3C,ALL,ip,54.208.91.66,47,16716,29,3794,18,12922
44:3D:54:BE:12:3C,ALL,ip,54.209.112.186,425,272165,237,228981,188,43184
44:3D:54:BE:12:3C,ALL,ip,54.209.202.223,477,323487,256,278173,221,45314
44:3D:54:BE:12:3C,ALL,ip,54.210.209.230,69,48883,39,40767,30,8116
44:3D:54:BE:12:3C,ALL,ip,54.221.200.137,3809,1335486,2191,732642,1618,602844
44:3D:54:BE:12:3C,ALL,ip,54.230.139.116,20,2694,10,1034,10,1660
44:3D:54:BE:12:3C,ALL,ip,54.230.139.132,10,1347,5,517,5,830
44:3D:54:BE:12:3C,ALL,ip,54.230.139.170,40,5388,20,2068,20,3320
44:3D:54:BE:12:3C,ALL,ip,54.230.253.33,49,17572,28,3892,21,13680
44:3D:54:BE:12:3C,ALL,ip,54.230.253.62,25,8819,14,1946,11,6873
44:3D:54:BE:12:3C,ALL,ip,54.234.8.127,280,191302,152,158214,128,33088
44:3D:54:BE:12:3C,ALL,ip,54.236.133.70,110,64198,65,48956,45,15242
44:3D:54:BE:12:3C,ALL,ip,54.236.71.251,391,282416,233,247444,158,34972
44:3D:54:BE:12:3C,ALL,ip,54.237.46.126,281,170903,148,143681,133,27222
44:3D:54:BE:12:3C,ALL,ip,54.239.27.82,90,25067,51,6551,39,18516
44:3D:54:BE:12:3C,ALL,ip,54.239.29.32,25,12156,16,2322,9,9834
44:3D:54:BE:12:3C,ALL,ip,54.242.128.35,2570,893836,1474,480084,1096,413752
44:3D:54:BE:12:3C,ALL,ip,54.242.226.203,90,86626,52,77982,38,8644
44:3D:54:BE:12:3C,ALL,ip,54.243.58.104,1844,597233,1057,289319,787,307914
44:3D:54:BE:12:3C,ALL,ip,54.80.147.137,709,515406,407,452185,302,63221
44:3D:54:BE:12:3C,ALL,ip,54.80.177.58,290,174070,178,148270,112,25800
44:3D:54:BE:12:3C,ALL,ip,54.80.3.6,256,175222,148,149674,108,25548
44:3D:54:BE:12:3C,ALL,ip,54.81.21.190,24,8236,15,1775,9,6461
44:3D:54:BE:12:3C,ALL,ip,54.81.226.6,715,429525,444,374823,271,54702
44:3D:54:BE:12:3C,ALL,ip,54.81.92.201,553,403898,316,345187,237,58711
44:3D:54:BE:12:3C,ALL,ip,54.82.121.64,238,162645,149,138363,89,24282
44:3D:54:BE:12:3C,ALL,ip,54.85.107.25,300,200659,176,174067,124,26592
44:3D:54:BE:12:3C,ALL,ip,54.85.158.232,258,202573,160,177697,98,24876
44:3D:54:BE:12:3C,ALL,ip,54.86.78.52,638,519777,358,458285,280,61492
44:3D:54:BE:12:3C,ALL,ip,54.89.15.5,779,593250,469,523702,310,69548
44:3D:54:BE:12:3C,ALL,ip,54.89.203.180,1434,966072,826,839944,608,126128
44:3D:54:BE:12:3C,ALL,ip,54.90.125.240,674,537884,381,475370,293,62514
44:3D:54:BE:12:3C,ALL,ip,54.91.103.251,3829,1361521,2192,762503,1637,599018
44:3D:54:BE:12:3C,ALL,ip,54.92.145.182,755,503920,444,440418,311,63502
44:3D:54:BE:12:3C,ALL,ip,65.8.191.191,20,2694,10,1034,10,1660
44:3D:54:BE:12:3C,ALL,ip,65.8.191.207,40,5388,20,2068,20,3320
44:3D:54:BE:12:3C,ALL,ip,65.8.191.67,20,2694,10,1034,10,1660
44:3D:54:BE:12:3C,ALL,ip,67.220.240.34,25,12156,16,2322,9,9834
44:3D:54:BE:12:3C,ALL,ip,67.220.240.35,25,8316,15,1648,10,6668
44:3D:54:BE:12:3C,ALL,ip,67.220.240.92,25,8316,15,1648,10,6668
44:3D:54:BE:12:3C,ALL,ip,72.21.207.143,139,41131,79,10561,60,30570
44:3D:54:BE:12:3C,ALL,ip,74.50.98.131,2,180,1,90,1,90
44:3D:54:BE:12:3C,ALL,ip,75.101.249.163,111,88303,65,79066,46,9237
44:3D:54:BE:12:3C,ALL,ip,99.84.216.152,166,201136,113,10263,53,190873
44:3D:54:BE:12:3C,ALL,tcp,100.24.128.152,395,246071,230,210625,165,35446
44:3D:54:BE:12:3C,ALL,tcp,107.20.21.94,913,668473,541,582561,372,85912
44:3D:54:BE:12:3C,ALL,tcp,107.20.50.205,51,20621,26,12823,25,7798
44:3D:54:BE:12:3C,ALL,tcp,107.21.191.216,918,598696,520,517108,398,81588
44:3D:54:BE:12:3C,ALL,tcp,107.22.135.244,220,180634,129,156056,91,24578
44:3D:54:BE:12:3C,ALL,tcp,107.22.211.205,518,391413,304,346597,214,44816
44:3D:54:BE:12:3C,ALL,tcp,107.23.106.67,354,277773,201,249255,153,28518
44:3D:54:BE:12:3C,ALL,tcp,108.138.105.27,235,78090,132,18641,103,59449
44:3D:54:BE:12:3C,ALL,tcp,108.138.123.164,126,41374,75,10519,51,30855
44:3D:54:BE:12:3C,ALL,tcp,108.138.125.14,620,83473,310,32054,310,51419
44:3D:54:BE:12:3C,ALL,tcp,108.138.125.193,480,64632,240,24816,240,39816
44:3D:54:BE:12:3C,ALL,tcp,108.138.125.194,411,55281,206,21275,205,34006
44:3D:54:BE:12:3C,ALL,tcp,108.138.125.198,532,71490,266,27467,266,44023
44:3D:54:BE:12:3C,ALL,tcp,108.138.61.102,80,10776,40,4136,40,6640
44:3D:54:BE:12:3C,ALL,tcp,108.138.61.174,40,5388,20,2068,20,3320
44:3D:54:BE:12:3C,ALL,tcp,108.138.61.34,90,12122,45,4653,45,7469
44:3D:54:BE:12:3C,ALL,tcp,108.138.61.8,90,12123,45,4653,45,7470
44:3D:54:BE:12:3C,ALL,tcp,108.138.63.186,780,266033,447,61078,333,204955
44:3D:54:BE:12:3C,ALL,tcp,108.138.78.184,11115,3673628,6322,889305,4793,2784323
44:3D:54:BE:12:3C,ALL,tcp,108.138.82.190,340,45797,170,17578,170,28219
44:3D:54:BE:12:3C,ALL,tcp,108.138.82.203,370,49843,185,19129,185,30714
44:3D:54:BE:12:3C,ALL,tcp,108.138.82.54,360,48491,180,18612,180,29879
44:3D:54:BE:12:3C,ALL,tcp,108.138.82.9,390,52531,195,20163,195,32368
44:3D:54:BE:12:3C,ALL,tcp,108.139.36.72,2817,933045,1590,222089,1227,710956
44:3D:54:BE:12:3C,ALL,tcp,108.139.45.164,1931,641981,1099,154697,832,487284
44:3D:54:BE:12:3C,ALL,tcp,108.156.155.183,86,28567,52,7677,34,20890
44:3D:54:BE:12:3C,ALL,tcp,108.159.224.221,10,1348,5,517,5,831
44:3D:54:BE:12:3C,ALL,tcp,13.224.208.139,20,2694,10,1034,10,1660
44:3D:54:BE:12:3C,ALL,tcp,13.224.208.151,10,1346,5,517,5,829
44:3D:54:BE:12:3C,ALL,tcp,13.224.208.198,20,2694,10,1034,10,1660
44:3D:54:BE:12:3C,ALL,tcp,13.224.208.72,30,4040,15,1551,15,2489
44:3D:54:BE:12:3C,ALL,tcp,13.224.212.81,66,21226,38,5339,28,15887
44:3D:54:BE:12:3C,ALL,tcp,13.225.205.137,31,9702,19,2679,12,7023
44:3D:54:BE:12:3C,ALL,tcp,13.225.63.76,23,8687,11,1748,12,6939
44:3D:54:BE:12:3C,ALL,tcp,13.225.66.127,180,24245,90,9306,90,14939
44:3D:54:BE:12:3C,ALL,tcp,13.225.66.162,171,22952,86,8843,85,14109
44:3D:54:BE:12:3C,ALL,tcp,13.225.66.219,90,12119,45,4653,45,7466
44:3D:54:BE:12:3C,ALL,tcp,13.225.66.84,220,29628,110,11374,110,18254
44:3D:54:BE:12:3C,ALL,tcp,13.226.23.120,10,1348,5,517,5,831
44:3D:54:BE:12:3C,ALL,tcp,13.249.39.10,48,17506,28,3892,20,13614
44:3D:54:BE:12:3C,ALL,tcp,13.249.39.25,23,8687,14,1946,9,6741
44:3D:54:BE:12:3C,ALL,tcp,13.249.39.48,24,8753,14,1946,10,6807
44:3D:54:BE:12:3C,ALL,tcp,13.32.193.79,31,9690,19,2668,12,7022
44:3D:54:BE:12:3C,ALL,tcp,13.32.207.48,108,60553,71,8104,37,52449
44:3D:54:BE:12:3C,ALL,tcp,13.32.207.83,104,60245,70,8040,34,52205
44:3D:54:BE:12:3C,ALL,tcp,13.32.247.187,35,11413,19,2552,16,8861
44:3D:54:BE:12:3C,ALL,tcp,13.33.19.135,10,1347,5,517,5,830
44:3D:54:BE:12:3C,ALL,tcp,13.33.19.180,10,1347,5,517,5,830
44:3D:54:BE:12:3C,ALL,tcp,13.35.99.41,2164,702853,1214,171092,950,531761
44:3D:54:BE:12:3C,ALL,tcp,174.129.20.177,243,146028,131,120192,112,25836
44:3D:54:BE:12:3C,ALL,tcp,176.32.98.108,122,42725,73,15418,49,27307
44:3D:54:BE:12:3C,ALL,tcp,18.154.230.100,1884,253500,942,97328,942,156172
44:3D:54:BE:12:3C,ALL,tcp,18.154.230.133,1780,239766,890,92026,890,147740
44:3D:54:BE:12:3C,ALL,tcp,18.154.230.19,1712,230469,856,88473,856,141996
44:3D:54:BE:12:3C,ALL,tcp,18.154.230.60,1460,196662,730,75482,730,121180
44:3D:54:BE:12:3C,ALL,tcp,18.154.234.237,367,121727,208,29332,159,92395
44:3D:54:BE:12:3C,ALL,tcp,18.155.8.122,20,2693,10,1034,10,1659
44:3D:54:BE:12:3C,ALL,tcp,18.155.8.212,10,1347,5,517,5,830
44:3D:54:BE:12:3C,ALL,tcp,18.155.8.5,10,1346,5,517,5,829
44:3D:54:BE:12:3C,ALL,tcp,18.155.9.2,30,9648,18,2625,12,7023
44:3D:54:BE:12:3C,ALL,tcp,18.160.0.14,10,1346,5,517,5,829
44:3D:54:BE:12:3C,ALL,tcp,18.160.0.171,10,1346,5,517,5,829
44:3D:54:BE:12:3C,ALL,tcp,18.160.0.62,30,4038,15,1551,15,2487
44:3D:54:BE:12:3C,ALL,tcp,18.160.1.36,9686,3184031,5454,762774,4232,2421257
44:3D:54:BE:12:3C,ALL,tcp,18.160.21.25,2736,902895,1568,220615,1168,682280
44:3D:54:BE:12:3C,ALL,tcp,18.160.228.120,66,20958,39,5408,27,15550
44:3D:54:BE:12:3C,ALL,tcp,18.160.30.54,102,33173,59,8191,43,24982
44:3D:54:BE:12:3C,ALL,tcp,18.160.37.104,90,12115,45,4653,45,7462
44:3D:54:BE:12:3C,ALL,tcp,18.160.37.110,100,13462,50,5170,50,8292
44:3D:54:BE:12:3C,ALL,tcp,18.160.37.111,70,9425,35,3619,35,5806
44:3D:54:BE:12:3C,ALL,tcp,18.160.37.68,60,8079,30,3102,30,4977
44:3D:54:BE:12:3C,ALL,tcp,18.160.45.108,40,5388,20,2068,20,3320
44:3D:54:BE:12:3C,ALL,tcp,18.160.45.16,50,6734,25,2585,25,4149
44:3D:54:BE:12:3C,ALL,tcp,18.160.45.164,50,6735,25,2585,25,4150
44:3D:54:BE:12:3C,ALL,tcp,18.160.45.68,50,6735,25,2585,25,4150
44:3D:54:BE:12:3C,ALL,tcp,18.160.54.214,6249,2039902,3505,493630,2744,1546272
44:3D:54:BE:12:3C,ALL,tcp,18.160.85.205,70,22121,38,5280,32,16841
44:3D:54:BE:12:3C,ALL,tcp,18.161.39.70,70,23551,38,5292,32,18259
44:3D:54:BE:12:3C,ALL,tcp,18.164.113.65,170,55622,95,13164,75,42458
44:3D:54:BE:12:3C,ALL,tcp,18.164.115.92,10,1347,5,517,5,830
44:3D:54:BE:12:3C,ALL,tcp,18.164.127.194,1011,334997,579,81175,432,253822
44:3D:54:BE:12:3C,ALL,tcp,18.164.131.162,90,12123,45,4653,45,7470
44:3D:54:BE:12:3C,ALL,tcp,18.164.131.179,140,18858,70,7238,70,11620
44:3D:54:BE:12:3C,ALL,tcp,18.164.131.217,140,18857,70,7238,70,11619
44:3D:54:BE:12:3C,ALL,tcp,18.164.131.9,130,17511,65,6721,65,10790
44:3D:54:BE:12:3C,ALL,tcp,18.164.92.70,765,248345,427,59610,338,188735
44:3D:54:BE:12:3C,ALL,tcp,18.165.108.98,36,11227,20,2808,16,8419
44:3D:54:BE:12:3C,ALL,tcp,18.165.113.169,10,1347,5,517,5,830
44:3D:54:BE:12:3C,ALL,tcp,18.165.113.7,10,1347,5,517,5,830
44:3D:54:BE:12:3C,ALL,tcp,18.165.18.164,107,35234,61,8571,46,26663
44:3D:54:BE:12:3C,ALL,tcp,18.165.80.32,10,1343,5,517,5,826
44:3D:54:BE:12:3C,ALL,tcp,18.165.84.92,137,45228,79,11063,58,34165
44:3D:54:BE:12:3C,ALL,tcp,18.165.94.127,10,1346,5,517,5,829
44:3D:54:BE:12:3C,ALL,tcp,18.165.94.2,30,4038,15,1551,15,2487
44:3D:54:BE:12:3C,ALL,tcp,18.165.99.164,2939,963300,1669,235400,1270,727900
44:3D:54:BE:12:3C,ALL,tcp,18.172.136.119,28,9483,18,2615,10,6868
44:3D:54:BE:12:3C,ALL,tcp,18.173.130.120,35,20094,23,2655,12,17439
44:3D:54:BE:12:3C,ALL,tcp,18.173.130.32,35,20099,23,2659,12,17440
44:3D:54:BE:12:3C,ALL,tcp,18.173.139.97,2645,866683,1521,213358,1124,653325
44:3D:54:BE:12:3C,ALL,tcp,18.204.113.0,556,461078,315,402010,241,59068
44:3D:54:BE:12:3C,ALL,tcp,18.207.37.248,96,86257,57,77506,39,8751
44:3D:54:BE:12:3C,ALL,tcp,18.207.46.96,499,329671,302,285965,197,43706
44:3D:54:BE:12:3C,ALL,tcp,18.208.13.36,667,504156,378,435922,289,68234
44:3D:54:BE:12:3C,ALL,tcp,18.210.100.254,456,308026,237,256636,219,51390
44:3D:54:BE:12:3C,ALL,tcp,18.210.124.191,742,470471,411,405613,331,64858
44:3D:54:BE:12:3C,ALL,tcp,18.210.241.155,277,184025,163,151945,114,32080
44:3D:54:BE:12:3C,ALL,tcp,18.211.43.146,503,338825,273,286733,230,52092
44:3D:54:BE:12:3C,ALL,tcp,18.213.102.161,96,86094,53,77067,43,9027
44:3D:54:BE:12:3C,ALL,tcp,18.213.144.187,356,252781,208,218421,148,34360
44:3D:54:BE:12:3C,ALL,tcp,18.213.147.77,477,303079,266,252277,211,50802
44:3D:54:BE:12:3C,ALL,tcp,18.213.210.140,213,156350,122,131912,91,24438
44:3D:54:BE:12:3C,ALL,tcp,18.213.6.240,588,466623,337,413181,251,53442
44:3D:54:BE:12:3C,ALL,tcp,18.214.151.92,35,9755,20,3466,15,6289
44:3D:54:BE:12:3C,ALL,tcp,18.214.180.6,2181,739999,1233,383967,948,356032
44:3D:54:BE:12:3C,ALL,tcp,18.214.56.102,175,127126,103,103966,72,23160
44:3D:54:BE:12:3C,ALL,tcp,18.232.203.3,20,1958,10,1006,10,952
44:3D:54:BE:12:3C,ALL,tcp,18.235.213.184,594,519398,349,460012,245,59386
44:3D:54:BE:12:3C,ALL,tcp,18.235.79.204,838,577744,489,493314,349,84430
44:3D:54:BE:12:3C,ALL,tcp,18.238.59.123,10,1346,5,517,5,829
44:3D:54:BE:12:3C,ALL,tcp,18.238.63.137,209,68070,115,16336,94,51734
44:3D:54:BE:12:3C,ALL,tcp,18.238.72.167,63,20704,37,5450,26,15254
44:3D:54:BE:12:3C,ALL,tcp,18.238.79.113,50,6735,25,2585,25,4150
44:3D:54:BE:12:3C,ALL,tcp,18.238.79.128,40,5388,20,2068,20,3320
44:3D:54:BE:12:3C,ALL,tcp,18.238.79.207,50,6735,25,2585,25,4150
44:3D:54:BE:12:3C,ALL,tcp,18.238.79.58,10,1347,5,517,5,830
44:3D:54:BE:12:3C,ALL,tcp,18.238.8.47,244,81180,137,19240,107,61940
44:3D:54:BE:12:3C,ALL,tcp,18.244.194.107,376,122589,207,29090,169,93499
44:3D:54:BE:12:3C,ALL,tcp,18.64.153.176,345,111087,190,27340,155,83747
44:3D:54:BE:12:3C,ALL,tcp,18.67.77.136,10868,3585282,6161,862478,4707,2722804
44:3D:54:BE:12:3C,ALL,tcp,184.73.108.181,631,438249,358,383367,273,54882
44:3D:54:BE:12:3C,ALL,tcp,184.73.225.215,543,317748,300,264846,243,52902
44:3D:54:BE:12:3C,ALL,tcp,192.168.1.102,15,3972,8,641,7,3331
44:3D:54:BE:12:3C,ALL,tcp,192.168.1.106,5301,810815,2651,221031,2650,589784
44:3D:54:BE:12:3C,ALL,tcp,209.54.177.114,166,49338,94,12654,72,36684
44:3D:54:BE:12:3C,ALL,tcp,209.54.177.117,79,24441,43,6099,36,18342
44:3D:54:BE:12:3C,ALL,tcp,209.54.177.153,84,24711,48,6369,36,18342
44:3D:54:BE:12:3C,ALL,tcp,209.54.177.154,354,106565,200,27191,154,79374
44:3D:54:BE:12:3C,ALL,tcp,209.54.177.157,143,41376,81,10669,62,30707
44:3D:54:BE:12:3C,ALL,tcp,209.54.178.134,140,41185,80,10615,60,30570
44:3D:54:BE:12:3C,ALL,tcp,209.54.178.164,111,32894,63,8438,48,24456
44:3D:54:BE:12:3C,ALL,tcp,209.54.178.166,26,8129,15,2069,11,6060
44:3D:54:BE:12:3C,ALL,tcp,209.54.179.225,24,12102,16,2322,8,9780
44:3D:54:BE:12:3C,ALL,tcp,209.54.179.226,25,8316,15,1648,10,6668
44:3D:54:BE:12:3C,ALL,tcp,209.54.179.227,76,32711,47,6292,29,26419
44:3D:54:BE:12:3C,ALL,tcp,209.54.179.230,27,8424,15,1648,12,6776
44:3D:54:BE:12:3C,ALL,tcp,209.54.179.231,45,16304,28,3188,17,13116
44:3D:54:BE:12:3C,ALL,tcp,209.54.179.232,52,24420,32,4644,20,19776
44:3D:54:BE:12:3C,ALL,tcp,209.54.179.233,48,20335,30,3916,18,16419
44:3D:54:BE:12:3C,ALL,tcp,209.54.179.88,220,65704,125,16846,95,48858
44:3D:54:BE:12:3C,ALL,tcp,209.54.179.93,169,49476,97,12792,72,36684
44:3D:54:BE:12:3C,ALL,tcp,209.54.180.2,25,12156,16,2322,9,9834
44:3D:54:BE:12:3C,ALL,tcp,209.54.180.25,201,57961,115,15043,86,42918
44:3D:54:BE:12:3C,ALL,tcp,209.54.180.27,84,24735,47,6339,37,18396
44:3D:54:BE:12:3C,ALL,tcp,209.54.180.44,82,24603,47,6315,35,18288
44:3D:54:BE:12:3C,ALL,tcp,209.54.181.4,247,73892,139,18837,108,55055
44:3D:54:BE:12:3C,ALL,tcp,209.54.181.98,168,49422,96,12738,72,36684
44:3D:54:BE:12:3C,ALL,tcp,209.54.183.176,51,20555,32,4024,19,16531
44:3D:54:BE:12:3C,ALL,tcp,209.54.183.178,50,20472,31,3970,19,16502
44:3D:54:BE:12:3C,ALL,tcp,209.54.183.179,48,20335,30,3916,18,16419
44:3D:54:BE:12:3C,ALL,tcp,209.54.183.185,25,12156,16,2322,9,9834
44:3D:54:BE:12:3C,ALL,tcp,209.54.183.188,28,12347,17,2376,11,9971
44:3D:54:BE:12:3C,ALL,tcp,209.54.183.194,28,12347,17,2376,11,9971
44:3D:54:BE:12:3C,ALL,tcp,209.54.183.200,23,8179,14,1594,9,6585
44:3D:54:BE:12:3C,ALL,tcp,23.20.129.183,139,92461,85,82761,54,9700
44:3D:54:BE:12:3C,ALL,tcp,23.21.139.192,1033,768328,602,672230,431,96098
44:3D:54:BE:12:3C,ALL,tcp,3.161.149.183,175,58466,95,13218,80,45248
44:3D:54:BE:12:3C,ALL,tcp,3.161.173.196,70,22974,37,5184,33,17790
44:3D:54:BE:12:3C,ALL,tcp,3.162.110.52,12217,4036799,6918,975270,5299,3061529
44:3D:54:BE:12:3C,ALL,tcp,3.162.115.113,20,2694,10,1034,10,1660
44:3D:54:BE:12:3C,ALL,tcp,3.162.115.198,40,5388,20,2068,20,3320
44:3D:54:BE:12:3C,ALL,tcp,3.162.115.79,10,1347,5,517,5,830
44:3D:54:BE:12:3C,ALL,tcp,3.162.126.195,12913,4268798,7334,1034585,5579,3234213
44:3D:54:BE:12:3C,ALL,tcp,3.162.130.150,2374,319451,1187,122661,1187,196790
44:3D:54:BE:12:3C,ALL,tcp,3.162.130.154,2640,355558,1320,136488,1320,219070
44:3D:54:BE:12:3C,ALL,tcp,3.162.130.174,36,20185,24,2725,12,17460
44:3D:54:BE:12:3C,ALL,tcp,3.162.130.209,2562,344923,1281,132418,1281,212505
44:3D:54:BE:12:3C,ALL,tcp,3.162.130.28,34,20075,23,2680,11,17395
44:3D:54:BE:12:3C,ALL,tcp,3.162.130.77,36,20189,23,2662,13,17527
44:3D:54:BE:12:3C,ALL,tcp,3.162.130.91,2300,309303,1151,118976,1149,190327
44:3D:54:BE:12:3C,ALL,tcp,3.162.153.124,35,11157,19,2738,16,8419
44:3D:54:BE:12:3C,ALL,tcp,3.162.159.115,20,2696,10,1034,10,1662
44:3D:54:BE:12:3C,ALL,tcp,3.162.93.101,40,5388,20,2068,20,3320
44:3D:54:BE:12:3C,ALL,tcp,3.162.93.102,20,2694,10,1034,10,1660
44:3D:54:BE:12:3C,ALL,tcp,3.162.93.112,36,20187,24,2726,12,17461
44:3D:54:BE:12:3C,ALL,tcp,3.162.93.159,50,6735,25,2585,25,4150
44:3D:54:BE:12:3C,ALL,tcp,3.162.93.201,50,6735,25,2585,25,4150
44:3D:54:BE:12:3C,ALL,tcp,3.162.93.76,70,40217,45,5252,25,34965
44:3D:54:BE:12:3C,ALL,tcp,3.162.93.99,69,40180,45,5256,24,34924
44:3D:54:BE:12:3C,ALL,tcp,3.162.97.56,35,10960,19,2536,16,8424
44:3D:54:BE:12:3C,ALL,tcp,3.163.100.41,346,114084,200,27098,146,86986
44:3D:54:BE:12:3C,ALL,tcp,3.163.109.121,10,1347,5,517,5,830
44:3D:54:BE:12:3C,ALL,tcp,3.163.109.56,10,1347,5,517,5,830
44:3D:54:BE:12:3C,ALL,tcp,3.163.78.143,80,10775,40,4136,40,6639
44:3D:54:BE:12:3C,ALL,tcp,3.163.78.146,40,5387,20,2068,20,3319
44:3D:54:BE:12:3C,ALL,tcp,3.163.78.59,110,14815,55,5687,55,9128
44:3D:54:BE:12:3C,ALL,tcp,3.163.78.96,80,10776,40,4136,40,6640
44:3D:54:BE:12:3C,ALL,tcp,3.163.86.101,315,104924,171,23616,144,81308
44:3D:54:BE:12:3C,ALL,tcp,3.208.32.41,506,339760,287,294614,219,45146
44:3D:54:BE:12:3C,ALL,tcp,3.209.154.229,263,160289,158,134951,105,25338
44:3D:54:BE:12:3C,ALL,tcp,3.209.242.181,167,107091,87,89515,80,17576
44:3D:54:BE:12:3C,ALL,tcp,3.210.188.120,243,205960,148,175146,95,30814
44:3D:54:BE:12:3C,ALL,tcp,3.210.80.155,102,92949,59,83975,43,8974
44:3D:54:BE:12:3C,ALL,tcp,3.211.59.144,365,260042,210,225196,155,34846
44:3D:54:BE:12:3C,ALL,tcp,3.211.61.218,598,444996,350,379528,248,65468
44:3D:54:BE:12:3C,ALL,tcp,3.211.75.184,594,411923,351,359033,243,52890
44:3D:54:BE:12:3C,ALL,tcp,3.212.182.16,230,158641,137,134095,93,24546
44:3D:54:BE:12:3C,ALL,tcp,3.212.188.32,70,24559,43,5176,27,19383
44:3D:54:BE:12:3C,ALL,tcp,3.212.23.64,545,435568,314,383446,231,52122
44:3D:54:BE:12:3C,ALL,tcp,3.213.239.129,281,159580,162,133306,119,26274
44:3D:54:BE:12:3C,ALL,tcp,3.214.173.238,2437,1702663,1435,1499937,1002,202726
44:3D:54:BE:12:3C,ALL,tcp,3.214.211.93,343,232213,184,197151,159,35062
44:3D:54:BE:12:3C,ALL,tcp,3.214.26.49,588,411802,359,359872,229,51930
44:3D:54:BE:12:3C,ALL,tcp,3.215.164.15,537,415189,324,358179,213,57010
44:3D:54:BE:12:3C,ALL,tcp,3.215.166.115,756,465640,446,396080,310,69560
44:3D:54:BE:12:3C,ALL,tcp,3.217.103.253,639,450036,375,395610,264,54426
44:3D:54:BE:12:3C,ALL,tcp,3.217.147.217,29080,4763508,11322,2641421,17758,2122087
44:3D:54:BE:12:3C,ALL,tcp,3.217.154.144,168,99293,107,89131,61,10162
44:3D:54:BE:12:3C,ALL,tcp,3.217.94.129,271,177965,146,151271,125,26694
44:3D:54:BE:12:3C,ALL,tcp,3.218.173.170,519,397428,295,345768,224,51660
44:3D:54:BE:12:3C,ALL,tcp,3.218.176.128,1955,179310,983,100554,972,78756
44:3D:54:BE:12:3C,ALL,tcp,3.219.90.59,94,90550,59,82104,35,8446
44:3D:54:BE:12:3C,ALL,tcp,3.219.95.253,502,352400,283,301082,219,51318
44:3D:54:BE:12:3C,ALL,tcp,3.219.98.220,385,245545,237,211233,148,34312
44:3D:54:BE:12:3C,ALL,tcp,3.220.150.94,30,3027,15,1599,15,1428
44:3D:54:BE:12:3C,ALL,tcp,3.220.177.180,56,19060,35,11538,21,7522
44:3D:54:BE:12:3C,ALL,tcp,3.220.207.79,1141,841569,642,740509,499,101060
44:3D:54:BE:12:3C,ALL,tcp,3.221.104.222,272,208528,156,176247,116,32281
44:3D:54:BE:12:3C,ALL,tcp,3.221.148.22,313,189679,180,156285,133,33394
44:3D:54:BE:12:3C,ALL,tcp,3.222.100.181,461,327404,272,284007,189,43397
44:3D:54:BE:12:3C,ALL,tcp,3.223.181.245,3088,578972,1237,341106,1851,237866
44:3D:54:BE:12:3C,ALL,tcp,3.223.20.153,415,271970,236,229356,179,42614
44:3D:54:BE:12:3C,ALL,tcp,3.224.18.176,260,165184,152,139636,108,25548
44:3D:54:BE:12:3C,ALL,tcp,3.225.113.208,654,455840,350,398816,304,57024
44:3D:54:BE:12:3C,ALL,tcp,3.225.3.168,324,274122,186,240470,138,33652
44:3D:54:BE:12:3C,ALL,tcp,3.226.190.171,20,2048,10,1096,10,952
44:3D:54:BE:12:3C,ALL,tcp,3.226.228.123,36,3349,19,1781,17,1568
44:3D:54:BE:12:3C,ALL,tcp,3.227.120.38,354,269639,200,228783,154,40856
44:3D:54:BE:12:3C,ALL,tcp,3.227.83.236,3652,1256982,2108,680242,1544,576740
44:3D:54:BE:12:3C,ALL,tcp,3.229.114.62,728,542541,418,479045,310,63496
44:3D:54:BE:12:3C,ALL,tcp,3.229.29.108,283,224792,162,191184,121,33608
44:3D:54:BE:12:3C,ALL,tcp,3.230.114.203,201,150755,111,126407,90,24348
44:3D:54:BE:12:3C,ALL,tcp,3.230.56.199,205,146167,119,122083,86,24084
44:3D:54:BE:12:3C,ALL,tcp,3.232.142.13,87,90279,52,81792,35,8487
44:3D:54:BE:12:3C,ALL,tcp,3.234.19.147,304,164263,183,137869,121,26394
44:3D:54:BE:12:3C,ALL,tcp,3.234.204.69,263,157948,159,132676,104,25272
44:3D:54:BE:12:3C,ALL,tcp,3.81.193.21,324,268365,177,240195,147,28170
44:3D:54:BE:12:3C,ALL,tcp,3.86.119.203,93,88212,50,79197,43,9015
44:3D:54:BE:12:3C,ALL,tcp,3.86.168.49,483,375494,281,325274,202,50220
44:3D:54:BE:12:3C,ALL,tcp,3.88.98.46,1018,725193,583,634853,435,90340
44:3D:54:BE:12:3C,ALL,tcp,3.90.127.177,737,579451,431,510119,306,69332
44:3D:54:BE:12:3C,ALL,tcp,3.93.132.58,758,604390,447,534752,311,69638
44:3D:54:BE:12:3C,ALL,tcp,3.95.50.26,208,163561,124,145745,84,17816
44:3D:54:BE:12:3C,ALL,tcp,34.192.142.2,319,162603,174,134601,145,28002
44:3D:54:BE:12:3C,ALL,tcp,34.193.13.223,683,474204,383,411344,300,62860
44:3D:54:BE:12:3C,ALL,tcp,34.193.63.162,509,363713,278,317330,231,46383
44:3D:54:BE:12:3C,ALL,tcp,34.194.134.60,48,16473,30,3551,18,12922
44:3D:54:BE:12:3C,ALL,tcp,34.195.175.66,2583,878150,1479,463750,1104,414400
44:3D:54:BE:12:3C,ALL,tcp,34.196.10.205,883,81855,444,45563,439,36292
44:3D:54:BE:12:3C,ALL,tcp,34.196.248.144,821,597585,485,520089,336,77496
44:3D:54:BE:12:3C,ALL,tcp,34.198.70.174,237,172040,143,147428,94,24612
44:3D:54:BE:12:3C,ALL,tcp,34.199.210.34,882,701475,504,615071,378,86404
44:3D:54:BE:12:3C,ALL,tcp,34.200.148.103,532,345370,310,293890,222,51480
44:3D:54:BE:12:3C,ALL,tcp,34.202.199.218,261,172163,149,146351,112,25812
44:3D:54:BE:12:3C,ALL,tcp,34.202.218.81,638,504254,368,443434,270,60820
44:3D:54:BE:12:3C,ALL,tcp,34.202.50.135,604,379847,335,331341,269,48506
44:3D:54:BE:12:3C,ALL,tcp,34.204.154.65,1937,168806,971,97734,966,71072
44:3D:54:BE:12:3C,ALL,tcp,34.204.65.112,43,12681,24,4141,19,8540
44:3D:54:BE:12:3C,ALL,tcp,34.205.190.56,260,168469,147,142567,113,25902
44:3D:54:BE:12:3C,ALL,tcp,34.207.41.33,457,347553,273,304705,184,42848
44:3D:54:BE:12:3C,ALL,tcp,34.224.178.233,199,148231,111,124015,88,24216
44:3D:54:BE:12:3C,ALL,tcp,34.225.93.211,286,168653,175,142919,111,25734
44:3D:54:BE:12:3C,ALL,tcp,34.226.185.99,378,214845,209,179051,169,35794
44:3D:54:BE:12:3C,ALL,tcp,34.226.251.158,320,203169,196,176577,124,26592
44:3D:54:BE:12:3C,ALL,tcp,34.228.118.105,203,164245,119,140293,84,23952
44:3D:54:BE:12:3C,ALL,tcp,34.228.164.132,787,628071,462,551221,325,76850
44:3D:54:BE:12:3C,ALL,tcp,34.228.49.219,652,474971,346,405579,306,69392
44:3D:54:BE:12:3C,ALL,tcp,34.228.96.143,1042,800976,598,710252,444,90724
44:3D:54:BE:12:3C,ALL,tcp,34.231.107.232,233,188757,132,163671,101,25086
44:3D:54:BE:12:3C,ALL,tcp,34.231.114.140,46,18410,27,11020,19,7390
44:3D:54:BE:12:3C,ALL,tcp,34.231.38.28,306,186750,168,159210,138,27540
44:3D:54:BE:12:3C,ALL,tcp,34.232.149.254,431,354455,250,317845,181,36610
44:3D:54:BE:12:3C,ALL,tcp,34.234.112.178,459,377324,261,333480,198,43844
44:3D:54:BE:12:3C,ALL,tcp,34.236.118.167,146,85750,85,69452,61,16298
44:3D:54:BE:12:3C,ALL,tcp,34.237.111.59,3193,1128832,1823,622216,1370,506616
44:3D:54:BE:12:3C,ALL,tcp,34.238.34.237,26,8399,17,1938,9,6461
44:3D:54:BE:12:3C,ALL,tcp,35.153.173.192,134,96814,82,87205,52,9609
44:3D:54:BE:12:3C,ALL,tcp,35.153.219.142,1461,1008927,826,880933,635,127994
44:3D:54:BE:12:3C,ALL,tcp,35.155.9.57,31,8829,17,2068,14,6761
44:3D:54:BE:12:3C,ALL,tcp,35.161.96.40,34,9027,19,2200,15,6827
44:3D:54:BE:12:3C,ALL,tcp,35.166.62.210,35,9057,20,2230,15,6827
44:3D:54:BE:12:3C,ALL,tcp,35.167.225.196,73,18312,42,4592,31,13720
44:3D:54:BE:12:3C,ALL,tcp,35.169.150.29,652,470732,361,408473,291,62259
44:3D:54:BE:12:3C,ALL,tcp,35.169.2.127,378,294244,227,259698,151,34546
44:3D:54:BE:12:3C,ALL,tcp,35.169.226.29,368,286523,224,252475,144,34048
44:3D:54:BE:12:3C,ALL,tcp,35.169.32.158,261,185411,143,153031,118,32380
44:3D:54:BE:12:3C,ALL,tcp,35.170.1.6,360,201001,196,165621,164,35380
44:3D:54:BE:12:3C,ALL,tcp,35.171.231.196,207,140235,117,115863,90,24372
44:3D:54:BE:12:3C,ALL,tcp,35.175.71.102,20713,3251408,7918,1773086,12795,1478322
44:3D:54:BE:12:3C,ALL,tcp,44.193.130.254,856,597688,495,524714,361,72974
44:3D:54:BE:12:3C,ALL,tcp,44.193.236.65,3089,1062040,1750,568170,1339,493870
44:3D:54:BE:12:3C,ALL,tcp,44.194.19.5,220,193683,130,175471,90,18212
44:3D:54:BE:12:3C,ALL,tcp,44.195.163.34,448,357443,251,319861,197,37582
44:3D:54:BE:12:3C,ALL,tcp,44.195.76.253,810,579386,488,496750,322,82636
44:3D:54:BE:12:3C,ALL,tcp,44.196.198.78,345,246976,203,212724,142,34252
44:3D:54:BE:12:3C,ALL,tcp,44.196.44.189,110,78149,67,63039,43,15110
44:3D:54:BE:12:3C,ALL,tcp,44.197.82.26,1173,834971,653,720787,520,114184
44:3D:54:BE:12:3C,ALL,tcp,44.198.224.47,2578,900408,1468,490944,1110,409464
44:3D:54:BE:12:3C,ALL,tcp,44.199.138.71,2684,937110,1542,514894,1142,422216
44:3D:54:BE:12:3C,ALL,tcp,44.199.27.159,310,253431,182,220403,128,33028
44:3D:54:BE:12:3C,ALL,tcp,44.199.52.214,3184,1100015,1809,592961,1375,507054
44:3D:54:BE:12:3C,ALL,tcp,44.199.71.2,257,173368,143,141276,114,32092
44:3D:54:BE:12:3C,ALL,tcp,44.199.80.228,21427,3481991,8363,1953004,13064,1528987
44:3D:54:BE:12:3C,ALL,tcp,44.199.92.38,804,611263,447,538379,357,72884
44:3D:54:BE:12:3C,ALL,tcp,44.205.112.183,512,368067,310,324055,202,44012
44:3D:54:BE:12:3C,ALL,tcp,44.205.145.201,252,185360,151,160286,101,25074
44:3D:54:BE:12:3C,ALL,tcp,44.207.231.45,208,160396,121,136234,87,24162
44:3D:54:BE:12:3C,ALL,tcp,44.208.199.177,445,319842,247,276082,198,43760
44:3D:54:BE:12:3C,ALL,tcp,44.209.222.118,234,151013,136,126137,98,24876
44:3D:54:BE:12:3C,ALL,tcp,44.212.148.128,1033,777974,595,681426,438,96548
44:3D:54:BE:12:3C,ALL,tcp,44.213.139.233,507,369940,299,325532,208,44408
44:3D:54:BE:12:3C,ALL,tcp,44.213.201.140,20,2048,10,1096,10,952
44:3D:54:BE:12:3C,ALL,tcp,44.214.113.218,314,207572,183,180506,131,27066
44:3D:54:BE:12:3C,ALL,tcp,44.215.115.150,155,60531,94,14427,61,46104
44:3D:54:BE:12:3C,ALL,tcp,44.215.115.210,110,31854,62,8224,48,23630
44:3D:54:BE:12:3C,ALL,tcp,44.215.129.154,54,16896,31,5028,23,11868
44:3D:54:BE:12:3C,ALL,tcp,44.215.129.169,69,27942,42,7008,27,20934
44:3D:54:BE:12:3C,ALL,tcp,44.215.132.234,77,23484,44,6003,33,17481
44:3D:54:BE:12:3C,ALL,tcp,44.215.132.72,28,9664,16,3659,12,6005
44:3D:54:BE:12:3C,ALL,tcp,44.215.133.149,77,23508,43,5961,34,17547
44:3D:54:BE:12:3C,ALL,tcp,44.215.133.95,94,34852,57,8411,37,26441
44:3D:54:BE:12:3C,ALL,tcp,44.215.134.182,81,25356,45,7455,36,17901
44:3D:54:BE:12:3C,ALL,tcp,44.215.138.245,55,16986,31,5052,24,11934
44:3D:54:BE:12:3C,ALL,tcp,44.215.143.151,142,48452,82,18427,60,30025
44:3D:54:BE:12:3C,ALL,tcp,44.216.161.108,802,588099,470,517039,332,71060
44:3D:54:BE:12:3C,ALL,tcp,44.216.216.127,499,372588,307,335372,192,37216
44:3D:54:BE:12:3C,ALL,tcp,44.216.29.233,1547,1180423,895,1042070,652,138353
44:3D:54:BE:12:3C,ALL,tcp,44.216.33.195,1614,1199398,926,1055601,688,143797
44:3D:54:BE:12:3C,ALL,tcp,44.216.82.69,119,75406,72,66168,47,9238
44:3D:54:BE:12:3C,ALL,tcp,44.217.123.191,475,334489,273,296589,202,37900
44:3D:54:BE:12:3C,ALL,tcp,44.217.53.210,10,979,5,503,5,476
44:3D:54:BE:12:3C,ALL,tcp,44.217.96.177,231,176936,145,158988,86,17948
44:3D:54:BE:12:3C,ALL,tcp,44.218.5.36,1001,637506,594,549224,407,88282
44:3D:54:BE:12:3C,ALL,tcp,44.219.198.3,1937,168775,971,97702,966,71073
44:3D:54:BE:12:3C,ALL,tcp,44.219.41.104,1032,94060,519,52853,513,41207
44:3D:54:BE:12:3C,ALL,tcp,44.220.103.232,247,148342,139,122770,108,25572
44:3D:54:BE:12:3C,ALL,tcp,44.220.107.242,889,638864,518,552934,371,85930
44:3D:54:BE:12:3C,ALL,tcp,44.223.113.118,339,246811,203,219275,136,27536
44:3D:54:BE:12:3C,ALL,tcp,44.225.45.107,37,9189,21,2296,16,6893
44:3D:54:BE:12:3C,ALL,tcp,44.234.113.198,67,17928,38,4340,29,13588
44:3D:54:BE:12:3C,ALL,tcp,44.240.184.205,106,27249,61,6768,45,20481
44:3D:54:BE:12:3C,ALL,tcp,50.16.56.19,820,574672,478,502848,342,71824
44:3D:54:BE:12:3C,ALL,tcp,50.19.71.105,215,145193,127,120977,88,24216
44:3D:54:BE:12:3C,ALL,tcp,50.19.91.21,355,216406,205,181926,150,34480
44:3D:54:BE:12:3C,ALL,tcp,52.0.163.48,159,91436,101,81431,58,10005
44:3D:54:BE:12:3C,ALL,tcp,52.0.181.92,347,270750,202,242724,145,28026
44:3D:54:BE:12:3C,ALL,tcp,52.1.45.226,169,123984,99,100956,70,23028
44:3D:54:BE:12:3C,ALL,tcp,52.1.45.85,684,509130,380,433677,304,75453
44:3D:54:BE:12:3C,ALL,tcp,52.119.196.31,110,32840,63,8438,47,24402
44:3D:54:BE:12:3C,ALL,tcp,52.119.198.101,249,73995,142,19023,107,54972
44:3D:54:BE:12:3C,ALL,tcp,52.119.198.106,109,32815,62,8384,47,24431
44:3D:54:BE:12:3C,ALL,tcp,52.119.198.109,83,24657,47,6315,36,18342
44:3D:54:BE:12:3C,ALL,tcp,52.119.198.118,84,24711,48,6369,36,18342
44:3D:54:BE:12:3C,ALL,tcp,52.119.198.186,193,57550,109,14723,84,42827
44:3D:54:BE:12:3C,ALL,tcp,52.119.198.189,82,24603,47,6315,35,18288
44:3D:54:BE:12:3C,ALL,tcp,52.119.198.2,111,32918,63,8462,48,24456
44:3D:54:BE:12:3C,ALL,tcp,52.20.1.144,290,224992,173,192726,117,32266
44:3D:54:BE:12:3C,ALL,tcp,52.20.205.55,275,197966,165,172298,110,25668
44:3D:54:BE:12:3C,ALL,tcp,52.20.206.121,3499,1199240,1999,641484,1500,557756
44:3D:54:BE:12:3C,ALL,tcp,52.20.5.146,232,169560,137,144870,95,24690
44:3D:54:BE:12:3C,ALL,tcp,52.20.74.52,276,166588,138,139024,138,27564
44:3D:54:BE:12:3C,ALL,tcp,52.200.204.5,342,248082,184,212990,158,35092
44:3D:54:BE:12:3C,ALL,tcp,52.201.181.91,316,196444,174,167598,142,28846
44:3D:54:BE:12:3C,ALL,tcp,52.201.28.83,267,162843,147,142615,120,20228
44:3D:54:BE:12:3C,ALL,tcp,52.202.2.34,1992,680824,1138,363048,854,317776
44:3D:54:BE:12:3C,ALL,tcp,52.205.241.47,214,155179,131,131293,83,23886
44:3D:54:BE:12:3C,ALL,tcp,52.206.134.223,642,447007,364,385611,278,61396
44:3D:54:BE:12:3C,ALL,tcp,52.206.230.198,197,145580,114,121694,83,23886
44:3D:54:BE:12:3C,ALL,tcp,52.21.164.219,297,239396,159,205278,138,34118
44:3D:54:BE:12:3C,ALL,tcp,52.21.204.137,384,303870,229,269096,155,34774
44:3D:54:BE:12:3C,ALL,tcp,52.217.11.12,32,8484,18,1782,14,6702
44:3D:54:BE:12:3C,ALL,tcp,52.217.201.153,32,8484,19,1836,13,6648
44:3D:54:BE:12:3C,ALL,tcp,52.217.96.4,34,8592,19,1836,15,6756
44:3D:54:BE:12:3C,ALL,tcp,52.22.246.21,1498,1135177,867,1007438,631,127739
44:3D:54:BE:12:3C,ALL,tcp,52.23.139.173,501,431247,309,381759,192,49488
44:3D:54:BE:12:3C,ALL,tcp,52.3.112.115,1554,1073588,898,944142,656,129446
44:3D:54:BE:12:3C,ALL,tcp,52.3.41.74,795,619657,451,547583,344,72074
44:3D:54:BE:12:3C,ALL,tcp,52.37.30.201,37,9201,20,2242,17,6959
44:3D:54:BE:12:3C,ALL,tcp,52.42.206.78,36,9123,21,2296,15,6827
44:3D:54:BE:12:3C,ALL,tcp,52.44.67.109,1188,852115,706,734223,482,117892
44:3D:54:BE:12:3C,ALL,tcp,52.46.128.145,27,12293,17,2376,10,9917
44:3D:54:BE:12:3C,ALL,tcp,52.46.128.81,108,32732,62,8384,46,24348
44:3D:54:BE:12:3C,ALL,tcp,52.46.131.168,25,12156,16,2322,9,9834
44:3D:54:BE:12:3C,ALL,tcp,52.46.131.169,84,24711,48,6369,36,18342
44:3D:54:BE:12:3C,ALL,tcp,52.46.131.184,28,8237,16,2123,12,6114
44:3D:54:BE:12:3C,ALL,tcp,52.46.131.209,220,65728,125,16870,95,48858
44:3D:54:BE:12:3C,ALL,tcp,52.46.137.138,28,12347,17,2376,11,9971
44:3D:54:BE:12:3C,ALL,tcp,52.46.137.255,47,16441,29,3242,18,13199
44:3D:54:BE:12:3C,ALL,tcp,52.46.137.51,100,40944,62,7940,38,33004
44:3D:54:BE:12:3C,ALL,tcp,52.46.138.235,49,20389,30,3916,19,16473
44:3D:54:BE:12:3C,ALL,tcp,52.46.141.207,52,20580,31,3970,21,16610
44:3D:54:BE:12:3C,ALL,tcp,52.46.142.117,25,8316,15,1648,10,6668
44:3D:54:BE:12:3C,ALL,tcp,52.46.142.156,51,24395,33,4698,18,19697
44:3D:54:BE:12:3C,ALL,tcp,52.46.143.123,55,16444,31,4216,24,12228
44:3D:54:BE:12:3C,ALL,tcp,52.46.144.254,50,20501,31,3970,19,16531
44:3D:54:BE:12:3C,ALL,tcp,52.46.146.126,168,49422,96,12738,72,36684
44:3D:54:BE:12:3C,ALL,tcp,52.46.147.136,46,16358,28,3188,18,13170
44:3D:54:BE:12:3C,ALL,tcp,52.46.149.20,194,57551,110,14753,84,42798
44:3D:54:BE:12:3C,ALL,tcp,52.46.149.29,141,41239,81,10669,60,30570
44:3D:54:BE:12:3C,ALL,tcp,52.46.149.57,168,49422,96,12738,72,36684
44:3D:54:BE:12:3C,ALL,tcp,52.46.155.112,251,74132,143,19077,108,55055
44:3D:54:BE:12:3C,ALL,tcp,52.46.158.193,108,32744,60,8288,48,24456
44:3D:54:BE:12:3C,ALL,tcp,52.54.229.10,20,2048,10,1096,10,952
44:3D:54:BE:12:3C,ALL,tcp,52.7.225.8,24,8237,15,1776,9,6461
44:3D:54:BE:12:3C,ALL,tcp,52.71.57.28,1105,776120,659,672852,446,103268
44:3D:54:BE:12:3C,ALL,tcp,52.72.152.167,529,402797,296,350555,233,52242
44:3D:54:BE:12:3C,ALL,tcp,52.94.225.206,72,32466,46,6238,26,26228
44:3D:54:BE:12:3C,ALL,tcp,52.94.225.227,25,8316,15,1648,10,6668
44:3D:54:BE:12:3C,ALL,tcp,52.94.231.169,166,49350,94,12654,72,36696
44:3D:54:BE:12:3C,ALL,tcp,52.94.233.94,23,8179,14,1594,9,6585
44:3D:54:BE:12:3C,ALL,tcp,52.94.239.41,23,8179,14,1594,9,6585
44:3D:54:BE:12:3C,ALL,tcp,52.94.240.240,112,32960,63,8450,49,24510
44:3D:54:BE:12:3C,ALL,tcp,52.94.241.146,138,41077,79,10561,59,30516
44:3D:54:BE:12:3C,ALL,tcp,52.94.242.236,221,65734,126,16876,95,48858
44:3D:54:BE:12:3C,ALL,tcp,54.144.126.135,173,137555,104,114581,69,22974
44:3D:54:BE:12:3C,ALL,tcp,54.144.99.255,1057,96267,532,54331,525,41936
44:3D:54:BE:12:3C,ALL,tcp,54.157.203.98,2763,951502,1549,508406,1214,443096
44:3D:54:BE:12:3C,ALL,tcp,54.159.79.240,279,188269,166,162403,113,25866
44:3D:54:BE:12:3C,ALL,tcp,54.160.100.127,125,91014,73,81438,52,9576
44:3D:54:BE:12:3C,ALL,tcp,54.162.121.86,1455,1039795,865,920827,590,118968
44:3D:54:BE:12:3C,ALL,tcp,54.162.170.142,329,193764,190,166170,139,27594
44:3D:54:BE:12:3C,ALL,tcp,54.163.70.213,340,257885,203,224287,137,33598
44:3D:54:BE:12:3C,ALL,tcp,54.164.163.115,2782,975965,1591,534639,1191,441326
44:3D:54:BE:12:3C,ALL,tcp,54.166.21.152,1835,636390,1046,338960,789,297430
44:3D:54:BE:12:3C,ALL,tcp,54.166.50.223,408,275512,249,240433,159,35079
44:3D:54:BE:12:3C,ALL,tcp,54.167.174.133,183,123517,97,99361,86,24156
44:3D:54:BE:12:3C,ALL,tcp,54.167.177.211,20617,3219990,7947,1754804,12670,1465186
44:3D:54:BE:12:3C,ALL,tcp,54.175.196.143,226,177582,126,152538,100,25044
44:3D:54:BE:12:3C,ALL,tcp,54.175.44.241,758,525785,422,460561,336,65224
44:3D:54:BE:12:3C,ALL,tcp,54.197.149.136,233,180785,136,155975,97,24810
44:3D:54:BE:12:3C,ALL,tcp,54.197.81.102,433,237497,267,200931,166,36566
44:3D:54:BE:12:3C,ALL,tcp,54.204.39.235,5781,485995,2893,288102,2888,197893
44:3D:54:BE:12:3C,ALL,tcp,54.205.24.65,1889,647902,1081,338554,808,309348
44:3D:54:BE:12:3C,ALL,tcp,54.205.43.25,1074,97620,540,55090,534,42530
44:3D:54:BE:12:3C,ALL,tcp,54.205.81.118,551,380739,328,323069,223,57670
44:3D:54:BE:12:3C,ALL,tcp,54.208.91.66,47,16716,29,3794,18,12922
44:3D:54:BE:12:3C,ALL,tcp,54.209.112.186,425,272165,237,228981,188,43184
44:3D:54:BE:12:3C,ALL,tcp,54.209.202.223,477,323487,256,278173,221,45314
44:3D:54:BE:12:3C,ALL,tcp,54.210.209.230,69,48883,39,40767,30,8116
44:3D:54:BE:12:3C,ALL,tcp,54.221.200.137,3809,1335486,2191,732642,1618,602844
44:3D:54:BE:12:3C,ALL,tcp,54.230.139.116,20,2694,10,1034,10,1660
44:3D:54:BE:12:3C,ALL,tcp,54.230.139.132,10,1347,5,517,5,830
44:3D:54:BE:12:3C,ALL,tcp,54.230.139.170,40,5388,20,2068,20,3320
44:3D:54:BE:12:3C,ALL,tcp,54.230.253.33,49,17572,28,3892,21,13680
44:3D:54:BE:12:3C,ALL,tcp,54.230.253.62,25,8819,14,1946,11,6873
44:3D:54:BE:12:3C,ALL,tcp,54.234.8.127,280,191302,152,158214,128,33088
44:3D:54:BE:12:3C,ALL,tcp,54.236.133.70,110,64198,65,48956,45,15242
44:3D:54:BE:12:3C,ALL,tcp,54.236.71.251,391,282416,233,247444,158,34972
44:3D:54:BE:12:3C,ALL,tcp,54.237.46.126,281,170903,148,143681,133,27222
44:3D:54:BE:12:3C,ALL,tcp,54.239.27.82,90,25067,51,6551,39,18516
44:3D:54:BE:12:3C,ALL,tcp,54.239.29.32,25,12156,16,2322,9,9834
44:3D:54:BE:12:3C,ALL,tcp,54.242.128.35,2570,893836,1474,480084,1096,413752
44:3D:54:BE:12:3C,ALL,tcp,54.242.226.203,90,86626,52,77982,38,8644
44:3D:54:BE:12:3C,ALL,tcp,54.243.58.104,1844,597233,1057,289319,787,307914
44:3D:54:BE:12:3C,ALL,tcp,54.80.147.137,709,515406,407,452185,302,63221
44:3D:54:BE:12:3C,ALL,tcp,54.80.177.58,290,174070,178,148270,112,25800
44:3D:54:BE:12:3C,ALL,tcp,54.80.3.6,256,175222,148,149674,108,25548
44:3D:54:BE:12:3C,ALL,tcp,54.81.21.190,24,8236,15,1775,9,6461
44:3D:54:BE:12:3C,ALL,tcp,54.81.226.6,715,429525,444,374823,271,54702
44:3D:54:BE:12:3C,ALL,tcp,54.81.92.201,553,403898,316,345187,237,58711
44:3D:54:BE:12:3C,ALL,tcp,54.82.121.64,238,162645,149,138363,89,24282
44:3D:54:BE:12:3C,ALL,tcp,54.85.107.25,300,200659,176,174067,124,26592
44:3D:54:BE:12:3C,ALL,tcp,54.85.158.232,258,202573,160,177697,98,24876
44:3D:54:BE:12:3C,ALL,tcp,54.86.78.52,638,519777,358,458285,280,61492
44:3D:54:BE:12:3C,ALL,tcp,54.89.15.5,779,593250,469,523702,310,69548
44:3D:54:BE:12:3C,ALL,tcp,54.89.203.180,1434,966072,826,839944,608,126128
44:3D:54:BE:12:3C,ALL,tcp,54.90.125.240,674,537884,381,475370,293,62514
44:3D:54:BE:12:3C,ALL,tcp,54.91.103.251,3829,1361521,2192,762503,1637,599018
44:3D:54:BE:12:3C,ALL,tcp,54.92.145.182,755,503920,444,440418,311,63502
44:3D:54:BE:12:3C,ALL,tcp,65.8.191.191,20,2694,10,1034,10,1660
44:3D:54:BE:12:3C,ALL,tcp,65.8.191.207,40,5388,20,2068,20,3320
44:3D:54:BE:12:3C,ALL,tcp,65.8.191.67,20,2694,10,1034,10,1660
44:3D:54:BE:12:3C,ALL,tcp,67.220.240.34,25,12156,16,2322,9,9834
44:3D:54:BE:12:3C,ALL,tcp,67.220.240.35,25,8316,15,1648,10,6668
44:3D:54:BE:12:3C,ALL,tcp,67.220.240.92,25,8316,15,1648,10,6668
44:3D:54:BE:12:3C,ALL,tcp,72.21.207.143,139,41131,79,10561,60,30570
44:3D:54:BE:12:3C,ALL,tcp,75.101.249.163,111,88303,65,79066,46,9237
44:3D:54:BE:12:3C,ALL,tcp,99.84.216.152,166,201136,113,10263,53,190873
44:3D:54:BE:12:3C,ALL,udp,18.204.83.38,2,180,1,90,1,90
44:3D:54:BE:12:3C,ALL,udp,192.168.1.102,7,2643,0,0,7,2643
44:3D:54:BE:12:3C,ALL,udp,192.168.1.106,1944,657072,0,0,1944,657072
44:3D:54:BE:12:3C,ALL,udp,192.168.1.116,154,99484,0,0,154,99484
44:3D:54:BE:12:3C,ALL,udp,192.168.1.117,3,1938,0,0,3,1938
44:3D:54:BE:12:3C,ALL,udp,224.0.0.251,1685,176783,1685,176783,0,0
44:3D:54:BE:12:3C,ALL,udp,239.255.255.250,486,67392,486,67392,0,0
44:3D:54:BE:12:3C,ALL,udp,255.255.255.255,324,24138,324,24138,0,0
44:3D:54:BE:12:3C,ALL,udp,34.236.6.206,2,180,1,90,1,90
44:3D:54:BE:12:3C,ALL,udp,34.239.12.200,2,180,1,90,1,90
44:3D:54:BE:12:3C,ALL,udp,35.153.21.233,2,180,1,90,1,90
44:3D:54:BE:12:3C,ALL,udp,35.168.46.68,2,180,1,90,1,90
44:3D:54:BE:12:3C,ALL,udp,35.175.22.69,2,180,1,90,1,90
44:3D:54:BE:12:3C,ALL,udp,52.203.151.208,2,180,1,90,1,90
44:3D:54:BE:12:3C,ALL,udp,74.50.98.131,2,180,1,90,1,90
44:3D:54:BE:12:3C,ALL,tls,100.24.128.152,213,233983,193,208151,20,25832
44:3D:54:BE:12:3C,ALL,tls,107.20.21.94,501,639673,451,576541,50,63132
44:3D:54:BE:12:3C,ALL,tls,107.20.50.205,22,17231,17,12221,5,5010
44:3D:54:BE:12:3C,ALL,tls,107.21.191.216,484,566916,439,510242,45,56674
44:3D:54:BE:12:3C,ALL,tls,107.22.135.244,116,173710,101,154184,15,19526
44:3D:54:BE:12:3C,ALL,tls,107.22.211.205,286,376009,261,343719,25,32290
44:3D:54:BE:12:3C,ALL,tls,107.23.106.67,190,266889,175,247515,15,19374
44:3D:54:BE:12:3C,ALL,tls,108.138.105.27,96,68804,42,12645,54,56159
44:3D:54:BE:12:3C,ALL,tls,108.138.123.164,52,36402,24,7097,28,29305
44:3D:54:BE:12:3C,ALL,tls,108.138.63.186,315,234927,137,40386,178,194541
44:3D:54:BE:12:3C,ALL,tls,108.138.78.184,4535,3206456,1990,600129,2545,2606327
44:3D:54:BE:12:3C,ALL,tls,108.139.36.72,1148,811511,500,149337,648,662174
44:3D:54:BE:12:3C,ALL,tls,108.139.45.164,787,564017,347,104489,440,459528
44:3D:54:BE:12:3C,ALL,tls,108.156.155.183,37,25285,18,5409,19,19876
44:3D:54:BE:12:3C,ALL,tls,13.224.212.81,27,18620,12,3607,15,15013
44:3D:54:BE:12:3C,ALL,tls,13.225.205.137,13,8486,6,1801,7,6685
44:3D:54:BE:12:3C,ALL,tls,13.225.63.76,8,6253,4,1278,4,4975
44:3D:54:BE:12:3C,ALL,tls,13.249.39.10,16,15362,8,2556,8,12806
44:3D:54:BE:12:3C,ALL,tls,13.249.39.25,8,7681,4,1278,4,6403
44:3D:54:BE:12:3C,ALL,tls,13.249.39.48,8,7681,4,1278,4,6403
44:3D:54:BE:12:3C,ALL,tls,13.32.193.79,13,8486,6,1802,7,6684
44:3D:54:BE:12:3C,ALL,tls,13.32.207.48,39,55951,18,4582,21,51369
44:3D:54:BE:12:3C,ALL,tls,13.32.207.83,36,55709,18,4584,18,51125
44:3D:54:BE:12:3C,ALL,tls,13.32.247.187,14,10011,6,1686,8,8325
44:3D:54:BE:12:3C,ALL,tls,13.35.99.41,876,608173,382,115568,494,492605
44:3D:54:BE:12:3C,ALL,tls,174.129.20.177,119,137760,104,118386,15,19374
44:3D:54:BE:12:3C,ALL,tls,176.32.98.108,54,38901,33,13154,21,25747
44:3D:54:BE:12:3C,ALL,tls,18.154.234.237,149,105687,66,19812,83,85875
44:3D:54:BE:12:3C,ALL,tls,18.155.9.2,13,8486,6,1801,7,6685
44:3D:54:BE:12:3C,ALL,tls,18.160.1.36,3939,2778277,1724,513634,2215,2264643
44:3D:54:BE:12:3C,ALL,tls,18.160.21.25,1117,786069,492,148807,625,637262
44:3D:54:BE:12:3C,ALL,tls,18.160.228.120,26,18298,12,3598,14,14700
44:3D:54:BE:12:3C,ALL,tls,18.160.30.54,41,29123,18,5461,23,23662
44:3D:54:BE:12:3C,ALL,tls,18.160.54.214,2538,1773200,1113,334014,1425,1439186
44:3D:54:BE:12:3C,ALL,tls,18.160.85.205,28,19317,12,3548,16,15769
44:3D:54:BE:12:3C,ALL,tls,18.161.39.70,28,20747,12,3560,16,17187
44:3D:54:BE:12:3C,ALL,tls,18.164.113.65,69,48876,30,8834,39,40042
44:3D:54:BE:12:3C,ALL,tls,18.164.127.194,412,293483,182,54661,230,238822
44:3D:54:BE:12:3C,ALL,tls,18.164.92.70,310,215095,135,40150,175,174945
44:3D:54:BE:12:3C,ALL,tls,18.165.108.98,14,9759,6,1876,8,7883
44:3D:54:BE:12:3C,ALL,tls,18.165.18.164,44,30992,19,5739,25,25253
44:3D:54:BE:12:3C,ALL,tls,18.165.84.92,57,39848,25,7431,32,32417
44:3D:54:BE:12:3C,ALL,tls,18.165.99.164,1196,838262,524,159042,672,679220
44:3D:54:BE:12:3C,ALL,tls,18.172.136.119,12,8399,6,1803,6,6596
44:3D:54:BE:12:3C,ALL,tls,18.173.130.120,12,18560,6,1525,6,17035
44:3D:54:BE:12:3C,ALL,tls,18.173.130.32,12,18565,6,1529,6,17036
44:3D:54:BE:12:3C,ALL,tls,18.173.139.97,1083,756471,478,143708,605,612763
44:3D:54:BE:12:3C,ALL,tls,18.204.113.0,289,443284,254,397916,35,45368
44:3D:54:BE:12:3C,ALL,tls,18.207.37.248,53,83403,49,76970,4,6433
44:3D:54:BE:12:3C,ALL,tls,18.207.46.96,283,315311,258,283021,25,32290
44:3D:54:BE:12:3C,ALL,tls,18.208.13.36,346,479826,306,428162,40,51664
44:3D:54:BE:12:3C,ALL,tls,18.210.100.254,214,290366,184,251618,30,38748
44:3D:54:BE:12:3C,ALL,tls,18.210.124.191,382,446539,347,401333,35,45206
44:3D:54:BE:12:3C,ALL,tls,18.210.241.155,149,174053,129,149669,20,24384
44:3D:54:BE:12:3C,ALL,tls,18.211.43.146,251,321977,221,283229,30,38748
44:3D:54:BE:12:3C,ALL,tls,18.213.102.161,49,82940,45,76507,4,6433
44:3D:54:BE:12:3C,ALL,tls,18.213.144.187,192,240397,172,216013,20,24384
44:3D:54:BE:12:3C,ALL,tls,18.213.147.77,242,287413,212,248665,30,38748
44:3D:54:BE:12:3C,ALL,tls,18.213.210.140,109,149414,95,130106,14,19308
44:3D:54:BE:12:3C,ALL,tls,18.213.6.240,312,446803,282,408055,30,38748
44:3D:54:BE:12:3C,ALL,tls,18.214.151.92,14,8353,6,2534,8,5819
44:3D:54:BE:12:3C,ALL,tls,18.214.180.6,987,659955,526,336709,461,323246
44:3D:54:BE:12:3C,ALL,tls,18.214.56.102,89,119954,74,100580,15,19374
44:3D:54:BE:12:3C,ALL,tls,18.235.213.184,321,499784,286,454350,35,45434
44:3D:54:BE:12:3C,ALL,tls,18.235.79.204,447,548822,397,484242,50,64580
44:3D:54:BE:12:3C,ALL,tls,18.238.63.137,84,59712,36,11062,48,48650
44:3D:54:BE:12:3C,ALL,tls,18.238.72.167,26,18230,12,3784,14,14446
44:3D:54:BE:12:3C,ALL,tls,18.238.8.47,99,71462,43,12944,56,58518
44:3D:54:BE:12:3C,ALL,tls,18.244.194.107,152,107617,66,19660,86,87957
44:3D:54:BE:12:3C,ALL,tls,18.64.153.176,141,97403,62,18752,79,78651
44:3D:54:BE:12:3C,ALL,tls,18.67.77.136,4425,3138700,1941,580618,2484,2558082
44:3D:54:BE:12:3C,ALL,tls,184.73.108.181,334,418479,304,379731,30,38748
44:3D:54:BE:12:3C,ALL,tls,184.73.225.215,276,299982,246,261234,30,38748
44:3D:54:BE:12:3C,ALL,tls,209.54.177.114,66,43722,36,9378,30,34344
44:3D:54:BE:12:3C,ALL,tls,209.54.177.117,33,21861,18,4689,15,17172
44:3D:54:BE:12:3C,ALL,tls,209.54.177.153,33,21861,18,4689,15,17172
44:3D:54:BE:12:3C,ALL,tls,209.54.177.154,143,94731,78,20319,65,74412
44:3D:54:BE:12:3C,ALL,tls,209.54.177.157,56,35342,30,7815,26,27527
44:3D:54:BE:12:3C,ALL,tls,209.54.178.134,55,36435,30,7815,25,28620
44:3D:54:BE:12:3C,ALL,tls,209.54.178.164,44,29148,24,6252,20,22896
44:3D:54:BE:12:3C,ALL,tls,209.54.178.166,11,7287,6,1563,5,5724
44:3D:54:BE:12:3C,ALL,tls,209.54.179.225,8,11206,4,1654,4,9552
44:3D:54:BE:12:3C,ALL,tls,209.54.179.226,9,7420,4,1034,5,6386
44:3D:54:BE:12:3C,ALL,tls,209.54.179.227,26,29915,12,4342,14,25573
44:3D:54:BE:12:3C,ALL,tls,209.54.179.230,9,7420,4,1034,5,6386
44:3D:54:BE:12:3C,ALL,tls,209.54.179.231,16,14674,8,2068,8,12606
44:3D:54:BE:12:3C,ALL,tls,209.54.179.232,18,22520,8,3308,10,19212
44:3D:54:BE:12:3C,ALL,tls,209.54.179.233,16,18543,8,2688,8,15855
44:3D:54:BE:12:3C,ALL,tls,209.54.179.88,88,58296,48,12504,40,45792
44:3D:54:BE:12:3C,ALL,tls,209.54.179.93,66,43722,36,9378,30,34344
44:3D:54:BE:12:3C,ALL,tls,209.54.180.2,8,11206,4,1654,4,9552
44:3D:54:BE:12:3C,ALL,tls,209.54.180.25,77,51009,42,10941,35,40068
44:3D:54:BE:12:3C,ALL,tls,209.54.180.27,33,20685,18,4689,15,15996
44:3D:54:BE:12:3C,ALL,tls,209.54.180.44,33,21861,18,4689,15,17172
44:3D:54:BE:12:3C,ALL,tls,209.54.181.4,100,65666,54,14067,46,51599
44:3D:54:BE:12:3C,ALL,tls,209.54.181.98,66,43722,36,9378,30,34344
44:3D:54:BE:12:3C,ALL,tls,209.54.183.176,18,18709,8,2688,10,16021
44:3D:54:BE:12:3C,ALL,tls,209.54.183.178,17,18626,8,2688,9,15938
44:3D:54:BE:12:3C,ALL,tls,209.54.183.179,16,18543,8,2688,8,15855
44:3D:54:BE:12:3C,ALL,tls,209.54.183.185,8,11206,4,1654,4,9552
44:3D:54:BE:12:3C,ALL,tls,209.54.183.188,10,11343,4,1654,6,9689
44:3D:54:BE:12:3C,ALL,tls,209.54.183.194,10,11343,4,1654,6,9689
44:3D:54:BE:12:3C,ALL,tls,209.54.183.200,8,7337,4,1034,4,6303
44:3D:54:BE:12:3C,ALL,tls,23.20.129.183,82,88671,77,82213,5,6458
44:3D:54:BE:12:3C,ALL,tls,23.21.139.192,558,736634,503,665596,55,71038
44:3D:54:BE:12:3C,ALL,tls,3.161.149.183,70,51456,30,8888,40,42568
44:3D:54:BE:12:3C,ALL,tls,3.161.173.196,28,18718,12,3494,16,15224
44:3D:54:BE:12:3C,ALL,tls,3.162.110.52,4978,3516937,2181,658924,2797,2858013
44:3D:54:BE:12:3C,ALL,tls,3.162.126.195,5268,3743300,2315,699491,2953,3043809
44:3D:54:BE:12:3C,ALL,tls,3.162.130.174,12,18585,6,1529,6,17056
44:3D:54:BE:12:3C,ALL,tls,3.162.130.28,12,18583,6,1526,6,17057
44:3D:54:BE:12:3C,ALL,tls,3.162.130.77,13,18655,6,1532,7,17123
44:3D:54:BE:12:3C,ALL,tls,3.162.153.124,14,9755,6,1872,8,7883
44:3D:54:BE:12:3C,ALL,tls,3.162.93.112,13,18653,6,1530,7,17123
44:3D:54:BE:12:3C,ALL,tls,3.162.93.76,24,37149,12,3058,12,34091
44:3D:54:BE:12:3C,ALL,tls,3.162.93.99,26,37310,12,3062,14,34248
44:3D:54:BE:12:3C,ALL,tls,3.162.97.56,14,9558,6,1670,8,7888
44:3D:54:BE:12:3C,ALL,tls,3.163.100.41,140,100316,61,17820,79,82496
44:3D:54:BE:12:3C,ALL,tls,3.163.86.101,126,92234,54,15750,72,76484
44:3D:54:BE:12:3C,ALL,tls,3.208.32.41,268,323960,243,291670,25,32290
44:3D:54:BE:12:3C,ALL,tls,3.209.154.229,146,152519,131,133145,15,19374
44:3D:54:BE:12:3C,ALL,tls,3.209.242.181,79,101227,69,88311,10,12916
44:3D:54:BE:12:3C,ALL,tls,3.210.188.120,131,197056,112,171290,19,25766
44:3D:54:BE:12:3C,ALL,tls,3.210.80.155,55,89831,50,83373,5,6458
44:3D:54:BE:12:3C,ALL,tls,3.211.59.144,194,248620,174,222788,20,25832
44:3D:54:BE:12:3C,ALL,tls,3.211.61.218,317,426298,277,374634,40,51664
44:3D:54:BE:12:3C,ALL,tls,3.211.75.184,327,394169,297,355421,30,38748
44:3D:54:BE:12:3C,ALL,tls,3.212.182.16,125,151663,110,132289,15,19374
44:3D:54:BE:12:3C,ALL,tls,3.212.188.32,26,21595,11,3028,15,18567
44:3D:54:BE:12:3C,ALL,tls,3.212.23.64,289,415620,259,378320,30,37300
44:3D:54:BE:12:3C,ALL,tls,3.213.239.129,150,150874,135,131500,15,19374
44:3D:54:BE:12:3C,ALL,tls,3.214.173.238,1346,1628773,1236,1485155,110,143618
44:3D:54:BE:12:3C,ALL,tls,3.214.211.93,168,219103,148,193271,20,25832
44:3D:54:BE:12:3C,ALL,tls,3.214.26.49,332,394798,305,356248,27,38550
44:3D:54:BE:12:3C,ALL,tls,3.215.164.15,294,396143,259,350937,35,45206
44:3D:54:BE:12:3C,ALL,tls,3.215.166.115,414,442928,374,391264,40,51664
44:3D:54:BE:12:3C,ALL,tls,3.217.103.253,350,429370,320,390460,30,38910
44:3D:54:BE:12:3C,ALL,tls,3.217.147.217,17420,3672328,8734,2148825,8686,1523503
44:3D:54:BE:12:3C,ALL,tls,3.217.154.144,103,94987,98,88529,5,6458
44:3D:54:BE:12:3C,ALL,tls,3.217.94.129,134,168839,119,149465,15,19374
44:3D:54:BE:12:3C,ALL,tls,3.218.173.170,269,380772,239,342024,30,38748
44:3D:54:BE:12:3C,ALL,tls,3.218.176.128,971,114358,962,99176,9,15182
44:3D:54:BE:12:3C,ALL,tls,3.219.90.59,54,86446,49,79988,5,6458
44:3D:54:BE:12:3C,ALL,tls,3.219.95.253,261,336338,231,297590,30,38748
44:3D:54:BE:12:3C,ALL,tls,3.219.98.220,221,234657,201,208825,20,25832
44:3D:54:BE:12:3C,ALL,tls,3.220.177.180,31,17394,26,10936,5,6458
44:3D:54:BE:12:3C,ALL,tls,3.220.207.79,597,803897,542,732373,55,71524
44:3D:54:BE:12:3C,ALL,tls,3.221.104.222,140,199752,120,173839,20,25913
44:3D:54:BE:12:3C,ALL,tls,3.221.148.22,165,179751,145,153919,20,25832
44:3D:54:BE:12:3C,ALL,tls,3.222.100.181,252,312082,227,280997,25,31085
44:3D:54:BE:12:3C,ALL,tls,3.223.181.245,1799,444634,905,269910,894,174724
44:3D:54:BE:12:3C,ALL,tls,3.223.20.153,218,258744,193,226454,25,32290
44:3D:54:BE:12:3C,ALL,tls,3.224.18.176,140,157204,125,137830,15,19374
44:3D:54:BE:12:3C,ALL,tls,3.225.113.208,326,432504,296,393756,30,38748
44:3D:54:BE:12:3C,ALL,tls,3.225.3.168,169,262380,149,236548,20,25832
44:3D:54:BE:12:3C,ALL,tls,3.227.120.38,179,257997,154,225707,25,32290
44:3D:54:BE:12:3C,ALL,tls,3.227.83.236,1659,1123624,920,601014,739,522610
44:3D:54:BE:12:3C,ALL,tls,3.229.114.62,388,518457,353,473251,35,45206
44:3D:54:BE:12:3C,ALL,tls,3.229.29.108,145,214148,125,187262,20,26886
44:3D:54:BE:12:3C,ALL,tls,3.230.114.203,100,142593,85,124667,15,17926
44:3D:54:BE:12:3C,ALL,tls,3.230.56.199,107,139651,92,120277,15,19374
44:3D:54:BE:12:3C,ALL,tls,3.232.142.13,46,87521,42,81088,4,6433
44:3D:54:BE:12:3C,ALL,tls,3.234.19.147,171,155437,156,136063,15,19374
44:3D:54:BE:12:3C,ALL,tls,3.234.204.69,147,150244,132,130870,15,19374
44:3D:54:BE:12:3C,ALL,tls,3.81.193.21,165,257763,150,238389,15,19374
44:3D:54:BE:12:3C,ALL,tls,3.86.119.203,46,85094,42,78661,4,6433
44:3D:54:BE:12:3C,ALL,tls,3.86.168.49,257,360386,228,321704,29,38682
44:3D:54:BE:12:3C,ALL,tls,3.88.98.46,543,692127,493,627385,50,64742
44:3D:54:BE:12:3C,ALL,tls,3.90.127.177,398,556877,358,505213,40,51664
44:3D:54:BE:12:3C,ALL,tls,3.93.132.58,413,580020,373,528356,40,51664
44:3D:54:BE:12:3C,ALL,tls,3.95.50.26,117,157523,107,144607,10,12916
44:3D:54:BE:12:3C,ALL,tls,34.192.142.2,164,152289,149,132915,15,19374
44:3D:54:BE:12:3C,ALL,tls,34.193.13.223,355,452312,320,407106,35,45206
44:3D:54:BE:12:3C,ALL,tls,34.193.63.162,258,346935,233,314320,25,32615
44:3D:54:BE:12:3C,ALL,tls,34.194.134.60,18,14461,8,2083,10,12378
44:3D:54:BE:12:3C,ALL,tls,34.195.175.66,1161,782890,630,407108,531,375782
44:3D:54:BE:12:3C,ALL,tls,34.196.10.205,438,52493,433,44853,5,7640
44:3D:54:BE:12:3C,ALL,tls,34.196.248.144,443,566605,398,508483,45,58122
44:3D:54:BE:12:3C,ALL,tls,34.198.70.174,129,161968,114,142594,15,19374
44:3D:54:BE:12:3C,ALL,tls,34.199.210.34,461,673433,413,608985,48,64448
44:3D:54:BE:12:3C,ALL,tls,34.200.148.103,285,326064,255,287316,30,38748
44:3D:54:BE:12:3C,ALL,tls,34.202.199.218,137,163919,122,144545,15,19374
44:3D:54:BE:12:3C,ALL,tls,34.202.218.81,339,482912,304,437706,35,45206
44:3D:54:BE:12:3C,ALL,tls,34.202.50.135,315,359173,290,328331,25,30842
44:3D:54:BE:12:3C,ALL,tls,34.204.154.65,965,104662,960,97024,5,7638
44:3D:54:BE:12:3C,ALL,tls,34.204.65.112,20,11111,16,3569,4,7542
44:3D:54:BE:12:3C,ALL,tls,34.205.190.56,135,160135,120,140761,15,19374
44:3D:54:BE:12:3C,ALL,tls,34.207.41.33,250,330891,225,298601,25,32290
44:3D:54:BE:12:3C,ALL,tls,34.224.178.233,100,141625,85,122251,15,19374
44:3D:54:BE:12:3C,ALL,tls,34.225.93.211,163,160487,148,141113,15,19374
44:3D:54:BE:12:3C,ALL,tls,34.226.185.99,193,202475,173,176643,20,25832
44:3D:54:BE:12:3C,ALL,tls,34.226.251.158,183,194079,169,174771,14,19308
44:3D:54:BE:12:3C,ALL,tls,34.228.118.105,108,157927,93,138553,15,19374
44:3D:54:BE:12:3C,ALL,tls,34.228.164.132,426,602593,382,544385,44,58208
44:3D:54:BE:12:3C,ALL,tls,34.228.49.219,314,452427,275,400829,39,51598
44:3D:54:BE:12:3C,ALL,tls,34.228.96.143,559,767430,509,702850,50,64580
44:3D:54:BE:12:3C,ALL,tls,34.231.107.232,119,179725,104,160351,15,19374
44:3D:54:BE:12:3C,ALL,tls,34.231.114.140,23,16876,18,10418,5,6458
44:3D:54:BE:12:3C,ALL,tls,34.231.38.28,156,176778,141,157404,15,19374
44:3D:54:BE:12:3C,ALL,tls,34.232.149.254,232,338241,212,312409,20,25832
44:3D:54:BE:12:3C,ALL,tls,34.234.112.178,239,359732,214,327442,25,32290
44:3D:54:BE:12:3C,ALL,tls,34.236.118.167,77,81164,67,68248,10,12916
44:3D:54:BE:12:3C,ALL,tls,34.237.111.59,1444,1011706,797,553732,647,457974
44:3D:54:BE:12:3C,ALL,tls,34.238.34.237,10,7327,5,1138,5,6189
44:3D:54:BE:12:3C,ALL,tls,35.153.173.192,79,93168,75,86735,4,6433
44:3D:54:BE:12:3C,ALL,tls,35.153.219.142,770,962917,701,872571,69,90346
44:3D:54:BE:12:3C,ALL,tls,35.155.9.57,14,7691,4,1202,10,6489
44:3D:54:BE:12:3C,ALL,tls,35.161.96.40,14,7691,4,1202,10,6489
44:3D:54:BE:12:3C,ALL,tls,35.166.62.210,14,7691,4,1202,10,6489
44:3D:54:BE:12:3C,ALL,tls,35.167.225.196,28,13934,8,2404,20,11530
44:3D:54:BE:12:3C,ALL,tls,35.169.150.29,332,447968,298,402787,34,45181
44:3D:54:BE:12:3C,ALL,tls,35.169.2.127,207,277066,187,252682,20,24384
44:3D:54:BE:12:3C,ALL,tls,35.169.226.29,207,275833,187,250001,20,25832
44:3D:54:BE:12:3C,ALL,tls,35.169.32.158,127,176431,107,150599,20,25832
44:3D:54:BE:12:3C,ALL,tls,35.170.1.6,180,189045,160,163213,20,25832
44:3D:54:BE:12:3C,ALL,tls,35.171.231.196,105,133431,90,114057,15,19374
44:3D:54:BE:12:3C,ALL,tls,35.175.71.102,12576,2525754,6307,1478016,6269,1047738
44:3D:54:BE:12:3C,ALL,tls,44.193.130.254,461,568534,421,518318,40,50216
44:3D:54:BE:12:3C,ALL,tls,44.193.236.65,1393,948022,752,501430,641,446592
44:3D:54:BE:12:3C,ALL,tls,44.194.19.5,122,187183,112,174267,10,12916
44:3D:54:BE:12:3C,ALL,tls,44.195.163.34,236,343351,216,317519,20,25832
44:3D:54:BE:12:3C,ALL,tls,44.195.76.253,445,555112,396,490598,49,64514
44:3D:54:BE:12:3C,ALL,tls,44.196.198.78,186,236382,167,210292,19,26090
44:3D:54:BE:12:3C,ALL,tls,44.196.44.189,59,74751,49,61835,10,12916
44:3D:54:BE:12:3C,ALL,tls,44.197.82.26,601,794007,536,710053,65,83954
44:3D:54:BE:12:3C,ALL,tls,44.198.224.47,1171,805950,651,436218,520,369732
44:3D:54:BE:12:3C,ALL,tls,44.199.138.71,1224,839266,678,457170,546,382096
44:3D:54:BE:12:3C,ALL,tls,44.199.27.159,164,243695,145,217929,19,25766
44:3D:54:BE:12:3C,ALL,tls,44.199.52.214,1446,983459,798,525419,648,458040
44:3D:54:BE:12:3C,ALL,tls,44.199.71.2,127,164700,107,138868,20,25832
44:3D:54:BE:12:3C,ALL,tls,44.199.80.228,12792,2665777,6420,1578290,6372,1087487
44:3D:54:BE:12:3C,ALL,tls,44.199.92.38,412,580847,372,529021,40,51826
44:3D:54:BE:12:3C,ALL,tls,44.205.112.183,291,353401,266,321111,25,32290
44:3D:54:BE:12:3C,ALL,tls,44.205.145.201,141,177986,126,158612,15,19374
44:3D:54:BE:12:3C,ALL,tls,44.207.231.45,108,152288,93,132914,15,19374
44:3D:54:BE:12:3C,ALL,tls,44.208.199.177,226,305296,202,273072,24,32224
44:3D:54:BE:12:3C,ALL,tls,44.209.222.118,125,143771,110,124397,15,19374
44:3D:54:BE:12:3C,ALL,tls,44.212.148.128,551,745794,496,674756,55,71038
44:3D:54:BE:12:3C,ALL,tls,44.213.139.233,280,354878,255,322588,25,32290
44:3D:54:BE:12:3C,ALL,tls,44.214.113.218,171,198074,156,178700,15,19374
44:3D:54:BE:12:3C,ALL,tls,44.215.115.150,56,44953,28,9991,28,34962
44:3D:54:BE:12:3C,ALL,tls,44.215.115.210,42,22098,20,5420,22,16678
44:3D:54:BE:12:3C,ALL,tls,44.215.129.154,22,12148,12,3758,10,8390
44:3D:54:BE:12:3C,ALL,tls,44.215.129.169,24,21224,12,5004,12,16220
44:3D:54:BE:12:3C,ALL,tls,44.215.132.234,29,16668,14,3999,15,12669
44:3D:54:BE:12:3C,ALL,tls,44.215.132.72,11,7326,6,2991,5,4335
44:3D:54:BE:12:3C,ALL,tls,44.215.133.149,30,16734,15,4065,15,12669
44:3D:54:BE:12:3C,ALL,tls,44.215.133.95,33,25626,16,5661,17,19965
44:3D:54:BE:12:3C,ALL,tls,44.215.134.182,33,18312,18,5637,15,12675
44:3D:54:BE:12:3C,ALL,tls,44.215.138.245,22,12272,12,3758,10,8514
44:3D:54:BE:12:3C,ALL,tls,44.215.143.151,56,36476,31,15021,25,21455
44:3D:54:BE:12:3C,ALL,tls,44.216.161.108,435,562229,397,510697,38,51532
44:3D:54:BE:12:3C,ALL,tls,44.216.216.127,291,357324,271,331492,20,25832
44:3D:54:BE:12:3C,ALL,tls,44.216.29.233,836,1133097,761,1033062,75,100035
44:3D:54:BE:12:3C,ALL,tls,44.216.33.195,858,1147666,781,1044455,77,103211
44:3D:54:BE:12:3C,ALL,tls,44.216.82.69,68,72024,63,65566,5,6458
44:3D:54:BE:12:3C,ALL,tls,44.217.123.191,255,319881,235,294049,20,25832
44:3D:54:BE:12:3C,ALL,tls,44.217.96.177,137,169252,127,157784,10,11468
44:3D:54:BE:12:3C,ALL,tls,44.218.5.36,555,606402,505,543270,50,63132
44:3D:54:BE:12:3C,ALL,tls,44.219.198.3,965,103183,960,96992,5,6191
44:3D:54:BE:12:3C,ALL,tls,44.219.41.104,512,59784,506,52047,6,7737
44:3D:54:BE:12:3C,ALL,tls,44.220.103.232,127,138890,112,120964,15,17926
44:3D:54:BE:12:3C,ALL,tls,44.220.107.242,480,611602,430,547022,50,64580
44:3D:54:BE:12:3C,ALL,tls,44.223.113.118,191,236995,176,217469,15,19526
44:3D:54:BE:12:3C,ALL,tls,44.225.45.107,14,6243,4,1202,10,5041
44:3D:54:BE:12:3C,ALL,tls,44.234.113.198,28,15382,8,2404,20,12978
44:3D:54:BE:12:3C,ALL,tls,44.240.184.205,42,21625,12,3606,30,18019
44:3D:54:BE:12:3C,ALL,tls,50.16.56.19,445,549770,405,497954,40,51816
44:3D:54:BE:12:3C,ALL,tls,50.19.71.105,115,138545,100,119171,15,19374
44:3D:54:BE:12:3C,ALL,tls,50.19.91.21,189,205350,169,179518,20,25832
44:3D:54:BE:12:3C,ALL,tls,52.0.163.48,96,87262,93,80895,3,6367
44:3D:54:BE:12:3C,ALL,tls,52.0.181.92,189,258778,174,239404,15,19374
44:3D:54:BE:12:3C,ALL,tls,52.1.45.226,91,118788,76,99414,15,19374
44:3D:54:BE:12:3C,ALL,tls,52.1.45.85,348,485230,303,427027,45,58203
44:3D:54:BE:12:3C,ALL,tls,52.119.196.31,44,29148,24,6252,20,22896
44:3D:54:BE:12:3C,ALL,tls,52.119.198.101,99,65583,54,14067,45,51516
44:3D:54:BE:12:3C,ALL,tls,52.119.198.106,45,29231,24,6252,21,22979
44:3D:54:BE:12:3C,ALL,tls,52.119.198.109,33,21861,18,4689,15,17172
44:3D:54:BE:12:3C,ALL,tls,52.119.198.118,33,21861,18,4689,15,17172
44:3D:54:BE:12:3C,ALL,tls,52.119.198.186,78,51092,42,10941,36,40151
44:3D:54:BE:12:3C,ALL,tls,52.119.198.189,33,21861,18,4689,15,17172
44:3D:54:BE:12:3C,ALL,tls,52.119.198.2,44,29148,24,6252,20,22896
44:3D:54:BE:12:3C,ALL,tls,52.20.1.144,157,216150,137,190318,20,25832
44:3D:54:BE:12:3C,ALL,tls,52.20.205.55,153,189866,138,170492,15,19374
44:3D:54:BE:12:3C,ALL,tls,52.20.206.121,1587,1071384,875,566528,712,504856
44:3D:54:BE:12:3C,ALL,tls,52.20.5.146,124,162372,109,142998,15,19374
44:3D:54:BE:12:3C,ALL,tls,52.20.74.52,126,156568,111,137194,15,19374
44:3D:54:BE:12:3C,ALL,tls,52.200.204.5,168,236414,148,210582,20,25832
44:3D:54:BE:12:3C,ALL,tls,52.201.181.91,162,186196,147,165768,15,20428
44:3D:54:BE:12:3C,ALL,tls,52.201.28.83,140,154381,130,141465,10,12916
44:3D:54:BE:12:3C,ALL,tls,52.202.2.34,891,607086,490,319744,401,287342
44:3D:54:BE:12:3C,ALL,tls,52.205.241.47,122,149047,107,129673,15,19374
44:3D:54:BE:12:3C,ALL,tls,52.206.134.223,334,422127,299,378369,35,43758
44:3D:54:BE:12:3C,ALL,tls,52.206.230.198,103,139304,88,119930,15,19374
44:3D:54:BE:12:3C,ALL,tls,52.21.164.219,143,229108,123,202870,20,26238
44:3D:54:BE:12:3C,ALL,tls,52.21.204.137,213,292520,194,266754,19,25766
44:3D:54:BE:12:3C,ALL,tls,52.217.11.12,14,7480,5,1060,9,6420
44:3D:54:BE:12:3C,ALL,tls,52.217.201.153,13,7426,5,1060,8,6366
44:3D:54:BE:12:3C,ALL,tls,52.217.96.4,14,7480,5,1060,9,6420
44:3D:54:BE:12:3C,ALL,tls,52.22.246.21,812,1086649,742,997604,70,89045
44:3D:54:BE:12:3C,ALL,tls,52.23.139.173,287,417027,257,378279,30,38748
44:3D:54:BE:12:3C,ALL,tls,52.3.112.115,844,1024972,774,934398,70,90574
44:3D:54:BE:12:3C,ALL,tls,52.3.41.74,421,594701,381,542875,40,51826
44:3D:54:BE:12:3C,ALL,tls,52.37.30.201,14,6243,4,1202,10,5041
44:3D:54:BE:12:3C,ALL,tls,52.42.206.78,14,7691,4,1202,10,6489
44:3D:54:BE:12:3C,ALL,tls,52.44.67.109,651,814977,581,724413,70,90564
44:3D:54:BE:12:3C,ALL,tls,52.46.128.145,9,11289,4,1654,5,9635
44:3D:54:BE:12:3C,ALL,tls,52.46.128.81,44,29148,24,6252,20,22896
44:3D:54:BE:12:3C,ALL,tls,52.46.131.168,8,11206,4,1654,4,9552
44:3D:54:BE:12:3C,ALL,tls,52.46.131.169,33,21861,18,4689,15,17172
44:3D:54:BE:12:3C,ALL,tls,52.46.131.184,11,7287,6,1563,5,5724
44:3D:54:BE:12:3C,ALL,tls,52.46.131.209,88,58296,48,12504,40,45792
44:3D:54:BE:12:3C,ALL,tls,52.46.137.138,10,11343,4,1654,6,9689
44:3D:54:BE:12:3C,ALL,tls,52.46.137.255,17,14757,8,2068,9,12689
44:3D:54:BE:12:3C,ALL,tls,52.46.137.51,35,37306,16,5376,19,31930
44:3D:54:BE:12:3C,ALL,tls,52.46.138.235,17,18597,8,2688,9,15909
44:3D:54:BE:12:3C,ALL,tls,52.46.141.207,17,18626,8,2688,9,15938
44:3D:54:BE:12:3C,ALL,tls,52.46.142.117,9,7420,4,1034,5,6386
44:3D:54:BE:12:3C,ALL,tls,52.46.142.156,17,22495,8,3308,9,19187
44:3D:54:BE:12:3C,ALL,tls,52.46.143.123,22,14574,12,3126,10,11448
44:3D:54:BE:12:3C,ALL,tls,52.46.144.254,18,18709,8,2688,10,16021
44:3D:54:BE:12:3C,ALL,tls,52.46.146.126,66,43722,36,9378,30,34344
44:3D:54:BE:12:3C,ALL,tls,52.46.147.136,16,14674,8,2068,8,12606
44:3D:54:BE:12:3C,ALL,tls,52.46.149.20,77,51009,42,10941,35,40068
44:3D:54:BE:12:3C,ALL,tls,52.46.149.29,55,36435,30,7815,25,28620
44:3D:54:BE:12:3C,ALL,tls,52.46.149.57,66,43722,36,9378,30,34344
44:3D:54:BE:12:3C,ALL,tls,52.46.155.112,100,65666,54,14067,46,51599
44:3D:54:BE:12:3C,ALL,tls,52.46.158.193,44,29148,24,6252,20,22896
44:3D:54:BE:12:3C,ALL,tls,52.7.225.8,9,7231,4,1042,5,6189
44:3D:54:BE:12:3C,ALL,tls,52.71.57.28,609,738776,549,662576,60,76200
44:3D:54:BE:12:3C,ALL,tls,52.72.152.167,271,385625,242,346943,29,38682
44:3D:54:BE:12:3C,ALL,tls,52.94.225.206,25,29832,12,4342,13,25490
44:3D:54:BE:12:3C,ALL,tls,52.94.225.227,9,7420,4,1034,5,6386
44:3D:54:BE:12:3C,ALL,tls,52.94.231.169,66,42546,36,9378,30,33168
44:3D:54:BE:12:3C,ALL,tls,52.94.233.94,8,7337,4,1034,4,6303
44:3D:54:BE:12:3C,ALL,tls,52.94.239.41,8,7337,4,1034,4,6303
44:3D:54:BE:12:3C,ALL,tls,52.94.240.240,44,27972,24,6252,20,21720
44:3D:54:BE:12:3C,ALL,tls,52.94.241.146,55,36435,30,7815,25,28620
44:3D:54:BE:12:3C,ALL,tls,52.94.242.236,88,58296,48,12504,40,45792
44:3D:54:BE:12:3C,ALL,tls,54.144.126.135,92,132149,77,112775,15,19374
44:3D:54:BE:12:3C,ALL,tls,54.144.99.255,526,61205,522,53663,4,7542
44:3D:54:BE:12:3C,ALL,tls,54.157.203.98,1235,848906,670,449584,565,399322
44:3D:54:BE:12:3C,ALL,tls,54.159.79.240,154,178523,139,159149,15,19374
44:3D:54:BE:12:3C,ALL,tls,54.160.100.127,69,84398,64,80836,5,3562
44:3D:54:BE:12:3C,ALL,tls,54.162.121.86,807,990919,742,906813,65,84106
44:3D:54:BE:12:3C,ALL,tls,54.162.170.142,178,183738,163,164364,15,19374
44:3D:54:BE:12:3C,ALL,tls,54.163.70.213,187,247687,167,221855,20,25832
44:3D:54:BE:12:3C,ALL,tls,54.164.163.115,1271,874815,705,475427,566,399388
44:3D:54:BE:12:3C,ALL,tls,54.166.21.152,828,568964,453,299310,375,269654
44:3D:54:BE:12:3C,ALL,tls,54.166.50.223,232,262384,213,236577,19,25807
44:3D:54:BE:12:3C,ALL,tls,54.167.174.133,85,116929,70,97555,15,19374
44:3D:54:BE:12:3C,ALL,tls,54.167.177.211,12460,2481768,6240,1442102,6220,1039666
44:3D:54:BE:12:3C,ALL,tls,54.175.196.143,118,170346,103,150972,15,19374
44:3D:54:BE:12:3C,ALL,tls,54.175.44.241,395,501607,360,456401,35,45206
44:3D:54:BE:12:3C,ALL,tls,54.197.149.136,125,173609,110,154235,15,19374
44:3D:54:BE:12:3C,ALL,tls,54.197.81.102,250,225343,231,198523,19,26820
44:3D:54:BE:12:3C,ALL,tls,54.204.39.235,2888,295041,2884,287500,4,7541
44:3D:54:BE:12:3C,ALL,tls,54.205.24.65,841,577750,447,296194,394,281556
44:3D:54:BE:12:3C,ALL,tls,54.205.43.25,534,61964,530,54422,4,7542
44:3D:54:BE:12:3C,ALL,tls,54.205.81.118,299,363995,264,318789,35,45206
44:3D:54:BE:12:3C,ALL,tls,54.208.91.66,18,14746,8,2368,10,12378
44:3D:54:BE:12:3C,ALL,tls,54.209.112.186,218,258303,193,226013,25,32290
44:3D:54:BE:12:3C,ALL,tls,54.209.202.223,238,307585,213,275295,25,32290
44:3D:54:BE:12:3C,ALL,tls,54.210.209.230,35,46623,30,40165,5,6458
44:3D:54:BE:12:3C,ALL,tls,54.221.200.137,1737,1196898,977,651606,760,545292
44:3D:54:BE:12:3C,ALL,tls,54.230.253.33,16,15362,8,2556,8,12806
44:3D:54:BE:12:3C,ALL,tls,54.230.253.62,8,7681,4,1278,4,6403
44:3D:54:BE:12:3C,ALL,tls,54.234.8.127,136,180190,116,155806,20,24384
44:3D:54:BE:12:3C,ALL,tls,54.236.133.70,57,60668,47,47752,10,12916
44:3D:54:BE:12:3C,ALL,tls,54.236.71.251,217,270868,197,245036,20,25832
44:3D:54:BE:12:3C,ALL,tls,54.237.46.126,136,159777,121,140403,15,19374
44:3D:54:BE:12:3C,ALL,tls,54.239.27.82,33,21861,18,4689,15,17172
44:3D:54:BE:12:3C,ALL,tls,54.239.29.32,8,11206,4,1654,4,9552
44:3D:54:BE:12:3C,ALL,tls,54.242.128.35,1162,798004,638,424132,524,373872
44:3D:54:BE:12:3C,ALL,tls,54.242.226.203,47,82324,42,75866,5,6458
44:3D:54:BE:12:3C,ALL,tls,54.243.58.104,819,528599,422,246845,397,281754
44:3D:54:BE:12:3C,ALL,tls,54.80.147.137,377,493370,343,447905,34,45465
44:3D:54:BE:12:3C,ALL,tls,54.80.177.58,165,164324,150,146398,15,17926
44:3D:54:BE:12:3C,ALL,tls,54.80.3.6,136,167242,121,147868,15,19374
44:3D:54:BE:12:3C,ALL,tls,54.81.21.190,9,7230,4,1041,5,6189
44:3D:54:BE:12:3C,ALL,tls,54.81.226.6,421,408553,391,371253,30,37300
44:3D:54:BE:12:3C,ALL,tls,54.81.92.201,287,384746,252,339459,35,45287
44:3D:54:BE:12:3C,ALL,tls,54.82.121.64,138,155997,123,136623,15,19374
44:3D:54:BE:12:3C,ALL,tls,54.85.107.25,164,191635,149,172261,15,19374
44:3D:54:BE:12:3C,ALL,tls,54.85.158.232,147,195199,133,175891,14,19308
44:3D:54:BE:12:3C,ALL,tls,54.86.78.52,329,497763,294,452557,35,45206
44:3D:54:BE:12:3C,ALL,tls,54.89.15.5,434,570352,397,518886,37,51466
44:3D:54:BE:12:3C,ALL,tls,54.89.203.180,772,920588,702,830176,70,90412
44:3D:54:BE:12:3C,ALL,tls,54.90.125.240,353,516514,318,471156,35,45358
44:3D:54:BE:12:3C,ALL,tls,54.91.103.251,1748,1221971,995,682465,753,539506
44:3D:54:BE:12:3C,ALL,tls,54.92.145.182,415,479896,380,436138,35,43758
44:3D:54:BE:12:3C,ALL,tls,67.220.240.34,8,11206,4,1654,4,9552
44:3D:54:BE:12:3C,ALL,tls,67.220.240.35,9,7420,4,1034,5,6386
44:3D:54:BE:12:3C,ALL,tls,67.220.240.92,9,7420,4,1034,5,6386
44:3D:54:BE:12:3C,ALL,tls,72.21.207.143,55,36435,30,7815,25,28620
44:3D:54:BE:12:3C,ALL,tls,75.101.249.163,61,84963,57,78530,4,6433
44:3D:54:BE:12:3C,ALL,tls,99.84.216.152,45,158770,15,3711,30,155059
44:3D:54:BE:12:3C,ALL,http,108.138.125.14,124,21328,62,15190,62,6138
44:3D:54:BE:12:3C,ALL,http,108.138.125.193,96,16512,48,11760,48,4752
44:3D:54:BE:12:3C,ALL,http,108.138.125.194,82,14104,41,10045,41,4059
44:3D:54:BE:12:3C,ALL,http,108.138.125.198,106,18232,53,12985,53,5247
44:3D:54:BE:12:3C,ALL,http,108.138.61.102,16,2752,8,1960,8,792
44:3D:54:BE:12:3C,ALL,http,108.138.61.174,8,1376,4,980,4,396
44:3D:54:BE:12:3C,ALL,http,108.138.61.34,18,3096,9,2205,9,891
44:3D:54:BE:12:3C,ALL,http,108.138.61.8,18,3096,9,2205,9,891
44:3D:54:BE:12:3C,ALL,http,108.138.82.190,68,11696,34,8330,34,3366
44:3D:54:BE:12:3C,ALL,http,108.138.82.203,74,12728,37,9065,37,3663
44:3D:54:BE:12:3C,ALL,http,108.138.82.54,72,12384,36,8820,36,3564
44:3D:54:BE:12:3C,ALL,http,108.138.82.9,78,13416,39,9555,39,3861
44:3D:54:BE:12:3C,ALL,http,108.159.224.221,2,344,1,245,1,99
44:3D:54:BE:12:3C,ALL,http,13.224.208.139,4,688,2,490,2,198
44:3D:54:BE:12:3C,ALL,http,13.224.208.151,2,344,1,245,1,99
44:3D:54:BE:12:3C,ALL,http,13.224.208.198,4,688,2,490,2,198
44:3D:54:BE:12:3C,ALL,http,13.224.208.72,6,1032,3,735,3,297
44:3D:54:BE:12:3C,ALL,http,13.225.66.127,36,6192,18,4410,18,1782
44:3D:54:BE:12:3C,ALL,http,13.225.66.162,34,5848,17,4165,17,1683
44:3D:54:BE:12:3C,ALL,http,13.225.66.219,18,3096,9,2205,9,891
44:3D:54:BE:12:3C,ALL,http,13.225.66.84,44,7568,22,5390,22,2178
44:3D:54:BE:12:3C,ALL,http,13.226.23.120,2,344,1,245,1,99
44:3D:54:BE:12:3C,ALL,http,13.33.19.135,2,344,1,245,1,99
44:3D:54:BE:12:3C,ALL,http,13.33.19.180,2,344,1,245,1,99
44:3D:54:BE:12:3C,ALL,http,18.154.230.100,376,64672,188,46060,188,18612
44:3D:54:BE:12:3C,ALL,http,18.154.230.133,356,61232,178,43610,178,17622
44:3D:54:BE:12:3C,ALL,http,18.154.230.19,342,58824,171,41895,171,16929
44:3D:54:BE:12:3C,ALL,http,18.154.230.60,292,50224,146,35770,146,14454
44:3D:54:BE:12:3C,ALL,http,18.155.8.122,4,688,2,490,2,198
44:3D:54:BE:12:3C,ALL,http,18.155.8.212,2,344,1,245,1,99
44:3D:54:BE:12:3C,ALL,http,18.155.8.5,2,344,1,245,1,99
44:3D:54:BE:12:3C,ALL,http,18.160.0.14,2,344,1,245,1,99
44:3D:54:BE:12:3C,ALL,http,18.160.0.171,2,344,1,245,1,99
44:3D:54:BE:12:3C,ALL,http,18.160.0.62,6,1032,3,735,3,297
44:3D:54:BE:12:3C,ALL,http,18.160.37.104,18,3096,9,2205,9,891
44:3D:54:BE:12:3C,ALL,http,18.160.37.110,20,3440,10,2450,10,990
44:3D:54:BE:12:3C,ALL,http,18.160.37.111,14,2408,7,1715,7,693
44:3D:54:BE:12:3C,ALL,http,18.160.37.68,12,2064,6,1470,6,594
44:3D:54:BE:12:3C,ALL,http,18.160.45.108,8,1376,4,980,4,396
44:3D:54:BE:12:3C,ALL,http,18.160.45.16,10,1720,5,1225,5,495
44:3D:54:BE:12:3C,ALL,http,18.160.45.164,10,1720,5,1225,5,495
44:3D:54:BE:12:3C,ALL,http,18.160.45.68,10,1720,5,1225,5,495
44:3D:54:BE:12:3C,ALL,http,18.164.115.92,2,344,1,245,1,99
44:3D:54:BE:12:3C,ALL,http,18.164.131.162,18,3096,9,2205,9,891
44:3D:54:BE:12:3C,ALL,http,18.164.131.179,28,4816,14,3430,14,1386
44:3D:54:BE:12:3C,ALL,http,18.164.131.217,28,4816,14,3430,14,1386
44:3D:54:BE:12:3C,ALL,http,18.164.131.9,26,4472,13,3185,13,1287
44:3D:54:BE:12:3C,ALL,http,18.165.113.169,2,344,1,245,1,99
44:3D:54:BE:12:3C,ALL,http,18.165.113.7,2,344,1,245,1,99
44:3D:54:BE:12:3C,ALL,http,18.165.80.32,2,344,1,245,1,99
44:3D:54:BE:12:3C,ALL,http,18.165.94.127,2,344,1,245,1,99
44:3D:54:BE:12:3C,ALL,http,18.165.94.2,6,1032,3,735,3,297
44:3D:54:BE:12:3C,ALL,http,18.232.203.3,4,870,2,462,2,408
44:3D:54:BE:12:3C,ALL,http,18.238.59.123,2,344,1,245,1,99
44:3D:54:BE:12:3C,ALL,http,18.238.79.113,10,1720,5,1225,5,495
44:3D:54:BE:12:3C,ALL,http,18.238.79.128,8,1376,4,980,4,396
44:3D:54:BE:12:3C,ALL,http,18.238.79.207,10,1720,5,1225,5,495
44:3D:54:BE:12:3C,ALL,http,18.238.79.58,2,344,1,245,1,99
44:3D:54:BE:12:3C,ALL,http,192.168.1.102,2,1388,1,171,1,1217
44:3D:54:BE:12:3C,ALL,http,192.168.1.106,1060,127677,530,95877,530,31800
44:3D:54:BE:12:3C,ALL,http,3.162.115.113,4,688,2,490,2,198
44:3D:54:BE:12:3C,ALL,http,3.162.115.198,8,1376,4,980,4,396
44:3D:54:BE:12:3C,ALL,http,3.162.115.79,2,344,1,245,1,99
44:3D:54:BE:12:3C,ALL,http,3.162.130.150,474,81528,237,58065,237,23463
44:3D:54:BE:12:3C,ALL,http,3.162.130.154,528,90816,264,64680,264,26136
44:3D:54:BE:12:3C,ALL,http,3.162.130.209,512,88064,256,62720,256,25344
44:3D:54:BE:12:3C,ALL,http,3.162.130.91,460,79120,230,56350,230,22770
44:3D:54:BE:12:3C,ALL,http,3.162.159.115,4,688,2,490,2,198
44:3D:54:BE:12:3C,ALL,http,3.162.93.101,8,1376,4,980,4,396
44:3D:54:BE:12:3C,ALL,http,3.162.93.102,4,688,2,490,2,198
44:3D:54:BE:12:3C,ALL,http,3.162.93.159,10,1720,5,1225,5,495
44:3D:54:BE:12:3C,ALL,http,3.162.93.201,10,1720,5,1225,5,495
44:3D:54:BE:12:3C,ALL,http,3.163.109.121,2,344,1,245,1,99
44:3D:54:BE:12:3C,ALL,http,3.163.109.56,2,344,1,245,1,99
44:3D:54:BE:12:3C,ALL,http,3.163.78.143,16,2752,8,1960,8,792
44:3D:54:BE:12:3C,ALL,http,3.163.78.146,8,1376,4,980,4,396
44:3D:54:BE:12:3C,ALL,http,3.163.78.59,22,3784,11,2695,11,1089
44:3D:54:BE:12:3C,ALL,http,3.163.78.96,16,2752,8,1960,8,792
44:3D:54:BE:12:3C,ALL,http,3.220.150.94,6,1395,3,783,3,612
44:3D:54:BE:12:3C,ALL,http,3.226.190.171,4,960,2,552,2,408
44:3D:54:BE:12:3C,ALL,http,3.226.228.123,6,1305,3,693,3,612
44:3D:54:BE:12:3C,ALL,http,44.213.201.140,4,960,2,552,2,408
44:3D:54:BE:12:3C,ALL,http,44.217.53.210,2,435,1,231,1,204
44:3D:54:BE:12:3C,ALL,http,52.54.229.10,4,960,2,552,2,408
44:3D:54:BE:12:3C,ALL,http,54.230.139.116,4,688,2,490,2,198
44:3D:54:BE:12:3C,ALL,http,54.230.139.132,2,344,1,245,1,99
44:3D:54:BE:12:3C,ALL,http,54.230.139.170,8,1376,4,980,4,396
44:3D:54:BE:12:3C,ALL,http,65.8.191.191,4,688,2,490,2,198
44:3D:54:BE:12:3C,ALL,http,65.8.191.207,8,1376,4,980,4,396
44:3D:54:BE:12:3C,ALL,http,65.8.191.67,4,688,2,490,2,198
44:3D:54:BE:12:3C,ALL,mdns,224.0.0.251,1685,176783,1685,176783,0,0
44:3D:54:BE:12:3C,ALL,ntp,18.204.83.38,2,180,1,90,1,90
44:3D:54:BE:12:3C,ALL,ntp,34.236.6.206,2,180,1,90,1,90
44:3D:54:BE:12:3C,ALL,ntp,34.239.12.200,2,180,1,90,1,90
44:3D:54:BE:12:3C,ALL,ntp,35.153.21.233,2,180,1,90,1,90
44:3D:54:BE:12:3C,ALL,ntp,35.168.46.68,2,180,1,90,1,90
44:3D:54:BE:12:3C,ALL,ntp,35.175.22.69,2,180,1,90,1,90
44:3D:54:BE:12:3C,ALL,ntp,52.203.151.208,2,180,1,90,1,90
44:3D:54:BE:12:3C,ALL,ntp,74.50.98.131,2,180,1,90,1,90
44:3D:54:BE:12:3C,ALL,ssdp,192.168.1.106,1944,657072,0,0,1944,657072
44:3D:54:BE:12:3C,ALL,ssdp,239.255.255.250,324,45198,324,45198,0,0
44:3D:54:BE:12:3C,ALL,tplink-smarthome,192.168.1.116,154,99484,0,0,154,99484
44:3D:54:BE:12:3C,ALL,tplink-smarthome,192.168.1.117,3,1938,0,0,3,1938
44:3D:54:BE:12:3C,ALL,tplink-smarthome,255.255.255.255,162,11502,162,11502,0,0
44:3D:54:BE:12:3C,ALL,udp:56700,255.255.255.255,162,12636,162,12636,0,0
44:3D:54:BE:12:3C,ALL,udp:1982,239.255.255.250,162,22194,162,22194,0,0
44:3D:54:BE:12:3C,ALL,udp:50000,192.168.1.102,7,2643,0,0,7,2643
44:3D:54:BE:12:3C,ALL,udp:50000,192.168.1.106,1944,657072,0,0,1944,657072
44:3D:54:BE:12:3C,ALL,udp:50000,239.255.255.250,324,45198,324,45198,0,0
44:3D:54:BE:12:3C,ALL,https,100.24.128.152,395,246071,230,210625,165,35446
44:3D:54:BE:12:3C,ALL,https,107.20.21.94,913,668473,541,582561,372,85912
44:3D:54:BE:12:3C,ALL,https,107.20.50.205,51,20621,26,12823,25,7798
44:3D:54:BE:12:3C,ALL,https,107.21.191.216,918,598696,520,517108,398,81588
44:3D:54:BE:12:3C,ALL,https,107.22.135.244,220,180634,129,156056,91,24578
44:3D:54:BE:12:3C,ALL,https,107.22.211.205,518,391413,304,346597,214,44816
44:3D:54:BE:12:3C,ALL,https,107.23.106.67,354,277773,201,249255,153,28518
44:3D:54:BE:12:3C,ALL,https,108.138.105.27,235,78090,132,18641,103,59449
44:3D:54:BE:12:3C,ALL,https,108.138.123.164,126,41374,75,10519,51,30855
44:3D:54:BE:12:3C,ALL,https,108.138.63.186,780,266033,447,61078,333,204955
44:3D:54:BE:12:3C,ALL,https,108.138.78.184,11115,3673628,6322,889305,4793,2784323
44:3D:54:BE:12:3C,ALL,https,108.139.36.72,2817,933045,1590,222089,1227,710956
44:3D:54:BE:12:3C,ALL,https,108.139.45.164,1931,641981,1099,154697,832,487284
44:3D:54:BE:12:3C,ALL,https,108.156.155.183,86,28567,52,7677,34,20890
44:3D:54:BE:12:3C,ALL,https,13.224.212.81,66,21226,38,5339,28,15887
44:3D:54:BE:12:3C,ALL,https,13.225.205.137,31,9702,19,2679,12,7023
44:3D:54:BE:12:3C,ALL,https,13.225.63.76,23,8687,11,1748,12,6939
44:3D:54:BE:12:3C,ALL,https,13.249.39.10,48,17506,28,3892,20,13614
44:3D:54:BE:12:3C,ALL,https,13.249.39.25,23,8687,14,1946,9,6741
44:3D:54:BE:12:3C,ALL,https,13.249.39.48,24,8753,14,1946,10,6807
44:3D:54:BE:12:3C,ALL,https,13.32.193.79,31,9690,19,2668,12,7022
44:3D:54:BE:12:3C,ALL,https,13.32.207.48,108,60553,71,8104,37,52449
44:3D:54:BE:12:3C,ALL,https,13.32.207.83,104,60245,70,8040,34,52205
44:3D:54:BE:12:3C,ALL,https,13.32.247.187,35,11413,19,2552,16,8861
44:3D:54:BE:12:3C,ALL,https,13.35.99.41,2164,702853,1214,171092,950,531761
44:3D:54:BE:12:3C,ALL,https,174.129.20.177,243,146028,131,120192,112,25836
44:3D:54:BE:12:3C,ALL,https,176.32.98.108,122,42725,73,15418,49,27307
44:3D:54:BE:12:3C,ALL,https,18.154.234.237,367,121727,208,29332,159,92395
44:3D:54:BE:12:3C,ALL,https,18.155.9.2,30,9648,18,2625,12,7023
44:3D:54:BE:12:3C,ALL,https,18.160.1.36,9686,3184031,5454,762774,4232,2421257
44:3D:54:BE:12:3C,ALL,https,18.160.21.25,2736,902895,1568,220615,1168,682280
44:3D:54:BE:12:3C,ALL,https,18.160.228.120,66,20958,39,5408,27,15550
44:3D:54:BE:12:3C,ALL,https,18.160.30.54,102,33173,59,8191,43,24982
44:3D:54:BE:12:3C,ALL,https,18.160.54.214,6249,2039902,3505,493630,2744,1546272
44:3D:54:BE:12:3C,ALL,https,18.160.85.205,70,22121,38,5280,32,16841
44:3D:54:BE:12:3C,ALL,https,18.161.39.70,70,23551,38,5292,32,18259
44:3D:54:BE:12:3C,ALL,https,18.164.113.65,170,55622,95,13164,75,42458
44:3D:54:BE:12:3C,ALL,https,18.164.127.194,1011,334997,579,81175,432,253822
44:3D:54:BE:12:3C,ALL,https,18.164.92.70,765,248345,427,59610,338,188735
44:3D:54:BE:12:3C,ALL,https,18.165.108.98,36,11227,20,2808,16,8419
44:3D:54:BE:12:3C,ALL,https,18.165.18.164,107,35234,61,8571,46,26663
44:3D:54:BE:12:3C,ALL,https,18.165.84.92,137,45228,79,11063,58,34165
44:3D:54:BE:12:3C,ALL,https,18.165.99.164,2939,963300,1669,235400,1270,727900
44:3D:54:BE:12:3C,ALL,https,18.172.136.119,28,9483,18,2615,10,6868
44:3D:54:BE:12:3C,ALL,https,18.173.130.120,35,20094,23,2655,12,17439
44:3D:54:BE:12:3C,ALL,https,18.173.130.32,35,20099,23,2659,12,17440
44:3D:54:BE:12:3C,ALL,https,18.173.139.97,2645,866683,1521,213358,1124,653325
44:3D:54:BE:12:3C,ALL,https,18.204.113.0,556,461078,315,402010,241,59068
44:3D:54:BE:12:3C,ALL,https,18.207.37.248,96,86257,57,77506,39,8751
44:3D:54:BE:12:3C,ALL,https,18.207.46.96,499,329671,302,285965,197,43706
44:3D:54:BE:12:3C,ALL,https,18.208.13.36,667,504156,378,435922,289,68234
44:3D:54:BE:12:3C,ALL,https,18.210.100.254,456,308026,237,256636,219,51390
44:3D:54:BE:12:3C,ALL,https,18.210.124.191,742,470471,411,405613,331,64858
44:3D:54:BE:12:3C,ALL,https,18.210.241.155,277,184025,163,151945,114,32080
44:3D:54:BE:12:3C,ALL,https,18.211.43.146,503,338825,273,286733,230,52092
44:3D:54:BE:12:3C,ALL,https,18.213.102.161,96,86094,53,77067,43,9027
44:3D:54:BE:12:3C,ALL,https,18.213.144.187,356,252781,208,218421,148,34360
44:3D:54:BE:12:3C,ALL,https,18.213.147.77,477,303079,266,252277,211,50802
44:3D:54:BE:12:3C,ALL,https,18.213.210.140,213,156350,122,131912,91,24438
44:3D:54:BE:12:3C,ALL,https,18.213.6.240,588,466623,337,413181,251,53442
44:3D:54:BE:12:3C,ALL,https,18.214.151.92,35,9755,20,3466,15,6289
44:3D:54:BE:12:3C,ALL,https,18.214.180.6,2181,739999,1233,383967,948,356032
44:3D:54:BE:12:3C,ALL,https,18.214.56.102,175,127126,103,103966,72,23160
44:3D:54:BE:12:3C,ALL,https,18.235.213.184,594,519398,349,460012,245,59386
44:3D:54:BE:12:3C,ALL,https,18.235.79.204,838,577744,489,493314,349,84430
44:3D:54:BE:12:3C,ALL,https,18.238.63.137,209,68070,115,16336,94,51734
44:3D:54:BE:12:3C,ALL,https,18.238.72.167,63,20704,37,5450,26,15254
44:3D:54:BE:12:3C,ALL,https,18.238.8.47,244,81180,137,19240,107,61940
44:3D:54:BE:12:3C,ALL,https,18.244.194.107,376,122589,207,29090,169,93499
44:3D:54:BE:12:3C,ALL,https,18.64.153.176,345,111087,190,27340,155,83747
44:3D:54:BE:12:3C,ALL,https,18.67.77.136,10868,3585282,6161,862478,4707,2722804
44:3D:54:BE:12:3C,ALL,https,184.73.108.181,631,438249,358,383367,273,54882
44:3D:54:BE:12:3C,ALL,https,184.73.225.215,543,317748,300,264846,243,52902
44:3D:54:BE:12:3C,ALL,https,209.54.177.114,166,49338,94,12654,72,36684
44:3D:54:BE:12:3C,ALL,https,209.54.177.117,79,24441,43,6099,36,18342
44:3D:54:BE:12:3C,ALL,https,209.54.177.153,84,24711,48,6369,36,18342
44:3D:54:BE:12:3C,ALL,https,209.54.177.154,354,106565,200,27191,154,79374
44:3D:54:BE:12:3C,ALL,https,209.54.177.157,143,41376,81,10669,62,30707
44:3D:54:BE:12:3C,ALL,https,209.54.178.134,140,41185,80,10615,60,30570
44:3D:54:BE:12:3C,ALL,https,209.54.178.164,111,32894,63,8438,48,24456
44:3D:54:BE:12:3C,ALL,https,209.54.178.166,26,8129,15,2069,11,6060
44:3D:54:BE:12:3C,ALL,https,209.54.179.225,24,12102,16,2322,8,9780
44:3D:54:BE:12:3C,ALL,https,209.54.179.226,25,8316,15,1648,10,6668
44:3D:54:BE:12:3C,ALL,https,209.54.179.227,76,32711,47,6292,29,26419
44:3D:54:BE:12:3C,ALL,https,209.54.179.230,27,8424,15,1648,12,6776
44:3D:54:BE:12:3C,ALL,https,209.54.179.231,45,16304,28,3188,17,13116
44:3D:54:BE:12:3C,ALL,https,209.54.179.232,52,24420,32,4644,20,19776
44:3D:54:BE:12:3C,ALL,https,209.54.179.233,48,20335,30,3916,18,16419
44:3D:54:BE:12:3C,ALL,https,209.54.179.88,220,65704,125,16846,95,48858
44:3D:54:BE:12:3C,ALL,https,209.54.179.93,169,49476,97,12792,72,36684
44:3D:54:BE:12:3C,ALL,https,209.54.180.2,25,12156,16,2322,9,9834
44:3D:54:BE:12:3C,ALL,https,209.54.180.25,201,57961,115,15043,86,42918
44:3D:54:BE:12:3C,ALL,https,209.54.180.27,84,24735,47,6339,37,18396
44:3D:54:BE:12:3C,ALL,https,209.54.180.44,82,24603,47,6315,35,18288
44:3D:54:BE:12:3C,ALL,https,209.54.181.4,247,73892,139,18837,108,55055
44:3D:54:BE:12:3C,ALL,https,209.54.181.98,168,49422,96,12738,72,36684
44:3D:54:BE:12:3C,ALL,https,209.54.183.176,51,20555,32,4024,19,16531
44:3D:54:BE:12:3C,ALL,https,209.54.183.178,50,20472,31,3970,19,16502
44:3D:54:BE:12:3C,ALL,https,209.54.183.179,48,20335,30,3916,18,16419
44:3D:54:BE:12:3C,ALL,https,209.54.183.185,25,12156,16,2322,9,9834
44:3D:54:BE:12:3C,ALL,https,209.54.183.188,28,12347,17,2376,11,9971
44:3D:54:BE:12:3C,ALL,https,209.54.183.194,28,12347,17,2376,11,9971
44:3D:54:BE:12:3C,ALL,https,209.54.183.200,23,8179,14,1594,9,6585
44:3D:54:BE:12:3C,ALL,https,23.20.129.183,139,92461,85,82761,54,9700
44:3D:54:BE:12:3C,ALL,https,23.21.139.192,1033,768328,602,672230,431,96098
44:3D:54:BE:12:3C,ALL,https,3.161.149.183,175,58466,95,13218,80,45248
44:3D:54:BE:12:3C,ALL,https,3.161.173.196,70,22974,37,5184,33,17790
44:3D:54:BE:12:3C,ALL,https,3.162.110.52,12217,4036799,6918,975270,5299,3061529
44:3D:54:BE:12:3C,ALL,https,3.162.126.195,12913,4268798,7334,1034585,5579,3234213
44:3D:54:BE:12:3C,ALL,https,3.162.130.174,36,20185,24,2725,12,17460
44:3D:54:BE:12:3C,ALL,https,3.162.130.28,34,20075,23,2680,11,17395
44:3D:54:BE:12:3C,ALL,https,3.162.130.77,36,20189,23,2662,13,17527
44:3D:54:BE:12:3C,ALL,https,3.162.153.124,35,11157,19,2738,16,8419
44:3D:54:BE:12:3C,ALL,https,3.162.93.112,36,20187,24,2726,12,17461
44:3D:54:BE:12:3C,ALL,https,3.162.93.76,70,40217,45,5252,25,34965
44:3D:54:BE:12:3C,ALL,https,3.162.93.99,69,40180,45,5256,24,34924
44:3D:54:BE:12:3C,ALL,https,3.162.97.56,35,10960,19,2536,16,8424
44:3D:54:BE:12:3C,ALL,https,3.163.100.41,346,114084,200,27098,146,86986
44:3D:54:BE:12:3C,ALL,https,3.163.86.101,315,104924,171,23616,144,81308
44:3D:54:BE:12:3C,ALL,https,3.208.32.41,506,339760,287,294614,219,45146
44:3D:54:BE:12:3C,ALL,https,3.209.154.229,263,160289,158,134951,105,25338
44:3D:54:BE:12:3C,ALL,https,3.209.242.181,167,107091,87,89515,80,17576
44:3D:54:BE:12:3C,ALL,https,3.210.188.120,243,205960,148,175146,95,30814
44:3D:54:BE:12:3C,ALL,https,3.210.80.155,102,92949,59,83975,43,8974
44:3D:54:BE:12:3C,ALL,https,3.211.59.144,365,260042,210,225196,155,34846
44:3D:54:BE:12:3C,ALL,https,3.211.61.218,598,444996,350,379528,248,65468
44:3D:54:BE:12:3C,ALL,https,3.211.75.184,594,411923,351,359033,243,52890
44:3D:54:BE:12:3C,ALL,https,3.212.182.16,230,158641,137,134095,93,24546
44:3D:54:BE:12:3C,ALL,https,3.212.188.32,70,24559,43,5176,27,19383
44:3D:54:BE:12:3C,ALL,https,3.212.23.64,545,435568,314,383446,231,52122
44:3D:54:BE:12:3C,ALL,https,3.213.239.129,281,159580,162,133306,119,26274
44:3D:54:BE:12:3C,ALL,https,3.214.173.238,2437,1702663,1435,1499937,1002,202726
44:3D:54:BE:12:3C,ALL,https,3.214.211.93,343,232213,184,197151,159,35062
44:3D:54:BE:12:3C,ALL,https,3.214.26.49,588,411802,359,359872,229,51930
44:3D:54:BE:12:3C,ALL,https,3.215.164.15,537,415189,324,358179,213,57010
44:3D:54:BE:12:3C,ALL,https,3.215.166.115,756,465640,446,396080,310,69560
44:3D:54:BE:12:3C,ALL,https,3.217.103.253,639,450036,375,395610,264,54426
44:3D:54:BE:12:3C,ALL,https,3.217.147.217,29080,4763508,11322,2641421,17758,2122087
44:3D:54:BE:12:3C,ALL,https,3.217.154.144,168,99293,107,89131,61,10162
44:3D:54:BE:12:3C,ALL,https,3.217.94.129,271,177965,146,151271,125,26694
44:3D:54:BE:12:3C,ALL,https,3.218.173.170,519,397428,295,345768,224,51660
44:3D:54:BE:12:3C,ALL,https,3.218.176.128,1955,179310,983,100554,972,78756
44:3D:54:BE:12:3C,ALL,https,3.219.90.59,94,90550,59,82104,35,8446
44:3D:54:BE:12:3C,ALL,https,3.219.95.253,502,352400,283,301082,219,51318
44:3D:54:BE:12:3C,ALL,https,3.219.98.220,385,245545,237,211233,148,34312
44:3D:54:BE:12:3C,ALL,https,3.220.177.180,56,19060,35,11538,21,7522
44:3D:54:BE:12:3C,ALL,https,3.220.207.79,1141,841569,642,740509,499,101060
44:3D:54:BE:12:3C,ALL,https,3.221.104.222,272,208528,156,176247,116,32281
44:3D:54:BE:12:3C,ALL,https,3.221.148.22,313,189679,180,156285,133,33394
44:3D:54:BE:12:3C,ALL,https,3.222.100.181,461,327404,272,284007,189,43397
44:3D:54:BE:12:3C,ALL,https,3.223.181.245,3088,578972,1237,341106,1851,237866
44:3D:54:BE:12:3C,ALL,https,3.223.20.153,415,271970,236,229356,179,42614
44:3D:54:BE:12:3C,ALL,https,3.224.18.176,260,165184,152,139636,108,25548
44:3D:54:BE:12:3C,ALL,https,3.225.113.208,654,455840,350,398816,304,57024
44:3D:54:BE:12:3C,ALL,https,3.225.3.168,324,274122,186,240470,138,33652
44:3D:54:BE:12:3C,ALL,https,3.227.120.38,354,269639,200,228783,154,40856
44:3D:54:BE:12:3C,ALL,https,3.227.83.236,3652,1256982,2108,680242,1544,576740
44:3D:54:BE:12:3C,ALL,https,3.229.114.62,728,542541,418,479045,310,63496
44:3D:54:BE:12:3C,ALL,https,3.229.29.108,283,224792,162,191184,121,33608
44:3D:54:BE:12:3C,ALL,https,3.230.114.203,201,150755,111,126407,90,24348
44:3D:54:BE:12:3C,ALL,https,3.230.56.199,205,146167,119,122083,86,24084
44:3D:54:BE:12:3C,ALL,https,3.232.142.13,87,90279,52,81792,35,8487
44:3D:54:BE:12:3C,ALL,https,3.234.19.147,304,164263,183,137869,121,26394
44:3D:54:BE:12:3C,ALL,https,3.234.204.69,263,157948,159,132676,104,25272
44:3D:54:BE:12:3C,ALL,https,3.81.193.21,324,268365,177,240195,147,28170
44:3D:54:BE:12:3C,ALL,https,3.86.119.203,93,88212,50,79197,43,9015
44:3D:54:BE:12:3C,ALL,https,3.86.168.49,483,375494,281,325274,202,50220
44:3D:54:BE:12:3C,ALL,https,3.88.98.46,1018,725193,583,634853,435,90340
44:3D:54:BE:12:3C,ALL,https,3.90.127.177,737,579451,431,510119,306,69332
44:3D:54:BE:12:3C,ALL,https,3.93.132.58,758,604390,447,534752,311,69638
44:3D:54:BE:12:3C,ALL,https,3.95.50.26,208,163561,124,145745,84,17816
44:3D:54:BE:12:3C,ALL,https,34.192.142.2,319,162603,174,134601,145,28002
44:3D:54:BE:12:3C,ALL,https,34.193.13.223,683,474204,383,411344,300,62860
44:3D:54:BE:12:3C,ALL,https,34.193.63.162,509,363713,278,317330,231,46383
44:3D:54:BE:12:3C,ALL,https,34.194.134.60,48,16473,30,3551,18,12922
44:3D:54:BE:12:3C,ALL,https,34.195.175.66,2583,878150,1479,463750,1104,414400
44:3D:54:BE:12:3C,ALL,https,34.196.10.205,883,81855,444,45563,439,36292
44:3D:54:BE:12:3C,ALL,https,34.196.248.144,821,597585,485,520089,336,77496
44:3D:54:BE:12:3C,ALL,https,34.198.70.174,237,172040,143,147428,94,24612
44:3D:54:BE:12:3C,ALL,https,34.199.210.34,882,701475,504,615071,378,86404
44:3D:54:BE:12:3C,ALL,https,34.200.148.103,532,345370,310,293890,222,51480
44:3D:54:BE:12:3C,ALL,https,34.202.199.218,261,172163,149,146351,112,25812
44:3D:54:BE:12:3C,ALL,https,34.202.218.81,638,504254,368,443434,270,60820
44:3D:54:BE:12:3C,ALL,https,34.202.50.135,604,379847,335,331341,269,48506
44:3D:54:BE:12:3C,ALL,https,34.204.154.65,1937,168806,971,97734,966,71072
44:3D:54:BE:12:3C,ALL,https,34.204.65.112,43,12681,24,4141,19,8540
44:3D:54:BE:12:3C,ALL,https,34.205.190.56,260,168469,147,142567,113,25902
44:3D:54:BE:12:3C,ALL,https,34.207.41.33,457,347553,273,304705,184,42848
44:3D:54:BE:12:3C,ALL,https,34.224.178.233,199,148231,111,124015,88,24216
44:3D:54:BE:12:3C,ALL,https,34.225.93.211,286,168653,175,142919,111,25734
44:3D:54:BE:12:3C,ALL,https,34.226.185.99,378,214845,209,179051,169,35794
44:3D:54:BE:12:3C,ALL,https,34.226.251.158,320,203169,196,176577,124,26592
44:3D:54:BE:12:3C,ALL,https,34.228.118.105,203,164245,119,140293,84,23952
44:3D:54:BE:12:3C,ALL,https,34.228.164.132,787,628071,462,551221,325,76850
44:3D:54:BE:12:3C,ALL,https,34.228.49.219,652,474971,346,405579,306,69392
44:3D:54:BE:12:3C,ALL,https,34.228.96.143,1042,800976,598,710252,444,90724
44:3D:54:BE:12:3C,ALL,https,34.231.107.232,233,188757,132,163671,101,25086
44:3D:54:BE:12:3C,ALL,https,34.231.114.140,46,18410,27,11020,19,7390
44:3D:54:BE:12:3C,ALL,https,34.231.38.28,306,186750,168,159210,138,27540
44:3D:54:BE:12:3C,ALL,https,34.232.149.254,431,354455,250,317845,181,36610
44:3D:54:BE:12:3C,ALL,https,34.234.112.178,459,377324,261,333480,198,43844
44:3D:54:BE:12:3C,ALL,https,34.236.118.167,146,85750,85,69452,61,16298
44:3D:54:BE:12:3C,ALL,https,34.237.111.59,3193,1128832,1823,622216,1370,506616
44:3D:54:BE:12:3C,ALL,https,34.238.34.237,26,8399,17,1938,9,6461
44:3D:54:BE:12:3C,ALL,https,35.153.173.192,134,96814,82,87205,52,9609
44:3D:54:BE:12:3C,ALL,https,35.153.219.142,1461,1008927,826,880933,635,127994
44:3D:54:BE:12:3C,ALL,https,35.155.9.57,31,8829,17,2068,14,6761
44:3D:54:BE:12:3C,ALL,https,35.161.96.40,34,9027,19,2200,15,6827
44:3D:54:BE:12:3C,ALL,https,35.166.62.210,35,9057,20,2230,15,6827
44:3D:54:BE:12:3C,ALL,https,35.167.225.196,73,18312,42,4592,31,13720
44:3D:54:BE:12:3C,ALL,https,35.169.150.29,652,470732,361,408473,291,62259
44:3D:54:BE:12:3C,ALL,https,35.169.2.127,378,294244,227,259698,151,34546
44:3D:54:BE:12:3C,ALL,https,35.169.226.29,368,286523,224,252475,144,34048
44:3D:54:BE:12:3C,ALL,https,35.169.32.158,261,185411,143,153031,118,32380
44:3D:54:BE:12:3C,ALL,https,35.170.1.6,360,201001,196,165621,164,35380
44:3D:54:BE:12:3C,ALL,https,35.171.231.196,207,140235,117,115863,90,24372
44:3D:54:BE:12:3C,ALL,https,35.175.71.102,20713,3251408,7918,1773086,12795,1478322
44:3D:54:BE:12:3C,ALL,https,44.193.130.254,856,597688,495,524714,361,72974
44:3D:54:BE:12:3C,ALL,https,44.193.236.65,3089,1062040,1750,568170,1339,493870
44:3D:54:BE:12:3C,ALL,https,44.194.19.5,220,193683,130,175471,90,18212
44:3D:54:BE:12:3C,ALL,https,44.195.163.34,448,357443,251,319861,197,37582
44:3D:54:BE:12:3C,ALL,https,44.195.76.253,810,579386,488,496750,322,82636
44:3D:54:BE:12:3C,ALL,https,44.196.198.78,345,246976,203,212724,142,34252
44:3D:54:BE:12:3C,ALL,https,44.196.44.189,110,78149,67,63039,43,15110
44:3D:54:BE:12:3C,ALL,https,44.197.82.26,1173,834971,653,720787,520,114184
44:3D:54:BE:12:3C,ALL,https,44.198.224.47,2578,900408,1468,490944,1110,409464
44:3D:54:BE:12:3C,ALL,https,44.199.138.71,2684,937110,1542,514894,1142,422216
44:3D:54:BE:12:3C,ALL,https,44.199.27.159,310,253431,182,220403,128,33028
44:3D:54:BE:12:3C,ALL,https,44.199.52.214,3184,1100015,1809,592961,1375,507054
44:3D:54:BE:12:3C,ALL,https,44.199.71.2,257,173368,143,141276,114,32092
44:3D:54:BE:12:3C,ALL,https,44.199.80.228,21427,3481991,8363,1953004,13064,1528987
44:3D:54:BE:12:3C,ALL,https,44.199.92.38,804,611263,447,538379,357,72884
44:3D:54:BE:12:3C,ALL,https,44.205.112.183,512,368067,310,324055,202,44012
44:3D:54:BE:12:3C,ALL,https,44.205.145.201,252,185360,151,160286,101,25074
44:3D:54:BE:12:3C,ALL,https,44.207.231.45,208,160396,121,136234,87,24162
44:3D:54:BE:12:3C,ALL,https,44.208.199.177,445,319842,247,276082,198,43760
44:3D:54:BE:12:3C,ALL,https,44.209.222.118,234,151013,136,126137,98,24876
44:3D:54:BE:12:3C,ALL,https,44.212.148.128,1033,777974,595,681426,438,96548
44:3D:54:BE:12:3C,ALL,https,44.213.139.233,507,369940,299,325532,208,44408
44:3D:54:BE:12:3C,ALL,https,44.214.113.218,314,207572,183,180506,131,27066
44:3D:54:BE:12:3C,ALL,https,44.215.115.150,155,60531,94,14427,61,46104
44:3D:54:BE:12:3C,ALL,https,44.215.115.210,110,31854,62,8224,48,23630
44:3D:54:BE:12:3C,ALL,https,44.215.129.154,54,16896,31,5028,23,11868
44:3D:54:BE:12:3C,ALL,https,44.215.129.169,69,27942,42,7008,27,20934
44:3D:54:BE:12:3C,ALL,https,44.215.132.234,77,23484,44,6003,33,17481
44:3D:54:BE:12:3C,ALL,https,44.215.132.72,28,9664,16,3659,12,6005
44:3D:54:BE:12:3C,ALL,https,44.215.133.149,77,23508,43,5961,34,17547
44:3D:54:BE:12:3C,ALL,https,44.215.133.95,94,34852,57,8411,37,26441
44:3D:54:BE:12:3C,ALL,https,44.215.134.182,81,25356,45,7455,36,17901
44:3D:54:BE:12:3C,ALL,https,44.215.138.245,55,16986,31,5052,24,11934
44:3D:54:BE:12:3C,ALL,https,44.215.143.151,142,48452,82,18427,60,30025
44:3D:54:BE:12:3C,ALL,https,44.216.161.108,802,588099,470,517039,332,71060
44:3D:54:BE:12:3C,ALL,https,44.216.216.127,499,372588,307,335372,192,37216
44:3D:54:BE:12:3C,ALL,https,44.216.29.233,1547,1180423,895,1042070,652,138353
44:3D:54:BE:12:3C,ALL,https,44.216.33.195,1614,1199398,926,1055601,688,143797
44:3D:54:BE:12:3C,ALL,https,44.216.82.69,119,75406,72,66168,47,9238
44:3D:54:BE:12:3C,ALL,https,44.217.123.191,475,334489,273,296589,202,37900
44:3D:54:BE:12:3C,ALL,https,44.217.96.177,231,176936,145,158988,86,17948
44:3D:54:BE:12:3C,ALL,https,44.218.5.36,1001,637506,594,549224,407,88282
44:3D:54:BE:12:3C,ALL,https,44.219.198.3,1937,168775,971,97702,966,71073
44:3D:54:BE:12:3C,ALL,https,44.219.41.104,1032,94060,519,52853,513,41207
44:3D:54:BE:12:3C,ALL,https,44.220.103.232,247,148342,139,122770,108,25572
44:3D:54:BE:12:3C,ALL,https,44.220.107.242,889,638864,518,552934,371,85930
44:3D:54:BE:12:3C,ALL,https,44.223.113.118,339,246811,203,219275,136,27536
44:3D:54:BE:12:3C,ALL,https,44.225.45.107,37,9189,21,2296,16,6893
44:3D:54:BE:12:3C,ALL,https,44.234.113.198,67,17928,38,4340,29,13588
44:3D:54:BE:12:3C,ALL,https,44.240.184.205,106,27249,61,6768,45,20481
44:3D:54:BE:12:3C,ALL,https,50.16.56.19,820,574672,478,502848,342,71824
44:3D:54:BE:12:3C,ALL,https,50.19.71.105,215,145193,127,120977,88,24216
44:3D:54:BE:12:3C,ALL,https,50.19.91.21,355,216406,205,181926,150,34480
44:3D:54:BE:12:3C,ALL,https,52.0.163.48,159,91436,101,81431,58,10005
44:3D:54:BE:12:3C,ALL,https,52.0.181.92,347,270750,202,242724,145,28026
44:3D:54:BE:12:3C,ALL,https,52.1.45.226,169,123984,99,100956,70,23028
44:3D:54:BE:12:3C,ALL,https,52.1.45.85,684,509130,380,433677,304,75453
44:3D:54:BE:12:3C,ALL,https,52.119.196.31,110,32840,63,8438,47,24402
44:3D:54:BE:12:3C,ALL,https,52.119.198.101,249,73995,142,19023,107,54972
44:3D:54:BE:12:3C,ALL,https,52.119.198.106,109,32815,62,8384,47,24431
44:3D:54:BE:12:3C,ALL,https,52.119.198.109,83,24657,47,6315,36,18342
44:3D:54:BE:12:3C,ALL,https,52.119.198.118,84,24711,48,6369,36,18342
44:3D:54:BE:12:3C,ALL,https,52.119.198.186,193,57550,109,14723,84,42827
44:3D:54:BE:12:3C,ALL,https,52.119.198.189,82,24603,47,6315,35,18288
44:3D:54:BE:12:3C,ALL,https,52.119.198.2,111,32918,63,8462,48,24456
44:3D:54:BE:12:3C,ALL,https,52.20.1.144,290,224992,173,192726,117,32266
44:3D:54:BE:12:3C,ALL,https,52.20.205.55,275,197966,165,172298,110,25668
44:3D:54:BE:12:3C,ALL,https,52.20.206.121,3499,1199240,1999,641484,1500,557756
44:3D:54:BE:12:3C,ALL,https,52.20.5.146,232,169560,137,144870,95,24690
44:3D:54:BE:12:3C,ALL,https,52.20.74.52,276,166588,138,139024,138,27564
44:3D:54:BE:12:3C,ALL,https,52.200.204.5,342,248082,184,212990,158,35092
44:3D:54:BE:12:3C,ALL,https,52.201.181.91,316,196444,174,167598,142,28846
44:3D:54:BE:12:3C,ALL,https,52.201.28.83,267,162843,147,142615,120,20228
44:3D:54:BE:12:3C,ALL,https,52.202.2.34,1992,680824,1138,363048,854,317776
44:3D:54:BE:12:3C,ALL,https,52.205.241.47,214,155179,131,131293,83,23886
44:3D:54:BE:12:3C,ALL,https,52.206.134.223,642,447007,364,385611,278,61396
44:3D:54:BE:12:3C,ALL,https,52.206.230.198,197,145580,114,121694,83,23886
44:3D:54:BE:12:3C,ALL,https,52.21.164.219,297,239396,159,205278,138,34118
44:3D:54:BE:12:3C,ALL,https,52.21.204.137,384,303870,229,269096,155,34774
44:3D:54:BE:12:3C,ALL,https,52.217.11.12,32,8484,18,1782,14,6702
44:3D:54:BE:12:3C,ALL,https,52.217.201.153,32,8484,19,1836,13,6648
44:3D:54:BE:12:3C,ALL,https,52.217.96.4,34,8592,19,1836,15,6756
44:3D:54:BE:12:3C,ALL,https,52.22.246.21,1498,1135177,867,1007438,631,127739
44:3D:54:BE:12:3C,ALL,https,52.23.139.173,501,431247,309,381759,192,49488
44:3D:54:BE:12:3C,ALL,https,52.3.112.115,1554,1073588,898,944142,656,129446
44:3D:54:BE:12:3C,ALL,https,52.3.41.74,795,619657,451,547583,344,72074
44:3D:54:BE:12:3C,ALL,https,52.37.30.201,37,9201,20,2242,17,6959
44:3D:54:BE:12:3C,ALL,https,52.42.206.78,36,9123,21,2296,15,6827
44:3D:54:BE:12:3C,ALL,https,52.44.67.109,1188,852115,706,734223,482,117892
44:3D:54:BE:12:3C,ALL,https,52.46.128.145,27,12293,17,2376,10,9917
44:3D:54:BE:12:3C,ALL,https,52.46.128.81,108,32732,62,8384,46,24348
44:3D:54:BE:12:3C,ALL,https,52.46.131.168,25,12156,16,2322,9,9834
44:3D:54:BE:12:3C,ALL,https,52.46.131.169,84,24711,48,6369,36,18342
44:3D:54:BE:12:3C,ALL,https,52.46.131.184,28,8237,16,2123,12,6114
44:3D:54:BE:12:3C,ALL,https,52.46.131.209,220,65728,125,16870,95,48858
44:3D:54:BE:12:3C,ALL,https,52.46.137.138,28,12347,17,2376,11,9971
44:3D:54:BE:12:3C,ALL,https,52.46.137.255,47,16441,29,3242,18,13199
44:3D:54:BE:12:3C,ALL,https,52.46.137.51,100,40944,62,7940,38,33004
44:3D:54:BE:12:3C,ALL,https,52.46.138.235,49,20389,30,3916,19,16473
44:3D:54:BE:12:3C,ALL,https,52.46.141.207,52,20580,31,3970,21,16610
44:3D:54:BE:12:3C,ALL,https,52.46.142.117,25,8316,15,1648,10,6668
44:3D:54:BE:12:3C,ALL,https,52.46.142.156,51,24395,33,4698,18,19697
44:3D:54:BE:12:3C,ALL,https,52.46.143.123,55,16444,31,4216,24,12228
44:3D:54:BE:12:3C,ALL,https,52.46.144.254,50,20501,31,3970,19,16531
44:3D:54:BE:12:3C,ALL,https,52.46.146.126,168,49422,96,12738,72,36684
44:3D:54:BE:12:3C,ALL,https,52.46.147.136,46,16358,28,3188,18,13170
44:3D:54:BE:12:3C,ALL,https,52.46.149.20,194,57551,110,14753,84,42798
44:3D:54:BE:12:3C,ALL,https,52.46.149.29,141,41239,81,10669,60,30570
44:3D:54:BE:12:3C,ALL,https,52.46.149.57,168,49422,96,12738,72,36684
44:3D:54:BE:12:3C,ALL,https,52.46.155.112,251,74132,143,19077,108,55055
44:3D:54:BE:12:3C,ALL,https,52.46.158.193,108,32744,60,8288,48,24456
44:3D:54:BE:12:3C,ALL,https,52.7.225.8,24,8237,15,1776,9,6461
44:3D:54:BE:12:3C,ALL,https,52.71.57.28,1105,776120,659,672852,446,103268
44:3D:54:BE:12:3C,ALL,https,52.72.152.167,529,402797,296,350555,233,52242
44:3D:54:BE:12:3C,ALL,https,52.94.225.206,72,32466,46,6238,26,26228
44:3D:54:BE:12:3C,ALL,https,52.94.225.227,25,8316,15,1648,10,6668
44:3D:54:BE:12:3C,ALL,https,52.94.231.169,166,49350,94,12654,72,36696
44:3D:54:BE:12:3C,ALL,https,52.94.233.94,23,8179,14,1594,9,6585
44:3D:54:BE:12:3C,ALL,https,52.94.239.41,23,8179,14,1594,9,6585
44:3D:54:BE:12:3C,ALL,https,52.94.240.240,112,32960,63,8450,49,24510
44:3D:54:BE:12:3C,ALL,https,52.94.241.146,138,41077,79,10561,59,30516
44:3D:54:BE:12:3C,ALL,https,52.94.242.236,221,65734,126,16876,95,48858
44:3D:54:BE:12:3C,ALL,https,54.144.126.135,173,137555,104,114581,69,22974
44:3D:54:BE:12:3C,ALL,https,54.144.99.255,1057,96267,532,54331,525,41936
44:3D:54:BE:12:3C,ALL,https,54.157.203.98,2763,951502,1549,508406,1214,443096
44:3D:54:BE:12:3C,ALL,https,54.159.79.240,279,188269,166,162403,113,25866
44:3D:54:BE:12:3C,ALL,https,54.160.100.127,125,91014,73,81438,52,9576
44:3D:54:BE:12:3C,ALL,https,54.162.121.86,1455,1039795,865,920827,590,118968
44:3D:54:BE:12:3C,ALL,https,54.162.170.142,329,193764,190,166170,139,27594
44:3D:54:BE:12:3C,ALL,https,54.163.70.213,340,257885,203,224287,137,33598
44:3D:54:BE:12:3C,ALL,https,54.164.163.115,2782,975965,1591,534639,1191,441326
44:3D:54:BE:12:3C,ALL,https,54.166.21.152,1835,636390,1046,338960,789,297430
44:3D:54:BE:12:3C,ALL,https,54.166.50.223,408,275512,249,240433,159,35079
44:3D:54:BE:12:3C,ALL,https,54.167.174.133,183,123517,97,99361,86,24156
44:3D:54:BE:12:3C,ALL,https,54.167.177.211,20617,3219990,7947,1754804,12670,1465186
44:3D:54:BE:12:3C,ALL,https,54.175.196.143,226,177582,126,152538,100,25044
44:3D:54:BE:12:3C,ALL,https,54.175.44.241,758,525785,422,460561,336,65224
44:3D:54:BE:12:3C,ALL,https,54.197.149.136,233,180785,136,155975,97,24810
44:3D:54:BE:12:3C,ALL,https,54.197.81.102,433,237497,267,200931,166,36566
44:3D:54:BE:12:3C,ALL,https,54.204.39.235,5781,485995,2893,288102,2888,197893
44:3D:54:BE:12:3C,ALL,https,54.205.24.65,1889,647902,1081,338554,808,309348
44:3D:54:BE:12:3C,ALL,https,54.205.43.25,1074,97620,540,55090,534,42530
44:3D:54:BE:12:3C,ALL,https,54.205.81.118,551,380739,328,323069,223,57670
44:3D:54:BE:12:3C,ALL,https,54.208.91.66,47,16716,29,3794,18,12922
44:3D:54:BE:12:3C,ALL,https,54.209.112.186,425,272165,237,228981,188,43184
44:3D:54:BE:12:3C,ALL,https,54.209.202.223,477,323487,256,278173,221,45314
44:3D:54:BE:12:3C,ALL,https,54.210.209.230,69,48883,39,40767,30,8116
44:3D:54:BE:12:3C,ALL,https,54.221.200.137,3809,1335486,2191,732642,1618,602844
44:3D:54:BE:12:3C,ALL,https,54.230.253.33,49,17572,28,3892,21,13680
44:3D:54:BE:12:3C,ALL,https,54.230.253.62,25,8819,14,1946,11,6873
44:3D:54:BE:12:3C,ALL,https,54.234.8.127,280,191302,152,158214,128,33088
44:3D:54:BE:12:3C,ALL,https,54.236.133.70,110,64198,65,48956,45,15242
44:3D:54:BE:12:3C,ALL,https,54.236.71.251,391,282416,233,247444,158,34972
44:3D:54:BE:12:3C,ALL,https,54.237.46.126,281,170903,148,143681,133,27222
44:3D:54:BE:12:3C,ALL,https,54.239.27.82,90,25067,51,6551,39,18516
44:3D:54:BE:12:3C,ALL,https,54.239.29.32,25,12156,16,2322,9,9834
44:3D:54:BE:12:3C,ALL,https,54.242.128.35,2570,893836,1474,480084,1096,413752
44:3D:54:BE:12:3C,ALL,https,54.242.226.203,90,86626,52,77982,38,8644
44:3D:54:BE:12:3C,ALL,https,54.243.58.104,1844,597233,1057,289319,787,307914
44:3D:54:BE:12:3C,ALL,https,54.80.147.137,709,515406,407,452185,302,63221
44:3D:54:BE:12:3C,ALL,https,54.80.177.58,290,174070,178,148270,112,25800
44:3D:54:BE:12:3C,ALL,https,54.80.3.6,256,175222,148,149674,108,25548
44:3D:54:BE:12:3C,ALL,https,54.81.21.190,24,8236,15,1775,9,6461
44:3D:54:BE:12:3C,ALL,https,54.81.226.6,715,429525,444,374823,271,54702
44:3D:54:BE:12:3C,ALL,https,54.81.92.201,553,403898,316,345187,237,58711
44:3D:54:BE:12:3C,ALL,https,54.82.121.64,238,162645,149,138363,89,24282
44:3D:54:BE:12:3C,ALL,https,54.85.107.25,300,200659,176,174067,124,26592
44:3D:54:BE:12:3C,ALL,https,54.85.158.232,258,202573,160,177697,98,24876
44:3D:54:BE:12:3C,ALL,https,54.86.78.52,638,519777,358,458285,280,61492
44:3D:54:BE:12:3C,ALL,https,54.89.15.5,779,593250,469,523702,310,69548
44:3D:54:BE:12:3C,ALL,https,54.89.203.180,1434,966072,826,839944,608,126128
44:3D:54:BE:12:3C,ALL,https,54.90.125.240,674,537884,381,475370,293,62514
44:3D:54:BE:12:3C,ALL,https,54.91.103.251,3829,1361521,2192,762503,1637,599018
44:3D:54:BE:12:3C,ALL,https,54.92.145.182,755,503920,444,440418,311,63502
44:3D:54:BE:12:3C,ALL,https,67.220.240.34,25,12156,16,2322,9,9834
44:3D:54:BE:12:3C,ALL,https,67.220.240.35,25,8316,15,1648,10,6668
44:3D:54:BE:12:3C,ALL,https,67.220.240.92,25,8316,15,1648,10,6668
44:3D:54:BE:12:3C,ALL,https,72.21.207.143,139,41131,79,10561,60,30570
44:3D:54:BE:12:3C,ALL,https,75.101.249.163,111,88303,65,79066,46,9237
44:3D:54:BE:12:3C,ALL,https,99.84.216.152,166,201136,113,10263,53,190873
