Device,StartTime,Frames,Bytes,TxFrames,TxBytes,RxFrames,RxBytes,LanFrames,LanBytes,LanTxFrames,LanTxBytes,LanRxFrames,LanRxBytes,WanFrames,WanBytes,WanTxFrames,WanTxBytes,WanRxFrames,WanRxBytes
DLink(FR) ,0,104,18557,68,11264,36,7293,2,407,2,407,0,0,102,18150,66,10857,36,7293
DLink(FR) ,1800,95,21572,60,9288,35,12284,4,420,4,420,0,0,91,21152,56,8868,35,12284
DLink(FR) ,3600,131,37469,81,15974,50,21495,5,722,5,722,0,0,126,36747,76,15252,50,21495
DLink(FR) ,5400,99,17606,64,10528,35,7078,0,0,0,0,0,0,99,17606,64,10528,35,7078
DLink(FR) ,7200,101,18359,68,11264,33,7095,2,407,2,407,0,0,99,17952,66,10857,33,7095
DLink(FR) ,9000,100,18018,66,10857,34,7161,0,0,0,0,0,0,100,18018,66,10857,34,7161
DLink(FR) ,10800,101,18359,68,11264,33,7095,2,407,2,407,0,0,99,17952,66,10857,33,7095
DLink(FR) ,12600,96,17408,64,10528,32,6880,0,0,0,0,0,0,96,17408,64,10528,32,6880
DLink(FR) ,14400,101,18359,68,11264,33,7095,2,407,2,407,0,0,99,17952,66,10857,33,7095
DLink(FR) ,16200,99,17952,66,10857,33,7095,0,0,0,0,0,0,99,17952,66,10857,33,7095
DLink(FR) ,18000,101,18359,68,11264,33,7095,2,407,2,407,0,0,99,17952,66,10857,33,7095
DLink(FR) ,19800,96,17408,64,10528,32,6880,0,0,0,0,0,0,96,17408,64,10528,32,6880
DLink(FR) ,21600,101,18359,68,11264,33,7095,2,407,2,407,0,0,99,17952,66,10857,33,7095
DLink(FR) ,23400,99,17952,66,10857,33,7095,0,0,0,0,0,0,99,17952,66,10857,33,7095
DLink(FR) ,25200,98,17815,66,10935,32,6880,2,407,2,407,0,0,96,17408,64,10528,32,6880
DLink(FR) ,27000,99,17952,66,10857,33,7095,0,0,0,0,0,0,99,17952,66,10857,33,7095
DLink(FR) ,28800,101,18359,68,11264,33,7095,2,407,2,407,0,0,99,17952,66,10857,33,7095
DLink(FR) ,30600,99,17952,66,10857,33,7095,0,0,0,0,0,0,99,17952,66,10857,33,7095
DLink(FR) ,32400,98,17815,66,10935,32,6880,2,407,2,407,0,0,96,17408,64,10528,32,6880
DLink(FR) ,34200,99,17952,66,10857,33,7095,0,0,0,0,0,0,99,17952,66,10857,33,7095
DLink(FR) ,36000,101,18359,68,11264,33,7095,2,407,2,407,0,0,99,17952,66,10857,33,7095
DLink(FR) ,37800,99,17952,66,10857,33,7095,0,0,0,0,0,0,99,17952,66,10857,33,7095
DLink(FR) ,39600,98,17815,66,10935,32,6880,2,407,2,407,0,0,96,17408,64,10528,32,6880
DLink(FR) ,41400,99,17952,66,10857,33,7095,0,0,0,0,0,0,99,17952,66,10857,33,7095
DLink(FR) ,43200,101,18359,68,11264,33,7095,2,407,2,407,0,0,99,17952,66,10857,33,7095
DLink(FR) ,45000,96,17408,64,10528,32,6880,0,0,0,0,0,0,96,17408,64,10528,32,6880
DLink(FR) ,46800,101,18359,68,11264,33,7095,2,407,2,407,0,0,99,17952,66,10857,33,7095
DLink(FR) ,48600,99,17952,66,10857,33,7095,0,0,0,0,0,0,99,17952,66,10857,33,7095
DLink(FR) ,50400,103,18491,68,11264,35,7227,2,407,2,407,0,0,101,18084,66,10857,35,7227
DLink(FR) ,52200,96,17408,64,10528,32,6880,0,0,0,0,0,0,96,17408,64,10528,32,6880
DLink(FR) ,54000,101,18359,68,11264,33,7095,2,407,2,407,0,0,99,17952,66,10857,33,7095
DLink(FR) ,55800,99,17952,66,10857,33,7095,0,0,0,0,0,0,99,17952,66,10857,33,7095
DLink(FR) ,57600,102,18425,68,11264,34,7161,2,407,2,407,0,0,100,18018,66,10857,34,7161
DLink(FR) ,59400,115,31058,70,15182,45,15876,0,0,0,0,0,0,115,31058,70,15182,45,15876
DLink(FR) ,61200,176,87705,104,29827,72,57878,6,827,6,827,0,0,170,86878,98,29000,72,57878
DLink(FR) ,63000,74,12876,48,7894,26,4982,5,722,5,722,0,0,69,12154,43,7172,26,4982
DLink(FR) ,64800,0,0,0,0,0,0,0,0,0,0,0,0,0,0,0,0,0,0
DLink(FR) ,66600,2,407,2,407,0,0,2,407,2,407,0,0,0,0,0,0,0,0
DLink(FR) ,68400,0,0,0,0,0,0,0,0,0,0,0,0,0,0,0,0,0,0
DLink(FR) ,70200,2,407,2,407,0,0,2,407,2,407,0,0,0,0,0,0,0,0
DLink(FR) ,72000,0,0,0,0,0,0,0,0,0,0,0,0,0,0,0,0,0,0
DLink(FR) ,73800,2,407,2,407,0,0,2,407,2,407,0,0,0,0,0,0,0,0
DLink(FR) ,75600,7,622,6,548,1,74,4,420,4,420,0,0,3,202,2,128,1,74
DLink(FR) ,77400,12,1344,10,1216,2,128,9,1142,9,1142,0,0,3,202,1,74,2,128
DLink(FR) ,79200,18,1664,15,1462,3,202,12,1260,12,1260,0,0,6,404,3,202,3,202
DLink(FR) ,81000,17,7163,9,1338,8,5825,5,722,5,722,0,0,12,6441,4,616,8,5825
DLink(FR) ,82800,109,41119,66,17797,43,23322,0,0,0,0,0,0,109,41119,66,17797,43,23322
DLink(FR) ,84600,104,18557,68,11264,36,7293,2,407,2,407,0,0,102,18150,66,10857,36,7293
DLink(FR) ,86400,106,18426,66,10857,40,7569,0,0,0,0,0,0,106,18426,66,10857,40,7569
DLink(FR) ,88200,103,18491,68,11264,35,7227,2,407,2,407,0,0,101,18084,66,10857,35,7227
DLink(FR) ,90000,97,17486,64,10528,33,6958,0,0,0,0,0,0,97,17486,64,10528,33,6958
DLink(FR) ,91800,105,18623,68,11264,37,7359,2,407,2,407,0,0,103,18216,66,10857,37,7359
DLink(FR) ,93600,100,18018,66,10857,34,7161,0,0,0,0,0,0,100,18018,66,10857,34,7161
DLink(FR) ,95400,100,17947,66,10935,34,7012,2,407,2,407,0,0,98,17540,64,10528,34,7012
DLink(FR) ,97200,101,18084,66,10857,35,7227,0,0,0,0,0,0,101,18084,66,10857,35,7227
DLink(FR) ,99000,101,18359,68,11264,33,7095,2,407,2,407,0,0,99,17952,66,10857,33,7095
DLink(FR) ,100800,102,18150,66,10857,36,7293,0,0,0,0,0,0,102,18150,66,10857,36,7293
DLink(FR) ,102600,101,18025,66,10935,35,7090,2,407,2,407,0,0,99,17618,64,10528,35,7090
DLink(FR) ,104400,107,18480,66,10857,41,7623,0,0,0,0,0,0,107,18480,66,10857,41,7623
DLink(FR) ,106200,105,18623,68,11264,37,7359,2,407,2,407,0,0,103,18216,66,10857,37,7359
DLink(FR) ,108000,104,18294,66,10857,38,7437,0,0,0,0,0,0,104,18294,66,10857,38,7437
DLink(FR) ,109800,100,17947,66,10935,34,7012,2,407,2,407,0,0,98,17540,64,10528,34,7012
DLink(FR) ,111600,101,18084,66,10857,35,7227,0,0,0,0,0,0,101,18084,66,10857,35,7227
DLink(FR) ,113400,104,18557,68,11264,36,7293,2,407,2,407,0,0,102,18150,66,10857,36,7293
DLink(FR) ,115200,96,17408,64,10528,32,6880,0,0,0,0,0,0,96,17408,64,10528,32,6880
DLink(FR) ,117000,103,18491,68,11264,35,7227,2,407,2,407,0,0,101,18084,66,10857,35,7227
DLink(FR) ,118800,99,17952,66,10857,33,7095,0,0,0,0,0,0,99,17952,66,10857,33,7095
DLink(FR) ,120600,107,18767,68,11264,39,7503,2,407,2,407,0,0,105,18360,66,10857,39,7503
DLink(FR) ,122400,96,17408,64,10528,32,6880,0,0,0,0,0,0,96,17408,64,10528,32,6880
DLink(FR) ,124200,101,18359,68,11264,33,7095,2,407,2,407,0,0,99,17952,66,10857,33,7095
DLink(FR) ,126000,101,18096,66,10857,35,7239,0,0,0,0,0,0,101,18096,66,10857,35,7239
DLink(FR) ,127800,102,18425,68,11264,34,7161,2,407,2,407,0,0,100,18018,66,10857,34,7161
DLink(FR) ,129600,96,17408,64,10528,32,6880,0,0,0,0,0,0,96,17408,64,10528,32,6880
DLink(FR) ,131400,101,18359,68,11264,33,7095,2,407,2,407,0,0,99,17952,66,10857,33,7095
DLink(FR) ,133200,100,18018,66,10857,34,7161,0,0,0,0,0,0,100,18018,66,10857,34,7161
DLink(FR) ,135000,98,17815,66,10935,32,6880,2,407,2,407,0,0,96,17408,64,10528,32,6880
DLink(FR) ,136800,99,17952,66,10857,33,7095,0,0,0,0,0,0,99,17952,66,10857,33,7095
DLink(FR) ,138600,102,18425,68,11264,34,7161,2,407,2,407,0,0,100,18018,66,10857,34,7161
DLink(FR) ,140400,100,18018,66,10857,34,7161,0,0,0,0,0,0,100,18018,66,10857,34,7161
DLink(FR) ,142200,99,17881,66,10935,33,6946,2,407,2,407,0,0,97,17474,64,10528,33,6946
DLink(FR) ,144000,101,18084,66,10857,35,7227,0,0,0,0,0,0,101,18084,66,10857,35,7227
DLink(FR) ,145800,103,18491,68,11264,35,7227,2,407,2,407,0,0,101,18084,66,10857,35,7227
DLink(FR) ,147600,99,17952,66,10857,33,7095,0,0,0,0,0,0,99,17952,66,10857,33,7095
DLink(FR) ,149400,100,17947,66,10935,34,7012,2,407,2,407,0,0,98,17540,64,10528,34,7012
DLink(FR) ,151200,104,18282,66,10857,38,7425,0,0,0,0,0,0,104,18282,66,10857,38,7425
DLink(FR) ,153000,101,18359,68,11264,33,7095,2,407,2,407,0,0,99,17952,66,10857,33,7095
DLink(FR) ,154800,96,17408,64,10528,32,6880,0,0,0,0,0,0,96,17408,64,10528,32,6880
DLink(FR) ,156600,103,18491,68,11264,35,7227,2,407,2,407,0,0,101,18084,66,10857,35,7227
DLink(FR) ,158400,100,18018,66,10857,34,7161,0,0,0,0,0,0,100,18018,66,10857,34,7161
DLink(FR) ,160200,104,18557,68,11264,36,7293,2,407,2,407,0,0,102,18150,66,10857,36,7293
DLink(FR) ,162000,98,17540,64,10528,34,7012,0,0,0,0,0,0,98,17540,64,10528,34,7012
DLink(FR) ,163800,102,18425,68,11264,34,7161,2,407,2,407,0,0,100,18018,66,10857,34,7161
DLink(FR) ,165600,100,18018,66,10857,34,7161,0,0,0,0,0,0,100,18018,66,10857,34,7161
DLink(FR) ,167400,101,18359,68,11264,33,7095,2,407,2,407,0,0,99,17952,66,10857,33,7095
DLink(FR) ,169200,119,25667,76,12200,43,13467,0,0,0,0,0,0,119,25667,76,12200,43,13467
DLink(FR) ,171000,123,32863,78,16379,45,16484,2,407,2,407,0,0,121,32456,76,15972,45,16484
DLink(FR) ,172800,104,18282,66,10857,38,7425,0,0,0,0,0,0,104,18282,66,10857,38,7425
DLink(FR) ,174600,100,17947,66,10935,34,7012,2,407,2,407,0,0,98,17540,64,10528,34,7012
DLink(FR) ,176400,101,18084,66,10857,35,7227,0,0,0,0,0,0,101,18084,66,10857,35,7227
DLink(FR) ,178200,103,18491,68,11264,35,7227,2,407,2,407,0,0,101,18084,66,10857,35,7227
DLink(FR) ,180000,101,18084,66,10857,35,7227,0,0,0,0,0,0,101,18084,66,10857,35,7227
DLink(FR) ,181800,101,18013,66,10935,35,7078,2,407,2,407,0,0,99,17606,64,10528,35,7078
DLink(FR) ,183600,99,17952,66,10857,33,7095,0,0,0,0,0,0,99,17952,66,10857,33,7095
DLink(FR) ,185400,103,18491,68,11264,35,7227,2,407,2,407,0,0,101,18084,66,10857,35,7227
DLink(FR) ,187200,96,17408,64,10528,32,6880,0,0,0,0,0,0,96,17408,64,10528,32,6880
DLink(FR) ,189000,106,18701,68,11264,38,7437,2,407,2,407,0,0,104,18294,66,10857,38,7437
DLink(FR) ,190800,99,17952,66,10857,33,7095,0,0,0,0,0,0,99,17952,66,10857,33,7095
DLink(FR) ,192600,105,18623,68,11264,37,7359,2,407,2,407,0,0,103,18216,66,10857,37,7359
DLink(FR) ,194400,99,17606,64,10528,35,7078,0,0,0,0,0,0,99,17606,64,10528,35,7078
DLink(FR) ,196200,103,18491,68,11264,35,7227,2,407,2,407,0,0,101,18084,66,10857,35,7227
DLink(FR) ,198000,438,183281,269,156018,169,27263,36,2412,36,2412,0,0,402,180869,233,153606,169,27263
DLink(FR) ,199800,104,18569,68,11264,36,7305,2,407,2,407,0,0,102,18162,66,10857,36,7305
DLink(FR) ,201600,100,17672,64,10528,36,7144,0,0,0,0,0,0,100,17672,64,10528,36,7144
DLink(FR) ,203400,103,18503,68,11264,35,7239,2,407,2,407,0,0,101,18096,66,10857,35,7239
DLink(FR) ,205200,107,18480,66,10857,41,7623,0,0,0,0,0,0,107,18480,66,10857,41,7623
DLink(FR) ,207000,101,18025,66,10935,35,7090,2,407,2,407,0,0,99,17618,64,10528,35,7090
DLink(FR) ,208800,104,18282,66,10857,38,7425,0,0,0,0,0,0,104,18282,66,10857,38,7425
DLink(FR) ,210600,101,18359,68,11264,33,7095,2,407,2,407,0,0,99,17952,66,10857,33,7095
DLink(FR) ,212400,101,18084,66,10857,35,7227,0,0,0,0,0,0,101,18084,66,10857,35,7227
DLink(FR) ,214200,100,17947,66,10935,34,7012,2,407,2,407,0,0,98,17540,64,10528,34,7012
DLink(FR) ,216000,102,18150,66,10857,36,7293,0,0,0,0,0,0,102,18150,66,10857,36,7293
DLink(FR) ,217800,101,18359,68,11264,33,7095,2,407,2,407,0,0,99,17952,66,10857,33,7095
DLink(FR) ,219600,98,17540,64,10528,34,7012,0,0,0,0,0,0,98,17540,64,10528,34,7012
DLink(FR) ,221400,103,18491,68,11264,35,7227,2,407,2,407,0,0,101,18084,66,10857,35,7227
DLink(FR) ,223200,102,18162,66,10857,36,7305,0,0,0,0,0,0,102,18162,66,10857,36,7305
DLink(FR) ,225000,106,18689,68,11264,38,7425,2,407,2,407,0,0,104,18282,66,10857,38,7425
DLink(FR) ,226800,98,17540,64,10528,34,7012,0,0,0,0,0,0,98,17540,64,10528,34,7012
DLink(FR) ,228600,109,18887,68,11264,41,7623,2,407,2,407,0,0,107,18480,66,10857,41,7623
DLink(FR) ,230400,103,18216,66,10857,37,7359,0,0,0,0,0,0,103,18216,66,10857,37,7359
DLink(FR) ,232200,103,18491,68,11264,35,7227,2,407,2,407,0,0,101,18084,66,10857,35,7227
DLink(FR) ,234000,98,17540,64,10528,34,7012,0,0,0,0,0,0,98,17540,64,10528,34,7012
DLink(FR) ,235800,17009,17333783,10549,16888152,6460,445631,2,407,2,407,0,0,17007,17333376,10547,16887745,6460,445631
DLink(FR) ,237600,100,18018,66,10857,34,7161,0,0,0,0,0,0,100,18018,66,10857,34,7161
DLink(FR) ,239400,17440,17797118,10822,17334823,6618,462295,2,407,2,407,0,0,17438,17796711,10820,17334416,6618,462295
DLink(FR) ,241200,103,18216,66,10857,37,7359,0,0,0,0,0,0,103,18216,66,10857,37,7359
DLink(FR) ,243000,5928,6170432,3728,6013418,2200,157014,2,407,2,407,0,0,5926,6170025,3726,6013011,2200,157014
DLink(FR) ,244800,21722,22544641,13620,21983838,8102,560803,0,0,0,0,0,0,21722,22544641,13620,21983838,8102,560803
DLink(FR) ,246600,17531,17904165,11114,17461617,6417,442548,2,407,2,407,0,0,17529,17903758,11112,17461210,6417,442548
DLink(FR) ,248400,2149,2183476,1334,2124331,815,59145,0,0,0,0,0,0,2149,2183476,1334,2124331,815,59145
DLink(FR) ,250200,12144,12644203,7495,12318574,4649,325629,2,407,2,407,0,0,12142,12643796,7493,12318167,4649,325629
DLink(FR) ,252000,12151,12656632,7602,12337687,4549,318945,0,0,0,0,0,0,12151,12656632,7602,12337687,4549,318945
DLink(FR) ,253800,5976,5942855,3734,5783202,2242,159653,2,407,2,407,0,0,5974,5942448,3732,5782795,2242,159653
DLink(FR) ,0,178,74253,102,30528,76,43725,2,407,2,407,0,0,176,73846,100,30121,76,43725
DLink(FR) ,1800,0,0,0,0,0,0,0,0,0,0,0,0,0,0,0,0,0,0
DLink(FR) ,3600,2,407,2,407,0,0,2,407,2,407,0,0,0,0,0,0,0,0
DLink(FR) ,5400,40,17430,22,6908,18,10522,0,0,0,0,0,0,40,17430,22,6908,18,10522
DLink(FR) ,7200,2,407,2,407,0,0,2,407,2,407,0,0,0,0,0,0,0,0
DLink(FR) ,9000,60,25401,37,9002,23,16399,12,1457,12,1457,0,0,48,23944,25,7545,23,16399
DLink(FR) ,10800,76,30419,49,10530,27,19889,16,1680,16,1680,0,0,60,28739,33,8850,27,19889
DLink(FR) ,12600,125,33031,79,16469,46,16562,2,407,2,407,0,0,123,32624,77,16062,46,16562
DLink(FR) ,14400,102,18150,66,10857,36,7293,0,0,0,0,0,0,102,18150,66,10857,36,7293
DLink(FR) ,16200,102,18437,68,11264,34,7173,2,407,2,407,0,0,100,18030,66,10857,34,7173
DLink(FR) ,18000,103,18228,66,10857,37,7371,0,0,0,0,0,0,103,18228,66,10857,37,7371
DLink(FR) ,19800,98,17815,66,10935,32,6880,2,407,2,407,0,0,96,17408,64,10528,32,6880
DLink(FR) ,21600,102,18150,66,10857,36,7293,0,0,0,0,0,0,102,18150,66,10857,36,7293
DLink(FR) ,23400,101,18383,68,11288,33,7095,2,407,2,407,0,0,99,17976,66,10881,33,7095
DLink(FR) ,25200,96,17420,64,10540,32,6880,0,0,0,0,0,0,96,17420,64,10540,32,6880
DLink(FR) ,27000,104,18557,68,11264,36,7293,2,407,2,407,0,0,102,18150,66,10857,36,7293
DLink(FR) ,28800,101,18096,66,10869,35,7227,0,0,0,0,0,0,101,18096,66,10869,35,7227
DLink(FR) ,30600,106,18689,68,11264,38,7425,2,407,2,407,0,0,104,18282,66,10857,38,7425
DLink(FR) ,32400,105,18002,64,10528,41,7474,0,0,0,0,0,0,105,18002,64,10528,41,7474
DLink(FR) ,34200,110,18977,68,11288,42,7689,2,407,2,407,0,0,108,18570,66,10881,42,7689
DLink(FR) ,36000,110,18702,66,10881,44,7821,0,0,0,0,0,0,110,18702,66,10881,44,7821
DLink(FR) ,37800,126,32912,76,16247,50,16665,2,407,2,407,0,0,124,32505,74,15840,50,16665
DLink(FR) ,39600,95,33556,56,12098,39,21458,8,840,8,840,0,0,87,32716,48,11258,39,21458
DLink(FR) ,41400,127,46093,75,14915,52,31178,5,722,5,722,0,0,122,45371,70,14193,52,31178
DLink(FR) ,43200,93,35249,56,11860,37,23389,13,1562,13,1562,0,0,80,33687,43,10298,37,23389
DLink(FR) ,45000,29,3951,21,2839,8,1112,12,1260,12,1260,0,0,17,2691,9,1579,8,1112
DLink(FR) ,46800,159,55820,89,21387,70,34433,5,722,5,722,0,0,154,55098,84,20665,70,34433
DLink(FR) ,48600,156,53391,93,22006,63,31385,4,420,4,420,0,0,152,52971,89,21586,63,31385
DLink(FR) ,50400,149,48001,89,21769,60,26232,2,407,2,407,0,0,147,47594,87,21362,60,26232
DLink(FR) ,52200,110,18344,64,10540,46,7804,0,0,0,0,0,0,110,18344,64,10540,46,7804
DLink(FR) ,54000,113,19151,68,11264,45,7887,2,407,2,407,0,0,111,18744,66,10857,45,7887
DLink(FR) ,55800,105,18348,66,10857,39,7491,0,0,0,0,0,0,105,18348,66,10857,39,7491
DLink(FR) ,57600,104,18557,68,11264,36,7293,2,407,2,407,0,0,102,18150,66,10857,36,7293
DLink(FR) ,59400,98,17552,64,10540,34,7012,0,0,0,0,0,0,98,17552,64,10540,34,7012
DLink(FR) ,61200,102,18425,68,11264,34,7161,2,407,2,407,0,0,100,18018,66,10857,34,7161
DLink(FR) ,63000,103,18228,66,10869,37,7359,0,0,0,0,0,0,103,18228,66,10869,37,7359
DLink(FR) ,64800,102,18425,68,11264,34,7161,2,407,2,407,0,0,100,18018,66,10857,34,7161
DLink(FR) ,66600,96,17420,64,10540,32,6880,0,0,0,0,0,0,96,17420,64,10540,32,6880
DLink(FR) ,68400,101,18359,68,11264,33,7095,2,407,2,407,0,0,99,17952,66,10857,33,7095
DLink(FR) ,70200,99,17952,66,10857,33,7095,0,0,0,0,0,0,99,17952,66,10857,33,7095
DLink(FR) ,72000,98,17815,66,10935,32,6880,2,407,2,407,0,0,96,17408,64,10528,32,6880
DLink(FR) ,73800,99,17952,66,10857,33,7095,0,0,0,0,0,0,99,17952,66,10857,33,7095
DLink(FR) ,75600,101,18359,68,11264,33,7095,2,407,2,407,0,0,99,17952,66,10857,33,7095
DLink(FR) ,77400,99,17964,66,10869,33,7095,0,0,0,0,0,0,99,17964,66,10869,33,7095
DLink(FR) ,79200,100,17959,66,10947,34,7012,2,407,2,407,0,0,98,17552,64,10540,34,7012
DLink(FR) ,81000,99,17952,66,10857,33,7095,0,0,0,0,0,0,99,17952,66,10857,33,7095
DLink(FR) ,82800,101,18371,68,11276,33,7095,2,407,2,407,0,0,99,17964,66,10869,33,7095
DLink(FR) ,84600,99,17952,66,10857,33,7095,0,0,0,0,0,0,99,17952,66,10857,33,7095
DLink(FR) ,86400,98,17827,66,10947,32,6880,2,407,2,407,0,0,96,17420,64,10540,32,6880
DLink(FR) ,88200,99,17952,66,10857,33,7095,0,0,0,0,0,0,99,17952,66,10857,33,7095
DLink(FR) ,90000,104,18557,68,11264,36,7293,2,407,2,407,0,0,102,18150,66,10857,36,7293
DLink(FR) ,91800,100,17672,64,10528,36,7144,0,0,0,0,0,0,100,17672,64,10528,36,7144
DLink(FR) ,93600,106,18701,68,11276,38,7425,2,407,2,407,0,0,104,18294,66,10869,38,7425
DLink(FR) ,95400,103,18216,66,10857,37,7359,0,0,0,0,0,0,103,18216,66,10857,37,7359
DLink(FR) ,97200,102,18425,68,11264,34,7161,2,407,2,407,0,0,100,18018,66,10857,34,7161
DLink(FR) ,99000,97,17498,64,10552,33,6946,0,0,0,0,0,0,97,17498,64,10552,33,6946
DLink(FR) ,100800,101,18371,68,11276,33,7095,2,407,2,407,0,0,99,17964,66,10869,33,7095
DLink(FR) ,102600,100,18018,66,10857,34,7161,0,0,0,0,0,0,100,18018,66,10857,34,7161
DLink(FR) ,104400,101,18359,68,11264,33,7095,2,407,2,407,0,0,99,17952,66,10857,33,7095
DLink(FR) ,106200,98,17552,64,10540,34,7012,0,0,0,0,0,0,98,17552,64,10540,34,7012
DLink(FR) ,108000,101,18359,68,11264,33,7095,2,407,2,407,0,0,99,17952,66,10857,33,7095
DLink(FR) ,109800,99,17964,66,10869,33,7095,0,0,0,0,0,0,99,17964,66,10869,33,7095
DLink(FR) ,111600,98,17815,66,10935,32,6880,2,407,2,407,0,0,96,17408,64,10528,32,6880
DLink(FR) ,113400,99,17952,66,10857,33,7095,0,0,0,0,0,0,99,17952,66,10857,33,7095
DLink(FR) ,115200,101,18371,68,11276,33,7095,2,407,2,407,0,0,99,17964,66,10869,33,7095
DLink(FR) ,117000,99,17952,66,10857,33,7095,0,0,0,0,0,0,99,17952,66,10857,33,7095
DLink(FR) ,118800,101,18025,66,10947,35,7078,2,407,2,407,0,0,99,17618,64,10540,35,7078
DLink(FR) ,120600,105,18348,66,10857,39,7491,0,0,0,0,0,0,105,18348,66,10857,39,7491
DLink(FR) ,122400,107,18755,68,11264,39,7491,2,407,2,407,0,0,105,18348,66,10857,39,7491
DLink(FR) ,124200,105,18348,66,10857,39,7491,0,0,0,0,0,0,105,18348,66,10857,39,7491
DLink(FR) ,126000,104,18211,66,10935,38,7276,2,407,2,407,0,0,102,17804,64,10528,38,7276
DLink(FR) ,127800,108,18546,66,10857,42,7689,0,0,0,0,0,0,108,18546,66,10857,42,7689
DLink(FR) ,129600,116,41930,64,13858,52,28072,5,722,5,722,0,0,111,41208,59,13136,52,28072
DLink(FR) ,131400,162,68882,91,24726,71,44156,5,722,5,722,0,0,157,68160,86,24004,71,44156
DLink(FR) ,133200,108,29546,64,14195,44,15351,0,0,0,0,0,0,108,29546,64,14195,44,15351
DLink(FR) ,135000,136,43928,86,16838,50,27090,4,420,4,420,0,0,132,43508,82,16418,50,27090
DLink(FR) ,136800,88,25434,53,12312,35,13122,10,1247,10,1247,0,0,78,24187,43,11065,35,13122
DLink(FR) ,138600,119,51411,65,17028,54,34383,5,722,5,722,0,0,114,50689,60,16306,54,34383
DLink(FR) ,140400,133,40346,76,15664,57,24682,0,0,0,0,0,0,133,40346,76,15664,57,24682
DLink(FR) ,142200,123,42306,73,18534,50,23772,2,407,2,407,0,0,121,41899,71,18127,50,23772
DLink(FR) ,144000,162,58535,93,21743,69,36792,4,420,4,420,0,0,158,58115,89,21323,69,36792
DLink(FR) ,145800,128,32769,76,15972,52,16797,0,0,0,0,0,0,128,32769,76,15972,52,16797
DLink(FR) ,147600,153,47943,89,21757,64,26186,2,407,2,407,0,0,151,47536,87,21350,64,26186
DLink(FR) ,149400,129,32835,77,16038,52,16797,0,0,0,0,0,0,129,32835,77,16038,52,16797
DLink(FR) ,151200,103,18491,68,11264,35,7227,2,407,2,407,0,0,101,18084,66,10857,35,7227
DLink(FR) ,153000,104,18282,66,10857,38,7425,0,0,0,0,0,0,104,18282,66,10857,38,7425
DLink(FR) ,154800,100,17947,66,10935,34,7012,2,407,2,407,0,0,98,17540,64,10528,34,7012
DLink(FR) ,156600,101,18084,66,10857,35,7227,0,0,0,0,0,0,101,18084,66,10857,35,7227
DLink(FR) ,158400,101,18359,68,11264,33,7095,2,407,2,407,0,0,99,17952,66,10857,33,7095
DLink(FR) ,160200,98,17540,64,10528,34,7012,0,0,0,0,0,0,98,17540,64,10528,34,7012
DLink(FR) ,162000,103,18491,68,11264,35,7227,2,407,2,407,0,0,101,18084,66,10857,35,7227
DLink(FR) ,163800,100,18030,66,10869,34,7161,0,0,0,0,0,0,100,18030,66,10869,34,7161
DLink(FR) ,165600,106,18689,68,11264,38,7425,2,407,2,407,0,0,104,18282,66,10857,38,7425
DLink(FR) ,167400,102,17804,64,10528,38,7276,0,0,0,0,0,0,102,17804,64,10528,38,7276
DLink(FR) ,169200,113,19163,68,11276,45,7887,2,407,2,407,0,0,111,18756,66,10869,45,7887
DLink(FR) ,171000,104,18294,66,10869,38,7425,0,0,0,0,0,0,104,18294,66,10869,38,7425
DLink(FR) ,172800,107,18755,68,11264,39,7491,2,407,2,407,0,0,105,18348,66,10857,39,7491
DLink(FR) ,174600,121,51102,66,17344,55,33758,7,735,7,735,0,0,114,50367,59,16609,55,33758
DLink(FR) ,176400,102,18162,66,10869,36,7293,0,0,0,0,0,0,102,18162,66,10869,36,7293
DLink(FR) ,178200,146,51388,84,20782,62,30606,2,407,2,407,0,0,144,50981,82,20375,62,30606
DLink(FR) ,180000,112,35125,67,14375,45,20750,0,0,0,0,0,0,112,35125,67,14375,45,20750
DLink(FR) ,181800,76,34799,42,14044,34,20755,5,722,5,722,0,0,71,34077,37,13322,34,20755
DLink(FR) ,183600,12,1344,10,1216,2,128,9,1142,9,1142,0,0,3,202,1,74,2,128
DLink(FR) ,185400,4,420,4,420,0,0,4,420,4,420,0,0,0,0,0,0,0,0
DLink(FR) ,187200,14,1328,9,998,5,330,5,722,5,722,0,0,9,606,4,276,5,330
DLink(FR) ,189000,11,6375,4,616,7,5759,0,0,0,0,0,0,11,6375,4,616,7,5759
DLink(FR) ,190800,53,24729,31,8372,22,16357,6,827,6,827,0,0,47,23902,25,7545,22,16357
DLink(FR) ,192600,0,0,0,0,0,0,0,0,0,0,0,0,0,0,0,0,0,0
DLink(FR) ,194400,2,407,2,407,0,0,2,407,2,407,0,0,0,0,0,0,0,0
DLink(FR) ,196200,23,7731,15,1898,8,5833,9,1142,9,1142,0,0,14,6589,6,756,8,5833
DLink(FR) ,198000,21,12696,9,1298,12,11398,0,0,0,0,0,0,21,12696,9,1298,12,11398
DLink(FR) ,199800,68,36189,31,8526,37,27663,2,407,2,407,0,0,66,35782,29,8119,37,27663
DLink(FR) ,201600,24,12906,10,1388,14,11518,0,0,0,0,0,0,24,12906,10,1388,14,11518
DLink(FR) ,203400,24,13169,10,1651,14,11518,2,407,2,407,0,0,22,12762,8,1244,14,11518
DLink(FR) ,205200,11,6387,4,628,7,5759,0,0,0,0,0,0,11,6387,4,628,7,5759
DLink(FR) ,207000,13,6806,7,1113,6,5693,2,407,2,407,0,0,11,6399,5,706,6,5693
DLink(FR) ,208800,79,25210,50,11707,29,13503,0,0,0,0,0,0,79,25210,50,11707,29,13503
DLink(FR) ,210600,32,5686,20,3565,12,2121,2,407,2,407,0,0,30,5279,18,3158,12,2121
DLink(FR) ,212400,3,202,1,74,2,128,0,0,0,0,0,0,3,202,1,74,2,128
DLink(FR) ,214200,5,722,5,722,0,0,5,722,5,722,0,0,0,0,0,0,0,0
DLink(FR) ,216000,10,937,9,863,1,74,7,735,7,735,0,0,3,202,2,128,1,74
DLink(FR) ,217800,2,407,2,407,0,0,2,407,2,407,0,0,0,0,0,0,0,0
DLink(FR) ,219600,11,1042,10,968,1,74,8,840,8,840,0,0,3,202,2,128,1,74
DLink(FR) ,221400,2,407,2,407,0,0,2,407,2,407,0,0,0,0,0,0,0,0
DLink(FR) ,223200,27,12104,19,5041,8,7063,7,735,7,735,0,0,20,11369,12,4306,8,7063
DLink(FR) ,225000,28,8177,20,2352,8,5825,13,1562,13,1562,0,0,15,6615,7,790,8,5825
DLink(FR) ,226800,74,36921,34,4892,40,32029,9,1142,9,1142,0,0,65,35779,25,3750,40,32029
DLink(FR) ,228600,104,50573,53,11219,51,39354,8,840,8,840,0,0,96,49733,45,10379,51,39354
DLink(FR) ,230400,70,11959,45,7341,25,4618,6,827,6,827,0,0,64,11132,39,6514,25,4618
DLink(FR) ,232200,45,28845,25,9202,20,19643,4,420,4,420,0,0,41,28425,21,8782,20,19643
DLink(FR) ,234000,31,15707,17,6049,14,9658,2,407,2,407,0,0,29,15300,15,5642,14,9658
DLink(FR) ,235800,80,38257,45,10138,35,28119,4,420,4,420,0,0,76,37837,41,9718,35,28119
DLink(FR) ,237600,109,30084,65,14536,44,15548,2,407,2,407,0,0,107,29677,63,14129,44,15548
DLink(FR) ,239400,52,21239,30,7863,22,13376,8,840,8,840,0,0,44,20399,22,7023,22,13376
DLink(FR) ,241200,20,2184,18,2056,2,128,17,1982,17,1982,0,0,3,202,1,74,2,128
DLink(FR) ,243000,57,27074,32,4224,25,22850,13,1562,13,1562,0,0,44,25512,19,2662,25,22850
DLink(FR) ,244800,127,56652,72,17948,55,38704,4,420,4,420,0,0,123,56232,68,17528,55,38704
DLink(FR) ,246600,144,47048,85,21043,59,26005,2,407,2,407,0,0,142,46641,83,20636,59,26005
DLink(FR) ,248400,122,32397,75,15918,47,16479,0,0,0,0,0,0,122,32397,75,15918,47,16479
DLink(FR) ,250200,132,33308,78,16379,54,16929,2,407,2,407,0,0,130,32901,76,15972,54,16929
DLink(FR) ,252000,104,18282,66,10857,38,7425,0,0,0,0,0,0,104,18282,66,10857,38,7425
DLink(FR) ,253800,103,18491,68,11264,35,7227,2,407,2,407,0,0,101,18084,66,10857,35,7227
DLink(FR) ,255600,101,17738,64,10528,37,7210,0,0,0,0,0,0,101,17738,64,10528,37,7210
DLink(FR) ,257400,104,18569,68,11276,36,7293,2,407,2,407,0,0,102,18162,66,10869,36,7293
DLink(FR) ,259200,103,18216,66,10857,37,7359,0,0,0,0,0,0,103,18216,66,10857,37,7359
DLink(FR) ,261000,99,17893,66,10947,33,6946,2,407,2,407,0,0,97,17486,64,10540,33,6946
DLink(FR) ,262800,108,18558,66,10869,42,7689,0,0,0,0,0,0,108,18558,66,10869,42,7689
DLink(FR) ,264600,104,18557,68,11264,36,7293,2,407,2,407,0,0,102,18150,66,10857,36,7293
DLink(FR) ,266400,102,18150,66,10857,36,7293,0,0,0,0,0,0,102,18150,66,10857,36,7293
DLink(FR) ,268200,98,17815,66,10935,32,6880,2,407,2,407,0,0,96,17408,64,10528,32,6880
DLink(FR) ,270000,103,18228,66,10869,37,7359,0,0,0,0,0,0,103,18228,66,10869,37,7359
DLink(FR) ,271800,107,18767,68,11276,39,7491,2,407,2,407,0,0,105,18360,66,10869,39,7491
DLink(FR) ,273600,105,18372,66,10881,39,7491,0,0,0,0,0,0,105,18372,66,10881,39,7491
DLink(FR) ,275400,102,18091,66,10947,36,7144,2,407,2,407,0,0,100,17684,64,10540,36,7144
DLink(FR) ,277200,103,18228,66,10869,37,7359,0,0,0,0,0,0,103,18228,66,10869,37,7359
DLink(FR) ,279000,101,18359,68,11264,33,7095,2,407,2,407,0,0,99,17952,66,10857,33,7095
DLink(FR) ,280800,97,17474,64,10528,33,6946,0,0,0,0,0,0,97,17474,64,10528,33,6946
DLink(FR) ,282600,105,18623,68,11264,37,7359,2,407,2,407,0,0,103,18216,66,10857,37,7359
DLink(FR) ,284400,102,18150,66,10857,36,7293,0,0,0,0,0,0,102,18150,66,10857,36,7293
DLink(FR) ,286200,106,18689,68,11264,38,7425,2,407,2,407,0,0,104,18282,66,10857,38,7425
DLink(FR) ,288000,96,17420,64,10540,32,6880,0,0,0,0,0,0,96,17420,64,10540,32,6880
DLink(FR) ,289800,104,18557,68,11264,36,7293,2,407,2,407,0,0,102,18150,66,10857,36,7293
DLink(FR) ,291600,99,17952,66,10857,33,7095,0,0,0,0,0,0,99,17952,66,10857,33,7095
DLink(FR) ,293400,105,18623,68,11264,37,7359,2,407,2,407,0,0,103,18216,66,10857,37,7359
DLink(FR) ,295200,97,17474,64,10528,33,6946,0,0,0,0,0,0,97,17474,64,10528,33,6946
DLink(FR) ,297000,105,18623,68,11264,37,7359,2,407,2,407,0,0,103,18216,66,10857,37,7359
DLink(FR) ,298800,104,18282,66,10857,38,7425,0,0,0,0,0,0,104,18282,66,10857,38,7425
DLink(FR) ,300600,99,17893,66,10947,33,6946,2,407,2,407,0,0,97,17486,64,10540,33,6946
DLink(FR) ,302400,101,18096,66,10869,35,7227,0,0,0,0,0,0,101,18096,66,10869,35,7227
DLink(FR) ,304200,107,18779,68,11288,39,7491,2,407,2,407,0,0,105,18372,66,10881,39,7491
DLink(FR) ,306000,105,18348,66,10857,39,7491,0,0,0,0,0,0,105,18348,66,10857,39,7491
DLink(FR) ,307800,102,18079,66,10935,36,7144,2,407,2,407,0,0,100,17672,64,10528,36,7144
DLink(FR) ,309600,103,18228,66,10869,37,7359,0,0,0,0,0,0,103,18228,66,10869,37,7359
DLink(FR) ,311400,105,18623,68,11264,37,7359,2,407,2,407,0,0,103,18216,66,10857,37,7359
DLink(FR) ,313200,101,18096,66,10869,35,7227,0,0,0,0,0,0,101,18096,66,10869,35,7227
DLink(FR) ,315000,103,18169,66,10947,37,7222,2,407,2,407,0,0,101,17762,64,10540,37,7222
DLink(FR) ,316800,126,32315,77,15853,49,16462,0,0,0,0,0,0,126,32315,77,15853,49,16462
DLink(FR) ,318600,134,33649,81,16589,53,17060,2,407,2,407,0,0,132,33242,79,16182,53,17060
DLink(FR) ,320400,101,18084,66,10857,35,7227,0,0,0,0,0,0,101,18084,66,10857,35,7227
DLink(FR) ,322200,101,18359,68,11264,33,7095,2,407,2,407,0,0,99,17952,66,10857,33,7095
DLink(FR) ,324000,101,18084,66,10857,35,7227,0,0,0,0,0,0,101,18084,66,10857,35,7227
DLink(FR) ,325800,101,18013,66,10935,35,7078,2,407,2,407,0,0,99,17606,64,10528,35,7078
DLink(FR) ,327600,101,18084,66,10857,35,7227,0,0,0,0,0,0,101,18084,66,10857,35,7227
DLink(FR) ,329400,104,18303,67,10944,37,7359,1,75,1,75,0,0,103,18228,66,10869,37,7359
