Device,StartTime,Frames,Bytes,TxFrames,TxBytes,RxFrames,RxBytes,LanFrames,LanBytes,LanTxFrames,LanTxBytes,LanRxFrames,LanRxBytes,WanFrames,WanBytes,WanTxFrames,WanTxBytes,WanRxFrames,WanRxBytes
EchoDot3 (FR) ,0,11174,1968722,5696,988416,5478,980306,8211,660209,4018,269458,4193,390751,2963,1308513,1678,718958,1285,589555
EchoDot3 (FR) ,1800,9515,1394313,4780,557737,4735,836576,8225,658755,4039,268570,4186,390185,1290,735558,741,289167,549,446391
EchoDot3 (FR) ,3600,10043,1474316,5079,652180,4964,822136,8213,662838,4023,271239,4190,391599,1830,811478,1056,380941,774,430537
EchoDot3 (FR) ,5400,9816,1394692,4914,601093,4902,793599,8296,684748,4058,273278,4238,411470,1520,709944,856,327815,664,382129
EchoDot3 (FR) ,7200,9610,1303239,4793,526758,4817,776481,8186,653916,4008,266551,4178,387365,1424,649323,785,260207,639,389116
EchoDot3 (FR) ,9000,9473,1226644,4731,472744,4742,753900,8290,675684,4067,274823,4223,400861,1183,550960,664,197921,519,353039
EchoDot3 (FR) ,10800,9656,1324426,4828,552747,4828,771679,8175,655154,4007,266986,4168,388168,1481,669272,821,285761,660,383511
EchoDot3 (FR) ,12600,9972,1461249,5010,616018,4962,845231,8289,685542,4056,274559,4233,410983,1683,775707,954,341459,729,434248
EchoDot3 (FR) ,14400,9569,1298710,4775,534217,4794,764493,8261,675815,4051,273702,4210,402113,1308,622895,724,260515,584,362380
EchoDot3 (FR) ,16200,9386,1240436,4659,488167,4727,752269,8169,661931,4001,271220,4168,390711,1217,578505,658,216947,559,361558
EchoDot3 (FR) ,18000,9491,1287300,4746,539873,4745,747427,8151,655986,3998,269322,4153,386664,1340,631314,748,270551,592,360763
EchoDot3 (FR) ,19800,9935,1428468,4974,601058,4961,827410,8302,686566,4060,271532,4242,415034,1633,741902,914,329526,719,412376
EchoDot3 (FR) ,21600,9415,1233774,4709,506089,4706,727685,8164,656764,4000,269450,4164,387314,1251,577010,709,236639,542,340371
EchoDot3 (FR) ,23400,9463,1238305,4727,489565,4736,748740,8230,664615,4031,272134,4199,392481,1233,573690,696,217431,537,356259
EchoDot3 (FR) ,25200,9656,1305294,4856,541450,4800,763844,8233,662720,4036,268946,4197,393774,1423,642574,820,272504,603,370070
EchoDot3 (FR) ,27000,10013,1444888,5028,614538,4985,830350,8337,693109,4080,276994,4257,416115,1676,751779,948,337544,728,414235
EchoDot3 (FR) ,28800,9307,1159544,4635,432476,4672,727068,8242,664672,4042,271788,4200,392884,1065,494872,593,160688,472,334184
EchoDot3 (FR) ,30600,9592,1321284,4784,558144,4808,763140,8211,659386,4019,266943,4192,392443,1381,661898,765,291201,616,370697
EchoDot3 (FR) ,32400,9662,1329504,4849,559087,4813,770417,8216,660964,4031,271799,4185,389165,1446,668540,818,287288,628,381252
EchoDot3 (FR) ,34200,9984,1414349,5036,596187,4948,818162,8404,705838,4121,279439,4283,426399,1580,708511,915,316748,665,391763
EchoDot3 (FR) ,36000,9230,1140229,4583,418441,4647,721788,8149,654298,3983,265250,4166,389048,1081,485931,600,153191,481,332740
EchoDot3 (FR) ,37800,9773,1386065,4895,600677,4878,785388,8277,671051,4057,273846,4220,397205,1496,715014,838,326831,658,388183
EchoDot3 (FR) ,39600,9832,1377328,4964,579668,4868,797660,8202,658906,4025,270862,4177,388044,1630,718422,939,308806,691,409616
EchoDot3 (FR) ,41400,9644,1340349,4854,568734,4790,771615,8174,653715,4005,266800,4169,386915,1470,686634,849,301934,621,384700
EchoDot3 (FR) ,43200,9511,1252304,4711,470444,4800,781860,8357,699513,4087,277421,4270,422092,1154,552791,624,193023,530,359768
EchoDot3 (FR) ,45000,9777,1371617,4889,586795,4888,784822,8215,659494,4025,270660,4190,388834,1562,712123,864,316135,698,395988
EchoDot3 (FR) ,46800,9703,1319135,4882,553737,4821,765398,8199,654725,4018,267142,4181,387583,1504,664410,864,286595,640,377815
EchoDot3 (FR) ,48600,9862,1390574,4963,588565,4899,802009,8272,670782,4058,274512,4214,396270,1590,719792,905,314053,685,405739
EchoDot3 (FR) ,50400,9386,1181475,4662,438562,4724,742913,8341,693828,4077,276704,4264,417124,1045,487647,585,161858,460,325789
EchoDot3 (FR) ,52200,9838,1397406,4952,602875,4886,794531,8194,650040,4011,264766,4183,385274,1644,747366,941,338109,703,409257
EchoDot3 (FR) ,54000,9623,1292919,4817,533518,4806,759401,8271,668682,4057,274563,4214,394119,1352,624237,760,258955,592,365282
EchoDot3 (FR) ,55800,9492,1219190,4717,458380,4775,760810,8429,707928,4130,280383,4299,427545,1063,511262,587,177997,476,333265
EchoDot3 (FR) ,57600,9591,1291396,4800,535090,4791,756306,8227,657279,4032,266231,4195,391048,1364,634117,768,268859,596,365258
EchoDot3 (FR) ,59400,9883,1408567,4971,610962,4912,797605,8262,670727,4051,273473,4211,397254,1621,737840,920,337489,701,400351
EchoDot3 (FR) ,61200,9656,1321280,4823,541339,4833,779941,8219,659832,4033,271270,4186,388562,1437,661448,790,270069,647,391379
EchoDot3 (FR) ,63000,9326,1191764,4614,448078,4712,743686,8282,682116,4047,270946,4235,411170,1044,509648,567,177132,477,332516
EchoDot3 (FR) ,64800,9793,1365985,4927,579072,4866,786913,8224,664263,4027,271886,4197,392377,1569,701722,900,307186,669,394536
EchoDot3 (FR) ,66600,9719,1375573,4887,613662,4832,761911,8222,663740,4027,272203,4195,391537,1497,711833,860,341459,637,370374
EchoDot3 (FR) ,68400,9809,1376306,4907,575674,4902,800632,8189,651665,4016,265652,4173,386013,1620,724641,891,310022,729,414619
EchoDot3 (FR) ,70200,9496,1267820,4713,491255,4783,776565,8315,691919,4068,276951,4247,414968,1181,575901,645,214304,536,361597
EchoDot3 (FR) ,72000,9784,1353997,4932,571958,4852,782039,8236,664943,4034,272276,4202,392667,1548,689054,898,299682,650,389372
EchoDot3 (FR) ,73800,9622,1327458,4820,564538,4802,762920,8210,658835,4023,270219,4187,388616,1412,668623,797,294319,615,374304
EchoDot3 (FR) ,75600,9366,1191647,4654,447979,4712,743668,8247,664947,4044,269386,4203,395561,1119,526700,610,178593,509,348107
EchoDot3 (FR) ,77400,9719,1362633,4843,568135,4876,794498,8314,690483,4067,276275,4247,414208,1405,672150,776,291860,629,380290
EchoDot3 (FR) ,79200,9611,1312873,4821,546883,4790,765990,8200,659372,4018,270294,4182,389078,1411,653501,803,276589,608,376912
EchoDot3 (FR) ,81000,9907,1420926,5008,608620,4899,812306,8158,653737,3991,265619,4167,388118,1749,767189,1017,343001,732,424188
EchoDot3 (FR) ,82800,9223,1138714,4598,430233,4625,708481,8219,664829,4030,272896,4189,391933,1004,473885,568,157337,436,316548
EchoDot3 (FR) ,84600,9878,1422176,4951,599333,4927,822843,8296,692005,4062,274495,4234,417510,1582,730171,889,324838,693,405333
EchoDot3 (FR) ,86400,9601,1291409,4800,538682,4801,752727,8200,655734,4011,266907,4189,388827,1401,635675,789,271775,612,363900
EchoDot3 (FR) ,88200,10312,1724709,5195,770769,5117,953940,8244,666364,4039,272932,4205,393432,2068,1058345,1156,497837,912,560508
EchoDot3 (FR) ,90000,9240,1144228,4622,424147,4618,720081,8192,658322,4020,270572,4172,387750,1048,485906,602,153575,446,332331
EchoDot3 (FR) ,91800,9708,1361708,4826,578460,4882,783248,8274,681428,4044,270564,4230,410864,1434,680280,782,307896,652,372384
EchoDot3 (FR) ,93600,9751,1380276,4881,571629,4870,808647,8166,661143,3997,270386,4169,390757,1585,719133,884,301243,701,417890
EchoDot3 (FR) ,95400,9566,1303837,4778,549074,4788,754763,8211,663906,4021,271919,4190,391987,1355,639931,757,277155,598,362776
EchoDot3 (FR) ,97200,9162,1123438,4537,416763,4625,706675,8209,660054,4029,271645,4180,388409,953,463384,508,145118,445,318266
EchoDot3 (FR) ,99000,9998,1496932,5017,630963,4981,865969,8311,688722,4066,272564,4245,416158,1687,808210,951,358399,736,449811
EchoDot3 (FR) ,100800,9564,1314789,4762,544184,4802,770605,8203,663230,4024,271205,4179,392025,1361,651559,738,272979,623,378580
EchoDot3 (FR) ,102600,9260,1185908,4604,459856,4656,726052,8147,653550,3991,266310,4156,387240,1113,532358,613,193546,500,338812
EchoDot3 (FR) ,104400,9756,1353948,4901,567310,4855,786638,8271,678226,4057,274918,4214,403308,1485,675722,844,292392,641,383330
EchoDot3 (FR) ,106200,9868,1390355,4960,585773,4908,804582,8299,692274,4065,275784,4234,416490,1569,698081,895,309989,674,388092
EchoDot3 (FR) ,108000,9674,1334178,4845,555328,4829,778850,8197,664092,4014,272119,4183,391973,1477,670086,831,283209,646,386877
EchoDot3 (FR) ,109800,9181,1157002,4544,445130,4637,711872,8198,661298,4015,267402,4183,393896,983,495704,529,177728,454,317976
EchoDot3 (FR) ,111600,9713,1361459,4852,567337,4861,794122,8240,667185,4041,274292,4199,392893,1473,694274,811,293045,662,401229
EchoDot3 (FR) ,113400,9719,1367333,4832,574743,4887,792590,8285,685499,4050,274045,4235,411454,1434,681834,782,300698,652,381136
EchoDot3 (FR) ,115200,9738,1359117,4871,567183,4867,791934,8201,656713,4017,267825,4184,388888,1537,702404,854,299358,683,403046
EchoDot3 (FR) ,117000,9264,1187382,4620,463122,4644,724260,8162,661866,3996,270899,4166,390967,1102,525516,624,192223,478,333293
EchoDot3 (FR) ,118800,9587,1292987,4788,535781,4799,757206,8231,666478,4042,272852,4189,393626,1356,626509,746,262929,610,363580
EchoDot3 (FR) ,120600,9744,1374913,4858,576667,4886,798246,8258,681658,4031,270014,4227,411644,1486,693255,827,306653,659,386602
EchoDot3 (FR) ,122400,9662,1329969,4830,548113,4832,781856,8225,665946,4034,273541,4191,392405,1437,664023,796,274572,641,389451
EchoDot3 (FR) ,124200,9373,1245278,4678,510551,4695,734727,8174,662247,4008,272018,4166,390229,1199,583031,670,238533,529,344498
EchoDot3 (FR) ,126000,9703,1342290,4871,561549,4832,780741,8196,660122,4016,270779,4180,389343,1507,682168,855,290770,652,391398
EchoDot3 (FR) ,127800,9796,1413921,4884,589947,4912,823974,8268,681723,4037,270434,4231,411289,1528,732198,847,319513,681,412685
EchoDot3 (FR) ,129600,9287,1153483,4621,436229,4666,717254,8249,666816,4047,273924,4202,392892,1038,486667,574,162305,464,324362
EchoDot3 (FR) ,131400,9660,1345809,4823,574982,4837,770827,8211,660552,4022,270703,4189,389849,1449,685257,801,304279,648,380978
EchoDot3 (FR) ,133200,9625,1322300,4796,545938,4829,776362,8234,662482,4037,271101,4197,391381,1391,659818,759,274837,632,384981
EchoDot3 (FR) ,135000,9826,1396068,4910,596460,4916,799608,8298,684260,4058,274483,4240,409777,1528,711808,852,321977,676,389831
EchoDot3 (FR) ,136800,9214,1124123,4565,410770,4649,713353,8292,673312,4069,275561,4223,397751,922,450811,496,135209,426,315602
EchoDot3 (FR) ,138600,9718,1345249,4848,568303,4870,776946,8264,668097,4053,272624,4211,395473,1454,677152,795,295679,659,381473
EchoDot3 (FR) ,140400,9798,1355519,4922,568084,4876,787435,8211,657038,4023,267934,4188,389104,1587,698481,899,300150,688,398331
EchoDot3 (FR) ,142200,9856,1412006,4900,595494,4956,816512,8334,693236,4072,277018,4262,416218,1522,718770,828,318476,694,400294
EchoDot3 (FR) ,144000,9184,1139857,4540,422676,4644,717181,8216,660446,4031,271559,4185,388887,968,479411,509,151117,459,328294
EchoDot3 (FR) ,145800,9719,1355801,4869,576443,4850,779358,8213,658454,4025,268727,4188,389727,1506,697347,844,307716,662,389631
EchoDot3 (FR) ,147600,9741,1351738,4884,560323,4857,791415,8237,670709,4037,273287,4200,397422,1504,681029,847,287036,657,393993
EchoDot3 (FR) ,149400,9223,1160432,4552,438226,4671,722206,8277,684679,4045,273164,4232,411515,946,475753,507,165062,439,310691
EchoDot3 (FR) ,151200,9785,1391559,4892,579907,4893,811652,8195,662239,4018,268898,4177,393341,1590,729320,874,311009,716,418311
EchoDot3 (FR) ,153000,9746,1414017,4897,638988,4849,775029,8228,666245,4035,273696,4193,392549,1518,747772,862,365292,656,382480
EchoDot3 (FR) ,154800,9623,1304672,4799,532651,4824,772021,8273,671575,4056,272101,4217,399474,1350,633097,743,260550,607,372547
EchoDot3 (FR) ,156600,9419,1207788,4685,457114,4734,750674,8310,689151,4066,273210,4244,415941,1109,518637,619,183904,490,334733
EchoDot3 (FR) ,158400,9908,1443939,4961,608268,4947,835671,8242,667208,4042,274245,4200,392963,1666,776731,919,334023,747,442708
EchoDot3 (FR) ,160200,9808,1377657,4939,589301,4869,788356,8204,664142,4018,272023,4186,392119,1604,713515,921,317278,683,396237
EchoDot3 (FR) ,162000,9674,1313606,4858,547014,4816,766592,8180,651142,4011,266294,4169,384848,1494,662464,847,280720,647,381744
EchoDot3 (FR) ,163800,9284,1180577,4591,443066,4693,737511,8332,698413,4075,277423,4257,420990,952,482164,516,165643,436,316521
EchoDot3 (FR) ,165600,9758,1379841,4875,578912,4883,800929,8222,664950,4030,268526,4192,396424,1536,714891,845,310386,691,404505
EchoDot3 (FR) ,167400,9737,1367513,4876,590967,4861,776546,8201,659610,4018,270823,4183,388787,1536,707903,858,320144,678,387759
EchoDot3 (FR) ,169200,9583,1296020,4785,528491,4798,767529,8277,679547,4065,275531,4212,404016,1306,616473,720,252960,586,363513
EchoDot3 (FR) ,171000,9333,1185675,4651,458988,4682,726687,8207,662921,4022,268744,4185,394177,1126,522754,629,190244,497,332510
EchoDot3 (FR) ,172800,9715,1355912,4835,552003,4880,803909,8283,686858,4050,274053,4233,412805,1432,669054,785,277950,647,391104
EchoDot3 (FR) ,174600,10162,1655371,5138,732003,5024,923368,8270,678942,4053,274612,4217,404330,1892,976429,1085,457391,807,519038
EchoDot3 (FR) ,176400,9389,1206211,4670,456622,4719,749589,8187,656826,4013,267935,4174,388891,1202,549385,657,188687,545,360698
EchoDot3 (FR) ,178200,9742,1363592,4893,589479,4849,774113,8232,666095,4041,272357,4191,393738,1510,697497,852,317122,658,380375
EchoDot3 (FR) ,180000,9738,1359274,4845,551980,4893,807294,8378,704985,4101,278762,4277,426223,1360,654289,744,273218,616,381071
EchoDot3 (FR) ,181800,9812,1378464,4938,590865,4874,787599,8239,666992,4035,273230,4204,393762,1573,711472,903,317635,670,393837
EchoDot3 (FR) ,183600,9302,1162837,4640,443603,4662,719234,8212,657532,4025,268474,4187,389058,1090,505305,615,175129,475,330176
EchoDot3 (FR) ,185400,9770,1383772,4886,592278,4884,791494,8201,663386,4021,271291,4180,392095,1569,720386,865,320987,704,399399
EchoDot3 (FR) ,187200,9823,1394462,4918,566902,4905,827560,8325,692932,4072,277240,4253,415692,1498,701530,846,289662,652,411868
EchoDot3 (FR) ,189000,9646,1345346,4835,579087,4811,766259,8216,665102,4023,272561,4193,392541,1430,680244,812,306526,618,373718
EchoDot3 (FR) ,190800,9197,1153802,4540,424535,4657,729267,8201,657614,4019,268259,4182,389355,996,496188,521,156276,475,339912
EchoDot3 (FR) ,192600,9691,1354855,4851,575160,4840,779695,8215,663085,4027,270874,4188,392211,1476,691770,824,304286,652,387484
EchoDot3 (FR) ,194400,9849,1385513,4912,576418,4937,809095,8340,695112,4081,277767,4259,417345,1509,690401,831,298651,678,391750
EchoDot3 (FR) ,196200,9753,1379140,4868,587731,4885,791409,8198,656169,4011,267111,4187,389058,1555,722971,857,320620,698,402351
EchoDot3 (FR) ,198000,9252,1129682,4587,418443,4665,711239,8290,674326,4068,275616,4222,398710,962,455356,519,142827,443,312529
EchoDot3 (FR) ,199800,9867,1386784,4964,589267,4903,797517,8255,666416,4054,273139,4201,393277,1612,720368,910,316128,702,404240
EchoDot3 (FR) ,201600,9705,1349680,4827,557436,4878,792244,8252,678269,4034,270561,4218,407708,1453,671411,793,286875,660,384536
EchoDot3 (FR) ,203400,9254,1165413,4597,447829,4657,717584,8186,660500,4010,270863,4176,389637,1068,504913,587,176966,481,327947
EchoDot3 (FR) ,205200,9698,1337082,4821,555634,4877,781448,8242,664790,4040,268173,4202,396617,1456,672292,781,287461,675,384831
EchoDot3 (FR) ,207000,9785,1388408,4900,594556,4885,793852,8248,668103,4050,275260,4198,392843,1537,720305,850,319296,687,401009
EchoDot3 (FR) ,208800,9593,1310732,4766,527600,4827,783132,8272,686311,4039,272843,4233,413468,1321,624421,727,254757,594,369664
EchoDot3 (FR) ,210600,9375,1223652,4657,491608,4718,732044,8206,659177,4021,268453,4185,390724,1169,564475,636,223155,533,341320
EchoDot3 (FR) ,212400,9853,1384420,4933,582594,4920,801826,8241,667765,4042,273726,4199,394039,1612,716655,891,308868,721,407787
EchoDot3 (FR) ,214200,9704,1365175,4840,586668,4864,778507,8224,666158,4037,273985,4187,392173,1480,699017,803,312683,677,386334
EchoDot3 (FR) ,216000,9734,1372627,4843,551000,4891,821627,8232,674989,4020,267980,4212,407009,1502,697638,823,283020,679,414618
EchoDot3 (FR) ,217800,9437,1226496,4707,482617,4730,743879,8258,678545,4050,274568,4208,403977,1179,547951,657,208049,522,339902
EchoDot3 (FR) ,219600,9725,1363797,4859,572534,4866,791263,8239,675697,4046,274773,4193,400924,1486,688100,813,297761,673,390339
EchoDot3 (FR) ,221400,9641,1320799,4826,561289,4815,759510,8243,666104,4048,272572,4195,393532,1398,654695,778,288717,620,365978
EchoDot3 (FR) ,223200,9352,1175810,4612,422946,4740,752864,8295,688486,4052,271419,4243,417067,1057,487324,560,151527,497,335797
EchoDot3 (FR) ,225000,9568,1324004,4765,564571,4803,759433,8199,659166,4017,270453,4182,388713,1369,664838,748,294118,621,370720
EchoDot3 (FR) ,226800,9769,1379084,4895,576703,4874,802381,8226,666847,4040,274700,4186,392147,1543,712237,855,302003,688,410234
EchoDot3 (FR) ,228600,9524,1296955,4727,563769,4797,733186,8169,654771,3997,266579,4172,388192,1355,642184,730,297190,625,344994
EchoDot3 (FR) ,230400,9273,1138895,4606,433545,4667,705350,8253,683368,4034,272854,4219,410514,1020,455527,572,160691,448,294836
EchoDot3 (FR) ,232200,9716,1324570,4876,567236,4840,757334,8243,668239,4040,273940,4203,394299,1473,656331,836,293296,637,363035
EchoDot3 (FR) ,234000,9588,1286273,4800,545971,4788,740302,8190,655268,4015,266184,4175,389084,1398,631005,785,279787,613,351218
EchoDot3 (FR) ,235800,9730,1338717,4894,586688,4836,752029,8189,664142,4016,272761,4173,391381,1541,674575,878,313927,663,360648
EchoDot3 (FR) ,237600,9421,1159511,4713,438436,4708,721075,8268,673641,4056,275511,4212,398130,1153,485870,657,162925,496,322945
EchoDot3 (FR) ,239400,9900,1448265,4963,659192,4937,789073,8226,678341,4009,267868,4217,410473,1674,769924,954,391324,720,378600
EchoDot3 (FR) ,241200,9661,1324378,4844,564006,4817,760372,8199,659669,4024,271374,4175,388295,1462,664709,820,292632,642,372077
EchoDot3 (FR) ,243000,9696,1353127,4852,589454,4844,763673,8203,664530,4022,272701,4181,391829,1493,688597,830,316753,663,371844
EchoDot3 (FR) ,244800,9249,1150886,4566,424664,4683,726222,8257,681073,4036,269422,4221,411651,992,469813,530,155242,462,314571
EchoDot3 (FR) ,246600,9769,1373260,4890,603111,4879,770149,8191,662730,4011,271593,4180,391137,1578,710530,879,331518,699,379012
EchoDot3 (FR) ,248400,9594,1263702,4821,534499,4773,729203,8249,671305,4042,273477,4207,397828,1345,592397,779,261022,566,331375
EchoDot3 (FR) ,250200,9470,1207656,4733,483747,4737,723909,8248,668443,4053,275207,4195,393236,1222,539213,680,208540,542,330673
EchoDot3 (FR) ,252000,9607,1291667,4783,541161,4824,750506,8263,680047,4038,268826,4225,411221,1344,611620,745,272335,599,339285
EchoDot3 (FR) ,253800,9898,1405420,4970,612843,4928,792577,8218,665222,4024,272627,4194,392595,1680,740198,946,340216,734,399982
EchoDot3 (FR) ,0,9604,1025609,4681,408823,4923,616786,8814,807399,4289,290729,4525,516670,790,218210,392,118094,398,100116
EchoDot3 (FR) ,1800,9525,1069346,4683,475506,4842,593840,8509,748920,4160,280677,4349,468243,1016,320426,523,194829,493,125597
EchoDot3 (FR) ,3600,9163,910895,4485,381332,4678,529563,8437,715653,4123,271266,4314,444387,726,195242,362,110066,364,85176
EchoDot3 (FR) ,5400,9441,1017224,4643,435836,4798,581388,8526,741448,4168,280489,4358,460959,915,275776,475,155347,440,120429
EchoDot3 (FR) ,7200,9481,998435,4626,414002,4855,584433,8737,787844,4258,289288,4479,498556,744,210591,368,124714,376,85877
EchoDot3 (FR) ,9000,9413,999498,4622,432123,4791,567375,8523,732042,4163,275798,4360,456244,890,267456,459,156325,431,111131
EchoDot3 (FR) ,10800,9296,944096,4569,400404,4727,543692,8516,727134,4173,279153,4343,447981,780,216962,396,121251,384,95711
EchoDot3 (FR) ,12600,9569,1045177,4704,445177,4865,600000,8591,753007,4198,282727,4393,470280,978,292170,506,162450,472,129720
EchoDot3 (FR) ,14400,9431,999612,4605,412609,4826,587003,8632,771384,4200,281015,4432,490369,799,228228,405,131594,394,96634
EchoDot3 (FR) ,16200,9334,990770,4583,424148,4751,566622,8509,741879,4166,279094,4343,462785,825,248891,417,145054,408,103837
EchoDot3 (FR) ,18000,9351,976533,4584,397868,4767,578665,8526,747135,4167,280557,4359,466578,825,229398,417,117311,408,112087
EchoDot3 (FR) ,19800,9416,1026741,4619,445911,4797,580830,8510,748923,4160,280392,4350,468531,906,277818,459,165519,447,112299
EchoDot3 (FR) ,21600,9524,1008572,4644,406080,4880,602492,8755,796832,4262,287681,4493,509151,769,211740,382,118399,387,93341
EchoDot3 (FR) ,23400,9336,996154,4573,417899,4763,578255,8501,746857,4154,275842,4347,471015,835,249297,419,142057,416,107240
EchoDot3 (FR) ,25200,9311,968231,4558,399223,4753,569008,8551,751051,4178,281471,4373,469580,760,217180,380,117752,380,99428
EchoDot3 (FR) ,27000,9188,959751,4497,418206,4691,541545,8462,739430,4133,274911,4329,464519,726,220321,364,143295,362,77026
EchoDot3 (FR) ,28800,9782,1087966,4780,415459,5002,672507,8807,818545,4281,288242,4526,530303,975,269421,499,127217,476,142204
EchoDot3 (FR) ,30600,9388,996529,4611,431184,4777,565345,8587,750093,4198,282323,4389,467770,801,246436,413,148861,388,97575
EchoDot3 (FR) ,32400,9331,970117,4561,396359,4770,573758,8567,760526,4184,280828,4383,479698,764,209591,377,115531,387,94060
EchoDot3 (FR) ,34200,9404,1027119,4618,440567,4786,586552,8456,733053,4129,273115,4327,459938,948,294066,489,167452,459,126614
EchoDot3 (FR) ,36000,9590,1025330,4693,413673,4897,611657,8756,791913,4267,289834,4489,502079,834,233417,426,123839,408,109578
EchoDot3 (FR) ,37800,9473,1045466,4641,441181,4832,604285,8543,751399,4172,279555,4371,471844,930,294067,469,161626,461,132441
EchoDot3 (FR) ,39600,9261,949782,4527,396991,4734,552791,8521,742630,4161,276634,4360,465996,740,207152,366,120357,374,86795
EchoDot3 (FR) ,41400,9544,1080215,4689,465246,4855,614969,8533,749714,4171,279250,4362,470464,1011,330501,518,185996,493,144505
EchoDot3 (FR) ,43200,9482,995409,4622,406064,4860,589345,8800,817449,4281,290881,4519,526568,682,177960,341,115183,341,62777
EchoDot3 (FR) ,45000,9364,986804,4588,406448,4776,580356,8542,746577,4167,275824,4375,470753,822,240227,421,130624,401,109603
EchoDot3 (FR) ,46800,9325,982901,4575,425618,4750,557283,8519,744306,4164,278616,4355,465690,806,238595,411,147002,395,91593
EchoDot3 (FR) ,48600,9383,1010677,4602,426066,4781,584611,8509,744729,4159,280333,4350,464396,874,265948,443,145733,431,120215
EchoDot3 (FR) ,50400,9325,952854,4542,382386,4783,570468,8703,787026,4237,281761,4466,505265,622,165828,305,100625,317,65203
EchoDot3 (FR) ,52200,9664,1118505,4769,496592,4895,621913,8576,753067,4191,282097,4385,470970,1088,365438,578,214495,510,150943
EchoDot3 (FR) ,54000,9267,957833,4531,396941,4736,560892,8551,756954,4177,281450,4374,475504,716,200879,354,115491,362,85388
EchoDot3 (FR) ,55800,9407,1026212,4610,421041,4797,605171,8485,753213,4137,274438,4348,478775,922,272999,473,146603,449,126396
EchoDot3 (FR) ,57600,9663,1074035,4710,425027,4953,649008,8805,823645,4280,289426,4525,534219,858,250390,430,135601,428,114789
EchoDot3 (FR) ,59400,9365,1014141,4584,426967,4781,587174,8532,764484,4163,280502,4369,483982,833,249657,421,146465,412,103192
EchoDot3 (FR) ,61200,9239,938391,4513,378622,4726,559769,8545,754108,4167,276067,4378,478041,694,184283,346,102555,348,81728
EchoDot3 (FR) ,63000,9318,995602,4559,426534,4759,569068,8560,763940,4180,279942,4380,483998,758,231662,379,146592,379,85070
EchoDot3 (FR) ,64800,9541,1023716,4649,384310,4892,639406,8757,811117,4258,285119,4499,525998,784,212599,391,99191,393,113408
EchoDot3 (FR) ,66600,9416,1016634,4620,435231,4796,581403,8546,759594,4171,280676,4375,478918,870,257040,449,154555,421,102485
EchoDot3 (FR) ,68400,9404,1003187,4595,395908,4809,607279,8577,768879,4186,281999,4391,486880,827,234308,409,113909,418,120399
EchoDot3 (FR) ,70200,9400,1001838,4617,431671,4783,570167,8534,749183,4174,279343,4360,469840,866,252655,443,152328,423,100327
EchoDot3 (FR) ,72000,9564,1030934,4662,400348,4902,630586,8739,798404,4249,284103,4490,514301,825,232530,413,116245,412,116285
EchoDot3 (FR) ,73800,9376,1012797,4591,434815,4785,577982,8569,763206,4181,281281,4388,481925,807,249591,410,153534,397,96057
EchoDot3 (FR) ,75600,9459,1010085,4645,411407,4814,598678,8529,746938,4167,278890,4362,468048,930,263147,478,132517,452,130630
EchoDot3 (FR) ,77400,9316,986933,4572,423238,4744,563695,8527,746389,4168,276426,4359,469963,789,240544,404,146812,385,93732
EchoDot3 (FR) ,79200,9500,1125449,4664,407379,4836,718070,8546,746968,4175,281313,4371,465655,954,378481,489,126066,465,252415
EchoDot3 (FR) ,81000,10283,1422443,5094,748514,5189,673929,8743,809327,4249,288204,4494,521123,1540,613116,845,460310,695,152806
EchoDot3 (FR) ,82800,9492,1036296,4656,421107,4836,615189,8447,724537,4126,272005,4321,452532,1045,311759,530,149102,515,162657
EchoDot3 (FR) ,84600,9564,1187551,4711,463367,4853,724184,8520,740857,4173,281386,4347,459471,1044,446694,538,181981,506,264713
EchoDot3 (FR) ,86400,9380,996396,4603,408794,4777,587602,8535,747703,4171,280369,4364,467334,845,248693,432,128425,413,120268
EchoDot3 (FR) ,88200,9772,1126905,4790,475031,4982,651874,8697,783277,4232,281505,4465,501772,1075,343628,558,193526,517,150102
EchoDot3 (FR) ,90000,9321,980357,4567,410219,4754,570138,8561,759588,4181,281782,4380,477806,760,220769,386,128437,374,92332
EchoDot3 (FR) ,91800,9228,949497,4534,411502,4694,537995,8539,745780,4180,282254,4359,463526,689,203717,354,129248,335,74469
EchoDot3 (FR) ,93600,9648,1056176,4710,413947,4938,642229,8745,799676,4253,287141,4492,512535,903,256500,457,126806,446,129694
EchoDot3 (FR) ,95400,9220,979667,4507,421467,4713,558200,8458,742165,4125,274085,4333,468080,762,237502,382,147382,380,90120
EchoDot3 (FR) ,97200,9449,1017878,4635,412728,4814,605150,8524,753191,4163,281653,4361,471538,925,264687,472,131075,453,133612
EchoDot3 (FR) ,99000,9292,966387,4555,420708,4737,545679,8582,744995,4207,282682,4375,462313,710,221392,348,138026,362,83366
EchoDot3 (FR) ,100800,9753,1077043,4765,440337,4988,636706,8814,796747,4284,288245,4530,508502,939,280296,481,152092,458,128204
EchoDot3 (FR) ,102600,9471,1115218,4655,433458,4816,681760,8627,752607,4219,284622,4408,467985,844,362611,436,148836,408,213775
EchoDot3 (FR) ,104400,9533,994562,4672,413363,4861,581199,8753,775193,4282,289060,4471,486133,780,219369,390,124303,390,95066
EchoDot3 (FR) ,106200,9483,993323,4648,414022,4835,579301,8657,752955,4228,279385,4429,473570,826,240368,420,134637,406,105731
EchoDot3 (FR) ,108000,9869,1033506,4815,417597,5054,615909,9102,828128,4436,301329,4666,526799,767,205378,379,116268,388,89110
EchoDot3 (FR) ,109800,9769,1042485,4791,446351,4978,596134,8915,775173,4360,293733,4555,481440,854,267312,431,152618,423,114694
EchoDot3 (FR) ,111600,9754,1005358,4788,409477,4966,595881,8937,782399,4376,293641,4561,488758,817,222959,412,115836,405,107123
EchoDot3 (FR) ,113400,9747,1035355,4786,452716,4961,582639,8893,767015,4350,288663,4543,478352,854,268340,436,164053,418,104287
EchoDot3 (FR) ,115200,9928,1056608,4841,418401,5087,638207,9134,830297,4446,302250,4688,528047,794,226311,395,116151,399,110160
EchoDot3 (FR) ,117000,9912,1120595,4877,478518,5035,642077,8865,779468,4334,291084,4531,488384,1047,341127,543,187434,504,153693
EchoDot3 (FR) ,118800,9575,933709,4695,391236,4880,542473,8926,765942,4376,295267,4550,470675,649,167767,319,95969,330,71798
EchoDot3 (FR) ,120600,9738,1047220,4771,445433,4967,601787,8846,767309,4322,287365,4524,479944,892,279911,449,158068,443,121843
EchoDot3 (FR) ,122400,9959,1056784,4861,416107,5098,640677,9149,837084,4453,301773,4696,535311,810,219700,408,114334,402,105366
EchoDot3 (FR) ,124200,9678,1012600,4745,436903,4933,575697,8910,777305,4361,293463,4549,483842,768,235295,384,143440,384,91855
EchoDot3 (FR) ,126000,9757,1018040,4788,414365,4969,603675,8913,776919,4355,289264,4558,487655,844,241121,433,125101,411,116020
EchoDot3 (FR) ,127800,9916,1108263,4878,492492,5038,615771,8916,774100,4365,293032,4551,481068,1000,334163,513,199460,487,134703
EchoDot3 (FR) ,129600,9738,1010564,4779,419498,4959,591066,8934,783796,4374,294848,4560,488948,804,226768,405,124650,399,102118
EchoDot3 (FR) ,131400,9879,1055606,4808,436802,5071,618804,9146,834420,4442,297403,4704,537017,733,221186,366,139399,367,81787
EchoDot3 (FR) ,133200,9765,1033064,4793,424851,4972,608213,8872,771958,4341,293070,4531,478888,893,261106,452,131781,441,129325
EchoDot3 (FR) ,135000,9739,1032601,4784,438957,4955,593644,8866,772913,4343,292091,4523,480822,873,259688,441,146866,432,112822
EchoDot3 (FR) ,136800,9607,978310,4710,406956,4897,571354,8895,778959,4355,294245,4540,484714,712,199351,355,112711,357,86640
EchoDot3 (FR) ,138600,9879,1101020,4820,484044,5059,616976,9003,810156,4374,293112,4629,517044,876,290864,446,190932,430,99932
EchoDot3 (FR) ,140400,9648,989428,4731,408541,4917,580887,8847,772114,4329,292391,4518,479723,801,217314,402,116150,399,101164
EchoDot3 (FR) ,142200,9832,1071303,4848,466974,4984,604329,8868,764062,4350,292198,4518,471864,964,307241,498,174776,466,132465
EchoDot3 (FR) ,144000,9665,966827,4728,394831,4937,571996,8931,772489,4369,290354,4562,482135,734,194338,359,104477,375,89861
EchoDot3 (FR) ,145800,9957,1081603,4850,443250,5107,638353,9164,844800,4450,302054,4714,542746,793,236803,400,141196,393,95607
EchoDot3 (FR) ,147600,9850,1065767,4844,433169,5006,632598,8911,779607,4360,294485,4551,485122,939,286160,484,138684,455,147476
EchoDot3 (FR) ,149400,9800,1045151,4824,453518,4976,591633,8885,769289,4357,292523,4528,476766,915,275862,467,160995,448,114867
EchoDot3 (FR) ,151200,9546,938027,4678,386736,4868,551291,8889,765885,4348,288976,4541,476909,657,172142,330,97760,327,74382
EchoDot3 (FR) ,153000,10063,1116867,4921,467643,5142,649224,9142,831985,4448,302148,4694,529837,921,284882,473,165495,448,119387
EchoDot3 (FR) ,154800,9741,1039367,4792,429955,4949,609412,8834,770756,4325,290512,4509,480244,907,268611,467,139443,440,129168
EchoDot3 (FR) ,156600,9709,1016359,4764,432256,4945,584103,8895,776710,4348,288995,4547,487715,814,239649,416,143261,398,96388
EchoDot3 (FR) ,158400,9662,1000153,4740,417429,4922,582724,8884,779296,4349,293864,4535,485432,778,220857,391,123565,387,97292
EchoDot3 (FR) ,160200,9967,1073628,4869,437244,5098,636384,9115,825442,4437,299732,4678,525710,852,248186,432,137512,420,110674
EchoDot3 (FR) ,162000,9675,1003250,4738,407890,4937,595360,8829,768388,4313,286759,4516,481629,846,234862,425,121131,421,113731
EchoDot3 (FR) ,163800,9986,1219039,4950,459483,5036,759556,8930,792276,4372,295722,4558,496554,1056,426763,578,163761,478,263002
EchoDot3 (FR) ,165600,9816,1168536,4854,435516,4962,733020,8811,765175,4311,287057,4500,478118,1005,403361,543,148459,462,254902
EchoDot3 (FR) ,167400,10188,1292930,5018,653346,5170,639584,8974,814901,4365,295689,4609,519212,1214,478029,653,357657,561,120372
EchoDot3 (FR) ,169200,9741,1008440,4775,420166,4966,588274,8906,778896,4355,293983,4551,484913,835,229544,420,126183,415,103361
EchoDot3 (FR) ,171000,9757,1043654,4791,447262,4966,596392,8857,759238,4339,287127,4518,472111,900,284416,452,160135,448,124281
EchoDot3 (FR) ,172800,9765,1018539,4789,404281,4976,614258,8952,789216,4380,295195,4572,494021,813,229323,409,109086,404,120237
EchoDot3 (FR) ,174600,10093,1133619,4940,471794,5153,661825,9151,843105,4450,302836,4701,540269,942,290514,490,168958,452,121556
EchoDot3 (FR) ,176400,9663,1023837,4744,420082,4919,603755,8818,774504,4313,289638,4505,484866,845,249333,431,130444,414,118889
EchoDot3 (FR) ,178200,9749,1061148,4787,453081,4962,608067,8879,782108,4347,289542,4532,492566,870,279040,440,163539,430,115501
EchoDot3 (FR) ,180000,9424,939645,4604,376445,4820,563200,8790,781045,4297,291297,4493,489748,634,158600,307,85148,327,73452
EchoDot3 (FR) ,181800,9937,1102587,4847,456963,5090,645624,9098,834288,4423,299072,4675,535216,839,268299,424,157891,415,110408
EchoDot3 (FR) ,183600,9658,995576,4722,396461,4936,599115,8887,784176,4340,288420,4547,495756,771,211400,382,108041,389,103359
EchoDot3 (FR) ,185400,9743,1040057,4791,443926,4952,596131,8903,782965,4359,294695,4544,488270,840,257092,432,149231,408,107861
EchoDot3 (FR) ,187200,9624,966449,4726,398811,4898,567638,8903,775892,4361,292578,4542,483314,721,190557,365,106233,356,84324
EchoDot3 (FR) ,189000,9873,1101911,4823,450728,5050,651183,8973,823241,4361,296600,4612,526641,900,278670,462,154128,438,124542
EchoDot3 (FR) ,190800,9568,1005774,4683,406528,4885,599246,8714,761133,4261,285629,4453,475504,854,244641,422,120899,432,123742
EchoDot3 (FR) ,192600,9593,1025634,4717,446901,4876,578733,8771,771464,4297,289746,4474,481718,822,254170,420,157155,402,97015
EchoDot3 (FR) ,194400,9592,969192,4707,397069,4885,572123,8882,780070,4350,294080,4532,485990,710,189122,357,102989,353,86133
EchoDot3 (FR) ,196200,9900,1099884,4841,460849,5059,639035,9011,814510,4378,293643,4633,520867,889,285374,463,167206,426,118168
EchoDot3 (FR) ,198000,9636,990437,4721,407816,4915,582621,8882,778934,4345,291914,4537,487020,754,211503,376,115902,378,95601
EchoDot3 (FR) ,199800,9848,1061009,4846,453585,5002,607424,8929,782439,4373,295229,4556,487210,919,278570,473,158356,446,120214
EchoDot3 (FR) ,201600,9626,981757,4721,403061,4905,578696,8852,763367,4332,288276,4520,475091,774,218390,389,114785,385,103605
EchoDot3 (FR) ,203400,9782,1046732,4765,436866,5017,609866,9096,839429,4420,298825,4676,540604,686,207303,345,138041,341,69262
EchoDot3 (FR) ,205200,9869,1057118,4857,418850,5012,638268,8914,779194,4361,294524,4553,484670,955,277924,496,124326,459,153598
EchoDot3 (FR) ,207000,9702,1025612,4766,446814,4936,578798,8883,763449,4347,288820,4536,474629,819,262163,419,157994,400,104169
EchoDot3 (FR) ,208800,9810,1144630,4826,436151,4984,708479,8900,775762,4360,292724,4540,483038,910,368868,466,143427,444,225441
EchoDot3 (FR) ,210600,9973,1093305,4861,452366,5112,640939,9129,834551,4431,296602,4698,537949,844,258754,430,155764,414,102990
EchoDot3 (FR) ,212400,9824,1019642,4819,415436,5005,604206,8950,779609,4376,294974,4574,484635,874,240033,443,120462,431,119571
EchoDot3 (FR) ,214200,9844,1076378,4846,489040,4998,587338,8973,786145,4398,295209,4575,490936,871,290233,448,193831,423,96402
EchoDot3 (FR) ,216000,9842,1037315,4826,408961,5016,628354,8919,779836,4362,293717,4557,486119,923,257479,464,115244,459,142235
EchoDot3 (FR) ,217800,9694,1036271,4756,454524,4938,581747,8860,762453,4332,286615,4528,475838,834,273818,424,167909,410,105909
EchoDot3 (FR) ,219600,9851,1036534,4788,413360,5063,623174,9156,837352,4450,302379,4706,534973,695,199182,338,110981,357,88201
EchoDot3 (FR) ,221400,9770,1054896,4789,442921,4981,611975,8875,787228,4337,293022,4538,494206,895,267668,452,149899,443,117769
EchoDot3 (FR) ,223200,9729,1023754,4762,418075,4967,605679,8899,781769,4355,289778,4544,491991,830,241985,407,128297,423,113688
EchoDot3 (FR) ,225000,10034,1139086,4898,504391,5136,634695,9146,837640,4445,300368,4701,537272,888,301446,453,204023,435,97423
EchoDot3 (FR) ,226800,9688,1005072,4739,395813,4949,609259,8912,792427,4354,293927,4558,498500,776,212645,385,101886,391,110759
EchoDot3 (FR) ,228600,9676,1025593,4733,433547,4943,592046,8873,783818,4338,288892,4535,494926,803,241775,395,144655,408,97120
EchoDot3 (FR) ,230400,9778,1035154,4793,417158,4985,617996,8912,786268,4362,294906,4550,491362,866,248886,431,122252,435,126634
EchoDot3 (FR) ,232200,9743,1063589,4749,443567,4994,620022,9000,831211,4376,297051,4624,534160,743,232378,373,146516,370,85862
EchoDot3 (FR) ,234000,9571,985233,4682,381864,4889,603369,8817,773338,4306,286298,4511,487040,754,211895,376,95566,378,116329
EchoDot3 (FR) ,235800,9822,1072407,4829,476310,4993,596097,8904,786278,4361,294825,4543,491453,918,286129,468,181485,450,104644
EchoDot3 (FR) ,237600,9631,987706,4726,401197,4905,586509,8897,789098,4353,293753,4544,495345,734,198608,373,107444,361,91164
EchoDot3 (FR) ,239400,9765,1061484,4749,426116,5016,635368,9012,834055,4375,292628,4637,541427,753,227429,374,133488,379,93941
EchoDot3 (FR) ,241200,9714,1025729,4767,430927,4947,594802,8911,788460,4359,294450,4552,494010,803,237269,408,136477,395,100792
EchoDot3 (FR) ,243000,9698,1014862,4756,424574,4942,590288,8884,777755,4354,292416,4530,485339,814,237107,402,132158,412,104949
EchoDot3 (FR) ,244800,9762,1022523,4790,410280,4972,612243,8903,774575,4357,290027,4546,484548,859,247948,433,120253,426,127695
EchoDot3 (FR) ,246600,10060,1101146,4894,453263,5166,647883,9276,856427,4507,305836,4769,550591,784,244719,387,147427,397,97292
EchoDot3 (FR) ,248400,9655,991664,4739,413993,4916,577671,8835,765086,4325,290381,4510,474705,820,226578,414,123612,406,102966
EchoDot3 (FR) ,250200,9839,1041833,4812,435861,5027,605972,9053,799669,4424,293604,4629,506065,786,242164,388,142257,398,99907
EchoDot3 (FR) ,252000,9829,1136173,4836,420008,4993,716165,8948,774885,4387,295858,4561,479027,881,361288,449,124150,432,237138
EchoDot3 (FR) ,253800,10439,1326583,5148,645328,5291,681255,9084,817930,4422,298887,4662,519043,1355,508653,726,346441,629,162212
EchoDot3 (FR) ,255600,9687,989077,4751,407619,4936,581458,8919,776432,4365,294306,4554,482126,768,212645,386,113313,382,99332
EchoDot3 (FR) ,257400,9812,1067104,4826,461915,4986,605189,8901,782685,4351,288403,4550,494282,911,284419,475,173512,436,110907
EchoDot3 (FR) ,259200,9749,996787,4787,401025,4962,595762,8948,791599,4381,295010,4567,496589,801,205188,406,106015,395,99173
EchoDot3 (FR) ,261000,9991,1108977,4889,448721,5102,660256,9134,842584,4437,301538,4697,541046,857,266393,452,147183,405,119210
EchoDot3 (FR) ,262800,9821,1035064,4827,430697,4994,604367,8914,775450,4362,293743,4552,481707,907,259614,465,136954,442,122660
EchoDot3 (FR) ,264600,9779,1066502,4817,454274,4962,612228,8810,760250,4309,284781,4501,475469,969,306252,508,169493,461,136759
EchoDot3 (FR) ,266400,9734,999826,4782,417709,4952,582117,8966,782428,4396,297157,4570,485271,768,217398,386,120552,382,96846
EchoDot3 (FR) ,268200,10022,1212246,4912,455623,5110,756623,9007,793280,4381,291753,4626,501527,1015,418966,531,163870,484,255096
EchoDot3 (FR) ,270000,9705,1006305,4775,431367,4930,574938,8880,767517,4346,292590,4534,474927,825,238788,429,138777,396,100011
EchoDot3 (FR) ,271800,9836,1054040,4837,456702,4999,597338,8909,768653,4361,294193,4548,474460,927,285387,476,162509,451,122878
EchoDot3 (FR) ,273600,9625,978251,4713,409867,4912,568384,8921,774990,4373,293419,4548,481571,704,203261,340,116448,364,86813
EchoDot3 (FR) ,275400,9940,1065935,4874,434289,5066,631646,9048,810729,4407,295348,4641,515381,892,255206,467,138941,425,116265
EchoDot3 (FR) ,277200,9783,1016712,4804,430311,4979,586401,8920,766953,4367,294150,4553,472803,863,249759,437,136161,426,113598
EchoDot3 (FR) ,279000,9820,1048332,4823,454750,4997,593582,8921,773302,4366,294298,4555,479004,899,275030,457,160452,442,114578
EchoDot3 (FR) ,280800,9797,1129709,4814,418499,4983,711210,8934,780604,4377,291661,4557,488943,863,349105,437,126838,426,222267
EchoDot3 (FR) ,282600,9789,1054031,4815,455153,4974,598878,8820,759486,4315,289430,4505,470056,969,294545,500,165723,469,128822
EchoDot3 (FR) ,284400,9874,1038390,4811,417332,5063,621058,9124,833532,4434,301068,4690,532464,750,204858,377,116264,373,88594
EchoDot3 (FR) ,286200,9727,1033597,4769,442030,4958,591567,8884,776534,4345,291380,4539,485154,843,257063,424,150650,419,106413
EchoDot3 (FR) ,288000,9601,974013,4709,401334,4892,572679,8839,768142,4328,288238,4511,479904,762,205871,381,113096,381,92775
EchoDot3 (FR) ,289800,9904,1098935,4866,477274,5038,621661,8933,789413,4364,294492,4569,494921,971,309522,502,182782,469,126740
EchoDot3 (FR) ,291600,9789,1025664,4764,391801,5025,633863,9091,842444,4418,299015,4673,543429,698,183220,346,92786,352,90434
EchoDot3 (FR) ,293400,9826,1071934,4827,436562,4999,635372,8911,789079,4356,294042,4555,495037,915,282855,471,142520,444,140335
EchoDot3 (FR) ,295200,9802,1030537,4821,432193,4981,598344,8929,774823,4374,290643,4555,484180,873,255714,447,141550,426,114164
EchoDot3 (FR) ,297000,9907,1101331,4845,466176,5062,635155,9008,823797,4379,296533,4629,527264,899,277534,466,169643,433,107891
EchoDot3 (FR) ,298800,9617,976940,4707,386292,4910,590648,8843,772240,4317,286727,4526,485513,774,204700,390,99565,384,105135
EchoDot3 (FR) ,300600,9780,1078593,4799,487403,4981,591190,8909,786779,4357,294424,4552,492355,871,291814,442,192979,429,98835
EchoDot3 (FR) ,302400,9765,999580,4786,395797,4979,603783,8994,799351,4404,297403,4590,501948,771,200229,382,98394,389,101835
EchoDot3 (FR) ,304200,9983,1119985,4880,475954,5103,644031,9046,816712,4394,292735,4652,523977,937,303273,486,183219,451,120054
EchoDot3 (FR) ,306000,9684,1007242,4747,403197,4937,604045,8880,778998,4341,292913,4539,486085,804,228244,406,110284,398,117960
EchoDot3 (FR) ,307800,9764,1044186,4804,455424,4960,588762,8856,772115,4335,291373,4521,480742,908,272071,469,164051,439,108020
EchoDot3 (FR) ,309600,9773,1011414,4805,405162,4968,606252,8916,774729,4366,290147,4550,484582,857,236685,439,115015,418,121670
EchoDot3 (FR) ,311400,10100,1166134,4957,521654,5143,644480,9091,828897,4426,301141,4665,527756,1009,337237,531,220513,478,116724
EchoDot3 (FR) ,313200,9696,995980,4743,400679,4953,595301,8930,791724,4361,293853,4569,497871,766,204256,382,106826,384,97430
EchoDot3 (FR) ,315000,9740,1021840,4770,430937,4970,590903,8914,774303,4355,287478,4559,486825,826,247537,415,143459,411,104078
EchoDot3 (FR) ,316800,9683,1006373,4769,430353,4914,576020,8888,772551,4359,294558,4529,477993,795,233822,410,135795,385,98027
EchoDot3 (FR) ,318600,9942,1087639,4880,452980,5062,634659,8996,797351,4392,297292,4604,500059,946,290288,488,155688,458,134600
EchoDot3 (FR) ,320400,9717,994329,4742,404301,4975,590028,9033,807116,4403,296304,4630,510812,684,187213,339,107997,345,79216
EchoDot3 (FR) ,322200,9716,1026123,4777,437733,4939,588390,8837,762418,4323,287627,4514,474791,879,263705,454,150106,425,113599
EchoDot3 (FR) ,324000,9825,1044771,4846,435439,4979,609332,8911,772053,4367,293480,4544,478573,914,272718,479,141959,435,130759
EchoDot3 (FR) ,325800,9697,999299,4754,429507,4943,569792,8916,764971,4365,293874,4551,471097,781,234328,389,135633,392,98695
EchoDot3 (FR) ,327600,9816,1014923,4785,409242,5031,605681,9073,811331,4411,295086,4662,516245,743,203592,374,114156,369,89436
EchoDot3 (FR) ,329400,9669,1002295,4757,435391,4912,566904,8890,775410,4360,292935,4530,482475,779,226885,397,142456,382,84429
