Device,StartTime,Frames,Bytes,TxFrames,TxBytes,RxFrames,RxBytes,LanFrames,LanBytes,LanTxFrames,LanTxBytes,LanRxFrames,LanRxBytes,WanFrames,WanBytes,WanTxFrames,WanTxBytes,WanRxFrames,WanRxBytes
GoogleHome (FR) ,0,9451,1058586,5206,608133,4245,450453,8660,880367,4770,500277,3890,380090,791,178219,436,107856,355,70363
GoogleHome (FR) ,1800,9589,1085034,5257,630492,4332,454542,8776,896276,4811,519373,3965,376903,813,188758,446,111119,367,77639
GoogleHome (FR) ,3600,9023,987821,4814,591898,4209,395923,8296,844031,4419,497613,3877,346418,727,143790,395,94285,332,49505
GoogleHome (FR) ,5400,8231,1047108,4424,598953,3807,448155,7498,881053,4021,503298,3477,377755,733,166055,403,95655,330,70400
GoogleHome (FR) ,7200,7742,1038846,4391,647653,3351,391193,6919,846995,3940,539975,2979,307020,823,191851,451,107678,372,84173
GoogleHome (FR) ,9000,6400,884042,3578,572977,2822,311065,5688,740682,3189,480072,2499,260610,712,143360,389,92905,323,50455
GoogleHome (FR) ,10800,10508,1287515,5709,772443,4799,515072,9676,1087246,5250,645312,4426,441934,832,200269,459,127131,373,73138
GoogleHome (FR) ,12600,6560,988176,3673,594222,2887,393954,5606,760011,3145,475140,2461,284871,954,228165,528,119082,426,109083
GoogleHome (FR) ,14400,7536,1035494,4144,638943,3392,396551,6703,850685,3684,531033,3019,319652,833,184809,460,107910,373,76899
GoogleHome (FR) ,16200,6065,983710,3601,642220,2464,341490,5204,790364,3128,535911,2076,254453,861,193346,473,106309,388,87037
GoogleHome (FR) ,18000,7897,1044928,4433,649128,3464,395800,7154,867399,4021,546194,3133,321205,743,177529,412,102934,331,74595
GoogleHome (FR) ,19800,8274,1562962,4502,642960,3772,920002,7067,855079,3858,520848,3209,334231,1207,707883,644,122112,563,585771
GoogleHome (FR) ,21600,8773,1067346,4720,632322,4053,435024,7940,869643,4263,520943,3677,348700,833,197703,457,111379,376,86324
GoogleHome (FR) ,23400,6775,947328,3743,599145,3032,348183,6065,791601,3354,505754,2711,285847,710,155727,389,93391,321,62336
GoogleHome (FR) ,25200,4600,753384,2647,484704,1953,268680,3762,558351,2187,367575,1575,190776,838,195033,460,117129,378,77904
GoogleHome (FR) ,27000,8242,1119047,4410,649983,3832,469064,7330,905035,3906,534825,3424,370210,912,214012,504,115158,408,98854
GoogleHome (FR) ,28800,11247,1265135,5854,689552,5393,575583,10300,1043447,5337,569826,4963,473621,947,221688,517,119726,430,101962
GoogleHome (FR) ,30600,10066,1144707,5259,625163,4807,519544,9227,953479,4799,514406,4428,439073,839,191228,460,110757,379,80471
GoogleHome (FR) ,32400,10156,1112016,5380,632311,4776,479705,9282,899525,4898,503398,4384,396127,874,212491,482,128913,392,83578
GoogleHome (FR) ,34200,9450,1062259,5108,618513,4342,443746,8686,896518,4691,522659,3995,373859,764,165741,417,95854,347,69887
GoogleHome (FR) ,36000,10020,1080146,5212,584957,4808,495189,9189,899942,4756,477077,4433,422865,831,180204,456,107880,375,72324
GoogleHome (FR) ,37800,9788,1020406,5147,573780,4641,446626,9015,848598,4721,466785,4294,381813,773,171808,426,106995,347,64813
GoogleHome (FR) ,39600,10265,1229678,5310,607982,4955,621696,9091,825295,4670,434590,4421,390705,1174,404383,640,173392,534,230991
GoogleHome (FR) ,41400,12922,5731640,6786,1020191,6136,4711449,8633,837929,4768,484190,3865,353739,4289,4893711,2018,536001,2271,4357710
GoogleHome (FR) ,43200,7813,777770,4271,444079,3542,333691,7015,604696,3828,336207,3187,268489,798,173074,443,107872,355,65202
GoogleHome (FR) ,45000,8749,937269,4507,496887,4242,440382,7907,743404,4044,382160,3863,361244,842,193865,463,114727,379,79138
GoogleHome (FR) ,46800,8697,925384,4727,555405,3970,369979,7826,726208,4250,426756,3576,299452,871,199176,477,128649,394,70527
GoogleHome (FR) ,48600,8895,1129771,4934,642090,3961,487681,8058,895360,4478,530234,3580,365126,837,234411,456,111856,381,122555
GoogleHome (FR) ,50400,8313,913150,4463,495035,3850,418115,7392,649761,3959,369943,3433,279818,921,263389,504,125092,417,138297
GoogleHome (FR) ,52200,7988,786667,4261,441738,3727,344929,7232,626404,3845,340004,3387,286400,756,160263,416,101734,340,58529
GoogleHome (FR) ,54000,8929,1035405,4678,519951,4251,515454,7875,683276,4109,374857,3766,308419,1054,352129,569,145094,485,207035
GoogleHome (FR) ,55800,9214,1021206,5007,577982,4207,443224,8246,784295,4470,443023,3776,341272,968,236911,537,134959,431,101952
GoogleHome (FR) ,57600,10409,1132866,5459,624950,4950,507916,9520,918125,4973,504152,4547,413973,889,214741,486,120798,403,93943
GoogleHome (FR) ,59400,10065,1115803,5234,602398,4831,513405,9273,945356,4800,501857,4473,443499,792,170447,434,100541,358,69906
GoogleHome (FR) ,61200,10025,957438,5121,521190,4904,436248,9240,789612,4693,413923,4547,375689,785,167826,428,107267,357,60559
GoogleHome (FR) ,63000,8877,981874,4637,543712,4240,438162,8090,808979,4206,443510,3884,365469,787,172895,431,100202,356,72693
GoogleHome (FR) ,64800,8503,1434919,4368,523304,4135,911615,7360,736871,3777,404214,3583,332657,1143,698048,591,119090,552,578958
GoogleHome (FR) ,66600,7946,844835,4123,461911,3823,382924,7172,678870,3701,362842,3471,316028,774,165965,422,99069,352,66896
GoogleHome (FR) ,68400,8321,948037,4301,522799,4020,425238,7610,800672,3914,431853,3696,368819,711,147365,387,90946,324,56419
GoogleHome (FR) ,70200,9279,1213856,4743,643274,4536,570582,8274,965809,4191,504879,4083,460930,1005,248047,552,138395,453,109652
GoogleHome (FR) ,72000,8425,898594,4327,480543,4098,418051,7577,713586,3864,373628,3713,339958,848,185008,463,106915,385,78093
GoogleHome (FR) ,73800,8421,1024363,4433,538699,3988,485664,7560,815640,3958,429846,3602,385794,861,208723,475,108853,386,99870
GoogleHome (FR) ,75600,6206,773195,3363,467471,2843,305724,5426,610768,2939,369765,2487,241003,780,162427,424,97706,356,64721
GoogleHome (FR) ,77400,8325,907865,4311,511999,4014,395866,7632,767464,3929,423823,3703,343641,693,140401,382,88176,311,52225
GoogleHome (FR) ,79200,7235,849781,3814,486740,3421,363041,6368,661030,3336,377787,3032,283243,867,188751,478,108953,389,79798
GoogleHome (FR) ,81000,10778,1938778,5611,756442,5167,1182336,9238,1045962,4786,540575,4452,505387,1540,892816,825,215867,715,676949
GoogleHome (FR) ,82800,9421,1176958,4992,581776,4429,595182,8592,1005000,4529,472116,4063,532884,829,171958,463,109660,366,62298
GoogleHome (FR) ,84600,8884,1196678,4792,556623,4092,640055,7806,930184,4185,408359,3621,521825,1078,266494,607,148264,471,118230
GoogleHome (FR) ,86400,8570,1078405,4605,499088,3965,579317,7671,885832,4101,382270,3570,503562,899,192573,504,116818,395,75755
GoogleHome (FR) ,88200,8568,1073478,4569,484741,3999,588737,7620,868845,4039,366211,3581,502634,948,204633,530,118530,418,86103
GoogleHome (FR) ,90000,9075,1188885,5067,602065,4008,586820,8156,984960,4554,473526,3602,511434,919,203925,513,128539,406,75386
GoogleHome (FR) ,91800,8666,1115717,4681,522216,3985,593501,7782,910352,4185,403223,3597,507129,884,205365,496,118993,388,86372
GoogleHome (FR) ,93600,8700,1106832,4759,525015,3941,581817,7879,925075,4299,421533,3580,503542,821,181757,460,103482,361,78275
GoogleHome (FR) ,95400,8354,1051370,4476,477376,3878,573994,7544,872791,4023,372960,3521,499831,810,178579,453,104416,357,74163
GoogleHome (FR) ,97200,8365,1033991,4491,480228,3874,553763,7572,875787,4046,376612,3526,499175,793,158204,445,103616,348,54588
GoogleHome (FR) ,99000,8646,1132877,4629,526083,4017,606794,7595,887556,4042,379740,3553,507816,1051,245321,587,146343,464,98978
GoogleHome (FR) ,100800,8999,1185484,5069,602368,3930,583116,8068,982190,4548,482344,3520,499846,931,203294,521,120024,410,83270
GoogleHome (FR) ,102600,8586,1108187,4645,504458,3941,603729,7676,889713,4129,388143,3547,501570,910,218474,516,116315,394,102159
GoogleHome (FR) ,104400,8923,1609122,4909,550325,4014,1058797,7846,930864,4313,430293,3533,500571,1077,678258,596,120032,481,558226
GoogleHome (FR) ,106200,8550,1065014,4675,514923,3875,550091,7786,914826,4245,413670,3541,501156,764,150188,430,101253,334,48935
GoogleHome (FR) ,108000,8311,1029608,4419,463726,3892,565882,7473,857352,3944,356916,3529,500436,838,172256,475,106810,363,65446
GoogleHome (FR) ,109800,8399,1038057,4496,477351,3903,560706,7570,869255,4029,370098,3541,499157,829,168802,467,107253,362,61549
GoogleHome (FR) ,111600,8496,1052136,4606,498430,3890,553706,7680,891015,4148,392879,3532,498136,816,161121,458,105551,358,55570
GoogleHome (FR) ,113400,8461,1079878,4484,484923,3977,594955,7480,851997,3936,350601,3544,501396,981,227881,548,134322,433,93559
GoogleHome (FR) ,115200,8593,1103875,4686,525619,3907,578256,7747,913937,4222,413850,3525,500087,846,189938,464,111769,382,78169
GoogleHome (FR) ,117000,8576,1073628,4696,517283,3880,556345,7826,920888,4280,419508,3546,501380,750,152740,416,97775,334,54965
GoogleHome (FR) ,118800,8434,1048806,4591,500740,3843,548066,7744,911810,4212,411140,3532,500670,690,136996,379,89600,311,47396
GoogleHome (FR) ,120600,8174,1009643,4330,453742,3844,555901,7493,853866,3950,352540,3543,501326,681,155777,380,101202,301,54575
GoogleHome (FR) ,122400,11666,5642779,5769,913398,5897,4729381,7697,798951,3950,403202,3747,395749,3969,4843828,1819,510196,2150,4333632
GoogleHome (FR) ,124200,7140,731291,3852,415882,3288,315409,6292,532847,3378,293392,2914,239455,848,198444,474,122490,374,75954
GoogleHome (FR) ,126000,7303,732425,4082,453343,3221,279082,6685,622437,3745,375049,2940,247388,618,109988,337,78294,281,31694
GoogleHome (FR) ,127800,6965,691390,3728,396335,3237,295055,6202,523934,3301,284264,2901,239670,763,167456,427,112071,336,55385
GoogleHome (FR) ,129600,6966,661622,3720,372037,3246,289585,6257,522734,3331,281564,2926,241170,709,138888,389,90473,320,48415
GoogleHome (FR) ,131400,7266,738146,3985,435209,3281,302937,6498,579167,3563,337328,2935,241839,768,158979,422,97881,346,61098
GoogleHome (FR) ,133200,7061,682747,3820,393004,3241,289743,6345,536346,3427,295710,2918,240636,716,146401,393,97294,323,49107
GoogleHome (FR) ,135000,6880,652833,3658,364873,3222,287960,6186,514790,3277,274594,2909,240196,694,138043,381,90279,313,47764
GoogleHome (FR) ,136800,7216,740904,3908,422270,3308,318634,6341,540925,3421,300031,2920,240894,875,199979,487,122239,388,77740
GoogleHome (FR) ,138600,7324,750361,3985,428416,3339,321945,6491,564902,3527,321414,2964,243488,833,185459,458,107002,375,78457
GoogleHome (FR) ,140400,6873,627888,3622,344013,3251,283875,6205,499755,3255,257139,2950,242616,668,128133,367,86874,301,41259
GoogleHome (FR) ,142200,7117,701789,3867,409688,3250,292101,6400,558829,3470,319482,2930,239347,717,142960,397,90206,320,52754
GoogleHome (FR) ,144000,7457,1234011,4069,439455,3388,794556,6460,567824,3539,326956,2921,240868,997,666187,530,112499,467,553688
GoogleHome (FR) ,145800,6920,655911,3643,352859,3277,303052,6148,495218,3218,253792,2930,241426,772,160693,425,99067,347,61626
GoogleHome (FR) ,147600,7114,688581,3845,398333,3269,290248,6413,549159,3460,306832,2953,242327,701,139422,385,91501,316,47921
GoogleHome (FR) ,149400,7113,695673,3846,405133,3267,290540,6416,557245,3462,309076,2954,248169,697,138428,384,96057,313,42371
GoogleHome (FR) ,151200,7450,790305,4107,459407,3343,330898,6555,579652,3612,337413,2943,242239,895,210653,495,121994,400,88659
GoogleHome (FR) ,153000,7255,727306,3944,415253,3311,312053,6438,553303,3493,310846,2945,242457,817,174003,451,104407,366,69596
GoogleHome (FR) ,154800,7913,863912,4617,562035,3296,301877,7090,687043,4166,448562,2924,238481,823,176869,451,113473,372,63396
GoogleHome (FR) ,156600,7492,783048,4151,461084,3341,321964,6694,611686,3712,359302,2982,252384,798,171362,439,101782,359,69580
GoogleHome (FR) ,158400,7151,688517,3887,398979,3264,289538,6446,550523,3501,309214,2945,241309,705,137994,386,89765,319,48229
GoogleHome (FR) ,160200,7100,704275,3819,399435,3281,304840,6338,541547,3399,299575,2939,241972,762,162728,420,99860,342,62868
GoogleHome (FR) ,162000,7066,680412,3806,390216,3260,290196,6357,541905,3417,299932,2940,241973,709,138507,389,90284,320,48223
GoogleHome (FR) ,163800,7561,1264386,4134,456069,3427,808317,6525,582448,3585,341978,2940,240470,1036,681938,549,114091,487,567847
GoogleHome (FR) ,165600,7175,732370,3791,389830,3384,342540,6201,501198,3250,258470,2951,242728,974,231172,541,131360,433,99812
GoogleHome (FR) ,167400,7134,709831,3853,402247,3281,307584,6351,545836,3420,304348,2931,241488,783,163995,433,97899,350,66096
GoogleHome (FR) ,169200,7097,685474,3869,402945,3228,282529,6409,554919,3489,314167,2920,240752,688,130555,380,88778,308,41777
GoogleHome (FR) ,171000,7383,798593,4081,458955,3302,339638,6560,597338,3626,355691,2934,241647,823,201255,455,103264,368,97991
GoogleHome (FR) ,172800,7001,664604,3774,377743,3227,286861,6310,526920,3395,288046,2915,238874,691,137684,379,89697,312,47987
GoogleHome (FR) ,174600,7232,733752,3933,431266,3299,302486,6402,556939,3478,315843,2924,241096,830,176813,455,115423,375,61390
GoogleHome (FR) ,176400,6985,662140,3769,380753,3216,281387,6301,531613,3396,292324,2905,239289,684,130527,373,88429,311,42098
GoogleHome (FR) ,178200,7160,704073,3942,431861,3218,272212,6544,594084,3604,352925,2940,241159,616,109989,338,78936,278,31053
GoogleHome (FR) ,180000,7539,820423,4193,478879,3346,341544,6576,584846,3662,347431,2914,237415,963,235577,531,131448,432,104129
GoogleHome (FR) ,181800,7945,902575,4648,566060,3297,336515,7073,696645,4165,456744,2908,239901,872,205930,483,109316,389,96614
GoogleHome (FR) ,183600,7006,685112,3766,375549,3240,309563,6302,527258,3375,285938,2927,241320,704,157854,391,89611,313,68243
GoogleHome (FR) ,185400,7176,740905,3913,419238,3263,321667,6395,560401,3482,320095,2913,240306,781,180504,431,99143,350,81361
GoogleHome (FR) ,187200,6931,660872,3698,370184,3233,290688,6247,520835,3323,280564,2924,240271,684,140037,375,89620,309,50417
GoogleHome (FR) ,189000,7461,1224549,4069,432822,3392,791727,6461,569669,3537,329624,2924,240045,1000,654880,532,103198,468,551682
GoogleHome (FR) ,190800,7060,680649,3779,383351,3281,297298,6353,541729,3392,293038,2961,248691,707,138920,387,90313,320,48607
GoogleHome (FR) ,192600,7102,699627,3846,409139,3256,290488,6393,554042,3455,312116,2938,241926,709,145585,391,97023,318,48562
GoogleHome (FR) ,194400,7334,766337,4000,440321,3334,326016,6429,555784,3501,314536,2928,241248,905,210553,499,125785,406,84768
GoogleHome (FR) ,196200,6988,681341,3687,363700,3301,317641,6143,497325,3218,256217,2925,241108,845,184016,469,107483,376,76533
GoogleHome (FR) ,198000,7355,727288,4102,442038,3253,285250,6670,601199,3727,358971,2943,242228,685,126089,375,83067,310,43022
GoogleHome (FR) ,199800,7482,769407,4207,472041,3275,297366,6721,615412,3786,373684,2935,241728,761,153995,421,98357,340,55638
GoogleHome (FR) ,201600,7568,787661,4325,498551,3243,289110,6865,641752,3935,400361,2930,241391,703,145909,390,98190,313,47719
GoogleHome (FR) ,203400,7177,724991,3895,413603,3282,311388,6382,552703,3460,312790,2922,239913,795,172288,435,100813,360,71475
GoogleHome (FR) ,205200,7074,677497,3831,387750,3243,289747,6380,539870,3449,298303,2931,241567,694,137627,382,89447,312,48180
GoogleHome (FR) ,207000,7741,1279799,4264,478216,3477,801583,6676,604318,3712,360834,2964,243484,1065,675481,552,117382,513,558099
GoogleHome (FR) ,208800,7471,819091,4042,449366,3429,369725,6362,531626,3416,290263,2946,241363,1109,287465,626,159103,483,128362
GoogleHome (FR) ,210600,7309,763942,3978,441654,3331,322288,6437,565306,3483,322423,2954,242883,872,198636,495,119231,377,79405
GoogleHome (FR) ,212400,7826,857161,4327,512260,3499,344901,7057,690981,3888,405553,3169,285428,769,166180,439,106707,330,59473
GoogleHome (FR) ,214200,7313,749717,3873,422385,3440,327332,6405,537840,3358,288857,3047,248983,908,211877,515,133528,393,78349
GoogleHome (FR) ,216000,7345,716933,4009,418425,3336,298508,6616,562573,3596,316264,3020,246309,729,154360,413,102161,316,52199
GoogleHome (FR) ,217800,11365,5557205,5883,929811,5482,4627394,7338,713398,4017,417302,3321,296096,4027,4843807,1866,512509,2161,4331298
GoogleHome (FR) ,219600,7452,764383,4188,470257,3264,294126,6697,604437,3768,365723,2929,238714,755,159946,420,104534,335,55412
GoogleHome (FR) ,221400,7990,889651,4693,584800,3297,304851,7214,720291,4266,477711,2948,242580,776,169360,427,107089,349,62271
GoogleHome (FR) ,223200,7071,681078,3848,399579,3223,281499,6380,543972,3466,303592,2914,240380,691,137106,382,95987,309,41119
GoogleHome (FR) ,225000,7186,720693,3906,426705,3280,293988,6415,559145,3486,318648,2929,240497,771,161548,420,108057,351,53491
GoogleHome (FR) ,226800,6990,675205,3721,374154,3269,301051,6269,525676,3320,279233,2949,246443,721,149529,401,94921,320,54608
GoogleHome (FR) ,228600,7022,686130,3795,397959,3227,288171,6314,539508,3405,299507,2909,240001,708,146622,390,98452,318,48170
GoogleHome (FR) ,230400,7104,679518,3897,400597,3207,278921,6455,559150,3541,319333,2914,239817,649,120368,356,81264,293,39104
GoogleHome (FR) ,232200,7308,770504,3912,420521,3396,349983,6264,520906,3335,279676,2929,241230,1044,249598,577,140845,467,108753
GoogleHome (FR) ,234000,7335,751163,4048,439083,3287,312080,6540,578940,3610,337518,2930,241422,795,172223,438,101565,357,70658
GoogleHome (FR) ,235800,7307,735574,4033,432367,3274,303207,6529,574758,3604,333650,2925,241108,778,160816,429,98717,349,62099
GoogleHome (FR) ,237600,7573,1227592,4123,431006,3450,796586,6557,561220,3586,318127,2971,243093,1016,666372,537,112879,479,553493
GoogleHome (FR) ,239400,7001,655343,3727,363701,3274,291642,6295,516694,3340,273744,2955,242950,706,138649,387,89957,319,48692
GoogleHome (FR) ,241200,7268,719406,3977,415173,3291,304233,6506,558750,3557,316016,2949,242734,762,160656,420,99157,342,61499
GoogleHome (FR) ,243000,7434,888411,4074,459578,3360,428833,6485,565508,3563,328106,2922,237402,949,322903,511,131472,438,191431
GoogleHome (FR) ,244800,7143,686145,3935,408787,3208,277358,6511,566162,3585,326986,2926,239176,632,119983,350,81801,282,38182
GoogleHome (FR) ,246600,7227,752773,3829,407430,3398,345343,6181,498339,3250,256809,2931,241530,1046,254434,579,150621,467,103813
GoogleHome (FR) ,248400,7155,722077,3848,403247,3307,318830,6292,530007,3376,291478,2916,238529,863,192070,472,111769,391,80301
GoogleHome (FR) ,250200,7087,706518,3774,372291,3313,334227,6262,513200,3319,270922,2943,242278,825,193318,455,101369,370,91949
GoogleHome (FR) ,252000,7413,741728,4156,452387,3257,289341,6708,603151,3770,362276,2938,240875,705,138577,386,90111,319,48466
GoogleHome (FR) ,253800,7040,677698,3748,368659,3292,309039,6322,524070,3355,277079,2967,246991,718,153628,393,91580,325,62048
GoogleHome (FR) ,0,5546,883558,3083,532825,2463,350733,4171,578783,2350,344465,1821,234318,1375,304775,733,188360,642,116415
GoogleHome (FR) ,1800,5521,870152,3028,525648,2493,344504,4157,564281,2306,331728,1851,232553,1364,305871,722,193920,642,111951
GoogleHome (FR) ,3600,5538,865227,3034,522806,2504,342421,4188,577074,2321,341333,1867,235741,1350,288153,713,181473,637,106680
GoogleHome (FR) ,5400,5899,1001000,3246,605592,2653,395408,4398,646515,2445,382524,1953,263991,1501,354485,801,223068,700,131417
GoogleHome (FR) ,7200,5919,958645,3250,585622,2669,373023,4502,652430,2504,397567,1998,254863,1417,306215,746,188055,671,118160
GoogleHome (FR) ,9000,5076,822149,2797,505090,2279,317059,3751,533520,2098,321602,1653,211918,1325,288629,699,183488,626,105141
GoogleHome (FR) ,10800,6116,1495301,3261,591481,2855,903820,4431,650835,2424,379867,2007,270968,1685,844466,837,211614,848,632852
GoogleHome (FR) ,12600,5953,910239,3272,543434,2681,366805,4586,600462,2548,345814,2038,254648,1367,309777,724,197620,643,112157
GoogleHome (FR) ,14400,5416,909284,2993,574746,2423,334538,4074,622382,2284,394213,1790,228169,1342,286902,709,180533,633,106369
GoogleHome (FR) ,16200,6217,927931,3353,546156,2864,381775,4874,636226,2644,364405,2230,271821,1343,291705,709,181751,634,109954
GoogleHome (FR) ,18000,5771,973587,3154,599020,2617,374567,4300,642993,2370,391644,1930,251349,1471,330594,784,207376,687,123218
GoogleHome (FR) ,19800,5139,837412,2840,503626,2299,333786,3736,518463,2100,301624,1636,216839,1403,318949,740,202002,663,116947
GoogleHome (FR) ,21600,5168,795657,2839,479103,2329,316554,3806,506768,2115,297435,1691,209333,1362,288889,724,181668,638,107221
GoogleHome (FR) ,23400,6479,1036326,3780,657350,2699,378976,5181,749956,3096,480822,2085,269134,1298,286370,684,176528,614,109842
GoogleHome (FR) ,25200,8350,1183017,4422,693091,3928,489926,6997,876233,3709,500099,3288,376134,1353,306784,713,192992,640,113792
GoogleHome (FR) ,27000,11910,1463704,6153,833602,5757,630102,10724,1177406,5525,651111,5199,526295,1186,286298,628,182491,558,103807
GoogleHome (FR) ,28800,12191,2031474,6225,859295,5966,1172179,10661,1215204,5437,664069,5224,551135,1530,816270,788,195226,742,621044
GoogleHome (FR) ,30600,11043,1368165,5703,791879,5340,576286,9875,1094559,5083,616687,4792,477872,1168,273606,620,175192,548,98414
GoogleHome (FR) ,32400,17764,7115449,8801,1484900,8963,5630549,12960,1569026,6743,857866,6217,711160,4804,5546423,2058,627034,2746,4919389
GoogleHome (FR) ,34200,10645,1519061,5610,832533,5035,686528,9200,1119285,4844,554454,4356,564831,1445,399776,766,278079,679,121697
GoogleHome (FR) ,36000,11294,1604367,5901,866759,5393,737608,10100,1309977,5258,671638,4842,638339,1194,294390,643,195121,551,99269
GoogleHome (FR) ,37800,10619,1521489,5524,804972,5095,716517,9462,1237550,4906,616219,4556,621331,1157,283939,618,188753,539,95186
GoogleHome (FR) ,39600,10937,1590215,5668,844922,5269,745293,9727,1296015,5025,655973,4702,640042,1210,294200,643,188949,567,105251
GoogleHome (FR) ,41400,11049,1623585,5801,865810,5248,757775,9850,1324659,5161,666973,4689,657686,1199,298926,640,198837,559,100089
GoogleHome (FR) ,43200,11618,1651557,6062,885374,5556,766183,10425,1352434,5425,689841,5000,662593,1193,299123,637,195533,556,103590
GoogleHome (FR) ,45000,10571,1491083,5476,779256,5095,711827,9385,1203097,4844,589440,4541,613657,1186,287986,632,189816,554,98170
GoogleHome (FR) ,46800,6109,1159363,3357,624661,2752,534702,4849,844796,2680,421182,2169,423614,1260,314567,677,203479,583,111088
GoogleHome (FR) ,48600,6208,1109873,3395,585193,2813,524680,5031,821986,2766,408334,2265,413652,1177,287887,629,176859,548,111028
GoogleHome (FR) ,50400,6499,1180028,3616,662310,2883,517718,5327,895074,3001,474849,2326,420225,1172,284954,615,187461,557,97493
GoogleHome (FR) ,52200,7344,1782869,3988,698779,3356,1084090,5828,940115,3220,481205,2608,458910,1516,842754,768,217574,748,625180
GoogleHome (FR) ,54000,6310,1164672,3444,643177,2866,521495,5081,850584,2784,439995,2297,410589,1229,314088,660,203182,569,110906
GoogleHome (FR) ,55800,5843,1112141,3166,581835,2677,530306,4539,791576,2469,376096,2070,415480,1304,320565,697,205739,607,114826
GoogleHome (FR) ,57600,6551,1170699,3521,620695,3030,550004,5357,880763,2885,433186,2472,447577,1194,289936,636,187509,558,102427
GoogleHome (FR) ,59400,6393,1135781,3465,603125,2928,532656,5209,852832,2832,418046,2377,434786,1184,282949,633,185079,551,97870
GoogleHome (FR) ,61200,6398,1165833,3484,647871,2914,517962,5099,828919,2789,425790,2310,403129,1299,336914,695,222081,604,114833
GoogleHome (FR) ,63000,6458,1126686,3497,598263,2961,528423,5249,834013,2844,411071,2405,422942,1209,292673,653,187192,556,105481
GoogleHome (FR) ,64800,6108,1099563,3316,592845,2792,506718,4908,811206,2679,409725,2229,401481,1200,288357,637,183120,563,105237
GoogleHome (FR) ,66600,6249,1090172,3407,579863,2842,510309,5079,813859,2782,399438,2297,414421,1170,276313,625,180425,545,95888
GoogleHome (FR) ,68400,6751,1303666,3687,713087,3064,590579,5461,969711,3006,498105,2455,471606,1290,333955,681,214982,609,118973
GoogleHome (FR) ,70200,5984,1031434,3247,546563,2737,484871,4772,741529,2605,362129,2167,379400,1212,289905,642,184434,570,105471
GoogleHome (FR) ,72000,6651,1630358,3609,612594,3042,1017764,5218,806179,2882,408960,2336,397219,1433,824179,727,203634,706,620545
GoogleHome (FR) ,73800,7376,1257072,3963,671590,3413,585482,6220,975150,3340,484477,2880,490673,1156,281922,623,187113,533,94809
GoogleHome (FR) ,75600,6549,1214294,3557,674100,2992,540194,5230,878293,2851,462636,2379,415657,1319,336001,706,211464,613,124537
GoogleHome (FR) ,77400,6647,1214238,3599,646181,3048,568057,5444,923185,2956,457188,2488,465997,1203,291053,643,188993,560,102060
GoogleHome (FR) ,79200,6480,1120986,3482,592650,2998,528336,5326,842530,2870,411438,2456,431092,1154,278456,612,181212,542,97244
GoogleHome (FR) ,81000,7639,1322856,4070,690763,3569,632093,6395,1014571,3402,497913,2993,516658,1244,308285,668,192850,576,115435
GoogleHome (FR) ,82800,5939,1085873,3219,572592,2720,513281,4716,781646,2563,377454,2153,404192,1223,304227,656,195138,567,109089
GoogleHome (FR) ,84600,7042,1227017,3791,646867,3251,580150,5805,922627,3131,455830,2674,466797,1237,304390,660,191037,577,113353
GoogleHome (FR) ,86400,7309,1298636,3924,711349,3385,587287,6150,1015124,3305,525790,2845,489334,1159,283512,619,185559,540,97953
GoogleHome (FR) ,88200,5372,957863,2988,502540,2384,455323,4118,658296,2321,315633,1797,342663,1254,299567,667,186907,587,112660
GoogleHome (FR) ,90000,5862,1028545,3179,546636,2683,481909,4652,726649,2531,353364,2121,373285,1210,301896,648,193272,562,108624
GoogleHome (FR) ,91800,6981,1667598,3717,608544,3264,1059054,5560,853234,2994,411128,2566,442106,1421,814364,723,197416,698,616948
GoogleHome (FR) ,93600,6291,1151182,3422,630545,2869,520637,5116,868124,2793,445117,2323,423007,1175,283058,629,185428,546,97630
GoogleHome (FR) ,95400,5503,965815,3021,514313,2482,451502,4334,689292,2397,334264,1937,355028,1169,276523,624,180049,545,96474
GoogleHome (FR) ,97200,6708,1209645,3767,691577,2941,518068,5445,899548,3086,495025,2359,404523,1263,310097,681,196552,582,113545
GoogleHome (FR) ,99000,6583,1142014,3562,594582,3021,547432,5373,843613,2913,405819,2460,437794,1210,298401,649,188763,561,109638
GoogleHome (FR) ,100800,6202,1080348,3360,569403,2842,510945,5019,790722,2729,381934,2290,408788,1183,289626,631,187469,552,102157
GoogleHome (FR) ,102600,5371,944083,2946,501929,2425,442154,4257,680484,2353,329263,1904,351221,1114,263599,593,172666,521,90933
GoogleHome (FR) ,104400,5511,996286,3021,536088,2490,460198,4230,678918,2333,329839,1897,349079,1281,317368,688,206249,593,111119
GoogleHome (FR) ,106200,6752,1156463,3630,620163,3122,536300,5470,838984,2951,413135,2519,425849,1282,317479,679,207028,603,110451
GoogleHome (FR) ,108000,5744,1090438,3104,596118,2640,494320,4486,782185,2428,397068,2058,385117,1258,308253,676,199050,582,109203
GoogleHome (FR) ,109800,6334,1095613,3484,587322,2850,508291,5151,808866,2853,397880,2298,410986,1183,286747,631,189442,552,97305
GoogleHome (FR) ,111600,6069,1040426,3301,555459,2768,484967,4843,736576,2641,358314,2202,378262,1226,303850,660,197145,566,106705
GoogleHome (FR) ,113400,6882,1646702,3608,577915,3274,1068787,5409,812760,2857,373894,2552,438866,1473,833942,751,204021,722,629921
GoogleHome (FR) ,115200,6709,1182945,3671,634540,3038,548405,5528,896716,3043,449357,2485,447359,1181,286229,628,185183,553,101046
GoogleHome (FR) ,117000,5463,973547,3023,514311,2440,459236,4295,692546,2401,333292,1894,359254,1168,281001,622,181019,546,99982
GoogleHome (FR) ,118800,8685,1269662,4500,622861,4185,646801,7214,899659,3685,392036,3529,507623,1471,370003,815,230825,656,139178
GoogleHome (FR) ,120600,15283,6766814,7463,1224143,7820,5542671,10233,1168054,5236,546761,4997,621293,5050,5598760,2227,677382,2823,4921378
GoogleHome (FR) ,122400,11123,1397964,5725,723756,5398,674208,9791,1050389,5019,476694,4772,573695,1332,347575,706,247062,626,100513
GoogleHome (FR) ,124200,10767,1397340,5598,707120,5169,690220,9555,1097522,4949,512349,4606,585173,1212,299818,649,194771,563,105047
GoogleHome (FR) ,126000,10504,1333884,5446,663321,5058,670563,9364,1061075,4833,483487,4531,577588,1140,272809,613,179834,527,92975
GoogleHome (FR) ,127800,9280,1148482,4741,554794,4539,593688,8102,866220,4107,371621,3995,494599,1178,282262,634,183173,544,99089
GoogleHome (FR) ,129600,9711,1217080,4995,594102,4716,622978,8544,946810,4367,417184,4177,529626,1167,270270,628,176918,539,93352
GoogleHome (FR) ,131400,9337,1178941,4722,569517,4615,609424,8192,909062,4111,391664,4081,517398,1145,269879,611,177853,534,92026
GoogleHome (FR) ,133200,9689,1212753,5055,601122,4634,611631,8528,940457,4430,422735,4098,517722,1161,272296,625,178387,536,93909
GoogleHome (FR) ,135000,9903,1242222,5049,605453,4854,636769,8633,931279,4366,403614,4267,527665,1270,310943,683,201839,587,109104
GoogleHome (FR) ,136800,8897,1101887,4557,526224,4340,575663,7710,825410,3920,352400,3790,473010,1187,276477,637,173824,550,102653
GoogleHome (FR) ,138600,10338,1289165,5331,637915,5007,651250,9168,1009956,4711,455877,4457,554079,1170,279209,620,182038,550,97171
GoogleHome (FR) ,140400,9412,1194678,4783,569414,4629,625264,8296,935255,4186,400511,4110,534744,1116,259423,597,168903,519,90520
GoogleHome (FR) ,142200,9009,1583463,4602,518336,4407,1065127,7583,776338,3863,325736,3720,450602,1426,807125,739,192600,687,614525
GoogleHome (FR) ,144000,9998,1285866,5303,656600,4695,629266,8735,971299,4621,460120,4114,511179,1263,314567,682,196480,581,118087
GoogleHome (FR) ,145800,9523,1155053,4871,560920,4652,594133,8345,879454,4240,383379,4105,496075,1178,275599,631,177541,547,98058
GoogleHome (FR) ,147600,9814,1225455,5180,618323,4634,607132,8654,959809,4559,447510,4095,512299,1160,265646,621,170813,539,94833
GoogleHome (FR) ,149400,9909,1268340,5163,640811,4746,627529,8662,958752,4494,439859,4168,518893,1247,309588,669,200952,578,108636
GoogleHome (FR) ,151200,9034,1110215,4563,528755,4471,581460,7880,845297,3945,356923,3935,488374,1154,264918,618,171832,536,93086
GoogleHome (FR) ,153000,9333,1155848,4831,552728,4502,603120,8196,889047,4223,384203,3973,504844,1137,266801,608,168525,529,98276
GoogleHome (FR) ,154800,9089,1135679,4670,543859,4419,591820,7921,864922,4042,371659,3879,493263,1168,270757,628,172200,540,98557
GoogleHome (FR) ,156600,9298,1134177,4905,572216,4393,561961,8127,857468,4278,394568,3849,462900,1171,276709,627,177648,544,99061
GoogleHome (FR) ,158400,9323,1165420,4783,559187,4540,606233,8043,868949,4100,376199,3943,492750,1280,296471,683,182988,597,113483
GoogleHome (FR) ,160200,10441,1933719,5380,751622,5061,1182097,9033,1128709,4655,560794,4378,567915,1408,805010,725,190828,683,614182
GoogleHome (FR) ,162000,9887,1374417,5121,718813,4766,655604,8690,1079625,4477,527258,4213,552367,1197,294792,644,191555,553,103237
GoogleHome (FR) ,163800,9419,1190248,4887,586491,4532,603757,8107,857800,4177,375597,3930,482203,1312,332448,710,210894,602,121554
GoogleHome (FR) ,165600,9339,1152268,4870,555654,4469,596614,8117,863833,4214,378891,3903,484942,1222,288435,656,176763,566,111672
GoogleHome (FR) ,167400,8808,1078548,4494,515238,4314,563310,7659,817023,3881,346366,3778,470657,1149,261525,613,168872,536,92653
GoogleHome (FR) ,169200,9538,1164864,4840,551510,4698,613354,8376,893042,4218,379839,4158,513203,1162,271822,622,171671,540,100151
GoogleHome (FR) ,171000,9299,1171180,4728,561641,4571,609539,8124,896030,4100,385977,4024,510053,1175,275150,628,175664,547,99486
GoogleHome (FR) ,172800,8822,1100607,4480,521374,4342,579233,7635,825047,3847,346794,3788,478253,1187,275560,633,174580,554,100980
GoogleHome (FR) ,174600,8952,1087412,4632,526376,4320,561036,7798,824864,4017,355614,3781,469250,1154,262548,615,170762,539,91786
GoogleHome (FR) ,176400,9000,1118476,4605,533955,4395,584521,7827,847327,3972,361704,3855,485623,1173,271149,633,172251,540,98898
GoogleHome (FR) ,178200,8963,1123348,4573,542199,4390,581149,7724,823394,3914,350472,3810,472922,1239,299954,659,191727,580,108227
GoogleHome (FR) ,180000,9403,1270615,4878,574992,4525,695623,8109,890272,4187,385834,3922,504438,1294,380343,691,189158,603,191185
GoogleHome (FR) ,181800,10465,1819512,5363,641514,5102,1177998,9068,1021681,4640,457013,4428,564668,1397,797831,723,184501,674,613330
GoogleHome (FR) ,183600,9133,1104176,4655,525317,4478,578859,8032,853234,4070,363442,3962,489792,1101,250942,585,161875,516,89067
GoogleHome (FR) ,185400,10283,1313967,5583,693010,4700,620957,9066,1021602,4926,510336,4140,511266,1217,292365,657,182674,560,109691
GoogleHome (FR) ,187200,9951,1215395,5134,590964,4817,624431,8759,933546,4499,410859,4260,522687,1192,281849,635,180105,557,101744
GoogleHome (FR) ,189000,9114,1118906,4644,538185,4470,580721,7959,852565,4024,364905,3935,487660,1155,266341,620,173280,535,93061
GoogleHome (FR) ,190800,9086,1127875,4635,541188,4451,586687,7951,867127,4030,372078,3921,495049,1135,260748,605,169110,530,91638
GoogleHome (FR) ,192600,8993,1145608,4607,553846,4386,591762,7743,841674,3933,359539,3810,482135,1250,303934,674,194307,576,109627
GoogleHome (FR) ,194400,9287,1161667,4740,563309,4547,598358,8131,893458,4129,388709,4002,504749,1156,268209,611,174600,545,93609
GoogleHome (FR) ,196200,9120,1079756,4740,522337,4380,557419,8016,827383,4145,359656,3871,467727,1104,252373,595,162681,509,89692
GoogleHome (FR) ,198000,13504,6492534,6549,1105539,6955,5386995,8535,942982,4436,427080,4099,515902,4969,5549552,2113,678459,2856,4871093
GoogleHome (FR) ,199800,9866,1261770,5051,628856,4815,632914,8646,943642,4391,412893,4255,530749,1220,318128,660,215963,560,102165
GoogleHome (FR) ,201600,9069,1126899,4669,538276,4400,588623,7921,864933,4056,369575,3865,495358,1148,261966,613,168701,535,93265
GoogleHome (FR) ,203400,9414,1132312,4809,552124,4605,580188,8297,868749,4215,378386,4082,490363,1117,263563,594,173738,523,89825
GoogleHome (FR) ,205200,10554,1288343,5412,627516,5142,660827,9369,1012690,4772,451653,4597,561037,1185,275653,640,175863,545,99790
GoogleHome (FR) ,207000,10627,1302045,5338,628221,5289,673824,9464,1026560,4719,451372,4745,575188,1163,275485,619,176849,544,98636
GoogleHome (FR) ,208800,10027,1201489,5114,580921,4913,620568,8872,929435,4499,402189,4373,527246,1155,272054,615,178732,540,93322
GoogleHome (FR) ,210600,10046,1216115,5144,594500,4902,621615,8912,947914,4543,418084,4369,529830,1134,268201,601,176416,533,91785
GoogleHome (FR) ,212400,9382,1179955,4814,575808,4568,604147,8103,871996,4129,378033,3974,493963,1279,307959,685,197775,594,110184
GoogleHome (FR) ,214200,9600,1167662,4961,571191,4639,596471,8451,896925,4350,400785,4101,496140,1149,270737,611,170406,538,100331
GoogleHome (FR) ,216000,9806,1184734,5016,574874,4790,609860,8634,907612,4390,391592,4244,516020,1172,277122,626,183282,546,93840
GoogleHome (FR) ,217800,9413,1101181,4784,522114,4629,579067,8271,839280,4172,353342,4099,485938,1142,261901,612,168772,530,93129
GoogleHome (FR) ,219600,9885,1718416,5082,597170,4803,1121246,8437,904929,4336,398365,4101,506564,1448,813487,746,198805,702,614682
GoogleHome (FR) ,221400,9104,1100371,4667,523235,4437,577136,7935,828327,4037,350397,3898,477930,1169,272044,630,172838,539,99206
GoogleHome (FR) ,223200,10734,1314416,5434,638050,5300,676366,9572,1042258,4816,459917,4756,582341,1162,272158,618,178133,544,94025
GoogleHome (FR) ,225000,9877,1158802,5006,549152,4871,609650,8679,876853,4358,373265,4321,503588,1198,281949,648,175887,550,106062
GoogleHome (FR) ,226800,9822,1213819,5006,584652,4816,629167,8580,913887,4335,392340,4245,521547,1242,299932,671,192312,571,107620
GoogleHome (FR) ,228600,10416,1269533,5353,629032,5063,640501,9280,1006811,4744,458007,4536,548804,1136,262722,609,171025,527,91697
GoogleHome (FR) ,230400,10113,1226775,5164,591084,4949,635691,8865,921185,4491,403406,4374,517779,1248,305590,673,187678,575,117912
GoogleHome (FR) ,232200,10999,1332201,5655,667788,5344,664413,9794,1052737,5015,485586,4779,567151,1205,279464,640,182202,565,97262
GoogleHome (FR) ,234000,10391,1239516,5362,619417,5029,620099,9215,958234,4732,436347,4483,521887,1176,281282,630,183070,546,98212
GoogleHome (FR) ,235800,10619,1321778,5642,699761,4977,622017,9383,1027767,4982,505308,4401,522459,1236,294011,660,194453,576,99558
GoogleHome (FR) ,237600,9486,1140839,4982,570763,4504,570076,8355,880537,4377,402010,3978,478527,1131,260302,605,168753,526,91549
GoogleHome (FR) ,239400,9972,1288009,5395,681109,4577,606900,8751,990493,4738,491628,4013,498865,1221,297516,657,189481,564,108035
GoogleHome (FR) ,241200,10719,1355137,5579,680908,5140,674229,9480,1051081,4913,490798,4567,560283,1239,304056,666,190110,573,113946
GoogleHome (FR) ,243000,16680,2726877,8883,1266658,7797,1460219,15159,1887426,8107,1046843,7052,840583,1521,839451,776,219815,745,619636
GoogleHome (FR) ,244800,16018,2152527,8543,1223496,7475,929031,14856,1869060,7924,1036741,6932,832319,1162,283467,619,186755,543,96712
GoogleHome (FR) ,246600,13519,1807509,7296,1006775,6223,800734,12299,1509767,6642,821901,5657,687866,1220,297742,654,184874,566,112868
GoogleHome (FR) ,248400,14348,2112172,7761,1226656,6587,885516,13048,1782787,7067,1013643,5981,769144,1300,329385,694,213013,606,116372
GoogleHome (FR) ,250200,12154,1591697,6354,848365,5800,743332,10917,1296265,5689,654479,5228,641786,1237,295432,665,193886,572,101546
GoogleHome (FR) ,252000,13952,1589485,7378,841731,6574,747754,12749,1306525,6737,656717,6012,649808,1203,282960,641,185014,562,97946
GoogleHome (FR) ,253800,13829,1436776,7152,720433,6677,716343,12625,1155203,6506,541209,6119,613994,1204,281573,646,179224,558,102349
GoogleHome (FR) ,255600,14527,1618398,7389,814026,7138,804372,13275,1311053,6719,618696,6556,692357,1252,307345,670,195330,582,112015
GoogleHome (FR) ,257400,14879,1624458,7595,817691,7284,806767,13739,1354962,6992,642617,6747,712345,1140,269496,603,175074,537,94422
GoogleHome (FR) ,259200,14026,1483641,7147,735950,6879,747691,12872,1215803,6533,564654,6339,651149,1154,267838,614,171296,540,96542
GoogleHome (FR) ,261000,14535,1595855,7456,806144,7079,789711,13358,1319370,6827,626400,6531,692970,1177,276485,629,179744,548,96741
GoogleHome (FR) ,262800,13926,1970909,7076,716103,6850,1254806,12472,1152145,6334,525692,6138,626453,1454,818764,742,190411,712,628353
GoogleHome (FR) ,264600,14240,1568742,7507,838188,6733,730554,13075,1297665,6880,663071,6195,634594,1165,271077,627,175117,538,95960
GoogleHome (FR) ,266400,13390,1385475,6852,679654,6538,705821,12273,1122339,6259,510461,6014,611878,1117,263136,593,169193,524,93943
GoogleHome (FR) ,268200,13996,1494647,7305,776322,6691,718325,12675,1178482,6597,570579,6078,607903,1321,316165,708,205743,613,110422
GoogleHome (FR) ,270000,13490,1413580,6890,695224,6600,718356,12248,1114233,6226,504071,6022,610162,1242,299347,664,191153,578,108194
GoogleHome (FR) ,271800,13828,1459383,7252,758312,6576,701071,12652,1180749,6623,574621,6029,606128,1176,278634,629,183691,547,94943
GoogleHome (FR) ,273600,13337,1360706,6810,664884,6527,695822,12201,1099666,6208,496062,5993,603604,1136,261040,602,168822,534,92218
GoogleHome (FR) ,275400,13595,1401701,7034,703505,6561,698196,12442,1137332,6416,532191,6026,605141,1153,264369,618,171314,535,93055
GoogleHome (FR) ,277200,13806,1467589,7217,762096,6589,705493,12610,1179703,6573,573884,6037,605819,1196,287886,644,188212,552,99674
GoogleHome (FR) ,279000,13486,1395242,6922,683190,6564,712052,12288,1111232,6279,507198,6009,604034,1198,284010,643,175992,555,108018
GoogleHome (FR) ,280800,13452,1371163,6866,666686,6586,704477,12311,1104680,6255,497418,6056,607262,1141,266483,611,169268,530,97215
GoogleHome (FR) ,282600,13469,1381294,6896,674952,6573,706342,12317,1112396,6278,503467,6039,608929,1152,268898,618,171485,534,97413
GoogleHome (FR) ,284400,13806,1499486,7103,744453,6703,755033,12252,1111056,6241,503868,6011,607188,1554,388430,862,240585,692,147845
GoogleHome (FR) ,286200,16740,6746068,8220,1224479,8520,5521589,11721,1176472,6041,548704,5680,627768,5019,5569596,2179,675775,2840,4893821
GoogleHome (FR) ,288000,10682,1225736,5596,631370,5086,594366,9488,929901,4954,428696,4534,501205,1194,295835,642,202674,552,93161
GoogleHome (FR) ,289800,10612,1172637,5483,574008,5129,598629,9455,906651,4863,401318,4592,505333,1157,265986,620,172690,537,93296
GoogleHome (FR) ,291600,13106,1518034,6597,751837,6509,766197,11910,1227892,5961,564168,5949,663724,1196,290142,636,187669,560,102473
GoogleHome (FR) ,293400,13294,1365452,6715,659398,6579,706054,12149,1099714,6097,490706,6052,609008,1145,265738,618,168692,527,97046
GoogleHome (FR) ,295200,13335,1363056,6770,665043,6565,698013,12201,1103756,6164,496716,6037,607040,1134,259300,606,168327,528,90973
GoogleHome (FR) ,297000,13422,1394191,6810,687897,6612,706294,12222,1109273,6164,502904,6058,606369,1200,284918,646,184993,554,99925
GoogleHome (FR) ,298800,13376,1373334,6898,680260,6478,693074,12235,1106158,6289,504803,5946,601355,1141,267176,609,175457,532,91719
GoogleHome (FR) ,300600,13688,1424107,7032,700798,6656,723309,12409,1113070,6341,504837,6068,608233,1279,311037,691,195961,588,115076
GoogleHome (FR) ,302400,13407,1372215,6914,671025,6493,701190,12241,1101444,6290,501032,5951,600412,1166,270771,624,169993,542,100778
GoogleHome (FR) ,304200,13659,1454864,6996,744693,6663,710171,12439,1159636,6350,547770,6089,611866,1220,295228,646,196923,574,98305
GoogleHome (FR) ,306000,13443,1375533,6786,673558,6657,701975,12338,1121766,6196,508714,6142,613052,1105,253767,590,164844,515,88923
GoogleHome (FR) ,307800,13937,1432128,7167,711668,6770,720460,12730,1144959,6517,527173,6213,617786,1207,287169,650,184495,557,102674
GoogleHome (FR) ,309600,15389,2147691,8019,850401,7370,1297290,13936,1344548,7279,660855,6657,683693,1453,803143,740,189546,713,613597
GoogleHome (FR) ,311400,14613,1521900,7596,778166,7017,743734,13423,1245295,6958,604196,6465,641099,1190,276605,638,173970,552,102635
GoogleHome (FR) ,313200,14234,1601399,7234,789407,7000,811992,12938,1275478,6545,588625,6393,686853,1296,325921,689,200782,607,125139
GoogleHome (FR) ,315000,13462,1576223,6812,794608,6650,781615,12164,1262806,6120,595365,6044,667441,1298,313417,692,199243,606,114174
GoogleHome (FR) ,316800,11824,1645986,6159,882101,5665,763885,10703,1375217,5560,709708,5143,665509,1121,270769,599,172393,522,98376
GoogleHome (FR) ,318600,13894,1458801,6980,705935,6914,752866,12687,1173480,6339,526519,6348,646961,1207,285321,641,179416,566,105905
GoogleHome (FR) ,320400,13676,1439191,6915,704896,6761,734295,12534,1169138,6304,527085,6230,642053,1142,270053,611,177811,531,92242
GoogleHome (FR) ,322200,13665,1412678,7010,700368,6655,712310,12455,1127669,6361,516547,6094,611122,1210,285009,649,183821,561,101188
GoogleHome (FR) ,324000,13483,1370971,6888,666681,6595,704290,12334,1104861,6272,497734,6062,607127,1149,266110,616,168947,533,97163
GoogleHome (FR) ,325800,13652,1403620,7012,694816,6640,708804,12503,1130634,6396,519206,6107,611428,1149,272986,616,175610,533,97376
GoogleHome (FR) ,327600,13626,1423674,6971,701171,6655,722503,12312,1104413,6267,499277,6045,605136,1314,319261,704,201894,610,117367
GoogleHome (FR) ,329400,14003,1496179,7311,773128,6692,723051,12735,1190312,6631,580985,6104,609327,1268,305867,680,192143,588,113724
