Device,StartTime,Frames,Bytes,TxFrames,TxBytes,RxFrames,RxBytes,LanFrames,LanBytes,LanTxFrames,LanTxBytes,LanRxFrames,LanRxBytes,WanFrames,WanBytes,WanTxFrames,WanTxBytes,WanRxFrames,WanRxBytes
NestCamera (FR) ,0,421,43425,209,25708,212,17717,0,0,0,0,0,0,421,43425,209,25708,212,17717
NestCamera (FR) ,1800,437,73439,228,46060,209,27379,48,7448,28,2088,20,5360,389,65991,200,43972,189,22019
NestCamera (FR) ,3600,470,48410,235,28830,235,19580,0,0,0,0,0,0,470,48410,235,28830,235,19580
NestCamera (FR) ,5400,468,48204,234,28764,234,19440,0,0,0,0,0,0,468,48204,234,28764,234,19440
NestCamera (FR) ,7200,470,48410,235,28830,235,19580,0,0,0,0,0,0,470,48410,235,28830,235,19580
NestCamera (FR) ,9000,249,25709,123,15148,126,10561,0,0,0,0,0,0,249,25709,123,15148,126,10561
NestCamera (FR) ,10800,567,72756,289,41951,278,30805,37,5640,21,1566,16,4074,530,67116,268,40385,262,26731
NestCamera (FR) ,12600,470,48410,235,28830,235,19580,0,0,0,0,0,0,470,48410,235,28830,235,19580
NestCamera (FR) ,14400,468,48204,234,28764,234,19440,0,0,0,0,0,0,468,48204,234,28764,234,19440
NestCamera (FR) ,16200,470,48410,235,28830,235,19580,0,0,0,0,0,0,470,48410,235,28830,235,19580
NestCamera (FR) ,18000,319,46923,165,26399,154,20524,36,5586,21,1566,15,4020,283,41337,144,24833,139,16504
NestCamera (FR) ,19800,468,48204,234,28764,234,19440,0,0,0,0,0,0,468,48204,234,28764,234,19440
NestCamera (FR) ,21600,470,48410,235,28830,235,19580,0,0,0,0,0,0,470,48410,235,28830,235,19580
NestCamera (FR) ,23400,468,48204,234,28764,234,19440,0,0,0,0,0,0,468,48204,234,28764,234,19440
NestCamera (FR) ,25200,441,45411,219,26886,222,18525,0,0,0,0,0,0,441,45411,219,26886,222,18525
NestCamera (FR) ,27000,372,52288,192,29639,180,22649,36,5586,21,1566,15,4020,336,46702,171,28073,165,18629
NestCamera (FR) ,28800,468,48204,234,28764,234,19440,0,0,0,0,0,0,468,48204,234,28764,234,19440
NestCamera (FR) ,30600,470,48410,235,28830,235,19580,0,0,0,0,0,0,470,48410,235,28830,235,19580
NestCamera (FR) ,32400,468,48204,234,28764,234,19440,0,0,0,0,0,0,468,48204,234,28764,234,19440
NestCamera (FR) ,34200,279,28725,138,16952,141,11773,0,0,0,0,0,0,279,28725,138,16952,141,11773
NestCamera (FR) ,36000,530,68701,270,39455,260,29246,36,5586,21,1566,15,4020,494,63115,249,37889,245,25226
NestCamera (FR) ,37800,470,48410,235,28830,235,19580,0,0,0,0,0,0,470,48410,235,28830,235,19580
NestCamera (FR) ,39600,468,48204,234,28764,234,19440,0,0,0,0,0,0,468,48204,234,28764,234,19440
NestCamera (FR) ,41400,470,48410,235,28830,235,19580,0,0,0,0,0,0,470,48410,235,28830,235,19580
NestCamera (FR) ,43200,353,50442,182,28499,171,21943,36,5586,21,1566,15,4020,317,44856,161,26933,156,17923
NestCamera (FR) ,45000,468,48204,234,28764,234,19440,0,0,0,0,0,0,468,48204,234,28764,234,19440
NestCamera (FR) ,46800,470,48410,235,28830,235,19580,0,0,0,0,0,0,470,48410,235,28830,235,19580
NestCamera (FR) ,48600,468,48204,234,28764,234,19440,0,0,0,0,0,0,468,48204,234,28764,234,19440
NestCamera (FR) ,50400,469,48344,234,28764,235,19580,0,0,0,0,0,0,469,48344,234,28764,235,19580
NestCamera (FR) ,52200,468,48204,234,28764,234,19440,0,0,0,0,0,0,468,48204,234,28764,234,19440
NestCamera (FR) ,54000,470,48422,235,28842,235,19580,0,0,0,0,0,0,470,48422,235,28842,235,19580
NestCamera (FR) ,55800,468,48204,234,28764,234,19440,0,0,0,0,0,0,468,48204,234,28764,234,19440
NestCamera (FR) ,57600,470,48410,235,28830,235,19580,0,0,0,0,0,0,470,48410,235,28830,235,19580
NestCamera (FR) ,59400,468,48204,234,28764,234,19440,0,0,0,0,0,0,468,48204,234,28764,234,19440
NestCamera (FR) ,61200,470,48410,235,28830,235,19580,0,0,0,0,0,0,470,48410,235,28830,235,19580
NestCamera (FR) ,63000,468,48204,234,28764,234,19440,0,0,0,0,0,0,468,48204,234,28764,234,19440
NestCamera (FR) ,64800,470,48410,235,28830,235,19580,0,0,0,0,0,0,470,48410,235,28830,235,19580
NestCamera (FR) ,66600,468,48204,234,28764,234,19440,0,0,0,0,0,0,468,48204,234,28764,234,19440
NestCamera (FR) ,68400,470,48410,235,28830,235,19580,0,0,0,0,0,0,470,48410,235,28830,235,19580
NestCamera (FR) ,70200,470,48410,235,28830,235,19580,0,0,0,0,0,0,470,48410,235,28830,235,19580
NestCamera (FR) ,72000,466,47998,233,28624,233,19374,0,0,0,0,0,0,466,47998,233,28624,233,19374
NestCamera (FR) ,73800,470,48410,235,28830,235,19580,0,0,0,0,0,0,470,48410,235,28830,235,19580
NestCamera (FR) ,75600,468,48204,234,28764,234,19440,0,0,0,0,0,0,468,48204,234,28764,234,19440
NestCamera (FR) ,77400,470,48410,235,28830,235,19580,0,0,0,0,0,0,470,48410,235,28830,235,19580
NestCamera (FR) ,79200,468,48204,234,28764,234,19440,0,0,0,0,0,0,468,48204,234,28764,234,19440
NestCamera (FR) ,81000,470,48410,235,28830,235,19580,0,0,0,0,0,0,470,48410,235,28830,235,19580
NestCamera (FR) ,82800,468,48204,234,28764,234,19440,0,0,0,0,0,0,468,48204,234,28764,234,19440
NestCamera (FR) ,84600,470,48410,235,28830,235,19580,0,0,0,0,0,0,470,48410,235,28830,235,19580
NestCamera (FR) ,86400,468,48204,234,28764,234,19440,0,0,0,0,0,0,468,48204,234,28764,234,19440
NestCamera (FR) ,88200,470,48410,235,28830,235,19580,0,0,0,0,0,0,470,48410,235,28830,235,19580
NestCamera (FR) ,90000,466,47998,233,28624,233,19374,0,0,0,0,0,0,466,47998,233,28624,233,19374
NestCamera (FR) ,91800,470,48410,235,28830,235,19580,0,0,0,0,0,0,470,48410,235,28830,235,19580
NestCamera (FR) ,93600,468,48204,234,28764,234,19440,0,0,0,0,0,0,468,48204,234,28764,234,19440
NestCamera (FR) ,95400,470,48410,235,28830,235,19580,0,0,0,0,0,0,470,48410,235,28830,235,19580
NestCamera (FR) ,97200,470,48410,235,28830,235,19580,0,0,0,0,0,0,470,48410,235,28830,235,19580
NestCamera (FR) ,99000,468,48204,234,28764,234,19440,0,0,0,0,0,0,468,48204,234,28764,234,19440
NestCamera (FR) ,100800,470,48410,235,28830,235,19580,0,0,0,0,0,0,470,48410,235,28830,235,19580
NestCamera (FR) ,102600,468,48204,234,28764,234,19440,0,0,0,0,0,0,468,48204,234,28764,234,19440
NestCamera (FR) ,104400,470,48410,235,28830,235,19580,0,0,0,0,0,0,470,48410,235,28830,235,19580
NestCamera (FR) ,106200,468,48204,234,28764,234,19440,0,0,0,0,0,0,468,48204,234,28764,234,19440
NestCamera (FR) ,108000,470,48410,235,28830,235,19580,0,0,0,0,0,0,470,48410,235,28830,235,19580
NestCamera (FR) ,109800,468,48228,234,28788,234,19440,0,0,0,0,0,0,468,48228,234,28788,234,19440
NestCamera (FR) ,111600,470,48410,235,28830,235,19580,0,0,0,0,0,0,470,48410,235,28830,235,19580
NestCamera (FR) ,113400,571,71985,292,41079,279,30906,36,5586,21,1566,15,4020,535,66399,271,39513,264,26886
NestCamera (FR) ,115200,470,48410,235,28830,235,19580,0,0,0,0,0,0,470,48410,235,28830,235,19580
NestCamera (FR) ,117000,470,48410,235,28830,235,19580,0,0,0,0,0,0,470,48410,235,28830,235,19580
NestCamera (FR) ,118800,466,48010,233,28698,233,19312,0,0,0,0,0,0,466,48010,233,28698,233,19312
NestCamera (FR) ,120600,470,48410,235,28830,235,19580,0,0,0,0,0,0,470,48410,235,28830,235,19580
NestCamera (FR) ,122400,468,48216,234,28776,234,19440,0,0,0,0,0,0,468,48216,234,28776,234,19440
NestCamera (FR) ,124200,470,48422,235,28842,235,19580,0,0,0,0,0,0,470,48422,235,28842,235,19580
NestCamera (FR) ,126000,468,48204,234,28764,234,19440,0,0,0,0,0,0,468,48204,234,28764,234,19440
NestCamera (FR) ,127800,470,48422,235,28842,235,19580,0,0,0,0,0,0,470,48422,235,28842,235,19580
NestCamera (FR) ,129600,468,48216,234,28776,234,19440,0,0,0,0,0,0,468,48216,234,28776,234,19440
NestCamera (FR) ,131400,470,48410,235,28830,235,19580,0,0,0,0,0,0,470,48410,235,28830,235,19580
NestCamera (FR) ,133200,468,48204,234,28764,234,19440,0,0,0,0,0,0,468,48204,234,28764,234,19440
NestCamera (FR) ,135000,470,48410,235,28830,235,19580,0,0,0,0,0,0,470,48410,235,28830,235,19580
NestCamera (FR) ,136800,468,48204,234,28764,234,19440,0,0,0,0,0,0,468,48204,234,28764,234,19440
NestCamera (FR) ,138600,468,48216,234,28702,234,19514,0,0,0,0,0,0,468,48216,234,28702,234,19514
NestCamera (FR) ,140400,470,48410,235,28830,235,19580,0,0,0,0,0,0,470,48410,235,28830,235,19580
NestCamera (FR) ,142200,463,47750,231,28442,232,19308,0,0,0,0,0,0,463,47750,231,28442,232,19308
NestCamera (FR) ,144000,470,48410,235,28830,235,19580,0,0,0,0,0,0,470,48410,235,28830,235,19580
NestCamera (FR) ,145800,467,48150,233,28710,234,19440,0,0,0,0,0,0,467,48150,233,28710,234,19440
NestCamera (FR) ,147600,468,48276,234,28762,234,19514,0,0,0,0,0,0,468,48276,234,28762,234,19514
NestCamera (FR) ,149400,468,48216,234,28776,234,19440,0,0,0,0,0,0,468,48216,234,28776,234,19440
NestCamera (FR) ,151200,470,48410,235,28830,235,19580,0,0,0,0,0,0,470,48410,235,28830,235,19580
NestCamera (FR) ,153000,464,47890,231,28516,233,19374,0,0,0,0,0,0,464,47890,231,28516,233,19374
NestCamera (FR) ,154800,470,48434,235,28854,235,19580,0,0,0,0,0,0,470,48434,235,28854,235,19580
NestCamera (FR) ,156600,468,48240,234,28800,234,19440,0,0,0,0,0,0,468,48240,234,28800,234,19440
NestCamera (FR) ,158400,470,48422,235,28842,235,19580,0,0,0,0,0,0,470,48422,235,28842,235,19580
NestCamera (FR) ,160200,468,48216,234,28776,234,19440,0,0,0,0,0,0,468,48216,234,28776,234,19440
NestCamera (FR) ,162000,468,48216,234,28702,234,19514,0,0,0,0,0,0,468,48216,234,28702,234,19514
NestCamera (FR) ,163800,465,47932,232,28558,233,19374,0,0,0,0,0,0,465,47932,232,28558,233,19374
NestCamera (FR) ,165600,470,48410,235,28830,235,19580,0,0,0,0,0,0,470,48410,235,28830,235,19580
NestCamera (FR) ,167400,468,48204,234,28690,234,19514,0,0,0,0,0,0,468,48204,234,28690,234,19514
NestCamera (FR) ,169200,468,48204,234,28764,234,19440,0,0,0,0,0,0,468,48204,234,28764,234,19440
NestCamera (FR) ,171000,466,47998,233,28550,233,19448,0,0,0,0,0,0,466,47998,233,28550,233,19448
NestCamera (FR) ,172800,464,47804,232,28496,232,19308,0,0,0,0,0,0,464,47804,232,28496,232,19308
NestCamera (FR) ,174600,469,48344,234,28764,235,19580,0,0,0,0,0,0,469,48344,234,28764,235,19580
NestCamera (FR) ,176400,468,48204,234,28764,234,19440,0,0,0,0,0,0,468,48204,234,28764,234,19440
NestCamera (FR) ,178200,470,48422,235,28842,235,19580,0,0,0,0,0,0,470,48422,235,28842,235,19580
NestCamera (FR) ,180000,468,48204,234,28764,234,19440,0,0,0,0,0,0,468,48204,234,28764,234,19440
NestCamera (FR) ,181800,469,48356,234,28776,235,19580,0,0,0,0,0,0,469,48356,234,28776,235,19580
NestCamera (FR) ,183600,468,48216,234,28776,234,19440,0,0,0,0,0,0,468,48216,234,28776,234,19440
NestCamera (FR) ,185400,470,48446,235,28866,235,19580,0,0,0,0,0,0,470,48446,235,28866,235,19580
NestCamera (FR) ,187200,467,48150,233,28710,234,19440,0,0,0,0,0,0,467,48150,233,28710,234,19440
NestCamera (FR) ,189000,470,48410,235,28830,235,19580,0,0,0,0,0,0,470,48410,235,28830,235,19580
NestCamera (FR) ,190800,468,48204,234,28764,234,19440,0,0,0,0,0,0,468,48204,234,28764,234,19440
NestCamera (FR) ,192600,470,48422,235,28842,235,19580,0,0,0,0,0,0,470,48422,235,28842,235,19580
NestCamera (FR) ,194400,470,48410,235,28830,235,19580,0,0,0,0,0,0,470,48410,235,28830,235,19580
NestCamera (FR) ,196200,464,47866,231,28492,233,19374,0,0,0,0,0,0,464,47866,231,28492,233,19374
NestCamera (FR) ,198000,470,48410,235,28830,235,19580,0,0,0,0,0,0,470,48410,235,28830,235,19580
NestCamera (FR) ,199800,468,48204,234,28764,234,19440,0,0,0,0,0,0,468,48204,234,28764,234,19440
NestCamera (FR) ,201600,470,48422,235,28842,235,19580,0,0,0,0,0,0,470,48422,235,28842,235,19580
NestCamera (FR) ,203400,468,48204,234,28764,234,19440,0,0,0,0,0,0,468,48204,234,28764,234,19440
NestCamera (FR) ,205200,470,48422,235,28842,235,19580,0,0,0,0,0,0,470,48422,235,28842,235,19580
NestCamera (FR) ,207000,468,48216,234,28776,234,19440,0,0,0,0,0,0,468,48216,234,28776,234,19440
NestCamera (FR) ,208800,470,48410,235,28830,235,19580,0,0,0,0,0,0,470,48410,235,28830,235,19580
NestCamera (FR) ,210600,468,48204,234,28764,234,19440,0,0,0,0,0,0,468,48204,234,28764,234,19440
NestCamera (FR) ,212400,470,48410,235,28830,235,19580,0,0,0,0,0,0,470,48410,235,28830,235,19580
NestCamera (FR) ,214200,468,48204,234,28764,234,19440,0,0,0,0,0,0,468,48204,234,28764,234,19440
NestCamera (FR) ,216000,470,48410,235,28830,235,19580,0,0,0,0,0,0,470,48410,235,28830,235,19580
NestCamera (FR) ,217800,470,48410,235,28830,235,19580,0,0,0,0,0,0,470,48410,235,28830,235,19580
NestCamera (FR) ,219600,467,48150,233,28710,234,19440,0,0,0,0,0,0,467,48150,233,28710,234,19440
NestCamera (FR) ,221400,470,48410,235,28830,235,19580,0,0,0,0,0,0,470,48410,235,28830,235,19580
NestCamera (FR) ,223200,468,48204,234,28764,234,19440,0,0,0,0,0,0,468,48204,234,28764,234,19440
NestCamera (FR) ,225000,470,48410,235,28830,235,19580,0,0,0,0,0,0,470,48410,235,28830,235,19580
NestCamera (FR) ,226800,468,48204,234,28764,234,19440,0,0,0,0,0,0,468,48204,234,28764,234,19440
NestCamera (FR) ,228600,470,48410,235,28830,235,19580,0,0,0,0,0,0,470,48410,235,28830,235,19580
NestCamera (FR) ,230400,468,48204,234,28764,234,19440,0,0,0,0,0,0,468,48204,234,28764,234,19440
NestCamera (FR) ,232200,470,48410,235,28830,235,19580,0,0,0,0,0,0,470,48410,235,28830,235,19580
NestCamera (FR) ,234000,468,48204,234,28764,234,19440,0,0,0,0,0,0,468,48204,234,28764,234,19440
NestCamera (FR) ,235800,470,48410,235,28830,235,19580,0,0,0,0,0,0,470,48410,235,28830,235,19580
NestCamera (FR) ,237600,468,48204,234,28764,234,19440,0,0,0,0,0,0,468,48204,234,28764,234,19440
NestCamera (FR) ,239400,470,48410,235,28830,235,19580,0,0,0,0,0,0,470,48410,235,28830,235,19580
NestCamera (FR) ,241200,468,48204,234,28764,234,19440,0,0,0,0,0,0,468,48204,234,28764,234,19440
NestCamera (FR) ,243000,470,48410,235,28830,235,19580,0,0,0,0,0,0,470,48410,235,28830,235,19580
NestCamera (FR) ,244800,470,48410,235,28830,235,19580,0,0,0,0,0,0,470,48410,235,28830,235,19580
NestCamera (FR) ,246600,468,48204,234,28764,234,19440,0,0,0,0,0,0,468,48204,234,28764,234,19440
NestCamera (FR) ,248400,468,48216,234,28702,234,19514,0,0,0,0,0,0,468,48216,234,28702,234,19514
NestCamera (FR) ,250200,468,48204,234,28764,234,19440,0,0,0,0,0,0,468,48204,234,28764,234,19440
NestCamera (FR) ,252000,470,48410,235,28830,235,19580,0,0,0,0,0,0,470,48410,235,28830,235,19580
NestCamera (FR) ,253800,466,47998,233,28624,233,19374,0,0,0,0,0,0,466,47998,233,28624,233,19374
NestCamera (FR) ,0,470,48410,235,28830,235,19580,0,0,0,0,0,0,470,48410,235,28830,235,19580
NestCamera (FR) ,1800,468,48204,234,28764,234,19440,0,0,0,0,0,0,468,48204,234,28764,234,19440
NestCamera (FR) ,3600,470,48410,235,28830,235,19580,0,0,0,0,0,0,470,48410,235,28830,235,19580
NestCamera (FR) ,5400,468,48204,234,28764,234,19440,0,0,0,0,0,0,468,48204,234,28764,234,19440
NestCamera (FR) ,7200,466,48120,232,28606,234,19514,0,0,0,0,0,0,466,48120,232,28606,234,19514
NestCamera (FR) ,9000,462,47548,228,28108,234,19440,0,0,0,0,0,0,462,47548,228,28108,234,19440
NestCamera (FR) ,10800,466,47886,231,28306,235,19580,0,0,0,0,0,0,466,47886,231,28306,235,19580
NestCamera (FR) ,12600,468,48204,234,28764,234,19440,0,0,0,0,0,0,468,48204,234,28764,234,19440
NestCamera (FR) ,14400,469,48282,234,28702,235,19580,0,0,0,0,0,0,469,48282,234,28702,235,19580
NestCamera (FR) ,16200,586,71559,297,39739,289,31820,36,5760,21,1566,15,4194,550,65799,276,38173,274,27626
NestCamera (FR) ,18000,466,47936,232,28496,234,19440,0,0,0,0,0,0,466,47936,232,28496,234,19440
NestCamera (FR) ,19800,467,48076,232,28496,235,19580,0,0,0,0,0,0,467,48076,232,28496,235,19580
NestCamera (FR) ,21600,463,47836,229,28396,234,19440,0,0,0,0,0,0,463,47836,229,28396,234,19440
NestCamera (FR) ,23400,470,48410,235,28830,235,19580,0,0,0,0,0,0,470,48410,235,28830,235,19580
NestCamera (FR) ,25200,468,48204,234,28764,234,19440,0,0,0,0,0,0,468,48204,234,28764,234,19440
NestCamera (FR) ,27000,470,48410,235,28830,235,19580,0,0,0,0,0,0,470,48410,235,28830,235,19580
NestCamera (FR) ,28800,463,47750,229,28310,234,19440,0,0,0,0,0,0,463,47750,229,28310,234,19440
NestCamera (FR) ,30600,465,47882,230,28290,235,19592,0,0,0,0,0,0,465,47882,230,28290,235,19592
NestCamera (FR) ,32400,465,47832,231,28392,234,19440,0,0,0,0,0,0,465,47832,231,28392,234,19440
NestCamera (FR) ,34200,468,48142,233,28562,235,19580,0,0,0,0,0,0,468,48142,233,28562,235,19580
NestCamera (FR) ,36000,465,47944,231,28504,234,19440,0,0,0,0,0,0,465,47944,231,28504,234,19440
NestCamera (FR) ,37800,466,47998,231,28418,235,19580,0,0,0,0,0,0,466,47998,231,28418,235,19580
NestCamera (FR) ,39600,466,48022,232,28582,234,19440,0,0,0,0,0,0,466,48022,232,28582,234,19440
NestCamera (FR) ,41400,470,48410,235,28830,235,19580,0,0,0,0,0,0,470,48410,235,28830,235,19580
NestCamera (FR) ,43200,468,48216,233,28636,235,19580,0,0,0,0,0,0,468,48216,233,28636,235,19580
NestCamera (FR) ,45000,465,47808,231,28368,234,19440,0,0,0,0,0,0,465,47808,231,28368,234,19440
NestCamera (FR) ,46800,467,48064,232,28484,235,19580,0,0,0,0,0,0,467,48064,232,28484,235,19580
NestCamera (FR) ,48600,467,48088,233,28648,234,19440,0,0,0,0,0,0,467,48088,233,28648,234,19440
NestCamera (FR) ,50400,467,48038,232,28446,235,19592,0,0,0,0,0,0,467,48038,232,28446,235,19592
NestCamera (FR) ,52200,464,47804,231,28430,233,19374,0,0,0,0,0,0,464,47804,231,28430,233,19374
NestCamera (FR) ,54000,470,48410,235,28830,235,19580,0,0,0,0,0,0,470,48410,235,28830,235,19580
NestCamera (FR) ,55800,461,47458,228,28084,233,19374,0,0,0,0,0,0,461,47458,228,28084,233,19374
NestCamera (FR) ,57600,465,47734,230,28142,235,19592,0,0,0,0,0,0,465,47734,230,28142,235,19592
NestCamera (FR) ,59400,461,47322,227,27870,234,19452,0,0,0,0,0,0,461,47322,227,27870,234,19452
NestCamera (FR) ,61200,467,48150,233,28710,234,19440,0,0,0,0,0,0,467,48150,233,28710,234,19440
NestCamera (FR) ,63000,465,47882,231,28430,234,19452,0,0,0,0,0,0,465,47882,231,28430,234,19452
NestCamera (FR) ,64800,466,48046,231,28454,235,19592,0,0,0,0,0,0,466,48046,231,28454,235,19592
NestCamera (FR) ,66600,470,48410,235,28830,235,19580,0,0,0,0,0,0,470,48410,235,28830,235,19580
NestCamera (FR) ,68400,467,48088,233,28648,234,19440,0,0,0,0,0,0,467,48088,233,28648,234,19440
NestCamera (FR) ,70200,467,48026,232,28446,235,19580,0,0,0,0,0,0,467,48026,232,28446,235,19580
NestCamera (FR) ,72000,468,48240,234,28800,234,19440,0,0,0,0,0,0,468,48240,234,28800,234,19440
NestCamera (FR) ,73800,467,48076,232,28496,235,19580,0,0,0,0,0,0,467,48076,232,28496,235,19580
NestCamera (FR) ,75600,465,47796,231,28356,234,19440,0,0,0,0,0,0,465,47796,231,28356,234,19440
NestCamera (FR) ,77400,469,48270,234,28690,235,19580,0,0,0,0,0,0,469,48270,234,28690,235,19580
NestCamera (FR) ,79200,467,48088,233,28648,234,19440,0,0,0,0,0,0,467,48088,233,28648,234,19440
NestCamera (FR) ,81000,469,48306,234,28726,235,19580,0,0,0,0,0,0,469,48306,234,28726,235,19580
NestCamera (FR) ,82800,466,48084,232,28644,234,19440,0,0,0,0,0,0,466,48084,232,28644,234,19440
NestCamera (FR) ,84600,470,48410,235,28830,235,19580,0,0,0,0,0,0,470,48410,235,28830,235,19580
NestCamera (FR) ,86400,466,47936,232,28496,234,19440,0,0,0,0,0,0,466,47936,232,28496,234,19440
NestCamera (FR) ,88200,466,48096,231,28504,235,19592,0,0,0,0,0,0,466,48096,231,28504,235,19592
NestCamera (FR) ,90000,469,48282,234,28702,235,19580,0,0,0,0,0,0,469,48282,234,28702,235,19580
NestCamera (FR) ,91800,467,48064,233,28624,234,19440,0,0,0,0,0,0,467,48064,233,28624,234,19440
NestCamera (FR) ,93600,466,48034,232,28520,234,19514,0,0,0,0,0,0,466,48034,232,28520,234,19514
NestCamera (FR) ,95400,466,47936,232,28496,234,19440,0,0,0,0,0,0,466,47936,232,28496,234,19440
NestCamera (FR) ,97200,465,47882,231,28368,234,19514,0,0,0,0,0,0,465,47882,231,28368,234,19514
NestCamera (FR) ,99000,470,48410,235,28904,235,19506,0,0,0,0,0,0,470,48410,235,28904,235,19506
NestCamera (FR) ,100800,466,47936,231,28356,235,19580,0,0,0,0,0,0,466,47936,231,28356,235,19580
NestCamera (FR) ,102600,465,47820,231,28380,234,19440,0,0,0,0,0,0,465,47820,231,28380,234,19440
NestCamera (FR) ,104400,466,48022,231,28430,235,19592,0,0,0,0,0,0,466,48022,231,28430,235,19592
NestCamera (FR) ,106200,465,47956,231,28516,234,19440,0,0,0,0,0,0,465,47956,231,28516,234,19440
NestCamera (FR) ,108000,467,48150,233,28636,234,19514,0,0,0,0,0,0,467,48150,233,28636,234,19514
NestCamera (FR) ,109800,470,48422,235,28904,235,19518,0,0,0,0,0,0,470,48422,235,28904,235,19518
NestCamera (FR) ,111600,467,48150,232,28570,235,19580,0,0,0,0,0,0,467,48150,232,28570,235,19580
NestCamera (FR) ,113400,466,48084,231,28504,235,19580,0,0,0,0,0,0,466,48084,231,28504,235,19580
NestCamera (FR) ,115200,469,48270,235,28830,234,19440,0,0,0,0,0,0,469,48270,235,28830,234,19440
NestCamera (FR) ,117000,463,47676,229,28150,234,19526,0,0,0,0,0,0,463,47676,229,28150,234,19526
NestCamera (FR) ,118800,468,48278,233,28772,235,19506,0,0,0,0,0,0,468,48278,233,28772,235,19506
NestCamera (FR) ,120600,466,47862,231,28282,235,19580,0,0,0,0,0,0,466,47862,231,28282,235,19580
NestCamera (FR) ,122400,468,48216,234,28764,234,19452,0,0,0,0,0,0,468,48216,234,28764,234,19452
NestCamera (FR) ,124200,470,48422,235,28830,235,19592,0,0,0,0,0,0,470,48422,235,28830,235,19592
NestCamera (FR) ,126000,467,48064,233,28624,234,19440,0,0,0,0,0,0,467,48064,233,28624,234,19440
NestCamera (FR) ,127800,470,48410,235,28830,235,19580,0,0,0,0,0,0,470,48410,235,28830,235,19580
NestCamera (FR) ,129600,466,48046,232,28606,234,19440,0,0,0,0,0,0,466,48046,232,28606,234,19440
NestCamera (FR) ,131400,469,48294,234,28714,235,19580,0,0,0,0,0,0,469,48294,234,28714,235,19580
NestCamera (FR) ,133200,465,47858,231,28418,234,19440,0,0,0,0,0,0,465,47858,231,28418,234,19440
NestCamera (FR) ,135000,464,47742,230,28228,234,19514,0,0,0,0,0,0,464,47742,230,28228,234,19514
NestCamera (FR) ,136800,460,47182,226,27742,234,19440,0,0,0,0,0,0,460,47182,226,27742,234,19440
NestCamera (FR) ,138600,469,48270,234,28690,235,19580,0,0,0,0,0,0,469,48270,234,28690,235,19580
NestCamera (FR) ,140400,464,47704,229,28124,235,19580,0,0,0,0,0,0,464,47704,229,28124,235,19580
NestCamera (FR) ,142200,462,47450,228,28010,234,19440,0,0,0,0,0,0,462,47450,228,28010,234,19440
NestCamera (FR) ,144000,470,48434,235,28854,235,19580,0,0,0,0,0,0,470,48434,235,28854,235,19580
NestCamera (FR) ,145800,462,47684,229,28310,233,19374,0,0,0,0,0,0,462,47684,229,28310,233,19374
NestCamera (FR) ,147600,468,48130,233,28550,235,19580,0,0,0,0,0,0,468,48130,233,28550,235,19580
NestCamera (FR) ,149400,466,47960,232,28520,234,19440,0,0,0,0,0,0,466,47960,232,28520,234,19440
NestCamera (FR) ,151200,469,48270,234,28690,235,19580,0,0,0,0,0,0,469,48270,234,28690,235,19580
NestCamera (FR) ,153000,463,47750,229,28310,234,19440,0,0,0,0,0,0,463,47750,229,28310,234,19440
NestCamera (FR) ,154800,468,48278,233,28698,235,19580,0,0,0,0,0,0,468,48278,233,28698,235,19580
NestCamera (FR) ,156600,461,47482,227,28042,234,19440,0,0,0,0,0,0,461,47482,227,28042,234,19440
NestCamera (FR) ,158400,470,48422,235,28842,235,19580,0,0,0,0,0,0,470,48422,235,28842,235,19580
NestCamera (FR) ,160200,467,48162,233,28722,234,19440,0,0,0,0,0,0,467,48162,233,28722,234,19440
NestCamera (FR) ,162000,467,48064,232,28484,235,19580,0,0,0,0,0,0,467,48064,232,28484,235,19580
NestCamera (FR) ,163800,467,48088,233,28648,234,19440,0,0,0,0,0,0,467,48088,233,28648,234,19440
NestCamera (FR) ,165600,467,48150,232,28570,235,19580,0,0,0,0,0,0,467,48150,232,28570,235,19580
NestCamera (FR) ,167400,465,47796,231,28356,234,19440,0,0,0,0,0,0,465,47796,231,28356,234,19440
NestCamera (FR) ,169200,466,48096,231,28516,235,19580,0,0,0,0,0,0,466,48096,231,28516,235,19580
NestCamera (FR) ,171000,469,48282,234,28702,235,19580,0,0,0,0,0,0,469,48282,234,28702,235,19580
NestCamera (FR) ,172800,466,47948,232,28508,234,19440,0,0,0,0,0,0,466,47948,232,28508,234,19440
NestCamera (FR) ,174600,468,48216,233,28636,235,19580,0,0,0,0,0,0,468,48216,233,28636,235,19580
NestCamera (FR) ,176400,565,71186,285,40037,280,31149,37,5814,21,1566,16,4248,528,65372,264,38471,264,26901
NestCamera (FR) ,178200,468,48216,234,28702,234,19514,0,0,0,0,0,0,468,48216,234,28702,234,19514
NestCamera (FR) ,180000,469,48356,234,28850,235,19506,0,0,0,0,0,0,469,48356,234,28850,235,19506
NestCamera (FR) ,181800,469,48294,234,28714,235,19580,0,0,0,0,0,0,469,48294,234,28714,235,19580
NestCamera (FR) ,183600,468,48204,234,28764,234,19440,0,0,0,0,0,0,468,48204,234,28764,234,19440
NestCamera (FR) ,185400,466,47936,231,28356,235,19580,0,0,0,0,0,0,466,47936,231,28356,235,19580
NestCamera (FR) ,187200,468,48204,234,28764,234,19440,0,0,0,0,0,0,468,48204,234,28764,234,19440
NestCamera (FR) ,189000,470,48422,235,28842,235,19580,0,0,0,0,0,0,470,48422,235,28842,235,19580
NestCamera (FR) ,190800,467,48162,232,28582,235,19580,0,0,0,0,0,0,467,48162,232,28582,235,19580
NestCamera (FR) ,192600,468,48204,234,28764,234,19440,0,0,0,0,0,0,468,48204,234,28764,234,19440
NestCamera (FR) ,194400,467,48212,232,28632,235,19580,0,0,0,0,0,0,467,48212,232,28632,235,19580
NestCamera (FR) ,196200,463,47676,229,28236,234,19440,0,0,0,0,0,0,463,47676,229,28236,234,19440
NestCamera (FR) ,198000,470,48422,235,28842,235,19580,0,0,0,0,0,0,470,48422,235,28842,235,19580
NestCamera (FR) ,199800,468,48204,234,28764,234,19440,0,0,0,0,0,0,468,48204,234,28764,234,19440
NestCamera (FR) ,201600,469,48282,234,28702,235,19580,0,0,0,0,0,0,469,48282,234,28702,235,19580
NestCamera (FR) ,203400,465,47870,231,28430,234,19440,0,0,0,0,0,0,465,47870,231,28430,234,19440
NestCamera (FR) ,205200,467,48186,232,28594,235,19592,0,0,0,0,0,0,467,48186,232,28594,235,19592
NestCamera (FR) ,207000,467,48088,233,28648,234,19440,0,0,0,0,0,0,467,48088,233,28648,234,19440
NestCamera (FR) ,208800,467,48236,232,28644,235,19592,0,0,0,0,0,0,467,48236,232,28644,235,19592
NestCamera (FR) ,210600,467,48100,233,28660,234,19440,0,0,0,0,0,0,467,48100,233,28660,234,19440
NestCamera (FR) ,212400,470,48410,235,28830,235,19580,0,0,0,0,0,0,470,48410,235,28830,235,19580
NestCamera (FR) ,214200,466,47998,233,28624,233,19374,0,0,0,0,0,0,466,47998,233,28624,233,19374
NestCamera (FR) ,216000,468,48312,232,28666,236,19646,0,0,0,0,0,0,468,48312,232,28666,236,19646
NestCamera (FR) ,217800,470,48410,235,28830,235,19580,0,0,0,0,0,0,470,48410,235,28830,235,19580
NestCamera (FR) ,219600,466,47924,232,28484,234,19440,0,0,0,0,0,0,466,47924,232,28484,234,19440
NestCamera (FR) ,221400,467,48076,232,28496,235,19580,0,0,0,0,0,0,467,48076,232,28496,235,19580
NestCamera (FR) ,223200,467,48064,233,28624,234,19440,0,0,0,0,0,0,467,48064,233,28624,234,19440
NestCamera (FR) ,225000,585,72859,296,41009,289,31850,36,5760,21,1566,15,4194,549,67099,275,39443,274,27656
NestCamera (FR) ,226800,580,72729,297,41321,283,31408,36,5760,21,1566,15,4194,544,66969,276,39755,268,27214
NestCamera (FR) ,228600,470,48410,235,28830,235,19580,0,0,0,0,0,0,470,48410,235,28830,235,19580
NestCamera (FR) ,230400,470,48410,235,28830,235,19580,0,0,0,0,0,0,470,48410,235,28830,235,19580
NestCamera (FR) ,232200,467,48138,233,28698,234,19440,0,0,0,0,0,0,467,48138,233,28698,234,19440
NestCamera (FR) ,234000,625,102529,327,54191,298,48338,111,17462,64,4772,47,12690,514,85067,263,49419,251,35648
NestCamera (FR) ,235800,513,72904,264,44269,249,28635,36,5760,21,1566,15,4194,477,67144,243,42703,234,24441
NestCamera (FR) ,237600,467,48186,233,28746,234,19440,0,0,0,0,0,0,467,48186,233,28746,234,19440
NestCamera (FR) ,239400,369,37982,184,22516,185,15466,0,0,0,0,0,0,369,37982,184,22516,185,15466
NestCamera (FR) ,241200,405,56056,205,31545,200,24511,36,5760,21,1566,15,4194,369,50296,184,29979,185,20317
NestCamera (FR) ,243000,664,94252,337,51300,327,42952,73,11574,42,3132,31,8442,591,82678,295,48168,296,34510
NestCamera (FR) ,244800,390,53035,197,29251,193,23784,45,6378,22,1660,23,4718,345,46657,175,27591,170,19066
NestCamera (FR) ,246600,0,0,0,0,0,0,0,0,0,0,0,0,0,0,0,0,0,0
NestCamera (FR) ,248400,394,84945,212,46175,182,38770,118,17928,67,4962,51,12966,276,67017,145,41213,131,25804
NestCamera (FR) ,250200,527,89920,270,46083,257,43837,99,15546,53,3978,46,11568,428,74374,217,42105,211,32269
NestCamera (FR) ,252000,385,64829,202,33840,183,30989,84,12292,44,3272,40,9020,301,52537,158,30568,143,21969
NestCamera (FR) ,253800,210,37677,111,21681,99,15996,36,5760,21,1566,15,4194,174,31917,90,20115,84,11802
NestCamera (FR) ,255600,466,48034,232,28594,234,19440,0,0,0,0,0,0,466,48034,232,28594,234,19440
NestCamera (FR) ,257400,468,48204,234,28690,234,19514,0,0,0,0,0,0,468,48204,234,28690,234,19514
NestCamera (FR) ,259200,575,70934,292,39449,283,31485,36,5760,21,1566,15,4194,539,65174,271,37883,268,27291
NestCamera (FR) ,261000,466,47924,232,28484,234,19440,0,0,0,0,0,0,466,47924,232,28484,234,19440
NestCamera (FR) ,262800,470,48410,235,28830,235,19580,0,0,0,0,0,0,470,48410,235,28830,235,19580
NestCamera (FR) ,264600,465,48054,232,28680,233,19374,0,0,0,0,0,0,465,48054,232,28680,233,19374
NestCamera (FR) ,266400,470,48410,235,28830,235,19580,0,0,0,0,0,0,470,48410,235,28830,235,19580
NestCamera (FR) ,268200,467,48064,233,28624,234,19440,0,0,0,0,0,0,467,48064,233,28624,234,19440
NestCamera (FR) ,270000,467,48112,232,28520,235,19592,0,0,0,0,0,0,467,48112,232,28520,235,19592
NestCamera (FR) ,271800,468,48216,234,28764,234,19452,0,0,0,0,0,0,468,48216,234,28764,234,19452
NestCamera (FR) ,273600,470,48410,235,28830,235,19580,0,0,0,0,0,0,470,48410,235,28830,235,19580
NestCamera (FR) ,275400,468,48204,234,28764,234,19440,0,0,0,0,0,0,468,48204,234,28764,234,19440
NestCamera (FR) ,277200,470,48410,235,28830,235,19580,0,0,0,0,0,0,470,48410,235,28830,235,19580
NestCamera (FR) ,279000,470,48410,235,28830,235,19580,0,0,0,0,0,0,470,48410,235,28830,235,19580
NestCamera (FR) ,280800,465,47882,231,28442,234,19440,0,0,0,0,0,0,465,47882,231,28442,234,19440
NestCamera (FR) ,282600,468,48278,234,28764,234,19514,0,0,0,0,0,0,468,48278,234,28764,234,19514
NestCamera (FR) ,284400,468,48204,234,28764,234,19440,0,0,0,0,0,0,468,48204,234,28764,234,19440
NestCamera (FR) ,286200,469,48356,234,28776,235,19580,0,0,0,0,0,0,469,48356,234,28776,235,19580
NestCamera (FR) ,288000,468,48204,234,28764,234,19440,0,0,0,0,0,0,468,48204,234,28764,234,19440
NestCamera (FR) ,289800,470,48410,235,28830,235,19580,0,0,0,0,0,0,470,48410,235,28830,235,19580
NestCamera (FR) ,291600,468,48204,234,28764,234,19440,0,0,0,0,0,0,468,48204,234,28764,234,19440
NestCamera (FR) ,293400,469,48282,234,28702,235,19580,0,0,0,0,0,0,469,48282,234,28702,235,19580
NestCamera (FR) ,295200,465,48018,231,28578,234,19440,0,0,0,0,0,0,465,48018,231,28578,234,19440
NestCamera (FR) ,297000,470,48410,235,28830,235,19580,0,0,0,0,0,0,470,48410,235,28830,235,19580
NestCamera (FR) ,298800,467,48150,233,28710,234,19440,0,0,0,0,0,0,467,48150,233,28710,234,19440
NestCamera (FR) ,300600,468,48216,233,28636,235,19580,0,0,0,0,0,0,468,48216,233,28636,235,19580
NestCamera (FR) ,302400,469,48270,234,28690,235,19580,0,0,0,0,0,0,469,48270,234,28690,235,19580
NestCamera (FR) ,304200,578,72563,293,41009,285,31554,36,5760,21,1566,15,4194,542,66803,272,39443,270,27360
NestCamera (FR) ,306000,469,48356,233,28710,236,19646,0,0,0,0,0,0,469,48356,233,28710,236,19646
NestCamera (FR) ,307800,463,47750,230,28364,233,19386,0,0,0,0,0,0,463,47750,230,28364,233,19386
NestCamera (FR) ,309600,464,47730,230,28216,234,19514,0,0,0,0,0,0,464,47730,230,28216,234,19514
NestCamera (FR) ,311400,470,48410,234,28764,236,19646,0,0,0,0,0,0,470,48410,234,28764,236,19646
NestCamera (FR) ,313200,457,47144,225,27836,232,19308,0,0,0,0,0,0,457,47144,225,27836,232,19308
NestCamera (FR) ,315000,462,47622,228,28108,234,19514,0,0,0,0,0,0,462,47622,228,28108,234,19514
NestCamera (FR) ,316800,959,160201,501,83788,458,76413,174,27296,99,7382,75,19914,785,132905,402,76406,383,56499
NestCamera (FR) ,318600,813,121405,420,65115,393,56290,133,18946,75,5498,58,13448,680,102459,345,59617,335,42842
NestCamera (FR) ,320400,577,72093,293,40549,284,31544,36,5760,21,1566,15,4194,541,66333,272,38983,269,27350
NestCamera (FR) ,322200,462,47598,229,28224,233,19374,0,0,0,0,0,0,462,47598,229,28224,233,19374
NestCamera (FR) ,324000,465,47808,230,28228,235,19580,0,0,0,0,0,0,465,47808,230,28228,235,19580
NestCamera (FR) ,325800,465,47944,232,28558,233,19386,0,0,0,0,0,0,465,47944,232,28558,233,19386
NestCamera (FR) ,327600,467,48076,231,28418,236,19658,0,0,0,0,0,0,467,48076,231,28418,236,19658
NestCamera (FR) ,329400,555,70361,279,39367,276,30994,36,5760,21,1566,15,4194,519,64601,258,37801,261,26800
