Device,StartTime,Frames,Bytes,TxFrames,TxBytes,RxFrames,RxBytes,LanFrames,LanBytes,LanTxFrames,LanTxBytes,LanRxFrames,LanRxBytes,WanFrames,WanBytes,WanTxFrames,WanTxBytes,WanRxFrames,WanRxBytes
SonyTV (FR) ,0,1139,299750,837,203861,302,95889,504,125300,504,125300,0,0,635,174450,333,78561,302,95889
SonyTV (FR) ,1800,1087,270712,805,202307,282,68405,523,134242,523,134242,0,0,564,136470,282,68065,282,68405
SonyTV (FR) ,3600,909,248899,661,164550,248,84349,387,98270,387,98270,0,0,522,150629,274,66280,248,84349
SonyTV (FR) ,5400,949,243916,657,188677,292,55239,434,127796,404,125332,30,2464,515,116120,253,63345,262,52775
SonyTV (FR) ,7200,1228,319285,912,250317,316,68968,591,144166,591,144166,0,0,637,175119,321,106151,316,68968
SonyTV (FR) ,9000,973,259286,715,181729,258,77557,420,105110,420,105110,0,0,553,154176,295,76619,258,77557
SonyTV (FR) ,10800,1065,257457,795,192707,270,64750,513,127138,513,127138,0,0,552,130319,282,65569,270,64750
SonyTV (FR) ,12600,950,248196,694,196655,256,51541,492,141234,462,138770,30,2464,458,106962,232,57885,226,49077
SonyTV (FR) ,14400,859,211151,616,155198,243,55953,373,96808,373,96808,0,0,486,114343,243,58390,243,55953
SonyTV (FR) ,16200,1374,757615,1054,216249,320,541366,568,141964,568,141964,0,0,806,615651,486,74285,320,541366
SonyTV (FR) ,18000,1078,268858,807,194094,271,74764,517,127966,517,127966,0,0,561,140892,290,66128,271,74764
SonyTV (FR) ,19800,1026,287757,747,205741,279,82016,506,142556,476,140092,30,2464,520,145201,271,65649,249,79552
SonyTV (FR) ,21600,1210,549868,792,207523,418,342345,334,88116,334,88116,0,0,876,461752,458,119407,418,342345
SonyTV (FR) ,23400,812,210457,589,153213,223,57244,348,93696,348,93696,0,0,464,116761,241,59517,223,57244
SonyTV (FR) ,25200,1072,289181,716,174873,356,114308,331,91710,331,91710,0,0,741,197471,385,83163,356,114308
SonyTV (FR) ,27000,2229,2434630,1426,380379,803,2054251,399,123522,369,121058,30,2464,1830,2311108,1057,259321,773,2051787
SonyTV (FR) ,28800,806,197861,534,132946,272,64915,266,76238,266,76238,0,0,540,121623,268,56708,272,64915
SonyTV (FR) ,30600,891,210915,640,154282,251,56633,391,100674,391,100674,0,0,500,110241,249,53608,251,56633
SonyTV (FR) ,32400,963,230240,723,170700,240,59540,477,116970,477,116970,0,0,486,113270,246,53730,240,59540
SonyTV (FR) ,34200,1341,403534,978,259673,363,143861,647,178274,617,175810,30,2464,694,225260,361,83863,333,141397
SonyTV (FR) ,36000,898,226561,635,168546,263,58015,370,93050,370,93050,0,0,528,133511,265,75496,263,58015
SonyTV (FR) ,37800,889,216801,653,163575,236,53226,405,102976,405,102976,0,0,484,113825,248,60599,236,53226
SonyTV (FR) ,39600,1254,736905,845,173277,409,563628,275,73710,275,73710,0,0,979,663195,570,99567,409,563628
SonyTV (FR) ,41400,1580,559911,1092,263809,488,296102,592,154575,577,153343,15,1232,988,405336,515,110466,473,294870
SonyTV (FR) ,43200,873,212873,600,159590,273,53283,368,102771,353,101539,15,1232,505,110102,247,58051,258,52051
SonyTV (FR) ,45000,752,185006,490,118387,262,66619,216,60456,216,60456,0,0,536,124550,274,57931,262,66619
SonyTV (FR) ,46800,1134,272641,910,215858,224,56783,675,163000,675,163000,0,0,459,109641,235,52858,224,56783
SonyTV (FR) ,48600,1404,392265,997,257729,407,134536,601,154837,586,153605,15,1232,803,237428,411,104124,392,133304
SonyTV (FR) ,50400,1028,248984,766,200021,262,48963,528,138751,513,137519,15,1232,500,110233,253,62502,247,47731
SonyTV (FR) ,52200,888,238661,583,172285,305,66376,288,79936,288,79936,0,0,600,158725,295,92349,305,66376
SonyTV (FR) ,54000,1021,263809,698,188562,323,75247,373,101254,373,101254,0,0,648,162555,325,87308,323,75247
SonyTV (FR) ,55800,1596,681274,1127,379052,469,302222,587,161368,557,158904,30,2464,1009,519906,570,220148,439,299758
SonyTV (FR) ,57600,937,221927,697,172761,240,49166,454,114208,454,114208,0,0,483,107719,243,58553,240,49166
SonyTV (FR) ,59400,786,204637,546,145533,240,59104,296,82586,296,82586,0,0,490,122051,250,62947,240,59104
SonyTV (FR) ,61200,890,253049,611,146702,279,106347,329,86278,329,86278,0,0,561,166771,282,60424,279,106347
SonyTV (FR) ,63000,1293,781529,875,198706,418,582823,363,112298,333,109834,30,2464,930,669231,542,88872,388,580359
SonyTV (FR) ,64800,1323,533499,775,233639,548,299860,177,52390,177,52390,0,0,1146,481109,598,181249,548,299860
SonyTV (FR) ,66600,744,168884,497,118534,247,50350,255,69912,255,69912,0,0,489,98972,242,48622,247,50350
SonyTV (FR) ,68400,700,170093,456,111069,244,59024,209,57516,209,57516,0,0,491,112577,247,53553,244,59024
SonyTV (FR) ,70200,955,320742,609,187452,346,133290,303,98406,273,95942,30,2464,652,222336,336,91510,316,130826
SonyTV (FR) ,72000,622,153066,416,106727,206,46339,192,55346,192,55346,0,0,430,97720,224,51381,206,46339
SonyTV (FR) ,73800,636,144419,397,95452,239,48967,165,46514,165,46514,0,0,471,97905,232,48938,239,48967
SonyTV (FR) ,75600,847,206838,622,150881,225,55957,382,97802,382,97802,0,0,465,109036,240,53079,225,55957
SonyTV (FR) ,77400,880,258951,570,170734,310,88217,305,99288,275,96824,30,2464,575,159663,295,73910,280,85753
SonyTV (FR) ,79200,848,223970,591,157623,257,66347,322,84550,322,84550,0,0,526,139420,269,73073,257,66347
SonyTV (FR) ,81000,720,201933,438,141864,282,60069,159,52386,159,52386,0,0,561,149547,279,89478,282,60069
SonyTV (FR) ,82800,1684,1074027,1112,198822,572,875205,324,83144,324,83144,0,0,1360,990883,788,115678,572,875205
SonyTV (FR) ,84600,1450,608365,958,271654,492,336711,436,132158,406,129694,30,2464,1014,476207,552,141960,462,334247
SonyTV (FR) ,86400,2209,2310868,1375,350427,834,1960441,278,78414,278,78414,0,0,1931,2232454,1097,272013,834,1960441
SonyTV (FR) ,88200,753,193594,509,136132,244,57462,247,66858,247,66858,0,0,506,126736,262,69274,244,57462
SonyTV (FR) ,90000,1016,246724,800,193184,216,53540,571,140956,571,140956,0,0,445,105768,229,52228,216,53540
SonyTV (FR) ,91800,1029,293988,736,209863,293,84125,488,142184,458,139720,30,2464,541,151804,278,70143,263,81661
SonyTV (FR) ,93600,914,239914,682,186638,232,53276,439,110106,439,110106,0,0,475,129808,243,76532,232,53276
SonyTV (FR) ,95400,738,188437,514,139253,224,49184,273,76296,273,76296,0,0,465,112141,241,62957,224,49184
SonyTV (FR) ,97200,710,165366,520,122909,190,42457,320,81660,320,81660,0,0,390,83706,200,41249,190,42457
SonyTV (FR) ,99000,924,252521,655,195801,269,56720,432,132074,402,129610,30,2464,492,120447,253,66191,239,54256
SonyTV (FR) ,100800,1077,254902,868,208525,209,46377,648,157412,648,157412,0,0,429,97490,220,51113,209,46377
SonyTV (FR) ,102600,869,226281,599,154736,270,71545,308,81480,308,81480,0,0,561,144801,291,73256,270,71545
SonyTV (FR) ,104400,1323,738957,974,193287,349,545670,469,117224,469,117224,0,0,854,621733,505,76063,349,545670
SonyTV (FR) ,106200,1014,264889,741,204893,273,59996,519,147142,489,144678,30,2464,495,117747,252,60215,243,57532
SonyTV (FR) ,108000,899,288048,576,176590,323,111458,217,62186,217,62186,0,0,682,225862,359,114404,323,111458
SonyTV (FR) ,109800,773,209752,514,144892,259,64860,250,71294,250,71294,0,0,523,138458,264,73598,259,64860
SonyTV (FR) ,111600,1015,267919,706,167779,309,100140,364,92840,364,92840,0,0,651,175079,342,74939,309,100140
SonyTV (FR) ,113400,962,274209,614,177378,348,96831,318,101400,288,98936,30,2464,644,172809,326,78442,318,94367
SonyTV (FR) ,115200,2101,2287929,1326,355943,775,1931986,414,103560,414,103560,0,0,1687,2184369,912,252383,775,1931986
SonyTV (FR) ,117000,878,212063,638,162825,240,49238,396,99652,396,99652,0,0,482,112411,242,63173,240,49238
SonyTV (FR) ,118800,867,213175,652,161257,215,51918,425,108642,425,108642,0,0,442,104533,227,52615,215,51918
SonyTV (FR) ,120600,892,269937,593,168750,299,101187,341,105584,311,103120,30,2464,551,164353,282,65630,269,98723
SonyTV (FR) ,122400,1150,730804,768,152983,382,577821,226,64436,226,64436,0,0,924,666368,542,88547,382,577821
SonyTV (FR) ,124200,777,195749,546,152356,231,43393,312,83484,312,83484,0,0,465,112265,234,68872,231,43393
SonyTV (FR) ,126000,1169,311789,886,211128,283,100661,559,138976,559,138976,0,0,610,172813,327,72152,283,100661
SonyTV (FR) ,127800,1308,507466,859,244203,449,263263,434,131078,404,128614,30,2464,874,376388,455,115589,419,260799
SonyTV (FR) ,129600,676,161210,477,122189,199,39021,272,74992,272,74992,0,0,404,86218,205,47197,199,39021
SonyTV (FR) ,131400,936,239814,690,177310,246,62504,433,115536,433,115536,0,0,503,124278,257,61774,246,62504
SonyTV (FR) ,133200,731,178582,519,126936,212,51646,288,74680,288,74680,0,0,443,103902,231,52256,212,51646
SonyTV (FR) ,135000,834,222117,591,171643,243,50474,390,119770,360,117306,30,2464,444,102347,231,54337,213,48010
SonyTV (FR) ,136800,809,227611,576,151164,233,76447,316,86396,316,86396,0,0,493,141215,260,64768,233,76447
SonyTV (FR) ,138600,873,223433,647,175562,226,47871,416,108722,416,108722,0,0,457,114711,231,66840,226,47871
SonyTV (FR) ,140400,631,153345,417,104180,214,49165,188,53440,188,53440,0,0,443,99905,229,50740,214,49165
SonyTV (FR) ,142200,1428,839166,1015,267502,413,571664,556,163978,526,161514,30,2464,872,675188,489,105988,383,569200
SonyTV (FR) ,144000,884,218283,659,164477,225,53806,423,110280,423,110280,0,0,461,108003,236,54197,225,53806
SonyTV (FR) ,145800,1049,527621,653,253158,396,274463,177,53104,177,53104,0,0,872,474517,476,200054,396,274463
SonyTV (FR) ,147600,790,200942,574,149002,216,51940,343,93190,343,93190,0,0,447,107752,231,55812,216,51940
SonyTV (FR) ,149400,891,243339,642,191615,249,51724,437,133212,407,130748,30,2464,454,110127,235,60867,219,49260
SonyTV (FR) ,151200,1540,634656,1042,292461,498,342195,467,121688,467,121688,0,0,1073,512968,575,170773,498,342195
SonyTV (FR) ,153000,886,218236,612,161489,274,56747,340,90236,340,90236,0,0,546,128000,272,71253,274,56747
SonyTV (FR) ,154800,1337,319569,1118,266222,219,53347,887,213880,887,213880,0,0,450,105689,231,52342,219,53347
SonyTV (FR) ,156600,1173,360247,865,237753,308,122494,606,165240,576,162776,30,2464,567,195007,289,74977,278,120030
SonyTV (FR) ,158400,787,196341,586,151910,201,44431,369,93852,369,93852,0,0,418,102489,217,58058,201,44431
SonyTV (FR) ,160200,796,198744,556,145848,240,52896,311,86718,311,86718,0,0,485,112026,245,59130,240,52896
SonyTV (FR) ,162000,1075,716416,727,169946,348,546470,372,110821,357,109589,15,1232,703,605595,370,60357,333,545238
SonyTV (FR) ,163800,1014,260182,769,208599,245,51583,550,152287,535,151055,15,1232,464,107895,234,57544,230,50351
SonyTV (FR) ,165600,743,229113,466,137230,277,91883,166,49708,166,49708,0,0,577,179405,300,87522,277,91883
SonyTV (FR) ,167400,785,205972,559,155821,226,50151,327,91808,327,91808,0,0,458,114164,232,64013,226,50151
SonyTV (FR) ,169200,1466,683243,926,230539,540,452704,387,110867,372,109635,15,1232,1079,572376,554,120904,525,451472
SonyTV (FR) ,171000,1241,335439,901,240379,340,95060,537,143704,537,143704,0,0,704,191735,364,96675,340,95060
SonyTV (FR) ,172800,1178,442676,792,203494,386,239182,415,115743,400,114511,15,1232,763,326933,392,88983,371,237950
SonyTV (FR) ,174600,962,269624,622,160964,340,108660,265,74142,265,74142,0,0,697,195482,357,86822,340,108660
SonyTV (FR) ,176400,2054,2445902,1229,353825,825,2092077,388,106609,373,105377,15,1232,1666,2339293,856,248448,810,2090845
SonyTV (FR) ,178200,1045,276267,801,218035,244,58232,546,146056,546,146056,0,0,499,130211,255,71979,244,58232
SonyTV (FR) ,180000,1019,277965,787,208414,232,69551,557,146583,542,145351,15,1232,462,131382,245,63063,217,68319
SonyTV (FR) ,181800,1365,347905,1110,294221,255,53684,856,206528,856,206528,0,0,509,141377,254,87693,255,53684
SonyTV (FR) ,183600,1097,715630,734,165776,363,549854,331,97287,316,96055,15,1232,766,618343,418,69721,348,548622
SonyTV (FR) ,185400,888,221008,656,168536,232,52472,408,110332,408,110332,0,0,480,110676,248,58204,232,52472
SonyTV (FR) ,187200,778,198616,554,151982,224,46634,351,102307,336,101075,15,1232,427,96309,218,50907,209,45402
SonyTV (FR) ,189000,891,229383,669,179213,222,50170,429,115174,429,115174,0,0,462,114209,240,64039,222,50170
SonyTV (FR) ,190800,879,232658,632,165416,247,67242,384,108215,369,106983,15,1232,495,124443,263,58433,232,66010
SonyTV (FR) ,192600,862,214474,631,159056,231,55418,385,101884,385,101884,0,0,477,112590,246,57172,231,55418
SonyTV (FR) ,194400,995,273988,712,195862,283,78126,424,116849,409,115617,15,1232,571,157139,303,80245,268,76894
SonyTV (FR) ,196200,716,207452,463,120624,253,86828,186,52544,186,52544,0,0,530,154908,277,68080,253,86828
SonyTV (FR) ,198000,1210,323680,869,214412,341,109268,508,128482,508,128482,0,0,702,195198,361,85930,341,109268
SonyTV (FR) ,199800,1209,319909,925,250048,284,69861,653,167769,638,166537,15,1232,556,152140,287,83511,269,68629
SonyTV (FR) ,201600,1241,305601,969,239895,272,65706,715,182133,700,180901,15,1232,526,123468,269,58994,257,64474
SonyTV (FR) ,203400,768,191714,557,146526,211,45188,340,93510,340,93510,0,0,428,98204,217,53016,211,45188
SonyTV (FR) ,205200,1168,720524,816,164649,352,555875,311,79900,311,79900,0,0,857,640624,505,84749,352,555875
SonyTV (FR) ,207000,2215,2394530,1445,398109,770,1996421,601,160465,586,159233,15,1232,1614,2234065,859,238876,755,1995189
SonyTV (FR) ,208800,750,194831,527,155608,223,39223,332,96597,317,95365,15,1232,418,98234,210,60243,208,37991
SonyTV (FR) ,210600,1039,287360,785,208066,254,79294,509,136492,509,136492,0,0,530,150868,276,71574,254,79294
SonyTV (FR) ,212400,977,247670,732,182738,245,64932,472,123332,472,123332,0,0,505,124338,260,59406,245,64932
SonyTV (FR) ,214200,1063,323335,706,183090,357,140245,353,99815,338,98583,15,1232,710,223520,368,84507,342,139013
SonyTV (FR) ,216000,887,225214,640,173981,247,51233,415,116511,400,115279,15,1232,472,108703,240,58702,232,50001
SonyTV (FR) ,217800,1168,427826,819,203389,349,224437,468,119040,468,119040,0,0,700,308786,351,84349,349,224437
SonyTV (FR) ,219600,969,243417,763,190881,206,52536,533,132402,533,132402,0,0,436,111015,230,58479,206,52536
SonyTV (FR) ,221400,1366,330727,1155,290989,211,39738,961,244769,946,243537,15,1232,405,85958,209,47452,196,38506
SonyTV (FR) ,223200,863,213733,632,165596,231,48137,428,116447,413,115215,15,1232,435,97286,219,50381,216,46905
SonyTV (FR) ,225000,1017,299661,705,209628,312,90033,376,104124,376,104124,0,0,641,195537,329,105504,312,90033
SonyTV (FR) ,226800,700,176454,482,121886,218,54568,246,67866,246,67866,0,0,454,108588,236,54020,218,54568
SonyTV (FR) ,228600,1189,760910,795,203471,394,557439,383,111465,368,110233,15,1232,806,649445,427,93238,379,556207
SonyTV (FR) ,230400,890,221604,672,175192,218,46412,468,125515,453,124283,15,1232,422,96089,219,50909,203,45180
SonyTV (FR) ,232200,855,218427,579,151264,276,67163,288,80800,288,80800,0,0,567,137627,291,70464,276,67163
SonyTV (FR) ,234000,757,193927,547,140906,210,53021,319,88772,319,88772,0,0,438,105155,228,52134,210,53021
SonyTV (FR) ,235800,946,235588,711,186852,235,48736,504,136715,489,135483,15,1232,442,98873,222,51369,220,47504
SonyTV (FR) ,237600,2184,1093954,1353,481917,831,612037,429,117403,414,116171,15,1232,1755,976551,939,365746,816,610805
SonyTV (FR) ,239400,843,243823,567,159120,276,84703,267,72388,267,72388,0,0,576,171435,300,86732,276,84703
SonyTV (FR) ,241200,891,227738,628,150096,263,77642,351,89386,351,89386,0,0,540,138352,277,60710,263,77642
SonyTV (FR) ,243000,1068,330703,785,210122,283,120581,500,136035,485,134803,15,1232,568,194668,300,75319,268,119349
SonyTV (FR) ,244800,893,221971,685,178295,208,43676,499,131011,484,129779,15,1232,394,90960,201,48516,193,42444
SonyTV (FR) ,246600,633,156160,421,110661,212,45499,202,57396,202,57396,0,0,431,98764,219,53265,212,45499
SonyTV (FR) ,248400,679,169742,488,122310,191,47432,287,79344,287,79344,0,0,392,90398,201,42966,191,47432
SonyTV (FR) ,250200,757,202776,510,146733,247,56043,279,82747,264,81515,15,1232,478,120029,246,65218,232,54811
SonyTV (FR) ,252000,1026,279572,770,224851,256,54721,533,142845,518,141613,15,1232,493,136727,252,83238,241,53489
SonyTV (FR) ,253800,1120,721949,734,148389,386,573560,206,57460,206,57460,0,0,914,664489,528,90929,386,573560
SonyTV (FR) ,0,1796,511931,1017,339803,779,172128,1159,326143,703,262835,456,63308,637,185788,314,76968,323,108820
SonyTV (FR) ,1800,1564,386309,866,272764,698,113545,1045,284074,606,222059,439,62015,519,102235,260,50705,259,51530
SonyTV (FR) ,3600,1663,435904,930,307912,733,127992,1080,303553,646,241889,434,61664,583,132351,284,66023,299,66328
SonyTV (FR) ,5400,1751,448963,1003,326189,748,122774,1170,332782,716,269426,454,63356,581,116181,287,56763,294,59418
SonyTV (FR) ,7200,1720,441641,964,315717,756,125924,1131,316449,675,252961,456,63488,589,125192,289,62756,300,62436
SonyTV (FR) ,9000,1598,406765,895,292630,703,114135,1072,297386,631,235130,441,62256,526,109379,264,57500,262,51879
SonyTV (FR) ,10800,1545,380358,840,269396,705,110962,1027,277381,589,215453,438,61928,518,102977,251,53943,267,49034
SonyTV (FR) ,12600,1659,431117,932,296582,727,134535,1117,311214,663,247858,454,63356,542,119903,269,48724,273,71179
SonyTV (FR) ,14400,2326,1060312,1313,389163,1013,671149,1120,313813,664,250325,456,63488,1206,746499,649,138838,557,607661
SonyTV (FR) ,16200,1928,933405,1085,300409,843,632996,1057,288420,619,226362,438,62058,871,644985,466,74047,405,570938
SonyTV (FR) ,18000,1625,415816,892,294170,733,121646,1042,286595,605,224733,437,61862,583,129221,287,69437,296,59784
SonyTV (FR) ,19800,1961,769208,1140,400366,821,368842,1155,322008,698,258442,457,63566,806,447200,442,141924,364,305276
SonyTV (FR) ,21600,1721,442635,953,309527,768,133108,1102,308453,648,245097,454,63356,619,134182,305,64430,314,69752
SonyTV (FR) ,23400,1810,460943,1095,331413,715,129530,1276,341655,833,279267,443,62388,534,119288,262,52146,272,67142
SonyTV (FR) ,25200,1649,416608,930,303883,719,112725,1113,312983,674,250989,439,61994,536,103625,256,52894,280,50731
SonyTV (FR) ,27000,1689,435098,987,325759,702,109339,1195,338766,743,275542,452,63224,494,96332,244,50217,250,46115
SonyTV (FR) ,28800,1684,467670,927,307542,757,160128,1085,295628,630,232206,455,63422,599,172042,297,75336,302,96706
SonyTV (FR) ,30600,1691,426068,977,308885,714,117183,1149,311809,706,249421,443,62388,542,114259,271,59464,271,54795
SonyTV (FR) ,32400,1757,451958,974,325977,783,125981,1084,300635,642,238443,442,62192,673,151323,332,87534,341,63789
SonyTV (FR) ,34200,1713,452670,995,335801,718,116869,1184,343564,729,280142,455,63422,529,109106,266,55659,263,53447
SonyTV (FR) ,36000,2231,749850,1285,399449,946,350401,1220,356427,765,293005,455,63422,1011,393423,520,106444,491,286979
SonyTV (FR) ,37800,2169,1056285,1237,340511,932,715774,1062,296951,623,234957,439,61994,1107,759334,614,105554,493,653780
SonyTV (FR) ,39600,1626,409196,900,295271,726,113925,1077,298203,633,235749,444,62454,549,110993,267,59522,282,51471
SonyTV (FR) ,41400,1734,451801,1003,336423,731,115378,1191,345936,734,282382,457,63554,543,105865,269,54041,274,51824
SonyTV (FR) ,43200,1731,448696,989,325875,742,122821,1164,331776,708,268288,456,63488,567,116920,281,57587,286,59333
SonyTV (FR) ,45000,1875,508430,1047,342338,828,166092,1077,301700,641,239904,436,61796,798,206730,406,102434,392,104296
SonyTV (FR) ,46800,1994,851005,1123,381998,871,469007,1063,289631,619,227177,444,62454,931,561374,504,154821,427,406553
SonyTV (FR) ,48600,1711,444600,966,320704,745,123896,1139,319598,680,255900,459,63698,572,125002,286,64804,286,60198
SonyTV (FR) ,50400,1899,496316,1136,368922,763,127394,1297,368772,838,305086,459,63686,602,127544,298,63836,304,63708
SonyTV (FR) ,52200,1814,487827,1065,342575,749,145252,1189,343997,753,282189,436,61808,625,143830,312,60386,313,83444
SonyTV (FR) ,54000,1697,445635,958,331013,739,114622,1117,316411,676,254155,441,62256,580,129224,282,76858,298,52366
SonyTV (FR) ,55800,1859,503765,1045,322379,814,181386,1114,309478,654,245726,460,63752,745,194287,391,76653,354,117634
SonyTV (FR) ,57600,4162,3513196,2356,592591,1806,2920605,1139,320458,684,257036,455,63422,3023,3192738,1672,335555,1351,2857183
SonyTV (FR) ,59400,1717,443469,963,308384,754,135085,1081,302989,643,241061,438,61928,636,140480,320,67323,316,73157
SonyTV (FR) ,61200,1797,467895,997,314720,800,153175,1090,302944,647,240556,443,62388,707,164951,350,74164,357,90787
SonyTV (FR) ,63000,2037,963133,1199,331016,838,632117,1122,318396,668,255040,454,63356,915,644737,531,75976,384,568761
SonyTV (FR) ,64800,1760,460770,1002,326621,758,134149,1158,328210,703,264788,455,63422,602,132560,299,61833,303,70727
SonyTV (FR) ,66600,1558,394453,883,286083,675,108370,1092,299861,650,237669,442,62192,466,94592,233,48414,233,46178
SonyTV (FR) ,68400,1780,481554,1036,362426,744,119128,1180,343307,742,281237,438,62070,600,138247,294,81189,306,57058
SonyTV (FR) ,70200,1610,404732,897,296025,713,108707,1107,309614,649,245994,458,63620,503,95118,248,50031,255,45087
SonyTV (FR) ,72000,1874,498048,1078,363550,796,134498,1245,362770,772,295225,473,67545,629,135278,306,68325,323,66953
SonyTV (FR) ,73800,1578,395996,877,281055,701,114941,1053,286429,615,224501,438,61928,525,109567,262,56554,263,53013
SonyTV (FR) ,75600,1993,760379,1127,381791,866,378588,1077,298351,641,236425,436,61926,916,462028,486,145366,430,316662
SonyTV (FR) ,77400,1753,464967,1024,346781,729,118186,1199,348728,745,285372,454,63356,554,116239,279,61409,275,54830
SonyTV (FR) ,79200,2647,1114115,1469,413993,1178,700122,1081,302075,639,239753,442,62322,1566,812040,830,174240,736,637800
SonyTV (FR) ,81000,2001,585243,1105,355317,896,229926,1131,321202,674,257778,457,63424,870,264041,431,97539,439,166502
SonyTV (FR) ,82800,1760,462340,982,317692,778,144648,1077,299689,637,237499,440,62190,683,162651,345,80193,338,82458
SonyTV (FR) ,84600,2178,1002629,1282,349380,896,653249,1125,314022,668,250456,457,63566,1053,688607,614,98924,439,589683
SonyTV (FR) ,86400,1607,404150,905,288590,702,115560,1094,301814,653,239558,441,62256,513,102336,252,49032,261,53304
SonyTV (FR) ,88200,1712,437339,966,308780,746,128559,1144,314128,689,250836,455,63292,568,123211,277,57944,291,65267
SonyTV (FR) ,90000,1556,383954,862,276259,694,107695,1060,286483,619,224227,441,62256,496,97471,243,52032,253,45439
SonyTV (FR) ,91800,1653,415482,937,303596,716,111886,1130,315987,678,252705,452,63282,523,99495,259,50891,264,48604
SonyTV (FR) ,93600,1773,463093,1019,331845,754,131248,1164,323472,707,259726,457,63746,609,139621,312,72119,297,67502
SonyTV (FR) ,95400,1667,441425,947,322318,720,119107,1102,312854,665,250813,437,62041,565,128571,282,71505,283,57066
SonyTV (FR) ,97200,1838,464178,1086,342874,752,121304,1227,329517,786,267081,441,62436,611,134661,300,75793,311,58868
SonyTV (FR) ,99000,1741,461959,994,338122,747,123837,1157,330000,701,266332,456,63668,584,131959,293,71790,291,60169
SonyTV (FR) ,100800,1785,473183,1010,326144,775,147039,1146,323582,689,259848,457,63734,639,149601,321,66296,318,83305
SonyTV (FR) ,102600,1549,396402,866,285742,683,110660,1060,295794,620,233543,440,62251,489,100608,246,52199,243,48409
SonyTV (FR) ,104400,2067,866028,1187,408323,880,457705,1155,324909,698,261163,457,63746,912,541119,489,147160,423,393959
SonyTV (FR) ,106200,1536,382974,856,277750,680,105224,1060,296160,621,233856,439,62304,476,86814,235,43894,241,42920
SonyTV (FR) ,108000,2021,961961,1133,314309,888,647652,1093,294571,637,230903,456,63668,928,667390,496,83406,432,583984
SonyTV (FR) ,109800,1590,406660,902,295171,688,111489,1093,308104,657,246129,436,61975,497,98556,245,49042,252,49514
SonyTV (FR) ,111600,1656,420882,939,307448,717,113434,1113,314759,671,252257,442,62502,543,106123,268,55191,275,50932
SonyTV (FR) ,113400,1539,384620,850,279792,689,104828,1078,299816,623,236214,455,63602,461,84804,227,43578,234,41226
SonyTV (FR) ,115200,1839,494134,1069,367746,770,126388,1223,355712,771,292308,452,63404,616,138422,298,75438,318,62984
SonyTV (FR) ,117000,1489,347898,839,248350,650,99548,1068,267880,630,205773,438,62107,421,80018,209,42577,212,37441
SonyTV (FR) ,118800,1451,331653,772,227160,679,104493,983,239255,542,176819,441,62436,468,92398,230,50341,238,42057
SonyTV (FR) ,120600,1657,398991,920,283565,737,115426,1097,279534,639,215722,458,63812,560,119457,281,67843,279,51614
SonyTV (FR) ,122400,1906,617135,1033,302956,873,314179,1038,259148,582,195468,456,63680,868,357987,451,107488,417,250499
SonyTV (FR) ,124200,1495,350234,819,241567,676,108667,1018,254386,579,192213,439,62173,477,95848,240,49354,237,46494
SonyTV (FR) ,126000,1745,482831,929,270355,816,212476,985,242093,545,179723,440,62370,760,240738,384,90632,376,150106
SonyTV (FR) ,127800,1872,874626,1067,261009,805,613617,1025,253084,569,189416,456,63668,847,621542,498,71593,349,549949
SonyTV (FR) ,129600,1614,448960,883,254921,731,194039,1035,247795,594,185359,441,62436,579,201165,289,69562,290,131603
SonyTV (FR) ,131400,1487,344163,807,238379,680,105784,1019,251599,567,188326,452,63273,468,92564,240,50053,228,42511
SonyTV (FR) ,133200,1926,715648,1085,341541,841,374107,1060,253899,617,191331,443,62568,866,461749,468,150210,398,311539
SonyTV (FR) ,135000,1458,337842,782,237612,676,100230,1019,253395,561,189595,458,63800,439,84447,221,48017,218,36430
SonyTV (FR) ,136800,1548,356248,824,232064,724,124184,973,230343,529,167709,444,62634,575,125905,295,64355,280,61550
SonyTV (FR) ,138600,1662,414424,926,276356,736,138068,1080,269083,624,205546,456,63537,582,145341,302,70810,280,74531
SonyTV (FR) ,140400,1543,376686,828,264105,715,112581,1020,254512,564,190844,456,63668,523,122174,264,73261,259,48913
SonyTV (FR) ,142200,1614,404636,869,247149,745,157487,972,234757,531,172309,441,62448,642,169879,338,74840,304,95039
SonyTV (FR) ,144000,2304,740976,1318,401562,986,339414,1161,282063,718,219495,443,62568,1143,458913,600,182067,543,276846
SonyTV (FR) ,145800,1738,426303,948,273560,790,152743,1054,261239,596,197570,458,63669,684,165064,352,75990,332,89074
SonyTV (FR) ,147600,1629,385720,953,282966,676,102754,1179,290232,723,226564,456,63668,450,95488,230,56402,220,39086
SonyTV (FR) ,149400,1587,363042,895,257512,692,105530,1073,260883,637,198777,436,62106,514,102159,258,58735,256,43424
SonyTV (FR) ,151200,1887,865182,1025,240803,862,624379,958,230741,516,168227,442,62514,929,634441,509,72576,420,561865
SonyTV (FR) ,153000,1531,369177,836,256654,695,112523,1029,258387,577,195102,452,63285,502,110790,259,61552,243,49238
SonyTV (FR) ,154800,1503,362888,818,257603,685,105285,1035,255162,582,191692,453,63470,468,107726,236,65911,232,41815
SonyTV (FR) ,156600,1598,373937,932,259618,666,114319,1134,272653,694,210283,440,62370,464,101284,238,49335,226,51949
SonyTV (FR) ,158400,1432,328584,783,216997,649,111587,996,237129,557,174825,439,62304,436,91455,226,42172,210,49283
SonyTV (FR) ,160200,1622,412612,887,290207,735,122405,1095,298189,622,230583,473,67606,527,114423,265,59624,262,54799
SonyTV (FR) ,162000,2130,887923,1203,398974,927,488949,1097,293904,650,231060,447,62844,1033,594019,553,167914,480,426105
SonyTV (FR) ,163800,1536,364368,839,246129,697,118239,1044,256640,586,192840,458,63800,492,107728,253,53289,239,54439
SonyTV (FR) ,165600,2274,886578,1221,310872,1053,575706,1005,238329,566,176013,439,62316,1269,648249,655,134859,614,513390
SonyTV (FR) ,167400,1550,377590,840,248711,710,128879,1022,252181,564,188512,458,63669,528,125409,276,60199,252,65210
SonyTV (FR) ,169200,1629,412392,859,254549,770,157843,959,229381,517,166879,442,62502,670,183011,342,87670,328,95341
SonyTV (FR) ,171000,1440,342216,765,233285,675,108931,991,248420,535,184752,456,63668,449,93796,230,48533,219,45263
SonyTV (FR) ,172800,1576,378309,838,236285,738,142024,983,236485,539,173851,444,62634,593,141824,299,62434,294,79390
SonyTV (FR) ,174600,1564,380584,849,245467,715,135117,1030,253399,574,189862,456,63537,534,127185,275,55605,259,71580
SonyTV (FR) ,176400,1727,857287,964,240994,763,616293,979,235303,539,172933,440,62370,748,621984,425,68061,323,553923
SonyTV (FR) ,178200,1484,351027,806,237895,678,113132,1023,253586,568,189984,455,63602,461,97441,238,47911,223,49530
SonyTV (FR) ,180000,1521,358703,816,238450,705,120253,986,238133,546,175763,440,62370,535,120570,270,62687,265,57883
SonyTV (FR) ,181800,1472,349895,789,233355,683,116540,993,247855,542,184648,451,63207,479,102040,247,48707,232,53333
SonyTV (FR) ,183600,1453,342738,776,231013,677,111725,973,232677,531,170163,442,62514,480,110061,245,60850,235,49211
SonyTV (FR) ,185400,1959,480444,1241,349121,718,131323,1412,341859,956,278191,456,63668,547,138585,285,70930,262,67655
SonyTV (FR) ,187200,1785,467216,955,263824,830,203392,968,237335,532,175229,436,62106,817,229881,423,88595,394,141286
SonyTV (FR) ,189000,1522,368072,833,249739,689,118333,1038,258227,583,194756,455,63471,484,109845,250,54983,234,54862
SonyTV (FR) ,190800,1959,736567,1068,327171,891,409396,980,233049,536,170415,444,62634,979,503518,532,156756,447,346762
SonyTV (FR) ,192600,1491,351512,819,242126,672,109386,1048,257784,591,194050,457,63734,443,93728,228,48076,215,45652
SonyTV (FR) ,194400,1543,362008,834,239745,709,122263,998,242233,556,179731,442,62502,545,119775,278,60014,267,59761
SonyTV (FR) ,196200,1489,358287,815,243757,674,114530,1035,258225,579,194688,456,63537,454,100062,236,49069,218,50993
SonyTV (FR) ,198000,2048,952258,1163,307914,885,644344,1016,257488,561,193886,455,63602,1032,694770,602,114028,430,580742
SonyTV (FR) ,199800,1439,348450,765,236095,674,112355,970,240489,529,178053,441,62436,469,107961,236,58042,233,49919
SonyTV (FR) ,201600,1480,338796,802,222515,678,116281,992,233959,551,171523,441,62436,488,104837,251,50992,237,53845
SonyTV (FR) ,203400,1527,379636,833,250861,694,128775,1047,261799,593,198394,454,63405,480,117837,240,52467,240,65370
SonyTV (FR) ,205200,1502,345038,835,240541,667,104497,1040,251777,602,189539,438,62238,462,93261,233,51002,229,42259
SonyTV (FR) ,207000,1518,366164,821,243895,697,122269,1021,254458,562,190592,459,63866,497,111706,259,53303,238,58403
SonyTV (FR) ,208800,1742,555714,925,259963,817,295751,960,231145,521,168841,439,62304,782,324569,404,91122,378,233447
SonyTV (FR) ,210600,1570,378873,877,259760,693,119113,1083,266842,623,202910,460,63932,487,112031,254,56850,233,55181
SonyTV (FR) ,212400,1556,418269,829,244911,727,173358,982,233864,542,171613,440,62251,574,184405,287,73298,287,111107
SonyTV (FR) ,214200,1669,436007,956,293593,713,142414,1135,280892,679,217224,456,63668,534,155115,277,76369,257,78746
SonyTV (FR) ,216000,1464,337822,777,220161,687,117661,975,234255,532,171687,443,62568,489,103567,245,48474,244,55093
SonyTV (FR) ,217800,1754,847913,974,228714,780,619199,921,222109,482,159805,439,62304,833,625804,492,68909,341,556895
SonyTV (FR) ,219600,1623,398513,914,262628,709,135885,1109,272445,653,208908,456,63537,514,126068,261,53720,253,72348
SonyTV (FR) ,221400,1909,809539,1053,335442,856,474097,1021,252602,566,189000,455,63602,888,556937,487,146442,401,410495
SonyTV (FR) ,223200,1547,363725,825,238093,722,125632,975,237963,537,175725,438,62238,572,125762,288,62368,284,63394
SonyTV (FR) ,225000,1599,390854,867,250079,732,140775,1030,253110,572,189310,458,63800,569,137744,295,60769,274,76975
SonyTV (FR) ,226800,1511,364908,808,245046,703,119862,977,233068,537,170829,440,62239,534,131840,271,74217,263,57623
SonyTV (FR) ,228600,1846,490358,1033,292571,813,197787,1098,276986,641,213252,457,63734,748,213372,392,79319,356,134053
SonyTV (FR) ,230400,2418,875240,1299,423500,1119,451740,981,238345,542,176041,439,62304,1437,636895,757,247459,680,389436
SonyTV (FR) ,232200,1834,446529,1034,292652,800,153877,1118,279000,664,215464,454,63536,716,167529,370,77188,346,90341
SonyTV (FR) ,234000,1539,353591,862,251322,677,102269,1057,257202,623,195347,434,61855,482,96389,239,55975,243,40414
SonyTV (FR) ,235800,1810,416467,1132,313146,678,103321,1346,326224,897,263018,449,63206,464,90243,235,50128,229,40115
SonyTV (FR) ,237600,1917,903631,1115,278004,802,625627,1099,263875,662,201703,437,62172,818,639756,453,76301,365,563455
SonyTV (FR) ,239400,1849,425167,1163,317165,686,108002,1381,330894,922,267028,459,63866,468,94273,241,50137,227,44136
SonyTV (FR) ,241200,1573,383251,854,265220,719,118031,1048,267191,596,201213,452,65978,525,116060,258,64007,267,52053
SonyTV (FR) ,243000,2276,591706,1471,441667,805,150039,1590,402989,1124,338649,466,64340,686,188717,347,103018,339,85699
SonyTV (FR) ,244800,1996,489019,1243,362294,753,126725,1365,347135,928,284963,437,62172,631,141884,315,77331,316,64553
SonyTV (FR) ,246600,1994,476227,1273,358544,721,117683,1456,368524,1006,305252,450,63272,538,107703,267,53292,271,54411
SonyTV (FR) ,248400,2083,499425,1325,377225,758,122200,1462,360920,1021,298615,441,62305,621,138505,304,78610,317,59895
SonyTV (FR) ,250200,2208,809078,1325,421052,883,388026,1205,322986,747,259186,458,63800,1003,486092,578,161866,425,324226
SonyTV (FR) ,252000,2507,951612,1467,373170,1040,578442,1202,300289,764,238051,438,62238,1305,651323,703,135119,602,516204
SonyTV (FR) ,253800,1793,457648,1012,294638,781,163010,1134,280921,683,217714,451,63207,659,176727,329,76924,330,99803
SonyTV (FR) ,255600,1880,485961,1010,280879,870,205082,1026,245924,586,183554,440,62370,854,240037,424,97325,430,142712
SonyTV (FR) ,257400,1676,401191,942,281360,734,119831,1113,280341,660,216871,453,63470,563,120850,282,64489,281,56361
SonyTV (FR) ,259200,1706,408996,910,250677,796,158319,985,238325,549,176219,436,62106,721,170671,361,74458,360,96213
SonyTV (FR) ,261000,1664,415096,919,266758,745,148338,1071,270732,617,207196,454,63536,593,144364,302,59562,291,84802
SonyTV (FR) ,262800,1939,887616,1109,259790,830,627826,993,245176,552,182871,441,62305,946,642440,557,76919,389,565521
SonyTV (FR) ,264600,2024,478700,1282,360543,742,118157,1457,363090,1002,299488,455,63602,567,115610,280,61055,287,54555
SonyTV (FR) ,266400,1585,368845,863,245879,722,122966,1014,249075,576,186837,438,62238,571,119770,287,59042,284,60728
SonyTV (FR) ,268200,1814,451998,1078,314367,736,137631,1236,311288,781,247686,455,63602,578,140710,297,66681,281,74029
SonyTV (FR) ,270000,1487,364812,803,245691,684,119121,991,243314,554,181273,437,62041,496,121498,249,64418,247,57080
SonyTV (FR) ,271800,1737,401089,1027,294415,710,106674,1225,302850,770,239248,455,63602,512,98239,257,55167,255,43072
SonyTV (FR) ,273600,1908,886517,1033,268844,875,617673,986,240263,546,177893,440,62370,922,646254,487,90951,435,555303
SonyTV (FR) ,275400,1534,354245,878,253339,656,100906,1121,272540,666,208938,455,63602,413,81705,212,44401,201,37304
SonyTV (FR) ,277200,1661,394208,981,293749,680,100459,1218,308551,758,244750,460,63801,443,85657,223,48999,220,36658
SonyTV (FR) ,279000,1924,792846,1080,333264,844,459582,1032,247599,588,184965,444,62634,892,545247,492,148299,400,396948
SonyTV (FR) ,280800,1523,351236,806,233500,717,117736,966,233073,524,170571,442,62502,557,118163,282,62929,275,55234
SonyTV (FR) ,282600,1423,324601,788,225379,635,99222,1015,243319,577,181081,438,62238,408,81282,211,44298,197,36984
SonyTV (FR) ,284400,1875,914841,1050,288318,825,626523,1071,269867,618,206528,453,63339,804,644974,432,81790,372,563184
SonyTV (FR) ,286200,1662,403469,921,288004,741,115465,1090,274426,634,210758,456,63668,572,129043,287,77246,285,51797
SonyTV (FR) ,288000,1569,377870,879,259487,690,118383,1052,258403,611,195967,441,62436,517,119467,268,63520,249,55947
SonyTV (FR) ,289800,1379,317919,739,220783,640,97136,972,237929,531,175493,441,62436,407,79990,208,45290,199,34700
SonyTV (FR) ,291600,1641,389592,889,273147,752,116445,1139,288183,645,219143,494,69040,502,101409,244,54004,258,47405
SonyTV (FR) ,293400,1557,359409,855,252218,702,107191,1129,269908,637,203864,492,66044,428,89501,218,48354,210,41147
SonyTV (FR) ,295200,1874,579230,1003,275233,871,303997,1086,249971,603,184763,483,65208,788,329259,400,90470,388,238789
SonyTV (FR) ,297000,1627,374524,923,263243,704,111281,1188,283438,697,217460,491,65978,439,91086,226,45783,213,45303
SonyTV (FR) ,298800,1585,412965,862,248952,723,164013,1094,250884,616,186137,478,64747,491,162081,246,62815,245,99266
SonyTV (FR) ,300600,1570,367162,852,265320,718,101842,1129,270870,638,204892,491,65978,441,96292,214,60428,227,35864
SonyTV (FR) ,302400,1576,366502,851,248429,725,118073,1064,243221,586,178343,478,64878,512,123281,265,70086,247,53195
SonyTV (FR) ,304200,2037,919245,1215,306326,822,612919,1315,311192,814,244554,501,66638,722,608053,401,61772,321,546281
SonyTV (FR) ,306000,1492,329909,820,232158,672,97751,1101,253760,622,188935,479,64825,391,76149,198,43223,193,32926
SonyTV (FR) ,307800,2006,732371,1131,357676,875,374695,1178,279019,680,212579,498,66440,828,453352,451,145097,377,308255
SonyTV (FR) ,309600,1885,432869,1100,293769,785,139100,1278,297227,799,232283,479,64944,607,135642,301,61486,306,74156
SonyTV (FR) ,311400,2010,525052,1176,329870,834,195182,1326,313120,833,247010,493,66110,684,211932,343,82860,341,129072
SonyTV (FR) ,313200,1607,375980,866,255077,741,120903,1094,252291,623,188331,471,63960,513,123689,243,66746,270,56943
SonyTV (FR) ,315000,1588,370223,858,245670,730,124553,1110,265002,614,198694,496,66308,478,105221,244,46976,234,58245
SonyTV (FR) ,316800,3659,2185888,1986,646482,1673,1539406,1123,272532,650,207972,473,64560,2536,1913356,1336,438510,1200,1474846
SonyTV (FR) ,318600,1698,420292,906,265339,792,154953,1007,250568,553,187032,454,63536,691,169724,353,78307,338,91417
SonyTV (FR) ,320400,1725,431038,949,275194,776,155844,1012,246930,577,185021,435,61909,713,184108,372,90173,341,93935
SonyTV (FR) ,322200,1457,341362,800,245006,657,96356,1061,265524,604,201790,457,63734,396,75838,196,43216,200,32622
SonyTV (FR) ,324000,1441,330458,780,226572,661,103886,1007,244271,563,181613,444,62658,434,86187,217,44959,217,41228
SonyTV (FR) ,325800,1611,383299,911,257549,700,125750,1055,254783,620,192743,435,62040,556,128516,291,64806,265,63710
SonyTV (FR) ,327600,1980,925472,1146,299278,834,626194,1071,268675,620,205468,451,63207,909,656797,526,93810,383,562987
SonyTV (FR) ,329400,1735,416861,1049,309804,686,107057,1274,325168,819,261566,455,63602,461,91693,230,48238,231,43455
