Device,StartTime,Frames,Bytes,TxFrames,TxBytes,RxFrames,RxBytes,LanFrames,LanBytes,LanTxFrames,LanTxBytes,LanRxFrames,LanRxBytes,WanFrames,WanBytes,WanTxFrames,WanTxBytes,WanRxFrames,WanRxBytes
Netvue (US1) ,0,798,162340,428,86400,370,75940,603,121248,303,58938,300,62310,195,41092,125,27462,70,13630
Netvue (US1) ,1800,717,131264,377,64864,340,66400,603,121248,303,58938,300,62310,114,10016,74,5926,40,4090
Netvue (US1) ,3600,784,157061,413,75716,371,81345,600,121050,300,58740,300,62310,184,36011,113,16976,71,19035
Netvue (US1) ,5400,716,131198,374,64666,342,66532,600,121050,300,58740,300,62310,116,10148,74,5926,42,4222
Netvue (US1) ,7200,776,151274,411,75603,365,75671,602,121182,302,58872,300,62310,174,30092,109,16731,65,13361
Netvue (US1) ,9000,712,130951,373,64613,339,66338,600,121050,300,58740,300,62310,112,9901,73,5873,39,4028
Netvue (US1) ,10800,783,157061,414,75847,369,81214,600,121050,300,58740,300,62310,183,36011,114,17107,69,18904
Netvue (US1) ,12600,714,131070,374,64668,340,66402,600,121050,300,58740,300,62310,114,10020,74,5928,40,4092
Netvue (US1) ,14400,784,157050,414,75770,370,81280,600,121050,300,58740,300,62310,184,36000,114,17030,70,18970
Netvue (US1) ,16200,714,131083,373,64613,341,66470,600,121050,300,58740,300,62310,114,10033,73,5873,41,4160
Netvue (US1) ,18000,782,157101,414,75941,368,81160,600,121050,300,58740,300,62310,182,36051,114,17201,68,18850
Netvue (US1) ,19800,717,131257,375,64723,342,66534,600,121050,300,58740,300,62310,117,10207,75,5983,42,4224
Netvue (US1) ,21600,786,157117,417,75891,369,81226,603,121248,303,58938,300,62310,183,35869,114,16953,69,18916
Netvue (US1) ,23400,737,139805,387,66241,350,73564,600,121050,300,58740,300,62310,137,18755,87,7501,50,11254
Netvue (US1) ,25200,760,148154,401,74100,359,74054,601,121116,301,58806,300,62310,159,27038,100,15294,59,11744
Netvue (US1) ,27000,737,139805,388,66307,349,73498,601,121116,301,58806,300,62310,136,18689,87,7501,49,11188
Netvue (US1) ,28800,759,148111,400,74057,359,74054,600,121050,300,58740,300,62310,159,27061,100,15317,59,11744
Netvue (US1) ,30600,739,139924,389,66362,350,73562,601,121116,301,58806,300,62310,138,18808,88,7556,50,11252
Netvue (US1) ,32400,762,148858,401,74696,361,74162,601,121116,301,58806,300,62310,161,27742,100,15890,61,11852
Netvue (US1) ,34200,766,148139,405,68097,361,80042,601,121116,301,58806,300,62310,165,27023,104,9291,61,17732
Netvue (US1) ,36000,756,148872,398,74927,358,73945,600,121050,300,58740,300,62310,156,27822,98,16187,58,11635
Netvue (US1) ,37800,790,156101,418,69634,372,86467,600,121050,300,58740,300,62310,190,35051,118,10894,72,24157
Netvue (US1) ,39600,759,149067,401,75122,358,73945,603,121248,303,58938,300,62310,156,27819,98,16184,58,11635
Netvue (US1) ,41400,758,142246,400,67703,358,74543,602,121182,302,58872,300,62310,156,21064,98,8831,58,12233
Netvue (US1) ,43200,760,149083,399,74952,361,74131,601,121116,301,58806,300,62310,159,27967,98,16146,61,11821
Netvue (US1) ,45000,767,148206,406,68174,361,80032,603,121248,303,58938,300,62310,164,26958,103,9236,61,17722
Netvue (US1) ,46800,759,148746,401,74791,358,73955,602,121182,302,58872,300,62310,157,27564,99,15919,58,11645
Netvue (US1) ,48600,742,140153,390,66428,352,73725,600,121050,300,58740,300,62310,142,19103,90,7688,52,11415
Netvue (US1) ,50400,757,148274,400,74383,357,73891,602,121182,302,58872,300,62310,155,27092,98,15511,57,11581
Netvue (US1) ,52200,742,140166,391,66505,351,73661,602,121182,302,58872,300,62310,140,18984,89,7633,51,11351
Netvue (US1) ,54000,756,148003,399,74112,357,73891,601,121116,301,58806,300,62310,155,26887,98,15306,57,11581
Netvue (US1) ,55800,741,140100,390,66439,351,73661,601,121116,301,58806,300,62310,140,18984,89,7633,51,11351
Netvue (US1) ,57600,755,147837,399,74000,356,73837,601,121116,301,58806,300,62310,154,26721,98,15194,56,11527
Netvue (US1) ,59400,744,140263,392,66538,352,73725,600,121050,300,58740,300,62310,144,19213,92,7798,52,11415
Netvue (US1) ,61200,754,148025,398,74188,356,73837,600,121050,300,58740,300,62310,154,26975,98,15448,56,11527
Netvue (US1) ,63000,742,140166,389,66373,353,73793,600,121050,300,58740,300,62310,142,19116,89,7633,53,11483
Netvue (US1) ,64800,760,148211,399,74058,361,74153,600,121050,300,58740,300,62310,160,27161,99,15318,61,11843
Netvue (US1) ,66600,742,140166,390,66439,352,73727,601,121116,301,58806,300,62310,141,19050,89,7633,52,11417
Netvue (US1) ,68400,761,148363,400,74220,361,74143,602,121170,302,58860,300,62310,159,27193,98,15360,61,11833
Netvue (US1) ,70200,741,140100,390,66439,351,73661,601,121116,301,58806,300,62310,140,18984,89,7633,51,11351
Netvue (US1) ,72000,763,149371,401,74534,362,74837,600,121050,300,58740,300,62310,163,28321,101,15794,62,12527
Netvue (US1) ,73800,741,140100,390,66439,351,73661,601,121116,301,58806,300,62310,140,18984,89,7633,51,11351
Netvue (US1) ,75600,777,157141,412,76210,365,80931,599,120984,300,58740,299,62244,178,36157,112,17470,66,18687
Netvue (US1) ,77400,721,131552,377,64855,344,66697,600,121050,300,58740,300,62310,121,10502,77,6115,44,4387
Netvue (US1) ,79200,774,150882,407,75134,367,75748,600,121050,300,58740,300,62310,174,29832,107,16394,67,13438
Netvue (US1) ,81000,716,131246,375,64745,341,66501,600,121050,300,58740,300,62310,116,10196,75,6005,41,4191
Netvue (US1) ,82800,780,157028,413,75977,367,81051,601,121116,301,58806,300,62310,179,35912,112,17171,67,18741
Netvue (US1) ,84600,722,131605,379,64974,343,66631,604,121290,304,58980,300,62310,118,10315,75,5994,43,4321
Netvue (US1) ,86400,785,156992,416,75778,369,81214,602,121182,302,58872,300,62310,183,35810,114,16906,69,18904
Netvue (US1) ,88200,712,130951,373,64613,339,66338,600,121050,300,58740,300,62310,112,9901,73,5873,39,4028
Netvue (US1) ,90000,765,153111,405,73896,360,79215,581,117093,291,56860,290,60233,184,36018,114,17036,70,18982
Netvue (US1) ,91800,714,131083,375,64745,339,66338,602,121182,302,58872,300,62310,112,9901,73,5873,39,4028
Netvue (US1) ,93600,787,157129,417,75839,370,81290,602,121182,302,58872,300,62310,185,35947,115,16967,70,18980
Netvue (US1) ,95400,715,131149,374,64679,341,66470,601,121116,301,58806,300,62310,114,10033,73,5873,41,4160
Netvue (US1) ,97200,798,157888,425,76409,373,81479,604,121326,304,59016,300,62310,194,36562,121,17393,73,19169
Netvue (US1) ,99000,721,131559,382,65220,339,66339,604,121326,304,59016,300,62310,117,10233,78,6204,39,4029
Netvue (US1) ,100800,784,157231,414,75962,370,81269,601,121116,301,58806,300,62310,183,36115,113,17156,70,18959
Netvue (US1) ,102600,716,131206,375,64736,341,66470,601,121116,301,58806,300,62310,115,10090,74,5930,41,4160
Netvue (US1) ,104400,788,158367,417,77033,371,81334,601,121128,301,58818,300,62310,187,37239,116,18215,71,19024
Netvue (US1) ,106200,712,130953,373,64614,339,66339,600,121050,300,58740,300,62310,112,9903,73,5874,39,4029
Netvue (US1) ,108000,785,157268,415,75988,370,81280,600,121050,300,58740,300,62310,185,36218,115,17248,70,18970
Netvue (US1) ,109800,715,131151,375,64746,340,66405,602,121182,302,58872,300,62310,113,9969,73,5874,40,4095
Netvue (US1) ,111600,783,156851,414,75624,369,81227,600,121050,300,58740,300,62310,183,35801,114,16884,69,18917
Netvue (US1) ,113400,712,130953,373,64614,339,66339,600,121050,300,58740,300,62310,112,9903,73,5874,39,4029
Netvue (US1) ,115200,784,157004,414,75723,370,81281,600,121050,300,58740,300,62310,184,35954,114,16983,70,18971
Netvue (US1) ,117000,714,131097,375,64758,339,66339,602,121194,302,58884,300,62310,112,9903,73,5874,39,4029
Netvue (US1) ,118800,807,165426,429,77918,378,87508,601,121116,301,58806,300,62310,206,44310,128,19112,78,25198
Netvue (US1) ,120600,717,131272,376,64802,341,66470,602,121182,302,58872,300,62310,115,10090,74,5930,41,4160
Netvue (US1) ,122400,808,165842,427,78123,381,87719,600,121050,300,58740,300,62310,208,44792,127,19383,81,25409
Netvue (US1) ,124200,741,139235,389,66329,352,72906,600,121050,300,58740,300,62310,141,18185,89,7589,52,10596
Netvue (US1) ,126000,790,158706,417,77240,373,81466,601,121116,301,58806,300,62310,189,37590,116,18434,73,19156
Netvue (US1) ,127800,784,155689,416,69514,368,86175,601,121116,301,58806,300,62310,183,34573,115,10708,68,23865
Netvue (US1) ,129600,785,157116,415,76636,370,80480,600,121050,300,58740,300,62310,185,36066,115,17896,70,18170
Netvue (US1) ,131400,738,139873,389,66374,349,73499,602,121182,302,58872,300,62310,136,18691,87,7502,49,11189
Netvue (US1) ,133200,763,149105,403,74996,360,74109,603,121248,303,58938,300,62310,160,27857,100,16058,60,11799
Netvue (US1) ,135000,741,140060,389,66364,352,73696,601,121116,301,58806,300,62310,140,18944,88,7558,52,11386
Netvue (US1) ,136800,760,148188,401,74133,359,74055,600,121050,300,58740,300,62310,160,27138,101,15393,59,11745
Netvue (US1) ,138600,733,134208,385,66035,348,68173,601,121116,301,58806,300,62310,132,13092,84,7229,48,5863
Netvue (US1) ,140400,754,147794,398,73956,356,73838,600,121050,300,58740,300,62310,154,26744,98,15216,56,11528
Netvue (US1) ,142200,747,140478,394,66684,353,73794,604,121314,304,59004,300,62310,143,19164,90,7680,53,11484
Netvue (US1) ,144000,754,147997,398,74159,356,73838,600,121050,300,58740,300,62310,154,26947,98,15419,56,11528
Netvue (US1) ,145800,744,140301,391,66508,353,73793,601,121128,301,58818,300,62310,143,19173,90,7690,53,11483
Netvue (US1) ,147600,760,148871,400,74825,360,74046,603,121248,303,58938,300,62310,157,27623,97,15887,60,11736
Netvue (US1) ,149400,743,140223,390,66430,353,73793,600,121050,300,58740,300,62310,143,19173,90,7690,53,11483
Netvue (US1) ,151200,759,148086,398,73930,361,74156,600,121050,300,58740,300,62310,159,27036,98,15190,61,11846
Netvue (US1) ,153000,741,140102,390,66440,351,73662,601,121116,301,58806,300,62310,140,18986,89,7634,51,11352
Netvue (US1) ,154800,757,148130,400,74238,357,73892,602,121182,302,58872,300,62310,155,26948,98,15366,57,11582
Netvue (US1) ,156600,741,140102,390,66440,351,73662,601,121116,301,58806,300,62310,140,18986,89,7634,51,11352
Netvue (US1) ,158400,754,147749,398,73911,356,73838,600,121050,300,58740,300,62310,154,26699,98,15171,56,11528
Netvue (US1) ,160200,741,140102,390,66440,351,73662,601,121116,301,58806,300,62310,140,18986,89,7634,51,11352
Netvue (US1) ,162000,758,148224,399,74200,359,74024,601,121104,301,58794,300,62310,157,27120,98,15406,59,11714
Netvue (US1) ,163800,743,140223,390,66430,353,73793,600,121050,300,58740,300,62310,143,19173,90,7690,53,11483
Netvue (US1) ,165600,758,147929,400,73983,358,73946,602,121182,302,58872,300,62310,156,26747,98,15111,58,11636
Netvue (US1) ,167400,740,140048,389,66386,351,73662,600,121050,300,58740,300,62310,140,18998,89,7646,51,11352
Netvue (US1) ,169200,757,148063,401,74225,356,73838,602,121182,302,58872,300,62310,155,26881,99,15353,56,11528
Netvue (US1) ,171000,742,140168,389,66374,353,73794,600,121050,300,58740,300,62310,142,19118,89,7634,53,11484
Netvue (US1) ,172800,738,144282,391,72467,347,71815,582,117147,292,56914,290,60233,156,27135,99,15553,57,11582
Netvue (US1) ,174600,741,140102,390,66440,351,73662,601,121116,301,58806,300,62310,140,18986,89,7634,51,11352
Netvue (US1) ,176400,756,147843,400,74005,356,73838,601,121116,301,58806,300,62310,155,26727,99,15199,56,11528
Netvue (US1) ,178200,743,140234,392,66572,351,73662,603,121248,303,58938,300,62310,140,18986,89,7634,51,11352
Netvue (US1) ,180000,779,156724,412,75672,367,81052,600,121050,300,58740,300,62310,179,35674,112,16932,67,18742
Netvue (US1) ,181800,718,131380,375,64746,343,66634,600,121050,300,58740,300,62310,118,10330,75,6006,43,4324
Netvue (US1) ,183600,781,157082,413,75965,368,81117,600,121050,300,58740,300,62310,181,36032,113,17225,68,18807
Netvue (US1) ,185400,717,131314,376,64812,341,66502,601,121116,301,58806,300,62310,116,10198,75,6006,41,4192
Netvue (US1) ,187200,778,156633,412,75635,366,80998,600,121050,300,58740,300,62310,178,35583,112,16895,66,18688
Netvue (US1) ,189000,718,131369,376,64802,342,66567,600,121050,300,58740,300,62310,118,10319,76,6062,42,4257
Netvue (US1) ,190800,785,157257,417,76096,368,81161,603,121248,303,58938,300,62310,182,36009,114,17158,68,18851
Netvue (US1) ,192600,715,131151,374,64680,341,66471,601,121116,301,58806,300,62310,114,10035,73,5874,41,4161
Netvue (US1) ,194400,775,151149,410,75477,365,75672,601,121116,301,58806,300,62310,174,30033,109,16671,65,13362
Netvue (US1) ,196200,712,130953,373,64614,339,66339,600,121050,300,58740,300,62310,112,9903,73,5874,39,4029
Netvue (US1) ,198000,783,157085,415,75936,368,81149,601,121116,301,58806,300,62310,182,35969,114,17130,68,18839
Netvue (US1) ,199800,714,131085,373,64614,341,66471,600,121050,300,58740,300,62310,114,10035,73,5874,41,4161
Netvue (US1) ,201600,786,157145,415,75799,371,81346,600,121050,300,58740,300,62310,186,36095,115,17059,71,19036
Netvue (US1) ,203400,714,131075,375,64736,339,66339,601,121116,301,58806,300,62310,113,9959,74,5930,39,4029
Netvue (US1) ,205200,834,173618,444,79584,390,94034,600,121050,300,58740,300,62310,234,52568,144,20844,90,31724
Netvue (US1) ,207000,716,131206,374,64670,342,66536,600,121050,300,58740,300,62310,116,10156,74,5930,42,4226
Netvue (US1) ,208800,805,161216,426,78933,379,82283,602,121182,302,58872,300,62310,203,40034,124,20061,79,19973
Netvue (US1) ,210600,739,139125,388,66283,351,72842,601,121116,301,58806,300,62310,138,18009,87,7477,51,10532
Netvue (US1) ,212400,792,158549,418,77029,374,81520,603,121248,303,58938,300,62310,189,37301,115,18091,74,19210
Netvue (US1) ,214200,758,146769,401,67820,357,78949,600,121050,300,58740,300,62310,158,25719,101,9080,57,16639
Netvue (US1) ,216000,808,165964,428,78324,380,87640,600,121050,300,58740,300,62310,208,44914,128,19584,80,25330
Netvue (US1) ,217800,761,146967,402,67886,359,79081,601,121116,301,58806,300,62310,160,25851,101,9080,59,16771
Netvue (US1) ,219600,785,157882,414,76559,371,81323,600,121050,300,58740,300,62310,185,36832,114,17819,71,19013
Netvue (US1) ,221400,712,130953,373,64614,339,66339,600,121050,300,58740,300,62310,112,9903,73,5874,39,4029
Netvue (US1) ,223200,783,156789,415,75628,368,81161,601,121116,301,58806,300,62310,182,35673,114,16822,68,18851
Netvue (US1) ,225000,715,131140,375,64736,340,66404,601,121116,301,58806,300,62310,114,10024,74,5930,40,4094
Netvue (US1) ,226800,785,157088,416,75861,369,81227,602,121182,302,58872,300,62310,183,35906,114,16989,69,18917
Netvue (US1) ,228600,714,131085,374,64680,340,66405,601,121116,301,58806,300,62310,113,9969,73,5874,40,4095
Netvue (US1) ,230400,781,151834,414,76043,367,75791,604,121314,304,59004,300,62310,177,30520,110,17039,67,13481
Netvue (US1) ,232200,739,139928,389,66364,350,73564,601,121116,301,58806,300,62310,138,18812,88,7558,50,11254
Netvue (US1) ,234000,760,148327,402,74326,358,74001,602,121182,302,58872,300,62310,158,27145,100,15454,58,11691
Netvue (US1) ,235800,736,139741,387,66242,349,73499,600,121050,300,58740,300,62310,136,18691,87,7502,49,11189
Netvue (US1) ,237600,762,148403,403,74348,359,74055,603,121248,303,58938,300,62310,159,27155,100,15410,59,11745
Netvue (US1) ,239400,739,139939,390,66440,349,73499,603,121248,303,58938,300,62310,136,18691,87,7502,49,11189
Netvue (US1) ,241200,759,148148,400,74093,359,74055,600,121050,300,58740,300,62310,159,27098,100,15353,59,11745
Netvue (US1) ,243000,742,140157,390,66430,352,73727,600,121050,300,58740,300,62310,142,19107,90,7690,52,11417
Netvue (US1) ,244800,755,147975,399,74137,356,73838,601,121116,301,58806,300,62310,154,26859,98,15331,56,11528
Netvue (US1) ,246600,745,140356,392,66562,353,73794,602,121182,302,58872,300,62310,143,19174,90,7690,53,11484
Netvue (US1) ,248400,756,147998,399,74106,357,73892,601,121116,301,58806,300,62310,155,26882,98,15300,57,11582
Netvue (US1) ,250200,742,140168,391,66506,351,73662,602,121182,302,58872,300,62310,140,18986,89,7634,51,11352
Netvue (US1) ,252000,756,148042,399,74150,357,73892,601,121116,301,58806,300,62310,155,26926,98,15344,57,11582
Netvue (US1) ,253800,740,140036,389,66374,351,73662,600,121050,300,58740,300,62310,140,18986,89,7634,51,11352
Netvue (US1) ,255600,757,148147,400,74273,357,73874,601,121087,301,58806,300,62281,156,27060,99,15467,57,11593
Netvue (US1) ,257400,742,140138,391,66506,351,73632,602,121152,302,58872,300,62280,140,18986,89,7634,51,11352
Netvue (US1) ,259200,755,147845,399,74037,356,73808,601,121086,301,58806,300,62280,154,26759,98,15231,56,11528
Netvue (US1) ,261000,741,140072,390,66440,351,73632,601,121086,301,58806,300,62280,140,18986,89,7634,51,11352
Netvue (US1) ,262800,759,148041,401,74114,358,73927,602,121152,302,58872,300,62280,157,26889,99,15242,58,11647
Netvue (US1) ,264600,741,140072,390,66440,351,73632,601,121086,301,58806,300,62280,140,18986,89,7634,51,11352
Netvue (US1) ,266400,761,148273,401,74225,360,74048,602,121152,302,58872,300,62280,159,27121,99,15353,60,11768
Netvue (US1) ,268200,741,140072,390,66440,351,73632,601,121086,301,58806,300,62280,140,18986,89,7634,51,11352
Netvue (US1) ,270000,758,148099,399,74094,359,74005,600,121020,300,58740,300,62280,158,27079,99,15354,59,11725
Netvue (US1) ,271800,741,140072,390,66440,351,73632,601,121086,301,58806,300,62280,140,18986,89,7634,51,11352
Netvue (US1) ,273600,760,147999,401,74029,359,73970,603,121218,303,58938,300,62280,157,26781,98,15091,59,11690
Netvue (US1) ,275400,741,140072,390,66440,351,73632,601,121086,301,58806,300,62280,140,18986,89,7634,51,11352
Netvue (US1) ,277200,756,148107,400,74299,356,73808,602,121152,302,58872,300,62280,154,26955,98,15427,56,11528
Netvue (US1) ,279000,742,140138,389,66374,353,73764,600,121020,300,58740,300,62280,142,19118,89,7634,53,11484
Netvue (US1) ,280800,756,147812,399,73950,357,73862,601,121086,301,58806,300,62280,155,26726,98,15144,57,11582
Netvue (US1) ,282600,741,140072,390,66440,351,73632,601,121086,301,58806,300,62280,140,18986,89,7634,51,11352
Netvue (US1) ,284400,778,156457,412,75489,366,80968,600,121020,300,58740,300,62280,178,35437,112,16749,66,18688
Netvue (US1) ,286200,716,131218,375,64746,341,66472,600,121020,300,58740,300,62280,116,10198,75,6006,41,4192
Netvue (US1) ,288000,781,156765,415,75797,366,80968,603,121218,303,58938,300,62280,178,35547,112,16859,66,18688
Netvue (US1) ,289800,718,131339,376,64802,342,66537,600,121020,300,58740,300,62280,118,10319,76,6062,42,4257
Netvue (US1) ,291600,826,173190,441,79547,385,93643,600,121020,300,58740,300,62280,226,52170,141,20807,85,31363
Netvue (US1) ,293400,745,139511,392,66537,353,72974,602,121152,302,58872,300,62280,143,18359,90,7665,53,10694
Netvue (US1) ,295200,784,157731,415,76546,369,81185,600,121020,300,58740,300,62280,184,36711,115,17806,69,18905
Netvue (US1) ,297000,736,138897,387,66217,349,72680,600,121020,300,58740,300,62280,136,17877,87,7477,49,10400
Netvue (US1) ,298800,810,166147,429,78471,381,87676,600,121020,300,58740,300,62280,210,45127,129,19731,81,25396
Netvue (US1) ,300600,736,138897,387,66217,349,72680,600,121020,300,58740,300,62280,136,17877,87,7477,49,10400
Netvue (US1) ,302400,785,157856,415,76606,370,81250,600,121020,300,58740,300,62280,185,36836,115,17866,70,18970
Netvue (US1) ,304200,761,146937,402,67886,359,79051,601,121086,301,58806,300,62280,160,25851,101,9080,59,16771
Netvue (US1) ,306000,785,157676,415,76413,370,81263,601,121086,301,58806,300,62280,184,36590,114,17607,70,18983
Netvue (US1) ,307800,713,130989,374,64680,339,66309,601,121086,301,58806,300,62280,112,9903,73,5874,39,4029
Netvue (US1) ,309600,778,151335,411,75585,367,75750,600,121020,300,58740,300,62280,178,30315,111,16845,67,13470
Netvue (US1) ,311400,718,131297,377,64858,341,66439,602,121152,302,58872,300,62280,116,10145,75,5986,41,4159
Netvue (US1) ,313200,783,157807,414,76622,369,81185,600,121020,300,58740,300,62280,183,36787,114,17882,69,18905
Netvue (US1) ,315000,712,130923,373,64614,339,66309,600,121020,300,58740,300,62280,112,9903,73,5874,39,4029
Netvue (US1) ,316800,783,157017,415,75886,368,81131,600,121020,300,58740,300,62280,183,35997,115,17146,68,18851
Netvue (US1) ,318600,712,130923,373,64614,339,66309,600,121020,300,58740,300,62280,112,9903,73,5874,39,4029
Netvue (US1) ,320400,787,157195,418,76010,369,81185,604,121284,304,59004,300,62280,183,35911,114,17006,69,18905
Netvue (US1) ,322200,716,131176,376,64802,340,66374,602,121152,302,58872,300,62280,114,10024,74,5930,40,4094
Netvue (US1) ,324000,785,156954,415,75715,370,81239,600,121020,300,58740,300,62280,185,35934,115,16975,70,18959
Netvue (US1) ,325800,713,130979,374,64670,339,66309,600,121020,300,58740,300,62280,113,9959,74,5930,39,4029
Netvue (US1) ,327600,778,151211,411,75437,367,75774,601,121086,301,58806,300,62280,177,30125,110,16631,67,13494
Netvue (US1) ,329400,694,127011,365,62778,329,64233,581,117052,291,56848,290,60204,113,9959,74,5930,39,4029
Netvue (US1) ,331200,784,156944,415,75759,369,81185,601,121086,301,58806,300,62280,183,35858,114,16953,69,18905
Netvue (US1) ,333000,715,131110,375,64736,340,66374,601,121086,301,58806,300,62280,114,10024,74,5930,40,4094
Netvue (US1) ,334800,783,157213,414,76028,369,81185,600,121020,300,58740,300,62280,183,36193,114,17288,69,18905
Netvue (US1) ,336600,713,130989,374,64680,339,66309,601,121086,301,58806,300,62280,112,9903,73,5874,39,4029
Netvue (US1) ,338400,786,157008,416,75758,370,81250,600,121020,300,58740,300,62280,186,35988,116,17018,70,18970
Netvue (US1) ,340200,729,133883,383,65903,346,67980,601,121086,301,58806,300,62280,128,12797,82,7097,46,5700
Netvue (US1) ,342000,758,148183,399,74158,359,74025,600,121020,300,58740,300,62280,158,27163,99,15418,59,11745
Netvue (US1) ,343800,737,139777,388,66308,349,73469,601,121086,301,58806,300,62280,136,18691,87,7502,49,11189
Netvue (US1) ,345600,759,148046,400,74050,359,73996,600,120991,300,58740,300,62251,159,27055,100,15310,59,11745
Netvue (US1) ,347400,743,140174,390,66440,353,73734,601,121056,301,58806,300,62250,142,19118,89,7634,53,11484
Netvue (US1) ,349200,759,148232,402,74389,357,73843,603,121188,303,58938,300,62250,156,27044,99,15451,57,11593
Netvue (US1) ,351000,740,139976,389,66374,351,73602,600,120990,300,58740,300,62250,140,18986,89,7634,51,11352
Netvue (US1) ,352800,759,148455,401,74558,358,73897,602,121122,302,58872,300,62250,157,27333,99,15686,58,11647
Netvue (US1) ,354600,761,141967,401,67622,360,74345,600,120864,300,59000,300,61864,161,21103,101,8622,60,12481
Netvue (US1) ,356400,756,148453,398,74507,358,73946,601,121116,301,58806,300,62310,155,27337,97,15701,58,11636
Netvue (US1) ,358200,744,140288,391,66506,353,73782,602,121182,302,58872,300,62310,142,19106,89,7634,53,11472
Netvue (US1) ,360000,760,148288,402,74319,358,73969,603,121272,303,58962,300,62310,157,27016,99,15357,58,11659
Netvue (US1) ,361800,741,140102,390,66440,351,73662,601,121116,301,58806,300,62310,140,18986,89,7634,51,11352
Netvue (US1) ,363600,756,147982,399,74078,357,73904,601,121116,301,58806,300,62310,155,26866,98,15272,57,11594
Netvue (US1) ,365400,736,134406,388,66233,348,68173,604,121314,304,59004,300,62310,132,13092,84,7229,48,5863
Netvue (US1) ,367200,756,147847,399,73955,357,73892,601,121116,301,58806,300,62310,155,26731,98,15149,57,11582
Netvue (US1) ,369000,740,140036,389,66374,351,73662,600,121050,300,58740,300,62310,140,18986,89,7634,51,11352
Netvue (US1) ,370800,753,147550,396,73677,357,73873,600,121050,300,58740,300,62310,153,26500,96,14937,57,11563
Netvue (US1) ,372600,742,140168,390,66440,352,73728,601,121116,301,58806,300,62310,141,19052,89,7634,52,11418
Netvue (US1) ,374400,760,148501,401,74466,359,74035,602,121182,302,58872,300,62310,158,27319,99,15594,59,11725
Netvue (US1) ,376200,743,140234,390,66440,353,73794,601,121116,301,58806,300,62310,142,19118,89,7634,53,11484
Netvue (US1) ,378000,783,156371,414,75965,369,80406,600,121050,300,58740,300,62310,183,35321,114,17225,69,18096
Netvue (US1) ,379800,741,140102,390,66440,351,73662,601,121116,301,58806,300,62310,140,18986,89,7634,51,11352
Netvue (US1) ,381600,782,156927,414,76610,368,80317,602,121182,302,58872,300,62310,180,35745,112,17738,68,18007
Netvue (US1) ,383400,760,142369,399,67628,361,74741,600,121050,300,58740,300,62310,160,21319,99,8888,61,12431
Netvue (US1) ,385200,757,148788,399,74842,358,73946,601,121116,301,58806,300,62310,156,27672,98,16036,58,11636
Netvue (US1) ,387000,767,148196,406,68163,361,80033,603,121236,303,58926,300,62310,164,26960,103,9237,61,17723
Netvue (US1) ,388800,782,157015,415,76752,367,80263,603,121260,303,58950,300,62310,179,35755,112,17802,67,17953
Netvue (US1) ,390600,737,134441,388,66203,349,68238,601,121116,301,58806,300,62310,136,13325,87,7397,49,5928
Netvue (US1) ,392400,780,157296,413,76244,367,81052,601,121116,301,58806,300,62310,179,36180,112,17438,67,18742
Netvue (US1) ,394200,718,131380,377,64878,341,66502,602,121182,302,58872,300,62310,116,10198,75,6006,41,4192
Netvue (US1) ,396000,780,156576,412,75470,368,81106,600,121050,300,58740,300,62310,180,35526,112,16730,68,18796
Netvue (US1) ,397800,716,131248,375,64746,341,66502,600,121050,300,58740,300,62310,116,10198,75,6006,41,4192
Netvue (US1) ,399600,783,157042,415,75881,368,81161,601,121116,301,58806,300,62310,182,35926,114,17075,68,18851
Netvue (US1) ,401400,861,181973,456,74364,405,107609,640,131034,317,59512,323,71522,221,50939,139,14852,82,36087
Netvue (US1) ,403200,879,188254,466,75565,413,112689,619,128257,303,58440,316,69817,260,59997,163,17125,97,42872
Netvue (US1) ,405000,720,131462,380,65062,340,66400,600,121050,300,58740,300,62310,120,10412,80,6322,40,4090
Netvue (US1) ,406800,806,169855,433,88426,373,81429,602,121182,302,58872,300,62310,204,48673,131,29554,73,19119
Netvue (US1) ,408600,712,130949,373,64612,339,66337,600,121050,300,58740,300,62310,112,9899,73,5872,39,4027
Netvue (US1) ,410400,786,157282,416,76006,370,81276,602,121182,302,58872,300,62310,184,36100,114,17134,70,18966
Netvue (US1) ,412200,712,130949,373,64612,339,66337,600,121050,300,58740,300,62310,112,9899,73,5872,39,4027
Netvue (US1) ,414000,783,156882,414,75668,369,81214,600,121050,300,58740,300,62310,183,35832,114,16928,69,18904
Netvue (US1) ,415800,714,131072,375,64734,339,66338,601,121116,301,58806,300,62310,113,9956,74,5928,39,4028
Netvue (US1) ,417600,764,153164,406,74081,358,79083,582,117147,292,56914,290,60233,182,36017,114,17167,68,18850
Netvue (US1) ,419400,714,131095,375,64757,339,66338,602,121194,302,58884,300,62310,112,9901,73,5873,39,4028
Netvue (US1) ,421200,783,156684,415,75524,368,81160,601,121116,301,58806,300,62310,182,35568,114,16718,68,18850
Netvue (US1) ,423000,713,131017,374,64679,339,66338,601,121116,301,58806,300,62310,112,9901,73,5873,39,4028
Netvue (US1) ,424800,787,157707,416,76117,371,81590,602,121182,302,58872,300,62310,185,36525,114,17245,71,19280
Netvue (US1) ,426600,717,131256,377,64854,340,66402,603,121236,303,58926,300,62310,114,10020,74,5928,40,4092
Netvue (US1) ,428400,782,157156,414,75996,368,81160,600,121050,300,58740,300,62310,182,36106,114,17256,68,18850
Netvue (US1) ,430200,715,131136,375,64734,340,66402,601,121116,301,58806,300,62310,114,10020,74,5928,40,4092
Netvue (US1) ,432000,785,156973,414,75627,371,81346,600,121050,300,58740,300,62310,185,35923,114,16887,71,19036
Netvue (US1) ,433800,712,130951,373,64613,339,66338,600,121050,300,58740,300,62310,112,9901,73,5873,39,4028
Netvue (US1) ,435600,783,157028,415,75868,368,81160,601,121116,301,58806,300,62310,182,35912,114,17062,68,18850
Netvue (US1) ,437400,744,140241,393,66615,351,73626,604,121314,304,59004,300,62310,140,18927,89,7611,51,11316
Netvue (US1) ,439200,759,148445,401,74445,358,74000,601,121116,301,58806,300,62310,158,27329,100,15639,58,11690
Netvue (US1) ,441000,738,139883,387,66241,351,73642,600,121050,300,58740,300,62310,138,18833,87,7501,51,11332
Netvue (US1) ,442800,760,148362,401,74298,359,74064,600,121050,300,58740,300,62310,160,27312,101,15558,59,11754
Netvue (US1) ,444600,737,139817,388,66307,349,73510,601,121116,301,58806,300,62310,136,18701,87,7501,49,11200
Netvue (US1) ,446400,763,148534,403,74426,360,74108,603,121248,303,58938,300,62310,160,27286,100,15488,60,11798
Netvue (US1) ,448200,741,140112,390,66439,351,73673,601,121116,301,58806,300,62310,140,18996,89,7633,51,11363
Netvue (US1) ,450000,762,148315,400,74096,362,74219,601,121116,301,58806,300,62310,161,27199,99,15290,62,11909
Netvue (US1) ,451800,742,140178,391,66505,351,73673,602,121182,302,58872,300,62310,140,18996,89,7633,51,11363
Netvue (US1) ,453600,757,148019,399,74050,358,73969,601,121116,301,58806,300,62310,156,26903,98,15244,58,11659
Netvue (US1) ,455400,741,140112,390,66439,351,73673,601,121116,301,58806,300,62310,140,18996,89,7633,51,11363
Netvue (US1) ,457200,758,148041,399,74020,359,74021,600,121050,300,58740,300,62310,158,26991,99,15280,59,11711
Netvue (US1) ,459000,742,140178,391,66505,351,73673,602,121182,302,58872,300,62310,140,18996,89,7633,51,11363
Netvue (US1) ,460800,758,148049,402,74212,356,73837,604,121314,304,59004,300,62310,154,26735,98,15208,56,11527
Netvue (US1) ,462600,741,140101,391,66494,350,73607,601,121116,301,58806,300,62310,140,18985,90,7688,50,11297
Netvue (US1) ,464400,761,149075,401,75012,360,74063,602,121182,302,58872,300,62310,159,27893,99,16140,60,11753
Netvue (US1) ,466200,766,148139,406,68163,360,79976,602,121182,302,58872,300,62310,164,26957,104,9291,60,17666
Netvue (US1) ,468000,785,157022,414,76496,371,80526,601,121116,301,58806,300,62310,184,35906,113,17690,71,18216
Netvue (US1) ,469800,767,148218,404,68042,363,80176,601,121116,301,58806,300,62310,166,27102,103,9236,63,17866
Netvue (US1) ,471600,784,157305,414,76847,370,80458,600,121050,300,58740,300,62310,184,36255,114,18107,70,18148
Netvue (US1) ,473400,765,148086,404,68042,361,80044,601,121116,301,58806,300,62310,164,26970,103,9236,61,17734
Netvue (US1) ,475200,782,156748,416,76564,366,80184,601,121116,301,58806,300,62310,181,35632,115,17758,66,17874
Netvue (US1) ,477000,765,148086,404,68042,361,80044,601,121116,301,58806,300,62310,164,26970,103,9236,61,17734
Netvue (US1) ,478800,755,148761,398,74870,357,73891,600,121050,300,58740,300,62310,155,27711,98,16130,57,11581
Netvue (US1) ,480600,743,140220,391,66483,352,73737,600,121050,300,58740,300,62310,143,19170,91,7743,52,11427
Netvue (US1) ,482400,755,147832,399,73995,356,73837,601,121116,301,58806,300,62310,154,26716,98,15189,56,11527
Netvue (US1) ,484200,737,134469,388,66221,349,68248,603,121248,303,58938,300,62310,134,13221,85,7283,49,5938
Netvue (US1) ,486000,758,148297,400,74342,358,73955,601,121116,301,58806,300,62310,157,27181,99,15536,58,11645
Netvue (US1) ,487800,740,140046,389,66373,351,73673,600,121050,300,58740,300,62310,140,18996,89,7633,51,11363
Netvue (US1) ,489600,776,151855,410,75495,366,76360,601,121116,301,58806,300,62310,175,30739,109,16689,66,14050
Netvue (US1) ,491400,716,131246,375,64745,341,66501,600,121050,300,58740,300,62310,116,10196,75,6005,41,4191
Netvue (US1) ,493200,779,157103,413,76094,366,81009,601,121116,301,58806,300,62310,178,35987,112,17288,66,18699
Netvue (US1) ,495000,720,131497,378,64932,342,66565,602,121182,302,58872,300,62310,118,10315,76,6060,42,4255
Netvue (US1) ,496800,759,152881,402,73895,357,78986,580,117015,290,56782,290,60233,179,35866,112,17113,67,18753
Netvue (US1) ,498600,716,131246,375,64745,341,66501,600,121050,300,58740,300,62310,116,10196,75,6005,41,4191
Netvue (US1) ,500400,784,156975,416,75805,368,81170,601,121116,301,58806,300,62310,183,35859,115,16999,68,18860
Netvue (US1) ,502200,713,131017,374,64679,339,66338,601,121116,301,58806,300,62310,112,9901,73,5873,39,4028
Netvue (US1) ,504000,788,157528,419,76301,369,81227,604,121314,304,59004,300,62310,184,36214,115,17297,69,18917
Netvue (US1) ,505800,717,131273,376,64802,341,66471,602,121182,302,58872,300,62310,115,10091,74,5930,41,4161
Netvue (US1) ,507600,787,157540,416,76170,371,81370,601,121116,301,58806,300,62310,186,36424,115,17364,71,19060
Netvue (US1) ,509400,801,158981,420,72392,381,86589,601,121116,301,58806,300,62310,200,37865,119,13586,81,24279
Netvue (US1) ,511200,788,161907,416,79845,372,82062,602,121182,302,58872,300,62310,186,40725,114,20973,72,19752
Netvue (US1) ,513000,720,133392,375,65946,345,67446,600,121050,300,58740,300,62310,120,12342,75,7206,45,5136
Netvue (US1) ,514800,776,153329,410,76982,366,76347,601,121116,301,58806,300,62310,175,32213,109,18176,66,14037
Netvue (US1) ,516600,719,133235,377,66068,342,67167,601,121116,301,58806,300,62310,118,12119,76,7262,42,4857
Netvue (US1) ,518400,784,158866,415,77039,369,81827,601,121116,301,58806,300,62310,183,37750,114,18233,69,19517
Netvue (US1) ,520200,712,132753,373,65814,339,66939,600,121050,300,58740,300,62310,112,11703,73,7074,39,4629
Netvue (US1) ,522000,786,159121,415,77122,371,81999,601,121116,301,58806,300,62310,185,38005,114,18316,71,19689
Netvue (US1) ,523800,715,132940,375,65936,340,67004,601,121116,301,58806,300,62310,114,11824,74,7130,40,4694
Netvue (US1) ,525600,785,158931,416,77104,369,81827,602,121182,302,58872,300,62310,183,37749,114,18232,69,19517
Netvue (US1) ,527400,713,132819,374,65880,339,66939,601,121116,301,58806,300,62310,112,11703,73,7074,39,4629
Netvue (US1) ,529200,785,159127,416,77300,369,81827,602,121182,302,58872,300,62310,183,37945,114,18428,69,19517
Netvue (US1) ,531000,715,132991,374,65880,341,67111,601,121116,301,58806,300,62310,114,11875,73,7074,41,4801
Netvue (US1) ,532800,787,159845,416,77846,371,81999,600,121050,300,58740,300,62310,187,38795,116,19106,71,19689
Netvue (US1) ,534600,714,132874,374,65870,340,67004,600,121050,300,58740,300,62310,114,11824,74,7130,40,4694
Netvue (US1) ,536400,790,159969,416,77499,374,82470,601,121116,301,58806,300,62310,189,38853,115,18693,74,20160
Netvue (US1) ,538200,715,132940,375,65936,340,67004,601,121116,301,58806,300,62310,114,11824,74,7130,40,4694
Netvue (US1) ,540000,783,158833,414,76942,369,81891,600,121050,300,58740,300,62310,183,37783,114,18202,69,19581
Netvue (US1) ,541800,714,132925,373,65814,341,67111,600,121050,300,58740,300,62310,114,11875,73,7074,41,4801
Netvue (US1) ,543600,786,159221,415,77222,371,81999,601,121116,301,58806,300,62310,185,38105,114,18416,71,19689
Netvue (US1) ,545400,715,132940,375,65936,340,67004,601,121116,301,58806,300,62310,114,11824,74,7130,40,4694
Netvue (US1) ,547200,785,159017,416,77179,369,81838,601,121116,301,58806,300,62310,184,37901,115,18373,69,19528
Netvue (US1) ,549000,717,133103,376,65992,341,67111,601,121116,301,58806,300,62310,116,11987,75,7186,41,4801
Netvue (US1) ,550800,782,159251,414,77478,368,81773,600,121050,300,58740,300,62310,182,38201,114,18738,68,19463
Netvue (US1) ,552600,736,140739,388,67483,348,73256,601,121116,301,58806,300,62310,135,19623,87,8677,48,10946
Netvue (US1) ,554400,811,168071,431,79808,380,88263,601,121116,301,58806,300,62310,210,46955,130,21002,80,25953
Netvue (US1) ,556200,736,140727,387,67417,349,73310,600,121050,300,58740,300,62310,136,19677,87,8677,49,11000
Netvue (US1) ,558000,836,176203,445,81474,391,94729,602,121182,302,58872,300,62310,234,55021,143,22602,91,32419
Netvue (US1) ,559800,737,140793,388,67483,349,73310,601,121116,301,58806,300,62310,136,19677,87,8677,49,11000
Netvue (US1) ,561600,809,167756,429,79504,380,88252,601,121116,301,58806,300,62310,208,46640,128,20698,80,25942
Netvue (US1) ,563400,736,141553,387,67442,349,74111,600,121050,300,58740,300,62310,136,20503,87,8702,49,11801
Netvue (US1) ,565200,761,150638,403,76037,358,74601,603,121248,303,58938,300,62310,158,29390,100,17099,58,12291
Netvue (US1) ,567000,737,141619,388,67508,349,74111,601,121116,301,58806,300,62310,136,20503,87,8702,49,11801
Netvue (US1) ,568800,762,150306,403,75640,359,74666,601,121116,301,58806,300,62310,161,29190,102,16834,59,12356
Netvue (US1) ,570600,743,142035,391,67696,352,74339,601,121116,301,58806,300,62310,142,20919,90,8890,52,12029
Netvue (US1) ,572400,755,149586,398,75094,357,74492,600,121050,300,58740,300,62310,155,28536,98,16354,57,12182
Netvue (US1) ,574200,742,141980,391,67706,351,74274,602,121182,302,58872,300,62310,140,20798,89,8834,51,11964
Netvue (US1) ,576000,762,151248,402,75857,360,75391,601,121116,301,58806,300,62310,161,30132,101,17051,60,13081
Netvue (US1) ,577800,738,136399,386,67291,352,69108,601,121116,301,58806,300,62310,137,15283,85,8485,52,6798
Netvue (US1) ,579600,758,150175,401,75651,357,74524,602,121182,302,58872,300,62310,156,28993,99,16779,57,12214
Netvue (US1) ,581400,744,142142,391,67696,353,74446,601,121116,301,58806,300,62310,143,21026,90,8890,53,12136
Netvue (US1) ,583200,756,149899,400,75461,356,74438,601,121116,301,58806,300,62310,155,28783,99,16655,56,12128
Netvue (US1) ,585000,744,142101,392,67762,352,74339,602,121182,302,58872,300,62310,142,20919,90,8890,52,12029
Netvue (US1) ,586800,758,150009,401,75517,357,74492,603,121248,303,58938,300,62310,155,28761,98,16579,57,12182
Netvue (US1) ,588600,742,141980,391,67706,351,74274,602,121182,302,58872,300,62310,140,20798,89,8834,51,11964
Netvue (US1) ,590400,761,150244,400,75461,361,74783,601,121116,301,58806,300,62310,160,29128,99,16655,61,12473
Netvue (US1) ,592200,742,141969,390,67630,352,74339,600,121050,300,58740,300,62310,142,20919,90,8890,52,12029
Netvue (US1) ,594000,754,149748,398,75310,356,74438,600,121050,300,58740,300,62310,154,28698,98,16570,56,12128
Netvue (US1) ,595800,743,142086,390,67640,353,74446,601,121116,301,58806,300,62310,142,20970,89,8834,53,12136
Netvue (US1) ,597600,757,150018,400,75515,357,74503,601,121116,301,58806,300,62310,156,28902,99,16709,57,12193
Netvue (US1) ,599400,742,142020,389,67574,353,74446,600,121050,300,58740,300,62310,142,20970,89,8834,53,12136
Netvue (US1) ,601200,757,149962,400,75470,357,74492,602,121182,302,58872,300,62310,155,28780,98,16598,57,12182
Netvue (US1) ,603000,712,131919,374,65211,338,66708,580,117015,290,56782,290,60233,132,14904,84,8429,48,6475
Netvue (US1) ,604800,756,150225,399,75501,357,74724,601,121116,301,58806,300,62310,155,29109,98,16695,57,12414
Netvue (US1) ,606600,740,141848,389,67574,351,74274,600,121050,300,58740,300,62310,140,20798,89,8834,51,11964
Netvue (US1) ,608400,756,149760,399,75268,357,74492,601,121116,301,58806,300,62310,155,28644,98,16462,57,12182
Netvue (US1) ,610200,736,136197,387,67347,349,68850,601,121116,301,58806,300,62310,135,15081,86,8541,49,6540
Netvue (US1) ,612000,761,150040,399,75214,362,74826,600,121050,300,58740,300,62310,161,28990,99,16474,62,12516
Netvue (US1) ,613800,742,142020,389,67574,353,74446,600,121050,300,58740,300,62310,142,20970,89,8834,53,12136
Netvue (US1) ,615600,775,153153,411,76967,364,76186,601,121116,301,58806,300,62310,174,32037,110,18161,64,13876
Netvue (US1) ,617400,717,133114,376,66012,341,67102,601,121116,301,58806,300,62310,116,11998,75,7206,41,4792
Netvue (US1) ,619200,780,158807,414,77197,366,81610,601,121116,301,58806,300,62310,179,37691,113,18391,66,19300
Netvue (US1) ,621000,718,133169,376,66002,342,67167,600,121050,300,58740,300,62310,118,12119,76,7262,42,4857
Netvue (US1) ,622800,783,159116,414,77280,369,81836,602,121182,302,58872,300,62310,181,37934,112,18408,69,19526
Netvue (US1) ,624600,719,133235,377,66068,342,67167,601,121116,301,58806,300,62310,118,12119,76,7262,42,4857
Netvue (US1) ,626400,773,152916,406,76460,367,76456,601,121116,301,58806,300,62310,172,31800,105,17654,67,14146
Netvue (US1) ,628200,714,132874,374,65870,340,67004,600,121050,300,58740,300,62310,114,11824,74,7130,40,4694
Netvue (US1) ,630000,789,159224,417,77235,372,81989,603,121248,303,58938,300,62310,186,37976,114,18297,72,19679
Netvue (US1) ,631800,712,132753,373,65814,339,66939,600,121050,300,58740,300,62310,112,11703,73,7074,39,4629
Netvue (US1) ,633600,778,153069,412,76720,366,76349,601,121116,301,58806,300,62310,177,31953,111,17914,66,14039
Netvue (US1) ,635400,714,132885,375,65946,339,66939,602,121182,302,58872,300,62310,112,11703,73,7074,39,4629
Netvue (US1) ,637200,810,168395,431,80221,379,88174,602,121182,302,58872,300,62310,208,47213,129,21349,79,25864
Netvue (US1) ,639000,738,140859,389,67549,349,73310,602,121182,302,58872,300,62310,136,19677,87,8677,49,11000
Netvue (US1) ,640800,816,168180,431,79519,385,88661,602,121182,302,58872,300,62310,214,46998,129,20647,85,26351
Netvue (US1) ,642600,734,140473,386,67280,348,73193,601,121116,301,58806,300,62310,133,19357,85,8474,48,10883
Netvue (US1) ,644400,785,160090,416,78263,369,81827,601,121116,301,58806,300,62310,184,38974,115,19457,69,19517
Netvue (US1) ,646200,740,140960,390,67585,350,73375,600,121050,300,58740,300,62310,140,19910,90,8845,50,11065
Netvue (US1) ,648000,788,160526,415,78152,373,82374,600,121050,300,58740,300,62310,188,39476,115,19412,73,20064
Netvue (US1) ,649800,737,140793,388,67483,349,73310,601,121116,301,58806,300,62310,136,19677,87,8677,49,11000
Netvue (US1) ,651600,787,159901,415,77848,372,82053,601,121116,301,58806,300,62310,186,38785,114,19042,72,19743
Netvue (US1) ,653400,714,132885,375,65946,339,66939,602,121182,302,58872,300,62310,112,11703,73,7074,39,4629
Netvue (US1) ,655200,775,153082,409,76744,366,76338,600,121050,300,58740,300,62310,175,32032,109,18004,66,14028
Netvue (US1) ,657000,713,132819,374,65880,339,66939,601,121116,301,58806,300,62310,112,11703,73,7074,39,4629
Netvue (US1) ,658800,786,158856,417,77018,369,81838,601,121116,301,58806,300,62310,185,37740,116,18212,69,19528
Netvue (US1) ,660600,714,132885,375,65946,339,66939,602,121182,302,58872,300,62310,112,11703,73,7074,39,4629
Netvue (US1) ,662400,788,159096,417,77109,371,81987,603,121248,303,58938,300,62310,185,37848,114,18171,71,19677
Netvue (US1) ,664200,715,132940,375,65936,340,67004,601,121116,301,58806,300,62310,114,11824,74,7130,40,4694
Netvue (US1) ,666000,779,153756,412,77342,367,76414,601,121116,301,58806,300,62310,178,32640,111,18536,67,14104
Netvue (US1) ,667800,740,141857,389,67574,351,74283,602,121182,302,58872,300,62310,138,20675,87,8702,51,11973
Netvue (US1) ,669600,762,150116,402,75343,360,74773,602,121182,302,58872,300,62310,160,28934,100,16471,60,12463
Netvue (US1) ,671400,739,141740,389,67564,350,74176,601,121116,301,58806,300,62310,138,20624,88,8758,50,11866
Netvue (US1) ,673200,758,149793,400,75192,358,74601,600,121050,300,58740,300,62310,158,28743,100,16452,58,12291
Netvue (US1) ,675000,738,141675,389,67564,349,74111,601,121116,301,58806,300,62310,137,20559,88,8758,49,11801
Netvue (US1) ,676800,699,137939,367,69320,332,68619,541,109011,271,52932,270,56079,158,28928,96,16388,62,12540
Netvue (US1) ,678600,893,194086,470,75631,423,118455,591,122218,290,53949,301,68269,302,71868,180,21682,122,50186
Netvue (US1) ,680400,796,185917,425,111269,371,74648,601,121116,301,58806,300,62310,195,64801,124,52463,71,12338
Netvue (US1) ,682200,740,140038,389,66364,351,73674,600,121050,300,58740,300,62310,140,18988,89,7624,51,11364
Netvue (US1) ,684000,770,148918,407,74623,363,74295,602,121182,302,58872,300,62310,168,27736,105,15751,63,11985
Netvue (US1) ,685800,740,140048,389,66374,351,73674,600,121050,300,58740,300,62310,140,18998,89,7634,51,11364
Netvue (US1) ,687600,782,157035,415,75971,367,81064,603,121248,303,58938,300,62310,179,35787,112,17033,67,18754
Netvue (US1) ,689400,719,131436,377,64868,342,66568,601,121116,301,58806,300,62310,118,10320,76,6062,42,4258
Netvue (US1) ,691200,786,158128,417,76303,369,81825,603,121248,303,58938,300,62310,183,36880,114,17365,69,19515
Netvue (US1) ,693000,716,131248,375,64746,341,66502,600,121050,300,58740,300,62310,116,10198,75,6006,41,4192
Netvue (US1) ,694800,784,157237,416,76108,368,81129,603,121248,303,58938,300,62310,181,35989,113,17170,68,18819
Netvue (US1) ,696600,716,131248,375,64746,341,66502,600,121050,300,58740,300,62310,116,10198,75,6006,41,4192
Netvue (US1) ,698400,784,157605,414,76068,370,81537,600,121050,300,58740,300,62310,184,36555,114,17328,70,19227
Netvue (US1) ,700200,713,131019,374,64680,339,66339,601,121116,301,58806,300,62310,112,9903,73,5874,39,4029
Netvue (US1) ,0,2128,455290,1007,102805,1121,352485,1957,412579,901,78097,1056,334482,171,42711,106,24708,65,18003
Netvue (US1) ,1800,1993,408918,934,80666,1059,328252,1897,400706,871,75590,1026,325116,96,8212,63,5076,33,3136
Netvue (US1) ,3600,2117,442623,998,93820,1119,348803,1964,414781,902,78271,1062,336510,153,27842,96,15549,57,12293
Netvue (US1) ,5400,1998,410957,933,80708,1065,330249,1904,402908,872,75764,1032,327144,94,8049,61,4944,33,3105
Netvue (US1) ,7200,2120,446293,1003,93978,1117,352315,1957,412579,901,78097,1056,334482,163,33714,102,15881,61,17833
Netvue (US1) ,9000,1991,408757,932,80535,1059,328222,1897,400706,871,75590,1026,325116,94,8051,61,4945,33,3106
Netvue (US1) ,10800,2128,444902,1001,93952,1127,350950,1971,416983,903,78445,1068,338538,157,27919,98,15507,59,12412
Netvue (US1) ,12600,2049,420498,962,83042,1087,337456,1957,412579,901,78097,1056,334482,92,7919,61,4945,31,2974
Netvue (US1) ,14400,2047,430094,971,91146,1076,338948,1883,396302,869,75242,1014,321060,164,33792,102,15904,62,17888
Netvue (US1) ,16200,2042,418296,961,82868,1081,335428,1950,410377,900,77923,1050,332454,92,7919,61,4945,31,2974
Netvue (US1) ,18000,2069,436772,975,91706,1094,345066,1904,402908,872,75764,1032,327144,165,33864,103,15942,62,17922
Netvue (US1) ,19800,2056,422700,963,83216,1093,339484,1964,414781,902,78271,1062,336510,92,7919,61,4945,31,2974
Netvue (US1) ,21600,2166,461326,1020,96504,1146,364822,1978,419185,904,78619,1074,340566,188,42141,116,17885,72,24256
Netvue (US1) ,23400,1991,408744,933,80590,1058,328154,1897,400706,871,75590,1026,325116,94,8038,62,5000,32,3038
Netvue (US1) ,25200,2151,457308,1018,96608,1133,360700,1964,414781,902,78271,1062,336510,187,42527,116,18337,71,24190
Netvue (US1) ,27000,1989,408625,932,80535,1057,328090,1897,400706,871,75590,1026,325116,92,7919,61,4945,31,2974
Netvue (US1) ,28800,2145,455261,1018,96589,1127,358672,1957,412579,901,78097,1056,334482,188,42682,117,18492,71,24190
Netvue (US1) ,30600,2042,418296,961,82868,1081,335428,1950,410377,900,77923,1050,332454,92,7919,61,4945,31,2974
Netvue (US1) ,32400,2076,440882,986,93658,1090,347224,1890,398504,870,75416,1020,323088,186,42378,116,18242,70,24136
Netvue (US1) ,34200,2044,418428,961,82868,1083,335560,1950,410377,900,77923,1050,332454,94,8051,61,4945,33,3106
Netvue (US1) ,36000,2054,432713,972,91737,1082,340976,1890,398504,870,75416,1020,323088,164,34209,102,16321,62,17888
Netvue (US1) ,37800,2065,425021,965,83445,1100,341576,1971,416983,903,78445,1068,338538,94,8038,62,5000,32,3038
Netvue (US1) ,39600,2067,436882,974,91928,1093,344954,1904,402908,872,75764,1032,327144,163,33974,102,16164,61,17810
Netvue (US1) ,41400,2056,422700,963,83216,1093,339484,1964,414781,902,78271,1062,336510,92,7919,61,4945,31,2974
Netvue (US1) ,43200,2112,443917,1002,93695,1110,350222,1950,410377,900,77923,1050,332454,162,33540,102,15772,60,17768
Netvue (US1) ,45000,2007,411614,942,81813,1065,329801,1897,400706,871,75590,1026,325116,110,10908,71,6223,39,4685
Netvue (US1) ,46800,2106,440007,990,92622,1116,347385,1964,414781,902,78271,1062,336510,142,25226,88,14351,54,10875
Netvue (US1) ,48600,1999,412982,944,81815,1055,331167,1883,396302,869,75242,1014,321060,116,16680,75,6573,41,10107
Netvue (US1) ,50400,2096,437506,989,92335,1107,345171,1957,412579,901,78097,1056,334482,139,24927,88,14238,51,10689
Netvue (US1) ,52200,2028,421969,949,82690,1079,339279,1912,405289,874,76117,1038,329172,116,16680,75,6573,41,10107
Netvue (US1) ,54000,2089,435077,988,91924,1101,343153,1949,410198,899,77744,1050,332454,140,24879,89,14180,51,10699
Netvue (US1) ,55800,2067,423544,972,84342,1095,339202,1957,412579,901,78097,1056,334482,110,10965,71,6245,39,4720
Netvue (US1) ,57600,1981,415735,929,87367,1052,328368,1844,391010,842,73232,1002,317778,137,24725,87,14135,50,10590
Netvue (US1) ,59400,2105,438362,982,85498,1123,352864,1985,421387,905,78793,1080,342594,120,16975,77,6705,43,10270
Netvue (US1) ,61200,2046,430038,959,90340,1087,339698,1911,405110,873,75938,1038,329172,135,24928,86,14402,49,10526
Netvue (US1) ,63000,2091,433958,980,85150,1111,348808,1971,416983,903,78445,1068,338538,120,16975,77,6705,43,10270
Netvue (US1) ,64800,2063,431214,973,90889,1090,340325,1928,406711,887,76912,1041,329799,135,24503,86,13977,49,10526
Netvue (US1) ,66600,2010,415479,947,82121,1063,333358,1890,398504,870,75416,1020,323088,120,16975,77,6705,43,10270
Netvue (US1) ,68400,2114,443854,990,92708,1124,351146,1978,419185,904,78619,1074,340566,136,24669,86,14089,50,10580
Netvue (US1) ,70200,2005,413396,947,82002,1058,331394,1883,396302,869,75242,1014,321060,122,17094,78,6760,44,10334
Netvue (US1) ,72000,2109,443262,991,93479,1118,349783,1971,416983,903,78445,1068,338538,138,26279,88,15034,50,11245
Netvue (US1) ,73800,2005,413790,947,82126,1058,331664,1885,396815,870,75421,1015,321394,120,16975,77,6705,43,10270
Netvue (US1) ,75600,2053,431540,959,90016,1094,341524,1916,406804,873,75938,1043,330866,137,24736,86,14078,51,10658
Netvue (US1) ,77400,2101,436345,983,85445,1118,350900,1979,419251,905,78685,1074,340566,122,17094,78,6760,44,10334
Netvue (US1) ,79200,1993,418516,935,88106,1058,330410,1857,393638,849,73832,1008,319806,136,24878,86,14274,50,10604
Netvue (US1) ,81000,2078,429608,979,84856,1099,344752,1958,412633,902,78151,1056,334482,120,16975,77,6705,43,10270
Netvue (US1) ,82800,2053,432068,961,90396,1092,341672,1919,407378,875,76178,1044,331200,134,24690,86,14218,48,10472
Netvue (US1) ,84600,2079,429673,979,84857,1100,344816,1957,412579,901,78097,1056,334482,122,17094,78,6760,44,10334
Netvue (US1) ,86400,2025,423220,956,89606,1069,333614,1890,398504,870,75416,1020,323088,135,24716,86,14190,49,10526
Netvue (US1) ,88200,2077,429554,978,84802,1099,344752,1957,412579,901,78097,1056,334482,120,16975,77,6705,43,10270
Netvue (US1) ,90000,2093,437407,988,92389,1105,345018,1957,412579,901,78097,1056,334482,136,24828,87,14292,49,10536
Netvue (US1) ,91800,2010,415479,947,82121,1063,333358,1890,398504,870,75416,1020,323088,120,16975,77,6705,43,10270
Netvue (US1) ,93600,2092,437077,987,92069,1105,345008,1957,412579,901,78097,1056,334482,135,24498,86,13972,49,10526
Netvue (US1) ,95400,2019,417813,948,82295,1071,335518,1897,400706,871,75590,1026,325116,122,17107,77,6705,45,10402
Netvue (US1) ,97200,2132,450635,1003,94306,1129,356329,1971,416983,903,78445,1068,338538,161,33652,100,15861,61,17791
Netvue (US1) ,99000,2071,425441,968,83635,1103,341806,1971,416983,903,78445,1068,338538,100,8458,65,5190,35,3268
Netvue (US1) ,100800,2052,432405,970,91495,1082,340910,1890,398504,870,75416,1020,323088,162,33901,100,16079,62,17822
Netvue (US1) ,102600,2081,429603,968,83871,1113,345732,1985,421387,905,78793,1080,342594,96,8216,63,5078,33,3138
Netvue (US1) ,104400,2057,435130,971,92300,1086,342830,1897,400706,871,75590,1026,325116,160,34424,100,16710,60,17714
Netvue (US1) ,106200,2046,418593,963,83001,1083,335592,1950,410377,900,77923,1050,332454,96,8216,63,5078,33,3138
Netvue (US1) ,108000,2100,448303,990,94058,1110,354245,1915,406303,874,76117,1041,330186,185,42000,116,17941,69,24059
Netvue (US1) ,109800,2045,419307,961,82864,1084,336443,1953,411386,900,77918,1053,333468,92,7921,61,4946,31,2975
Netvue (US1) ,111600,2155,457406,1018,96489,1137,360917,1964,414781,902,78271,1062,336510,191,42625,116,18218,75,24407
Netvue (US1) ,113400,2013,416598,946,82139,1067,334459,1897,400706,871,75590,1026,325116,116,15892,75,6549,41,9343
Netvue (US1) ,115200,2152,457269,1018,96526,1134,360743,1964,414781,902,78271,1062,336510,188,42488,116,18255,72,24233
Netvue (US1) ,117000,2043,425514,951,82889,1092,342625,1927,409622,876,76340,1051,333282,116,15892,75,6549,41,9343
Netvue (US1) ,118800,2150,457206,1018,96559,1132,360647,1964,414781,902,78271,1062,336510,186,42425,116,18288,70,24137
Netvue (US1) ,120600,2080,430673,977,84820,1103,345853,1964,414781,902,78271,1062,336510,116,15892,75,6549,41,9343
Netvue (US1) ,122400,2058,434810,972,91925,1086,342885,1897,400706,871,75590,1026,325116,161,34104,101,16335,60,17769
Netvue (US1) ,124200,2051,420621,963,83099,1088,337522,1957,412579,901,78097,1056,334482,94,8042,62,5002,32,3040
Netvue (US1) ,126000,2075,438952,975,91903,1100,347049,1911,405110,873,75938,1038,329172,164,33842,102,15965,62,17877
Netvue (US1) ,127800,2058,422834,963,83217,1095,339617,1964,414781,902,78271,1062,336510,94,8053,61,4946,33,3107
Netvue (US1) ,129600,2067,436778,974,91811,1093,344967,1904,402908,872,75764,1032,327144,163,33870,102,16047,61,17823
Netvue (US1) ,131400,2072,427227,966,83621,1106,343606,1978,419185,904,78619,1074,340566,94,8042,62,5002,32,3040
Netvue (US1) ,133200,2135,450659,1005,94244,1130,356415,1971,416983,903,78445,1068,338538,164,33676,102,15799,62,17877
Netvue (US1) ,135000,1989,408627,932,80536,1057,328091,1897,400706,871,75590,1026,325116,92,7921,61,4946,31,2975
Netvue (US1) ,136800,2128,448671,1004,94260,1124,354411,1964,414781,902,78271,1062,336510,164,33890,102,15989,62,17901
Netvue (US1) ,138600,1982,406425,931,80362,1051,326063,1890,398504,870,75416,1020,323088,92,7921,61,4946,31,2975
Netvue (US1) ,140400,2134,450624,1005,94263,1129,356361,1971,416983,903,78445,1068,338538,163,33641,102,15818,61,17823
Netvue (US1) ,142200,2050,420566,963,83109,1087,337457,1958,412645,902,78163,1056,334482,92,7921,61,4946,31,2975
Netvue (US1) ,144000,2063,434745,975,91730,1088,343015,1897,400706,871,75590,1026,325116,166,34039,104,16140,62,17899
Netvue (US1) ,145800,2056,422702,963,83217,1093,339485,1964,414781,902,78271,1062,336510,92,7921,61,4946,31,2975
Netvue (US1) ,147600,2061,434538,973,91521,1088,343017,1897,400706,871,75590,1026,325116,164,33832,102,15931,62,17901
Netvue (US1) ,149400,2067,427125,976,84563,1091,342562,1951,410443,901,77989,1050,332454,116,16682,75,6574,41,10108
Netvue (US1) ,151200,2095,437504,989,92386,1106,345118,1957,412579,901,78097,1056,334482,138,24925,88,14289,50,10636
Netvue (US1) ,153000,2029,421913,949,82568,1080,339345,1911,405110,873,75938,1038,329172,118,16803,76,6630,42,10173
Netvue (US1) ,154800,2125,446539,993,93201,1132,353338,1985,421357,905,78763,1080,342594,140,25182,88,14438,52,10744
Netvue (US1) ,156600,2029,421913,949,82568,1080,339345,1911,405110,873,75938,1038,329172,118,16803,76,6630,42,10173
Netvue (US1) ,158400,2099,438998,991,93118,1108,345880,1957,412579,901,78097,1056,334482,142,26419,90,15021,52,11398
Netvue (US1) ,160200,2094,434158,981,85217,1113,348941,1972,417049,904,78511,1068,338538,122,17109,77,6706,45,10403
Netvue (US1) ,162000,2018,420975,956,89442,1062,331533,1884,396368,870,75308,1014,321060,134,24607,86,14134,48,10473
Netvue (US1) ,163800,2105,438364,982,85499,1123,352865,1985,421387,905,78793,1080,342594,120,16977,77,6706,43,10271
Netvue (US1) ,165600,2031,425225,957,89636,1074,335589,1897,400706,871,75590,1026,325116,134,24519,86,14046,48,10473
Netvue (US1) ,167400,2109,438617,983,85555,1126,353062,1985,421387,905,78793,1080,342594,124,17230,78,6762,46,10468
Netvue (US1) ,169200,2046,430101,959,90402,1087,339699,1911,405110,873,75938,1038,329172,135,24991,86,14464,49,10527
Netvue (US1) ,171000,2070,427354,977,84629,1093,342725,1950,410377,900,77923,1050,332454,120,16977,77,6706,43,10271
Netvue (US1) ,172800,2113,443841,990,92748,1123,351093,1978,419185,904,78619,1074,340566,135,24656,86,14129,49,10527
Netvue (US1) ,174600,2010,415481,947,82122,1063,333359,1890,398504,870,75416,1020,323088,120,16977,77,6706,43,10271
Netvue (US1) ,176400,2062,434139,962,90319,1100,343820,1925,409489,875,76261,1050,333228,137,24650,87,14058,50,10592
Netvue (US1) ,178200,2008,415360,946,82066,1062,333294,1890,398504,870,75416,1020,323088,118,16856,76,6650,42,10206
Netvue (US1) ,180000,2111,442385,992,93179,1119,349206,1971,416983,903,78445,1068,338538,140,25402,89,14734,51,10668
Netvue (US1) ,181800,2091,433960,980,85151,1111,348809,1971,416983,903,78445,1068,338538,120,16977,77,6706,43,10271
Netvue (US1) ,183600,2033,425419,957,89722,1076,335697,1897,400706,871,75590,1026,325116,136,24713,86,14132,50,10581
Netvue (US1) ,185400,2078,425975,975,84626,1103,341349,1966,414889,903,78325,1063,336564,112,11086,72,6301,40,4785
Netvue (US1) ,187200,2025,423008,956,89393,1069,333615,1890,398504,870,75416,1020,323088,135,24504,86,13977,49,10527
Netvue (US1) ,189000,2100,436283,982,85381,1118,350902,1978,419185,904,78619,1074,340566,122,17098,78,6762,44,10336
Netvue (US1) ,190800,2123,446484,992,93244,1131,353240,1985,421387,905,78793,1080,342594,138,25097,87,14451,51,10646
Netvue (US1) ,192600,2009,411792,943,81891,1066,329901,1897,400706,871,75590,1026,325116,112,11086,72,6301,40,4785
Netvue (US1) ,194400,2098,439793,988,92810,1110,346983,1964,414781,902,78271,1062,336510,134,25012,86,14539,48,10473
Netvue (US1) ,196200,2079,438018,979,85906,1100,352112,1911,405110,873,75938,1038,329172,168,32908,106,9968,62,22940
Netvue (US1) ,198000,2115,445976,1001,94653,1114,351323,1957,412579,901,78097,1056,334482,158,33397,100,16556,58,16841
Netvue (US1) ,199800,2094,435325,991,86232,1103,349093,1950,410377,900,77923,1050,332454,144,24948,91,8309,53,16639
Netvue (US1) ,201600,2055,434880,971,92158,1084,342722,1897,400706,871,75590,1026,325116,158,34174,100,16568,58,17606
Netvue (US1) ,203400,2084,430968,979,84952,1105,346016,1964,414781,902,78271,1062,336510,120,16187,77,6681,43,9506
Netvue (US1) ,205200,2056,434861,971,92085,1085,342776,1897,400706,871,75590,1026,325116,159,34155,100,16495,59,17660
Netvue (US1) ,207000,2068,426359,976,84497,1092,341862,1950,410377,900,77923,1050,332454,118,15982,76,6574,42,9408
Netvue (US1) ,208800,2132,451830,1004,95578,1128,356252,1971,416983,903,78445,1068,338538,161,34847,101,17133,60,17714
Netvue (US1) ,210600,2007,413326,936,81016,1071,332310,1911,405110,873,75938,1038,329172,96,8216,63,5078,33,3138
Netvue (US1) ,212400,2119,446319,1003,94068,1116,352251,1957,412579,901,78097,1056,334482,162,33740,102,15971,60,17769
Netvue (US1) ,214200,1996,410829,933,80710,1063,330119,1904,402908,872,75764,1032,327144,92,7921,61,4946,31,2975
Netvue (US1) ,216000,2133,450613,1005,94306,1128,356307,1971,416983,903,78445,1068,338538,162,33630,102,15861,60,17769
Netvue (US1) ,217800,2060,422955,964,83273,1096,339682,1964,414781,902,78271,1062,336510,96,8174,62,5002,34,3172
Netvue (US1) ,219600,2069,436638,975,91606,1094,345032,1904,402908,872,75764,1032,327144,165,33730,103,15842,62,17888
Netvue (US1) ,221400,2049,420500,962,83043,1087,337457,1957,412579,901,78097,1056,334482,92,7921,61,4946,31,2975
Netvue (US1) ,223200,2127,448465,1004,94132,1123,354333,1964,414781,902,78271,1062,336510,163,33684,102,15861,61,17823
Netvue (US1) ,225000,1996,410829,933,80710,1063,330119,1904,402908,872,75764,1032,327144,92,7921,61,4946,31,2975
Netvue (US1) ,226800,2122,446455,1004,94096,1118,352359,1959,412687,902,78151,1057,334536,163,33768,102,15945,61,17823
Netvue (US1) ,228600,1996,410829,933,80710,1063,330119,1904,402908,872,75764,1032,327144,92,7921,61,4946,31,2975
Netvue (US1) ,230400,2133,450547,1005,94240,1128,356307,1971,416983,903,78445,1068,338538,162,33564,102,15795,60,17769
Netvue (US1) ,232200,2003,413031,934,80884,1069,332147,1911,405110,873,75938,1038,329172,92,7921,61,4946,31,2975
Netvue (US1) ,234000,2127,448563,1004,94230,1123,354333,1964,414781,902,78271,1062,336510,163,33782,102,15959,61,17823
Netvue (US1) ,235800,2051,420621,963,83099,1088,337522,1957,412579,901,78097,1056,334482,94,8042,62,5002,32,3040
Netvue (US1) ,237600,2067,436566,974,91599,1093,344967,1904,402908,872,75764,1032,327144,163,33658,102,15835,61,17823
Netvue (US1) ,239400,2056,422702,963,83217,1093,339485,1964,414781,902,78271,1062,336510,92,7921,61,4946,31,2975
Netvue (US1) ,241200,2056,432518,973,91488,1083,341030,1890,398504,870,75416,1020,323088,166,34014,103,16072,63,17942
Netvue (US1) ,243000,2070,427106,965,83565,1105,343541,1978,419185,904,78619,1074,340566,92,7921,61,4946,31,2975
Netvue (US1) ,244800,2046,432444,966,91387,1080,341057,1878,397238,861,74777,1017,322461,168,35206,105,16610,63,18596
Netvue (US1) ,246600,2005,414012,934,80931,1071,333081,1913,406091,873,75985,1040,330106,92,7921,61,4946,31,2975
Netvue (US1) ,248400,2051,433305,965,90851,1086,342454,1884,399374,861,74885,1023,324489,167,33931,104,15966,63,17965
Netvue (US1) ,250200,2052,420674,964,83163,1088,337511,1960,412753,903,78217,1057,334536,92,7921,61,4946,31,2975
Netvue (US1) ,252000,2135,450801,1005,94386,1130,356415,1971,416983,903,78445,1068,338538,164,33818,102,15941,62,17877
Netvue (US1) ,253800,2019,419524,947,82338,1072,337186,1904,402908,872,75764,1032,327144,115,16616,75,6574,40,10042
Netvue (US1) ,255600,2104,439943,990,92689,1114,347254,1964,414781,902,78271,1062,336510,140,25162,88,14418,52,10744
Netvue (US1) ,257400,2008,415318,945,81990,1063,333328,1890,398504,870,75416,1020,323088,118,16814,75,6574,43,10240
Netvue (US1) ,259200,2105,439908,991,92643,1114,347265,1964,414781,902,78271,1062,336510,141,25127,89,14372,52,10755
Netvue (US1) ,261000,2058,421168,970,84092,1088,337076,1950,410377,900,77923,1050,332454,108,10791,70,6169,38,4622
Netvue (US1) ,262800,2028,423160,958,89436,1070,333724,1890,398504,870,75416,1020,323088,138,24656,88,14020,50,10636
Netvue (US1) ,264600,2083,431692,979,84977,1104,346715,1964,414781,902,78271,1062,336510,119,16911,77,6706,42,10205
Netvue (US1) ,266400,2040,427425,959,89743,1081,337682,1904,402908,872,75764,1032,327144,136,24517,87,13979,49,10538
Netvue (US1) ,268200,2084,431758,979,84977,1105,346781,1964,414781,902,78271,1062,336510,120,16977,77,6706,43,10271
Netvue (US1) ,270000,2098,439714,986,92612,1112,347102,1964,414781,902,78271,1062,336510,134,24933,84,14341,50,10592
Netvue (US1) ,271800,2012,415614,948,82190,1064,333424,1890,398504,870,75416,1020,323088,122,17110,78,6774,44,10336
Netvue (US1) ,273600,2115,443910,991,92763,1124,351147,1980,419293,905,78673,1075,340620,135,24617,86,14090,49,10527
Netvue (US1) ,275400,2009,411792,943,81891,1066,329901,1897,400706,871,75590,1026,325116,112,11086,72,6301,40,4785
Netvue (US1) ,277200,2112,443897,990,92858,1122,351039,1978,419185,904,78619,1074,340566,134,24712,86,14239,48,10473
Netvue (US1) ,279000,2084,431758,979,84977,1105,346781,1964,414781,902,78271,1062,336510,120,16977,77,6706,43,10271
Netvue (US1) ,280800,2042,429481,969,91514,1073,337967,1883,396302,869,75242,1014,321060,159,33179,100,16272,59,16907
Netvue (US1) ,282600,2079,429677,979,84859,1100,344818,1957,412579,901,78097,1056,334482,122,17098,78,6762,44,10336
Netvue (US1) ,284400,2116,446046,1001,94669,1115,351377,1957,412579,901,78097,1056,334482,159,33467,100,16572,59,16895
Netvue (US1) ,286200,2042,423264,969,84749,1073,338515,1883,396302,869,75242,1014,321060,159,26962,100,9507,59,17455
Netvue (US1) ,288000,2102,440558,989,93402,1113,347156,1964,414781,902,78271,1062,336510,138,25777,87,15131,51,10646
Netvue (US1) ,289800,2041,425654,962,83899,1079,341755,1897,400706,871,75590,1026,325116,144,24948,91,8309,53,16639
Netvue (US1) ,291600,2115,444684,990,93459,1125,351225,1978,419185,904,78619,1074,340566,137,25499,86,14840,51,10659
Netvue (US1) ,293400,2076,437820,979,85906,1097,351914,1911,405110,873,75938,1038,329172,165,32710,106,9968,59,22742
Netvue (US1) ,295200,2099,440011,988,92974,1111,347037,1964,414781,902,78271,1062,336510,135,25230,86,14703,49,10527
Netvue (US1) ,297000,2091,433960,980,85151,1111,348809,1971,416983,903,78445,1068,338538,120,16977,77,6706,43,10271
Netvue (US1) ,298800,2038,425970,958,90046,1080,335924,1897,400706,871,75590,1026,325116,141,25264,87,14456,54,10808
Netvue (US1) ,300600,2098,436162,981,85325,1117,350837,1978,419185,904,78619,1074,340566,120,16977,77,6706,43,10271
Netvue (US1) ,302400,2012,418701,955,89142,1057,329559,1877,394166,869,75134,1008,319032,135,24535,86,14008,49,10527
Netvue (US1) ,304200,2077,429556,978,84803,1099,344753,1957,412579,901,78097,1056,334482,120,16977,77,6706,43,10271
Netvue (US1) ,306000,2093,437132,987,92069,1106,345063,1957,412579,901,78097,1056,334482,136,24553,86,13972,50,10581
Netvue (US1) ,307800,2025,419940,950,82526,1075,337414,1904,402908,872,75764,1032,327144,121,17032,78,6762,43,10270
Netvue (US1) ,309600,2152,457087,1007,94805,1145,362282,1993,423655,907,79033,1086,344622,159,33432,100,15772,59,17660
Netvue (US1) ,311400,1988,406828,934,80548,1054,326280,1892,398612,871,75470,1021,323142,96,8216,63,5078,33,3138
Netvue (US1) ,313200,2123,448727,1002,94557,1121,354170,1964,414781,902,78271,1062,336510,159,33946,100,16286,59,17660
Netvue (US1) ,315000,2046,418593,963,83001,1083,335592,1950,410377,900,77923,1050,332454,96,8216,63,5078,33,3138
Netvue (US1) ,316800,2049,430107,972,91105,1077,339002,1883,396302,869,75242,1014,321060,166,33805,103,15863,63,17942
Netvue (US1) ,318600,2049,420500,962,83043,1087,337457,1957,412579,901,78097,1056,334482,92,7921,61,4946,31,2975
Netvue (US1) ,320400,2113,444356,1002,94079,1111,350277,1950,410377,900,77923,1050,332454,163,33979,102,16156,61,17823
Netvue (US1) ,322200,1975,404223,930,80188,1045,324035,1883,396302,869,75242,1014,321060,92,7921,61,4946,31,2975
Netvue (US1) ,324000,2129,448652,1005,94254,1124,354398,1964,414781,902,78271,1062,336510,165,33871,103,15983,62,17888
Netvue (US1) ,325800,2058,422823,964,83273,1094,339550,1964,414781,902,78271,1062,336510,94,8042,62,5002,32,3040
Netvue (US1) ,327600,2067,436742,974,91775,1093,344967,1904,402908,872,75764,1032,327144,163,33834,102,16011,61,17823
Netvue (US1) ,329400,2065,425036,964,83391,1101,341645,1971,416983,903,78445,1068,338538,94,8053,61,4946,33,3107
Netvue (US1) ,331200,2037,427638,970,90903,1067,336735,1876,394100,868,75068,1008,319032,161,33538,102,15835,59,17703
Netvue (US1) ,333000,2063,424904,964,83391,1099,341513,1971,416983,903,78445,1068,338538,92,7921,61,4946,31,2975
Netvue (US1) ,334800,2126,448261,1004,93982,1122,354279,1964,414781,902,78271,1062,336510,162,33480,102,15711,60,17769
Netvue (US1) ,336600,1991,408748,933,80592,1058,328156,1897,400706,871,75590,1026,325116,94,8042,62,5002,32,3040
Netvue (US1) ,338400,2127,444991,1000,94062,1127,350929,1971,416983,903,78445,1068,338538,156,28008,97,15617,59,12391
Netvue (US1) ,340200,1989,408627,932,80536,1057,328091,1897,400706,871,75590,1026,325116,92,7921,61,4946,31,2975
Netvue (US1) ,342000,2133,450724,1005,94417,1128,356307,1971,416983,903,78445,1068,338538,162,33741,102,15972,60,17769
Netvue (US1) ,343800,2056,422702,963,83217,1093,339485,1964,414781,902,78271,1062,336510,92,7921,61,4946,31,2975
Netvue (US1) ,345600,2074,435316,972,91768,1102,343548,1918,407312,874,76112,1044,331200,156,28004,98,15656,58,12348
Netvue (US1) ,347400,2070,427106,965,83565,1105,343541,1978,419185,904,78619,1074,340566,92,7921,61,4946,31,2975
Netvue (US1) ,349200,2048,430010,971,90995,1077,339015,1883,396302,869,75242,1014,321060,165,33708,102,15753,63,17955
Netvue (US1) ,351000,2058,422823,964,83273,1094,339550,1964,414781,902,78271,1062,336510,94,8042,62,5002,32,3040
Netvue (US1) ,352800,2112,440493,998,93674,1114,346819,1957,412579,901,78097,1056,334482,155,27914,97,15577,58,12337
Netvue (US1) ,354600,2003,413031,934,80884,1069,332147,1911,405110,873,75938,1038,329172,92,7921,61,4946,31,2975
Netvue (US1) ,356400,2134,450493,1005,94132,1129,356361,1971,416983,903,78445,1068,338538,163,33510,102,15687,61,17823
Netvue (US1) ,358200,1989,408627,932,80536,1057,328091,1897,400706,871,75590,1026,325116,92,7921,61,4946,31,2975
Netvue (US1) ,360000,2128,448530,1005,94198,1123,354332,1964,414782,902,78272,1062,336510,164,33748,103,15926,61,17822
Netvue (US1) ,361800,2027,421792,948,82512,1079,339280,1911,405110,873,75938,1038,329172,116,16682,75,6574,41,10108
Netvue (US1) ,363600,2117,444148,993,92946,1124,351202,1979,419251,905,78685,1074,340566,138,24897,88,14261,50,10636
Netvue (US1) ,365400,2082,431584,978,84901,1104,346683,1964,414781,902,78271,1062,336510,118,16803,76,6630,42,10173
Netvue (US1) ,367200,2024,422380,958,90352,1066,332028,1885,396410,870,75296,1015,321114,139,25970,88,15056,51,10914
Netvue (US1) ,369000,2119,442171,995,86808,1124,355363,1973,417091,904,78499,1069,338592,146,25080,91,8309,55,16771
Netvue (US1) ,370800,2055,434119,971,92174,1084,341945,1897,400706,871,75590,1026,325116,158,33413,100,16584,58,16829
Netvue (US1) ,372600,2038,424264,951,82793,1087,341471,1918,407287,874,76087,1044,331200,120,16977,77,6706,43,10271
Netvue (US1) ,374400,2131,450381,1003,94882,1128,355499,1971,416983,903,78445,1068,338538,160,33398,100,16437,60,16961
Netvue (US1) ,376200,2050,427988,963,84073,1087,343915,1904,402908,872,75764,1032,327144,146,25080,91,8309,55,16771
Netvue (US1) ,378000,2108,442683,990,93553,1118,349130,1971,416983,903,78445,1068,338538,137,25700,87,15108,50,10592
Netvue (US1) ,379800,2041,425654,962,83899,1079,341755,1897,400706,871,75590,1026,325116,144,24948,91,8309,53,16639
Netvue (US1) ,381600,2105,442037,989,93026,1116,349011,1971,416983,903,78445,1068,338538,134,25054,86,14581,48,10473
Netvue (US1) ,383400,2084,431758,979,84977,1105,346781,1964,414781,902,78271,1062,336510,120,16977,77,6706,43,10271
Netvue (US1) ,385200,2026,423342,956,89673,1070,333669,1890,398504,870,75416,1020,323088,136,24838,86,14257,50,10581
Netvue (US1) ,387000,2108,438521,984,85591,1124,352930,1986,421423,906,78829,1080,342594,122,17098,78,6762,44,10336
Netvue (US1) ,388800,2029,425165,956,89641,1073,335524,1897,400706,871,75590,1026,325116,132,24459,85,14051,47,10408
Netvue (US1) ,390600,2087,431934,981,85089,1106,346845,1964,414781,902,78271,1062,336510,123,17153,79,6818,44,10335
Netvue (US1) ,392400,2088,438430,978,91894,1110,346536,1953,413686,892,77677,1061,336009,135,24744,86,14217,49,10527
Netvue (US1) ,394200,1982,407280,929,80692,1053,326588,1872,396315,858,74447,1014,321868,110,10965,71,6245,39,4720
Netvue (US1) ,396000,2107,441706,990,92630,1117,349076,1971,416983,903,78445,1068,338538,136,24723,87,14185,49,10538
Netvue (US1) ,397800,2033,422219,950,82644,1083,339575,1911,405110,873,75938,1038,329172,122,17109,77,6706,45,10403
Netvue (US1) ,399600,2091,437083,987,92128,1104,344955,1957,412579,901,78097,1056,334482,134,24504,86,14031,48,10473
Netvue (US1) ,401400,2021,418876,949,82475,1072,336401,1901,401899,872,75769,1029,326130,120,16977,77,6706,43,10271
Netvue (US1) ,403200,2103,440479,988,92362,1115,348117,1967,415790,902,78266,1065,337524,136,24689,86,14096,50,10593
Netvue (US1) ,405000,2079,426054,975,84628,1104,341426,1964,414781,902,78271,1062,336510,115,11273,73,6357,42,4916
Netvue (US1) ,406800,2031,425525,957,89936,1074,335589,1897,400706,871,75590,1026,325116,134,24819,86,14346,48,10473
Netvue (US1) ,408600,2042,421541,963,83434,1079,338107,1920,404443,885,76672,1035,327771,122,17098,78,6762,44,10336
Netvue (US1) ,410400,2098,439681,988,92698,1110,346983,1964,414781,902,78271,1062,336510,134,24900,86,14427,48,10473
Netvue (US1) ,412200,2017,417683,948,82296,1069,335387,1897,400706,871,75590,1026,325116,120,16977,77,6706,43,10271
Netvue (US1) ,414000,2111,443936,1002,93822,1109,350114,1952,410497,902,78043,1050,332454,159,33439,100,15779,59,17660
Netvue (US1) ,415800,1993,408922,934,80668,1059,328254,1897,400706,871,75590,1026,325116,96,8216,63,5078,33,3138
Netvue (US1) ,417600,2138,452926,1007,95847,1131,357079,1971,416983,903,78445,1068,338538,167,35943,104,17402,63,18541
Netvue (US1) ,419400,2000,411124,935,80842,1065,330282,1904,402908,872,75764,1032,327144,96,8216,63,5078,33,3138
Netvue (US1) ,421200,2133,450511,1005,94204,1128,356307,1971,416983,903,78445,1068,338538,162,33528,102,15759,60,17769
Netvue (US1) ,423000,2010,415233,935,81058,1075,334175,1918,407312,874,76112,1044,331200,92,7921,61,4946,31,2975
Netvue (US1) ,424800,2126,446839,1005,94272,1121,352567,1957,412579,901,78097,1056,334482,169,34260,104,16175,65,18085
Netvue (US1) ,426600,2042,418298,961,82869,1081,335429,1950,410377,900,77923,1050,332454,92,7921,61,4946,31,2975
Netvue (US1) ,428400,2047,430330,971,91393,1076,338937,1883,396302,869,75242,1014,321060,164,34028,102,16151,62,17877
Netvue (US1) ,430200,2063,424904,964,83391,1099,341513,1971,416983,903,78445,1068,338538,92,7921,61,4946,31,2975
Netvue (US1) ,432000,2061,430866,969,91297,1092,339569,1905,402974,873,75830,1032,327144,156,27892,96,15467,60,12425
Netvue (US1) ,433800,2058,422810,964,83271,1094,339539,1966,414889,903,78325,1063,336564,92,7921,61,4946,31,2975
Netvue (US1) ,435600,2127,448477,1004,94144,1123,354333,1964,414781,902,78271,1062,336510,163,33696,102,15873,61,17823
Netvue (US1) ,437400,1998,410961,933,80710,1065,330251,1904,402908,872,75764,1032,327144,94,8053,61,4946,33,3107
Netvue (US1) ,439200,2134,450644,1005,94295,1129,356349,1971,416983,903,78445,1068,338538,163,33661,102,15850,61,17811
Netvue (US1) ,441000,1984,406557,931,80362,1053,326195,1890,398504,870,75416,1020,323088,94,8053,61,4946,33,3107
Netvue (US1) ,442800,2122,442730,1000,93764,1122,348966,1964,414781,902,78271,1062,336510,158,27949,98,15493,60,12456
Netvue (US1) ,444600,1997,411008,934,80889,1063,330119,1905,403087,873,75943,1032,327144,92,7921,61,4946,31,2975
Netvue (US1) ,446400,2119,446245,1002,93940,1117,352305,1956,412400,900,77918,1056,334482,163,33845,102,16022,61,17823
Netvue (US1) ,448200,2042,418298,961,82869,1081,335429,1950,410377,900,77923,1050,332454,92,7921,61,4946,31,2975
Netvue (US1) ,450000,2060,434534,973,91595,1087,342939,1897,400706,871,75590,1026,325116,163,33828,102,16005,61,17823
Netvue (US1) ,451800,2049,420500,962,83043,1087,337457,1957,412579,901,78097,1056,334482,92,7921,61,4946,31,2975
Netvue (US1) ,453600,2159,459261,1019,96478,1140,362783,1971,416983,903,78445,1068,338538,188,42278,116,18033,72,24245
Netvue (US1) ,455400,2015,416719,947,82195,1068,334524,1897,400706,871,75590,1026,325116,118,16013,76,6605,42,9408
Netvue (US1) ,457200,2156,459519,1019,96922,1137,362597,1971,416983,903,78445,1068,338538,185,42536,116,18477,69,24059
Netvue (US1) ,459000,2018,418668,947,82313,1071,336355,1904,402908,872,75764,1032,327144,114,15760,75,6549,39,9211
Netvue (US1) ,460800,2139,452953,1016,96200,1123,356753,1950,410377,900,77923,1050,332454,189,42576,116,18277,73,24299
Netvue (US1) ,462600,2058,422834,963,83217,1095,339617,1964,414781,902,78271,1062,336510,94,8053,61,4946,33,3107
Netvue (US1) ,464400,2085,443230,987,93869,1098,349361,1897,400706,871,75590,1026,325116,188,42524,116,18279,72,24245
Netvue (US1) ,466200,2103,439368,991,86448,1112,352920,1964,414781,902,78271,1062,336510,139,24587,89,8177,50,16410
Netvue (US1) ,468000,2042,428333,960,90553,1082,337780,1904,402908,872,75764,1032,327144,138,25425,88,14789,50,10636
Netvue (US1) ,469800,2079,429635,978,84783,1101,344852,1957,412579,901,78097,1056,334482,122,17056,77,6686,45,10370
Netvue (US1) ,471600,2109,442305,991,93131,1118,349174,1971,416983,903,78445,1068,338538,138,25322,88,14686,50,10636
Netvue (US1) ,473400,2024,419885,949,82470,1075,337415,1904,402908,872,75764,1032,327144,120,16977,77,6706,43,10271
Netvue (US1) ,475200,2086,435009,986,91974,1100,343035,1950,410377,900,77923,1050,332454,136,24632,86,14051,50,10581
Netvue (US1) ,477000,2010,415481,947,82122,1063,333359,1890,398504,870,75416,1020,323088,120,16977,77,6706,43,10271
Netvue (US1) ,478800,2093,437225,988,92216,1105,345009,1958,412645,902,78163,1056,334482,135,24580,86,14053,49,10527
Netvue (US1) ,480600,2088,431987,981,85087,1107,346900,1966,414889,903,78325,1063,336564,122,17098,78,6762,44,10336
Netvue (US1) ,482400,2025,423224,956,89609,1069,333615,1890,398504,870,75416,1020,323088,135,24720,86,14193,49,10527
Netvue (US1) ,484200,2091,433960,980,85151,1111,348809,1971,416983,903,78445,1068,338538,120,16977,77,6706,43,10271
Netvue (US1) ,486000,2094,437393,988,92319,1106,345074,1957,412579,901,78097,1056,334482,137,24814,87,14222,50,10592
Netvue (US1) ,487800,2017,417695,948,82296,1069,335399,1897,400706,871,75590,1026,325116,120,16989,77,6706,43,10283
Netvue (US1) ,489600,2101,439755,989,92653,1112,347102,1964,414781,902,78271,1062,336510,137,24974,87,14382,50,10592
Netvue (US1) ,491400,2017,417695,948,82296,1069,335399,1897,400706,871,75590,1026,325116,120,16989,77,6706,43,10283
Netvue (US1) ,493200,2107,441872,989,92753,1118,349119,1971,416983,903,78445,1068,338538,136,24889,86,14308,50,10581
Netvue (US1) ,495000,2010,415493,947,82122,1063,333371,1890,398504,870,75416,1020,323088,120,16989,77,6706,43,10283
Netvue (US1) ,496800,2095,437443,989,92369,1106,345074,1958,412645,902,78163,1056,334482,137,24798,87,14206,50,10592
Netvue (US1) ,498600,2076,425879,974,84572,1102,341307,1964,414781,902,78271,1062,336510,112,11098,72,6301,40,4797
Netvue (US1) ,500400,2011,418822,955,89317,1056,329505,1877,394166,869,75134,1008,319032,134,24656,86,14183,48,10473
Netvue (US1) ,502200,2078,429634,979,84869,1099,344765,1958,412645,902,78163,1056,334482,120,16989,77,6706,43,10283
Netvue (US1) ,504000,2101,440815,990,93124,1111,347691,1964,414781,902,78271,1062,336510,137,26034,88,14853,49,11181
Netvue (US1) ,505800,1955,403522,922,79919,1033,323603,1833,386412,844,73157,989,313255,122,17110,78,6762,44,10348
Netvue (US1) ,507600,2106,441929,989,92864,1117,349065,1971,416983,903,78445,1068,338538,135,24946,86,14419,49,10527
Netvue (US1) ,509400,2018,417761,949,82362,1069,335399,1898,400772,872,75656,1026,325116,120,16989,77,6706,43,10283
Netvue (US1) ,511200,2086,435352,987,92360,1099,342992,1950,410377,900,77923,1050,332454,136,24975,87,14437,49,10538
Netvue (US1) ,513000,2063,425164,976,84455,1087,340709,1943,408175,899,77749,1044,330426,120,16989,77,6706,43,10283
Netvue (US1) ,514800,2017,420968,955,89435,1062,331533,1883,396302,869,75242,1014,321060,134,24666,86,14193,48,10473
Netvue (US1) ,516600,2091,433972,980,85151,1111,348821,1971,416983,903,78445,1068,338538,120,16989,77,6706,43,10283
Netvue (US1) ,518400,2057,434071,971,91229,1086,342842,1897,400706,871,75590,1026,325116,160,33365,100,15639,60,17726
Netvue (US1) ,520200,2069,425320,967,83579,1102,341741,1971,416983,903,78445,1068,338538,98,8337,64,5134,34,3203
Netvue (US1) ,522000,2105,442433,999,94149,1106,348284,1943,408175,899,77749,1044,330426,162,34258,100,16400,62,17858
Netvue (US1) ,523800,2000,411124,935,80842,1065,330282,1904,402908,872,75764,1032,327144,96,8216,63,5078,33,3138
Netvue (US1) ,525600,2125,448532,1004,94295,1121,354237,1964,414781,902,78271,1062,336510,161,33751,102,16024,59,17727
Netvue (US1) ,527400,1996,410829,933,80710,1063,330119,1904,402908,872,75764,1032,327144,92,7921,61,4946,31,2975
Netvue (US1) ,529200,2127,448462,1004,94117,1123,354345,1964,414781,902,78271,1062,336510,163,33681,102,15846,61,17835
Netvue (US1) ,531000,1983,406604,932,80541,1051,326063,1891,398683,871,75595,1020,323088,92,7921,61,4946,31,2975
Netvue (US1) ,532800,2121,446333,1004,94005,1117,352328,1957,412466,901,77984,1056,334482,164,33867,103,16021,61,17846
Netvue (US1) ,534600,2044,418419,962,82925,1082,335494,1950,410377,900,77923,1050,332454,94,8042,62,5002,32,3040
Netvue (US1) ,536400,2050,430661,972,91569,1078,339092,1883,396302,869,75242,1014,321060,167,34359,103,16327,64,18032
Netvue (US1) ,538200,2070,427106,965,83565,1105,343541,1978,419185,904,78619,1074,340566,92,7921,61,4946,31,2975
Netvue (US1) ,540000,2082,442045,988,93741,1094,348304,1894,399697,871,75595,1023,324102,188,42348,117,18146,71,24202
Netvue (US1) ,541800,2045,419307,961,82864,1084,336443,1953,411386,900,77918,1053,333468,92,7921,61,4946,31,2975
Netvue (US1) ,543600,2142,451339,1013,96166,1129,355173,1964,414781,902,78271,1062,336510,178,36558,111,17895,67,18663
Netvue (US1) ,545400,2007,414462,945,81965,1062,332497,1890,398504,870,75416,1020,323088,117,15958,75,6549,42,9409
Netvue (US1) ,547200,2135,451743,1006,95370,1129,356373,1971,416983,903,78445,1068,338538,164,34760,103,16925,61,17835
Netvue (US1) ,549000,2068,426390,976,84528,1092,341862,1950,410377,900,77923,1050,332454,118,16013,76,6605,42,9408
Netvue (US1) ,550800,2077,441191,986,93900,1091,347291,1890,398504,870,75416,1020,323088,187,42687,116,18484,71,24203
Netvue (US1) ,552600,2080,430673,977,84820,1103,345853,1964,414781,902,78271,1062,336510,116,15892,75,6549,41,9343
Netvue (US1) ,554400,2046,430673,972,91832,1074,338841,1884,396481,870,75421,1014,321060,162,34192,102,16411,60,17781
Netvue (US1) ,556200,2076,429129,965,83560,1111,345569,1984,421208,904,78614,1080,342594,92,7921,61,4946,31,2975
Netvue (US1) ,558000,2065,436638,974,91779,1091,344859,1904,402908,872,75764,1032,327144,161,33730,102,16015,59,17715
Netvue (US1) ,559800,2056,422702,963,83217,1093,339485,1964,414781,902,78271,1062,336510,92,7921,61,4946,31,2975
Netvue (US1) ,561600,2136,447374,1003,94394,1133,352980,1979,419251,905,78685,1074,340566,157,28123,98,15709,59,12414
Netvue (US1) ,563400,1975,404223,930,80188,1045,324035,1883,396302,869,75242,1014,321060,92,7921,61,4946,31,2975
Netvue (US1) ,565200,2112,444058,1002,93823,1110,350235,1950,410377,900,77923,1050,332454,162,33681,102,15900,60,17781
Netvue (US1) ,567000,2042,418298,961,82869,1081,335429,1950,410377,900,77923,1050,332454,92,7921,61,4946,31,2975
Netvue (US1) ,568800,2052,432128,972,91259,1080,340869,1890,398504,870,75416,1020,323088,162,33624,102,15843,60,17781
Netvue (US1) ,570600,2091,433919,980,85131,1111,348788,1971,416983,903,78445,1068,338538,120,16936,77,6686,43,10250
Netvue (US1) ,572400,2039,426072,960,90158,1079,335914,1899,400814,872,75644,1027,325170,140,25258,88,14514,52,10744
Netvue (US1) ,574200,2073,425650,973,84506,1100,341144,1965,414847,903,78337,1062,336510,108,10803,70,6169,38,4634
Netvue (US1) ,576000,2097,437479,990,92307,1107,345172,1957,412579,901,78097,1056,334482,140,24900,89,14210,51,10690
Netvue (US1) ,577800,2017,415955,953,82518,1064,333437,1896,398900,876,75812,1020,323088,121,17055,77,6706,44,10349
Netvue (US1) ,579600,2086,435335,987,92354,1099,342981,1951,410443,901,77989,1050,332454,135,24892,86,14365,49,10527
Netvue (US1) ,581400,2027,420095,950,82536,1077,337559,1905,402974,873,75830,1032,327144,122,17121,77,6706,45,10415
Netvue (US1) ,583200,2062,431345,973,91073,1089,340272,1928,406711,887,76912,1041,329799,134,24634,86,14161,48,10473
Netvue (US1) ,585000,2098,434459,985,85507,1113,348952,1975,417247,907,78709,1068,338538,123,17212,78,6798,45,10414
Netvue (US1) ,586800,1957,410407,920,86719,1037,323688,1821,385532,834,72437,987,313095,136,24875,86,14282,50,10593
Netvue (US1) ,588600,2077,429568,978,84803,1099,344765,1957,412579,901,78097,1056,334482,120,16989,77,6706,43,10283
Netvue (US1) ,590400,2012,418710,955,89151,1057,329559,1877,394166,869,75134,1008,319032,135,24544,86,14017,49,10527
Netvue (US1) ,592200,2084,431770,979,84977,1105,346793,1964,414781,902,78271,1062,336510,120,16989,77,6706,43,10283
Netvue (US1) ,594000,2019,420983,955,89342,1064,331641,1883,396302,869,75242,1014,321060,136,24681,86,14100,50,10581
Netvue (US1) ,595800,2091,433972,980,85151,1111,348821,1971,416983,903,78445,1068,338538,120,16989,77,6706,43,10283
Netvue (US1) ,597600,2045,427832,959,89880,1086,337952,1904,402908,872,75764,1032,327144,141,24924,87,14116,54,10808
Netvue (US1) ,599400,2091,433972,980,85151,1111,348821,1971,416983,903,78445,1068,338538,120,16989,77,6706,43,10283
Netvue (US1) ,601200,2106,441851,989,92786,1117,349065,1971,416983,903,78445,1068,338538,135,24868,86,14341,49,10527
Netvue (US1) ,603000,2000,413031,944,81785,1056,331246,1883,396302,869,75242,1014,321060,117,16729,75,6543,42,10186
