Device,StartTime,Frames,Bytes,TxFrames,TxBytes,RxFrames,RxBytes,LanFrames,LanBytes,LanTxFrames,LanTxBytes,LanRxFrames,LanRxBytes,WanFrames,WanBytes,WanTxFrames,WanTxBytes,WanRxFrames,WanRxBytes
PhillipsBridge (US1) ,0,664,143992,503,129811,161,14181,336,115488,336,115488,0,0,328,28504,167,14323,161,14181
PhillipsBridge (US1) ,1800,614,122824,455,112906,159,9918,294,102100,294,102100,0,0,320,20724,161,10806,159,9918
PhillipsBridge (US1) ,3600,636,128216,464,114197,172,14019,288,99994,288,99994,0,0,348,28222,176,14203,172,14019
PhillipsBridge (US1) ,5400,638,128706,469,114889,169,13817,294,102100,294,102100,0,0,344,26606,175,12789,169,13817
PhillipsBridge (US1) ,7200,623,127082,458,113657,165,13425,288,99994,288,99994,0,0,335,27088,170,13663,165,13425
PhillipsBridge (US1) ,9000,581,119854,439,111466,142,8388,294,102100,294,102100,0,0,287,17754,145,9366,142,8388
PhillipsBridge (US1) ,10800,647,135620,483,122285,164,13335,314,108712,314,108712,0,0,333,26908,169,13573,164,13335
PhillipsBridge (US1) ,12600,584,118542,438,109794,146,8748,290,100158,290,100158,0,0,294,18384,148,9636,146,8748
PhillipsBridge (US1) ,14400,667,136697,486,118809,181,17888,294,102100,294,102100,0,0,373,34597,192,16709,181,17888
PhillipsBridge (US1) ,16200,697,143941,511,131948,186,11993,424,127459,374,123290,50,4169,273,16482,137,8658,136,7824
PhillipsBridge (US1) ,18000,641,135076,482,122167,159,12909,316,108876,316,108876,0,0,325,26200,166,13291,159,12909
PhillipsBridge (US1) ,19800,741,182615,527,158983,214,23632,296,102264,296,102264,0,0,445,80351,231,56719,214,23632
PhillipsBridge (US1) ,21600,631,132610,474,119881,157,12729,310,106770,310,106770,0,0,321,25840,164,13111,157,12729
PhillipsBridge (US1) ,23400,617,132706,476,124432,141,8274,334,115324,334,115324,0,0,283,17382,142,9108,141,8274
PhillipsBridge (US1) ,25200,712,153999,520,132158,192,21841,312,108548,312,108548,0,0,400,45451,208,23610,192,21841
PhillipsBridge (US1) ,27000,548,110494,409,102400,139,8094,268,93382,268,93382,0,0,280,17112,141,9018,139,8094
PhillipsBridge (US1) ,28800,634,134462,477,121733,157,12729,314,108712,314,108712,0,0,320,25750,163,13021,157,12729
PhillipsBridge (US1) ,30600,609,130420,469,122236,140,8184,328,113218,328,113218,0,0,281,17202,141,9018,140,8184
PhillipsBridge (US1) ,32400,734,149047,526,132059,208,16988,412,123117,362,118948,50,4169,322,25930,164,13111,158,12819
PhillipsBridge (US1) ,34200,633,133056,476,120343,157,12713,314,108712,314,108712,0,0,319,24344,162,11631,157,12713
PhillipsBridge (US1) ,36000,632,132700,475,119971,157,12729,310,106770,310,106770,0,0,322,25930,165,13201,157,12729
PhillipsBridge (US1) ,37800,568,118700,431,110762,137,7938,292,101936,292,101936,0,0,276,16764,139,8826,137,7938
PhillipsBridge (US1) ,39600,759,159359,554,142665,205,16694,444,134071,394,129902,50,4169,315,25288,160,12763,155,12525
PhillipsBridge (US1) ,41400,589,125402,452,117464,137,7938,312,108548,312,108548,0,0,277,16854,140,8916,137,7938
PhillipsBridge (US1) ,43200,645,138670,490,126145,155,12525,330,113382,330,113382,0,0,315,25288,160,12763,155,12525
PhillipsBridge (US1) ,45000,594,125836,455,117718,139,8118,314,108712,314,108712,0,0,280,17124,141,9006,139,8118
PhillipsBridge (US1) ,46800,611,127508,456,114983,155,12525,294,102100,294,102100,0,0,317,25408,162,12883,155,12525
PhillipsBridge (US1) ,48600,568,117102,430,109074,138,8028,290,100158,290,100158,0,0,278,16944,140,8916,138,8028
PhillipsBridge (US1) ,50400,630,134040,474,121461,156,12579,312,108548,312,108548,0,0,318,25492,162,12913,156,12579
PhillipsBridge (US1) ,52200,700,144223,513,132116,187,12107,424,127459,374,123290,50,4169,276,16764,139,8826,137,7938
PhillipsBridge (US1) ,54000,670,141401,498,124347,172,17054,314,108712,314,108712,0,0,356,32689,184,15635,172,17054
PhillipsBridge (US1) ,55800,589,125372,452,117434,137,7938,312,108548,312,108548,0,0,277,16824,140,8886,137,7938
PhillipsBridge (US1) ,57600,605,125462,449,112847,156,12615,288,99994,288,99994,0,0,317,25468,161,12853,156,12615
PhillipsBridge (US1) ,59400,612,132284,474,124256,138,8028,332,115160,332,115160,0,0,280,17124,142,9096,138,8028
PhillipsBridge (US1) ,61200,616,127948,459,115255,157,12693,296,102264,296,102264,0,0,320,25684,163,12991,157,12693
PhillipsBridge (US1) ,63000,595,123258,444,111085,151,12173,288,99994,288,99994,0,0,307,23264,156,11091,151,12173
PhillipsBridge (US1) ,64800,636,134630,479,121901,157,12729,316,108876,316,108876,0,0,320,25754,163,13025,157,12729
PhillipsBridge (US1) ,66600,563,116656,426,108742,137,7914,288,99994,288,99994,0,0,275,16662,138,8748,137,7914
PhillipsBridge (US1) ,68400,751,155357,544,138495,207,16862,432,129729,382,125560,50,4169,319,25628,162,12935,157,12693
PhillipsBridge (US1) ,70200,587,123612,449,115608,138,8004,310,106770,310,106770,0,0,277,16842,139,8838,138,8004
PhillipsBridge (US1) ,72000,7024,12792885,2423,247548,4601,12545337,314,108712,314,108712,0,0,6710,12684173,2109,138836,4601,12545337
PhillipsBridge (US1) ,73800,575,119220,436,111162,139,8058,296,102264,296,102264,0,0,279,16956,140,8898,139,8058
PhillipsBridge (US1) ,75600,755,159001,552,142463,203,16538,442,133907,392,129738,50,4169,313,25094,160,12725,153,12369
PhillipsBridge (US1) ,77400,591,125554,453,117550,138,8004,314,108712,314,108712,0,0,277,16842,139,8838,138,8004
PhillipsBridge (US1) ,79200,608,125682,451,112989,157,12693,288,99994,288,99994,0,0,320,25688,163,12995,157,12693
PhillipsBridge (US1) ,81000,1781,339452,1115,234191,666,105261,342,118736,342,118736,0,0,1439,220716,773,115455,666,105261
PhillipsBridge (US1) ,82800,678,126990,485,114036,193,12954,290,100158,290,100158,0,0,388,26832,195,13878,193,12954
PhillipsBridge (US1) ,84600,678,133614,489,118005,189,15609,294,102100,294,102100,0,0,384,31514,195,15905,189,15609
PhillipsBridge (US1) ,86400,631,129154,474,119440,157,9714,314,108712,314,108712,0,0,317,20442,160,10728,157,9714
PhillipsBridge (US1) ,88200,656,134880,485,120891,171,13989,308,106606,308,106606,0,0,348,28274,177,14285,171,13989
PhillipsBridge (US1) ,90000,615,127698,466,118704,149,8994,316,108876,316,108876,0,0,299,18822,150,9828,149,8994
PhillipsBridge (US1) ,91800,642,133604,479,120335,163,13269,310,106770,310,106770,0,0,332,26834,169,13565,163,13269
PhillipsBridge (US1) ,93600,727,148191,530,135208,197,12983,432,129729,382,125560,50,4169,295,18462,148,9648,147,8814
PhillipsBridge (US1) ,95400,687,143283,506,125395,181,17888,314,108712,314,108712,0,0,373,34571,192,16683,181,17888
PhillipsBridge (US1) ,97200,574,117642,433,109344,141,8298,290,100158,290,100158,0,0,284,17484,143,9186,141,8298
PhillipsBridge (US1) ,99000,685,142816,505,125006,180,17810,316,108876,316,108876,0,0,369,33940,189,16130,180,17810
PhillipsBridge (US1) ,100800,570,117314,429,109016,141,8298,286,99830,286,99830,0,0,284,17484,143,9186,141,8298
PhillipsBridge (US1) ,102600,629,133988,475,121553,154,12435,316,108876,316,108876,0,0,313,25112,159,12677,154,12435
PhillipsBridge (US1) ,104400,601,126450,460,118152,141,8298,316,108876,316,108876,0,0,285,17574,144,9276,141,8298
PhillipsBridge (US1) ,106200,773,194885,548,167020,225,27865,308,106606,308,106606,0,0,465,88279,240,60414,225,27865
PhillipsBridge (US1) ,108000,575,119330,435,111122,140,8208,292,101936,292,101936,0,0,283,17394,143,9186,140,8208
PhillipsBridge (US1) ,109800,632,128445,458,111211,174,17234,274,95488,274,95488,0,0,358,32957,184,15723,174,17234
PhillipsBridge (US1) ,111600,613,129806,454,116961,159,12845,288,99994,288,99994,0,0,325,29812,166,16967,159,12845
PhillipsBridge (US1) ,113400,616,128022,459,115317,157,12705,294,102100,294,102100,0,0,322,25922,165,13217,157,12705
PhillipsBridge (US1) ,115200,706,144747,518,132550,188,12197,426,127623,376,123454,50,4169,280,17124,142,9096,138,8028
PhillipsBridge (US1) ,117000,636,133556,477,120707,159,12849,314,107670,314,107670,0,0,322,25886,163,13037,159,12849
PhillipsBridge (US1) ,118800,583,121030,443,112822,140,8208,296,103306,296,103306,0,0,287,17724,147,9516,140,8208
PhillipsBridge (US1) ,120600,609,125838,453,113199,156,12639,288,99994,288,99994,0,0,321,25844,165,13205,156,12639
PhillipsBridge (US1) ,122400,570,118852,433,110938,137,7914,294,102100,294,102100,0,0,276,16752,139,8838,137,7914
PhillipsBridge (US1) ,124200,765,159879,557,142927,208,16952,444,134071,394,129902,50,4169,321,25808,163,13025,158,12783
PhillipsBridge (US1) ,126000,565,118418,429,110594,136,7824,292,101936,292,101936,0,0,273,16482,137,8658,136,7824
PhillipsBridge (US1) ,127800,678,145460,508,128526,170,16934,328,113218,328,113218,0,0,350,32242,180,15308,170,16934
PhillipsBridge (US1) ,129600,729,153183,541,141010,188,12173,452,136341,402,132172,50,4169,277,16842,139,8838,138,8004
PhillipsBridge (US1) ,131400,610,127510,456,115051,154,12459,292,101936,292,101936,0,0,318,25574,164,13115,154,12459
PhillipsBridge (US1) ,133200,567,115472,427,107288,140,8184,284,98090,284,98090,0,0,283,17382,143,9198,140,8184
PhillipsBridge (US1) ,135000,615,129442,461,116983,154,12459,300,104168,300,104168,0,0,315,25274,161,12815,154,12459
PhillipsBridge (US1) ,136800,589,123792,450,115698,139,8094,310,106770,310,106770,0,0,279,17022,140,8928,139,8094
PhillipsBridge (US1) ,138600,664,140967,494,124069,170,16898,314,108712,314,108712,0,0,350,32255,180,15357,170,16898
PhillipsBridge (US1) ,140400,569,118762,432,110848,137,7914,294,102100,294,102100,0,0,275,16662,138,8748,137,7914
PhillipsBridge (US1) ,142200,669,145638,512,132945,157,12693,348,119830,348,119830,0,0,321,25808,164,13115,157,12693
PhillipsBridge (US1) ,144000,572,119028,435,111090,137,7938,296,102264,296,102264,0,0,276,16764,139,8826,137,7938
PhillipsBridge (US1) ,145800,615,127916,458,115211,157,12705,296,102264,296,102264,0,0,319,25652,162,12947,157,12705
PhillipsBridge (US1) ,147600,584,123370,447,115432,137,7938,308,106606,308,106606,0,0,276,16764,139,8826,137,7938
PhillipsBridge (US1) ,149400,651,140812,494,128107,157,12705,332,115160,332,115160,0,0,319,25652,162,12947,157,12705
PhillipsBridge (US1) ,151200,694,143715,508,131698,186,12017,420,127131,370,122962,50,4169,274,16584,138,8736,136,7848
PhillipsBridge (US1) ,153000,629,134004,474,121479,155,12525,314,108712,314,108712,0,0,315,25292,160,12767,155,12525
PhillipsBridge (US1) ,154800,570,118880,432,110852,138,8028,292,101936,292,101936,0,0,278,16944,140,8916,138,8028
PhillipsBridge (US1) ,156600,677,145308,506,128344,171,16964,326,113054,326,113054,0,0,351,32254,180,15290,171,16964
PhillipsBridge (US1) ,158400,717,147517,526,134979,191,12538,432,129729,382,125560,50,4169,285,17788,144,9419,141,8369
PhillipsBridge (US1) ,160200,625,132062,470,119537,155,12525,310,106770,310,106770,0,0,315,25292,160,12767,155,12525
PhillipsBridge (US1) ,162000,635,135738,477,122963,158,12775,314,108712,314,108712,0,0,321,27026,163,14251,158,12775
PhillipsBridge (US1) ,163800,607,125630,451,113015,156,12615,290,100158,290,100158,0,0,317,25472,161,12857,156,12615
PhillipsBridge (US1) ,165600,568,118700,431,110762,137,7938,292,101936,292,101936,0,0,276,16764,139,8826,137,7938
PhillipsBridge (US1) ,167400,971,195771,654,155880,317,39891,410,122973,360,118804,50,4169,561,72798,294,37076,267,35722
PhillipsBridge (US1) ,169200,604,129982,467,122044,137,7938,328,113218,328,113218,0,0,276,16764,139,8826,137,7938
PhillipsBridge (US1) ,171000,615,127916,458,115211,157,12705,296,102264,296,102264,0,0,319,25652,162,12947,157,12705
PhillipsBridge (US1) ,172800,560,116430,423,108492,137,7938,284,99666,284,99666,0,0,276,16764,139,8826,137,7938
PhillipsBridge (US1) ,174600,609,127448,456,115031,153,12417,296,102264,296,102264,0,0,313,25184,160,12767,153,12417
PhillipsBridge (US1) ,176400,592,125640,455,117702,137,7938,316,108876,316,108876,0,0,276,16764,139,8826,137,7938
PhillipsBridge (US1) ,178200,625,132106,469,119467,156,12639,306,106442,306,106442,0,0,319,25664,163,13025,156,12639
PhillipsBridge (US1) ,180000,589,125390,451,117386,138,8004,312,108548,312,108548,0,0,277,16842,139,8838,138,8004
PhillipsBridge (US1) ,181800,647,134875,476,117887,171,16988,294,102100,294,102100,0,0,353,32775,182,15787,171,16988
PhillipsBridge (US1) ,183600,581,123136,442,115042,139,8094,302,106114,302,106114,0,0,279,17022,140,8928,139,8094
PhillipsBridge (US1) ,185400,647,134530,477,117632,170,16898,296,102264,296,102264,0,0,351,32266,181,15368,170,16898
PhillipsBridge (US1) ,187200,701,144301,513,132128,188,12173,424,127459,374,123290,50,4169,277,16842,139,8838,138,8004
PhillipsBridge (US1) ,189000,629,133996,473,121393,156,12603,312,108548,312,108548,0,0,317,25448,161,12845,156,12603
PhillipsBridge (US1) ,190800,572,119032,434,111028,138,8004,294,102100,294,102100,0,0,278,16932,140,8928,138,8004
PhillipsBridge (US1) ,192600,759,181454,539,154007,220,27447,290,100158,290,100158,0,0,469,81296,249,53849,220,27447
PhillipsBridge (US1) ,194400,589,125358,453,117534,136,7824,316,108876,316,108876,0,0,273,16482,137,8658,136,7824
PhillipsBridge (US1) ,196200,667,139707,494,122503,173,17204,308,106606,308,106606,0,0,359,33101,186,15897,173,17204
PhillipsBridge (US1) ,198000,589,125358,453,117534,136,7824,316,108876,316,108876,0,0,273,16482,137,8658,136,7824
PhillipsBridge (US1) ,199800,670,146439,498,129397,172,17042,316,108876,316,108876,0,0,354,37563,182,20521,172,17042
PhillipsBridge (US1) ,201600,569,117192,432,109254,137,7938,290,100158,290,100158,0,0,279,17034,142,9096,137,7938
PhillipsBridge (US1) ,203400,611,127572,455,114957,156,12615,294,102100,294,102100,0,0,317,25472,161,12857,156,12615
PhillipsBridge (US1) ,205200,744,157791,556,145594,188,12197,466,140847,416,136678,50,4169,278,16944,140,8916,138,8028
PhillipsBridge (US1) ,207000,607,127228,452,114703,155,12525,292,101936,292,101936,0,0,315,25292,160,12767,155,12525
PhillipsBridge (US1) ,208800,576,119388,437,111270,139,8118,296,102264,296,102264,0,0,280,17124,141,9006,139,8118
PhillipsBridge (US1) ,210600,623,131898,468,119373,155,12525,308,106606,308,106606,0,0,315,25292,160,12767,155,12525
PhillipsBridge (US1) ,212400,708,146509,520,134312,188,12197,430,129565,380,125396,50,4169,278,16944,140,8916,138,8028
PhillipsBridge (US1) ,214200,655,138516,485,121642,170,16874,306,106442,306,106442,0,0,349,32074,179,15200,170,16874
PhillipsBridge (US1) ,216000,592,125672,453,117554,139,8118,312,108548,312,108548,0,0,280,17124,141,9006,139,8118
PhillipsBridge (US1) ,217800,591,120944,436,108419,155,12525,276,95652,276,95652,0,0,315,25292,160,12767,155,12525
PhillipsBridge (US1) ,219600,584,123370,447,115432,137,7938,308,106606,308,106606,0,0,276,16764,139,8826,137,7938
PhillipsBridge (US1) ,221400,633,134364,476,121659,157,12705,314,108712,314,108712,0,0,319,25652,162,12947,157,12705
PhillipsBridge (US1) ,223200,730,153993,544,141976,186,12017,456,137409,406,133240,50,4169,274,16584,138,8736,136,7848
PhillipsBridge (US1) ,225000,655,137991,486,121075,169,16916,304,105538,304,105538,0,0,351,32453,182,15537,169,16916
PhillipsBridge (US1) ,226800,569,118762,432,110848,137,7914,294,102100,294,102100,0,0,275,16662,138,8748,137,7914
PhillipsBridge (US1) ,228600,604,125388,449,112839,155,12549,288,99994,288,99994,0,0,316,25394,161,12845,155,12549
PhillipsBridge (US1) ,230400,573,119122,434,111028,139,8094,294,102100,294,102100,0,0,279,17022,140,8928,139,8094
PhillipsBridge (US1) ,232200,607,125606,452,113093,155,12513,290,100158,290,100158,0,0,317,25448,162,12935,155,12513
PhillipsBridge (US1) ,234000,593,125734,454,117640,139,8094,314,108712,314,108712,0,0,279,17022,140,8928,139,8094
PhillipsBridge (US1) ,235800,608,127314,454,114855,154,12459,294,102100,294,102100,0,0,314,25214,160,12755,154,12459
PhillipsBridge (US1) ,237600,588,123718,449,115624,139,8094,308,106606,308,106606,0,0,280,17112,141,9018,139,8094
PhillipsBridge (US1) ,239400,766,161571,561,144853,205,16718,450,136177,400,132008,50,4169,316,25394,161,12845,155,12549
PhillipsBridge (US1) ,241200,579,122940,442,115026,137,7914,304,106278,304,106278,0,0,275,16662,138,8748,137,7914
PhillipsBridge (US1) ,243000,670,141478,498,124364,172,17114,316,108876,316,108876,0,0,354,32602,182,15488,172,17114
PhillipsBridge (US1) ,244800,700,144491,513,132301,187,12190,424,127459,374,123290,50,4169,276,17032,139,9011,137,8021
PhillipsBridge (US1) ,246600,613,127752,456,115047,157,12705,294,102100,294,102100,0,0,319,25652,162,12947,157,12705
PhillipsBridge (US1) ,248400,632,134911,476,122280,156,12631,314,108712,314,108712,0,0,318,26199,162,13568,156,12631
PhillipsBridge (US1) ,250200,609,125810,452,113105,157,12705,290,100158,290,100158,0,0,319,25652,162,12947,157,12705
PhillipsBridge (US1) ,252000,570,118864,433,110926,137,7938,294,102100,294,102100,0,0,276,16764,139,8826,137,7938
PhillipsBridge (US1) ,253800,905,188212,622,147014,283,41198,310,108384,310,108384,0,0,595,79828,312,38630,283,41198
PhillipsBridge (US1) ,255600,567,117032,427,108848,140,8184,286,99830,286,99830,0,0,281,17202,141,9018,140,8184
PhillipsBridge (US1) ,257400,629,133980,474,121467,155,12513,314,108712,314,108712,0,0,315,25268,160,12755,155,12513
PhillipsBridge (US1) ,259200,722,151031,533,138744,189,12287,442,133907,392,129738,50,4169,280,17124,141,9006,139,8118
PhillipsBridge (US1) ,261000,648,140490,493,128001,155,12489,334,115324,334,115324,0,0,314,25166,159,12677,155,12489
PhillipsBridge (US1) ,262800,574,119224,435,111106,139,8118,294,102100,294,102100,0,0,280,17124,141,9006,139,8118
PhillipsBridge (US1) ,264600,601,125122,446,112597,155,12525,286,99830,286,99830,0,0,315,25292,160,12767,155,12525
PhillipsBridge (US1) ,266400,610,132072,474,124224,136,7848,336,115488,336,115488,0,0,274,16584,138,8736,136,7848
PhillipsBridge (US1) ,268200,652,134475,478,117241,174,17234,294,101262,294,101262,0,0,358,33213,184,15979,174,17234
PhillipsBridge (US1) ,270000,562,117416,426,109568,136,7848,288,100832,288,100832,0,0,274,16584,138,8736,136,7848
PhillipsBridge (US1) ,271800,645,134420,474,117420,171,17000,294,102100,294,102100,0,0,351,32320,180,15320,171,17000
PhillipsBridge (US1) ,273600,566,116922,429,108984,137,7938,290,100158,290,100158,0,0,276,16764,139,8826,137,7938
PhillipsBridge (US1) ,275400,632,134274,476,121659,156,12615,314,108712,314,108712,0,0,318,25562,162,12947,156,12615
PhillipsBridge (US1) ,277200,575,119298,437,111270,138,8028,296,102264,296,102264,0,0,279,17034,141,9006,138,8028
PhillipsBridge (US1) ,279000,734,174471,514,147120,220,27351,270,93546,270,93546,0,0,464,80925,244,53574,220,27351
PhillipsBridge (US1) ,280800,579,119658,439,111450,140,8208,296,102264,296,102264,0,0,283,17394,143,9186,140,8208
PhillipsBridge (US1) ,282600,791,166108,572,145095,219,21013,442,133907,392,129738,50,4169,349,32201,180,15357,169,16844
PhillipsBridge (US1) ,284400,551,112314,414,104400,137,7914,276,95652,276,95652,0,0,275,16662,138,8748,137,7914
PhillipsBridge (US1) ,286200,694,153320,520,136170,174,17150,334,115324,334,115324,0,0,360,37996,186,20846,174,17150
PhillipsBridge (US1) ,288000,589,123808,450,115714,139,8094,308,106606,308,106606,0,0,281,17202,142,9108,139,8094
PhillipsBridge (US1) ,289800,608,127330,453,114781,155,12549,292,101936,292,101936,0,0,316,25394,161,12845,155,12549
PhillipsBridge (US1) ,291600,561,116476,425,108652,136,7824,288,99994,288,99994,0,0,273,16482,137,8658,136,7824
PhillipsBridge (US1) ,293400,642,135104,484,122321,158,12783,316,108876,316,108876,0,0,326,26228,168,13445,158,12783
PhillipsBridge (US1) ,295200,697,145555,511,133562,186,11993,424,129073,374,124904,50,4169,273,16482,137,8658,136,7824
PhillipsBridge (US1) ,297000,628,132344,472,119705,156,12639,310,106770,310,106770,0,0,318,25574,162,12935,156,12639
PhillipsBridge (US1) ,298800,571,118942,433,110938,138,8004,294,102100,294,102100,0,0,277,16842,139,8838,138,8004
PhillipsBridge (US1) ,300600,816,173089,596,151986,220,21103,466,140847,416,136678,50,4169,350,32242,180,15308,170,16934
PhillipsBridge (US1) ,302400,573,119122,434,111028,139,8094,294,102100,294,102100,0,0,279,17022,140,8928,139,8094
PhillipsBridge (US1) ,304200,604,125372,450,112913,154,12459,290,100158,290,100158,0,0,314,25214,160,12755,154,12459
PhillipsBridge (US1) ,306000,592,125692,453,117574,139,8118,312,108568,312,108568,0,0,280,17124,141,9006,139,8118
PhillipsBridge (US1) ,307800,645,140272,491,127837,154,12435,332,115160,332,115160,0,0,313,25112,159,12677,154,12435
PhillipsBridge (US1) ,309600,586,123550,448,115522,138,8028,308,106606,308,106606,0,0,278,16944,140,8916,138,8028
PhillipsBridge (US1) ,311400,663,140917,493,124007,170,16910,312,108548,312,108548,0,0,351,32369,181,15459,170,16910
PhillipsBridge (US1) ,313200,570,118880,432,110852,138,8028,292,101936,292,101936,0,0,278,16944,140,8916,138,8028
PhillipsBridge (US1) ,315000,761,159543,555,142759,206,16784,444,134071,394,129902,50,4169,317,25472,161,12857,156,12615
PhillipsBridge (US1) ,316800,552,112416,415,104478,137,7938,276,95652,276,95652,0,0,276,16764,139,8826,137,7938
PhillipsBridge (US1) ,318600,606,125612,452,113105,154,12507,290,100158,290,100158,0,0,316,25454,162,12947,154,12507
PhillipsBridge (US1) ,320400,569,118774,433,110926,136,7848,294,102100,294,102100,0,0,275,16674,139,8826,136,7848
PhillipsBridge (US1) ,322200,633,134364,476,121659,157,12705,314,108712,314,108712,0,0,319,25652,162,12947,157,12705
PhillipsBridge (US1) ,324000,584,123370,447,115432,137,7938,308,106606,308,106606,0,0,276,16764,139,8826,137,7938
PhillipsBridge (US1) ,325800,635,134528,479,121913,156,12615,316,108876,316,108876,0,0,319,25652,163,13037,156,12615
PhillipsBridge (US1) ,327600,569,117192,431,109164,138,8028,290,100158,290,100158,0,0,279,17034,141,9006,138,8028
PhillipsBridge (US1) ,329400,800,168403,581,147390,219,21013,452,136341,402,132172,50,4169,348,32062,179,15218,169,16844
PhillipsBridge (US1) ,331200,578,119786,437,111441,141,8345,294,102100,294,102100,0,0,284,17686,143,9341,141,8345
PhillipsBridge (US1) ,333000,621,131718,467,119283,154,12435,308,106606,308,106606,0,0,313,25112,159,12677,154,12435
PhillipsBridge (US1) ,334800,753,156178,544,139144,209,17034,430,129565,380,125396,50,4169,323,26613,164,13748,159,12865
PhillipsBridge (US1) ,336600,586,118914,430,106299,156,12615,268,93382,268,93382,0,0,318,25532,162,12917,156,12615
PhillipsBridge (US1) ,338400,590,125460,454,117612,136,7848,316,108876,316,108876,0,0,274,16584,138,8736,136,7848
PhillipsBridge (US1) ,340200,911,188446,628,148276,283,40170,312,108548,312,108548,0,0,599,79898,316,39728,283,40170
PhillipsBridge (US1) ,342000,561,116474,425,108626,136,7848,286,99830,286,99830,0,0,275,16644,139,8796,136,7848
PhillipsBridge (US1) ,343800,612,127648,455,114943,157,12705,292,101936,292,101936,0,0,320,25712,163,13007,157,12705
PhillipsBridge (US1) ,345600,558,116250,422,108402,136,7848,284,99666,284,99666,0,0,274,16584,138,8736,136,7848
PhillipsBridge (US1) ,347400,613,127736,457,115121,156,12615,296,102264,296,102264,0,0,317,25472,161,12857,156,12615
PhillipsBridge (US1) ,349200,572,119044,434,111016,138,8028,294,102100,294,102100,0,0,278,16944,140,8916,138,8028
PhillipsBridge (US1) ,351000,780,166061,576,149433,204,16628,466,140847,416,136678,50,4169,314,25214,160,12755,154,12459
PhillipsBridge (US1) ,352800,613,132378,473,124194,140,8184,330,114996,330,114996,0,0,283,17382,143,9198,140,8184
PhillipsBridge (US1) ,354600,641,132753,471,115855,170,16898,290,100158,290,100158,0,0,351,32595,181,15697,170,16898
PhillipsBridge (US1) ,356400,593,125718,455,117714,138,8004,316,108876,316,108876,0,0,277,16842,139,8838,138,8004
PhillipsBridge (US1) ,358200,644,134292,473,117304,171,16988,292,101936,292,101936,0,0,352,32356,181,15368,171,16988
PhillipsBridge (US1) ,360000,585,123448,447,115444,138,8004,308,106606,308,106606,0,0,277,16842,139,8838,138,8004
PhillipsBridge (US1) ,361800,628,133958,472,121319,156,12639,310,108384,310,108384,0,0,318,25574,162,12935,156,12639
PhillipsBridge (US1) ,363600,569,118746,433,110922,136,7824,296,102264,296,102264,0,0,273,16482,137,8658,136,7824
PhillipsBridge (US1) ,365400,761,181726,541,154243,220,27483,290,100158,290,100158,0,0,471,81568,251,54085,220,27483
PhillipsBridge (US1) ,367200,572,119016,435,111102,137,7914,296,102264,296,102264,0,0,276,16752,139,8838,137,7914
PhillipsBridge (US1) ,369000,657,138823,487,121889,170,16934,306,106442,306,106442,0,0,351,32381,181,15447,170,16934
PhillipsBridge (US1) ,370800,787,171872,581,155188,206,16684,470,142789,420,138620,50,4169,317,29083,161,16568,156,12515
PhillipsBridge (US1) ,372600,600,121700,443,109007,157,12693,276,95652,276,95652,0,0,324,26048,167,13355,157,12693
PhillipsBridge (US1) ,374400,586,123550,448,115522,138,8028,308,106606,308,106606,0,0,278,16944,140,8916,138,8028
PhillipsBridge (US1) ,376200,626,133714,471,121225,155,12489,312,108548,312,108548,0,0,314,25166,159,12677,155,12489
PhillipsBridge (US1) ,378000,588,123746,448,115538,140,8208,306,106442,306,106442,0,0,282,17304,142,9096,140,8208
PhillipsBridge (US1) ,379800,603,126868,450,114523,153,12345,292,101936,292,101936,0,0,311,24932,158,12587,153,12345
PhillipsBridge (US1) ,381600,741,157810,553,145613,188,12197,463,140866,413,136697,50,4169,278,16944,140,8916,138,8028
PhillipsBridge (US1) ,383400,610,127225,454,114610,156,12615,293,101753,293,101753,0,0,317,25472,161,12857,156,12615
PhillipsBridge (US1) ,385200,570,118880,432,110852,138,8028,292,101936,292,101936,0,0,278,16944,140,8916,138,8028
PhillipsBridge (US1) ,387000,659,138906,487,121852,172,17054,306,106442,306,106442,0,0,353,32464,181,15410,172,17054
PhillipsBridge (US1) ,388800,706,146313,520,134296,186,12017,432,129729,382,125560,50,4169,274,16584,138,8736,136,7848
PhillipsBridge (US1) ,390600,802,161274,554,130344,248,30930,288,99994,288,99994,0,0,514,61280,266,30350,248,30930
PhillipsBridge (US1) ,392400,572,119028,435,111090,137,7938,296,102264,296,102264,0,0,276,16764,139,8826,137,7938
PhillipsBridge (US1) ,394200,627,133912,473,121405,154,12507,312,108548,312,108548,0,0,315,25364,161,12857,154,12507
PhillipsBridge (US1) ,396000,3860,709501,2180,381933,1680,327568,308,106606,308,106606,0,0,3552,602895,1872,275327,1680,327568
PhillipsBridge (US1) ,397800,1209,285870,765,224663,444,61207,294,102100,294,102100,0,0,915,183770,471,122563,444,61207
PhillipsBridge (US1) ,399600,573,119106,435,111102,138,8004,296,102264,296,102264,0,0,277,16842,139,8838,138,8004
PhillipsBridge (US1) ,401400,1043,248706,711,207117,332,41589,364,121180,349,119929,15,1251,679,127526,362,87188,317,40338
PhillipsBridge (US1) ,403200,1041,231139,707,185203,334,45936,324,112604,324,112604,0,0,717,118535,383,72599,334,45936
PhillipsBridge (US1) ,405000,580,118432,426,105973,154,12459,266,93218,266,93218,0,0,314,25214,160,12755,154,12459
PhillipsBridge (US1) ,406800,725,152855,537,140682,188,12173,448,136013,398,131844,50,4169,277,16842,139,8838,138,8004
PhillipsBridge (US1) ,408600,606,125568,450,112929,156,12639,288,99994,288,99994,0,0,318,25574,162,12935,156,12639
PhillipsBridge (US1) ,410400,571,118942,433,110938,138,8004,294,102100,294,102100,0,0,277,16842,139,8838,138,8004
PhillipsBridge (US1) ,412200,613,127728,456,115035,157,12693,294,102100,294,102100,0,0,319,25628,162,12935,157,12693
PhillipsBridge (US1) ,414000,561,116460,426,108726,135,7734,290,100158,290,100158,0,0,271,16302,136,8568,135,7734
PhillipsBridge (US1) ,415800,808,169111,585,147738,223,21373,450,136177,400,132008,50,4169,358,32934,185,15730,173,17204
PhillipsBridge (US1) ,417600,568,117304,430,109229,138,8075,290,100158,290,100158,0,0,278,17146,140,9071,138,8075
PhillipsBridge (US1) ,419400,613,127736,457,115121,156,12615,296,102264,296,102264,0,0,317,25472,161,12857,156,12615
PhillipsBridge (US1) ,421200,636,135271,478,122460,158,12811,314,108712,314,108712,0,0,322,26559,164,13748,158,12811
PhillipsBridge (US1) ,423000,605,125450,450,112925,155,12525,290,100158,290,100158,0,0,315,25292,160,12767,155,12525
PhillipsBridge (US1) ,424800,712,146853,523,134566,189,12287,432,129729,382,125560,50,4169,280,17124,141,9006,139,8118
PhillipsBridge (US1) ,426600,715,151144,520,128081,195,23063,310,106770,310,106770,0,0,405,44374,210,21311,195,23063
PhillipsBridge (US1) ,428400,590,125508,451,117390,139,8118,310,108384,310,108384,0,0,280,17124,141,9006,139,8118
PhillipsBridge (US1) ,430200,609,127392,454,114867,155,12525,294,102100,294,102100,0,0,315,25292,160,12767,155,12525
PhillipsBridge (US1) ,432000,747,153485,532,131437,215,22048,306,106442,306,106442,0,0,441,47043,226,24995,215,22048
PhillipsBridge (US1) ,433800,607,127300,453,114793,154,12507,292,101936,292,101936,0,0,315,25364,161,12857,154,12507
PhillipsBridge (US1) ,435600,602,129818,465,121880,137,7938,326,113054,326,113054,0,0,276,16764,139,8826,137,7938
PhillipsBridge (US1) ,437400,632,134238,475,121569,157,12669,314,108712,314,108712,0,0,318,25526,161,12857,157,12669
PhillipsBridge (US1) ,439200,590,125410,453,117508,137,7902,314,108712,314,108712,0,0,276,16698,139,8796,137,7902
PhillipsBridge (US1) ,441000,678,145809,506,128719,172,17090,324,112890,324,112890,0,0,354,32919,182,15829,172,17090
PhillipsBridge (US1) ,442800,570,118814,432,110822,138,7992,292,101936,292,101936,0,0,278,16878,140,8886,138,7992
PhillipsBridge (US1) ,444600,647,134528,474,117420,173,17108,294,102100,294,102100,0,0,353,32428,180,15320,173,17108
PhillipsBridge (US1) ,446400,568,117102,430,109074,138,8028,290,100158,290,100158,0,0,278,16944,140,8916,138,8028
PhillipsBridge (US1) ,448200,761,161191,557,144551,204,16640,448,136013,398,131844,50,4169,313,25178,159,12707,154,12471
PhillipsBridge (US1) ,450000,586,123566,447,115448,139,8118,306,106442,306,106442,0,0,280,17124,141,9006,139,8118
PhillipsBridge (US1) ,451800,778,189760,560,162529,218,27231,316,108876,316,108876,0,0,462,80884,244,53653,218,27231
PhillipsBridge (US1) ,453600,577,119466,437,111282,140,8184,296,102264,296,102264,0,0,281,17202,141,9018,140,8184
PhillipsBridge (US1) ,455400,659,138971,490,122127,169,16844,310,106770,310,106770,0,0,349,32201,180,15357,169,16844
PhillipsBridge (US1) ,457200,632,137789,474,125166,158,12623,312,108548,312,108548,0,0,320,29241,162,16618,158,12623
PhillipsBridge (US1) ,459000,617,128108,460,115379,157,12729,296,102264,296,102264,0,0,321,25844,164,13115,157,12729
PhillipsBridge (US1) ,460800,585,123432,448,115518,137,7914,310,106770,310,106770,0,0,275,16662,138,8748,137,7914
PhillipsBridge (US1) ,462600,589,120844,434,108259,155,12585,272,95324,272,95324,0,0,317,25520,162,12935,155,12585
PhillipsBridge (US1) ,464400,561,116526,426,108756,135,7770,290,100158,290,100158,0,0,271,16368,136,8598,135,7770
PhillipsBridge (US1) ,466200,746,154991,539,138093,207,16898,426,129237,376,125068,50,4169,320,25754,163,13025,157,12729
PhillipsBridge (US1) ,468000,605,130060,468,122146,137,7914,328,113218,328,113218,0,0,277,16842,140,8928,137,7914
PhillipsBridge (US1) ,469800,611,127548,455,114945,156,12603,294,102100,294,102100,0,0,317,25448,161,12845,156,12603
PhillipsBridge (US1) ,471600,575,119220,436,111162,139,8058,296,102264,296,102264,0,0,279,16956,140,8898,139,8058
PhillipsBridge (US1) ,473400,862,179989,612,150244,250,29745,444,134071,394,129902,50,4169,418,45918,218,20342,200,25576
PhillipsBridge (US1) ,475200,575,119248,436,111166,139,8082,294,102100,294,102100,0,0,281,17148,142,9066,139,8082
PhillipsBridge (US1) ,477000,617,131390,463,118955,154,12435,304,106278,304,106278,0,0,313,25112,159,12677,154,12435
PhillipsBridge (US1) ,478800,572,119110,434,111046,138,8064,294,102100,294,102100,0,0,278,17010,140,8946,138,8064
PhillipsBridge (US1) ,480600,629,134004,474,121479,155,12525,314,108712,314,108712,0,0,315,25292,160,12767,155,12525
PhillipsBridge (US1) ,482400,602,128258,464,120230,138,8028,324,111314,324,111314,0,0,278,16944,140,8916,138,8028
PhillipsBridge (US1) ,484200,648,136345,481,119597,167,16748,300,104168,300,104168,0,0,348,32177,181,15429,167,16748
PhillipsBridge (US1) ,486000,707,144771,518,132520,189,12251,426,127623,376,123454,50,4169,281,17148,142,9066,139,8082
PhillipsBridge (US1) ,487800,629,134070,474,121509,155,12561,314,108712,314,108712,0,0,315,25358,160,12797,155,12561
PhillipsBridge (US1) ,489600,570,118798,433,110896,137,7902,294,102100,294,102100,0,0,276,16698,139,8796,137,7902
PhillipsBridge (US1) ,491400,647,138870,491,126255,156,12615,328,113218,328,113218,0,0,319,25652,163,13037,156,12615
PhillipsBridge (US1) ,493200,572,119060,434,111032,138,8028,292,101936,292,101936,0,0,280,17124,142,9096,138,8028
PhillipsBridge (US1) ,495000,609,127442,455,114971,154,12471,296,102264,296,102264,0,0,313,25178,159,12707,154,12471
PhillipsBridge (US1) ,496800,568,117102,430,109074,138,8028,290,100158,290,100158,0,0,278,16944,140,8916,138,8028
PhillipsBridge (US1) ,498600,633,134376,477,121737,156,12639,314,108712,314,108712,0,0,319,25664,163,13025,156,12639
PhillipsBridge (US1) ,500400,701,144235,513,132098,188,12137,424,127459,374,123290,50,4169,277,16776,139,8808,138,7968
PhillipsBridge (US1) ,502200,641,134074,471,117140,170,16934,290,101772,290,101772,0,0,351,32302,181,15368,170,16934
PhillipsBridge (US1) ,504000,592,124226,451,115917,141,8309,308,106606,308,106606,0,0,284,17620,143,9311,141,8309
PhillipsBridge (US1) ,505800,614,127790,457,115121,157,12669,296,102264,296,102264,0,0,318,25526,161,12857,157,12669
PhillipsBridge (US1) ,507600,771,162610,563,145666,208,16944,450,136177,400,132008,50,4169,321,26433,163,13658,158,12775
PhillipsBridge (US1) ,509400,601,125122,446,112597,155,12525,286,99830,286,99830,0,0,315,25292,160,12767,155,12525
PhillipsBridge (US1) ,511200,575,119364,437,111300,138,8064,296,102264,296,102264,0,0,279,17100,141,9036,138,8064
PhillipsBridge (US1) ,513000,727,156044,537,134351,190,21693,330,113382,330,113382,0,0,397,42662,207,20969,190,21693
PhillipsBridge (US1) ,514800,568,118700,431,110762,137,7938,292,101936,292,101936,0,0,276,16764,139,8826,137,7938
PhillipsBridge (US1) ,516600,631,134184,475,121569,156,12615,314,108712,314,108712,0,0,317,25472,161,12857,156,12615
PhillipsBridge (US1) ,518400,741,153119,533,131512,208,21607,308,106606,308,106606,0,0,433,46513,225,24906,208,21607
PhillipsBridge (US1) ,520200,611,127572,455,114957,156,12615,294,102100,294,102100,0,0,317,25472,161,12857,156,12615
PhillipsBridge (US1) ,522000,594,125820,456,117792,138,8028,316,108876,316,108876,0,0,278,16944,140,8916,138,8028
PhillipsBridge (US1) ,523800,604,125404,448,112765,156,12639,286,99830,286,99830,0,0,318,25574,162,12935,156,12639
PhillipsBridge (US1) ,525600,705,146227,518,134144,187,12083,430,129565,380,125396,50,4169,275,16662,138,8748,137,7914
PhillipsBridge (US1) ,527400,640,132643,469,115691,171,16952,288,99994,288,99994,0,0,352,32649,181,15697,171,16952
PhillipsBridge (US1) ,529200,593,125734,454,117640,139,8094,314,108712,314,108712,0,0,279,17022,140,8928,139,8094
PhillipsBridge (US1) ,531000,646,134506,476,117572,170,16934,296,102264,296,102264,0,0,350,32242,180,15308,170,16934
PhillipsBridge (US1) ,532800,566,116926,428,108922,138,8004,288,99994,288,99994,0,0,278,16932,140,8928,138,8004
PhillipsBridge (US1) ,534600,630,134106,475,121557,155,12549,314,108712,314,108712,0,0,316,25394,161,12845,155,12549
PhillipsBridge (US1) ,536400,721,150897,534,138814,187,12083,446,134235,396,130066,50,4169,275,16662,138,8748,137,7914
PhillipsBridge (US1) ,538200,761,183541,540,156004,221,27537,294,102100,294,102100,0,0,467,81441,246,53904,221,27537
PhillipsBridge (US1) ,540000,583,123782,447,115958,136,7824,310,107300,310,107300,0,0,273,16482,137,8658,136,7824
PhillipsBridge (US1) ,541800,781,161450,560,140257,221,21193,426,128707,376,124538,50,4169,355,32743,184,15719,171,17024
PhillipsBridge (US1) ,543600,612,131328,456,118777,156,12551,296,102264,296,102264,0,0,316,29064,160,16513,156,12551
PhillipsBridge (US1) ,545400,604,125390,449,112841,155,12549,288,99994,288,99994,0,0,316,25396,161,12847,155,12549
PhillipsBridge (US1) ,547200,570,118880,432,110852,138,8028,292,101936,292,101936,0,0,278,16944,140,8916,138,8028
PhillipsBridge (US1) ,549000,605,125452,450,112927,155,12525,290,100158,290,100158,0,0,315,25294,160,12769,155,12525
PhillipsBridge (US1) ,550800,576,119388,437,111270,139,8118,296,102264,296,102264,0,0,280,17124,141,9006,139,8118
PhillipsBridge (US1) ,552600,609,127378,455,114943,154,12435,296,102264,296,102264,0,0,313,25114,159,12679,154,12435
PhillipsBridge (US1) ,554400,582,123206,445,115268,137,7938,306,106442,306,106442,0,0,276,16764,139,8826,137,7938
PhillipsBridge (US1) ,556200,616,127972,458,115213,158,12759,296,102264,296,102264,0,0,320,25708,162,12949,158,12759
PhillipsBridge (US1) ,558000,570,118864,433,110926,137,7938,294,102100,294,102100,0,0,276,16764,139,8826,137,7938
PhillipsBridge (US1) ,559800,679,145540,509,128630,170,16910,328,113218,328,113218,0,0,351,32322,181,15412,170,16910
PhillipsBridge (US1) ,561600,729,153211,541,141014,188,12197,450,136177,400,132008,50,4169,279,17034,141,9006,138,8028
PhillipsBridge (US1) ,563400,607,125632,451,113017,156,12615,290,100158,290,100158,0,0,317,25474,161,12859,156,12615
PhillipsBridge (US1) ,565200,572,119028,435,111090,137,7938,296,102264,296,102264,0,0,276,16764,139,8826,137,7938
PhillipsBridge (US1) ,567000,607,127230,452,114705,155,12525,292,101936,292,101936,0,0,315,25294,160,12769,155,12525
PhillipsBridge (US1) ,568800,586,123550,448,115522,138,8028,308,106606,308,106606,0,0,278,16944,140,8916,138,8028
PhillipsBridge (US1) ,570600,781,161914,559,140667,222,21247,426,129237,376,125068,50,4169,355,32677,183,15599,172,17078
PhillipsBridge (US1) ,572400,543,110044,406,102130,137,7914,268,93382,268,93382,0,0,275,16662,138,8748,137,7914
PhillipsBridge (US1) ,574200,652,140900,497,128351,155,12549,334,115324,334,115324,0,0,318,25576,163,13027,155,12549
PhillipsBridge (US1) ,576000,595,125898,456,117804,139,8094,316,108876,316,108876,0,0,279,17022,140,8928,139,8094
PhillipsBridge (US1) ,577800,601,125100,446,112587,155,12513,286,99830,286,99830,0,0,315,25270,160,12757,155,12513
PhillipsBridge (US1) ,579600,750,159901,561,147638,189,12263,470,142789,420,138620,50,4169,280,17112,141,9018,139,8094
PhillipsBridge (US1) ,581400,606,125554,451,113005,155,12549,290,100158,290,100158,0,0,316,25396,161,12847,155,12549
PhillipsBridge (US1) ,583200,593,125652,455,117684,138,7968,316,108876,316,108876,0,0,277,16776,139,8808,138,7968
PhillipsBridge (US1) ,585000,621,130794,467,118263,154,12531,304,105236,304,105236,0,0,317,25558,163,13027,154,12531
PhillipsBridge (US1) ,586800,587,126236,451,118412,136,7824,314,109754,314,109754,0,0,273,16482,137,8658,136,7824
PhillipsBridge (US1) ,588600,642,131560,468,114302,174,17258,284,98662,284,98662,0,0,358,32898,184,15640,174,17258
PhillipsBridge (US1) ,590400,588,126584,451,118563,137,8021,312,109552,312,109552,0,0,276,17032,139,9011,137,8021
PhillipsBridge (US1) ,592200,612,127648,457,115123,155,12525,296,102264,296,102264,0,0,316,25384,161,12859,155,12525
PhillipsBridge (US1) ,594000,616,128675,457,115774,159,12901,292,101936,292,101936,0,0,324,26739,165,13838,159,12901
PhillipsBridge (US1) ,595800,603,125288,448,112763,155,12525,288,99994,288,99994,0,0,315,25294,160,12769,155,12525
PhillipsBridge (US1) ,597600,718,148499,526,134914,192,13585,432,129729,382,125560,50,4169,286,18770,144,9354,142,9416
PhillipsBridge (US1) ,599400,731,154484,527,128560,204,25924,306,106442,306,106442,0,0,425,48042,221,22118,204,25924
PhillipsBridge (US1) ,601200,574,119224,435,111106,139,8118,294,102100,294,102100,0,0,280,17124,141,9006,139,8118
PhillipsBridge (US1) ,603000,632,134230,477,121705,155,12525,316,108876,316,108876,0,0,316,25354,161,12829,155,12525
PhillipsBridge (US1) ,604800,829,168427,580,146648,249,21779,422,127295,372,123126,50,4169,407,41132,208,23522,199,17610
PhillipsBridge (US1) ,606600,615,127918,458,115213,157,12705,296,102264,296,102264,0,0,319,25654,162,12949,157,12705
PhillipsBridge (US1) ,608400,562,116578,426,108730,136,7848,288,99994,288,99994,0,0,274,16584,138,8736,136,7848
PhillipsBridge (US1) ,610200,615,127918,458,115213,157,12705,296,102264,296,102264,0,0,319,25654,162,12949,157,12705
PhillipsBridge (US1) ,612000,590,125460,454,117612,136,7848,316,108876,316,108876,0,0,274,16584,138,8736,136,7848
PhillipsBridge (US1) ,613800,664,139635,490,122437,174,17198,308,106606,308,106606,0,0,356,33029,182,15831,174,17198
PhillipsBridge (US1) ,615600,612,132252,475,124314,137,7938,336,115488,336,115488,0,0,276,16764,139,8826,137,7938
PhillipsBridge (US1) ,617400,774,159653,553,138496,221,21157,422,127295,372,123126,50,4169,352,32358,181,15370,171,16988
PhillipsBridge (US1) ,619200,607,131854,468,123760,139,8094,328,114832,328,114832,0,0,279,17022,140,8928,139,8094
PhillipsBridge (US1) ,621000,611,127534,456,115021,155,12513,296,102264,296,102264,0,0,315,25270,160,12757,155,12513
PhillipsBridge (US1) ,622800,562,116598,424,108594,138,8004,284,99666,284,99666,0,0,278,16932,140,8928,138,8004
PhillipsBridge (US1) ,624600,784,190287,563,162822,221,27465,316,108876,316,108876,0,0,468,81411,247,53946,221,27465
PhillipsBridge (US1) ,626400,565,116836,427,108832,138,8004,288,99994,288,99994,0,0,277,16842,139,8838,138,8004
PhillipsBridge (US1) ,628200,666,141115,493,123983,173,17132,310,108384,310,108384,0,0,356,32731,183,15599,173,17132
PhillipsBridge (US1) ,630000,605,130823,453,118524,152,12299,294,102100,294,102100,0,0,311,28723,159,16424,152,12299
PhillipsBridge (US1) ,631800,629,132436,473,119797,156,12639,310,106770,310,106770,0,0,319,25666,163,13027,156,12639
PhillipsBridge (US1) ,633600,707,146391,520,134308,187,12083,432,129729,382,125560,50,4169,275,16662,138,8748,137,7914
PhillipsBridge (US1) ,635400,596,122132,440,109493,156,12639,278,96556,278,96556,0,0,318,25576,162,12937,156,12639
PhillipsBridge (US1) ,637200,580,122290,443,114376,137,7914,304,105538,304,105538,0,0,276,16752,139,8838,137,7914
PhillipsBridge (US1) ,639000,612,127676,456,115037,156,12639,294,102100,294,102100,0,0,318,25576,162,12937,156,12639
PhillipsBridge (US1) ,640800,720,150835,533,138728,187,12107,444,134071,394,129902,50,4169,276,16764,139,8826,137,7938
PhillipsBridge (US1) ,642600,611,127558,456,115033,155,12525,296,102264,296,102264,0,0,315,25294,160,12769,155,12525
PhillipsBridge (US1) ,644400,590,123894,451,115776,139,8118,310,106770,310,106770,0,0,280,17124,141,9006,139,8118
PhillipsBridge (US1) ,646200,663,140854,494,124034,169,16820,314,108712,314,108712,0,0,349,32142,180,15322,169,16820
PhillipsBridge (US1) ,648000,613,132374,475,124346,138,8028,332,115160,332,115160,0,0,281,17214,143,9186,138,8028
PhillipsBridge (US1) ,649800,621,131736,466,119211,155,12525,306,106442,306,106442,0,0,315,25294,160,12769,155,12525
PhillipsBridge (US1) ,651600,596,126000,457,117882,139,8118,316,108876,316,108876,0,0,280,17124,141,9006,139,8118
PhillipsBridge (US1) ,653400,625,131594,470,119069,155,12525,310,106300,310,106300,0,0,315,25294,160,12769,155,12525
PhillipsBridge (US1) ,655200,582,125274,446,117426,136,7848,308,108690,308,108690,0,0,274,16584,138,8736,136,7848
PhillipsBridge (US1) ,657000,785,162296,563,141037,222,21259,430,129565,380,125396,50,4169,355,32731,183,15641,172,17090
PhillipsBridge (US1) ,658800,584,123370,447,115432,137,7938,308,106606,308,106606,0,0,276,16764,139,8826,137,7938
PhillipsBridge (US1) ,660600,591,120962,435,108347,156,12615,274,95488,274,95488,0,0,317,25474,161,12859,156,12615
PhillipsBridge (US1) ,662400,565,116848,428,108910,137,7938,288,99994,288,99994,0,0,277,16854,140,8916,137,7938
PhillipsBridge (US1) ,664200,636,134632,479,121903,157,12729,316,108876,316,108876,0,0,320,25756,163,13027,157,12729
PhillipsBridge (US1) ,666000,549,112134,413,104310,136,7824,276,95652,276,95652,0,0,273,16482,137,8658,136,7824
PhillipsBridge (US1) ,667800,761,159557,556,142839,205,16718,444,134071,394,129902,50,4169,317,25486,162,12937,155,12549
PhillipsBridge (US1) ,669600,573,119122,434,111028,139,8094,294,102100,294,102100,0,0,279,17022,140,8928,139,8094
PhillipsBridge (US1) ,671400,600,125010,446,112587,154,12423,286,99830,286,99830,0,0,314,25180,160,12757,154,12423
PhillipsBridge (US1) ,673200,577,119482,438,111388,139,8094,294,102100,294,102100,0,0,283,17382,144,9288,139,8094
PhillipsBridge (US1) ,675000,797,166519,576,145362,221,21157,444,134071,394,129902,50,4169,353,32448,182,15460,171,16988
PhillipsBridge (US1) ,676800,574,119458,433,111113,141,8345,290,101772,290,101772,0,0,284,17686,143,9341,141,8345
PhillipsBridge (US1) ,678600,654,138122,483,124280,171,13842,338,112762,323,111511,15,1251,316,25360,160,12769,156,12591
PhillipsBridge (US1) ,680400,604,126029,448,113398,156,12631,286,99830,286,99830,0,0,318,26199,162,13568,156,12631
PhillipsBridge (US1) ,682200,611,127590,454,114885,157,12705,292,101936,292,101936,0,0,319,25654,162,12949,157,12705
PhillipsBridge (US1) ,684000,568,118684,432,110836,136,7848,294,102100,294,102100,0,0,274,16584,138,8736,136,7848
PhillipsBridge (US1) ,685800,717,148368,510,122174,207,26194,284,99666,284,99666,0,0,433,48702,226,22508,207,26194
PhillipsBridge (US1) ,687600,734,149021,521,127143,213,21878,296,102264,296,102264,0,0,438,46757,225,24879,213,21878
PhillipsBridge (US1) ,689400,622,131790,466,119211,156,12579,306,106442,306,106442,0,0,316,25348,160,12769,156,12579
PhillipsBridge (US1) ,691200,737,149332,522,127246,215,22086,294,102100,294,102100,0,0,443,47232,228,25146,215,22086
PhillipsBridge (US1) ,693000,663,145994,509,133559,154,12435,350,120880,350,120880,0,0,313,25114,159,12679,154,12435
PhillipsBridge (US1) ,694800,567,117014,428,108896,139,8118,286,99830,286,99830,0,0,281,17184,142,9066,139,8118
PhillipsBridge (US1) ,696600,588,120704,434,108245,154,12459,274,95488,274,95488,0,0,314,25216,160,12757,154,12459
PhillipsBridge (US1) ,698400,607,130240,468,122146,139,8094,328,113218,328,113218,0,0,279,17022,140,8928,139,8094
PhillipsBridge (US1) ,700200,662,141087,491,124099,171,16988,308,108220,308,108220,0,0,354,32867,183,15879,171,16988
PhillipsBridge (US1) ,0,2547,530838,1514,441346,1033,89492,2148,493074,1308,423018,840,70056,399,37764,206,18328,193,19436
PhillipsBridge (US1) ,1800,2542,533222,1519,451238,1023,81984,2234,513488,1364,440930,870,72558,308,19734,155,10308,153,9426
PhillipsBridge (US1) ,3600,2592,544125,1548,457380,1044,86745,2236,515266,1366,442708,870,72558,356,28859,182,14672,174,14187
PhillipsBridge (US1) ,5400,2609,548023,1572,464912,1037,83111,2312,529249,1422,455024,890,74225,297,18774,150,9888,147,8886
PhillipsBridge (US1) ,7200,2527,527213,1495,441512,1032,85701,2196,500538,1326,427980,870,72558,331,26675,169,13532,162,13143
PhillipsBridge (US1) ,9000,2623,583821,1571,490067,1052,93754,2184,505860,1344,435804,840,70056,439,77961,227,54263,212,23698
PhillipsBridge (US1) ,10800,2598,545097,1549,454867,1049,90230,2228,511190,1358,438632,870,72558,370,33907,191,16235,179,17672
PhillipsBridge (US1) ,12600,2583,542657,1551,460032,1032,82625,2298,525029,1408,450804,890,74225,285,17628,143,9228,142,8400
PhillipsBridge (US1) ,14400,2650,560114,1576,464787,1074,95327,2228,511538,1358,438980,870,72558,422,48576,218,25807,204,22769
PhillipsBridge (US1) ,16200,2512,528956,1501,448136,1011,80820,2228,511538,1358,438980,870,72558,284,17418,143,9156,141,8262
PhillipsBridge (US1) ,18000,2488,526865,1492,444194,996,82671,2172,501456,1332,431400,840,70056,316,25409,160,12794,156,12615
PhillipsBridge (US1) ,19800,2616,545343,1555,460354,1061,84989,2332,527925,1412,451198,920,76727,284,17418,143,9156,141,8262
PhillipsBridge (US1) ,21600,2507,531649,1510,448852,997,82797,2186,505754,1346,435698,840,70056,321,25895,164,13154,157,12741
PhillipsBridge (US1) ,23400,2506,526596,1494,445686,1012,80910,2220,508998,1350,436440,870,72558,286,17598,144,9246,142,8352
PhillipsBridge (US1) ,25200,2504,525916,1492,438734,1012,87182,2150,493160,1310,423104,840,70056,354,32756,182,15630,172,17126
PhillipsBridge (US1) ,27000,2666,560941,1604,475862,1062,85079,2378,543223,1458,466496,920,76727,288,17718,146,9366,142,8352
PhillipsBridge (US1) ,28800,2545,537005,1517,451652,1028,85353,2226,511296,1356,438738,870,72558,319,25709,161,12914,158,12795
PhillipsBridge (US1) ,30600,2440,514526,1463,436532,977,77994,2162,497642,1322,427586,840,70056,278,16884,141,8946,137,7938
PhillipsBridge (US1) ,32400,2544,536947,1516,451594,1028,85353,2222,510968,1352,438410,870,72558,322,25979,164,13184,158,12795
PhillipsBridge (US1) ,34200,2446,515082,1465,436728,981,78354,2160,497478,1320,427422,840,70056,286,17604,145,9306,141,8298
PhillipsBridge (US1) ,36000,2676,563946,1599,474574,1077,89372,2360,538597,1440,461870,920,76727,316,25349,159,12704,157,12645
PhillipsBridge (US1) ,37800,2503,527916,1496,447384,1007,80532,2226,511026,1356,438468,870,72558,277,16890,140,8916,137,7974
PhillipsBridge (US1) ,39600,2509,527611,1496,440423,1013,87188,2154,495024,1314,424968,840,70056,355,32587,182,15455,173,17132
PhillipsBridge (US1) ,41400,2512,532072,1508,451798,1004,80274,2242,515758,1372,443200,870,72558,270,16314,136,8598,134,7716
PhillipsBridge (US1) ,43200,2613,548756,1564,461694,1049,87062,2290,522837,1400,448612,890,74225,323,25919,164,13082,159,12837
PhillipsBridge (US1) ,45000,2509,531798,1504,451470,1005,80328,2238,515430,1368,442872,870,72558,271,16368,136,8598,135,7770
PhillipsBridge (US1) ,46800,2466,518589,1470,435858,996,82731,2146,492832,1306,422776,840,70056,320,25757,164,13082,156,12675
PhillipsBridge (US1) ,48600,2503,528250,1497,447832,1006,80418,2230,511702,1360,439144,870,72558,273,16548,137,8688,136,7860
PhillipsBridge (US1) ,50400,2680,564282,1603,474862,1077,89420,2360,538597,1440,461870,920,76727,320,25685,163,12992,157,12693
PhillipsBridge (US1) ,52200,2460,522358,1482,444298,978,78060,2182,505426,1342,435370,840,70056,278,16932,140,8928,138,8004
PhillipsBridge (US1) ,54000,2575,543672,1538,454378,1037,89294,2230,511702,1360,439144,870,72558,345,31970,178,15234,167,16736
PhillipsBridge (US1) ,55800,2440,514466,1462,436406,978,78060,2162,497564,1322,427508,840,70056,278,16902,140,8898,138,8004
PhillipsBridge (US1) ,57600,2640,558804,1596,472120,1044,86684,2324,533383,1434,459158,890,74225,316,25421,162,12962,154,12459
PhillipsBridge (US1) ,59400,2451,517356,1471,439116,980,78240,2169,500094,1329,430038,840,70056,282,17262,142,9078,140,8184
PhillipsBridge (US1) ,61200,2573,544853,1544,459415,1029,85438,2251,518800,1381,446242,870,72558,322,26053,163,13173,159,12880
PhillipsBridge (US1) ,63000,2500,526016,1492,445454,1008,80562,2222,509084,1352,436526,870,72558,278,16932,140,8928,138,8004
PhillipsBridge (US1) ,64800,2738,570365,1629,470729,1109,99636,2255,514671,1379,441631,876,73040,483,55694,250,29098,233,26596
PhillipsBridge (US1) ,66600,2668,558188,1584,463786,1084,94402,2228,511460,1358,438902,870,72558,440,46728,226,24884,214,21844
PhillipsBridge (US1) ,68400,2541,538381,1529,451247,1012,87134,2186,505754,1346,435698,840,70056,355,32627,183,15549,172,17078
PhillipsBridge (US1) ,70200,2453,512558,1447,432176,1006,80382,2180,496076,1310,423518,870,72558,273,16482,137,8658,136,7824
PhillipsBridge (US1) ,72000,2702,570842,1625,481386,1077,89456,2382,545087,1462,468360,920,76727,320,25755,163,13026,157,12729
PhillipsBridge (US1) ,73800,2431,512198,1454,434228,977,77970,2156,495536,1316,425480,840,70056,275,16662,138,8748,137,7914
PhillipsBridge (US1) ,75600,2512,534312,1513,450658,999,83654,2188,507454,1348,437398,840,70056,324,26858,165,13260,159,13598
PhillipsBridge (US1) ,77400,2441,514178,1461,435998,980,78180,2163,497282,1322,427160,841,70122,278,16896,139,8838,139,8058
PhillipsBridge (US1) ,79200,2653,561206,1600,473928,1053,87278,2334,535643,1438,461022,896,74621,319,25563,162,12906,157,12657
PhillipsBridge (US1) ,81000,2414,507422,1436,429362,978,78060,2139,490694,1298,420584,841,70110,275,16728,138,8778,137,7950
PhillipsBridge (US1) ,82800,2623,557573,1575,467481,1048,90092,2257,520562,1386,447938,871,72624,366,37011,189,19543,177,17468
PhillipsBridge (US1) ,84600,2524,532307,1500,439971,1024,92336,2147,493184,1307,423128,840,70056,377,39123,193,16843,184,22280
PhillipsBridge (US1) ,86400,2603,547221,1547,456470,1056,90751,2250,514427,1365,440640,885,73787,353,32794,182,15830,171,16964
PhillipsBridge (US1) ,88200,2603,547398,1560,463872,1043,83526,2325,530454,1420,454956,905,75498,278,16944,140,8916,138,8028
PhillipsBridge (US1) ,90000,2483,524963,1488,442382,995,82581,2168,499670,1328,429614,840,70056,315,25293,160,12768,155,12525
PhillipsBridge (US1) ,91800,2493,523952,1485,443402,1008,80550,2216,507134,1346,434576,870,72558,277,16818,139,8826,138,7992
PhillipsBridge (US1) ,93600,2529,530615,1502,445388,1027,85227,2210,505028,1340,432470,870,72558,319,25587,162,12918,157,12669
PhillipsBridge (US1) ,95400,2744,601062,1646,503719,1098,97343,2312,529327,1422,455102,890,74225,432,71735,224,48617,208,23118
PhillipsBridge (US1) ,97200,2573,541421,1532,451863,1041,89558,2220,508920,1350,436362,870,72558,353,32501,182,15501,171,17000
PhillipsBridge (US1) ,99000,2436,513910,1458,435826,978,78084,2158,496966,1318,426910,840,70056,278,16944,140,8916,138,8028
PhillipsBridge (US1) ,100800,2557,538084,1515,448480,1042,89604,2204,504536,1334,431978,870,72558,353,33548,181,16502,172,17046
PhillipsBridge (US1) ,102600,2632,557832,1584,470888,1048,86944,2308,528651,1418,454426,890,74225,324,29181,166,16462,158,12719
PhillipsBridge (US1) ,104400,2528,532107,1504,447090,1024,85017,2214,506892,1344,434334,870,72558,314,25215,160,12756,154,12459
PhillipsBridge (US1) ,106200,2503,528216,1495,447654,1008,80562,2226,511374,1356,438816,870,72558,277,16842,139,8838,138,8004
PhillipsBridge (US1) ,108000,2501,529457,1504,446708,997,82749,2180,503648,1340,433592,840,70056,321,25809,164,13116,157,12693
PhillipsBridge (US1) ,109800,2645,557709,1587,472978,1058,84731,2368,540867,1448,464140,920,76727,277,16842,139,8838,138,8004
PhillipsBridge (US1) ,111600,2499,525452,1490,438516,1009,86936,2150,493160,1310,423104,840,70056,349,32292,180,15412,169,16880
PhillipsBridge (US1) ,113400,2496,525750,1489,445278,1007,80472,2220,508998,1350,436440,870,72558,276,16752,139,8838,137,7914
PhillipsBridge (US1) ,115200,2536,534409,1510,449212,1026,85197,2218,508834,1348,436276,870,72558,318,25575,162,12936,156,12639
PhillipsBridge (US1) ,117000,2584,545253,1557,463150,1027,82103,2310,528681,1419,454402,891,74279,274,16572,138,8748,136,7824
PhillipsBridge (US1) ,118800,2533,532537,1505,447196,1028,85341,2212,506728,1342,434170,870,72558,321,25809,163,13026,158,12783
PhillipsBridge (US1) ,120600,2541,540082,1523,448141,1018,91941,2172,501534,1332,431478,840,70056,369,38548,191,16663,178,21885
PhillipsBridge (US1) ,122400,2645,557336,1571,457755,1074,99581,2222,509162,1352,436604,870,72558,423,48174,219,21151,204,27023
PhillipsBridge (US1) ,124200,2556,536109,1529,453970,1027,82139,2281,519447,1391,445222,890,74225,275,16662,138,8748,137,7914
PhillipsBridge (US1) ,126000,2598,550759,1559,461357,1039,89402,2249,518636,1379,446078,870,72558,349,32123,180,15279,169,16844
PhillipsBridge (US1) ,127800,2515,530674,1506,450022,1009,80652,2236,513652,1366,441094,870,72558,279,17022,140,8928,139,8094
PhillipsBridge (US1) ,129600,2496,529105,1502,446590,994,82515,2182,503890,1342,433834,840,70056,314,25215,160,12756,154,12459
PhillipsBridge (US1) ,131400,2661,562031,1602,477210,1059,84821,2382,545009,1462,468282,920,76727,279,17022,140,8928,139,8094
PhillipsBridge (US1) ,133200,2471,520551,1475,437892,996,82659,2154,495102,1314,425046,840,70056,317,25449,161,12846,156,12603
PhillipsBridge (US1) ,135000,2524,535254,1518,454872,1006,80382,2250,518682,1380,446124,870,72558,274,16572,138,8748,136,7824
PhillipsBridge (US1) ,136800,2490,526311,1491,443382,999,82929,2166,500232,1326,430176,840,70056,324,26079,165,13206,159,12873
PhillipsBridge (US1) ,138600,2611,546783,1555,462232,1056,84551,2338,530301,1418,453574,920,76727,273,16482,137,8658,136,7824
PhillipsBridge (US1) ,140400,2602,550340,1559,460686,1043,89654,2246,517622,1376,445064,870,72558,356,32718,183,15622,173,17096
PhillipsBridge (US1) ,142200,2422,508040,1443,429914,979,78126,2145,491198,1304,421076,841,70122,277,16842,139,8838,138,8004
PhillipsBridge (US1) ,144000,2536,534409,1510,449212,1026,85197,2218,508834,1348,436276,870,72558,318,25575,162,12936,156,12639
PhillipsBridge (US1) ,145800,2516,532374,1508,451788,1008,80586,2238,515430,1368,442872,870,72558,278,16944,140,8916,138,8028
PhillipsBridge (US1) ,147600,2600,546084,1553,459111,1047,86973,2282,520297,1392,446072,890,74225,318,25787,161,13039,157,12748
PhillipsBridge (US1) ,149400,2492,522374,1481,441566,1011,80808,2211,505172,1340,432548,871,72624,281,17202,141,9018,140,8184
PhillipsBridge (US1) ,151200,2456,516183,1462,433668,994,82515,2142,490968,1302,420912,840,70056,314,25215,160,12756,154,12459
PhillipsBridge (US1) ,153000,2667,559442,1584,465096,1083,94346,2230,512890,1360,440332,870,72558,437,46552,224,24764,213,21788
PhillipsBridge (US1) ,154800,2722,573819,1628,479109,1094,94710,2364,540113,1444,463386,920,76727,358,33706,184,15723,174,17983
PhillipsBridge (US1) ,156600,2446,516218,1467,438104,979,78114,2168,499322,1328,429266,840,70056,278,16896,139,8838,139,8058
PhillipsBridge (US1) ,158400,2546,537035,1520,451838,1026,85197,2228,511460,1358,438902,870,72558,318,25575,162,12936,156,12639
PhillipsBridge (US1) ,160200,2438,513906,1459,435852,979,78054,2161,497196,1320,427074,841,70122,277,16710,139,8778,138,7932
PhillipsBridge (US1) ,162000,2683,563062,1604,473450,1079,89612,2361,537127,1440,460334,921,76793,322,25935,164,13116,158,12819
PhillipsBridge (US1) ,163800,2479,528832,1503,450952,976,77880,2206,512350,1366,442294,840,70056,273,16482,137,8658,136,7824
PhillipsBridge (US1) ,165600,2540,534593,1514,449432,1026,85161,2222,509084,1352,436526,870,72558,318,25509,162,12906,156,12603
PhillipsBridge (US1) ,167400,2494,533186,1516,455102,978,78084,2216,516242,1376,446186,840,70056,278,16944,140,8916,138,8028
PhillipsBridge (US1) ,169200,2744,580545,1644,485777,1100,94768,2374,542817,1454,466090,920,76727,370,37728,190,19687,180,18041
PhillipsBridge (US1) ,171000,2510,528778,1500,448072,1010,80706,2230,511702,1360,439144,870,72558,280,17076,140,8928,140,8148
PhillipsBridge (US1) ,172800,2509,529528,1499,442574,1010,86954,2160,497052,1320,426996,840,70056,349,32476,179,15578,170,16898
PhillipsBridge (US1) ,174600,2515,530768,1505,450026,1010,80742,2234,513566,1364,441008,870,72558,281,17202,141,9018,140,8184
PhillipsBridge (US1) ,176400,2598,554088,1584,469906,1014,84182,2284,528873,1424,457150,860,71723,314,25215,160,12756,154,12459
PhillipsBridge (US1) ,178200,2507,528478,1499,447952,1008,80526,2230,511702,1360,439144,870,72558,277,16776,139,8808,138,7968
PhillipsBridge (US1) ,180000,2557,540981,1530,455730,1027,85251,2238,515352,1368,442794,870,72558,319,25629,162,12936,157,12693
PhillipsBridge (US1) ,181800,2608,575323,1564,482389,1044,92934,2180,503726,1340,433670,840,70056,428,71597,224,48719,204,22878
PhillipsBridge (US1) ,183600,2595,548257,1554,458675,1041,89582,2240,515594,1370,443036,870,72558,355,32663,184,15639,171,17024
PhillipsBridge (US1) ,185400,2508,530032,1500,449482,1008,80550,2232,513268,1361,440656,871,72612,276,16764,139,8826,137,7938
PhillipsBridge (US1) ,187200,2578,551606,1548,459880,1030,91726,2184,505938,1344,435882,840,70056,394,45668,204,23998,190,21670
PhillipsBridge (US1) ,189000,2524,534403,1515,453768,1009,80635,2244,517380,1374,444822,870,72558,280,17023,141,8946,139,8077
PhillipsBridge (US1) ,190800,2481,524451,1486,441870,995,82581,2166,499158,1326,429102,840,70056,315,25293,160,12768,155,12525
PhillipsBridge (US1) ,192600,2521,532642,1512,452038,1009,80604,2242,515680,1372,443122,870,72558,279,16962,140,8916,139,8046
PhillipsBridge (US1) ,194400,2492,527261,1497,444680,995,82581,2174,501698,1334,431642,840,70056,318,25563,163,13038,155,12525
PhillipsBridge (US1) ,196200,2506,528072,1497,447396,1009,80676,2226,510948,1356,438390,870,72558,280,17124,141,9006,139,8118
PhillipsBridge (US1) ,198000,2684,561203,1595,467656,1089,93547,2336,529103,1416,452376,920,76727,348,32100,179,15280,169,16820
PhillipsBridge (US1) ,199800,2440,513830,1461,435656,979,78174,2160,496706,1320,426650,840,70056,280,17124,141,9006,139,8118
PhillipsBridge (US1) ,201600,2527,532021,1502,446938,1025,85083,2212,506728,1342,434170,870,72558,315,25293,160,12768,155,12525
PhillipsBridge (US1) ,203400,2449,518372,1473,440468,976,77904,2174,501698,1334,431642,840,70056,275,16674,139,8826,136,7848
PhillipsBridge (US1) ,205200,2691,566802,1614,477370,1077,89432,2368,540789,1448,464062,920,76727,323,26013,166,13308,157,12705
PhillipsBridge (US1) ,207000,2583,543877,1532,449271,1051,94606,2210,505106,1340,432548,870,72558,373,38771,192,16723,181,22048
PhillipsBridge (US1) ,208800,2489,526905,1493,444246,996,82659,2172,501456,1332,431400,840,70056,317,25449,161,12846,156,12603
PhillipsBridge (US1) ,210600,2512,530162,1504,449576,1008,80586,2234,513218,1364,440660,870,72558,278,16944,140,8916,138,8028
PhillipsBridge (US1) ,212400,2714,571120,1623,477429,1091,93691,2364,538925,1444,462198,920,76727,350,32195,179,15231,171,16964
PhillipsBridge (US1) ,214200,2439,514130,1459,435902,980,78228,2156,496802,1316,426746,840,70056,283,17328,143,9156,140,8172
PhillipsBridge (US1) ,216000,2557,542571,1533,457578,1024,84993,2244,517458,1374,444900,870,72558,313,25113,159,12678,154,12435
PhillipsBridge (US1) ,217800,2428,510104,1450,432020,978,78084,2150,493160,1310,423104,840,70056,278,16944,140,8916,138,8028
PhillipsBridge (US1) ,219600,2562,543005,1538,458012,1024,84993,2246,517622,1376,445064,870,72558,316,25383,162,12948,154,12435
PhillipsBridge (US1) ,221400,2489,522078,1480,441402,1009,80676,2208,504864,1338,432306,870,72558,281,17214,142,9096,139,8118
PhillipsBridge (US1) ,223200,2490,527031,1494,444396,996,82635,2172,501534,1332,431478,840,70056,318,25497,162,12918,156,12579
PhillipsBridge (US1) ,225000,2526,534730,1519,454234,1007,80496,2248,517786,1378,445228,870,72558,278,16944,141,9006,137,7938
PhillipsBridge (US1) ,226800,2514,530008,1502,442898,1012,87110,2160,497344,1319,427234,841,70110,354,32664,183,15664,171,17000
PhillipsBridge (US1) ,228600,2506,528068,1498,447518,1008,80550,2228,511190,1358,438632,870,72558,278,16878,140,8886,138,7992
PhillipsBridge (US1) ,230400,2536,534299,1508,448982,1028,85317,2216,508592,1346,436034,870,72558,320,25707,162,12948,158,12759
PhillipsBridge (US1) ,232200,2556,536611,1530,454538,1026,82073,2282,520027,1392,445802,890,74225,274,16584,138,8736,136,7848
PhillipsBridge (US1) ,234000,2560,540762,1529,454395,1031,86367,2234,513488,1364,440930,870,72558,326,27274,165,13465,161,13809
PhillipsBridge (US1) ,235800,2446,516566,1467,438452,979,78114,2168,499670,1328,429614,840,70056,278,16896,139,8838,139,8058
PhillipsBridge (US1) ,237600,2584,549727,1558,464566,1026,85161,2266,524218,1396,451660,870,72558,318,25509,162,12906,156,12603
PhillipsBridge (US1) ,239400,2904,603683,1727,493868,1177,109815,2306,527221,1416,452996,890,74225,598,76462,311,40872,287,35590
PhillipsBridge (US1) ,241200,2560,537801,1520,448309,1040,89492,2210,505558,1340,433000,870,72558,350,32243,180,15309,170,16934
PhillipsBridge (US1) ,243000,2544,542168,1536,461582,1008,80586,2266,525224,1396,452666,870,72558,278,16944,140,8916,138,8028
PhillipsBridge (US1) ,244800,2467,523185,1483,441591,984,81594,2152,497892,1323,428823,829,69069,315,25293,160,12768,155,12525
PhillipsBridge (US1) ,246600,2576,542253,1550,460306,1026,81947,2298,525309,1410,451390,888,73919,278,16944,140,8916,138,8028
PhillipsBridge (US1) ,248400,2446,516461,1462,434843,984,81618,2129,490988,1301,421985,828,69003,317,25473,161,12858,156,12615
PhillipsBridge (US1) ,250200,2509,530160,1501,449634,1008,80526,2235,513576,1363,440898,872,72678,274,16584,138,8736,136,7848
PhillipsBridge (US1) ,252000,2481,522947,1484,440186,997,82761,2162,497294,1322,427238,840,70056,319,25653,162,12948,157,12705
PhillipsBridge (US1) ,253800,2497,525774,1490,445278,1007,80496,2220,508920,1350,436362,870,72558,277,16854,140,8916,137,7938
PhillipsBridge (US1) ,255600,2521,532207,1502,444527,1019,87680,2152,494938,1312,424882,840,70056,369,37269,190,19645,179,17624
PhillipsBridge (US1) ,257400,2500,527896,1493,447400,1007,80496,2224,511132,1354,438574,870,72558,276,16764,139,8826,137,7938
PhillipsBridge (US1) ,259200,2553,535246,1512,445688,1041,89558,2202,502566,1332,430008,870,72558,351,32680,180,15680,171,17000
PhillipsBridge (US1) ,261000,2420,507974,1443,429980,977,77994,2144,491210,1304,421154,840,70056,276,16764,139,8826,137,7938
PhillipsBridge (US1) ,262800,2523,530157,1498,445074,1025,85083,2208,504864,1338,432306,870,72558,315,25293,160,12768,155,12525
PhillipsBridge (US1) ,264600,2517,532480,1508,451804,1009,80676,2236,515266,1366,442708,870,72558,281,17214,142,9096,139,8118
PhillipsBridge (US1) ,266400,2628,554644,1583,467870,1045,86774,2312,529249,1422,455024,890,74225,316,25395,161,12846,155,12549
PhillipsBridge (US1) ,268200,2661,586758,1586,491268,1075,95490,2238,515430,1368,442872,870,72558,423,71328,218,48396,205,22932
PhillipsBridge (US1) ,270000,2498,525219,1487,438175,1011,87044,2146,492832,1306,422776,840,70056,352,32387,181,15399,171,16988
PhillipsBridge (US1) ,271800,2497,524270,1487,443564,1010,80706,2216,507134,1346,434576,870,72558,281,17136,141,8988,140,8148
PhillipsBridge (US1) ,273600,2721,577296,1637,481202,1084,96094,2320,531385,1429,457106,891,74279,401,45911,208,24096,193,21815
PhillipsBridge (US1) ,275400,2535,538852,1529,458470,1006,80382,2260,522190,1390,449632,870,72558,275,16662,139,8838,136,7824
PhillipsBridge (US1) ,277200,2588,550023,1562,464862,1026,85161,2268,524304,1398,451746,870,72558,320,25719,164,13116,156,12603
PhillipsBridge (US1) ,279000,2436,512378,1457,434228,979,78150,2156,495266,1316,425210,840,70056,280,17112,141,9018,139,8094
PhillipsBridge (US1) ,280800,2527,530555,1501,445394,1026,85161,2210,505106,1340,432548,870,72558,317,25449,161,12846,156,12603
PhillipsBridge (US1) ,282600,2526,534958,1518,454396,1008,80562,2248,518056,1378,445498,870,72558,278,16902,140,8898,138,8004
PhillipsBridge (US1) ,284400,2672,560725,1593,464901,1079,95824,2280,520211,1390,445986,890,74225,392,40514,203,18915,189,21599
PhillipsBridge (US1) ,286200,2503,528216,1495,447654,1008,80562,2226,511374,1356,438816,870,72558,277,16842,139,8838,138,8004
PhillipsBridge (US1) ,288000,2487,525241,1492,442636,995,82605,2170,499756,1330,429700,840,70056,317,25485,162,12936,155,12549
PhillipsBridge (US1) ,289800,2514,532194,1507,451698,1007,80496,2238,515430,1368,442872,870,72558,276,16764,139,8826,137,7938
PhillipsBridge (US1) ,291600,2562,542943,1536,457770,1026,85173,2244,517380,1374,444822,870,72558,318,25563,162,12948,156,12615
PhillipsBridge (US1) ,293400,2543,538318,1521,446126,1022,92192,2166,499158,1326,429102,840,70056,377,39160,195,17024,182,22136
PhillipsBridge (US1) ,295200,2535,532619,1508,447404,1027,85215,2216,507056,1346,434498,870,72558,319,25563,162,12906,157,12657
PhillipsBridge (US1) ,297000,2456,520490,1479,442496,977,77994,2180,503726,1340,433670,840,70056,276,16764,139,8826,137,7938
PhillipsBridge (US1) ,298800,2583,545667,1544,456253,1039,89414,2230,513160,1360,440602,870,72558,353,32507,184,15651,169,16856
PhillipsBridge (US1) ,300600,2603,550433,1575,468180,1028,82253,2322,533219,1432,458994,890,74225,281,17214,143,9186,138,8028
PhillipsBridge (US1) ,302400,2558,541415,1531,456212,1027,85203,2241,516008,1370,443384,871,72624,317,25407,161,12828,156,12579
PhillipsBridge (US1) ,304200,2506,528404,1498,447818,1008,80586,2228,511460,1358,438902,870,72558,278,16944,140,8916,138,8028
PhillipsBridge (US1) ,306000,2483,524979,1487,442308,996,82671,2166,499506,1326,429450,840,70056,317,25473,161,12858,156,12615
PhillipsBridge (US1) ,307800,2628,552805,1572,468230,1056,84575,2354,536221,1434,459494,920,76727,274,16584,138,8736,136,7848
PhillipsBridge (US1) ,309600,2562,542665,1534,457336,1028,85329,2243,517012,1372,444388,871,72624,319,25653,162,12948,157,12705
PhillipsBridge (US1) ,311400,2441,514496,1463,436448,978,78048,2164,497672,1323,427562,841,70110,277,16824,140,8886,137,7938
PhillipsBridge (US1) ,313200,2579,542825,1535,452308,1044,90517,2220,508998,1350,436440,870,72558,359,33827,185,15868,174,17959
PhillipsBridge (US1) ,315000,2419,507864,1441,429816,978,78048,2142,491046,1302,420990,840,70056,277,16818,139,8826,138,7992
PhillipsBridge (US1) ,316800,2535,534545,1511,449552,1024,84993,2222,509432,1352,436874,870,72558,313,25113,159,12678,154,12435
PhillipsBridge (US1) ,318600,2556,544062,1546,463296,1010,80766,2274,526758,1404,454200,870,72558,282,17304,142,9096,140,8208
PhillipsBridge (US1) ,320400,2614,549066,1566,462039,1048,87027,2294,523165,1404,448940,890,74225,320,25901,162,13099,158,12802
PhillipsBridge (US1) ,322200,2487,521964,1478,441312,1009,80652,2208,504942,1338,432384,870,72558,279,17022,140,8928,139,8094
PhillipsBridge (US1) ,324000,2554,540825,1529,455718,1025,85107,2238,515430,1368,442872,870,72558,316,25395,161,12846,155,12549
PhillipsBridge (US1) ,325800,2566,533023,1511,441035,1055,91988,2126,486236,1286,416180,840,70056,440,46787,225,24855,215,21932
PhillipsBridge (US1) ,327600,2600,550137,1558,460537,1042,89600,2248,517786,1378,445228,870,72558,352,32351,180,15309,172,17042
PhillipsBridge (US1) ,329400,2427,511584,1451,433704,976,77880,2154,495102,1314,425046,840,70056,273,16482,137,8658,136,7824
PhillipsBridge (US1) ,331200,2521,528481,1493,443140,1028,85341,2200,502672,1330,430114,870,72558,321,25809,163,13026,158,12783
PhillipsBridge (US1) ,333000,2519,534120,1512,453648,1007,80472,2244,517458,1374,444900,870,72558,275,16662,138,8748,137,7914
PhillipsBridge (US1) ,334800,2486,525167,1490,442472,996,82695,2168,499592,1328,429536,840,70056,318,25575,162,12936,156,12639
PhillipsBridge (US1) ,336600,2497,525840,1489,445278,1008,80562,2220,508998,1350,436440,870,72558,277,16842,139,8838,138,8004
PhillipsBridge (US1) ,338400,2475,522451,1480,439846,995,82605,2158,496966,1318,426910,840,70056,317,25485,162,12936,155,12549
PhillipsBridge (US1) ,340200,2646,557733,1588,472978,1058,84755,2368,540789,1448,464062,920,76727,278,16944,140,8916,138,8028
PhillipsBridge (US1) ,342000,2589,546578,1541,456123,1048,90455,2222,509084,1352,436526,870,72558,367,37494,189,19597,178,17897
PhillipsBridge (US1) ,343800,2424,509822,1445,431708,979,78114,2144,492746,1304,422690,840,70056,280,17076,141,9018,139,8058
PhillipsBridge (US1) ,345600,2596,549842,1554,460206,1042,89636,2242,516946,1372,444388,870,72558,354,32896,182,15818,172,17078
PhillipsBridge (US1) ,347400,2437,513878,1460,435908,977,77970,2162,497216,1322,427160,840,70056,275,16662,138,8748,137,7914
PhillipsBridge (US1) ,349200,2526,530517,1501,445410,1025,85107,2208,504942,1338,432384,870,72558,318,25575,163,13026,155,12549
PhillipsBridge (US1) ,351000,2508,530076,1501,449604,1007,80472,2232,513324,1362,440766,870,72558,276,16752,139,8838,137,7914
PhillipsBridge (US1) ,352800,2464,518501,1467,435716,997,82785,2144,492746,1304,422690,840,70056,320,25755,163,13026,157,12729
PhillipsBridge (US1) ,354600,2812,616818,1688,517189,1124,99629,2384,545173,1464,468446,920,76727,428,71645,224,48743,204,22902
PhillipsBridge (US1) ,356400,2517,529843,1504,442679,1013,87164,2162,497294,1322,427238,840,70056,355,32549,182,15441,173,17108
PhillipsBridge (US1) ,358200,2518,532538,1510,451952,1008,80586,2240,515594,1370,443036,870,72558,278,16944,140,8916,138,8028
PhillipsBridge (US1) ,360000,2707,568249,1614,474386,1093,93863,2352,534521,1432,457794,920,76727,355,33728,182,16592,173,17136
PhillipsBridge (US1) ,361800,2506,534417,1509,451768,997,82649,2187,505568,1347,435512,840,70056,319,28849,162,16256,157,12593
PhillipsBridge (US1) ,363600,2564,543307,1537,458104,1027,85203,2248,517960,1377,445336,871,72624,316,25347,160,12768,156,12579
PhillipsBridge (US1) ,365400,2433,512152,1454,433978,979,78174,2152,494938,1312,424882,840,70056,281,17214,142,9096,139,8118
PhillipsBridge (US1) ,367200,2518,528127,1491,442936,1027,85191,2202,502780,1331,430168,871,72612,316,25347,160,12768,156,12579
PhillipsBridge (US1) ,369000,2460,520762,1482,442714,978,78048,2184,503998,1343,433888,841,70110,276,16764,139,8826,137,7938
PhillipsBridge (US1) ,370800,2566,539368,1525,449810,1041,89558,2212,506728,1342,434170,870,72558,354,32640,183,15640,171,17000
PhillipsBridge (US1) ,372600,2602,551847,1575,469684,1027,82163,2326,535083,1436,460858,890,74225,276,16764,139,8826,137,7938
PhillipsBridge (US1) ,374400,2468,520207,1472,437572,996,82635,2152,494860,1312,424804,840,70056,316,25347,160,12768,156,12579
PhillipsBridge (US1) ,376200,2529,535000,1521,454414,1008,80586,2248,517786,1378,445228,870,72558,281,17214,143,9186,138,8028
PhillipsBridge (US1) ,378000,2559,541145,1532,455894,1027,85251,2240,515516,1370,442958,870,72558,319,25629,162,12936,157,12693
PhillipsBridge (US1) ,379800,2524,533555,1502,441422,1022,92133,2150,494774,1310,424718,840,70056,374,38781,192,16704,182,22077
PhillipsBridge (US1) ,381600,2562,543069,1538,458016,1024,85053,2244,517458,1374,444900,870,72558,318,25611,164,13116,154,12495
PhillipsBridge (US1) ,383400,2447,516598,1469,438538,978,78060,2170,499756,1330,429700,840,70056,277,16842,139,8838,138,8004
PhillipsBridge (US1) ,385200,2546,532731,1505,443185,1041,89546,2194,500374,1324,427816,870,72558,352,32357,181,15369,171,16988
PhillipsBridge (US1) ,387000,2581,543555,1552,461236,1029,82319,2303,526611,1412,452320,891,74291,278,16944,140,8916,138,8028
PhillipsBridge (US1) ,388800,2557,541051,1532,455968,1025,85083,2242,515758,1372,443200,870,72558,315,25293,160,12768,155,12525
PhillipsBridge (US1) ,390600,2470,517580,1462,436994,1008,80586,2192,500636,1322,428078,870,72558,278,16944,140,8916,138,8028
PhillipsBridge (US1) ,392400,2520,537820,1521,454226,999,83594,2198,511190,1358,441134,840,70056,322,26630,163,13092,159,13538
PhillipsBridge (US1) ,394200,2599,548061,1565,465337,1034,82724,2320,531063,1425,456421,895,74642,279,16998,140,8916,139,8082
PhillipsBridge (US1) ,396000,2498,529289,1503,446708,995,82581,2180,503726,1340,433670,840,70056,318,25563,163,13038,155,12525
PhillipsBridge (US1) ,397800,2508,528236,1500,447650,1008,80586,2228,511112,1358,438554,870,72558,280,17124,142,9096,138,8028
PhillipsBridge (US1) ,399600,2586,546034,1546,456566,1040,89468,2236,513730,1366,441172,870,72558,350,32304,180,15394,170,16910
PhillipsBridge (US1) ,401400,2452,518642,1474,440558,978,78084,2174,501698,1334,431642,840,70056,278,16944,140,8916,138,8028
PhillipsBridge (US1) ,403200,2557,540973,1532,455890,1025,85083,2242,515680,1372,443122,870,72558,315,25293,160,12768,155,12525
PhillipsBridge (US1) ,405000,2454,518740,1476,440692,978,78048,2176,501862,1336,431806,840,70056,278,16878,140,8886,138,7992
PhillipsBridge (US1) ,406800,2560,539951,1530,454375,1030,85576,2232,513324,1362,440766,870,72558,328,26627,168,13609,160,13018
PhillipsBridge (US1) ,408600,2471,522102,1479,442881,992,79221,2196,505440,1341,434133,855,71307,275,16662,138,8748,137,7914
PhillipsBridge (US1) ,410400,2622,552632,1576,465768,1046,86864,2304,527057,1414,452832,890,74225,318,25575,162,12936,156,12639
PhillipsBridge (US1) ,412200,2676,562094,1594,467801,1082,94293,2240,515594,1370,443036,870,72558,436,46500,224,24765,212,21735
PhillipsBridge (US1) ,414000,2501,523805,1485,436479,1016,87326,2144,491166,1302,420990,842,70176,357,32639,183,15489,174,17150
PhillipsBridge (US1) ,415800,2509,530166,1501,449604,1008,80562,2232,513324,1362,440766,870,72558,277,16842,139,8838,138,8004
PhillipsBridge (US1) ,417600,2524,529989,1499,444882,1025,85107,2208,504594,1338,432036,870,72558,316,25395,161,12846,155,12549
PhillipsBridge (US1) ,419400,2435,512180,1457,434120,978,78060,2156,495188,1316,425132,840,70056,279,16992,141,8988,138,8004
PhillipsBridge (US1) ,421200,2560,542853,1535,457746,1025,85107,2244,517458,1374,444900,870,72558,316,25395,161,12846,155,12549
PhillipsBridge (US1) ,423000,2439,515594,1461,437534,978,78060,2162,498752,1322,428696,840,70056,277,16842,139,8838,138,8004
PhillipsBridge (US1) ,424800,2574,545901,1548,460704,1026,85197,2256,520326,1386,447768,870,72558,318,25575,162,12936,156,12639
PhillipsBridge (US1) ,426600,2432,513898,1456,435994,976,77904,2158,497314,1318,427258,840,70056,274,16584,138,8736,136,7848
PhillipsBridge (US1) ,428400,2569,539957,1519,449685,1050,90272,2198,502508,1328,429950,870,72558,371,37449,191,19735,180,17714
PhillipsBridge (US1) ,430200,2505,528014,1498,447518,1007,80496,2228,511190,1358,438632,870,72558,277,16824,140,8886,137,7938
PhillipsBridge (US1) ,432000,2661,561691,1599,470436,1062,91255,2309,528987,1418,454696,891,74291,352,32704,181,15740,171,16964
PhillipsBridge (US1) ,433800,2519,532572,1510,451932,1009,80640,2240,515538,1369,442926,871,72612,279,17034,141,9006,138,8028
PhillipsBridge (US1) ,435600,2463,518305,1467,435634,996,82671,2146,492832,1306,422776,840,70056,317,25473,161,12858,156,12615
PhillipsBridge (US1) ,437400,2500,527626,1493,447130,1007,80496,2224,510862,1354,438304,870,72558,276,16764,139,8826,137,7938
PhillipsBridge (US1) ,439200,2489,526913,1494,444332,995,82581,2174,501620,1334,431564,840,70056,315,25293,160,12768,155,12525
PhillipsBridge (US1) ,441000,2661,585242,1587,489746,1074,95496,2234,513566,1364,441008,870,72558,427,71676,223,48738,204,22938
PhillipsBridge (US1) ,442800,2722,573328,1630,479547,1092,93781,2370,540953,1450,464226,920,76727,352,32375,180,15321,172,17054
PhillipsBridge (US1) ,444600,2420,507576,1442,429528,978,78048,2142,490698,1302,420642,840,70056,278,16878,140,8886,138,7992
PhillipsBridge (US1) ,446400,2619,553141,1553,458594,1066,94547,2216,507134,1346,434576,870,72558,403,46007,207,24018,196,21989
PhillipsBridge (US1) ,448200,2434,512480,1456,434396,978,78084,2156,495536,1316,425480,840,70056,278,16944,140,8916,138,8028
PhillipsBridge (US1) ,450000,2688,568126,1613,478850,1075,89276,2372,542731,1452,466004,920,76727,316,25395,161,12846,155,12549
PhillipsBridge (US1) ,451800,2481,521362,1474,440890,1007,80472,2206,504700,1336,432142,870,72558,275,16662,138,8748,137,7914
PhillipsBridge (US1) ,453600,2500,529465,1504,446770,996,82695,2182,503890,1342,433834,840,70056,318,25575,162,12936,156,12639
PhillipsBridge (US1) ,455400,2490,523660,1482,443098,1008,80562,2212,506728,1342,434170,870,72558,278,16932,140,8928,138,8004
PhillipsBridge (US1) ,457200,2533,537014,1522,449970,1011,87044,2181,504576,1341,434520,840,70056,352,32438,181,15450,171,16988
PhillipsBridge (US1) ,459000,2478,520094,1470,439532,1008,80562,2201,503252,1331,430694,870,72558,277,16842,139,8838,138,8004
PhillipsBridge (US1) ,460800,2542,535123,1515,449872,1027,85251,2222,509432,1352,436874,870,72558,320,25691,163,12998,157,12693
PhillipsBridge (US1) ,462600,2409,505152,1433,427272,976,77880,2136,488670,1296,418614,840,70056,273,16482,137,8658,136,7824
PhillipsBridge (US1) ,464400,2533,534173,1507,448976,1026,85197,2214,508506,1344,435948,870,72558,319,25667,163,13028,156,12639
PhillipsBridge (US1) ,466200,2608,552378,1556,457683,1052,94695,2234,513488,1364,440930,870,72558,374,38890,192,16753,182,22137
PhillipsBridge (US1) ,468000,2627,554560,1581,467720,1046,86840,2310,529085,1420,454860,890,74225,317,25475,161,12860,156,12615
PhillipsBridge (US1) ,469800,2510,530330,1503,449834,1007,80496,2234,513566,1364,441008,870,72558,276,16764,139,8826,137,7938
PhillipsBridge (US1) ,471600,2518,530748,1503,442703,1015,88045,2160,497130,1320,427074,840,70056,358,33618,183,15629,175,17989
PhillipsBridge (US1) ,473400,2499,525918,1490,445278,1009,80640,2220,508920,1350,436362,870,72558,279,16998,140,8916,139,8082
PhillipsBridge (US1) ,475200,2479,523825,1484,441280,995,82545,2165,498656,1325,428600,840,70056,314,25169,159,12680,155,12489
PhillipsBridge (US1) ,477000,2614,547857,1556,463102,1058,84755,2335,530823,1415,454096,920,76727,279,17034,141,9006,138,8028
PhillipsBridge (US1) ,478800,2534,532675,1508,447526,1026,85149,2217,507200,1346,434576,871,72624,317,25475,162,12950,155,12525
PhillipsBridge (US1) ,480600,2436,512318,1457,434180,979,78138,2158,495374,1317,425264,841,70110,278,16944,140,8916,138,8028
PhillipsBridge (US1) ,482400,2564,543441,1539,458358,1025,85083,2248,518056,1378,445498,870,72558,316,25385,161,12860,155,12525
PhillipsBridge (US1) ,484200,2507,528224,1499,447638,1008,80586,2228,511190,1358,438632,870,72558,279,17034,141,9006,138,8028
PhillipsBridge (US1) ,486000,2610,544337,1550,453202,1060,91135,2260,512001,1370,437776,890,74225,350,32336,180,15426,170,16910
PhillipsBridge (US1) ,487800,2522,532882,1514,452296,1008,80586,2242,515758,1372,443200,870,72558,280,17124,142,9096,138,8028
PhillipsBridge (US1) ,489600,2466,518557,1471,435952,995,82605,2150,493160,1310,423104,840,70056,316,25397,161,12848,155,12549
PhillipsBridge (US1) ,491400,2495,525644,1489,445262,1006,80382,2222,509162,1352,436604,870,72558,273,16482,137,8658,136,7824
PhillipsBridge (US1) ,493200,2587,548653,1554,462855,1033,85798,2256,521784,1386,449226,870,72558,331,26869,168,13629,163,13240
PhillipsBridge (US1) ,495000,2439,515988,1463,438108,976,77880,2166,499506,1326,429450,840,70056,273,16482,137,8658,136,7824
PhillipsBridge (US1) ,496800,2555,539389,1527,454036,1028,85353,2235,513632,1364,441008,871,72624,320,25757,163,13028,157,12729
PhillipsBridge (US1) ,498600,2599,545688,1548,453986,1051,91702,2166,499428,1326,429372,840,70056,433,46260,222,24614,211,21646
PhillipsBridge (US1) ,500400,2577,542187,1535,452503,1042,89684,2223,509576,1352,436952,871,72624,354,32611,183,15551,171,17060
PhillipsBridge (US1) ,502200,2488,523534,1480,442996,1008,80538,2213,506872,1342,434248,871,72624,275,16662,138,8748,137,7914
PhillipsBridge (US1) ,504000,2598,545678,1554,458994,1044,86684,2284,520461,1394,446236,890,74225,314,25217,160,12758,154,12459
PhillipsBridge (US1) ,505800,2473,524954,1488,446297,985,78657,2192,507752,1347,437279,845,70473,281,17202,141,9018,140,8184
PhillipsBridge (US1) ,507600,2536,534301,1512,449284,1024,85017,2222,509084,1352,436526,870,72558,314,25217,160,12758,154,12459
PhillipsBridge (US1) ,509400,2430,511862,1450,433646,980,78216,2151,494840,1310,424718,841,70122,279,17022,140,8928,139,8094
PhillipsBridge (US1) ,511200,2650,555354,1576,466168,1074,89186,2336,530137,1416,453410,920,76727,314,25217,160,12758,154,12459
PhillipsBridge (US1) ,513000,2578,536019,1524,444060,1054,91959,2138,489182,1298,419126,840,70056,440,46837,226,24934,214,21903
PhillipsBridge (US1) ,514800,2577,542634,1527,451999,1050,90635,2206,504778,1336,432220,870,72558,371,37856,191,19779,180,18077
PhillipsBridge (US1) ,516600,2496,525620,1489,445184,1007,80436,2222,509084,1352,436526,870,72558,274,16536,137,8658,137,7878
PhillipsBridge (US1) ,518400,2510,528196,1496,440882,1014,87314,2152,494938,1312,424882,840,70056,358,33258,184,16000,174,17258
PhillipsBridge (US1) ,520200,2493,525402,1487,445020,1006,80382,2220,508920,1350,436362,870,72558,273,16482,137,8658,136,7824
PhillipsBridge (US1) ,522000,2456,514775,1459,431990,997,82785,2136,489018,1296,418962,840,70056,320,25757,163,13028,157,12729
PhillipsBridge (US1) ,523800,2514,532100,1508,451694,1006,80406,2240,515516,1370,442958,870,72558,274,16584,138,8736,136,7848
PhillipsBridge (US1) ,525600,2493,527353,1496,444592,997,82761,2174,501698,1334,431642,840,70056,319,25655,162,12950,157,12705
PhillipsBridge (US1) ,527400,2827,621440,1702,521757,1125,99683,2398,549741,1478,473014,920,76727,429,71699,224,48743,205,22956
PhillipsBridge (US1) ,529200,2567,540961,1528,451583,1039,89378,2220,508998,1350,436440,870,72558,347,31963,178,15143,169,16820
PhillipsBridge (US1) ,531000,2433,510602,1453,432338,980,78264,2150,493238,1310,423182,840,70056,283,17364,143,9156,140,8208
PhillipsBridge (US1) ,532800,2608,550629,1544,456250,1064,94379,2211,505094,1340,432470,871,72624,397,45535,204,23780,193,21755
PhillipsBridge (US1) ,534600,2422,508154,1445,430160,977,77994,2144,491210,1304,421154,840,70056,278,16944,141,9006,137,7938
PhillipsBridge (US1) ,536400,2576,547861,1550,462688,1026,85173,2258,522296,1388,449738,870,72558,318,25565,162,12950,156,12615
PhillipsBridge (US1) ,538200,2508,529802,1502,449396,1006,80406,2234,513218,1364,440660,870,72558,274,16584,138,8736,136,7848
PhillipsBridge (US1) ,540000,2636,557206,1589,470276,1047,86930,2316,531461,1426,457236,890,74225,320,25745,163,13040,157,12705
PhillipsBridge (US1) ,541800,2489,523660,1483,443254,1006,80406,2212,506806,1342,434248,870,72558,277,16854,141,9006,136,7848
PhillipsBridge (US1) ,543600,2551,541242,1539,454060,1012,87182,2194,508294,1354,438238,840,70056,357,32948,185,15822,172,17126
PhillipsBridge (US1) ,545400,2478,521120,1472,440714,1006,80406,2204,504536,1334,431978,870,72558,274,16584,138,8736,136,7848
PhillipsBridge (US1) ,547200,2660,557420,1585,468180,1075,89240,2344,532059,1424,455332,920,76727,316,25361,161,12848,155,12513
PhillipsBridge (US1) ,549000,2460,519588,1481,441438,979,78150,2178,502296,1338,432240,840,70056,282,17292,143,9198,139,8094
PhillipsBridge (US1) ,550800,2513,526772,1486,440820,1027,85952,2194,500374,1324,427816,870,72558,319,26398,162,13004,157,13394
PhillipsBridge (US1) ,552600,2532,535024,1508,442724,1024,92300,2153,495788,1313,425732,840,70056,379,39236,195,16992,184,22244
PhillipsBridge (US1) ,554400,2522,527797,1496,442636,1026,85161,2201,501986,1331,429428,870,72558,321,25811,165,13208,156,12603
PhillipsBridge (US1) ,556200,2516,532030,1508,451468,1008,80562,2236,514918,1366,442360,870,72558,280,17112,142,9108,138,8004
PhillipsBridge (US1) ,558000,2525,533971,1514,446891,1011,87080,2172,501456,1332,431400,840,70056,353,32515,182,15491,171,17024
PhillipsBridge (US1) ,559800,2511,531928,1504,451456,1007,80472,2236,515266,1366,442708,870,72558,275,16662,138,8748,137,7914
PhillipsBridge (US1) ,561600,2518,535797,1522,453126,996,82671,2201,510310,1360,440188,841,70122,317,25487,162,12938,155,12549
PhillipsBridge (US1) ,563400,2486,521858,1479,441386,1007,80472,2210,505106,1340,432548,870,72558,276,16752,139,8838,137,7914
PhillipsBridge (US1) ,565200,2662,557984,1586,468618,1076,89366,2344,532407,1424,455680,920,76727,318,25577,162,12938,156,12639
PhillipsBridge (US1) ,567000,2414,505884,1437,427890,977,77994,2136,488940,1296,418884,840,70056,278,16944,141,9006,137,7938
PhillipsBridge (US1) ,568800,2553,539221,1526,453958,1027,85263,2234,513566,1364,441008,870,72558,319,25655,162,12950,157,12705
PhillipsBridge (US1) ,570600,2438,513950,1462,436046,976,77904,2162,497216,1322,427160,840,70056,276,16734,140,8886,136,7848
PhillipsBridge (US1) ,572400,2592,546438,1549,456772,1043,89666,2238,513838,1367,441226,871,72612,354,32600,182,15546,172,17054
PhillipsBridge (US1) ,574200,2623,550859,1565,466128,1058,84731,2347,534095,1426,457302,921,76793,276,16764,139,8826,137,7938
PhillipsBridge (US1) ,576000,2483,524981,1487,442310,996,82671,2166,499506,1326,429450,840,70056,317,25475,161,12860,156,12615
PhillipsBridge (US1) ,577800,2538,537502,1524,456520,1014,80982,2260,520558,1384,447604,876,72954,278,16944,140,8916,138,8028
PhillipsBridge (US1) ,579600,2541,535303,1512,449841,1029,85462,2221,509334,1350,436710,871,72624,320,25969,162,13131,158,12838
PhillipsBridge (US1) ,581400,2502,528565,1502,448700,1000,79865,2223,511543,1362,439772,861,71771,279,17022,140,8928,139,8094
PhillipsBridge (US1) ,583200,2585,543763,1545,457411,1040,86352,2271,518546,1385,444653,886,73893,314,25217,160,12758,154,12459
PhillipsBridge (US1) ,585000,2463,521012,1480,442598,983,78414,2184,503990,1340,433670,844,70320,279,17022,140,8928,139,8094
PhillipsBridge (US1) ,586800,2485,523559,1483,437430,1002,86129,2135,491380,1303,422149,832,69231,350,32179,180,15281,170,16898
PhillipsBridge (US1) ,588600,2463,522928,1486,444958,977,77970,2188,506266,1348,436210,840,70056,275,16662,138,8748,137,7914
PhillipsBridge (US1) ,590400,2524,528741,1494,443280,1030,85461,2201,502816,1330,430192,871,72624,323,25925,164,13088,159,12837
PhillipsBridge (US1) ,592200,2459,522522,1482,444552,977,77970,2184,505860,1344,435804,840,70056,275,16662,138,8748,137,7914
PhillipsBridge (US1) ,594000,2530,530863,1503,445576,1027,85287,2210,505106,1340,432548,870,72558,320,25757,163,13028,157,12729
PhillipsBridge (US1) ,595800,2511,531850,1504,451378,1007,80472,2236,515188,1366,442630,870,72558,275,16662,138,8748,137,7914
PhillipsBridge (US1) ,597600,2476,522527,1481,439922,995,82605,2160,497130,1320,427074,840,70056,316,25397,161,12848,155,12549
PhillipsBridge (US1) ,599400,2680,563950,1597,469580,1083,94370,2242,517294,1372,444736,870,72558,438,46656,225,24844,213,21812
PhillipsBridge (US1) ,601200,2679,566340,1611,474581,1068,91759,2312,529249,1422,455024,890,74225,367,37091,189,19557,178,17534
PhillipsBridge (US1) ,603000,2480,519796,1471,439120,1009,80676,2200,502672,1330,430114,870,72558,280,17124,141,9006,139,8118
