Device,StartTime,Frames,Bytes,TxFrames,TxBytes,RxFrames,RxBytes,LanFrames,LanBytes,LanTxFrames,LanTxBytes,LanRxFrames,LanRxBytes,WanFrames,WanBytes,WanTxFrames,WanTxBytes,WanRxFrames,WanRxBytes
MetaquestPro(US1-2) ,0,9599,22015420,4905,765389,4694,21250031,0,0,0,0,0,0,9599,22015420,4905,765389,4694,21250031
MetaquestPro(US1-2) ,1800,4346,1985250,2335,1196672,2011,788578,2,132,1,78,1,54,4344,1985118,2334,1196594,2010,788524
MetaquestPro(US1-2) ,3600,3155,1344486,1619,598199,1536,746287,0,0,0,0,0,0,3155,1344486,1619,598199,1536,746287
MetaquestPro(US1-2) ,5400,6802,12508535,3316,554403,3486,11954132,0,0,0,0,0,0,6802,12508535,3316,554403,3486,11954132
MetaquestPro(US1-2) ,7200,2653,1167813,1394,630526,1259,537287,0,0,0,0,0,0,2653,1167813,1394,630526,1259,537287
MetaquestPro(US1-2) ,9000,2659,1186610,1405,572689,1254,613921,0,0,0,0,0,0,2659,1186610,1405,572689,1254,613921
MetaquestPro(US1-2) ,10800,2757,1158347,1417,504375,1340,653972,0,0,0,0,0,0,2757,1158347,1417,504375,1340,653972
MetaquestPro(US1-2) ,12600,2508,954667,1257,419968,1251,534699,0,0,0,0,0,0,2508,954667,1257,419968,1251,534699
MetaquestPro(US1-2) ,14400,2647,1222345,1382,519112,1265,703233,0,0,0,0,0,0,2647,1222345,1382,519112,1265,703233
MetaquestPro(US1-2) ,16200,2466,1002747,1271,435540,1195,567207,0,0,0,0,0,0,2466,1002747,1271,435540,1195,567207
MetaquestPro(US1-2) ,18000,3273,1626949,1738,939693,1535,687256,0,0,0,0,0,0,3273,1626949,1738,939693,1535,687256
MetaquestPro(US1-2) ,19800,2423,1100448,1271,527538,1152,572910,0,0,0,0,0,0,2423,1100448,1271,527538,1152,572910
MetaquestPro(US1-2) ,21600,1886,751042,973,258272,913,492770,0,0,0,0,0,0,1886,751042,973,258272,913,492770
MetaquestPro(US1-2) ,23400,2109,877086,1103,391931,1006,485155,0,0,0,0,0,0,2109,877086,1103,391931,1006,485155
MetaquestPro(US1-2) ,25200,2655,1198488,1416,568254,1239,630234,0,0,0,0,0,0,2655,1198488,1416,568254,1239,630234
MetaquestPro(US1-2) ,27000,2659,1107839,1403,491540,1256,616299,0,0,0,0,0,0,2659,1107839,1403,491540,1256,616299
MetaquestPro(US1-2) ,28800,2537,1078573,1282,431604,1255,646969,0,0,0,0,0,0,2537,1078573,1282,431604,1255,646969
MetaquestPro(US1-2) ,30600,1862,755976,945,275681,917,480295,0,0,0,0,0,0,1862,755976,945,275681,917,480295
MetaquestPro(US1-2) ,32400,2496,1133351,1294,472370,1202,660981,0,0,0,0,0,0,2496,1133351,1294,472370,1202,660981
MetaquestPro(US1-2) ,34200,3245,1675873,1764,1029107,1481,646766,0,0,0,0,0,0,3245,1675873,1764,1029107,1481,646766
MetaquestPro(US1-2) ,36000,2238,1024821,1185,462200,1053,562621,0,0,0,0,0,0,2238,1024821,1185,462200,1053,562621
MetaquestPro(US1-2) ,37800,2039,800977,1075,324020,964,476957,0,0,0,0,0,0,2039,800977,1075,324020,964,476957
MetaquestPro(US1-2) ,39600,3403,1583245,1840,832457,1563,750788,6,396,3,234,3,162,3397,1582849,1837,832223,1560,750626
MetaquestPro(US1-2) ,41400,2554,1014915,1330,434243,1224,580672,0,0,0,0,0,0,2554,1014915,1330,434243,1224,580672
MetaquestPro(US1-2) ,43200,2574,1055735,1318,407743,1256,647992,0,0,0,0,0,0,2574,1055735,1318,407743,1256,647992
MetaquestPro(US1-2) ,45000,3011,1308429,1592,641913,1419,666516,0,0,0,0,0,0,3011,1308429,1592,641913,1419,666516
MetaquestPro(US1-2) ,46800,2656,1069791,1377,472218,1279,597573,0,0,0,0,0,0,2656,1069791,1377,472218,1279,597573
MetaquestPro(US1-2) ,48600,2212,828657,1119,344261,1093,484396,0,0,0,0,0,0,2212,828657,1119,344261,1093,484396
MetaquestPro(US1-2) ,50400,2695,1134521,1403,437277,1292,697244,0,0,0,0,0,0,2695,1134521,1403,437277,1292,697244
MetaquestPro(US1-2) ,52200,3371,1743095,1832,1083528,1539,659567,0,0,0,0,0,0,3371,1743095,1832,1083528,1539,659567
MetaquestPro(US1-2) ,54000,2523,1018009,1285,389128,1238,628881,0,0,0,0,0,0,2523,1018009,1285,389128,1238,628881
MetaquestPro(US1-2) ,55800,2902,1288324,1522,676184,1380,612140,0,0,0,0,0,0,2902,1288324,1522,676184,1380,612140
MetaquestPro(US1-2) ,57600,2778,1216041,1421,542850,1357,673191,0,0,0,0,0,0,2778,1216041,1421,542850,1357,673191
MetaquestPro(US1-2) ,59400,2264,870200,1143,359190,1121,511010,0,0,0,0,0,0,2264,870200,1143,359190,1121,511010
MetaquestPro(US1-2) ,61200,3053,1419043,1598,671437,1455,747606,0,0,0,0,0,0,3053,1419043,1598,671437,1455,747606
MetaquestPro(US1-2) ,63000,2676,1112801,1392,496945,1284,615856,0,0,0,0,0,0,2676,1112801,1392,496945,1284,615856
MetaquestPro(US1-2) ,64800,2774,1144625,1458,500991,1316,643634,2,132,1,78,1,54,2772,1144493,1457,500913,1315,643580
MetaquestPro(US1-2) ,66600,2409,975714,1235,430782,1174,544932,0,0,0,0,0,0,2409,975714,1235,430782,1174,544932
MetaquestPro(US1-2) ,68400,2460,1096525,1296,471520,1164,625005,0,0,0,0,0,0,2460,1096525,1296,471520,1164,625005
MetaquestPro(US1-2) ,70200,2996,1496287,1600,910826,1396,585461,0,0,0,0,0,0,2996,1496287,1600,910826,1396,585461
MetaquestPro(US1-2) ,72000,2258,970348,1161,400638,1097,569710,0,0,0,0,0,0,2258,970348,1161,400638,1097,569710
MetaquestPro(US1-2) ,73800,2317,922204,1202,382721,1115,539483,0,0,0,0,0,0,2317,922204,1202,382721,1115,539483
MetaquestPro(US1-2) ,75600,26461,74601313,12339,999192,14122,73602121,0,0,0,0,0,0,26461,74601313,12339,999192,14122,73602121
MetaquestPro(US1-2) ,77400,1896,722139,957,228686,939,493453,0,0,0,0,0,0,1896,722139,957,228686,939,493453
MetaquestPro(US1-2) ,79200,2165,914041,1101,247515,1064,666526,0,0,0,0,0,0,2165,914041,1101,247515,1064,666526
MetaquestPro(US1-2) ,81000,16657,29392750,8231,1706904,8426,27685846,6,396,3,234,3,162,16651,29392354,8228,1706670,8423,27685684
MetaquestPro(US1-2) ,82800,10358,15259417,5097,1813436,5261,13445981,6,396,3,234,3,162,10352,15259021,5094,1813202,5258,13445819
MetaquestPro(US1-2) ,84600,2344,853628,1166,320240,1178,533388,0,0,0,0,0,0,2344,853628,1166,320240,1178,533388
MetaquestPro(US1-2) ,86400,2793,1187366,1438,472137,1355,715229,0,0,0,0,0,0,2793,1187366,1438,472137,1355,715229
MetaquestPro(US1-2) ,88200,3608,1839773,1966,1130597,1642,709176,0,0,0,0,0,0,3608,1839773,1966,1130597,1642,709176
MetaquestPro(US1-2) ,90000,19047,40384263,9335,1284678,9712,39099585,2,132,1,78,1,54,19045,40384131,9334,1284600,9711,39099531
MetaquestPro(US1-2) ,91800,2118,830366,1109,367387,1009,462979,0,0,0,0,0,0,2118,830366,1109,367387,1009,462979
MetaquestPro(US1-2) ,93600,2710,1178631,1429,537817,1281,640814,0,0,0,0,0,0,2710,1178631,1429,537817,1281,640814
MetaquestPro(US1-2) ,95400,2309,865265,1192,364928,1117,500337,0,0,0,0,0,0,2309,865265,1192,364928,1117,500337
MetaquestPro(US1-2) ,97200,2709,1142375,1425,509536,1284,632839,0,0,0,0,0,0,2709,1142375,1425,509536,1284,632839
MetaquestPro(US1-2) ,99000,2375,1001236,1249,443605,1126,557631,0,0,0,0,0,0,2375,1001236,1249,443605,1126,557631
MetaquestPro(US1-2) ,100800,2505,1044046,1320,498295,1185,545751,0,0,0,0,0,0,2505,1044046,1320,498295,1185,545751
MetaquestPro(US1-2) ,102600,1951,729592,983,281376,968,448216,0,0,0,0,0,0,1951,729592,983,281376,968,448216
MetaquestPro(US1-2) ,104400,6936,14312330,3446,711715,3490,13600615,0,0,0,0,0,0,6936,14312330,3446,711715,3490,13600615
MetaquestPro(US1-2) ,106200,3251,1668344,1770,1007472,1481,660872,0,0,0,0,0,0,3251,1668344,1770,1007472,1481,660872
MetaquestPro(US1-2) ,108000,2436,1099442,1278,463509,1158,635933,0,0,0,0,0,0,2436,1099442,1278,463509,1158,635933
MetaquestPro(US1-2) ,109800,1889,768601,964,284051,925,484550,0,0,0,0,0,0,1889,768601,964,284051,925,484550
MetaquestPro(US1-2) ,111600,2629,1218452,1380,576916,1249,641536,0,0,0,0,0,0,2629,1218452,1380,576916,1249,641536
MetaquestPro(US1-2) ,113400,2375,1006684,1204,413182,1171,593502,0,0,0,0,0,0,2375,1006684,1204,413182,1171,593502
MetaquestPro(US1-2) ,115200,2801,1240210,1451,606113,1350,634097,0,0,0,0,0,0,2801,1240210,1451,606113,1350,634097
MetaquestPro(US1-2) ,117000,2132,871860,1090,366091,1042,505769,0,0,0,0,0,0,2132,871860,1090,366091,1042,505769
MetaquestPro(US1-2) ,118800,2600,1187556,1352,549528,1248,638028,0,0,0,0,0,0,2600,1187556,1352,549528,1248,638028
MetaquestPro(US1-2) ,120600,2026,874015,1035,339124,991,534891,0,0,0,0,0,0,2026,874015,1035,339124,991,534891
MetaquestPro(US1-2) ,122400,2513,1089410,1327,479114,1186,610296,0,0,0,0,0,0,2513,1089410,1327,479114,1186,610296
MetaquestPro(US1-2) ,124200,2821,1402180,1524,802149,1297,600031,0,0,0,0,0,0,2821,1402180,1524,802149,1297,600031
MetaquestPro(US1-2) ,126000,3122,1460754,1676,776535,1446,684219,6,396,3,234,3,162,3116,1460358,1673,776301,1443,684057
MetaquestPro(US1-2) ,127800,2597,1121086,1355,511522,1242,609564,0,0,0,0,0,0,2597,1121086,1355,511522,1242,609564
MetaquestPro(US1-2) ,129600,2468,1016373,1269,413011,1199,603362,0,0,0,0,0,0,2468,1016373,1269,413011,1199,603362
MetaquestPro(US1-2) ,131400,2604,1093357,1358,514680,1246,578677,0,0,0,0,0,0,2604,1093357,1358,514680,1246,578677
MetaquestPro(US1-2) ,133200,2526,1056204,1303,413224,1223,642980,2,132,1,78,1,54,2524,1056072,1302,413146,1222,642926
MetaquestPro(US1-2) ,135000,2547,1005868,1325,467083,1222,538785,0,0,0,0,0,0,2547,1005868,1325,467083,1222,538785
MetaquestPro(US1-2) ,136800,2308,925175,1191,364746,1117,560429,0,0,0,0,0,0,2308,925175,1191,364746,1117,560429
MetaquestPro(US1-2) ,138600,2593,1027309,1286,454350,1307,572959,0,0,0,0,0,0,2593,1027309,1286,454350,1307,572959
MetaquestPro(US1-2) ,140400,2598,999001,1279,406723,1319,592278,0,0,0,0,0,0,2598,999001,1279,406723,1319,592278
MetaquestPro(US1-2) ,142200,2107,767601,1070,242117,1037,525484,0,0,0,0,0,0,2107,767601,1070,242117,1037,525484
MetaquestPro(US1-2) ,144000,1939,727355,1001,207558,938,519797,0,0,0,0,0,0,1939,727355,1001,207558,938,519797
MetaquestPro(US1-2) ,145800,1950,754092,1017,229635,933,524457,0,0,0,0,0,0,1950,754092,1017,229635,933,524457
MetaquestPro(US1-2) ,147600,1967,755337,1019,241341,948,513996,0,0,0,0,0,0,1967,755337,1019,241341,948,513996
MetaquestPro(US1-2) ,149400,2079,792593,1052,244797,1027,547796,0,0,0,0,0,0,2079,792593,1052,244797,1027,547796
MetaquestPro(US1-2) ,151200,1939,625597,973,186492,966,439105,0,0,0,0,0,0,1939,625597,973,186492,966,439105
MetaquestPro(US1-2) ,153000,2046,744084,1019,229469,1027,514615,0,0,0,0,0,0,2046,744084,1019,229469,1027,514615
MetaquestPro(US1-2) ,154800,2115,758260,1068,217115,1047,541145,0,0,0,0,0,0,2115,758260,1068,217115,1047,541145
MetaquestPro(US1-2) ,156600,1922,747924,994,233982,928,513942,0,0,0,0,0,0,1922,747924,994,233982,928,513942
MetaquestPro(US1-2) ,158400,2088,815218,1076,229796,1012,585422,0,0,0,0,0,0,2088,815218,1076,229796,1012,585422
MetaquestPro(US1-2) ,160200,1921,699592,976,213316,945,486276,0,0,0,0,0,0,1921,699592,976,213316,945,486276
MetaquestPro(US1-2) ,162000,2137,821318,1055,224295,1082,597023,0,0,0,0,0,0,2137,821318,1055,224295,1082,597023
MetaquestPro(US1-2) ,163800,2153,830555,1090,257784,1063,572771,0,0,0,0,0,0,2153,830555,1090,257784,1063,572771
MetaquestPro(US1-2) ,165600,2142,814042,1099,229595,1043,584447,0,0,0,0,0,0,2142,814042,1099,229595,1043,584447
MetaquestPro(US1-2) ,167400,2520,903524,1252,284133,1268,619391,0,0,0,0,0,0,2520,903524,1252,284133,1268,619391
MetaquestPro(US1-2) ,169200,8855,6754918,5188,4926051,3667,1828867,6,396,3,234,3,162,8849,6754522,5185,4925817,3664,1828705
MetaquestPro(US1-2) ,171000,2769,1160957,1408,553246,1361,607711,0,0,0,0,0,0,2769,1160957,1408,553246,1361,607711
MetaquestPro(US1-2) ,172800,2817,1223955,1451,543725,1366,680230,0,0,0,0,0,0,2817,1223955,1451,543725,1366,680230
MetaquestPro(US1-2) ,174600,2725,1078834,1406,485173,1319,593661,0,0,0,0,0,0,2725,1078834,1406,485173,1319,593661
MetaquestPro(US1-2) ,176400,3159,1484639,1675,702406,1484,782233,2,132,1,78,1,54,3157,1484507,1674,702328,1483,782179
MetaquestPro(US1-2) ,178200,2169,825477,1085,274650,1084,550827,0,0,0,0,0,0,2169,825477,1085,274650,1084,550827
MetaquestPro(US1-2) ,180000,3244,1710651,1762,1050381,1482,660270,0,0,0,0,0,0,3244,1710651,1762,1050381,1482,660270
MetaquestPro(US1-2) ,181800,2269,896498,1194,330502,1075,565996,0,0,0,0,0,0,2269,896498,1194,330502,1075,565996
MetaquestPro(US1-2) ,183600,2648,1233727,1390,594558,1258,639169,0,0,0,0,0,0,2648,1233727,1390,594558,1258,639169
MetaquestPro(US1-2) ,185400,2339,993301,1211,441110,1128,552191,0,0,0,0,0,0,2339,993301,1211,441110,1128,552191
MetaquestPro(US1-2) ,187200,2676,1216591,1426,560581,1250,656010,0,0,0,0,0,0,2676,1216591,1426,560581,1250,656010
MetaquestPro(US1-2) ,189000,5034,12476850,2326,397575,2708,12079275,0,0,0,0,0,0,5034,12476850,2326,397575,2708,12079275
MetaquestPro(US1-2) ,190800,2919,1496768,1582,774208,1337,722560,0,0,0,0,0,0,2919,1496768,1582,774208,1337,722560
MetaquestPro(US1-2) ,192600,2503,966751,1275,432354,1228,534397,0,0,0,0,0,0,2503,966751,1275,432354,1228,534397
MetaquestPro(US1-2) ,194400,2111,871954,1061,290615,1050,581339,0,0,0,0,0,0,2111,871954,1061,290615,1050,581339
MetaquestPro(US1-2) ,196200,2563,1184331,1366,586153,1197,598178,0,0,0,0,0,0,2563,1184331,1366,586153,1197,598178
MetaquestPro(US1-2) ,198000,2724,1182047,1413,548248,1311,633799,0,0,0,0,0,0,2724,1182047,1413,548248,1311,633799
MetaquestPro(US1-2) ,199800,2112,769602,1057,246034,1055,523568,0,0,0,0,0,0,2112,769602,1057,246034,1055,523568
MetaquestPro(US1-2) ,201600,1868,774364,939,212001,929,562363,0,0,0,0,0,0,1868,774364,939,212001,929,562363
MetaquestPro(US1-2) ,203400,1873,716400,932,208057,941,508343,0,0,0,0,0,0,1873,716400,932,208057,941,508343
MetaquestPro(US1-2) ,205200,1984,797301,1015,234457,969,562844,0,0,0,0,0,0,1984,797301,1015,234457,969,562844
MetaquestPro(US1-2) ,207000,1881,597076,951,179112,930,417964,0,0,0,0,0,0,1881,597076,951,179112,930,417964
MetaquestPro(US1-2) ,208800,1968,768139,1002,221812,966,546327,0,0,0,0,0,0,1968,768139,1002,221812,966,546327
MetaquestPro(US1-2) ,210600,1885,708712,986,211208,899,497504,0,0,0,0,0,0,1885,708712,986,211208,899,497504
MetaquestPro(US1-2) ,212400,4880,3079140,2785,2304746,2095,774394,6,396,3,234,3,162,4874,3078744,2782,2304512,2092,774232
MetaquestPro(US1-2) ,214200,2429,1006039,1229,412415,1200,593624,0,0,0,0,0,0,2429,1006039,1229,412415,1200,593624
MetaquestPro(US1-2) ,216000,2740,1344251,1406,626175,1334,718076,0,0,0,0,0,0,2740,1344251,1406,626175,1334,718076
MetaquestPro(US1-2) ,217800,2257,887302,1131,343300,1126,544002,0,0,0,0,0,0,2257,887302,1131,343300,1126,544002
MetaquestPro(US1-2) ,219600,2574,1250500,1333,594385,1241,656115,0,0,0,0,0,0,2574,1250500,1333,594385,1241,656115
MetaquestPro(US1-2) ,221400,2468,1049285,1273,434816,1195,614469,2,132,1,78,1,54,2466,1049153,1272,434738,1194,614415
MetaquestPro(US1-2) ,223200,2132,964188,1091,333397,1041,630791,0,0,0,0,0,0,2132,964188,1091,333397,1041,630791
MetaquestPro(US1-2) ,225000,2582,1139412,1365,586485,1217,552927,0,0,0,0,0,0,2582,1139412,1365,586485,1217,552927
MetaquestPro(US1-2) ,226800,2428,1084460,1254,461917,1174,622543,0,0,0,0,0,0,2428,1084460,1254,461917,1174,622543
MetaquestPro(US1-2) ,228600,2222,929243,1135,405655,1087,523588,0,0,0,0,0,0,2222,929243,1135,405655,1087,523588
MetaquestPro(US1-2) ,230400,2479,1175271,1295,484238,1184,691033,0,0,0,0,0,0,2479,1175271,1295,484238,1184,691033
MetaquestPro(US1-2) ,232200,2259,944239,1149,372856,1110,571383,0,0,0,0,0,0,2259,944239,1149,372856,1110,571383
MetaquestPro(US1-2) ,234000,2292,1135357,1206,511207,1086,624150,0,0,0,0,0,0,2292,1135357,1206,511207,1086,624150
MetaquestPro(US1-2) ,235800,2225,994667,1184,412220,1041,582447,0,0,0,0,0,0,2225,994667,1184,412220,1041,582447
MetaquestPro(US1-2) ,237600,2562,1194668,1372,565124,1190,629544,0,0,0,0,0,0,2562,1194668,1372,565124,1190,629544
MetaquestPro(US1-2) ,239400,1859,703752,994,312109,865,391643,0,0,0,0,0,0,1859,703752,994,312109,865,391643
MetaquestPro(US1-2) ,241200,2321,955468,1217,402995,1104,552473,0,0,0,0,0,0,2321,955468,1217,402995,1104,552473
MetaquestPro(US1-2) ,243000,2627,1212787,1406,595954,1221,616833,0,0,0,0,0,0,2627,1212787,1406,595954,1221,616833
MetaquestPro(US1-2) ,244800,2081,901592,1099,340514,982,561078,0,0,0,0,0,0,2081,901592,1099,340514,982,561078
MetaquestPro(US1-2) ,246600,2246,953260,1184,426867,1062,526393,0,0,0,0,0,0,2246,953260,1184,426867,1062,526393
MetaquestPro(US1-2) ,248400,2108,929311,1097,315415,1011,613896,0,0,0,0,0,0,2108,929311,1097,315415,1011,613896
MetaquestPro(US1-2) ,250200,2525,1135676,1342,571718,1183,563958,0,0,0,0,0,0,2525,1135676,1342,571718,1183,563958
MetaquestPro(US1-2) ,252000,2242,1006999,1193,493667,1049,513332,0,0,0,0,0,0,2242,1006999,1193,493667,1049,513332
MetaquestPro(US1-2) ,253800,2046,874732,1094,390033,952,484699,0,0,0,0,0,0,2046,874732,1094,390033,952,484699
MetaquestPro(US1-2) ,255600,3625,2163682,1863,674324,1762,1489358,6,396,3,234,3,162,3619,2163286,1860,674090,1759,1489196
MetaquestPro(US1-2) ,257400,2886,1332985,1516,692613,1370,640372,0,0,0,0,0,0,2886,1332985,1516,692613,1370,640372
MetaquestPro(US1-2) ,259200,2202,906931,1107,302177,1095,604754,0,0,0,0,0,0,2202,906931,1107,302177,1095,604754
MetaquestPro(US1-2) ,261000,2541,1138721,1322,563416,1219,575305,0,0,0,0,0,0,2541,1138721,1322,563416,1219,575305
MetaquestPro(US1-2) ,262800,2454,1070323,1241,366709,1213,703614,2,132,1,78,1,54,2452,1070191,1240,366631,1212,703560
MetaquestPro(US1-2) ,264600,2457,1157701,1311,605119,1146,552582,0,0,0,0,0,0,2457,1157701,1311,605119,1146,552582
MetaquestPro(US1-2) ,266400,2124,1049906,1106,391974,1018,657932,0,0,0,0,0,0,2124,1049906,1106,391974,1018,657932
MetaquestPro(US1-2) ,268200,2094,957399,1132,469110,962,488289,0,0,0,0,0,0,2094,957399,1132,469110,962,488289
MetaquestPro(US1-2) ,270000,2459,1210010,1329,549755,1130,660255,0,0,0,0,0,0,2459,1210010,1329,549755,1130,660255
MetaquestPro(US1-2) ,271800,1766,730398,933,304377,833,426021,0,0,0,0,0,0,1766,730398,933,304377,833,426021
MetaquestPro(US1-2) ,273600,2180,1050196,1170,465804,1010,584392,0,0,0,0,0,0,2180,1050196,1170,465804,1010,584392
MetaquestPro(US1-2) ,275400,2006,824811,1055,406010,951,418801,0,0,0,0,0,0,2006,824811,1055,406010,951,418801
MetaquestPro(US1-2) ,277200,2444,1226263,1287,543260,1157,683003,0,0,0,0,0,0,2444,1226263,1287,543260,1157,683003
MetaquestPro(US1-2) ,279000,3235,1453641,1700,707945,1535,745696,0,0,0,0,0,0,3235,1453641,1700,707945,1535,745696
MetaquestPro(US1-2) ,280800,2576,1291546,1368,588065,1208,703481,0,0,0,0,0,0,2576,1291546,1368,588065,1208,703481
MetaquestPro(US1-2) ,282600,1869,821557,988,325499,881,496058,0,0,0,0,0,0,1869,821557,988,325499,881,496058
MetaquestPro(US1-2) ,284400,2313,1087800,1258,491639,1055,596161,0,0,0,0,0,0,2313,1087800,1258,491639,1055,596161
MetaquestPro(US1-2) ,286200,2047,961963,1067,442212,980,519751,0,0,0,0,0,0,2047,961963,1067,442212,980,519751
MetaquestPro(US1-2) ,288000,2553,1249040,1349,575034,1204,674006,0,0,0,0,0,0,2553,1249040,1349,575034,1204,674006
MetaquestPro(US1-2) ,289800,1755,724327,903,268466,852,455861,0,0,0,0,0,0,1755,724327,903,268466,852,455861
MetaquestPro(US1-2) ,291600,2376,1141863,1288,573390,1088,568473,0,0,0,0,0,0,2376,1141863,1288,573390,1088,568473
MetaquestPro(US1-2) ,293400,1798,773341,986,345129,812,428212,0,0,0,0,0,0,1798,773341,986,345129,812,428212
MetaquestPro(US1-2) ,295200,1699,794827,900,260000,799,534827,0,0,0,0,0,0,1699,794827,900,260000,799,534827
MetaquestPro(US1-2) ,297000,2131,984187,1174,493561,957,490626,0,0,0,0,0,0,2131,984187,1174,493561,957,490626
MetaquestPro(US1-2) ,298800,2950,1500732,1624,839452,1326,661280,6,396,3,234,3,162,2944,1500336,1621,839218,1323,661118
MetaquestPro(US1-2) ,300600,1957,857442,1056,379430,901,478012,0,0,0,0,0,0,1957,857442,1056,379430,901,478012
MetaquestPro(US1-2) ,302400,1809,836416,974,358864,835,477552,0,0,0,0,0,0,1809,836416,974,358864,835,477552
MetaquestPro(US1-2) ,304200,1949,869982,1049,371027,900,498955,0,0,0,0,0,0,1949,869982,1049,371027,900,498955
MetaquestPro(US1-2) ,306000,2374,1129133,1263,409468,1111,719665,2,132,1,78,1,54,2372,1129001,1262,409390,1110,719611
MetaquestPro(US1-2) ,307800,2392,1171165,1324,656637,1068,514528,0,0,0,0,0,0,2392,1171165,1324,656637,1068,514528
MetaquestPro(US1-2) ,309600,2060,997602,1099,419254,961,578348,0,0,0,0,0,0,2060,997602,1099,419254,961,578348
MetaquestPro(US1-2) ,311400,1948,878868,1039,388291,909,490577,0,0,0,0,0,0,1948,878868,1039,388291,909,490577
MetaquestPro(US1-2) ,313200,2191,1064304,1182,428423,1009,635881,0,0,0,0,0,0,2191,1064304,1182,428423,1009,635881
MetaquestPro(US1-2) ,315000,1944,878740,1041,420290,903,458450,0,0,0,0,0,0,1944,878740,1041,420290,903,458450
MetaquestPro(US1-2) ,316800,1751,770119,939,274167,812,495952,0,0,0,0,0,0,1751,770119,939,274167,812,495952
MetaquestPro(US1-2) ,318600,2457,1192182,1321,596293,1136,595889,0,0,0,0,0,0,2457,1192182,1321,596293,1136,595889
MetaquestPro(US1-2) ,320400,2395,1175928,1287,501131,1108,674797,0,0,0,0,0,0,2395,1175928,1287,501131,1108,674797
MetaquestPro(US1-2) ,322200,1809,805089,958,339410,851,465679,0,0,0,0,0,0,1809,805089,958,339410,851,465679
MetaquestPro(US1-2) ,324000,2641,1372021,1407,638197,1234,733824,0,0,0,0,0,0,2641,1372021,1407,638197,1234,733824
MetaquestPro(US1-2) ,325800,1911,873241,1029,406262,882,466979,0,0,0,0,0,0,1911,873241,1029,406262,882,466979
MetaquestPro(US1-2) ,327600,1937,937650,1056,378991,881,558659,0,0,0,0,0,0,1937,937650,1056,378991,881,558659
MetaquestPro(US1-2) ,329400,1936,890333,1054,402054,882,488279,0,0,0,0,0,0,1936,890333,1054,402054,882,488279
MetaquestPro(US1-2) ,331200,1937,875910,1014,279191,923,596719,0,0,0,0,0,0,1937,875910,1014,279191,923,596719
MetaquestPro(US1-2) ,333000,2078,948654,1103,432378,975,516276,0,0,0,0,0,0,2078,948654,1103,432378,975,516276
MetaquestPro(US1-2) ,334800,2489,1276676,1332,619301,1157,657375,0,0,0,0,0,0,2489,1276676,1332,619301,1157,657375
MetaquestPro(US1-2) ,336600,2205,1033460,1179,481286,1026,552174,0,0,0,0,0,0,2205,1033460,1179,481286,1026,552174
MetaquestPro(US1-2) ,338400,2067,996066,1093,403533,974,592533,0,0,0,0,0,0,2067,996066,1093,403533,974,592533
MetaquestPro(US1-2) ,340200,2094,888331,1105,417484,989,470847,0,0,0,0,0,0,2094,888331,1105,417484,989,470847
MetaquestPro(US1-2) ,342000,3569,2339759,1868,853996,1701,1485763,6,396,3,234,3,162,3563,2339363,1865,853762,1698,1485601
MetaquestPro(US1-2) ,343800,2399,1167891,1289,544197,1110,623694,0,0,0,0,0,0,2399,1167891,1289,544197,1110,623694
MetaquestPro(US1-2) ,345600,1978,911327,1020,343789,958,567538,0,0,0,0,0,0,1978,911327,1020,343789,958,567538
MetaquestPro(US1-2) ,347400,2125,1033185,1111,489961,1014,543224,0,0,0,0,0,0,2125,1033185,1111,489961,1014,543224
MetaquestPro(US1-2) ,349200,2409,1170275,1262,497356,1147,672919,2,132,1,78,1,54,2407,1170143,1261,497278,1146,672865
MetaquestPro(US1-2) ,351000,1870,796278,961,284322,909,511956,0,0,0,0,0,0,1870,796278,961,284322,909,511956
MetaquestPro(US1-2) ,352800,2061,993680,1096,433879,965,559801,0,0,0,0,0,0,2061,993680,1096,433879,965,559801
MetaquestPro(US1-2) ,354600,2313,1082661,1219,541862,1094,540799,0,0,0,0,0,0,2313,1082661,1219,541862,1094,540799
MetaquestPro(US1-2) ,356400,2102,889559,1094,397790,1008,491769,0,0,0,0,0,0,2102,889559,1094,397790,1008,491769
MetaquestPro(US1-2) ,358200,1760,678424,913,291961,847,386463,0,0,0,0,0,0,1760,678424,913,291961,847,386463
MetaquestPro(US1-2) ,360000,2266,1088298,1194,458191,1072,630107,0,0,0,0,0,0,2266,1088298,1194,458191,1072,630107
MetaquestPro(US1-2) ,361800,2542,1185555,1377,628604,1165,556951,0,0,0,0,0,0,2542,1185555,1377,628604,1165,556951
MetaquestPro(US1-2) ,363600,1966,848659,1006,307032,960,541627,0,0,0,0,0,0,1966,848659,1006,307032,960,541627
MetaquestPro(US1-2) ,365400,2583,1263987,1398,657853,1185,606134,0,0,0,0,0,0,2583,1263987,1398,657853,1185,606134
MetaquestPro(US1-2) ,367200,1732,733408,918,244798,814,488610,0,0,0,0,0,0,1732,733408,918,244798,814,488610
MetaquestPro(US1-2) ,369000,1879,835746,1010,384991,869,450755,0,0,0,0,0,0,1879,835746,1010,384991,869,450755
MetaquestPro(US1-2) ,370800,2706,1311636,1436,629299,1270,682337,0,0,0,0,0,0,2706,1311636,1436,629299,1270,682337
MetaquestPro(US1-2) ,372600,1892,816302,981,353873,911,462429,0,0,0,0,0,0,1892,816302,981,353873,911,462429
MetaquestPro(US1-2) ,374400,2103,1045679,1096,446795,1007,598884,0,0,0,0,0,0,2103,1045679,1096,446795,1007,598884
MetaquestPro(US1-2) ,376200,1838,821209,981,326130,857,495079,0,0,0,0,0,0,1838,821209,981,326130,857,495079
MetaquestPro(US1-2) ,378000,2188,1093239,1179,419754,1009,673485,0,0,0,0,0,0,2188,1093239,1179,419754,1009,673485
MetaquestPro(US1-2) ,379800,2224,1053657,1205,567390,1019,486267,0,0,0,0,0,0,2224,1053657,1205,567390,1019,486267
MetaquestPro(US1-2) ,381600,2255,1029979,1180,455984,1075,573995,0,0,0,0,0,0,2255,1029979,1180,455984,1075,573995
MetaquestPro(US1-2) ,383400,1785,713923,925,343812,860,370111,0,0,0,0,0,0,1785,713923,925,343812,860,370111
MetaquestPro(US1-2) ,385200,2880,1415049,1539,795675,1341,619374,6,396,3,234,3,162,2874,1414653,1536,795441,1338,619212
MetaquestPro(US1-2) ,387000,2174,1044310,1120,447512,1054,596798,0,0,0,0,0,0,2174,1044310,1120,447512,1054,596798
MetaquestPro(US1-2) ,388800,2112,949626,1106,437784,1006,511842,0,0,0,0,0,0,2112,949626,1106,437784,1006,511842
MetaquestPro(US1-2) ,390600,1950,888006,1044,404391,906,483615,0,0,0,0,0,0,1950,888006,1044,404391,906,483615
MetaquestPro(US1-2) ,392400,2379,1169125,1275,514987,1104,654138,2,132,1,78,1,54,2377,1168993,1274,514909,1103,654084
MetaquestPro(US1-2) ,394200,1833,787551,932,307848,901,479703,0,0,0,0,0,0,1833,787551,932,307848,901,479703
MetaquestPro(US1-2) ,396000,2478,1219580,1333,589793,1145,629787,0,0,0,0,0,0,2478,1219580,1333,589793,1145,629787
MetaquestPro(US1-2) ,397800,2094,971057,1091,442320,1003,528737,0,0,0,0,0,0,2094,971057,1091,442320,1003,528737
MetaquestPro(US1-2) ,399600,1975,972066,1015,358057,960,614009,0,0,0,0,0,0,1975,972066,1015,358057,960,614009
MetaquestPro(US1-2) ,401400,1819,892874,1021,483804,798,409070,2,132,1,78,1,54,1817,892742,1020,483726,797,409016
MetaquestPro(US1-2) ,403200,2147,923505,1156,387637,991,535868,2,132,1,78,1,54,2145,923373,1155,387559,990,535814
MetaquestPro(US1-2) ,405000,2120,942573,1140,442504,980,500069,0,0,0,0,0,0,2120,942573,1140,442504,980,500069
MetaquestPro(US1-2) ,406800,1978,911946,1064,439105,914,472841,0,0,0,0,0,0,1978,911946,1064,439105,914,472841
MetaquestPro(US1-2) ,408600,1779,813365,951,362621,828,450744,0,0,0,0,0,0,1779,813365,951,362621,828,450744
MetaquestPro(US1-2) ,410400,1907,888602,975,336510,932,552092,0,0,0,0,0,0,1907,888602,975,336510,932,552092
MetaquestPro(US1-2) ,412200,2658,1233898,1431,622185,1227,611713,0,0,0,0,0,0,2658,1233898,1431,622185,1227,611713
MetaquestPro(US1-2) ,414000,2354,1147579,1244,492510,1110,655069,0,0,0,0,0,0,2354,1147579,1244,492510,1110,655069
MetaquestPro(US1-2) ,415800,2195,957258,1144,386461,1051,570797,0,0,0,0,0,0,2195,957258,1144,386461,1051,570797
MetaquestPro(US1-2) ,417600,2228,1011440,1194,444953,1034,566487,0,0,0,0,0,0,2228,1011440,1194,444953,1034,566487
MetaquestPro(US1-2) ,419400,2068,887477,1092,383135,976,504342,0,0,0,0,0,0,2068,887477,1092,383135,976,504342
MetaquestPro(US1-2) ,421200,2123,995939,1140,443830,983,552109,0,0,0,0,0,0,2123,995939,1140,443830,983,552109
MetaquestPro(US1-2) ,423000,2004,889986,1054,367366,950,522620,0,0,0,0,0,0,2004,889986,1054,367366,950,522620
MetaquestPro(US1-2) ,424800,2192,1030251,1192,465524,1000,564727,0,0,0,0,0,0,2192,1030251,1192,465524,1000,564727
MetaquestPro(US1-2) ,426600,2165,966208,1199,542882,966,423326,0,0,0,0,0,0,2165,966208,1199,542882,966,423326
MetaquestPro(US1-2) ,428400,7301,10141893,3489,721567,3812,9420326,6,396,3,234,3,162,7295,10141497,3486,721333,3809,9420164
MetaquestPro(US1-2) ,430200,2573,1270341,1360,629570,1213,640771,0,0,0,0,0,0,2573,1270341,1360,629570,1213,640771
MetaquestPro(US1-2) ,432000,1734,719114,900,313164,834,405950,0,0,0,0,0,0,1734,719114,900,313164,834,405950
MetaquestPro(US1-2) ,433800,2493,1152380,1316,580560,1177,571820,0,0,0,0,0,0,2493,1152380,1316,580560,1177,571820
MetaquestPro(US1-2) ,435600,2449,1174838,1281,511433,1168,663405,2,132,1,78,1,54,2447,1174706,1280,511355,1167,663351
MetaquestPro(US1-2) ,437400,2006,801041,1041,338112,965,462929,0,0,0,0,0,0,2006,801041,1041,338112,965,462929
MetaquestPro(US1-2) ,439200,2083,876693,1090,360202,993,516491,0,0,0,0,0,0,2083,876693,1090,360202,993,516491
MetaquestPro(US1-2) ,441000,2027,838312,1053,350778,974,487534,0,0,0,0,0,0,2027,838312,1053,350778,974,487534
MetaquestPro(US1-2) ,442800,2672,1374546,1462,719556,1210,654990,0,0,0,0,0,0,2672,1374546,1462,719556,1210,654990
MetaquestPro(US1-2) ,444600,1721,708992,879,242058,842,466934,0,0,0,0,0,0,1721,708992,879,242058,842,466934
MetaquestPro(US1-2) ,446400,2140,1038597,1161,521786,979,516811,0,0,0,0,0,0,2140,1038597,1161,521786,979,516811
MetaquestPro(US1-2) ,448200,2095,947830,1087,420729,1008,527101,0,0,0,0,0,0,2095,947830,1087,420729,1008,527101
MetaquestPro(US1-2) ,450000,2079,975001,1100,449846,979,525155,0,0,0,0,0,0,2079,975001,1100,449846,979,525155
MetaquestPro(US1-2) ,451800,2031,1004826,1066,444093,965,560733,0,0,0,0,0,0,2031,1004826,1066,444093,965,560733
MetaquestPro(US1-2) ,453600,2033,1014139,1077,392506,956,621633,0,0,0,0,0,0,2033,1014139,1077,392506,956,621633
MetaquestPro(US1-2) ,455400,2110,1008555,1155,514252,955,494303,0,0,0,0,0,0,2110,1008555,1155,514252,955,494303
MetaquestPro(US1-2) ,457200,2212,1101750,1203,508816,1009,592934,0,0,0,0,0,0,2212,1101750,1203,508816,1009,592934
MetaquestPro(US1-2) ,459000,2048,877267,1066,344645,982,532622,0,0,0,0,0,0,2048,877267,1066,344645,982,532622
MetaquestPro(US1-2) ,460800,2181,1077773,1145,445147,1036,632626,0,0,0,0,0,0,2181,1077773,1145,445147,1036,632626
MetaquestPro(US1-2) ,462600,2004,951230,1075,437821,929,513409,0,0,0,0,0,0,2004,951230,1075,437821,929,513409
MetaquestPro(US1-2) ,464400,1949,959329,1026,402154,923,557175,0,0,0,0,0,0,1949,959329,1026,402154,923,557175
MetaquestPro(US1-2) ,466200,2169,977391,1133,434294,1036,543097,0,0,0,0,0,0,2169,977391,1133,434294,1036,543097
MetaquestPro(US1-2) ,468000,2003,961903,1051,372327,952,589576,0,0,0,0,0,0,2003,961903,1051,372327,952,589576
MetaquestPro(US1-2) ,469800,2335,1185273,1258,610763,1077,574510,0,0,0,0,0,0,2335,1185273,1258,610763,1077,574510
MetaquestPro(US1-2) ,471600,2666,1212762,1430,640199,1236,572563,6,396,3,234,3,162,2660,1212366,1427,639965,1233,572401
MetaquestPro(US1-2) ,473400,2497,1180374,1312,541311,1185,639063,0,0,0,0,0,0,2497,1180374,1312,541311,1185,639063
MetaquestPro(US1-2) ,475200,2083,1013053,1063,371757,1020,641296,0,0,0,0,0,0,2083,1013053,1063,371757,1020,641296
MetaquestPro(US1-2) ,477000,2344,1155824,1238,584560,1106,571264,0,0,0,0,0,0,2344,1155824,1238,584560,1106,571264
MetaquestPro(US1-2) ,478800,2262,1061163,1177,416048,1085,645115,2,132,1,78,1,54,2260,1061031,1176,415970,1084,645061
MetaquestPro(US1-2) ,480600,1943,846135,997,301944,946,544191,0,0,0,0,0,0,1943,846135,997,301944,946,544191
MetaquestPro(US1-2) ,482400,2294,1185924,1222,593858,1072,592066,0,0,0,0,0,0,2294,1185924,1222,593858,1072,592066
MetaquestPro(US1-2) ,484200,2148,981705,1136,462227,1012,519478,0,0,0,0,0,0,2148,981705,1136,462227,1012,519478
MetaquestPro(US1-2) ,486000,2177,970757,1174,399457,1003,571300,0,0,0,0,0,0,2177,970757,1174,399457,1003,571300
MetaquestPro(US1-2) ,487800,1893,870493,981,292322,912,578171,0,0,0,0,0,0,1893,870493,981,292322,912,578171
MetaquestPro(US1-2) ,489600,2182,1078988,1170,536798,1012,542190,0,0,0,0,0,0,2182,1078988,1170,536798,1012,542190
MetaquestPro(US1-2) ,491400,2223,1006715,1213,524211,1010,482504,0,0,0,0,0,0,2223,1006715,1213,524211,1010,482504
MetaquestPro(US1-2) ,493200,1823,790571,948,264275,875,526296,0,0,0,0,0,0,1823,790571,948,264275,875,526296
MetaquestPro(US1-2) ,495000,2453,1281938,1332,676865,1121,605073,0,0,0,0,0,0,2453,1281938,1332,676865,1121,605073
MetaquestPro(US1-2) ,496800,2148,970947,1148,393969,1000,576978,0,0,0,0,0,0,2148,970947,1148,393969,1000,576978
MetaquestPro(US1-2) ,498600,2235,1052017,1187,507224,1048,544793,0,0,0,0,0,0,2235,1052017,1187,507224,1048,544793
MetaquestPro(US1-2) ,500400,2228,1055388,1197,466971,1031,588417,0,0,0,0,0,0,2228,1055388,1197,466971,1031,588417
MetaquestPro(US1-2) ,502200,2066,920486,1096,416844,970,503642,0,0,0,0,0,0,2066,920486,1096,416844,970,503642
MetaquestPro(US1-2) ,504000,2239,1032468,1162,424649,1077,607819,0,0,0,0,0,0,2239,1032468,1162,424649,1077,607819
MetaquestPro(US1-2) ,505800,2525,1204197,1335,548587,1190,655610,0,0,0,0,0,0,2525,1204197,1335,548587,1190,655610
MetaquestPro(US1-2) ,507600,2223,1020330,1163,451457,1060,568873,0,0,0,0,0,0,2223,1020330,1163,451457,1060,568873
MetaquestPro(US1-2) ,509400,1937,822342,1027,357113,910,465229,0,0,0,0,0,0,1937,822342,1027,357113,910,465229
MetaquestPro(US1-2) ,511200,2175,1017568,1152,444318,1023,573250,0,0,0,0,0,0,2175,1017568,1152,444318,1023,573250
MetaquestPro(US1-2) ,513000,2085,947411,1124,419390,961,528021,0,0,0,0,0,0,2085,947411,1124,419390,961,528021
MetaquestPro(US1-2) ,514800,3189,2007393,1651,658157,1538,1349236,6,396,3,234,3,162,3183,2006997,1648,657923,1535,1349074
MetaquestPro(US1-2) ,516600,2456,1145576,1319,538330,1137,607246,0,0,0,0,0,0,2456,1145576,1319,538330,1137,607246
MetaquestPro(US1-2) ,518400,1986,962794,1075,449752,911,513042,0,0,0,0,0,0,1986,962794,1075,449752,911,513042
MetaquestPro(US1-2) ,520200,2262,1008824,1209,457690,1053,551134,0,0,0,0,0,0,2262,1008824,1209,457690,1053,551134
MetaquestPro(US1-2) ,522000,2016,904899,1056,325849,960,579050,2,132,1,78,1,54,2014,904767,1055,325771,959,578996
MetaquestPro(US1-2) ,523800,2301,1050364,1180,419050,1121,631314,0,0,0,0,0,0,2301,1050364,1180,419050,1121,631314
MetaquestPro(US1-2) ,525600,2209,1072011,1208,562269,1001,509742,0,0,0,0,0,0,2209,1072011,1208,562269,1001,509742
MetaquestPro(US1-2) ,527400,2105,956853,1122,497439,983,459414,0,0,0,0,0,0,2105,956853,1122,497439,983,459414
MetaquestPro(US1-2) ,529200,2114,946541,1094,364287,1020,582254,0,0,0,0,0,0,2114,946541,1094,364287,1020,582254
MetaquestPro(US1-2) ,531000,2439,1153969,1292,573902,1147,580067,0,0,0,0,0,0,2439,1153969,1292,573902,1147,580067
MetaquestPro(US1-2) ,532800,2204,1056438,1163,446200,1041,610238,0,0,0,0,0,0,2204,1056438,1163,446200,1041,610238
MetaquestPro(US1-2) ,534600,1902,741765,994,347799,908,393966,0,0,0,0,0,0,1902,741765,994,347799,908,393966
MetaquestPro(US1-2) ,536400,2224,1053659,1160,478610,1064,575049,0,0,0,0,0,0,2224,1053659,1160,478610,1064,575049
MetaquestPro(US1-2) ,538200,2198,1092533,1161,498675,1037,593858,0,0,0,0,0,0,2198,1092533,1161,498675,1037,593858
MetaquestPro(US1-2) ,540000,1851,879673,980,377399,871,502274,0,0,0,0,0,0,1851,879673,980,377399,871,502274
MetaquestPro(US1-2) ,541800,2115,1058033,1131,487464,984,570569,0,0,0,0,0,0,2115,1058033,1131,487464,984,570569
MetaquestPro(US1-2) ,543600,2310,1142074,1229,503610,1081,638464,0,0,0,0,0,0,2310,1142074,1229,503610,1081,638464
MetaquestPro(US1-2) ,545400,2126,900440,1141,401746,985,498694,0,0,0,0,0,0,2126,900440,1141,401746,985,498694
MetaquestPro(US1-2) ,547200,2020,964993,1072,401344,948,563649,0,0,0,0,0,0,2020,964993,1072,401344,948,563649
MetaquestPro(US1-2) ,549000,2162,1015512,1166,510889,996,504623,0,0,0,0,0,0,2162,1015512,1166,510889,996,504623
MetaquestPro(US1-2) ,550800,2007,937069,1086,398895,921,538174,0,0,0,0,0,0,2007,937069,1086,398895,921,538174
MetaquestPro(US1-2) ,552600,2034,913333,1112,415424,922,497909,0,0,0,0,0,0,2034,913333,1112,415424,922,497909
MetaquestPro(US1-2) ,554400,2131,1022808,1125,420048,1006,602760,0,0,0,0,0,0,2131,1022808,1125,420048,1006,602760
MetaquestPro(US1-2) ,556200,1985,906136,1039,420087,946,486049,0,0,0,0,0,0,1985,906136,1039,420087,946,486049
MetaquestPro(US1-2) ,558000,2821,1389026,1486,717163,1335,671863,6,396,3,234,3,162,2815,1388630,1483,716929,1332,671701
MetaquestPro(US1-2) ,559800,2334,1183744,1270,574687,1064,609057,0,0,0,0,0,0,2334,1183744,1270,574687,1064,609057
MetaquestPro(US1-2) ,561600,1794,850930,963,365711,831,485219,0,0,0,0,0,0,1794,850930,963,365711,831,485219
MetaquestPro(US1-2) ,563400,1891,890655,1018,397352,873,493303,0,0,0,0,0,0,1891,890655,1018,397352,873,493303
MetaquestPro(US1-2) ,565200,2312,1164241,1252,517569,1060,646672,2,132,1,78,1,54,2310,1164109,1251,517491,1059,646618
MetaquestPro(US1-2) ,567000,1853,757787,953,285023,900,472764,0,0,0,0,0,0,1853,757787,953,285023,900,472764
MetaquestPro(US1-2) ,568800,2071,937122,1108,472648,963,464474,0,0,0,0,0,0,2071,937122,1108,472648,963,464474
MetaquestPro(US1-2) ,570600,2015,929674,1045,419942,970,509732,0,0,0,0,0,0,2015,929674,1045,419942,970,509732
MetaquestPro(US1-2) ,572400,2370,1170082,1257,512992,1113,657090,0,0,0,0,0,0,2370,1170082,1257,512992,1113,657090
MetaquestPro(US1-2) ,574200,1926,889139,1006,384576,920,504563,0,0,0,0,0,0,1926,889139,1006,384576,920,504563
MetaquestPro(US1-2) ,576000,1815,851635,958,306239,857,545396,0,0,0,0,0,0,1815,851635,958,306239,857,545396
MetaquestPro(US1-2) ,577800,2428,1265093,1318,645266,1110,619827,0,0,0,0,0,0,2428,1265093,1318,645266,1110,619827
MetaquestPro(US1-2) ,579600,1993,840857,1059,310918,934,529939,0,0,0,0,0,0,1993,840857,1059,310918,934,529939
MetaquestPro(US1-2) ,581400,2316,1106572,1249,545229,1067,561343,0,0,0,0,0,0,2316,1106572,1249,545229,1067,561343
MetaquestPro(US1-2) ,583200,2359,1155470,1265,516332,1094,639138,0,0,0,0,0,0,2359,1155470,1265,516332,1094,639138
MetaquestPro(US1-2) ,585000,2020,883165,1052,367220,968,515945,0,0,0,0,0,0,2020,883165,1052,367220,968,515945
MetaquestPro(US1-2) ,586800,2137,1066384,1118,473839,1019,592545,0,0,0,0,0,0,2137,1066384,1118,473839,1019,592545
MetaquestPro(US1-2) ,588600,1739,738733,911,310711,828,428022,0,0,0,0,0,0,1739,738733,911,310711,828,428022
MetaquestPro(US1-2) ,590400,2330,1124137,1237,530522,1093,593615,0,0,0,0,0,0,2330,1124137,1237,530522,1093,593615
MetaquestPro(US1-2) ,592200,1947,797300,1003,345200,944,452100,0,0,0,0,0,0,1947,797300,1003,345200,944,452100
MetaquestPro(US1-2) ,594000,1904,880598,994,344727,910,535871,0,0,0,0,0,0,1904,880598,994,344727,910,535871
MetaquestPro(US1-2) ,595800,2443,1124202,1294,526653,1149,597549,0,0,0,0,0,0,2443,1124202,1294,526653,1149,597549
MetaquestPro(US1-2) ,597600,2289,1229896,1215,584263,1074,645633,0,0,0,0,0,0,2289,1229896,1215,584263,1074,645633
MetaquestPro(US1-2) ,599400,1904,846746,1028,370663,876,476083,0,0,0,0,0,0,1904,846746,1028,370663,876,476083
MetaquestPro(US1-2) ,601200,2858,1919794,1511,586591,1347,1333203,6,396,3,234,3,162,2852,1919398,1508,586357,1344,1333041
MetaquestPro(US1-2) ,603000,7296,12636338,3493,979896,3803,11656442,0,0,0,0,0,0,7296,12636338,3493,979896,3803,11656442
MetaquestPro(US1-2) ,604800,2044,915091,1070,331315,974,583776,0,0,0,0,0,0,2044,915091,1070,331315,974,583776
MetaquestPro(US1-2) ,606600,2089,909303,1101,379043,988,530260,0,0,0,0,0,0,2089,909303,1101,379043,988,530260
MetaquestPro(US1-2) ,608400,2351,1168250,1257,538057,1094,630193,2,132,1,78,1,54,2349,1168118,1256,537979,1093,630139
MetaquestPro(US1-2) ,610200,2108,908958,1135,432866,973,476092,0,0,0,0,0,0,2108,908958,1135,432866,973,476092
MetaquestPro(US1-2) ,612000,2247,1025982,1217,471402,1030,554580,0,0,0,0,0,0,2247,1025982,1217,471402,1030,554580
MetaquestPro(US1-2) ,613800,2125,966980,1140,442238,985,524742,0,0,0,0,0,0,2125,966980,1140,442238,985,524742
MetaquestPro(US1-2) ,615600,2472,1224278,1334,569073,1138,655205,0,0,0,0,0,0,2472,1224278,1334,569073,1138,655205
MetaquestPro(US1-2) ,617400,2047,869838,1092,429488,955,440350,0,0,0,0,0,0,2047,869838,1092,429488,955,440350
MetaquestPro(US1-2) ,619200,2331,1078150,1216,451883,1115,626267,0,0,0,0,0,0,2331,1078150,1216,451883,1115,626267
MetaquestPro(US1-2) ,621000,1724,728386,878,255830,846,472556,0,0,0,0,0,0,1724,728386,878,255830,846,472556
MetaquestPro(US1-2) ,622800,2235,1104332,1172,477364,1063,626968,0,0,0,0,0,0,2235,1104332,1172,477364,1063,626968
MetaquestPro(US1-2) ,624600,2441,1195795,1320,600169,1121,595626,0,0,0,0,0,0,2441,1195795,1320,600169,1121,595626
MetaquestPro(US1-2) ,626400,2410,1218077,1282,537163,1128,680914,0,0,0,0,0,0,2410,1218077,1282,537163,1128,680914
MetaquestPro(US1-2) ,628200,1846,824704,956,324692,890,500012,0,0,0,0,0,0,1846,824704,956,324692,890,500012
MetaquestPro(US1-2) ,630000,1994,1027879,1056,459152,938,568727,0,0,0,0,0,0,1994,1027879,1056,459152,938,568727
MetaquestPro(US1-2) ,631800,2044,895559,1056,340419,988,555140,0,0,0,0,0,0,2044,895559,1056,340419,988,555140
MetaquestPro(US1-2) ,633600,2265,1200729,1228,593764,1037,606965,0,0,0,0,0,0,2265,1200729,1228,593764,1037,606965
MetaquestPro(US1-2) ,635400,1749,743440,901,264146,848,479294,0,0,0,0,0,0,1749,743440,901,264146,848,479294
MetaquestPro(US1-2) ,637200,2449,1199918,1277,577305,1172,622613,0,0,0,0,0,0,2449,1199918,1277,577305,1172,622613
MetaquestPro(US1-2) ,639000,1865,844898,971,352135,894,492763,0,0,0,0,0,0,1865,844898,971,352135,894,492763
MetaquestPro(US1-2) ,640800,2084,1006109,1122,392150,962,613959,0,0,0,0,0,0,2084,1006109,1122,392150,962,613959
MetaquestPro(US1-2) ,642600,2146,967222,1175,491550,971,475672,0,0,0,0,0,0,2146,967222,1175,491550,971,475672
MetaquestPro(US1-2) ,644400,2846,1450045,1559,791322,1287,658723,6,396,3,234,3,162,2840,1449649,1556,791088,1284,658561
MetaquestPro(US1-2) ,646200,2201,1020125,1186,442442,1015,577683,0,0,0,0,0,0,2201,1020125,1186,442442,1015,577683
MetaquestPro(US1-2) ,648000,1757,799509,921,290473,836,509036,0,0,0,0,0,0,1757,799509,921,290473,836,509036
MetaquestPro(US1-2) ,649800,1971,753986,1040,382016,931,371970,0,0,0,0,0,0,1971,753986,1040,382016,931,371970
MetaquestPro(US1-2) ,651600,2833,1473928,1505,728120,1328,745808,2,132,1,78,1,54,2831,1473796,1504,728042,1327,745754
MetaquestPro(US1-2) ,653400,1580,571183,826,202992,754,368191,0,0,0,0,0,0,1580,571183,826,202992,754,368191
MetaquestPro(US1-2) ,655200,2251,1151037,1235,556850,1016,594187,0,0,0,0,0,0,2251,1151037,1235,556850,1016,594187
MetaquestPro(US1-2) ,657000,1979,885677,1070,352780,909,532897,0,0,0,0,0,0,1979,885677,1070,352780,909,532897
MetaquestPro(US1-2) ,658800,2174,1015810,1159,494384,1015,521426,0,0,0,0,0,0,2174,1015810,1159,494384,1015,521426
MetaquestPro(US1-2) ,660600,1596,705657,840,276636,756,429021,0,0,0,0,0,0,1596,705657,840,276636,756,429021
MetaquestPro(US1-2) ,662400,2034,945719,1075,414735,959,530984,0,0,0,0,0,0,2034,945719,1075,414735,959,530984
MetaquestPro(US1-2) ,664200,2113,1064016,1124,489369,989,574647,0,0,0,0,0,0,2113,1064016,1124,489369,989,574647
MetaquestPro(US1-2) ,666000,2107,992559,1118,491346,989,501213,0,0,0,0,0,0,2107,992559,1118,491346,989,501213
MetaquestPro(US1-2) ,667800,2341,1147808,1242,551399,1099,596409,0,0,0,0,0,0,2341,1147808,1242,551399,1099,596409
MetaquestPro(US1-2) ,669600,2364,1162252,1252,497579,1112,664673,0,0,0,0,0,0,2364,1162252,1252,497579,1112,664673
MetaquestPro(US1-2) ,671400,2033,872823,1090,400778,943,472045,0,0,0,0,0,0,2033,872823,1090,400778,943,472045
MetaquestPro(US1-2) ,673200,2290,1017837,1218,411190,1072,606647,0,0,0,0,0,0,2290,1017837,1218,411190,1072,606647
MetaquestPro(US1-2) ,675000,2272,1071476,1213,507491,1059,563985,0,0,0,0,0,0,2272,1071476,1213,507491,1059,563985
MetaquestPro(US1-2) ,676800,2071,942887,1084,371290,987,571597,0,0,0,0,0,0,2071,942887,1084,371290,987,571597
MetaquestPro(US1-2) ,678600,2252,950820,1185,446324,1067,504496,24,1584,12,936,12,648,2228,949236,1173,445388,1055,503848
MetaquestPro(US1-2) ,680400,2197,1053947,1167,422896,1030,631051,0,0,0,0,0,0,2197,1053947,1167,422896,1030,631051
MetaquestPro(US1-2) ,682200,2670,1270056,1438,644435,1232,625621,6,396,3,234,3,162,2664,1269660,1435,644201,1229,625459
MetaquestPro(US1-2) ,684000,2283,1099907,1235,496641,1048,603266,0,0,0,0,0,0,2283,1099907,1235,496641,1048,603266
MetaquestPro(US1-2) ,685800,1911,889013,1033,409463,878,479550,0,0,0,0,0,0,1911,889013,1033,409463,878,479550
MetaquestPro(US1-2) ,687600,3837,2392239,2038,894981,1799,1497258,0,0,0,0,0,0,3837,2392239,2038,894981,1799,1497258
MetaquestPro(US1-2) ,689400,2237,1051980,1195,493465,1042,558515,0,0,0,0,0,0,2237,1051980,1195,493465,1042,558515
MetaquestPro(US1-2) ,691200,8015,12590188,4121,753512,3894,11836676,2,132,1,78,1,54,8013,12590056,4120,753434,3893,11836622
MetaquestPro(US1-2) ,693000,1987,776703,1039,348941,948,427762,0,0,0,0,0,0,1987,776703,1039,348941,948,427762
MetaquestPro(US1-2) ,694800,2105,986925,1095,389231,1010,597694,0,0,0,0,0,0,2105,986925,1095,389231,1010,597694
MetaquestPro(US1-2) ,696600,2207,1023565,1164,473798,1043,549767,0,0,0,0,0,0,2207,1023565,1164,473798,1043,549767
MetaquestPro(US1-2) ,698400,2174,1010528,1142,430446,1032,580082,0,0,0,0,0,0,2174,1010528,1142,430446,1032,580082
MetaquestPro(US1-2) ,700200,2111,932845,1131,412881,980,519964,0,0,0,0,0,0,2111,932845,1131,412881,980,519964
