Device,StartTime,Frames,Bytes,TxFrames,TxBytes,RxFrames,RxBytes,LanFrames,LanBytes,LanTxFrames,LanTxBytes,LanRxFrames,LanRxBytes,WanFrames,WanBytes,WanTxFrames,WanTxBytes,WanRxFrames,WanRxBytes
EchoDot5 (US1) ,0,2082,1284830,1155,1075369,927,209461,2,156,2,156,0,0,2080,1284674,1153,1075213,927,209461
EchoDot5 (US1) ,1800,1737,609816,936,365422,801,244394,1,78,1,78,0,0,1736,609738,935,365344,801,244394
EchoDot5 (US1) ,3600,550,120178,257,48641,293,71537,1,78,1,78,0,0,549,120100,256,48563,293,71537
EchoDot5 (US1) ,5400,1159,651396,613,510080,546,141316,1,78,1,78,0,0,1158,651318,612,510002,546,141316
EchoDot5 (US1) ,7200,625,143597,297,57909,328,85688,1,78,1,78,0,0,624,143519,296,57831,328,85688
EchoDot5 (US1) ,9000,1102,318515,585,128416,517,190099,10,2736,10,2736,0,0,1092,315779,575,125680,517,190099
EchoDot5 (US1) ,10800,1457,771260,774,601161,683,170099,1,78,1,78,0,0,1456,771182,773,601083,683,170099
EchoDot5 (US1) ,12600,595,132483,287,45937,308,86546,1,78,1,78,0,0,594,132405,286,45859,308,86546
EchoDot5 (US1) ,14400,670,155365,332,64813,338,90552,1,78,1,78,0,0,669,155287,331,64735,338,90552
EchoDot5 (US1) ,16200,1820,777143,914,520888,906,256255,245,70718,70,6743,175,63975,1575,706425,844,514145,731,192280
EchoDot5 (US1) ,18000,568,119476,283,40447,285,79029,30,4317,27,2379,3,1938,538,115159,256,38068,282,77091
EchoDot5 (US1) ,19800,696,154447,350,51173,346,103274,1,78,1,78,0,0,695,154369,349,51095,346,103274
EchoDot5 (US1) ,21600,1168,522677,631,398890,537,123787,0,0,0,0,0,0,1168,522677,631,398890,537,123787
EchoDot5 (US1) ,23400,921,247140,474,102245,447,144895,1,78,1,78,0,0,920,247062,473,102167,447,144895
EchoDot5 (US1) ,25200,516,100135,247,31382,269,68753,2,156,2,156,0,0,514,99979,245,31226,269,68753
EchoDot5 (US1) ,27000,1041,452186,556,325481,485,126705,1,78,1,78,0,0,1040,452108,555,325403,485,126705
EchoDot5 (US1) ,28800,598,143274,292,42576,306,100698,1,78,1,78,0,0,597,143196,291,42498,306,100698
EchoDot5 (US1) ,30600,1456,588898,776,391072,680,197826,1,78,1,78,0,0,1455,588820,775,390994,680,197826
EchoDot5 (US1) ,32400,1164,394335,553,213587,611,180748,247,70874,72,6899,175,63975,917,323461,481,206688,436,116773
EchoDot5 (US1) ,34200,1060,359102,572,213099,488,146003,31,4394,28,2456,3,1938,1029,354708,544,210643,485,144065
EchoDot5 (US1) ,36000,909,296766,481,178805,428,117961,3,234,3,234,0,0,906,296532,478,178571,428,117961
EchoDot5 (US1) ,37800,1105,391138,592,249192,513,141946,3,234,3,234,0,0,1102,390904,589,248958,513,141946
EchoDot5 (US1) ,39600,969,299230,438,148499,531,150731,247,70874,72,6899,175,63975,722,228356,366,141600,356,86756
EchoDot5 (US1) ,41400,1164,396893,619,228345,545,168548,31,4394,28,2456,3,1938,1133,392499,591,225889,542,166610
EchoDot5 (US1) ,43200,905,292194,464,180255,441,111939,3,234,3,234,0,0,902,291960,461,180021,441,111939
EchoDot5 (US1) ,45000,700,165969,349,60724,351,105245,3,234,3,234,0,0,697,165735,346,60490,351,105245
EchoDot5 (US1) ,46800,1092,456487,556,325325,536,131162,1,78,1,78,0,0,1091,456409,555,325247,536,131162
EchoDot5 (US1) ,48600,712,178153,354,63658,358,114495,1,78,1,78,0,0,711,178075,353,63580,358,114495
EchoDot5 (US1) ,50400,492,104246,226,48592,266,55654,1,78,1,78,0,0,491,104168,225,48514,266,55654
EchoDot5 (US1) ,52200,1822,862223,912,609450,910,252773,245,70718,70,6743,175,63975,1577,791505,842,602707,735,188798
EchoDot5 (US1) ,54000,786,215322,385,101069,401,114253,1,78,1,78,0,0,785,215244,384,100991,401,114253
EchoDot5 (US1) ,55800,685,162952,342,64664,343,98288,11,968,11,968,0,0,674,161984,331,63696,343,98288
EchoDot5 (US1) ,57600,1378,726395,759,574343,619,152052,19,3348,16,1410,3,1938,1359,723047,743,572933,616,150114
EchoDot5 (US1) ,59400,651,149020,317,46834,334,102186,1,78,1,78,0,0,650,148942,316,46756,334,102186
EchoDot5 (US1) ,61200,849,221548,435,109236,414,112312,1,78,1,78,0,0,848,221470,434,109158,414,112312
EchoDot5 (US1) ,63000,1288,605705,651,448301,637,157404,1,78,1,78,0,0,1287,605627,650,448223,637,157404
EchoDot5 (US1) ,64800,684,164681,335,69524,349,95157,1,78,1,78,0,0,683,164603,334,69446,349,95157
EchoDot5 (US1) ,66600,1224,530482,655,374150,569,156332,3,234,3,234,0,0,1221,530248,652,373916,569,156332
EchoDot5 (US1) ,68400,1252,462903,606,267682,646,195221,257,71764,82,7789,175,63975,995,391139,524,259893,471,131246
EchoDot5 (US1) ,70200,952,324435,516,204440,436,119995,21,3504,18,1566,3,1938,931,320931,498,202874,433,118057
EchoDot5 (US1) ,72000,972,375829,510,232808,462,143021,3,234,3,234,0,0,969,375595,507,232574,462,143021
EchoDot5 (US1) ,73800,1154,430318,614,260711,540,169607,3,234,3,234,0,0,1151,430084,611,260477,540,169607
EchoDot5 (US1) ,75600,1353,532740,654,318241,699,214499,257,71764,82,7789,175,63975,1096,460976,572,310452,524,150524
EchoDot5 (US1) ,77400,731,228881,382,132023,349,96858,20,2858,18,1566,2,1292,711,226023,364,130457,347,95566
EchoDot5 (US1) ,79200,1228,545715,655,380966,573,164749,1,78,1,78,0,0,1227,545637,654,380888,573,164749
EchoDot5 (US1) ,81000,569,129565,275,49653,294,79912,1,78,1,78,0,0,568,129487,274,49575,294,79912
EchoDot5 (US1) ,82800,677,165270,333,58782,344,106488,1,78,1,78,0,0,676,165192,332,58704,344,106488
EchoDot5 (US1) ,84600,1388,653236,754,495674,634,157562,1,78,1,78,0,0,1387,653158,753,495596,634,157562
EchoDot5 (US1) ,86400,906,252411,460,117325,446,135086,1,78,1,78,0,0,905,252333,459,117247,446,135086
EchoDot5 (US1) ,88200,768,209623,379,96384,389,113239,1,78,1,78,0,0,767,209545,378,96306,389,113239
EchoDot5 (US1) ,90000,1683,894223,926,712597,757,181626,1,78,1,78,0,0,1682,894145,925,712519,757,181626
EchoDot5 (US1) ,91800,590,180653,286,45108,304,135545,1,78,1,78,0,0,589,180575,285,45030,304,135545
EchoDot5 (US1) ,93600,924,245511,400,88857,524,156654,255,71608,80,7633,175,63975,669,173903,320,81224,349,92679
EchoDot5 (US1) ,95400,1106,320699,577,144881,529,175818,10,2736,10,2736,0,0,1096,317963,567,142145,529,175818
EchoDot5 (US1) ,97200,1685,877148,919,694549,766,182599,19,3348,16,1410,3,1938,1666,873800,903,693139,763,180661
EchoDot5 (US1) ,99000,500,102949,235,38845,265,64104,1,78,1,78,0,0,499,102871,234,38767,265,64104
EchoDot5 (US1) ,100800,627,133950,304,44278,323,89672,1,78,1,78,0,0,626,133872,303,44200,323,89672
EchoDot5 (US1) ,102600,1293,590201,707,441123,586,149078,1,78,1,78,0,0,1292,590123,706,441045,586,149078
EchoDot5 (US1) ,104400,606,133358,299,38397,307,94961,1,78,1,78,0,0,605,133280,298,38319,307,94961
EchoDot5 (US1) ,106200,1119,498165,599,358533,520,139632,1,78,1,78,0,0,1118,498087,598,358455,520,139632
EchoDot5 (US1) ,108000,786,194373,401,79100,385,115273,1,78,1,78,0,0,785,194295,400,79022,385,115273
EchoDot5 (US1) ,109800,499,96776,237,29005,262,67771,1,78,1,78,0,0,498,96698,236,28927,262,67771
EchoDot5 (US1) ,111600,1094,455153,588,324354,506,130799,1,78,1,78,0,0,1093,455075,587,324276,506,130799
EchoDot5 (US1) ,113400,651,153614,329,49275,322,104339,11,968,11,968,0,0,640,152646,318,48307,322,104339
EchoDot5 (US1) ,115200,728,160791,293,35212,435,125579,244,70652,69,6677,175,63975,484,90139,224,28535,260,61604
EchoDot5 (US1) ,117000,1467,623104,804,422037,663,201067,20,3426,17,1488,3,1938,1447,619678,787,420549,660,199129
EchoDot5 (US1) ,118800,1118,382733,610,238524,508,144209,3,234,3,234,0,0,1115,382499,607,238290,508,144209
EchoDot5 (US1) ,120600,1059,367749,555,226443,504,141306,3,234,3,234,0,0,1056,367515,552,226209,504,141306
EchoDot5 (US1) ,122400,957,323051,505,196998,452,126053,13,1124,13,1124,0,0,944,321927,492,195874,452,126053
EchoDot5 (US1) ,124200,1323,455969,650,242870,673,213099,265,74144,87,8231,178,65913,1058,381825,563,234639,495,147186
EchoDot5 (US1) ,126000,895,307302,472,197222,423,110080,3,234,3,234,0,0,892,307068,469,196988,423,110080
EchoDot5 (US1) ,127800,967,335679,504,193984,463,141695,3,234,3,234,0,0,964,335445,501,193750,463,141695
EchoDot5 (US1) ,129600,1136,382254,537,200039,599,182215,247,70874,72,6899,175,63975,889,311380,465,193140,424,118240
EchoDot5 (US1) ,131400,747,181468,380,67971,367,113497,30,4316,27,2378,3,1938,717,177152,353,65593,364,111559
EchoDot5 (US1) ,133200,1111,423414,583,280831,528,142583,1,78,1,78,0,0,1110,423336,582,280753,528,142583
EchoDot5 (US1) ,135000,613,134311,306,47348,307,86963,1,78,1,78,0,0,612,134233,305,47270,307,86963
EchoDot5 (US1) ,136800,562,128876,263,49432,299,79444,1,78,1,78,0,0,561,128798,262,49354,299,79444
EchoDot5 (US1) ,138600,1249,620764,666,468326,583,152438,1,78,1,78,0,0,1248,620686,665,468248,583,152438
EchoDot5 (US1) ,140400,740,177477,368,74289,372,103188,1,78,1,78,0,0,739,177399,367,74211,372,103188
EchoDot5 (US1) ,142200,612,148681,293,64799,319,83882,1,78,1,78,0,0,611,148603,292,64721,319,83882
EchoDot5 (US1) ,144000,1207,554483,650,404143,557,150340,1,78,1,78,0,0,1206,554405,649,404065,557,150340
EchoDot5 (US1) ,145800,527,118516,246,47182,281,71334,1,78,1,78,0,0,526,118438,245,47104,281,71334
EchoDot5 (US1) ,147600,854,225356,422,102527,432,122829,1,78,1,78,0,0,853,225278,421,102449,432,122829
EchoDot5 (US1) ,149400,1168,618635,618,490138,550,128497,17,3190,14,1252,3,1938,1151,615445,604,488886,547,126559
EchoDot5 (US1) ,151200,1001,257323,449,87064,552,170259,258,71844,83,7869,175,63975,743,185479,366,79195,377,106284
EchoDot5 (US1) ,153000,1580,669497,873,469421,707,200076,2,156,2,156,0,0,1578,669341,871,469265,707,200076
EchoDot5 (US1) ,154800,1096,404053,573,254917,523,149136,3,234,3,234,0,0,1093,403819,570,254683,523,149136
EchoDot5 (US1) ,156600,1097,443272,576,308037,521,135235,3,234,3,234,0,0,1094,443038,573,307803,521,135235
EchoDot5 (US1) ,158400,1447,548275,729,296650,718,251625,274,74388,97,9121,177,65267,1173,473887,632,287529,541,186358
EchoDot5 (US1) ,160200,977,331554,512,185556,465,145998,3,234,3,234,0,0,974,331320,509,185322,465,145998
EchoDot5 (US1) ,162000,1284,541241,681,368700,603,172541,3,234,3,234,0,0,1281,541007,678,368466,603,172541
EchoDot5 (US1) ,163800,1100,450788,590,312320,510,138468,3,234,3,234,0,0,1097,450554,587,312086,510,138468
EchoDot5 (US1) ,165600,1102,385287,575,234529,527,150758,30,4316,27,2378,3,1938,1072,380971,548,232151,524,148820
EchoDot5 (US1) ,167400,859,234401,364,64790,495,169611,245,70718,70,6743,175,63975,614,163683,294,58047,320,105636
EchoDot5 (US1) ,169200,1533,762187,821,583703,712,178484,1,78,1,78,0,0,1532,762109,820,583625,712,178484
EchoDot5 (US1) ,171000,793,218010,391,104832,402,113178,1,78,1,78,0,0,792,217932,390,104754,402,113178
EchoDot5 (US1) ,172800,760,199042,371,83241,389,115801,1,78,1,78,0,0,759,198964,370,83163,389,115801
EchoDot5 (US1) ,174600,654,269602,310,203501,344,66101,1,78,1,78,0,0,653,269524,309,203423,344,66101
EchoDot5 (US1) ,176400,1445,701562,756,525557,689,176005,1,78,1,78,0,0,1444,701484,755,525479,689,176005
EchoDot5 (US1) ,178200,895,250639,461,118960,434,131679,1,78,1,78,0,0,894,250561,460,118882,434,131679
EchoDot5 (US1) ,180000,1313,695957,688,536475,625,159482,1,78,1,78,0,0,1312,695879,687,536397,625,159482
EchoDot5 (US1) ,181800,975,259085,512,84812,463,174273,11,2814,11,2814,0,0,964,256271,501,81998,463,174273
EchoDot5 (US1) ,183600,546,116847,258,37686,288,79161,1,78,1,78,0,0,545,116769,257,37608,288,79161
EchoDot5 (US1) ,185400,1511,719512,808,520556,703,198956,1,78,1,78,0,0,1510,719434,807,520478,703,198956
EchoDot5 (US1) ,187200,864,200359,380,45890,484,154469,273,74878,95,8965,178,65913,591,125481,285,36925,306,88556
EchoDot5 (US1) ,189000,637,138264,315,44880,322,93384,1,78,1,78,0,0,636,138186,314,44802,322,93384
EchoDot5 (US1) ,190800,1023,472221,543,352150,480,120071,1,78,1,78,0,0,1022,472143,542,352072,480,120071
EchoDot5 (US1) ,192600,867,226497,444,90156,423,136341,1,78,1,78,0,0,866,226419,443,90078,423,136341
EchoDot5 (US1) ,194400,538,106828,261,32682,277,74146,1,78,1,78,0,0,537,106750,260,32604,277,74146
EchoDot5 (US1) ,196200,1158,475491,600,329158,558,146333,1,78,1,78,0,0,1157,475413,599,329080,558,146333
EchoDot5 (US1) ,198000,576,129993,282,35479,294,94514,1,78,1,78,0,0,575,129915,281,35401,294,94514
EchoDot5 (US1) ,199800,778,208886,387,95621,391,113265,1,78,1,78,0,0,777,208808,386,95543,391,113265
EchoDot5 (US1) ,201600,1123,533090,584,400562,539,132528,1,78,1,78,0,0,1122,533012,583,400484,539,132528
EchoDot5 (US1) ,203400,683,161301,338,58287,345,103014,2,156,2,156,0,0,681,161145,336,58131,345,103014
EchoDot5 (US1) ,205200,1828,692047,939,401706,889,290341,275,75034,97,9121,178,65913,1553,617013,842,392585,711,224428
EchoDot5 (US1) ,207000,1078,414903,579,282612,499,132291,3,234,3,234,0,0,1075,414669,576,282378,499,132291
EchoDot5 (US1) ,208800,978,318404,513,172996,465,145408,3,234,3,234,0,0,975,318170,510,172762,465,145408
EchoDot5 (US1) ,210600,953,331074,515,216027,438,115047,3,234,3,234,0,0,950,330840,512,215793,438,115047
EchoDot5 (US1) ,212400,1307,410969,630,193045,677,217924,275,75034,97,9121,178,65913,1032,335935,533,183924,499,152011
EchoDot5 (US1) ,214200,987,364665,510,235351,477,129314,3,234,3,234,0,0,984,364431,507,235117,477,129314
EchoDot5 (US1) ,216000,941,307114,488,171108,453,136006,3,234,3,234,0,0,938,306880,485,170874,453,136006
EchoDot5 (US1) ,217800,940,350760,483,227835,457,122925,2,156,2,156,0,0,938,350604,481,227679,457,122925
EchoDot5 (US1) ,219600,701,169158,346,65626,355,103532,19,3348,16,1410,3,1938,682,165810,330,64216,352,101594
EchoDot5 (US1) ,221400,1032,517612,529,408147,503,109465,1,78,1,78,0,0,1031,517534,528,408069,503,109465
EchoDot5 (US1) ,223200,1211,341289,560,118150,651,223139,245,70718,70,6743,175,63975,966,270571,490,111407,476,159164
EchoDot5 (US1) ,225000,560,113119,277,37771,283,75348,11,968,11,968,0,0,549,112151,266,36803,283,75348
EchoDot5 (US1) ,226800,1308,625748,706,470346,602,155402,1,78,1,78,0,0,1307,625670,705,470268,602,155402
EchoDot5 (US1) ,228600,529,120028,249,51526,280,68502,1,78,1,78,0,0,528,119950,248,51448,280,68502
EchoDot5 (US1) ,230400,876,227868,439,91794,437,136074,1,78,1,78,0,0,875,227790,438,91716,437,136074
EchoDot5 (US1) ,232200,1035,481159,553,372311,482,108848,2,156,2,156,0,0,1033,481003,551,372155,482,108848
EchoDot5 (US1) ,234000,647,155854,309,66605,338,89249,1,78,1,78,0,0,646,155776,308,66527,338,89249
EchoDot5 (US1) ,235800,1257,621549,654,470468,603,151081,1,78,1,78,0,0,1256,621471,653,470390,603,151081
EchoDot5 (US1) ,237600,816,196209,419,70168,397,126041,20,3426,17,1488,3,1938,796,192783,402,68680,394,124103
EchoDot5 (US1) ,239400,1424,548274,703,326526,721,221748,258,71830,83,7855,175,63975,1166,476444,620,318671,546,157773
EchoDot5 (US1) ,241200,882,263487,464,146616,418,116871,3,234,3,234,0,0,879,263253,461,146382,418,116871
EchoDot5 (US1) ,243000,1011,355898,547,232537,464,123361,3,234,3,234,0,0,1008,355664,544,232303,464,123361
EchoDot5 (US1) ,244800,1306,435097,636,203780,670,231317,265,74144,87,8231,178,65913,1041,360953,549,195549,492,165404
EchoDot5 (US1) ,246600,1102,395520,581,246479,521,149041,13,1124,13,1124,0,0,1089,394396,568,245355,521,149041
EchoDot5 (US1) ,248400,873,302222,453,194933,420,107289,3,234,3,234,0,0,870,301988,450,194699,420,107289
EchoDot5 (US1) ,250200,1039,382073,546,241876,493,140197,2,156,2,156,0,0,1037,381917,544,241720,493,140197
EchoDot5 (US1) ,252000,521,104881,244,36293,277,68588,1,78,1,78,0,0,520,104803,243,36215,277,68588
EchoDot5 (US1) ,253800,1240,599578,639,437668,601,161910,1,78,1,78,0,0,1239,599500,638,437590,601,161910
EchoDot5 (US1) ,255600,698,175123,345,79669,353,95454,1,78,1,78,0,0,697,175045,344,79591,353,95454
EchoDot5 (US1) ,257400,768,183262,393,62559,375,120703,19,3348,16,1410,3,1938,749,179914,377,61149,372,118765
EchoDot5 (US1) ,259200,1648,784170,827,574712,821,209458,245,70718,70,6743,175,63975,1403,713452,757,567969,646,145483
EchoDot5 (US1) ,261000,622,144393,302,54681,320,89712,11,968,11,968,0,0,611,143425,291,53713,320,89712
EchoDot5 (US1) ,262800,887,228222,456,97076,431,131146,1,78,1,78,0,0,886,228144,455,96998,431,131146
EchoDot5 (US1) ,264600,1309,623311,701,452814,608,170497,1,78,1,78,0,0,1308,623233,700,452736,608,170497
EchoDot5 (US1) ,266400,747,198583,370,78412,377,120171,1,78,1,78,0,0,746,198505,369,78334,377,120171
EchoDot5 (US1) ,268200,813,203150,420,72929,393,130221,10,2736,10,2736,0,0,803,200414,410,70193,393,130221
EchoDot5 (US1) ,270000,1740,819048,932,620579,808,198469,1,78,1,78,0,0,1739,818970,931,620501,808,198469
EchoDot5 (US1) ,271800,592,143504,277,60380,315,83124,1,78,1,78,0,0,591,143426,276,60302,315,83124
EchoDot5 (US1) ,273600,714,181259,350,76905,364,104354,1,78,1,78,0,0,713,181181,349,76827,364,104354
EchoDot5 (US1) ,275400,1406,696489,771,539447,635,157042,1,78,1,78,0,0,1405,696411,770,539369,635,157042
EchoDot5 (US1) ,277200,750,189940,374,86843,376,103097,19,3348,16,1410,3,1938,731,186592,358,85433,373,101159
EchoDot5 (US1) ,279000,668,161973,319,61383,349,100590,1,78,1,78,0,0,667,161895,318,61305,349,100590
EchoDot5 (US1) ,280800,1107,595764,593,478439,514,117325,11,968,11,968,0,0,1096,594796,582,477471,514,117325
EchoDot5 (US1) ,282600,1044,277791,476,75010,568,202781,245,70718,70,6743,175,63975,799,207073,406,68267,393,138806
EchoDot5 (US1) ,284400,798,205082,394,98253,404,106829,1,78,1,78,0,0,797,205004,393,98175,404,106829
EchoDot5 (US1) ,286200,1498,673678,802,503336,696,170342,1,78,1,78,0,0,1497,673600,801,503258,696,170342
EchoDot5 (US1) ,288000,483,94109,223,32620,260,61489,1,78,1,78,0,0,482,94031,222,32542,260,61489
EchoDot5 (US1) ,289800,1253,566557,667,415104,586,151453,2,156,2,156,0,0,1251,566401,665,414948,586,151453
EchoDot5 (US1) ,291600,1033,360239,554,214831,479,145408,3,234,3,234,0,0,1030,360005,551,214597,479,145408
EchoDot5 (US1) ,293400,1051,326620,551,196369,500,130251,21,3504,18,1566,3,1938,1030,323116,533,194803,497,128313
EchoDot5 (US1) ,295200,1398,448618,686,237928,712,210690,258,71830,83,7855,175,63975,1140,376788,603,230073,537,146715
EchoDot5 (US1) ,297000,948,314187,509,187079,439,127108,3,234,3,234,0,0,945,313953,506,186845,439,127108
EchoDot5 (US1) ,298800,979,339936,507,207899,472,132037,3,234,3,234,0,0,976,339702,504,207665,472,132037
EchoDot5 (US1) ,300600,1329,422771,663,215733,666,207038,265,74144,87,8231,178,65913,1064,348627,576,207502,488,141125
EchoDot5 (US1) ,302400,953,326513,509,197819,444,128694,13,1124,13,1124,0,0,940,325389,496,196695,444,128694
EchoDot5 (US1) ,304200,682,155891,339,57466,343,98425,2,156,2,156,0,0,680,155735,337,57310,343,98425
EchoDot5 (US1) ,306000,1075,450077,571,326391,504,123686,1,78,1,78,0,0,1074,449999,570,326313,504,123686
EchoDot5 (US1) ,307800,843,228429,428,98741,415,129688,1,78,1,78,0,0,842,228351,427,98663,415,129688
EchoDot5 (US1) ,309600,573,126566,272,51059,301,75507,1,78,1,78,0,0,572,126488,271,50981,301,75507
EchoDot5 (US1) ,311400,1289,691017,711,514604,578,176413,1,78,1,78,0,0,1288,690939,710,514526,578,176413
EchoDot5 (US1) ,313200,496,95599,231,28775,265,66824,1,78,1,78,0,0,495,95521,230,28697,265,66824
EchoDot5 (US1) ,315000,984,258729,443,98223,541,160506,263,73988,85,8075,178,65913,721,184741,358,90148,363,94593
EchoDot5 (US1) ,316800,1431,642385,752,461359,679,181026,1,78,1,78,0,0,1430,642307,751,461281,679,181026
EchoDot5 (US1) ,318600,620,150222,302,59627,318,90595,11,968,11,968,0,0,609,149254,291,58659,318,90595
EchoDot5 (US1) ,320400,708,166178,347,60667,361,105511,1,78,1,78,0,0,707,166100,346,60589,361,105511
EchoDot5 (US1) ,322200,836,280263,431,169045,405,111218,1,78,1,78,0,0,835,280185,430,168967,405,111218
EchoDot5 (US1) ,324000,745,177509,367,68852,378,108657,1,78,1,78,0,0,744,177431,366,68774,378,108657
EchoDot5 (US1) ,325800,1732,862661,940,674471,792,188190,3,234,3,234,0,0,1729,862427,937,674237,792,188190
EchoDot5 (US1) ,327600,1202,390634,580,196263,622,194371,172,57419,39,3878,133,53541,1030,333215,541,192385,489,140830
EchoDot5 (US1) ,329400,1179,397662,644,219098,535,178564,106,17849,61,5477,45,12372,1073,379813,583,213621,490,166192
EchoDot5 (US1) ,331200,1242,502764,659,330673,583,172091,3,234,3,234,0,0,1239,502530,656,330439,583,172091
EchoDot5 (US1) ,333000,831,273118,429,165455,402,107663,3,234,3,234,0,0,828,272884,426,165221,402,107663
EchoDot5 (US1) ,334800,1251,439637,608,224722,643,214915,265,74144,87,8231,178,65913,986,365493,521,216491,465,149002
EchoDot5 (US1) ,336600,941,298899,497,180841,444,118058,13,1124,13,1124,0,0,928,297775,484,179717,444,118058
EchoDot5 (US1) ,338400,1040,454460,545,313467,495,140993,1,78,1,78,0,0,1039,454382,544,313389,495,140993
EchoDot5 (US1) ,340200,536,119876,255,55483,281,64393,1,78,1,78,0,0,535,119798,254,55405,281,64393
EchoDot5 (US1) ,342000,708,169352,348,56655,360,112697,1,78,1,78,0,0,707,169274,347,56577,360,112697
EchoDot5 (US1) ,343800,693,161221,348,58548,345,102673,1,78,1,78,0,0,692,161143,347,58470,345,102673
EchoDot5 (US1) ,345600,1324,577297,736,433691,588,143606,1,78,1,78,0,0,1323,577219,735,433613,588,143606
EchoDot5 (US1) ,347400,948,258555,485,111531,463,147024,1,78,1,78,0,0,947,258477,484,111453,463,147024
EchoDot5 (US1) ,349200,1440,791634,783,644139,657,147495,2,156,2,156,0,0,1438,791478,781,643983,657,147495
EchoDot5 (US1) ,351000,910,240406,385,86837,525,153569,245,70718,70,6743,175,63975,665,169688,315,80094,350,89594
EchoDot5 (US1) ,352800,620,146134,300,58721,320,87413,1,78,1,78,0,0,619,146056,299,58643,320,87413
EchoDot5 (US1) ,354600,2109,1004338,1151,703131,958,301207,28,6006,25,4068,3,1938,2081,998332,1126,699063,955,299269
EchoDot5 (US1) ,356400,516,98336,252,32404,264,65932,11,968,11,968,0,0,505,97368,241,31436,264,65932
EchoDot5 (US1) ,358200,701,178108,343,68996,358,109112,1,78,1,78,0,0,700,178030,342,68918,358,109112
EchoDot5 (US1) ,360000,1351,687930,711,523741,640,164189,1,78,1,78,0,0,1350,687852,710,523663,640,164189
EchoDot5 (US1) ,361800,753,186090,379,82047,374,104043,1,78,1,78,0,0,752,186012,378,81969,374,104043
EchoDot5 (US1) ,363600,684,159985,335,56806,349,103179,1,78,1,78,0,0,683,159907,334,56728,349,103179
EchoDot5 (US1) ,365400,1157,543394,600,388072,557,155322,1,78,1,78,0,0,1156,543316,599,387994,557,155322
EchoDot5 (US1) ,367200,616,146932,304,57720,312,89212,1,78,1,78,0,0,615,146854,303,57642,312,89212
EchoDot5 (US1) ,369000,839,225126,423,102309,416,122817,1,78,1,78,0,0,838,225048,422,102231,416,122817
EchoDot5 (US1) ,370800,1631,800155,812,582539,819,217616,245,70718,70,6743,175,63975,1386,729437,742,575796,644,153641
EchoDot5 (US1) ,372600,685,160583,335,59424,350,101159,1,78,1,78,0,0,684,160505,334,59346,350,101159
EchoDot5 (US1) ,374400,620,145701,302,58957,318,86744,19,3348,16,1410,3,1938,601,142353,286,57547,315,84806
EchoDot5 (US1) ,376200,1540,701802,822,518724,718,183078,12,1046,12,1046,0,0,1528,700756,810,517678,718,183078
EchoDot5 (US1) ,378000,1217,495804,644,326972,573,168832,3,234,3,234,0,0,1214,495570,641,326738,573,168832
EchoDot5 (US1) ,379800,981,359720,526,231796,455,127924,3,234,3,234,0,0,978,359486,523,231562,455,127924
EchoDot5 (US1) ,381600,1343,471805,653,269855,690,201950,247,70874,72,6899,175,63975,1096,400931,581,262956,515,137975
EchoDot5 (US1) ,383400,1060,364646,564,220210,496,144436,31,4394,28,2456,3,1938,1029,360252,536,217754,493,142498
EchoDot5 (US1) ,385200,1021,363415,544,234571,477,128844,3,234,3,234,0,0,1018,363181,541,234337,477,128844
EchoDot5 (US1) ,387000,1046,341800,552,185116,494,156684,3,234,3,234,0,0,1043,341566,549,184882,494,156684
EchoDot5 (US1) ,388800,1146,412551,553,240601,593,171950,247,70874,72,6899,175,63975,899,341677,481,233702,418,107975
EchoDot5 (US1) ,390600,1140,445302,590,279941,550,165361,20,3426,17,1488,3,1938,1120,441876,573,278453,547,163423
EchoDot5 (US1) ,392400,857,237145,422,109449,435,127696,1,78,1,78,0,0,856,237067,421,109371,435,127696
EchoDot5 (US1) ,394200,643,157913,308,69598,335,88315,11,968,11,968,0,0,632,156945,297,68630,335,88315
EchoDot5 (US1) ,396000,874,275568,450,158883,424,116685,1,78,1,78,0,0,873,275490,449,158805,424,116685
EchoDot5 (US1) ,397800,748,201450,358,89691,390,111759,1,78,1,78,0,0,747,201372,357,89613,390,111759
EchoDot5 (US1) ,399600,761,199321,387,92478,374,106843,1,78,1,78,0,0,760,199243,386,92400,374,106843
EchoDot5 (US1) ,401400,2269,1347465,1277,1084499,992,262966,2,156,2,156,0,0,2267,1347309,1275,1084343,992,262966
EchoDot5 (US1) ,403200,1489,668113,799,463253,690,204860,2,156,2,156,0,0,1487,667957,797,463097,690,204860
EchoDot5 (US1) ,405000,542,151831,248,69805,294,82026,1,78,1,78,0,0,541,151753,247,69727,294,82026
EchoDot5 (US1) ,406800,947,242186,419,59807,528,182379,258,73580,80,7667,178,65913,689,168606,339,52140,350,116466
EchoDot5 (US1) ,408600,1137,600788,611,480013,526,120775,8,631,8,631,0,0,1129,600157,603,479382,526,120775
EchoDot5 (US1) ,410400,1010,268005,527,111308,483,156697,2,156,2,156,0,0,1008,267849,525,111152,483,156697
EchoDot5 (US1) ,412200,1193,482836,644,319612,549,163224,13,1124,13,1124,0,0,1180,481712,631,318488,549,163224
EchoDot5 (US1) ,414000,999,353136,534,205088,465,148048,3,234,3,234,0,0,996,352902,531,204854,465,148048
EchoDot5 (US1) ,415800,1245,417248,588,236309,657,180939,248,70940,73,6965,175,63975,997,346308,515,229344,482,116964
EchoDot5 (US1) ,417600,1091,380422,593,237637,498,142785,21,3504,18,1566,3,1938,1070,376918,575,236071,495,140847
EchoDot5 (US1) ,419400,1136,456449,598,277464,538,178985,13,1124,13,1124,0,0,1123,455325,585,276340,538,178985
EchoDot5 (US1) ,421200,1089,449936,592,317092,497,132844,3,234,3,234,0,0,1086,449702,589,316858,497,132844
EchoDot5 (US1) ,423000,1141,457588,607,300053,534,157535,1,78,1,78,0,0,1140,457510,606,299975,534,157535
EchoDot5 (US1) ,424800,983,251376,429,70689,554,180687,244,70652,69,6677,175,63975,739,180724,360,64012,379,116712
EchoDot5 (US1) ,426600,591,144722,280,70174,311,74548,1,78,1,78,0,0,590,144644,279,70096,311,74548
EchoDot5 (US1) ,428400,1488,774345,798,605698,690,168647,15,3032,12,1094,3,1938,1473,771313,786,604604,687,166709
EchoDot5 (US1) ,430200,541,115418,255,43305,286,72113,5,394,5,394,0,0,536,115024,250,42911,286,72113
EchoDot5 (US1) ,432000,924,267776,476,126962,448,140814,1,78,1,78,0,0,923,267698,475,126884,448,140814
EchoDot5 (US1) ,433800,1282,655589,703,531102,579,124487,10,890,10,890,0,0,1272,654699,693,530212,579,124487
EchoDot5 (US1) ,435600,733,252736,370,149244,363,103492,1,78,1,78,0,0,732,252658,369,149166,363,103492
EchoDot5 (US1) ,437400,645,149667,312,56366,333,93301,1,78,1,78,0,0,644,149589,311,56288,333,93301
EchoDot5 (US1) ,439200,816,225958,414,109923,402,116035,1,78,1,78,0,0,815,225880,413,109845,402,116035
EchoDot5 (US1) ,441000,1620,753030,895,541979,725,211051,11,2892,11,2892,0,0,1609,750138,884,539087,725,211051
EchoDot5 (US1) ,442800,552,122351,257,50113,295,72238,1,78,1,78,0,0,551,122273,256,50035,295,72238
EchoDot5 (US1) ,444600,558,121707,263,38020,295,83687,1,78,1,78,0,0,557,121629,262,37942,295,83687
EchoDot5 (US1) ,446400,1498,715980,837,544941,661,171039,1,78,1,78,0,0,1497,715902,836,544863,661,171039
EchoDot5 (US1) ,448200,1199,346463,569,120078,630,226385,245,70718,70,6743,175,63975,954,275745,499,113335,455,162410
EchoDot5 (US1) ,450000,628,144009,306,52958,322,91051,1,78,1,78,0,0,627,143931,305,52880,322,91051
EchoDot5 (US1) ,451800,1094,529630,585,400154,509,129476,20,3427,17,1489,3,1938,1074,526203,568,398665,506,127538
EchoDot5 (US1) ,453600,654,143643,322,48670,332,94973,1,78,1,78,0,0,653,143565,321,48592,332,94973
EchoDot5 (US1) ,455400,885,225869,466,97569,419,128300,11,968,11,968,0,0,874,224901,455,96601,419,128300
EchoDot5 (US1) ,457200,1011,439048,522,324624,489,114424,1,78,1,78,0,0,1010,438970,521,324546,489,114424
EchoDot5 (US1) ,459000,646,141161,325,45470,321,95691,1,78,1,78,0,0,645,141083,324,45392,321,95691
EchoDot5 (US1) ,460800,545,112995,258,33398,287,79597,0,0,0,0,0,0,545,112995,258,33398,287,79597
EchoDot5 (US1) ,462600,1418,606488,752,432239,666,174249,2,156,2,156,0,0,1416,606332,750,432083,666,174249
EchoDot5 (US1) ,464400,1015,367930,543,234938,472,132992,3,234,3,234,0,0,1012,367696,540,234704,472,132992
EchoDot5 (US1) ,466200,1232,427043,596,226202,636,200841,265,74144,87,8231,178,65913,967,352899,509,217971,458,134928
EchoDot5 (US1) ,468000,1050,342497,551,202751,499,139746,13,1124,13,1124,0,0,1037,341373,538,201627,499,139746
EchoDot5 (US1) ,469800,930,336491,479,215680,451,120811,3,234,3,234,0,0,927,336257,476,215446,451,120811
EchoDot5 (US1) ,471600,891,304999,467,184974,424,120025,3,234,3,234,0,0,888,304765,464,184740,424,120025
EchoDot5 (US1) ,473400,1458,517982,729,268932,729,249050,265,74144,87,8231,178,65913,1193,443838,642,260701,551,183137
EchoDot5 (US1) ,475200,1033,316825,549,166100,484,150725,13,1124,13,1124,0,0,1020,315701,536,164976,484,150725
EchoDot5 (US1) ,477000,1034,408191,536,286957,498,121234,3,234,3,234,0,0,1031,407957,533,286723,498,121234
EchoDot5 (US1) ,478800,737,187074,356,78955,381,108119,1,78,1,78,0,0,736,186996,355,78877,381,108119
EchoDot5 (US1) ,480600,468,91855,218,31935,250,59920,1,78,1,78,0,0,467,91777,217,31857,250,59920
EchoDot5 (US1) ,482400,1318,601872,686,442111,632,159761,1,78,1,78,0,0,1317,601794,685,442033,632,159761
EchoDot5 (US1) ,484200,630,149154,308,68358,322,80796,0,0,0,0,0,0,630,149154,308,68358,322,80796
EchoDot5 (US1) ,486000,1002,263176,452,90906,550,172270,244,70652,69,6677,175,63975,758,192524,383,84229,375,108295
EchoDot5 (US1) ,487800,1446,713826,777,545374,669,168452,19,3348,16,1410,3,1938,1427,710478,761,543964,666,166514
EchoDot5 (US1) ,489600,657,159550,318,60608,339,98942,1,78,1,78,0,0,656,159472,317,60530,339,98942
EchoDot5 (US1) ,491400,567,121103,272,44700,295,76403,1,78,1,78,0,0,566,121025,271,44622,295,76403
EchoDot5 (US1) ,493200,1624,723282,879,522782,745,200500,1,78,1,78,0,0,1623,723204,878,522704,745,200500
EchoDot5 (US1) ,495000,598,130992,292,46885,306,84107,11,968,11,968,0,0,587,130024,281,45917,306,84107
EchoDot5 (US1) ,496800,1208,507431,652,363573,556,143858,3,234,3,234,0,0,1205,507197,649,363339,556,143858
EchoDot5 (US1) ,498600,1228,519669,668,364980,560,154689,3,234,3,234,0,0,1225,519435,665,364746,560,154689
EchoDot5 (US1) ,500400,1453,526306,712,281265,741,245041,265,74144,87,8231,178,65913,1188,452162,625,273034,563,179128
EchoDot5 (US1) ,502200,1011,421976,536,303210,475,118766,3,234,3,234,0,0,1008,421742,533,302976,475,118766
EchoDot5 (US1) ,504000,1041,360425,552,212141,489,148284,13,1124,13,1124,0,0,1028,359301,539,211017,489,148284
EchoDot5 (US1) ,505800,1067,376639,551,246843,516,129796,3,234,3,234,0,0,1064,376405,548,246609,516,129796
EchoDot5 (US1) ,507600,1384,455596,662,207273,722,248323,265,74144,87,8231,178,65913,1119,381452,575,199042,544,182410
EchoDot5 (US1) ,509400,539,107768,259,41424,280,66344,1,78,1,78,0,0,538,107690,258,41346,280,66344
EchoDot5 (US1) ,511200,1240,478743,636,315281,604,163462,2,156,2,156,0,0,1238,478587,634,315125,604,163462
EchoDot5 (US1) ,513000,639,162893,303,70934,336,91959,1,78,1,78,0,0,638,162815,302,70856,336,91959
EchoDot5 (US1) ,514800,668,169571,320,67603,348,101968,1,78,1,78,0,0,667,169493,319,67525,348,101968
EchoDot5 (US1) ,516600,1382,668922,727,518078,655,150844,11,968,11,968,0,0,1371,667954,716,517110,655,150844
EchoDot5 (US1) ,518400,701,182737,341,86056,360,96681,1,78,1,78,0,0,700,182659,340,85978,360,96681
EchoDot5 (US1) ,520200,637,144622,310,50753,327,93869,1,78,1,78,0,0,636,144544,309,50675,327,93869
EchoDot5 (US1) ,522000,1327,729719,717,579722,610,149997,1,78,1,78,0,0,1326,729641,716,579644,610,149997
EchoDot5 (US1) ,523800,649,157580,316,66479,333,91101,1,78,1,78,0,0,648,157502,315,66401,333,91101
EchoDot5 (US1) ,525600,1182,346656,550,144713,632,201943,264,74054,86,8141,178,65913,918,272602,464,136572,454,136030
EchoDot5 (US1) ,527400,1303,595144,708,454480,595,140664,1,78,1,78,0,0,1302,595066,707,454402,595,140664
EchoDot5 (US1) ,529200,618,133614,302,44130,316,89484,1,78,1,78,0,0,617,133536,301,44052,316,89484
EchoDot5 (US1) ,531000,1525,597152,837,396843,688,200309,13,1124,13,1124,0,0,1512,596028,824,395719,688,200309
EchoDot5 (US1) ,532800,971,330858,502,197127,469,133731,3,234,3,234,0,0,968,330624,499,196893,469,133731
EchoDot5 (US1) ,534600,901,316806,463,208515,438,108291,3,234,3,234,0,0,898,316572,460,208281,438,108291
EchoDot5 (US1) ,536400,1395,450193,692,231856,703,218337,265,74144,87,8231,178,65913,1130,376049,605,223625,525,152424
EchoDot5 (US1) ,538200,1290,460838,697,285016,593,175822,3,234,3,234,0,0,1287,460604,694,284782,593,175822
EchoDot5 (US1) ,540000,964,327632,508,208056,456,119576,13,1124,13,1124,0,0,951,326508,495,206932,456,119576
EchoDot5 (US1) ,541800,1214,405116,583,206856,631,198260,246,70808,71,6833,175,63975,968,334308,512,200023,456,134285
EchoDot5 (US1) ,543600,1252,530971,664,351682,588,179289,2,156,2,156,0,0,1250,530815,662,351526,588,179289
EchoDot5 (US1) ,545400,630,150026,311,63514,319,86512,18,3270,15,1332,3,1938,612,146756,296,62182,316,84574
EchoDot5 (US1) ,547200,634,145754,309,57339,325,88415,1,78,1,78,0,0,633,145676,308,57261,325,88415
EchoDot5 (US1) ,549000,680,219133,331,134262,349,84871,2,156,2,156,0,0,678,218977,329,134106,349,84871
EchoDot5 (US1) ,550800,803,206139,402,90942,401,115197,0,0,0,0,0,0,803,206139,402,90942,401,115197
EchoDot5 (US1) ,552600,506,97628,238,29497,268,68131,1,78,1,78,0,0,505,97550,237,29419,268,68131
EchoDot5 (US1) ,554400,1675,935001,914,752039,761,182962,11,968,11,968,0,0,1664,934033,903,751071,761,182962
EchoDot5 (US1) ,556200,659,148023,327,47613,332,100410,1,78,1,78,0,0,658,147945,326,47535,332,100410
EchoDot5 (US1) ,558000,511,97150,244,30329,267,66821,1,78,1,78,0,0,510,97072,243,30251,267,66821
EchoDot5 (US1) ,559800,1565,646583,830,453518,735,193065,1,78,1,78,0,0,1564,646505,829,453440,735,193065
EchoDot5 (US1) ,561600,719,158898,290,34886,429,124012,246,70784,71,6809,175,63975,473,88114,219,28077,254,60037
EchoDot5 (US1) ,563400,1368,508184,750,315700,618,192484,3,234,3,234,0,0,1365,507950,747,315466,618,192484
EchoDot5 (US1) ,565200,995,339853,518,231498,477,108355,21,3504,18,1566,3,1938,974,336349,500,229932,474,106417
EchoDot5 (US1) ,567000,1031,342561,552,193722,479,148839,13,1124,13,1124,0,0,1018,341437,539,192598,479,148839
EchoDot5 (US1) ,568800,1065,386247,564,234660,501,151587,3,234,3,234,0,0,1062,386013,561,234426,501,151587
EchoDot5 (US1) ,570600,1429,477290,700,259641,729,217649,265,74144,87,8231,178,65913,1164,403146,613,251410,551,151736
EchoDot5 (US1) ,572400,871,321478,449,208073,422,113405,3,234,3,234,0,0,868,321244,446,207839,422,113405
EchoDot5 (US1) ,574200,1046,343635,559,200374,487,143261,3,234,3,234,0,0,1043,343401,556,200140,487,143261
EchoDot5 (US1) ,576000,1200,436613,651,296294,549,140319,12,1046,12,1046,0,0,1188,435567,639,295248,549,140319
EchoDot5 (US1) ,577800,624,142786,304,50981,320,91805,1,78,1,78,0,0,623,142708,303,50903,320,91805
EchoDot5 (US1) ,579600,867,215654,370,56680,497,158974,245,70718,70,6743,175,63975,622,144936,300,49937,322,94999
EchoDot5 (US1) ,581400,1437,647547,775,463894,662,183653,1,78,1,78,0,0,1436,647469,774,463816,662,183653
EchoDot5 (US1) ,583200,963,275586,493,129797,470,145789,19,3348,16,1410,3,1938,944,272238,477,128387,467,143851
EchoDot5 (US1) ,585000,624,155566,306,49877,318,105689,1,78,1,78,0,0,623,155488,305,49799,318,105689
EchoDot5 (US1) ,586800,1353,685106,716,532776,637,152330,2,156,2,156,0,0,1351,684950,714,532620,637,152330
EchoDot5 (US1) ,588600,525,110087,252,36780,273,73307,0,0,0,0,0,0,525,110087,252,36780,273,73307
EchoDot5 (US1) ,590400,989,271892,505,120653,484,151239,1,78,1,78,0,0,988,271814,504,120575,484,151239
EchoDot5 (US1) ,592200,1120,531306,560,397737,560,133569,1,78,1,78,0,0,1119,531228,559,397659,560,133569
EchoDot5 (US1) ,594000,686,158666,342,54079,344,104587,11,968,11,968,0,0,675,157698,331,53111,344,104587
EchoDot5 (US1) ,595800,1243,570113,637,433205,606,136908,2,156,2,156,0,0,1241,569957,635,433049,606,136908
EchoDot5 (US1) ,597600,1604,592821,780,341457,824,251364,247,70874,72,6899,175,63975,1357,521947,708,334558,649,187389
EchoDot5 (US1) ,599400,1022,382928,553,239865,469,143063,21,3504,18,1566,3,1938,1001,379424,535,238299,466,141125
EchoDot5 (US1) ,601200,1087,429003,583,270451,504,158552,3,234,3,234,0,0,1084,428769,580,270217,504,158552
EchoDot5 (US1) ,603000,964,350057,507,218446,457,131611,13,1124,13,1124,0,0,951,348933,494,217322,457,131611
EchoDot5 (US1) ,604800,1516,584538,737,355626,779,228912,247,70874,72,6899,175,63975,1269,513664,665,348727,604,164937
EchoDot5 (US1) ,606600,977,337068,507,218818,470,118250,21,3504,18,1566,3,1938,956,333564,489,217252,467,116312
EchoDot5 (US1) ,608400,1092,396029,583,237311,509,158718,13,1124,13,1124,0,0,1079,394905,570,236187,509,158718
EchoDot5 (US1) ,610200,609,154492,290,78282,319,76210,1,78,1,78,0,0,608,154414,289,78204,319,76210
EchoDot5 (US1) ,612000,720,196946,345,76428,375,120518,1,78,1,78,0,0,719,196868,344,76350,375,120518
EchoDot5 (US1) ,613800,1253,690690,671,556162,582,134528,1,78,1,78,0,0,1252,690612,670,556084,582,134528
EchoDot5 (US1) ,615600,1065,309690,538,149630,527,160060,1,78,1,78,0,0,1064,309612,537,149552,527,160060
EchoDot5 (US1) ,617400,828,212506,344,68416,484,144090,245,70718,70,6743,175,63975,583,141788,274,61673,309,80115
EchoDot5 (US1) ,619200,1477,775653,820,601787,657,173866,19,3348,16,1410,3,1938,1458,772305,804,600377,654,171928
EchoDot5 (US1) ,621000,569,122576,274,45009,295,77567,1,78,1,78,0,0,568,122498,273,44931,295,77567
EchoDot5 (US1) ,622800,1027,287551,539,129936,488,157615,1,78,1,78,0,0,1026,287473,538,129858,488,157615
EchoDot5 (US1) ,624600,572,188862,277,111450,295,77412,1,78,1,78,0,0,571,188784,276,111372,295,77412
EchoDot5 (US1) ,626400,742,172161,368,55134,374,117027,1,78,1,78,0,0,741,172083,367,55056,374,117027
EchoDot5 (US1) ,628200,498,96542,235,29006,263,67536,1,78,1,78,0,0,497,96464,234,28928,263,67536
EchoDot5 (US1) ,630000,1717,848077,940,644296,777,203781,13,1124,13,1124,0,0,1704,846953,927,643172,777,203781
EchoDot5 (US1) ,631800,1065,363007,575,224087,490,138920,3,234,3,234,0,0,1062,362773,572,223853,490,138920
EchoDot5 (US1) ,633600,1136,374253,534,195667,602,178586,265,74144,87,8231,178,65913,871,300109,447,187436,424,112673
EchoDot5 (US1) ,635400,1065,374907,574,215575,491,159332,13,1124,13,1124,0,0,1052,373783,561,214451,491,159332
EchoDot5 (US1) ,637200,1087,379760,579,234234,508,145526,2,156,2,156,0,0,1085,379604,577,234078,508,145526
EchoDot5 (US1) ,639000,990,323017,522,200060,468,122957,3,234,3,234,0,0,987,322783,519,199826,468,122957
EchoDot5 (US1) ,640800,1308,460271,623,254825,685,205446,265,74144,87,8231,178,65913,1043,386127,536,246594,507,139533
EchoDot5 (US1) ,642600,1028,356994,539,204529,489,152465,2,156,2,156,0,0,1026,356838,537,204373,489,152465
EchoDot5 (US1) ,644400,572,117576,285,48000,287,69576,11,968,11,968,0,0,561,116608,274,47032,287,69576
EchoDot5 (US1) ,646200,647,144866,314,40142,333,104724,1,78,1,78,0,0,646,144788,313,40064,333,104724
EchoDot5 (US1) ,648000,1058,476249,572,358322,486,117927,1,78,1,78,0,0,1057,476171,571,358244,486,117927
EchoDot5 (US1) ,649800,810,209854,416,100223,394,109631,1,78,1,78,0,0,809,209776,415,100145,394,109631
EchoDot5 (US1) ,651600,597,128871,285,41156,312,87715,1,78,1,78,0,0,596,128793,284,41078,312,87715
EchoDot5 (US1) ,653400,1027,496586,537,377417,490,119169,1,78,1,78,0,0,1026,496508,536,377339,490,119169
EchoDot5 (US1) ,655200,750,181639,370,59903,380,121736,1,78,1,78,0,0,749,181561,369,59825,380,121736
EchoDot5 (US1) ,657000,1047,285378,484,109780,563,175598,264,74067,86,8154,178,65913,783,211311,398,101626,385,109685
EchoDot5 (US1) ,658800,576,118357,278,42137,298,76220,0,0,0,0,0,0,576,118357,278,42137,298,76220
EchoDot5 (US1) ,660600,1257,574869,680,431300,577,143569,1,78,1,78,0,0,1256,574791,679,431222,577,143569
EchoDot5 (US1) ,662400,636,139754,310,50635,326,89119,2,156,2,156,0,0,634,139598,308,50479,326,89119
EchoDot5 (US1) ,664200,1378,546586,737,364398,641,182188,13,1124,13,1124,0,0,1365,545462,724,363274,641,182188
EchoDot5 (US1) ,666000,993,333676,508,208744,485,124932,3,234,3,234,0,0,990,333442,505,208510,485,124932
EchoDot5 (US1) ,667800,1235,401904,592,201053,643,200851,263,72852,87,8231,176,64621,972,329052,505,192822,467,136230
EchoDot5 (US1) ,669600,976,340840,507,206987,469,133853,3,234,3,234,0,0,973,340606,504,206753,469,133853
EchoDot5 (US1) ,671400,1069,354571,583,207368,486,147203,13,1124,13,1124,0,0,1056,353447,570,206244,486,147203
EchoDot5 (US1) ,673200,1063,359925,555,220984,508,138941,3,234,3,234,0,0,1060,359691,552,220750,508,138941
EchoDot5 (US1) ,675000,1436,509196,713,247111,723,262085,264,73498,87,8231,177,65267,1172,435698,626,238880,546,196818
EchoDot5 (US1) ,676800,1144,456892,601,291576,543,165316,2,156,2,156,0,0,1142,456736,599,291420,543,165316
EchoDot5 (US1) ,678600,671,166780,329,64200,342,102580,1,78,1,78,0,0,670,166702,328,64122,342,102580
EchoDot5 (US1) ,680400,1173,576622,616,433355,557,143267,1,78,1,78,0,0,1172,576544,615,433277,557,143267
EchoDot5 (US1) ,682200,803,233074,399,116390,404,116684,1,78,1,78,0,0,802,232996,398,116312,404,116684
EchoDot5 (US1) ,684000,755,179033,379,69568,376,109465,1,78,1,78,0,0,754,178955,378,69490,376,109465
EchoDot5 (US1) ,685800,1300,662757,683,510202,617,152555,11,968,11,968,0,0,1289,661789,672,509234,617,152555
EchoDot5 (US1) ,687600,598,183640,294,41761,304,141879,1,78,1,78,0,0,597,183562,293,41683,304,141879
EchoDot5 (US1) ,689400,897,239272,459,108516,438,130756,1,78,1,78,0,0,896,239194,458,108438,438,130756
EchoDot5 (US1) ,691200,1303,656687,688,513632,615,143055,20,3427,17,1489,3,1938,1283,653260,671,512143,612,141117
EchoDot5 (US1) ,693000,764,197788,318,57349,446,140439,168,62110,29,3289,139,58821,596,135678,289,54060,307,81618
EchoDot5 (US1) ,694800,554,118265,263,44644,291,73621,1,78,1,78,0,0,553,118187,262,44566,291,73621
EchoDot5 (US1) ,696600,1771,908084,965,685938,806,222146,2,156,2,156,0,0,1769,907928,963,685782,806,222146
EchoDot5 (US1) ,698400,1006,389444,533,178852,473,210592,3,234,3,234,0,0,1003,389210,530,178618,473,210592
EchoDot5 (US1) ,700200,1270,544863,670,397404,600,147459,13,1124,13,1124,0,0,1257,543739,657,396280,600,147459
EchoDot5 (US1) ,0,4759,2349844,2700,1695005,2059,654839,3,234,3,234,0,0,4756,2349610,2697,1694771,2059,654839
EchoDot5 (US1) ,1800,1413,492830,784,256712,629,236118,3,234,3,234,0,0,1410,492596,781,256478,629,236118
EchoDot5 (US1) ,3600,849,231429,460,79212,389,152217,3,234,3,234,0,0,846,231195,457,78978,389,152217
EchoDot5 (US1) ,5400,1425,451120,775,232346,650,218774,180,33853,91,8619,89,25234,1245,417267,684,223727,561,193540
EchoDot5 (US1) ,7200,1170,382293,649,195070,521,187223,3,234,3,234,0,0,1167,382059,646,194836,521,187223
EchoDot5 (US1) ,9000,1424,489419,784,258214,640,231205,3,234,3,234,0,0,1421,489185,781,257980,640,231205
EchoDot5 (US1) ,10800,893,246728,485,91490,408,155238,3,234,3,234,0,0,890,246494,482,91256,408,155238
EchoDot5 (US1) ,12600,1470,471806,796,237723,674,234083,180,33853,91,8619,89,25234,1290,437953,705,229104,585,208849
EchoDot5 (US1) ,14400,1280,423767,705,221533,575,202234,3,234,3,234,0,0,1277,423533,702,221299,575,202234
EchoDot5 (US1) ,16200,1263,421003,688,217885,575,203118,3,234,3,234,0,0,1260,420769,685,217651,575,203118
EchoDot5 (US1) ,18000,762,195643,401,61615,361,134028,3,234,3,234,0,0,759,195409,398,61381,361,134028
EchoDot5 (US1) ,19800,1621,528482,888,260326,733,268156,180,33853,91,8619,89,25234,1441,494629,797,251707,644,242922
EchoDot5 (US1) ,21600,1259,421039,691,219425,568,201614,3,234,3,234,0,0,1256,420805,688,219191,568,201614
EchoDot5 (US1) ,23400,818,220970,436,80207,382,140763,3,234,3,234,0,0,815,220736,433,79973,382,140763
EchoDot5 (US1) ,25200,1368,461544,763,244602,605,216942,3,234,3,234,0,0,1365,461310,760,244368,605,216942
EchoDot5 (US1) ,27000,1645,538457,892,263071,753,275386,162,30583,76,7287,86,23296,1483,507874,816,255784,667,252090
EchoDot5 (US1) ,28800,1206,403233,677,216638,529,186595,21,3504,18,1566,3,1938,1185,399729,659,215072,526,184657
EchoDot5 (US1) ,30600,861,246766,466,83734,395,163032,3,234,3,234,0,0,858,246532,463,83500,395,163032
EchoDot5 (US1) ,32400,1208,402237,673,216251,535,185986,3,234,3,234,0,0,1205,402003,670,216017,535,185986
EchoDot5 (US1) ,34200,1368,454820,766,235006,602,219814,13,1124,13,1124,0,0,1355,453696,753,233882,602,219814
EchoDot5 (US1) ,36000,1482,479311,805,243509,677,235802,170,32963,81,7729,89,25234,1312,446348,724,235780,588,210568
EchoDot5 (US1) ,37800,736,197753,392,71141,344,126612,3,234,3,234,0,0,733,197519,389,70907,344,126612
EchoDot5 (US1) ,39600,1299,434884,703,224198,596,210686,3,234,3,234,0,0,1296,434650,700,223964,596,210686
EchoDot5 (US1) ,41400,1350,447992,752,236630,598,211362,13,1124,13,1124,0,0,1337,446868,739,235506,598,211362
EchoDot5 (US1) ,43200,1442,458556,784,224154,658,234402,170,32963,81,7729,89,25234,1272,425593,703,216425,569,209168
EchoDot5 (US1) ,45000,837,232934,448,88102,389,144832,3,234,3,234,0,0,834,232700,445,87868,389,144832
EchoDot5 (US1) ,46800,1332,444786,722,220704,610,224082,3,234,3,234,0,0,1329,444552,719,220470,610,224082
EchoDot5 (US1) ,48600,1650,660289,907,311531,743,348758,13,1124,13,1124,0,0,1637,659165,894,310407,743,348758
EchoDot5 (US1) ,50400,1006,255904,524,84694,482,171210,170,32963,81,7729,89,25234,836,222941,443,76965,393,145976
EchoDot5 (US1) ,52200,1267,432203,705,230308,562,201895,3,234,3,234,0,0,1264,431969,702,230074,562,201895
EchoDot5 (US1) ,54000,1339,498105,737,224042,602,274063,3,234,3,234,0,0,1336,497871,734,223808,602,274063
EchoDot5 (US1) ,55800,1452,491752,814,257854,638,233898,13,1124,13,1124,0,0,1439,490628,801,256730,638,233898
EchoDot5 (US1) ,57600,929,235400,486,77686,443,157714,170,32963,81,7729,89,25234,759,202437,405,69957,354,132480
EchoDot5 (US1) ,59400,1291,427126,708,214310,583,212816,3,234,3,234,0,0,1288,426892,705,214076,583,212816
EchoDot5 (US1) ,61200,1407,484632,773,242192,634,242440,3,234,3,234,0,0,1404,484398,770,241958,634,242440
EchoDot5 (US1) ,63000,1474,500425,826,265249,648,235176,31,4394,28,2456,3,1938,1443,496031,798,262793,645,233238
EchoDot5 (US1) ,64800,846,203594,429,59974,417,143620,152,29693,66,6397,86,23296,694,173901,363,53577,331,120324
EchoDot5 (US1) ,66600,1274,425495,701,219527,573,205968,3,234,3,234,0,0,1271,425261,698,219293,573,205968
EchoDot5 (US1) ,68400,1232,402115,672,207368,560,194747,3,234,3,234,0,0,1229,401881,669,207134,560,194747
EchoDot5 (US1) ,70200,909,247682,506,90686,403,156996,31,4394,28,2456,3,1938,878,243288,478,88230,400,155058
EchoDot5 (US1) ,72000,1492,484008,787,239862,705,244146,152,29693,66,6397,86,23296,1340,454315,721,233465,619,220850
EchoDot5 (US1) ,73800,1483,511021,820,271614,663,239407,3,234,3,234,0,0,1480,510787,817,271380,663,239407
EchoDot5 (US1) ,75600,1209,391862,665,205968,544,185894,13,1124,13,1124,0,0,1196,390738,652,204844,544,185894
EchoDot5 (US1) ,77400,812,210302,439,66756,373,143546,21,3504,18,1566,3,1938,791,206798,421,65190,370,141608
EchoDot5 (US1) ,79200,1395,456389,738,238854,657,217535,152,29693,66,6397,86,23296,1243,426696,672,232457,571,194239
EchoDot5 (US1) ,81000,1435,490077,795,256085,640,233992,3,234,3,234,0,0,1432,489843,792,255851,640,233992
EchoDot5 (US1) ,82800,1243,406627,686,210285,557,196342,13,1124,13,1124,0,0,1230,405503,673,209161,557,196342
EchoDot5 (US1) ,84600,1036,297770,579,96712,457,201058,21,3504,18,1566,3,1938,1015,294266,561,95146,454,199120
EchoDot5 (US1) ,86400,1544,536202,833,290844,711,245358,77,16238,33,3376,44,12862,1467,519964,800,287468,667,232496
EchoDot5 (US1) ,88200,1366,443624,748,228454,618,215170,78,13689,36,3255,42,10434,1288,429935,712,225199,576,204736
EchoDot5 (US1) ,90000,1437,498608,804,241544,633,257064,3,234,3,234,0,0,1434,498374,801,241310,633,257064
EchoDot5 (US1) ,91800,942,265687,529,105389,413,160298,31,4394,28,2456,3,1938,911,261293,501,102933,410,158360
EchoDot5 (US1) ,93600,1221,406496,672,213043,549,193453,3,234,3,234,0,0,1218,406262,669,212809,549,193453
EchoDot5 (US1) ,95400,1371,442843,736,224761,635,218082,152,29693,66,6397,86,23296,1219,413150,670,218364,549,194786
EchoDot5 (US1) ,97200,898,251883,466,101743,432,150140,3,234,3,234,0,0,895,251649,463,101509,432,150140
EchoDot5 (US1) ,99000,1420,483796,789,262191,631,221605,31,4394,28,2456,3,1938,1389,479402,761,259735,628,219667
EchoDot5 (US1) ,100800,1204,396230,657,208167,547,188063,3,234,3,234,0,0,1201,395996,654,207933,547,188063
EchoDot5 (US1) ,102600,1542,497113,838,244369,704,252744,152,29693,66,6397,86,23296,1390,467420,772,237972,618,229448
EchoDot5 (US1) ,104400,1013,266592,544,88369,469,178223,13,1124,13,1124,0,0,1000,265468,531,87245,469,178223
EchoDot5 (US1) ,106200,1449,488685,807,254193,642,234492,21,3504,18,1566,3,1938,1428,485181,789,252627,639,232554
EchoDot5 (US1) ,108000,1242,409590,677,212342,565,197248,3,234,3,234,0,0,1239,409356,674,212108,565,197248
EchoDot5 (US1) ,109800,1616,531358,870,274354,746,257004,152,29693,66,6397,86,23296,1464,501665,804,267957,660,233708
EchoDot5 (US1) ,111600,800,211417,431,66899,369,144518,13,1124,13,1124,0,0,787,210293,418,65775,369,144518
EchoDot5 (US1) ,113400,1444,480113,794,249309,650,230804,21,3504,18,1566,3,1938,1423,476609,776,247743,647,228866
EchoDot5 (US1) ,115200,1309,436066,719,223591,590,212475,2,156,2,156,0,0,1307,435910,717,223435,590,212475
EchoDot5 (US1) ,117000,1454,467808,784,236230,670,231578,152,29693,66,6397,86,23296,1302,438115,718,229833,584,208282
EchoDot5 (US1) ,118800,837,229772,455,69032,382,160740,13,1124,13,1124,0,0,824,228648,442,67908,382,160740
EchoDot5 (US1) ,120600,1278,422935,700,222476,578,200459,21,3504,18,1566,3,1938,1257,419431,682,220910,575,198521
EchoDot5 (US1) ,122400,1433,488327,792,258969,641,229358,3,234,3,234,0,0,1430,488093,789,258735,641,229358
EchoDot5 (US1) ,124200,807,192584,410,60691,397,131893,152,29693,66,6397,86,23296,655,162891,344,54294,311,108597
EchoDot5 (US1) ,126000,1358,448980,747,221958,611,227022,3,234,3,234,0,0,1355,448746,744,221724,611,227022
EchoDot5 (US1) ,127800,1435,495989,794,266619,641,229370,31,4394,28,2456,3,1938,1404,491595,766,264163,638,227432
EchoDot5 (US1) ,129600,1405,472856,773,247073,632,225783,3,234,3,234,0,0,1402,472622,770,246839,632,225783
EchoDot5 (US1) ,131400,1094,375885,550,112568,544,263317,152,29693,66,6397,86,23296,942,346192,484,106171,458,240021
EchoDot5 (US1) ,133200,1528,527460,845,280324,683,247136,3,234,3,234,0,0,1525,527226,842,280090,683,247136
EchoDot5 (US1) ,135000,1341,460730,754,253615,587,207115,13,1124,13,1124,0,0,1328,459606,741,252491,587,207115
EchoDot5 (US1) ,136800,1308,422894,717,213074,591,209820,21,3504,18,1566,3,1938,1287,419390,699,211508,588,207882
EchoDot5 (US1) ,138600,940,249540,486,91282,454,158258,152,29693,66,6397,86,23296,788,219847,420,84885,368,134962
EchoDot5 (US1) ,140400,1328,436456,727,215821,601,220635,3,234,3,234,0,0,1325,436222,724,215587,601,220635
EchoDot5 (US1) ,142200,1416,478539,787,248920,629,229619,31,4394,28,2456,3,1938,1385,474145,759,246464,626,227681
EchoDot5 (US1) ,144000,733,185447,389,55498,344,129949,3,234,3,234,0,0,730,185213,386,55264,344,129949
EchoDot5 (US1) ,145800,1324,445036,733,228662,591,216374,3,234,3,234,0,0,1321,444802,730,228428,591,216374
EchoDot5 (US1) ,147600,1582,523685,851,267756,731,255929,152,29693,66,6397,86,23296,1430,493992,785,261359,645,232633
EchoDot5 (US1) ,149400,1359,455847,757,225389,602,230458,31,4394,28,2456,3,1938,1328,451453,729,222933,599,228520
EchoDot5 (US1) ,151200,863,237396,465,86263,398,151133,3,234,3,234,0,0,860,237162,462,86029,398,151133
EchoDot5 (US1) ,153000,1280,433321,704,228207,576,205114,3,234,3,234,0,0,1277,433087,701,227973,576,205114
EchoDot5 (US1) ,154800,1450,467024,778,232095,672,234929,152,29693,66,6397,86,23296,1298,437331,712,225698,586,211633
EchoDot5 (US1) ,156600,1357,457491,749,245614,608,211877,31,4394,28,2456,3,1938,1326,453097,721,243158,605,209939
EchoDot5 (US1) ,158400,848,231234,450,82332,398,148902,3,234,3,234,0,0,845,231000,447,82098,398,148902
EchoDot5 (US1) ,160200,1320,453377,732,246962,588,206415,3,234,3,234,0,0,1317,453143,729,246728,588,206415
EchoDot5 (US1) ,162000,1615,615410,875,265170,740,350240,152,29693,66,6397,86,23296,1463,585717,809,258773,654,326944
EchoDot5 (US1) ,163800,1506,509655,846,266679,660,242976,31,4394,28,2456,3,1938,1475,505261,818,264223,657,241038
EchoDot5 (US1) ,165600,705,175612,374,53133,331,122479,3,234,3,234,0,0,702,175378,371,52899,331,122479
EchoDot5 (US1) ,167400,1423,483153,787,240872,636,242281,3,234,3,234,0,0,1420,482919,784,240638,636,242281
EchoDot5 (US1) ,169200,1532,492337,827,248106,705,244231,152,29693,66,6397,86,23296,1380,462644,761,241709,619,220935
EchoDot5 (US1) ,171000,889,257466,489,86294,400,171172,13,1124,13,1124,0,0,876,256342,476,85170,400,171172
EchoDot5 (US1) ,172800,1409,478529,786,253829,623,224700,21,3504,18,1566,3,1938,1388,475025,768,252263,620,222762
EchoDot5 (US1) ,174600,21805,90722800,6873,675884,14932,90046916,3,234,3,234,0,0,21802,90722566,6870,675650,14932,90046916
EchoDot5 (US1) ,176400,21659,26828538,11862,11556021,9797,15272517,256,57841,131,20439,125,37402,21403,26770697,11731,11535582,9672,15235115
EchoDot5 (US1) ,178200,779,204009,402,110836,377,93173,2,156,2,156,0,0,777,203853,400,110680,377,93173
EchoDot5 (US1) ,180000,1149,460949,618,307582,531,153367,1,78,1,78,0,0,1148,460871,617,307504,531,153367
EchoDot5 (US1) ,181800,2457,937901,1369,606800,1088,331101,1,78,1,78,0,0,2456,937823,1368,606722,1088,331101
EchoDot5 (US1) ,183600,651,153774,329,57140,322,96634,1,78,1,78,0,0,650,153696,328,57062,322,96634
EchoDot5 (US1) ,185400,1698,883099,959,711620,739,171479,1,78,1,78,0,0,1697,883021,958,711542,739,171479
EchoDot5 (US1) ,187200,736,183031,364,88005,372,95026,1,78,1,78,0,0,735,182953,363,87927,372,95026
EchoDot5 (US1) ,189000,602,148304,299,55524,303,92780,1,78,1,78,0,0,601,148226,298,55446,303,92780
EchoDot5 (US1) ,190800,1427,497319,772,310385,655,186934,1,78,1,78,0,0,1426,497241,771,310307,655,186934
EchoDot5 (US1) ,192600,1404,713901,750,557648,654,156253,1,78,1,78,0,0,1403,713823,749,557570,654,156253
EchoDot5 (US1) ,194400,694,177090,343,70757,351,106333,1,78,1,78,0,0,693,177012,342,70679,351,106333
EchoDot5 (US1) ,196200,746,177030,386,77587,360,99443,1,78,1,78,0,0,745,176952,385,77509,360,99443
EchoDot5 (US1) ,198000,2796,1183147,1545,807029,1251,376118,179,33788,90,8554,89,25234,2617,1149359,1455,798475,1162,350884
EchoDot5 (US1) ,199800,1751,697829,996,434683,755,263146,3,234,3,234,0,0,1748,697595,993,434449,755,263146
EchoDot5 (US1) ,201600,1482,567273,826,354476,656,212797,3,234,3,234,0,0,1479,567039,823,354242,656,212797
EchoDot5 (US1) ,203400,1117,423461,614,259937,503,163524,3,234,3,234,0,0,1114,423227,611,259703,503,163524
EchoDot5 (US1) ,205200,1837,678216,1015,410063,822,268153,180,33852,91,8618,89,25234,1657,644364,924,401445,733,242919
EchoDot5 (US1) ,207000,1766,790379,985,438826,781,351553,3,234,3,234,0,0,1763,790145,982,438592,781,351553
EchoDot5 (US1) ,208800,1223,477693,646,288682,577,189011,3,234,3,234,0,0,1220,477459,643,288448,577,189011
EchoDot5 (US1) ,210600,1598,656240,894,428857,704,227383,3,234,3,234,0,0,1595,656006,891,428623,704,227383
EchoDot5 (US1) ,212400,1785,669519,935,420521,850,248998,150,29536,64,6240,86,23296,1635,639983,871,414281,764,225702
EchoDot5 (US1) ,214200,822,210974,429,86163,393,124811,29,4238,26,2300,3,1938,793,206736,403,83863,390,122873
EchoDot5 (US1) ,216000,1469,704969,815,543839,654,161130,1,78,1,78,0,0,1468,704891,814,543761,654,161130
EchoDot5 (US1) ,217800,549,115179,261,51112,288,64067,1,78,1,78,0,0,548,115101,260,51034,288,64067
EchoDot5 (US1) ,219600,1710,615487,925,363310,785,252177,1,78,1,78,0,0,1709,615409,924,363232,785,252177
EchoDot5 (US1) ,221400,1182,591302,645,448753,537,142549,1,78,1,78,0,0,1181,591224,644,448675,537,142549
EchoDot5 (US1) ,223200,599,141610,280,69421,319,72189,1,78,1,78,0,0,598,141532,279,69343,319,72189
EchoDot5 (US1) ,225000,708,175624,359,71395,349,104229,1,78,1,78,0,0,707,175546,358,71317,349,104229
EchoDot5 (US1) ,226800,2301,1122325,1294,812289,1007,310036,1,78,1,78,0,0,2300,1122247,1293,812211,1007,310036
EchoDot5 (US1) ,228600,594,138242,296,67583,298,70659,1,78,1,78,0,0,593,138164,295,67505,298,70659
EchoDot5 (US1) ,230400,649,153423,322,58431,327,94992,1,78,1,78,0,0,648,153345,321,58353,327,94992
EchoDot5 (US1) ,232200,2626,1242118,1477,783203,1149,458915,179,33206,91,8618,88,24588,2447,1208912,1386,774585,1061,434327
EchoDot5 (US1) ,234000,1297,464109,728,276215,569,187894,3,234,3,234,0,0,1294,463875,725,275981,569,187894
EchoDot5 (US1) ,235800,1472,569156,823,359330,649,209826,3,234,3,234,0,0,1469,568922,820,359096,649,209826
EchoDot5 (US1) ,237600,1543,598392,852,372852,691,225540,3,234,3,234,0,0,1540,598158,849,372618,691,225540
EchoDot5 (US1) ,239400,1696,645271,944,382790,752,262481,170,32962,81,7728,89,25234,1526,612309,863,375062,663,237247
EchoDot5 (US1) ,241200,1144,409338,625,251146,519,158192,13,1124,13,1124,0,0,1131,408214,612,250022,519,158192
EchoDot5 (US1) ,243000,1669,643921,922,400643,747,243278,3,234,3,234,0,0,1666,643687,919,400409,747,243278
EchoDot5 (US1) ,244800,1501,611784,812,415561,689,196223,2,156,2,156,0,0,1499,611628,810,415405,689,196223
EchoDot5 (US1) ,246600,888,210932,437,75491,451,135441,150,29536,64,6240,86,23296,738,181396,373,69251,365,112145
EchoDot5 (US1) ,248400,1169,513421,656,373865,513,139556,1,78,1,78,0,0,1168,513343,655,373787,513,139556
EchoDot5 (US1) ,250200,672,149734,342,61256,330,88478,19,3348,16,1410,3,1938,653,146386,326,59846,327,86540
EchoDot5 (US1) ,252000,1355,469858,739,281192,616,188666,11,968,11,968,0,0,1344,468890,728,280224,616,188666
EchoDot5 (US1) ,253800,1223,631830,658,479979,565,151851,1,78,1,78,0,0,1222,631752,657,479901,565,151851
EchoDot5 (US1) ,255600,615,141008,300,69508,315,71500,1,78,1,78,0,0,614,140930,299,69430,315,71500
EchoDot5 (US1) ,257400,711,177708,358,67006,353,110702,1,78,1,78,0,0,710,177630,357,66928,353,110702
EchoDot5 (US1) ,259200,2573,1333536,1482,1039534,1091,294002,1,78,1,78,0,0,2572,1333458,1481,1039456,1091,294002
EchoDot5 (US1) ,261000,461,84937,218,38968,243,45969,1,78,1,78,0,0,460,84859,217,38890,243,45969
EchoDot5 (US1) ,262800,628,146156,313,49647,315,96509,1,78,1,78,0,0,627,146078,312,49569,315,96509
EchoDot5 (US1) ,264600,2494,1140783,1399,841639,1095,299144,2,156,2,156,0,0,2492,1140627,1397,841483,1095,299144
EchoDot5 (US1) ,266400,1339,489099,723,287281,616,201818,170,32962,81,7728,89,25234,1169,456137,642,279553,527,176584
EchoDot5 (US1) ,268200,1586,584439,899,356424,687,228015,13,1124,13,1124,0,0,1573,583315,886,355300,687,228015
EchoDot5 (US1) ,270000,1648,642060,938,404647,710,237413,3,234,3,234,0,0,1645,641826,935,404413,710,237413
EchoDot5 (US1) ,271800,1000,357036,559,207803,441,149233,3,234,3,234,0,0,997,356802,556,207569,441,149233
EchoDot5 (US1) ,273600,1709,662138,921,414605,788,247533,152,29692,66,6396,86,23296,1557,632446,855,408209,702,224237
EchoDot5 (US1) ,275400,1477,568952,829,364256,648,204696,31,4394,28,2456,3,1938,1446,564558,801,361800,645,202758
EchoDot5 (US1) ,277200,1530,608945,841,383130,689,225815,3,234,3,234,0,0,1527,608711,838,382896,689,225815
EchoDot5 (US1) ,279000,555,142980,263,73953,292,69027,1,78,1,78,0,0,554,142902,262,73875,292,69027
EchoDot5 (US1) ,280800,1390,599919,757,448974,633,150945,1,78,1,78,0,0,1389,599841,756,448896,633,150945
EchoDot5 (US1) ,282600,782,289861,402,82451,380,207410,1,78,1,78,0,0,781,289783,401,82373,380,207410
EchoDot5 (US1) ,284400,1855,646001,977,378823,878,267178,150,29536,64,6240,86,23296,1705,616465,913,372583,792,243882
EchoDot5 (US1) ,286200,565,119339,277,44519,288,74820,1,78,1,78,0,0,564,119261,276,44441,288,74820
EchoDot5 (US1) ,288000,1428,690655,800,535106,628,155549,1,78,1,78,0,0,1427,690577,799,535028,628,155549
EchoDot5 (US1) ,289800,669,166387,332,60655,337,105732,1,78,1,78,0,0,668,166309,331,60577,337,105732
EchoDot5 (US1) ,291600,1562,527326,860,319649,702,207677,28,4160,25,2222,3,1938,1534,523166,835,317427,699,205739
EchoDot5 (US1) ,293400,1291,610189,700,453194,591,156995,1,78,1,78,0,0,1290,610111,699,453116,591,156995
EchoDot5 (US1) ,295200,752,202911,390,77259,362,125652,1,78,1,78,0,0,751,202833,389,77181,362,125652
EchoDot5 (US1) ,297000,613,130779,304,52303,309,78476,1,78,1,78,0,0,612,130701,303,52225,309,78476
EchoDot5 (US1) ,298800,2347,1049602,1333,749179,1014,300423,3,234,3,234,0,0,2344,1049368,1330,748945,1014,300423
EchoDot5 (US1) ,300600,1817,675772,998,407475,819,268297,152,29692,66,6396,86,23296,1665,646080,932,401079,733,245001
EchoDot5 (US1) ,302400,1175,460862,661,294392,514,166470,31,4394,28,2456,3,1938,1144,456468,633,291936,511,164532
EchoDot5 (US1) ,304200,1664,619720,927,384760,737,234960,3,234,3,234,0,0,1661,619486,924,384526,737,234960
EchoDot5 (US1) ,306000,1668,700611,912,471602,756,229009,3,234,3,234,0,0,1665,700377,909,471368,756,229009
EchoDot5 (US1) ,307800,1815,674851,997,408944,818,265907,152,29692,66,6396,86,23296,1663,645159,931,402548,732,242611
EchoDot5 (US1) ,309600,1048,407800,579,265036,469,142764,13,1124,13,1124,0,0,1035,406676,566,263912,469,142764
EchoDot5 (US1) ,311400,1655,647078,931,406062,724,241016,20,3426,17,1488,3,1938,1635,643652,914,404574,721,239078
EchoDot5 (US1) ,313200,447,78327,213,38745,234,39582,1,78,1,78,0,0,446,78249,212,38667,234,39582
EchoDot5 (US1) ,315000,1394,612846,778,429359,616,183487,1,78,1,78,0,0,1393,612768,777,429281,616,183487
EchoDot5 (US1) ,316800,1452,497568,784,280347,668,217221,1,78,1,78,0,0,1451,497490,783,280269,668,217221
EchoDot5 (US1) ,318600,723,172409,361,81051,362,91358,1,78,1,78,0,0,722,172331,360,80973,362,91358
EchoDot5 (US1) ,320400,1354,616179,722,459629,632,156550,150,29536,64,6240,86,23296,1204,586643,658,453389,546,133254
EchoDot5 (US1) ,322200,754,184359,388,65871,366,118488,1,78,1,78,0,0,753,184281,387,65793,366,118488
EchoDot5 (US1) ,324000,1459,507068,789,321470,670,185598,1,78,1,78,0,0,1458,506990,788,321392,670,185598
EchoDot5 (US1) ,325800,1768,1074053,989,864747,779,209306,1,78,1,78,0,0,1767,1073975,988,864669,779,209306
EchoDot5 (US1) ,327600,1146,340123,640,106327,506,233796,21,3782,21,3782,0,0,1125,336341,619,102545,506,233796
EchoDot5 (US1) ,329400,1434,739169,779,573780,655,165389,19,3348,16,1410,3,1938,1415,735821,763,572370,652,163451
EchoDot5 (US1) ,331200,1608,567692,869,353581,739,214111,1,78,1,78,0,0,1607,567614,868,353503,739,214111
EchoDot5 (US1) ,333000,617,139548,309,41577,308,97971,1,78,1,78,0,0,616,139470,308,41499,308,97971
EchoDot5 (US1) ,334800,1366,683229,738,517298,628,165931,1,78,1,78,0,0,1365,683151,737,517220,628,165931
EchoDot5 (US1) ,336600,504,87347,247,29274,257,58073,1,78,1,78,0,0,503,87269,246,29196,257,58073
EchoDot5 (US1) ,338400,1302,444956,699,261517,603,183439,1,78,1,78,0,0,1301,444878,698,261439,603,183439
EchoDot5 (US1) ,340200,1199,501048,628,354073,571,146975,150,29536,64,6240,86,23296,1049,471512,564,347833,485,123679
EchoDot5 (US1) ,342000,738,168507,384,65750,354,102757,1,78,1,78,0,0,737,168429,383,65672,354,102757
EchoDot5 (US1) ,343800,627,146295,309,51600,318,94695,1,78,1,78,0,0,626,146217,308,51522,318,94695
EchoDot5 (US1) ,345600,1815,875856,1004,642066,811,233790,1,78,1,78,0,0,1814,875778,1003,641988,811,233790
EchoDot5 (US1) ,347400,569,114562,280,44084,289,70478,1,78,1,78,0,0,568,114484,279,44006,289,70478
EchoDot5 (US1) ,349200,635,144435,330,49033,305,95402,28,4159,25,2221,3,1938,607,140276,305,46812,302,93464
EchoDot5 (US1) ,351000,2304,1059125,1291,753560,1013,305565,4,313,4,313,0,0,2300,1058812,1287,753247,1013,305565
EchoDot5 (US1) ,352800,1491,571013,832,356518,659,214495,3,234,3,234,0,0,1488,570779,829,356284,659,214495
EchoDot5 (US1) ,354600,1293,438872,708,259191,585,179681,152,29692,66,6396,86,23296,1141,409180,642,252795,499,156385
EchoDot5 (US1) ,356400,1747,662269,973,408863,774,253406,13,1124,13,1124,0,0,1734,661145,960,407739,774,253406
EchoDot5 (US1) ,358200,1737,664742,976,397180,761,267562,21,3504,18,1566,3,1938,1716,661238,958,395614,758,265624
EchoDot5 (US1) ,360000,1593,585050,862,354186,731,230864,152,29692,66,6396,86,23296,1441,555358,796,347790,645,207568
EchoDot5 (US1) ,361800,1165,410286,643,248967,522,161319,3,234,3,234,0,0,1162,410052,640,248733,522,161319
EchoDot5 (US1) ,363600,1801,680381,996,410351,805,270030,3,234,3,234,0,0,1798,680147,993,410117,805,270030
EchoDot5 (US1) ,365400,1194,562403,649,441861,545,120542,29,4238,26,2300,3,1938,1165,558165,623,439561,542,118604
EchoDot5 (US1) ,367200,706,173626,363,64395,343,109231,1,78,1,78,0,0,705,173548,362,64317,343,109231
EchoDot5 (US1) ,369000,1194,407141,649,241256,545,165885,1,78,1,78,0,0,1193,407063,648,241178,545,165885
EchoDot5 (US1) ,370800,1195,530035,652,392906,543,137129,1,78,1,78,0,0,1194,529957,651,392828,543,137129
EchoDot5 (US1) ,372600,737,172333,352,67423,385,104910,150,29536,64,6240,86,23296,587,142797,288,61183,299,81614
EchoDot5 (US1) ,374400,664,166175,327,64571,337,101604,1,78,1,78,0,0,663,166097,326,64493,337,101604
EchoDot5 (US1) ,376200,2322,1059342,1305,773471,1017,285871,1,78,1,78,0,0,2321,1059264,1304,773393,1017,285871
EchoDot5 (US1) ,378000,586,117236,293,37455,293,79781,1,78,1,78,0,0,585,117158,292,37377,293,79781
EchoDot5 (US1) ,379800,560,133045,276,56355,284,76690,1,78,1,78,0,0,559,132967,275,56277,284,76690
EchoDot5 (US1) ,381600,1292,557093,675,394313,617,162780,1,78,1,78,0,0,1291,557015,674,394235,617,162780
EchoDot5 (US1) ,383400,1385,464879,764,266508,621,198371,12,1046,12,1046,0,0,1373,463833,752,265462,621,198371
EchoDot5 (US1) ,385200,1766,702097,983,437388,783,264709,21,3504,18,1566,3,1938,1745,698593,965,435822,780,262771
EchoDot5 (US1) ,387000,1881,712767,1027,445302,854,267465,152,29692,66,6396,86,23296,1729,683075,961,438906,768,244169
EchoDot5 (US1) ,388800,1174,433228,638,266841,536,166387,3,234,3,234,0,0,1171,432994,635,266607,536,166387
EchoDot5 (US1) ,390600,1679,647509,945,411102,734,236407,31,4394,28,2456,3,1938,1648,643115,917,408646,731,234469
EchoDot5 (US1) ,392400,1786,740672,986,489990,800,250682,3,234,3,234,0,0,1783,740438,983,489756,800,250682
EchoDot5 (US1) ,394200,1253,460948,667,287252,586,173696,152,29692,66,6396,86,23296,1101,431256,601,280856,500,150400
EchoDot5 (US1) ,396000,1560,611480,854,395742,706,215738,2,156,2,156,0,0,1558,611324,852,395586,706,215738
EchoDot5 (US1) ,397800,840,300806,446,82307,394,218499,1,78,1,78,0,0,839,300728,445,82229,394,218499
EchoDot5 (US1) ,399600,1459,724080,796,558533,663,165547,1,78,1,78,0,0,1458,724002,795,558455,663,165547
EchoDot5 (US1) ,401400,1467,520470,799,320634,668,199836,1,78,1,78,0,0,1466,520392,798,320556,668,199836
EchoDot5 (US1) ,403200,590,133735,302,37524,288,96211,1,78,1,78,0,0,589,133657,301,37446,288,96211
EchoDot5 (US1) ,405000,1395,591131,765,426683,630,164448,29,4238,26,2300,3,1938,1366,586893,739,424383,627,162510
EchoDot5 (US1) ,406800,677,159408,336,61930,341,97478,1,78,1,78,0,0,676,159330,335,61852,341,97478
EchoDot5 (US1) ,408600,1645,577302,886,339084,759,238218,1,78,1,78,0,0,1644,577224,885,339006,759,238218
EchoDot5 (US1) ,410400,1484,681013,795,507810,689,173203,150,29536,64,6240,86,23296,1334,651477,731,501570,603,149907
EchoDot5 (US1) ,412200,777,197321,401,79153,376,118168,1,78,1,78,0,0,776,197243,400,79075,376,118168
EchoDot5 (US1) ,414000,754,170699,384,71481,370,99218,11,2892,11,2892,0,0,743,167807,373,68589,370,99218
EchoDot5 (US1) ,415800,2492,1192787,1381,899879,1111,292908,1,78,1,78,0,0,2491,1192709,1380,899801,1111,292908
EchoDot5 (US1) ,417600,697,173021,356,64929,341,108092,1,78,1,78,0,0,696,172943,355,64851,341,108092
EchoDot5 (US1) ,419400,661,166418,336,73231,325,93187,1,78,1,78,0,0,660,166340,335,73153,325,93187
EchoDot5 (US1) ,421200,1300,612788,670,479119,630,133669,1,78,1,78,0,0,1299,612710,669,479041,630,133669
EchoDot5 (US1) ,423000,1751,622995,964,369988,787,253007,11,968,11,968,0,0,1740,622027,953,369020,787,253007
EchoDot5 (US1) ,424800,1322,666747,712,497960,610,168787,1,78,1,78,0,0,1321,666669,711,497882,610,168787
EchoDot5 (US1) ,426600,522,101473,252,44912,270,56561,19,3348,16,1410,3,1938,503,98125,236,43502,267,54623
EchoDot5 (US1) ,428400,684,168052,346,70066,338,97986,1,78,1,78,0,0,683,167974,345,69988,338,97986
EchoDot5 (US1) ,430200,2222,1025195,1239,755021,983,270174,1,78,1,78,0,0,2221,1025117,1238,754943,983,270174
EchoDot5 (US1) ,432000,905,231843,441,95777,464,136066,150,29536,64,6240,86,23296,755,202307,377,89537,378,112770
EchoDot5 (US1) ,433800,590,132619,284,58730,306,73889,1,78,1,78,0,0,589,132541,283,58652,306,73889
EchoDot5 (US1) ,435600,1581,768959,840,584418,741,184541,1,78,1,78,0,0,1580,768881,839,584340,741,184541
EchoDot5 (US1) ,437400,2183,910263,1209,606735,974,303528,3,234,3,234,0,0,2180,910029,1206,606501,974,303528
EchoDot5 (US1) ,439200,1528,599930,855,380560,673,219370,31,4394,28,2456,3,1938,1497,595536,827,378104,670,217432
EchoDot5 (US1) ,441000,1669,666068,920,423315,749,242753,3,234,3,234,0,0,1666,665834,917,423081,749,242753
EchoDot5 (US1) ,442800,1247,431325,659,244927,588,186398,152,29692,66,6396,86,23296,1095,401633,593,238531,502,163102
EchoDot5 (US1) ,444600,1585,655222,870,437881,715,217341,3,234,3,234,0,0,1582,654988,867,437647,715,217341
EchoDot5 (US1) ,446400,1717,674606,965,419055,752,255551,31,4394,28,2456,3,1938,1686,670212,937,416599,749,253613
EchoDot5 (US1) ,448200,1834,721240,1045,478183,789,243057,3,234,3,234,0,0,1831,721006,1042,477949,789,243057
EchoDot5 (US1) ,450000,1585,688585,849,350882,736,337703,152,29692,66,6396,86,23296,1433,658893,783,344486,650,314407
EchoDot5 (US1) ,451800,674,172440,328,85836,346,86604,1,78,1,78,0,0,673,172362,327,85758,346,86604
EchoDot5 (US1) ,453600,1472,515851,790,308826,682,207025,1,78,1,78,0,0,1471,515773,789,308748,682,207025
EchoDot5 (US1) ,455400,1304,632211,705,482979,599,149232,1,78,1,78,0,0,1303,632133,704,482901,599,149232
EchoDot5 (US1) ,457200,669,146824,339,59668,330,87156,1,78,1,78,0,0,668,146746,338,59590,330,87156
EchoDot5 (US1) ,459000,539,111411,279,32147,260,79264,29,4238,26,2300,3,1938,510,107173,253,29847,257,77326
EchoDot5 (US1) ,460800,1971,855393,1089,593471,882,261922,1,78,1,78,0,0,1970,855315,1088,593393,882,261922
EchoDot5 (US1) ,462600,499,87005,248,28772,251,58233,0,0,0,0,0,0,499,87005,248,28772,251,58233
EchoDot5 (US1) ,464400,723,174045,373,58593,350,115452,2,156,2,156,0,0,721,173889,371,58437,350,115452
EchoDot5 (US1) ,466200,1031,492698,554,367740,477,124958,1,78,1,78,0,0,1030,492620,553,367662,477,124958
EchoDot5 (US1) ,468000,1266,389023,657,218365,609,170658,149,29458,63,6162,86,23296,1117,359565,594,212203,523,147362
EchoDot5 (US1) ,469800,726,169653,382,60493,344,109160,2,156,2,156,0,0,724,169497,380,60337,344,109160
EchoDot5 (US1) ,471600,1660,707816,943,451892,717,255924,3,234,3,234,0,0,1657,707582,940,451658,717,255924
EchoDot5 (US1) ,473400,1181,442890,643,282696,538,160194,31,4394,28,2456,3,1938,1150,438496,615,280240,535,158256
EchoDot5 (US1) ,475200,1648,616884,910,378593,738,238291,3,234,3,234,0,0,1645,616650,907,378359,738,238291
EchoDot5 (US1) ,477000,1823,705713,998,431745,825,273968,152,29692,66,6396,86,23296,1671,676021,932,425349,739,250672
EchoDot5 (US1) ,478800,1879,839171,1053,477914,826,361257,3,234,3,234,0,0,1876,838937,1050,477680,826,361257
EchoDot5 (US1) ,480600,1158,488842,652,306822,506,182020,13,1124,13,1124,0,0,1145,487718,639,305698,506,182020
EchoDot5 (US1) ,482400,1702,652803,969,410523,733,242280,21,3504,18,1566,3,1938,1681,649299,951,408957,730,240342
EchoDot5 (US1) ,484200,1111,449601,609,322482,502,127119,1,78,1,78,0,0,1110,449523,608,322404,502,127119
EchoDot5 (US1) ,486000,1351,421333,710,225822,641,195511,150,29536,64,6240,86,23296,1201,391797,646,219582,555,172215
EchoDot5 (US1) ,487800,669,141987,351,52146,318,89841,1,78,1,78,0,0,668,141909,350,52068,318,89841
EchoDot5 (US1) ,489600,990,493975,524,367633,466,126342,1,78,1,78,0,0,989,493897,523,367555,466,126342
EchoDot5 (US1) ,491400,585,131102,288,44384,297,86718,1,78,1,78,0,0,584,131024,287,44306,297,86718
EchoDot5 (US1) ,493200,1480,510690,794,294789,686,215901,1,78,1,78,0,0,1479,510612,793,294711,686,215901
EchoDot5 (US1) ,495000,1350,696000,754,502613,596,193387,1,78,1,78,0,0,1349,695922,753,502535,596,193387
EchoDot5 (US1) ,496800,745,187717,371,73513,374,114204,2,156,2,156,0,0,743,187561,369,73357,374,114204
EchoDot5 (US1) ,498600,1320,592345,730,440424,590,151921,11,968,11,968,0,0,1309,591377,719,439456,590,151921
EchoDot5 (US1) ,500400,1446,495234,781,312108,665,183126,19,3348,16,1410,3,1938,1427,491886,765,310698,662,181188
EchoDot5 (US1) ,502200,724,181811,365,65443,359,116368,1,78,1,78,0,0,723,181733,364,65365,359,116368
EchoDot5 (US1) ,504000,2437,1008530,1319,695236,1118,313294,152,29692,66,6396,86,23296,2285,978838,1253,688840,1032,289998
EchoDot5 (US1) ,505800,1800,699542,1012,432897,788,266645,3,234,3,234,0,0,1797,699308,1009,432663,788,266645
EchoDot5 (US1) ,507600,1105,409745,608,254751,497,154994,13,1124,13,1124,0,0,1092,408621,595,253627,497,154994
EchoDot5 (US1) ,509400,1582,619508,895,382861,687,236647,21,3504,18,1566,3,1938,1561,616004,877,381295,684,234709
EchoDot5 (US1) ,511200,1744,663574,934,406844,810,256730,152,29692,66,6396,86,23296,1592,633882,868,400448,724,233434
EchoDot5 (US1) ,513000,1212,458928,672,261724,540,197204,3,234,3,234,0,0,1209,458694,669,261490,540,197204
EchoDot5 (US1) ,514800,1701,700439,947,451921,754,248518,13,1124,13,1124,0,0,1688,699315,934,450797,754,248518
EchoDot5 (US1) ,516600,1038,423080,565,297961,473,125119,19,3348,16,1410,3,1938,1019,419732,549,296551,470,123181
EchoDot5 (US1) ,518400,1184,397468,633,223484,551,173984,1,78,1,78,0,0,1183,397390,632,223406,551,173984
EchoDot5 (US1) ,520200,622,143275,308,70698,314,72577,1,78,1,78,0,0,621,143197,307,70620,314,72577
EchoDot5 (US1) ,522000,1416,717019,781,547828,635,169191,1,78,1,78,0,0,1415,716941,780,547750,635,169191
EchoDot5 (US1) ,523800,793,198376,408,83639,385,114737,1,78,1,78,0,0,792,198298,407,83561,385,114737
EchoDot5 (US1) ,525600,1526,533780,824,340058,702,193722,1,78,1,78,0,0,1525,533702,823,339980,702,193722
EchoDot5 (US1) ,527400,1529,700410,820,509500,709,190910,150,29536,64,6240,86,23296,1379,670874,756,503260,623,167614
EchoDot5 (US1) ,529200,527,119024,253,49222,274,69802,1,78,1,78,0,0,526,118946,252,49144,274,69802
EchoDot5 (US1) ,531000,726,166721,369,63202,357,103519,1,78,1,78,0,0,725,166643,368,63124,357,103519
EchoDot5 (US1) ,532800,2077,955335,1130,691405,947,263930,1,78,1,78,0,0,2076,955257,1129,691327,947,263930
EchoDot5 (US1) ,534600,818,292445,425,71163,393,221282,23,3764,20,1826,3,1938,795,288681,405,69337,390,219344
EchoDot5 (US1) ,536400,2117,943982,1167,660921,950,283061,9,708,9,708,0,0,2108,943274,1158,660213,950,283061
EchoDot5 (US1) ,538200,1162,433232,649,248555,513,184677,3,234,3,234,0,0,1159,432998,646,248321,513,184677
EchoDot5 (US1) ,540000,1684,635829,914,403354,770,232475,152,29692,66,6396,86,23296,1532,606137,848,396958,684,209179
EchoDot5 (US1) ,541800,1886,710893,1033,437290,853,273603,13,1124,13,1124,0,0,1873,709769,1020,436166,853,273603
EchoDot5 (US1) ,543600,1834,747768,1027,480426,807,267342,21,3504,18,1566,3,1938,1813,744264,1009,478860,804,265404
EchoDot5 (US1) ,545400,1092,409788,565,256995,527,152793,3,234,3,234,0,0,1089,409554,562,256761,527,152793
EchoDot5 (US1) ,547200,1892,745456,1025,469823,867,275633,152,29692,66,6396,86,23296,1740,715764,959,463427,781,252337
EchoDot5 (US1) ,549000,1140,441562,611,306975,529,134587,1,78,1,78,0,0,1139,441484,610,306897,529,134587
EchoDot5 (US1) ,550800,1414,445173,760,247433,654,197740,12,1046,12,1046,0,0,1402,444127,748,246387,654,197740
EchoDot5 (US1) ,552600,598,129413,309,37680,289,91733,18,3270,15,1332,3,1938,580,126143,294,36348,286,89795
EchoDot5 (US1) ,554400,1253,588769,682,431808,571,156961,1,78,1,78,0,0,1252,588691,681,431730,571,156961
EchoDot5 (US1) ,556200,501,95642,244,38255,257,57387,1,78,1,78,0,0,500,95564,243,38177,257,57387
EchoDot5 (US1) ,558000,1253,408893,680,223963,573,184930,1,78,1,78,0,0,1252,408815,679,223885,573,184930
EchoDot5 (US1) ,559800,1199,522535,645,384569,554,137966,1,78,1,78,0,0,1198,522457,644,384491,554,137966
EchoDot5 (US1) ,561600,576,111657,290,35476,286,76181,1,78,1,78,0,0,575,111579,289,35398,286,76181
EchoDot5 (US1) ,563400,617,149478,303,60657,314,88821,1,78,1,78,0,0,616,149400,302,60579,314,88821
EchoDot5 (US1) ,565200,1859,810698,1005,561709,854,248989,150,29536,64,6240,86,23296,1709,781162,941,555469,768,225693
EchoDot5 (US1) ,567000,978,355139,526,94587,452,260552,2,156,2,156,0,0,976,354983,524,94431,452,260552
EchoDot5 (US1) ,568800,2112,902010,1201,610184,911,291826,3,234,3,234,0,0,2109,901776,1198,609950,911,291826
EchoDot5 (US1) ,570600,1105,424626,596,260362,509,164264,31,4394,28,2456,3,1938,1074,420232,568,257906,506,162326
EchoDot5 (US1) ,572400,1507,576549,827,370252,680,206297,3,234,3,234,0,0,1504,576315,824,370018,680,206297
EchoDot5 (US1) ,574200,1761,674421,949,413013,812,261408,152,29692,66,6396,86,23296,1609,644729,883,406617,726,238112
EchoDot5 (US1) ,576000,1626,681023,918,395723,708,285300,13,1124,13,1124,0,0,1613,679899,905,394599,708,285300
EchoDot5 (US1) ,577800,1204,450496,655,276133,549,174363,21,3504,18,1566,3,1938,1183,446992,637,274567,546,172425
EchoDot5 (US1) ,579600,1456,556882,805,360973,651,195909,3,234,3,234,0,0,1453,556648,802,360739,651,195909
EchoDot5 (US1) ,581400,668,154028,327,48991,341,105037,85,19290,32,3386,53,15904,583,134738,295,45605,288,89133
EchoDot5 (US1) ,583200,1883,817200,1035,557645,848,259555,66,10324,33,2932,33,7392,1817,806876,1002,554713,815,252163
EchoDot5 (US1) ,585000,618,149098,307,57437,311,91661,1,78,1,78,0,0,617,149020,306,57359,311,91661
EchoDot5 (US1) ,586800,686,154096,347,65476,339,88620,1,78,1,78,0,0,685,154018,346,65398,339,88620
EchoDot5 (US1) ,588600,1230,616580,670,483920,560,132660,11,968,11,968,0,0,1219,615612,659,482952,560,132660
EchoDot5 (US1) ,590400,1490,526967,811,311108,679,215859,1,78,1,78,0,0,1489,526889,810,311030,679,215859
EchoDot5 (US1) ,592200,702,160311,357,68961,345,91350,1,78,1,78,0,0,701,160233,356,68883,345,91350
EchoDot5 (US1) ,594000,1266,613835,681,461363,585,152472,19,3348,16,1410,3,1938,1247,610487,665,459953,582,150534
EchoDot5 (US1) ,595800,739,191072,371,78694,368,112378,1,78,1,78,0,0,738,190994,370,78616,368,112378
EchoDot5 (US1) ,597600,539,108667,262,41151,277,67516,1,78,1,78,0,0,538,108589,261,41073,277,67516
EchoDot5 (US1) ,599400,2419,1050086,1327,736743,1092,313343,2,156,2,156,0,0,2417,1049930,1325,736587,1092,313343
EchoDot5 (US1) ,601200,2074,864331,1144,566949,930,297382,152,29692,66,6396,86,23296,1922,834639,1078,560553,844,274086
EchoDot5 (US1) ,603000,1190,439492,661,262935,529,176557,13,1124,13,1124,0,0,1177,438368,648,261811,529,176557
