Device,StartTime,Frames,Bytes,TxFrames,TxBytes,RxFrames,RxBytes,LanFrames,LanBytes,LanTxFrames,LanTxBytes,LanRxFrames,LanRxBytes,WanFrames,WanBytes,WanTxFrames,WanTxBytes,WanRxFrames,WanRxBytes
DreamGlassAir(US1-2) ,0,72,8828,44,5629,28,3199,0,0,0,0,0,0,72,8828,44,5629,28,3199
DreamGlassAir(US1-2) ,1800,1,66,0,0,1,66,0,0,0,0,0,0,1,66,0,0,1,66
DreamGlassAir(US1-2) ,3600,61,6232,37,3551,24,2681,0,0,0,0,0,0,61,6232,37,3551,24,2681
DreamGlassAir(US1-2) ,5400,1,66,0,0,1,66,0,0,0,0,0,0,1,66,0,0,1,66
DreamGlassAir(US1-2) ,7200,62,6280,38,3605,24,2675,0,0,0,0,0,0,62,6280,38,3605,24,2675
DreamGlassAir(US1-2) ,9000,1,66,0,0,1,66,0,0,0,0,0,0,1,66,0,0,1,66
DreamGlassAir(US1-2) ,10800,60,6175,37,3563,23,2612,0,0,0,0,0,0,60,6175,37,3563,23,2612
DreamGlassAir(US1-2) ,12600,1,66,0,0,1,66,0,0,0,0,0,0,1,66,0,0,1,66
DreamGlassAir(US1-2) ,14400,74,9228,45,5915,29,3313,0,0,0,0,0,0,74,9228,45,5915,29,3313
DreamGlassAir(US1-2) ,16200,1,66,0,0,1,66,0,0,0,0,0,0,1,66,0,0,1,66
DreamGlassAir(US1-2) ,18000,61,6232,37,3551,24,2681,0,0,0,0,0,0,61,6232,37,3551,24,2681
DreamGlassAir(US1-2) ,19800,1,66,0,0,1,66,0,0,0,0,0,0,1,66,0,0,1,66
DreamGlassAir(US1-2) ,21600,61,6229,37,3551,24,2678,0,0,0,0,0,0,61,6229,37,3551,24,2678
DreamGlassAir(US1-2) ,23400,1,66,0,0,1,66,0,0,0,0,0,0,1,66,0,0,1,66
DreamGlassAir(US1-2) ,25200,62,6293,38,3605,24,2688,0,0,0,0,0,0,62,6293,38,3605,24,2688
DreamGlassAir(US1-2) ,27000,1,66,0,0,1,66,0,0,0,0,0,0,1,66,0,0,1,66
DreamGlassAir(US1-2) ,28800,62,6274,38,3605,24,2669,0,0,0,0,0,0,62,6274,38,3605,24,2669
DreamGlassAir(US1-2) ,30600,1,66,0,0,1,66,0,0,0,0,0,0,1,66,0,0,1,66
DreamGlassAir(US1-2) ,32400,88,9308,52,5153,36,4155,0,0,0,0,0,0,88,9308,52,5153,36,4155
DreamGlassAir(US1-2) ,34200,4,319,2,162,2,157,0,0,0,0,0,0,4,319,2,162,2,157
DreamGlassAir(US1-2) ,36000,93,11683,55,6130,38,5553,0,0,0,0,0,0,93,11683,55,6130,38,5553
DreamGlassAir(US1-2) ,37800,4,319,2,162,2,157,0,0,0,0,0,0,4,319,2,162,2,157
DreamGlassAir(US1-2) ,39600,72,7137,42,3989,30,3148,0,0,0,0,0,0,72,7137,42,3989,30,3148
DreamGlassAir(US1-2) ,41400,1,66,0,0,1,66,0,0,0,0,0,0,1,66,0,0,1,66
DreamGlassAir(US1-2) ,43200,60,6165,37,3551,23,2614,0,0,0,0,0,0,60,6165,37,3551,23,2614
DreamGlassAir(US1-2) ,45000,1,66,0,0,1,66,0,0,0,0,0,0,1,66,0,0,1,66
DreamGlassAir(US1-2) ,46800,61,6235,37,3551,24,2684,0,0,0,0,0,0,61,6235,37,3551,24,2684
DreamGlassAir(US1-2) ,48600,1,66,0,0,1,66,0,0,0,0,0,0,1,66,0,0,1,66
DreamGlassAir(US1-2) ,50400,61,6236,37,3551,24,2685,0,0,0,0,0,0,61,6236,37,3551,24,2685
DreamGlassAir(US1-2) ,52200,1,66,0,0,1,66,0,0,0,0,0,0,1,66,0,0,1,66
DreamGlassAir(US1-2) ,54000,62,6269,38,3605,24,2664,0,0,0,0,0,0,62,6269,38,3605,24,2664
DreamGlassAir(US1-2) ,55800,1,66,0,0,1,66,0,0,0,0,0,0,1,66,0,0,1,66
DreamGlassAir(US1-2) ,57600,61,6231,37,3551,24,2680,0,0,0,0,0,0,61,6231,37,3551,24,2680
DreamGlassAir(US1-2) ,59400,1,66,0,0,1,66,0,0,0,0,0,0,1,66,0,0,1,66
DreamGlassAir(US1-2) ,61200,62,6285,38,3605,24,2680,0,0,0,0,0,0,62,6285,38,3605,24,2680
DreamGlassAir(US1-2) ,63000,1,66,0,0,1,66,0,0,0,0,0,0,1,66,0,0,1,66
DreamGlassAir(US1-2) ,64800,65,6468,38,3605,27,2863,0,0,0,0,0,0,65,6468,38,3605,27,2863
DreamGlassAir(US1-2) ,66600,1,66,0,0,1,66,0,0,0,0,0,0,1,66,0,0,1,66
DreamGlassAir(US1-2) ,68400,61,6239,36,3497,25,2742,0,0,0,0,0,0,61,6239,36,3497,25,2742
DreamGlassAir(US1-2) ,70200,1,66,0,0,1,66,0,0,0,0,0,0,1,66,0,0,1,66
DreamGlassAir(US1-2) ,72000,60,6176,37,3563,23,2613,0,0,0,0,0,0,60,6176,37,3563,23,2613
DreamGlassAir(US1-2) ,73800,1,66,0,0,1,66,0,0,0,0,0,0,1,66,0,0,1,66
DreamGlassAir(US1-2) ,75600,92,10527,55,6131,37,4396,0,0,0,0,0,0,92,10527,55,6131,37,4396
DreamGlassAir(US1-2) ,77400,4,319,2,162,2,157,0,0,0,0,0,0,4,319,2,162,2,157
DreamGlassAir(US1-2) ,79200,62,6284,37,3551,25,2733,0,0,0,0,0,0,62,6284,37,3551,25,2733
DreamGlassAir(US1-2) ,81000,1,66,0,0,1,66,0,0,0,0,0,0,1,66,0,0,1,66
DreamGlassAir(US1-2) ,82800,68,6885,41,3935,27,2950,0,0,0,0,0,0,68,6885,41,3935,27,2950
DreamGlassAir(US1-2) ,84600,1,66,0,0,1,66,0,0,0,0,0,0,1,66,0,0,1,66
DreamGlassAir(US1-2) ,86400,62,6272,38,3605,24,2667,0,0,0,0,0,0,62,6272,38,3605,24,2667
DreamGlassAir(US1-2) ,88200,1,66,0,0,1,66,0,0,0,0,0,0,1,66,0,0,1,66
DreamGlassAir(US1-2) ,90000,62,6294,37,3551,25,2743,0,0,0,0,0,0,62,6294,37,3551,25,2743
DreamGlassAir(US1-2) ,91800,1,66,0,0,1,66,0,0,0,0,0,0,1,66,0,0,1,66
DreamGlassAir(US1-2) ,93600,0,0,0,0,0,0,0,0,0,0,0,0,0,0,0,0,0,0
DreamGlassAir(US1-2) ,95400,59,5806,37,3270,22,2536,0,0,0,0,0,0,59,5806,37,3270,22,2536
DreamGlassAir(US1-2) ,97200,1,66,0,0,1,66,0,0,0,0,0,0,1,66,0,0,1,66
DreamGlassAir(US1-2) ,99000,61,5937,37,3270,24,2667,0,0,0,0,0,0,61,5937,37,3270,24,2667
DreamGlassAir(US1-2) ,100800,2,140,1,74,1,66,0,0,0,0,0,0,2,140,1,74,1,66
DreamGlassAir(US1-2) ,102600,61,7722,38,4936,23,2786,0,0,0,0,0,0,61,7722,38,4936,23,2786
DreamGlassAir(US1-2) ,104400,1,66,0,0,1,66,0,0,0,0,0,0,1,66,0,0,1,66
DreamGlassAir(US1-2) ,106200,50,5035,32,2832,18,2203,0,0,0,0,0,0,50,5035,32,2832,18,2203
DreamGlassAir(US1-2) ,108000,1,66,0,0,1,66,0,0,0,0,0,0,1,66,0,0,1,66
DreamGlassAir(US1-2) ,109800,50,5029,32,2832,18,2197,0,0,0,0,0,0,50,5029,32,2832,18,2197
DreamGlassAir(US1-2) ,111600,1,66,0,0,1,66,0,0,0,0,0,0,1,66,0,0,1,66
DreamGlassAir(US1-2) ,113400,0,0,0,0,0,0,0,0,0,0,0,0,0,0,0,0,0,0
DreamGlassAir(US1-2) ,115200,104,12567,61,6622,43,5945,0,0,0,0,0,0,104,12567,61,6622,43,5945
DreamGlassAir(US1-2) ,117000,4,319,2,162,2,157,0,0,0,0,0,0,4,319,2,162,2,157
DreamGlassAir(US1-2) ,118800,61,6229,37,3551,24,2678,0,0,0,0,0,0,61,6229,37,3551,24,2678
DreamGlassAir(US1-2) ,120600,1,66,0,0,1,66,0,0,0,0,0,0,1,66,0,0,1,66
DreamGlassAir(US1-2) ,122400,69,6937,42,3989,27,2948,0,0,0,0,0,0,69,6937,42,3989,27,2948
DreamGlassAir(US1-2) ,124200,1,66,0,0,1,66,0,0,0,0,0,0,1,66,0,0,1,66
DreamGlassAir(US1-2) ,126000,60,6163,37,3551,23,2612,0,0,0,0,0,0,60,6163,37,3551,23,2612
DreamGlassAir(US1-2) ,127800,1,66,0,0,1,66,0,0,0,0,0,0,1,66,0,0,1,66
DreamGlassAir(US1-2) ,129600,61,6231,37,3551,24,2680,0,0,0,0,0,0,61,6231,37,3551,24,2680
DreamGlassAir(US1-2) ,131400,1,66,0,0,1,66,0,0,0,0,0,0,1,66,0,0,1,66
DreamGlassAir(US1-2) ,133200,62,6296,37,3551,25,2745,0,0,0,0,0,0,62,6296,37,3551,25,2745
DreamGlassAir(US1-2) ,135000,1,66,0,0,1,66,0,0,0,0,0,0,1,66,0,0,1,66
DreamGlassAir(US1-2) ,136800,68,6876,42,3989,26,2887,0,0,0,0,0,0,68,6876,42,3989,26,2887
DreamGlassAir(US1-2) ,138600,1,66,0,0,1,66,0,0,0,0,0,0,1,66,0,0,1,66
DreamGlassAir(US1-2) ,140400,61,6231,37,3551,24,2680,0,0,0,0,0,0,61,6231,37,3551,24,2680
DreamGlassAir(US1-2) ,142200,1,66,0,0,1,66,0,0,0,0,0,0,1,66,0,0,1,66
DreamGlassAir(US1-2) ,144000,60,6165,37,3551,23,2614,0,0,0,0,0,0,60,6165,37,3551,23,2614
DreamGlassAir(US1-2) ,145800,1,66,0,0,1,66,0,0,0,0,0,0,1,66,0,0,1,66
DreamGlassAir(US1-2) ,147600,70,7000,42,3989,28,3011,0,0,0,0,0,0,70,7000,42,3989,28,3011
DreamGlassAir(US1-2) ,149400,1,66,0,0,1,66,0,0,0,0,0,0,1,66,0,0,1,66
DreamGlassAir(US1-2) ,151200,63,6346,38,3605,25,2741,0,0,0,0,0,0,63,6346,38,3605,25,2741
DreamGlassAir(US1-2) ,153000,1,66,0,0,1,66,0,0,0,0,0,0,1,66,0,0,1,66
DreamGlassAir(US1-2) ,154800,93,10580,56,6185,37,4395,0,0,0,0,0,0,93,10580,56,6185,37,4395
DreamGlassAir(US1-2) ,156600,3,253,2,162,1,91,0,0,0,0,0,0,3,253,2,162,1,91
DreamGlassAir(US1-2) ,158400,70,7000,42,3989,28,3011,0,0,0,0,0,0,70,7000,42,3989,28,3011
DreamGlassAir(US1-2) ,160200,21,2598,12,1232,9,1366,0,0,0,0,0,0,21,2598,12,1232,9,1366
DreamGlassAir(US1-2) ,162000,46,4073,29,2602,17,1471,0,0,0,0,0,0,46,4073,29,2602,17,1471
DreamGlassAir(US1-2) ,163800,33,2783,22,1782,11,1001,0,0,0,0,0,0,33,2783,22,1782,11,1001
DreamGlassAir(US1-2) ,165600,43,3911,27,2494,16,1417,0,0,0,0,0,0,43,3911,27,2494,16,1417
DreamGlassAir(US1-2) ,167400,36,3036,24,1944,12,1092,0,0,0,0,0,0,36,3036,24,1944,12,1092
DreamGlassAir(US1-2) ,169200,67,11562,42,4720,25,6842,0,0,0,0,0,0,67,11562,42,4720,25,6842
DreamGlassAir(US1-2) ,171000,33,2783,22,1782,11,1001,0,0,0,0,0,0,33,2783,22,1782,11,1001
DreamGlassAir(US1-2) ,172800,43,3911,27,2494,16,1417,0,0,0,0,0,0,43,3911,27,2494,16,1417
DreamGlassAir(US1-2) ,174600,36,3036,24,1944,12,1092,0,0,0,0,0,0,36,3036,24,1944,12,1092
DreamGlassAir(US1-2) ,176400,43,3911,27,2494,16,1417,0,0,0,0,0,0,43,3911,27,2494,16,1417
DreamGlassAir(US1-2) ,178200,33,2783,22,1782,11,1001,0,0,0,0,0,0,33,2783,22,1782,11,1001
DreamGlassAir(US1-2) ,180000,43,3911,27,2494,16,1417,0,0,0,0,0,0,43,3911,27,2494,16,1417
DreamGlassAir(US1-2) ,181800,36,3036,24,1944,12,1092,0,0,0,0,0,0,36,3036,24,1944,12,1092
DreamGlassAir(US1-2) ,183600,43,3911,27,2494,16,1417,0,0,0,0,0,0,43,3911,27,2494,16,1417
DreamGlassAir(US1-2) ,185400,33,2783,22,1782,11,1001,0,0,0,0,0,0,33,2783,22,1782,11,1001
DreamGlassAir(US1-2) ,187200,43,3911,27,2494,16,1417,0,0,0,0,0,0,43,3911,27,2494,16,1417
DreamGlassAir(US1-2) ,189000,36,3036,24,1944,12,1092,0,0,0,0,0,0,36,3036,24,1944,12,1092
DreamGlassAir(US1-2) ,190800,55,6920,34,4800,21,2120,0,0,0,0,0,0,55,6920,34,4800,21,2120
DreamGlassAir(US1-2) ,192600,33,2783,22,1782,11,1001,0,0,0,0,0,0,33,2783,22,1782,11,1001
DreamGlassAir(US1-2) ,194400,96,12058,57,6434,39,5624,0,0,0,0,0,0,96,12058,57,6434,39,5624
DreamGlassAir(US1-2) ,196200,36,3036,24,1944,12,1092,0,0,0,0,0,0,36,3036,24,1944,12,1092
DreamGlassAir(US1-2) ,198000,43,3911,27,2494,16,1417,0,0,0,0,0,0,43,3911,27,2494,16,1417
DreamGlassAir(US1-2) ,199800,33,2783,22,1782,11,1001,0,0,0,0,0,0,33,2783,22,1782,11,1001
DreamGlassAir(US1-2) ,201600,43,3911,27,2494,16,1417,0,0,0,0,0,0,43,3911,27,2494,16,1417
DreamGlassAir(US1-2) ,203400,36,3036,24,1944,12,1092,0,0,0,0,0,0,36,3036,24,1944,12,1092
DreamGlassAir(US1-2) ,205200,43,3911,27,2494,16,1417,0,0,0,0,0,0,43,3911,27,2494,16,1417
DreamGlassAir(US1-2) ,207000,33,2783,22,1782,11,1001,0,0,0,0,0,0,33,2783,22,1782,11,1001
DreamGlassAir(US1-2) ,208800,43,3911,27,2494,16,1417,0,0,0,0,0,0,43,3911,27,2494,16,1417
DreamGlassAir(US1-2) ,210600,36,3036,24,1944,12,1092,0,0,0,0,0,0,36,3036,24,1944,12,1092
DreamGlassAir(US1-2) ,212400,43,3911,27,2494,16,1417,0,0,0,0,0,0,43,3911,27,2494,16,1417
DreamGlassAir(US1-2) ,214200,33,2783,22,1782,11,1001,0,0,0,0,0,0,33,2783,22,1782,11,1001
DreamGlassAir(US1-2) ,216000,43,3911,27,2494,16,1417,0,0,0,0,0,0,43,3911,27,2494,16,1417
DreamGlassAir(US1-2) ,217800,36,3036,24,1944,12,1092,0,0,0,0,0,0,36,3036,24,1944,12,1092
DreamGlassAir(US1-2) ,219600,43,3911,27,2494,16,1417,0,0,0,0,0,0,43,3911,27,2494,16,1417
DreamGlassAir(US1-2) ,221400,33,2783,22,1782,11,1001,0,0,0,0,0,0,33,2783,22,1782,11,1001
DreamGlassAir(US1-2) ,223200,43,3911,27,2494,16,1417,0,0,0,0,0,0,43,3911,27,2494,16,1417
DreamGlassAir(US1-2) ,225000,36,3036,24,1944,12,1092,0,0,0,0,0,0,36,3036,24,1944,12,1092
DreamGlassAir(US1-2) ,226800,43,3911,27,2494,16,1417,0,0,0,0,0,0,43,3911,27,2494,16,1417
DreamGlassAir(US1-2) ,228600,33,2783,22,1782,11,1001,0,0,0,0,0,0,33,2783,22,1782,11,1001
DreamGlassAir(US1-2) ,230400,43,3911,27,2494,16,1417,0,0,0,0,0,0,43,3911,27,2494,16,1417
DreamGlassAir(US1-2) ,232200,36,3036,24,1944,12,1092,0,0,0,0,0,0,36,3036,24,1944,12,1092
DreamGlassAir(US1-2) ,234000,95,10723,56,6202,39,4521,0,0,0,0,0,0,95,10723,56,6202,39,4521
DreamGlassAir(US1-2) ,235800,36,3036,24,1944,12,1092,0,0,0,0,0,0,36,3036,24,1944,12,1092
DreamGlassAir(US1-2) ,237600,43,3911,27,2494,16,1417,0,0,0,0,0,0,43,3911,27,2494,16,1417
DreamGlassAir(US1-2) ,239400,33,2783,22,1782,11,1001,0,0,0,0,0,0,33,2783,22,1782,11,1001
DreamGlassAir(US1-2) ,241200,43,3911,27,2494,16,1417,0,0,0,0,0,0,43,3911,27,2494,16,1417
DreamGlassAir(US1-2) ,243000,36,3036,24,1944,12,1092,0,0,0,0,0,0,36,3036,24,1944,12,1092
DreamGlassAir(US1-2) ,244800,43,3911,27,2494,16,1417,0,0,0,0,0,0,43,3911,27,2494,16,1417
DreamGlassAir(US1-2) ,246600,33,2783,22,1782,11,1001,0,0,0,0,0,0,33,2783,22,1782,11,1001
DreamGlassAir(US1-2) ,248400,43,3911,27,2494,16,1417,0,0,0,0,0,0,43,3911,27,2494,16,1417
DreamGlassAir(US1-2) ,250200,36,3036,24,1944,12,1092,0,0,0,0,0,0,36,3036,24,1944,12,1092
DreamGlassAir(US1-2) ,252000,43,3911,27,2494,16,1417,0,0,0,0,0,0,43,3911,27,2494,16,1417
DreamGlassAir(US1-2) ,253800,33,2783,22,1782,11,1001,0,0,0,0,0,0,33,2783,22,1782,11,1001
DreamGlassAir(US1-2) ,255600,63,11177,40,4536,23,6641,0,0,0,0,0,0,63,11177,40,4536,23,6641
DreamGlassAir(US1-2) ,257400,38,3256,25,2054,13,1202,0,0,0,0,0,0,38,3256,25,2054,13,1202
DreamGlassAir(US1-2) ,259200,43,3911,27,2494,16,1417,0,0,0,0,0,0,43,3911,27,2494,16,1417
DreamGlassAir(US1-2) ,261000,52,5169,33,2898,19,2271,0,0,0,0,0,0,52,5169,33,2898,19,2271
DreamGlassAir(US1-2) ,262800,43,3911,27,2494,16,1417,0,0,0,0,0,0,43,3911,27,2494,16,1417
DreamGlassAir(US1-2) ,264600,33,2783,22,1782,11,1001,0,0,0,0,0,0,33,2783,22,1782,11,1001
DreamGlassAir(US1-2) ,266400,43,3911,27,2494,16,1417,0,0,0,0,0,0,43,3911,27,2494,16,1417
DreamGlassAir(US1-2) ,268200,36,3036,24,1944,12,1092,0,0,0,0,0,0,36,3036,24,1944,12,1092
DreamGlassAir(US1-2) ,270000,43,3911,27,2494,16,1417,0,0,0,0,0,0,43,3911,27,2494,16,1417
DreamGlassAir(US1-2) ,271800,33,2783,22,1782,11,1001,0,0,0,0,0,0,33,2783,22,1782,11,1001
DreamGlassAir(US1-2) ,273600,97,11935,57,6255,40,5680,0,0,0,0,0,0,97,11935,57,6255,40,5680
DreamGlassAir(US1-2) ,275400,36,3036,24,1944,12,1092,0,0,0,0,0,0,36,3036,24,1944,12,1092
DreamGlassAir(US1-2) ,277200,55,7138,34,4952,21,2186,0,0,0,0,0,0,55,7138,34,4952,21,2186
DreamGlassAir(US1-2) ,279000,33,2783,22,1782,11,1001,0,0,0,0,0,0,33,2783,22,1782,11,1001
DreamGlassAir(US1-2) ,280800,43,3911,27,2494,16,1417,0,0,0,0,0,0,43,3911,27,2494,16,1417
DreamGlassAir(US1-2) ,282600,36,3036,24,1944,12,1092,0,0,0,0,0,0,36,3036,24,1944,12,1092
DreamGlassAir(US1-2) ,284400,43,3911,27,2494,16,1417,0,0,0,0,0,0,43,3911,27,2494,16,1417
DreamGlassAir(US1-2) ,286200,33,2783,22,1782,11,1001,0,0,0,0,0,0,33,2783,22,1782,11,1001
DreamGlassAir(US1-2) ,288000,43,3911,27,2494,16,1417,0,0,0,0,0,0,43,3911,27,2494,16,1417
DreamGlassAir(US1-2) ,289800,36,3036,24,1944,12,1092,0,0,0,0,0,0,36,3036,24,1944,12,1092
DreamGlassAir(US1-2) ,291600,43,3911,27,2494,16,1417,0,0,0,0,0,0,43,3911,27,2494,16,1417
DreamGlassAir(US1-2) ,293400,33,2783,22,1782,11,1001,0,0,0,0,0,0,33,2783,22,1782,11,1001
DreamGlassAir(US1-2) ,295200,43,3911,27,2494,16,1417,0,0,0,0,0,0,43,3911,27,2494,16,1417
DreamGlassAir(US1-2) ,297000,36,3036,24,1944,12,1092,0,0,0,0,0,0,36,3036,24,1944,12,1092
DreamGlassAir(US1-2) ,298800,43,3911,27,2494,16,1417,0,0,0,0,0,0,43,3911,27,2494,16,1417
DreamGlassAir(US1-2) ,300600,33,2783,22,1782,11,1001,0,0,0,0,0,0,33,2783,22,1782,11,1001
DreamGlassAir(US1-2) ,302400,61,6226,38,3610,23,2616,0,0,0,0,0,0,61,6226,38,3610,23,2616
DreamGlassAir(US1-2) ,304200,33,2783,22,1782,11,1001,0,0,0,0,0,0,33,2783,22,1782,11,1001
DreamGlassAir(US1-2) ,306000,43,3911,27,2494,16,1417,0,0,0,0,0,0,43,3911,27,2494,16,1417
DreamGlassAir(US1-2) ,307800,36,3036,24,1944,12,1092,0,0,0,0,0,0,36,3036,24,1944,12,1092
DreamGlassAir(US1-2) ,309600,43,3911,27,2494,16,1417,0,0,0,0,0,0,43,3911,27,2494,16,1417
DreamGlassAir(US1-2) ,311400,33,2783,22,1782,11,1001,0,0,0,0,0,0,33,2783,22,1782,11,1001
DreamGlassAir(US1-2) ,313200,95,10709,57,6256,38,4453,0,0,0,0,0,0,95,10709,57,6256,38,4453
DreamGlassAir(US1-2) ,315000,36,3036,24,1944,12,1092,0,0,0,0,0,0,36,3036,24,1944,12,1092
DreamGlassAir(US1-2) ,316800,43,3911,27,2494,16,1417,0,0,0,0,0,0,43,3911,27,2494,16,1417
DreamGlassAir(US1-2) ,318600,33,2783,22,1782,11,1001,0,0,0,0,0,0,33,2783,22,1782,11,1001
DreamGlassAir(US1-2) ,320400,43,3911,27,2494,16,1417,0,0,0,0,0,0,43,3911,27,2494,16,1417
DreamGlassAir(US1-2) ,322200,36,3036,24,1944,12,1092,0,0,0,0,0,0,36,3036,24,1944,12,1092
DreamGlassAir(US1-2) ,324000,43,3911,27,2494,16,1417,0,0,0,0,0,0,43,3911,27,2494,16,1417
DreamGlassAir(US1-2) ,325800,33,2783,22,1782,11,1001,0,0,0,0,0,0,33,2783,22,1782,11,1001
DreamGlassAir(US1-2) ,327600,43,3911,27,2494,16,1417,0,0,0,0,0,0,43,3911,27,2494,16,1417
DreamGlassAir(US1-2) ,329400,36,3036,24,1944,12,1092,0,0,0,0,0,0,36,3036,24,1944,12,1092
DreamGlassAir(US1-2) ,331200,43,3911,27,2494,16,1417,0,0,0,0,0,0,43,3911,27,2494,16,1417
DreamGlassAir(US1-2) ,333000,33,2783,22,1782,11,1001,0,0,0,0,0,0,33,2783,22,1782,11,1001
DreamGlassAir(US1-2) ,334800,43,3911,27,2494,16,1417,0,0,0,0,0,0,43,3911,27,2494,16,1417
DreamGlassAir(US1-2) ,336600,36,3036,24,1944,12,1092,0,0,0,0,0,0,36,3036,24,1944,12,1092
DreamGlassAir(US1-2) ,338400,43,3911,27,2494,16,1417,0,0,0,0,0,0,43,3911,27,2494,16,1417
DreamGlassAir(US1-2) ,340200,33,2783,22,1782,11,1001,0,0,0,0,0,0,33,2783,22,1782,11,1001
DreamGlassAir(US1-2) ,342000,65,11327,42,4684,23,6643,0,0,0,0,0,0,65,11327,42,4684,23,6643
DreamGlassAir(US1-2) ,343800,36,3036,24,1944,12,1092,0,0,0,0,0,0,36,3036,24,1944,12,1092
DreamGlassAir(US1-2) ,345600,45,4131,28,2604,17,1527,0,0,0,0,0,0,45,4131,28,2604,17,1527
DreamGlassAir(US1-2) ,347400,33,2783,22,1782,11,1001,0,0,0,0,0,0,33,2783,22,1782,11,1001
DreamGlassAir(US1-2) ,349200,43,3911,27,2494,16,1417,0,0,0,0,0,0,43,3911,27,2494,16,1417
DreamGlassAir(US1-2) ,351000,36,3036,24,1944,12,1092,0,0,0,0,0,0,36,3036,24,1944,12,1092
DreamGlassAir(US1-2) ,352800,99,12028,59,6363,40,5665,0,0,0,0,0,0,99,12028,59,6363,40,5665
DreamGlassAir(US1-2) ,354600,36,3036,24,1944,12,1092,0,0,0,0,0,0,36,3036,24,1944,12,1092
DreamGlassAir(US1-2) ,356400,43,3911,27,2494,16,1417,0,0,0,0,0,0,43,3911,27,2494,16,1417
DreamGlassAir(US1-2) ,358200,33,2783,22,1782,11,1001,0,0,0,0,0,0,33,2783,22,1782,11,1001
DreamGlassAir(US1-2) ,360000,43,3911,27,2494,16,1417,0,0,0,0,0,0,43,3911,27,2494,16,1417
DreamGlassAir(US1-2) ,361800,52,5159,33,2898,19,2261,0,0,0,0,0,0,52,5159,33,2898,19,2261
DreamGlassAir(US1-2) ,363600,55,6938,34,4817,21,2121,0,0,0,0,0,0,55,6938,34,4817,21,2121
DreamGlassAir(US1-2) ,365400,36,3036,24,1944,12,1092,0,0,0,0,0,0,36,3036,24,1944,12,1092
DreamGlassAir(US1-2) ,367200,43,3911,27,2494,16,1417,0,0,0,0,0,0,43,3911,27,2494,16,1417
DreamGlassAir(US1-2) ,369000,60,5872,38,3336,22,2536,0,0,0,0,0,0,60,5872,38,3336,22,2536
DreamGlassAir(US1-2) ,370800,43,3911,27,2494,16,1417,0,0,0,0,0,0,43,3911,27,2494,16,1417
DreamGlassAir(US1-2) ,372600,33,2783,22,1782,11,1001,0,0,0,0,0,0,33,2783,22,1782,11,1001
DreamGlassAir(US1-2) ,374400,46,4164,29,2656,17,1508,0,0,0,0,0,0,46,4164,29,2656,17,1508
DreamGlassAir(US1-2) ,376200,33,2783,22,1782,11,1001,0,0,0,0,0,0,33,2783,22,1782,11,1001
DreamGlassAir(US1-2) ,378000,43,3911,27,2494,16,1417,0,0,0,0,0,0,43,3911,27,2494,16,1417
DreamGlassAir(US1-2) ,379800,33,2783,22,1782,11,1001,0,0,0,0,0,0,33,2783,22,1782,11,1001
DreamGlassAir(US1-2) ,381600,46,4164,29,2656,17,1508,0,0,0,0,0,0,46,4164,29,2656,17,1508
DreamGlassAir(US1-2) ,383400,34,2849,22,1782,12,1067,0,0,0,0,0,0,34,2849,22,1782,12,1067
DreamGlassAir(US1-2) ,385200,43,3911,27,2494,16,1417,0,0,0,0,0,0,43,3911,27,2494,16,1417
DreamGlassAir(US1-2) ,387000,33,2783,22,1782,11,1001,0,0,0,0,0,0,33,2783,22,1782,11,1001
DreamGlassAir(US1-2) ,388800,46,4164,29,2656,17,1508,0,0,0,0,0,0,46,4164,29,2656,17,1508
DreamGlassAir(US1-2) ,390600,33,2783,22,1782,11,1001,0,0,0,0,0,0,33,2783,22,1782,11,1001
DreamGlassAir(US1-2) ,392400,103,11416,62,6694,41,4722,0,0,0,0,0,0,103,11416,62,6694,41,4722
DreamGlassAir(US1-2) ,394200,36,3036,24,1944,12,1092,0,0,0,0,0,0,36,3036,24,1944,12,1092
DreamGlassAir(US1-2) ,396000,43,3911,27,2494,16,1417,0,0,0,0,0,0,43,3911,27,2494,16,1417
DreamGlassAir(US1-2) ,397800,33,2783,22,1782,11,1001,0,0,0,0,0,0,33,2783,22,1782,11,1001
DreamGlassAir(US1-2) ,399600,43,3911,27,2494,16,1417,0,0,0,0,0,0,43,3911,27,2494,16,1417
DreamGlassAir(US1-2) ,401400,58,5685,38,3352,20,2333,0,0,0,0,0,0,58,5685,38,3352,20,2333
DreamGlassAir(US1-2) ,403200,56,5523,37,3234,19,2289,0,0,0,0,0,0,56,5523,37,3234,19,2289
DreamGlassAir(US1-2) ,405000,36,3036,24,1944,12,1092,0,0,0,0,0,0,36,3036,24,1944,12,1092
DreamGlassAir(US1-2) ,406800,43,3911,27,2494,16,1417,0,0,0,0,0,0,43,3911,27,2494,16,1417
DreamGlassAir(US1-2) ,408600,33,2783,22,1782,11,1001,0,0,0,0,0,0,33,2783,22,1782,11,1001
DreamGlassAir(US1-2) ,410400,43,3911,27,2494,16,1417,0,0,0,0,0,0,43,3911,27,2494,16,1417
DreamGlassAir(US1-2) ,412200,36,3036,24,1944,12,1092,0,0,0,0,0,0,36,3036,24,1944,12,1092
DreamGlassAir(US1-2) ,414000,43,3911,27,2494,16,1417,0,0,0,0,0,0,43,3911,27,2494,16,1417
DreamGlassAir(US1-2) ,415800,33,2783,22,1782,11,1001,0,0,0,0,0,0,33,2783,22,1782,11,1001
DreamGlassAir(US1-2) ,417600,44,3977,27,2494,17,1483,0,0,0,0,0,0,44,3977,27,2494,17,1483
DreamGlassAir(US1-2) ,419400,36,3036,24,1944,12,1092,0,0,0,0,0,0,36,3036,24,1944,12,1092
DreamGlassAir(US1-2) ,421200,43,3911,27,2494,16,1417,0,0,0,0,0,0,43,3911,27,2494,16,1417
DreamGlassAir(US1-2) ,423000,33,2783,22,1782,11,1001,0,0,0,0,0,0,33,2783,22,1782,11,1001
DreamGlassAir(US1-2) ,424800,43,3911,27,2494,16,1417,0,0,0,0,0,0,43,3911,27,2494,16,1417
DreamGlassAir(US1-2) ,426600,36,3036,24,1944,12,1092,0,0,0,0,0,0,36,3036,24,1944,12,1092
DreamGlassAir(US1-2) ,428400,65,11349,40,4536,25,6813,0,0,0,0,0,0,65,11349,40,4536,25,6813
DreamGlassAir(US1-2) ,430200,33,2783,22,1782,11,1001,0,0,0,0,0,0,33,2783,22,1782,11,1001
DreamGlassAir(US1-2) ,432000,97,12102,57,6255,40,5847,0,0,0,0,0,0,97,12102,57,6255,40,5847
DreamGlassAir(US1-2) ,433800,38,3256,25,2054,13,1202,0,0,0,0,0,0,38,3256,25,2054,13,1202
DreamGlassAir(US1-2) ,435600,43,3911,27,2494,16,1417,0,0,0,0,0,0,43,3911,27,2494,16,1417
DreamGlassAir(US1-2) ,437400,33,2783,22,1782,11,1001,0,0,0,0,0,0,33,2783,22,1782,11,1001
DreamGlassAir(US1-2) ,439200,43,3911,27,2494,16,1417,0,0,0,0,0,0,43,3911,27,2494,16,1417
DreamGlassAir(US1-2) ,441000,36,3036,24,1944,12,1092,0,0,0,0,0,0,36,3036,24,1944,12,1092
DreamGlassAir(US1-2) ,442800,43,3911,27,2494,16,1417,0,0,0,0,0,0,43,3911,27,2494,16,1417
DreamGlassAir(US1-2) ,444600,33,2783,22,1782,11,1001,0,0,0,0,0,0,33,2783,22,1782,11,1001
DreamGlassAir(US1-2) ,446400,43,3911,27,2494,16,1417,0,0,0,0,0,0,43,3911,27,2494,16,1417
DreamGlassAir(US1-2) ,448200,36,3036,24,1944,12,1092,0,0,0,0,0,0,36,3036,24,1944,12,1092
DreamGlassAir(US1-2) ,450000,55,6939,34,4817,21,2122,0,0,0,0,0,0,55,6939,34,4817,21,2122
DreamGlassAir(US1-2) ,451800,33,2783,22,1782,11,1001,0,0,0,0,0,0,33,2783,22,1782,11,1001
DreamGlassAir(US1-2) ,453600,43,3911,27,2494,16,1417,0,0,0,0,0,0,43,3911,27,2494,16,1417
DreamGlassAir(US1-2) ,455400,36,3036,24,1944,12,1092,0,0,0,0,0,0,36,3036,24,1944,12,1092
DreamGlassAir(US1-2) ,457200,43,3911,27,2494,16,1417,0,0,0,0,0,0,43,3911,27,2494,16,1417
DreamGlassAir(US1-2) ,459000,33,2783,22,1782,11,1001,0,0,0,0,0,0,33,2783,22,1782,11,1001
DreamGlassAir(US1-2) ,460800,43,3911,27,2494,16,1417,0,0,0,0,0,0,43,3911,27,2494,16,1417
DreamGlassAir(US1-2) ,462600,36,3036,24,1944,12,1092,0,0,0,0,0,0,36,3036,24,1944,12,1092
DreamGlassAir(US1-2) ,464400,43,3911,27,2494,16,1417,0,0,0,0,0,0,43,3911,27,2494,16,1417
DreamGlassAir(US1-2) ,466200,33,2783,22,1782,11,1001,0,0,0,0,0,0,33,2783,22,1782,11,1001
DreamGlassAir(US1-2) ,468000,43,3911,27,2494,16,1417,0,0,0,0,0,0,43,3911,27,2494,16,1417
DreamGlassAir(US1-2) ,469800,36,3036,24,1944,12,1092,0,0,0,0,0,0,36,3036,24,1944,12,1092
DreamGlassAir(US1-2) ,471600,95,10726,56,6202,39,4524,0,0,0,0,0,0,95,10726,56,6202,39,4524
DreamGlassAir(US1-2) ,473400,63,6114,40,3498,23,2616,0,0,0,0,0,0,63,6114,40,3498,23,2616
DreamGlassAir(US1-2) ,475200,43,3911,27,2494,16,1417,0,0,0,0,0,0,43,3911,27,2494,16,1417
DreamGlassAir(US1-2) ,477000,33,2783,22,1782,11,1001,0,0,0,0,0,0,33,2783,22,1782,11,1001
DreamGlassAir(US1-2) ,478800,46,4164,29,2656,17,1508,0,0,0,0,0,0,46,4164,29,2656,17,1508
DreamGlassAir(US1-2) ,480600,33,2783,22,1782,11,1001,0,0,0,0,0,0,33,2783,22,1782,11,1001
DreamGlassAir(US1-2) ,482400,43,3911,27,2494,16,1417,0,0,0,0,0,0,43,3911,27,2494,16,1417
DreamGlassAir(US1-2) ,484200,33,2783,22,1782,11,1001,0,0,0,0,0,0,33,2783,22,1782,11,1001
DreamGlassAir(US1-2) ,486000,46,4164,29,2656,17,1508,0,0,0,0,0,0,46,4164,29,2656,17,1508
DreamGlassAir(US1-2) ,487800,33,2783,22,1782,11,1001,0,0,0,0,0,0,33,2783,22,1782,11,1001
DreamGlassAir(US1-2) ,489600,43,3911,27,2494,16,1417,0,0,0,0,0,0,43,3911,27,2494,16,1417
DreamGlassAir(US1-2) ,491400,33,2783,22,1782,11,1001,0,0,0,0,0,0,33,2783,22,1782,11,1001
DreamGlassAir(US1-2) ,493200,46,4164,29,2656,17,1508,0,0,0,0,0,0,46,4164,29,2656,17,1508
DreamGlassAir(US1-2) ,495000,33,2783,22,1782,11,1001,0,0,0,0,0,0,33,2783,22,1782,11,1001
DreamGlassAir(US1-2) ,496800,43,3911,27,2494,16,1417,0,0,0,0,0,0,43,3911,27,2494,16,1417
DreamGlassAir(US1-2) ,498600,33,2783,22,1782,11,1001,0,0,0,0,0,0,33,2783,22,1782,11,1001
DreamGlassAir(US1-2) ,500400,43,3911,27,2494,16,1417,0,0,0,0,0,0,43,3911,27,2494,16,1417
DreamGlassAir(US1-2) ,502200,36,3036,24,1944,12,1092,0,0,0,0,0,0,36,3036,24,1944,12,1092
DreamGlassAir(US1-2) ,504000,43,3911,27,2494,16,1417,0,0,0,0,0,0,43,3911,27,2494,16,1417
DreamGlassAir(US1-2) ,505800,33,2783,22,1782,11,1001,0,0,0,0,0,0,33,2783,22,1782,11,1001
DreamGlassAir(US1-2) ,507600,43,3911,27,2494,16,1417,0,0,0,0,0,0,43,3911,27,2494,16,1417
DreamGlassAir(US1-2) ,509400,36,3036,24,1944,12,1092,0,0,0,0,0,0,36,3036,24,1944,12,1092
DreamGlassAir(US1-2) ,511200,95,11816,57,6255,38,5561,0,0,0,0,0,0,95,11816,57,6255,38,5561
DreamGlassAir(US1-2) ,513000,36,3036,24,1944,12,1092,0,0,0,0,0,0,36,3036,24,1944,12,1092
DreamGlassAir(US1-2) ,514800,67,11510,41,4610,26,6900,0,0,0,0,0,0,67,11510,41,4610,26,6900
DreamGlassAir(US1-2) ,516600,33,2783,22,1782,11,1001,0,0,0,0,0,0,33,2783,22,1782,11,1001
DreamGlassAir(US1-2) ,518400,43,3911,27,2494,16,1417,0,0,0,0,0,0,43,3911,27,2494,16,1417
DreamGlassAir(US1-2) ,520200,36,3036,24,1944,12,1092,0,0,0,0,0,0,36,3036,24,1944,12,1092
DreamGlassAir(US1-2) ,522000,45,4131,28,2604,17,1527,0,0,0,0,0,0,45,4131,28,2604,17,1527
DreamGlassAir(US1-2) ,523800,33,2783,22,1782,11,1001,0,0,0,0,0,0,33,2783,22,1782,11,1001
DreamGlassAir(US1-2) ,525600,43,3911,27,2494,16,1417,0,0,0,0,0,0,43,3911,27,2494,16,1417
DreamGlassAir(US1-2) ,527400,36,3036,24,1944,12,1092,0,0,0,0,0,0,36,3036,24,1944,12,1092
DreamGlassAir(US1-2) ,529200,43,3911,27,2494,16,1417,0,0,0,0,0,0,43,3911,27,2494,16,1417
DreamGlassAir(US1-2) ,531000,33,2783,22,1782,11,1001,0,0,0,0,0,0,33,2783,22,1782,11,1001
DreamGlassAir(US1-2) ,532800,43,3911,27,2494,16,1417,0,0,0,0,0,0,43,3911,27,2494,16,1417
DreamGlassAir(US1-2) ,534600,36,3036,24,1944,12,1092,0,0,0,0,0,0,36,3036,24,1944,12,1092
DreamGlassAir(US1-2) ,536400,61,9546,37,6972,24,2574,0,0,0,0,0,0,61,9546,37,6972,24,2574
DreamGlassAir(US1-2) ,538200,33,2783,22,1782,11,1001,0,0,0,0,0,0,33,2783,22,1782,11,1001
DreamGlassAir(US1-2) ,540000,43,3911,27,2494,16,1417,0,0,0,0,0,0,43,3911,27,2494,16,1417
DreamGlassAir(US1-2) ,541800,36,3036,24,1944,12,1092,0,0,0,0,0,0,36,3036,24,1944,12,1092
DreamGlassAir(US1-2) ,543600,43,3911,27,2494,16,1417,0,0,0,0,0,0,43,3911,27,2494,16,1417
DreamGlassAir(US1-2) ,545400,33,2783,22,1782,11,1001,0,0,0,0,0,0,33,2783,22,1782,11,1001
DreamGlassAir(US1-2) ,547200,43,3911,27,2494,16,1417,0,0,0,0,0,0,43,3911,27,2494,16,1417
DreamGlassAir(US1-2) ,549000,34,2879,23,1878,11,1001,0,0,0,0,0,0,34,2879,23,1878,11,1001
DreamGlassAir(US1-2) ,550800,96,10814,57,6268,39,4546,0,0,0,0,0,0,96,10814,57,6268,39,4546
DreamGlassAir(US1-2) ,552600,36,3036,24,1944,12,1092,0,0,0,0,0,0,36,3036,24,1944,12,1092
DreamGlassAir(US1-2) ,554400,43,3911,27,2494,16,1417,0,0,0,0,0,0,43,3911,27,2494,16,1417
DreamGlassAir(US1-2) ,556200,33,2783,22,1782,11,1001,0,0,0,0,0,0,33,2783,22,1782,11,1001
DreamGlassAir(US1-2) ,558000,43,3911,27,2494,16,1417,0,0,0,0,0,0,43,3911,27,2494,16,1417
DreamGlassAir(US1-2) ,559800,36,3036,24,1944,12,1092,0,0,0,0,0,0,36,3036,24,1944,12,1092
DreamGlassAir(US1-2) ,561600,43,3911,27,2494,16,1417,0,0,0,0,0,0,43,3911,27,2494,16,1417
DreamGlassAir(US1-2) ,563400,33,2783,22,1782,11,1001,0,0,0,0,0,0,33,2783,22,1782,11,1001
DreamGlassAir(US1-2) ,565200,43,3911,27,2494,16,1417,0,0,0,0,0,0,43,3911,27,2494,16,1417
DreamGlassAir(US1-2) ,567000,36,3036,24,1944,12,1092,0,0,0,0,0,0,36,3036,24,1944,12,1092
DreamGlassAir(US1-2) ,568800,67,6748,41,3886,26,2862,0,0,0,0,0,0,67,6748,41,3886,26,2862
DreamGlassAir(US1-2) ,570600,33,2783,22,1782,11,1001,0,0,0,0,0,0,33,2783,22,1782,11,1001
DreamGlassAir(US1-2) ,572400,46,4164,29,2656,17,1508,0,0,0,0,0,0,46,4164,29,2656,17,1508
DreamGlassAir(US1-2) ,574200,33,2783,22,1782,11,1001,0,0,0,0,0,0,33,2783,22,1782,11,1001
DreamGlassAir(US1-2) ,576000,43,3911,27,2494,16,1417,0,0,0,0,0,0,43,3911,27,2494,16,1417
DreamGlassAir(US1-2) ,577800,33,2783,22,1782,11,1001,0,0,0,0,0,0,33,2783,22,1782,11,1001
DreamGlassAir(US1-2) ,579600,46,4164,29,2656,17,1508,0,0,0,0,0,0,46,4164,29,2656,17,1508
DreamGlassAir(US1-2) ,581400,33,2783,22,1782,11,1001,0,0,0,0,0,0,33,2783,22,1782,11,1001
DreamGlassAir(US1-2) ,583200,43,3911,27,2494,16,1417,0,0,0,0,0,0,43,3911,27,2494,16,1417
DreamGlassAir(US1-2) ,585000,33,2783,22,1782,11,1001,0,0,0,0,0,0,33,2783,22,1782,11,1001
DreamGlassAir(US1-2) ,586800,46,4164,29,2656,17,1508,0,0,0,0,0,0,46,4164,29,2656,17,1508
DreamGlassAir(US1-2) ,588600,33,2783,22,1782,11,1001,0,0,0,0,0,0,33,2783,22,1782,11,1001
DreamGlassAir(US1-2) ,590400,96,11880,57,6255,39,5625,0,0,0,0,0,0,96,11880,57,6255,39,5625
DreamGlassAir(US1-2) ,592200,36,3036,24,1944,12,1092,0,0,0,0,0,0,36,3036,24,1944,12,1092
DreamGlassAir(US1-2) ,594000,63,6350,38,3610,25,2740,0,0,0,0,0,0,63,6350,38,3610,25,2740
DreamGlassAir(US1-2) ,595800,33,2783,22,1782,11,1001,0,0,0,0,0,0,33,2783,22,1782,11,1001
DreamGlassAir(US1-2) ,597600,46,4164,29,2656,17,1508,0,0,0,0,0,0,46,4164,29,2656,17,1508
DreamGlassAir(US1-2) ,599400,33,2783,22,1782,11,1001,0,0,0,0,0,0,33,2783,22,1782,11,1001
DreamGlassAir(US1-2) ,601200,67,11509,41,4610,26,6899,0,0,0,0,0,0,67,11509,41,4610,26,6899
DreamGlassAir(US1-2) ,603000,33,2783,22,1782,11,1001,0,0,0,0,0,0,33,2783,22,1782,11,1001
DreamGlassAir(US1-2) ,604800,43,3911,27,2494,16,1417,0,0,0,0,0,0,43,3911,27,2494,16,1417
DreamGlassAir(US1-2) ,606600,51,5105,33,2898,18,2207,0,0,0,0,0,0,51,5105,33,2898,18,2207
DreamGlassAir(US1-2) ,608400,64,6396,39,3664,25,2732,0,0,0,0,0,0,64,6396,39,3664,25,2732
DreamGlassAir(US1-2) ,610200,35,3003,23,1892,12,1111,0,0,0,0,0,0,35,3003,23,1892,12,1111
DreamGlassAir(US1-2) ,612000,43,3911,27,2494,16,1417,0,0,0,0,0,0,43,3911,27,2494,16,1417
DreamGlassAir(US1-2) ,613800,36,3036,24,1944,12,1092,0,0,0,0,0,0,36,3036,24,1944,12,1092
DreamGlassAir(US1-2) ,615600,43,3911,27,2494,16,1417,0,0,0,0,0,0,43,3911,27,2494,16,1417
DreamGlassAir(US1-2) ,617400,33,2783,22,1782,11,1001,0,0,0,0,0,0,33,2783,22,1782,11,1001
DreamGlassAir(US1-2) ,619200,43,3911,27,2494,16,1417,0,0,0,0,0,0,43,3911,27,2494,16,1417
DreamGlassAir(US1-2) ,621000,36,3036,24,1944,12,1092,0,0,0,0,0,0,36,3036,24,1944,12,1092
DreamGlassAir(US1-2) ,622800,55,6938,34,4816,21,2122,0,0,0,0,0,0,55,6938,34,4816,21,2122
DreamGlassAir(US1-2) ,624600,33,2783,22,1782,11,1001,0,0,0,0,0,0,33,2783,22,1782,11,1001
DreamGlassAir(US1-2) ,626400,43,3911,27,2494,16,1417,0,0,0,0,0,0,43,3911,27,2494,16,1417
DreamGlassAir(US1-2) ,628200,36,3036,24,1944,12,1092,0,0,0,0,0,0,36,3036,24,1944,12,1092
DreamGlassAir(US1-2) ,630000,102,11360,61,6640,41,4720,0,0,0,0,0,0,102,11360,61,6640,41,4720
DreamGlassAir(US1-2) ,631800,36,3036,24,1944,12,1092,0,0,0,0,0,0,36,3036,24,1944,12,1092
DreamGlassAir(US1-2) ,633600,43,3911,27,2494,16,1417,0,0,0,0,0,0,43,3911,27,2494,16,1417
DreamGlassAir(US1-2) ,635400,33,2783,22,1782,11,1001,0,0,0,0,0,0,33,2783,22,1782,11,1001
DreamGlassAir(US1-2) ,637200,43,3911,27,2494,16,1417,0,0,0,0,0,0,43,3911,27,2494,16,1417
DreamGlassAir(US1-2) ,639000,36,3036,24,1944,12,1092,0,0,0,0,0,0,36,3036,24,1944,12,1092
DreamGlassAir(US1-2) ,640800,43,3911,27,2494,16,1417,0,0,0,0,0,0,43,3911,27,2494,16,1417
DreamGlassAir(US1-2) ,642600,33,2783,22,1782,11,1001,0,0,0,0,0,0,33,2783,22,1782,11,1001
DreamGlassAir(US1-2) ,644400,43,3911,27,2494,16,1417,0,0,0,0,0,0,43,3911,27,2494,16,1417
DreamGlassAir(US1-2) ,646200,34,2879,23,1878,11,1001,0,0,0,0,0,0,34,2879,23,1878,11,1001
DreamGlassAir(US1-2) ,648000,45,4068,28,2560,17,1508,0,0,0,0,0,0,45,4068,28,2560,17,1508
DreamGlassAir(US1-2) ,649800,33,2783,22,1782,11,1001,0,0,0,0,0,0,33,2783,22,1782,11,1001
DreamGlassAir(US1-2) ,651600,43,3911,27,2494,16,1417,0,0,0,0,0,0,43,3911,27,2494,16,1417
DreamGlassAir(US1-2) ,653400,33,2783,22,1782,11,1001,0,0,0,0,0,0,33,2783,22,1782,11,1001
DreamGlassAir(US1-2) ,655200,46,4164,29,2656,17,1508,0,0,0,0,0,0,46,4164,29,2656,17,1508
DreamGlassAir(US1-2) ,657000,33,2783,22,1782,11,1001,0,0,0,0,0,0,33,2783,22,1782,11,1001
DreamGlassAir(US1-2) ,658800,43,3911,27,2494,16,1417,0,0,0,0,0,0,43,3911,27,2494,16,1417
DreamGlassAir(US1-2) ,660600,33,2783,22,1782,11,1001,0,0,0,0,0,0,33,2783,22,1782,11,1001
DreamGlassAir(US1-2) ,662400,46,4164,29,2656,17,1508,0,0,0,0,0,0,46,4164,29,2656,17,1508
DreamGlassAir(US1-2) ,664200,33,2783,22,1782,11,1001,0,0,0,0,0,0,33,2783,22,1782,11,1001
DreamGlassAir(US1-2) ,666000,43,3911,27,2494,16,1417,0,0,0,0,0,0,43,3911,27,2494,16,1417
DreamGlassAir(US1-2) ,667800,33,2783,22,1782,11,1001,0,0,0,0,0,0,33,2783,22,1782,11,1001
DreamGlassAir(US1-2) ,669600,99,12128,60,6471,39,5657,0,0,0,0,0,0,99,12128,60,6471,39,5657
DreamGlassAir(US1-2) ,671400,36,3036,24,1944,12,1092,0,0,0,0,0,0,36,3036,24,1944,12,1092
DreamGlassAir(US1-2) ,673200,43,3911,27,2494,16,1417,0,0,0,0,0,0,43,3911,27,2494,16,1417
DreamGlassAir(US1-2) ,675000,33,2783,22,1782,11,1001,0,0,0,0,0,0,33,2783,22,1782,11,1001
DreamGlassAir(US1-2) ,676800,2827,1357549,2800,1354653,27,2896,2761,1350941,2761,1350941,0,0,66,6608,39,3712,27,2896
DreamGlassAir(US1-2) ,678600,8127,3956771,8116,3955770,11,1001,8094,3953988,8094,3953988,0,0,33,2783,22,1782,11,1001
DreamGlassAir(US1-2) ,680400,8140,3960569,8123,3959086,17,1483,8096,3956592,8096,3956592,0,0,44,3977,27,2494,17,1483
DreamGlassAir(US1-2) ,682200,8129,3959375,8118,3958374,11,1001,8096,3956592,8096,3956592,0,0,33,2783,22,1782,11,1001
DreamGlassAir(US1-2) ,684000,8140,3958152,8123,3956644,17,1508,8094,3953988,8094,3953988,0,0,46,4164,29,2656,17,1508
DreamGlassAir(US1-2) ,685800,8129,3959375,8118,3958374,11,1001,8096,3956592,8096,3956592,0,0,33,2783,22,1782,11,1001
DreamGlassAir(US1-2) ,687600,8161,3967932,8137,3961202,24,6730,8096,3956592,8096,3956592,0,0,65,11340,41,4610,24,6730
DreamGlassAir(US1-2) ,689400,8127,3956771,8116,3955770,11,1001,8094,3953988,8094,3953988,0,0,33,2783,22,1782,11,1001
DreamGlassAir(US1-2) ,691200,8142,3960756,8125,3959248,17,1508,8096,3956592,8096,3956592,0,0,46,4164,29,2656,17,1508
DreamGlassAir(US1-2) ,693000,8151,3965990,8132,3964348,19,1642,8118,3963207,8110,3962566,8,641,33,2783,22,1782,11,1001
DreamGlassAir(US1-2) ,694800,8137,3957930,8121,3956513,16,1417,8094,3953988,8094,3953988,0,0,43,3942,27,2525,16,1417
DreamGlassAir(US1-2) ,696600,8129,3959375,8118,3958374,11,1001,8096,3956592,8096,3956592,0,0,33,2783,22,1782,11,1001
DreamGlassAir(US1-2) ,698400,8142,3958403,8124,3956785,18,1618,8094,3953988,8094,3953988,0,0,48,4415,30,2797,18,1618
DreamGlassAir(US1-2) ,700200,4076,1985513,4071,1985058,5,455,4061,1984248,4061,1984248,0,0,15,1265,10,810,5,455
