Device,StartTime,Frames,Bytes,TxFrames,TxBytes,RxFrames,RxBytes,LanFrames,LanBytes,LanTxFrames,LanTxBytes,LanRxFrames,LanRxBytes,WanFrames,WanBytes,WanTxFrames,WanTxBytes,WanRxFrames,WanRxBytes
Litokam (US1) ,0,638,118677,513,107672,125,11005,360,94320,360,94320,0,0,278,24357,153,13352,125,11005
Litokam (US1) ,1800,670,127596,531,109896,139,17700,360,94320,360,94320,0,0,310,33276,171,15576,139,17700
Litokam (US1) ,3600,650,122087,520,108209,130,13878,360,94320,360,94320,0,0,290,27767,160,13889,130,13878
Litokam (US1) ,5400,646,121478,516,107600,130,13878,359,94058,359,94058,0,0,287,27420,157,13542,130,13878
Litokam (US1) ,7200,649,122033,519,108155,130,13878,360,94320,360,94320,0,0,289,27713,159,13835,130,13878
Litokam (US1) ,9000,644,121542,516,107796,128,13746,360,94320,360,94320,0,0,284,27222,156,13476,128,13746
Litokam (US1) ,10800,674,127813,529,109717,145,18096,359,94058,359,94058,0,0,315,33755,170,15659,145,18096
Litokam (US1) ,12600,643,121476,517,107862,126,13614,360,94320,360,94320,0,0,283,27156,157,13542,126,13614
Litokam (US1) ,14400,647,121889,518,108077,129,13812,360,94320,360,94320,0,0,287,27569,158,13757,129,13812
Litokam (US1) ,16200,644,121346,517,107666,127,13680,359,94058,359,94058,0,0,285,27288,158,13608,127,13680
Litokam (US1) ,18000,667,127213,528,109710,139,17503,360,94320,360,94320,0,0,307,32893,168,15390,139,17503
Litokam (US1) ,19800,669,127530,530,109830,139,17700,360,94320,360,94320,0,0,309,33210,170,15510,139,17700
Litokam (US1) ,21600,649,122021,518,108077,131,13944,360,94320,360,94320,0,0,289,27701,158,13757,131,13944
Litokam (US1) ,23400,641,121148,515,107534,126,13614,359,94058,359,94058,0,0,282,27090,156,13476,126,13614
Litokam (US1) ,25200,645,121757,516,107945,129,13812,360,94320,360,94320,0,0,285,27437,156,13625,129,13812
Litokam (US1) ,27000,646,121674,519,107994,127,13680,360,94320,360,94320,0,0,286,27354,159,13674,127,13680
Litokam (US1) ,28800,674,127813,533,109981,141,17832,359,94058,359,94058,0,0,315,33755,174,15923,141,17832
Litokam (US1) ,30600,643,121476,516,107796,127,13680,360,94320,360,94320,0,0,283,27156,156,13476,127,13680
Litokam (US1) ,32400,651,122153,521,108275,130,13878,360,94320,360,94320,0,0,291,27833,161,13955,130,13878
Litokam (US1) ,34200,648,121806,519,107994,129,13812,360,94320,360,94320,0,0,288,27486,159,13674,129,13812
Litokam (US1) ,36000,647,121693,517,107815,130,13878,359,94058,359,94058,0,0,288,27635,158,13757,130,13878
Litokam (US1) ,37800,674,127860,533,110028,141,17832,360,94320,360,94320,0,0,314,33540,173,15708,141,17832
Litokam (US1) ,39600,675,127867,534,110163,141,17704,360,94320,360,94320,0,0,315,33547,174,15843,141,17704
Litokam (US1) ,41400,643,121280,516,107600,127,13680,359,94058,359,94058,0,0,284,27222,157,13542,127,13680
Litokam (US1) ,43200,651,122153,520,108209,131,13944,360,94320,360,94320,0,0,291,27833,160,13889,131,13944
Litokam (US1) ,45000,649,121872,519,107994,130,13878,360,94320,360,94320,0,0,289,27552,159,13674,130,13878
Litokam (US1) ,46800,675,128051,533,110153,142,17898,360,94320,360,94320,0,0,315,33731,173,15833,142,17898
Litokam (US1) ,48600,643,121280,515,107534,128,13746,359,94058,359,94058,0,0,284,27222,156,13476,128,13746
Litokam (US1) ,50400,650,122087,519,108143,131,13944,360,94320,360,94320,0,0,290,27767,159,13823,131,13944
Litokam (US1) ,52200,645,121608,518,107928,127,13680,360,94320,360,94320,0,0,285,27288,158,13608,127,13680
Litokam (US1) ,54000,651,121957,520,108013,131,13944,359,94058,359,94058,0,0,292,27899,161,13955,131,13944
Litokam (US1) ,55800,659,124114,525,109356,134,14758,360,94320,360,94320,0,0,299,29794,165,15036,134,14758
Litokam (US1) ,57600,652,122219,521,108275,131,13944,360,94320,360,94320,0,0,292,27899,161,13955,131,13944
Litokam (US1) ,59400,647,121740,517,107862,130,13878,360,94320,360,94320,0,0,287,27420,157,13542,130,13878
Litokam (US1) ,61200,672,127461,530,109691,142,17770,359,94058,359,94058,0,0,313,33403,171,15633,142,17770
Litokam (US1) ,63000,638,121146,514,107664,124,13482,360,94320,360,94320,0,0,278,26826,154,13344,124,13482
Litokam (US1) ,64800,659,124401,525,109574,134,14827,360,94320,360,94320,0,0,299,30081,165,15254,134,14827
Litokam (US1) ,66600,642,121214,515,107534,127,13680,359,94058,359,94058,0,0,283,27156,156,13476,127,13680
Litokam (US1) ,68400,645,121757,516,107945,129,13812,360,94320,360,94320,0,0,285,27437,156,13625,129,13812
Litokam (US1) ,70200,645,121608,515,107730,130,13878,360,94320,360,94320,0,0,285,27288,155,13410,130,13878
Litokam (US1) ,72000,650,121891,520,108013,130,13878,359,94058,359,94058,0,0,291,27833,161,13955,130,13878
Litokam (US1) ,73800,665,124648,528,109623,137,15025,360,94320,360,94320,0,0,305,30328,168,15303,137,15025
Litokam (US1) ,75600,645,121561,516,107749,129,13812,359,94058,359,94058,0,0,286,27503,157,13691,129,13812
Litokam (US1) ,77400,667,127122,527,109420,140,17702,359,94058,359,94058,0,0,308,33064,168,15362,140,17702
Litokam (US1) ,79200,649,122033,520,108221,129,13812,360,94320,360,94320,0,0,289,27713,160,13901,129,13812
Litokam (US1) ,81000,647,121740,519,107994,128,13746,360,94320,360,94320,0,0,287,27420,159,13674,128,13746
Litokam (US1) ,82800,722,139581,557,113853,165,25728,360,94320,360,94320,0,0,362,45261,197,19533,165,25728
Litokam (US1) ,84600,634,118068,510,107129,124,10939,359,94058,359,94058,0,0,275,24010,151,13071,124,10939
Litokam (US1) ,86400,639,118743,513,107672,126,11071,360,94320,360,94320,0,0,279,24423,153,13352,126,11071
Litokam (US1) ,88200,643,121488,515,107742,128,13746,360,94320,360,94320,0,0,283,27168,155,13422,128,13746
Litokam (US1) ,90000,647,121693,516,107749,131,13944,359,94058,359,94058,0,0,288,27635,157,13691,131,13944
Litokam (US1) ,91800,666,127194,529,109695,137,17499,360,94320,360,94320,0,0,306,32874,169,15375,137,17499
Litokam (US1) ,93600,650,122087,520,108209,130,13878,360,94320,360,94320,0,0,290,27767,160,13889,130,13878
Litokam (US1) ,95400,637,118266,512,107261,125,11005,359,94058,359,94058,0,0,278,24208,153,13203,125,11005
Litokam (US1) ,97200,647,121889,518,108077,129,13812,360,94320,360,94320,0,0,287,27569,158,13757,129,13812
Litokam (US1) ,99000,645,121608,518,107928,127,13680,360,94320,360,94320,0,0,285,27288,158,13608,127,13680
Litokam (US1) ,100800,670,127561,530,109795,140,17766,359,94058,359,94058,0,0,311,33503,171,15737,140,17766
Litokam (US1) ,102600,642,121410,516,107796,126,13614,360,94320,360,94320,0,0,282,27090,156,13476,126,13614
Litokam (US1) ,104400,670,127549,530,109911,140,17638,360,94320,360,94320,0,0,310,33229,170,15591,140,17638
Litokam (US1) ,106200,642,121214,516,107600,126,13614,359,94058,359,94058,0,0,283,27156,157,13542,126,13614
Litokam (US1) ,108000,649,122021,520,108209,129,13812,360,94320,360,94320,0,0,289,27701,160,13889,129,13812
Litokam (US1) ,109800,667,127398,530,109830,137,17568,360,94320,360,94320,0,0,307,33078,170,15510,137,17568
Litokam (US1) ,111600,652,122219,520,108209,132,14010,360,94320,360,94320,0,0,292,27899,160,13889,132,14010
Litokam (US1) ,113400,644,121346,517,107666,127,13680,359,94058,359,94058,0,0,285,27288,158,13608,127,13680
Litokam (US1) ,115200,646,121823,517,108011,129,13812,360,94320,360,94320,0,0,286,27503,157,13691,129,13812
Litokam (US1) ,117000,646,121674,517,107862,129,13812,360,94320,360,94320,0,0,286,27354,157,13542,129,13812
Litokam (US1) ,118800,668,127417,529,109717,139,17700,359,94058,359,94058,0,0,309,33359,170,15659,139,17700
Litokam (US1) ,120600,647,121740,519,107994,128,13746,360,94320,360,94320,0,0,287,27420,159,13674,128,13746
Litokam (US1) ,122400,644,119073,517,107936,127,11137,360,94320,360,94320,0,0,284,24753,157,13616,127,11137
Litokam (US1) ,124200,639,118594,514,107589,125,11005,360,94320,360,94320,0,0,279,24274,154,13269,125,11005
Litokam (US1) ,126000,670,127341,529,109637,141,17704,359,94058,359,94058,0,0,311,33283,170,15579,141,17704
Litokam (US1) ,127800,669,127392,530,109761,139,17631,360,94320,360,94320,0,0,309,33072,170,15441,139,17631
Litokam (US1) ,129600,651,122153,521,108275,130,13878,360,94320,360,94320,0,0,291,27833,161,13955,130,13878
Litokam (US1) ,131400,646,121674,516,107796,130,13878,360,94320,360,94320,0,0,286,27354,156,13476,130,13878
Litokam (US1) ,133200,643,118811,514,107542,129,11269,359,94058,359,94058,0,0,284,24753,155,13484,129,11269
Litokam (US1) ,135000,647,121740,519,107994,128,13746,360,94320,360,94320,0,0,287,27420,159,13674,128,13746
Litokam (US1) ,136800,669,125061,529,109838,140,15223,360,94320,360,94320,0,0,309,30741,169,15518,140,15223
Litokam (US1) ,138600,648,121622,520,107876,128,13746,359,94058,359,94058,0,0,289,27564,161,13818,128,13746
Litokam (US1) ,140400,650,122087,520,108209,130,13878,360,94320,360,94320,0,0,290,27767,160,13889,130,13878
Litokam (US1) ,142200,644,121542,518,107928,126,13614,360,94320,360,94320,0,0,284,27222,158,13608,126,13614
Litokam (US1) ,144000,649,122033,518,108089,131,13944,360,94320,360,94320,0,0,289,27713,158,13769,131,13944
Litokam (US1) ,145800,670,127400,530,109634,140,17766,359,94058,359,94058,0,0,311,33342,171,15576,140,17766
Litokam (US1) ,147600,667,127339,528,109767,139,17572,360,94320,360,94320,0,0,307,33019,168,15447,139,17572
Litokam (US1) ,149400,648,121806,520,108060,128,13746,360,94320,360,94320,0,0,288,27486,160,13740,128,13746
Litokam (US1) ,151200,639,118547,512,107410,127,11137,359,94058,359,94058,0,0,280,24489,153,13352,127,11137
Litokam (US1) ,153000,648,121806,519,107994,129,13812,360,94320,360,94320,0,0,288,27486,159,13674,129,13812
Litokam (US1) ,154800,697,133785,544,111997,153,21788,360,94320,360,94320,0,0,337,39465,184,17677,153,21788
Litokam (US1) ,156600,648,121610,517,107666,131,13944,359,94058,359,94058,0,0,289,27552,158,13608,131,13944
Litokam (US1) ,158400,650,122087,519,108143,131,13944,360,94320,360,94320,0,0,290,27767,159,13823,131,13944
Litokam (US1) ,160200,647,121740,519,107994,128,13746,360,94320,360,94320,0,0,287,27420,159,13674,128,13746
Litokam (US1) ,162000,644,121357,514,107548,130,13809,359,94058,359,94058,0,0,285,27299,155,13490,130,13809
Litokam (US1) ,163800,674,127860,532,109962,142,17898,360,94320,360,94320,0,0,314,33540,172,15642,142,17898
Litokam (US1) ,165600,647,121889,517,108011,130,13878,360,94320,360,94320,0,0,287,27569,157,13691,130,13878
Litokam (US1) ,167400,644,121346,517,107666,127,13680,359,94058,359,94058,0,0,285,27288,158,13608,127,13680
Litokam (US1) ,169200,682,127367,537,111273,145,16094,360,94320,360,94320,0,0,322,33047,177,16953,145,16094
Litokam (US1) ,171000,644,121542,517,107862,127,13680,360,94320,360,94320,0,0,284,27222,157,13542,127,13680
Litokam (US1) ,172800,672,127681,531,109849,141,17832,359,94058,359,94058,0,0,313,33623,172,15791,141,17832
Litokam (US1) ,174600,646,121674,517,107862,129,13812,360,94320,360,94320,0,0,286,27354,157,13542,129,13812
Litokam (US1) ,176400,651,122153,518,108077,133,14076,360,94320,360,94320,0,0,291,27833,158,13757,133,14076
Litokam (US1) ,178200,643,121280,513,107402,130,13878,359,94058,359,94058,0,0,284,27222,154,13344,130,13878
Litokam (US1) ,180000,643,121625,516,107945,127,13680,360,94320,360,94320,0,0,283,27305,156,13625,127,13680
Litokam (US1) ,181800,664,127200,529,109764,135,17436,360,94320,360,94320,0,0,304,32880,169,15444,135,17436
Litokam (US1) ,183600,640,121427,515,107879,125,13548,360,94320,360,94320,0,0,280,27107,155,13559,125,13548
Litokam (US1) ,185400,631,117870,510,107129,121,10741,359,94058,359,94058,0,0,272,23812,151,13071,121,10741
Litokam (US1) ,187200,639,121361,514,107813,125,13548,360,94320,360,94320,0,0,279,27041,154,13493,125,13548
Litokam (US1) ,189000,640,121278,516,107796,124,13482,360,94320,360,94320,0,0,280,26958,156,13476,124,13482
Litokam (US1) ,190800,698,133527,545,111803,153,21724,359,94058,359,94058,0,0,339,39469,186,17745,153,21724
Litokam (US1) ,192600,638,121008,513,107529,125,13479,360,94320,360,94320,0,0,278,26688,153,13209,125,13479
Litokam (US1) ,194400,651,122153,520,108209,131,13944,360,94320,360,94320,0,0,291,27833,160,13889,131,13944
Litokam (US1) ,196200,644,121542,515,107730,129,13812,360,94320,360,94320,0,0,284,27222,155,13410,129,13812
Litokam (US1) ,198000,647,121693,518,107881,129,13812,359,94058,359,94058,0,0,288,27635,159,13823,129,13812
Litokam (US1) ,199800,665,127266,527,109632,138,17634,360,94320,360,94320,0,0,305,32946,167,15312,138,17634
Litokam (US1) ,201600,647,121889,519,108143,128,13746,360,94320,360,94320,0,0,287,27569,159,13823,128,13746
Litokam (US1) ,203400,644,121542,518,107928,126,13614,360,94320,360,94320,0,0,284,27222,158,13608,126,13614
Litokam (US1) ,205200,644,121495,516,107749,128,13746,359,94058,359,94058,0,0,285,27437,157,13691,128,13746
Litokam (US1) ,207000,636,121014,512,107532,124,13482,360,94320,360,94320,0,0,276,26694,152,13212,124,13482
Litokam (US1) ,208800,653,121387,522,109301,131,12086,360,94320,360,94320,0,0,293,27067,162,14981,131,12086
Litokam (US1) ,210600,632,118132,510,107325,122,10807,360,94320,360,94320,0,0,272,23812,150,13005,122,10807
Litokam (US1) ,212400,673,127539,532,109835,141,17704,359,94058,359,94058,0,0,314,33481,173,15777,141,17704
Litokam (US1) ,214200,646,121674,518,107928,128,13746,360,94320,360,94320,0,0,286,27354,158,13608,128,13746
Litokam (US1) ,216000,653,122285,521,108275,132,14010,360,94320,360,94320,0,0,293,27965,161,13955,132,14010
Litokam (US1) ,217800,672,127532,532,109766,140,17766,359,94058,359,94058,0,0,313,33474,173,15708,140,17766
Litokam (US1) ,219600,647,121889,518,108077,129,13812,360,94320,360,94320,0,0,287,27569,158,13757,129,13812
Litokam (US1) ,221400,648,121806,520,108060,128,13746,360,94320,360,94320,0,0,288,27486,160,13740,128,13746
Litokam (US1) ,223200,662,121901,526,109549,136,12352,360,94320,360,94320,0,0,302,27581,166,15229,136,12352
Litokam (US1) ,225000,645,121412,518,107732,127,13680,359,94058,359,94058,0,0,286,27354,159,13674,127,13680
Litokam (US1) ,226800,675,128075,533,110177,142,17898,360,94320,360,94320,0,0,315,33755,173,15857,142,17898
Litokam (US1) ,228600,643,121338,517,107793,126,13545,360,94320,360,94320,0,0,283,27018,157,13473,126,13545
Litokam (US1) ,230400,645,121561,516,107749,129,13812,359,94058,359,94058,0,0,286,27503,157,13691,129,13812
Litokam (US1) ,232200,647,121740,518,107928,129,13812,360,94320,360,94320,0,0,287,27420,158,13608,129,13812
Litokam (US1) ,234000,674,127801,532,110031,142,17770,360,94320,360,94320,0,0,314,33481,172,15711,142,17770
Litokam (US1) ,235800,660,124318,526,109491,134,14827,360,94320,360,94320,0,0,300,29998,166,15171,134,14827
Litokam (US1) ,237600,647,121693,517,107815,130,13878,359,94058,359,94058,0,0,288,27635,158,13757,130,13878
Litokam (US1) ,239400,646,121674,518,107928,128,13746,360,94320,360,94320,0,0,286,27354,158,13608,128,13746
Litokam (US1) ,241200,650,122087,519,108143,131,13944,360,94320,360,94320,0,0,290,27767,159,13823,131,13944
Litokam (US1) ,243000,640,121082,515,107534,125,13548,359,94058,359,94058,0,0,281,27024,156,13476,125,13548
Litokam (US1) ,244800,674,128009,532,110111,142,17898,360,94320,360,94320,0,0,314,33689,172,15791,142,17898
Litokam (US1) ,246600,644,121542,518,107928,126,13614,360,94320,360,94320,0,0,284,27222,158,13608,126,13614
Litokam (US1) ,248400,648,121955,519,108143,129,13812,360,94320,360,94320,0,0,288,27635,159,13823,129,13812
Litokam (US1) ,250200,644,121346,515,107534,129,13812,359,94058,359,94058,0,0,285,27288,156,13476,129,13812
Litokam (US1) ,252000,648,121955,519,108143,129,13812,360,94320,360,94320,0,0,288,27635,159,13823,129,13812
Litokam (US1) ,253800,663,124516,527,109557,136,14959,360,94320,360,94320,0,0,303,30196,167,15237,136,14959
Litokam (US1) ,255600,690,130513,541,111612,149,18901,360,94320,360,94320,0,0,330,36193,181,17292,149,18901
Litokam (US1) ,257400,647,121544,518,107732,129,13812,359,94058,359,94058,0,0,288,27486,159,13674,129,13812
Litokam (US1) ,259200,653,122285,521,108275,132,14010,360,94320,360,94320,0,0,293,27965,161,13955,132,14010
Litokam (US1) ,261000,649,121884,519,108006,130,13878,360,94320,360,94320,0,0,289,27564,159,13686,130,13878
Litokam (US1) ,262800,671,127489,530,109726,141,17763,359,94058,359,94058,0,0,312,33431,171,15668,141,17763
Litokam (US1) ,264600,645,121608,518,107928,127,13680,360,94320,360,94320,0,0,285,27288,158,13608,127,13680
Litokam (US1) ,266400,649,122021,519,108143,130,13878,360,94320,360,94320,0,0,289,27701,159,13823,130,13878
Litokam (US1) ,268200,639,118594,513,107523,126,11071,360,94320,360,94320,0,0,279,24274,153,13203,126,11071
Litokam (US1) ,270000,648,121759,519,107947,129,13812,359,94058,359,94058,0,0,289,27701,160,13889,129,13812
Litokam (US1) ,271800,673,127794,533,110028,140,17766,360,94320,360,94320,0,0,313,33474,173,15708,140,17766
Litokam (US1) ,273600,651,122153,521,108275,130,13878,360,94320,360,94320,0,0,291,27833,161,13955,130,13878
Litokam (US1) ,275400,644,121542,516,107796,128,13746,360,94320,360,94320,0,0,284,27222,156,13476,128,13746
Litokam (US1) ,277200,673,127539,532,109835,141,17704,359,94058,359,94058,0,0,314,33481,173,15777,141,17704
Litokam (US1) ,279000,645,121608,518,107928,127,13680,360,94320,360,94320,0,0,285,27288,158,13608,127,13680
Litokam (US1) ,280800,672,127877,531,110045,141,17832,360,94320,360,94320,0,0,312,33557,171,15725,141,17832
Litokam (US1) ,282600,646,121478,517,107666,129,13812,359,94058,359,94058,0,0,287,27420,158,13608,129,13812
Litokam (US1) ,284400,647,121889,517,108011,130,13878,360,94320,360,94320,0,0,287,27569,157,13691,130,13878
Litokam (US1) ,286200,648,121806,520,108060,128,13746,360,94320,360,94320,0,0,288,27486,160,13740,128,13746
Litokam (US1) ,288000,649,122021,520,108209,129,13812,360,94320,360,94320,0,0,289,27701,160,13889,129,13812
Litokam (US1) ,289800,670,127400,530,109634,140,17766,359,94058,359,94058,0,0,311,33342,171,15576,140,17766
Litokam (US1) ,291600,652,122219,521,108275,131,13944,360,94320,360,94320,0,0,292,27899,161,13955,131,13944
Litokam (US1) ,293400,648,121806,520,108060,128,13746,360,94320,360,94320,0,0,288,27486,160,13740,128,13746
Litokam (US1) ,295200,645,118943,516,107674,129,11269,359,94058,359,94058,0,0,286,24885,157,13616,129,11269
Litokam (US1) ,297000,647,121740,519,107994,128,13746,360,94320,360,94320,0,0,287,27420,159,13674,128,13746
Litokam (US1) ,298800,696,133591,544,111933,152,21658,360,94320,360,94320,0,0,336,39271,184,17613,152,21658
Litokam (US1) ,300600,638,118390,513,107454,125,10936,360,94320,360,94320,0,0,278,24070,153,13134,125,10936
Litokam (US1) ,302400,669,124773,530,109680,139,15093,359,94058,359,94058,0,0,310,30715,171,15622,139,15093
Litokam (US1) ,304200,650,121938,521,108126,129,13812,360,94320,360,94320,0,0,290,27618,161,13806,129,13812
Litokam (US1) ,306000,653,122285,520,108209,133,14076,360,94320,360,94320,0,0,293,27965,160,13889,133,14076
Litokam (US1) ,307800,675,127926,534,110094,141,17832,360,94320,360,94320,0,0,315,33606,174,15774,141,17832
Litokam (US1) ,309600,653,122101,519,107959,134,14142,359,94058,359,94058,0,0,294,28043,160,13901,134,14142
Litokam (US1) ,311400,650,121742,520,107864,130,13878,359,94058,359,94058,0,0,291,27684,161,13806,130,13878
Litokam (US1) ,313200,647,119271,517,107936,130,11335,360,94320,360,94320,0,0,287,24951,157,13616,130,11335
Litokam (US1) ,315000,649,121676,520,107864,129,13812,359,94058,359,94058,0,0,290,27618,161,13806,129,13812
Litokam (US1) ,316800,672,127877,530,109979,142,17898,360,94320,360,94320,0,0,312,33557,170,15659,142,17898
Litokam (US1) ,318600,650,121926,521,108114,129,13812,360,94320,360,94320,0,0,290,27606,161,13794,129,13812
Litokam (US1) ,320400,680,128209,536,110307,144,17902,360,94320,360,94320,0,0,320,33889,176,15987,144,17902
Litokam (US1) ,322200,647,121544,518,107732,129,13812,359,94058,359,94058,0,0,288,27486,159,13674,129,13812
Litokam (US1) ,324000,654,122351,522,108341,132,14010,360,94320,360,94320,0,0,294,28031,162,14021,132,14010
Litokam (US1) ,325800,674,127860,534,110094,140,17766,360,94320,360,94320,0,0,314,33540,174,15774,140,17766
Litokam (US1) ,327600,651,121969,521,108091,130,13878,359,94058,359,94058,0,0,292,27911,162,14033,130,13878
Litokam (US1) ,329400,648,121806,520,108060,128,13746,360,94320,360,94320,0,0,288,27486,160,13740,128,13746
Litokam (US1) ,331200,654,122351,521,108275,133,14076,360,94320,360,94320,0,0,294,28031,161,13955,133,14076
Litokam (US1) ,333000,647,121740,519,107994,128,13746,360,94320,360,94320,0,0,287,27420,159,13674,128,13746
Litokam (US1) ,334800,669,127345,528,109582,141,17763,359,94058,359,94058,0,0,310,33287,169,15524,141,17763
Litokam (US1) ,336600,647,121740,519,107994,128,13746,360,94320,360,94320,0,0,287,27420,159,13674,128,13746
Litokam (US1) ,338400,652,122219,521,108275,131,13944,360,94320,360,94320,0,0,292,27899,161,13955,131,13944
Litokam (US1) ,340200,650,121938,520,108060,130,13878,360,94320,360,94320,0,0,290,27618,160,13740,130,13878
Litokam (US1) ,342000,698,133463,546,111821,152,21642,359,94058,359,94058,0,0,339,39405,187,17763,152,21642
Litokam (US1) ,343800,670,127596,529,109764,141,17832,360,94320,360,94320,0,0,310,33276,169,15444,141,17832
Litokam (US1) ,345600,653,122285,522,108341,131,13944,360,94320,360,94320,0,0,293,27965,162,14021,131,13944
Litokam (US1) ,347400,671,127386,531,109684,140,17702,359,94058,359,94058,0,0,312,33328,172,15626,140,17702
Litokam (US1) ,349200,652,122219,521,108275,131,13944,360,94320,360,94320,0,0,292,27899,161,13955,131,13944
Litokam (US1) ,351000,651,122004,521,108126,130,13878,360,94320,360,94320,0,0,291,27684,161,13806,130,13878
Litokam (US1) ,352800,675,128075,532,110111,143,17964,360,94320,360,94320,0,0,315,33755,172,15791,143,17964
Litokam (US1) ,354600,649,121676,518,107732,131,13944,359,94058,359,94058,0,0,290,27618,159,13674,131,13944
Litokam (US1) ,356400,652,122219,521,108275,131,13944,360,94320,360,94320,0,0,292,27899,161,13955,131,13944
Litokam (US1) ,358200,650,121938,521,108126,129,13812,360,94320,360,94320,0,0,290,27618,161,13806,129,13812
Litokam (US1) ,360000,652,122023,519,107947,133,14076,359,94058,359,94058,0,0,293,27965,160,13889,133,14076
Litokam (US1) ,361800,673,127794,533,110028,140,17766,360,94320,360,94320,0,0,313,33474,173,15708,140,17766
Litokam (US1) ,363600,668,124787,529,109758,139,15029,360,94320,360,94320,0,0,308,30467,169,15438,139,15029
Litokam (US1) ,365400,644,118924,516,107721,128,11203,360,94320,360,94320,0,0,284,24604,156,13401,128,11203
Litokam (US1) ,367200,644,118877,514,107542,130,11335,359,94058,359,94058,0,0,285,24819,155,13484,130,11335
Litokam (US1) ,369000,642,121272,515,107661,127,13611,360,94320,360,94320,0,0,282,26952,155,13341,127,13611
Litokam (US1) ,370800,676,128141,534,110243,142,17898,360,94320,360,94320,0,0,316,33821,174,15923,142,17898
Litokam (US1) ,372600,650,121742,520,107864,130,13878,359,94058,359,94058,0,0,291,27684,161,13806,130,13878
Litokam (US1) ,374400,652,122219,521,108275,131,13944,360,94320,360,94320,0,0,292,27899,161,13955,131,13944
Litokam (US1) ,376200,650,121950,521,108138,129,13812,360,94320,360,94320,0,0,290,27630,161,13818,129,13812
Litokam (US1) ,378000,652,122219,521,108275,131,13944,360,94320,360,94320,0,0,292,27899,161,13955,131,13944
Litokam (US1) ,379800,671,127466,531,109700,140,17766,359,94058,359,94058,0,0,312,33408,172,15642,140,17766
Litokam (US1) ,381600,650,122087,518,108077,132,14010,360,94320,360,94320,0,0,290,27767,158,13757,132,14010
Litokam (US1) ,383400,648,121806,519,107994,129,13812,360,94320,360,94320,0,0,288,27486,159,13674,129,13812
Litokam (US1) ,385200,668,124591,528,109496,140,15095,359,94058,359,94058,0,0,309,30533,169,15438,140,15095
Litokam (US1) ,387000,651,122016,520,108072,131,13944,360,94320,360,94320,0,0,291,27696,160,13752,131,13944
Litokam (US1) ,388800,676,128141,533,110177,143,17964,360,94320,360,94320,0,0,316,33821,173,15857,143,17964
Litokam (US1) ,390600,646,121478,517,107666,129,13812,359,94058,359,94058,0,0,287,27420,158,13608,129,13812
Litokam (US1) ,392400,654,122363,520,108221,134,14142,360,94320,360,94320,0,0,294,28043,160,13901,134,14142
Litokam (US1) ,394200,650,121926,520,108048,130,13878,360,94320,360,94320,0,0,290,27606,160,13728,130,13878
Litokam (US1) ,396000,654,122155,521,108079,133,14076,359,94058,359,94058,0,0,295,28097,162,14021,133,14076
Litokam (US1) ,397800,667,124792,530,109767,137,15025,360,94320,360,94320,0,0,307,30472,170,15447,137,15025
Litokam (US1) ,399600,651,122153,520,108209,131,13944,360,94320,360,94320,0,0,291,27833,160,13889,131,13944
Litokam (US1) ,401400,599,123238,494,106663,105,16575,359,94058,359,94058,0,0,240,29180,135,12605,105,16575
Litokam (US1) ,403200,481,111074,437,103022,44,8052,360,94320,360,94320,0,0,121,16754,77,8702,44,8052
Litokam (US1) ,405000,475,110388,433,102318,42,8070,360,94320,360,94320,0,0,115,16068,73,7998,42,8070
Litokam (US1) ,406800,609,127653,500,108833,109,18820,359,94058,359,94058,0,0,250,33595,141,14775,109,18820
Litokam (US1) ,408600,669,127450,530,109814,139,17636,360,94320,360,94320,0,0,309,33130,170,15494,139,17636
Litokam (US1) ,410400,652,122219,520,108209,132,14010,360,94320,360,94320,0,0,292,27899,160,13889,132,14010
Litokam (US1) ,412200,639,118398,514,107393,125,11005,359,94058,359,94058,0,0,280,24340,155,13335,125,11005
Litokam (US1) ,414000,647,121889,517,108011,130,13878,360,94320,360,94320,0,0,287,27569,157,13691,130,13878
Litokam (US1) ,415800,659,124264,526,109503,133,14761,360,94320,360,94320,0,0,299,29944,166,15183,133,14761
Litokam (US1) ,417600,646,121627,514,107617,132,14010,359,94058,359,94058,0,0,287,27569,155,13559,132,14010
Litokam (US1) ,419400,644,121554,512,107544,132,14010,360,94320,360,94320,0,0,284,27234,152,13224,132,14010
Litokam (US1) ,421200,647,121889,516,107945,131,13944,360,94320,360,94320,0,0,287,27569,156,13625,131,13944
Litokam (US1) ,423000,635,120614,507,106937,128,13677,359,94058,359,94058,0,0,276,26556,148,12879,128,13677
Litokam (US1) ,424800,674,128021,528,109859,146,18162,360,94320,360,94320,0,0,314,33701,168,15539,146,18162
Litokam (US1) ,426600,648,121806,514,107664,134,14142,360,94320,360,94320,0,0,288,27486,154,13344,134,14142
Litokam (US1) ,428400,698,133463,542,111557,156,21906,359,94058,359,94058,0,0,339,39405,183,17499,156,21906
Litokam (US1) ,430200,638,118504,514,107565,124,10939,360,94320,360,94320,0,0,278,24184,154,13245,124,10939
Litokam (US1) ,432000,648,121943,517,107999,131,13944,360,94320,360,94320,0,0,288,27623,157,13679,131,13944
Litokam (US1) ,433800,661,124188,523,109097,138,15091,359,94058,359,94058,0,0,302,30130,164,15039,138,15091
Litokam (US1) ,435600,649,122021,516,107945,133,14076,360,94320,360,94320,0,0,289,27701,156,13625,133,14076
Litokam (US1) ,437400,648,121806,517,107862,131,13944,360,94320,360,94320,0,0,288,27486,157,13542,131,13944
Litokam (US1) ,439200,648,121759,517,107815,131,13944,359,94058,359,94058,0,0,289,27701,158,13757,131,13944
Litokam (US1) ,441000,646,121674,515,107730,131,13944,360,94320,360,94320,0,0,286,27354,155,13410,131,13944
Litokam (US1) ,442800,676,128153,533,110189,143,17964,360,94320,360,94320,0,0,316,33833,173,15869,143,17964
Litokam (US1) ,444600,644,121554,516,107808,128,13746,360,94320,360,94320,0,0,284,27234,156,13488,128,13746
Litokam (US1) ,446400,646,121501,514,107560,132,13941,359,94058,359,94058,0,0,287,27443,155,13502,132,13941
Litokam (US1) ,448200,646,121674,517,107862,129,13812,360,94320,360,94320,0,0,286,27354,157,13542,129,13812
Litokam (US1) ,450000,675,127867,534,110163,141,17704,360,94320,360,94320,0,0,315,33547,174,15843,141,17704
Litokam (US1) ,451800,669,127334,530,109634,139,17700,359,94058,359,94058,0,0,310,33276,171,15576,139,17700
Litokam (US1) ,453600,643,119007,515,107804,128,11203,360,94320,360,94320,0,0,283,24687,155,13484,128,11203
Litokam (US1) ,455400,648,121806,518,107928,130,13878,360,94320,360,94320,0,0,288,27486,158,13608,130,13878
Litokam (US1) ,457200,677,128127,535,110293,142,17834,360,94320,360,94320,0,0,317,33807,175,15973,142,17834
Litokam (US1) ,459000,646,121478,516,107600,130,13878,359,94058,359,94058,0,0,287,27420,157,13542,130,13878
Litokam (US1) ,460800,668,124995,529,109838,139,15157,360,94320,360,94320,0,0,308,30675,169,15518,139,15157
Litokam (US1) ,462600,648,121806,519,107994,129,13812,360,94320,360,94320,0,0,288,27486,159,13674,129,13812
Litokam (US1) ,464400,648,121759,517,107815,131,13944,359,94058,359,94058,0,0,289,27701,158,13757,131,13944
Litokam (US1) ,466200,650,121938,520,108060,130,13878,360,94320,360,94320,0,0,290,27618,160,13740,130,13878
Litokam (US1) ,468000,651,122153,521,108275,130,13878,360,94320,360,94320,0,0,291,27833,161,13955,130,13878
Litokam (US1) ,469800,672,127728,531,109896,141,17832,360,94320,360,94320,0,0,312,33408,171,15576,141,17832
Litokam (US1) ,471600,676,127737,534,109967,142,17770,359,94058,359,94058,0,0,317,33679,175,15909,142,17770
Litokam (US1) ,473400,650,121938,521,108126,129,13812,360,94320,360,94320,0,0,290,27618,161,13806,129,13812
Litokam (US1) ,475200,652,122219,521,108275,131,13944,360,94320,360,94320,0,0,292,27899,161,13955,131,13944
Litokam (US1) ,477000,646,121674,516,107796,130,13878,360,94320,360,94320,0,0,286,27354,156,13476,130,13878
Litokam (US1) ,478800,672,127681,530,109783,142,17898,359,94058,359,94058,0,0,313,33623,171,15725,142,17898
Litokam (US1) ,480600,652,122070,521,108126,131,13944,360,94320,360,94320,0,0,292,27750,161,13806,131,13944
Litokam (US1) ,482400,649,121883,519,108074,130,13809,360,94320,360,94320,0,0,289,27563,159,13754,130,13809
Litokam (US1) ,484200,650,121742,519,107798,131,13944,359,94058,359,94058,0,0,291,27684,160,13740,131,13944
Litokam (US1) ,486000,653,122285,521,108275,132,14010,360,94320,360,94320,0,0,293,27965,161,13955,132,14010
Litokam (US1) ,487800,669,127530,529,109764,140,17766,360,94320,360,94320,0,0,309,33210,169,15444,140,17766
Litokam (US1) ,489600,652,122219,521,108275,131,13944,360,94320,360,94320,0,0,292,27899,161,13955,131,13944
Litokam (US1) ,491400,649,121676,520,107864,129,13812,359,94058,359,94058,0,0,290,27618,161,13806,129,13812
Litokam (US1) ,493200,677,127999,535,110229,142,17770,360,94320,360,94320,0,0,317,33679,175,15909,142,17770
Litokam (US1) ,495000,647,121740,518,107928,129,13812,360,94320,360,94320,0,0,287,27420,158,13608,129,13812
Litokam (US1) ,496800,668,127417,525,109453,143,17964,359,94058,359,94058,0,0,309,33359,166,15395,143,17964
Litokam (US1) ,498600,645,121608,515,107730,130,13878,360,94320,360,94320,0,0,285,27288,155,13410,130,13878
Litokam (US1) ,500400,649,122009,515,107867,134,14142,360,94320,360,94320,0,0,289,27689,155,13547,134,14142
Litokam (US1) ,502200,649,121664,517,107654,132,14010,359,94058,359,94058,0,0,290,27606,158,13596,132,14010
Litokam (US1) ,504000,652,122219,521,108275,131,13944,360,94320,360,94320,0,0,292,27899,161,13955,131,13944
Litokam (US1) ,505800,665,124648,528,109623,137,15025,360,94320,360,94320,0,0,305,30328,168,15303,137,15025
Litokam (US1) ,507600,650,122087,520,108209,130,13878,360,94320,360,94320,0,0,290,27767,160,13889,130,13878
Litokam (US1) ,509400,648,121610,519,107798,129,13812,359,94058,359,94058,0,0,289,27552,160,13740,129,13812
Litokam (US1) ,511200,651,122153,520,108209,131,13944,360,94320,360,94320,0,0,291,27833,160,13889,131,13944
Litokam (US1) ,513000,649,121872,519,107994,130,13878,360,94320,360,94320,0,0,289,27552,159,13674,130,13878
Litokam (US1) ,514800,723,139451,556,113591,167,25860,359,94058,359,94058,0,0,364,45393,197,19533,167,25860
Litokam (US1) ,516600,644,121542,515,107730,129,13812,360,94320,360,94320,0,0,284,27222,155,13410,129,13812
Litokam (US1) ,518400,650,121961,518,108020,132,13941,360,94320,360,94320,0,0,290,27641,158,13700,132,13941
Litokam (US1) ,520200,648,121610,518,107732,130,13878,359,94058,359,94058,0,0,289,27552,159,13674,130,13878
Litokam (US1) ,522000,645,119139,517,107936,128,11203,360,94320,360,94320,0,0,285,24819,157,13616,128,11203
Litokam (US1) ,523800,671,127662,531,109896,140,17766,360,94320,360,94320,0,0,311,33342,171,15576,140,17766
Litokam (US1) ,525600,675,127799,531,109833,144,17966,359,94058,359,94058,0,0,316,33741,172,15775,144,17966
Litokam (US1) ,527400,640,118672,514,107601,126,11071,360,94320,360,94320,0,0,280,24352,154,13281,126,11071
Litokam (US1) ,529200,650,122087,517,108011,133,14076,360,94320,360,94320,0,0,290,27767,157,13691,133,14076
Litokam (US1) ,531000,645,121608,516,107796,129,13812,360,94320,360,94320,0,0,285,27288,156,13476,129,13812
Litokam (US1) ,532800,676,127945,532,109915,144,18030,359,94058,359,94058,0,0,317,33887,173,15857,144,18030
Litokam (US1) ,534600,646,121674,516,107796,130,13878,360,94320,360,94320,0,0,286,27354,156,13476,130,13878
Litokam (US1) ,536400,674,127801,532,110031,142,17770,360,94320,360,94320,0,0,314,33481,172,15711,142,17770
Litokam (US1) ,538200,637,118266,511,107195,126,11071,359,94058,359,94058,0,0,278,24208,152,13137,126,11071
Litokam (US1) ,540000,650,122087,519,108143,131,13944,360,94320,360,94320,0,0,290,27767,159,13823,131,13944
Litokam (US1) ,541800,670,127596,530,109830,140,17766,360,94320,360,94320,0,0,310,33276,170,15510,140,17766
Litokam (US1) ,543600,651,121957,520,108013,131,13944,359,94058,359,94058,0,0,292,27899,161,13955,131,13944
Litokam (US1) ,545400,647,121740,518,107928,129,13812,360,94320,360,94320,0,0,287,27420,158,13608,129,13812
Litokam (US1) ,547200,652,122219,520,108209,132,14010,360,94320,360,94320,0,0,292,27899,160,13889,132,14010
Litokam (US1) ,549000,650,121742,520,107864,130,13878,359,94058,359,94058,0,0,291,27684,161,13806,130,13878
Litokam (US1) ,550800,673,127817,530,109922,143,17895,360,94320,360,94320,0,0,313,33497,170,15602,143,17895
Litokam (US1) ,552600,650,121938,520,108060,130,13878,360,94320,360,94320,0,0,290,27618,160,13740,130,13878
Litokam (US1) ,554400,650,121891,519,107947,131,13944,359,94058,359,94058,0,0,291,27833,160,13889,131,13944
Litokam (US1) ,556200,648,121806,519,107994,129,13812,360,94320,360,94320,0,0,288,27486,159,13674,129,13812
Litokam (US1) ,558000,676,127933,534,110163,142,17770,360,94320,360,94320,0,0,316,33613,174,15843,142,17770
Litokam (US1) ,559800,665,124648,527,109557,138,15091,360,94320,360,94320,0,0,305,30328,167,15237,138,15091
Litokam (US1) ,561600,652,122023,520,108013,132,14010,359,94058,359,94058,0,0,293,27965,161,13955,132,14010
Litokam (US1) ,563400,650,121938,520,108060,130,13878,360,94320,360,94320,0,0,290,27618,160,13740,130,13878
Litokam (US1) ,565200,651,122153,521,108275,130,13878,360,94320,360,94320,0,0,291,27833,161,13955,130,13878
Litokam (US1) ,567000,650,121938,521,108126,129,13812,360,94320,360,94320,0,0,290,27618,161,13806,129,13812
Litokam (US1) ,568800,670,124931,530,109708,140,15223,359,94058,359,94058,0,0,311,30873,171,15650,140,15223
Litokam (US1) ,570600,649,121872,519,107994,130,13878,360,94320,360,94320,0,0,289,27552,159,13674,130,13878
Litokam (US1) ,572400,645,119139,517,107936,128,11203,360,94320,360,94320,0,0,285,24819,157,13616,128,11203
Litokam (US1) ,574200,647,121544,519,107798,128,13746,359,94058,359,94058,0,0,288,27486,160,13740,128,13746
Litokam (US1) ,576000,652,122219,520,108209,132,14010,360,94320,360,94320,0,0,292,27899,160,13889,132,14010
Litokam (US1) ,577800,666,124714,529,109689,137,15025,360,94320,360,94320,0,0,306,30394,169,15369,137,15025
Litokam (US1) ,579600,678,128065,534,110163,144,17902,360,94320,360,94320,0,0,318,33745,174,15843,144,17902
Litokam (US1) ,581400,648,121610,519,107798,129,13812,359,94058,359,94058,0,0,289,27552,160,13740,129,13812
Litokam (US1) ,583200,652,122219,520,108209,132,14010,360,94320,360,94320,0,0,292,27899,160,13889,132,14010
Litokam (US1) ,585000,648,121806,519,107994,129,13812,360,94320,360,94320,0,0,288,27486,159,13674,129,13812
Litokam (US1) ,586800,667,124595,528,109507,139,15088,359,94058,359,94058,0,0,308,30537,169,15449,139,15088
Litokam (US1) ,588600,647,121740,518,107928,129,13812,360,94320,360,94320,0,0,287,27420,158,13608,129,13812
Litokam (US1) ,590400,652,122219,519,108143,133,14076,360,94320,360,94320,0,0,292,27899,159,13823,133,14076
Litokam (US1) ,592200,646,121674,518,107928,128,13746,360,94320,360,94320,0,0,286,27354,158,13608,128,13746
Litokam (US1) ,594000,645,118943,516,107674,129,11269,359,94058,359,94058,0,0,286,24885,157,13616,129,11269
Litokam (US1) ,595800,666,124714,528,109623,138,15091,360,94320,360,94320,0,0,306,30394,168,15303,138,15091
Litokam (US1) ,597600,677,128127,535,110293,142,17834,360,94320,360,94320,0,0,317,33807,175,15973,142,17834
Litokam (US1) ,599400,649,121676,520,107864,129,13812,359,94058,359,94058,0,0,290,27618,161,13806,129,13812
Litokam (US1) ,601200,700,133803,547,112095,153,21708,360,94320,360,94320,0,0,340,39483,187,17775,153,21708
Litokam (US1) ,603000,648,121806,517,107862,131,13944,360,94320,360,94320,0,0,288,27486,157,13542,131,13944
Litokam (US1) ,604800,673,127747,531,109849,142,17898,359,94058,359,94058,0,0,314,33689,172,15791,142,17898
Litokam (US1) ,606600,649,121872,518,107928,131,13944,360,94320,360,94320,0,0,289,27552,158,13608,131,13944
Litokam (US1) ,608400,651,122153,519,108143,132,14010,360,94320,360,94320,0,0,291,27833,159,13823,132,14010
Litokam (US1) ,610200,644,121346,514,107468,130,13878,359,94058,359,94058,0,0,285,27288,155,13410,130,13878
Litokam (US1) ,612000,651,122153,518,108077,133,14076,360,94320,360,94320,0,0,291,27833,158,13757,133,14076
Litokam (US1) ,613800,674,127860,533,110028,141,17832,360,94320,360,94320,0,0,314,33540,173,15708,141,17832
Litokam (US1) ,615600,645,121561,514,107617,131,13944,359,94058,359,94058,0,0,286,27503,155,13559,131,13944
Litokam (US1) ,617400,651,122016,520,108060,131,13956,360,94320,360,94320,0,0,291,27696,160,13740,131,13956
Litokam (US1) ,619200,651,122153,521,108275,130,13878,360,94320,360,94320,0,0,291,27833,161,13955,130,13878
Litokam (US1) ,621000,640,118522,515,107586,125,10936,360,94320,360,94320,0,0,280,24202,155,13266,125,10936
Litokam (US1) ,622800,700,133659,546,111869,154,21790,359,94058,359,94058,0,0,341,39601,187,17811,154,21790
Litokam (US1) ,624600,649,121872,520,108060,129,13812,360,94320,360,94320,0,0,289,27552,160,13740,129,13812
Litokam (US1) ,626400,651,122153,519,108143,132,14010,360,94320,360,94320,0,0,291,27833,159,13823,132,14010
Litokam (US1) ,628200,646,121478,518,107732,128,13746,359,94058,359,94058,0,0,287,27420,159,13674,128,13746
Litokam (US1) ,630000,655,122417,522,108341,133,14076,360,94320,360,94320,0,0,295,28097,162,14021,133,14076
Litokam (US1) ,631800,673,127794,532,109962,141,17832,360,94320,360,94320,0,0,313,33474,172,15642,141,17832
Litokam (US1) ,633600,651,122153,520,108209,131,13944,360,94320,360,94320,0,0,291,27833,160,13889,131,13944
Litokam (US1) ,635400,650,121742,520,107864,130,13878,359,94058,359,94058,0,0,291,27684,161,13806,130,13878
Litokam (US1) ,637200,653,122285,520,108209,133,14076,360,94320,360,94320,0,0,293,27965,160,13889,133,14076
Litokam (US1) ,639000,640,118660,515,107655,125,11005,360,94320,360,94320,0,0,280,24340,155,13335,125,11005
Litokam (US1) ,640800,676,127945,534,110047,142,17898,359,94058,359,94058,0,0,317,33887,175,15989,142,17898
Litokam (US1) ,642600,650,121938,521,108126,129,13812,360,94320,360,94320,0,0,290,27618,161,13806,129,13812
Litokam (US1) ,644400,680,128185,536,110283,144,17902,360,94320,360,94320,0,0,320,33865,176,15963,144,17902
Litokam (US1) ,646200,642,118792,516,107721,126,11071,360,94320,360,94320,0,0,282,24472,156,13401,126,11071
Litokam (US1) ,648000,652,122023,521,108079,131,13944,359,94058,359,94058,0,0,293,27965,162,14021,131,13944
Litokam (US1) ,649800,672,127728,532,109962,140,17766,360,94320,360,94320,0,0,312,33408,172,15642,140,17766
Litokam (US1) ,651600,652,122219,521,108275,131,13944,360,94320,360,94320,0,0,292,27899,161,13955,131,13944
Litokam (US1) ,653400,647,121544,518,107732,129,13812,359,94058,359,94058,0,0,288,27486,159,13674,129,13812
Litokam (US1) ,655200,677,128127,535,110293,142,17834,360,94320,360,94320,0,0,317,33807,175,15973,142,17834
Litokam (US1) ,657000,648,121806,519,107994,129,13812,360,94320,360,94320,0,0,288,27486,159,13674,129,13812
Litokam (US1) ,658800,675,127937,533,110108,142,17829,360,94320,360,94320,0,0,315,33617,173,15788,142,17829
Litokam (US1) ,660600,653,121916,521,107906,132,14010,359,94058,359,94058,0,0,294,27858,162,13848,132,14010
Litokam (US1) ,662400,653,122285,522,108341,131,13944,360,94320,360,94320,0,0,293,27965,162,14021,131,13944
Litokam (US1) ,664200,647,121740,517,107862,130,13878,360,94320,360,94320,0,0,287,27420,157,13542,130,13878
Litokam (US1) ,666000,675,127867,533,110097,142,17770,360,94320,360,94320,0,0,315,33547,173,15777,142,17770
Litokam (US1) ,667800,673,127598,532,109766,141,17832,359,94058,359,94058,0,0,314,33540,173,15708,141,17832
Litokam (US1) ,669600,645,119139,516,107870,129,11269,360,94320,360,94320,0,0,285,24819,156,13550,129,11269
Litokam (US1) ,671400,641,118726,516,107721,125,11005,360,94320,360,94320,0,0,281,24406,156,13401,125,11005
Litokam (US1) ,673200,653,122089,521,108079,132,14010,359,94058,359,94058,0,0,294,28031,162,14021,132,14010
Litokam (US1) ,675000,651,122004,519,107994,132,14010,360,94320,360,94320,0,0,291,27684,159,13674,132,14010
Litokam (US1) ,676800,649,120339,507,104915,142,15424,342,89604,342,89604,0,0,307,30735,165,15311,142,15424
Litokam (US1) ,678600,465,105044,403,92583,62,12461,314,82268,314,82268,0,0,151,22776,89,10315,62,12461
Litokam (US1) ,680400,559,116069,473,105095,86,10974,360,94320,360,94320,0,0,199,21749,113,10775,86,10974
Litokam (US1) ,682200,647,121740,516,107796,131,13944,360,94320,360,94320,0,0,287,27420,156,13476,131,13944
Litokam (US1) ,684000,647,121705,514,107629,133,14076,359,94058,359,94058,0,0,288,27647,155,13571,133,14076
Litokam (US1) ,685800,665,124648,527,109557,138,15091,360,94320,360,94320,0,0,305,30328,167,15237,138,15091
Litokam (US1) ,687600,697,133593,543,111819,154,21774,360,94320,360,94320,0,0,337,39273,183,17499,154,21774
Litokam (US1) ,689400,644,121346,514,107468,130,13878,359,94058,359,94058,0,0,285,27288,155,13410,130,13878
Litokam (US1) ,691200,635,118479,510,107474,125,11005,360,94320,360,94320,0,0,275,24159,150,13154,125,11005
Litokam (US1) ,693000,644,121550,512,107532,132,14018,361,94394,360,94320,1,74,283,27156,152,13212,131,13944
Litokam (US1) ,694800,666,127159,526,109462,140,17697,359,94058,359,94058,0,0,307,33101,167,15404,140,17697
Litokam (US1) ,696600,648,121818,520,108072,128,13746,360,94320,360,94320,0,0,288,27498,160,13752,128,13746
Litokam (US1) ,698400,650,122087,520,108209,130,13878,360,94320,360,94320,0,0,290,27767,160,13889,130,13878
Litokam (US1) ,700200,644,121346,516,107600,128,13746,359,94058,359,94058,0,0,285,27288,157,13542,128,13746
Litokam (US1) ,0,650,122087,520,108209,130,13878,360,94320,360,94320,0,0,290,27767,160,13889,130,13878
Litokam (US1) ,1800,650,121938,521,108126,129,13812,360,94320,360,94320,0,0,290,27618,161,13806,129,13812
Litokam (US1) ,3600,651,122153,521,108275,130,13878,360,94320,360,94320,0,0,291,27833,161,13955,130,13878
Litokam (US1) ,5400,673,127598,533,109832,140,17766,359,94058,359,94058,0,0,314,33540,174,15774,140,17766
Litokam (US1) ,7200,653,122285,522,108341,131,13944,360,94320,360,94320,0,0,293,27965,162,14021,131,13944
Litokam (US1) ,9000,647,121602,519,107925,128,13677,360,94320,360,94320,0,0,287,27282,159,13605,128,13677
Litokam (US1) ,10800,652,122023,521,108079,131,13944,359,94058,359,94058,0,0,293,27965,162,14021,131,13944
Litokam (US1) ,12600,648,121806,520,108060,128,13746,360,94320,360,94320,0,0,288,27486,160,13740,128,13746
Litokam (US1) ,14400,677,128207,535,110309,142,17898,360,94320,360,94320,0,0,317,33887,175,15989,142,17898
Litokam (US1) ,16200,642,118596,516,107525,126,11071,359,94058,359,94058,0,0,283,24538,157,13467,126,11071
Litokam (US1) ,18000,677,127999,535,110229,142,17770,360,94320,360,94320,0,0,317,33679,175,15909,142,17770
Litokam (US1) ,19800,650,121938,521,108126,129,13812,360,94320,360,94320,0,0,290,27618,161,13806,129,13812
Litokam (US1) ,21600,652,122023,521,108079,131,13944,359,94058,359,94058,0,0,293,27965,162,14021,131,13944
Litokam (US1) ,23400,674,127860,534,110094,140,17766,360,94320,360,94320,0,0,314,33540,174,15774,140,17766
Litokam (US1) ,25200,651,122153,521,108275,130,13878,360,94320,360,94320,0,0,291,27833,161,13955,130,13878
Litokam (US1) ,27000,649,121676,520,107864,129,13812,359,94058,359,94058,0,0,290,27618,161,13806,129,13812
Litokam (US1) ,28800,653,122285,522,108341,131,13944,360,94320,360,94320,0,0,293,27965,162,14021,131,13944
Litokam (US1) ,30600,650,121938,521,108126,129,13812,360,94320,360,94320,0,0,290,27618,161,13806,129,13812
Litokam (US1) ,32400,676,127945,534,110047,142,17898,359,94058,359,94058,0,0,317,33887,175,15989,142,17898
Litokam (US1) ,34200,650,121938,521,108126,129,13812,360,94320,360,94320,0,0,290,27618,161,13806,129,13812
Litokam (US1) ,36000,653,122285,522,108341,131,13944,360,94320,360,94320,0,0,293,27965,162,14021,131,13944
Litokam (US1) ,37800,647,121544,519,107798,128,13746,359,94058,359,94058,0,0,288,27486,160,13740,128,13746
Litokam (US1) ,39600,677,127999,535,110229,142,17770,360,94320,360,94320,0,0,317,33679,175,15909,142,17770
Litokam (US1) ,41400,674,127860,534,110094,140,17766,360,94320,360,94320,0,0,314,33540,174,15774,140,17766
Litokam (US1) ,43200,652,122023,521,108079,131,13944,359,94058,359,94058,0,0,293,27965,162,14021,131,13944
Litokam (US1) ,45000,650,121938,521,108126,129,13812,360,94320,360,94320,0,0,290,27618,161,13806,129,13812
Litokam (US1) ,46800,651,122153,521,108275,130,13878,360,94320,360,94320,0,0,291,27833,161,13955,130,13878
Litokam (US1) ,48600,650,121938,521,108126,129,13812,360,94320,360,94320,0,0,290,27618,161,13806,129,13812
Litokam (US1) ,50400,676,127945,534,110047,142,17898,359,94058,359,94058,0,0,317,33887,175,15989,142,17898
Litokam (US1) ,52200,645,121470,518,107859,127,13611,360,94320,360,94320,0,0,285,27150,158,13539,127,13611
Litokam (US1) ,54000,651,122153,521,108275,130,13878,360,94320,360,94320,0,0,291,27833,161,13955,130,13878
Litokam (US1) ,55800,649,121676,520,107864,129,13812,359,94058,359,94058,0,0,290,27618,161,13806,129,13812
Litokam (US1) ,57600,651,122153,521,108275,130,13878,360,94320,360,94320,0,0,291,27833,161,13955,130,13878
Litokam (US1) ,59400,663,124516,528,109623,135,14893,360,94320,360,94320,0,0,303,30196,168,15303,135,14893
Litokam (US1) ,61200,667,124525,529,109562,138,14963,359,94058,359,94058,0,0,308,30467,170,15504,138,14963
Litokam (US1) ,63000,650,121938,521,108126,129,13812,360,94320,360,94320,0,0,290,27618,161,13806,129,13812
Litokam (US1) ,64800,651,122153,521,108275,130,13878,360,94320,360,94320,0,0,291,27833,161,13955,130,13878
Litokam (US1) ,66600,643,121280,517,107666,126,13614,359,94058,359,94058,0,0,284,27222,158,13608,126,13614
Litokam (US1) ,68400,699,133917,547,112195,152,21722,360,94320,360,94320,0,0,339,39597,187,17875,152,21722
Litokam (US1) ,70200,644,121542,518,107928,126,13614,360,94320,360,94320,0,0,284,27222,158,13608,126,13614
Litokam (US1) ,72000,645,121573,518,107893,127,13680,359,94058,359,94058,0,0,286,27515,159,13835,127,13680
Litokam (US1) ,73800,640,121278,516,107796,124,13482,360,94320,360,94320,0,0,280,26958,156,13476,124,13482
Litokam (US1) ,75600,638,121295,513,107747,125,13548,360,94320,360,94320,0,0,278,26975,153,13427,125,13548
Litokam (US1) ,77400,652,120976,521,108890,131,12086,359,94058,359,94058,0,0,293,26918,162,14832,131,12086
Litokam (US1) ,79200,650,122087,520,108209,130,13878,360,94320,360,94320,0,0,290,27767,160,13889,130,13878
Litokam (US1) ,81000,644,121542,518,107928,126,13614,360,94320,360,94320,0,0,284,27222,158,13608,126,13614
Litokam (US1) ,82800,714,138841,554,113443,160,25398,359,94058,359,94058,0,0,355,44783,195,19385,160,25398
Litokam (US1) ,84600,646,121674,519,107994,127,13680,360,94320,360,94320,0,0,286,27354,159,13674,127,13680
Litokam (US1) ,86400,671,127811,532,110111,139,17700,360,94320,360,94320,0,0,311,33491,172,15791,139,17700
Litokam (US1) ,88200,641,121148,516,107600,125,13548,359,94058,359,94058,0,0,282,27090,157,13542,125,13548
Litokam (US1) ,90000,647,121889,519,108143,128,13746,360,94320,360,94320,0,0,287,27569,159,13823,128,13746
Litokam (US1) ,91800,642,121410,517,107862,125,13548,360,94320,360,94320,0,0,282,27090,157,13542,125,13548
Litokam (US1) ,93600,632,117947,510,107209,122,10738,359,94058,359,94058,0,0,273,23889,151,13151,122,10738
Litokam (US1) ,95400,668,127464,531,109896,137,17568,360,94320,360,94320,0,0,308,33144,171,15576,137,17568
Litokam (US1) ,97200,647,121889,519,108143,128,13746,360,94320,360,94320,0,0,287,27569,159,13823,128,13746
Litokam (US1) ,99000,649,121676,520,107864,129,13812,359,94058,359,94058,0,0,290,27618,161,13806,129,13812
Litokam (US1) ,100800,634,118413,512,107606,122,10807,360,94320,360,94320,0,0,274,24093,152,13286,122,10807
Litokam (US1) ,102600,648,121806,520,108060,128,13746,360,94320,360,94320,0,0,288,27486,160,13740,128,13746
Litokam (US1) ,104400,692,130709,543,111792,149,18917,360,94320,360,94320,0,0,332,36389,183,17472,149,18917
Litokam (US1) ,106200,649,121676,520,107864,129,13812,359,94058,359,94058,0,0,290,27618,161,13806,129,13812
Litokam (US1) ,108000,653,122285,522,108341,131,13944,360,94320,360,94320,0,0,293,27965,162,14021,131,13944
Litokam (US1) ,109800,648,121806,520,108060,128,13746,360,94320,360,94320,0,0,288,27486,160,13740,128,13746
Litokam (US1) ,111600,652,122023,521,108079,131,13944,359,94058,359,94058,0,0,293,27965,162,14021,131,13944
Litokam (US1) ,113400,667,124780,530,109755,137,15025,360,94320,360,94320,0,0,307,30460,170,15435,137,15025
Litokam (US1) ,115200,653,122285,522,108341,131,13944,360,94320,360,94320,0,0,293,27965,162,14021,131,13944
Litokam (US1) ,117000,650,121938,521,108126,129,13812,360,94320,360,94320,0,0,290,27618,161,13806,129,13812
Litokam (US1) ,118800,652,122023,521,108079,131,13944,359,94058,359,94058,0,0,293,27965,162,14021,131,13944
Litokam (US1) ,120600,648,121806,520,108060,128,13746,360,94320,360,94320,0,0,288,27486,160,13740,128,13746
Litokam (US1) ,122400,677,128207,535,110309,142,17898,360,94320,360,94320,0,0,317,33887,175,15989,142,17898
Litokam (US1) ,124200,649,121676,520,107864,129,13812,359,94058,359,94058,0,0,290,27618,161,13806,129,13812
Litokam (US1) ,126000,677,127999,535,110229,142,17770,360,94320,360,94320,0,0,317,33679,175,15909,142,17770
Litokam (US1) ,127800,650,121938,521,108126,129,13812,360,94320,360,94320,0,0,290,27618,161,13806,129,13812
Litokam (US1) ,129600,653,122285,522,108341,131,13944,360,94320,360,94320,0,0,293,27965,162,14021,131,13944
Litokam (US1) ,131400,673,127598,533,109832,140,17766,359,94058,359,94058,0,0,314,33540,174,15774,140,17766
Litokam (US1) ,133200,651,122153,521,108275,130,13878,360,94320,360,94320,0,0,291,27833,161,13955,130,13878
Litokam (US1) ,135000,643,118858,517,107787,126,11071,360,94320,360,94320,0,0,283,24538,157,13467,126,11071
Litokam (US1) ,136800,649,121687,519,107878,130,13809,359,94058,359,94058,0,0,290,27629,160,13820,130,13809
Litokam (US1) ,138600,650,121938,521,108126,129,13812,360,94320,360,94320,0,0,290,27618,161,13806,129,13812
Litokam (US1) ,140400,677,128207,535,110309,142,17898,360,94320,360,94320,0,0,317,33887,175,15989,142,17898
Litokam (US1) ,142200,650,121938,521,108126,129,13812,360,94320,360,94320,0,0,290,27618,161,13806,129,13812
Litokam (US1) ,144000,652,122023,521,108079,131,13944,359,94058,359,94058,0,0,293,27965,162,14021,131,13944
Litokam (US1) ,145800,646,121674,519,107994,127,13680,360,94320,360,94320,0,0,286,27354,159,13674,127,13680
Litokam (US1) ,147600,670,124919,531,109890,139,15029,360,94320,360,94320,0,0,310,30599,171,15570,139,15029
Litokam (US1) ,149400,671,127466,532,109766,139,17700,359,94058,359,94058,0,0,312,33408,173,15708,139,17700
Litokam (US1) ,151200,651,122153,521,108275,130,13878,360,94320,360,94320,0,0,291,27833,161,13955,130,13878
Litokam (US1) ,153000,648,121806,520,108060,128,13746,360,94320,360,94320,0,0,288,27486,160,13740,128,13746
Litokam (US1) ,154800,670,125047,531,109954,139,15093,360,94320,360,94320,0,0,310,30727,171,15634,139,15093
Litokam (US1) ,156600,649,121676,520,107864,129,13812,359,94058,359,94058,0,0,290,27618,161,13806,129,13812
Litokam (US1) ,158400,668,124995,530,109904,138,15091,360,94320,360,94320,0,0,308,30675,170,15584,138,15091
Litokam (US1) ,160200,650,121938,521,108126,129,13812,360,94320,360,94320,0,0,290,27618,161,13806,129,13812
Litokam (US1) ,162000,645,118943,517,107740,128,11203,359,94058,359,94058,0,0,286,24885,158,13682,128,11203
Litokam (US1) ,163800,648,121806,520,108060,128,13746,360,94320,360,94320,0,0,288,27486,160,13740,128,13746
Litokam (US1) ,165600,653,122285,522,108341,131,13944,360,94320,360,94320,0,0,293,27965,162,14021,131,13944
Litokam (US1) ,167400,665,124648,529,109689,136,14959,360,94320,360,94320,0,0,305,30328,169,15369,136,14959
Litokam (US1) ,169200,720,139237,558,113707,162,25530,359,94058,359,94058,0,0,361,45179,199,19649,162,25530
Litokam (US1) ,171000,644,121542,518,107928,126,13614,360,94320,360,94320,0,0,284,27222,158,13608,126,13614
Litokam (US1) ,172800,644,119073,517,107936,127,11137,360,94320,360,94320,0,0,284,24753,157,13616,127,11137
Litokam (US1) ,174600,649,121676,520,107864,129,13812,359,94058,359,94058,0,0,290,27618,161,13806,129,13812
Litokam (US1) ,176400,673,127551,532,109719,141,17832,358,93796,358,93796,0,0,315,33755,174,15923,141,17832
Litokam (US1) ,178200,650,121938,521,108126,129,13812,360,94320,360,94320,0,0,290,27618,161,13806,129,13812
Litokam (US1) ,180000,653,122285,522,108341,131,13944,360,94320,360,94320,0,0,293,27965,162,14021,131,13944
Litokam (US1) ,181800,644,121208,517,107597,127,13611,359,94058,359,94058,0,0,285,27150,158,13539,127,13611
Litokam (US1) ,183600,649,122021,520,108209,129,13812,360,94320,360,94320,0,0,289,27701,160,13889,129,13812
Litokam (US1) ,185400,674,127860,534,110094,140,17766,360,94320,360,94320,0,0,314,33540,174,15774,140,17766
Litokam (US1) ,187200,651,122153,521,108275,130,13878,360,94320,360,94320,0,0,291,27833,161,13955,130,13878
Litokam (US1) ,189000,647,121544,519,107798,128,13746,359,94058,359,94058,0,0,288,27486,160,13740,128,13746
Litokam (US1) ,190800,677,127999,535,110229,142,17770,360,94320,360,94320,0,0,317,33679,175,15909,142,17770
Litokam (US1) ,192600,652,122046,523,108234,129,13812,360,94320,360,94320,0,0,292,27726,163,13914,129,13812
Litokam (US1) ,194400,646,121627,518,107881,128,13746,359,94058,359,94058,0,0,287,27569,159,13823,128,13746
Litokam (US1) ,196200,674,127860,534,110094,140,17766,360,94320,360,94320,0,0,314,33540,174,15774,140,17766
Litokam (US1) ,198000,646,119205,518,108002,128,11203,360,94320,360,94320,0,0,286,24885,158,13682,128,11203
Litokam (US1) ,199800,647,121544,519,107798,128,13746,359,94058,359,94058,0,0,288,27486,160,13740,128,13746
Litokam (US1) ,201600,651,122153,521,108275,130,13878,360,94320,360,94320,0,0,291,27833,161,13955,130,13878
Litokam (US1) ,203400,650,121938,521,108126,129,13812,360,94320,360,94320,0,0,290,27618,161,13806,129,13812
Litokam (US1) ,205200,668,124995,530,109904,138,15091,360,94320,360,94320,0,0,308,30675,170,15584,138,15091
Litokam (US1) ,207000,649,121676,520,107864,129,13812,359,94058,359,94058,0,0,290,27618,161,13806,129,13812
Litokam (US1) ,208800,646,119205,518,108002,128,11203,360,94320,360,94320,0,0,286,24885,158,13682,128,11203
Litokam (US1) ,210600,650,121938,521,108126,129,13812,360,94320,360,94320,0,0,290,27618,161,13806,129,13812
Litokam (US1) ,212400,677,127999,535,110229,142,17770,360,94320,360,94320,0,0,317,33679,175,15909,142,17770
Litokam (US1) ,214200,666,124518,529,109493,137,15025,359,94058,359,94058,0,0,307,30460,170,15435,137,15025
Litokam (US1) ,216000,651,122153,521,108275,130,13878,360,94320,360,94320,0,0,291,27833,161,13955,130,13878
Litokam (US1) ,217800,650,121938,521,108126,129,13812,360,94320,360,94320,0,0,290,27618,161,13806,129,13812
Litokam (US1) ,219600,652,122023,521,108079,131,13944,359,94058,359,94058,0,0,293,27965,162,14021,131,13944
Litokam (US1) ,221400,650,121938,521,108126,129,13812,360,94320,360,94320,0,0,290,27618,161,13806,129,13812
Litokam (US1) ,223200,677,128207,535,110309,142,17898,360,94320,360,94320,0,0,317,33887,175,15989,142,17898
Litokam (US1) ,225000,646,121340,518,107663,128,13677,359,94058,359,94058,0,0,287,27282,159,13605,128,13677
Litokam (US1) ,226800,651,122153,521,108275,130,13878,360,94320,360,94320,0,0,291,27833,161,13955,130,13878
Litokam (US1) ,228600,650,121938,521,108126,129,13812,360,94320,360,94320,0,0,290,27618,161,13806,129,13812
Litokam (US1) ,230400,653,122285,522,108341,131,13944,360,94320,360,94320,0,0,293,27965,162,14021,131,13944
Litokam (US1) ,232200,673,127598,533,109832,140,17766,359,94058,359,94058,0,0,314,33540,174,15774,140,17766
Litokam (US1) ,234000,677,127999,535,110229,142,17770,360,94320,360,94320,0,0,317,33679,175,15909,142,17770
Litokam (US1) ,235800,643,118858,517,107787,126,11071,360,94320,360,94320,0,0,283,24538,157,13467,126,11071
Litokam (US1) ,237600,676,127865,534,110031,142,17834,359,94058,359,94058,0,0,317,33807,175,15973,142,17834
Litokam (US1) ,239400,641,118726,516,107721,125,11005,360,94320,360,94320,0,0,281,24406,156,13401,125,11005
Litokam (US1) ,241200,677,128207,535,110309,142,17898,360,94320,360,94320,0,0,317,33887,175,15989,142,17898
Litokam (US1) ,243000,650,121938,521,108126,129,13812,360,94320,360,94320,0,0,290,27618,161,13806,129,13812
Litokam (US1) ,244800,651,121957,520,108013,131,13944,359,94058,359,94058,0,0,292,27899,161,13955,131,13944
Litokam (US1) ,246600,649,121872,520,108060,129,13812,360,94320,360,94320,0,0,289,27552,160,13740,129,13812
Litokam (US1) ,248400,651,122153,521,108275,130,13878,360,94320,360,94320,0,0,291,27833,161,13955,130,13878
Litokam (US1) ,250200,673,127598,533,109832,140,17766,359,94058,359,94058,0,0,314,33540,174,15774,140,17766
Litokam (US1) ,252000,651,122153,521,108275,130,13878,360,94320,360,94320,0,0,291,27833,161,13955,130,13878
Litokam (US1) ,253800,643,118858,517,107787,126,11071,360,94320,360,94320,0,0,283,24538,157,13467,126,11071
Litokam (US1) ,255600,711,133603,553,113423,158,20180,360,94320,360,94320,0,0,351,39283,193,19103,158,20180
Litokam (US1) ,257400,649,121676,520,107864,129,13812,359,94058,359,94058,0,0,290,27618,161,13806,129,13812
Litokam (US1) ,259200,677,128207,535,110309,142,17898,360,94320,360,94320,0,0,317,33887,175,15989,142,17898
Litokam (US1) ,261000,648,121806,520,108060,128,13746,360,94320,360,94320,0,0,288,27486,160,13740,128,13746
Litokam (US1) ,262800,652,122023,521,108079,131,13944,359,94058,359,94058,0,0,293,27965,162,14021,131,13944
Litokam (US1) ,264600,643,118858,517,107787,126,11071,360,94320,360,94320,0,0,283,24538,157,13467,126,11071
Litokam (US1) ,266400,653,122285,522,108341,131,13944,360,94320,360,94320,0,0,293,27965,162,14021,131,13944
Litokam (US1) ,268200,671,127524,532,109893,139,17631,360,94320,360,94320,0,0,311,33204,172,15573,139,17631
Litokam (US1) ,270000,650,121891,520,108013,130,13878,359,94058,359,94058,0,0,291,27833,161,13955,130,13878
Litokam (US1) ,271800,650,121938,521,108126,129,13812,360,94320,360,94320,0,0,290,27618,161,13806,129,13812
Litokam (US1) ,273600,653,122285,522,108341,131,13944,360,94320,360,94320,0,0,293,27965,162,14021,131,13944
Litokam (US1) ,275400,649,121676,520,107864,129,13812,359,94058,359,94058,0,0,290,27618,161,13806,129,13812
Litokam (US1) ,277200,698,133723,546,112065,152,21658,360,94320,360,94320,0,0,338,39403,186,17745,152,21658
Litokam (US1) ,279000,641,118726,516,107721,125,11005,360,94320,360,94320,0,0,281,24406,156,13401,125,11005
Litokam (US1) ,280800,647,121889,519,108143,128,13746,360,94320,360,94320,0,0,287,27569,159,13823,128,13746
Litokam (US1) ,282600,649,121676,520,107864,129,13812,359,94058,359,94058,0,0,290,27618,161,13806,129,13812
Litokam (US1) ,284400,651,122153,521,108275,130,13878,360,94320,360,94320,0,0,291,27833,161,13955,130,13878
Litokam (US1) ,286200,698,133702,547,112046,151,21656,360,94320,360,94320,0,0,338,39382,187,17726,151,21656
Litokam (US1) ,288000,650,121891,520,108013,130,13878,359,94058,359,94058,0,0,291,27833,161,13955,130,13878
Litokam (US1) ,289800,650,121938,521,108126,129,13812,360,94320,360,94320,0,0,290,27618,161,13806,129,13812
Litokam (US1) ,291600,653,122285,522,108341,131,13944,360,94320,360,94320,0,0,293,27965,162,14021,131,13944
Litokam (US1) ,293400,648,121806,520,108060,128,13746,360,94320,360,94320,0,0,288,27486,160,13740,128,13746
Litokam (US1) ,295200,676,127945,534,110047,142,17898,359,94058,359,94058,0,0,317,33887,175,15989,142,17898
Litokam (US1) ,297000,643,118858,517,107787,126,11071,360,94320,360,94320,0,0,283,24538,157,13467,126,11071
Litokam (US1) ,298800,670,124919,531,109890,139,15029,360,94320,360,94320,0,0,310,30599,171,15570,139,15029
Litokam (US1) ,300600,647,121544,519,107798,128,13746,359,94058,359,94058,0,0,288,27486,160,13740,128,13746
Litokam (US1) ,302400,653,122285,522,108341,131,13944,360,94320,360,94320,0,0,293,27965,162,14021,131,13944
Litokam (US1) ,304200,667,124780,530,109755,137,15025,360,94320,360,94320,0,0,307,30460,170,15435,137,15025
Litokam (US1) ,306000,651,122153,521,108275,130,13878,360,94320,360,94320,0,0,291,27833,161,13955,130,13878
Litokam (US1) ,307800,649,121676,520,107864,129,13812,359,94058,359,94058,0,0,290,27618,161,13806,129,13812
Litokam (US1) ,309600,649,122021,520,108209,129,13812,360,94320,360,94320,0,0,289,27701,160,13889,129,13812
Litokam (US1) ,311400,647,121602,519,107925,128,13677,360,94320,360,94320,0,0,287,27282,159,13605,128,13677
Litokam (US1) ,313200,676,127945,534,110047,142,17898,359,94058,359,94058,0,0,317,33887,175,15989,142,17898
Litokam (US1) ,315000,648,121806,520,108060,128,13746,360,94320,360,94320,0,0,288,27486,160,13740,128,13746
Litokam (US1) ,316800,649,122021,520,108209,129,13812,360,94320,360,94320,0,0,289,27701,160,13889,129,13812
Litokam (US1) ,318600,649,121676,520,107864,129,13812,359,94058,359,94058,0,0,290,27618,161,13806,129,13812
Litokam (US1) ,320400,668,124787,530,109824,138,14963,360,94320,360,94320,0,0,308,30467,170,15504,138,14963
Litokam (US1) ,322200,674,127860,534,110094,140,17766,360,94320,360,94320,0,0,314,33540,174,15774,140,17766
Litokam (US1) ,324000,640,118809,515,107804,125,11005,360,94320,360,94320,0,0,280,24489,155,13484,125,11005
Litokam (US1) ,325800,641,121148,516,107600,125,13548,359,94058,359,94058,0,0,282,27090,157,13542,125,13548
Litokam (US1) ,327600,647,121889,519,108143,128,13746,360,94320,360,94320,0,0,287,27569,159,13823,128,13746
Litokam (US1) ,329400,650,121938,521,108126,129,13812,360,94320,360,94320,0,0,290,27618,161,13806,129,13812
Litokam (US1) ,331200,675,128075,534,110243,141,17832,360,94320,360,94320,0,0,315,33755,174,15923,141,17832
Litokam (US1) ,333000,641,121148,516,107600,125,13548,359,94058,359,94058,0,0,282,27090,157,13542,125,13548
Litokam (US1) ,334800,651,122153,521,108275,130,13878,360,94320,360,94320,0,0,291,27833,161,13955,130,13878
Litokam (US1) ,336600,643,118858,517,107787,126,11071,360,94320,360,94320,0,0,283,24538,157,13467,126,11071
Litokam (US1) ,338400,644,121495,517,107815,127,13680,359,94058,359,94058,0,0,285,27437,158,13757,127,13680
Litokam (US1) ,340200,667,124780,530,109755,137,15025,360,94320,360,94320,0,0,307,30460,170,15435,137,15025
Litokam (US1) ,342000,715,139103,556,113771,159,25332,360,94320,360,94320,0,0,355,44783,196,19451,159,25332
Litokam (US1) ,343800,644,121542,518,107928,126,13614,360,94320,360,94320,0,0,284,27222,158,13608,126,13614
Litokam (US1) ,345600,648,121759,519,107947,129,13812,359,94058,359,94058,0,0,289,27701,160,13889,129,13812
Litokam (US1) ,347400,636,121014,514,107664,122,13350,360,94320,360,94320,0,0,276,26694,154,13344,122,13350
Litokam (US1) ,349200,666,124863,529,109838,137,15025,360,94320,360,94320,0,0,306,30543,169,15518,137,15025
Litokam (US1) ,351000,639,121016,515,107534,124,13482,359,94058,359,94058,0,0,280,26958,156,13476,124,13482
Litokam (US1) ,352800,645,121757,518,108077,127,13680,360,94320,360,94320,0,0,285,27437,158,13757,127,13680
Litokam (US1) ,354600,667,127180,530,109745,137,17435,360,94320,360,94320,0,0,307,32860,170,15425,137,17435
Litokam (US1) ,356400,649,122021,520,108209,129,13812,360,94320,360,94320,0,0,289,27701,160,13889,129,13812
Litokam (US1) ,358200,673,127598,533,109832,140,17766,359,94058,359,94058,0,0,314,33540,174,15774,140,17766
Litokam (US1) ,360000,651,122153,521,108275,130,13878,360,94320,360,94320,0,0,291,27833,161,13955,130,13878
Litokam (US1) ,361800,650,121938,521,108126,129,13812,360,94320,360,94320,0,0,290,27618,161,13806,129,13812
Litokam (US1) ,363600,676,127737,534,109967,142,17770,359,94058,359,94058,0,0,317,33679,175,15909,142,17770
Litokam (US1) ,365400,650,121938,521,108126,129,13812,360,94320,360,94320,0,0,290,27618,161,13806,129,13812
Litokam (US1) ,367200,671,127811,532,110111,139,17700,360,94320,360,94320,0,0,311,33491,172,15791,139,17700
Litokam (US1) ,369000,648,121806,520,108060,128,13746,360,94320,360,94320,0,0,288,27486,160,13740,128,13746
Litokam (US1) ,370800,652,122023,521,108079,131,13944,359,94058,359,94058,0,0,293,27965,162,14021,131,13944
Litokam (US1) ,372600,650,121938,521,108126,129,13812,360,94320,360,94320,0,0,290,27618,161,13806,129,13812
Litokam (US1) ,374400,649,122021,520,108209,129,13812,360,94320,360,94320,0,0,289,27701,160,13889,129,13812
Litokam (US1) ,376200,673,127598,533,109832,140,17766,359,94058,359,94058,0,0,314,33540,174,15774,140,17766
Litokam (US1) ,378000,653,122297,522,108341,131,13956,360,94320,360,94320,0,0,293,27977,162,14021,131,13956
Litokam (US1) ,379800,644,121542,518,107928,126,13614,360,94320,360,94320,0,0,284,27222,158,13608,126,13614
Litokam (US1) ,381600,651,122153,521,108275,130,13878,360,94320,360,94320,0,0,291,27833,161,13955,130,13878
Litokam (US1) ,383400,647,121544,519,107798,128,13746,359,94058,359,94058,0,0,288,27486,160,13740,128,13746
Litokam (US1) ,385200,701,133921,548,112197,153,21724,360,94320,360,94320,0,0,341,39601,188,17877,153,21724
Litokam (US1) ,387000,646,121674,519,107994,127,13680,360,94320,360,94320,0,0,286,27354,159,13674,127,13680
Litokam (US1) ,388800,652,122023,521,108079,131,13944,359,94058,359,94058,0,0,293,27965,162,14021,131,13944
Litokam (US1) ,390600,648,121806,520,108060,128,13746,360,94320,360,94320,0,0,288,27486,160,13740,128,13746
Litokam (US1) ,392400,653,122285,522,108341,131,13944,360,94320,360,94320,0,0,293,27965,162,14021,131,13944
Litokam (US1) ,394200,669,127334,531,109700,138,17634,359,94058,359,94058,0,0,310,33276,172,15642,138,17634
Litokam (US1) ,396000,650,122087,520,108209,130,13878,360,94320,360,94320,0,0,290,27767,160,13889,130,13878
Litokam (US1) ,397800,662,124232,527,109472,135,14760,360,94320,360,94320,0,0,302,29912,167,15152,135,14760
Litokam (US1) ,399600,636,118545,513,107672,123,10873,360,94320,360,94320,0,0,276,24225,153,13352,123,10873
Litokam (US1) ,401400,645,121412,518,107732,127,13680,359,94058,359,94058,0,0,286,27354,159,13674,127,13680
Litokam (US1) ,403200,675,128075,534,110243,141,17832,360,94320,360,94320,0,0,315,33755,174,15923,141,17832
Litokam (US1) ,405000,639,118594,515,107655,124,10939,360,94320,360,94320,0,0,279,24274,155,13335,124,10939
Litokam (US1) ,406800,671,127603,532,110031,139,17572,360,94320,360,94320,0,0,311,33283,172,15711,139,17572
Litokam (US1) ,408600,649,121676,520,107864,129,13812,359,94058,359,94058,0,0,290,27618,161,13806,129,13812
Litokam (US1) ,410400,642,118941,516,107870,126,11071,360,94320,360,94320,0,0,282,24621,156,13550,126,11071
Litokam (US1) ,412200,674,127860,534,110094,140,17766,360,94320,360,94320,0,0,314,33540,174,15774,140,17766
Litokam (US1) ,414000,648,121759,519,107947,129,13812,359,94058,359,94058,0,0,289,27701,160,13889,129,13812
Litokam (US1) ,415800,641,121344,516,107796,125,13548,360,94320,360,94320,0,0,281,27024,156,13476,125,13548
Litokam (US1) ,417600,651,122153,521,108275,130,13878,360,94320,360,94320,0,0,291,27833,161,13955,130,13878
Litokam (US1) ,419400,643,121280,517,107666,126,13614,359,94058,359,94058,0,0,284,27222,158,13608,126,13614
Litokam (US1) ,421200,677,128207,535,110309,142,17898,360,94320,360,94320,0,0,317,33887,175,15989,142,17898
Litokam (US1) ,423000,644,121542,518,107928,126,13614,360,94320,360,94320,0,0,284,27222,158,13608,126,13614
Litokam (US1) ,424800,644,121495,517,107815,127,13680,359,94058,359,94058,0,0,285,27437,158,13757,127,13680
Litokam (US1) ,426600,640,121278,516,107796,124,13482,360,94320,360,94320,0,0,280,26958,156,13476,124,13482
Litokam (US1) ,428400,712,136287,554,113564,158,22723,360,94320,360,94320,0,0,352,41967,194,19244,158,22723
Litokam (US1) ,430200,659,126674,526,109370,133,17304,359,94058,359,94058,0,0,300,32616,167,15312,133,17304
Litokam (US1) ,432000,649,122021,520,108209,129,13812,360,94320,360,94320,0,0,289,27701,160,13889,129,13812
Litokam (US1) ,433800,646,121674,519,107994,127,13680,360,94320,360,94320,0,0,286,27354,159,13674,127,13680
Litokam (US1) ,435600,645,118943,517,107740,128,11203,359,94058,359,94058,0,0,286,24885,158,13682,128,11203
Litokam (US1) ,437400,646,121674,519,107994,127,13680,360,94320,360,94320,0,0,286,27354,159,13674,127,13680
Litokam (US1) ,439200,673,127943,533,110177,140,17766,360,94320,360,94320,0,0,313,33623,173,15857,140,17766
Litokam (US1) ,441000,632,120416,511,107201,121,13215,359,94058,359,94058,0,0,273,26358,152,13143,121,13215
Litokam (US1) ,442800,637,121229,514,107813,123,13416,360,94320,360,94320,0,0,277,26909,154,13493,123,13416
Litokam (US1) ,444600,644,121542,518,107928,126,13614,360,94320,360,94320,0,0,284,27222,158,13608,126,13614
Litokam (US1) ,446400,640,121231,515,107683,125,13548,359,94058,359,94058,0,0,281,27173,156,13625,125,13548
Litokam (US1) ,448200,658,126804,526,109566,132,17238,360,94320,360,94320,0,0,298,32484,166,15246,132,17238
Litokam (US1) ,450000,671,127603,532,110031,139,17572,360,94320,360,94320,0,0,311,33283,172,15711,139,17572
Litokam (US1) ,451800,640,121278,516,107796,124,13482,360,94320,360,94320,0,0,280,26958,156,13476,124,13482
Litokam (US1) ,453600,638,121099,514,107617,124,13482,359,94058,359,94058,0,0,279,27041,155,13559,124,13482
Litokam (US1) ,455400,642,121410,517,107862,125,13548,360,94320,360,94320,0,0,282,27090,157,13542,125,13548
Litokam (US1) ,457200,669,127679,531,110045,138,17634,360,94320,360,94320,0,0,309,33359,171,15725,138,17634
Litokam (US1) ,459000,641,121148,516,107600,125,13548,359,94058,359,94058,0,0,282,27090,157,13542,125,13548
Litokam (US1) ,460800,643,121625,517,108011,126,13614,360,94320,360,94320,0,0,283,27305,157,13691,126,13614
Litokam (US1) ,462600,646,121674,519,107994,127,13680,360,94320,360,94320,0,0,286,27354,159,13674,127,13680
Litokam (US1) ,464400,644,121495,517,107815,127,13680,359,94058,359,94058,0,0,285,27437,158,13757,127,13680
Litokam (US1) ,466200,670,127596,532,109962,138,17634,360,94320,360,94320,0,0,310,33276,172,15642,138,17634
Litokam (US1) ,468000,646,119205,518,108002,128,11203,360,94320,360,94320,0,0,286,24885,158,13682,128,11203
Litokam (US1) ,469800,674,127780,534,110078,140,17702,360,94320,360,94320,0,0,314,33460,174,15758,140,17702
Litokam (US1) ,471600,670,127341,531,109769,139,17572,359,94058,359,94058,0,0,311,33283,172,15711,139,17572
Litokam (US1) ,473400,648,121806,520,108060,128,13746,360,94320,360,94320,0,0,288,27486,160,13740,128,13746
Litokam (US1) ,475200,670,125127,531,109970,139,15157,360,94320,360,94320,0,0,310,30807,171,15650,139,15157
Litokam (US1) ,477000,648,121806,520,108060,128,13746,360,94320,360,94320,0,0,288,27486,160,13740,128,13746
Litokam (US1) ,478800,650,121891,520,108013,130,13878,359,94058,359,94058,0,0,291,27833,161,13955,130,13878
Litokam (US1) ,480600,648,121806,520,108060,128,13746,360,94320,360,94320,0,0,288,27486,160,13740,128,13746
Litokam (US1) ,482400,653,122285,522,108341,131,13944,360,94320,360,94320,0,0,293,27965,162,14021,131,13944
Litokam (US1) ,484200,670,127262,531,109631,139,17631,359,94058,359,94058,0,0,311,33204,172,15573,139,17631
Litokam (US1) ,486000,651,122153,521,108275,130,13878,360,94320,360,94320,0,0,291,27833,161,13955,130,13878
Litokam (US1) ,487800,650,121938,521,108126,129,13812,360,94320,360,94320,0,0,290,27618,161,13806,129,13812
Litokam (US1) ,489600,651,122153,521,108275,130,13878,360,94320,360,94320,0,0,291,27833,161,13955,130,13878
Litokam (US1) ,491400,649,121676,520,107864,129,13812,359,94058,359,94058,0,0,290,27618,161,13806,129,13812
Litokam (US1) ,493200,701,133921,548,112197,153,21724,360,94320,360,94320,0,0,341,39601,188,17877,153,21724
Litokam (US1) ,495000,650,121938,521,108126,129,13812,360,94320,360,94320,0,0,290,27618,161,13806,129,13812
Litokam (US1) ,496800,652,122023,521,108079,131,13944,359,94058,359,94058,0,0,293,27965,162,14021,131,13944
Litokam (US1) ,498600,644,121542,518,107928,126,13614,360,94320,360,94320,0,0,284,27222,158,13608,126,13614
Litokam (US1) ,500400,645,121757,518,108077,127,13680,360,94320,360,94320,0,0,285,27437,158,13757,127,13680
Litokam (US1) ,502200,654,123726,523,109097,131,14629,359,94058,359,94058,0,0,295,29668,164,15039,131,14629
Litokam (US1) ,504000,645,121757,518,108077,127,13680,360,94320,360,94320,0,0,285,27437,158,13757,127,13680
Litokam (US1) ,505800,650,121938,521,108126,129,13812,360,94320,360,94320,0,0,290,27618,161,13806,129,13812
Litokam (US1) ,507600,650,121891,520,108013,130,13878,359,94058,359,94058,0,0,291,27833,161,13955,130,13878
Litokam (US1) ,509400,638,121146,515,107730,123,13416,360,94320,360,94320,0,0,278,26826,155,13410,123,13416
Litokam (US1) ,511200,677,128207,535,110309,142,17898,360,94320,360,94320,0,0,317,33887,175,15989,142,17898
Litokam (US1) ,513000,643,121280,517,107666,126,13614,359,94058,359,94058,0,0,284,27222,158,13608,126,13614
Litokam (US1) ,514800,696,133527,545,111951,151,21576,360,94320,360,94320,0,0,336,39207,185,17631,151,21576
Litokam (US1) ,516600,644,121542,518,107928,126,13614,360,94320,360,94320,0,0,284,27222,158,13608,126,13614
Litokam (US1) ,518400,652,122023,521,108079,131,13944,359,94058,359,94058,0,0,293,27965,162,14021,131,13944
Litokam (US1) ,520200,674,127860,534,110094,140,17766,360,94320,360,94320,0,0,314,33540,174,15774,140,17766
Litokam (US1) ,522000,645,121757,518,108077,127,13680,360,94320,360,94320,0,0,285,27437,158,13757,127,13680
Litokam (US1) ,523800,644,121542,517,107862,127,13680,360,94320,360,94320,0,0,284,27222,157,13542,127,13680
Litokam (US1) ,525600,648,121759,519,107947,129,13812,359,94058,359,94058,0,0,289,27701,160,13889,129,13812
Litokam (US1) ,527400,645,121470,518,107859,127,13611,360,94320,360,94320,0,0,285,27150,158,13539,127,13611
Litokam (US1) ,529200,670,125127,531,109970,139,15157,360,94320,360,94320,0,0,310,30807,171,15650,139,15157
Litokam (US1) ,531000,649,121676,520,107864,129,13812,359,94058,359,94058,0,0,290,27618,161,13806,129,13812
Litokam (US1) ,532800,647,121889,519,108143,128,13746,360,94320,360,94320,0,0,287,27569,159,13823,128,13746
Litokam (US1) ,534600,650,121938,521,108126,129,13812,360,94320,360,94320,0,0,290,27618,161,13806,129,13812
Litokam (US1) ,536400,676,127737,534,109967,142,17770,359,94058,359,94058,0,0,317,33679,175,15909,142,17770
Litokam (US1) ,538200,696,133570,546,111980,150,21590,360,94320,360,94320,0,0,336,39250,186,17660,150,21590
Litokam (US1) ,540000,653,122285,522,108341,131,13944,360,94320,360,94320,0,0,293,27965,162,14021,131,13944
Litokam (US1) ,541800,649,121676,520,107864,129,13812,359,94058,359,94058,0,0,290,27618,161,13806,129,13812
Litokam (US1) ,543600,653,122285,522,108341,131,13944,360,94320,360,94320,0,0,293,27965,162,14021,131,13944
Litokam (US1) ,545400,650,121938,521,108126,129,13812,360,94320,360,94320,0,0,290,27618,161,13806,129,13812
Litokam (US1) ,547200,676,127945,534,110047,142,17898,359,94058,359,94058,0,0,317,33887,175,15989,142,17898
Litokam (US1) ,549000,648,121806,520,108060,128,13746,360,94320,360,94320,0,0,288,27486,160,13740,128,13746
Litokam (US1) ,550800,653,122285,522,108341,131,13944,360,94320,360,94320,0,0,293,27965,162,14021,131,13944
Litokam (US1) ,552600,649,121676,520,107864,129,13812,359,94058,359,94058,0,0,290,27618,161,13806,129,13812
Litokam (US1) ,554400,653,122285,522,108341,131,13944,360,94320,360,94320,0,0,293,27965,162,14021,131,13944
Litokam (US1) ,556200,674,127860,534,110094,140,17766,360,94320,360,94320,0,0,314,33540,174,15774,140,17766
Litokam (US1) ,558000,677,127999,535,110229,142,17770,360,94320,360,94320,0,0,317,33679,175,15909,142,17770
Litokam (US1) ,559800,642,118596,516,107525,126,11071,359,94058,359,94058,0,0,283,24538,157,13467,126,11071
Litokam (US1) ,561600,651,122153,521,108275,130,13878,360,94320,360,94320,0,0,291,27833,161,13955,130,13878
Litokam (US1) ,563400,650,121938,521,108126,129,13812,360,94320,360,94320,0,0,290,27618,161,13806,129,13812
Litokam (US1) ,565200,652,122023,521,108079,131,13944,359,94058,359,94058,0,0,293,27965,162,14021,131,13944
Litokam (US1) ,567000,667,124780,530,109755,137,15025,360,94320,360,94320,0,0,307,30460,170,15435,137,15025
Litokam (US1) ,568800,653,122285,522,108341,131,13944,360,94320,360,94320,0,0,293,27965,162,14021,131,13944
Litokam (US1) ,570600,647,121602,519,107925,128,13677,360,94320,360,94320,0,0,287,27282,159,13605,128,13677
Litokam (US1) ,572400,652,122023,521,108079,131,13944,359,94058,359,94058,0,0,293,27965,162,14021,131,13944
Litokam (US1) ,574200,648,121806,520,108060,128,13746,360,94320,360,94320,0,0,288,27486,160,13740,128,13746
Litokam (US1) ,576000,677,128207,535,110309,142,17898,360,94320,360,94320,0,0,317,33887,175,15989,142,17898
Litokam (US1) ,577800,647,121544,518,107732,129,13812,359,94058,359,94058,0,0,288,27486,159,13674,129,13812
Litokam (US1) ,579600,663,121839,527,109551,136,12288,360,94320,360,94320,0,0,303,27519,167,15231,136,12288
Litokam (US1) ,581400,650,121938,521,108126,129,13812,360,94320,360,94320,0,0,290,27618,161,13806,129,13812
Litokam (US1) ,583200,651,122153,520,108209,131,13944,360,94320,360,94320,0,0,291,27833,160,13889,131,13944
Litokam (US1) ,585000,695,133308,545,111718,150,21590,359,94058,359,94058,0,0,336,39250,186,17660,150,21590
Litokam (US1) ,586800,653,122285,522,108341,131,13944,360,94320,360,94320,0,0,293,27965,162,14021,131,13944
Litokam (US1) ,588600,650,121938,521,108126,129,13812,360,94320,360,94320,0,0,290,27618,161,13806,129,13812
Litokam (US1) ,590400,652,122023,521,108079,131,13944,359,94058,359,94058,0,0,293,27965,162,14021,131,13944
Litokam (US1) ,592200,650,121938,521,108126,129,13812,360,94320,360,94320,0,0,290,27618,161,13806,129,13812
Litokam (US1) ,594000,677,128207,535,110309,142,17898,360,94320,360,94320,0,0,317,33887,175,15989,142,17898
Litokam (US1) ,595800,647,121544,519,107798,128,13746,359,94058,359,94058,0,0,288,27486,160,13740,128,13746
Litokam (US1) ,597600,653,122285,522,108341,131,13944,360,94320,360,94320,0,0,293,27965,162,14021,131,13944
Litokam (US1) ,599400,650,121938,521,108126,129,13812,360,94320,360,94320,0,0,290,27618,161,13806,129,13812
Litokam (US1) ,601200,700,133595,547,111887,153,21708,359,94058,359,94058,0,0,341,39537,188,17829,153,21708
Litokam (US1) ,603000,674,127860,534,110094,140,17766,360,94320,360,94320,0,0,314,33540,174,15774,140,17766
