Device,StartTime,Frames,Bytes,TxFrames,TxBytes,RxFrames,RxBytes,LanFrames,LanBytes,LanTxFrames,LanTxBytes,LanRxFrames,LanRxBytes,WanFrames,WanBytes,WanTxFrames,WanTxBytes,WanRxFrames,WanRxBytes
GoogleNestMini(US1-2) ,0,1058,187178,680,136016,378,51162,236,47492,236,47492,0,0,822,139686,444,88524,378,51162
GoogleNestMini(US1-2) ,1800,1024,166671,652,115241,372,51430,220,44740,220,44740,0,0,804,121931,432,70501,372,51430
GoogleNestMini(US1-2) ,3600,1125,202777,720,143323,405,59454,243,48100,243,48100,0,0,882,154677,477,95223,405,59454
GoogleNestMini(US1-2) ,5400,993,147246,646,107718,347,39528,246,48942,246,48942,0,0,747,98304,400,58776,347,39528
GoogleNestMini(US1-2) ,7200,1088,188414,688,135470,400,52944,225,45274,225,45274,0,0,863,143140,463,90196,400,52944
GoogleNestMini(US1-2) ,9000,1017,158396,653,113890,364,44506,234,46924,234,46924,0,0,783,111472,419,66966,364,44506
GoogleNestMini(US1-2) ,10800,1203,224274,759,152871,444,71403,226,45580,226,45580,0,0,977,178694,533,107291,444,71403
GoogleNestMini(US1-2) ,12600,1061,176973,680,122686,381,54287,237,47312,237,47312,0,0,824,129661,443,75374,381,54287
GoogleNestMini(US1-2) ,14400,1083,184906,688,132383,395,52523,227,45590,227,45590,0,0,856,139316,461,86793,395,52523
GoogleNestMini(US1-2) ,16200,1116,193980,710,129575,406,64405,239,47964,239,47964,0,0,877,146016,471,81611,406,64405
GoogleNestMini(US1-2) ,18000,1041,179195,658,125272,383,53923,209,42418,209,42418,0,0,832,136777,449,82854,383,53923
GoogleNestMini(US1-2) ,19800,1503,714533,750,129836,753,584697,254,49760,254,49760,0,0,1249,664773,496,80076,753,584697
GoogleNestMini(US1-2) ,21600,1027,168599,649,120655,378,47944,214,43206,214,43206,0,0,813,125393,435,77449,378,47944
GoogleNestMini(US1-2) ,23400,1063,174877,686,126277,377,48600,249,49538,249,49538,0,0,814,125339,437,76739,377,48600
GoogleNestMini(US1-2) ,25200,1125,203817,711,139189,414,64628,222,44906,222,44906,0,0,903,158911,489,94283,414,64628
GoogleNestMini(US1-2) ,27000,1087,180962,710,132328,377,48634,271,52878,271,52878,0,0,816,128084,439,79450,377,48634
GoogleNestMini(US1-2) ,28800,1050,180494,662,123426,388,57068,211,43108,211,43108,0,0,839,137386,451,80318,388,57068
GoogleNestMini(US1-2) ,30600,1058,170186,680,118627,378,51559,243,47860,243,47860,0,0,815,122326,437,70767,378,51559
GoogleNestMini(US1-2) ,32400,1082,184833,684,128915,398,55918,224,45402,224,45402,0,0,858,139431,460,83513,398,55918
GoogleNestMini(US1-2) ,34200,1042,173392,664,124683,378,48709,222,44886,222,44886,0,0,820,128506,442,79797,378,48709
GoogleNestMini(US1-2) ,36000,1031,170031,651,121795,380,48236,212,43506,212,43506,0,0,819,126525,439,78289,380,48236
GoogleNestMini(US1-2) ,37800,1062,177751,686,129154,376,48597,246,48962,246,48962,0,0,816,128789,440,80192,376,48597
GoogleNestMini(US1-2) ,39600,3238,2240626,1719,384398,1519,1856228,320,63604,320,63604,0,0,2918,2177022,1399,320794,1519,1856228
GoogleNestMini(US1-2) ,41400,1090,195183,718,137267,372,57916,281,50182,281,50182,0,0,809,145001,437,87085,372,57916
GoogleNestMini(US1-2) ,43200,1122,195772,732,142551,390,53221,276,49610,276,49610,0,0,846,146162,456,92941,390,53221
GoogleNestMini(US1-2) ,45000,995,148215,679,111431,316,36784,312,54834,312,54834,0,0,683,93381,367,56597,316,36784
GoogleNestMini(US1-2) ,46800,1107,199452,729,142359,378,57093,279,49756,279,49756,0,0,828,149696,450,92603,378,57093
GoogleNestMini(US1-2) ,48600,1103,181150,721,130395,382,50755,275,49076,275,49076,0,0,828,132074,446,81319,382,50755
GoogleNestMini(US1-2) ,50400,1199,218948,793,149797,406,69151,293,51798,293,51798,0,0,906,167150,500,97999,406,69151
GoogleNestMini(US1-2) ,52200,1204,217239,813,148680,391,68559,319,56020,319,56020,0,0,885,161219,494,92660,391,68559
GoogleNestMini(US1-2) ,54000,1222,218338,799,151916,423,66422,281,49760,281,49760,0,0,941,168578,518,102156,423,66422
GoogleNestMini(US1-2) ,55800,1134,192218,756,134288,378,57930,286,50840,286,50840,0,0,848,141378,470,83448,378,57930
GoogleNestMini(US1-2) ,57600,1084,190357,721,140429,363,49928,295,52490,295,52490,0,0,789,137867,426,87939,363,49928
GoogleNestMini(US1-2) ,59400,1514,715637,774,131086,740,584551,288,50674,288,50674,0,0,1226,664963,486,80412,740,584551
GoogleNestMini(US1-2) ,61200,1105,206654,724,141847,381,64807,265,47080,265,47080,0,0,840,159574,459,94767,381,64807
GoogleNestMini(US1-2) ,63000,1018,159572,686,117822,332,41750,295,52470,295,52470,0,0,723,107102,391,65352,332,41750
GoogleNestMini(US1-2) ,64800,1091,191453,731,142105,360,49348,309,54654,309,54654,0,0,782,136799,422,87451,360,49348
GoogleNestMini(US1-2) ,66600,1014,157297,686,113055,328,44242,300,53530,300,53530,0,0,714,103767,386,59525,328,44242
GoogleNestMini(US1-2) ,68400,1164,220744,758,153721,406,67023,275,48868,275,48868,0,0,889,171876,483,104853,406,67023
GoogleNestMini(US1-2) ,70200,1019,159237,688,117556,331,41681,295,52626,295,52626,0,0,724,106611,393,64930,331,41681
GoogleNestMini(US1-2) ,72000,1114,201383,737,142180,377,59203,293,51850,293,51850,0,0,821,149533,444,90330,377,59203
GoogleNestMini(US1-2) ,73800,1035,162951,703,121191,332,41760,312,55828,312,55828,0,0,723,107123,391,65363,332,41760
GoogleNestMini(US1-2) ,75600,1124,201629,741,144160,383,57469,290,51022,290,51022,0,0,834,150607,451,93138,383,57469
GoogleNestMini(US1-2) ,77400,1061,177019,711,123930,350,53089,298,52786,298,52786,0,0,763,124233,413,71144,350,53089
GoogleNestMini(US1-2) ,79200,1053,184037,695,134793,358,49244,272,48318,272,48318,0,0,781,135719,423,86475,358,49244
GoogleNestMini(US1-2) ,81000,1507,713445,775,125858,732,587587,287,50380,287,50380,0,0,1220,663065,488,75478,732,587587
GoogleNestMini(US1-2) ,82800,1984,902567,1069,227350,915,675217,340,63944,340,63944,0,0,1644,838623,729,163406,915,675217
GoogleNestMini(US1-2) ,84600,1274,233240,848,153822,426,79418,302,53754,302,53754,0,0,972,179486,546,100068,426,79418
GoogleNestMini(US1-2) ,86400,1260,227412,837,164924,423,62488,291,51808,291,51808,0,0,969,175604,546,113116,423,62488
GoogleNestMini(US1-2) ,88200,1237,216754,832,152619,405,64135,307,54632,307,54632,0,0,930,162122,525,97987,405,64135
GoogleNestMini(US1-2) ,90000,1258,230292,837,165305,421,64987,287,51062,287,51062,0,0,971,179230,550,114243,421,64987
GoogleNestMini(US1-2) ,91800,1201,201865,805,146826,396,55039,294,52092,294,52092,0,0,907,149773,511,94734,396,55039
GoogleNestMini(US1-2) ,93600,1278,229664,852,166812,426,62852,302,52702,302,52702,0,0,976,176962,550,114110,426,62852
GoogleNestMini(US1-2) ,95400,1215,213739,808,151498,407,62241,280,49310,280,49310,0,0,935,164429,528,102188,407,62241
GoogleNestMini(US1-2) ,97200,1306,246592,860,171488,446,75104,278,49444,278,49444,0,0,1028,197148,582,122044,446,75104
GoogleNestMini(US1-2) ,99000,1252,221905,843,162813,409,59092,311,54560,311,54560,0,0,941,167345,532,108253,409,59092
GoogleNestMini(US1-2) ,100800,1190,202291,806,149733,384,52558,308,54328,308,54328,0,0,882,147963,498,95405,384,52558
GoogleNestMini(US1-2) ,102600,1235,218270,815,158089,420,60181,275,49076,275,49076,0,0,960,169194,540,109013,420,60181
GoogleNestMini(US1-2) ,104400,1288,240006,867,167141,421,72865,315,55274,315,55274,0,0,973,184732,552,111867,421,72865
GoogleNestMini(US1-2) ,106200,1701,771178,896,170487,805,600691,280,49434,280,49434,0,0,1421,721744,616,121053,805,600691
GoogleNestMini(US1-2) ,108000,1223,213694,816,155570,407,58124,289,51136,289,51136,0,0,934,162558,527,104434,407,58124
GoogleNestMini(US1-2) ,109800,1281,233314,861,166976,420,66338,314,55610,314,55610,0,0,967,177704,547,111366,420,66338
GoogleNestMini(US1-2) ,111600,1290,235997,860,165806,430,70191,301,52908,301,52908,0,0,989,183089,559,112898,430,70191
GoogleNestMini(US1-2) ,113400,1218,213353,816,154946,402,58407,292,51492,292,51492,0,0,926,161861,524,103454,402,58407
GoogleNestMini(US1-2) ,115200,1239,217107,825,158269,414,58838,292,52154,292,52154,0,0,947,164953,533,106115,414,58838
GoogleNestMini(US1-2) ,117000,1239,226361,825,159385,414,66976,284,50674,284,50674,0,0,955,175687,541,108711,414,66976
GoogleNestMini(US1-2) ,118800,1258,227594,831,161543,427,66051,280,50116,280,50116,0,0,978,177478,551,111427,427,66051
GoogleNestMini(US1-2) ,120600,1294,248836,855,167613,439,81223,287,51146,287,51146,0,0,1007,197690,568,116467,439,81223
GoogleNestMini(US1-2) ,122400,1213,213570,811,155988,402,57582,290,51430,290,51430,0,0,923,162140,521,104558,402,57582
GoogleNestMini(US1-2) ,124200,1248,219592,839,157545,409,62047,310,54896,310,54896,0,0,938,164696,529,102649,409,62047
GoogleNestMini(US1-2) ,126000,2093,908917,1141,237161,952,671756,324,61244,324,61244,0,0,1769,847673,817,175917,952,671756
GoogleNestMini(US1-2) ,127800,1373,238041,928,175593,445,62448,308,54614,308,54614,0,0,1065,183427,620,120979,445,62448
GoogleNestMini(US1-2) ,129600,3559,2319416,1942,434248,1617,1885168,359,67338,359,67338,0,0,3200,2252078,1583,366910,1617,1885168
GoogleNestMini(US1-2) ,131400,1065,175666,719,130344,346,45322,313,55582,313,55582,0,0,752,120084,406,74762,346,45322
GoogleNestMini(US1-2) ,133200,1087,190642,730,141469,357,49173,308,55224,308,55224,0,0,779,135418,422,86245,357,49173
GoogleNestMini(US1-2) ,135000,956,140580,633,103021,323,37559,259,45986,259,45986,0,0,697,94594,374,57035,323,37559
GoogleNestMini(US1-2) ,136800,1123,203739,748,146889,375,56850,300,53952,300,53952,0,0,823,149787,448,92937,375,56850
GoogleNestMini(US1-2) ,138600,995,155439,659,113291,336,42148,268,47656,268,47656,0,0,727,107783,391,65635,336,42148
GoogleNestMini(US1-2) ,140400,1085,189401,722,139727,363,49674,296,53186,296,53186,0,0,789,136215,426,86541,363,49674
GoogleNestMini(US1-2) ,142200,1005,156722,672,114889,333,41833,282,49768,282,49768,0,0,723,106954,390,65121,333,41833
GoogleNestMini(US1-2) ,144000,1188,224828,789,159347,399,65481,311,55696,311,55696,0,0,877,169132,478,103651,399,65481
GoogleNestMini(US1-2) ,145800,1024,167026,675,115388,349,51638,267,47258,267,47258,0,0,757,119768,408,68130,349,51638
GoogleNestMini(US1-2) ,147600,1573,744989,812,153415,761,591574,294,51916,294,51916,0,0,1279,693073,518,101499,761,591574
GoogleNestMini(US1-2) ,149400,1005,156490,671,114521,334,41969,280,48856,280,48856,0,0,725,107634,391,65665,334,41969
GoogleNestMini(US1-2) ,151200,1087,198250,719,142162,368,56088,281,50150,281,50150,0,0,806,148100,438,92012,368,56088
GoogleNestMini(US1-2) ,153000,967,142938,655,106461,312,36477,291,50808,291,50808,0,0,676,92130,364,55653,312,36477
GoogleNestMini(US1-2) ,154800,1140,203526,760,145890,380,57636,311,55104,311,55104,0,0,829,148422,449,90786,380,57636
GoogleNestMini(US1-2) ,156600,1018,159353,687,117608,331,41745,301,52856,301,52856,0,0,717,106497,386,64752,331,41745
GoogleNestMini(US1-2) ,158400,1217,224476,817,158038,400,66438,337,58300,337,58300,0,0,880,166176,480,99738,400,66438
GoogleNestMini(US1-2) ,160200,1020,161812,680,119231,340,42581,283,50030,283,50030,0,0,737,111782,397,69201,340,42581
GoogleNestMini(US1-2) ,162000,1077,185325,724,131664,353,53661,309,54770,309,54770,0,0,768,130555,415,76894,353,53661
GoogleNestMini(US1-2) ,163800,1005,160356,672,118469,333,41887,282,49736,282,49736,0,0,723,110620,390,68733,333,41887
GoogleNestMini(US1-2) ,165600,1142,205611,754,140671,388,64940,300,53952,300,53952,0,0,842,151659,454,86719,388,64940
GoogleNestMini(US1-2) ,167400,1067,176846,714,130092,353,46754,300,51796,300,51796,0,0,767,125050,414,78296,353,46754
GoogleNestMini(US1-2) ,169200,1074,182904,711,129814,363,53090,288,51744,288,51744,0,0,786,131160,423,78070,363,53090
GoogleNestMini(US1-2) ,171000,1038,173844,695,128105,343,45739,290,51112,290,51112,0,0,748,122732,405,76993,343,45739
GoogleNestMini(US1-2) ,172800,2538,1458193,1227,242028,1311,1216165,351,65636,351,65636,0,0,2187,1392557,876,176392,1311,1216165
GoogleNestMini(US1-2) ,174600,1158,182022,786,136062,372,45960,303,53606,303,53606,0,0,855,128416,483,82456,372,45960
GoogleNestMini(US1-2) ,176400,1259,228201,834,167164,425,61037,287,51094,287,51094,0,0,972,177107,547,116070,425,61037
GoogleNestMini(US1-2) ,178200,1254,218243,847,153964,407,64279,316,56178,316,56178,0,0,938,162065,531,97786,407,64279
GoogleNestMini(US1-2) ,180000,1272,241118,839,171639,433,69479,272,48844,272,48844,0,0,1000,192274,567,122795,433,69479
GoogleNestMini(US1-2) ,181800,1184,200008,787,144845,397,55163,275,49076,275,49076,0,0,909,150932,512,95769,397,55163
GoogleNestMini(US1-2) ,183600,1257,228684,840,163684,417,65000,300,52302,300,52302,0,0,957,176382,540,111382,417,65000
GoogleNestMini(US1-2) ,185400,1127,188671,757,138528,370,50143,288,51440,288,51440,0,0,839,137231,469,87088,370,50143
GoogleNestMini(US1-2) ,187200,1229,234867,802,162435,427,72432,266,47354,266,47354,0,0,963,187513,536,115081,427,72432
GoogleNestMini(US1-2) ,189000,1113,181443,744,132487,369,48956,290,51534,290,51534,0,0,823,129909,454,80953,369,48956
GoogleNestMini(US1-2) ,190800,1161,208200,766,151881,395,56319,278,49088,278,49088,0,0,883,159112,488,102793,395,56319
GoogleNestMini(US1-2) ,192600,1555,730770,807,142632,748,588138,286,50716,286,50716,0,0,1269,680054,521,91916,748,588138
GoogleNestMini(US1-2) ,194400,1202,229953,783,157088,419,72865,260,46598,260,46598,0,0,942,183355,523,110490,419,72865
GoogleNestMini(US1-2) ,196200,1049,163303,702,119903,347,43400,272,48688,272,48688,0,0,777,114615,430,71215,347,43400
GoogleNestMini(US1-2) ,198000,1197,219061,783,154674,414,64387,272,48636,272,48636,0,0,925,170425,511,106038,414,64387
GoogleNestMini(US1-2) ,199800,1136,185747,773,137439,363,48308,322,57226,322,57226,0,0,814,128521,451,80213,363,48308
GoogleNestMini(US1-2) ,201600,1256,238188,828,165664,428,72524,287,51166,287,51166,0,0,969,187022,541,114498,428,72524
GoogleNestMini(US1-2) ,203400,1073,178119,720,131627,353,46492,280,50012,280,50012,0,0,793,128107,440,81615,353,46492
GoogleNestMini(US1-2) ,205200,1162,205789,768,149470,394,56319,283,50556,283,50556,0,0,879,155233,485,98914,394,56319
GoogleNestMini(US1-2) ,207000,1049,167942,708,125174,341,42768,284,50830,284,50830,0,0,765,117112,424,74344,341,42768
GoogleNestMini(US1-2) ,208800,1200,210586,807,151322,393,59264,320,55860,320,55860,0,0,880,154726,487,95462,393,59264
GoogleNestMini(US1-2) ,210600,1180,210448,781,147581,399,62867,284,50778,284,50778,0,0,896,159670,497,96803,399,62867
GoogleNestMini(US1-2) ,212400,3351,2267771,1812,397642,1539,1870129,340,64700,340,64700,0,0,3011,2203071,1472,332942,1539,1870129
GoogleNestMini(US1-2) ,214200,1062,170562,690,122994,372,47568,258,45926,258,45926,0,0,804,124636,432,77068,372,47568
GoogleNestMini(US1-2) ,216000,1130,191659,736,139270,394,52389,280,50130,280,50130,0,0,850,141529,456,89140,394,52389
GoogleNestMini(US1-2) ,217800,1061,162231,697,117681,364,44550,276,49440,276,49440,0,0,785,112791,421,68241,364,44550
GoogleNestMini(US1-2) ,219600,1186,207615,777,147819,409,59796,295,52574,295,52574,0,0,891,155041,482,95245,409,59796
GoogleNestMini(US1-2) ,221400,1089,166051,726,121566,363,44485,305,53310,305,53310,0,0,784,112741,421,68256,363,44485
GoogleNestMini(US1-2) ,223200,1075,175895,706,129355,369,46540,278,49192,278,49192,0,0,797,126703,428,80163,369,46540
GoogleNestMini(US1-2) ,225000,1074,163168,711,118712,363,44456,290,50884,290,50884,0,0,784,112284,421,67828,363,44456
GoogleNestMini(US1-2) ,226800,1218,224863,791,157058,427,67805,290,51444,290,51444,0,0,928,173419,501,105614,427,67805
GoogleNestMini(US1-2) ,228600,1086,173259,710,119385,376,53874,272,48674,272,48674,0,0,814,124585,438,70711,376,53874
GoogleNestMini(US1-2) ,230400,1607,747374,826,155055,781,592319,292,52376,292,52376,0,0,1315,694998,534,102679,781,592319
GoogleNestMini(US1-2) ,232200,1031,156961,682,114708,349,42253,276,49492,276,49492,0,0,755,107469,406,65216,349,42253
GoogleNestMini(US1-2) ,234000,1177,206872,773,147608,404,59264,299,52450,299,52450,0,0,878,154422,474,95158,404,59264
GoogleNestMini(US1-2) ,235800,1100,174759,725,122875,375,51884,288,51492,288,51492,0,0,812,123267,437,71383,375,51884
GoogleNestMini(US1-2) ,237600,1090,174983,720,128200,370,46783,290,51436,290,51436,0,0,800,123547,430,76764,370,46783
GoogleNestMini(US1-2) ,239400,1054,161167,694,116941,360,44226,276,49402,276,49402,0,0,778,111765,418,67539,360,44226
GoogleNestMini(US1-2) ,241200,1220,225483,795,157795,425,67688,294,52176,294,52176,0,0,926,173307,501,105619,425,67688
GoogleNestMini(US1-2) ,243000,1085,165447,723,121066,362,44381,304,53458,304,53458,0,0,781,111989,419,67608,362,44381
GoogleNestMini(US1-2) ,244800,1181,206632,778,145273,403,61359,306,53590,306,53590,0,0,875,153042,472,91683,403,61359
GoogleNestMini(US1-2) ,246600,1082,165608,715,120695,367,44913,292,52258,292,52258,0,0,790,113350,423,68437,367,44913
GoogleNestMini(US1-2) ,248400,1172,204330,763,144467,409,59863,283,49414,283,49414,0,0,889,154916,480,95053,409,59863
GoogleNestMini(US1-2) ,250200,1097,173991,725,122562,372,51429,296,52920,296,52920,0,0,801,121071,429,69642,372,51429
GoogleNestMini(US1-2) ,252000,1110,189414,718,137017,392,52397,263,46914,263,46914,0,0,847,142500,455,90103,392,52397
GoogleNestMini(US1-2) ,253800,1533,706881,784,125003,749,581878,296,52252,296,52252,0,0,1237,654629,488,72751,749,581878
GoogleNestMini(US1-2) ,255600,2092,920112,1136,238047,956,682065,345,64640,345,64640,0,0,1747,855472,791,173407,956,682065
GoogleNestMini(US1-2) ,257400,1304,223650,876,153939,428,69711,329,56860,329,56860,0,0,975,166790,547,97079,428,69711
GoogleNestMini(US1-2) ,259200,1257,229967,836,168013,421,61954,290,51178,290,51178,0,0,967,178789,546,116835,421,61954
GoogleNestMini(US1-2) ,261000,1221,214073,818,150209,403,63864,292,52258,292,52258,0,0,929,161815,526,97951,403,63864
GoogleNestMini(US1-2) ,262800,1310,245801,867,175366,443,70435,293,51448,293,51448,0,0,1017,194353,574,123918,443,70435
GoogleNestMini(US1-2) ,264600,1225,213306,824,151730,401,61576,300,53582,300,53582,0,0,925,159724,524,98148,401,61576
GoogleNestMini(US1-2) ,266400,1246,229299,828,167236,418,62063,286,50380,286,50380,0,0,960,178919,542,116856,418,62063
GoogleNestMini(US1-2) ,268200,1144,185751,767,135956,377,49795,276,49402,276,49402,0,0,868,136349,491,86554,377,49795
GoogleNestMini(US1-2) ,270000,1334,261293,876,182962,458,78331,282,50092,282,50092,0,0,1052,211201,594,132870,458,78331
GoogleNestMini(US1-2) ,271800,1212,204542,814,149325,398,55217,300,53374,300,53374,0,0,912,151168,514,95951,398,55217
GoogleNestMini(US1-2) ,273600,1255,227736,834,165401,421,62335,292,52154,292,52154,0,0,963,175582,542,113247,421,62335
GoogleNestMini(US1-2) ,275400,1174,199443,788,145430,386,54013,284,50882,284,50882,0,0,890,148561,504,94548,386,54013
GoogleNestMini(US1-2) ,277200,1833,814603,985,193448,848,621155,308,53900,308,53900,0,0,1525,760703,677,139548,848,621155
GoogleNestMini(US1-2) ,279000,1176,196563,785,139214,391,57349,277,49150,277,49150,0,0,899,147413,508,90064,391,57349
GoogleNestMini(US1-2) ,280800,1267,231547,841,168603,426,62944,290,51482,290,51482,0,0,977,180065,551,117121,426,62944
GoogleNestMini(US1-2) ,282600,1224,207073,830,152277,394,54796,319,56598,319,56598,0,0,905,150475,511,95679,394,54796
GoogleNestMini(US1-2) ,284400,1348,264752,889,185624,459,79128,288,51440,288,51440,0,0,1060,213312,601,134184,459,79128
GoogleNestMini(US1-2) ,286200,1183,199563,793,145109,390,54454,284,50674,284,50674,0,0,899,148889,509,94435,390,54454
GoogleNestMini(US1-2) ,288000,1290,246816,851,173205,439,73611,279,49790,279,49790,0,0,1011,197026,572,123415,439,73611
GoogleNestMini(US1-2) ,289800,1184,191476,802,141141,382,50335,309,54160,309,54160,0,0,875,137316,493,86981,382,50335
GoogleNestMini(US1-2) ,291600,1314,246427,879,176775,435,69652,308,53594,308,53594,0,0,1006,192833,571,123181,435,69652
GoogleNestMini(US1-2) ,293400,1237,222315,818,150689,419,71626,276,49558,276,49558,0,0,961,172757,542,101131,419,71626
GoogleNestMini(US1-2) ,295200,3458,2306006,1894,431584,1564,1874422,382,72114,382,72114,0,0,3076,2233892,1512,359470,1564,1874422
GoogleNestMini(US1-2) ,297000,1076,183879,711,128787,365,55092,283,50750,283,50750,0,0,793,133129,428,78037,365,55092
GoogleNestMini(US1-2) ,298800,1078,185319,712,135176,366,50143,284,50934,284,50934,0,0,794,134385,428,84242,366,50143
GoogleNestMini(US1-2) ,300600,997,157601,673,116648,324,40953,292,52310,292,52310,0,0,705,105291,381,64338,324,40953
GoogleNestMini(US1-2) ,302400,1067,184730,705,132514,362,52216,276,49046,276,49046,0,0,791,135684,429,83468,362,52216
GoogleNestMini(US1-2) ,304200,1012,159022,678,117028,334,41994,288,51440,288,51440,0,0,724,107582,390,65588,334,41994
GoogleNestMini(US1-2) ,306000,1067,186364,709,137203,358,49161,284,50116,284,50116,0,0,783,136248,425,87087,358,49161
GoogleNestMini(US1-2) ,307800,981,153105,652,111646,329,41459,267,46986,267,46986,0,0,714,106119,385,64660,329,41459
GoogleNestMini(US1-2) ,309600,1206,223605,799,156490,407,67115,312,54918,312,54918,0,0,894,168687,487,101572,407,67115
GoogleNestMini(US1-2) ,311400,1046,171953,703,120948,343,51005,299,53152,299,53152,0,0,747,118801,404,67796,343,51005
GoogleNestMini(US1-2) ,313200,1085,191781,713,134974,372,56807,272,48384,272,48384,0,0,813,143397,441,86590,372,56807
GoogleNestMini(US1-2) ,315000,1504,717319,766,132958,738,584361,279,49036,279,49036,0,0,1225,668283,487,83922,738,584361
GoogleNestMini(US1-2) ,316800,1119,199830,748,143326,371,56504,308,54750,308,54750,0,0,811,145080,440,88576,371,56504
GoogleNestMini(US1-2) ,318600,1026,164027,692,122146,334,41881,301,53330,301,53330,0,0,725,110697,391,68816,334,41881
GoogleNestMini(US1-2) ,320400,1040,171076,701,126985,339,44091,304,53226,304,53226,0,0,736,117850,397,73759,339,44091
GoogleNestMini(US1-2) ,322200,1041,161312,707,119351,334,41961,318,55012,318,55012,0,0,723,106300,389,64339,334,41961
GoogleNestMini(US1-2) ,324000,1143,206086,755,143605,388,62481,293,51680,293,51680,0,0,850,154406,462,91925,388,62481
GoogleNestMini(US1-2) ,325800,1019,170641,678,125082,341,45559,272,48636,272,48636,0,0,747,122005,406,76446,341,45559
GoogleNestMini(US1-2) ,327600,1151,211361,748,136544,403,74817,274,48646,274,48646,0,0,877,162715,474,87898,403,74817
GoogleNestMini(US1-2) ,329400,1059,176902,712,130811,347,46091,302,52838,302,52838,0,0,757,124064,410,77973,347,46091
GoogleNestMini(US1-2) ,331200,1050,172089,702,124003,348,48086,292,52154,292,52154,0,0,758,119935,410,71849,348,48086
GoogleNestMini(US1-2) ,333000,1032,173029,688,127182,344,45847,279,49770,279,49770,0,0,753,123259,409,77412,344,45847
GoogleNestMini(US1-2) ,334800,1055,173247,701,127232,354,46015,290,51514,290,51514,0,0,765,121733,411,75718,354,46015
GoogleNestMini(US1-2) ,336600,1059,174414,720,129070,339,45344,319,55988,319,55988,0,0,740,118426,401,73082,339,45344
GoogleNestMini(US1-2) ,338400,2013,886680,1093,217790,920,668890,355,65740,355,65740,0,0,1658,820940,738,152050,920,668890
GoogleNestMini(US1-2) ,340200,1166,190977,791,142093,375,48884,299,52976,299,52976,0,0,867,138001,492,89117,375,48884
GoogleNestMini(US1-2) ,342000,1241,223951,830,161582,411,62369,295,52522,295,52522,0,0,946,171429,535,109060,411,62369
GoogleNestMini(US1-2) ,343800,1176,206636,786,144803,390,61833,274,48730,274,48730,0,0,902,157906,512,96073,390,61833
GoogleNestMini(US1-2) ,345600,1300,245364,859,175219,441,70145,288,51596,288,51596,0,0,1012,193768,571,123623,441,70145
GoogleNestMini(US1-2) ,347400,1216,204551,826,150129,390,54422,319,55286,319,55286,0,0,897,149265,507,94843,390,54422
GoogleNestMini(US1-2) ,349200,1242,228557,821,166282,421,62275,277,48794,277,48794,0,0,965,179763,544,117488,421,62275
GoogleNestMini(US1-2) ,351000,1150,186618,771,136543,379,50075,280,50168,280,50168,0,0,870,136450,491,86375,379,50075
GoogleNestMini(US1-2) ,352800,1375,268126,910,188360,465,79766,307,54632,307,54632,0,0,1068,213494,603,133728,465,79766
GoogleNestMini(US1-2) ,354600,1214,204555,817,149464,397,55091,304,53614,304,53614,0,0,910,150941,513,95850,397,55091
GoogleNestMini(US1-2) ,356400,1291,240592,854,170481,437,70111,289,50486,289,50486,0,0,1002,190106,565,119995,437,70111
GoogleNestMini(US1-2) ,358200,1200,201349,804,146356,396,54993,291,51568,291,51568,0,0,909,149781,513,94788,396,54993
GoogleNestMini(US1-2) ,360000,1825,813865,968,191832,857,622033,283,50504,283,50504,0,0,1542,763361,685,141328,857,622033
GoogleNestMini(US1-2) ,361800,1182,200992,800,147513,382,53479,303,53866,303,53866,0,0,879,147126,497,93647,382,53479
GoogleNestMini(US1-2) ,363600,1216,213461,815,156352,401,57109,294,52130,294,52130,0,0,922,161331,521,104222,401,57109
GoogleNestMini(US1-2) ,365400,1211,207460,816,152600,395,54860,302,53468,302,53468,0,0,909,153992,514,99132,395,54860
GoogleNestMini(US1-2) ,367200,1360,262497,897,182914,463,79583,295,51826,295,51826,0,0,1065,210671,602,131088,463,79583
GoogleNestMini(US1-2) ,369000,1219,209424,826,154739,393,54685,315,55904,315,55904,0,0,904,153520,511,98835,393,54685
GoogleNestMini(US1-2) ,370800,1278,236556,841,166441,437,70115,277,49098,277,49098,0,0,1001,187458,564,117343,437,70115
GoogleNestMini(US1-2) ,372600,1176,203490,791,149630,385,53860,288,51492,288,51492,0,0,888,151998,503,98138,385,53860
GoogleNestMini(US1-2) ,374400,1259,227509,839,162504,420,65005,293,51804,293,51804,0,0,966,175705,546,110700,420,65005
GoogleNestMini(US1-2) ,376200,1252,221035,841,156432,411,64603,308,54224,308,54224,0,0,944,166811,533,102208,411,64603
GoogleNestMini(US1-2) ,378000,1239,216398,822,157306,417,59092,290,51468,290,51468,0,0,949,164930,532,105838,417,59092
GoogleNestMini(US1-2) ,379800,1210,215016,819,158459,391,56557,307,53846,307,53846,0,0,903,161170,512,104613,391,56557
GoogleNestMini(US1-2) ,381600,2091,899467,1148,232133,943,667334,348,64658,348,64658,0,0,1743,834809,800,167475,943,667334
GoogleNestMini(US1-2) ,383400,1378,239536,929,175686,449,63850,302,53974,302,53974,0,0,1076,185562,627,121712,449,63850
GoogleNestMini(US1-2) ,385200,1416,264932,940,189280,476,75652,282,49898,282,49898,0,0,1134,215034,658,139382,476,75652
GoogleNestMini(US1-2) ,387000,1381,246175,925,178032,456,68143,292,52206,292,52206,0,0,1089,193969,633,125826,456,68143
GoogleNestMini(US1-2) ,388800,3716,2337844,2006,443090,1710,1894754,357,66975,357,66975,0,0,3359,2270869,1649,376115,1710,1894754
GoogleNestMini(US1-2) ,390600,1092,194766,718,136665,374,58101,279,49394,279,49394,0,0,813,145372,439,87271,374,58101
GoogleNestMini(US1-2) ,392400,1095,190287,732,140417,363,49870,302,53448,302,53448,0,0,793,136839,430,86969,363,49870
GoogleNestMini(US1-2) ,394200,956,142161,649,106205,307,35956,288,51388,288,51388,0,0,668,90773,361,54817,307,35956
GoogleNestMini(US1-2) ,396000,1124,202086,738,144257,386,57829,280,49946,280,49946,0,0,844,152140,458,94311,386,57829
GoogleNestMini(US1-2) ,397800,1009,158010,676,116166,333,41844,287,51114,287,51114,0,0,722,106896,389,65052,333,41844
GoogleNestMini(US1-2) ,399600,1056,181721,695,132162,361,49559,272,48844,272,48844,0,0,784,132877,423,83318,361,49559
GoogleNestMini(US1-2) ,401400,1605,770322,851,165576,754,604746,326,57102,326,57102,0,0,1279,713220,525,108474,754,604746
GoogleNestMini(US1-2) ,403200,1609,776680,847,157380,762,619300,303,52964,303,52964,0,0,1306,723716,544,104416,762,619300
GoogleNestMini(US1-2) ,405000,982,150503,647,104902,335,45601,280,50168,280,50168,0,0,702,100335,367,54734,335,45601
GoogleNestMini(US1-2) ,406800,1005,157870,662,117265,343,40605,290,51534,290,51534,0,0,715,106336,372,65731,343,40605
GoogleNestMini(US1-2) ,408600,998,144975,664,106789,334,38186,303,53814,303,53814,0,0,695,91161,361,52975,334,38186
GoogleNestMini(US1-2) ,410400,1090,186170,712,132844,378,53326,295,52456,295,52456,0,0,795,133714,417,80388,378,53326
GoogleNestMini(US1-2) ,412200,1054,158879,707,113244,347,45635,328,56988,328,56988,0,0,726,101891,379,56256,347,45635
GoogleNestMini(US1-2) ,414000,1059,169910,702,124577,357,45333,310,54266,310,54266,0,0,749,115644,392,70311,357,45333
GoogleNestMini(US1-2) ,415800,976,144496,641,106365,335,38131,279,49842,279,49842,0,0,697,94654,362,56523,335,38131
GoogleNestMini(US1-2) ,417600,1142,202030,743,139630,399,62400,292,51472,292,51472,0,0,850,150558,451,88158,399,62400
GoogleNestMini(US1-2) ,419400,942,130265,617,96372,325,33893,270,48120,270,48120,0,0,672,82145,347,48252,325,33893
GoogleNestMini(US1-2) ,421200,1083,182133,704,126413,379,55720,291,51710,291,51710,0,0,792,130423,413,74703,379,55720
GoogleNestMini(US1-2) ,423000,1028,151592,691,113222,337,38370,326,56284,326,56284,0,0,702,95308,365,56938,337,38370
GoogleNestMini(US1-2) ,424800,1053,168980,682,118480,371,50500,271,48380,271,48380,0,0,782,120600,411,70100,371,50500
GoogleNestMini(US1-2) ,426600,1599,738674,826,140129,773,598545,316,54846,316,54846,0,0,1283,683828,510,85283,773,598545
GoogleNestMini(US1-2) ,428400,1004,154653,660,113421,344,41232,288,51226,288,51226,0,0,716,103427,372,62195,344,41232
GoogleNestMini(US1-2) ,430200,1040,167150,676,111578,364,55572,283,50484,283,50484,0,0,757,116666,393,61094,364,55572
GoogleNestMini(US1-2) ,432000,1970,877571,1047,212842,923,664729,345,65056,345,65056,0,0,1625,812515,702,147786,923,664729
GoogleNestMini(US1-2) ,433800,1180,181741,782,133781,398,47960,299,53418,299,53418,0,0,881,128323,483,80363,398,47960
GoogleNestMini(US1-2) ,435600,1235,212077,809,155387,426,56690,291,52036,291,52036,0,0,944,160041,518,103351,426,56690
GoogleNestMini(US1-2) ,437400,1218,201732,813,141464,405,60268,316,56334,316,56334,0,0,902,145398,497,85130,405,60268
GoogleNestMini(US1-2) ,439200,1276,229222,838,163062,438,66160,298,52228,298,52228,0,0,978,176994,540,110834,438,66160
GoogleNestMini(US1-2) ,441000,1146,188988,751,132468,395,56520,272,48584,272,48584,0,0,874,140404,479,83884,395,56520
GoogleNestMini(US1-2) ,442800,1198,203372,794,149838,404,53534,300,53464,300,53464,0,0,898,149908,494,96374,404,53534
GoogleNestMini(US1-2) ,444600,1176,187819,782,136780,394,51039,304,54088,304,54088,0,0,872,133731,478,82692,394,51039
GoogleNestMini(US1-2) ,446400,1322,246796,864,171201,458,75595,296,52816,296,52816,0,0,1026,193980,568,118385,458,75595
GoogleNestMini(US1-2) ,448200,1154,184016,760,133050,394,50966,281,49812,281,49812,0,0,873,134204,479,83238,394,50966
GoogleNestMini(US1-2) ,450000,1238,222674,809,157220,429,65454,282,50210,282,50210,0,0,956,172464,527,107010,429,65454
GoogleNestMini(US1-2) ,451800,1155,178811,768,131857,387,46954,298,52878,298,52878,0,0,857,125933,470,78979,387,46954
GoogleNestMini(US1-2) ,453600,1290,235770,843,160480,447,75290,290,51314,290,51314,0,0,1000,184456,553,109166,447,75290
GoogleNestMini(US1-2) ,455400,1228,203877,820,145379,408,58498,319,55896,319,55896,0,0,909,147981,501,89483,408,58498
GoogleNestMini(US1-2) ,457200,1680,753903,868,155728,812,598175,275,48374,275,48374,0,0,1405,705529,593,107354,812,598175
GoogleNestMini(US1-2) ,459000,1208,202486,795,146762,413,55724,289,51136,289,51136,0,0,919,151350,506,95626,413,55724
GoogleNestMini(US1-2) ,460800,1315,235835,866,164506,449,71329,312,54802,312,54802,0,0,1003,181033,554,109704,449,71329
GoogleNestMini(US1-2) ,462600,1156,188256,771,138654,385,49602,298,52910,298,52910,0,0,858,135346,473,85744,385,49602
GoogleNestMini(US1-2) ,464400,1164,193933,758,139701,406,54232,264,47312,264,47312,0,0,900,146621,494,92389,406,54232
GoogleNestMini(US1-2) ,466200,1162,196673,763,142741,399,53932,274,48646,274,48646,0,0,888,148027,489,94095,399,53932
GoogleNestMini(US1-2) ,468000,3472,2268795,1948,402627,1524,1866168,349,66474,349,66474,0,0,3123,2202321,1599,336153,1524,1866168
GoogleNestMini(US1-2) ,469800,1176,203566,767,142533,409,61033,297,52584,297,52584,0,0,879,150982,470,89949,409,61033
GoogleNestMini(US1-2) ,471600,1162,199109,776,147402,386,51707,327,58448,327,58448,0,0,835,140661,449,88954,386,51707
GoogleNestMini(US1-2) ,473400,1046,150425,697,110654,349,39771,297,51416,297,51416,0,0,749,99009,400,59238,349,39771
GoogleNestMini(US1-2) ,475200,1179,207500,774,148063,405,59437,299,53522,299,53522,0,0,880,153978,475,94541,405,59437
GoogleNestMini(US1-2) ,477000,1046,158303,693,115650,353,42653,286,49716,286,49716,0,0,760,108587,407,65934,353,42653
GoogleNestMini(US1-2) ,478800,1177,195952,789,144006,388,51946,336,58130,336,58130,0,0,841,137822,453,85876,388,51946
GoogleNestMini(US1-2) ,480600,1100,170733,728,125477,372,45256,300,53004,300,53004,0,0,800,117729,428,72473,372,45256
GoogleNestMini(US1-2) ,482400,1259,229229,831,159909,428,69320,325,57440,325,57440,0,0,934,171789,506,102469,428,69320
GoogleNestMini(US1-2) ,484200,1058,164071,698,115124,360,48947,282,49840,282,49840,0,0,776,114231,416,65284,360,48947
GoogleNestMini(US1-2) ,486000,1128,189160,738,137104,390,52056,286,50886,286,50886,0,0,842,138274,452,86218,390,52056
GoogleNestMini(US1-2) ,487800,1087,167761,717,122725,370,45036,288,50576,288,50576,0,0,799,117185,429,72149,370,45036
GoogleNestMini(US1-2) ,489600,1705,759048,888,158242,817,600806,308,54972,308,54972,0,0,1397,704076,580,103270,817,600806
GoogleNestMini(US1-2) ,491400,1118,187662,725,131297,393,56365,264,47046,264,47046,0,0,854,140616,461,84251,393,56365
GoogleNestMini(US1-2) ,493200,1095,175641,720,127947,375,47694,287,51314,287,51314,0,0,808,124327,433,76633,375,47694
GoogleNestMini(US1-2) ,495000,1119,181631,737,132487,382,49144,295,52276,295,52276,0,0,824,129355,442,80211,382,49144
GoogleNestMini(US1-2) ,496800,1193,211388,784,147524,409,63864,302,53922,302,53922,0,0,891,157466,482,93602,409,63864
GoogleNestMini(US1-2) ,498600,1077,166422,710,122099,367,44323,284,50408,284,50408,0,0,793,116014,426,71691,367,44323
GoogleNestMini(US1-2) ,500400,1170,195747,777,138078,393,57669,322,57408,322,57408,0,0,848,138339,455,80670,393,57669
GoogleNestMini(US1-2) ,502200,1105,179624,730,131159,375,48465,292,51784,292,51784,0,0,813,127840,438,79375,375,48465
GoogleNestMini(US1-2) ,504000,1230,204294,814,146061,416,58233,331,57766,331,57766,0,0,899,146528,483,88295,416,58233
GoogleNestMini(US1-2) ,505800,1189,198250,769,138254,420,59996,283,50082,283,50082,0,0,906,148168,486,88172,420,59996
GoogleNestMini(US1-2) ,507600,1125,180631,750,132960,375,47671,314,55382,314,55382,0,0,811,125249,436,77578,375,47671
GoogleNestMini(US1-2) ,509400,1073,167257,718,124155,355,43102,308,53730,308,53730,0,0,765,113527,410,70425,355,43102
GoogleNestMini(US1-2) ,511200,2075,915309,1125,228248,950,687061,355,66513,355,66513,0,0,1720,848796,770,161735,950,687061
GoogleNestMini(US1-2) ,513000,1293,217978,870,160258,423,57720,301,53246,301,53246,0,0,992,164732,569,107012,423,57720
GoogleNestMini(US1-2) ,514800,1359,247356,905,180695,454,66661,299,53658,299,53658,0,0,1060,193698,606,127037,454,66661
GoogleNestMini(US1-2) ,516600,1305,232911,870,162489,435,70422,282,49840,282,49840,0,0,1023,183071,588,112649,435,70422
GoogleNestMini(US1-2) ,518400,1342,259459,889,185401,453,74058,275,49194,275,49194,0,0,1067,210265,614,136207,453,74058
GoogleNestMini(US1-2) ,520200,1291,230504,857,162240,434,68264,278,48938,278,48938,0,0,1013,181566,579,113302,434,68264
GoogleNestMini(US1-2) ,522000,1355,246305,914,181970,441,64335,325,57796,325,57796,0,0,1030,188509,589,124174,441,64335
GoogleNestMini(US1-2) ,523800,1256,218320,840,158804,416,59516,280,49538,280,49538,0,0,976,168782,560,109266,416,59516
GoogleNestMini(US1-2) ,525600,1433,281376,939,195512,494,85864,276,49758,276,49758,0,0,1157,231618,663,145754,494,85864
GoogleNestMini(US1-2) ,527400,1275,220853,852,159815,423,61038,284,49726,284,49726,0,0,991,171127,568,110089,423,61038
GoogleNestMini(US1-2) ,529200,1359,250777,909,182156,450,68621,305,53616,305,53616,0,0,1054,197161,604,128540,450,68621
GoogleNestMini(US1-2) ,531000,1807,788179,964,181983,843,606196,285,50020,285,50020,0,0,1522,738159,679,131963,843,606196
GoogleNestMini(US1-2) ,532800,1391,261839,926,180491,465,81348,297,51506,297,51506,0,0,1094,210333,629,128985,465,81348
GoogleNestMini(US1-2) ,534600,1334,246852,877,173424,457,73428,265,46606,265,46606,0,0,1069,200246,612,126818,457,73428
GoogleNestMini(US1-2) ,536400,1315,237391,885,173678,430,63713,307,55034,307,55034,0,0,1008,182357,578,118644,430,63713
GoogleNestMini(US1-2) ,538200,1294,226526,865,165367,429,61159,288,51122,288,51122,0,0,1006,175404,577,114245,429,61159
GoogleNestMini(US1-2) ,540000,1390,267469,914,186174,476,81295,272,49110,272,49110,0,0,1118,218359,642,137064,476,81295
GoogleNestMini(US1-2) ,541800,1305,236794,869,171681,436,65113,280,49798,280,49798,0,0,1025,186996,589,121883,436,65113
GoogleNestMini(US1-2) ,543600,1329,238964,892,174538,437,64426,306,54552,306,54552,0,0,1023,184412,586,119986,437,64426
GoogleNestMini(US1-2) ,545400,1294,234918,859,170648,435,64270,275,48706,275,48706,0,0,1019,186212,584,121942,435,64270
GoogleNestMini(US1-2) ,547200,1371,252722,917,180647,454,72075,306,54656,306,54656,0,0,1065,198066,611,125991,454,72075
GoogleNestMini(US1-2) ,549000,1318,246013,878,169422,440,76591,284,50408,284,50408,0,0,1034,195605,594,119014,440,76591
GoogleNestMini(US1-2) ,550800,1821,795591,980,188401,841,607190,300,53478,300,53478,0,0,1521,742113,680,134923,841,607190
GoogleNestMini(US1-2) ,552600,1312,237134,885,173653,427,63481,307,52678,307,52678,0,0,1005,184456,578,120975,427,63481
GoogleNestMini(US1-2) ,554400,2178,927809,1196,248057,982,679752,343,64702,343,64702,0,0,1835,863107,853,183355,982,679752
GoogleNestMini(US1-2) ,556200,1441,245001,971,180305,470,64696,327,57662,327,57662,0,0,1114,187339,644,122643,470,64696
GoogleNestMini(US1-2) ,558000,1493,267122,1000,196714,493,70408,329,57756,329,57756,0,0,1164,209366,671,138958,493,70408
GoogleNestMini(US1-2) ,559800,1418,246275,936,176311,482,69964,276,48454,276,48454,0,0,1142,197821,660,127857,482,69964
GoogleNestMini(US1-2) ,561600,1547,295219,1021,210088,526,85131,303,53964,303,53964,0,0,1244,241255,718,156124,526,85131
GoogleNestMini(US1-2) ,563400,3585,2312515,1982,403152,1603,1909363,363,68000,363,68000,0,0,3222,2244515,1619,335152,1603,1909363
GoogleNestMini(US1-2) ,565200,1172,197993,763,137256,409,60737,297,51798,297,51798,0,0,875,146195,466,85458,409,60737
GoogleNestMini(US1-2) ,567000,1163,197166,769,144716,394,52450,313,55570,313,55570,0,0,850,141596,456,89146,394,52450
GoogleNestMini(US1-2) ,568800,1028,157371,675,113914,353,43457,264,46994,264,46994,0,0,764,110377,411,66920,353,43457
GoogleNestMini(US1-2) ,570600,1140,193803,749,139073,391,54730,292,52576,292,52576,0,0,848,141227,457,86497,391,54730
GoogleNestMini(US1-2) ,572400,1044,158633,678,113885,366,44748,256,45566,256,45566,0,0,788,113067,422,68319,366,44748
GoogleNestMini(US1-2) ,574200,1178,197501,789,145648,389,51853,337,59854,337,59854,0,0,841,137647,452,85794,389,51853
GoogleNestMini(US1-2) ,576000,1081,163675,721,119415,360,44260,302,52436,302,52436,0,0,779,111239,419,66979,360,44260
GoogleNestMini(US1-2) ,577800,1200,223068,777,154863,423,68205,271,48646,271,48646,0,0,929,174422,506,106217,423,68205
GoogleNestMini(US1-2) ,579600,1040,157346,676,107913,364,49433,256,45462,256,45462,0,0,784,111884,420,62451,364,49433
GoogleNestMini(US1-2) ,581400,1150,192547,762,140794,388,51753,311,55086,311,55086,0,0,839,137461,451,85708,388,51753
GoogleNestMini(US1-2) ,583200,1106,174789,732,121861,374,52928,295,51450,295,51450,0,0,811,123339,437,70411,374,52928
GoogleNestMini(US1-2) ,585000,1193,207281,794,148502,399,58779,321,57048,321,57048,0,0,872,150233,473,91454,399,58779
GoogleNestMini(US1-2) ,586800,1587,729356,805,134414,782,594942,272,48370,272,48370,0,0,1315,680986,533,86044,782,594942
GoogleNestMini(US1-2) ,588600,1152,203634,761,144099,391,59535,298,52944,298,52944,0,0,854,150690,463,91155,391,59535
GoogleNestMini(US1-2) ,590400,1038,157794,679,113658,359,44136,262,46218,262,46218,0,0,776,111576,417,67440,359,44136
GoogleNestMini(US1-2) ,592200,1220,214240,807,150199,413,64041,319,56968,319,56968,0,0,901,157272,488,93231,413,64041
GoogleNestMini(US1-2) ,594000,1098,172312,723,125334,375,46978,292,51122,292,51122,0,0,806,121190,431,74212,375,46978
GoogleNestMini(US1-2) ,595800,1164,207745,762,139693,402,68052,289,51118,289,51118,0,0,875,156627,473,88575,402,68052
GoogleNestMini(US1-2) ,597600,1073,166074,706,121160,367,44914,283,50186,283,50186,0,0,790,115888,423,70974,367,44914
GoogleNestMini(US1-2) ,599400,1196,207225,789,147457,407,59768,313,55298,313,55298,0,0,883,151927,476,92159,407,59768
GoogleNestMini(US1-2) ,601200,1092,175612,713,123433,379,52179,272,48526,272,48526,0,0,820,127086,441,74907,379,52179
GoogleNestMini(US1-2) ,603000,1141,188149,755,129939,386,58210,309,54688,309,54688,0,0,832,133461,446,75251,386,58210
GoogleNestMini(US1-2) ,604800,1596,736173,814,144454,782,591719,276,49084,276,49084,0,0,1320,687089,538,95370,782,591719
GoogleNestMini(US1-2) ,606600,2046,902404,1118,230161,928,672243,348,65690,348,65690,0,0,1698,836714,770,164471,928,672243
GoogleNestMini(US1-2) ,608400,1194,193847,802,142553,392,51294,291,50548,291,50548,0,0,903,143299,511,92005,392,51294
GoogleNestMini(US1-2) ,610200,1278,233207,854,171290,424,61917,306,54604,306,54604,0,0,972,178603,548,116686,424,61917
GoogleNestMini(US1-2) ,612000,1210,211060,800,146509,410,64551,268,47552,268,47552,0,0,942,163508,532,98957,410,64551
GoogleNestMini(US1-2) ,613800,1253,230703,836,166137,417,64566,295,52736,295,52736,0,0,958,177967,541,113401,417,64566
GoogleNestMini(US1-2) ,615600,1195,206937,792,145023,403,61914,268,47552,268,47552,0,0,927,159385,524,97471,403,61914
GoogleNestMini(US1-2) ,617400,1275,234183,850,171418,425,62765,302,54046,302,54046,0,0,973,180137,548,117372,425,62765
GoogleNestMini(US1-2) ,619200,1192,200498,792,145105,400,55393,276,48980,276,48980,0,0,916,151518,516,96125,400,55393
GoogleNestMini(US1-2) ,621000,1361,266022,900,186746,461,79276,294,52210,294,52210,0,0,1067,213812,606,134536,461,79276
GoogleNestMini(US1-2) ,622800,1192,200579,801,146089,391,54490,292,51070,292,51070,0,0,900,149509,509,95019,391,54490
GoogleNestMini(US1-2) ,624600,1280,230622,855,167863,425,62759,310,54550,310,54550,0,0,970,176072,545,113313,425,62759
GoogleNestMini(US1-2) ,626400,1668,755024,873,157663,795,597361,272,48318,272,48318,0,0,1396,706706,601,109345,795,597361
GoogleNestMini(US1-2) ,628200,1291,242927,858,168612,433,74315,293,52240,293,52240,0,0,998,190687,565,116372,433,74315
GoogleNestMini(US1-2) ,630000,1188,206105,782,143907,406,62198,256,45618,256,45618,0,0,932,160487,526,98289,406,62198
GoogleNestMini(US1-2) ,631800,1245,228526,818,165569,427,62957,267,47452,267,47452,0,0,978,181074,551,118117,427,62957
GoogleNestMini(US1-2) ,633600,1196,201145,806,146742,390,54403,298,52436,298,52436,0,0,898,148709,508,94306,390,54403
GoogleNestMini(US1-2) ,635400,1365,263517,896,183453,469,80064,288,51862,288,51862,0,0,1077,211655,608,131591,469,80064
GoogleNestMini(US1-2) ,637200,1144,194666,762,141052,382,53614,264,46994,264,46994,0,0,880,147672,498,94058,382,53614
GoogleNestMini(US1-2) ,639000,1267,229546,843,166890,424,62656,295,52704,295,52704,0,0,972,176842,548,114186,424,62656
GoogleNestMini(US1-2) ,640800,1181,202402,785,147407,396,54995,272,48370,272,48370,0,0,909,154032,513,99037,396,54995
GoogleNestMini(US1-2) ,642600,3407,2286297,1868,408009,1539,1878288,390,73284,390,73284,0,0,3017,2213013,1478,334725,1539,1878288
GoogleNestMini(US1-2) ,644400,1044,172853,700,127669,344,45184,296,52920,296,52920,0,0,748,119933,404,74749,344,45184
GoogleNestMini(US1-2) ,646200,1054,183807,688,133810,366,49997,260,46650,260,46650,0,0,794,137157,428,87160,366,49997
GoogleNestMini(US1-2) ,648000,1019,159276,685,117349,334,41927,294,52144,294,52144,0,0,725,107132,391,65205,334,41927
GoogleNestMini(US1-2) ,649800,1146,206453,767,149222,379,57231,319,55884,319,55884,0,0,827,150569,448,93338,379,57231
GoogleNestMini(US1-2) ,651600,1008,158223,677,116565,331,41658,288,51544,288,51544,0,0,720,106679,389,65021,331,41658
GoogleNestMini(US1-2) ,653400,1077,187934,716,138412,361,49522,292,51438,292,51438,0,0,785,136496,424,86974,361,49522
GoogleNestMini(US1-2) ,655200,1032,161740,698,119818,334,41922,305,53960,305,53960,0,0,727,107780,393,65858,334,41922
GoogleNestMini(US1-2) ,657000,1154,219430,757,153391,397,66039,282,49750,282,49750,0,0,872,169680,475,103641,397,66039
GoogleNestMini(US1-2) ,658800,1033,161110,695,113897,338,47213,300,53582,300,53582,0,0,733,107528,395,60315,338,47213
GoogleNestMini(US1-2) ,660600,1052,183611,689,133922,363,49689,264,47468,264,47468,0,0,788,136143,425,86454,363,49689
GoogleNestMini(US1-2) ,662400,1536,719822,794,134748,742,585074,308,54958,308,54958,0,0,1228,664864,486,79790,742,585074
GoogleNestMini(US1-2) ,664200,1147,206241,764,148619,383,57622,309,54622,309,54622,0,0,838,151619,455,93997,383,57622
GoogleNestMini(US1-2) ,666000,1005,157181,674,115524,331,41657,285,50506,285,50506,0,0,720,106675,389,65018,331,41657
GoogleNestMini(US1-2) ,667800,1080,189300,716,139455,364,49845,291,51880,291,51880,0,0,789,137420,425,87575,364,49845
GoogleNestMini(US1-2) ,669600,1016,156505,688,112181,328,44324,302,52870,302,52870,0,0,714,103635,386,59311,328,44324
GoogleNestMini(US1-2) ,671400,1153,218622,754,152292,399,66330,275,48972,275,48972,0,0,878,169650,479,103320,399,66330
GoogleNestMini(US1-2) ,673200,1012,158741,676,116510,336,42231,284,50778,284,50778,0,0,728,107963,392,65732,336,42231
GoogleNestMini(US1-2) ,675000,1087,196748,715,137891,372,58857,271,48328,271,48328,0,0,816,148420,444,89563,372,58857
GoogleNestMini(US1-2) ,676800,1047,173901,702,128493,345,45408,304,55862,304,55862,0,0,743,118039,398,72631,345,45408
GoogleNestMini(US1-2) ,678600,2481,1536557,1509,309984,972,1226573,336,67916,336,67916,0,0,2145,1468641,1173,242068,972,1226573
GoogleNestMini(US1-2) ,680400,1459,258434,978,188102,481,70332,287,51198,287,51198,0,0,1172,207236,691,136904,481,70332
GoogleNestMini(US1-2) ,682200,1494,289598,994,210068,500,79530,278,49392,278,49392,0,0,1216,240206,716,160676,500,79530
GoogleNestMini(US1-2) ,684000,1676,315508,1120,218446,556,97062,304,54192,304,54192,0,0,1372,261316,816,164254,556,97062
GoogleNestMini(US1-2) ,685800,1811,376749,1195,265427,616,111322,287,50996,287,50996,0,0,1524,325753,908,214431,616,111322
GoogleNestMini(US1-2) ,687600,1658,311234,1116,224751,542,86483,307,54580,307,54580,0,0,1351,256654,809,170171,542,86483
GoogleNestMini(US1-2) ,689400,1722,339839,1148,245270,574,94569,300,52920,300,52920,0,0,1422,286919,848,192350,574,94569
GoogleNestMini(US1-2) ,691200,1722,328534,1161,232009,561,96525,328,58268,328,58268,0,0,1394,270266,833,173741,561,96525
GoogleNestMini(US1-2) ,693000,1712,345809,1139,246197,573,99612,288,50434,288,50434,0,0,1424,295375,851,195763,573,99612
GoogleNestMini(US1-2) ,694800,1606,294599,1079,212905,527,81694,288,51440,288,51440,0,0,1318,243159,791,161465,527,81694
GoogleNestMini(US1-2) ,696600,1680,334570,1115,240950,565,93620,275,49160,275,49160,0,0,1405,285410,840,191790,565,93620
GoogleNestMini(US1-2) ,698400,1686,320908,1121,225970,565,94938,288,51440,288,51440,0,0,1398,269468,833,174530,565,94938
GoogleNestMini(US1-2) ,700200,1803,371589,1199,261039,604,110550,302,52786,302,52786,0,0,1501,318803,897,208253,604,110550
