Device,StartTime,Frames,Bytes,TxFrames,TxBytes,RxFrames,RxBytes,LanFrames,LanBytes,LanTxFrames,LanTxBytes,LanRxFrames,LanRxBytes,WanFrames,WanBytes,WanTxFrames,WanTxBytes,WanRxFrames,WanRxBytes
AmazonLight (US1) ,0,60,10715,34,3415,26,7300,0,0,0,0,0,0,60,10715,34,3415,26,7300
AmazonLight (US1) ,1800,30,2424,18,1374,12,1050,0,0,0,0,0,0,30,2424,18,1374,12,1050
AmazonLight (US1) ,3600,70,15260,39,7594,31,7666,0,0,0,0,0,0,70,15260,39,7594,31,7666
AmazonLight (US1) ,5400,30,2424,18,1374,12,1050,0,0,0,0,0,0,30,2424,18,1374,12,1050
AmazonLight (US1) ,7200,58,10535,33,3325,25,7210,0,0,0,0,0,0,58,10535,33,3325,25,7210
AmazonLight (US1) ,9000,30,2424,18,1374,12,1050,0,0,0,0,0,0,30,2424,18,1374,12,1050
AmazonLight (US1) ,10800,65,13514,37,6074,28,7440,0,0,0,0,0,0,65,13514,37,6074,28,7440
AmazonLight (US1) ,12600,58,10535,33,3325,25,7210,0,0,0,0,0,0,58,10535,33,3325,25,7210
AmazonLight (US1) ,14400,30,2424,18,1374,12,1050,0,0,0,0,0,0,30,2424,18,1374,12,1050
AmazonLight (US1) ,16200,58,10535,33,3325,25,7210,0,0,0,0,0,0,58,10535,33,3325,25,7210
AmazonLight (US1) ,18000,33,4937,20,3796,13,1141,0,0,0,0,0,0,33,4937,20,3796,13,1141
AmazonLight (US1) ,19800,60,10715,34,3415,26,7300,0,0,0,0,0,0,60,10715,34,3415,26,7300
AmazonLight (US1) ,21600,30,2424,18,1374,12,1050,0,0,0,0,0,0,30,2424,18,1374,12,1050
AmazonLight (US1) ,23400,58,10535,33,3325,25,7210,0,0,0,0,0,0,58,10535,33,3325,25,7210
AmazonLight (US1) ,25200,38,5518,23,4207,15,1311,0,0,0,0,0,0,38,5518,23,4207,15,1311
AmazonLight (US1) ,27000,58,10535,33,3325,25,7210,0,0,0,0,0,0,58,10535,33,3325,25,7210
AmazonLight (US1) ,28800,30,2424,18,1374,12,1050,0,0,0,0,0,0,30,2424,18,1374,12,1050
AmazonLight (US1) ,30600,58,10535,33,3325,25,7210,0,0,0,0,0,0,58,10535,33,3325,25,7210
AmazonLight (US1) ,32400,32,4153,19,3014,13,1139,0,0,0,0,0,0,32,4153,19,3014,13,1139
AmazonLight (US1) ,34200,57,10481,32,3271,25,7210,0,0,0,0,0,0,57,10481,32,3271,25,7210
AmazonLight (US1) ,36000,30,2424,18,1374,12,1050,0,0,0,0,0,0,30,2424,18,1374,12,1050
AmazonLight (US1) ,37800,58,10535,33,3325,25,7210,0,0,0,0,0,0,58,10535,33,3325,25,7210
AmazonLight (US1) ,39600,37,5403,21,4069,16,1334,0,0,0,0,0,0,37,5403,21,4069,16,1334
AmazonLight (US1) ,41400,60,10715,34,3415,26,7300,0,0,0,0,0,0,60,10715,34,3415,26,7300
AmazonLight (US1) ,43200,30,2424,18,1374,12,1050,0,0,0,0,0,0,30,2424,18,1374,12,1050
AmazonLight (US1) ,45000,65,12596,38,5212,27,7384,0,0,0,0,0,0,65,12596,38,5212,27,7384
AmazonLight (US1) ,46800,30,2424,18,1374,12,1050,0,0,0,0,0,0,30,2424,18,1374,12,1050
AmazonLight (US1) ,48600,58,10535,33,3325,25,7210,0,0,0,0,0,0,58,10535,33,3325,25,7210
AmazonLight (US1) ,50400,30,2424,18,1374,12,1050,0,0,0,0,0,0,30,2424,18,1374,12,1050
AmazonLight (US1) ,52200,63,13405,36,6019,27,7386,0,0,0,0,0,0,63,13405,36,6019,27,7386
AmazonLight (US1) ,54000,58,10535,33,3325,25,7210,0,0,0,0,0,0,58,10535,33,3325,25,7210
AmazonLight (US1) ,55800,30,2424,18,1374,12,1050,0,0,0,0,0,0,30,2424,18,1374,12,1050
AmazonLight (US1) ,57600,58,10535,33,3325,25,7210,0,0,0,0,0,0,58,10535,33,3325,25,7210
AmazonLight (US1) ,59400,32,4153,19,3014,13,1139,0,0,0,0,0,0,32,4153,19,3014,13,1139
AmazonLight (US1) ,61200,56,10427,32,3271,24,7156,0,0,0,0,0,0,56,10427,32,3271,24,7156
AmazonLight (US1) ,63000,30,2424,18,1374,12,1050,0,0,0,0,0,0,30,2424,18,1374,12,1050
AmazonLight (US1) ,64800,60,10715,34,3415,26,7300,0,0,0,0,0,0,60,10715,34,3415,26,7300
AmazonLight (US1) ,66600,38,5518,23,4207,15,1311,0,0,0,0,0,0,38,5518,23,4207,15,1311
AmazonLight (US1) ,68400,59,10589,34,3379,25,7210,0,0,0,0,0,0,59,10589,34,3379,25,7210
AmazonLight (US1) ,70200,30,2424,18,1374,12,1050,0,0,0,0,0,0,30,2424,18,1374,12,1050
AmazonLight (US1) ,72000,58,10535,33,3325,25,7210,0,0,0,0,0,0,58,10535,33,3325,25,7210
AmazonLight (US1) ,73800,32,4153,19,3014,13,1139,0,0,0,0,0,0,32,4153,19,3014,13,1139
AmazonLight (US1) ,75600,57,10481,32,3271,25,7210,0,0,0,0,0,0,57,10481,32,3271,25,7210
AmazonLight (US1) ,77400,30,2424,18,1374,12,1050,0,0,0,0,0,0,30,2424,18,1374,12,1050
AmazonLight (US1) ,79200,58,10535,33,3325,25,7210,0,0,0,0,0,0,58,10535,33,3325,25,7210
AmazonLight (US1) ,81000,35,5294,21,4068,14,1226,0,0,0,0,0,0,35,5294,21,4068,14,1226
AmazonLight (US1) ,82800,60,10715,34,3415,26,7300,0,0,0,0,0,0,60,10715,34,3415,26,7300
AmazonLight (US1) ,84600,30,2424,18,1374,12,1050,0,0,0,0,0,0,30,2424,18,1374,12,1050
AmazonLight (US1) ,86400,58,10535,33,3325,25,7210,0,0,0,0,0,0,58,10535,33,3325,25,7210
AmazonLight (US1) ,88200,63,12302,37,5368,26,6934,0,0,0,0,0,0,63,12302,37,5368,26,6934
AmazonLight (US1) ,90000,58,10535,33,3325,25,7210,0,0,0,0,0,0,58,10535,33,3325,25,7210
AmazonLight (US1) ,91800,30,2424,18,1374,12,1050,0,0,0,0,0,0,30,2424,18,1374,12,1050
AmazonLight (US1) ,93600,58,10535,33,3325,25,7210,0,0,0,0,0,0,58,10535,33,3325,25,7210
AmazonLight (US1) ,95400,63,13406,36,6020,27,7386,0,0,0,0,0,0,63,13406,36,6020,27,7386
AmazonLight (US1) ,97200,30,2424,18,1374,12,1050,0,0,0,0,0,0,30,2424,18,1374,12,1050
AmazonLight (US1) ,99000,56,10427,32,3271,24,7156,0,0,0,0,0,0,56,10427,32,3271,24,7156
AmazonLight (US1) ,100800,30,2424,18,1374,12,1050,0,0,0,0,0,0,30,2424,18,1374,12,1050
AmazonLight (US1) ,102600,60,12995,34,5694,26,7301,0,0,0,0,0,0,60,12995,34,5694,26,7301
AmazonLight (US1) ,104400,32,2604,19,1464,13,1140,0,0,0,0,0,0,32,2604,19,1464,13,1140
AmazonLight (US1) ,106200,58,10535,33,3325,25,7210,0,0,0,0,0,0,58,10535,33,3325,25,7210
AmazonLight (US1) ,108000,30,2424,18,1374,12,1050,0,0,0,0,0,0,30,2424,18,1374,12,1050
AmazonLight (US1) ,109800,65,13576,37,6105,28,7471,0,0,0,0,0,0,65,13576,37,6105,28,7471
AmazonLight (US1) ,111600,30,2424,18,1374,12,1050,0,0,0,0,0,0,30,2424,18,1374,12,1050
AmazonLight (US1) ,113400,58,10535,33,3325,25,7210,0,0,0,0,0,0,58,10535,33,3325,25,7210
AmazonLight (US1) ,115200,30,2424,18,1374,12,1050,0,0,0,0,0,0,30,2424,18,1374,12,1050
AmazonLight (US1) ,117000,60,12264,34,4965,26,7299,0,0,0,0,0,0,60,12264,34,4965,26,7299
AmazonLight (US1) ,118800,30,2424,18,1374,12,1050,0,0,0,0,0,0,30,2424,18,1374,12,1050
AmazonLight (US1) ,120600,56,10427,32,3271,24,7156,0,0,0,0,0,0,56,10427,32,3271,24,7156
AmazonLight (US1) ,122400,30,2424,18,1374,12,1050,0,0,0,0,0,0,30,2424,18,1374,12,1050
AmazonLight (US1) ,124200,63,13519,36,6133,27,7386,0,0,0,0,0,0,63,13519,36,6133,27,7386
AmazonLight (US1) ,126000,30,2424,18,1374,12,1050,0,0,0,0,0,0,30,2424,18,1374,12,1050
AmazonLight (US1) ,127800,58,10535,33,3325,25,7210,0,0,0,0,0,0,58,10535,33,3325,25,7210
AmazonLight (US1) ,129600,32,2604,19,1464,13,1140,0,0,0,0,0,0,32,2604,19,1464,13,1140
AmazonLight (US1) ,131400,64,12543,37,5159,27,7384,0,0,0,0,0,0,64,12543,37,5159,27,7384
AmazonLight (US1) ,133200,30,2424,18,1374,12,1050,0,0,0,0,0,0,30,2424,18,1374,12,1050
AmazonLight (US1) ,135000,58,10535,33,3325,25,7210,0,0,0,0,0,0,58,10535,33,3325,25,7210
AmazonLight (US1) ,136800,30,2424,18,1374,12,1050,0,0,0,0,0,0,30,2424,18,1374,12,1050
AmazonLight (US1) ,138600,64,13460,35,5966,29,7494,0,0,0,0,0,0,64,13460,35,5966,29,7494
AmazonLight (US1) ,140400,58,10535,33,3325,25,7210,0,0,0,0,0,0,58,10535,33,3325,25,7210
AmazonLight (US1) ,142200,30,2424,18,1374,12,1050,0,0,0,0,0,0,30,2424,18,1374,12,1050
AmazonLight (US1) ,144000,58,10535,33,3325,25,7210,0,0,0,0,0,0,58,10535,33,3325,25,7210
AmazonLight (US1) ,145800,33,4207,20,3068,13,1139,0,0,0,0,0,0,33,4207,20,3068,13,1139
AmazonLight (US1) ,147600,58,10535,33,3325,25,7210,0,0,0,0,0,0,58,10535,33,3325,25,7210
AmazonLight (US1) ,149400,30,2424,18,1374,12,1050,0,0,0,0,0,0,30,2424,18,1374,12,1050
AmazonLight (US1) ,151200,60,10715,34,3415,26,7300,0,0,0,0,0,0,60,10715,34,3415,26,7300
AmazonLight (US1) ,153000,38,5519,23,4208,15,1311,0,0,0,0,0,0,38,5519,23,4208,15,1311
AmazonLight (US1) ,154800,58,10535,33,3325,25,7210,0,0,0,0,0,0,58,10535,33,3325,25,7210
AmazonLight (US1) ,156600,30,2424,18,1374,12,1050,0,0,0,0,0,0,30,2424,18,1374,12,1050
AmazonLight (US1) ,158400,58,10535,33,3325,25,7210,0,0,0,0,0,0,58,10535,33,3325,25,7210
AmazonLight (US1) ,160200,33,4207,20,3068,13,1139,0,0,0,0,0,0,33,4207,20,3068,13,1139
AmazonLight (US1) ,162000,58,10535,33,3325,25,7210,0,0,0,0,0,0,58,10535,33,3325,25,7210
AmazonLight (US1) ,163800,30,2424,18,1374,12,1050,0,0,0,0,0,0,30,2424,18,1374,12,1050
AmazonLight (US1) ,165600,58,10535,33,3325,25,7210,0,0,0,0,0,0,58,10535,33,3325,25,7210
AmazonLight (US1) ,167400,34,5241,20,4015,14,1226,0,0,0,0,0,0,34,5241,20,4015,14,1226
AmazonLight (US1) ,169200,59,10589,34,3379,25,7210,0,0,0,0,0,0,59,10589,34,3379,25,7210
AmazonLight (US1) ,171000,30,2424,18,1374,12,1050,0,0,0,0,0,0,30,2424,18,1374,12,1050
AmazonLight (US1) ,172800,64,12542,37,5158,27,7384,0,0,0,0,0,0,64,12542,37,5158,27,7384
AmazonLight (US1) ,174600,32,2604,19,1464,13,1140,0,0,0,0,0,0,32,2604,19,1464,13,1140
AmazonLight (US1) ,176400,58,10535,33,3325,25,7210,0,0,0,0,0,0,58,10535,33,3325,25,7210
AmazonLight (US1) ,178200,59,10403,34,3589,25,6814,0,0,0,0,0,0,59,10403,34,3589,25,6814
AmazonLight (US1) ,180000,63,13406,35,5966,28,7440,0,0,0,0,0,0,63,13406,35,5966,28,7440
AmazonLight (US1) ,181800,58,10535,33,3325,25,7210,0,0,0,0,0,0,58,10535,33,3325,25,7210
AmazonLight (US1) ,183600,30,2424,18,1374,12,1050,0,0,0,0,0,0,30,2424,18,1374,12,1050
AmazonLight (US1) ,185400,58,10535,33,3325,25,7210,0,0,0,0,0,0,58,10535,33,3325,25,7210
AmazonLight (US1) ,187200,32,4153,19,3014,13,1139,0,0,0,0,0,0,32,4153,19,3014,13,1139
AmazonLight (US1) ,189000,61,11490,35,4193,26,7297,0,0,0,0,0,0,61,11490,35,4193,26,7297
AmazonLight (US1) ,190800,30,2424,18,1374,12,1050,0,0,0,0,0,0,30,2424,18,1374,12,1050
AmazonLight (US1) ,192600,58,10535,33,3325,25,7210,0,0,0,0,0,0,58,10535,33,3325,25,7210
AmazonLight (US1) ,194400,37,5466,22,4155,15,1311,0,0,0,0,0,0,37,5466,22,4155,15,1311
AmazonLight (US1) ,196200,57,10491,32,3276,25,7215,0,0,0,0,0,0,57,10491,32,3276,25,7215
AmazonLight (US1) ,198000,30,2424,18,1374,12,1050,0,0,0,0,0,0,30,2424,18,1374,12,1050
AmazonLight (US1) ,199800,58,10535,33,3325,25,7210,0,0,0,0,0,0,58,10535,33,3325,25,7210
AmazonLight (US1) ,201600,35,4377,21,3153,14,1224,0,0,0,0,0,0,35,4377,21,3153,14,1224
AmazonLight (US1) ,203400,58,10535,33,3325,25,7210,0,0,0,0,0,0,58,10535,33,3325,25,7210
AmazonLight (US1) ,205200,30,2424,18,1374,12,1050,0,0,0,0,0,0,30,2424,18,1374,12,1050
AmazonLight (US1) ,207000,59,10589,34,3379,25,7210,0,0,0,0,0,0,59,10589,34,3379,25,7210
AmazonLight (US1) ,208800,34,5241,20,4015,14,1226,0,0,0,0,0,0,34,5241,20,4015,14,1226
AmazonLight (US1) ,210600,56,10427,32,3271,24,7156,0,0,0,0,0,0,56,10427,32,3271,24,7156
AmazonLight (US1) ,212400,30,2424,18,1374,12,1050,0,0,0,0,0,0,30,2424,18,1374,12,1050
AmazonLight (US1) ,214200,58,10535,33,3325,25,7210,0,0,0,0,0,0,58,10535,33,3325,25,7210
AmazonLight (US1) ,216000,32,4153,19,3014,13,1139,0,0,0,0,0,0,32,4153,19,3014,13,1139
AmazonLight (US1) ,217800,58,10535,33,3325,25,7210,0,0,0,0,0,0,58,10535,33,3325,25,7210
AmazonLight (US1) ,219600,32,2604,19,1464,13,1140,0,0,0,0,0,0,32,2604,19,1464,13,1140
AmazonLight (US1) ,221400,58,10564,33,3325,25,7239,0,0,0,0,0,0,58,10564,33,3325,25,7239
AmazonLight (US1) ,223200,38,5520,23,4209,15,1311,0,0,0,0,0,0,38,5520,23,4209,15,1311
AmazonLight (US1) ,225000,58,10535,33,3325,25,7210,0,0,0,0,0,0,58,10535,33,3325,25,7210
AmazonLight (US1) ,226800,58,10535,33,3325,25,7210,0,0,0,0,0,0,58,10535,33,3325,25,7210
AmazonLight (US1) ,228600,30,2424,18,1374,12,1050,0,0,0,0,0,0,30,2424,18,1374,12,1050
AmazonLight (US1) ,230400,59,12210,34,4965,25,7245,0,0,0,0,0,0,59,12210,34,4965,25,7245
AmazonLight (US1) ,232200,30,2424,18,1374,12,1050,0,0,0,0,0,0,30,2424,18,1374,12,1050
AmazonLight (US1) ,234000,58,10535,33,3325,25,7210,0,0,0,0,0,0,58,10535,33,3325,25,7210
AmazonLight (US1) ,235800,30,2424,18,1374,12,1050,0,0,0,0,0,0,30,2424,18,1374,12,1050
AmazonLight (US1) ,237600,63,13406,36,6020,27,7386,0,0,0,0,0,0,63,13406,36,6020,27,7386
AmazonLight (US1) ,239400,30,2424,18,1374,12,1050,0,0,0,0,0,0,30,2424,18,1374,12,1050
AmazonLight (US1) ,241200,58,10535,33,3325,25,7210,0,0,0,0,0,0,58,10535,33,3325,25,7210
AmazonLight (US1) ,243000,32,2604,19,1464,13,1140,0,0,0,0,0,0,32,2604,19,1464,13,1140
AmazonLight (US1) ,244800,63,12488,36,5104,27,7384,0,0,0,0,0,0,63,12488,36,5104,27,7384
AmazonLight (US1) ,246600,30,2424,18,1374,12,1050,0,0,0,0,0,0,30,2424,18,1374,12,1050
AmazonLight (US1) ,248400,59,10589,34,3379,25,7210,0,0,0,0,0,0,59,10589,34,3379,25,7210
AmazonLight (US1) ,250200,30,2424,18,1374,12,1050,0,0,0,0,0,0,30,2424,18,1374,12,1050
AmazonLight (US1) ,252000,63,13519,36,6133,27,7386,0,0,0,0,0,0,63,13519,36,6133,27,7386
AmazonLight (US1) ,253800,30,2424,18,1374,12,1050,0,0,0,0,0,0,30,2424,18,1374,12,1050
AmazonLight (US1) ,255600,58,10535,33,3325,25,7210,0,0,0,0,0,0,58,10535,33,3325,25,7210
AmazonLight (US1) ,257400,30,2424,18,1374,12,1050,0,0,0,0,0,0,30,2424,18,1374,12,1050
AmazonLight (US1) ,259200,60,12265,34,4966,26,7299,0,0,0,0,0,0,60,12265,34,4966,26,7299
AmazonLight (US1) ,261000,30,2424,18,1374,12,1050,0,0,0,0,0,0,30,2424,18,1374,12,1050
AmazonLight (US1) ,262800,58,10535,33,3325,25,7210,0,0,0,0,0,0,58,10535,33,3325,25,7210
AmazonLight (US1) ,264600,32,2532,18,1374,14,1158,0,0,0,0,0,0,32,2532,18,1374,14,1158
AmazonLight (US1) ,266400,68,13811,39,6250,29,7561,0,0,0,0,0,0,68,13811,39,6250,29,7561
AmazonLight (US1) ,268200,85,18406,48,5486,37,12920,0,0,0,0,0,0,85,18406,48,5486,37,12920
AmazonLight (US1) ,270000,30,2424,18,1374,12,1050,0,0,0,0,0,0,30,2424,18,1374,12,1050
AmazonLight (US1) ,271800,56,10427,32,3271,24,7156,0,0,0,0,0,0,56,10427,32,3271,24,7156
AmazonLight (US1) ,273600,38,5273,22,3939,16,1334,0,0,0,0,0,0,38,5273,22,3939,16,1334
AmazonLight (US1) ,275400,58,10535,33,3325,25,7210,0,0,0,0,0,0,58,10535,33,3325,25,7210
AmazonLight (US1) ,277200,30,2424,18,1374,12,1050,0,0,0,0,0,0,30,2424,18,1374,12,1050
AmazonLight (US1) ,279000,58,10535,33,3325,25,7210,0,0,0,0,0,0,58,10535,33,3325,25,7210
AmazonLight (US1) ,280800,35,5298,21,4072,14,1226,0,0,0,0,0,0,35,5298,21,4072,14,1226
AmazonLight (US1) ,282600,58,10535,33,3325,25,7210,0,0,0,0,0,0,58,10535,33,3325,25,7210
AmazonLight (US1) ,284400,30,2424,18,1374,12,1050,0,0,0,0,0,0,30,2424,18,1374,12,1050
AmazonLight (US1) ,286200,58,10535,33,3325,25,7210,0,0,0,0,0,0,58,10535,33,3325,25,7210
AmazonLight (US1) ,288000,37,4559,22,3245,15,1314,0,0,0,0,0,0,37,4559,22,3245,15,1314
AmazonLight (US1) ,289800,58,10535,33,3325,25,7210,0,0,0,0,0,0,58,10535,33,3325,25,7210
AmazonLight (US1) ,291600,32,2532,18,1374,14,1158,0,0,0,0,0,0,32,2532,18,1374,14,1158
AmazonLight (US1) ,293400,56,10427,32,3271,24,7156,0,0,0,0,0,0,56,10427,32,3271,24,7156
AmazonLight (US1) ,295200,35,5298,21,4072,14,1226,0,0,0,0,0,0,35,5298,21,4072,14,1226
AmazonLight (US1) ,297000,58,10535,33,3325,25,7210,0,0,0,0,0,0,58,10535,33,3325,25,7210
AmazonLight (US1) ,298800,30,2424,18,1374,12,1050,0,0,0,0,0,0,30,2424,18,1374,12,1050
AmazonLight (US1) ,300600,58,10535,33,3325,25,7210,0,0,0,0,0,0,58,10535,33,3325,25,7210
AmazonLight (US1) ,302400,32,4155,19,3016,13,1139,0,0,0,0,0,0,32,4155,19,3016,13,1139
AmazonLight (US1) ,304200,58,10535,33,3325,25,7210,0,0,0,0,0,0,58,10535,33,3325,25,7210
AmazonLight (US1) ,306000,30,2424,18,1374,12,1050,0,0,0,0,0,0,30,2424,18,1374,12,1050
AmazonLight (US1) ,307800,58,10535,33,3325,25,7210,0,0,0,0,0,0,58,10535,33,3325,25,7210
AmazonLight (US1) ,309600,34,5244,20,4018,14,1226,0,0,0,0,0,0,34,5244,20,4018,14,1226
AmazonLight (US1) ,311400,58,10535,33,3325,25,7210,0,0,0,0,0,0,58,10535,33,3325,25,7210
AmazonLight (US1) ,313200,61,10769,35,3469,26,7300,0,0,0,0,0,0,61,10769,35,3469,26,7300
AmazonLight (US1) ,315000,35,4379,21,3155,14,1224,0,0,0,0,0,0,35,4379,21,3155,14,1224
AmazonLight (US1) ,316800,58,10535,33,3325,25,7210,0,0,0,0,0,0,58,10535,33,3325,25,7210
AmazonLight (US1) ,318600,30,2424,18,1374,12,1050,0,0,0,0,0,0,30,2424,18,1374,12,1050
AmazonLight (US1) ,320400,58,10535,33,3325,25,7210,0,0,0,0,0,0,58,10535,33,3325,25,7210
AmazonLight (US1) ,322200,34,5244,20,4018,14,1226,0,0,0,0,0,0,34,5244,20,4018,14,1226
AmazonLight (US1) ,324000,58,10535,33,3325,25,7210,0,0,0,0,0,0,58,10535,33,3325,25,7210
AmazonLight (US1) ,325800,30,2424,18,1374,12,1050,0,0,0,0,0,0,30,2424,18,1374,12,1050
AmazonLight (US1) ,327600,56,10427,32,3271,24,7156,0,0,0,0,0,0,56,10427,32,3271,24,7156
AmazonLight (US1) ,329400,32,4155,19,3016,13,1139,0,0,0,0,0,0,32,4155,19,3016,13,1139
AmazonLight (US1) ,331200,58,10535,33,3325,25,7210,0,0,0,0,0,0,58,10535,33,3325,25,7210
AmazonLight (US1) ,333000,30,2424,18,1374,12,1050,0,0,0,0,0,0,30,2424,18,1374,12,1050
AmazonLight (US1) ,334800,58,10535,33,3325,25,7210,0,0,0,0,0,0,58,10535,33,3325,25,7210
AmazonLight (US1) ,336600,40,5702,24,4301,16,1401,0,0,0,0,0,0,40,5702,24,4301,16,1401
AmazonLight (US1) ,338400,58,10535,33,3325,25,7210,0,0,0,0,0,0,58,10535,33,3325,25,7210
AmazonLight (US1) ,340200,30,2424,18,1374,12,1050,0,0,0,0,0,0,30,2424,18,1374,12,1050
AmazonLight (US1) ,342000,58,10535,33,3325,25,7210,0,0,0,0,0,0,58,10535,33,3325,25,7210
AmazonLight (US1) ,343800,32,4155,19,3016,13,1139,0,0,0,0,0,0,32,4155,19,3016,13,1139
AmazonLight (US1) ,345600,56,10427,32,3271,24,7156,0,0,0,0,0,0,56,10427,32,3271,24,7156
AmazonLight (US1) ,347400,30,2424,18,1374,12,1050,0,0,0,0,0,0,30,2424,18,1374,12,1050
AmazonLight (US1) ,349200,60,10643,33,3325,27,7318,0,0,0,0,0,0,60,10643,33,3325,27,7318
AmazonLight (US1) ,351000,36,5352,20,4018,16,1334,0,0,0,0,0,0,36,5352,20,4018,16,1334
AmazonLight (US1) ,352800,58,10535,33,3325,25,7210,0,0,0,0,0,0,58,10535,33,3325,25,7210
AmazonLight (US1) ,354600,58,10535,33,3325,25,7210,0,0,0,0,0,0,58,10535,33,3325,25,7210
AmazonLight (US1) ,356400,30,2424,18,1374,12,1050,0,0,0,0,0,0,30,2424,18,1374,12,1050
AmazonLight (US1) ,358200,63,12428,34,4967,29,7461,0,0,0,0,0,0,63,12428,34,4967,29,7461
AmazonLight (US1) ,360000,57,10295,33,3535,24,6760,0,0,0,0,0,0,57,10295,33,3535,24,6760
AmazonLight (US1) ,361800,60,10715,34,3415,26,7300,0,0,0,0,0,0,60,10715,34,3415,26,7300
AmazonLight (US1) ,363600,30,2424,18,1374,12,1050,0,0,0,0,0,0,30,2424,18,1374,12,1050
AmazonLight (US1) ,365400,69,14590,40,7032,29,7558,0,0,0,0,0,0,69,14590,40,7032,29,7558
AmazonLight (US1) ,367200,30,2424,18,1374,12,1050,0,0,0,0,0,0,30,2424,18,1374,12,1050
AmazonLight (US1) ,369000,58,10535,33,3325,25,7210,0,0,0,0,0,0,58,10535,33,3325,25,7210
AmazonLight (US1) ,370800,30,2424,18,1374,12,1050,0,0,0,0,0,0,30,2424,18,1374,12,1050
AmazonLight (US1) ,372600,63,12429,35,5022,28,7407,0,0,0,0,0,0,63,12429,35,5022,28,7407
AmazonLight (US1) ,374400,30,2424,18,1374,12,1050,0,0,0,0,0,0,30,2424,18,1374,12,1050
AmazonLight (US1) ,376200,58,10535,33,3325,25,7210,0,0,0,0,0,0,58,10535,33,3325,25,7210
AmazonLight (US1) ,378000,30,2424,18,1374,12,1050,0,0,0,0,0,0,30,2424,18,1374,12,1050
AmazonLight (US1) ,379800,63,13552,36,6137,27,7415,0,0,0,0,0,0,63,13552,36,6137,27,7415
AmazonLight (US1) ,381600,30,2424,18,1374,12,1050,0,0,0,0,0,0,30,2424,18,1374,12,1050
AmazonLight (US1) ,383400,58,10535,33,3325,25,7210,0,0,0,0,0,0,58,10535,33,3325,25,7210
AmazonLight (US1) ,385200,30,2424,18,1374,12,1050,0,0,0,0,0,0,30,2424,18,1374,12,1050
AmazonLight (US1) ,387000,64,12617,37,5197,27,7420,0,0,0,0,0,0,64,12617,37,5197,27,7420
AmazonLight (US1) ,388800,31,2478,18,1374,13,1104,0,0,0,0,0,0,31,2478,18,1374,13,1104
AmazonLight (US1) ,390600,59,10589,33,3325,26,7264,0,0,0,0,0,0,59,10589,33,3325,26,7264
AmazonLight (US1) ,392400,30,2424,18,1374,12,1050,0,0,0,0,0,0,30,2424,18,1374,12,1050
AmazonLight (US1) ,394200,62,13355,35,5969,27,7386,0,0,0,0,0,0,62,13355,35,5969,27,7386
AmazonLight (US1) ,396000,30,2424,18,1374,12,1050,0,0,0,0,0,0,30,2424,18,1374,12,1050
AmazonLight (US1) ,397800,58,10535,33,3325,25,7210,0,0,0,0,0,0,58,10535,33,3325,25,7210
AmazonLight (US1) ,399600,59,10589,34,3379,25,7210,0,0,0,0,0,0,59,10589,34,3379,25,7210
AmazonLight (US1) ,401400,61,12953,32,5435,29,7518,0,0,0,0,0,0,61,12953,32,5435,29,7518
AmazonLight (US1) ,403200,88,19351,45,5654,43,13697,0,0,0,0,0,0,88,19351,45,5654,43,13697
AmazonLight (US1) ,405000,30,2424,18,1374,12,1050,0,0,0,0,0,0,30,2424,18,1374,12,1050
AmazonLight (US1) ,406800,60,10715,34,3415,26,7300,0,0,0,0,0,0,60,10715,34,3415,26,7300
AmazonLight (US1) ,408600,35,5405,21,4179,14,1226,0,0,0,0,0,0,35,5405,21,4179,14,1226
AmazonLight (US1) ,410400,56,10427,32,3271,24,7156,0,0,0,0,0,0,56,10427,32,3271,24,7156
AmazonLight (US1) ,412200,30,2424,18,1374,12,1050,0,0,0,0,0,0,30,2424,18,1374,12,1050
AmazonLight (US1) ,414000,58,10535,33,3325,25,7210,0,0,0,0,0,0,58,10535,33,3325,25,7210
AmazonLight (US1) ,415800,35,4380,21,3156,14,1224,0,0,0,0,0,0,35,4380,21,3156,14,1224
AmazonLight (US1) ,417600,58,10535,33,3325,25,7210,0,0,0,0,0,0,58,10535,33,3325,25,7210
AmazonLight (US1) ,419400,30,2424,18,1374,12,1050,0,0,0,0,0,0,30,2424,18,1374,12,1050
AmazonLight (US1) ,421200,58,10535,33,3325,25,7210,0,0,0,0,0,0,58,10535,33,3325,25,7210
AmazonLight (US1) ,423000,34,5245,20,4019,14,1226,0,0,0,0,0,0,34,5245,20,4019,14,1226
AmazonLight (US1) ,424800,58,10535,33,3325,25,7210,0,0,0,0,0,0,58,10535,33,3325,25,7210
AmazonLight (US1) ,426600,30,2424,18,1374,12,1050,0,0,0,0,0,0,30,2424,18,1374,12,1050
AmazonLight (US1) ,428400,60,10715,34,3415,26,7300,0,0,0,0,0,0,60,10715,34,3415,26,7300
AmazonLight (US1) ,430200,32,4155,19,3016,13,1139,0,0,0,0,0,0,32,4155,19,3016,13,1139
AmazonLight (US1) ,432000,57,10481,33,3325,24,7156,0,0,0,0,0,0,57,10481,33,3325,24,7156
AmazonLight (US1) ,433800,30,2424,18,1374,12,1050,0,0,0,0,0,0,30,2424,18,1374,12,1050
AmazonLight (US1) ,435600,58,10535,33,3325,25,7210,0,0,0,0,0,0,58,10535,33,3325,25,7210
AmazonLight (US1) ,437400,38,5522,23,4211,15,1311,0,0,0,0,0,0,38,5522,23,4211,15,1311
AmazonLight (US1) ,439200,58,10535,33,3325,25,7210,0,0,0,0,0,0,58,10535,33,3325,25,7210
AmazonLight (US1) ,441000,30,2424,18,1374,12,1050,0,0,0,0,0,0,30,2424,18,1374,12,1050
AmazonLight (US1) ,442800,58,10535,33,3325,25,7210,0,0,0,0,0,0,58,10535,33,3325,25,7210
AmazonLight (US1) ,444600,60,12266,34,4967,26,7299,0,0,0,0,0,0,60,12266,34,4967,26,7299
AmazonLight (US1) ,446400,30,2424,18,1374,12,1050,0,0,0,0,0,0,30,2424,18,1374,12,1050
AmazonLight (US1) ,448200,60,10715,34,3415,26,7300,0,0,0,0,0,0,60,10715,34,3415,26,7300
AmazonLight (US1) ,450000,30,2424,18,1374,12,1050,0,0,0,0,0,0,30,2424,18,1374,12,1050
AmazonLight (US1) ,451800,95,22417,54,9144,41,13273,0,0,0,0,0,0,95,22417,54,9144,41,13273
AmazonLight (US1) ,453600,30,2424,18,1374,12,1050,0,0,0,0,0,0,30,2424,18,1374,12,1050
AmazonLight (US1) ,455400,58,10535,33,3325,25,7210,0,0,0,0,0,0,58,10535,33,3325,25,7210
AmazonLight (US1) ,457200,35,4380,21,3156,14,1224,0,0,0,0,0,0,35,4380,21,3156,14,1224
AmazonLight (US1) ,459000,59,10589,34,3379,25,7210,0,0,0,0,0,0,59,10589,34,3379,25,7210
AmazonLight (US1) ,460800,30,2424,18,1374,12,1050,0,0,0,0,0,0,30,2424,18,1374,12,1050
AmazonLight (US1) ,462600,58,10535,33,3325,25,7210,0,0,0,0,0,0,58,10535,33,3325,25,7210
AmazonLight (US1) ,464400,34,5244,20,4018,14,1226,0,0,0,0,0,0,34,5244,20,4018,14,1226
AmazonLight (US1) ,466200,58,10535,33,3325,25,7210,0,0,0,0,0,0,58,10535,33,3325,25,7210
AmazonLight (US1) ,468000,30,2424,18,1374,12,1050,0,0,0,0,0,0,30,2424,18,1374,12,1050
AmazonLight (US1) ,469800,59,10589,34,3379,25,7210,0,0,0,0,0,0,59,10589,34,3379,25,7210
AmazonLight (US1) ,471600,33,4209,20,3070,13,1139,0,0,0,0,0,0,33,4209,20,3070,13,1139
AmazonLight (US1) ,473400,58,10535,33,3325,25,7210,0,0,0,0,0,0,58,10535,33,3325,25,7210
AmazonLight (US1) ,475200,32,2604,19,1464,13,1140,0,0,0,0,0,0,32,2604,19,1464,13,1140
AmazonLight (US1) ,477000,58,10535,33,3325,25,7210,0,0,0,0,0,0,58,10535,33,3325,25,7210
AmazonLight (US1) ,478800,38,5523,23,4212,15,1311,0,0,0,0,0,0,38,5523,23,4212,15,1311
AmazonLight (US1) ,480600,56,10427,32,3271,24,7156,0,0,0,0,0,0,56,10427,32,3271,24,7156
AmazonLight (US1) ,482400,30,2424,18,1374,12,1050,0,0,0,0,0,0,30,2424,18,1374,12,1050
AmazonLight (US1) ,484200,58,10535,33,3325,25,7210,0,0,0,0,0,0,58,10535,33,3325,25,7210
AmazonLight (US1) ,486000,60,12266,34,4967,26,7299,0,0,0,0,0,0,60,12266,34,4967,26,7299
AmazonLight (US1) ,487800,30,2424,18,1374,12,1050,0,0,0,0,0,0,30,2424,18,1374,12,1050
AmazonLight (US1) ,489600,58,10535,33,3325,25,7210,0,0,0,0,0,0,58,10535,33,3325,25,7210
AmazonLight (US1) ,491400,30,2424,18,1374,12,1050,0,0,0,0,0,0,30,2424,18,1374,12,1050
AmazonLight (US1) ,493200,63,13410,36,6024,27,7386,0,0,0,0,0,0,63,13410,36,6024,27,7386
AmazonLight (US1) ,495000,30,2424,18,1374,12,1050,0,0,0,0,0,0,30,2424,18,1374,12,1050
AmazonLight (US1) ,496800,58,10535,33,3325,25,7210,0,0,0,0,0,0,58,10535,33,3325,25,7210
AmazonLight (US1) ,498600,30,2424,18,1374,12,1050,0,0,0,0,0,0,30,2424,18,1374,12,1050
AmazonLight (US1) ,500400,66,12836,38,5362,28,7474,0,0,0,0,0,0,66,12836,38,5362,28,7474
AmazonLight (US1) ,502200,30,2424,18,1374,12,1050,0,0,0,0,0,0,30,2424,18,1374,12,1050
AmazonLight (US1) ,504000,58,10535,33,3325,25,7210,0,0,0,0,0,0,58,10535,33,3325,25,7210
AmazonLight (US1) ,505800,30,2424,18,1374,12,1050,0,0,0,0,0,0,30,2424,18,1374,12,1050
AmazonLight (US1) ,507600,62,13355,35,5969,27,7386,0,0,0,0,0,0,62,13355,35,5969,27,7386
AmazonLight (US1) ,509400,30,2424,18,1374,12,1050,0,0,0,0,0,0,30,2424,18,1374,12,1050
AmazonLight (US1) ,511200,58,10535,33,3325,25,7210,0,0,0,0,0,0,58,10535,33,3325,25,7210
AmazonLight (US1) ,513000,30,2424,18,1374,12,1050,0,0,0,0,0,0,30,2424,18,1374,12,1050
AmazonLight (US1) ,514800,62,12374,34,4967,28,7407,0,0,0,0,0,0,62,12374,34,4967,28,7407
AmazonLight (US1) ,516600,30,2424,18,1374,12,1050,0,0,0,0,0,0,30,2424,18,1374,12,1050
AmazonLight (US1) ,518400,58,10535,33,3325,25,7210,0,0,0,0,0,0,58,10535,33,3325,25,7210
AmazonLight (US1) ,520200,30,2424,18,1374,12,1050,0,0,0,0,0,0,30,2424,18,1374,12,1050
AmazonLight (US1) ,522000,58,11095,33,3883,25,7212,0,0,0,0,0,0,58,11095,33,3883,25,7212
AmazonLight (US1) ,523800,32,2604,19,1464,13,1140,0,0,0,0,0,0,32,2604,19,1464,13,1140
AmazonLight (US1) ,525600,58,10535,33,3325,25,7210,0,0,0,0,0,0,58,10535,33,3325,25,7210
AmazonLight (US1) ,527400,32,2532,18,1374,14,1158,0,0,0,0,0,0,32,2532,18,1374,14,1158
AmazonLight (US1) ,529200,67,14439,38,6914,29,7525,0,0,0,0,0,0,67,14439,38,6914,29,7525
AmazonLight (US1) ,531000,58,10535,33,3325,25,7210,0,0,0,0,0,0,58,10535,33,3325,25,7210
AmazonLight (US1) ,532800,30,2424,18,1374,12,1050,0,0,0,0,0,0,30,2424,18,1374,12,1050
AmazonLight (US1) ,534600,58,10535,33,3325,25,7210,0,0,0,0,0,0,58,10535,33,3325,25,7210
AmazonLight (US1) ,536400,37,6307,22,4994,15,1313,0,0,0,0,0,0,37,6307,22,4994,15,1313
AmazonLight (US1) ,538200,58,10535,33,3325,25,7210,0,0,0,0,0,0,58,10535,33,3325,25,7210
AmazonLight (US1) ,540000,30,2424,18,1374,12,1050,0,0,0,0,0,0,30,2424,18,1374,12,1050
AmazonLight (US1) ,541800,85,18406,48,5486,37,12920,0,0,0,0,0,0,85,18406,48,5486,37,12920
AmazonLight (US1) ,543600,32,4156,19,3017,13,1139,0,0,0,0,0,0,32,4156,19,3017,13,1139
AmazonLight (US1) ,545400,58,10535,33,3325,25,7210,0,0,0,0,0,0,58,10535,33,3325,25,7210
AmazonLight (US1) ,547200,30,2424,18,1374,12,1050,0,0,0,0,0,0,30,2424,18,1374,12,1050
AmazonLight (US1) ,549000,61,10769,35,3469,26,7300,0,0,0,0,0,0,61,10769,35,3469,26,7300
AmazonLight (US1) ,550800,37,5468,22,4157,15,1311,0,0,0,0,0,0,37,5468,22,4157,15,1311
AmazonLight (US1) ,552600,58,10535,33,3325,25,7210,0,0,0,0,0,0,58,10535,33,3325,25,7210
AmazonLight (US1) ,554400,30,2424,18,1374,12,1050,0,0,0,0,0,0,30,2424,18,1374,12,1050
AmazonLight (US1) ,556200,58,10535,33,3325,25,7210,0,0,0,0,0,0,58,10535,33,3325,25,7210
AmazonLight (US1) ,558000,32,4155,19,3016,13,1139,0,0,0,0,0,0,32,4155,19,3016,13,1139
AmazonLight (US1) ,559800,57,10481,32,3271,25,7210,0,0,0,0,0,0,57,10481,32,3271,25,7210
AmazonLight (US1) ,561600,30,2424,18,1374,12,1050,0,0,0,0,0,0,30,2424,18,1374,12,1050
AmazonLight (US1) ,563400,58,10535,33,3325,25,7210,0,0,0,0,0,0,58,10535,33,3325,25,7210
AmazonLight (US1) ,565200,35,5298,21,4072,14,1226,0,0,0,0,0,0,35,5298,21,4072,14,1226
AmazonLight (US1) ,567000,58,10535,33,3325,25,7210,0,0,0,0,0,0,58,10535,33,3325,25,7210
AmazonLight (US1) ,568800,30,2424,18,1374,12,1050,0,0,0,0,0,0,30,2424,18,1374,12,1050
AmazonLight (US1) ,570600,58,10535,33,3325,25,7210,0,0,0,0,0,0,58,10535,33,3325,25,7210
AmazonLight (US1) ,572400,65,12670,37,5196,28,7474,0,0,0,0,0,0,65,12670,37,5196,28,7474
AmazonLight (US1) ,574200,30,2424,18,1374,12,1050,0,0,0,0,0,0,30,2424,18,1374,12,1050
AmazonLight (US1) ,576000,59,10589,34,3379,25,7210,0,0,0,0,0,0,59,10589,34,3379,25,7210
AmazonLight (US1) ,577800,30,2424,18,1374,12,1050,0,0,0,0,0,0,30,2424,18,1374,12,1050
AmazonLight (US1) ,579600,64,13463,37,6077,27,7386,0,0,0,0,0,0,64,13463,37,6077,27,7386
AmazonLight (US1) ,581400,30,2424,18,1374,12,1050,0,0,0,0,0,0,30,2424,18,1374,12,1050
AmazonLight (US1) ,583200,58,10535,33,3325,25,7210,0,0,0,0,0,0,58,10535,33,3325,25,7210
AmazonLight (US1) ,585000,30,2424,18,1374,12,1050,0,0,0,0,0,0,30,2424,18,1374,12,1050
AmazonLight (US1) ,586800,60,12266,34,4967,26,7299,0,0,0,0,0,0,60,12266,34,4967,26,7299
AmazonLight (US1) ,588600,32,2532,18,1374,14,1158,0,0,0,0,0,0,32,2532,18,1374,14,1158
AmazonLight (US1) ,590400,56,10427,32,3271,24,7156,0,0,0,0,0,0,56,10427,32,3271,24,7156
AmazonLight (US1) ,592200,30,2424,18,1374,12,1050,0,0,0,0,0,0,30,2424,18,1374,12,1050
AmazonLight (US1) ,594000,64,13564,36,6059,28,7505,0,0,0,0,0,0,64,13564,36,6059,28,7505
AmazonLight (US1) ,595800,30,2424,18,1374,12,1050,0,0,0,0,0,0,30,2424,18,1374,12,1050
AmazonLight (US1) ,597600,58,10535,33,3325,25,7210,0,0,0,0,0,0,58,10535,33,3325,25,7210
AmazonLight (US1) ,599400,36,4433,22,3209,14,1224,0,0,0,0,0,0,36,4433,22,3209,14,1224
AmazonLight (US1) ,601200,58,10535,33,3325,25,7210,0,0,0,0,0,0,58,10535,33,3325,25,7210
AmazonLight (US1) ,603000,30,2424,18,1374,12,1050,0,0,0,0,0,0,30,2424,18,1374,12,1050
AmazonLight (US1) ,604800,58,10535,33,3325,25,7210,0,0,0,0,0,0,58,10535,33,3325,25,7210
AmazonLight (US1) ,606600,34,5244,20,4018,14,1226,0,0,0,0,0,0,34,5244,20,4018,14,1226
AmazonLight (US1) ,608400,58,10535,33,3325,25,7210,0,0,0,0,0,0,58,10535,33,3325,25,7210
AmazonLight (US1) ,610200,30,2424,18,1374,12,1050,0,0,0,0,0,0,30,2424,18,1374,12,1050
AmazonLight (US1) ,612000,58,10535,33,3325,25,7210,0,0,0,0,0,0,58,10535,33,3325,25,7210
AmazonLight (US1) ,613800,33,4209,20,3070,13,1139,0,0,0,0,0,0,33,4209,20,3070,13,1139
AmazonLight (US1) ,615600,58,10535,33,3325,25,7210,0,0,0,0,0,0,58,10535,33,3325,25,7210
AmazonLight (US1) ,617400,60,10744,34,3415,26,7329,0,0,0,0,0,0,60,10744,34,3415,26,7329
AmazonLight (US1) ,619200,30,2424,18,1374,12,1050,0,0,0,0,0,0,30,2424,18,1374,12,1050
AmazonLight (US1) ,621000,65,13580,37,6109,28,7471,0,0,0,0,0,0,65,13580,37,6109,28,7471
AmazonLight (US1) ,622800,33,3380,20,2243,13,1137,0,0,0,0,0,0,33,3380,20,2243,13,1137
AmazonLight (US1) ,624600,58,10535,33,3325,25,7210,0,0,0,0,0,0,58,10535,33,3325,25,7210
AmazonLight (US1) ,626400,30,2424,18,1374,12,1050,0,0,0,0,0,0,30,2424,18,1374,12,1050
AmazonLight (US1) ,628200,60,12379,34,5080,26,7299,0,0,0,0,0,0,60,12379,34,5080,26,7299
AmazonLight (US1) ,630000,30,2424,18,1374,12,1050,0,0,0,0,0,0,30,2424,18,1374,12,1050
AmazonLight (US1) ,631800,85,18406,48,5486,37,12920,0,0,0,0,0,0,85,18406,48,5486,37,12920
AmazonLight (US1) ,633600,30,2424,18,1374,12,1050,0,0,0,0,0,0,30,2424,18,1374,12,1050
AmazonLight (US1) ,635400,62,13355,35,5969,27,7386,0,0,0,0,0,0,62,13355,35,5969,27,7386
AmazonLight (US1) ,637200,30,2424,18,1374,12,1050,0,0,0,0,0,0,30,2424,18,1374,12,1050
AmazonLight (US1) ,639000,58,10535,33,3325,25,7210,0,0,0,0,0,0,58,10535,33,3325,25,7210
AmazonLight (US1) ,640800,30,2424,18,1374,12,1050,0,0,0,0,0,0,30,2424,18,1374,12,1050
AmazonLight (US1) ,642600,65,12670,37,5196,28,7474,0,0,0,0,0,0,65,12670,37,5196,28,7474
AmazonLight (US1) ,644400,30,2424,18,1374,12,1050,0,0,0,0,0,0,30,2424,18,1374,12,1050
AmazonLight (US1) ,646200,58,10535,33,3325,25,7210,0,0,0,0,0,0,58,10535,33,3325,25,7210
AmazonLight (US1) ,648000,30,2424,18,1374,12,1050,0,0,0,0,0,0,30,2424,18,1374,12,1050
AmazonLight (US1) ,649800,64,13463,35,5969,29,7494,0,0,0,0,0,0,64,13463,35,5969,29,7494
AmazonLight (US1) ,651600,30,2424,18,1374,12,1050,0,0,0,0,0,0,30,2424,18,1374,12,1050
AmazonLight (US1) ,653400,58,10535,33,3325,25,7210,0,0,0,0,0,0,58,10535,33,3325,25,7210
AmazonLight (US1) ,655200,30,2424,18,1374,12,1050,0,0,0,0,0,0,30,2424,18,1374,12,1050
AmazonLight (US1) ,657000,62,12374,34,4967,28,7407,0,0,0,0,0,0,62,12374,34,4967,28,7407
AmazonLight (US1) ,658800,58,10535,33,3325,25,7210,0,0,0,0,0,0,58,10535,33,3325,25,7210
AmazonLight (US1) ,660600,30,2424,18,1374,12,1050,0,0,0,0,0,0,30,2424,18,1374,12,1050
AmazonLight (US1) ,662400,58,10535,33,3325,25,7210,0,0,0,0,0,0,58,10535,33,3325,25,7210
AmazonLight (US1) ,664200,40,5808,24,4407,16,1401,0,0,0,0,0,0,40,5808,24,4407,16,1401
AmazonLight (US1) ,666000,58,10535,33,3325,25,7210,0,0,0,0,0,0,58,10535,33,3325,25,7210
AmazonLight (US1) ,667800,30,2424,18,1374,12,1050,0,0,0,0,0,0,30,2424,18,1374,12,1050
AmazonLight (US1) ,669600,56,10427,32,3271,24,7156,0,0,0,0,0,0,56,10427,32,3271,24,7156
AmazonLight (US1) ,671400,32,4156,19,3017,13,1139,0,0,0,0,0,0,32,4156,19,3017,13,1139
AmazonLight (US1) ,673200,57,10481,32,3271,25,7210,0,0,0,0,0,0,57,10481,32,3271,25,7210
AmazonLight (US1) ,675000,30,2424,18,1374,12,1050,0,0,0,0,0,0,30,2424,18,1374,12,1050
AmazonLight (US1) ,676800,201,50965,104,13163,97,37802,0,0,0,0,0,0,201,50965,104,13163,97,37802
AmazonLight (US1) ,678600,58,11025,33,4209,25,6816,0,0,0,0,0,0,58,11025,33,4209,25,6816
AmazonLight (US1) ,680400,60,10643,33,3325,27,7318,0,0,0,0,0,0,60,10643,33,3325,27,7318
AmazonLight (US1) ,682200,30,2424,18,1374,12,1050,0,0,0,0,0,0,30,2424,18,1374,12,1050
AmazonLight (US1) ,684000,79,22940,44,14858,35,8082,0,0,0,0,0,0,79,22940,44,14858,35,8082
AmazonLight (US1) ,685800,30,2424,18,1374,12,1050,0,0,0,0,0,0,30,2424,18,1374,12,1050
AmazonLight (US1) ,687600,58,10535,33,3325,25,7210,0,0,0,0,0,0,58,10535,33,3325,25,7210
AmazonLight (US1) ,689400,30,2424,18,1374,12,1050,0,0,0,0,0,0,30,2424,18,1374,12,1050
AmazonLight (US1) ,691200,68,13810,38,6195,30,7615,0,0,0,0,0,0,68,13810,38,6195,30,7615
AmazonLight (US1) ,693000,31,2478,18,1374,13,1104,0,0,0,0,0,0,31,2478,18,1374,13,1104
AmazonLight (US1) ,694800,58,10535,33,3325,25,7210,0,0,0,0,0,0,58,10535,33,3325,25,7210
AmazonLight (US1) ,696600,30,2424,18,1374,12,1050,0,0,0,0,0,0,30,2424,18,1374,12,1050
AmazonLight (US1) ,698400,63,12426,34,4965,29,7461,0,0,0,0,0,0,63,12426,34,4965,29,7461
AmazonLight (US1) ,700200,25,2020,15,1145,10,875,0,0,0,0,0,0,25,2020,15,1145,10,875
AmazonLight (US1) ,0,59,10713,34,3443,25,7270,0,0,0,0,0,0,59,10713,34,3443,25,7270
AmazonLight (US1) ,1800,28,2254,17,1289,11,965,0,0,0,0,0,0,28,2254,17,1289,11,965
AmazonLight (US1) ,3600,168,55004,75,43004,93,12000,0,0,0,0,0,0,168,55004,75,43004,93,12000
AmazonLight (US1) ,5400,32,3263,18,2103,14,1160,0,0,0,0,0,0,32,3263,18,2103,14,1160
AmazonLight (US1) ,7200,57,10572,33,3358,24,7214,0,0,0,0,0,0,57,10572,33,3358,24,7214
AmazonLight (US1) ,9000,30,2424,18,1374,12,1050,0,0,0,0,0,0,30,2424,18,1374,12,1050
AmazonLight (US1) ,10800,67,13791,36,6160,31,7631,0,0,0,0,0,0,67,13791,36,6160,31,7631
AmazonLight (US1) ,12600,30,2424,18,1374,12,1050,0,0,0,0,0,0,30,2424,18,1374,12,1050
AmazonLight (US1) ,14400,57,10543,33,3358,24,7185,0,0,0,0,0,0,57,10543,33,3358,24,7185
AmazonLight (US1) ,16200,30,2424,18,1374,12,1050,0,0,0,0,0,0,30,2424,18,1374,12,1050
AmazonLight (US1) ,18000,62,12436,34,5000,28,7436,0,0,0,0,0,0,62,12436,34,5000,28,7436
AmazonLight (US1) ,19800,30,2424,18,1374,12,1050,0,0,0,0,0,0,30,2424,18,1374,12,1050
AmazonLight (US1) ,21600,57,10543,33,3358,24,7185,0,0,0,0,0,0,57,10543,33,3358,24,7185
AmazonLight (US1) ,23400,32,2604,19,1464,13,1140,0,0,0,0,0,0,32,2604,19,1464,13,1140
AmazonLight (US1) ,25200,68,13799,37,6137,31,7662,0,0,0,0,0,0,68,13799,37,6137,31,7662
AmazonLight (US1) ,27000,30,2424,18,1374,12,1050,0,0,0,0,0,0,30,2424,18,1374,12,1050
AmazonLight (US1) ,28800,57,10543,33,3358,24,7185,0,0,0,0,0,0,57,10543,33,3358,24,7185
AmazonLight (US1) ,30600,30,2424,18,1374,12,1050,0,0,0,0,0,0,30,2424,18,1374,12,1050
AmazonLight (US1) ,32400,62,12434,34,4998,28,7436,0,0,0,0,0,0,62,12434,34,4998,28,7436
AmazonLight (US1) ,34200,30,2424,18,1374,12,1050,0,0,0,0,0,0,30,2424,18,1374,12,1050
AmazonLight (US1) ,36000,57,10543,33,3358,24,7185,0,0,0,0,0,0,57,10543,33,3358,24,7185
AmazonLight (US1) ,37800,57,10543,33,3358,24,7185,0,0,0,0,0,0,57,10543,33,3358,24,7185
AmazonLight (US1) ,39600,38,5456,20,4014,18,1442,0,0,0,0,0,0,38,5456,20,4014,18,1442
AmazonLight (US1) ,41400,57,10543,33,3358,24,7185,0,0,0,0,0,0,57,10543,33,3358,24,7185
AmazonLight (US1) ,43200,30,2424,18,1374,12,1050,0,0,0,0,0,0,30,2424,18,1374,12,1050
AmazonLight (US1) ,45000,57,10543,33,3358,24,7185,0,0,0,0,0,0,57,10543,33,3358,24,7185
AmazonLight (US1) ,46800,40,4719,22,3243,18,1476,0,0,0,0,0,0,40,4719,22,3243,18,1476
AmazonLight (US1) ,48600,57,10543,33,3358,24,7185,0,0,0,0,0,0,57,10543,33,3358,24,7185
AmazonLight (US1) ,50400,30,2424,18,1374,12,1050,0,0,0,0,0,0,30,2424,18,1374,12,1050
AmazonLight (US1) ,52200,57,10543,33,3358,24,7185,0,0,0,0,0,0,57,10543,33,3358,24,7185
AmazonLight (US1) ,54000,37,5402,20,4014,17,1388,0,0,0,0,0,0,37,5402,20,4014,17,1388
AmazonLight (US1) ,55800,56,10489,33,3358,23,7131,0,0,0,0,0,0,56,10489,33,3358,23,7131
AmazonLight (US1) ,57600,30,2424,18,1374,12,1050,0,0,0,0,0,0,30,2424,18,1374,12,1050
AmazonLight (US1) ,59400,57,10543,33,3358,24,7185,0,0,0,0,0,0,57,10543,33,3358,24,7185
AmazonLight (US1) ,61200,35,4315,19,3014,16,1301,0,0,0,0,0,0,35,4315,19,3014,16,1301
AmazonLight (US1) ,63000,57,10543,33,3358,24,7185,0,0,0,0,0,0,57,10543,33,3358,24,7185
AmazonLight (US1) ,64800,30,2424,18,1374,12,1050,0,0,0,0,0,0,30,2424,18,1374,12,1050
AmazonLight (US1) ,66600,57,10543,33,3358,24,7185,0,0,0,0,0,0,57,10543,33,3358,24,7185
AmazonLight (US1) ,68400,38,5456,20,4014,18,1442,0,0,0,0,0,0,38,5456,20,4014,18,1442
AmazonLight (US1) ,70200,59,10723,34,3448,25,7275,0,0,0,0,0,0,59,10723,34,3448,25,7275
AmazonLight (US1) ,72000,30,2424,18,1374,12,1050,0,0,0,0,0,0,30,2424,18,1374,12,1050
AmazonLight (US1) ,73800,57,10543,33,3358,24,7185,0,0,0,0,0,0,57,10543,33,3358,24,7185
AmazonLight (US1) ,75600,37,4485,21,3153,16,1332,0,0,0,0,0,0,37,4485,21,3153,16,1332
AmazonLight (US1) ,77400,55,10435,32,3304,23,7131,0,0,0,0,0,0,55,10435,32,3304,23,7131
AmazonLight (US1) ,79200,57,10543,33,3358,24,7185,0,0,0,0,0,0,57,10543,33,3358,24,7185
AmazonLight (US1) ,81000,30,2424,18,1374,12,1050,0,0,0,0,0,0,30,2424,18,1374,12,1050
AmazonLight (US1) ,82800,65,13575,35,5998,30,7577,0,0,0,0,0,0,65,13575,35,5998,30,7577
AmazonLight (US1) ,84600,30,2424,18,1374,12,1050,0,0,0,0,0,0,30,2424,18,1374,12,1050
AmazonLight (US1) ,86400,55,10435,32,3304,23,7131,0,0,0,0,0,0,55,10435,32,3304,23,7131
AmazonLight (US1) ,88200,56,10346,33,3568,23,6778,0,0,0,0,0,0,56,10346,33,3568,23,6778
AmazonLight (US1) ,90000,64,13273,34,5727,30,7546,0,0,0,0,0,0,64,13273,34,5727,30,7546
AmazonLight (US1) ,91800,30,2424,18,1374,12,1050,0,0,0,0,0,0,30,2424,18,1374,12,1050
AmazonLight (US1) ,93600,59,10723,34,3448,25,7275,0,0,0,0,0,0,59,10723,34,3448,25,7275
AmazonLight (US1) ,95400,30,2424,18,1374,12,1050,0,0,0,0,0,0,30,2424,18,1374,12,1050
AmazonLight (US1) ,97200,68,13800,37,6138,31,7662,0,0,0,0,0,0,68,13800,37,6138,31,7662
AmazonLight (US1) ,99000,30,2424,18,1374,12,1050,0,0,0,0,0,0,30,2424,18,1374,12,1050
AmazonLight (US1) ,100800,57,10543,33,3358,24,7185,0,0,0,0,0,0,57,10543,33,3358,24,7185
AmazonLight (US1) ,102600,30,2424,18,1374,12,1050,0,0,0,0,0,0,30,2424,18,1374,12,1050
AmazonLight (US1) ,104400,62,12434,34,4998,28,7436,0,0,0,0,0,0,62,12434,34,4998,28,7436
AmazonLight (US1) ,106200,30,2424,18,1374,12,1050,0,0,0,0,0,0,30,2424,18,1374,12,1050
AmazonLight (US1) ,108000,57,10543,33,3358,24,7185,0,0,0,0,0,0,57,10543,33,3358,24,7185
AmazonLight (US1) ,109800,30,2424,18,1374,12,1050,0,0,0,0,0,0,30,2424,18,1374,12,1050
AmazonLight (US1) ,111600,66,13631,36,6054,30,7577,0,0,0,0,0,0,66,13631,36,6054,30,7577
AmazonLight (US1) ,113400,32,2604,19,1464,13,1140,0,0,0,0,0,0,32,2604,19,1464,13,1140
AmazonLight (US1) ,115200,57,10543,33,3358,24,7185,0,0,0,0,0,0,57,10543,33,3358,24,7185
AmazonLight (US1) ,117000,37,4485,21,3153,16,1332,0,0,0,0,0,0,37,4485,21,3153,16,1332
AmazonLight (US1) ,118800,58,10597,33,3358,25,7239,0,0,0,0,0,0,58,10597,33,3358,25,7239
AmazonLight (US1) ,120600,58,10626,33,3358,25,7268,0,0,0,0,0,0,58,10626,33,3358,25,7268
AmazonLight (US1) ,122400,30,2424,18,1374,12,1050,0,0,0,0,0,0,30,2424,18,1374,12,1050
AmazonLight (US1) ,124200,64,13636,35,6113,29,7523,0,0,0,0,0,0,64,13636,35,6113,29,7523
AmazonLight (US1) ,126000,31,2478,18,1374,13,1104,0,0,0,0,0,0,31,2478,18,1374,13,1104
AmazonLight (US1) ,127800,57,10543,33,3358,24,7185,0,0,0,0,0,0,57,10543,33,3358,24,7185
AmazonLight (US1) ,129600,30,2424,18,1374,12,1050,0,0,0,0,0,0,30,2424,18,1374,12,1050
AmazonLight (US1) ,131400,61,12381,34,4999,27,7382,0,0,0,0,0,0,61,12381,34,4999,27,7382
AmazonLight (US1) ,133200,31,2478,18,1374,13,1104,0,0,0,0,0,0,31,2478,18,1374,13,1104
AmazonLight (US1) ,135000,57,10615,33,3394,24,7221,0,0,0,0,0,0,57,10615,33,3394,24,7221
AmazonLight (US1) ,136800,30,2424,18,1374,12,1050,0,0,0,0,0,0,30,2424,18,1374,12,1050
AmazonLight (US1) ,138600,68,13802,37,6140,31,7662,0,0,0,0,0,0,68,13802,37,6140,31,7662
AmazonLight (US1) ,140400,30,2424,18,1374,12,1050,0,0,0,0,0,0,30,2424,18,1374,12,1050
AmazonLight (US1) ,142200,57,10543,33,3358,24,7185,0,0,0,0,0,0,57,10543,33,3358,24,7185
AmazonLight (US1) ,144000,30,2424,18,1374,12,1050,0,0,0,0,0,0,30,2424,18,1374,12,1050
AmazonLight (US1) ,145800,62,12434,34,4998,28,7436,0,0,0,0,0,0,62,12434,34,4998,28,7436
AmazonLight (US1) ,147600,30,2424,18,1374,12,1050,0,0,0,0,0,0,30,2424,18,1374,12,1050
AmazonLight (US1) ,149400,57,10543,33,3358,24,7185,0,0,0,0,0,0,57,10543,33,3358,24,7185
AmazonLight (US1) ,151200,30,2424,18,1374,12,1050,0,0,0,0,0,0,30,2424,18,1374,12,1050
AmazonLight (US1) ,153000,65,13576,35,5999,30,7577,0,0,0,0,0,0,65,13576,35,5999,30,7577
AmazonLight (US1) ,154800,30,2424,18,1374,12,1050,0,0,0,0,0,0,30,2424,18,1374,12,1050
AmazonLight (US1) ,156600,57,10615,33,3394,24,7221,0,0,0,0,0,0,57,10615,33,3394,24,7221
AmazonLight (US1) ,158400,30,2424,18,1374,12,1050,0,0,0,0,0,0,30,2424,18,1374,12,1050
AmazonLight (US1) ,160200,65,12658,36,5137,29,7521,0,0,0,0,0,0,65,12658,36,5137,29,7521
AmazonLight (US1) ,162000,55,10435,32,3304,23,7131,0,0,0,0,0,0,55,10435,32,3304,23,7131
AmazonLight (US1) ,163800,30,2424,18,1374,12,1050,0,0,0,0,0,0,30,2424,18,1374,12,1050
AmazonLight (US1) ,165600,56,10489,33,3358,23,7131,0,0,0,0,0,0,56,10489,33,3358,23,7131
AmazonLight (US1) ,167400,37,5405,20,4017,17,1388,0,0,0,0,0,0,37,5405,20,4017,17,1388
AmazonLight (US1) ,169200,57,10543,33,3358,24,7185,0,0,0,0,0,0,57,10543,33,3358,24,7185
AmazonLight (US1) ,171000,30,2424,18,1374,12,1050,0,0,0,0,0,0,30,2424,18,1374,12,1050
AmazonLight (US1) ,172800,57,10543,33,3358,24,7185,0,0,0,0,0,0,57,10543,33,3358,24,7185
AmazonLight (US1) ,174600,40,4719,22,3243,18,1476,0,0,0,0,0,0,40,4719,22,3243,18,1476
AmazonLight (US1) ,176400,55,10435,32,3304,23,7131,0,0,0,0,0,0,55,10435,32,3304,23,7131
AmazonLight (US1) ,178200,30,2424,18,1374,12,1050,0,0,0,0,0,0,30,2424,18,1374,12,1050
AmazonLight (US1) ,180000,81,18357,47,5498,34,12859,0,0,0,0,0,0,81,18357,47,5498,34,12859
AmazonLight (US1) ,181800,40,6298,20,4746,20,1552,0,0,0,0,0,0,40,6298,20,4746,20,1552
AmazonLight (US1) ,183600,57,10543,33,3358,24,7185,0,0,0,0,0,0,57,10543,33,3358,24,7185
AmazonLight (US1) ,185400,30,2424,18,1374,12,1050,0,0,0,0,0,0,30,2424,18,1374,12,1050
AmazonLight (US1) ,187200,57,10543,33,3358,24,7185,0,0,0,0,0,0,57,10543,33,3358,24,7185
AmazonLight (US1) ,189000,36,4372,19,3017,17,1355,0,0,0,0,0,0,36,4372,19,3017,17,1355
AmazonLight (US1) ,190800,57,10543,33,3358,24,7185,0,0,0,0,0,0,57,10543,33,3358,24,7185
AmazonLight (US1) ,192600,30,2424,18,1374,12,1050,0,0,0,0,0,0,30,2424,18,1374,12,1050
AmazonLight (US1) ,194400,57,10572,33,3358,24,7214,0,0,0,0,0,0,57,10572,33,3358,24,7214
AmazonLight (US1) ,196200,44,5919,24,4302,20,1617,0,0,0,0,0,0,44,5919,24,4302,20,1617
AmazonLight (US1) ,198000,57,10543,33,3358,24,7185,0,0,0,0,0,0,57,10543,33,3358,24,7185
AmazonLight (US1) ,199800,30,2424,18,1374,12,1050,0,0,0,0,0,0,30,2424,18,1374,12,1050
AmazonLight (US1) ,201600,57,10543,33,3358,24,7185,0,0,0,0,0,0,57,10543,33,3358,24,7185
AmazonLight (US1) ,203400,35,4317,19,3016,16,1301,0,0,0,0,0,0,35,4317,19,3016,16,1301
AmazonLight (US1) ,205200,57,10543,33,3358,24,7185,0,0,0,0,0,0,57,10543,33,3358,24,7185
AmazonLight (US1) ,207000,57,10543,33,3358,24,7185,0,0,0,0,0,0,57,10543,33,3358,24,7185
AmazonLight (US1) ,208800,30,2424,18,1374,12,1050,0,0,0,0,0,0,30,2424,18,1374,12,1050
AmazonLight (US1) ,210600,65,13579,35,6002,30,7577,0,0,0,0,0,0,65,13579,35,6002,30,7577
AmazonLight (US1) ,212400,30,2424,18,1374,12,1050,0,0,0,0,0,0,30,2424,18,1374,12,1050
AmazonLight (US1) ,214200,57,10543,33,3358,24,7185,0,0,0,0,0,0,57,10543,33,3358,24,7185
AmazonLight (US1) ,216000,30,2424,18,1374,12,1050,0,0,0,0,0,0,30,2424,18,1374,12,1050
AmazonLight (US1) ,217800,67,12840,37,5229,30,7611,0,0,0,0,0,0,67,12840,37,5229,30,7611
AmazonLight (US1) ,219600,30,2424,18,1374,12,1050,0,0,0,0,0,0,30,2424,18,1374,12,1050
AmazonLight (US1) ,221400,56,10489,32,3304,24,7185,0,0,0,0,0,0,56,10489,32,3304,24,7185
AmazonLight (US1) ,223200,31,2478,19,1428,12,1050,0,0,0,0,0,0,31,2478,19,1428,12,1050
AmazonLight (US1) ,225000,64,13527,35,6004,29,7523,0,0,0,0,0,0,64,13527,35,6004,29,7523
AmazonLight (US1) ,226800,30,2424,18,1374,12,1050,0,0,0,0,0,0,30,2424,18,1374,12,1050
AmazonLight (US1) ,228600,55,10435,32,3304,23,7131,0,0,0,0,0,0,55,10435,32,3304,23,7131
AmazonLight (US1) ,230400,30,2424,18,1374,12,1050,0,0,0,0,0,0,30,2424,18,1374,12,1050
AmazonLight (US1) ,232200,62,12436,34,5000,28,7436,0,0,0,0,0,0,62,12436,34,5000,28,7436
AmazonLight (US1) ,234000,30,2424,18,1374,12,1050,0,0,0,0,0,0,30,2424,18,1374,12,1050
AmazonLight (US1) ,235800,55,10435,32,3304,23,7131,0,0,0,0,0,0,55,10435,32,3304,23,7131
AmazonLight (US1) ,237600,41,5757,23,4248,18,1509,0,0,0,0,0,0,41,5757,23,4248,18,1509
AmazonLight (US1) ,239400,58,10597,33,3358,25,7239,0,0,0,0,0,0,58,10597,33,3358,25,7239
AmazonLight (US1) ,241200,30,2424,18,1374,12,1050,0,0,0,0,0,0,30,2424,18,1374,12,1050
AmazonLight (US1) ,243000,57,10543,33,3358,24,7185,0,0,0,0,0,0,57,10543,33,3358,24,7185
AmazonLight (US1) ,244800,60,12328,34,5000,26,7328,0,0,0,0,0,0,60,12328,34,5000,26,7328
AmazonLight (US1) ,246600,31,2478,18,1374,13,1104,0,0,0,0,0,0,31,2478,18,1374,13,1104
AmazonLight (US1) ,248400,57,10572,33,3358,24,7214,0,0,0,0,0,0,57,10572,33,3358,24,7214
AmazonLight (US1) ,250200,30,2424,18,1374,12,1050,0,0,0,0,0,0,30,2424,18,1374,12,1050
AmazonLight (US1) ,252000,61,13476,34,6061,27,7415,0,0,0,0,0,0,61,13476,34,6061,27,7415
AmazonLight (US1) ,253800,31,2478,18,1374,13,1104,0,0,0,0,0,0,31,2478,18,1374,13,1104
AmazonLight (US1) ,255600,59,10723,34,3448,25,7275,0,0,0,0,0,0,59,10723,34,3448,25,7275
AmazonLight (US1) ,257400,30,2424,18,1374,12,1050,0,0,0,0,0,0,30,2424,18,1374,12,1050
AmazonLight (US1) ,259200,64,12607,36,5140,28,7467,0,0,0,0,0,0,64,12607,36,5140,28,7467
AmazonLight (US1) ,261000,30,2424,18,1374,12,1050,0,0,0,0,0,0,30,2424,18,1374,12,1050
AmazonLight (US1) ,262800,57,10543,33,3358,24,7185,0,0,0,0,0,0,57,10543,33,3358,24,7185
AmazonLight (US1) ,264600,30,2424,18,1374,12,1050,0,0,0,0,0,0,30,2424,18,1374,12,1050
AmazonLight (US1) ,266400,67,13717,36,6057,31,7660,0,0,0,0,0,0,67,13717,36,6057,31,7660
AmazonLight (US1) ,268200,32,3264,18,2104,14,1160,0,0,0,0,0,0,32,3264,18,2104,14,1160
AmazonLight (US1) ,270000,55,10435,32,3304,23,7131,0,0,0,0,0,0,55,10435,32,3304,23,7131
AmazonLight (US1) ,271800,56,10346,33,3568,23,6778,0,0,0,0,0,0,56,10346,33,3568,23,6778
AmazonLight (US1) ,273600,66,12787,37,5230,29,7557,0,0,0,0,0,0,66,12787,37,5230,29,7557
AmazonLight (US1) ,275400,30,2424,18,1374,12,1050,0,0,0,0,0,0,30,2424,18,1374,12,1050
AmazonLight (US1) ,277200,57,10543,33,3358,24,7185,0,0,0,0,0,0,57,10543,33,3358,24,7185
AmazonLight (US1) ,279000,30,2424,18,1374,12,1050,0,0,0,0,0,0,30,2424,18,1374,12,1050
AmazonLight (US1) ,280800,66,13633,36,6056,30,7577,0,0,0,0,0,0,66,13633,36,6056,30,7577
AmazonLight (US1) ,282600,30,2424,18,1374,12,1050,0,0,0,0,0,0,30,2424,18,1374,12,1050
AmazonLight (US1) ,284400,57,10543,33,3358,24,7185,0,0,0,0,0,0,57,10543,33,3358,24,7185
AmazonLight (US1) ,286200,57,10543,33,3358,24,7185,0,0,0,0,0,0,57,10543,33,3358,24,7185
AmazonLight (US1) ,288000,36,4371,20,3070,16,1301,0,0,0,0,0,0,36,4371,20,3070,16,1301
AmazonLight (US1) ,289800,57,10543,33,3358,24,7185,0,0,0,0,0,0,57,10543,33,3358,24,7185
AmazonLight (US1) ,291600,32,2604,19,1464,13,1140,0,0,0,0,0,0,32,2604,19,1464,13,1140
AmazonLight (US1) ,293400,57,10543,33,3358,24,7185,0,0,0,0,0,0,57,10543,33,3358,24,7185
AmazonLight (US1) ,295200,42,5740,23,4213,19,1527,0,0,0,0,0,0,42,5740,23,4213,19,1527
AmazonLight (US1) ,297000,57,10543,33,3358,24,7185,0,0,0,0,0,0,57,10543,33,3358,24,7185
AmazonLight (US1) ,298800,30,2424,18,1374,12,1050,0,0,0,0,0,0,30,2424,18,1374,12,1050
AmazonLight (US1) ,300600,57,10543,33,3358,24,7185,0,0,0,0,0,0,57,10543,33,3358,24,7185
AmazonLight (US1) ,302400,35,4317,19,3016,16,1301,0,0,0,0,0,0,35,4317,19,3016,16,1301
AmazonLight (US1) ,304200,57,10543,33,3358,24,7185,0,0,0,0,0,0,57,10543,33,3358,24,7185
AmazonLight (US1) ,306000,30,2424,18,1374,12,1050,0,0,0,0,0,0,30,2424,18,1374,12,1050
AmazonLight (US1) ,307800,57,10543,33,3358,24,7185,0,0,0,0,0,0,57,10543,33,3358,24,7185
AmazonLight (US1) ,309600,43,5864,23,4247,20,1617,0,0,0,0,0,0,43,5864,23,4247,20,1617
AmazonLight (US1) ,311400,57,10543,33,3358,24,7185,0,0,0,0,0,0,57,10543,33,3358,24,7185
AmazonLight (US1) ,313200,30,2424,18,1374,12,1050,0,0,0,0,0,0,30,2424,18,1374,12,1050
AmazonLight (US1) ,315000,57,10543,33,3358,24,7185,0,0,0,0,0,0,57,10543,33,3358,24,7185
AmazonLight (US1) ,316800,35,4317,19,3016,16,1301,0,0,0,0,0,0,35,4317,19,3016,16,1301
AmazonLight (US1) ,318600,57,10543,33,3358,24,7185,0,0,0,0,0,0,57,10543,33,3358,24,7185
AmazonLight (US1) ,320400,30,2424,18,1374,12,1050,0,0,0,0,0,0,30,2424,18,1374,12,1050
AmazonLight (US1) ,322200,57,10543,33,3358,24,7185,0,0,0,0,0,0,57,10543,33,3358,24,7185
AmazonLight (US1) ,324000,38,5460,20,4018,18,1442,0,0,0,0,0,0,38,5460,20,4018,18,1442
AmazonLight (US1) ,325800,57,10543,33,3358,24,7185,0,0,0,0,0,0,57,10543,33,3358,24,7185
AmazonLight (US1) ,327600,59,10723,34,3448,25,7275,0,0,0,0,0,0,59,10723,34,3448,25,7275
AmazonLight (US1) ,329400,30,2424,18,1374,12,1050,0,0,0,0,0,0,30,2424,18,1374,12,1050
AmazonLight (US1) ,331200,65,12660,36,5139,29,7521,0,0,0,0,0,0,65,12660,36,5139,29,7521
AmazonLight (US1) ,333000,30,2424,18,1374,12,1050,0,0,0,0,0,0,30,2424,18,1374,12,1050
AmazonLight (US1) ,334800,57,10543,33,3358,24,7185,0,0,0,0,0,0,57,10543,33,3358,24,7185
AmazonLight (US1) ,336600,30,2424,18,1374,12,1050,0,0,0,0,0,0,30,2424,18,1374,12,1050
AmazonLight (US1) ,338400,65,13685,35,6108,30,7577,0,0,0,0,0,0,65,13685,35,6108,30,7577
AmazonLight (US1) ,340200,30,2424,18,1374,12,1050,0,0,0,0,0,0,30,2424,18,1374,12,1050
AmazonLight (US1) ,342000,57,10543,33,3358,24,7185,0,0,0,0,0,0,57,10543,33,3358,24,7185
AmazonLight (US1) ,343800,37,4488,22,3210,15,1278,0,0,0,0,0,0,37,4488,22,3210,15,1278
AmazonLight (US1) ,345600,60,10777,34,3448,26,7329,0,0,0,0,0,0,60,10777,34,3448,26,7329
AmazonLight (US1) ,347400,30,2424,18,1374,12,1050,0,0,0,0,0,0,30,2424,18,1374,12,1050
AmazonLight (US1) ,349200,55,10435,32,3304,23,7131,0,0,0,0,0,0,55,10435,32,3304,23,7131
AmazonLight (US1) ,351000,37,5408,20,4020,17,1388,0,0,0,0,0,0,37,5408,20,4020,17,1388
AmazonLight (US1) ,352800,60,11437,33,4088,27,7349,0,0,0,0,0,0,60,11437,33,4088,27,7349
AmazonLight (US1) ,354600,30,2424,18,1374,12,1050,0,0,0,0,0,0,30,2424,18,1374,12,1050
AmazonLight (US1) ,356400,55,10435,32,3304,23,7131,0,0,0,0,0,0,55,10435,32,3304,23,7131
AmazonLight (US1) ,358200,32,4156,19,3017,13,1139,0,0,0,0,0,0,32,4156,19,3017,13,1139
AmazonLight (US1) ,360000,57,10543,33,3358,24,7185,0,0,0,0,0,0,57,10543,33,3358,24,7185
AmazonLight (US1) ,361800,30,2424,18,1374,12,1050,0,0,0,0,0,0,30,2424,18,1374,12,1050
AmazonLight (US1) ,363600,85,18674,49,5642,36,13032,0,0,0,0,0,0,85,18674,49,5642,36,13032
AmazonLight (US1) ,365400,69,13857,38,6195,31,7662,0,0,0,0,0,0,69,13857,38,6195,31,7662
AmazonLight (US1) ,367200,30,2424,18,1374,12,1050,0,0,0,0,0,0,30,2424,18,1374,12,1050
AmazonLight (US1) ,369000,57,10543,33,3358,24,7185,0,0,0,0,0,0,57,10543,33,3358,24,7185
AmazonLight (US1) ,370800,30,2424,18,1374,12,1050,0,0,0,0,0,0,30,2424,18,1374,12,1050
AmazonLight (US1) ,372600,62,12436,34,5000,28,7436,0,0,0,0,0,0,62,12436,34,5000,28,7436
AmazonLight (US1) ,374400,30,2424,18,1374,12,1050,0,0,0,0,0,0,30,2424,18,1374,12,1050
AmazonLight (US1) ,376200,58,10597,34,3412,24,7185,0,0,0,0,0,0,58,10597,34,3412,24,7185
AmazonLight (US1) ,378000,30,2424,18,1374,12,1050,0,0,0,0,0,0,30,2424,18,1374,12,1050
AmazonLight (US1) ,379800,70,14096,38,6344,32,7752,0,0,0,0,0,0,70,14096,38,6344,32,7752
AmazonLight (US1) ,381600,30,2424,18,1374,12,1050,0,0,0,0,0,0,30,2424,18,1374,12,1050
AmazonLight (US1) ,383400,57,10543,33,3358,24,7185,0,0,0,0,0,0,57,10543,33,3358,24,7185
AmazonLight (US1) ,385200,30,2424,18,1374,12,1050,0,0,0,0,0,0,30,2424,18,1374,12,1050
AmazonLight (US1) ,387000,63,12491,34,5001,29,7490,0,0,0,0,0,0,63,12491,34,5001,29,7490
AmazonLight (US1) ,388800,30,2424,18,1374,12,1050,0,0,0,0,0,0,30,2424,18,1374,12,1050
AmazonLight (US1) ,390600,57,10543,33,3358,24,7185,0,0,0,0,0,0,57,10543,33,3358,24,7185
AmazonLight (US1) ,392400,32,2532,18,1374,14,1158,0,0,0,0,0,0,32,2532,18,1374,14,1158
AmazonLight (US1) ,394200,66,13634,35,6003,31,7631,0,0,0,0,0,0,66,13634,35,6003,31,7631
AmazonLight (US1) ,396000,31,2478,18,1374,13,1104,0,0,0,0,0,0,31,2478,18,1374,13,1104
AmazonLight (US1) ,397800,57,10543,33,3358,24,7185,0,0,0,0,0,0,57,10543,33,3358,24,7185
AmazonLight (US1) ,399600,32,2604,19,1464,13,1140,0,0,0,0,0,0,32,2604,19,1464,13,1140
AmazonLight (US1) ,401400,62,12498,36,5139,26,7359,0,0,0,0,0,0,62,12498,36,5139,26,7359
AmazonLight (US1) ,403200,32,2532,18,1374,14,1158,0,0,0,0,0,0,32,2532,18,1374,14,1158
AmazonLight (US1) ,405000,57,10543,33,3358,24,7185,0,0,0,0,0,0,57,10543,33,3358,24,7185
AmazonLight (US1) ,406800,57,10543,33,3358,24,7185,0,0,0,0,0,0,57,10543,33,3358,24,7185
AmazonLight (US1) ,408600,38,5460,20,4018,18,1442,0,0,0,0,0,0,38,5460,20,4018,18,1442
AmazonLight (US1) ,410400,57,10543,33,3358,24,7185,0,0,0,0,0,0,57,10543,33,3358,24,7185
AmazonLight (US1) ,412200,30,2424,18,1374,12,1050,0,0,0,0,0,0,30,2424,18,1374,12,1050
AmazonLight (US1) ,414000,57,10543,33,3358,24,7185,0,0,0,0,0,0,57,10543,33,3358,24,7185
AmazonLight (US1) ,415800,35,4317,20,3070,15,1247,0,0,0,0,0,0,35,4317,20,3070,15,1247
AmazonLight (US1) ,417600,59,10723,34,3448,25,7275,0,0,0,0,0,0,59,10723,34,3448,25,7275
AmazonLight (US1) ,419400,30,2424,18,1374,12,1050,0,0,0,0,0,0,30,2424,18,1374,12,1050
AmazonLight (US1) ,421200,57,10543,33,3358,24,7185,0,0,0,0,0,0,57,10543,33,3358,24,7185
AmazonLight (US1) ,423000,41,5684,22,4157,19,1527,0,0,0,0,0,0,41,5684,22,4157,19,1527
AmazonLight (US1) ,424800,57,10543,33,3358,24,7185,0,0,0,0,0,0,57,10543,33,3358,24,7185
AmazonLight (US1) ,426600,30,2424,18,1374,12,1050,0,0,0,0,0,0,30,2424,18,1374,12,1050
AmazonLight (US1) ,428400,57,10543,33,3358,24,7185,0,0,0,0,0,0,57,10543,33,3358,24,7185
AmazonLight (US1) ,430200,35,4317,19,3016,16,1301,0,0,0,0,0,0,35,4317,19,3016,16,1301
AmazonLight (US1) ,432000,58,10597,34,3412,24,7185,0,0,0,0,0,0,58,10597,34,3412,24,7185
AmazonLight (US1) ,433800,30,2424,18,1374,12,1050,0,0,0,0,0,0,30,2424,18,1374,12,1050
AmazonLight (US1) ,435600,59,10723,34,3448,25,7275,0,0,0,0,0,0,59,10723,34,3448,25,7275
AmazonLight (US1) ,437400,44,6580,23,4943,21,1637,0,0,0,0,0,0,44,6580,23,4943,21,1637
AmazonLight (US1) ,439200,57,10543,33,3358,24,7185,0,0,0,0,0,0,57,10543,33,3358,24,7185
AmazonLight (US1) ,441000,30,2424,18,1374,12,1050,0,0,0,0,0,0,30,2424,18,1374,12,1050
AmazonLight (US1) ,442800,57,10543,33,3358,24,7185,0,0,0,0,0,0,57,10543,33,3358,24,7185
AmazonLight (US1) ,444600,62,12437,34,5001,28,7436,0,0,0,0,0,0,62,12437,34,5001,28,7436
AmazonLight (US1) ,446400,30,2424,18,1374,12,1050,0,0,0,0,0,0,30,2424,18,1374,12,1050
AmazonLight (US1) ,448200,57,10543,33,3358,24,7185,0,0,0,0,0,0,57,10543,33,3358,24,7185
AmazonLight (US1) ,450000,30,2424,18,1374,12,1050,0,0,0,0,0,0,30,2424,18,1374,12,1050
AmazonLight (US1) ,451800,91,21502,50,8197,41,13305,0,0,0,0,0,0,91,21502,50,8197,41,13305
AmazonLight (US1) ,453600,32,2604,19,1464,13,1140,0,0,0,0,0,0,32,2604,19,1464,13,1140
AmazonLight (US1) ,455400,57,10543,33,3358,24,7185,0,0,0,0,0,0,57,10543,33,3358,24,7185
AmazonLight (US1) ,457200,37,4487,21,3155,16,1332,0,0,0,0,0,0,37,4487,21,3155,16,1332
AmazonLight (US1) ,459000,56,10489,32,3304,24,7185,0,0,0,0,0,0,56,10489,32,3304,24,7185
AmazonLight (US1) ,460800,30,2424,18,1374,12,1050,0,0,0,0,0,0,30,2424,18,1374,12,1050
AmazonLight (US1) ,462600,56,10489,32,3304,24,7185,0,0,0,0,0,0,56,10489,32,3304,24,7185
AmazonLight (US1) ,464400,37,5406,20,4018,17,1388,0,0,0,0,0,0,37,5406,20,4018,17,1388
AmazonLight (US1) ,466200,55,10435,31,3250,24,7185,0,0,0,0,0,0,55,10435,31,3250,24,7185
AmazonLight (US1) ,468000,30,2424,18,1374,12,1050,0,0,0,0,0,0,30,2424,18,1374,12,1050
AmazonLight (US1) ,469800,57,10543,33,3358,24,7185,0,0,0,0,0,0,57,10543,33,3358,24,7185
AmazonLight (US1) ,471600,40,4721,22,3245,18,1476,0,0,0,0,0,0,40,4721,22,3245,18,1476
AmazonLight (US1) ,473400,57,10543,33,3358,24,7185,0,0,0,0,0,0,57,10543,33,3358,24,7185
AmazonLight (US1) ,475200,30,2424,18,1374,12,1050,0,0,0,0,0,0,30,2424,18,1374,12,1050
AmazonLight (US1) ,477000,57,10543,33,3358,24,7185,0,0,0,0,0,0,57,10543,33,3358,24,7185
AmazonLight (US1) ,478800,38,5566,20,4124,18,1442,0,0,0,0,0,0,38,5566,20,4124,18,1442
AmazonLight (US1) ,480600,57,10543,33,3358,24,7185,0,0,0,0,0,0,57,10543,33,3358,24,7185
AmazonLight (US1) ,482400,30,2424,18,1374,12,1050,0,0,0,0,0,0,30,2424,18,1374,12,1050
AmazonLight (US1) ,484200,57,10543,33,3358,24,7185,0,0,0,0,0,0,57,10543,33,3358,24,7185
AmazonLight (US1) ,486000,62,12437,34,5001,28,7436,0,0,0,0,0,0,62,12437,34,5001,28,7436
AmazonLight (US1) ,487800,30,2424,18,1374,12,1050,0,0,0,0,0,0,30,2424,18,1374,12,1050
AmazonLight (US1) ,489600,61,10831,34,3448,27,7383,0,0,0,0,0,0,61,10831,34,3448,27,7383
AmazonLight (US1) ,491400,30,2424,18,1374,12,1050,0,0,0,0,0,0,30,2424,18,1374,12,1050
AmazonLight (US1) ,493200,68,13803,37,6141,31,7662,0,0,0,0,0,0,68,13803,37,6141,31,7662
AmazonLight (US1) ,495000,30,2424,18,1374,12,1050,0,0,0,0,0,0,30,2424,18,1374,12,1050
AmazonLight (US1) ,496800,57,10543,33,3358,24,7185,0,0,0,0,0,0,57,10543,33,3358,24,7185
AmazonLight (US1) ,498600,30,2424,18,1374,12,1050,0,0,0,0,0,0,30,2424,18,1374,12,1050
AmazonLight (US1) ,500400,62,12436,34,5000,28,7436,0,0,0,0,0,0,62,12436,34,5000,28,7436
AmazonLight (US1) ,502200,30,2424,18,1374,12,1050,0,0,0,0,0,0,30,2424,18,1374,12,1050
AmazonLight (US1) ,504000,55,10435,32,3304,23,7131,0,0,0,0,0,0,55,10435,32,3304,23,7131
AmazonLight (US1) ,505800,32,2604,19,1464,13,1140,0,0,0,0,0,0,32,2604,19,1464,13,1140
AmazonLight (US1) ,507600,68,13918,37,6256,31,7662,0,0,0,0,0,0,68,13918,37,6256,31,7662
AmazonLight (US1) ,509400,30,2424,18,1374,12,1050,0,0,0,0,0,0,30,2424,18,1374,12,1050
AmazonLight (US1) ,511200,57,10543,33,3358,24,7185,0,0,0,0,0,0,57,10543,33,3358,24,7185
AmazonLight (US1) ,513000,30,2424,18,1374,12,1050,0,0,0,0,0,0,30,2424,18,1374,12,1050
AmazonLight (US1) ,514800,62,12437,34,5001,28,7436,0,0,0,0,0,0,62,12437,34,5001,28,7436
AmazonLight (US1) ,516600,30,2424,18,1374,12,1050,0,0,0,0,0,0,30,2424,18,1374,12,1050
AmazonLight (US1) ,518400,56,10489,32,3304,24,7185,0,0,0,0,0,0,56,10489,32,3304,24,7185
AmazonLight (US1) ,520200,30,2424,18,1374,12,1050,0,0,0,0,0,0,30,2424,18,1374,12,1050
AmazonLight (US1) ,522000,70,14645,37,6873,33,7772,0,0,0,0,0,0,70,14645,37,6873,33,7772
AmazonLight (US1) ,523800,57,10615,33,3394,24,7221,0,0,0,0,0,0,57,10615,33,3394,24,7221
AmazonLight (US1) ,525600,30,2424,18,1374,12,1050,0,0,0,0,0,0,30,2424,18,1374,12,1050
AmazonLight (US1) ,527400,57,10543,33,3358,24,7185,0,0,0,0,0,0,57,10543,33,3358,24,7185
AmazonLight (US1) ,529200,35,4318,19,3017,16,1301,0,0,0,0,0,0,35,4318,19,3017,16,1301
AmazonLight (US1) ,531000,57,10572,33,3358,24,7214,0,0,0,0,0,0,57,10572,33,3358,24,7214
AmazonLight (US1) ,532800,30,2424,18,1374,12,1050,0,0,0,0,0,0,30,2424,18,1374,12,1050
AmazonLight (US1) ,534600,55,10435,32,3304,23,7131,0,0,0,0,0,0,55,10435,32,3304,23,7131
AmazonLight (US1) ,536400,38,5460,20,4018,18,1442,0,0,0,0,0,0,38,5460,20,4018,18,1442
AmazonLight (US1) ,538200,57,10543,33,3358,24,7185,0,0,0,0,0,0,57,10543,33,3358,24,7185
AmazonLight (US1) ,540000,32,2604,19,1464,13,1140,0,0,0,0,0,0,32,2604,19,1464,13,1140
AmazonLight (US1) ,541800,57,10543,33,3358,24,7185,0,0,0,0,0,0,57,10543,33,3358,24,7185
AmazonLight (US1) ,543600,38,4541,21,3155,17,1386,0,0,0,0,0,0,38,4541,21,3155,17,1386
AmazonLight (US1) ,545400,83,18422,48,5552,35,12870,0,0,0,0,0,0,83,18422,48,5552,35,12870
AmazonLight (US1) ,547200,30,2424,18,1374,12,1050,0,0,0,0,0,0,30,2424,18,1374,12,1050
AmazonLight (US1) ,549000,54,10410,31,3250,23,7160,0,0,0,0,0,0,54,10410,31,3250,23,7160
AmazonLight (US1) ,550800,38,5461,20,4019,18,1442,0,0,0,0,0,0,38,5461,20,4019,18,1442
AmazonLight (US1) ,552600,57,10543,33,3358,24,7185,0,0,0,0,0,0,57,10543,33,3358,24,7185
AmazonLight (US1) ,554400,30,2424,18,1374,12,1050,0,0,0,0,0,0,30,2424,18,1374,12,1050
AmazonLight (US1) ,556200,65,12732,37,5229,28,7503,0,0,0,0,0,0,65,12732,37,5229,28,7503
AmazonLight (US1) ,558000,31,2478,18,1374,13,1104,0,0,0,0,0,0,31,2478,18,1374,13,1104
AmazonLight (US1) ,559800,57,10543,33,3358,24,7185,0,0,0,0,0,0,57,10543,33,3358,24,7185
AmazonLight (US1) ,561600,57,10543,33,3358,24,7185,0,0,0,0,0,0,57,10543,33,3358,24,7185
AmazonLight (US1) ,563400,38,5461,21,4073,17,1388,0,0,0,0,0,0,38,5461,21,4073,17,1388
AmazonLight (US1) ,565200,58,10597,33,3358,25,7239,0,0,0,0,0,0,58,10597,33,3358,25,7239
AmazonLight (US1) ,567000,30,2424,18,1374,12,1050,0,0,0,0,0,0,30,2424,18,1374,12,1050
AmazonLight (US1) ,568800,57,10543,33,3358,24,7185,0,0,0,0,0,0,57,10543,33,3358,24,7185
AmazonLight (US1) ,570600,34,4263,19,3016,15,1247,0,0,0,0,0,0,34,4263,19,3016,15,1247
AmazonLight (US1) ,572400,55,10435,32,3304,23,7131,0,0,0,0,0,0,55,10435,32,3304,23,7131
AmazonLight (US1) ,574200,32,2604,19,1464,13,1140,0,0,0,0,0,0,32,2604,19,1464,13,1140
AmazonLight (US1) ,576000,55,10435,32,3304,23,7131,0,0,0,0,0,0,55,10435,32,3304,23,7131
AmazonLight (US1) ,577800,42,5738,23,4211,19,1527,0,0,0,0,0,0,42,5738,23,4211,19,1527
AmazonLight (US1) ,579600,57,10543,33,3358,24,7185,0,0,0,0,0,0,57,10543,33,3358,24,7185
AmazonLight (US1) ,581400,30,2424,18,1374,12,1050,0,0,0,0,0,0,30,2424,18,1374,12,1050
AmazonLight (US1) ,583200,57,10543,33,3358,24,7185,0,0,0,0,0,0,57,10543,33,3358,24,7185
AmazonLight (US1) ,585000,35,4317,19,3016,16,1301,0,0,0,0,0,0,35,4317,19,3016,16,1301
AmazonLight (US1) ,586800,57,10543,33,3358,24,7185,0,0,0,0,0,0,57,10543,33,3358,24,7185
AmazonLight (US1) ,588600,30,2424,18,1374,12,1050,0,0,0,0,0,0,30,2424,18,1374,12,1050
AmazonLight (US1) ,590400,57,10543,33,3358,24,7185,0,0,0,0,0,0,57,10543,33,3358,24,7185
AmazonLight (US1) ,592200,41,5684,22,4157,19,1527,0,0,0,0,0,0,41,5684,22,4157,19,1527
AmazonLight (US1) ,594000,59,10723,34,3448,25,7275,0,0,0,0,0,0,59,10723,34,3448,25,7275
AmazonLight (US1) ,595800,30,2424,18,1374,12,1050,0,0,0,0,0,0,30,2424,18,1374,12,1050
AmazonLight (US1) ,597600,57,10543,33,3358,24,7185,0,0,0,0,0,0,57,10543,33,3358,24,7185
AmazonLight (US1) ,599400,35,4317,20,3070,15,1247,0,0,0,0,0,0,35,4317,20,3070,15,1247
AmazonLight (US1) ,601200,57,10543,33,3358,24,7185,0,0,0,0,0,0,57,10543,33,3358,24,7185
AmazonLight (US1) ,603000,57,10543,33,3358,24,7185,0,0,0,0,0,0,57,10543,33,3358,24,7185
