Device,StartTime,Frames,Bytes,TxFrames,TxBytes,RxFrames,RxBytes,LanFrames,LanBytes,LanTxFrames,LanTxBytes,LanRxFrames,LanRxBytes,WanFrames,WanBytes,WanTxFrames,WanTxBytes,WanRxFrames,WanRxBytes
DreamGlassAir (US),0,8142,3960665,8125,3959194,17,1471,8096,3956592,8096,3956592,0,0,46,4073,29,2602,17,1471
DreamGlassAir (US),1800,8129,3959375,8118,3958374,11,1001,8096,3956592,8096,3956592,0,0,33,2783,22,1782,11,1001
DreamGlassAir (US),3600,8139,3960503,8123,3959086,16,1417,8096,3956592,8096,3956592,0,0,43,3911,27,2494,16,1417
DreamGlassAir (US),5400,8130,3957024,8118,3955932,12,1092,8094,3953988,8094,3953988,0,0,36,3036,24,1944,12,1092
DreamGlassAir (US),7200,8139,3960503,8123,3959086,16,1417,8096,3956592,8096,3956592,0,0,43,3911,27,2494,16,1417
DreamGlassAir (US),9000,8129,3959375,8118,3958374,11,1001,8096,3956592,8096,3956592,0,0,33,2783,22,1782,11,1001
DreamGlassAir (US),10800,8137,3957899,8121,3956482,16,1417,8094,3953988,8094,3953988,0,0,43,3911,27,2494,16,1417
DreamGlassAir (US),12600,8150,3965283,8130,3963032,20,2251,8096,3956592,8096,3956592,0,0,54,8691,34,6440,20,2251
DreamGlassAir (US),14400,8137,3957899,8121,3956482,16,1417,8094,3953988,8094,3953988,0,0,43,3911,27,2494,16,1417
DreamGlassAir (US),16200,8129,3959375,8118,3958374,11,1001,8096,3956592,8096,3956592,0,0,33,2783,22,1782,11,1001
DreamGlassAir (US),18000,8137,3957899,8121,3956482,16,1417,8094,3953988,8094,3953988,0,0,43,3911,27,2494,16,1417
DreamGlassAir (US),19800,8133,3959694,8120,3958536,13,1158,8096,3956592,8096,3956592,0,0,37,3102,24,1944,13,1158
DreamGlassAir (US),21600,8139,3960503,8123,3959086,16,1417,8096,3956592,8096,3956592,0,0,43,3911,27,2494,16,1417
DreamGlassAir (US),23400,8180,3964741,8146,3959544,34,5197,8094,3953988,8094,3953988,0,0,86,10753,52,5556,34,5197
DreamGlassAir (US),25200,8142,3960756,8125,3959248,17,1508,8096,3956592,8096,3956592,0,0,46,4164,29,2656,17,1508
DreamGlassAir (US),27000,8129,3959375,8118,3958374,11,1001,8096,3956592,8096,3956592,0,0,33,2783,22,1782,11,1001
DreamGlassAir (US),28800,8137,3957899,8121,3956482,16,1417,8094,3953988,8094,3953988,0,0,43,3911,27,2494,16,1417
DreamGlassAir (US),30600,8129,3959375,8118,3958374,11,1001,8096,3956592,8096,3956592,0,0,33,2783,22,1782,11,1001
DreamGlassAir (US),32400,8140,3960599,8124,3959182,16,1417,8096,3956592,8096,3956592,0,0,44,4007,28,2590,16,1417
DreamGlassAir (US),34200,8129,3956928,8117,3955836,12,1092,8094,3953988,8094,3953988,0,0,35,2940,23,1848,12,1092
DreamGlassAir (US),36000,8139,3960503,8123,3959086,16,1417,8096,3956592,8096,3956592,0,0,43,3911,27,2494,16,1417
DreamGlassAir (US),37800,8127,3956771,8116,3955770,11,1001,8094,3953988,8094,3953988,0,0,33,2783,22,1782,11,1001
DreamGlassAir (US),39600,8139,3960503,8123,3959086,16,1417,8096,3956592,8096,3956592,0,0,43,3911,27,2494,16,1417
DreamGlassAir (US),41400,8132,3959628,8120,3958536,12,1092,8096,3956592,8096,3956592,0,0,36,3036,24,1944,12,1092
DreamGlassAir (US),43200,8139,3960503,8123,3959086,16,1417,8096,3956592,8096,3956592,0,0,43,3911,27,2494,16,1417
DreamGlassAir (US),45000,8127,3956771,8116,3955770,11,1001,8094,3953988,8094,3953988,0,0,33,2783,22,1782,11,1001
DreamGlassAir (US),46800,8139,3960503,8123,3959086,16,1417,8096,3956592,8096,3956592,0,0,43,3911,27,2494,16,1417
DreamGlassAir (US),48600,8132,3959628,8120,3958536,12,1092,8096,3956592,8096,3956592,0,0,36,3036,24,1944,12,1092
DreamGlassAir (US),50400,8021,3895484,7998,3892870,23,2614,7960,3889260,7960,3889260,0,0,61,6224,38,3610,23,2614
DreamGlassAir (US),52200,8129,3959375,8118,3958374,11,1001,8096,3956592,8096,3956592,0,0,33,2783,22,1782,11,1001
DreamGlassAir (US),54000,8139,3960503,8123,3959086,16,1417,8096,3956592,8096,3956592,0,0,43,3911,27,2494,16,1417
DreamGlassAir (US),55800,8130,3957024,8118,3955932,12,1092,8094,3953988,8094,3953988,0,0,36,3036,24,1944,12,1092
DreamGlassAir (US),57600,8023,3898094,8000,3895474,23,2620,7962,3891864,7962,3891864,0,0,61,6230,38,3610,23,2620
DreamGlassAir (US),59400,8129,3959375,8118,3958374,11,1001,8096,3956592,8096,3956592,0,0,33,2783,22,1782,11,1001
DreamGlassAir (US),61200,8137,3957899,8121,3956482,16,1417,8094,3953988,8094,3953988,0,0,43,3911,27,2494,16,1417
DreamGlassAir (US),63000,8186,3966530,8151,3962341,35,4189,8096,3956592,8096,3956592,0,0,90,9938,55,5749,35,4189
DreamGlassAir (US),64800,8139,3960503,8123,3959086,16,1417,8096,3956592,8096,3956592,0,0,43,3911,27,2494,16,1417
DreamGlassAir (US),66600,8130,3957024,8118,3955932,12,1092,8094,3953988,8094,3953988,0,0,36,3036,24,1944,12,1092
DreamGlassAir (US),68400,8140,3960569,8123,3959086,17,1483,8096,3956592,8096,3956592,0,0,44,3977,27,2494,17,1483
DreamGlassAir (US),70200,8127,3956771,8116,3955770,11,1001,8094,3953988,8094,3953988,0,0,33,2783,22,1782,11,1001
DreamGlassAir (US),72000,8139,3960503,8123,3959086,16,1417,8096,3956592,8096,3956592,0,0,43,3911,27,2494,16,1417
DreamGlassAir (US),73800,8130,3957024,8118,3955932,12,1092,8094,3953988,8094,3953988,0,0,36,3036,24,1944,12,1092
DreamGlassAir (US),75600,8139,3960503,8123,3959086,16,1417,8096,3956592,8096,3956592,0,0,43,3911,27,2494,16,1417
DreamGlassAir (US),77400,8151,3966576,8133,3960564,18,6012,8096,3956592,8096,3956592,0,0,55,9984,37,3972,18,6012
DreamGlassAir (US),79200,8133,3955794,8116,3954267,17,1527,8088,3951663,8088,3951663,0,0,45,4131,28,2604,17,1527
DreamGlassAir (US),81000,8132,3959628,8120,3958536,12,1092,8096,3956592,8096,3956592,0,0,36,3036,24,1944,12,1092
DreamGlassAir (US),82800,8139,3960503,8123,3959086,16,1417,8096,3956592,8096,3956592,0,0,43,3911,27,2494,16,1417
DreamGlassAir (US),84600,8127,3956771,8116,3955770,11,1001,8094,3953988,8094,3953988,0,0,33,2783,22,1782,11,1001
DreamGlassAir (US),86400,8139,3960503,8123,3959086,16,1417,8096,3956592,8096,3956592,0,0,43,3911,27,2494,16,1417
DreamGlassAir (US),88200,8130,3957024,8118,3955932,12,1092,8094,3953988,8094,3953988,0,0,36,3036,24,1944,12,1092
DreamGlassAir (US),90000,8023,3898095,8000,3895474,23,2621,7962,3891864,7962,3891864,0,0,61,6231,38,3610,23,2621
DreamGlassAir (US),91800,8129,3959375,8118,3958374,11,1001,8096,3956592,8096,3956592,0,0,33,2783,22,1782,11,1001
DreamGlassAir (US),93600,8138,3960093,8122,3958676,16,1417,8095,3956182,8095,3956182,0,0,43,3911,27,2494,16,1417
DreamGlassAir (US),95400,8130,3957024,8118,3955932,12,1092,8094,3953988,8094,3953988,0,0,36,3036,24,1944,12,1092
DreamGlassAir (US),97200,8139,3960503,8123,3959086,16,1417,8096,3956592,8096,3956592,0,0,43,3911,27,2494,16,1417
DreamGlassAir (US),99000,8147,3965064,8128,3962904,19,2160,8096,3956592,8096,3956592,0,0,51,8472,32,6312,19,2160
DreamGlassAir (US),100800,8137,3957899,8121,3956482,16,1417,8094,3953988,8094,3953988,0,0,43,3911,27,2494,16,1417
DreamGlassAir (US),102600,8189,3967815,8153,3962472,36,5343,8096,3956592,8096,3956592,0,0,93,11223,57,5880,36,5343
DreamGlassAir (US),104400,8139,3960503,8123,3959086,16,1417,8096,3956592,8096,3956592,0,0,43,3911,27,2494,16,1417
DreamGlassAir (US),106200,8130,3957024,8118,3955932,12,1092,8094,3953988,8094,3953988,0,0,36,3036,24,1944,12,1092
DreamGlassAir (US),108000,8139,3960503,8123,3959086,16,1417,8096,3956592,8096,3956592,0,0,43,3911,27,2494,16,1417
DreamGlassAir (US),109800,8129,3959375,8118,3958374,11,1001,8096,3956592,8096,3956592,0,0,33,2783,22,1782,11,1001
DreamGlassAir (US),111600,8137,3957899,8121,3956482,16,1417,8094,3953988,8094,3953988,0,0,43,3911,27,2494,16,1417
DreamGlassAir (US),113400,8132,3959628,8120,3958536,12,1092,8096,3956592,8096,3956592,0,0,36,3036,24,1944,12,1092
DreamGlassAir (US),115200,8139,3960503,8123,3959086,16,1417,8096,3956592,8096,3956592,0,0,43,3911,27,2494,16,1417
DreamGlassAir (US),117000,8127,3956771,8116,3955770,11,1001,8094,3953988,8094,3953988,0,0,33,2783,22,1782,11,1001
DreamGlassAir (US),118800,8139,3960503,8123,3959086,16,1417,8096,3956592,8096,3956592,0,0,43,3911,27,2494,16,1417
DreamGlassAir (US),120600,8130,3957024,8118,3955932,12,1092,8094,3953988,8094,3953988,0,0,36,3036,24,1944,12,1092
DreamGlassAir (US),122400,8139,3960503,8123,3959086,16,1417,8096,3956592,8096,3956592,0,0,43,3911,27,2494,16,1417
DreamGlassAir (US),124200,8127,3956771,8116,3955770,11,1001,8094,3953988,8094,3953988,0,0,33,2783,22,1782,11,1001
DreamGlassAir (US),126000,8139,3960503,8123,3959086,16,1417,8096,3956592,8096,3956592,0,0,43,3911,27,2494,16,1417
DreamGlassAir (US),127800,8147,3961648,8131,3959632,16,2016,8096,3956592,8096,3956592,0,0,51,5056,35,3040,16,2016
DreamGlassAir (US),129600,8143,3958894,8127,3956880,16,2014,8094,3953988,8094,3953988,0,0,49,4906,33,2892,16,2014
DreamGlassAir (US),131400,8129,3959375,8118,3958374,11,1001,8096,3956592,8096,3956592,0,0,33,2783,22,1782,11,1001
DreamGlassAir (US),133200,8139,3960503,8123,3959086,16,1417,8096,3956592,8096,3956592,0,0,43,3911,27,2494,16,1417
DreamGlassAir (US),135000,8011,3891860,7992,3889608,19,2252,7958,3886656,7958,3886656,0,0,53,5204,34,2952,19,2252
DreamGlassAir (US),136800,8139,3960503,8123,3959086,16,1417,8096,3956592,8096,3956592,0,0,43,3911,27,2494,16,1417
DreamGlassAir (US),138600,8133,3959694,8120,3958536,13,1158,8096,3956592,8096,3956592,0,0,37,3102,24,1944,13,1158
DreamGlassAir (US),140400,8139,3960503,8123,3959086,16,1417,8096,3956592,8096,3956592,0,0,43,3911,27,2494,16,1417
DreamGlassAir (US),142200,8186,3964241,8150,3959929,36,4312,8094,3953988,8094,3953988,0,0,92,10253,56,5941,36,4312
DreamGlassAir (US),144000,8140,3960569,8123,3959086,17,1483,8096,3956592,8096,3956592,0,0,44,3977,27,2494,17,1483
DreamGlassAir (US),145800,8133,3959694,8120,3958536,13,1158,8096,3956592,8096,3956592,0,0,37,3102,24,1944,13,1158
DreamGlassAir (US),147600,8137,3957899,8121,3956482,16,1417,8094,3953988,8094,3953988,0,0,43,3911,27,2494,16,1417
DreamGlassAir (US),149400,8129,3959375,8118,3958374,11,1001,8096,3956592,8096,3956592,0,0,33,2783,22,1782,11,1001
DreamGlassAir (US),151200,8139,3960503,8123,3959086,16,1417,8096,3956592,8096,3956592,0,0,43,3911,27,2494,16,1417
DreamGlassAir (US),153000,8130,3957024,8118,3955932,12,1092,8094,3953988,8094,3953988,0,0,36,3036,24,1944,12,1092
DreamGlassAir (US),154800,8139,3960503,8123,3959086,16,1417,8096,3956592,8096,3956592,0,0,43,3911,27,2494,16,1417
DreamGlassAir (US),156600,8130,3959441,8118,3958374,12,1067,8096,3956592,8096,3956592,0,0,34,2849,22,1782,12,1067
DreamGlassAir (US),158400,8137,3957899,8121,3956482,16,1417,8094,3953988,8094,3953988,0,0,43,3911,27,2494,16,1417
DreamGlassAir (US),160200,8133,3959694,8120,3958536,13,1158,8096,3956592,8096,3956592,0,0,37,3102,24,1944,13,1158
DreamGlassAir (US),162000,8137,3957899,8121,3956482,16,1417,8094,3953988,8094,3953988,0,0,43,3911,27,2494,16,1417
DreamGlassAir (US),163800,8149,3966430,8131,3960416,18,6014,8096,3956592,8096,3956592,0,0,53,9838,35,3824,18,6014
DreamGlassAir (US),165600,8140,3960569,8123,3959086,17,1483,8096,3956592,8096,3956592,0,0,44,3977,27,2494,17,1483
DreamGlassAir (US),167400,8132,3957244,8119,3956042,13,1202,8094,3953988,8094,3953988,0,0,38,3256,25,2054,13,1202
DreamGlassAir (US),169200,8139,3960503,8123,3959086,16,1417,8096,3956592,8096,3956592,0,0,43,3911,27,2494,16,1417
DreamGlassAir (US),171000,8127,3956771,8116,3955770,11,1001,8094,3953988,8094,3953988,0,0,33,2783,22,1782,11,1001
DreamGlassAir (US),172800,8139,3960503,8123,3959086,16,1417,8096,3956592,8096,3956592,0,0,43,3911,27,2494,16,1417
DreamGlassAir (US),174600,8132,3959628,8120,3958536,12,1092,8096,3956592,8096,3956592,0,0,36,3036,24,1944,12,1092
DreamGlassAir (US),176400,8137,3957899,8121,3956482,16,1417,8094,3953988,8094,3953988,0,0,43,3911,27,2494,16,1417
DreamGlassAir (US),178200,8129,3959375,8118,3958374,11,1001,8096,3956592,8096,3956592,0,0,33,2783,22,1782,11,1001
DreamGlassAir (US),180000,8137,3957899,8121,3956482,16,1417,8094,3953988,8094,3953988,0,0,43,3911,27,2494,16,1417
DreamGlassAir (US),181800,8187,3967703,8152,3962418,35,5285,8096,3956592,8096,3956592,0,0,91,11111,56,5826,35,5285
DreamGlassAir (US),183600,8139,3960503,8123,3959086,16,1417,8096,3956592,8096,3956592,0,0,43,3911,27,2494,16,1417
DreamGlassAir (US),185400,8148,3962712,8128,3960466,20,2246,8094,3953988,8094,3953988,0,0,54,8724,34,6478,20,2246
DreamGlassAir (US),187200,8139,3960503,8123,3959086,16,1417,8096,3956592,8096,3956592,0,0,43,3911,27,2494,16,1417
DreamGlassAir (US),189000,8129,3959375,8118,3958374,11,1001,8096,3956592,8096,3956592,0,0,33,2783,22,1782,11,1001
DreamGlassAir (US),190800,8139,3960503,8123,3959086,16,1417,8096,3956592,8096,3956592,0,0,43,3911,27,2494,16,1417
DreamGlassAir (US),192600,8132,3957156,8118,3955932,14,1224,8094,3953988,8094,3953988,0,0,38,3168,24,1944,14,1224
DreamGlassAir (US),194400,8023,3898085,8000,3895474,23,2611,7962,3891864,7962,3891864,0,0,61,6221,38,3610,23,2611
DreamGlassAir (US),196200,8129,3959375,8118,3958374,11,1001,8096,3956592,8096,3956592,0,0,33,2783,22,1782,11,1001
DreamGlassAir (US),198000,8140,3958152,8123,3956644,17,1508,8094,3953988,8094,3953988,0,0,46,4164,29,2656,17,1508
DreamGlassAir (US),199800,8129,3959375,8118,3958374,11,1001,8096,3956592,8096,3956592,0,0,33,2783,22,1782,11,1001
DreamGlassAir (US),201600,8139,3960503,8123,3959086,16,1417,8096,3956592,8096,3956592,0,0,43,3911,27,2494,16,1417
DreamGlassAir (US),203400,8127,3956771,8116,3955770,11,1001,8094,3953988,8094,3953988,0,0,33,2783,22,1782,11,1001
DreamGlassAir (US),205200,8142,3960756,8125,3959248,17,1508,8096,3956592,8096,3956592,0,0,46,4164,29,2656,17,1508
DreamGlassAir (US),207000,8129,3959375,8118,3958374,11,1001,8096,3956592,8096,3956592,0,0,33,2783,22,1782,11,1001
DreamGlassAir (US),208800,8137,3957899,8121,3956482,16,1417,8094,3953988,8094,3953988,0,0,43,3911,27,2494,16,1417
DreamGlassAir (US),210600,8129,3959375,8118,3958374,11,1001,8096,3956592,8096,3956592,0,0,33,2783,22,1782,11,1001
DreamGlassAir (US),212400,8143,3960822,8125,3959248,18,1574,8096,3956592,8096,3956592,0,0,47,4230,29,2656,18,1574
DreamGlassAir (US),214200,8127,3956771,8116,3955770,11,1001,8094,3953988,8094,3953988,0,0,33,2783,22,1782,11,1001
DreamGlassAir (US),216000,8139,3960503,8123,3959086,16,1417,8096,3956592,8096,3956592,0,0,43,3911,27,2494,16,1417
DreamGlassAir (US),217800,8127,3956771,8116,3955770,11,1001,8094,3953988,8094,3953988,0,0,33,2783,22,1782,11,1001
DreamGlassAir (US),219600,8142,3960756,8125,3959248,17,1508,8096,3956592,8096,3956592,0,0,46,4164,29,2656,17,1508
DreamGlassAir (US),221400,8182,3966260,8148,3962149,34,4111,8096,3956592,8096,3956592,0,0,86,9668,52,5557,34,4111
DreamGlassAir (US),223200,8137,3957899,8121,3956482,16,1417,8094,3953988,8094,3953988,0,0,43,3911,27,2494,16,1417
DreamGlassAir (US),225000,8133,3959694,8120,3958536,13,1158,8096,3956592,8096,3956592,0,0,37,3102,24,1944,13,1158
DreamGlassAir (US),226800,8140,3960557,8124,3959140,16,1417,8096,3956592,8096,3956592,0,0,44,3965,28,2548,16,1417
DreamGlassAir (US),228600,8127,3956771,8116,3955770,11,1001,8094,3953988,8094,3953988,0,0,33,2783,22,1782,11,1001
DreamGlassAir (US),230400,8139,3960503,8123,3959086,16,1417,8096,3956592,8096,3956592,0,0,43,3911,27,2494,16,1417
DreamGlassAir (US),232200,8133,3959694,8120,3958536,13,1158,8096,3956592,8096,3956592,0,0,37,3102,24,1944,13,1158
DreamGlassAir (US),234000,8137,3957899,8121,3956482,16,1417,8094,3953988,8094,3953988,0,0,43,3911,27,2494,16,1417
DreamGlassAir (US),235800,8129,3959375,8118,3958374,11,1001,8096,3956592,8096,3956592,0,0,33,2783,22,1782,11,1001
DreamGlassAir (US),237600,8137,3957899,8121,3956482,16,1417,8094,3953988,8094,3953988,0,0,43,3911,27,2494,16,1417
DreamGlassAir (US),239400,8132,3959628,8120,3958536,12,1092,8096,3956592,8096,3956592,0,0,36,3036,24,1944,12,1092
DreamGlassAir (US),241200,8140,3960557,8124,3959140,16,1417,8096,3956592,8096,3956592,0,0,44,3965,28,2548,16,1417
DreamGlassAir (US),243000,8128,3956837,8116,3955770,12,1067,8094,3953988,8094,3953988,0,0,34,2849,22,1782,12,1067
DreamGlassAir (US),244800,8140,3960569,8123,3959086,17,1483,8096,3956592,8096,3956592,0,0,44,3977,27,2494,17,1483
DreamGlassAir (US),246600,8011,3891861,7992,3889608,19,2253,7958,3886656,7958,3886656,0,0,53,5205,34,2952,19,2253
DreamGlassAir (US),248400,8139,3960503,8123,3959086,16,1417,8096,3956592,8096,3956592,0,0,43,3911,27,2494,16,1417
DreamGlassAir (US),250200,8153,3966749,8133,3960564,20,6185,8096,3956592,8096,3956592,0,0,57,10157,37,3972,20,6185
DreamGlassAir (US),252000,8142,3960756,8125,3959248,17,1508,8096,3956592,8096,3956592,0,0,46,4164,29,2656,17,1508
DreamGlassAir (US),253800,8127,3956771,8116,3955770,11,1001,8094,3953988,8094,3953988,0,0,33,2783,22,1782,11,1001
DreamGlassAir (US),255600,8141,3960723,8124,3959196,17,1527,8096,3956592,8096,3956592,0,0,45,4131,28,2604,17,1527
DreamGlassAir (US),257400,8127,3956771,8116,3955770,11,1001,8094,3953988,8094,3953988,0,0,33,2783,22,1782,11,1001
DreamGlassAir (US),259200,8142,3960756,8125,3959248,17,1508,8096,3956592,8096,3956592,0,0,46,4164,29,2656,17,1508
DreamGlassAir (US),261000,8189,3968001,8153,3962586,36,5415,8096,3956592,8096,3956592,0,0,93,11409,57,5994,36,5415
DreamGlassAir (US),262800,8137,3957899,8121,3956482,16,1417,8094,3953988,8094,3953988,0,0,43,3911,27,2494,16,1417
DreamGlassAir (US),264600,8132,3959628,8120,3958536,12,1092,8096,3956592,8096,3956592,0,0,36,3036,24,1944,12,1092
DreamGlassAir (US),266400,8139,3960503,8123,3959086,16,1417,8096,3956592,8096,3956592,0,0,43,3911,27,2494,16,1417
DreamGlassAir (US),268200,8129,3959375,8118,3958374,11,1001,8096,3956592,8096,3956592,0,0,33,2783,22,1782,11,1001
DreamGlassAir (US),270000,8138,3957965,8121,3956482,17,1483,8094,3953988,8094,3953988,0,0,44,3977,27,2494,17,1483
DreamGlassAir (US),271800,8150,3965327,8130,3963076,20,2251,8096,3956592,8096,3956592,0,0,54,8735,34,6484,20,2251
DreamGlassAir (US),273600,8137,3957899,8121,3956482,16,1417,8094,3953988,8094,3953988,0,0,43,3911,27,2494,16,1417
DreamGlassAir (US),275400,8129,3959375,8118,3958374,11,1001,8096,3956592,8096,3956592,0,0,33,2783,22,1782,11,1001
DreamGlassAir (US),277200,8137,3957899,8121,3956482,16,1417,8094,3953988,8094,3953988,0,0,43,3911,27,2494,16,1417
DreamGlassAir (US),279000,8132,3959628,8120,3958536,12,1092,8096,3956592,8096,3956592,0,0,36,3036,24,1944,12,1092
DreamGlassAir (US),280800,8137,3957899,8121,3956482,16,1417,8094,3953988,8094,3953988,0,0,43,3911,27,2494,16,1417
DreamGlassAir (US),282600,8129,3959375,8118,3958374,11,1001,8096,3956592,8096,3956592,0,0,33,2783,22,1782,11,1001
DreamGlassAir (US),284400,8139,3960503,8123,3959086,16,1417,8096,3956592,8096,3956592,0,0,43,3911,27,2494,16,1417
DreamGlassAir (US),286200,8130,3957024,8118,3955932,12,1092,8094,3953988,8094,3953988,0,0,36,3036,24,1944,12,1092
DreamGlassAir (US),288000,8139,3960503,8123,3959086,16,1417,8096,3956592,8096,3956592,0,0,43,3911,27,2494,16,1417
DreamGlassAir (US),289800,8127,3956771,8116,3955770,11,1001,8094,3953988,8094,3953988,0,0,33,2783,22,1782,11,1001
DreamGlassAir (US),291600,8139,3960503,8123,3959086,16,1417,8096,3956592,8096,3956592,0,0,43,3911,27,2494,16,1417
DreamGlassAir (US),293400,8132,3959628,8120,3958536,12,1092,8096,3956592,8096,3956592,0,0,36,3036,24,1944,12,1092
DreamGlassAir (US),295200,8138,3957965,8121,3956482,17,1483,8094,3953988,8094,3953988,0,0,44,3977,27,2494,17,1483
DreamGlassAir (US),297000,8129,3959375,8118,3958374,11,1001,8096,3956592,8096,3956592,0,0,33,2783,22,1782,11,1001
DreamGlassAir (US),298800,8137,3957899,8121,3956482,16,1417,8094,3953988,8094,3953988,0,0,43,3911,27,2494,16,1417
DreamGlassAir (US),300600,8183,3966385,8149,3962257,34,4128,8096,3956592,8096,3956592,0,0,87,9793,53,5665,34,4128
DreamGlassAir (US),302400,8139,3960503,8123,3959086,16,1417,8096,3956592,8096,3956592,0,0,43,3911,27,2494,16,1417
DreamGlassAir (US),304200,8132,3959628,8120,3958536,12,1092,8096,3956592,8096,3956592,0,0,36,3036,24,1944,12,1092
DreamGlassAir (US),306000,8137,3957899,8121,3956482,16,1417,8094,3953988,8094,3953988,0,0,43,3911,27,2494,16,1417
DreamGlassAir (US),307800,8130,3959441,8118,3958374,12,1067,8096,3956592,8096,3956592,0,0,34,2849,22,1782,12,1067
DreamGlassAir (US),309600,8139,3960503,8123,3959086,16,1417,8096,3956592,8096,3956592,0,0,43,3911,27,2494,16,1417
DreamGlassAir (US),311400,8130,3957024,8118,3955932,12,1092,8094,3953988,8094,3953988,0,0,36,3036,24,1944,12,1092
DreamGlassAir (US),313200,8139,3960503,8123,3959086,16,1417,8096,3956592,8096,3956592,0,0,43,3911,27,2494,16,1417
DreamGlassAir (US),315000,8129,3959375,8118,3958374,11,1001,8096,3956592,8096,3956592,0,0,33,2783,22,1782,11,1001
DreamGlassAir (US),316800,8139,3960503,8123,3959086,16,1417,8096,3956592,8096,3956592,0,0,43,3911,27,2494,16,1417
DreamGlassAir (US),318600,8130,3957024,8118,3955932,12,1092,8094,3953988,8094,3953988,0,0,36,3036,24,1944,12,1092
DreamGlassAir (US),320400,8139,3960503,8123,3959086,16,1417,8096,3956592,8096,3956592,0,0,43,3911,27,2494,16,1417
DreamGlassAir (US),322200,8127,3956771,8116,3955770,11,1001,8094,3953988,8094,3953988,0,0,33,2783,22,1782,11,1001
DreamGlassAir (US),324000,8139,3960503,8123,3959086,16,1417,8096,3956592,8096,3956592,0,0,43,3911,27,2494,16,1417
DreamGlassAir (US),325800,8133,3959694,8120,3958536,13,1158,8096,3956592,8096,3956592,0,0,37,3102,24,1944,13,1158
DreamGlassAir (US),327600,8138,3957965,8121,3956482,17,1483,8094,3953988,8094,3953988,0,0,44,3977,27,2494,17,1483
DreamGlassAir (US),329400,8129,3959375,8118,3958374,11,1001,8096,3956592,8096,3956592,0,0,33,2783,22,1782,11,1001
DreamGlassAir (US),331200,8139,3960503,8123,3959086,16,1417,8096,3956592,8096,3956592,0,0,43,3911,27,2494,16,1417
DreamGlassAir (US),333000,8130,3957024,8118,3955932,12,1092,8094,3953988,8094,3953988,0,0,36,3036,24,1944,12,1092
DreamGlassAir (US),334800,8139,3960503,8123,3959086,16,1417,8096,3956592,8096,3956592,0,0,43,3911,27,2494,16,1417
DreamGlassAir (US),336600,8147,3963824,8129,3957812,18,6012,8094,3953988,8094,3953988,0,0,53,9836,35,3824,18,6012
DreamGlassAir (US),338400,8139,3960503,8123,3959086,16,1417,8096,3956592,8096,3956592,0,0,43,3911,27,2494,16,1417
DreamGlassAir (US),340200,8186,3967651,8151,3962364,35,5287,8096,3956592,8096,3956592,0,0,90,11059,55,5772,35,5287
DreamGlassAir (US),342000,8137,3957899,8121,3956482,16,1417,8094,3953988,8094,3953988,0,0,43,3911,27,2494,16,1417
DreamGlassAir (US),343800,8134,3959848,8121,3958646,13,1202,8096,3956592,8096,3956592,0,0,38,3256,25,2054,13,1202
DreamGlassAir (US),345600,8139,3960503,8123,3959086,16,1417,8096,3956592,8096,3956592,0,0,43,3911,27,2494,16,1417
DreamGlassAir (US),347400,8127,3956771,8116,3955770,11,1001,8094,3953988,8094,3953988,0,0,33,2783,22,1782,11,1001
DreamGlassAir (US),349200,8139,3960503,8123,3959086,16,1417,8096,3956592,8096,3956592,0,0,43,3911,27,2494,16,1417
DreamGlassAir (US),351000,8132,3959628,8120,3958536,12,1092,8096,3956592,8096,3956592,0,0,36,3036,24,1944,12,1092
DreamGlassAir (US),352800,8137,3957899,8121,3956482,16,1417,8094,3953988,8094,3953988,0,0,43,3911,27,2494,16,1417
DreamGlassAir (US),354600,8129,3959375,8118,3958374,11,1001,8096,3956592,8096,3956592,0,0,33,2783,22,1782,11,1001
DreamGlassAir (US),356400,8139,3960503,8123,3959086,16,1417,8096,3956592,8096,3956592,0,0,43,3911,27,2494,16,1417
DreamGlassAir (US),358200,8148,3962716,8128,3960466,20,2250,8094,3953988,8094,3953988,0,0,54,8728,34,6478,20,2250
DreamGlassAir (US),360000,8139,3960503,8123,3959086,16,1417,8096,3956592,8096,3956592,0,0,43,3911,27,2494,16,1417
DreamGlassAir (US),361800,8129,3959375,8118,3958374,11,1001,8096,3956592,8096,3956592,0,0,33,2783,22,1782,11,1001
DreamGlassAir (US),363600,8138,3957965,8121,3956482,17,1483,8094,3953988,8094,3953988,0,0,44,3977,27,2494,17,1483
DreamGlassAir (US),365400,8132,3959628,8120,3958536,12,1092,8096,3956592,8096,3956592,0,0,36,3036,24,1944,12,1092
DreamGlassAir (US),367200,8139,3960503,8123,3959086,16,1417,8096,3956592,8096,3956592,0,0,43,3911,27,2494,16,1417
DreamGlassAir (US),369000,8127,3956771,8116,3955770,11,1001,8094,3953988,8094,3953988,0,0,33,2783,22,1782,11,1001
DreamGlassAir (US),370800,8139,3960503,8123,3959086,16,1417,8096,3956592,8096,3956592,0,0,43,3911,27,2494,16,1417
DreamGlassAir (US),372600,8132,3959628,8120,3958536,12,1092,8096,3956592,8096,3956592,0,0,36,3036,24,1944,12,1092
DreamGlassAir (US),374400,8137,3957899,8121,3956482,16,1417,8094,3953988,8094,3953988,0,0,43,3911,27,2494,16,1417
DreamGlassAir (US),376200,8129,3959375,8118,3958374,11,1001,8096,3956592,8096,3956592,0,0,33,2783,22,1782,11,1001
DreamGlassAir (US),378000,8137,3957899,8121,3956482,16,1417,8094,3953988,8094,3953988,0,0,43,3911,27,2494,16,1417
DreamGlassAir (US),379800,8187,3967744,8151,3962401,36,5343,8096,3956592,8096,3956592,0,0,91,11152,55,5809,36,5343
DreamGlassAir (US),381600,8139,3960503,8123,3959086,16,1417,8096,3956592,8096,3956592,0,0,43,3911,27,2494,16,1417
DreamGlassAir (US),383400,8132,3959628,8120,3958536,12,1092,8096,3956592,8096,3956592,0,0,36,3036,24,1944,12,1092
DreamGlassAir (US),385200,8137,3957899,8121,3956482,16,1417,8094,3953988,8094,3953988,0,0,43,3911,27,2494,16,1417
DreamGlassAir (US),387000,8129,3959375,8118,3958374,11,1001,8096,3956592,8096,3956592,0,0,33,2783,22,1782,11,1001
DreamGlassAir (US),388800,8137,3957899,8121,3956482,16,1417,8094,3953988,8094,3953988,0,0,43,3911,27,2494,16,1417
DreamGlassAir (US),390600,8132,3959628,8120,3958536,12,1092,8096,3956592,8096,3956592,0,0,36,3036,24,1944,12,1092
DreamGlassAir (US),392400,8137,3957899,8121,3956482,16,1417,8094,3953988,8094,3953988,0,0,43,3911,27,2494,16,1417
DreamGlassAir (US),394200,8129,3959375,8118,3958374,11,1001,8096,3956592,8096,3956592,0,0,33,2783,22,1782,11,1001
DreamGlassAir (US),396000,8139,3960503,8123,3959086,16,1417,8096,3956592,8096,3956592,0,0,43,3911,27,2494,16,1417
DreamGlassAir (US),397800,8130,3957024,8118,3955932,12,1092,8094,3953988,8094,3953988,0,0,36,3036,24,1944,12,1092
DreamGlassAir (US),399600,8139,3960503,8123,3959086,16,1417,8096,3956592,8096,3956592,0,0,43,3911,27,2494,16,1417
DreamGlassAir (US),401400,8128,3956837,8116,3955770,12,1067,8094,3953988,8094,3953988,0,0,34,2849,22,1782,12,1067
DreamGlassAir (US),403200,8137,3957899,8121,3956482,16,1417,8094,3953988,8094,3953988,0,0,43,3911,27,2494,16,1417
DreamGlassAir (US),405000,8134,3959760,8120,3958536,14,1224,8096,3956592,8096,3956592,0,0,38,3168,24,1944,14,1224
DreamGlassAir (US),406800,8137,3957899,8121,3956482,16,1417,8094,3953988,8094,3953988,0,0,43,3911,27,2494,16,1417
DreamGlassAir (US),408600,8129,3959375,8118,3958374,11,1001,8096,3956592,8096,3956592,0,0,33,2783,22,1782,11,1001
DreamGlassAir (US),410400,8139,3960503,8123,3959086,16,1417,8096,3956592,8096,3956592,0,0,43,3911,27,2494,16,1417
DreamGlassAir (US),412200,8130,3957024,8118,3955932,12,1092,8094,3953988,8094,3953988,0,0,36,3036,24,1944,12,1092
DreamGlassAir (US),414000,8139,3960503,8123,3959086,16,1417,8096,3956592,8096,3956592,0,0,43,3911,27,2494,16,1417
DreamGlassAir (US),415800,8130,3959441,8118,3958374,12,1067,8096,3956592,8096,3956592,0,0,34,2849,22,1782,12,1067
DreamGlassAir (US),417600,8137,3957899,8121,3956482,16,1417,8094,3953988,8094,3953988,0,0,43,3911,27,2494,16,1417
DreamGlassAir (US),419400,8184,3966453,8149,3962257,35,4196,8096,3956592,8096,3956592,0,0,88,9861,53,5665,35,4196
DreamGlassAir (US),421200,8138,3957965,8121,3956482,17,1483,8094,3953988,8094,3953988,0,0,44,3977,27,2494,17,1483
DreamGlassAir (US),423000,8153,3966770,8133,3960578,20,6192,8096,3956592,8096,3956592,0,0,57,10178,37,3986,20,6192
DreamGlassAir (US),424800,8137,3957899,8121,3956482,16,1417,8094,3953988,8094,3953988,0,0,43,3911,27,2494,16,1417
DreamGlassAir (US),426600,8129,3959375,8118,3958374,11,1001,8096,3956592,8096,3956592,0,0,33,2783,22,1782,11,1001
DreamGlassAir (US),428400,8139,3960503,8123,3959086,16,1417,8096,3956592,8096,3956592,0,0,43,3911,27,2494,16,1417
DreamGlassAir (US),430200,8131,3957090,8118,3955932,13,1158,8094,3953988,8094,3953988,0,0,37,3102,24,1944,13,1158
DreamGlassAir (US),432000,8141,3960723,8124,3959196,17,1527,8096,3956592,8096,3956592,0,0,45,4131,28,2604,17,1527
DreamGlassAir (US),433800,8127,3956771,8116,3955770,11,1001,8094,3953988,8094,3953988,0,0,33,2783,22,1782,11,1001
DreamGlassAir (US),435600,8140,3960569,8123,3959086,17,1483,8096,3956592,8096,3956592,0,0,44,3977,27,2494,17,1483
DreamGlassAir (US),437400,8130,3957024,8118,3955932,12,1092,8094,3953988,8094,3953988,0,0,36,3036,24,1944,12,1092
DreamGlassAir (US),439200,8139,3960503,8123,3959086,16,1417,8096,3956592,8096,3956592,0,0,43,3911,27,2494,16,1417
DreamGlassAir (US),441000,8127,3956771,8116,3955770,11,1001,8094,3953988,8094,3953988,0,0,33,2783,22,1782,11,1001
DreamGlassAir (US),442800,8139,3960503,8123,3959086,16,1417,8096,3956592,8096,3956592,0,0,43,3911,27,2494,16,1417
DreamGlassAir (US),444600,8150,3965320,8130,3963068,20,2252,8096,3956592,8096,3956592,0,0,54,8728,34,6476,20,2252
DreamGlassAir (US),446400,8137,3957899,8121,3956482,16,1417,8094,3953988,8094,3953988,0,0,43,3911,27,2494,16,1417
DreamGlassAir (US),448200,8129,3959375,8118,3958374,11,1001,8096,3956592,8096,3956592,0,0,33,2783,22,1782,11,1001
DreamGlassAir (US),450000,8137,3957899,8121,3956482,16,1417,8094,3953988,8094,3953988,0,0,43,3911,27,2494,16,1417
DreamGlassAir (US),451800,8132,3959628,8120,3958536,12,1092,8096,3956592,8096,3956592,0,0,36,3036,24,1944,12,1092
DreamGlassAir (US),453600,8139,3960503,8123,3959086,16,1417,8096,3956592,8096,3956592,0,0,43,3911,27,2494,16,1417
DreamGlassAir (US),455400,8127,3956771,8116,3955770,11,1001,8094,3953988,8094,3953988,0,0,33,2783,22,1782,11,1001
DreamGlassAir (US),457200,8139,3960503,8123,3959086,16,1417,8096,3956592,8096,3956592,0,0,43,3911,27,2494,16,1417
DreamGlassAir (US),459000,8187,3967714,8152,3962418,35,5296,8096,3956592,8096,3956592,0,0,91,11122,56,5826,35,5296
DreamGlassAir (US),460800,8137,3957899,8121,3956482,16,1417,8094,3953988,8094,3953988,0,0,43,3911,27,2494,16,1417
DreamGlassAir (US),462600,8132,3959628,8120,3958536,12,1092,8096,3956592,8096,3956592,0,0,36,3036,24,1944,12,1092
DreamGlassAir (US),464400,8137,3957899,8121,3956482,16,1417,8094,3953988,8094,3953988,0,0,43,3911,27,2494,16,1417
DreamGlassAir (US),466200,8129,3959375,8118,3958374,11,1001,8096,3956592,8096,3956592,0,0,33,2783,22,1782,11,1001
DreamGlassAir (US),468000,8139,3960503,8123,3959086,16,1417,8096,3956592,8096,3956592,0,0,43,3911,27,2494,16,1417
DreamGlassAir (US),469800,8130,3957024,8118,3955932,12,1092,8094,3953988,8094,3953988,0,0,36,3036,24,1944,12,1092
DreamGlassAir (US),471600,8139,3960503,8123,3959086,16,1417,8096,3956592,8096,3956592,0,0,43,3911,27,2494,16,1417
DreamGlassAir (US),473400,8129,3959375,8118,3958374,11,1001,8096,3956592,8096,3956592,0,0,33,2783,22,1782,11,1001
DreamGlassAir (US),475200,8137,3957899,8121,3956482,16,1417,8094,3953988,8094,3953988,0,0,43,3911,27,2494,16,1417
DreamGlassAir (US),477000,8132,3959628,8120,3958536,12,1092,8096,3956592,8096,3956592,0,0,36,3036,24,1944,12,1092
DreamGlassAir (US),478800,8139,3960503,8123,3959086,16,1417,8096,3956592,8096,3956592,0,0,43,3911,27,2494,16,1417
DreamGlassAir (US),480600,8130,3959441,8118,3958374,12,1067,8096,3956592,8096,3956592,0,0,34,2849,22,1782,12,1067
DreamGlassAir (US),482400,8137,3957899,8121,3956482,16,1417,8094,3953988,8094,3953988,0,0,43,3911,27,2494,16,1417
DreamGlassAir (US),484200,8132,3959628,8120,3958536,12,1092,8096,3956592,8096,3956592,0,0,36,3036,24,1944,12,1092
DreamGlassAir (US),486000,8139,3960503,8123,3959086,16,1417,8096,3956592,8096,3956592,0,0,43,3911,27,2494,16,1417
DreamGlassAir (US),487800,8127,3956771,8116,3955770,11,1001,8094,3953988,8094,3953988,0,0,33,2783,22,1782,11,1001
DreamGlassAir (US),489600,8139,3960503,8123,3959086,16,1417,8096,3956592,8096,3956592,0,0,43,3911,27,2494,16,1417
DreamGlassAir (US),491400,8132,3959628,8120,3958536,12,1092,8096,3956592,8096,3956592,0,0,36,3036,24,1944,12,1092
DreamGlassAir (US),493200,8137,3957899,8121,3956482,16,1417,8094,3953988,8094,3953988,0,0,43,3911,27,2494,16,1417
DreamGlassAir (US),495000,8129,3959375,8118,3958374,11,1001,8096,3956592,8096,3956592,0,0,33,2783,22,1782,11,1001
DreamGlassAir (US),496800,8139,3960503,8123,3959086,16,1417,8096,3956592,8096,3956592,0,0,43,3911,27,2494,16,1417
DreamGlassAir (US),498600,8074,3899634,8029,3893983,45,5651,7958,3886656,7958,3886656,0,0,116,12978,71,7327,45,5651
DreamGlassAir (US),500400,8139,3960503,8123,3959086,16,1417,8096,3956592,8096,3956592,0,0,43,3911,27,2494,16,1417
DreamGlassAir (US),502200,8129,3959375,8118,3958374,11,1001,8096,3956592,8096,3956592,0,0,33,2783,22,1782,11,1001
DreamGlassAir (US),504000,8141,3958218,8123,3956644,18,1574,8094,3953988,8094,3953988,0,0,47,4230,29,2656,18,1574
DreamGlassAir (US),505800,8129,3959375,8118,3958374,11,1001,8096,3956592,8096,3956592,0,0,33,2783,22,1782,11,1001
DreamGlassAir (US),507600,8137,3957899,8121,3956482,16,1417,8094,3953988,8094,3953988,0,0,43,3911,27,2494,16,1417
DreamGlassAir (US),509400,8154,3966847,8132,3960490,22,6357,8096,3956592,8096,3956592,0,0,58,10255,36,3898,22,6357
DreamGlassAir (US),511200,8137,3957899,8121,3956482,16,1417,8094,3953988,8094,3953988,0,0,43,3911,27,2494,16,1417
DreamGlassAir (US),513000,8132,3959628,8120,3958536,12,1092,8096,3956592,8096,3956592,0,0,36,3036,24,1944,12,1092
DreamGlassAir (US),514800,8139,3960503,8123,3959086,16,1417,8096,3956592,8096,3956592,0,0,43,3911,27,2494,16,1417
DreamGlassAir (US),516600,8127,3956771,8116,3955770,11,1001,8094,3953988,8094,3953988,0,0,33,2783,22,1782,11,1001
DreamGlassAir (US),518400,8141,3960723,8124,3959196,17,1527,8096,3956592,8096,3956592,0,0,45,4131,28,2604,17,1527
DreamGlassAir (US),520200,8132,3959628,8120,3958536,12,1092,8096,3956592,8096,3956592,0,0,36,3036,24,1944,12,1092
DreamGlassAir (US),522000,8139,3960503,8123,3959086,16,1417,8096,3956592,8096,3956592,0,0,43,3911,27,2494,16,1417
DreamGlassAir (US),523800,8127,3956771,8116,3955770,11,1001,8094,3953988,8094,3953988,0,0,33,2783,22,1782,11,1001
DreamGlassAir (US),525600,8139,3960503,8123,3959086,16,1417,8096,3956592,8096,3956592,0,0,43,3911,27,2494,16,1417
DreamGlassAir (US),527400,8014,3894614,7995,3892320,19,2294,7960,3889260,7960,3889260,0,0,54,5354,35,3060,19,2294
DreamGlassAir (US),529200,8139,3960503,8123,3959086,16,1417,8096,3956592,8096,3956592,0,0,43,3911,27,2494,16,1417
DreamGlassAir (US),531000,8150,3965324,8130,3963074,20,2250,8096,3956592,8096,3956592,0,0,54,8732,34,6482,20,2250
DreamGlassAir (US),532800,8137,3957899,8121,3956482,16,1417,8094,3953988,8094,3953988,0,0,43,3911,27,2494,16,1417
DreamGlassAir (US),534600,8129,3959375,8118,3958374,11,1001,8096,3956592,8096,3956592,0,0,33,2783,22,1782,11,1001
DreamGlassAir (US),536400,8137,3957899,8121,3956482,16,1417,8094,3953988,8094,3953988,0,0,43,3911,27,2494,16,1417
DreamGlassAir (US),538200,8185,3967596,8151,3962364,34,5232,8096,3956592,8096,3956592,0,0,89,11004,55,5772,34,5232
DreamGlassAir (US),540000,8139,3960503,8123,3959086,16,1417,8096,3956592,8096,3956592,0,0,43,3911,27,2494,16,1417
DreamGlassAir (US),541800,8126,3957303,8114,3956211,12,1092,8090,3954267,8090,3954267,0,0,36,3036,24,1944,12,1092
DreamGlassAir (US),543600,8137,3957899,8121,3956482,16,1417,8094,3953988,8094,3953988,0,0,43,3911,27,2494,16,1417
DreamGlassAir (US),545400,8129,3959375,8118,3958374,11,1001,8096,3956592,8096,3956592,0,0,33,2783,22,1782,11,1001
DreamGlassAir (US),547200,8139,3960503,8123,3959086,16,1417,8096,3956592,8096,3956592,0,0,43,3911,27,2494,16,1417
DreamGlassAir (US),549000,8130,3957024,8118,3955932,12,1092,8094,3953988,8094,3953988,0,0,36,3036,24,1944,12,1092
DreamGlassAir (US),550800,8139,3960503,8123,3959086,16,1417,8096,3956592,8096,3956592,0,0,43,3911,27,2494,16,1417
DreamGlassAir (US),552600,8129,3959375,8118,3958374,11,1001,8096,3956592,8096,3956592,0,0,33,2783,22,1782,11,1001
DreamGlassAir (US),554400,8137,3957899,8121,3956482,16,1417,8094,3953988,8094,3953988,0,0,43,3911,27,2494,16,1417
DreamGlassAir (US),556200,8132,3959628,8120,3958536,12,1092,8096,3956592,8096,3956592,0,0,36,3036,24,1944,12,1092
DreamGlassAir (US),558000,8139,3960503,8123,3959086,16,1417,8096,3956592,8096,3956592,0,0,43,3911,27,2494,16,1417
DreamGlassAir (US),559800,8129,3959375,8118,3958374,11,1001,8096,3956592,8096,3956592,0,0,33,2783,22,1782,11,1001
DreamGlassAir (US),561600,8137,3957899,8121,3956482,16,1417,8094,3953988,8094,3953988,0,0,43,3911,27,2494,16,1417
DreamGlassAir (US),563400,8132,3959628,8120,3958536,12,1092,8096,3956592,8096,3956592,0,0,36,3036,24,1944,12,1092
DreamGlassAir (US),565200,8139,3960503,8123,3959086,16,1417,8096,3956592,8096,3956592,0,0,43,3911,27,2494,16,1417
DreamGlassAir (US),567000,8127,3956771,8116,3955770,11,1001,8094,3953988,8094,3953988,0,0,33,2783,22,1782,11,1001
DreamGlassAir (US),568800,8139,3960503,8123,3959086,16,1417,8096,3956592,8096,3956592,0,0,43,3911,27,2494,16,1417
DreamGlassAir (US),570600,8132,3959628,8120,3958536,12,1092,8096,3956592,8096,3956592,0,0,36,3036,24,1944,12,1092
DreamGlassAir (US),572400,8137,3957899,8121,3956482,16,1417,8094,3953988,8094,3953988,0,0,43,3911,27,2494,16,1417
DreamGlassAir (US),574200,8129,3959375,8118,3958374,11,1001,8096,3956592,8096,3956592,0,0,33,2783,22,1782,11,1001
DreamGlassAir (US),576000,8137,3957899,8121,3956482,16,1417,8094,3953988,8094,3953988,0,0,43,3911,27,2494,16,1417
DreamGlassAir (US),577800,8187,3967706,8152,3962419,35,5287,8096,3956592,8096,3956592,0,0,91,11114,56,5827,35,5287
DreamGlassAir (US),579600,8139,3960503,8123,3959086,16,1417,8096,3956592,8096,3956592,0,0,43,3911,27,2494,16,1417
DreamGlassAir (US),581400,8130,3957024,8118,3955932,12,1092,8094,3953988,8094,3953988,0,0,36,3036,24,1944,12,1092
DreamGlassAir (US),583200,8139,3960503,8123,3959086,16,1417,8096,3956592,8096,3956592,0,0,43,3911,27,2494,16,1417
DreamGlassAir (US),585000,8129,3959375,8118,3958374,11,1001,8096,3956592,8096,3956592,0,0,33,2783,22,1782,11,1001
DreamGlassAir (US),586800,8138,3957965,8121,3956482,17,1483,8094,3953988,8094,3953988,0,0,44,3977,27,2494,17,1483
DreamGlassAir (US),588600,8132,3959628,8120,3958536,12,1092,8096,3956592,8096,3956592,0,0,36,3036,24,1944,12,1092
DreamGlassAir (US),590400,8139,3960503,8123,3959086,16,1417,8096,3956592,8096,3956592,0,0,43,3911,27,2494,16,1417
DreamGlassAir (US),592200,8129,3959375,8118,3958374,11,1001,8096,3956592,8096,3956592,0,0,33,2783,22,1782,11,1001
DreamGlassAir (US),594000,8137,3957899,8121,3956482,16,1417,8094,3953988,8094,3953988,0,0,43,3911,27,2494,16,1417
DreamGlassAir (US),595800,8152,3966684,8133,3960578,19,6106,8096,3956592,8096,3956592,0,0,56,10092,37,3986,19,6106
DreamGlassAir (US),597600,8139,3960503,8123,3959086,16,1417,8096,3956592,8096,3956592,0,0,43,3911,27,2494,16,1417
DreamGlassAir (US),599400,8127,3956771,8116,3955770,11,1001,8094,3953988,8094,3953988,0,0,33,2783,22,1782,11,1001
DreamGlassAir (US),601200,8139,3960503,8123,3959086,16,1417,8096,3956592,8096,3956592,0,0,43,3911,27,2494,16,1417
DreamGlassAir (US),603000,8130,3957024,8118,3955932,12,1092,8094,3953988,8094,3953988,0,0,36,3036,24,1944,12,1092
