Device,StartTime,Frames,Bytes,TxFrames,TxBytes,RxFrames,RxBytes,LanFrames,LanBytes,LanTxFrames,LanTxBytes,LanRxFrames,LanRxBytes,WanFrames,WanBytes,WanTxFrames,WanTxBytes,WanRxFrames,WanRxBytes
Roborock(US2) ,0,1623,373859,1059,217660,564,156199,349,42229,349,42229,0,0,1274,331630,710,175431,564,156199
Roborock(US2) ,1800,542,62342,482,56162,60,6180,362,43802,362,43802,0,0,180,18540,120,12360,60,6180
Roborock(US2) ,3600,547,62892,486,56646,61,6246,366,44286,366,44286,0,0,181,18606,120,12360,61,6246
Roborock(US2) ,5400,543,62408,482,56162,61,6246,362,43802,362,43802,0,0,181,18606,120,12360,61,6246
Roborock(US2) ,7200,542,62342,482,56162,60,6180,362,43802,362,43802,0,0,180,18540,120,12360,60,6180
Roborock(US2) ,9000,544,62529,483,56283,61,6246,363,43923,363,43923,0,0,181,18606,120,12360,61,6246
Roborock(US2) ,10800,544,62584,484,56404,60,6180,364,44044,364,44044,0,0,180,18540,120,12360,60,6180
Roborock(US2) ,12600,542,62342,482,56162,60,6180,362,43802,362,43802,0,0,180,18540,120,12360,60,6180
Roborock(US2) ,14400,543,62463,483,56283,60,6180,363,43923,363,43923,0,0,180,18540,120,12360,60,6180
Roborock(US2) ,16200,541,62178,480,55920,61,6258,360,43560,360,43560,0,0,181,18618,120,12360,61,6258
Roborock(US2) ,18000,545,62650,484,56404,61,6246,364,44044,364,44044,0,0,181,18606,120,12360,61,6246
Roborock(US2) ,19800,546,62826,486,56646,60,6180,366,44286,366,44286,0,0,180,18540,120,12360,60,6180
Roborock(US2) ,21600,543,62463,483,56283,60,6180,363,43923,363,43923,0,0,180,18540,120,12360,60,6180
Roborock(US2) ,23400,649,76758,576,69081,73,7677,445,53845,445,53845,0,0,204,22913,131,15236,73,7677
Roborock(US2) ,25200,715,93203,622,77634,93,15569,446,53966,446,53966,0,0,269,39237,176,23668,93,15569
Roborock(US2) ,27000,616,80293,530,65702,86,14591,362,43802,362,43802,0,0,254,36491,168,21900,86,14591
Roborock(US2) ,28800,552,64400,487,57779,65,6621,361,43681,361,43681,0,0,191,20719,126,14098,65,6621
Roborock(US2) ,30600,548,63970,484,57452,64,6518,360,43560,360,43560,0,0,188,20410,124,13892,64,6518
Roborock(US2) ,32400,544,62866,483,56583,61,6283,361,43681,361,43681,0,0,183,19185,122,12902,61,6283
Roborock(US2) ,34200,544,62584,484,56404,60,6180,364,44044,364,44044,0,0,180,18540,120,12360,60,6180
Roborock(US2) ,36000,540,62100,480,55920,60,6180,360,43560,360,43560,0,0,180,18540,120,12360,60,6180
Roborock(US2) ,37800,545,62662,484,56404,61,6258,364,44044,364,44044,0,0,181,18618,120,12360,61,6258
Roborock(US2) ,39600,544,62529,483,56283,61,6246,363,43923,363,43923,0,0,181,18606,120,12360,61,6246
Roborock(US2) ,41400,541,62221,481,56041,60,6180,361,43681,361,43681,0,0,180,18540,120,12360,60,6180
Roborock(US2) ,43200,541,62221,481,56041,60,6180,361,43681,361,43681,0,0,180,18540,120,12360,60,6180
Roborock(US2) ,45000,541,62221,481,56041,60,6180,361,43681,361,43681,0,0,180,18540,120,12360,60,6180
Roborock(US2) ,46800,542,62342,482,56162,60,6180,362,43802,362,43802,0,0,180,18540,120,12360,60,6180
Roborock(US2) ,48600,540,62100,480,55920,60,6180,360,43560,360,43560,0,0,180,18540,120,12360,60,6180
Roborock(US2) ,50400,542,62342,482,56162,60,6180,362,43802,362,43802,0,0,180,18540,120,12360,60,6180
Roborock(US2) ,52200,538,61912,479,55835,59,6077,361,43681,361,43681,0,0,177,18231,118,12154,59,6077
Roborock(US2) ,54000,543,62463,483,56283,60,6180,363,43923,363,43923,0,0,180,18540,120,12360,60,6180
Roborock(US2) ,55800,542,62287,481,56041,61,6246,361,43681,361,43681,0,0,181,18606,120,12360,61,6246
Roborock(US2) ,57600,540,62100,480,55920,60,6180,360,43560,360,43560,0,0,180,18540,120,12360,60,6180
Roborock(US2) ,59400,542,62342,482,56162,60,6180,362,43802,362,43802,0,0,180,18540,120,12360,60,6180
Roborock(US2) ,61200,544,62584,484,56404,60,6180,364,44044,364,44044,0,0,180,18540,120,12360,60,6180
Roborock(US2) ,63000,679,104842,559,65322,120,39520,354,42834,354,42834,0,0,325,62008,205,22488,120,39520
Roborock(US2) ,64800,593,82034,514,62413,79,19621,363,43923,363,43923,0,0,230,38111,151,18490,79,19621
Roborock(US2) ,66600,547,62892,486,56646,61,6246,366,44286,366,44286,0,0,181,18606,120,12360,61,6246
Roborock(US2) ,68400,545,62650,484,56404,61,6246,364,44044,364,44044,0,0,181,18606,120,12360,61,6246
Roborock(US2) ,70200,538,61912,479,55835,59,6077,361,43681,361,43681,0,0,177,18231,118,12154,59,6077
Roborock(US2) ,72000,546,62771,485,56525,61,6246,365,44165,365,44165,0,0,181,18606,120,12360,61,6246
Roborock(US2) ,73800,544,62584,484,56404,60,6180,364,44044,364,44044,0,0,180,18540,120,12360,60,6180
Roborock(US2) ,75600,544,62364,480,55920,64,6444,360,43560,360,43560,0,0,184,18804,120,12360,64,6444
Roborock(US2) ,77400,548,62958,486,56646,62,6312,366,44286,366,44286,0,0,182,18672,120,12360,62,6312
Roborock(US2) ,79200,543,62463,483,56283,60,6180,363,43923,363,43923,0,0,180,18540,120,12360,60,6180
Roborock(US2) ,81000,547,62947,487,56767,60,6180,367,44407,367,44407,0,0,180,18540,120,12360,60,6180
Roborock(US2) ,82800,545,62650,484,56404,61,6246,364,44044,364,44044,0,0,181,18606,120,12360,61,6246
Roborock(US2) ,84600,545,62705,485,56525,60,6180,365,44165,365,44165,0,0,180,18540,120,12360,60,6180
Roborock(US2) ,86400,547,62947,487,56767,60,6180,367,44407,367,44407,0,0,180,18540,120,12360,60,6180
Roborock(US2) ,88200,538,61858,478,55678,60,6180,358,43318,358,43318,0,0,180,18540,120,12360,60,6180
Roborock(US2) ,90000,544,62584,484,56404,60,6180,364,44044,364,44044,0,0,180,18540,120,12360,60,6180
Roborock(US2) ,91800,543,62463,483,56283,60,6180,363,43923,363,43923,0,0,180,18540,120,12360,60,6180
Roborock(US2) ,93600,545,62595,483,56283,62,6312,363,43923,363,43923,0,0,182,18672,120,12360,62,6312
Roborock(US2) ,95400,548,62958,486,56646,62,6312,366,44286,366,44286,0,0,182,18672,120,12360,62,6312
Roborock(US2) ,97200,545,62705,485,56525,60,6180,365,44165,365,44165,0,0,180,18540,120,12360,60,6180
Roborock(US2) ,99000,544,62474,482,56162,62,6312,362,43802,362,43802,0,0,182,18672,120,12360,62,6312
Roborock(US2) ,100800,550,63200,488,56888,62,6312,368,44528,368,44528,0,0,182,18672,120,12360,62,6312
Roborock(US2) ,102600,548,63068,488,56888,60,6180,368,44528,368,44528,0,0,180,18540,120,12360,60,6180
Roborock(US2) ,104400,541,62166,480,55920,61,6246,360,43560,360,43560,0,0,181,18606,120,12360,61,6246
Roborock(US2) ,106200,544,62584,484,56404,60,6180,364,44044,364,44044,0,0,180,18540,120,12360,60,6180
Roborock(US2) ,108000,543,62420,482,56162,61,6258,362,43802,362,43802,0,0,181,18618,120,12360,61,6258
Roborock(US2) ,109800,949,174723,695,129748,254,44975,362,43802,362,43802,0,0,587,130921,333,85946,254,44975
Roborock(US2) ,111600,737,115288,588,92010,149,23278,364,44044,364,44044,0,0,373,71244,224,47966,149,23278
Roborock(US2) ,113400,551,63376,490,57130,61,6246,370,44770,370,44770,0,0,181,18606,120,12360,61,6246
Roborock(US2) ,115200,549,63189,489,57009,60,6180,369,44649,369,44649,0,0,180,18540,120,12360,60,6180
Roborock(US2) ,117000,569,70238,496,62317,73,7921,361,43681,361,43681,0,0,208,26557,135,18636,73,7921
Roborock(US2) ,118800,545,62705,485,56525,60,6180,365,44165,365,44165,0,0,180,18540,120,12360,60,6180
Roborock(US2) ,120600,547,62892,486,56646,61,6246,366,44286,366,44286,0,0,181,18606,120,12360,61,6246
Roborock(US2) ,122400,551,63431,491,57251,60,6180,371,44891,371,44891,0,0,180,18540,120,12360,60,6180
Roborock(US2) ,124200,543,62310,480,55920,63,6390,360,43560,360,43560,0,0,183,18750,120,12360,63,6390
Roborock(US2) ,126000,548,63013,487,56767,61,6246,367,44407,367,44407,0,0,181,18606,120,12360,61,6246
Roborock(US2) ,127800,546,62826,486,56646,60,6180,366,44286,366,44286,0,0,180,18540,120,12360,60,6180
Roborock(US2) ,129600,544,62419,481,56041,63,6378,361,43681,361,43681,0,0,183,18738,120,12360,63,6378
Roborock(US2) ,131400,544,62474,482,56162,62,6312,362,43802,362,43802,0,0,182,18672,120,12360,62,6312
Roborock(US2) ,133200,542,62286,481,56077,61,6209,363,43923,363,43923,0,0,179,18363,118,12154,61,6209
Roborock(US2) ,135000,544,62584,484,56404,60,6180,364,44044,364,44044,0,0,180,18540,120,12360,60,6180
Roborock(US2) ,136800,544,62474,482,56162,62,6312,362,43802,362,43802,0,0,182,18672,120,12360,62,6312
Roborock(US2) ,138600,546,62661,483,56283,63,6378,363,43923,363,43923,0,0,183,18738,120,12360,63,6378
Roborock(US2) ,140400,542,62287,481,56041,61,6246,361,43681,361,43681,0,0,181,18606,120,12360,61,6246
Roborock(US2) ,142200,544,62584,484,56404,60,6180,364,44044,364,44044,0,0,180,18540,120,12360,60,6180
Roborock(US2) ,144000,544,62529,483,56283,61,6246,363,43923,363,43923,0,0,181,18606,120,12360,61,6246
Roborock(US2) ,145800,546,62771,485,56525,61,6246,365,44165,365,44165,0,0,181,18606,120,12360,61,6246
Roborock(US2) ,147600,545,62595,483,56283,62,6312,363,43923,363,43923,0,0,182,18672,120,12360,62,6312
Roborock(US2) ,149400,689,105875,567,66235,122,39640,361,43681,361,43681,0,0,328,62194,206,22554,122,39640
Roborock(US2) ,151200,594,81900,512,62081,82,19819,362,43802,362,43802,0,0,232,38098,150,18279,82,19819
Roborock(US2) ,153000,542,62287,481,56041,61,6246,361,43681,361,43681,0,0,181,18606,120,12360,61,6246
Roborock(US2) ,154800,540,62154,481,56077,59,6077,363,43923,363,43923,0,0,177,18231,118,12154,59,6077
Roborock(US2) ,156600,546,62716,484,56404,62,6312,364,44044,364,44044,0,0,182,18672,120,12360,62,6312
Roborock(US2) ,158400,547,62837,485,56525,62,6312,365,44165,365,44165,0,0,182,18672,120,12360,62,6312
Roborock(US2) ,160200,547,62727,483,56283,64,6444,363,43923,363,43923,0,0,184,18804,120,12360,64,6444
Roborock(US2) ,162000,543,62353,481,56041,62,6312,361,43681,361,43681,0,0,182,18672,120,12360,62,6312
Roborock(US2) ,163800,549,62871,483,56283,66,6588,363,43923,363,43923,0,0,186,18948,120,12360,66,6588
Roborock(US2) ,165600,545,62595,483,56283,62,6312,363,43923,363,43923,0,0,182,18672,120,12360,62,6312
Roborock(US2) ,167400,548,63013,487,56767,61,6246,367,44407,367,44407,0,0,181,18606,120,12360,61,6246
Roborock(US2) ,169200,547,62892,486,56646,61,6246,366,44286,366,44286,0,0,181,18606,120,12360,61,6246
Roborock(US2) ,171000,542,62342,482,56162,60,6180,362,43802,362,43802,0,0,180,18540,120,12360,60,6180
Roborock(US2) ,172800,544,62529,483,56283,61,6246,363,43923,363,43923,0,0,181,18606,120,12360,61,6246
Roborock(US2) ,174600,548,62958,486,56646,62,6312,366,44286,366,44286,0,0,182,18672,120,12360,62,6312
Roborock(US2) ,176400,544,62584,484,56404,60,6180,364,44044,364,44044,0,0,180,18540,120,12360,60,6180
Roborock(US2) ,178200,545,62595,483,56283,62,6312,363,43923,363,43923,0,0,182,18672,120,12360,62,6312
Roborock(US2) ,180000,547,62947,487,56767,60,6180,367,44407,367,44407,0,0,180,18540,120,12360,60,6180
Roborock(US2) ,181800,548,63068,488,56888,60,6180,368,44528,368,44528,0,0,180,18540,120,12360,60,6180
Roborock(US2) ,183600,548,63013,487,56767,61,6246,367,44407,367,44407,0,0,181,18606,120,12360,61,6246
Roborock(US2) ,185400,543,62463,483,56283,60,6180,363,43923,363,43923,0,0,180,18540,120,12360,60,6180
Roborock(US2) ,187200,544,62584,484,56404,60,6180,364,44044,364,44044,0,0,180,18540,120,12360,60,6180
Roborock(US2) ,189000,544,62529,483,56283,61,6246,363,43923,363,43923,0,0,181,18606,120,12360,61,6246
Roborock(US2) ,190800,544,62474,482,56162,62,6312,362,43802,362,43802,0,0,182,18672,120,12360,62,6312
Roborock(US2) ,192600,545,62705,485,56525,60,6180,365,44165,365,44165,0,0,180,18540,120,12360,60,6180
Roborock(US2) ,194400,539,62033,480,55956,59,6077,362,43802,362,43802,0,0,177,18231,118,12154,59,6077
Roborock(US2) ,196200,606,77970,520,63197,86,14773,364,44044,364,44044,0,0,242,33926,156,19153,86,14773
Roborock(US2) ,198000,568,66889,498,59385,70,7504,363,43923,363,43923,0,0,205,22966,135,15462,70,7504
Roborock(US2) ,199800,604,79159,523,65083,81,14076,365,44165,365,44165,0,0,239,34994,158,20918,81,14076
Roborock(US2) ,201600,553,64127,489,57609,64,6518,365,44165,365,44165,0,0,188,19962,124,13444,64,6518
Roborock(US2) ,203400,542,62287,481,56041,61,6246,361,43681,361,43681,0,0,181,18606,120,12360,61,6246
Roborock(US2) ,205200,546,62826,486,56646,60,6180,366,44286,366,44286,0,0,180,18540,120,12360,60,6180
Roborock(US2) ,207000,544,62528,483,56319,61,6209,365,44165,365,44165,0,0,179,18363,118,12154,61,6209
Roborock(US2) ,208800,543,62463,483,56283,60,6180,363,43923,363,43923,0,0,180,18540,120,12360,60,6180
Roborock(US2) ,210600,545,62705,485,56525,60,6180,365,44165,365,44165,0,0,180,18540,120,12360,60,6180
Roborock(US2) ,212400,544,62529,483,56283,61,6246,363,43923,363,43923,0,0,181,18606,120,12360,61,6246
Roborock(US2) ,214200,545,62705,485,56525,60,6180,365,44165,365,44165,0,0,180,18540,120,12360,60,6180
Roborock(US2) ,216000,545,62595,483,56283,62,6312,363,43923,363,43923,0,0,182,18672,120,12360,62,6312
Roborock(US2) ,217800,541,62166,480,55920,61,6246,360,43560,360,43560,0,0,181,18606,120,12360,61,6246
Roborock(US2) ,219600,540,62100,480,55920,60,6180,360,43560,360,43560,0,0,180,18540,120,12360,60,6180
Roborock(US2) ,221400,546,62826,486,56646,60,6180,366,44286,366,44286,0,0,180,18540,120,12360,60,6180
Roborock(US2) ,223200,546,62661,483,56283,63,6378,363,43923,363,43923,0,0,183,18738,120,12360,63,6378
Roborock(US2) ,225000,545,62650,484,56404,61,6246,364,44044,364,44044,0,0,181,18606,120,12360,61,6246
Roborock(US2) ,226800,546,62771,485,56525,61,6246,365,44165,365,44165,0,0,181,18606,120,12360,61,6246
Roborock(US2) ,228600,540,62100,480,55920,60,6180,360,43560,360,43560,0,0,180,18540,120,12360,60,6180
Roborock(US2) ,230400,544,62584,484,56404,60,6180,364,44044,364,44044,0,0,180,18540,120,12360,60,6180
Roborock(US2) ,232200,548,62903,485,56525,63,6378,365,44165,365,44165,0,0,183,18738,120,12360,63,6378
Roborock(US2) ,234000,542,62342,482,56162,60,6180,362,43802,362,43802,0,0,180,18540,120,12360,60,6180
Roborock(US2) ,235800,688,105656,565,65938,123,39718,358,43318,358,43318,0,0,330,62338,207,22620,123,39718
Roborock(US2) ,237600,596,82279,515,62525,81,19754,365,44165,365,44165,0,0,231,38114,150,18360,81,19754
Roborock(US2) ,239400,543,62463,483,56283,60,6180,363,43923,363,43923,0,0,180,18540,120,12360,60,6180
Roborock(US2) ,241200,542,62342,482,56162,60,6180,362,43802,362,43802,0,0,180,18540,120,12360,60,6180
Roborock(US2) ,243000,546,62880,487,56803,59,6077,369,44649,369,44649,0,0,177,18231,118,12154,59,6077
Roborock(US2) ,244800,545,62650,484,56404,61,6246,364,44044,364,44044,0,0,181,18606,120,12360,61,6246
Roborock(US2) ,246600,549,63079,487,56767,62,6312,367,44407,367,44407,0,0,182,18672,120,12360,62,6312
Roborock(US2) ,248400,543,62463,483,56283,60,6180,363,43923,363,43923,0,0,180,18540,120,12360,60,6180
Roborock(US2) ,250200,550,63200,488,56888,62,6312,368,44528,368,44528,0,0,182,18672,120,12360,62,6312
Roborock(US2) ,252000,547,62617,481,56041,66,6576,361,43681,361,43681,0,0,186,18936,120,12360,66,6576
Roborock(US2) ,253800,546,62551,481,56041,65,6510,361,43681,361,43681,0,0,185,18870,120,12360,65,6510
Roborock(US2) ,255600,546,62826,486,56646,60,6180,366,44286,366,44286,0,0,180,18540,120,12360,60,6180
Roborock(US2) ,257400,555,63817,493,57493,62,6324,373,45133,373,45133,0,0,182,18684,120,12360,62,6324
Roborock(US2) ,259200,548,63068,488,56888,60,6180,368,44528,368,44528,0,0,180,18540,120,12360,60,6180
Roborock(US2) ,261000,547,62892,486,56646,61,6246,366,44286,366,44286,0,0,181,18606,120,12360,61,6246
Roborock(US2) ,262800,550,63310,490,57130,60,6180,370,44770,370,44770,0,0,180,18540,120,12360,60,6180
Roborock(US2) ,264600,546,62826,486,56646,60,6180,366,44286,366,44286,0,0,180,18540,120,12360,60,6180
Roborock(US2) ,266400,549,63134,488,56888,61,6246,368,44528,368,44528,0,0,181,18606,120,12360,61,6246
Roborock(US2) ,268200,555,63860,494,57614,61,6246,374,45254,374,45254,0,0,181,18606,120,12360,61,6246
Roborock(US2) ,270000,544,62474,482,56162,62,6312,362,43802,362,43802,0,0,182,18672,120,12360,62,6312
Roborock(US2) ,271800,546,62771,485,56525,61,6246,365,44165,365,44165,0,0,181,18606,120,12360,61,6246
Roborock(US2) ,273600,550,63255,489,57009,61,6246,369,44649,369,44649,0,0,181,18606,120,12360,61,6246
Roborock(US2) ,275400,544,62584,484,56404,60,6180,364,44044,364,44044,0,0,180,18540,120,12360,60,6180
Roborock(US2) ,277200,548,63068,488,56888,60,6180,368,44528,368,44528,0,0,180,18540,120,12360,60,6180
Roborock(US2) ,279000,546,62826,486,56646,60,6180,366,44286,366,44286,0,0,180,18540,120,12360,60,6180
Roborock(US2) ,280800,547,62892,486,56646,61,6246,366,44286,366,44286,0,0,181,18606,120,12360,61,6246
Roborock(US2) ,282600,609,72034,534,64151,75,7883,399,48279,399,48279,0,0,210,23755,135,15872,75,7883
Roborock(US2) ,284400,641,84305,546,68641,95,15664,373,45133,373,45133,0,0,268,39172,173,23508,95,15664
Roborock(US2) ,286200,631,82086,542,67261,89,14825,372,45012,372,45012,0,0,259,37074,170,22249,89,14825
Roborock(US2) ,288000,555,64884,492,58420,63,6464,368,44528,368,44528,0,0,187,20356,124,13892,63,6464
Roborock(US2) ,289800,561,65599,498,59110,63,6489,372,45012,372,45012,0,0,189,20587,126,14098,63,6489
Roborock(US2) ,291600,561,64757,499,58371,62,6386,375,45375,375,45375,0,0,186,19382,124,12996,62,6386
Roborock(US2) ,293400,546,62825,486,56682,60,6143,368,44528,368,44528,0,0,178,18297,118,12154,60,6143
Roborock(US2) ,295200,547,62904,486,56646,61,6258,366,44286,366,44286,0,0,181,18618,120,12360,61,6258
Roborock(US2) ,297000,551,63388,490,57130,61,6258,370,44770,370,44770,0,0,181,18618,120,12360,61,6258
Roborock(US2) ,298800,554,63739,493,57493,61,6246,373,45133,373,45133,0,0,181,18606,120,12360,61,6246
Roborock(US2) ,300600,557,64047,495,57735,62,6312,375,45375,375,45375,0,0,182,18672,120,12360,62,6312
Roborock(US2) ,302400,558,64058,494,57614,64,6444,374,45254,374,45254,0,0,184,18804,120,12360,64,6444
Roborock(US2) ,304200,551,63156,486,56646,65,6510,366,44286,366,44286,0,0,185,18870,120,12360,65,6510
Roborock(US2) ,306000,555,63585,489,57009,66,6576,369,44649,369,44649,0,0,186,18936,120,12360,66,6576
Roborock(US2) ,307800,553,63398,488,56888,65,6510,368,44528,368,44528,0,0,185,18870,120,12360,65,6510
Roborock(US2) ,309600,545,62595,483,56283,62,6312,363,43923,363,43923,0,0,182,18672,120,12360,62,6312
Roborock(US2) ,311400,549,63134,488,56888,61,6246,368,44528,368,44528,0,0,181,18606,120,12360,61,6246
Roborock(US2) ,313200,548,62958,486,56646,62,6312,366,44286,366,44286,0,0,182,18672,120,12360,62,6312
Roborock(US2) ,315000,549,63134,488,56888,61,6246,368,44528,368,44528,0,0,181,18606,120,12360,61,6246
Roborock(US2) ,316800,550,63255,489,57009,61,6246,369,44649,369,44649,0,0,181,18606,120,12360,61,6246
Roborock(US2) ,318600,545,62705,485,56525,60,6180,365,44165,365,44165,0,0,180,18540,120,12360,60,6180
Roborock(US2) ,320400,552,63552,492,57372,60,6180,372,45012,372,45012,0,0,180,18540,120,12360,60,6180
Roborock(US2) ,322200,683,105203,563,65732,120,39471,358,43318,358,43318,0,0,325,61885,205,22414,120,39471
Roborock(US2) ,324000,598,82527,517,62775,81,19752,366,44286,366,44286,0,0,232,38241,151,18489,81,19752
Roborock(US2) ,325800,550,63255,489,57009,61,6246,369,44649,369,44649,0,0,181,18606,120,12360,61,6246
Roborock(US2) ,327600,546,62716,484,56404,62,6312,364,44044,364,44044,0,0,182,18672,120,12360,62,6312
Roborock(US2) ,329400,541,62177,480,55956,61,6221,362,43802,362,43802,0,0,179,18375,118,12154,61,6221
Roborock(US2) ,331200,545,62595,483,56283,62,6312,363,43923,363,43923,0,0,182,18672,120,12360,62,6312
Roborock(US2) ,333000,550,63255,489,57009,61,6246,369,44649,369,44649,0,0,181,18606,120,12360,61,6246
Roborock(US2) ,334800,556,63871,493,57493,63,6378,373,45133,373,45133,0,0,183,18738,120,12360,63,6378
Roborock(US2) ,336600,553,63618,492,57372,61,6246,372,45012,372,45012,0,0,181,18606,120,12360,61,6246
Roborock(US2) ,338400,549,62969,485,56525,64,6444,365,44165,365,44165,0,0,184,18804,120,12360,64,6444
Roborock(US2) ,340200,550,63145,487,56767,63,6378,367,44407,367,44407,0,0,183,18738,120,12360,63,6378
Roborock(US2) ,342000,546,62826,486,56646,60,6180,366,44286,366,44286,0,0,180,18540,120,12360,60,6180
Roborock(US2) ,343800,544,62584,484,56404,60,6180,364,44044,364,44044,0,0,180,18540,120,12360,60,6180
Roborock(US2) ,345600,549,63079,487,56767,62,6312,367,44407,367,44407,0,0,182,18672,120,12360,62,6312
Roborock(US2) ,347400,561,64433,497,57977,64,6456,377,45617,377,45617,0,0,184,18816,120,12360,64,6456
Roborock(US2) ,349200,554,63794,494,57614,60,6180,374,45254,374,45254,0,0,180,18540,120,12360,60,6180
Roborock(US2) ,351000,554,63696,492,57372,62,6324,372,45012,372,45012,0,0,182,18684,120,12360,62,6324
Roborock(US2) ,352800,553,63673,493,57493,60,6180,373,45133,373,45133,0,0,180,18540,120,12360,60,6180
Roborock(US2) ,354600,558,64168,496,57856,62,6312,376,45496,376,45496,0,0,182,18672,120,12360,62,6312
Roborock(US2) ,356400,548,62860,484,56404,64,6456,364,44044,364,44044,0,0,184,18816,120,12360,64,6456
Roborock(US2) ,358200,544,62584,484,56404,60,6180,364,44044,364,44044,0,0,180,18540,120,12360,60,6180
Roborock(US2) ,360000,551,63388,490,57130,61,6258,370,44770,370,44770,0,0,181,18618,120,12360,61,6258
Roborock(US2) ,361800,552,63344,488,56888,64,6456,368,44528,368,44528,0,0,184,18816,120,12360,64,6456
Roborock(US2) ,363600,549,63189,489,57009,60,6180,369,44649,369,44649,0,0,180,18540,120,12360,60,6180
Roborock(US2) ,365400,544,62584,484,56404,60,6180,364,44044,364,44044,0,0,180,18540,120,12360,60,6180
Roborock(US2) ,367200,548,63013,487,56767,61,6246,367,44407,367,44407,0,0,181,18606,120,12360,61,6246
Roborock(US2) ,369000,594,69932,516,61863,78,8069,379,45859,379,45859,0,0,215,24073,137,16004,78,8069
Roborock(US2) ,370800,935,167172,694,125095,241,42077,372,45012,372,45012,0,0,563,122160,322,80083,241,42077
Roborock(US2) ,372600,624,81279,537,66647,87,14632,373,45133,373,45133,0,0,251,36146,164,21514,87,14632
Roborock(US2) ,374400,583,86212,507,77939,76,8273,365,44165,365,44165,0,0,218,42047,142,33774,76,8273
Roborock(US2) ,376200,555,64661,491,58094,64,6567,366,44286,366,44286,0,0,189,20375,125,13808,64,6567
Roborock(US2) ,378000,551,63388,490,57130,61,6258,370,44770,370,44770,0,0,181,18618,120,12360,61,6258
Roborock(US2) ,379800,548,63068,488,56888,60,6180,368,44528,368,44528,0,0,180,18540,120,12360,60,6180
Roborock(US2) ,381600,546,62826,486,56646,60,6180,366,44286,366,44286,0,0,180,18540,120,12360,60,6180
Roborock(US2) ,383400,546,62716,484,56404,62,6312,364,44044,364,44044,0,0,182,18672,120,12360,62,6312
Roborock(US2) ,385200,543,62463,483,56283,60,6180,363,43923,363,43923,0,0,180,18540,120,12360,60,6180
Roborock(US2) ,387000,551,63266,488,56888,63,6378,368,44528,368,44528,0,0,183,18738,120,12360,63,6378
Roborock(US2) ,388800,545,62705,485,56525,60,6180,365,44165,365,44165,0,0,180,18540,120,12360,60,6180
Roborock(US2) ,390600,544,62541,483,56283,61,6258,363,43923,363,43923,0,0,181,18618,120,12360,61,6258
Roborock(US2) ,392400,547,62837,485,56525,62,6312,365,44165,365,44165,0,0,182,18672,120,12360,62,6312
Roborock(US2) ,394200,548,63013,487,56767,61,6246,367,44407,367,44407,0,0,181,18606,120,12360,61,6246
Roborock(US2) ,396000,549,63134,488,56888,61,6246,368,44528,368,44528,0,0,181,18606,120,12360,61,6246
Roborock(US2) ,397800,543,62463,483,56283,60,6180,363,43923,363,43923,0,0,180,18540,120,12360,60,6180
Roborock(US2) ,399600,546,62673,483,56283,63,6390,363,43923,363,43923,0,0,183,18750,120,12360,63,6390
Roborock(US2) ,401400,545,62705,485,56525,60,6180,365,44165,365,44165,0,0,180,18540,120,12360,60,6180
Roborock(US2) ,403200,546,62771,485,56525,61,6246,365,44165,365,44165,0,0,181,18606,120,12360,61,6246
Roborock(US2) ,405000,545,62595,483,56283,62,6312,363,43923,363,43923,0,0,182,18672,120,12360,62,6312
Roborock(US2) ,406800,543,62408,482,56162,61,6246,362,43802,362,43802,0,0,181,18606,120,12360,61,6246
Roborock(US2) ,408600,681,104961,561,65490,120,39471,356,43076,356,43076,0,0,325,61885,205,22414,120,39471
Roborock(US2) ,410400,594,82194,515,62573,79,19621,365,44165,365,44165,0,0,229,38029,150,18408,79,19621
Roborock(US2) ,412200,540,62154,481,56077,59,6077,363,43923,363,43923,0,0,177,18231,118,12154,59,6077
Roborock(US2) ,414000,546,62783,485,56525,61,6258,365,44165,365,44165,0,0,181,18618,120,12360,61,6258
Roborock(US2) ,415800,547,62782,484,56404,63,6378,364,44044,364,44044,0,0,183,18738,120,12360,63,6378
Roborock(US2) ,417600,543,62463,483,56283,60,6180,363,43923,363,43923,0,0,180,18540,120,12360,60,6180
Roborock(US2) ,419400,545,62650,484,56404,61,6246,364,44044,364,44044,0,0,181,18606,120,12360,61,6246
Roborock(US2) ,421200,545,62650,484,56404,61,6246,364,44044,364,44044,0,0,181,18606,120,12360,61,6246
Roborock(US2) ,423000,547,62892,486,56646,61,6246,366,44286,366,44286,0,0,181,18606,120,12360,61,6246
Roborock(US2) ,424800,544,62474,482,56162,62,6312,362,43802,362,43802,0,0,182,18672,120,12360,62,6312
Roborock(US2) ,426600,550,63310,490,57130,60,6180,370,44770,370,44770,0,0,180,18540,120,12360,60,6180
Roborock(US2) ,428400,543,62463,483,56283,60,6180,363,43923,363,43923,0,0,180,18540,120,12360,60,6180
Roborock(US2) ,430200,546,62771,485,56525,61,6246,365,44165,365,44165,0,0,181,18606,120,12360,61,6246
Roborock(US2) ,432000,550,63255,489,57009,61,6246,369,44649,369,44649,0,0,181,18606,120,12360,61,6246
Roborock(US2) ,433800,546,62826,486,56646,60,6180,366,44286,366,44286,0,0,180,18540,120,12360,60,6180
Roborock(US2) ,435600,545,62595,483,56283,62,6312,363,43923,363,43923,0,0,182,18672,120,12360,62,6312
Roborock(US2) ,437400,550,63310,490,57130,60,6180,370,44770,370,44770,0,0,180,18540,120,12360,60,6180
Roborock(US2) ,439200,550,63200,488,56888,62,6312,368,44528,368,44528,0,0,182,18672,120,12360,62,6312
Roborock(US2) ,441000,548,63068,488,56888,60,6180,368,44528,368,44528,0,0,180,18540,120,12360,60,6180
Roborock(US2) ,442800,549,63078,487,56803,62,6275,369,44649,369,44649,0,0,180,18429,118,12154,62,6275
Roborock(US2) ,444600,545,62650,484,56404,61,6246,364,44044,364,44044,0,0,181,18606,120,12360,61,6246
Roborock(US2) ,446400,546,62826,486,56646,60,6180,366,44286,366,44286,0,0,180,18540,120,12360,60,6180
Roborock(US2) ,448200,548,63013,487,56767,61,6246,367,44407,367,44407,0,0,181,18606,120,12360,61,6246
Roborock(US2) ,450000,544,62529,483,56283,61,6246,363,43923,363,43923,0,0,181,18606,120,12360,61,6246
Roborock(US2) ,451800,549,63134,488,56888,61,6246,368,44528,368,44528,0,0,181,18606,120,12360,61,6246
Roborock(US2) ,453600,544,62529,483,56283,61,6246,363,43923,363,43923,0,0,181,18606,120,12360,61,6246
Roborock(US2) ,455400,575,68029,504,60447,71,7582,369,44649,369,44649,0,0,206,23380,135,15798,71,7582
Roborock(US2) ,457200,655,85875,554,69656,101,16219,373,45133,373,45133,0,0,282,40742,181,24523,101,16219
Roborock(US2) ,459000,620,80756,532,66046,88,14710,365,44165,365,44165,0,0,255,36591,167,21881,88,14710
Roborock(US2) ,460800,550,64268,487,57779,63,6489,361,43681,361,43681,0,0,189,20587,126,14098,63,6489
Roborock(US2) ,462600,553,64631,490,58142,63,6489,364,44044,364,44044,0,0,189,20587,126,14098,63,6489
Roborock(US2) ,464400,547,63174,485,56825,62,6349,363,43923,363,43923,0,0,184,19251,122,12902,62,6349
Roborock(US2) ,466200,544,62541,483,56283,61,6258,363,43923,363,43923,0,0,181,18618,120,12360,61,6258
Roborock(US2) ,468000,545,62705,485,56525,60,6180,365,44165,365,44165,0,0,180,18540,120,12360,60,6180
Roborock(US2) ,469800,546,62783,485,56525,61,6258,365,44165,365,44165,0,0,181,18618,120,12360,61,6258
Roborock(US2) ,471600,548,62970,486,56646,62,6324,366,44286,366,44286,0,0,182,18684,120,12360,62,6324
Roborock(US2) ,473400,548,62982,486,56646,62,6336,366,44286,366,44286,0,0,182,18696,120,12360,62,6336
Roborock(US2) ,475200,548,63068,488,56888,60,6180,368,44528,368,44528,0,0,180,18540,120,12360,60,6180
Roborock(US2) ,477000,544,62584,484,56404,60,6180,364,44044,364,44044,0,0,180,18540,120,12360,60,6180
Roborock(US2) ,478800,544,62584,484,56404,60,6180,364,44044,364,44044,0,0,180,18540,120,12360,60,6180
Roborock(US2) ,480600,548,62958,486,56646,62,6312,366,44286,366,44286,0,0,182,18672,120,12360,62,6312
Roborock(US2) ,482400,550,63310,490,57130,60,6180,370,44770,370,44770,0,0,180,18540,120,12360,60,6180
Roborock(US2) ,484200,548,62958,486,56646,62,6312,366,44286,366,44286,0,0,182,18672,120,12360,62,6312
Roborock(US2) ,486000,546,62783,485,56525,61,6258,365,44165,365,44165,0,0,181,18618,120,12360,61,6258
Roborock(US2) ,487800,545,62705,485,56525,60,6180,365,44165,365,44165,0,0,180,18540,120,12360,60,6180
Roborock(US2) ,489600,545,62662,484,56404,61,6258,364,44044,364,44044,0,0,181,18618,120,12360,61,6258
Roborock(US2) ,491400,543,62474,483,56319,60,6155,365,44165,365,44165,0,0,178,18309,118,12154,60,6155
Roborock(US2) ,493200,551,63333,489,57009,62,6324,369,44649,369,44649,0,0,182,18684,120,12360,62,6324
Roborock(US2) ,495000,681,105182,564,65872,117,39310,358,43318,358,43318,0,0,323,61864,206,22554,117,39310
Roborock(US2) ,496800,599,82597,517,62777,82,19820,366,44286,366,44286,0,0,233,38311,151,18491,82,19820
Roborock(US2) ,498600,548,63068,488,56888,60,6180,368,44528,368,44528,0,0,180,18540,120,12360,60,6180
Roborock(US2) ,500400,545,62594,483,56319,62,6275,365,44165,365,44165,0,0,180,18429,118,12154,62,6275
Roborock(US2) ,502200,551,63321,489,57009,62,6312,369,44649,369,44649,0,0,182,18672,120,12360,62,6312
Roborock(US2) ,504000,549,63189,489,57009,60,6180,369,44649,369,44649,0,0,180,18540,120,12360,60,6180
Roborock(US2) ,505800,549,63146,488,56888,61,6258,368,44528,368,44528,0,0,181,18618,120,12360,61,6258
Roborock(US2) ,507600,544,62474,482,56162,62,6312,362,43802,362,43802,0,0,182,18672,120,12360,62,6312
Roborock(US2) ,509400,545,62595,483,56283,62,6312,363,43923,363,43923,0,0,182,18672,120,12360,62,6312
Roborock(US2) ,511200,552,63387,489,57009,63,6378,369,44649,369,44649,0,0,183,18738,120,12360,63,6378
Roborock(US2) ,513000,554,63739,493,57493,61,6246,373,45133,373,45133,0,0,181,18606,120,12360,61,6246
Roborock(US2) ,514800,550,63090,486,56646,64,6444,366,44286,366,44286,0,0,184,18804,120,12360,64,6444
Roborock(US2) ,516600,551,63211,487,56767,64,6444,367,44407,367,44407,0,0,184,18804,120,12360,64,6444
Roborock(US2) ,518400,546,62716,484,56404,62,6312,364,44044,364,44044,0,0,182,18672,120,12360,62,6312
Roborock(US2) ,520200,551,63278,488,56888,63,6390,368,44528,368,44528,0,0,183,18750,120,12360,63,6390
Roborock(US2) ,522000,548,63068,488,56888,60,6180,368,44528,368,44528,0,0,180,18540,120,12360,60,6180
Roborock(US2) ,523800,547,62947,487,56767,60,6180,367,44407,367,44407,0,0,180,18540,120,12360,60,6180
Roborock(US2) ,525600,544,62529,483,56283,61,6246,363,43923,363,43923,0,0,181,18606,120,12360,61,6246
Roborock(US2) ,527400,546,62826,486,56646,60,6180,366,44286,366,44286,0,0,180,18540,120,12360,60,6180
Roborock(US2) ,529200,542,62342,482,56162,60,6180,362,43802,362,43802,0,0,180,18540,120,12360,60,6180
Roborock(US2) ,531000,547,62947,487,56767,60,6180,367,44407,367,44407,0,0,180,18540,120,12360,60,6180
Roborock(US2) ,532800,546,62716,484,56404,62,6312,364,44044,364,44044,0,0,182,18672,120,12360,62,6312
Roborock(US2) ,534600,545,62705,485,56525,60,6180,365,44165,365,44165,0,0,180,18540,120,12360,60,6180
Roborock(US2) ,536400,544,62529,483,56283,61,6246,363,43923,363,43923,0,0,181,18606,120,12360,61,6246
Roborock(US2) ,538200,546,62826,486,56646,60,6180,366,44286,366,44286,0,0,180,18540,120,12360,60,6180
Roborock(US2) ,540000,544,62584,484,56404,60,6180,364,44044,364,44044,0,0,180,18540,120,12360,60,6180
Roborock(US2) ,541800,599,70934,531,63636,68,7298,400,48400,400,48400,0,0,199,22534,131,15236,68,7298
Roborock(US2) ,543600,660,86650,566,70966,94,15684,388,46948,388,46948,0,0,272,39702,178,24018,94,15684
Roborock(US2) ,545400,651,84489,564,69832,87,14657,396,47916,396,47916,0,0,255,36573,168,21916,87,14657
Roborock(US2) ,547200,551,64389,488,57900,63,6489,362,43802,362,43802,0,0,189,20587,126,14098,63,6489
Roborock(US2) ,549000,552,64454,488,57936,64,6518,364,44044,364,44044,0,0,188,20410,124,13892,64,6518
Roborock(US2) ,550800,553,63791,489,57273,64,6518,365,44165,365,44165,0,0,188,19626,124,13108,64,6518
Roborock(US2) ,552600,548,62958,486,56646,62,6312,366,44286,366,44286,0,0,182,18672,120,12360,62,6312
Roborock(US2) ,554400,553,63630,492,57372,61,6258,372,45012,372,45012,0,0,181,18618,120,12360,61,6258
Roborock(US2) ,556200,544,62595,484,56440,60,6155,366,44286,366,44286,0,0,178,18309,118,12154,60,6155
Roborock(US2) ,558000,547,62892,486,56646,61,6246,366,44286,366,44286,0,0,181,18606,120,12360,61,6246
Roborock(US2) ,559800,547,62727,483,56283,64,6444,363,43923,363,43923,0,0,184,18804,120,12360,64,6444
Roborock(US2) ,561600,544,62474,482,56162,62,6312,362,43802,362,43802,0,0,182,18672,120,12360,62,6312
Roborock(US2) ,563400,545,62595,483,56283,62,6312,363,43923,363,43923,0,0,182,18672,120,12360,62,6312
Roborock(US2) ,565200,548,62903,485,56525,63,6378,365,44165,365,44165,0,0,183,18738,120,12360,63,6378
Roborock(US2) ,567000,548,63013,487,56767,61,6246,367,44407,367,44407,0,0,181,18606,120,12360,61,6246
Roborock(US2) ,568800,545,62705,485,56525,60,6180,365,44165,365,44165,0,0,180,18540,120,12360,60,6180
Roborock(US2) ,570600,543,62408,482,56162,61,6246,362,43802,362,43802,0,0,181,18606,120,12360,61,6246
Roborock(US2) ,572400,544,62584,484,56404,60,6180,364,44044,364,44044,0,0,180,18540,120,12360,60,6180
Roborock(US2) ,574200,544,62584,484,56404,60,6180,364,44044,364,44044,0,0,180,18540,120,12360,60,6180
Roborock(US2) ,576000,547,62947,487,56767,60,6180,367,44407,367,44407,0,0,180,18540,120,12360,60,6180
Roborock(US2) ,577800,545,62595,483,56283,62,6312,363,43923,363,43923,0,0,182,18672,120,12360,62,6312
Roborock(US2) ,579600,542,62342,482,56162,60,6180,362,43802,362,43802,0,0,180,18540,120,12360,60,6180
Roborock(US2) ,581400,686,105401,562,65666,124,39735,358,43318,358,43318,0,0,328,62083,204,22348,124,39735
Roborock(US2) ,583200,597,82460,517,62811,80,19649,368,44528,368,44528,0,0,229,37932,149,18283,80,19649
Roborock(US2) ,585000,545,62485,481,56041,64,6444,361,43681,361,43681,0,0,184,18804,120,12360,64,6444
Roborock(US2) ,586800,545,62705,485,56525,60,6180,365,44165,365,44165,0,0,180,18540,120,12360,60,6180
Roborock(US2) ,588600,548,62958,486,56646,62,6312,366,44286,366,44286,0,0,182,18672,120,12360,62,6312
Roborock(US2) ,590400,558,63740,488,56888,70,6852,368,44528,368,44528,0,0,190,19212,120,12360,70,6852
Roborock(US2) ,592200,553,63618,492,57372,61,6246,372,45012,372,45012,0,0,181,18606,120,12360,61,6246
Roborock(US2) ,594000,555,63695,491,57251,64,6444,371,44891,371,44891,0,0,184,18804,120,12360,64,6444
Roborock(US2) ,595800,557,64114,496,57856,61,6258,376,45496,376,45496,0,0,181,18618,120,12360,61,6258
Roborock(US2) ,597600,555,63695,491,57251,64,6444,371,44891,371,44891,0,0,184,18804,120,12360,64,6444
Roborock(US2) ,599400,557,64004,494,57614,63,6390,374,45254,374,45254,0,0,183,18750,120,12360,63,6390
Roborock(US2) ,601200,545,62595,483,56283,62,6312,363,43923,363,43923,0,0,182,18672,120,12360,62,6312
Roborock(US2) ,603000,273,31413,243,28323,30,3090,183,22143,183,22143,0,0,90,9270,60,6180,30,3090
