MAC,WAN/LAN,Protocol,IP,TotalPackets,TotalBytes,TxPackets,TxBytes,RxPackets,RxBytes
F4:CF:A2:0C:40:1C,ALL,ip,18.184.31.90,1000,90381,538,45739,462,44642
F4:CF:A2:0C:40:1C,ALL,ip,18.185.182.159,3923,426506,1806,205206,2117,221300
F4:CF:A2:0C:40:1C,ALL,ip,18.185.218.106,1321,122257,704,61808,617,60449
F4:CF:A2:0C:40:1C,ALL,ip,18.185.31.196,1082,101472,597,52265,485,49207
F4:CF:A2:0C:40:1C,ALL,ip,18.192.43.219,1420,132580,772,67988,648,64592
F4:CF:A2:0C:40:1C,ALL,ip,18.195.249.137,3506,386612,1597,184506,1909,202106
F4:CF:A2:0C:40:1C,ALL,ip,255.255.255.255,26413,6074990,26413,6074990,0,0
F4:CF:A2:0C:40:1C,ALL,ip,3.120.92.134,1568,148430,874,78064,694,70366
F4:CF:A2:0C:40:1C,ALL,ip,3.121.131.36,2841,308631,1300,146925,1541,161706
F4:CF:A2:0C:40:1C,ALL,ip,3.121.210.75,2258,211316,1214,107670,1044,103646
F4:CF:A2:0C:40:1C,ALL,ip,3.124.225.12,912,83681,509,43982,403,39699
F4:CF:A2:0C:40:1C,ALL,ip,3.64.85.28,2619,243578,1446,126289,1173,117289
F4:CF:A2:0C:40:1C,ALL,ip,3.65.95.68,1925,179915,1053,93049,872,86866
F4:CF:A2:0C:40:1C,ALL,ip,3.66.126.37,2864,266214,1571,137160,1293,129054
F4:CF:A2:0C:40:1C,ALL,ip,3.67.242.33,3282,310643,1823,161865,1459,148778
F4:CF:A2:0C:40:1C,ALL,ip,35.156.42.116,2637,245390,1415,124627,1222,120763
F4:CF:A2:0C:40:1C,ALL,ip,35.156.44.172,3111,294500,1728,153380,1383,141120
F4:CF:A2:0C:40:1C,ALL,ip,52.57.38.165,2089,196732,1135,100814,954,95918
F4:CF:A2:0C:40:1C,ALL,ip,52.58.249.45,3104,291373,1708,151217,1396,140156
F4:CF:A2:0C:40:1C,ALL,udp,192.168.231.169*,26413,6074990,0,0,26413,6074990
F4:CF:A2:0C:40:1C,ALL,udp,255.255.255.255*,26413,6074990,26413,6074990,0,0
F4:CF:A2:0C:40:1C,ALL,tcp,18.184.31.90,1000,90381,538,45739,462,44642
F4:CF:A2:0C:40:1C,ALL,tcp,18.185.182.159,3923,426506,1806,205206,2117,221300
F4:CF:A2:0C:40:1C,ALL,tcp,18.185.218.106,1321,122257,704,61808,617,60449
F4:CF:A2:0C:40:1C,ALL,tcp,18.185.31.196,1082,101472,597,52265,485,49207
F4:CF:A2:0C:40:1C,ALL,tcp,18.192.43.219,1420,132580,772,67988,648,64592
F4:CF:A2:0C:40:1C,ALL,tcp,18.195.249.137,3506,386612,1597,184506,1909,202106
F4:CF:A2:0C:40:1C,ALL,tcp,3.120.92.134,1568,148430,874,78064,694,70366
F4:CF:A2:0C:40:1C,ALL,tcp,3.121.131.36,2841,308631,1300,146925,1541,161706
F4:CF:A2:0C:40:1C,ALL,tcp,3.121.210.75,2258,211316,1214,107670,1044,103646
F4:CF:A2:0C:40:1C,ALL,tcp,3.124.225.12,912,83681,509,43982,403,39699
F4:CF:A2:0C:40:1C,ALL,tcp,3.64.85.28,2619,243578,1446,126289,1173,117289
F4:CF:A2:0C:40:1C,ALL,tcp,3.65.95.68,1925,179915,1053,93049,872,86866
F4:CF:A2:0C:40:1C,ALL,tcp,3.66.126.37,2864,266214,1571,137160,1293,129054
F4:CF:A2:0C:40:1C,ALL,tcp,3.67.242.33,3282,310643,1823,161865,1459,148778
F4:CF:A2:0C:40:1C,ALL,tcp,35.156.42.116,2637,245390,1415,124627,1222,120763
F4:CF:A2:0C:40:1C,ALL,tcp,35.156.44.172,3111,294500,1728,153380,1383,141120
F4:CF:A2:0C:40:1C,ALL,tcp,52.57.38.165,2089,196732,1135,100814,954,95918
F4:CF:A2:0C:40:1C,ALL,tcp,52.58.249.45,3104,291373,1708,151217,1396,140156
F4:CF:A2:0C:40:1C,ALL,tls,18.184.31.90,420,58240,208,27442,212,30798
F4:CF:A2:0C:40:1C,ALL,tls,18.185.182.159,1391,286531,788,148371,603,138160
F4:CF:A2:0C:40:1C,ALL,tls,18.185.218.106,593,82102,296,39321,297,42781
F4:CF:A2:0C:40:1C,ALL,tls,18.185.31.196,524,70663,263,33824,261,36839
F4:CF:A2:0C:40:1C,ALL,tls,18.192.43.219,670,90664,334,43300,336,47364
F4:CF:A2:0C:40:1C,ALL,tls,18.195.249.137,1278,261717,720,133737,558,127980
F4:CF:A2:0C:40:1C,ALL,tls,3.120.92.134,788,105491,397,51835,391,53656
F4:CF:A2:0C:40:1C,ALL,tls,3.121.131.36,1010,206484,561,104710,449,101774
F4:CF:A2:0C:40:1C,ALL,tls,3.121.210.75,1072,145602,536,70024,536,75578
F4:CF:A2:0C:40:1C,ALL,tls,3.124.225.12,414,56021,207,27190,207,28831
F4:CF:A2:0C:40:1C,ALL,tls,3.64.85.28,1205,164233,603,79108,602,85125
F4:CF:A2:0C:40:1C,ALL,tls,3.65.95.68,915,123906,461,60197,454,63709
F4:CF:A2:0C:40:1C,ALL,tls,3.66.126.37,1315,179964,655,86123,660,93841
F4:CF:A2:0C:40:1C,ALL,tls,3.67.242.33,1614,217673,800,104789,814,112884
F4:CF:A2:0C:40:1C,ALL,tls,35.156.42.116,1195,165342,595,78935,600,86407
F4:CF:A2:0C:40:1C,ALL,tls,35.156.44.172,1539,207491,769,100302,770,107189
F4:CF:A2:0C:40:1C,ALL,tls,52.57.38.165,990,135796,496,65422,494,70374
F4:CF:A2:0C:40:1C,ALL,tls,52.58.249.45,1465,200257,731,96813,734,103444
F4:CF:A2:0C:40:1C,ALL,tcp:12433,192.168.231.169*,1,123,1,123,0,0
F4:CF:A2:0C:40:1C,ALL,tcp:12433,3.65.95.68*,1,123,0,0,1,123
F4:CF:A2:0C:40:1C,ALL,udp:6667,192.168.231.169*,26413,6074990,0,0,26413,6074990
F4:CF:A2:0C:40:1C,ALL,udp:6667,255.255.255.255*,26413,6074990,26413,6074990,0,0
F4:CF:A2:0C:40:1C,ALL,tcp:8886,18.184.31.90,1000,90381,538,45739,462,44642
F4:CF:A2:0C:40:1C,ALL,tcp:8886,18.185.218.106,1321,122257,704,61808,617,60449
F4:CF:A2:0C:40:1C,ALL,tcp:8886,18.185.31.196,1082,101472,597,52265,485,49207
F4:CF:A2:0C:40:1C,ALL,tcp:8886,18.192.43.219,1420,132580,772,67988,648,64592
F4:CF:A2:0C:40:1C,ALL,tcp:8886,3.120.92.134,1568,148430,874,78064,694,70366
F4:CF:A2:0C:40:1C,ALL,tcp:8886,3.121.210.75,2258,211316,1214,107670,1044,103646
F4:CF:A2:0C:40:1C,ALL,tcp:8886,3.124.225.12,912,83681,509,43982,403,39699
F4:CF:A2:0C:40:1C,ALL,tcp:8886,3.64.85.28,2619,243578,1446,126289,1173,117289
F4:CF:A2:0C:40:1C,ALL,tcp:8886,3.65.95.68,1925,179915,1053,93049,872,86866
F4:CF:A2:0C:40:1C,ALL,tcp:8886,3.66.126.37,2864,266214,1571,137160,1293,129054
F4:CF:A2:0C:40:1C,ALL,tcp:8886,3.67.242.33,3282,310643,1823,161865,1459,148778
F4:CF:A2:0C:40:1C,ALL,tcp:8886,35.156.42.116,2637,245390,1415,124627,1222,120763
F4:CF:A2:0C:40:1C,ALL,tcp:8886,35.156.44.172,3111,294500,1728,153380,1383,141120
F4:CF:A2:0C:40:1C,ALL,tcp:8886,52.57.38.165,2089,196732,1135,100814,954,95918
F4:CF:A2:0C:40:1C,ALL,tcp:8886,52.58.249.45,3104,291373,1708,151217,1396,140156
F4:CF:A2:0C:40:1C,ALL,tcp:33686,192.168.231.169*,157,15186,65,6862,92,8324
F4:CF:A2:0C:40:1C,ALL,tcp:33686,3.120.92.134*,157,15186,92,8324,65,6862
F4:CF:A2:0C:40:1C,ALL,tcp:10887,192.168.231.169*,117,11439,50,5293,67,6146
F4:CF:A2:0C:40:1C,ALL,tcp:10887,3.120.92.134*,117,11439,67,6146,50,5293
F4:CF:A2:0C:40:1C,ALL,tcp:31747,192.168.231.169*,75,7653,30,3385,45,4268
F4:CF:A2:0C:40:1C,ALL,tcp:31747,3.120.92.134*,75,7653,45,4268,30,3385
F4:CF:A2:0C:40:1C,ALL,tcp:49020,192.168.231.169*,55,5745,23,2662,32,3083
F4:CF:A2:0C:40:1C,ALL,tcp:49020,52.58.249.45*,55,5745,32,3083,23,2662
F4:CF:A2:0C:40:1C,ALL,tcp:17236,18.192.43.219*,50,5471,26,2759,24,2712
F4:CF:A2:0C:40:1C,ALL,tcp:17236,192.168.231.169*,50,5471,24,2712,26,2759
F4:CF:A2:0C:40:1C,ALL,tcp:6813,192.168.231.169*,55,5534,22,2466,33,3068
F4:CF:A2:0C:40:1C,ALL,tcp:6813,35.156.44.172*,55,5534,33,3068,22,2466
F4:CF:A2:0C:40:1C,ALL,tcp:30924,18.185.182.159,8,659,3,233,5,426
F4:CF:A2:0C:40:1C,ALL,tcp:30924,35.156.42.116,54,5415,33,2999,21,2416
F4:CF:A2:0C:40:1C,ALL,tcp:12272,18.192.43.219*,58,5567,31,2827,27,2740
F4:CF:A2:0C:40:1C,ALL,tcp:12272,192.168.231.169*,58,5567,27,2740,31,2827
F4:CF:A2:0C:40:1C,ALL,tcp:30326,192.168.231.169*,50,5061,20,2293,30,2768
F4:CF:A2:0C:40:1C,ALL,tcp:30326,3.66.126.37*,50,5061,30,2768,20,2293
F4:CF:A2:0C:40:1C,ALL,tcp:6987,192.168.231.169*,43,4612,19,2170,24,2442
F4:CF:A2:0C:40:1C,ALL,tcp:6987,3.121.210.75*,43,4612,24,2442,19,2170
F4:CF:A2:0C:40:1C,ALL,tcp:28324,192.168.231.169*,50,4850,20,2151,30,2699
F4:CF:A2:0C:40:1C,ALL,tcp:28324,3.67.242.33*,50,4850,30,2699,20,2151
F4:CF:A2:0C:40:1C,ALL,tcp:24927,192.168.231.169*,42,4353,18,2047,24,2306
F4:CF:A2:0C:40:1C,ALL,tcp:24927,35.156.44.172*,42,4353,24,2306,18,2047
F4:CF:A2:0C:40:1C,ALL,tcp:20258,192.168.231.169*,40,4038,18,1909,22,2129
F4:CF:A2:0C:40:1C,ALL,tcp:20258,3.65.95.68*,40,4038,22,2129,18,1909
F4:CF:A2:0C:40:1C,ALL,tcp:31663,192.168.231.169*,41,4028,18,1978,23,2050
F4:CF:A2:0C:40:1C,ALL,tcp:31663,35.156.44.172*,41,4028,23,2050,18,1978
F4:CF:A2:0C:40:1C,ALL,tcp:5576,192.168.231.169*,44,4254,20,2017,24,2237
F4:CF:A2:0C:40:1C,ALL,tcp:5576,3.67.242.33*,44,4254,24,2237,20,2017
F4:CF:A2:0C:40:1C,ALL,tcp:18455,192.168.231.169*,34,3641,16,1797,18,1844
F4:CF:A2:0C:40:1C,ALL,tcp:18455,3.66.126.37*,34,3641,18,1844,16,1797
F4:CF:A2:0C:40:1C,ALL,tcp:32605,192.168.231.169*,36,3615,16,1732,20,1883
F4:CF:A2:0C:40:1C,ALL,tcp:32605,3.120.92.134*,36,3615,20,1883,16,1732
F4:CF:A2:0C:40:1C,ALL,tcp:36662,18.185.218.106*,36,3477,19,1760,17,1717
F4:CF:A2:0C:40:1C,ALL,tcp:36662,192.168.231.169*,36,3477,17,1717,19,1760
F4:CF:A2:0C:40:1C,ALL,tcp:21265,18.192.43.219*,33,3313,18,1773,15,1540
F4:CF:A2:0C:40:1C,ALL,tcp:21265,192.168.231.169*,33,3313,15,1540,18,1773
F4:CF:A2:0C:40:1C,ALL,tcp:47003,192.168.231.169*,30,3011,15,1536,15,1475
F4:CF:A2:0C:40:1C,ALL,tcp:47003,3.65.95.68*,30,3011,15,1475,15,1536
F4:CF:A2:0C:40:1C,ALL,tcp:25734,192.168.231.169*,29,2828,13,1432,16,1396
F4:CF:A2:0C:40:1C,ALL,tcp:25734,35.156.44.172*,29,2828,16,1396,13,1432
F4:CF:A2:0C:40:1C,ALL,tcp:26028,192.168.231.169*,29,2860,13,1432,16,1428
F4:CF:A2:0C:40:1C,ALL,tcp:26028,52.57.38.165*,29,2860,16,1428,13,1432
F4:CF:A2:0C:40:1C,ALL,tcp:39867,192.168.231.169*,25,2672,12,1305,13,1367
F4:CF:A2:0C:40:1C,ALL,tcp:39867,3.66.126.37*,25,2672,13,1367,12,1305
F4:CF:A2:0C:40:1C,ALL,tcp:55433,192.168.231.169*,27,2784,12,1309,15,1475
F4:CF:A2:0C:40:1C,ALL,tcp:55433,3.121.210.75*,27,2784,15,1475,12,1309
F4:CF:A2:0C:40:1C,ALL,tcp:14849,192.168.231.169*,27,2715,13,1363,14,1352
F4:CF:A2:0C:40:1C,ALL,tcp:14849,3.67.242.33*,27,2715,14,1352,13,1363
F4:CF:A2:0C:40:1C,ALL,tcp:1190,18.192.43.219*,26,2661,14,1352,12,1309
F4:CF:A2:0C:40:1C,ALL,tcp:1190,192.168.231.169*,26,2661,12,1309,14,1352
F4:CF:A2:0C:40:1C,ALL,tcp:50915,192.168.231.169*,27,2642,12,1236,15,1406
F4:CF:A2:0C:40:1C,ALL,tcp:50915,52.58.249.45*,27,2642,15,1406,12,1236
F4:CF:A2:0C:40:1C,ALL,tcp:1542,18.192.43.219*,27,2646,15,1406,12,1240
F4:CF:A2:0C:40:1C,ALL,tcp:1542,192.168.231.169*,27,2646,12,1240,15,1406
F4:CF:A2:0C:40:1C,ALL,tcp:22498,192.168.231.169*,26,2592,14,1348,12,1244
F4:CF:A2:0C:40:1C,ALL,tcp:22498,52.57.38.165*,26,2592,12,1244,14,1348
F4:CF:A2:0C:40:1C,ALL,tcp:33881,192.168.231.169*,29,2754,15,1402,14,1352
F4:CF:A2:0C:40:1C,ALL,tcp:33881,52.58.249.45*,29,2754,14,1352,15,1402
F4:CF:A2:0C:40:1C,ALL,tcp:11112,192.168.231.169*,24,2415,12,1240,12,1175
F4:CF:A2:0C:40:1C,ALL,tcp:11112,52.57.38.165*,24,2415,12,1175,12,1240
F4:CF:A2:0C:40:1C,ALL,tcp:31205,18.185.218.106*,21,2249,11,1190,10,1059
F4:CF:A2:0C:40:1C,ALL,tcp:31205,192.168.231.169*,21,2249,10,1059,11,1190
F4:CF:A2:0C:40:1C,ALL,tcp:4783,192.168.231.169*,24,2482,11,1186,13,1296
F4:CF:A2:0C:40:1C,ALL,tcp:4783,3.64.85.28*,24,2482,13,1296,11,1186
F4:CF:A2:0C:40:1C,ALL,tcp:8065,192.168.231.169*,21,2115,11,1117,10,998
F4:CF:A2:0C:40:1C,ALL,tcp:8065,3.67.242.33*,21,2115,10,998,11,1117
F4:CF:A2:0C:40:1C,ALL,tcp:7482,18.185.218.106*,21,2115,10,998,11,1117
F4:CF:A2:0C:40:1C,ALL,tcp:7482,192.168.231.169*,21,2115,11,1117,10,998
F4:CF:A2:0C:40:1C,ALL,tcp:30955,3.66.126.37,20,2061,10,998,10,1063
F4:CF:A2:0C:40:1C,ALL,tcp:30955,52.58.249.45,9,712,4,286,5,426
F4:CF:A2:0C:40:1C,ALL,tcp:59118,192.168.231.169*,20,2061,10,1063,10,998
F4:CF:A2:0C:40:1C,ALL,tcp:59118,52.57.38.165*,20,2061,10,998,10,1063
F4:CF:A2:0C:40:1C,ALL,tcp:15336,192.168.231.169*,21,2115,11,1117,10,998
F4:CF:A2:0C:40:1C,ALL,tcp:15336,3.64.85.28*,21,2115,10,998,11,1117
F4:CF:A2:0C:40:1C,ALL,tcp:11087,192.168.231.169*,23,2223,13,1225,10,998
F4:CF:A2:0C:40:1C,ALL,tcp:11087,3.67.242.33*,23,2223,10,998,13,1225
F4:CF:A2:0C:40:1C,ALL,tcp:24330,18.185.218.106*,23,2159,12,1042,11,1117
F4:CF:A2:0C:40:1C,ALL,tcp:24330,192.168.231.169*,23,2159,11,1117,12,1042
F4:CF:A2:0C:40:1C,ALL,tcp:23753,192.168.231.169*,19,1938,9,940,10,998
F4:CF:A2:0C:40:1C,ALL,tcp:23753,3.64.85.28*,19,1938,10,998,9,940
F4:CF:A2:0C:40:1C,ALL,tcp:1839,192.168.231.169*,22,2169,11,1117,11,1052
F4:CF:A2:0C:40:1C,ALL,tcp:1839,52.58.249.45*,22,2169,11,1052,11,1117
F4:CF:A2:0C:40:1C,ALL,tcp:9507,192.168.231.169*,20,1923,11,1048,9,875
F4:CF:A2:0C:40:1C,ALL,tcp:9507,35.156.44.172*,20,1923,9,875,11,1048
F4:CF:A2:0C:40:1C,ALL,tcp:14530,192.168.231.169*,20,1992,12,1102,8,890
F4:CF:A2:0C:40:1C,ALL,tcp:14530,52.57.38.165*,20,1992,8,890,12,1102
F4:CF:A2:0C:40:1C,ALL,tcp:15098,192.168.231.169*,19,1938,9,940,10,998
F4:CF:A2:0C:40:1C,ALL,tcp:15098,35.156.44.172*,19,1938,10,998,9,940
F4:CF:A2:0C:40:1C,ALL,tcp:25170,192.168.231.169*,17,1761,9,940,8,821
F4:CF:A2:0C:40:1C,ALL,tcp:25170,3.67.242.33*,17,1761,8,821,9,940
F4:CF:A2:0C:40:1C,ALL,https,18.184.31.90,7,605,4,287,3,318
F4:CF:A2:0C:40:1C,ALL,https,18.185.182.159,3923,426506,1806,205206,2117,221300
F4:CF:A2:0C:40:1C,ALL,https,18.195.249.137,3506,386612,1597,184506,1909,202106
F4:CF:A2:0C:40:1C,ALL,https,3.121.131.36,2841,308631,1300,146925,1541,161706
F4:CF:A2:0C:40:1C,ALL,tcp:21182,192.168.231.169*,22,2068,11,1117,11,951
F4:CF:A2:0C:40:1C,ALL,tcp:21182,3.67.242.33*,22,2068,11,951,11,1117
F4:CF:A2:0C:40:1C,ALL,tcp:22443,192.168.231.169*,19,1865,10,990,9,875
F4:CF:A2:0C:40:1C,ALL,tcp:22443,52.58.249.45*,19,1865,9,875,10,990
F4:CF:A2:0C:40:1C,ALL,tcp:65510,192.168.231.169*,20,1926,9,940,11,986
F4:CF:A2:0C:40:1C,ALL,tcp:65510,52.58.249.45*,20,1926,11,986,9,940
F4:CF:A2:0C:40:1C,ALL,tcp:4906,18.185.218.106*,16,1703,6,713,10,990
F4:CF:A2:0C:40:1C,ALL,tcp:4906,192.168.231.169*,16,1703,10,990,6,713
F4:CF:A2:0C:40:1C,ALL,tcp:27663,192.168.231.169*,18,1815,10,994,8,821
F4:CF:A2:0C:40:1C,ALL,tcp:27663,52.58.249.45*,18,1815,8,821,10,994
F4:CF:A2:0C:40:1C,ALL,tcp:7078,18.184.31.90*,19,1938,9,944,10,994
F4:CF:A2:0C:40:1C,ALL,tcp:7078,192.168.231.169*,19,1938,10,994,9,944
F4:CF:A2:0C:40:1C,ALL,tcp:42890,18.195.249.137*,18,2386,8,1125,10,1261
F4:CF:A2:0C:40:1C,ALL,tcp:42890,192.168.231.169*,18,2386,10,1261,8,1125
F4:CF:A2:0C:40:1C,ALL,tcp:65207,18.185.182.159*,19,2440,7,1071,12,1369
F4:CF:A2:0C:40:1C,ALL,tcp:65207,192.168.231.169*,19,2440,12,1369,7,1071
F4:CF:A2:0C:40:1C,ALL,tcp:45519,192.168.231.169*,18,1815,9,940,9,875
F4:CF:A2:0C:40:1C,ALL,tcp:45519,3.66.126.37*,18,1815,9,875,9,940
F4:CF:A2:0C:40:1C,ALL,tcp:51365,192.168.231.169*,17,2332,11,1315,6,1017
F4:CF:A2:0C:40:1C,ALL,tcp:51365,3.121.131.36*,17,2332,6,1017,11,1315
F4:CF:A2:0C:40:1C,ALL,tcp:37159,18.185.182.159*,19,2440,8,1125,11,1315
F4:CF:A2:0C:40:1C,ALL,tcp:37159,192.168.231.169*,19,2440,11,1315,8,1125
F4:CF:A2:0C:40:1C,ALL,tcp:27699,18.185.182.159*,19,2440,8,1125,11,1315
F4:CF:A2:0C:40:1C,ALL,tcp:27699,192.168.231.169*,19,2440,11,1315,8,1125
F4:CF:A2:0C:40:1C,ALL,tcp:1868,192.168.231.169*,17,2300,11,1235,6,1065
F4:CF:A2:0C:40:1C,ALL,tcp:1868,3.121.131.36*,17,2300,6,1065,11,1235
F4:CF:A2:0C:40:1C,ALL,tcp:6298,192.168.231.169*,19,1736,9,940,10,796
F4:CF:A2:0C:40:1C,ALL,tcp:6298,52.58.249.45*,19,1736,10,796,9,940
F4:CF:A2:0C:40:1C,ALL,tcp:15661,18.184.31.90*,19,1800,9,875,10,925
F4:CF:A2:0C:40:1C,ALL,tcp:15661,192.168.231.169*,19,1800,10,925,9,875
F4:CF:A2:0C:40:1C,ALL,tcp:64289,192.168.231.169*,19,2440,12,1369,7,1071
F4:CF:A2:0C:40:1C,ALL,tcp:64289,3.121.131.36*,19,2440,7,1071,12,1369
F4:CF:A2:0C:40:1C,ALL,tcp:26850,192.168.231.169*,19,2440,11,1315,8,1125
F4:CF:A2:0C:40:1C,ALL,tcp:26850,3.121.131.36*,19,2440,8,1125,11,1315
F4:CF:A2:0C:40:1C,ALL,tcp:16653,18.185.182.159*,19,2440,8,1125,11,1315
F4:CF:A2:0C:40:1C,ALL,tcp:16653,192.168.231.169*,19,2440,11,1315,8,1125
F4:CF:A2:0C:40:1C,ALL,tcp:46718,18.185.182.159*,19,2440,8,1125,11,1315
F4:CF:A2:0C:40:1C,ALL,tcp:46718,192.168.231.169*,19,2440,11,1315,8,1125
F4:CF:A2:0C:40:1C,ALL,tcp:37755,18.195.249.137*,17,2332,7,1071,10,1261
F4:CF:A2:0C:40:1C,ALL,tcp:37755,192.168.231.169*,17,2332,10,1261,7,1071
F4:CF:A2:0C:40:1C,ALL,tcp:31918,18.185.182.159*,17,2332,6,1017,11,1315
F4:CF:A2:0C:40:1C,ALL,tcp:31918,192.168.231.169*,17,2332,11,1315,6,1017
F4:CF:A2:0C:40:1C,ALL,tcp:59426,18.195.249.137*,17,2300,6,1065,11,1235
F4:CF:A2:0C:40:1C,ALL,tcp:59426,192.168.231.169*,17,2300,11,1235,6,1065
F4:CF:A2:0C:40:1C,ALL,tcp:15223,192.168.231.169*,19,2440,11,1315,8,1125
F4:CF:A2:0C:40:1C,ALL,tcp:15223,3.121.131.36*,19,2440,8,1125,11,1315
F4:CF:A2:0C:40:1C,ALL,tcp:3165,192.168.231.169*,17,2332,10,1261,7,1071
F4:CF:A2:0C:40:1C,ALL,tcp:3165,3.121.131.36*,17,2332,7,1071,10,1261
F4:CF:A2:0C:40:1C,ALL,tcp:21999,192.168.231.169*,19,2440,11,1315,8,1125
F4:CF:A2:0C:40:1C,ALL,tcp:21999,3.121.131.36*,19,2440,8,1125,11,1315
F4:CF:A2:0C:40:1C,ALL,tcp:32462,18.195.249.137*,21,2615,10,1300,11,1315
F4:CF:A2:0C:40:1C,ALL,tcp:32462,192.168.231.169*,21,2615,11,1315,10,1300
F4:CF:A2:0C:40:1C,ALL,tcp:26035,18.184.31.90,2,116,1,58,1,58
F4:CF:A2:0C:40:1C,ALL,tcp:26035,18.195.249.137,16,2209,7,1071,9,1138
F4:CF:A2:0C:40:1C,ALL,tcp:31001,192.168.231.169*,17,2263,9,1138,8,1125
F4:CF:A2:0C:40:1C,ALL,tcp:31001,3.121.131.36*,17,2263,8,1125,9,1138
F4:CF:A2:0C:40:1C,ALL,tcp:8751,192.168.231.169*,20,2494,11,1315,9,1179
F4:CF:A2:0C:40:1C,ALL,tcp:8751,3.121.131.36*,20,2494,9,1179,11,1315
F4:CF:A2:0C:40:1C,ALL,tcp:56023,192.168.231.169*,17,2330,9,1138,8,1192
F4:CF:A2:0C:40:1C,ALL,tcp:56023,3.121.131.36*,17,2330,8,1192,9,1138
F4:CF:A2:0C:40:1C,ALL,tcp:729,18.185.182.159*,16,2209,7,1071,9,1138
F4:CF:A2:0C:40:1C,ALL,tcp:729,192.168.231.169*,16,2209,9,1138,7,1071
F4:CF:A2:0C:40:1C,ALL,tcp:7312,18.195.249.137*,26,2976,12,1412,14,1564
F4:CF:A2:0C:40:1C,ALL,tcp:7312,192.168.231.169*,26,2976,14,1564,12,1412
F4:CF:A2:0C:40:1C,ALL,tcp:59665,18.185.182.159*,16,2209,7,1071,9,1138
F4:CF:A2:0C:40:1C,ALL,tcp:59665,192.168.231.169*,16,2209,9,1138,7,1071
F4:CF:A2:0C:40:1C,ALL,tcp:32400,18.185.182.159,16,2177,7,1119,9,1058
F4:CF:A2:0C:40:1C,ALL,tcp:32400,52.57.38.165,9,706,5,334,4,372
F4:CF:A2:0C:40:1C,ALL,tcp:5862,18.185.182.159*,16,1905,5,766,11,1139
F4:CF:A2:0C:40:1C,ALL,tcp:5862,192.168.231.169*,16,1905,11,1139,5,766
F4:CF:A2:0C:40:1C,ALL,tcp:9071,18.185.182.159*,17,2263,8,1125,9,1138
F4:CF:A2:0C:40:1C,ALL,tcp:9071,192.168.231.169*,17,2263,9,1138,8,1125
F4:CF:A2:0C:40:1C,ALL,tcp:11549,18.185.182.159*,16,2209,7,1071,9,1138
F4:CF:A2:0C:40:1C,ALL,tcp:11549,192.168.231.169*,16,2209,9,1138,7,1071
F4:CF:A2:0C:40:1C,ALL,tcp:54933,18.195.249.137*,16,1905,5,766,11,1139
F4:CF:A2:0C:40:1C,ALL,tcp:54933,192.168.231.169*,16,1905,11,1139,5,766
F4:CF:A2:0C:40:1C,ALL,tcp:5717,18.195.249.137*,17,2330,8,1192,9,1138
F4:CF:A2:0C:40:1C,ALL,tcp:5717,192.168.231.169*,17,2330,9,1138,8,1192
F4:CF:A2:0C:40:1C,ALL,tcp:9687,18.185.182.159*,17,2263,8,1125,9,1138
F4:CF:A2:0C:40:1C,ALL,tcp:9687,192.168.231.169*,17,2263,9,1138,8,1125
F4:CF:A2:0C:40:1C,ALL,tcp:12353,192.168.231.169*,16,1905,11,1139,5,766
F4:CF:A2:0C:40:1C,ALL,tcp:12353,3.121.131.36*,16,1905,5,766,11,1139
F4:CF:A2:0C:40:1C,ALL,tcp:28095,192.168.231.169*,16,2209,9,1138,7,1071
F4:CF:A2:0C:40:1C,ALL,tcp:28095,3.121.131.36*,16,2209,7,1071,9,1138
F4:CF:A2:0C:40:1C,ALL,tcp:7554,18.195.249.137*,16,2209,7,1071,9,1138
F4:CF:A2:0C:40:1C,ALL,tcp:7554,192.168.231.169*,16,2209,9,1138,7,1071
F4:CF:A2:0C:40:1C,ALL,tcp:42576,18.195.249.137*,17,2263,8,1125,9,1138
F4:CF:A2:0C:40:1C,ALL,tcp:42576,192.168.231.169*,17,2263,9,1138,8,1125
F4:CF:A2:0C:40:1C,ALL,tcp:26919,18.185.182.159*,18,2317,9,1179,9,1138
F4:CF:A2:0C:40:1C,ALL,tcp:26919,192.168.231.169*,18,2317,9,1138,9,1179
F4:CF:A2:0C:40:1C,ALL,tcp:7490,18.195.249.137*,17,2263,8,1125,9,1138
F4:CF:A2:0C:40:1C,ALL,tcp:7490,192.168.231.169*,17,2263,9,1138,8,1125
F4:CF:A2:0C:40:1C,ALL,tcp:53090,18.195.249.137*,17,2263,8,1125,9,1138
F4:CF:A2:0C:40:1C,ALL,tcp:53090,192.168.231.169*,17,2263,9,1138,8,1125
F4:CF:A2:0C:40:1C,ALL,tcp:21965,18.195.249.137*,18,2384,9,1246,9,1138
F4:CF:A2:0C:40:1C,ALL,tcp:21965,192.168.231.169*,18,2384,9,1138,9,1246
F4:CF:A2:0C:40:1C,ALL,tcp:157,18.195.249.137*,27,3272,12,1563,15,1709
F4:CF:A2:0C:40:1C,ALL,tcp:157,192.168.231.169*,27,3272,15,1709,12,1563
F4:CF:A2:0C:40:1C,ALL,tcp:5389,18.195.249.137*,17,2231,8,1173,9,1058
F4:CF:A2:0C:40:1C,ALL,tcp:5389,192.168.231.169*,17,2231,9,1058,8,1173
F4:CF:A2:0C:40:1C,ALL,tcp:44066,18.195.249.137*,17,2263,8,1125,9,1138
F4:CF:A2:0C:40:1C,ALL,tcp:44066,192.168.231.169*,17,2263,9,1138,8,1125
F4:CF:A2:0C:40:1C,ALL,tcp:2423,18.195.249.137*,18,2384,9,1246,9,1138
F4:CF:A2:0C:40:1C,ALL,tcp:2423,192.168.231.169*,18,2384,9,1138,9,1246
F4:CF:A2:0C:40:1C,ALL,tcp:23254,192.168.231.169*,16,2209,9,1138,7,1071
F4:CF:A2:0C:40:1C,ALL,tcp:23254,3.121.131.36*,16,2209,7,1071,9,1138
F4:CF:A2:0C:40:1C,ALL,tcp:42598,192.168.231.169*,17,2263,9,1138,8,1125
F4:CF:A2:0C:40:1C,ALL,tcp:42598,3.121.131.36*,17,2263,8,1125,9,1138
F4:CF:A2:0C:40:1C,ALL,tcp:7035,18.195.249.137*,20,2494,9,1179,11,1315
F4:CF:A2:0C:40:1C,ALL,tcp:7035,192.168.231.169*,20,2494,11,1315,9,1179
F4:CF:A2:0C:40:1C,ALL,tcp:14023,192.168.231.169*,19,2380,12,1369,7,1011
F4:CF:A2:0C:40:1C,ALL,tcp:14023,3.121.131.36*,19,2380,7,1011,12,1369
F4:CF:A2:0C:40:1C,ALL,tcp:2768,18.185.182.159*,16,2209,7,1071,9,1138
F4:CF:A2:0C:40:1C,ALL,tcp:2768,192.168.231.169*,16,2209,9,1138,7,1071
F4:CF:A2:0C:40:1C,ALL,tcp:29081,18.185.182.159*,17,2263,8,1125,9,1138
F4:CF:A2:0C:40:1C,ALL,tcp:29081,192.168.231.169*,17,2263,9,1138,8,1125
F4:CF:A2:0C:40:1C,ALL,tcp:31398,18.185.182.159*,17,2330,8,1192,9,1138
F4:CF:A2:0C:40:1C,ALL,tcp:31398,192.168.231.169*,17,2330,9,1138,8,1192
F4:CF:A2:0C:40:1C,ALL,tcp:3058,192.168.231.169*,16,2081,9,1191,7,890
F4:CF:A2:0C:40:1C,ALL,tcp:3058,3.121.131.36*,16,2081,7,890,9,1191
F4:CF:A2:0C:40:1C,ALL,tcp:24040,192.168.231.169*,16,2209,9,1138,7,1071
F4:CF:A2:0C:40:1C,ALL,tcp:24040,3.121.131.36*,16,2209,7,1071,9,1138
F4:CF:A2:0C:40:1C,ALL,tcp:26684,18.195.249.137*,16,1905,5,766,11,1139
F4:CF:A2:0C:40:1C,ALL,tcp:26684,192.168.231.169*,16,1905,11,1139,5,766
F4:CF:A2:0C:40:1C,ALL,tcp:22065,18.195.249.137*,16,2209,7,1071,9,1138
F4:CF:A2:0C:40:1C,ALL,tcp:22065,192.168.231.169*,16,2209,9,1138,7,1071
F4:CF:A2:0C:40:1C,ALL,tcp:16841,3.121.131.36,18,2384,9,1246,9,1138
F4:CF:A2:0C:40:1C,ALL,tcp:16841,52.58.249.45,18,1645,9,774,9,871
F4:CF:A2:0C:40:1C,ALL,tcp:31817,192.168.231.169*,14,1360,8,748,6,612
F4:CF:A2:0C:40:1C,ALL,tcp:31817,3.67.242.33*,14,1360,6,612,8,748
F4:CF:A2:0C:40:1C,ALL,tcp:8617,192.168.231.169*,16,2149,9,1138,7,1011
F4:CF:A2:0C:40:1C,ALL,tcp:8617,3.121.131.36*,16,2149,7,1011,9,1138
F4:CF:A2:0C:40:1C,ALL,tcp:32662,192.168.231.169*,16,2209,9,1138,7,1071
F4:CF:A2:0C:40:1C,ALL,tcp:32662,3.121.131.36*,16,2209,7,1071,9,1138
F4:CF:A2:0C:40:1C,ALL,tcp:56029,192.168.231.169*,17,2203,9,1138,8,1065
F4:CF:A2:0C:40:1C,ALL,tcp:56029,3.121.131.36*,17,2203,8,1065,9,1138
F4:CF:A2:0C:40:1C,ALL,tcp:23891,192.168.231.169*,13,1306,7,694,6,612
F4:CF:A2:0C:40:1C,ALL,tcp:23891,3.120.92.134*,13,1306,6,612,7,694
F4:CF:A2:0C:40:1C,ALL,tcp:1763,18.192.43.219*,13,1306,6,612,7,694
F4:CF:A2:0C:40:1C,ALL,tcp:1763,192.168.231.169*,13,1306,7,694,6,612
F4:CF:A2:0C:40:1C,ALL,tcp:7723,192.168.231.169*,14,1360,7,694,7,666
F4:CF:A2:0C:40:1C,ALL,tcp:7723,3.64.85.28*,14,1360,7,666,7,694
F4:CF:A2:0C:40:1C,ALL,tcp:21571,18.185.182.159*,14,1728,6,820,8,908
F4:CF:A2:0C:40:1C,ALL,tcp:21571,192.168.231.169*,14,1728,8,908,6,820
F4:CF:A2:0C:40:1C,ALL,tcp:32894,192.168.231.169*,14,1360,8,748,6,612
F4:CF:A2:0C:40:1C,ALL,tcp:32894,35.156.42.116*,14,1360,6,612,8,748
F4:CF:A2:0C:40:1C,ALL,tcp:10637,192.168.231.169*,17,1959,11,1139,6,820
F4:CF:A2:0C:40:1C,ALL,tcp:10637,3.121.131.36*,17,1959,6,820,11,1139
F4:CF:A2:0C:40:1C,ALL,tcp:47728,192.168.231.169*,15,1277,8,744,7,533
F4:CF:A2:0C:40:1C,ALL,tcp:47728,3.67.242.33*,15,1277,7,533,8,744
F4:CF:A2:0C:40:1C,ALL,tcp:18003,192.168.231.169*,12,1115,7,690,5,425
F4:CF:A2:0C:40:1C,ALL,tcp:18003,3.64.85.28*,12,1115,5,425,7,690
F4:CF:A2:0C:40:1C,ALL,tcp:20266,192.168.231.169*,12,1119,7,694,5,425
F4:CF:A2:0C:40:1C,ALL,tcp:20266,52.57.38.165*,12,1119,5,425,7,694
F4:CF:A2:0C:40:1C,ALL,tcp:18746,192.168.231.169*,11,1061,7,690,4,371
F4:CF:A2:0C:40:1C,ALL,tcp:18746,3.66.126.37*,11,1061,4,371,7,690
F4:CF:A2:0C:40:1C,ALL,tcp:9766,18.195.249.137*,12,1119,4,371,8,748
F4:CF:A2:0C:40:1C,ALL,tcp:9766,192.168.231.169*,12,1119,8,748,4,371
F4:CF:A2:0C:40:1C,ALL,tcp:17197,192.168.231.169*,12,1119,7,694,5,425
F4:CF:A2:0C:40:1C,ALL,tcp:17197,3.66.126.37*,12,1119,5,425,7,694
F4:CF:A2:0C:40:1C,ALL,tcp:36737,192.168.231.169*,12,1119,7,694,5,425
F4:CF:A2:0C:40:1C,ALL,tcp:36737,35.156.44.172*,12,1119,5,425,7,694
F4:CF:A2:0C:40:1C,ALL,tcp:11525,18.195.249.137,10,767,4,287,6,480
F4:CF:A2:0C:40:1C,ALL,tcp:11525,35.156.44.172,12,1119,5,425,7,694
F4:CF:A2:0C:40:1C,ALL,tcp:35539,192.168.231.169*,12,1119,8,748,4,371
F4:CF:A2:0C:40:1C,ALL,tcp:35539,3.121.131.36*,12,1119,4,371,8,748
F4:CF:A2:0C:40:1C,ALL,tcp:8982,18.185.182.159,15,1620,8,995,7,625
F4:CF:A2:0C:40:1C,ALL,tcp:8982,35.156.42.116,15,1281,8,587,7,694
F4:CF:A2:0C:40:1C,ALL,tcp:9104,18.195.249.137*,12,1119,4,371,8,748
F4:CF:A2:0C:40:1C,ALL,tcp:9104,192.168.231.169*,12,1119,8,748,4,371
F4:CF:A2:0C:40:1C,ALL,tcp:10445,18.195.249.137*,13,1240,6,546,7,694
F4:CF:A2:0C:40:1C,ALL,tcp:10445,192.168.231.169*,13,1240,7,694,6,546
F4:CF:A2:0C:40:1C,ALL,tcp:59708,18.185.182.159*,13,1445,6,820,7,625
F4:CF:A2:0C:40:1C,ALL,tcp:59708,192.168.231.169*,13,1445,7,625,6,820
F4:CF:A2:0C:40:1C,ALL,tcp:42463,192.168.231.169*,12,1115,7,690,5,425
F4:CF:A2:0C:40:1C,ALL,tcp:42463,3.66.126.37*,12,1115,5,425,7,690
F4:CF:A2:0C:40:1C,ALL,tcp:48161,18.185.182.159*,12,1119,4,371,8,748
F4:CF:A2:0C:40:1C,ALL,tcp:48161,192.168.231.169*,12,1119,8,748,4,371
F4:CF:A2:0C:40:1C,ALL,tcp:3521,18.195.249.137*,14,1227,5,425,9,802
F4:CF:A2:0C:40:1C,ALL,tcp:3521,192.168.231.169*,14,1227,9,802,5,425
F4:CF:A2:0C:40:1C,ALL,tcp:3488,18.185.218.106*,12,1119,5,425,7,694
F4:CF:A2:0C:40:1C,ALL,tcp:3488,192.168.231.169*,12,1119,7,694,5,425
F4:CF:A2:0C:40:1C,ALL,tcp:30938,192.168.231.169*,12,1119,7,694,5,425
F4:CF:A2:0C:40:1C,ALL,tcp:30938,52.58.249.45*,12,1119,5,425,7,694
F4:CF:A2:0C:40:1C,ALL,tcp:44599,192.168.231.169*,13,1169,7,690,6,479
F4:CF:A2:0C:40:1C,ALL,tcp:44599,35.156.44.172*,13,1169,6,479,7,690
F4:CF:A2:0C:40:1C,ALL,tcp:42487,18.185.218.106*,13,1240,6,546,7,694
F4:CF:A2:0C:40:1C,ALL,tcp:42487,192.168.231.169*,13,1240,7,694,6,546
F4:CF:A2:0C:40:1C,ALL,tcp:12799,192.168.231.169*,12,1119,7,694,5,425
F4:CF:A2:0C:40:1C,ALL,tcp:12799,35.156.44.172*,12,1119,5,425,7,694
F4:CF:A2:0C:40:1C,ALL,tcp:23372,18.195.249.137*,14,1227,5,425,9,802
F4:CF:A2:0C:40:1C,ALL,tcp:23372,192.168.231.169*,14,1227,9,802,5,425
F4:CF:A2:0C:40:1C,ALL,tcp:63263,192.168.231.169*,12,1119,8,748,4,371
F4:CF:A2:0C:40:1C,ALL,tcp:63263,3.121.131.36*,12,1119,4,371,8,748
F4:CF:A2:0C:40:1C,ALL,tcp:15231,18.185.182.159*,14,1499,7,874,7,625
F4:CF:A2:0C:40:1C,ALL,tcp:15231,192.168.231.169*,14,1499,7,625,7,874
F4:CF:A2:0C:40:1C,ALL,tcp:4284,192.168.231.169*,13,1169,7,690,6,479
F4:CF:A2:0C:40:1C,ALL,tcp:4284,3.67.242.33*,13,1169,6,479,7,690
F4:CF:A2:0C:40:1C,ALL,tcp:24188,192.168.231.169*,12,1119,7,694,5,425
F4:CF:A2:0C:40:1C,ALL,tcp:24188,3.67.242.33*,12,1119,5,425,7,694
F4:CF:A2:0C:40:1C,ALL,tcp:22587,192.168.231.169*,12,1119,7,694,5,425
F4:CF:A2:0C:40:1C,ALL,tcp:22587,35.156.44.172*,12,1119,5,425,7,694
F4:CF:A2:0C:40:1C,ALL,tcp:7050,192.168.231.169*,12,1119,7,694,5,425
F4:CF:A2:0C:40:1C,ALL,tcp:7050,3.65.95.68*,12,1119,5,425,7,694
F4:CF:A2:0C:40:1C,ALL,tcp:52203,18.185.182.159*,14,1499,7,874,7,625
F4:CF:A2:0C:40:1C,ALL,tcp:52203,192.168.231.169*,14,1499,7,625,7,874
F4:CF:A2:0C:40:1C,ALL,tcp:39041,18.185.182.159*,12,1119,5,425,7,694
F4:CF:A2:0C:40:1C,ALL,tcp:39041,192.168.231.169*,12,1119,7,694,5,425
F4:CF:A2:0C:40:1C,ALL,tcp:4833,192.168.231.169*,13,1173,7,694,6,479
F4:CF:A2:0C:40:1C,ALL,tcp:4833,3.121.210.75*,13,1173,6,479,7,694
F4:CF:A2:0C:40:1C,ALL,tcp:15978,192.168.231.169*,13,1173,7,694,6,479
F4:CF:A2:0C:40:1C,ALL,tcp:15978,3.121.210.75*,13,1173,6,479,7,694
F4:CF:A2:0C:40:1C,ALL,tcp:41922,192.168.231.169*,13,1302,7,690,6,612
F4:CF:A2:0C:40:1C,ALL,tcp:41922,35.156.42.116*,13,1302,6,612,7,690
F4:CF:A2:0C:40:1C,ALL,tcp:9832,192.168.231.169*,14,1223,8,744,6,479
F4:CF:A2:0C:40:1C,ALL,tcp:9832,35.156.42.116*,14,1223,6,479,8,744
F4:CF:A2:0C:40:1C,ALL,tcp:30862,192.168.231.169*,11,1061,7,690,4,371
F4:CF:A2:0C:40:1C,ALL,tcp:30862,35.156.42.116*,11,1061,4,371,7,690
F4:CF:A2:0C:40:1C,ALL,tcp:51380,192.168.231.169*,13,1169,7,690,6,479
F4:CF:A2:0C:40:1C,ALL,tcp:51380,3.65.95.68*,13,1169,6,479,7,690
F4:CF:A2:0C:40:1C,ALL,tcp:7046,18.185.31.196*,12,1119,5,425,7,694
F4:CF:A2:0C:40:1C,ALL,tcp:7046,192.168.231.169*,12,1119,7,694,5,425
F4:CF:A2:0C:40:1C,ALL,tcp:56035,192.168.231.169*,12,1115,7,690,5,425
F4:CF:A2:0C:40:1C,ALL,tcp:56035,35.156.42.116*,12,1115,5,425,7,690
F4:CF:A2:0C:40:1C,ALL,tcp:1216,192.168.231.169*,13,1173,7,694,6,479
F4:CF:A2:0C:40:1C,ALL,tcp:1216,3.67.242.33*,13,1173,6,479,7,694
F4:CF:A2:0C:40:1C,ALL,tcp:32614,192.168.231.169*,11,1065,7,694,4,371
F4:CF:A2:0C:40:1C,ALL,tcp:32614,3.120.92.134*,11,1065,4,371,7,694
F4:CF:A2:0C:40:1C,ALL,tcp:27171,192.168.231.169*,13,1169,8,744,5,425
F4:CF:A2:0C:40:1C,ALL,tcp:27171,3.121.210.75*,13,1169,5,425,8,744
F4:CF:A2:0C:40:1C,ALL,tcp:19603,192.168.231.169*,11,1061,7,690,4,371
F4:CF:A2:0C:40:1C,ALL,tcp:19603,3.121.210.75*,11,1061,4,371,7,690
F4:CF:A2:0C:40:1C,ALL,tcp:65016,18.185.182.159*,14,1227,5,425,9,802
F4:CF:A2:0C:40:1C,ALL,tcp:65016,192.168.231.169*,14,1227,9,802,5,425
F4:CF:A2:0C:40:1C,ALL,tcp:17336,192.168.231.169*,12,1119,7,694,5,425
F4:CF:A2:0C:40:1C,ALL,tcp:17336,3.65.95.68*,12,1119,5,425,7,694
F4:CF:A2:0C:40:1C,ALL,tcp:19759,18.192.43.219*,12,1119,5,425,7,694
F4:CF:A2:0C:40:1C,ALL,tcp:19759,192.168.231.169*,12,1119,7,694,5,425
F4:CF:A2:0C:40:1C,ALL,tcp:31919,18.185.31.196*,13,1169,6,479,7,690
F4:CF:A2:0C:40:1C,ALL,tcp:31919,192.168.231.169*,13,1169,7,690,6,479
F4:CF:A2:0C:40:1C,ALL,tcp:24300,192.168.231.169*,12,1119,7,694,5,425
F4:CF:A2:0C:40:1C,ALL,tcp:24300,3.66.126.37*,12,1119,5,425,7,694
F4:CF:A2:0C:40:1C,ALL,tcp:5002,192.168.231.169*,11,992,6,567,5,425
F4:CF:A2:0C:40:1C,ALL,tcp:5002,3.67.242.33*,11,992,5,425,6,567
F4:CF:A2:0C:40:1C,ALL,tcp:6243,192.168.231.169*,11,992,6,567,5,425
F4:CF:A2:0C:40:1C,ALL,tcp:6243,35.156.42.116*,11,992,5,425,6,567
F4:CF:A2:0C:40:1C,ALL,tcp:8156,18.195.249.137*,13,1104,6,479,7,625
F4:CF:A2:0C:40:1C,ALL,tcp:8156,192.168.231.169*,13,1104,7,625,6,479
F4:CF:A2:0C:40:1C,ALL,tcp:19215,18.185.182.159*,13,1104,6,479,7,625
F4:CF:A2:0C:40:1C,ALL,tcp:19215,192.168.231.169*,13,1104,7,625,6,479
F4:CF:A2:0C:40:1C,ALL,tcp:24210,192.168.231.169*,11,992,6,567,5,425
F4:CF:A2:0C:40:1C,ALL,tcp:24210,35.156.42.116*,11,992,5,425,6,567
F4:CF:A2:0C:40:1C,ALL,tcp:26901,18.185.182.159*,11,996,5,425,6,571
F4:CF:A2:0C:40:1C,ALL,tcp:26901,192.168.231.169*,11,996,6,571,5,425
F4:CF:A2:0C:40:1C,ALL,tcp:5739,192.168.231.169*,13,1113,7,694,6,419
F4:CF:A2:0C:40:1C,ALL,tcp:5739,3.64.85.28*,13,1113,6,419,7,694
F4:CF:A2:0C:40:1C,ALL,tcp:5698,192.168.231.169*,12,1113,6,567,6,546
F4:CF:A2:0C:40:1C,ALL,tcp:5698,3.64.85.28*,12,1113,6,546,6,567
F4:CF:A2:0C:40:1C,ALL,tcp:72,18.185.31.196*,11,992,5,425,6,567
F4:CF:A2:0C:40:1C,ALL,tcp:72,192.168.231.169*,11,992,6,567,5,425
F4:CF:A2:0C:40:1C,ALL,tcp:53171,192.168.231.169*,13,1104,6,571,7,533
F4:CF:A2:0C:40:1C,ALL,tcp:53171,3.121.131.36*,13,1104,7,533,6,571
F4:CF:A2:0C:40:1C,ALL,tcp:21561,192.168.231.169*,11,996,6,571,5,425
F4:CF:A2:0C:40:1C,ALL,tcp:21561,35.156.44.172*,11,996,5,425,6,571
F4:CF:A2:0C:40:1C,ALL,tcp:58625,192.168.231.169*,12,1050,7,625,5,425
F4:CF:A2:0C:40:1C,ALL,tcp:58625,3.121.131.36*,12,1050,5,425,7,625
F4:CF:A2:0C:40:1C,ALL,tcp:2418,192.168.231.169*,12,1117,6,571,6,546
F4:CF:A2:0C:40:1C,ALL,tcp:2418,3.67.242.33*,12,1117,6,546,6,571
F4:CF:A2:0C:40:1C,ALL,tcp:9492,192.168.231.169*,11,996,6,571,5,425
F4:CF:A2:0C:40:1C,ALL,tcp:9492,35.156.42.116*,11,996,5,425,6,571
F4:CF:A2:0C:40:1C,ALL,tcp:18466,192.168.231.169*,11,996,6,571,5,425
F4:CF:A2:0C:40:1C,ALL,tcp:18466,3.65.95.68*,11,996,5,425,6,571
F4:CF:A2:0C:40:1C,ALL,tcp:886,18.185.218.106,11,992,5,425,6,567
F4:CF:A2:0C:40:1C,ALL,tcp:886,52.58.249.45,20,1990,9,942,11,1048
F4:CF:A2:0C:40:1C,ALL,tcp:23604,18.195.249.137*,12,1050,6,479,6,571
F4:CF:A2:0C:40:1C,ALL,tcp:23604,192.168.231.169*,12,1050,6,571,6,479
F4:CF:A2:0C:40:1C,ALL,tcp:21718,18.195.249.137*,11,996,5,425,6,571
F4:CF:A2:0C:40:1C,ALL,tcp:21718,192.168.231.169*,11,996,6,571,5,425
F4:CF:A2:0C:40:1C,ALL,tcp:23834,18.195.249.137*,13,1104,6,479,7,625
F4:CF:A2:0C:40:1C,ALL,tcp:23834,192.168.231.169*,13,1104,7,625,6,479
F4:CF:A2:0C:40:1C,ALL,tcp:23921,192.168.231.169*,11,996,6,571,5,425
F4:CF:A2:0C:40:1C,ALL,tcp:23921,52.58.249.45*,11,996,5,425,6,571
F4:CF:A2:0C:40:1C,ALL,tcp:31372,192.168.231.169*,12,1050,6,571,6,479
F4:CF:A2:0C:40:1C,ALL,tcp:31372,3.66.126.37*,12,1050,6,479,6,571
F4:CF:A2:0C:40:1C,ALL,tcp:58906,18.195.249.137*,11,996,5,425,6,571
F4:CF:A2:0C:40:1C,ALL,tcp:58906,192.168.231.169*,11,996,6,571,5,425
F4:CF:A2:0C:40:1C,ALL,tcp:21664,18.185.182.159*,13,1104,6,479,7,625
F4:CF:A2:0C:40:1C,ALL,tcp:21664,192.168.231.169*,13,1104,7,625,6,479
F4:CF:A2:0C:40:1C,ALL,tcp:20148,192.168.231.169*,11,996,6,571,5,425
F4:CF:A2:0C:40:1C,ALL,tcp:20148,3.65.95.68*,11,996,5,425,6,571
F4:CF:A2:0C:40:1C,ALL,tcp:13813,18.185.182.159*,11,996,5,425,6,571
F4:CF:A2:0C:40:1C,ALL,tcp:13813,192.168.231.169*,11,996,6,571,5,425
F4:CF:A2:0C:40:1C,ALL,tcp:30537,192.168.231.169*,11,996,6,571,5,425
F4:CF:A2:0C:40:1C,ALL,tcp:30537,3.64.85.28*,11,996,5,425,6,571
F4:CF:A2:0C:40:1C,ALL,tcp:14708,18.185.31.196*,11,996,5,425,6,571
F4:CF:A2:0C:40:1C,ALL,tcp:14708,192.168.231.169*,11,996,6,571,5,425
F4:CF:A2:0C:40:1C,ALL,tcp:9546,18.185.218.106*,11,992,5,425,6,567
F4:CF:A2:0C:40:1C,ALL,tcp:9546,192.168.231.169*,11,992,6,567,5,425
F4:CF:A2:0C:40:1C,ALL,tcp:52037,18.185.182.159*,11,996,5,425,6,571
F4:CF:A2:0C:40:1C,ALL,tcp:52037,192.168.231.169*,11,996,6,571,5,425
F4:CF:A2:0C:40:1C,ALL,tcp:15934,18.195.249.137*,11,996,5,425,6,571
F4:CF:A2:0C:40:1C,ALL,tcp:15934,192.168.231.169*,11,996,6,571,5,425
F4:CF:A2:0C:40:1C,ALL,tcp:2042,192.168.231.169*,11,992,6,567,5,425
F4:CF:A2:0C:40:1C,ALL,tcp:2042,3.67.242.33*,11,992,5,425,6,567
F4:CF:A2:0C:40:1C,ALL,tcp:47175,18.184.31.90*,11,996,5,425,6,571
F4:CF:A2:0C:40:1C,ALL,tcp:47175,192.168.231.169*,11,996,6,571,5,425
F4:CF:A2:0C:40:1C,ALL,tcp:10934,18.195.249.137*,11,996,5,425,6,571
F4:CF:A2:0C:40:1C,ALL,tcp:10934,192.168.231.169*,11,996,6,571,5,425
F4:CF:A2:0C:40:1C,ALL,tcp:43832,192.168.231.169*,11,996,6,571,5,425
F4:CF:A2:0C:40:1C,ALL,tcp:43832,3.64.85.28*,11,996,5,425,6,571
F4:CF:A2:0C:40:1C,ALL,tcp:22972,192.168.231.169*,11,996,6,571,5,425
F4:CF:A2:0C:40:1C,ALL,tcp:22972,3.66.126.37*,11,996,5,425,6,571
F4:CF:A2:0C:40:1C,ALL,tcp:46005,192.168.231.169*,11,996,6,571,5,425
F4:CF:A2:0C:40:1C,ALL,tcp:46005,3.124.225.12*,11,996,5,425,6,571
F4:CF:A2:0C:40:1C,ALL,tcp:4928,192.168.231.169*,11,996,6,571,5,425
F4:CF:A2:0C:40:1C,ALL,tcp:4928,52.58.249.45*,11,996,5,425,6,571
F4:CF:A2:0C:40:1C,ALL,tcp:18331,192.168.231.169*,11,996,6,571,5,425
F4:CF:A2:0C:40:1C,ALL,tcp:18331,3.64.85.28*,11,996,5,425,6,571
F4:CF:A2:0C:40:1C,ALL,tcp:63632,192.168.231.169*,11,996,6,571,5,425
F4:CF:A2:0C:40:1C,ALL,tcp:63632,3.67.242.33*,11,996,5,425,6,571
F4:CF:A2:0C:40:1C,ALL,tcp:46680,18.185.31.196*,11,992,5,425,6,567
F4:CF:A2:0C:40:1C,ALL,tcp:46680,192.168.231.169*,11,992,6,567,5,425
F4:CF:A2:0C:40:1C,ALL,tcp:47235,192.168.231.169*,11,996,6,571,5,425
F4:CF:A2:0C:40:1C,ALL,tcp:47235,3.120.92.134*,11,996,5,425,6,571
F4:CF:A2:0C:40:1C,ALL,tcp:31974,192.168.231.169*,11,996,6,571,5,425
F4:CF:A2:0C:40:1C,ALL,tcp:31974,3.66.126.37*,11,996,5,425,6,571
F4:CF:A2:0C:40:1C,ALL,tcp:6316,18.185.182.159*,13,1104,6,479,7,625
F4:CF:A2:0C:40:1C,ALL,tcp:6316,192.168.231.169*,13,1104,7,625,6,479
F4:CF:A2:0C:40:1C,ALL,tcp:26101,18.185.218.106*,11,992,5,425,6,567
F4:CF:A2:0C:40:1C,ALL,tcp:26101,192.168.231.169*,11,992,6,567,5,425
F4:CF:A2:0C:40:1C,ALL,tcp:9402,18.195.249.137*,13,1104,6,479,7,625
F4:CF:A2:0C:40:1C,ALL,tcp:9402,192.168.231.169*,13,1104,7,625,6,479
F4:CF:A2:0C:40:1C,ALL,tcp:9851,192.168.231.169*,11,996,6,571,5,425
F4:CF:A2:0C:40:1C,ALL,tcp:9851,3.64.85.28*,11,996,5,425,6,571
F4:CF:A2:0C:40:1C,ALL,tcp:6528,192.168.231.169*,11,936,6,571,5,365
F4:CF:A2:0C:40:1C,ALL,tcp:6528,3.66.126.37*,11,936,5,365,6,571
F4:CF:A2:0C:40:1C,ALL,tcp:3072,18.185.182.159*,11,936,5,365,6,571
F4:CF:A2:0C:40:1C,ALL,tcp:3072,192.168.231.169*,11,936,6,571,5,365
F4:CF:A2:0C:40:1C,ALL,tcp:63955,192.168.231.169*,11,936,6,571,5,365
F4:CF:A2:0C:40:1C,ALL,tcp:63955,3.64.85.28*,11,936,5,365,6,571
F4:CF:A2:0C:40:1C,ALL,tcp:63435,192.168.231.169*,11,887,5,426,6,461
F4:CF:A2:0C:40:1C,ALL,tcp:63435,3.66.126.37*,11,887,6,461,5,426
F4:CF:A2:0C:40:1C,ALL,tcp:63279,192.168.231.169*,11,936,6,571,5,365
F4:CF:A2:0C:40:1C,ALL,tcp:63279,3.64.85.28*,11,936,5,365,6,571
F4:CF:A2:0C:40:1C,ALL,tcp:63201,18.185.182.159*,10,882,4,311,6,571
F4:CF:A2:0C:40:1C,ALL,tcp:63201,192.168.231.169*,10,882,6,571,4,311
F4:CF:A2:0C:40:1C,ALL,tcp:6754,192.168.231.169*,7,598,4,372,3,226
F4:CF:A2:0C:40:1C,ALL,tcp:6754,3.67.242.33*,7,598,3,226,4,372
F4:CF:A2:0C:40:1C,ALL,tcp:18837,3.121.131.36,16,2276,7,1138,9,1138
F4:CF:A2:0C:40:1C,ALL,tcp:18837,3.67.242.33,10,756,5,334,5,422
F4:CF:A2:0C:40:1C,ALL,tcp:56172,18.192.43.219*,8,719,4,347,4,372
F4:CF:A2:0C:40:1C,ALL,tcp:56172,192.168.231.169*,8,719,4,372,4,347
F4:CF:A2:0C:40:1C,ALL,tcp:3873,18.192.43.219,7,598,3,226,4,372
F4:CF:A2:0C:40:1C,ALL,tcp:3873,52.58.249.45,6,332,4,220,2,112
F4:CF:A2:0C:40:1C,ALL,tcp:7853,192.168.231.169*,9,702,5,422,4,280
F4:CF:A2:0C:40:1C,ALL,tcp:7853,3.66.126.37*,9,702,4,280,5,422
F4:CF:A2:0C:40:1C,ALL,tcp:3666,192.168.231.169*,10,756,5,422,5,334
F4:CF:A2:0C:40:1C,ALL,tcp:3666,35.156.44.172*,10,756,5,334,5,422
F4:CF:A2:0C:40:1C,ALL,tcp:31323,18.185.182.159*,9,706,3,226,6,480
F4:CF:A2:0C:40:1C,ALL,tcp:31323,192.168.231.169*,9,706,6,480,3,226
F4:CF:A2:0C:40:1C,ALL,tcp:21748,192.168.231.169*,7,598,4,372,3,226
F4:CF:A2:0C:40:1C,ALL,tcp:21748,52.58.249.45*,7,598,3,226,4,372
F4:CF:A2:0C:40:1C,ALL,tcp:20154,192.168.231.169*,9,702,5,422,4,280
F4:CF:A2:0C:40:1C,ALL,tcp:20154,3.121.210.75*,9,702,4,280,5,422
F4:CF:A2:0C:40:1C,ALL,tcp:22419,192.168.231.169*,8,648,5,422,3,226
F4:CF:A2:0C:40:1C,ALL,tcp:22419,35.156.42.116*,8,648,3,226,5,422
F4:CF:A2:0C:40:1C,ALL,tcp:22134,192.168.231.169*,8,648,5,422,3,226
F4:CF:A2:0C:40:1C,ALL,tcp:22134,52.58.249.45*,8,648,3,226,5,422
F4:CF:A2:0C:40:1C,ALL,tcp:41029,18.185.182.159*,9,706,3,226,6,480
F4:CF:A2:0C:40:1C,ALL,tcp:41029,192.168.231.169*,9,706,6,480,3,226
F4:CF:A2:0C:40:1C,ALL,tcp:19217,192.168.231.169*,10,756,5,422,5,334
F4:CF:A2:0C:40:1C,ALL,tcp:19217,3.67.242.33*,10,756,5,334,5,422
F4:CF:A2:0C:40:1C,ALL,tcp:53753,192.168.231.169*,7,598,4,372,3,226
F4:CF:A2:0C:40:1C,ALL,tcp:53753,35.156.42.116*,7,598,3,226,4,372
F4:CF:A2:0C:40:1C,ALL,tcp:8599,192.168.231.169*,7,598,4,372,3,226
F4:CF:A2:0C:40:1C,ALL,tcp:8599,35.156.42.116*,7,598,3,226,4,372
F4:CF:A2:0C:40:1C,ALL,tcp:57159,192.168.231.169*,8,719,4,372,4,347
F4:CF:A2:0C:40:1C,ALL,tcp:57159,52.57.38.165*,8,719,4,347,4,372
F4:CF:A2:0C:40:1C,ALL,tcp:59958,192.168.231.169*,7,598,4,372,3,226
F4:CF:A2:0C:40:1C,ALL,tcp:59958,52.58.249.45*,7,598,3,226,4,372
F4:CF:A2:0C:40:1C,ALL,tcp:44229,192.168.231.169*,11,814,4,372,7,442
F4:CF:A2:0C:40:1C,ALL,tcp:44229,3.121.131.36*,11,814,7,442,4,372
F4:CF:A2:0C:40:1C,ALL,tcp:17987,192.168.231.169*,7,598,4,372,3,226
F4:CF:A2:0C:40:1C,ALL,tcp:17987,35.156.44.172*,7,598,3,226,4,372
F4:CF:A2:0C:40:1C,ALL,tcp:49513,192.168.231.169*,8,652,4,372,4,280
F4:CF:A2:0C:40:1C,ALL,tcp:49513,3.66.126.37*,8,652,4,280,4,372
F4:CF:A2:0C:40:1C,ALL,tcp:11220,192.168.231.169*,8,652,4,372,4,280
F4:CF:A2:0C:40:1C,ALL,tcp:11220,3.121.131.36*,8,652,4,280,4,372
F4:CF:A2:0C:40:1C,ALL,tcp:55934,192.168.231.169*,10,756,5,422,5,334
F4:CF:A2:0C:40:1C,ALL,tcp:55934,3.64.85.28*,10,756,5,334,5,422
F4:CF:A2:0C:40:1C,ALL,tcp:29079,18.185.182.159*,9,706,3,226,6,480
F4:CF:A2:0C:40:1C,ALL,tcp:29079,192.168.231.169*,9,706,6,480,3,226
F4:CF:A2:0C:40:1C,ALL,tcp:10561,192.168.231.169*,6,544,3,318,3,226
F4:CF:A2:0C:40:1C,ALL,tcp:10561,3.121.131.36*,6,544,3,226,3,318
F4:CF:A2:0C:40:1C,ALL,tcp:32731,18.192.43.219*,9,702,4,280,5,422
F4:CF:A2:0C:40:1C,ALL,tcp:32731,192.168.231.169*,9,702,5,422,4,280
F4:CF:A2:0C:40:1C,ALL,tcp:13194,192.168.231.169*,7,598,4,372,3,226
F4:CF:A2:0C:40:1C,ALL,tcp:13194,35.156.44.172*,7,598,3,226,4,372
F4:CF:A2:0C:40:1C,ALL,tcp:2928,192.168.231.169*,8,719,4,372,4,347
F4:CF:A2:0C:40:1C,ALL,tcp:2928,3.65.95.68*,8,719,4,347,4,372
F4:CF:A2:0C:40:1C,ALL,tcp:7242,192.168.231.169*,9,706,6,480,3,226
F4:CF:A2:0C:40:1C,ALL,tcp:7242,3.121.131.36*,9,706,3,226,6,480
F4:CF:A2:0C:40:1C,ALL,tcp:31208,192.168.231.169*,10,827,4,372,6,455
F4:CF:A2:0C:40:1C,ALL,tcp:31208,3.121.131.36*,10,827,6,455,4,372
F4:CF:A2:0C:40:1C,ALL,tcp:10982,192.168.231.169*,8,648,5,422,3,226
F4:CF:A2:0C:40:1C,ALL,tcp:10982,3.121.210.75*,8,648,3,226,5,422
F4:CF:A2:0C:40:1C,ALL,tcp:31162,192.168.231.169*,7,598,4,372,3,226
F4:CF:A2:0C:40:1C,ALL,tcp:31162,3.121.131.36*,7,598,3,226,4,372
F4:CF:A2:0C:40:1C,ALL,tcp:20053,192.168.231.169*,10,756,5,422,5,334
F4:CF:A2:0C:40:1C,ALL,tcp:20053,3.121.210.75*,10,756,5,334,5,422
F4:CF:A2:0C:40:1C,ALL,tcp:48461,18.195.249.137*,7,598,3,226,4,372
F4:CF:A2:0C:40:1C,ALL,tcp:48461,192.168.231.169*,7,598,4,372,3,226
F4:CF:A2:0C:40:1C,ALL,tcp:3604,18.185.182.159*,9,706,3,226,6,480
F4:CF:A2:0C:40:1C,ALL,tcp:3604,192.168.231.169*,9,706,6,480,3,226
F4:CF:A2:0C:40:1C,ALL,tcp:20292,192.168.231.169*,7,598,4,372,3,226
F4:CF:A2:0C:40:1C,ALL,tcp:20292,35.156.44.172*,7,598,3,226,4,372
F4:CF:A2:0C:40:1C,ALL,tcp:45733,192.168.231.169*,9,706,6,480,3,226
F4:CF:A2:0C:40:1C,ALL,tcp:45733,3.121.131.36*,9,706,3,226,6,480
F4:CF:A2:0C:40:1C,ALL,tcp:616,192.168.231.169*,9,702,5,422,4,280
F4:CF:A2:0C:40:1C,ALL,tcp:616,3.66.126.37*,9,702,4,280,5,422
F4:CF:A2:0C:40:1C,ALL,tcp:6357,192.168.231.169*,7,598,4,372,3,226
F4:CF:A2:0C:40:1C,ALL,tcp:6357,3.121.210.75*,7,598,3,226,4,372
F4:CF:A2:0C:40:1C,ALL,tcp:27350,192.168.231.169*,9,706,4,372,5,334
F4:CF:A2:0C:40:1C,ALL,tcp:27350,3.67.242.33*,9,706,5,334,4,372
F4:CF:A2:0C:40:1C,ALL,tcp:30099,192.168.231.169*,7,598,4,372,3,226
F4:CF:A2:0C:40:1C,ALL,tcp:30099,3.121.210.75*,7,598,3,226,4,372
F4:CF:A2:0C:40:1C,ALL,tcp:23090,192.168.231.169*,7,598,4,372,3,226
F4:CF:A2:0C:40:1C,ALL,tcp:23090,35.156.42.116*,7,598,3,226,4,372
F4:CF:A2:0C:40:1C,ALL,tcp:49548,192.168.231.169*,7,598,4,372,3,226
F4:CF:A2:0C:40:1C,ALL,tcp:49548,35.156.42.116*,7,598,3,226,4,372
F4:CF:A2:0C:40:1C,ALL,tcp:56503,192.168.231.169*,9,702,5,422,4,280
F4:CF:A2:0C:40:1C,ALL,tcp:56503,3.67.242.33*,9,702,4,280,5,422
F4:CF:A2:0C:40:1C,ALL,tcp:13782,192.168.231.169*,8,652,4,372,4,280
F4:CF:A2:0C:40:1C,ALL,tcp:13782,3.121.131.36*,8,652,4,280,4,372
F4:CF:A2:0C:40:1C,ALL,tcp:26513,18.185.31.196*,7,598,3,226,4,372
F4:CF:A2:0C:40:1C,ALL,tcp:26513,192.168.231.169*,7,598,4,372,3,226
F4:CF:A2:0C:40:1C,ALL,tcp:30318,3.124.225.12,7,598,3,226,4,372
F4:CF:A2:0C:40:1C,ALL,tcp:30318,3.66.126.37,34,3501,18,1842,16,1659
F4:CF:A2:0C:40:1C,ALL,tcp:5289,18.195.249.137*,9,706,3,226,6,480
F4:CF:A2:0C:40:1C,ALL,tcp:5289,192.168.231.169*,9,706,6,480,3,226
F4:CF:A2:0C:40:1C,ALL,tcp:32804,192.168.231.169*,11,877,5,422,6,455
F4:CF:A2:0C:40:1C,ALL,tcp:32804,3.65.95.68*,11,877,6,455,5,422
F4:CF:A2:0C:40:1C,ALL,tcp:54268,192.168.231.169*,8,652,4,372,4,280
F4:CF:A2:0C:40:1C,ALL,tcp:54268,3.121.131.36*,8,652,4,280,4,372
F4:CF:A2:0C:40:1C,ALL,tcp:25490,18.195.249.137*,9,706,4,280,5,426
F4:CF:A2:0C:40:1C,ALL,tcp:25490,192.168.231.169*,9,706,5,426,4,280
F4:CF:A2:0C:40:1C,ALL,tcp:2951,18.184.31.90*,7,598,3,226,4,372
F4:CF:A2:0C:40:1C,ALL,tcp:2951,192.168.231.169*,7,598,4,372,3,226
F4:CF:A2:0C:40:1C,ALL,tcp:7245,192.168.231.169*,7,538,3,318,4,220
F4:CF:A2:0C:40:1C,ALL,tcp:7245,3.65.95.68*,7,538,4,220,3,318
F4:CF:A2:0C:40:1C,ALL,tcp:16236,18.192.43.219*,6,480,3,166,3,314
F4:CF:A2:0C:40:1C,ALL,tcp:16236,192.168.231.169*,6,480,3,314,3,166
F4:CF:A2:0C:40:1C,ALL,tcp:8556,192.168.231.169*,6,484,3,318,3,166
F4:CF:A2:0C:40:1C,ALL,tcp:8556,3.64.85.28*,6,484,3,166,3,318
F4:CF:A2:0C:40:1C,ALL,tcp:9175,192.168.231.169*,6,484,3,318,3,166
F4:CF:A2:0C:40:1C,ALL,tcp:9175,3.64.85.28*,6,484,3,166,3,318
F4:CF:A2:0C:40:1C,ALL,tcp:26984,192.168.231.169*,6,484,3,318,3,166
F4:CF:A2:0C:40:1C,ALL,tcp:26984,3.66.126.37*,6,484,3,166,3,318
F4:CF:A2:0C:40:1C,ALL,tcp:32387,192.168.231.169*,8,588,4,368,4,220
F4:CF:A2:0C:40:1C,ALL,tcp:32387,35.156.44.172*,8,588,4,220,4,368
F4:CF:A2:0C:40:1C,ALL,tcp:6257,192.168.231.169*,6,484,3,318,3,166
F4:CF:A2:0C:40:1C,ALL,tcp:6257,35.156.44.172*,6,484,3,166,3,318
F4:CF:A2:0C:40:1C,ALL,tcp:49226,192.168.231.169*,7,605,3,318,4,287
F4:CF:A2:0C:40:1C,ALL,tcp:49226,35.156.42.116*,7,605,4,287,3,318
F4:CF:A2:0C:40:1C,ALL,tcp:19874,192.168.231.169*,6,480,4,368,2,112
F4:CF:A2:0C:40:1C,ALL,tcp:19874,52.58.249.45*,6,480,2,112,4,368
F4:CF:A2:0C:40:1C,ALL,tcp:44546,192.168.231.169*,8,592,3,318,5,274
F4:CF:A2:0C:40:1C,ALL,tcp:44546,52.58.249.45*,8,592,5,274,3,318
F4:CF:A2:0C:40:1C,ALL,tcp:34046,192.168.231.169*,6,480,4,368,2,112
F4:CF:A2:0C:40:1C,ALL,tcp:34046,3.121.210.75*,6,480,2,112,4,368
F4:CF:A2:0C:40:1C,ALL,tcp:2742,192.168.231.169*,6,480,3,314,3,166
F4:CF:A2:0C:40:1C,ALL,tcp:2742,3.121.210.75*,6,480,3,166,3,314
F4:CF:A2:0C:40:1C,ALL,tcp:47486,192.168.231.169*,6,480,3,314,3,166
F4:CF:A2:0C:40:1C,ALL,tcp:47486,3.121.210.75*,6,480,3,166,3,314
F4:CF:A2:0C:40:1C,ALL,tcp:63176,192.168.231.169*,7,534,4,368,3,166
F4:CF:A2:0C:40:1C,ALL,tcp:63176,3.121.210.75*,7,534,3,166,4,368
F4:CF:A2:0C:40:1C,ALL,tcp:29650,192.168.231.169*,6,484,3,318,3,166
F4:CF:A2:0C:40:1C,ALL,tcp:29650,35.156.42.116*,6,484,3,166,3,318
F4:CF:A2:0C:40:1C,ALL,tcp:26451,192.168.231.169*,6,480,3,314,3,166
F4:CF:A2:0C:40:1C,ALL,tcp:26451,52.58.249.45*,6,480,3,166,3,314
F4:CF:A2:0C:40:1C,ALL,tcp:33047,18.185.182.159*,8,592,3,166,5,426
F4:CF:A2:0C:40:1C,ALL,tcp:33047,192.168.231.169*,8,592,5,426,3,166
F4:CF:A2:0C:40:1C,ALL,tcp:61712,192.168.231.169*,7,538,4,372,3,166
F4:CF:A2:0C:40:1C,ALL,tcp:61712,52.58.249.45*,7,538,3,166,4,372
F4:CF:A2:0C:40:1C,ALL,tcp:59284,18.185.182.159*,8,592,3,166,5,426
F4:CF:A2:0C:40:1C,ALL,tcp:59284,192.168.231.169*,8,592,5,426,3,166
F4:CF:A2:0C:40:1C,ALL,tcp:48138,192.168.231.169*,6,484,3,318,3,166
F4:CF:A2:0C:40:1C,ALL,tcp:48138,3.66.126.37*,6,484,3,166,3,318
F4:CF:A2:0C:40:1C,ALL,tcp:49400,192.168.231.169*,8,588,4,368,4,220
F4:CF:A2:0C:40:1C,ALL,tcp:49400,35.156.44.172*,8,588,4,220,4,368
F4:CF:A2:0C:40:1C,ALL,tcp:26463,3.120.92.134,7,605,4,287,3,318
F4:CF:A2:0C:40:1C,ALL,tcp:26463,3.67.242.33,7,605,4,287,3,318
F4:CF:A2:0C:40:1C,ALL,tcp:26218,18.185.182.159*,7,538,4,220,3,318
F4:CF:A2:0C:40:1C,ALL,tcp:26218,192.168.231.169*,7,538,3,318,4,220
F4:CF:A2:0C:40:1C,ALL,tcp:14152,18.185.182.159*,7,538,4,220,3,318
F4:CF:A2:0C:40:1C,ALL,tcp:14152,192.168.231.169*,7,538,3,318,4,220
F4:CF:A2:0C:40:1C,ALL,tcp:18191,192.168.231.169*,6,480,3,314,3,166
F4:CF:A2:0C:40:1C,ALL,tcp:18191,52.58.249.45*,6,480,3,166,3,314
F4:CF:A2:0C:40:1C,ALL,tcp:39030,18.195.249.137*,8,592,4,220,4,372
F4:CF:A2:0C:40:1C,ALL,tcp:39030,192.168.231.169*,8,592,4,372,4,220
F4:CF:A2:0C:40:1C,ALL,tcp:46025,192.168.231.169*,7,605,3,318,4,287
F4:CF:A2:0C:40:1C,ALL,tcp:46025,52.58.249.45*,7,605,4,287,3,318
F4:CF:A2:0C:40:1C,ALL,tcp:22671,18.185.218.106,16,1536,7,600,9,936
F4:CF:A2:0C:40:1C,ALL,tcp:22671,18.185.31.196,6,484,3,166,3,318
F4:CF:A2:0C:40:1C,ALL,tcp:7557,18.185.31.196*,6,480,2,112,4,368
F4:CF:A2:0C:40:1C,ALL,tcp:7557,192.168.231.169*,6,480,4,368,2,112
F4:CF:A2:0C:40:1C,ALL,tcp:18084,18.185.31.196*,7,538,4,220,3,318
F4:CF:A2:0C:40:1C,ALL,tcp:18084,192.168.231.169*,7,538,3,318,4,220
F4:CF:A2:0C:40:1C,ALL,tcp:5697,192.168.231.169*,6,484,3,318,3,166
F4:CF:A2:0C:40:1C,ALL,tcp:5697,52.57.38.165*,6,484,3,166,3,318
F4:CF:A2:0C:40:1C,ALL,tcp:57659,18.192.43.219*,7,605,4,287,3,318
F4:CF:A2:0C:40:1C,ALL,tcp:57659,192.168.231.169*,7,605,3,318,4,287
F4:CF:A2:0C:40:1C,ALL,tcp:41833,18.192.43.219*,6,480,3,166,3,314
F4:CF:A2:0C:40:1C,ALL,tcp:41833,192.168.231.169*,6,480,3,314,3,166
F4:CF:A2:0C:40:1C,ALL,tcp:15698,192.168.231.169*,6,484,3,318,3,166
F4:CF:A2:0C:40:1C,ALL,tcp:15698,3.65.95.68*,6,484,3,166,3,318
F4:CF:A2:0C:40:1C,ALL,tcp:47007,192.168.231.169*,6,484,3,318,3,166
F4:CF:A2:0C:40:1C,ALL,tcp:47007,35.156.44.172*,6,484,3,166,3,318
F4:CF:A2:0C:40:1C,ALL,tcp:31270,192.168.231.169*,6,484,3,318,3,166
F4:CF:A2:0C:40:1C,ALL,tcp:31270,3.124.225.12*,6,484,3,166,3,318
F4:CF:A2:0C:40:1C,ALL,tcp:17321,192.168.231.169*,5,430,3,318,2,112
F4:CF:A2:0C:40:1C,ALL,tcp:17321,3.121.131.36*,5,430,2,112,3,318
F4:CF:A2:0C:40:1C,ALL,tcp:19548,3.120.92.134,7,538,4,220,3,318
F4:CF:A2:0C:40:1C,ALL,tcp:19548,3.64.85.28,7,538,4,220,3,318
F4:CF:A2:0C:40:1C,ALL,tcp:14759,3.64.85.28,7,534,3,166,4,368
F4:CF:A2:0C:40:1C,ALL,tcp:14759,3.66.126.37,25,2302,13,1062,12,1240
F4:CF:A2:0C:40:1C,ALL,tcp:25669,3.64.85.28,6,480,2,112,4,368
F4:CF:A2:0C:40:1C,ALL,tcp:25669,3.66.126.37,3,170,2,112,1,58
F4:CF:A2:0C:40:1C,ALL,tcp:51346,192.168.231.169*,8,592,3,318,5,274
F4:CF:A2:0C:40:1C,ALL,tcp:51346,35.156.42.116*,8,592,5,274,3,318
F4:CF:A2:0C:40:1C,ALL,tcp:63230,192.168.231.169*,6,484,3,318,3,166
F4:CF:A2:0C:40:1C,ALL,tcp:63230,3.121.210.75*,6,484,3,166,3,318
F4:CF:A2:0C:40:1C,ALL,tcp:5561,192.168.231.169*,7,534,4,368,3,166
F4:CF:A2:0C:40:1C,ALL,tcp:5561,3.65.95.68*,7,534,3,166,4,368
F4:CF:A2:0C:40:1C,ALL,tcp:28812,192.168.231.169*,7,538,3,318,4,220
F4:CF:A2:0C:40:1C,ALL,tcp:28812,3.65.95.68*,7,538,4,220,3,318
F4:CF:A2:0C:40:1C,ALL,tcp:201,18.195.249.137*,5,430,2,112,3,318
F4:CF:A2:0C:40:1C,ALL,tcp:201,192.168.231.169*,5,430,3,318,2,112
F4:CF:A2:0C:40:1C,ALL,tcp:56362,18.195.249.137*,5,430,2,112,3,318
F4:CF:A2:0C:40:1C,ALL,tcp:56362,192.168.231.169*,5,430,3,318,2,112
F4:CF:A2:0C:40:1C,ALL,tcp:1734,192.168.231.169*,8,592,3,318,5,274
F4:CF:A2:0C:40:1C,ALL,tcp:1734,52.58.249.45*,8,592,5,274,3,318
F4:CF:A2:0C:40:1C,ALL,tcp:11575,18.185.182.159*,9,713,4,287,5,426
F4:CF:A2:0C:40:1C,ALL,tcp:11575,192.168.231.169*,9,713,5,426,4,287
F4:CF:A2:0C:40:1C,ALL,tcp:38536,192.168.231.169*,9,709,4,368,5,341
F4:CF:A2:0C:40:1C,ALL,tcp:38536,3.124.225.12*,9,709,5,341,4,368
F4:CF:A2:0C:40:1C,ALL,tcp:9214,192.168.231.169*,6,484,3,318,3,166
F4:CF:A2:0C:40:1C,ALL,tcp:9214,52.57.38.165*,6,484,3,166,3,318
F4:CF:A2:0C:40:1C,ALL,tcp:30639,18.195.249.137*,25,2922,12,1412,13,1510
F4:CF:A2:0C:40:1C,ALL,tcp:30639,192.168.231.169*,25,2922,13,1510,12,1412
F4:CF:A2:0C:40:1C,ALL,tcp:44625,3.124.225.12,16,1475,8,727,8,748
F4:CF:A2:0C:40:1C,ALL,tcp:44625,3.64.85.28,6,484,3,166,3,318
F4:CF:A2:0C:40:1C,ALL,tcp:13934,18.195.249.137*,7,538,3,166,4,372
F4:CF:A2:0C:40:1C,ALL,tcp:13934,192.168.231.169*,7,538,4,372,3,166
F4:CF:A2:0C:40:1C,ALL,tcp:30502,18.195.249.137*,8,592,4,220,4,372
F4:CF:A2:0C:40:1C,ALL,tcp:30502,192.168.231.169*,8,592,4,372,4,220
F4:CF:A2:0C:40:1C,ALL,tcp:21625,192.168.231.169*,7,601,3,314,4,287
F4:CF:A2:0C:40:1C,ALL,tcp:21625,52.57.38.165*,7,601,4,287,3,314
F4:CF:A2:0C:40:1C,ALL,tcp:28746,192.168.231.169*,6,484,3,318,3,166
F4:CF:A2:0C:40:1C,ALL,tcp:28746,3.66.126.37*,6,484,3,166,3,318
F4:CF:A2:0C:40:1C,ALL,tcp:7634,192.168.231.169*,5,430,2,264,3,166
F4:CF:A2:0C:40:1C,ALL,tcp:7634,3.67.242.33*,5,430,3,166,2,264
F4:CF:A2:0C:40:1C,ALL,tcp:11003,192.168.231.169*,7,538,5,426,2,112
F4:CF:A2:0C:40:1C,ALL,tcp:11003,3.121.131.36*,7,538,2,112,5,426
F4:CF:A2:0C:40:1C,ALL,tcp:3828,192.168.231.169*,6,484,3,318,3,166
F4:CF:A2:0C:40:1C,ALL,tcp:3828,52.57.38.165*,6,484,3,166,3,318
F4:CF:A2:0C:40:1C,ALL,tcp:23330,192.168.231.169*,8,588,4,368,4,220
F4:CF:A2:0C:40:1C,ALL,tcp:23330,3.121.210.75*,8,588,4,220,4,368
F4:CF:A2:0C:40:1C,ALL,tcp:20049,18.185.218.106*,6,484,3,166,3,318
F4:CF:A2:0C:40:1C,ALL,tcp:20049,192.168.231.169*,6,484,3,318,3,166
F4:CF:A2:0C:40:1C,ALL,tcp:13114,18.185.218.106*,7,538,4,220,3,318
F4:CF:A2:0C:40:1C,ALL,tcp:13114,192.168.231.169*,7,538,3,318,4,220
F4:CF:A2:0C:40:1C,ALL,tcp:30909,18.185.218.106*,8,588,4,220,4,368
F4:CF:A2:0C:40:1C,ALL,tcp:30909,192.168.231.169*,8,588,4,368,4,220
F4:CF:A2:0C:40:1C,ALL,tcp:19840,192.168.231.169*,7,538,3,318,4,220
F4:CF:A2:0C:40:1C,ALL,tcp:19840,35.156.42.116*,7,538,4,220,3,318
F4:CF:A2:0C:40:1C,ALL,tcp:54448,192.168.231.169*,6,484,3,318,3,166
F4:CF:A2:0C:40:1C,ALL,tcp:54448,3.67.242.33*,6,484,3,166,3,318
F4:CF:A2:0C:40:1C,ALL,tcp:18153,192.168.231.169*,6,484,3,318,3,166
F4:CF:A2:0C:40:1C,ALL,tcp:18153,3.66.126.37*,6,484,3,166,3,318
F4:CF:A2:0C:40:1C,ALL,tcp:56213,192.168.231.169*,6,484,3,318,3,166
F4:CF:A2:0C:40:1C,ALL,tcp:56213,3.66.126.37*,6,484,3,166,3,318
F4:CF:A2:0C:40:1C,ALL,tcp:25796,192.168.231.169*,6,484,3,318,3,166
F4:CF:A2:0C:40:1C,ALL,tcp:25796,3.121.210.75*,6,484,3,166,3,318
F4:CF:A2:0C:40:1C,ALL,tcp:63940,192.168.231.169*,9,642,4,368,5,274
F4:CF:A2:0C:40:1C,ALL,tcp:63940,35.156.42.116*,9,642,5,274,4,368
F4:CF:A2:0C:40:1C,ALL,tcp:41097,192.168.231.169*,6,484,3,318,3,166
F4:CF:A2:0C:40:1C,ALL,tcp:41097,3.121.210.75*,6,484,3,166,3,318
F4:CF:A2:0C:40:1C,ALL,tcp:63339,192.168.231.169*,6,484,3,318,3,166
F4:CF:A2:0C:40:1C,ALL,tcp:63339,52.57.38.165*,6,484,3,166,3,318
F4:CF:A2:0C:40:1C,ALL,tcp:14447,192.168.231.169*,6,484,3,318,3,166
F4:CF:A2:0C:40:1C,ALL,tcp:14447,52.57.38.165*,6,484,3,166,3,318
F4:CF:A2:0C:40:1C,ALL,tcp:40691,192.168.231.169*,6,484,3,318,3,166
F4:CF:A2:0C:40:1C,ALL,tcp:40691,52.57.38.165*,6,484,3,166,3,318
F4:CF:A2:0C:40:1C,ALL,tcp:13167,192.168.231.169*,6,484,3,318,3,166
F4:CF:A2:0C:40:1C,ALL,tcp:13167,3.64.85.28*,6,484,3,166,3,318
F4:CF:A2:0C:40:1C,ALL,tcp:17801,192.168.231.169*,7,538,3,318,4,220
F4:CF:A2:0C:40:1C,ALL,tcp:17801,3.66.126.37*,7,538,4,220,3,318
F4:CF:A2:0C:40:1C,ALL,tcp:31151,192.168.231.169*,8,592,5,426,3,166
F4:CF:A2:0C:40:1C,ALL,tcp:31151,3.121.131.36*,8,592,3,166,5,426
F4:CF:A2:0C:40:1C,ALL,tcp:25774,192.168.231.169*,8,592,4,372,4,220
F4:CF:A2:0C:40:1C,ALL,tcp:25774,3.121.131.36*,8,592,4,220,4,372
F4:CF:A2:0C:40:1C,ALL,tcp:8395,192.168.231.169*,6,484,3,318,3,166
F4:CF:A2:0C:40:1C,ALL,tcp:8395,3.121.131.36*,6,484,3,166,3,318
F4:CF:A2:0C:40:1C,ALL,tcp:7257,18.195.249.137*,8,592,4,220,4,372
F4:CF:A2:0C:40:1C,ALL,tcp:7257,192.168.231.169*,8,592,4,372,4,220
F4:CF:A2:0C:40:1C,ALL,tcp:2179,192.168.231.169*,7,605,3,318,4,287
F4:CF:A2:0C:40:1C,ALL,tcp:2179,3.120.92.134*,7,605,4,287,3,318
F4:CF:A2:0C:40:1C,ALL,tcp:20804,192.168.231.169*,6,484,3,318,3,166
F4:CF:A2:0C:40:1C,ALL,tcp:20804,3.120.92.134*,6,484,3,166,3,318
F4:CF:A2:0C:40:1C,ALL,tcp:24044,192.168.231.169*,8,592,3,318,5,274
F4:CF:A2:0C:40:1C,ALL,tcp:24044,3.121.131.36*,8,592,5,274,3,318
F4:CF:A2:0C:40:1C,ALL,tcp:31881,192.168.231.169*,6,484,3,318,3,166
F4:CF:A2:0C:40:1C,ALL,tcp:31881,3.124.225.12*,6,484,3,166,3,318
F4:CF:A2:0C:40:1C,ALL,tcp:52314,192.168.231.169*,7,538,3,318,4,220
F4:CF:A2:0C:40:1C,ALL,tcp:52314,3.121.210.75*,7,538,4,220,3,318
F4:CF:A2:0C:40:1C,ALL,tcp:22033,192.168.231.169*,7,538,3,318,4,220
F4:CF:A2:0C:40:1C,ALL,tcp:22033,3.121.210.75*,7,538,4,220,3,318
F4:CF:A2:0C:40:1C,ALL,tcp:27467,192.168.231.169*,6,484,3,318,3,166
F4:CF:A2:0C:40:1C,ALL,tcp:27467,52.57.38.165*,6,484,3,166,3,318
F4:CF:A2:0C:40:1C,ALL,tcp:53445,192.168.231.169*,6,480,3,314,3,166
F4:CF:A2:0C:40:1C,ALL,tcp:53445,35.156.44.172*,6,480,3,166,3,314
F4:CF:A2:0C:40:1C,ALL,tcp:1867,192.168.231.169*,6,484,3,318,3,166
F4:CF:A2:0C:40:1C,ALL,tcp:1867,3.66.126.37*,6,484,3,166,3,318
F4:CF:A2:0C:40:1C,ALL,tcp:28339,18.184.31.90*,8,588,4,220,4,368
F4:CF:A2:0C:40:1C,ALL,tcp:28339,192.168.231.169*,8,588,4,368,4,220
F4:CF:A2:0C:40:1C,ALL,tcp:17750,18.192.43.219*,6,484,3,166,3,318
F4:CF:A2:0C:40:1C,ALL,tcp:17750,192.168.231.169*,6,484,3,318,3,166
F4:CF:A2:0C:40:1C,ALL,tcp:58940,18.185.31.196*,8,588,4,220,4,368
F4:CF:A2:0C:40:1C,ALL,tcp:58940,192.168.231.169*,8,588,4,368,4,220
F4:CF:A2:0C:40:1C,ALL,tcp:32017,192.168.231.169*,6,484,3,318,3,166
F4:CF:A2:0C:40:1C,ALL,tcp:32017,3.66.126.37*,6,484,3,166,3,318
F4:CF:A2:0C:40:1C,ALL,tcp:61644,192.168.231.169*,6,484,3,318,3,166
F4:CF:A2:0C:40:1C,ALL,tcp:61644,3.66.126.37*,6,484,3,166,3,318
F4:CF:A2:0C:40:1C,ALL,tcp:4676,18.185.182.159*,7,538,4,220,3,318
F4:CF:A2:0C:40:1C,ALL,tcp:4676,192.168.231.169*,7,538,3,318,4,220
F4:CF:A2:0C:40:1C,ALL,tcp:16258,192.168.231.169*,6,484,3,318,3,166
F4:CF:A2:0C:40:1C,ALL,tcp:16258,52.57.38.165*,6,484,3,166,3,318
F4:CF:A2:0C:40:1C,ALL,tcp:29088,192.168.231.169*,8,592,3,318,5,274
F4:CF:A2:0C:40:1C,ALL,tcp:29088,35.156.44.172*,8,592,5,274,3,318
F4:CF:A2:0C:40:1C,ALL,tcp:41553,192.168.231.169*,6,484,3,318,3,166
F4:CF:A2:0C:40:1C,ALL,tcp:41553,35.156.44.172*,6,484,3,166,3,318
F4:CF:A2:0C:40:1C,ALL,tcp:28660,18.184.31.90*,6,484,3,166,3,318
F4:CF:A2:0C:40:1C,ALL,tcp:28660,192.168.231.169*,6,484,3,318,3,166
