MAC,WAN/LAN,Protocol,IP,TotalPackets,TotalBytes,TxPackets,TxBytes,RxPackets,RxBytes
D4:F5:47:82:0E:C6,ALL,ipv6,2001:4860:4806:4::,312,34320,156,17160,156,17160
D4:F5:47:82:0E:C6,ALL,ipv6,2001:4860:4806:8::,400,44000,200,22000,200,22000
D4:F5:47:82:0E:C6,ALL,ipv6,2001:4860:4806::,488,53680,244,26840,244,26840
D4:F5:47:82:0E:C6,ALL,ipv6,2001:4860:4806:c::,338,37180,169,18590,169,18590
D4:F5:47:82:0E:C6,ALL,ipv6,2607:f8b0:4004:c06::5b,2863,356063,1415,203331,1448,152732
D4:F5:47:82:0E:C6,ALL,ipv6,2607:f8b0:4004:c06::5d,4211,521355,2080,297444,2131,223911
D4:F5:47:82:0E:C6,ALL,ipv6,2607:f8b0:4004:c06::5f,1481,528058,822,263106,659,264952
D4:F5:47:82:0E:C6,ALL,ipv6,2607:f8b0:4004:c06::66,34,12758,19,3100,15,9658
D4:F5:47:82:0E:C6,ALL,ipv6,2607:f8b0:4004:c06::88,4531,568757,2246,326501,2285,242256
D4:F5:47:82:0E:C6,ALL,ipv6,2607:f8b0:4004:c06::bc,871,100364,442,40723,429,59641
D4:F5:47:82:0E:C6,ALL,ipv6,2607:f8b0:4004:c06::be,4566,574042,2255,328641,2311,245401
D4:F5:47:82:0E:C6,ALL,ipv6,2607:f8b0:4004:c07::5b,2116,260085,1046,147522,1070,112563
D4:F5:47:82:0E:C6,ALL,ipv6,2607:f8b0:4004:c07::5d,4935,616573,2442,352481,2493,264092
D4:F5:47:82:0E:C6,ALL,ipv6,2607:f8b0:4004:c07::5e,411,312272,226,28018,185,284254
D4:F5:47:82:0E:C6,ALL,ipv6,2607:f8b0:4004:c07::5f,1021,340977,549,175986,472,164991
D4:F5:47:82:0E:C6,ALL,ipv6,2607:f8b0:4004:c07::64,83,27788,46,12598,37,15190
D4:F5:47:82:0E:C6,ALL,ipv6,2607:f8b0:4004:c07::65,25,12682,13,9438,12,3244
D4:F5:47:82:0E:C6,ALL,ipv6,2607:f8b0:4004:c07::88,3696,1428715,1660,235956,2036,1192759
D4:F5:47:82:0E:C6,ALL,ipv6,2607:f8b0:4004:c07::8b,72,27489,39,18833,33,8656
D4:F5:47:82:0E:C6,ALL,ipv6,2607:f8b0:4004:c07::bc,10817,1039190,5434,479939,5383,559251
D4:F5:47:82:0E:C6,ALL,ipv6,2607:f8b0:4004:c07::be,3247,409199,1599,235338,1648,173861
D4:F5:47:82:0E:C6,ALL,ipv6,2607:f8b0:4004:c08::5b,3572,437775,1758,247105,1814,190670
D4:F5:47:82:0E:C6,ALL,ipv6,2607:f8b0:4004:c08::5d,3508,434174,1735,247208,1773,186966
D4:F5:47:82:0E:C6,ALL,ipv6,2607:f8b0:4004:c08::5e,298,159585,164,22503,134,137082
D4:F5:47:82:0E:C6,ALL,ipv6,2607:f8b0:4004:c08::5f,885,342804,491,161777,394,181027
D4:F5:47:82:0E:C6,ALL,ipv6,2607:f8b0:4004:c08::64,487,555932,89,14025,398,541907
D4:F5:47:82:0E:C6,ALL,ipv6,2607:f8b0:4004:c08::65,121,42470,65,28221,56,14249
D4:F5:47:82:0E:C6,ALL,ipv6,2607:f8b0:4004:c08::66,506,644914,333,76417,173,568497
D4:F5:47:82:0E:C6,ALL,ipv6,2607:f8b0:4004:c08::71,74,27672,40,18928,34,8744
D4:F5:47:82:0E:C6,ALL,ipv6,2607:f8b0:4004:c08::88,5111,1603696,2331,332406,2780,1271290
D4:F5:47:82:0E:C6,ALL,ipv6,2607:f8b0:4004:c08::8a,67,25589,36,16685,31,8904
D4:F5:47:82:0E:C6,ALL,ipv6,2607:f8b0:4004:c08::8b,121,42463,65,28213,56,14250
D4:F5:47:82:0E:C6,ALL,ipv6,2607:f8b0:4004:c08::bc,7956,775762,4000,355049,3956,420713
D4:F5:47:82:0E:C6,ALL,ipv6,2607:f8b0:4004:c08::be,720,89149,357,50892,363,38257
D4:F5:47:82:0E:C6,ALL,ipv6,2607:f8b0:4004:c09::5b,4373,1512705,1999,284215,2374,1228490
D4:F5:47:82:0E:C6,ALL,ipv6,2607:f8b0:4004:c09::5d,2249,279186,1110,158277,1139,120909
D4:F5:47:82:0E:C6,ALL,ipv6,2607:f8b0:4004:c09::5e,45,7565,25,3917,20,3648
D4:F5:47:82:0E:C6,ALL,ipv6,2607:f8b0:4004:c09::5f,1302,474437,751,222737,551,251700
D4:F5:47:82:0E:C6,ALL,ipv6,2607:f8b0:4004:c09::88,703,88561,344,50648,359,37913
D4:F5:47:82:0E:C6,ALL,ipv6,2607:f8b0:4004:c09::bc,5758,559892,2894,257488,2864,302404
D4:F5:47:82:0E:C6,ALL,ipv6,2607:f8b0:4004:c09::be,5054,1594651,2317,328114,2737,1266537
D4:F5:47:82:0E:C6,ALL,ipv6,2607:f8b0:4004:c0b::5b,3911,494363,1935,284635,1976,209728
D4:F5:47:82:0E:C6,ALL,ipv6,2607:f8b0:4004:c0b::5d,4743,594936,2348,341596,2395,253340
D4:F5:47:82:0E:C6,ALL,ipv6,2607:f8b0:4004:c0b::5f,1403,520602,779,275052,624,245550
D4:F5:47:82:0E:C6,ALL,ipv6,2607:f8b0:4004:c0b::64,5295,4626740,1898,588581,3397,4038159
D4:F5:47:82:0E:C6,ALL,ipv6,2607:f8b0:4004:c0b::65,4405,3618842,1971,608141,2434,3010701
D4:F5:47:82:0E:C6,ALL,ipv6,2607:f8b0:4004:c0b::66,4966,4119209,1645,602321,3321,3516888
D4:F5:47:82:0E:C6,ALL,ipv6,2607:f8b0:4004:c0b::71,4351,3586172,1747,616180,2604,2969992
D4:F5:47:82:0E:C6,ALL,ipv6,2607:f8b0:4004:c0b::88,4315,530549,2127,301042,2188,229507
D4:F5:47:82:0E:C6,ALL,ipv6,2607:f8b0:4004:c0b::8a,2656,1366921,1268,551213,1388,815708
D4:F5:47:82:0E:C6,ALL,ipv6,2607:f8b0:4004:c0b::8b,4393,3200342,2143,703259,2250,2497083
D4:F5:47:82:0E:C6,ALL,ipv6,2607:f8b0:4004:c0b::bc,835,81083,420,37410,415,43673
D4:F5:47:82:0E:C6,ALL,ipv6,2607:f8b0:4004:c0b::be,2237,280906,1106,160644,1131,120262
D4:F5:47:82:0E:C6,ALL,ipv6,2607:f8b0:4004:c17::5b,1430,177709,707,101419,723,76290
D4:F5:47:82:0E:C6,ALL,ipv6,2607:f8b0:4004:c17::5d,4010,503383,1979,288533,2031,214850
D4:F5:47:82:0E:C6,ALL,ipv6,2607:f8b0:4004:c17::5e,31,11585,16,3795,15,7790
D4:F5:47:82:0E:C6,ALL,ipv6,2607:f8b0:4004:c17::5f,1542,558594,862,268407,680,290187
D4:F5:47:82:0E:C6,ALL,ipv6,2607:f8b0:4004:c17::64,219,78886,122,25032,97,53854
D4:F5:47:82:0E:C6,ALL,ipv6,2607:f8b0:4004:c17::65,202,76442,114,18600,88,57842
D4:F5:47:82:0E:C6,ALL,ipv6,2607:f8b0:4004:c17::66,68,25519,38,6200,30,19319
D4:F5:47:82:0E:C6,ALL,ipv6,2607:f8b0:4004:c17::71,68,25518,38,6200,30,19318
D4:F5:47:82:0E:C6,ALL,ipv6,2607:f8b0:4004:c17::88,3979,498709,1960,285169,2019,213540
D4:F5:47:82:0E:C6,ALL,ipv6,2607:f8b0:4004:c17::8a,335,127208,192,31196,143,96012
D4:F5:47:82:0E:C6,ALL,ipv6,2607:f8b0:4004:c17::8b,236,89148,134,21798,102,67350
D4:F5:47:82:0E:C6,ALL,ipv6,2607:f8b0:4004:c17::94,176,50402,97,14582,79,35820
D4:F5:47:82:0E:C6,ALL,ipv6,2607:f8b0:4004:c17::95,66,19769,37,5678,29,14091
D4:F5:47:82:0E:C6,ALL,ipv6,2607:f8b0:4004:c17::bc,4866,575636,2465,227971,2401,347665
D4:F5:47:82:0E:C6,ALL,ipv6,2607:f8b0:4004:c17::be,5189,634556,2561,358656,2628,275900
D4:F5:47:82:0E:C6,ALL,ipv6,2607:f8b0:4004:c19::5d,1394,173333,690,99161,704,74172
D4:F5:47:82:0E:C6,ALL,ipv6,2607:f8b0:4004:c19::5f,1358,477121,759,225751,599,251370
D4:F5:47:82:0E:C6,ALL,ipv6,2607:f8b0:4004:c19::64,390,152149,216,108460,174,43689
D4:F5:47:82:0E:C6,ALL,ipv6,2607:f8b0:4004:c19::65,707,628765,206,62344,501,566421
D4:F5:47:82:0E:C6,ALL,ipv6,2607:f8b0:4004:c19::66,421,144736,229,96715,192,48021
D4:F5:47:82:0E:C6,ALL,ipv6,2607:f8b0:4004:c19::71,899,694363,516,116513,383,577850
D4:F5:47:82:0E:C6,ALL,ipv6,2607:f8b0:4004:c19::88,6787,851325,3348,487792,3439,363533
D4:F5:47:82:0E:C6,ALL,ipv6,2607:f8b0:4004:c19::8a,797,657551,267,81365,530,576186
D4:F5:47:82:0E:C6,ALL,ipv6,2607:f8b0:4004:c19::8b,362,134766,195,85234,167,49532
D4:F5:47:82:0E:C6,ALL,ipv6,2607:f8b0:4004:c19::bc,19068,1834119,9575,847959,9493,986160
D4:F5:47:82:0E:C6,ALL,ipv6,2607:f8b0:4004:c19::be,3184,404387,1568,232675,1616,171712
D4:F5:47:82:0E:C6,ALL,ipv6,2607:f8b0:4004:c1b::5b,3093,390429,1524,223238,1569,167191
D4:F5:47:82:0E:C6,ALL,ipv6,2607:f8b0:4004:c1b::5d,2633,328732,1296,186749,1337,141983
D4:F5:47:82:0E:C6,ALL,ipv6,2607:f8b0:4004:c1b::5e,2040,485197,1352,334440,688,150757
D4:F5:47:82:0E:C6,ALL,ipv6,2607:f8b0:4004:c1b::5f,1651,667977,904,366590,747,301387
D4:F5:47:82:0E:C6,ALL,ipv6,2607:f8b0:4004:c1b::65,69,25644,39,6298,30,19346
D4:F5:47:82:0E:C6,ALL,ipv6,2607:f8b0:4004:c1b::66,34,12770,19,3112,15,9658
D4:F5:47:82:0E:C6,ALL,ipv6,2607:f8b0:4004:c1b::71,69,25601,38,6200,31,19401
D4:F5:47:82:0E:C6,ALL,ipv6,2607:f8b0:4004:c1b::88,4025,2450091,1646,238991,2379,2211100
D4:F5:47:82:0E:C6,ALL,ipv6,2607:f8b0:4004:c1b::8a,597,592895,158,28972,439,563923
D4:F5:47:82:0E:C6,ALL,ipv6,2607:f8b0:4004:c1b::8b,102,38306,58,9386,44,28920
D4:F5:47:82:0E:C6,ALL,ipv6,2607:f8b0:4004:c1b::bc,4600,459402,2330,207242,2270,252160
D4:F5:47:82:0E:C6,ALL,ipv6,2607:f8b0:4004:c1b::be,3401,1396858,1501,218696,1900,1178162
D4:F5:47:82:0E:C6,ALL,ipv6,2607:f8b0:4004:c1d::5b,3040,386302,1498,220947,1542,165355
D4:F5:47:82:0E:C6,ALL,ipv6,2607:f8b0:4004:c1d::5d,2124,259281,1045,146288,1079,112993
D4:F5:47:82:0E:C6,ALL,ipv6,2607:f8b0:4004:c1d::5f,763,267004,426,117943,337,149061
D4:F5:47:82:0E:C6,ALL,ipv6,2607:f8b0:4004:c1d::64,1588,941257,687,262731,901,678526
D4:F5:47:82:0E:C6,ALL,ipv6,2607:f8b0:4004:c1d::65,846,303838,459,205036,387,98802
D4:F5:47:82:0E:C6,ALL,ipv6,2607:f8b0:4004:c1d::66,1990,1133387,898,411767,1092,721620
D4:F5:47:82:0E:C6,ALL,ipv6,2607:f8b0:4004:c1d::71,2610,2082780,893,300477,1717,1782303
D4:F5:47:82:0E:C6,ALL,ipv6,2607:f8b0:4004:c1d::88,2336,293063,1155,166550,1181,126513
D4:F5:47:82:0E:C6,ALL,ipv6,2607:f8b0:4004:c1d::8a,2025,1526460,976,306813,1049,1219647
D4:F5:47:82:0E:C6,ALL,ipv6,2607:f8b0:4004:c1d::8b,1324,880830,541,236231,783,644599
D4:F5:47:82:0E:C6,ALL,ipv6,2607:f8b0:4004:c1d::bc,6845,721690,3454,311662,3391,410028
D4:F5:47:82:0E:C6,ALL,ipv6,2607:f8b0:4004:c1d::be,3521,438139,1741,250471,1780,187668
D4:F5:47:82:0E:C6,ALL,ipv6,2607:f8b0:4004:c1f::5b,742,91846,366,52437,376,39409
D4:F5:47:82:0E:C6,ALL,ipv6,2607:f8b0:4004:c1f::5f,38,13256,23,5815,15,7441
D4:F5:47:82:0E:C6,ALL,ipv6,2607:f8b0:4004:c1f::88,714,88699,353,50766,361,37933
D4:F5:47:82:0E:C6,ALL,ipv6,2607:f8b0:4004:c1f::8b,25,12678,13,9434,12,3244
D4:F5:47:82:0E:C6,ALL,ipv6,2607:f8b0:4004:c1f::bc,1121,121971,565,51353,556,70618
D4:F5:47:82:0E:C6,ALL,ipv6,2607:f8b0:4004:c21::5b,3202,404144,1577,231213,1625,172931
D4:F5:47:82:0E:C6,ALL,ipv6,2607:f8b0:4004:c21::5d,2134,265015,1056,151535,1078,113480
D4:F5:47:82:0E:C6,ALL,ipv6,2607:f8b0:4004:c21::5f,624,230908,358,109576,266,121332
D4:F5:47:82:0E:C6,ALL,ipv6,2607:f8b0:4004:c21::65,35,12845,20,3186,15,9659
D4:F5:47:82:0E:C6,ALL,ipv6,2607:f8b0:4004:c21::71,13,6470,6,3424,7,3046
D4:F5:47:82:0E:C6,ALL,ipv6,2607:f8b0:4004:c21::88,3256,404188,1608,229276,1648,174912
D4:F5:47:82:0E:C6,ALL,ipv6,2607:f8b0:4004:c21::8a,34,12758,19,3100,15,9658
D4:F5:47:82:0E:C6,ALL,ipv6,2607:f8b0:4004:c21::8b,57,25262,32,12531,25,12731
D4:F5:47:82:0E:C6,ALL,ipv6,2607:f8b0:4004:c21::95,38,10351,20,2968,18,7383
D4:F5:47:82:0E:C6,ALL,ipv6,2607:f8b0:4004:c21::bc,3692,321100,1847,160636,1845,160464
D4:F5:47:82:0E:C6,ALL,ipv6,2607:f8b0:4004:c21::be,2954,1332936,1270,181201,1684,1151735
D4:F5:47:82:0E:C6,ALL,ipv6,2620:0:5301:2210:3016:245b:da55:a35f,23267,5202921,10451,2606363,12816,2596558
D4:F5:47:82:0E:C6,ALL,ipv6,2620:0:5301:2210:4092:53e4:99d1:f108,4561,1423080,2055,868570,2506,554510
D4:F5:47:82:0E:C6,ALL,ipv6,2620:0:5301:2210:454d:c193:462b:f71c,25480,5732560,11200,2765802,14280,2966758
D4:F5:47:82:0E:C6,ALL,ipv6,2620:0:5301:2210:5447:ac25:6682:e076,21845,6589877,10941,4606196,10904,1983681
D4:F5:47:82:0E:C6,ALL,ipv6,2620:0:5301:2210:6010:9ee0:5b67:be83,22945,6333038,11103,4131722,11842,2201316
D4:F5:47:82:0E:C6,ALL,ipv6,2620:0:5301:2210:6573:8e4:eb9a:9859,19472,4527681,8795,2358021,10677,2169660
D4:F5:47:82:0E:C6,ALL,ipv6,2620:0:5301:2210:693b:8b81:cf03:2827,22019,5011302,9906,2552630,12113,2458672
D4:F5:47:82:0E:C6,ALL,ipv6,2620:0:5301:2210:70c5:157:452d:dda3,19242,3549049,9064,1723789,10178,1825260
D4:F5:47:82:0E:C6,ALL,ipv6,2620:0:5301:2210:80b1:357e:1b3:bfd5,22360,6413410,10748,4170536,11612,2242874
D4:F5:47:82:0E:C6,ALL,ipv6,2620:0:5301:2210:8d39:66f:bc49:2ff6,23224,6351260,11180,4136948,12044,2214312
D4:F5:47:82:0E:C6,ALL,ipv6,2620:0:5301:2210:b010:d685:69e4:60c0,51,24530,13,1682,38,22848
D4:F5:47:82:0E:C6,ALL,ipv6,2620:0:5301:2210:b5c8:8286:769:3923,21091,5657160,10020,3541203,11071,2115957
D4:F5:47:82:0E:C6,ALL,ipv6,2620:0:5301:2210:b9e1:9db5:574d:b199,21707,6253742,10496,4095545,11211,2158197
D4:F5:47:82:0E:C6,ALL,ipv6,2620:0:5301:2210:c12c:20c:fc53:6554,19717,4492839,9008,2369543,10709,2123296
D4:F5:47:82:0E:C6,ALL,ipv6,2620:0:5301:2210:cd8f:5ea7:debe:72d7,18980,4236958,8848,2295970,10132,1940988
D4:F5:47:82:0E:C6,ALL,ipv6,2620:0:5301:2210:d0eb:819c:7193:74f7,18031,5158554,8614,3338855,9417,1819699
D4:F5:47:82:0E:C6,ALL,ipv6,2620:0:5301:2210:d837:4265:fcf4:a374,2113,943721,1022,695074,1091,248647
D4:F5:47:82:0E:C6,ALL,ipv6,2620:0:5301:2210:d84e:e842:57fc:6dca,24053,5327175,10845,2678941,13208,2648234
D4:F5:47:82:0E:C6,ALL,ipv6,2620:0:5301:2210:e034:d9d7:cb13:bab9,23188,6373531,11180,4186028,12008,2187503
D4:F5:47:82:0E:C6,ALL,ipv6,2620:0:5301:2210:e047:f8ff:c884:fa0a,17493,3998470,7015,1734307,10478,2264163
D4:F5:47:82:0E:C6,ALL,ipv6,2620:0:5301:2210:ec0c:3098:c2aa:81aa,5272,1517049,2365,894617,2907,622432
D4:F5:47:82:0E:C6,ALL,ipv6,fe80::d6f5:47ff:fe82:ec6,2,188,0,0,2,188
D4:F5:47:82:0E:C6,ALL,udp,2001:4860:4806:4::,312,34320,156,17160,156,17160
D4:F5:47:82:0E:C6,ALL,udp,2001:4860:4806:8::,400,44000,200,22000,200,22000
D4:F5:47:82:0E:C6,ALL,udp,2001:4860:4806::,488,53680,244,26840,244,26840
D4:F5:47:82:0E:C6,ALL,udp,2001:4860:4806:c::,338,37180,169,18590,169,18590
D4:F5:47:82:0E:C6,ALL,udp,2607:f8b0:4004:c06::5b,2803,344919,1379,197587,1424,147332
D4:F5:47:82:0E:C6,ALL,udp,2607:f8b0:4004:c06::5d,4136,507425,2035,290264,2101,217161
D4:F5:47:82:0E:C6,ALL,udp,2607:f8b0:4004:c06::5e,229,100839,124,49113,105,51726
D4:F5:47:82:0E:C6,ALL,udp,2607:f8b0:4004:c06::88,4424,549083,2182,316363,2242,232720
D4:F5:47:82:0E:C6,ALL,udp,2607:f8b0:4004:c06::be,4457,554196,2190,318417,2267,235779
D4:F5:47:82:0E:C6,ALL,udp,2607:f8b0:4004:c07::5b,2069,251555,1018,143128,1051,108427
D4:F5:47:82:0E:C6,ALL,udp,2607:f8b0:4004:c07::5d,4830,597071,2379,342429,2451,254642
D4:F5:47:82:0E:C6,ALL,udp,2607:f8b0:4004:c07::64,21,10974,12,7542,9,3432
D4:F5:47:82:0E:C6,ALL,udp,2607:f8b0:4004:c07::65,25,12682,13,9438,12,3244
D4:F5:47:82:0E:C6,ALL,udp,2607:f8b0:4004:c07::88,3447,1056724,1492,207539,1955,849185
D4:F5:47:82:0E:C6,ALL,udp,2607:f8b0:4004:c07::8b,44,23464,24,16877,20,6587
D4:F5:47:82:0E:C6,ALL,udp,2607:f8b0:4004:c07::be,3183,397711,1561,229422,1622,168289
D4:F5:47:82:0E:C6,ALL,udp,2607:f8b0:4004:c08::5b,3512,426631,1722,241361,1790,185270
D4:F5:47:82:0E:C6,ALL,udp,2607:f8b0:4004:c08::5d,3431,420072,1689,239942,1742,180130
D4:F5:47:82:0E:C6,ALL,udp,2607:f8b0:4004:c08::5e,22,12450,11,2759,11,9691
D4:F5:47:82:0E:C6,ALL,udp,2607:f8b0:4004:c08::64,487,555932,89,14025,398,541907
D4:F5:47:82:0E:C6,ALL,udp,2607:f8b0:4004:c08::65,65,34420,35,24309,30,10111
D4:F5:47:82:0E:C6,ALL,udp,2607:f8b0:4004:c08::66,112,62663,57,36196,55,26467
D4:F5:47:82:0E:C6,ALL,udp,2607:f8b0:4004:c08::71,46,23647,25,16972,21,6675
D4:F5:47:82:0E:C6,ALL,udp,2607:f8b0:4004:c08::88,4834,1226276,2174,303614,2660,922662
D4:F5:47:82:0E:C6,ALL,udp,2607:f8b0:4004:c08::8a,39,21564,21,14729,18,6835
D4:F5:47:82:0E:C6,ALL,udp,2607:f8b0:4004:c08::8b,65,34413,35,24301,30,10112
D4:F5:47:82:0E:C6,ALL,udp,2607:f8b0:4004:c08::be,705,86363,348,49456,357,36907
D4:F5:47:82:0E:C6,ALL,udp,2607:f8b0:4004:c09::5b,4075,1134908,1799,252361,2276,882547
D4:F5:47:82:0E:C6,ALL,udp,2607:f8b0:4004:c09::5d,2204,270828,1083,153969,1121,116859
D4:F5:47:82:0E:C6,ALL,udp,2607:f8b0:4004:c09::88,688,85775,335,49212,353,36563
D4:F5:47:82:0E:C6,ALL,udp,2607:f8b0:4004:c09::be,4775,1217079,2143,297852,2632,919227
D4:F5:47:82:0E:C6,ALL,udp,2607:f8b0:4004:c0b::5b,3821,477647,1881,276019,1940,201628
D4:F5:47:82:0E:C6,ALL,udp,2607:f8b0:4004:c0b::5d,4636,575262,2284,331458,2352,243804
D4:F5:47:82:0E:C6,ALL,udp,2607:f8b0:4004:c0b::64,4119,3933977,1217,495557,2902,3438420
D4:F5:47:82:0E:C6,ALL,udp,2607:f8b0:4004:c0b::65,2611,2270611,892,452118,1719,1818493
D4:F5:47:82:0E:C6,ALL,udp,2607:f8b0:4004:c0b::66,4201,3997231,1227,544128,2974,3453103
D4:F5:47:82:0E:C6,ALL,udp,2607:f8b0:4004:c0b::71,3209,2883523,1029,518390,2180,2365133
D4:F5:47:82:0E:C6,ALL,udp,2607:f8b0:4004:c0b::88,4240,516619,2082,293862,2158,222757
D4:F5:47:82:0E:C6,ALL,udp,2607:f8b0:4004:c0b::8a,1731,1212590,767,479621,964,732969
D4:F5:47:82:0E:C6,ALL,udp,2607:f8b0:4004:c0b::8b,2467,1889012,976,556144,1491,1332868
D4:F5:47:82:0E:C6,ALL,udp,2607:f8b0:4004:c0b::be,2192,272548,1079,156336,1113,116212
D4:F5:47:82:0E:C6,ALL,udp,2607:f8b0:4004:c17::5b,1400,172137,689,98547,711,73590
D4:F5:47:82:0E:C6,ALL,udp,2607:f8b0:4004:c17::5d,3918,486495,1924,279831,1994,206664
D4:F5:47:82:0E:C6,ALL,udp,2607:f8b0:4004:c17::5e,16,8785,7,2345,9,6440
D4:F5:47:82:0E:C6,ALL,udp,2607:f8b0:4004:c17::64,21,10978,12,7540,9,3438
D4:F5:47:82:0E:C6,ALL,udp,2607:f8b0:4004:c17::88,3887,481821,1905,276467,1982,205354
D4:F5:47:82:0E:C6,ALL,udp,2607:f8b0:4004:c17::be,5076,614366,2494,348260,2582,266106
D4:F5:47:82:0E:C6,ALL,udp,2607:f8b0:4004:c19::5d,1362,167589,671,96203,691,71386
D4:F5:47:82:0E:C6,ALL,udp,2607:f8b0:4004:c19::64,244,131500,137,98344,107,33156
D4:F5:47:82:0E:C6,ALL,udp,2607:f8b0:4004:c19::65,623,616690,161,56476,462,560214
D4:F5:47:82:0E:C6,ALL,udp,2607:f8b0:4004:c19::66,225,116561,124,83023,101,33538
D4:F5:47:82:0E:C6,ALL,udp,2607:f8b0:4004:c19::71,195,103252,106,73034,89,30218
D4:F5:47:82:0E:C6,ALL,udp,2607:f8b0:4004:c19::88,6633,823121,3256,473260,3377,349861
D4:F5:47:82:0E:C6,ALL,udp,2607:f8b0:4004:c19::8a,642,634636,183,70145,459,564491
D4:F5:47:82:0E:C6,ALL,udp,2607:f8b0:4004:c19::8b,193,102967,104,72774,89,30193
D4:F5:47:82:0E:C6,ALL,udp,2607:f8b0:4004:c19::be,3105,390113,1521,225323,1584,164790
D4:F5:47:82:0E:C6,ALL,udp,2607:f8b0:4004:c1b::5b,3016,376327,1478,215972,1538,160355
D4:F5:47:82:0E:C6,ALL,udp,2607:f8b0:4004:c1b::5d,2573,317588,1260,181005,1313,136583
D4:F5:47:82:0E:C6,ALL,udp,2607:f8b0:4004:c1b::88,3563,1713877,1349,188152,2214,1525725
D4:F5:47:82:0E:C6,ALL,udp,2607:f8b0:4004:c1b::8a,536,576197,124,23916,412,552281
D4:F5:47:82:0E:C6,ALL,udp,2607:f8b0:4004:c1b::be,3149,1024432,1345,191273,1804,833159
D4:F5:47:82:0E:C6,ALL,udp,2607:f8b0:4004:c1d::5b,2963,372200,1452,213681,1511,158519
D4:F5:47:82:0E:C6,ALL,udp,2607:f8b0:4004:c1d::5d,2094,253709,1027,143416,1067,110293
D4:F5:47:82:0E:C6,ALL,udp,2607:f8b0:4004:c1d::64,1068,859568,408,226099,660,633469
D4:F5:47:82:0E:C6,ALL,udp,2607:f8b0:4004:c1d::65,468,245583,257,175058,211,70525
D4:F5:47:82:0E:C6,ALL,udp,2607:f8b0:4004:c1d::66,1458,1056900,613,374591,845,682309
D4:F5:47:82:0E:C6,ALL,udp,2607:f8b0:4004:c1d::71,2036,1965366,579,252991,1457,1712375
D4:F5:47:82:0E:C6,ALL,udp,2607:f8b0:4004:c1d::88,2276,281919,1119,160806,1157,121113
D4:F5:47:82:0E:C6,ALL,udp,2607:f8b0:4004:c1d::8a,1096,875870,422,233343,674,642527
D4:F5:47:82:0E:C6,ALL,udp,2607:f8b0:4004:c1d::8b,1029,837790,382,215231,647,622559
D4:F5:47:82:0E:C6,ALL,udp,2607:f8b0:4004:c1d::be,3444,424037,1695,243205,1749,180832
D4:F5:47:82:0E:C6,ALL,udp,2607:f8b0:4004:c1f::5b,727,89060,357,51001,370,38059
D4:F5:47:82:0E:C6,ALL,udp,2607:f8b0:4004:c1f::88,699,85913,344,49330,355,36583
D4:F5:47:82:0E:C6,ALL,udp,2607:f8b0:4004:c1f::8b,25,12678,13,9434,12,3244
D4:F5:47:82:0E:C6,ALL,udp,2607:f8b0:4004:c21::5b,3127,390214,1532,224033,1595,166181
D4:F5:47:82:0E:C6,ALL,udp,2607:f8b0:4004:c21::5d,2089,256657,1029,147227,1060,109430
D4:F5:47:82:0E:C6,ALL,udp,2607:f8b0:4004:c21::71,13,6470,6,3424,7,3046
D4:F5:47:82:0E:C6,ALL,udp,2607:f8b0:4004:c21::88,3177,389914,1561,221924,1616,167990
D4:F5:47:82:0E:C6,ALL,udp,2607:f8b0:4004:c21::8b,25,12675,13,9431,12,3244
D4:F5:47:82:0E:C6,ALL,udp,2607:f8b0:4004:c21::be,2724,967918,1141,156797,1583,811121
D4:F5:47:82:0E:C6,ALL,udp,2620:0:5301:2210:3016:245b:da55:a35f,9186,2410832,4933,1591133,4253,819699
D4:F5:47:82:0E:C6,ALL,udp,2620:0:5301:2210:4092:53e4:99d1:f108,1346,719595,829,602528,517,117067
D4:F5:47:82:0E:C6,ALL,udp,2620:0:5301:2210:454d:c193:462b:f71c,9242,2430177,4964,1598135,4278,832042
D4:F5:47:82:0E:C6,ALL,udp,2620:0:5301:2210:6010:9ee0:5b67:be83,10620,3282679,5865,2354708,4755,927971
D4:F5:47:82:0E:C6,ALL,udp,2620:0:5301:2210:6573:8e4:eb9a:9859,7712,2191702,4181,1505883,3531,685819
D4:F5:47:82:0E:C6,ALL,udp,2620:0:5301:2210:693b:8b81:cf03:2827,8658,2350766,4654,1569850,4004,780916
D4:F5:47:82:0E:C6,ALL,udp,2620:0:5301:2210:70c5:157:452d:dda3,8889,1860904,4631,1053925,4258,806979
D4:F5:47:82:0E:C6,ALL,udp,2620:0:5301:2210:80b1:357e:1b3:bfd5,10837,3322651,5968,2368827,4869,953824
D4:F5:47:82:0E:C6,ALL,udp,2620:0:5301:2210:8d39:66f:bc49:2ff6,10781,3307303,5947,2363131,4834,944172
D4:F5:47:82:0E:C6,ALL,udp,2620:0:5301:2210:b010:d685:69e4:60c0,14,19488,0,0,14,19488
D4:F5:47:82:0E:C6,ALL,udp,2620:0:5301:2210:b5c8:8286:769:3923,10071,2703783,5438,1809596,4633,894187
D4:F5:47:82:0E:C6,ALL,udp,2620:0:5301:2210:b9e1:9db5:574d:b199,10629,3290895,5873,2356177,4756,934718
D4:F5:47:82:0E:C6,ALL,udp,2620:0:5301:2210:c12c:20c:fc53:6554,8368,2282945,4484,1542777,3884,740168
D4:F5:47:82:0E:C6,ALL,udp,2620:0:5301:2210:cd8f:5ea7:debe:72d7,7719,2189225,4195,1502302,3524,686923
D4:F5:47:82:0E:C6,ALL,udp,2620:0:5301:2210:d0eb:819c:7193:74f7,8642,2494598,4715,1721778,3927,772820
D4:F5:47:82:0E:C6,ALL,udp,2620:0:5301:2210:d837:4265:fcf4:a374,562,587490,427,553288,135,34202
D4:F5:47:82:0E:C6,ALL,udp,2620:0:5301:2210:d84e:e842:57fc:6dca,9877,2512386,5283,1642459,4594,869927
D4:F5:47:82:0E:C6,ALL,udp,2620:0:5301:2210:e034:d9d7:cb13:bab9,10602,3272431,5862,2356043,4740,916388
D4:F5:47:82:0E:C6,ALL,udp,2620:0:5301:2210:e047:f8ff:c884:fa0a,4045,648221,2033,248515,2012,399706
D4:F5:47:82:0E:C6,ALL,udp,2620:0:5301:2210:ec0c:3098:c2aa:81aa,1495,739290,902,609577,593,129713
D4:F5:47:82:0E:C6,ALL,tcp,2607:f8b0:4004:c06::5b,60,11144,36,5744,24,5400
D4:F5:47:82:0E:C6,ALL,tcp,2607:f8b0:4004:c06::5d,75,13930,45,7180,30,6750
D4:F5:47:82:0E:C6,ALL,tcp,2607:f8b0:4004:c06::5f,1481,528058,822,263106,659,264952
D4:F5:47:82:0E:C6,ALL,tcp,2607:f8b0:4004:c06::66,34,12758,19,3100,15,9658
D4:F5:47:82:0E:C6,ALL,tcp,2607:f8b0:4004:c06::88,107,19674,64,10138,43,9536
D4:F5:47:82:0E:C6,ALL,tcp,2607:f8b0:4004:c06::bc,871,100364,442,40723,429,59641
D4:F5:47:82:0E:C6,ALL,tcp,2607:f8b0:4004:c06::be,109,19846,65,10224,44,9622
D4:F5:47:82:0E:C6,ALL,tcp,2607:f8b0:4004:c07::5b,47,8530,28,4394,19,4136
D4:F5:47:82:0E:C6,ALL,tcp,2607:f8b0:4004:c07::5d,105,19502,63,10052,42,9450
D4:F5:47:82:0E:C6,ALL,tcp,2607:f8b0:4004:c07::5e,411,312272,226,28018,185,284254
D4:F5:47:82:0E:C6,ALL,tcp,2607:f8b0:4004:c07::5f,1021,340977,549,175986,472,164991
D4:F5:47:82:0E:C6,ALL,tcp,2607:f8b0:4004:c07::64,62,16814,34,5056,28,11758
D4:F5:47:82:0E:C6,ALL,tcp,2607:f8b0:4004:c07::88,249,371991,168,28417,81,343574
D4:F5:47:82:0E:C6,ALL,tcp,2607:f8b0:4004:c07::8b,28,4025,15,1956,13,2069
D4:F5:47:82:0E:C6,ALL,tcp,2607:f8b0:4004:c07::bc,10817,1039190,5434,479939,5383,559251
D4:F5:47:82:0E:C6,ALL,tcp,2607:f8b0:4004:c07::be,64,11488,38,5916,26,5572
D4:F5:47:82:0E:C6,ALL,tcp,2607:f8b0:4004:c08::5b,60,11144,36,5744,24,5400
D4:F5:47:82:0E:C6,ALL,tcp,2607:f8b0:4004:c08::5d,77,14102,46,7266,31,6836
D4:F5:47:82:0E:C6,ALL,tcp,2607:f8b0:4004:c08::5e,276,147135,153,19744,123,127391
D4:F5:47:82:0E:C6,ALL,tcp,2607:f8b0:4004:c08::5f,885,342804,491,161777,394,181027
D4:F5:47:82:0E:C6,ALL,tcp,2607:f8b0:4004:c08::65,56,8050,30,3912,26,4138
D4:F5:47:82:0E:C6,ALL,tcp,2607:f8b0:4004:c08::66,394,582251,276,40221,118,542030
D4:F5:47:82:0E:C6,ALL,tcp,2607:f8b0:4004:c08::71,28,4025,15,1956,13,2069
D4:F5:47:82:0E:C6,ALL,tcp,2607:f8b0:4004:c08::88,277,377420,157,28792,120,348628
D4:F5:47:82:0E:C6,ALL,tcp,2607:f8b0:4004:c08::8a,28,4025,15,1956,13,2069
D4:F5:47:82:0E:C6,ALL,tcp,2607:f8b0:4004:c08::8b,56,8050,30,3912,26,4138
D4:F5:47:82:0E:C6,ALL,tcp,2607:f8b0:4004:c08::bc,7956,775762,4000,355049,3956,420713
D4:F5:47:82:0E:C6,ALL,tcp,2607:f8b0:4004:c08::be,15,2786,9,1436,6,1350
D4:F5:47:82:0E:C6,ALL,tcp,2607:f8b0:4004:c09::5b,298,377797,200,31854,98,345943
D4:F5:47:82:0E:C6,ALL,tcp,2607:f8b0:4004:c09::5d,45,8358,27,4308,18,4050
D4:F5:47:82:0E:C6,ALL,tcp,2607:f8b0:4004:c09::5e,45,7565,25,3917,20,3648
D4:F5:47:82:0E:C6,ALL,tcp,2607:f8b0:4004:c09::5f,1302,474437,751,222737,551,251700
D4:F5:47:82:0E:C6,ALL,tcp,2607:f8b0:4004:c09::88,15,2786,9,1436,6,1350
D4:F5:47:82:0E:C6,ALL,tcp,2607:f8b0:4004:c09::bc,5758,559892,2894,257488,2864,302404
D4:F5:47:82:0E:C6,ALL,tcp,2607:f8b0:4004:c09::be,279,377572,174,30262,105,347310
D4:F5:47:82:0E:C6,ALL,tcp,2607:f8b0:4004:c0b::5b,90,16716,54,8616,36,8100
D4:F5:47:82:0E:C6,ALL,tcp,2607:f8b0:4004:c0b::5d,107,19674,64,10138,43,9536
D4:F5:47:82:0E:C6,ALL,tcp,2607:f8b0:4004:c0b::5f,1403,520602,779,275052,624,245550
D4:F5:47:82:0E:C6,ALL,tcp,2607:f8b0:4004:c0b::64,1176,692763,681,93024,495,599739
D4:F5:47:82:0E:C6,ALL,tcp,2607:f8b0:4004:c0b::65,1794,1348231,1079,156023,715,1192208
D4:F5:47:82:0E:C6,ALL,tcp,2607:f8b0:4004:c0b::66,765,121978,418,58193,347,63785
D4:F5:47:82:0E:C6,ALL,tcp,2607:f8b0:4004:c0b::71,1142,702649,718,97790,424,604859
D4:F5:47:82:0E:C6,ALL,tcp,2607:f8b0:4004:c0b::88,75,13930,45,7180,30,6750
D4:F5:47:82:0E:C6,ALL,tcp,2607:f8b0:4004:c0b::8a,925,154331,501,71592,424,82739
D4:F5:47:82:0E:C6,ALL,tcp,2607:f8b0:4004:c0b::8b,1926,1311330,1167,147115,759,1164215
D4:F5:47:82:0E:C6,ALL,tcp,2607:f8b0:4004:c0b::bc,835,81083,420,37410,415,43673
D4:F5:47:82:0E:C6,ALL,tcp,2607:f8b0:4004:c0b::be,45,8358,27,4308,18,4050
D4:F5:47:82:0E:C6,ALL,tcp,2607:f8b0:4004:c17::5b,30,5572,18,2872,12,2700
D4:F5:47:82:0E:C6,ALL,tcp,2607:f8b0:4004:c17::5d,92,16888,55,8702,37,8186
D4:F5:47:82:0E:C6,ALL,tcp,2607:f8b0:4004:c17::5e,15,2800,9,1450,6,1350
D4:F5:47:82:0E:C6,ALL,tcp,2607:f8b0:4004:c17::5f,1542,558594,862,268407,680,290187
D4:F5:47:82:0E:C6,ALL,tcp,2607:f8b0:4004:c17::64,198,67908,110,17492,88,50416
D4:F5:47:82:0E:C6,ALL,tcp,2607:f8b0:4004:c17::65,202,76442,114,18600,88,57842
D4:F5:47:82:0E:C6,ALL,tcp,2607:f8b0:4004:c17::66,68,25519,38,6200,30,19319
D4:F5:47:82:0E:C6,ALL,tcp,2607:f8b0:4004:c17::71,68,25518,38,6200,30,19318
D4:F5:47:82:0E:C6,ALL,tcp,2607:f8b0:4004:c17::88,92,16888,55,8702,37,8186
D4:F5:47:82:0E:C6,ALL,tcp,2607:f8b0:4004:c17::8a,335,127208,192,31196,143,96012
D4:F5:47:82:0E:C6,ALL,tcp,2607:f8b0:4004:c17::8b,236,89148,134,21798,102,67350
D4:F5:47:82:0E:C6,ALL,tcp,2607:f8b0:4004:c17::94,176,50402,97,14582,79,35820
D4:F5:47:82:0E:C6,ALL,tcp,2607:f8b0:4004:c17::95,66,19769,37,5678,29,14091
D4:F5:47:82:0E:C6,ALL,tcp,2607:f8b0:4004:c17::bc,4866,575636,2465,227971,2401,347665
D4:F5:47:82:0E:C6,ALL,tcp,2607:f8b0:4004:c17::be,113,20190,67,10396,46,9794
D4:F5:47:82:0E:C6,ALL,tcp,2607:f8b0:4004:c19::5d,32,5744,19,2958,13,2786
D4:F5:47:82:0E:C6,ALL,tcp,2607:f8b0:4004:c19::5f,1358,477121,759,225751,599,251370
D4:F5:47:82:0E:C6,ALL,tcp,2607:f8b0:4004:c19::64,146,20649,79,10116,67,10533
D4:F5:47:82:0E:C6,ALL,tcp,2607:f8b0:4004:c19::65,84,12075,45,5868,39,6207
D4:F5:47:82:0E:C6,ALL,tcp,2607:f8b0:4004:c19::66,196,28175,105,13692,91,14483
D4:F5:47:82:0E:C6,ALL,tcp,2607:f8b0:4004:c19::71,704,591111,410,43479,294,547632
D4:F5:47:82:0E:C6,ALL,tcp,2607:f8b0:4004:c19::88,154,28204,92,14532,62,13672
D4:F5:47:82:0E:C6,ALL,tcp,2607:f8b0:4004:c19::8a,155,22915,84,11220,71,11695
D4:F5:47:82:0E:C6,ALL,tcp,2607:f8b0:4004:c19::8b,169,31799,91,12460,78,19339
D4:F5:47:82:0E:C6,ALL,tcp,2607:f8b0:4004:c19::bc,19068,1834119,9575,847959,9493,986160
D4:F5:47:82:0E:C6,ALL,tcp,2607:f8b0:4004:c19::be,79,14274,47,7352,32,6922
D4:F5:47:82:0E:C6,ALL,tcp,2607:f8b0:4004:c1b::5b,77,14102,46,7266,31,6836
D4:F5:47:82:0E:C6,ALL,tcp,2607:f8b0:4004:c1b::5d,60,11144,36,5744,24,5400
D4:F5:47:82:0E:C6,ALL,tcp,2607:f8b0:4004:c1b::5e,2040,485197,1352,334440,688,150757
D4:F5:47:82:0E:C6,ALL,tcp,2607:f8b0:4004:c1b::5f,1651,667977,904,366590,747,301387
D4:F5:47:82:0E:C6,ALL,tcp,2607:f8b0:4004:c1b::65,69,25644,39,6298,30,19346
D4:F5:47:82:0E:C6,ALL,tcp,2607:f8b0:4004:c1b::66,34,12770,19,3112,15,9658
D4:F5:47:82:0E:C6,ALL,tcp,2607:f8b0:4004:c1b::71,69,25601,38,6200,31,19401
D4:F5:47:82:0E:C6,ALL,tcp,2607:f8b0:4004:c1b::88,462,736214,297,50839,165,685375
D4:F5:47:82:0E:C6,ALL,tcp,2607:f8b0:4004:c1b::8a,61,16698,34,5056,27,11642
D4:F5:47:82:0E:C6,ALL,tcp,2607:f8b0:4004:c1b::8b,102,38306,58,9386,44,28920
D4:F5:47:82:0E:C6,ALL,tcp,2607:f8b0:4004:c1b::bc,4600,459402,2330,207242,2270,252160
D4:F5:47:82:0E:C6,ALL,tcp,2607:f8b0:4004:c1b::be,252,372426,156,27423,96,345003
D4:F5:47:82:0E:C6,ALL,tcp,2607:f8b0:4004:c1d::5b,77,14102,46,7266,31,6836
D4:F5:47:82:0E:C6,ALL,tcp,2607:f8b0:4004:c1d::5d,30,5572,18,2872,12,2700
D4:F5:47:82:0E:C6,ALL,tcp,2607:f8b0:4004:c1d::5f,763,267004,426,117943,337,149061
D4:F5:47:82:0E:C6,ALL,tcp,2607:f8b0:4004:c1d::64,520,81689,279,36632,241,45057
D4:F5:47:82:0E:C6,ALL,tcp,2607:f8b0:4004:c1d::65,378,58255,202,29978,176,28277
D4:F5:47:82:0E:C6,ALL,tcp,2607:f8b0:4004:c1d::66,532,76487,285,37176,247,39311
D4:F5:47:82:0E:C6,ALL,tcp,2607:f8b0:4004:c1d::71,574,117414,314,47486,260,69928
D4:F5:47:82:0E:C6,ALL,tcp,2607:f8b0:4004:c1d::88,60,11144,36,5744,24,5400
D4:F5:47:82:0E:C6,ALL,tcp,2607:f8b0:4004:c1d::8a,929,650590,554,73470,375,577120
D4:F5:47:82:0E:C6,ALL,tcp,2607:f8b0:4004:c1d::8b,295,43040,159,21000,136,22040
D4:F5:47:82:0E:C6,ALL,tcp,2607:f8b0:4004:c1d::bc,6845,721690,3454,311662,3391,410028
D4:F5:47:82:0E:C6,ALL,tcp,2607:f8b0:4004:c1d::be,77,14102,46,7266,31,6836
D4:F5:47:82:0E:C6,ALL,tcp,2607:f8b0:4004:c1f::5b,15,2786,9,1436,6,1350
D4:F5:47:82:0E:C6,ALL,tcp,2607:f8b0:4004:c1f::5f,38,13256,23,5815,15,7441
D4:F5:47:82:0E:C6,ALL,tcp,2607:f8b0:4004:c1f::88,15,2786,9,1436,6,1350
D4:F5:47:82:0E:C6,ALL,tcp,2607:f8b0:4004:c1f::bc,1121,121971,565,51353,556,70618
D4:F5:47:82:0E:C6,ALL,tcp,2607:f8b0:4004:c21::5b,75,13930,45,7180,30,6750
D4:F5:47:82:0E:C6,ALL,tcp,2607:f8b0:4004:c21::5d,45,8358,27,4308,18,4050
D4:F5:47:82:0E:C6,ALL,tcp,2607:f8b0:4004:c21::5f,624,230908,358,109576,266,121332
D4:F5:47:82:0E:C6,ALL,tcp,2607:f8b0:4004:c21::65,35,12845,20,3186,15,9659
D4:F5:47:82:0E:C6,ALL,tcp,2607:f8b0:4004:c21::88,79,14274,47,7352,32,6922
D4:F5:47:82:0E:C6,ALL,tcp,2607:f8b0:4004:c21::8a,34,12758,19,3100,15,9658
D4:F5:47:82:0E:C6,ALL,tcp,2607:f8b0:4004:c21::8b,32,12587,19,3100,13,9487
D4:F5:47:82:0E:C6,ALL,tcp,2607:f8b0:4004:c21::95,38,10351,20,2968,18,7383
D4:F5:47:82:0E:C6,ALL,tcp,2607:f8b0:4004:c21::bc,3692,321100,1847,160636,1845,160464
D4:F5:47:82:0E:C6,ALL,tcp,2607:f8b0:4004:c21::be,230,365018,129,24404,101,340614
D4:F5:47:82:0E:C6,ALL,tcp,2620:0:5301:2210:3016:245b:da55:a35f,14081,2792089,5518,1015230,8563,1776859
D4:F5:47:82:0E:C6,ALL,tcp,2620:0:5301:2210:4092:53e4:99d1:f108,3215,703485,1226,266042,1989,437443
D4:F5:47:82:0E:C6,ALL,tcp,2620:0:5301:2210:454d:c193:462b:f71c,16238,3302383,6236,1167667,10002,2134716
D4:F5:47:82:0E:C6,ALL,tcp,2620:0:5301:2210:5447:ac25:6682:e076,10732,2735501,4695,1695403,6037,1040098
D4:F5:47:82:0E:C6,ALL,tcp,2620:0:5301:2210:6010:9ee0:5b67:be83,12325,3050359,5238,1777014,7087,1273345
D4:F5:47:82:0E:C6,ALL,tcp,2620:0:5301:2210:6573:8e4:eb9a:9859,11760,2335979,4614,852138,7146,1483841
D4:F5:47:82:0E:C6,ALL,tcp,2620:0:5301:2210:693b:8b81:cf03:2827,13361,2660536,5252,982780,8109,1677756
D4:F5:47:82:0E:C6,ALL,tcp,2620:0:5301:2210:70c5:157:452d:dda3,10353,1688145,4433,669864,5920,1018281
D4:F5:47:82:0E:C6,ALL,tcp,2620:0:5301:2210:80b1:357e:1b3:bfd5,11523,3090759,4780,1801709,6743,1289050
D4:F5:47:82:0E:C6,ALL,tcp,2620:0:5301:2210:8d39:66f:bc49:2ff6,12443,3043957,5233,1773817,7210,1270140
D4:F5:47:82:0E:C6,ALL,tcp,2620:0:5301:2210:b010:d685:69e4:60c0,37,5042,13,1682,24,3360
D4:F5:47:82:0E:C6,ALL,tcp,2620:0:5301:2210:b5c8:8286:769:3923,11020,2953377,4582,1731607,6438,1221770
D4:F5:47:82:0E:C6,ALL,tcp,2620:0:5301:2210:b9e1:9db5:574d:b199,11078,2962847,4623,1739368,6455,1223479
D4:F5:47:82:0E:C6,ALL,tcp,2620:0:5301:2210:c12c:20c:fc53:6554,11349,2209894,4524,826766,6825,1383128
D4:F5:47:82:0E:C6,ALL,tcp,2620:0:5301:2210:cd8f:5ea7:debe:72d7,11261,2047733,4653,793668,6608,1254065
D4:F5:47:82:0E:C6,ALL,tcp,2620:0:5301:2210:d0eb:819c:7193:74f7,9389,2663956,3899,1617077,5490,1046879
D4:F5:47:82:0E:C6,ALL,tcp,2620:0:5301:2210:d837:4265:fcf4:a374,1551,356231,595,141786,956,214445
D4:F5:47:82:0E:C6,ALL,tcp,2620:0:5301:2210:d84e:e842:57fc:6dca,14176,2814789,5562,1036482,8614,1778307
D4:F5:47:82:0E:C6,ALL,tcp,2620:0:5301:2210:e034:d9d7:cb13:bab9,12586,3101100,5318,1829985,7268,1271115
D4:F5:47:82:0E:C6,ALL,tcp,2620:0:5301:2210:e047:f8ff:c884:fa0a,13448,3350249,4982,1485792,8466,1864457
D4:F5:47:82:0E:C6,ALL,tcp,2620:0:5301:2210:ec0c:3098:c2aa:81aa,3777,777759,1463,285040,2314,492719
D4:F5:47:82:0E:C6,ALL,tcp,fe80::d6f5:47ff:fe82:ec6,2,188,0,0,2,188
D4:F5:47:82:0E:C6,ALL,tls,2607:f8b0:4004:c06::5b,24,18432,12,8872,12,9560
D4:F5:47:82:0E:C6,ALL,tls,2607:f8b0:4004:c06::5d,32,25824,16,12482,16,13342
D4:F5:47:82:0E:C6,ALL,tls,2607:f8b0:4004:c06::5e,145,106092,77,32936,68,73156
D4:F5:47:82:0E:C6,ALL,tls,2607:f8b0:4004:c06::5f,680,385260,324,149006,356,236254
D4:F5:47:82:0E:C6,ALL,tls,2607:f8b0:4004:c06::66,16,11194,9,2232,7,8962
D4:F5:47:82:0E:C6,ALL,tls,2607:f8b0:4004:c06::88,42,32256,21,15526,21,16730
D4:F5:47:82:0E:C6,ALL,tls,2607:f8b0:4004:c06::bc,46,29366,20,4407,26,24959
D4:F5:47:82:0E:C6,ALL,tls,2607:f8b0:4004:c06::be,42,32256,21,15526,21,16730
D4:F5:47:82:0E:C6,ALL,tls,2607:f8b0:4004:c07::5b,18,13824,9,6654,9,7170
D4:F5:47:82:0E:C6,ALL,tls,2607:f8b0:4004:c07::5d,42,32256,21,15526,21,16730
D4:F5:47:82:0E:C6,ALL,tls,2607:f8b0:4004:c07::5e,170,291434,42,12138,128,279296
D4:F5:47:82:0E:C6,ALL,tls,2607:f8b0:4004:c07::5f,475,246801,241,102406,234,144395
D4:F5:47:82:0E:C6,ALL,tls,2607:f8b0:4004:c07::64,25,16224,12,4454,13,11770
D4:F5:47:82:0E:C6,ALL,tls,2607:f8b0:4004:c07::65,2,2784,1,1392,1,1392
D4:F5:47:82:0E:C6,ALL,tls,2607:f8b0:4004:c07::88,83,363815,22,16769,61,347046
D4:F5:47:82:0E:C6,ALL,tls,2607:f8b0:4004:c07::8b,10,7697,4,3614,6,4083
D4:F5:47:82:0E:C6,ALL,tls,2607:f8b0:4004:c07::bc,442,144388,204,30079,238,114309
D4:F5:47:82:0E:C6,ALL,tls,2607:f8b0:4004:c07::be,26,21216,13,10264,13,10952
D4:F5:47:82:0E:C6,ALL,tls,2607:f8b0:4004:c08::5b,26,21216,13,10264,13,10952
D4:F5:47:82:0E:C6,ALL,tls,2607:f8b0:4004:c08::5d,30,23040,15,11090,15,11950
D4:F5:47:82:0E:C6,ALL,tls,2607:f8b0:4004:c08::5e,107,135117,37,11026,70,124091
D4:F5:47:82:0E:C6,ALL,tls,2607:f8b0:4004:c08::5f,405,264336,170,97111,235,167225
D4:F5:47:82:0E:C6,ALL,tls,2607:f8b0:4004:c08::64,2,2784,1,1392,1,1392
D4:F5:47:82:0E:C6,ALL,tls,2607:f8b0:4004:c08::65,18,12610,7,5836,11,6774
D4:F5:47:82:0E:C6,ALL,tls,2607:f8b0:4004:c08::66,115,569853,28,23971,87,545882
D4:F5:47:82:0E:C6,ALL,tls,2607:f8b0:4004:c08::71,10,7697,4,3614,6,4083
D4:F5:47:82:0E:C6,ALL,tls,2607:f8b0:4004:c08::88,115,374780,28,21202,87,353578
D4:F5:47:82:0E:C6,ALL,tls,2607:f8b0:4004:c08::8a,10,7697,4,3614,6,4083
D4:F5:47:82:0E:C6,ALL,tls,2607:f8b0:4004:c08::8b,18,12610,7,5836,11,6774
D4:F5:47:82:0E:C6,ALL,tls,2607:f8b0:4004:c08::bc,366,116838,169,25511,197,91327
D4:F5:47:82:0E:C6,ALL,tls,2607:f8b0:4004:c08::be,6,4608,3,2218,3,2390
D4:F5:47:82:0E:C6,ALL,tls,2607:f8b0:4004:c09::5b,93,366435,25,18998,68,347437
D4:F5:47:82:0E:C6,ALL,tls,2607:f8b0:4004:c09::5d,18,13824,9,6654,9,7170
D4:F5:47:82:0E:C6,ALL,tls,2607:f8b0:4004:c09::5e,15,4977,8,2463,7,2514
D4:F5:47:82:0E:C6,ALL,tls,2607:f8b0:4004:c09::5f,573,369055,258,137883,315,231172
D4:F5:47:82:0E:C6,ALL,tls,2607:f8b0:4004:c09::88,6,4608,3,2218,3,2390
D4:F5:47:82:0E:C6,ALL,tls,2607:f8b0:4004:c09::bc,280,86256,132,19900,148,66356
D4:F5:47:82:0E:C6,ALL,tls,2607:f8b0:4004:c09::be,101,373556,28,21210,73,352346
D4:F5:47:82:0E:C6,ALL,tls,2607:f8b0:4004:c0b::5b,36,27648,18,13308,18,14340
D4:F5:47:82:0E:C6,ALL,tls,2607:f8b0:4004:c0b::5d,42,32256,21,15526,21,16730
D4:F5:47:82:0E:C6,ALL,tls,2607:f8b0:4004:c0b::5f,628,371136,293,150640,335,220496
D4:F5:47:82:0E:C6,ALL,tls,2607:f8b0:4004:c0b::64,404,769643,132,115850,272,653793
D4:F5:47:82:0E:C6,ALL,tls,2607:f8b0:4004:c0b::65,587,1372013,185,142219,402,1229794
D4:F5:47:82:0E:C6,ALL,tls,2607:f8b0:4004:c0b::66,295,243354,122,113485,173,129869
D4:F5:47:82:0E:C6,ALL,tls,2607:f8b0:4004:c0b::71,376,785378,138,121766,238,663612
D4:F5:47:82:0E:C6,ALL,tls,2607:f8b0:4004:c0b::88,32,25824,16,12482,16,13342
D4:F5:47:82:0E:C6,ALL,tls,2607:f8b0:4004:c0b::8a,327,251379,132,112494,195,138885
D4:F5:47:82:0E:C6,ALL,tls,2607:f8b0:4004:c0b::8b,609,1375204,178,148967,431,1226237
D4:F5:47:82:0E:C6,ALL,tls,2607:f8b0:4004:c0b::bc,46,13213,22,3174,24,10039
D4:F5:47:82:0E:C6,ALL,tls,2607:f8b0:4004:c0b::be,18,13824,9,6654,9,7170
D4:F5:47:82:0E:C6,ALL,tls,2607:f8b0:4004:c17::5b,12,9216,6,4436,6,4780
D4:F5:47:82:0E:C6,ALL,tls,2607:f8b0:4004:c17::5d,36,27648,18,13308,18,14340
D4:F5:47:82:0E:C6,ALL,tls,2607:f8b0:4004:c17::5e,6,4622,3,2232,3,2390
D4:F5:47:82:0E:C6,ALL,tls,2607:f8b0:4004:c17::5f,715,425840,326,160943,389,264897
D4:F5:47:82:0E:C6,ALL,tls,2607:f8b0:4004:c17::64,90,58732,48,13418,42,45314
D4:F5:47:82:0E:C6,ALL,tls,2607:f8b0:4004:c17::65,98,67402,54,13392,44,54010
D4:F5:47:82:0E:C6,ALL,tls,2607:f8b0:4004:c17::66,32,22391,18,4464,14,17927
D4:F5:47:82:0E:C6,ALL,tls,2607:f8b0:4004:c17::71,32,21182,18,4464,14,16718
D4:F5:47:82:0E:C6,ALL,tls,2607:f8b0:4004:c17::88,36,27648,18,13308,18,14340
D4:F5:47:82:0E:C6,ALL,tls,2607:f8b0:4004:c17::8a,160,105927,90,22344,70,83583
D4:F5:47:82:0E:C6,ALL,tls,2607:f8b0:4004:c17::8b,112,74748,63,15636,49,59112
D4:F5:47:82:0E:C6,ALL,tls,2607:f8b0:4004:c17::94,62,39904,30,8780,32,31124
D4:F5:47:82:0E:C6,ALL,tls,2607:f8b0:4004:c17::95,26,16297,12,3512,14,12785
D4:F5:47:82:0E:C6,ALL,tls,2607:f8b0:4004:c17::bc,303,163606,129,26927,174,136679
D4:F5:47:82:0E:C6,ALL,tls,2607:f8b0:4004:c17::be,42,32256,21,15526,21,16730
D4:F5:47:82:0E:C6,ALL,tls,2607:f8b0:4004:c19::5d,12,9216,6,4436,6,4780
D4:F5:47:82:0E:C6,ALL,tls,2607:f8b0:4004:c19::5f,610,355641,286,128137,324,227504
D4:F5:47:82:0E:C6,ALL,tls,2607:f8b0:4004:c19::64,51,39877,21,19462,30,20415
D4:F5:47:82:0E:C6,ALL,tls,2607:f8b0:4004:c19::65,30,23091,12,10842,18,12249
D4:F5:47:82:0E:C6,ALL,tls,2607:f8b0:4004:c19::66,62,42743,24,19730,38,23013
D4:F5:47:82:0E:C6,ALL,tls,2607:f8b0:4004:c19::71,266,575067,28,20481,238,554586
D4:F5:47:82:0E:C6,ALL,tls,2607:f8b0:4004:c19::88,60,46080,30,22180,30,23900
D4:F5:47:82:0E:C6,ALL,tls,2607:f8b0:4004:c19::8a,48,31961,19,14724,29,17237
D4:F5:47:82:0E:C6,ALL,tls,2607:f8b0:4004:c19::8b,62,44849,26,18576,36,26273
D4:F5:47:82:0E:C6,ALL,tls,2607:f8b0:4004:c19::bc,860,252239,402,58937,458,193302
D4:F5:47:82:0E:C6,ALL,tls,2607:f8b0:4004:c19::be,30,23040,15,11090,15,11950
D4:F5:47:82:0E:C6,ALL,tls,2607:f8b0:4004:c1b::5b,30,23040,15,11090,15,11950
D4:F5:47:82:0E:C6,ALL,tls,2607:f8b0:4004:c1b::5d,24,18432,12,8872,12,9560
D4:F5:47:82:0E:C6,ALL,tls,2607:f8b0:4004:c1b::5e,14,9665,6,1524,8,8141
D4:F5:47:82:0E:C6,ALL,tls,2607:f8b0:4004:c1b::5f,756,468483,339,196956,417,271527
D4:F5:47:82:0E:C6,ALL,tls,2607:f8b0:4004:c1b::65,33,22516,18,4476,15,18040
D4:F5:47:82:0E:C6,ALL,tls,2607:f8b0:4004:c1b::66,16,7582,9,2244,7,5338
D4:F5:47:82:0E:C6,ALL,tls,2607:f8b0:4004:c1b::71,32,21179,18,4464,14,16715
D4:F5:47:82:0E:C6,ALL,tls,2607:f8b0:4004:c1b::88,165,707656,32,24673,133,682983
D4:F5:47:82:0E:C6,ALL,tls,2607:f8b0:4004:c1b::8a,26,18892,13,5846,13,13046
D4:F5:47:82:0E:C6,ALL,tls,2607:f8b0:4004:c1b::8b,48,31792,27,6696,21,25096
D4:F5:47:82:0E:C6,ALL,tls,2607:f8b0:4004:c1b::bc,211,81852,95,14984,116,66868
D4:F5:47:82:0E:C6,ALL,tls,2607:f8b0:4004:c1b::be,93,366280,23,18321,70,347959
D4:F5:47:82:0E:C6,ALL,tls,2607:f8b0:4004:c1d::5b,30,23040,15,11090,15,11950
D4:F5:47:82:0E:C6,ALL,tls,2607:f8b0:4004:c1d::5d,14,12000,7,5828,7,6172
D4:F5:47:82:0E:C6,ALL,tls,2607:f8b0:4004:c1d::5f,343,210844,154,74639,189,136205
D4:F5:47:82:0E:C6,ALL,tls,2607:f8b0:4004:c1d::64,174,124973,69,54984,105,69989
D4:F5:47:82:0E:C6,ALL,tls,2607:f8b0:4004:c1d::65,130,90287,53,43058,77,47229
D4:F5:47:82:0E:C6,ALL,tls,2607:f8b0:4004:c1d::66,200,160163,81,75626,119,84537
D4:F5:47:82:0E:C6,ALL,tls,2607:f8b0:4004:c1d::71,198,147084,83,59858,115,87226
D4:F5:47:82:0E:C6,ALL,tls,2607:f8b0:4004:c1d::88,24,18432,12,8872,12,9560
D4:F5:47:82:0E:C6,ALL,tls,2607:f8b0:4004:c1d::8a,319,663474,79,66196,240,597278
D4:F5:47:82:0E:C6,ALL,tls,2607:f8b0:4004:c1d::8b,114,92718,47,43930,67,48788
D4:F5:47:82:0E:C6,ALL,tls,2607:f8b0:4004:c1d::bc,366,157024,164,28610,202,128414
D4:F5:47:82:0E:C6,ALL,tls,2607:f8b0:4004:c1d::be,30,23040,15,11090,15,11950
D4:F5:47:82:0E:C6,ALL,tls,2607:f8b0:4004:c1f::5b,6,4608,3,2218,3,2390
D4:F5:47:82:0E:C6,ALL,tls,2607:f8b0:4004:c1f::5f,16,11372,7,4455,9,6917
D4:F5:47:82:0E:C6,ALL,tls,2607:f8b0:4004:c1f::88,6,4608,3,2218,3,2390
D4:F5:47:82:0E:C6,ALL,tls,2607:f8b0:4004:c1f::8b,2,2784,1,1392,1,1392
D4:F5:47:82:0E:C6,ALL,tls,2607:f8b0:4004:c1f::bc,50,22569,22,4631,28,17938
D4:F5:47:82:0E:C6,ALL,tls,2607:f8b0:4004:c21::5b,30,23040,15,11090,15,11950
D4:F5:47:82:0E:C6,ALL,tls,2607:f8b0:4004:c21::5d,18,13824,9,6654,9,7170
D4:F5:47:82:0E:C6,ALL,tls,2607:f8b0:4004:c21::5f,276,176644,122,65040,154,111604
D4:F5:47:82:0E:C6,ALL,tls,2607:f8b0:4004:c21::65,16,11195,9,2232,7,8963
D4:F5:47:82:0E:C6,ALL,tls,2607:f8b0:4004:c21::71,2,2784,1,1392,1,1392
D4:F5:47:82:0E:C6,ALL,tls,2607:f8b0:4004:c21::88,30,23040,15,11090,15,11950
D4:F5:47:82:0E:C6,ALL,tls,2607:f8b0:4004:c21::8a,16,11194,9,2232,7,8962
D4:F5:47:82:0E:C6,ALL,tls,2607:f8b0:4004:c21::8b,18,13979,10,3624,8,10355
D4:F5:47:82:0E:C6,ALL,tls,2607:f8b0:4004:c21::95,13,8185,6,1756,7,6429
D4:F5:47:82:0E:C6,ALL,tls,2607:f8b0:4004:c21::bc,138,15456,69,7728,69,7728
D4:F5:47:82:0E:C6,ALL,tls,2607:f8b0:4004:c21::be,101,357428,19,14554,82,342874
D4:F5:47:82:0E:C6,ALL,tls,2620:0:5301:2210:3016:245b:da55:a35f,705,427501,386,265452,319,162049
D4:F5:47:82:0E:C6,ALL,tls,2620:0:5301:2210:4092:53e4:99d1:f108,182,129016,107,86387,75,42629
D4:F5:47:82:0E:C6,ALL,tls,2620:0:5301:2210:454d:c193:462b:f71c,712,430447,389,267011,323,163436
D4:F5:47:82:0E:C6,ALL,tls,2620:0:5301:2210:6010:9ee0:5b67:be83,1139,1514402,657,1267677,482,246725
D4:F5:47:82:0E:C6,ALL,tls,2620:0:5301:2210:6573:8e4:eb9a:9859,617,376704,340,231367,277,145337
D4:F5:47:82:0E:C6,ALL,tls,2620:0:5301:2210:693b:8b81:cf03:2827,729,440575,402,274449,327,166126
D4:F5:47:82:0E:C6,ALL,tls,2620:0:5301:2210:70c5:157:452d:dda3,600,339348,326,202259,274,137089
D4:F5:47:82:0E:C6,ALL,tls,2620:0:5301:2210:80b1:357e:1b3:bfd5,1263,1567871,753,1312431,510,255440
D4:F5:47:82:0E:C6,ALL,tls,2620:0:5301:2210:8d39:66f:bc49:2ff6,1118,1495656,651,1257882,467,237774
D4:F5:47:82:0E:C6,ALL,tls,2620:0:5301:2210:b010:d685:69e4:60c0,2,2784,0,0,2,2784
D4:F5:47:82:0E:C6,ALL,tls,2620:0:5301:2210:b5c8:8286:769:3923,1198,1530377,707,1279569,491,250808
D4:F5:47:82:0E:C6,ALL,tls,2620:0:5301:2210:b9e1:9db5:574d:b199,1217,1535528,717,1282859,500,252669
D4:F5:47:82:0E:C6,ALL,tls,2620:0:5301:2210:c12c:20c:fc53:6554,647,393309,355,243463,292,149846
D4:F5:47:82:0E:C6,ALL,tls,2620:0:5301:2210:cd8f:5ea7:debe:72d7,644,391999,357,243806,287,148193
D4:F5:47:82:0E:C6,ALL,tls,2620:0:5301:2210:d0eb:819c:7193:74f7,1056,1440799,618,1223608,438,217191
D4:F5:47:82:0E:C6,ALL,tls,2620:0:5301:2210:d837:4265:fcf4:a374,99,77832,59,53223,40,24609
D4:F5:47:82:0E:C6,ALL,tls,2620:0:5301:2210:d84e:e842:57fc:6dca,741,457637,409,288048,332,169589
D4:F5:47:82:0E:C6,ALL,tls,2620:0:5301:2210:e034:d9d7:cb13:bab9,1222,1555256,730,1317773,492,237483
D4:F5:47:82:0E:C6,ALL,tls,2620:0:5301:2210:e047:f8ff:c884:fa0a,635,786779,438,694220,197,92559
D4:F5:47:82:0E:C6,ALL,tls,2620:0:5301:2210:ec0c:3098:c2aa:81aa,149,108622,85,70077,64,38545
D4:F5:47:82:0E:C6,ALL,ntp,2001:4860:4806:4::,312,34320,156,17160,156,17160
D4:F5:47:82:0E:C6,ALL,ntp,2001:4860:4806:8::,400,44000,200,22000,200,22000
D4:F5:47:82:0E:C6,ALL,ntp,2001:4860:4806:c::,338,37180,169,18590,169,18590
D4:F5:47:82:0E:C6,ALL,ntp,2620:0:5301:2210:3016:245b:da55:a35f,92,10120,46,5060,46,5060
D4:F5:47:82:0E:C6,ALL,ntp,2620:0:5301:2210:4092:53e4:99d1:f108,14,1540,7,770,7,770
D4:F5:47:82:0E:C6,ALL,ntp,2620:0:5301:2210:454d:c193:462b:f71c,98,10780,49,5390,49,5390
D4:F5:47:82:0E:C6,ALL,ntp,2620:0:5301:2210:5447:ac25:6682:e076,96,10560,48,5280,48,5280
D4:F5:47:82:0E:C6,ALL,ntp,2620:0:5301:2210:6010:9ee0:5b67:be83,94,10340,47,5170,47,5170
D4:F5:47:82:0E:C6,ALL,ntp,2620:0:5301:2210:6573:8e4:eb9a:9859,76,8360,38,4180,38,4180
D4:F5:47:82:0E:C6,ALL,ntp,2620:0:5301:2210:693b:8b81:cf03:2827,86,9460,43,4730,43,4730
D4:F5:47:82:0E:C6,ALL,ntp,2620:0:5301:2210:70c5:157:452d:dda3,92,10120,46,5060,46,5060
D4:F5:47:82:0E:C6,ALL,ntp,2620:0:5301:2210:80b1:357e:1b3:bfd5,92,10120,46,5060,46,5060
D4:F5:47:82:0E:C6,ALL,ntp,2620:0:5301:2210:8d39:66f:bc49:2ff6,96,10560,48,5280,48,5280
D4:F5:47:82:0E:C6,ALL,ntp,2620:0:5301:2210:b5c8:8286:769:3923,94,10340,47,5170,47,5170
D4:F5:47:82:0E:C6,ALL,ntp,2620:0:5301:2210:b9e1:9db5:574d:b199,94,10340,47,5170,47,5170
D4:F5:47:82:0E:C6,ALL,ntp,2620:0:5301:2210:c12c:20c:fc53:6554,86,9460,43,4730,43,4730
D4:F5:47:82:0E:C6,ALL,ntp,2620:0:5301:2210:cd8f:5ea7:debe:72d7,78,8580,39,4290,39,4290
D4:F5:47:82:0E:C6,ALL,ntp,2620:0:5301:2210:d0eb:819c:7193:74f7,76,8360,38,4180,38,4180
D4:F5:47:82:0E:C6,ALL,ntp,2620:0:5301:2210:d837:4265:fcf4:a374,8,880,4,440,4,440
D4:F5:47:82:0E:C6,ALL,ntp,2620:0:5301:2210:d84e:e842:57fc:6dca,98,10780,49,5390,49,5390
D4:F5:47:82:0E:C6,ALL,ntp,2620:0:5301:2210:e034:d9d7:cb13:bab9,94,10340,47,5170,47,5170
D4:F5:47:82:0E:C6,ALL,ntp,2620:0:5301:2210:e047:f8ff:c884:fa0a,56,6160,28,3080,28,3080
D4:F5:47:82:0E:C6,ALL,ntp,2620:0:5301:2210:ec0c:3098:c2aa:81aa,18,1980,9,990,9,990
D4:F5:47:82:0E:C6,ALL,quic,2607:f8b0:4004:c06::5b,2803,344919,1379,197587,1424,147332
D4:F5:47:82:0E:C6,ALL,quic,2607:f8b0:4004:c06::5d,4136,507425,2035,290264,2101,217161
D4:F5:47:82:0E:C6,ALL,quic,2607:f8b0:4004:c06::5e,229,100839,124,49113,105,51726
D4:F5:47:82:0E:C6,ALL,quic,2607:f8b0:4004:c06::88,4424,549083,2182,316363,2242,232720
D4:F5:47:82:0E:C6,ALL,quic,2607:f8b0:4004:c06::be,4457,554196,2190,318417,2267,235779
D4:F5:47:82:0E:C6,ALL,quic,2607:f8b0:4004:c07::5b,2069,251555,1018,143128,1051,108427
D4:F5:47:82:0E:C6,ALL,quic,2607:f8b0:4004:c07::5d,4830,597071,2379,342429,2451,254642
D4:F5:47:82:0E:C6,ALL,quic,2607:f8b0:4004:c07::64,21,10974,12,7542,9,3432
D4:F5:47:82:0E:C6,ALL,quic,2607:f8b0:4004:c07::65,25,12682,13,9438,12,3244
D4:F5:47:82:0E:C6,ALL,quic,2607:f8b0:4004:c07::88,3447,1056724,1492,207539,1955,849185
D4:F5:47:82:0E:C6,ALL,quic,2607:f8b0:4004:c07::8b,44,23464,24,16877,20,6587
D4:F5:47:82:0E:C6,ALL,quic,2607:f8b0:4004:c07::be,3183,397711,1561,229422,1622,168289
D4:F5:47:82:0E:C6,ALL,quic,2607:f8b0:4004:c08::5b,3512,426631,1722,241361,1790,185270
D4:F5:47:82:0E:C6,ALL,quic,2607:f8b0:4004:c08::5d,3431,420072,1689,239942,1742,180130
D4:F5:47:82:0E:C6,ALL,quic,2607:f8b0:4004:c08::5e,22,12450,11,2759,11,9691
D4:F5:47:82:0E:C6,ALL,quic,2607:f8b0:4004:c08::64,487,555932,89,14025,398,541907
D4:F5:47:82:0E:C6,ALL,quic,2607:f8b0:4004:c08::65,65,34420,35,24309,30,10111
D4:F5:47:82:0E:C6,ALL,quic,2607:f8b0:4004:c08::66,112,62663,57,36196,55,26467
D4:F5:47:82:0E:C6,ALL,quic,2607:f8b0:4004:c08::71,46,23647,25,16972,21,6675
D4:F5:47:82:0E:C6,ALL,quic,2607:f8b0:4004:c08::88,4834,1226276,2174,303614,2660,922662
D4:F5:47:82:0E:C6,ALL,quic,2607:f8b0:4004:c08::8a,39,21564,21,14729,18,6835
D4:F5:47:82:0E:C6,ALL,quic,2607:f8b0:4004:c08::8b,65,34413,35,24301,30,10112
D4:F5:47:82:0E:C6,ALL,quic,2607:f8b0:4004:c08::be,705,86363,348,49456,357,36907
D4:F5:47:82:0E:C6,ALL,quic,2607:f8b0:4004:c09::5b,4075,1134908,1799,252361,2276,882547
D4:F5:47:82:0E:C6,ALL,quic,2607:f8b0:4004:c09::5d,2204,270828,1083,153969,1121,116859
D4:F5:47:82:0E:C6,ALL,quic,2607:f8b0:4004:c09::88,688,85775,335,49212,353,36563
D4:F5:47:82:0E:C6,ALL,quic,2607:f8b0:4004:c09::be,4775,1217079,2143,297852,2632,919227
D4:F5:47:82:0E:C6,ALL,quic,2607:f8b0:4004:c0b::5b,3821,477647,1881,276019,1940,201628
D4:F5:47:82:0E:C6,ALL,quic,2607:f8b0:4004:c0b::5d,4636,575262,2284,331458,2352,243804
D4:F5:47:82:0E:C6,ALL,quic,2607:f8b0:4004:c0b::64,4119,3933977,1217,495557,2902,3438420
D4:F5:47:82:0E:C6,ALL,quic,2607:f8b0:4004:c0b::65,2611,2270611,892,452118,1719,1818493
D4:F5:47:82:0E:C6,ALL,quic,2607:f8b0:4004:c0b::66,4201,3997231,1227,544128,2974,3453103
D4:F5:47:82:0E:C6,ALL,quic,2607:f8b0:4004:c0b::71,3209,2883523,1029,518390,2180,2365133
D4:F5:47:82:0E:C6,ALL,quic,2607:f8b0:4004:c0b::88,4240,516619,2082,293862,2158,222757
D4:F5:47:82:0E:C6,ALL,quic,2607:f8b0:4004:c0b::8a,1731,1212590,767,479621,964,732969
D4:F5:47:82:0E:C6,ALL,quic,2607:f8b0:4004:c0b::8b,2467,1889012,976,556144,1491,1332868
D4:F5:47:82:0E:C6,ALL,quic,2607:f8b0:4004:c0b::be,2192,272548,1079,156336,1113,116212
D4:F5:47:82:0E:C6,ALL,quic,2607:f8b0:4004:c17::5b,1400,172137,689,98547,711,73590
D4:F5:47:82:0E:C6,ALL,quic,2607:f8b0:4004:c17::5d,3918,486495,1924,279831,1994,206664
D4:F5:47:82:0E:C6,ALL,quic,2607:f8b0:4004:c17::5e,16,8785,7,2345,9,6440
D4:F5:47:82:0E:C6,ALL,quic,2607:f8b0:4004:c17::64,21,10978,12,7540,9,3438
D4:F5:47:82:0E:C6,ALL,quic,2607:f8b0:4004:c17::88,3887,481821,1905,276467,1982,205354
D4:F5:47:82:0E:C6,ALL,quic,2607:f8b0:4004:c17::be,4855,591265,2386,336305,2469,254960
D4:F5:47:82:0E:C6,ALL,quic,2607:f8b0:4004:c19::5d,1362,167589,671,96203,691,71386
D4:F5:47:82:0E:C6,ALL,quic,2607:f8b0:4004:c19::64,244,131500,137,98344,107,33156
D4:F5:47:82:0E:C6,ALL,quic,2607:f8b0:4004:c19::65,623,616690,161,56476,462,560214
D4:F5:47:82:0E:C6,ALL,quic,2607:f8b0:4004:c19::66,225,116561,124,83023,101,33538
D4:F5:47:82:0E:C6,ALL,quic,2607:f8b0:4004:c19::71,195,103252,106,73034,89,30218
D4:F5:47:82:0E:C6,ALL,quic,2607:f8b0:4004:c19::88,6633,823121,3256,473260,3377,349861
D4:F5:47:82:0E:C6,ALL,quic,2607:f8b0:4004:c19::8a,642,634636,183,70145,459,564491
D4:F5:47:82:0E:C6,ALL,quic,2607:f8b0:4004:c19::8b,193,102967,104,72774,89,30193
D4:F5:47:82:0E:C6,ALL,quic,2607:f8b0:4004:c19::be,3105,390113,1521,225323,1584,164790
D4:F5:47:82:0E:C6,ALL,quic,2607:f8b0:4004:c1b::5b,3016,376327,1478,215972,1538,160355
D4:F5:47:82:0E:C6,ALL,quic,2607:f8b0:4004:c1b::5d,2573,317588,1260,181005,1313,136583
D4:F5:47:82:0E:C6,ALL,quic,2607:f8b0:4004:c1b::88,3563,1713877,1349,188152,2214,1525725
D4:F5:47:82:0E:C6,ALL,quic,2607:f8b0:4004:c1b::8a,536,576197,124,23916,412,552281
D4:F5:47:82:0E:C6,ALL,quic,2607:f8b0:4004:c1b::be,3149,1024432,1345,191273,1804,833159
D4:F5:47:82:0E:C6,ALL,quic,2607:f8b0:4004:c1d::5b,2963,372200,1452,213681,1511,158519
D4:F5:47:82:0E:C6,ALL,quic,2607:f8b0:4004:c1d::5d,2094,253709,1027,143416,1067,110293
D4:F5:47:82:0E:C6,ALL,quic,2607:f8b0:4004:c1d::64,1068,859568,408,226099,660,633469
D4:F5:47:82:0E:C6,ALL,quic,2607:f8b0:4004:c1d::65,468,245583,257,175058,211,70525
D4:F5:47:82:0E:C6,ALL,quic,2607:f8b0:4004:c1d::66,1458,1056900,613,374591,845,682309
D4:F5:47:82:0E:C6,ALL,quic,2607:f8b0:4004:c1d::71,2011,1952690,566,243559,1445,1709131
D4:F5:47:82:0E:C6,ALL,quic,2607:f8b0:4004:c1d::88,2276,281919,1119,160806,1157,121113
D4:F5:47:82:0E:C6,ALL,quic,2607:f8b0:4004:c1d::8a,1096,875870,422,233343,674,642527
D4:F5:47:82:0E:C6,ALL,quic,2607:f8b0:4004:c1d::8b,1029,837790,382,215231,647,622559
D4:F5:47:82:0E:C6,ALL,quic,2607:f8b0:4004:c1d::be,3444,424037,1695,243205,1749,180832
D4:F5:47:82:0E:C6,ALL,quic,2607:f8b0:4004:c1f::5b,727,89060,357,51001,370,38059
D4:F5:47:82:0E:C6,ALL,quic,2607:f8b0:4004:c1f::88,699,85913,344,49330,355,36583
D4:F5:47:82:0E:C6,ALL,quic,2607:f8b0:4004:c1f::8b,25,12678,13,9434,12,3244
D4:F5:47:82:0E:C6,ALL,quic,2607:f8b0:4004:c21::5b,3127,390214,1532,224033,1595,166181
D4:F5:47:82:0E:C6,ALL,quic,2607:f8b0:4004:c21::5d,2089,256657,1029,147227,1060,109430
D4:F5:47:82:0E:C6,ALL,quic,2607:f8b0:4004:c21::71,13,6470,6,3424,7,3046
D4:F5:47:82:0E:C6,ALL,quic,2607:f8b0:4004:c21::88,3177,389914,1561,221924,1616,167990
D4:F5:47:82:0E:C6,ALL,quic,2607:f8b0:4004:c21::8b,25,12675,13,9431,12,3244
D4:F5:47:82:0E:C6,ALL,quic,2607:f8b0:4004:c21::be,2724,967918,1141,156797,1583,811121
D4:F5:47:82:0E:C6,ALL,quic,2620:0:5301:2210:3016:245b:da55:a35f,9094,2400712,4887,1586073,4207,814639
D4:F5:47:82:0E:C6,ALL,quic,2620:0:5301:2210:4092:53e4:99d1:f108,1332,718055,822,601758,510,116297
D4:F5:47:82:0E:C6,ALL,quic,2620:0:5301:2210:454d:c193:462b:f71c,9144,2419397,4915,1592745,4229,826652
D4:F5:47:82:0E:C6,ALL,quic,2620:0:5301:2210:6010:9ee0:5b67:be83,10526,3272339,5818,2349538,4708,922801
D4:F5:47:82:0E:C6,ALL,quic,2620:0:5301:2210:6573:8e4:eb9a:9859,7636,2183342,4143,1501703,3493,681639
D4:F5:47:82:0E:C6,ALL,quic,2620:0:5301:2210:693b:8b81:cf03:2827,8572,2341306,4611,1565120,3961,776186
D4:F5:47:82:0E:C6,ALL,quic,2620:0:5301:2210:70c5:157:452d:dda3,8576,1827683,4472,1037719,4104,789964
D4:F5:47:82:0E:C6,ALL,quic,2620:0:5301:2210:80b1:357e:1b3:bfd5,10745,3312531,5922,2363767,4823,948764
D4:F5:47:82:0E:C6,ALL,quic,2620:0:5301:2210:8d39:66f:bc49:2ff6,10685,3296743,5899,2357851,4786,938892
D4:F5:47:82:0E:C6,ALL,quic,2620:0:5301:2210:b010:d685:69e4:60c0,14,19488,0,0,14,19488
D4:F5:47:82:0E:C6,ALL,quic,2620:0:5301:2210:b5c8:8286:769:3923,9977,2693443,5391,1804426,4586,889017
D4:F5:47:82:0E:C6,ALL,quic,2620:0:5301:2210:b9e1:9db5:574d:b199,10535,3280555,5826,2351007,4709,929548
D4:F5:47:82:0E:C6,ALL,quic,2620:0:5301:2210:c12c:20c:fc53:6554,8257,2260809,4429,1534803,3828,726006
D4:F5:47:82:0E:C6,ALL,quic,2620:0:5301:2210:cd8f:5ea7:debe:72d7,7641,2180645,4156,1498012,3485,682633
D4:F5:47:82:0E:C6,ALL,quic,2620:0:5301:2210:d0eb:819c:7193:74f7,8566,2486238,4677,1717598,3889,768640
D4:F5:47:82:0E:C6,ALL,quic,2620:0:5301:2210:d837:4265:fcf4:a374,554,586610,423,552848,131,33762
D4:F5:47:82:0E:C6,ALL,quic,2620:0:5301:2210:d84e:e842:57fc:6dca,9779,2501606,5234,1637069,4545,864537
D4:F5:47:82:0E:C6,ALL,quic,2620:0:5301:2210:e034:d9d7:cb13:bab9,10508,3262091,5815,2350873,4693,911218
D4:F5:47:82:0E:C6,ALL,quic,2620:0:5301:2210:e047:f8ff:c884:fa0a,3989,642061,2005,245435,1984,396626
D4:F5:47:82:0E:C6,ALL,quic,2620:0:5301:2210:ec0c:3098:c2aa:81aa,1477,737310,893,608587,584,128723
D4:F5:47:82:0E:C6,ALL,http,2607:f8b0:4004:c1b::5e,1324,415112,662,274068,662,141044
D4:F5:47:82:0E:C6,ALL,http,2620:0:5301:2210:3016:245b:da55:a35f,5757,1805110,2878,613204,2879,1191906
D4:F5:47:82:0E:C6,ALL,http,2620:0:5301:2210:4092:53e4:99d1:f108,1440,451459,720,153379,720,298080
D4:F5:47:82:0E:C6,ALL,http,2620:0:5301:2210:454d:c193:462b:f71c,7186,2253020,3593,765518,3593,1487502
D4:F5:47:82:0E:C6,ALL,http,2620:0:5301:2210:5447:ac25:6682:e076,1824,572215,911,194233,913,377982
D4:F5:47:82:0E:C6,ALL,http,2620:0:5301:2210:6010:9ee0:5b67:be83,2868,899327,1434,305651,1434,593676
D4:F5:47:82:0E:C6,ALL,http,2620:0:5301:2210:6573:8e4:eb9a:9859,4764,1493685,2382,507537,2382,986148
D4:F5:47:82:0E:C6,ALL,http,2620:0:5301:2210:693b:8b81:cf03:2827,5380,1686839,2690,573179,2690,1113660
D4:F5:47:82:0E:C6,ALL,http,2620:0:5301:2210:70c5:157:452d:dda3,2700,846659,1350,287759,1350,558900
D4:F5:47:82:0E:C6,ALL,http,2620:0:5301:2210:80b1:357e:1b3:bfd5,3123,979150,1562,332896,1561,646254
D4:F5:47:82:0E:C6,ALL,http,2620:0:5301:2210:8d39:66f:bc49:2ff6,2866,898700,1433,305438,1433,593262
D4:F5:47:82:0E:C6,ALL,http,2620:0:5301:2210:b010:d685:69e4:60c0,8,2508,4,852,4,1656
D4:F5:47:82:0E:C6,ALL,http,2620:0:5301:2210:b5c8:8286:769:3923,2874,901208,1437,306290,1437,594918
D4:F5:47:82:0E:C6,ALL,http,2620:0:5301:2210:b9e1:9db5:574d:b199,2876,901835,1438,306503,1438,595332
D4:F5:47:82:0E:C6,ALL,http,2620:0:5301:2210:c12c:20c:fc53:6554,4298,1347613,2149,457927,2149,889686
D4:F5:47:82:0E:C6,ALL,http,2620:0:5301:2210:cd8f:5ea7:debe:72d7,3598,1128144,1799,383358,1799,744786
D4:F5:47:82:0E:C6,ALL,http,2620:0:5301:2210:d0eb:819c:7193:74f7,2384,747555,1192,254067,1192,493488
D4:F5:47:82:0E:C6,ALL,http,2620:0:5301:2210:d837:4265:fcf4:a374,674,211299,337,71781,337,139518
D4:F5:47:82:0E:C6,ALL,http,2620:0:5301:2210:d84e:e842:57fc:6dca,5750,1802834,2875,612584,2875,1190250
D4:F5:47:82:0E:C6,ALL,http,2620:0:5301:2210:e034:d9d7:cb13:bab9,2874,901208,1437,306290,1437,594918
D4:F5:47:82:0E:C6,ALL,http,2620:0:5301:2210:e047:f8ff:c884:fa0a,6551,2053934,3275,697670,3276,1356264
D4:F5:47:82:0E:C6,ALL,http,2620:0:5301:2210:ec0c:3098:c2aa:81aa,1626,509789,813,173207,813,336582
D4:F5:47:82:0E:C6,ALL,udp:443,2607:f8b0:4004:c06::5b*,2803,344919,1379,197587,1424,147332
D4:F5:47:82:0E:C6,ALL,udp:443,2607:f8b0:4004:c06::5d*,4136,507425,2035,290264,2101,217161
D4:F5:47:82:0E:C6,ALL,udp:443,2607:f8b0:4004:c06::5e*,229,100839,124,49113,105,51726
D4:F5:47:82:0E:C6,ALL,udp:443,2607:f8b0:4004:c06::88*,4424,549083,2182,316363,2242,232720
D4:F5:47:82:0E:C6,ALL,udp:443,2607:f8b0:4004:c06::be*,4457,554196,2190,318417,2267,235779
D4:F5:47:82:0E:C6,ALL,udp:443,2607:f8b0:4004:c07::5b*,2069,251555,1018,143128,1051,108427
D4:F5:47:82:0E:C6,ALL,udp:443,2607:f8b0:4004:c07::5d*,4830,597071,2379,342429,2451,254642
D4:F5:47:82:0E:C6,ALL,udp:443,2607:f8b0:4004:c07::64*,21,10974,12,7542,9,3432
D4:F5:47:82:0E:C6,ALL,udp:443,2607:f8b0:4004:c07::65*,25,12682,13,9438,12,3244
D4:F5:47:82:0E:C6,ALL,udp:443,2607:f8b0:4004:c07::88*,3447,1056724,1492,207539,1955,849185
D4:F5:47:82:0E:C6,ALL,udp:443,2607:f8b0:4004:c07::8b*,44,23464,24,16877,20,6587
D4:F5:47:82:0E:C6,ALL,udp:443,2607:f8b0:4004:c07::be*,3183,397711,1561,229422,1622,168289
D4:F5:47:82:0E:C6,ALL,udp:443,2607:f8b0:4004:c08::5b*,3512,426631,1722,241361,1790,185270
D4:F5:47:82:0E:C6,ALL,udp:443,2607:f8b0:4004:c08::5d*,3431,420072,1689,239942,1742,180130
D4:F5:47:82:0E:C6,ALL,udp:443,2607:f8b0:4004:c08::5e*,22,12450,11,2759,11,9691
D4:F5:47:82:0E:C6,ALL,udp:443,2607:f8b0:4004:c08::64*,487,555932,89,14025,398,541907
D4:F5:47:82:0E:C6,ALL,udp:443,2607:f8b0:4004:c08::65*,65,34420,35,24309,30,10111
D4:F5:47:82:0E:C6,ALL,udp:443,2607:f8b0:4004:c08::66*,112,62663,57,36196,55,26467
D4:F5:47:82:0E:C6,ALL,udp:443,2607:f8b0:4004:c08::71*,46,23647,25,16972,21,6675
D4:F5:47:82:0E:C6,ALL,udp:443,2607:f8b0:4004:c08::88*,4834,1226276,2174,303614,2660,922662
D4:F5:47:82:0E:C6,ALL,udp:443,2607:f8b0:4004:c08::8a*,39,21564,21,14729,18,6835
D4:F5:47:82:0E:C6,ALL,udp:443,2607:f8b0:4004:c08::8b*,65,34413,35,24301,30,10112
D4:F5:47:82:0E:C6,ALL,udp:443,2607:f8b0:4004:c08::be*,705,86363,348,49456,357,36907
D4:F5:47:82:0E:C6,ALL,udp:443,2607:f8b0:4004:c09::5b*,4075,1134908,1799,252361,2276,882547
D4:F5:47:82:0E:C6,ALL,udp:443,2607:f8b0:4004:c09::5d*,2204,270828,1083,153969,1121,116859
D4:F5:47:82:0E:C6,ALL,udp:443,2607:f8b0:4004:c09::88*,688,85775,335,49212,353,36563
D4:F5:47:82:0E:C6,ALL,udp:443,2607:f8b0:4004:c09::be*,4775,1217079,2143,297852,2632,919227
D4:F5:47:82:0E:C6,ALL,udp:443,2607:f8b0:4004:c0b::5b*,3821,477647,1881,276019,1940,201628
D4:F5:47:82:0E:C6,ALL,udp:443,2607:f8b0:4004:c0b::5d*,4636,575262,2284,331458,2352,243804
D4:F5:47:82:0E:C6,ALL,udp:443,2607:f8b0:4004:c0b::64*,4119,3933977,1217,495557,2902,3438420
D4:F5:47:82:0E:C6,ALL,udp:443,2607:f8b0:4004:c0b::65*,2611,2270611,892,452118,1719,1818493
D4:F5:47:82:0E:C6,ALL,udp:443,2607:f8b0:4004:c0b::66*,4201,3997231,1227,544128,2974,3453103
D4:F5:47:82:0E:C6,ALL,udp:443,2607:f8b0:4004:c0b::71*,3209,2883523,1029,518390,2180,2365133
D4:F5:47:82:0E:C6,ALL,udp:443,2607:f8b0:4004:c0b::88*,4240,516619,2082,293862,2158,222757
D4:F5:47:82:0E:C6,ALL,udp:443,2607:f8b0:4004:c0b::8a*,1731,1212590,767,479621,964,732969
D4:F5:47:82:0E:C6,ALL,udp:443,2607:f8b0:4004:c0b::8b*,2467,1889012,976,556144,1491,1332868
D4:F5:47:82:0E:C6,ALL,udp:443,2607:f8b0:4004:c0b::be*,2192,272548,1079,156336,1113,116212
D4:F5:47:82:0E:C6,ALL,udp:443,2607:f8b0:4004:c17::5b*,1400,172137,689,98547,711,73590
D4:F5:47:82:0E:C6,ALL,udp:443,2607:f8b0:4004:c17::5d*,3918,486495,1924,279831,1994,206664
D4:F5:47:82:0E:C6,ALL,udp:443,2607:f8b0:4004:c17::5e*,16,8785,7,2345,9,6440
D4:F5:47:82:0E:C6,ALL,udp:443,2607:f8b0:4004:c17::64*,21,10978,12,7540,9,3438
D4:F5:47:82:0E:C6,ALL,udp:443,2607:f8b0:4004:c17::88*,3887,481821,1905,276467,1982,205354
D4:F5:47:82:0E:C6,ALL,udp:443,2607:f8b0:4004:c17::be*,5076,614366,2494,348260,2582,266106
D4:F5:47:82:0E:C6,ALL,udp:443,2607:f8b0:4004:c19::5d*,1362,167589,671,96203,691,71386
D4:F5:47:82:0E:C6,ALL,udp:443,2607:f8b0:4004:c19::64*,244,131500,137,98344,107,33156
D4:F5:47:82:0E:C6,ALL,udp:443,2607:f8b0:4004:c19::65*,623,616690,161,56476,462,560214
D4:F5:47:82:0E:C6,ALL,udp:443,2607:f8b0:4004:c19::66*,225,116561,124,83023,101,33538
D4:F5:47:82:0E:C6,ALL,udp:443,2607:f8b0:4004:c19::71*,195,103252,106,73034,89,30218
D4:F5:47:82:0E:C6,ALL,udp:443,2607:f8b0:4004:c19::88*,6633,823121,3256,473260,3377,349861
D4:F5:47:82:0E:C6,ALL,udp:443,2607:f8b0:4004:c19::8a*,642,634636,183,70145,459,564491
D4:F5:47:82:0E:C6,ALL,udp:443,2607:f8b0:4004:c19::8b*,193,102967,104,72774,89,30193
D4:F5:47:82:0E:C6,ALL,udp:443,2607:f8b0:4004:c19::be*,3105,390113,1521,225323,1584,164790
D4:F5:47:82:0E:C6,ALL,udp:443,2607:f8b0:4004:c1b::5b*,3016,376327,1478,215972,1538,160355
D4:F5:47:82:0E:C6,ALL,udp:443,2607:f8b0:4004:c1b::5d*,2573,317588,1260,181005,1313,136583
D4:F5:47:82:0E:C6,ALL,udp:443,2607:f8b0:4004:c1b::88*,3563,1713877,1349,188152,2214,1525725
D4:F5:47:82:0E:C6,ALL,udp:443,2607:f8b0:4004:c1b::8a*,536,576197,124,23916,412,552281
D4:F5:47:82:0E:C6,ALL,udp:443,2607:f8b0:4004:c1b::be*,3149,1024432,1345,191273,1804,833159
D4:F5:47:82:0E:C6,ALL,udp:443,2607:f8b0:4004:c1d::5b*,2963,372200,1452,213681,1511,158519
D4:F5:47:82:0E:C6,ALL,udp:443,2607:f8b0:4004:c1d::5d*,2094,253709,1027,143416,1067,110293
D4:F5:47:82:0E:C6,ALL,udp:443,2607:f8b0:4004:c1d::64*,1068,859568,408,226099,660,633469
D4:F5:47:82:0E:C6,ALL,udp:443,2607:f8b0:4004:c1d::65*,468,245583,257,175058,211,70525
D4:F5:47:82:0E:C6,ALL,udp:443,2607:f8b0:4004:c1d::66*,1458,1056900,613,374591,845,682309
D4:F5:47:82:0E:C6,ALL,udp:443,2607:f8b0:4004:c1d::71*,2036,1965366,579,252991,1457,1712375
D4:F5:47:82:0E:C6,ALL,udp:443,2607:f8b0:4004:c1d::88*,2276,281919,1119,160806,1157,121113
D4:F5:47:82:0E:C6,ALL,udp:443,2607:f8b0:4004:c1d::8a*,1096,875870,422,233343,674,642527
D4:F5:47:82:0E:C6,ALL,udp:443,2607:f8b0:4004:c1d::8b*,1029,837790,382,215231,647,622559
D4:F5:47:82:0E:C6,ALL,udp:443,2607:f8b0:4004:c1d::be*,3444,424037,1695,243205,1749,180832
D4:F5:47:82:0E:C6,ALL,udp:443,2607:f8b0:4004:c1f::5b*,727,89060,357,51001,370,38059
D4:F5:47:82:0E:C6,ALL,udp:443,2607:f8b0:4004:c1f::88*,699,85913,344,49330,355,36583
D4:F5:47:82:0E:C6,ALL,udp:443,2607:f8b0:4004:c1f::8b*,25,12678,13,9434,12,3244
D4:F5:47:82:0E:C6,ALL,udp:443,2607:f8b0:4004:c21::5b*,3127,390214,1532,224033,1595,166181
D4:F5:47:82:0E:C6,ALL,udp:443,2607:f8b0:4004:c21::5d*,2089,256657,1029,147227,1060,109430
D4:F5:47:82:0E:C6,ALL,udp:443,2607:f8b0:4004:c21::71*,13,6470,6,3424,7,3046
D4:F5:47:82:0E:C6,ALL,udp:443,2607:f8b0:4004:c21::88*,3177,389914,1561,221924,1616,167990
D4:F5:47:82:0E:C6,ALL,udp:443,2607:f8b0:4004:c21::8b*,25,12675,13,9431,12,3244
D4:F5:47:82:0E:C6,ALL,udp:443,2607:f8b0:4004:c21::be*,2724,967918,1141,156797,1583,811121
D4:F5:47:82:0E:C6,ALL,udp:443,2620:0:5301:2210:3016:245b:da55:a35f*,9094,2400712,4887,1586073,4207,814639
D4:F5:47:82:0E:C6,ALL,udp:443,2620:0:5301:2210:4092:53e4:99d1:f108*,1332,718055,822,601758,510,116297
D4:F5:47:82:0E:C6,ALL,udp:443,2620:0:5301:2210:454d:c193:462b:f71c*,9144,2419397,4915,1592745,4229,826652
D4:F5:47:82:0E:C6,ALL,udp:443,2620:0:5301:2210:6010:9ee0:5b67:be83*,10526,3272339,5818,2349538,4708,922801
D4:F5:47:82:0E:C6,ALL,udp:443,2620:0:5301:2210:6573:8e4:eb9a:9859*,7636,2183342,4143,1501703,3493,681639
D4:F5:47:82:0E:C6,ALL,udp:443,2620:0:5301:2210:693b:8b81:cf03:2827*,8572,2341306,4611,1565120,3961,776186
D4:F5:47:82:0E:C6,ALL,udp:443,2620:0:5301:2210:70c5:157:452d:dda3*,8797,1850784,4585,1048865,4212,801919
D4:F5:47:82:0E:C6,ALL,udp:443,2620:0:5301:2210:80b1:357e:1b3:bfd5*,10745,3312531,5922,2363767,4823,948764
D4:F5:47:82:0E:C6,ALL,udp:443,2620:0:5301:2210:8d39:66f:bc49:2ff6*,10685,3296743,5899,2357851,4786,938892
D4:F5:47:82:0E:C6,ALL,udp:443,2620:0:5301:2210:b010:d685:69e4:60c0*,14,19488,0,0,14,19488
D4:F5:47:82:0E:C6,ALL,udp:443,2620:0:5301:2210:b5c8:8286:769:3923*,9977,2693443,5391,1804426,4586,889017
D4:F5:47:82:0E:C6,ALL,udp:443,2620:0:5301:2210:b9e1:9db5:574d:b199*,10535,3280555,5826,2351007,4709,929548
D4:F5:47:82:0E:C6,ALL,udp:443,2620:0:5301:2210:c12c:20c:fc53:6554*,8282,2273485,4441,1538047,3841,735438
D4:F5:47:82:0E:C6,ALL,udp:443,2620:0:5301:2210:cd8f:5ea7:debe:72d7*,7641,2180645,4156,1498012,3485,682633
D4:F5:47:82:0E:C6,ALL,udp:443,2620:0:5301:2210:d0eb:819c:7193:74f7*,8566,2486238,4677,1717598,3889,768640
D4:F5:47:82:0E:C6,ALL,udp:443,2620:0:5301:2210:d837:4265:fcf4:a374*,554,586610,423,552848,131,33762
D4:F5:47:82:0E:C6,ALL,udp:443,2620:0:5301:2210:d84e:e842:57fc:6dca*,9779,2501606,5234,1637069,4545,864537
D4:F5:47:82:0E:C6,ALL,udp:443,2620:0:5301:2210:e034:d9d7:cb13:bab9*,10508,3262091,5815,2350873,4693,911218
D4:F5:47:82:0E:C6,ALL,udp:443,2620:0:5301:2210:e047:f8ff:c884:fa0a*,3989,642061,2005,245435,1984,396626
D4:F5:47:82:0E:C6,ALL,udp:443,2620:0:5301:2210:ec0c:3098:c2aa:81aa*,1477,737310,893,608587,584,128723
D4:F5:47:82:0E:C6,ALL,udp:40549,2607:f8b0:4004:c17::be*,221,23101,108,11955,113,11146
D4:F5:47:82:0E:C6,ALL,udp:40549,2620:0:5301:2210:70c5:157:452d:dda3*,221,23101,113,11146,108,11955
D4:F5:47:82:0E:C6,ALL,udp:37008,2607:f8b0:4004:c1d::71*,25,12676,13,9432,12,3244
D4:F5:47:82:0E:C6,ALL,udp:37008,2620:0:5301:2210:c12c:20c:fc53:6554*,25,12676,12,3244,13,9432
D4:F5:47:82:0E:C6,ALL,https,2607:f8b0:4004:c06::5b,60,11144,36,5744,24,5400
D4:F5:47:82:0E:C6,ALL,https,2607:f8b0:4004:c06::5d,75,13930,45,7180,30,6750
D4:F5:47:82:0E:C6,ALL,https,2607:f8b0:4004:c06::5e,393,100190,240,32608,153,67582
D4:F5:47:82:0E:C6,ALL,https,2607:f8b0:4004:c06::5f,1481,528058,822,263106,659,264952
D4:F5:47:82:0E:C6,ALL,https,2607:f8b0:4004:c06::66,34,12758,19,3100,15,9658
D4:F5:47:82:0E:C6,ALL,https,2607:f8b0:4004:c06::88,107,19674,64,10138,43,9536
D4:F5:47:82:0E:C6,ALL,https,2607:f8b0:4004:c06::be,109,19846,65,10224,44,9622
D4:F5:47:82:0E:C6,ALL,https,2607:f8b0:4004:c07::5b,47,8530,28,4394,19,4136
D4:F5:47:82:0E:C6,ALL,https,2607:f8b0:4004:c07::5d,105,19502,63,10052,42,9450
D4:F5:47:82:0E:C6,ALL,https,2607:f8b0:4004:c07::5e,411,312272,226,28018,185,284254
D4:F5:47:82:0E:C6,ALL,https,2607:f8b0:4004:c07::5f,1021,340977,549,175986,472,164991
D4:F5:47:82:0E:C6,ALL,https,2607:f8b0:4004:c07::64,62,16814,34,5056,28,11758
D4:F5:47:82:0E:C6,ALL,https,2607:f8b0:4004:c07::88,249,371991,168,28417,81,343574
D4:F5:47:82:0E:C6,ALL,https,2607:f8b0:4004:c07::8b,28,4025,15,1956,13,2069
D4:F5:47:82:0E:C6,ALL,https,2607:f8b0:4004:c07::be,64,11488,38,5916,26,5572
D4:F5:47:82:0E:C6,ALL,https,2607:f8b0:4004:c08::5b,60,11144,36,5744,24,5400
D4:F5:47:82:0E:C6,ALL,https,2607:f8b0:4004:c08::5d,77,14102,46,7266,31,6836
D4:F5:47:82:0E:C6,ALL,https,2607:f8b0:4004:c08::5e,276,147135,153,19744,123,127391
D4:F5:47:82:0E:C6,ALL,https,2607:f8b0:4004:c08::5f,885,342804,491,161777,394,181027
D4:F5:47:82:0E:C6,ALL,https,2607:f8b0:4004:c08::65,56,8050,30,3912,26,4138
D4:F5:47:82:0E:C6,ALL,https,2607:f8b0:4004:c08::66,394,582251,276,40221,118,542030
D4:F5:47:82:0E:C6,ALL,https,2607:f8b0:4004:c08::71,28,4025,15,1956,13,2069
D4:F5:47:82:0E:C6,ALL,https,2607:f8b0:4004:c08::88,277,377420,157,28792,120,348628
D4:F5:47:82:0E:C6,ALL,https,2607:f8b0:4004:c08::8a,28,4025,15,1956,13,2069
D4:F5:47:82:0E:C6,ALL,https,2607:f8b0:4004:c08::8b,56,8050,30,3912,26,4138
D4:F5:47:82:0E:C6,ALL,https,2607:f8b0:4004:c08::bc,70,23435,40,5104,30,18331
D4:F5:47:82:0E:C6,ALL,https,2607:f8b0:4004:c08::be,15,2786,9,1436,6,1350
D4:F5:47:82:0E:C6,ALL,https,2607:f8b0:4004:c09::5b,298,377797,200,31854,98,345943
D4:F5:47:82:0E:C6,ALL,https,2607:f8b0:4004:c09::5d,45,8358,27,4308,18,4050
D4:F5:47:82:0E:C6,ALL,https,2607:f8b0:4004:c09::5e,45,7565,25,3917,20,3648
D4:F5:47:82:0E:C6,ALL,https,2607:f8b0:4004:c09::5f,1302,474437,751,222737,551,251700
D4:F5:47:82:0E:C6,ALL,https,2607:f8b0:4004:c09::88,15,2786,9,1436,6,1350
D4:F5:47:82:0E:C6,ALL,https,2607:f8b0:4004:c09::bc,50,21713,30,4244,20,17469
D4:F5:47:82:0E:C6,ALL,https,2607:f8b0:4004:c09::be,279,377572,174,30262,105,347310
D4:F5:47:82:0E:C6,ALL,https,2607:f8b0:4004:c0b::5b,90,16716,54,8616,36,8100
D4:F5:47:82:0E:C6,ALL,https,2607:f8b0:4004:c0b::5d,107,19674,64,10138,43,9536
D4:F5:47:82:0E:C6,ALL,https,2607:f8b0:4004:c0b::5f,1403,520602,779,275052,624,245550
D4:F5:47:82:0E:C6,ALL,https,2607:f8b0:4004:c0b::64,1176,692763,681,93024,495,599739
D4:F5:47:82:0E:C6,ALL,https,2607:f8b0:4004:c0b::65,1794,1348231,1079,156023,715,1192208
D4:F5:47:82:0E:C6,ALL,https,2607:f8b0:4004:c0b::66,765,121978,418,58193,347,63785
D4:F5:47:82:0E:C6,ALL,https,2607:f8b0:4004:c0b::71,1142,702649,718,97790,424,604859
D4:F5:47:82:0E:C6,ALL,https,2607:f8b0:4004:c0b::88,75,13930,45,7180,30,6750
D4:F5:47:82:0E:C6,ALL,https,2607:f8b0:4004:c0b::8a,925,154331,501,71592,424,82739
D4:F5:47:82:0E:C6,ALL,https,2607:f8b0:4004:c0b::8b,1926,1311330,1167,147115,759,1164215
D4:F5:47:82:0E:C6,ALL,https,2607:f8b0:4004:c0b::be,45,8358,27,4308,18,4050
D4:F5:47:82:0E:C6,ALL,https,2607:f8b0:4004:c17::5b,30,5572,18,2872,12,2700
D4:F5:47:82:0E:C6,ALL,https,2607:f8b0:4004:c17::5d,92,16888,55,8702,37,8186
D4:F5:47:82:0E:C6,ALL,https,2607:f8b0:4004:c17::5e,15,2800,9,1450,6,1350
D4:F5:47:82:0E:C6,ALL,https,2607:f8b0:4004:c17::5f,1542,558594,862,268407,680,290187
D4:F5:47:82:0E:C6,ALL,https,2607:f8b0:4004:c17::64,198,67908,110,17492,88,50416
D4:F5:47:82:0E:C6,ALL,https,2607:f8b0:4004:c17::65,202,76442,114,18600,88,57842
D4:F5:47:82:0E:C6,ALL,https,2607:f8b0:4004:c17::66,68,25519,38,6200,30,19319
D4:F5:47:82:0E:C6,ALL,https,2607:f8b0:4004:c17::71,68,25518,38,6200,30,19318
D4:F5:47:82:0E:C6,ALL,https,2607:f8b0:4004:c17::88,92,16888,55,8702,37,8186
D4:F5:47:82:0E:C6,ALL,https,2607:f8b0:4004:c17::8a,335,127208,192,31196,143,96012
D4:F5:47:82:0E:C6,ALL,https,2607:f8b0:4004:c17::8b,236,89148,134,21798,102,67350
D4:F5:47:82:0E:C6,ALL,https,2607:f8b0:4004:c17::94,176,50402,97,14582,79,35820
D4:F5:47:82:0E:C6,ALL,https,2607:f8b0:4004:c17::95,66,19769,37,5678,29,14091
D4:F5:47:82:0E:C6,ALL,https,2607:f8b0:4004:c17::bc,299,95409,163,20711,136,74698
D4:F5:47:82:0E:C6,ALL,https,2607:f8b0:4004:c17::be,113,20190,67,10396,46,9794
D4:F5:47:82:0E:C6,ALL,https,2607:f8b0:4004:c19::5d,32,5744,19,2958,13,2786
D4:F5:47:82:0E:C6,ALL,https,2607:f8b0:4004:c19::5f,1358,477121,759,225751,599,251370
D4:F5:47:82:0E:C6,ALL,https,2607:f8b0:4004:c19::64,146,20649,79,10116,67,10533
D4:F5:47:82:0E:C6,ALL,https,2607:f8b0:4004:c19::65,84,12075,45,5868,39,6207
D4:F5:47:82:0E:C6,ALL,https,2607:f8b0:4004:c19::66,196,28175,105,13692,91,14483
D4:F5:47:82:0E:C6,ALL,https,2607:f8b0:4004:c19::71,704,591111,410,43479,294,547632
D4:F5:47:82:0E:C6,ALL,https,2607:f8b0:4004:c19::88,154,28204,92,14532,62,13672
D4:F5:47:82:0E:C6,ALL,https,2607:f8b0:4004:c19::8a,155,22915,84,11220,71,11695
D4:F5:47:82:0E:C6,ALL,https,2607:f8b0:4004:c19::8b,169,31799,91,12460,78,19339
D4:F5:47:82:0E:C6,ALL,https,2607:f8b0:4004:c19::bc,161,48682,90,11060,71,37622
D4:F5:47:82:0E:C6,ALL,https,2607:f8b0:4004:c19::be,79,14274,47,7352,32,6922
D4:F5:47:82:0E:C6,ALL,https,2607:f8b0:4004:c1b::5b,77,14102,46,7266,31,6836
D4:F5:47:82:0E:C6,ALL,https,2607:f8b0:4004:c1b::5d,60,11144,36,5744,24,5400
D4:F5:47:82:0E:C6,ALL,https,2607:f8b0:4004:c1b::5e,40,11917,22,2908,18,9009
D4:F5:47:82:0E:C6,ALL,https,2607:f8b0:4004:c1b::5f,1651,667977,904,366590,747,301387
D4:F5:47:82:0E:C6,ALL,https,2607:f8b0:4004:c1b::65,69,25644,39,6298,30,19346
D4:F5:47:82:0E:C6,ALL,https,2607:f8b0:4004:c1b::66,34,12770,19,3112,15,9658
D4:F5:47:82:0E:C6,ALL,https,2607:f8b0:4004:c1b::71,69,25601,38,6200,31,19401
D4:F5:47:82:0E:C6,ALL,https,2607:f8b0:4004:c1b::88,462,736214,297,50839,165,685375
D4:F5:47:82:0E:C6,ALL,https,2607:f8b0:4004:c1b::8a,61,16698,34,5056,27,11642
D4:F5:47:82:0E:C6,ALL,https,2607:f8b0:4004:c1b::8b,102,38306,58,9386,44,28920
D4:F5:47:82:0E:C6,ALL,https,2607:f8b0:4004:c1b::be,252,372426,156,27423,96,345003
D4:F5:47:82:0E:C6,ALL,https,2607:f8b0:4004:c1d::5b,77,14102,46,7266,31,6836
D4:F5:47:82:0E:C6,ALL,https,2607:f8b0:4004:c1d::5d,30,5572,18,2872,12,2700
D4:F5:47:82:0E:C6,ALL,https,2607:f8b0:4004:c1d::5f,763,267004,426,117943,337,149061
D4:F5:47:82:0E:C6,ALL,https,2607:f8b0:4004:c1d::64,520,81689,279,36632,241,45057
D4:F5:47:82:0E:C6,ALL,https,2607:f8b0:4004:c1d::65,378,58255,202,29978,176,28277
D4:F5:47:82:0E:C6,ALL,https,2607:f8b0:4004:c1d::66,532,76487,285,37176,247,39311
D4:F5:47:82:0E:C6,ALL,https,2607:f8b0:4004:c1d::71,574,117414,314,47486,260,69928
D4:F5:47:82:0E:C6,ALL,https,2607:f8b0:4004:c1d::88,60,11144,36,5744,24,5400
D4:F5:47:82:0E:C6,ALL,https,2607:f8b0:4004:c1d::8a,929,650590,554,73470,375,577120
D4:F5:47:82:0E:C6,ALL,https,2607:f8b0:4004:c1d::8b,295,43040,159,21000,136,22040
D4:F5:47:82:0E:C6,ALL,https,2607:f8b0:4004:c1d::bc,144,47212,80,10208,64,37004
D4:F5:47:82:0E:C6,ALL,https,2607:f8b0:4004:c1d::be,77,14102,46,7266,31,6836
D4:F5:47:82:0E:C6,ALL,https,2607:f8b0:4004:c1f::5b,15,2786,9,1436,6,1350
D4:F5:47:82:0E:C6,ALL,https,2607:f8b0:4004:c1f::5f,38,13256,23,5815,15,7441
D4:F5:47:82:0E:C6,ALL,https,2607:f8b0:4004:c1f::88,15,2786,9,1436,6,1350
D4:F5:47:82:0E:C6,ALL,https,2607:f8b0:4004:c21::5b,75,13930,45,7180,30,6750
D4:F5:47:82:0E:C6,ALL,https,2607:f8b0:4004:c21::5d,45,8358,27,4308,18,4050
D4:F5:47:82:0E:C6,ALL,https,2607:f8b0:4004:c21::5f,624,230908,358,109576,266,121332
D4:F5:47:82:0E:C6,ALL,https,2607:f8b0:4004:c21::65,35,12845,20,3186,15,9659
D4:F5:47:82:0E:C6,ALL,https,2607:f8b0:4004:c21::88,79,14274,47,7352,32,6922
D4:F5:47:82:0E:C6,ALL,https,2607:f8b0:4004:c21::8a,34,12758,19,3100,15,9658
D4:F5:47:82:0E:C6,ALL,https,2607:f8b0:4004:c21::8b,32,12587,19,3100,13,9487
D4:F5:47:82:0E:C6,ALL,https,2607:f8b0:4004:c21::95,38,10351,20,2968,18,7383
D4:F5:47:82:0E:C6,ALL,https,2607:f8b0:4004:c21::be,230,365018,129,24404,101,340614
D4:F5:47:82:0E:C6,ALL,https,2620:0:5301:2210:3016:245b:da55:a35f,1338,365612,586,208424,752,157188
D4:F5:47:82:0E:C6,ALL,https,2620:0:5301:2210:4092:53e4:99d1:f108,358,112557,161,67325,197,45232
D4:F5:47:82:0E:C6,ALL,https,2620:0:5301:2210:454d:c193:462b:f71c,1302,344953,568,190998,734,153955
D4:F5:47:82:0E:C6,ALL,https,2620:0:5301:2210:6010:9ee0:5b67:be83,2443,1502190,1020,1191545,1423,310645
D4:F5:47:82:0E:C6,ALL,https,2620:0:5301:2210:6573:8e4:eb9a:9859,1220,325655,535,182033,685,143622
D4:F5:47:82:0E:C6,ALL,https,2620:0:5301:2210:693b:8b81:cf03:2827,1471,393541,651,228434,820,165107
D4:F5:47:82:0E:C6,ALL,https,2620:0:5301:2210:70c5:157:452d:dda3,1192,282076,522,159977,670,122099
D4:F5:47:82:0E:C6,ALL,https,2620:0:5301:2210:80b1:357e:1b3:bfd5,2555,1522666,1091,1208779,1464,313887
D4:F5:47:82:0E:C6,ALL,https,2620:0:5301:2210:8d39:66f:bc49:2ff6,2555,1495752,1008,1187898,1547,307854
D4:F5:47:82:0E:C6,ALL,https,2620:0:5301:2210:b010:d685:69e4:60c0,18,1572,6,564,12,1008
D4:F5:47:82:0E:C6,ALL,https,2620:0:5301:2210:b5c8:8286:769:3923,2548,1525101,1070,1206471,1478,318630
D4:F5:47:82:0E:C6,ALL,https,2620:0:5301:2210:b9e1:9db5:574d:b199,2603,1533858,1110,1214019,1493,319839
D4:F5:47:82:0E:C6,ALL,https,2620:0:5301:2210:c12c:20c:fc53:6554,1231,341583,537,194008,694,147575
D4:F5:47:82:0E:C6,ALL,https,2620:0:5301:2210:cd8f:5ea7:debe:72d7,1263,348465,553,194951,710,153514
D4:F5:47:82:0E:C6,ALL,https,2620:0:5301:2210:d0eb:819c:7193:74f7,2338,1470606,975,1174504,1363,296102
D4:F5:47:82:0E:C6,ALL,https,2620:0:5301:2210:d837:4265:fcf4:a374,219,71500,102,41494,117,30006
D4:F5:47:82:0E:C6,ALL,https,2620:0:5301:2210:d84e:e842:57fc:6dca,1422,372513,625,214639,797,157874
D4:F5:47:82:0E:C6,ALL,https,2620:0:5301:2210:e034:d9d7:cb13:bab9,2620,1519443,1064,1218528,1556,300915
D4:F5:47:82:0E:C6,ALL,https,2620:0:5301:2210:e047:f8ff:c884:fa0a,1360,776603,582,652901,778,123702
D4:F5:47:82:0E:C6,ALL,https,2620:0:5301:2210:ec0c:3098:c2aa:81aa,295,91062,132,51966,163,39096
D4:F5:47:82:0E:C6,ALL,https,fe80::d6f5:47ff:fe82:ec6,2,188,0,0,2,188
D4:F5:47:82:0E:C6,ALL,tcp:5228,2607:f8b0:4004:c06::bc,871,100364,442,40723,429,59641
D4:F5:47:82:0E:C6,ALL,tcp:5228,2607:f8b0:4004:c07::bc,10817,1039190,5434,479939,5383,559251
D4:F5:47:82:0E:C6,ALL,tcp:5228,2607:f8b0:4004:c08::bc,7886,752327,3960,349945,3926,402382
D4:F5:47:82:0E:C6,ALL,tcp:5228,2607:f8b0:4004:c09::bc,5708,538179,2864,253244,2844,284935
D4:F5:47:82:0E:C6,ALL,tcp:5228,2607:f8b0:4004:c0b::bc,835,81083,420,37410,415,43673
D4:F5:47:82:0E:C6,ALL,tcp:5228,2607:f8b0:4004:c17::bc,4567,480227,2302,207260,2265,272967
D4:F5:47:82:0E:C6,ALL,tcp:5228,2607:f8b0:4004:c1b::bc,4600,459402,2330,207242,2270,252160
D4:F5:47:82:0E:C6,ALL,tcp:5228,2607:f8b0:4004:c1d::bc,6701,674478,3374,301454,3327,373024
D4:F5:47:82:0E:C6,ALL,tcp:5228,2607:f8b0:4004:c1f::bc,1121,121971,565,51353,556,70618
D4:F5:47:82:0E:C6,ALL,tcp:5228,2607:f8b0:4004:c21::bc,3692,321100,1847,160636,1845,160464
D4:F5:47:82:0E:C6,ALL,tcp:5228,2620:0:5301:2210:3016:245b:da55:a35f,4008,365035,2000,188846,2008,176189
D4:F5:47:82:0E:C6,ALL,tcp:5228,2620:0:5301:2210:4092:53e4:99d1:f108,679,75953,336,44540,343,31413
D4:F5:47:82:0E:C6,ALL,tcp:5228,2620:0:5301:2210:454d:c193:462b:f71c,4055,386432,2019,206231,2036,180201
D4:F5:47:82:0E:C6,ALL,tcp:5228,2620:0:5301:2210:5447:ac25:6682:e076,4037,394103,1993,213205,2044,180898
D4:F5:47:82:0E:C6,ALL,tcp:5228,2620:0:5301:2210:6010:9ee0:5b67:be83,4069,395364,2023,214268,2046,181096
D4:F5:47:82:0E:C6,ALL,tcp:5228,2620:0:5301:2210:6573:8e4:eb9a:9859,3317,304989,1654,158782,1663,146207
D4:F5:47:82:0E:C6,ALL,tcp:5228,2620:0:5301:2210:693b:8b81:cf03:2827,3721,340094,1856,176333,1865,163761
D4:F5:47:82:0E:C6,ALL,tcp:5228,2620:0:5301:2210:70c5:157:452d:dda3,3692,321100,1845,160464,1847,160636
D4:F5:47:82:0E:C6,ALL,tcp:5228,2620:0:5301:2210:80b1:357e:1b3:bfd5,4189,446319,2076,255544,2113,190775
D4:F5:47:82:0E:C6,ALL,tcp:5228,2620:0:5301:2210:8d39:66f:bc49:2ff6,4067,395167,2024,214329,2043,180838
D4:F5:47:82:0E:C6,ALL,tcp:5228,2620:0:5301:2210:b5c8:8286:769:3923,4068,395280,2024,214356,2044,180924
D4:F5:47:82:0E:C6,ALL,tcp:5228,2620:0:5301:2210:b9e1:9db5:574d:b199,4069,395366,2024,214356,2045,181010
D4:F5:47:82:0E:C6,ALL,tcp:5228,2620:0:5301:2210:c12c:20c:fc53:6554,3585,328296,1789,170521,1796,157775
D4:F5:47:82:0E:C6,ALL,tcp:5228,2620:0:5301:2210:cd8f:5ea7:debe:72d7,3331,307014,1661,160231,1670,146783
D4:F5:47:82:0E:C6,ALL,tcp:5228,2620:0:5301:2210:d0eb:819c:7193:74f7,3397,336399,1689,184720,1708,151679
D4:F5:47:82:0E:C6,ALL,tcp:5228,2620:0:5301:2210:d837:4265:fcf4:a374,309,43386,150,27979,159,15407
D4:F5:47:82:0E:C6,ALL,tcp:5228,2620:0:5301:2210:d84e:e842:57fc:6dca,4035,383900,2009,204597,2026,179303
D4:F5:47:82:0E:C6,ALL,tcp:5228,2620:0:5301:2210:e034:d9d7:cb13:bab9,4138,426197,2054,239445,2084,186752
D4:F5:47:82:0E:C6,ALL,tcp:5228,2620:0:5301:2210:e047:f8ff:c884:fa0a,2194,232066,1088,131971,1106,100095
D4:F5:47:82:0E:C6,ALL,tcp:5228,2620:0:5301:2210:ec0c:3098:c2aa:81aa,745,81298,368,46935,377,34363
D4:F5:47:82:0E:C6,ALL,udp:55355,2607:f8b0:4004:c0b::71*,25,12677,13,9433,12,3244
D4:F5:47:82:0E:C6,ALL,udp:55355,2620:0:5301:2210:70c5:157:452d:dda3*,25,12677,12,3244,13,9433
D4:F5:47:82:0E:C6,ALL,udp:57551,2607:f8b0:4004:c0b::71*,21,10977,12,7542,9,3435
D4:F5:47:82:0E:C6,ALL,udp:57551,2620:0:5301:2210:70c5:157:452d:dda3*,21,10977,9,3435,12,7542
D4:F5:47:82:0E:C6,ALL,udp:56726,2607:f8b0:4004:c1b::5b*,718,87477,353,49943,365,37534
D4:F5:47:82:0E:C6,ALL,udp:56726,2620:0:5301:2210:70c5:157:452d:dda3*,718,87477,365,37534,353,49943
D4:F5:47:82:0E:C6,ALL,udp:47834,2607:f8b0:4004:c0b::8b*,20,10874,11,7438,9,3436
D4:F5:47:82:0E:C6,ALL,udp:47834,2620:0:5301:2210:70c5:157:452d:dda3*,20,10874,9,3436,11,7438
D4:F5:47:82:0E:C6,ALL,udp:44678,2607:f8b0:4004:c0b::65*,25,12680,13,9436,12,3244
D4:F5:47:82:0E:C6,ALL,udp:44678,2620:0:5301:2210:70c5:157:452d:dda3*,25,12680,12,3244,13,9436
D4:F5:47:82:0E:C6,ALL,udp:39598,2607:f8b0:4004:c17::5d*,687,84106,338,48116,349,35990
D4:F5:47:82:0E:C6,ALL,udp:39598,2620:0:5301:2210:70c5:157:452d:dda3*,687,84106,349,35990,338,48116
D4:F5:47:82:0E:C6,ALL,udp:41849,2607:f8b0:4004:c0b::8b*,20,10876,11,7438,9,3438
D4:F5:47:82:0E:C6,ALL,udp:41849,2620:0:5301:2210:70c5:157:452d:dda3*,20,10876,9,3438,11,7438
D4:F5:47:82:0E:C6,ALL,udp:50371,2607:f8b0:4004:c0b::8a*,20,10865,11,7434,9,3431
D4:F5:47:82:0E:C6,ALL,udp:50371,2620:0:5301:2210:70c5:157:452d:dda3*,20,10865,9,3431,11,7434
D4:F5:47:82:0E:C6,ALL,udp:51340,2607:f8b0:4004:c0b::66*,25,12680,13,9436,12,3244
D4:F5:47:82:0E:C6,ALL,udp:51340,2620:0:5301:2210:70c5:157:452d:dda3*,25,12680,12,3244,13,9436
D4:F5:47:82:0E:C6,ALL,udp:50095,2607:f8b0:4004:c07::5d*,725,90961,359,52263,366,38698
D4:F5:47:82:0E:C6,ALL,udp:50095,2620:0:5301:2210:70c5:157:452d:dda3*,725,90961,366,38698,359,52263
D4:F5:47:82:0E:C6,ALL,udp:46914,2607:f8b0:4004:c08::8b*,20,10864,11,7432,9,3432
D4:F5:47:82:0E:C6,ALL,udp:46914,2620:0:5301:2210:70c5:157:452d:dda3*,20,10864,9,3432,11,7432
D4:F5:47:82:0E:C6,ALL,udp:59967,2607:f8b0:4004:c07::8b*,26,12872,15,9688,11,3184
D4:F5:47:82:0E:C6,ALL,udp:59967,2620:0:5301:2210:70c5:157:452d:dda3*,26,12872,11,3184,15,9688
D4:F5:47:82:0E:C6,ALL,udp:55411,2607:f8b0:4004:c07::8b*,18,10592,9,7189,9,3403
D4:F5:47:82:0E:C6,ALL,udp:55411,2620:0:5301:2210:70c5:157:452d:dda3*,18,10592,9,3403,9,7189
D4:F5:47:82:0E:C6,ALL,udp:37674,2607:f8b0:4004:c21::be*,673,83730,332,48511,341,35219
D4:F5:47:82:0E:C6,ALL,udp:37674,2620:0:5301:2210:70c5:157:452d:dda3*,673,83730,341,35219,332,48511
D4:F5:47:82:0E:C6,ALL,udp:52730,2607:f8b0:4004:c0b::66*,21,10979,12,7542,9,3437
D4:F5:47:82:0E:C6,ALL,udp:52730,2620:0:5301:2210:70c5:157:452d:dda3*,21,10979,9,3437,12,7542
D4:F5:47:82:0E:C6,ALL,udp:55954,2607:f8b0:4004:c0b::65*,25,12682,13,9438,12,3244
D4:F5:47:82:0E:C6,ALL,udp:55954,2620:0:5301:2210:70c5:157:452d:dda3*,25,12682,12,3244,13,9438
D4:F5:47:82:0E:C6,ALL,udp:47111,2607:f8b0:4004:c07::64*,21,10974,12,7542,9,3432
D4:F5:47:82:0E:C6,ALL,udp:47111,2607:f8b0:4004:c0b::8a*,25,12677,13,9433,12,3244
D4:F5:47:82:0E:C6,ALL,udp:47111,2620:0:5301:2210:70c5:157:452d:dda3*,21,10974,9,3432,12,7542
D4:F5:47:82:0E:C6,ALL,udp:46239,2607:f8b0:4004:c17::be*,700,86328,345,49751,355,36577
D4:F5:47:82:0E:C6,ALL,udp:46239,2620:0:5301:2210:70c5:157:452d:dda3*,700,86328,355,36577,345,49751
D4:F5:47:82:0E:C6,ALL,udp:41547,2607:f8b0:4004:c0b::8b*,13,6470,6,3424,7,3046
D4:F5:47:82:0E:C6,ALL,udp:41547,2620:0:5301:2210:70c5:157:452d:dda3*,13,6470,7,3046,6,3424
D4:F5:47:82:0E:C6,ALL,udp:58447,2607:f8b0:4004:c0b::66*,21,10972,12,7537,9,3435
D4:F5:47:82:0E:C6,ALL,udp:58447,2620:0:5301:2210:70c5:157:452d:dda3*,21,10972,9,3435,12,7537
D4:F5:47:82:0E:C6,ALL,udp:36380,2607:f8b0:4004:c07::65*,25,12682,13,9438,12,3244
D4:F5:47:82:0E:C6,ALL,udp:36380,2620:0:5301:2210:70c5:157:452d:dda3*,25,12682,12,3244,13,9438
D4:F5:47:82:0E:C6,ALL,udp:50228,2607:f8b0:4004:c07::5b*,684,81209,336,45304,348,35905
D4:F5:47:82:0E:C6,ALL,udp:50228,2620:0:5301:2210:70c5:157:452d:dda3*,684,81209,348,35905,336,45304
D4:F5:47:82:0E:C6,ALL,udp:40681,2607:f8b0:4004:c0b::71*,21,10978,12,7541,9,3437
D4:F5:47:82:0E:C6,ALL,udp:40681,2620:0:5301:2210:70c5:157:452d:dda3*,21,10978,9,3437,12,7541
D4:F5:47:82:0E:C6,ALL,udp:41053,2607:f8b0:4004:c0b::71*,495,556655,91,14211,404,542444
D4:F5:47:82:0E:C6,ALL,udp:41053,2620:0:5301:2210:70c5:157:452d:dda3*,495,556655,404,542444,91,14211
D4:F5:47:82:0E:C6,ALL,udp:42223,2607:f8b0:4004:c0b::66*,20,10868,11,7435,9,3433
D4:F5:47:82:0E:C6,ALL,udp:42223,2620:0:5301:2210:70c5:157:452d:dda3*,20,10868,9,3433,11,7435
D4:F5:47:82:0E:C6,ALL,udp:44099,2607:f8b0:4004:c0b::71*,25,12684,13,9440,12,3244
D4:F5:47:82:0E:C6,ALL,udp:44099,2620:0:5301:2210:70c5:157:452d:dda3*,25,12684,12,3244,13,9440
D4:F5:47:82:0E:C6,ALL,udp:46858,2607:f8b0:4004:c08::5d*,683,81065,335,45200,348,35865
D4:F5:47:82:0E:C6,ALL,udp:46858,2620:0:5301:2210:70c5:157:452d:dda3*,683,81065,348,35865,335,45200
D4:F5:47:82:0E:C6,ALL,udp:57369,2607:f8b0:4004:c08::5b*,679,83690,334,48093,345,35597
D4:F5:47:82:0E:C6,ALL,udp:57369,2607:f8b0:4004:c0b::8a*,20,10874,11,7438,9,3436
D4:F5:47:82:0E:C6,ALL,udp:57369,2620:0:5301:2210:70c5:157:452d:dda3*,20,10874,9,3436,11,7438
D4:F5:47:82:0E:C6,ALL,udp:48492,2607:f8b0:4004:c1d::65*,19,10770,11,7458,8,3312
D4:F5:47:82:0E:C6,ALL,udp:48492,2620:0:5301:2210:70c5:157:452d:dda3*,19,10770,8,3312,11,7458
D4:F5:47:82:0E:C6,ALL,udp:48141,2607:f8b0:4004:c0b::8a*,25,12681,13,9437,12,3244
D4:F5:47:82:0E:C6,ALL,udp:48141,2620:0:5301:2210:70c5:157:452d:dda3*,25,12681,12,3244,13,9437
D4:F5:47:82:0E:C6,ALL,udp:48153,2607:f8b0:4004:c06::5e*,19,10335,10,3894,9,6441
D4:F5:47:82:0E:C6,ALL,udp:48153,2607:f8b0:4004:c19::be*,698,85484,343,48913,355,36571
D4:F5:47:82:0E:C6,ALL,udp:48153,2620:0:5301:2210:6573:8e4:eb9a:9859*,19,10335,9,6441,10,3894
D4:F5:47:82:0E:C6,ALL,udp:60491,2607:f8b0:4004:c1d::71*,20,10875,11,7438,9,3437
D4:F5:47:82:0E:C6,ALL,udp:60491,2620:0:5301:2210:70c5:157:452d:dda3*,20,10875,9,3437,11,7438
D4:F5:47:82:0E:C6,ALL,udp:54380,2607:f8b0:4004:c08::71*,25,12677,13,9433,12,3244
D4:F5:47:82:0E:C6,ALL,udp:54380,2620:0:5301:2210:70c5:157:452d:dda3*,25,12677,12,3244,13,9433
D4:F5:47:82:0E:C6,ALL,udp:56220,2607:f8b0:4004:c0b::8a*,20,10869,11,7438,9,3431
D4:F5:47:82:0E:C6,ALL,udp:56220,2620:0:5301:2210:70c5:157:452d:dda3*,20,10869,9,3431,11,7438
D4:F5:47:82:0E:C6,ALL,udp:36292,2607:f8b0:4004:c21::88*,699,82019,342,45247,357,36772
D4:F5:47:82:0E:C6,ALL,udp:36292,2620:0:5301:2210:70c5:157:452d:dda3*,699,82019,357,36772,342,45247
D4:F5:47:82:0E:C6,ALL,udp:40020,2607:f8b0:4004:c08::66*,20,10873,11,7437,9,3436
D4:F5:47:82:0E:C6,ALL,udp:40020,2620:0:5301:2210:70c5:157:452d:dda3*,20,10873,9,3436,11,7437
D4:F5:47:82:0E:C6,ALL,udp:46167,2607:f8b0:4004:c1d::66*,25,12678,13,9434,12,3244
D4:F5:47:82:0E:C6,ALL,udp:46167,2620:0:5301:2210:70c5:157:452d:dda3*,25,12678,12,3244,13,9434
D4:F5:47:82:0E:C6,ALL,udp:53845,2607:f8b0:4004:c06::88*,687,84544,339,48553,348,35991
D4:F5:47:82:0E:C6,ALL,udp:53845,2620:0:5301:2210:70c5:157:452d:dda3*,687,84544,348,35991,339,48553
D4:F5:47:82:0E:C6,ALL,udp:49691,2607:f8b0:4004:c0b::8a*,19,10770,11,7458,8,3312
D4:F5:47:82:0E:C6,ALL,udp:49691,2620:0:5301:2210:70c5:157:452d:dda3*,19,10770,8,3312,11,7458
D4:F5:47:82:0E:C6,ALL,udp:36308,2607:f8b0:4004:c0b::8a*,21,10978,12,7541,9,3437
D4:F5:47:82:0E:C6,ALL,udp:36308,2620:0:5301:2210:70c5:157:452d:dda3*,21,10978,9,3437,12,7541
D4:F5:47:82:0E:C6,ALL,udp:42181,2607:f8b0:4004:c0b::8a*,25,12676,13,9432,12,3244
D4:F5:47:82:0E:C6,ALL,udp:42181,2620:0:5301:2210:70c5:157:452d:dda3*,25,12676,12,3244,13,9432
D4:F5:47:82:0E:C6,ALL,udp:33554,2607:f8b0:4004:c0b::5d*,430,58489,213,35236,217,23253
D4:F5:47:82:0E:C6,ALL,udp:33554,2620:0:5301:2210:70c5:157:452d:dda3*,430,58489,217,23253,213,35236
D4:F5:47:82:0E:C6,ALL,udp:34423,2607:f8b0:4004:c1d::64*,21,10974,12,7537,9,3437
D4:F5:47:82:0E:C6,ALL,udp:34423,2620:0:5301:2210:70c5:157:452d:dda3*,21,10974,9,3437,12,7537
D4:F5:47:82:0E:C6,ALL,udp:49306,2607:f8b0:4004:c1d::66*,25,12675,13,9432,12,3243
D4:F5:47:82:0E:C6,ALL,udp:49306,2620:0:5301:2210:70c5:157:452d:dda3*,25,12675,12,3243,13,9432
D4:F5:47:82:0E:C6,ALL,udp:49886,2607:f8b0:4004:c0b::64*,15,10505,6,2071,9,8434
D4:F5:47:82:0E:C6,ALL,udp:49886,2620:0:5301:2210:80b1:357e:1b3:bfd5*,15,10505,9,8434,6,2071
D4:F5:47:82:0E:C6,ALL,udp:39683,2607:f8b0:4004:c0b::64*,26,15917,12,6424,14,9493
D4:F5:47:82:0E:C6,ALL,udp:39683,2620:0:5301:2210:80b1:357e:1b3:bfd5*,26,15917,14,9493,12,6424
D4:F5:47:82:0E:C6,ALL,udp:52824,2607:f8b0:4004:c0b::64*,25,12681,13,9437,12,3244
D4:F5:47:82:0E:C6,ALL,udp:52824,2620:0:5301:2210:80b1:357e:1b3:bfd5*,25,12681,12,3244,13,9437
D4:F5:47:82:0E:C6,ALL,udp:60811,2607:f8b0:4004:c21::be*,1362,802622,471,63060,891,739562
D4:F5:47:82:0E:C6,ALL,udp:60811,2620:0:5301:2210:80b1:357e:1b3:bfd5*,1362,802622,891,739562,471,63060
D4:F5:47:82:0E:C6,ALL,udp:54453,2607:f8b0:4004:c0b::66*,25,12681,13,9437,12,3244
D4:F5:47:82:0E:C6,ALL,udp:54453,2620:0:5301:2210:80b1:357e:1b3:bfd5*,25,12681,12,3244,13,9437
D4:F5:47:82:0E:C6,ALL,udp:36021,2607:f8b0:4004:c0b::66*,25,12680,13,9437,12,3243
D4:F5:47:82:0E:C6,ALL,udp:36021,2620:0:5301:2210:80b1:357e:1b3:bfd5*,25,12680,12,3243,13,9437
D4:F5:47:82:0E:C6,ALL,udp:44307,2607:f8b0:4004:c0b::71*,25,12681,13,9437,12,3244
D4:F5:47:82:0E:C6,ALL,udp:44307,2620:0:5301:2210:80b1:357e:1b3:bfd5*,25,12681,12,3244,13,9437
D4:F5:47:82:0E:C6,ALL,udp:46430,2607:f8b0:4004:c0b::8a*,25,12682,13,9437,12,3245
D4:F5:47:82:0E:C6,ALL,udp:46430,2620:0:5301:2210:80b1:357e:1b3:bfd5*,25,12682,12,3245,13,9437
D4:F5:47:82:0E:C6,ALL,udp:59180,2607:f8b0:4004:c1d::71*,21,10972,12,7536,9,3436
D4:F5:47:82:0E:C6,ALL,udp:59180,2620:0:5301:2210:80b1:357e:1b3:bfd5*,21,10972,9,3436,12,7536
D4:F5:47:82:0E:C6,ALL,udp:50548,2607:f8b0:4004:c0b::71*,25,12675,13,9431,12,3244
D4:F5:47:82:0E:C6,ALL,udp:50548,2620:0:5301:2210:80b1:357e:1b3:bfd5*,25,12675,12,3244,13,9431
D4:F5:47:82:0E:C6,ALL,udp:36342,2607:f8b0:4004:c17::88*,721,88697,354,51044,367,37653
D4:F5:47:82:0E:C6,ALL,udp:36342,2620:0:5301:2210:80b1:357e:1b3:bfd5*,721,88697,367,37653,354,51044
D4:F5:47:82:0E:C6,ALL,udp:57576,2607:f8b0:4004:c1d::66*,19,10763,11,7451,8,3312
D4:F5:47:82:0E:C6,ALL,udp:57576,2620:0:5301:2210:80b1:357e:1b3:bfd5*,19,10763,8,3312,11,7451
D4:F5:47:82:0E:C6,ALL,udp:52602,2607:f8b0:4004:c0b::65*,21,10977,12,7541,9,3436
D4:F5:47:82:0E:C6,ALL,udp:52602,2620:0:5301:2210:80b1:357e:1b3:bfd5*,21,10977,9,3436,12,7541
D4:F5:47:82:0E:C6,ALL,udp:58267,2607:f8b0:4004:c0b::66*,25,12676,13,9432,12,3244
D4:F5:47:82:0E:C6,ALL,udp:58267,2620:0:5301:2210:80b1:357e:1b3:bfd5*,25,12676,12,3244,13,9432
D4:F5:47:82:0E:C6,ALL,udp:39363,2607:f8b0:4004:c1d::5b*,466,63940,229,38042,237,25898
D4:F5:47:82:0E:C6,ALL,udp:39363,2620:0:5301:2210:80b1:357e:1b3:bfd5*,466,63940,237,25898,229,38042
D4:F5:47:82:0E:C6,ALL,udp:36551,2607:f8b0:4004:c0b::64*,20,10875,11,7439,9,3436
D4:F5:47:82:0E:C6,ALL,udp:36551,2620:0:5301:2210:80b1:357e:1b3:bfd5*,20,10875,9,3436,11,7439
D4:F5:47:82:0E:C6,ALL,udp:45863,2607:f8b0:4004:c0b::66*,25,12680,13,9436,12,3244
D4:F5:47:82:0E:C6,ALL,udp:45863,2607:f8b0:4004:c1d::be*,684,84131,336,48292,348,35839
D4:F5:47:82:0E:C6,ALL,udp:45863,2620:0:5301:2210:5447:ac25:6682:e076*,25,12680,12,3244,13,9436
D4:F5:47:82:0E:C6,ALL,udp:50605,2607:f8b0:4004:c0b::65*,27,12972,16,9788,11,3184
D4:F5:47:82:0E:C6,ALL,udp:50605,2620:0:5301:2210:80b1:357e:1b3:bfd5*,27,12972,11,3184,16,9788
D4:F5:47:82:0E:C6,ALL,udp:33889,2607:f8b0:4004:c0b::65*,18,10592,9,7189,9,3403
D4:F5:47:82:0E:C6,ALL,udp:33889,2620:0:5301:2210:80b1:357e:1b3:bfd5*,18,10592,9,3403,9,7189
D4:F5:47:82:0E:C6,ALL,udp:41068,2607:f8b0:4004:c1d::66*,21,10976,12,7538,9,3438
D4:F5:47:82:0E:C6,ALL,udp:41068,2620:0:5301:2210:80b1:357e:1b3:bfd5*,21,10976,9,3438,12,7538
D4:F5:47:82:0E:C6,ALL,udp:53510,2607:f8b0:4004:c08::5b*,770,92736,377,51844,393,40892
D4:F5:47:82:0E:C6,ALL,udp:53510,2620:0:5301:2210:80b1:357e:1b3:bfd5*,770,92736,393,40892,377,51844
D4:F5:47:82:0E:C6,ALL,udp:49920,2607:f8b0:4004:c1d::8b*,25,12676,13,9432,12,3244
D4:F5:47:82:0E:C6,ALL,udp:49920,2620:0:5301:2210:80b1:357e:1b3:bfd5*,25,12676,12,3244,13,9432
D4:F5:47:82:0E:C6,ALL,udp:38106,2607:f8b0:4004:c0b::8b*,20,10871,11,7437,9,3434
D4:F5:47:82:0E:C6,ALL,udp:38106,2620:0:5301:2210:80b1:357e:1b3:bfd5*,20,10871,9,3434,11,7437
D4:F5:47:82:0E:C6,ALL,udp:44766,2607:f8b0:4004:c19::be*,675,83951,331,48412,344,35539
D4:F5:47:82:0E:C6,ALL,udp:44766,2620:0:5301:2210:80b1:357e:1b3:bfd5*,675,83951,344,35539,331,48412
D4:F5:47:82:0E:C6,ALL,udp:34771,2607:f8b0:4004:c0b::66*,20,10875,11,7438,9,3437
D4:F5:47:82:0E:C6,ALL,udp:34771,2620:0:5301:2210:80b1:357e:1b3:bfd5*,20,10875,9,3437,11,7438
D4:F5:47:82:0E:C6,ALL,udp:49345,2607:f8b0:4004:c1d::64*,25,12676,13,9433,12,3243
D4:F5:47:82:0E:C6,ALL,udp:49345,2620:0:5301:2210:80b1:357e:1b3:bfd5*,25,12676,12,3243,13,9433
D4:F5:47:82:0E:C6,ALL,udp:41097,2607:f8b0:4004:c1d::65*,21,10979,12,7542,9,3437
D4:F5:47:82:0E:C6,ALL,udp:41097,2620:0:5301:2210:80b1:357e:1b3:bfd5*,21,10979,9,3437,12,7542
D4:F5:47:82:0E:C6,ALL,udp:37631,2607:f8b0:4004:c0b::8b*,490,556119,89,14023,401,542096
D4:F5:47:82:0E:C6,ALL,udp:37631,2620:0:5301:2210:80b1:357e:1b3:bfd5*,490,556119,401,542096,89,14023
D4:F5:47:82:0E:C6,ALL,udp:38763,2607:f8b0:4004:c06::88*,688,85158,339,49177,349,35981
D4:F5:47:82:0E:C6,ALL,udp:38763,2620:0:5301:2210:80b1:357e:1b3:bfd5*,688,85158,349,35981,339,49177
D4:F5:47:82:0E:C6,ALL,udp:39304,2607:f8b0:4004:c0b::8a*,26,12870,15,9689,11,3181
D4:F5:47:82:0E:C6,ALL,udp:39304,2620:0:5301:2210:80b1:357e:1b3:bfd5*,26,12870,11,3181,15,9689
D4:F5:47:82:0E:C6,ALL,udp:36306,2607:f8b0:4004:c0b::65*,18,10591,9,7189,9,3402
D4:F5:47:82:0E:C6,ALL,udp:36306,2620:0:5301:2210:80b1:357e:1b3:bfd5*,18,10591,9,3402,9,7189
D4:F5:47:82:0E:C6,ALL,udp:41371,2607:f8b0:4004:c0b::8a*,20,10872,11,7436,9,3436
D4:F5:47:82:0E:C6,ALL,udp:41371,2620:0:5301:2210:80b1:357e:1b3:bfd5*,20,10872,9,3436,11,7436
D4:F5:47:82:0E:C6,ALL,udp:53541,2607:f8b0:4004:c1b::5b*,691,85464,339,49176,352,36288
D4:F5:47:82:0E:C6,ALL,udp:53541,2620:0:5301:2210:80b1:357e:1b3:bfd5*,691,85464,352,36288,339,49176
D4:F5:47:82:0E:C6,ALL,udp:34437,2607:f8b0:4004:c0b::8a*,25,12684,13,9440,12,3244
D4:F5:47:82:0E:C6,ALL,udp:34437,2620:0:5301:2210:80b1:357e:1b3:bfd5*,25,12684,12,3244,13,9440
D4:F5:47:82:0E:C6,ALL,udp:40934,2607:f8b0:4004:c0b::64*,21,10975,12,7538,9,3437
D4:F5:47:82:0E:C6,ALL,udp:40934,2620:0:5301:2210:80b1:357e:1b3:bfd5*,21,10975,9,3437,12,7538
D4:F5:47:82:0E:C6,ALL,udp:45483,2607:f8b0:4004:c0b::8b*,20,10876,11,7439,9,3437
D4:F5:47:82:0E:C6,ALL,udp:45483,2620:0:5301:2210:80b1:357e:1b3:bfd5*,20,10876,9,3437,11,7439
D4:F5:47:82:0E:C6,ALL,udp:43421,2607:f8b0:4004:c09::5b*,696,85969,344,49659,352,36310
D4:F5:47:82:0E:C6,ALL,udp:43421,2620:0:5301:2210:80b1:357e:1b3:bfd5*,696,85969,352,36310,344,49659
D4:F5:47:82:0E:C6,ALL,udp:36679,2607:f8b0:4004:c0b::8b*,25,12681,13,9437,12,3244
D4:F5:47:82:0E:C6,ALL,udp:36679,2620:0:5301:2210:80b1:357e:1b3:bfd5*,25,12681,12,3244,13,9437
D4:F5:47:82:0E:C6,ALL,udp:37633,2607:f8b0:4004:c0b::8a*,21,10977,12,7541,9,3436
D4:F5:47:82:0E:C6,ALL,udp:37633,2620:0:5301:2210:80b1:357e:1b3:bfd5*,21,10977,9,3436,12,7541
D4:F5:47:82:0E:C6,ALL,udp:41152,2607:f8b0:4004:c06::be*,735,90127,362,51799,373,38328
D4:F5:47:82:0E:C6,ALL,udp:41152,2620:0:5301:2210:80b1:357e:1b3:bfd5*,735,90127,373,38328,362,51799
D4:F5:47:82:0E:C6,ALL,udp:57980,2607:f8b0:4004:c0b::8a*,19,10763,11,7452,8,3311
D4:F5:47:82:0E:C6,ALL,udp:57980,2620:0:5301:2210:80b1:357e:1b3:bfd5*,19,10763,8,3311,11,7452
D4:F5:47:82:0E:C6,ALL,udp:60689,2607:f8b0:4004:c1d::65*,25,12687,13,9443,12,3244
D4:F5:47:82:0E:C6,ALL,udp:60689,2620:0:5301:2210:80b1:357e:1b3:bfd5*,25,12687,12,3244,13,9443
D4:F5:47:82:0E:C6,ALL,udp:37299,2607:f8b0:4004:c0b::64*,20,10877,11,7438,9,3439
D4:F5:47:82:0E:C6,ALL,udp:37299,2620:0:5301:2210:80b1:357e:1b3:bfd5*,20,10877,9,3439,11,7438
D4:F5:47:82:0E:C6,ALL,udp:55134,2607:f8b0:4004:c0b::8a*,25,12683,13,9439,12,3244
D4:F5:47:82:0E:C6,ALL,udp:55134,2620:0:5301:2210:80b1:357e:1b3:bfd5*,25,12683,12,3244,13,9439
D4:F5:47:82:0E:C6,ALL,udp:45652,2607:f8b0:4004:c07::5d*,680,83845,334,48064,346,35781
D4:F5:47:82:0E:C6,ALL,udp:45652,2620:0:5301:2210:80b1:357e:1b3:bfd5*,680,83845,346,35781,334,48064
D4:F5:47:82:0E:C6,ALL,udp:45498,2607:f8b0:4004:c0b::71*,21,10967,12,7535,9,3432
D4:F5:47:82:0E:C6,ALL,udp:45498,2620:0:5301:2210:80b1:357e:1b3:bfd5*,21,10967,9,3432,12,7535
D4:F5:47:82:0E:C6,ALL,udp:40849,2607:f8b0:4004:c0b::71*,20,10873,11,7437,9,3436
D4:F5:47:82:0E:C6,ALL,udp:40849,2620:0:5301:2210:80b1:357e:1b3:bfd5*,20,10873,9,3436,11,7437
D4:F5:47:82:0E:C6,ALL,udp:43529,2607:f8b0:4004:c1d::64*,14,6565,7,3519,7,3046
D4:F5:47:82:0E:C6,ALL,udp:43529,2620:0:5301:2210:80b1:357e:1b3:bfd5*,14,6565,7,3046,7,3519
D4:F5:47:82:0E:C6,ALL,udp:40965,2607:f8b0:4004:c0b::8a*,25,12684,13,9440,12,3244
D4:F5:47:82:0E:C6,ALL,udp:40965,2620:0:5301:2210:80b1:357e:1b3:bfd5*,25,12684,12,3244,13,9440
D4:F5:47:82:0E:C6,ALL,udp:56564,2607:f8b0:4004:c17::be*,711,86914,350,49597,361,37317
D4:F5:47:82:0E:C6,ALL,udp:56564,2620:0:5301:2210:80b1:357e:1b3:bfd5*,711,86914,361,37317,350,49597
D4:F5:47:82:0E:C6,ALL,udp:52176,2607:f8b0:4004:c0b::66*,21,10979,12,7541,9,3438
D4:F5:47:82:0E:C6,ALL,udp:52176,2620:0:5301:2210:80b1:357e:1b3:bfd5*,21,10979,9,3438,12,7541
D4:F5:47:82:0E:C6,ALL,udp:49081,2607:f8b0:4004:c1d::71*,493,556599,95,14689,398,541910
D4:F5:47:82:0E:C6,ALL,udp:49081,2620:0:5301:2210:80b1:357e:1b3:bfd5*,493,556599,398,541910,95,14689
D4:F5:47:82:0E:C6,ALL,udp:34495,2607:f8b0:4004:c0b::8a*,18,10592,9,7189,9,3403
D4:F5:47:82:0E:C6,ALL,udp:34495,2620:0:5301:2210:80b1:357e:1b3:bfd5*,18,10592,9,3403,9,7189
D4:F5:47:82:0E:C6,ALL,udp:41710,2607:f8b0:4004:c0b::8a*,25,12681,13,9437,12,3244
D4:F5:47:82:0E:C6,ALL,udp:41710,2620:0:5301:2210:80b1:357e:1b3:bfd5*,25,12681,12,3244,13,9437
D4:F5:47:82:0E:C6,ALL,udp:38222,2607:f8b0:4004:c06::5e*,19,10335,10,3893,9,6442
D4:F5:47:82:0E:C6,ALL,udp:38222,2620:0:5301:2210:d84e:e842:57fc:6dca*,19,10335,9,6442,10,3893
D4:F5:47:82:0E:C6,ALL,udp:50560,2607:f8b0:4004:c1d::71*,496,560905,96,16228,400,544677
D4:F5:47:82:0E:C6,ALL,udp:50560,2620:0:5301:2210:d84e:e842:57fc:6dca*,496,560905,400,544677,96,16228
D4:F5:47:82:0E:C6,ALL,udp:48715,2607:f8b0:4004:c08::5b*,689,81112,336,44595,353,36517
D4:F5:47:82:0E:C6,ALL,udp:48715,2620:0:5301:2210:d84e:e842:57fc:6dca*,689,81112,353,36517,336,44595
D4:F5:47:82:0E:C6,ALL,udp:53888,2607:f8b0:4004:c0b::8a*,20,10877,11,7439,9,3438
D4:F5:47:82:0E:C6,ALL,udp:53888,2620:0:5301:2210:d84e:e842:57fc:6dca*,20,10877,9,3438,11,7439
D4:F5:47:82:0E:C6,ALL,udp:50445,2607:f8b0:4004:c0b::71*,25,12679,13,9435,12,3244
D4:F5:47:82:0E:C6,ALL,udp:50445,2620:0:5301:2210:d84e:e842:57fc:6dca*,25,12679,12,3244,13,9435
D4:F5:47:82:0E:C6,ALL,udp:33713,2607:f8b0:4004:c0b::8b*,20,10875,11,7437,9,3438
D4:F5:47:82:0E:C6,ALL,udp:33713,2620:0:5301:2210:d84e:e842:57fc:6dca*,20,10875,9,3438,11,7437
D4:F5:47:82:0E:C6,ALL,udp:37681,2607:f8b0:4004:c09::5d*,708,83040,349,45920,359,37120
D4:F5:47:82:0E:C6,ALL,udp:37681,2620:0:5301:2210:d84e:e842:57fc:6dca*,708,83040,359,37120,349,45920
D4:F5:47:82:0E:C6,ALL,udp:39725,2607:f8b0:4004:c0b::65*,20,10871,11,7434,9,3437
D4:F5:47:82:0E:C6,ALL,udp:39725,2620:0:5301:2210:d84e:e842:57fc:6dca*,20,10871,9,3437,11,7434
D4:F5:47:82:0E:C6,ALL,udp:42540,2607:f8b0:4004:c1d::66*,25,12677,13,9433,12,3244
D4:F5:47:82:0E:C6,ALL,udp:42540,2620:0:5301:2210:d84e:e842:57fc:6dca*,25,12677,12,3244,13,9433
D4:F5:47:82:0E:C6,ALL,udp:57526,2607:f8b0:4004:c08::5b*,695,85389,341,48735,354,36654
D4:F5:47:82:0E:C6,ALL,udp:57526,2620:0:5301:2210:d84e:e842:57fc:6dca*,695,85389,354,36654,341,48735
D4:F5:47:82:0E:C6,ALL,udp:41988,2607:f8b0:4004:c0b::66*,20,10864,11,7434,9,3430
D4:F5:47:82:0E:C6,ALL,udp:41988,2620:0:5301:2210:d84e:e842:57fc:6dca*,20,10864,9,3430,11,7434
D4:F5:47:82:0E:C6,ALL,udp:49558,2001:4860:4806:c::*,4,440,2,220,2,220
D4:F5:47:82:0E:C6,ALL,udp:49558,2607:f8b0:4004:c0b::8b*,25,11382,14,7731,11,3651
D4:F5:47:82:0E:C6,ALL,udp:49558,2620:0:5301:2210:6010:9ee0:5b67:be83*,4,440,2,220,2,220
D4:F5:47:82:0E:C6,ALL,udp:51427,2607:f8b0:4004:c0b::8a*,25,12679,13,9435,12,3244
D4:F5:47:82:0E:C6,ALL,udp:51427,2620:0:5301:2210:d84e:e842:57fc:6dca*,25,12679,12,3244,13,9435
D4:F5:47:82:0E:C6,ALL,udp:54217,2607:f8b0:4004:c07::88*,705,86971,347,49935,358,37036
D4:F5:47:82:0E:C6,ALL,udp:54217,2620:0:5301:2210:d84e:e842:57fc:6dca*,705,86971,358,37036,347,49935
D4:F5:47:82:0E:C6,ALL,udp:50045,2607:f8b0:4004:c0b::64*,20,10871,11,7437,9,3434
D4:F5:47:82:0E:C6,ALL,udp:50045,2620:0:5301:2210:d84e:e842:57fc:6dca*,20,10871,9,3434,11,7437
D4:F5:47:82:0E:C6,ALL,udp:43938,2607:f8b0:4004:c1d::8a*,27,12979,16,9793,11,3186
D4:F5:47:82:0E:C6,ALL,udp:43938,2620:0:5301:2210:d84e:e842:57fc:6dca*,27,12979,11,3186,16,9793
D4:F5:47:82:0E:C6,ALL,udp:54584,2607:f8b0:4004:c0b::8a*,18,10592,9,7189,9,3403
D4:F5:47:82:0E:C6,ALL,udp:54584,2620:0:5301:2210:d84e:e842:57fc:6dca*,18,10592,9,3403,9,7189
D4:F5:47:82:0E:C6,ALL,udp:54891,2607:f8b0:4004:c1d::88*,728,89636,358,51438,370,38198
D4:F5:47:82:0E:C6,ALL,udp:54891,2620:0:5301:2210:d84e:e842:57fc:6dca*,728,89636,370,38198,358,51438
D4:F5:47:82:0E:C6,ALL,udp:49135,2607:f8b0:4004:c0b::65*,21,10975,12,7539,9,3436
D4:F5:47:82:0E:C6,ALL,udp:49135,2620:0:5301:2210:d84e:e842:57fc:6dca*,21,10975,9,3436,12,7539
D4:F5:47:82:0E:C6,ALL,udp:57251,2607:f8b0:4004:c0b::8b*,25,12685,13,9441,12,3244
D4:F5:47:82:0E:C6,ALL,udp:57251,2620:0:5301:2210:d84e:e842:57fc:6dca*,25,12685,12,3244,13,9441
D4:F5:47:82:0E:C6,ALL,udp:40110,2607:f8b0:4004:c0b::71*,20,10872,11,7436,9,3436
D4:F5:47:82:0E:C6,ALL,udp:40110,2620:0:5301:2210:d84e:e842:57fc:6dca*,20,10872,9,3436,11,7436
D4:F5:47:82:0E:C6,ALL,udp:44859,2607:f8b0:4004:c06::5d*,691,85642,340,49279,351,36363
D4:F5:47:82:0E:C6,ALL,udp:44859,2620:0:5301:2210:d84e:e842:57fc:6dca*,691,85642,351,36363,340,49279
D4:F5:47:82:0E:C6,ALL,udp:52669,2607:f8b0:4004:c1d::66*,20,10868,12,7556,8,3312
D4:F5:47:82:0E:C6,ALL,udp:52669,2620:0:5301:2210:d84e:e842:57fc:6dca*,20,10868,8,3312,12,7556
D4:F5:47:82:0E:C6,ALL,udp:48777,2607:f8b0:4004:c1d::66*,25,12681,13,9438,12,3243
D4:F5:47:82:0E:C6,ALL,udp:48777,2620:0:5301:2210:d84e:e842:57fc:6dca*,25,12681,12,3243,13,9438
D4:F5:47:82:0E:C6,ALL,udp:38755,2607:f8b0:4004:c0b::5d*,717,88136,353,50519,364,37617
D4:F5:47:82:0E:C6,ALL,udp:38755,2620:0:5301:2210:d84e:e842:57fc:6dca*,717,88136,364,37617,353,50519
D4:F5:47:82:0E:C6,ALL,udp:53304,2607:f8b0:4004:c0b::71*,488,556081,90,14181,398,541900
D4:F5:47:82:0E:C6,ALL,udp:53304,2620:0:5301:2210:d84e:e842:57fc:6dca*,488,556081,398,541900,90,14181
D4:F5:47:82:0E:C6,ALL,udp:32956,2607:f8b0:4004:c0b::71*,18,10592,9,7189,9,3403
D4:F5:47:82:0E:C6,ALL,udp:32956,2620:0:5301:2210:d84e:e842:57fc:6dca*,18,10592,9,3403,9,7189
D4:F5:47:82:0E:C6,ALL,udp:38028,2001:4860:4806:8::*,2,220,1,110,1,110
D4:F5:47:82:0E:C6,ALL,udp:38028,2607:f8b0:4004:c0b::64*,27,12975,16,9788,11,3187
D4:F5:47:82:0E:C6,ALL,udp:38028,2620:0:5301:2210:b9e1:9db5:574d:b199*,2,220,1,110,1,110
D4:F5:47:82:0E:C6,ALL,udp:39227,2607:f8b0:4004:c0b::64*,18,10592,9,7189,9,3403
D4:F5:47:82:0E:C6,ALL,udp:39227,2620:0:5301:2210:d84e:e842:57fc:6dca*,18,10592,9,3403,9,7189
D4:F5:47:82:0E:C6,ALL,udp:49033,2607:f8b0:4004:c17::5d*,688,85351,339,49191,349,36160
D4:F5:47:82:0E:C6,ALL,udp:49033,2620:0:5301:2210:d84e:e842:57fc:6dca*,688,85351,349,36160,339,49191
D4:F5:47:82:0E:C6,ALL,udp:45208,2607:f8b0:4004:c1d::64*,20,10874,11,7436,9,3438
D4:F5:47:82:0E:C6,ALL,udp:45208,2620:0:5301:2210:d84e:e842:57fc:6dca*,20,10874,9,3438,11,7436
D4:F5:47:82:0E:C6,ALL,udp:34602,2607:f8b0:4004:c0b::8b*,25,12676,13,9432,12,3244
D4:F5:47:82:0E:C6,ALL,udp:34602,2620:0:5301:2210:d84e:e842:57fc:6dca*,25,12676,12,3244,13,9432
D4:F5:47:82:0E:C6,ALL,udp:48606,2607:f8b0:4004:c0b::8b*,20,10871,11,7436,9,3435
D4:F5:47:82:0E:C6,ALL,udp:48606,2620:0:5301:2210:d84e:e842:57fc:6dca*,20,10871,9,3435,11,7436
D4:F5:47:82:0E:C6,ALL,udp:49384,2607:f8b0:4004:c1b::5b*,682,80538,335,44588,347,35950
D4:F5:47:82:0E:C6,ALL,udp:49384,2620:0:5301:2210:d84e:e842:57fc:6dca*,682,80538,347,35950,335,44588
D4:F5:47:82:0E:C6,ALL,udp:37514,2607:f8b0:4004:c0b::8b*,21,10969,12,7535,9,3434
D4:F5:47:82:0E:C6,ALL,udp:37514,2620:0:5301:2210:d84e:e842:57fc:6dca*,21,10969,9,3434,12,7535
D4:F5:47:82:0E:C6,ALL,udp:51709,2607:f8b0:4004:c0b::64*,25,12679,13,9435,12,3244
D4:F5:47:82:0E:C6,ALL,udp:51709,2620:0:5301:2210:d84e:e842:57fc:6dca*,25,12679,12,3244,13,9435
D4:F5:47:82:0E:C6,ALL,udp:54169,2607:f8b0:4004:c0b::65*,20,10873,11,7437,9,3436
D4:F5:47:82:0E:C6,ALL,udp:54169,2620:0:5301:2210:d84e:e842:57fc:6dca*,20,10873,9,3436,11,7437
D4:F5:47:82:0E:C6,ALL,udp:59867,2607:f8b0:4004:c1d::be*,674,83354,333,47986,341,35368
D4:F5:47:82:0E:C6,ALL,udp:59867,2620:0:5301:2210:d84e:e842:57fc:6dca*,674,83354,341,35368,333,47986
D4:F5:47:82:0E:C6,ALL,udp:48876,2607:f8b0:4004:c0b::8a*,26,12864,15,9683,11,3181
D4:F5:47:82:0E:C6,ALL,udp:48876,2620:0:5301:2210:d84e:e842:57fc:6dca*,26,12864,11,3181,15,9683
D4:F5:47:82:0E:C6,ALL,udp:53538,2607:f8b0:4004:c0b::66*,18,10592,9,7189,9,3403
D4:F5:47:82:0E:C6,ALL,udp:53538,2620:0:5301:2210:d84e:e842:57fc:6dca*,18,10592,9,3403,9,7189
D4:F5:47:82:0E:C6,ALL,udp:53727,2607:f8b0:4004:c21::71*,13,6470,6,3424,7,3046
D4:F5:47:82:0E:C6,ALL,udp:53727,2620:0:5301:2210:d84e:e842:57fc:6dca*,13,6470,7,3046,6,3424
D4:F5:47:82:0E:C6,ALL,udp:55465,2607:f8b0:4004:c08::5e*,22,12450,11,2759,11,9691
D4:F5:47:82:0E:C6,ALL,udp:55465,2620:0:5301:2210:d84e:e842:57fc:6dca*,22,12450,11,9691,11,2759
D4:F5:47:82:0E:C6,ALL,udp:60817,2607:f8b0:4004:c08::5d*,687,84609,338,48461,349,36148
D4:F5:47:82:0E:C6,ALL,udp:60817,2620:0:5301:2210:d84e:e842:57fc:6dca*,687,84609,349,36148,338,48461
D4:F5:47:82:0E:C6,ALL,udp:42054,2607:f8b0:4004:c0b::66*,22,11071,13,7636,9,3435
D4:F5:47:82:0E:C6,ALL,udp:42054,2620:0:5301:2210:d84e:e842:57fc:6dca*,22,11071,9,3435,13,7636
D4:F5:47:82:0E:C6,ALL,udp:32793,2607:f8b0:4004:c0b::71*,25,12676,13,9432,12,3244
D4:F5:47:82:0E:C6,ALL,udp:32793,2620:0:5301:2210:d84e:e842:57fc:6dca*,25,12676,12,3244,13,9432
D4:F5:47:82:0E:C6,ALL,udp:45978,2607:f8b0:4004:c1d::66*,21,10978,12,7542,9,3436
D4:F5:47:82:0E:C6,ALL,udp:45978,2620:0:5301:2210:d84e:e842:57fc:6dca*,21,10978,9,3436,12,7542
D4:F5:47:82:0E:C6,ALL,udp:34868,2001:4860:4806:4::*,2,220,1,110,1,110
D4:F5:47:82:0E:C6,ALL,udp:34868,2607:f8b0:4004:c21::5b*,370,51328,178,30565,192,20763
D4:F5:47:82:0E:C6,ALL,udp:40053,2607:f8b0:4004:c1d::64*,20,10873,11,7440,9,3433
D4:F5:47:82:0E:C6,ALL,udp:40053,2620:0:5301:2210:d84e:e842:57fc:6dca*,20,10873,9,3433,11,7440
D4:F5:47:82:0E:C6,ALL,udp:51611,2607:f8b0:4004:c0b::66*,25,12677,13,9434,12,3243
D4:F5:47:82:0E:C6,ALL,udp:51611,2620:0:5301:2210:d84e:e842:57fc:6dca*,25,12677,12,3243,13,9434
D4:F5:47:82:0E:C6,ALL,udp:51095,2607:f8b0:4004:c06::5e*,16,6525,9,3774,7,2751
D4:F5:47:82:0E:C6,ALL,udp:51095,2620:0:5301:2210:d837:4265:fcf4:a374*,16,6525,7,2751,9,3774
D4:F5:47:82:0E:C6,ALL,udp:41344,2607:f8b0:4004:c0b::65*,497,558241,99,15014,398,543227
D4:F5:47:82:0E:C6,ALL,udp:41344,2620:0:5301:2210:d837:4265:fcf4:a374*,497,558241,398,543227,99,15014
D4:F5:47:82:0E:C6,ALL,udp:46173,2607:f8b0:4004:c0b::8a*,21,10975,12,7541,9,3434
D4:F5:47:82:0E:C6,ALL,udp:46173,2620:0:5301:2210:d837:4265:fcf4:a374*,21,10975,9,3434,12,7541
D4:F5:47:82:0E:C6,ALL,udp:41089,2607:f8b0:4004:c0b::71*,20,10869,11,7433,9,3436
D4:F5:47:82:0E:C6,ALL,udp:41089,2620:0:5301:2210:d837:4265:fcf4:a374*,20,10869,9,3436,11,7433
D4:F5:47:82:0E:C6,ALL,udp:38658,2607:f8b0:4004:c0b::65*,13,8948,5,1898,8,7050
D4:F5:47:82:0E:C6,ALL,udp:38658,2620:0:5301:2210:b9e1:9db5:574d:b199*,13,8948,8,7050,5,1898
D4:F5:47:82:0E:C6,ALL,udp:42381,2607:f8b0:4004:c0b::65*,25,15790,12,6376,13,9414
D4:F5:47:82:0E:C6,ALL,udp:42381,2620:0:5301:2210:b9e1:9db5:574d:b199*,25,15790,13,9414,12,6376
D4:F5:47:82:0E:C6,ALL,udp:60921,2607:f8b0:4004:c0b::65*,25,12675,13,9431,12,3244
D4:F5:47:82:0E:C6,ALL,udp:60921,2620:0:5301:2210:b9e1:9db5:574d:b199*,25,12675,12,3244,13,9431
D4:F5:47:82:0E:C6,ALL,udp:42843,2607:f8b0:4004:c1b::be*,1315,793965,448,58350,867,735615
D4:F5:47:82:0E:C6,ALL,udp:42843,2620:0:5301:2210:b9e1:9db5:574d:b199*,1315,793965,867,735615,448,58350
D4:F5:47:82:0E:C6,ALL,udp:54810,2607:f8b0:4004:c0b::65*,25,12675,13,9431,12,3244
D4:F5:47:82:0E:C6,ALL,udp:54810,2620:0:5301:2210:b9e1:9db5:574d:b199*,25,12675,12,3244,13,9431
D4:F5:47:82:0E:C6,ALL,udp:45467,2607:f8b0:4004:c1d::65*,27,12862,15,9621,12,3241
D4:F5:47:82:0E:C6,ALL,udp:45467,2620:0:5301:2210:b9e1:9db5:574d:b199*,27,12862,12,3241,15,9621
D4:F5:47:82:0E:C6,ALL,udp:54828,2607:f8b0:4004:c0b::71*,25,12675,13,9431,12,3244
D4:F5:47:82:0E:C6,ALL,udp:54828,2620:0:5301:2210:b9e1:9db5:574d:b199*,25,12675,12,3244,13,9431
D4:F5:47:82:0E:C6,ALL,udp:41904,2607:f8b0:4004:c1d::8b*,25,12675,13,9431,12,3244
D4:F5:47:82:0E:C6,ALL,udp:41904,2620:0:5301:2210:b9e1:9db5:574d:b199*,25,12675,12,3244,13,9431
D4:F5:47:82:0E:C6,ALL,udp:48746,2607:f8b0:4004:c0b::64*,20,10875,11,7437,9,3438
D4:F5:47:82:0E:C6,ALL,udp:48746,2620:0:5301:2210:b9e1:9db5:574d:b199*,20,10875,9,3438,11,7437
D4:F5:47:82:0E:C6,ALL,udp:43862,2607:f8b0:4004:c1d::66*,25,12676,13,9432,12,3244
D4:F5:47:82:0E:C6,ALL,udp:43862,2620:0:5301:2210:b9e1:9db5:574d:b199*,25,12676,12,3244,13,9432
D4:F5:47:82:0E:C6,ALL,udp:49839,2607:f8b0:4004:c09::5b*,688,84229,338,48145,350,36084
D4:F5:47:82:0E:C6,ALL,udp:49839,2620:0:5301:2210:b9e1:9db5:574d:b199*,688,84229,350,36084,338,48145
D4:F5:47:82:0E:C6,ALL,udp:55056,2607:f8b0:4004:c1d::8a*,21,10972,12,7538,9,3434
D4:F5:47:82:0E:C6,ALL,udp:55056,2620:0:5301:2210:b9e1:9db5:574d:b199*,21,10972,9,3434,12,7538
D4:F5:47:82:0E:C6,ALL,udp:38314,2607:f8b0:4004:c0b::8a*,21,10977,12,7540,9,3437
D4:F5:47:82:0E:C6,ALL,udp:38314,2620:0:5301:2210:b9e1:9db5:574d:b199*,21,10977,9,3437,12,7540
D4:F5:47:82:0E:C6,ALL,udp:34354,2607:f8b0:4004:c1d::64*,25,12676,13,9432,12,3244
D4:F5:47:82:0E:C6,ALL,udp:34354,2620:0:5301:2210:b9e1:9db5:574d:b199*,25,12676,12,3244,13,9432
D4:F5:47:82:0E:C6,ALL,udp:45958,2607:f8b0:4004:c06::88*,687,84771,338,48780,349,35991
D4:F5:47:82:0E:C6,ALL,udp:45958,2620:0:5301:2210:b9e1:9db5:574d:b199*,687,84771,349,35991,338,48780
D4:F5:47:82:0E:C6,ALL,udp:45728,2607:f8b0:4004:c0b::8b*,20,10871,11,7435,9,3436
D4:F5:47:82:0E:C6,ALL,udp:45728,2620:0:5301:2210:b9e1:9db5:574d:b199*,20,10871,9,3436,11,7435
D4:F5:47:82:0E:C6,ALL,udp:46321,2607:f8b0:4004:c0b::64*,20,10875,11,7438,9,3437
D4:F5:47:82:0E:C6,ALL,udp:46321,2620:0:5301:2210:b9e1:9db5:574d:b199*,20,10875,9,3437,11,7438
D4:F5:47:82:0E:C6,ALL,udp:58478,2607:f8b0:4004:c0b::64*,25,12682,13,9438,12,3244
D4:F5:47:82:0E:C6,ALL,udp:58478,2620:0:5301:2210:b9e1:9db5:574d:b199*,25,12682,12,3244,13,9438
D4:F5:47:82:0E:C6,ALL,udp:57568,2607:f8b0:4004:c17::5d*,683,84360,336,48575,347,35785
D4:F5:47:82:0E:C6,ALL,udp:57568,2620:0:5301:2210:b9e1:9db5:574d:b199*,683,84360,347,35785,336,48575
D4:F5:47:82:0E:C6,ALL,udp:57762,2607:f8b0:4004:c1d::71*,20,10868,11,7435,9,3433
D4:F5:47:82:0E:C6,ALL,udp:57762,2620:0:5301:2210:b9e1:9db5:574d:b199*,20,10868,9,3433,11,7435
D4:F5:47:82:0E:C6,ALL,udp:48328,2607:f8b0:4004:c1d::66*,27,12975,16,9794,11,3181
D4:F5:47:82:0E:C6,ALL,udp:48328,2620:0:5301:2210:b9e1:9db5:574d:b199*,27,12975,11,3181,16,9794
D4:F5:47:82:0E:C6,ALL,udp:37003,2607:f8b0:4004:c1d::65*,18,10592,9,7189,9,3403
D4:F5:47:82:0E:C6,ALL,udp:37003,2620:0:5301:2210:b9e1:9db5:574d:b199*,18,10592,9,3403,9,7189
D4:F5:47:82:0E:C6,ALL,udp:58592,2607:f8b0:4004:c0b::88*,695,85577,341,49066,354,36511
D4:F5:47:82:0E:C6,ALL,udp:58592,2620:0:5301:2210:b9e1:9db5:574d:b199*,695,85577,354,36511,341,49066
D4:F5:47:82:0E:C6,ALL,udp:37777,2607:f8b0:4004:c0b::65*,20,10875,11,7438,9,3437
D4:F5:47:82:0E:C6,ALL,udp:37777,2620:0:5301:2210:b9e1:9db5:574d:b199*,20,10875,9,3437,11,7438
D4:F5:47:82:0E:C6,ALL,udp:50593,2607:f8b0:4004:c0b::8b*,25,12680,13,9436,12,3244
D4:F5:47:82:0E:C6,ALL,udp:50593,2620:0:5301:2210:b9e1:9db5:574d:b199*,25,12680,12,3244,13,9436
D4:F5:47:82:0E:C6,ALL,udp:36268,2607:f8b0:4004:c0b::64*,20,10871,11,7437,9,3434
D4:F5:47:82:0E:C6,ALL,udp:36268,2620:0:5301:2210:b9e1:9db5:574d:b199*,20,10871,9,3434,11,7437
D4:F5:47:82:0E:C6,ALL,udp:57003,2607:f8b0:4004:c0b::71*,490,556224,91,14213,399,542011
D4:F5:47:82:0E:C6,ALL,udp:57003,2620:0:5301:2210:b9e1:9db5:574d:b199*,490,556224,399,542011,91,14213
D4:F5:47:82:0E:C6,ALL,udp:51646,2607:f8b0:4004:c19::88*,686,84670,338,48776,348,35894
D4:F5:47:82:0E:C6,ALL,udp:51646,2620:0:5301:2210:b9e1:9db5:574d:b199*,686,84670,348,35894,338,48776
D4:F5:47:82:0E:C6,ALL,udp:38977,2607:f8b0:4004:c1d::71*,19,10767,11,7455,8,3312
D4:F5:47:82:0E:C6,ALL,udp:38977,2620:0:5301:2210:b9e1:9db5:574d:b199*,19,10767,8,3312,11,7455
D4:F5:47:82:0E:C6,ALL,udp:38208,2607:f8b0:4004:c0b::66*,25,12680,13,9436,12,3244
D4:F5:47:82:0E:C6,ALL,udp:38208,2620:0:5301:2210:b9e1:9db5:574d:b199*,25,12680,12,3244,13,9436
D4:F5:47:82:0E:C6,ALL,udp:51999,2607:f8b0:4004:c07::5d*,669,82468,329,47286,340,35182
D4:F5:47:82:0E:C6,ALL,udp:51999,2620:0:5301:2210:b9e1:9db5:574d:b199*,669,82468,340,35182,329,47286
D4:F5:47:82:0E:C6,ALL,udp:42329,2607:f8b0:4004:c0b::65*,20,10868,11,7437,9,3431
D4:F5:47:82:0E:C6,ALL,udp:42329,2620:0:5301:2210:b9e1:9db5:574d:b199*,20,10868,9,3431,11,7437
D4:F5:47:82:0E:C6,ALL,udp:49006,2607:f8b0:4004:c1d::8a*,21,10975,12,7540,9,3435
D4:F5:47:82:0E:C6,ALL,udp:49006,2620:0:5301:2210:b9e1:9db5:574d:b199*,21,10975,9,3435,12,7540
D4:F5:47:82:0E:C6,ALL,udp:53899,2607:f8b0:4004:c0b::8b*,25,12679,13,9435,12,3244
D4:F5:47:82:0E:C6,ALL,udp:53899,2620:0:5301:2210:b9e1:9db5:574d:b199*,25,12679,12,3244,13,9435
D4:F5:47:82:0E:C6,ALL,udp:50899,2607:f8b0:4004:c1d::5b*,691,84709,338,48150,353,36559
D4:F5:47:82:0E:C6,ALL,udp:50899,2620:0:5301:2210:b9e1:9db5:574d:b199*,691,84709,353,36559,338,48150
D4:F5:47:82:0E:C6,ALL,udp:49026,2607:f8b0:4004:c0b::8a*,20,10869,11,7436,9,3433
D4:F5:47:82:0E:C6,ALL,udp:49026,2620:0:5301:2210:b9e1:9db5:574d:b199*,20,10869,9,3433,11,7436
D4:F5:47:82:0E:C6,ALL,udp:47525,2607:f8b0:4004:c0b::71*,25,12679,13,9435,12,3244
D4:F5:47:82:0E:C6,ALL,udp:47525,2620:0:5301:2210:b9e1:9db5:574d:b199*,25,12679,12,3244,13,9435
D4:F5:47:82:0E:C6,ALL,udp:48587,2607:f8b0:4004:c0b::64*,20,10866,11,7432,9,3434
D4:F5:47:82:0E:C6,ALL,udp:48587,2620:0:5301:2210:b9e1:9db5:574d:b199*,20,10866,9,3434,11,7432
D4:F5:47:82:0E:C6,ALL,udp:38072,2607:f8b0:4004:c06::5d*,695,85083,341,48434,354,36649
D4:F5:47:82:0E:C6,ALL,udp:38072,2620:0:5301:2210:b9e1:9db5:574d:b199*,695,85083,354,36649,341,48434
D4:F5:47:82:0E:C6,ALL,udp:60513,2607:f8b0:4004:c1d::71*,21,10979,12,7541,9,3438
D4:F5:47:82:0E:C6,ALL,udp:60513,2620:0:5301:2210:b9e1:9db5:574d:b199*,21,10979,9,3438,12,7541
D4:F5:47:82:0E:C6,ALL,udp:40673,2607:f8b0:4004:c0b::71*,25,12677,13,9433,12,3244
D4:F5:47:82:0E:C6,ALL,udp:40673,2620:0:5301:2210:b9e1:9db5:574d:b199*,25,12677,12,3244,13,9433
D4:F5:47:82:0E:C6,ALL,udp:39078,2607:f8b0:4004:c0b::88*,695,85686,341,49061,354,36625
D4:F5:47:82:0E:C6,ALL,udp:39078,2620:0:5301:2210:b9e1:9db5:574d:b199*,695,85686,354,36625,341,49061
D4:F5:47:82:0E:C6,ALL,udp:41517,2607:f8b0:4004:c1d::65*,20,10873,11,7438,9,3435
D4:F5:47:82:0E:C6,ALL,udp:41517,2620:0:5301:2210:b9e1:9db5:574d:b199*,20,10873,9,3435,11,7438
D4:F5:47:82:0E:C6,ALL,udp:60636,2607:f8b0:4004:c0b::8b*,16,6837,8,3672,8,3165
D4:F5:47:82:0E:C6,ALL,udp:60636,2620:0:5301:2210:b9e1:9db5:574d:b199*,16,6837,8,3165,8,3672
D4:F5:47:82:0E:C6,ALL,udp:59906,2607:f8b0:4004:c0b::66*,18,10592,9,7189,9,3403
D4:F5:47:82:0E:C6,ALL,udp:59906,2620:0:5301:2210:b9e1:9db5:574d:b199*,18,10592,9,3403,9,7189
D4:F5:47:82:0E:C6,ALL,udp:50890,2001:4860:4806:8::*,2,220,1,110,1,110
D4:F5:47:82:0E:C6,ALL,udp:50890,2607:f8b0:4004:c0b::65*,25,12678,13,9434,12,3244
D4:F5:47:82:0E:C6,ALL,udp:50890,2607:f8b0:4004:c1b::5d*,683,84554,335,48500,348,36054
D4:F5:47:82:0E:C6,ALL,udp:50890,2620:0:5301:2210:6010:9ee0:5b67:be83*,2,220,1,110,1,110
D4:F5:47:82:0E:C6,ALL,udp:50890,2620:0:5301:2210:b9e1:9db5:574d:b199*,25,12678,12,3244,13,9434
D4:F5:47:82:0E:C6,ALL,udp:39468,2607:f8b0:4004:c08::88*,703,86475,346,49545,357,36930
D4:F5:47:82:0E:C6,ALL,udp:39468,2620:0:5301:2210:b9e1:9db5:574d:b199*,703,86475,357,36930,346,49545
D4:F5:47:82:0E:C6,ALL,udp:59865,2607:f8b0:4004:c0b::64*,20,10878,11,7439,9,3439
D4:F5:47:82:0E:C6,ALL,udp:59865,2620:0:5301:2210:b9e1:9db5:574d:b199*,20,10878,9,3439,11,7439
D4:F5:47:82:0E:C6,ALL,udp:33547,2607:f8b0:4004:c1d::66*,25,12679,13,9435,12,3244
D4:F5:47:82:0E:C6,ALL,udp:33547,2620:0:5301:2210:b9e1:9db5:574d:b199*,25,12679,12,3244,13,9435
D4:F5:47:82:0E:C6,ALL,udp:37315,2607:f8b0:4004:c1d::8a*,20,10873,11,7438,9,3435
D4:F5:47:82:0E:C6,ALL,udp:37315,2620:0:5301:2210:b9e1:9db5:574d:b199*,20,10873,9,3435,11,7438
D4:F5:47:82:0E:C6,ALL,udp:34734,2607:f8b0:4004:c1b::be*,462,61043,223,35515,239,25528
D4:F5:47:82:0E:C6,ALL,udp:34734,2620:0:5301:2210:b9e1:9db5:574d:b199*,462,61043,239,25528,223,35515
D4:F5:47:82:0E:C6,ALL,udp:49210,2607:f8b0:4004:c1d::64*,20,10875,11,7438,9,3437
D4:F5:47:82:0E:C6,ALL,udp:49210,2620:0:5301:2210:b9e1:9db5:574d:b199*,20,10875,9,3437,11,7438
D4:F5:47:82:0E:C6,ALL,udp:44778,2607:f8b0:4004:c1d::71*,494,556530,90,14119,404,542411
D4:F5:47:82:0E:C6,ALL,udp:44778,2620:0:5301:2210:b9e1:9db5:574d:b199*,494,556530,404,542411,90,14119
D4:F5:47:82:0E:C6,ALL,udp:56764,2607:f8b0:4004:c0b::65*,25,12676,13,9432,12,3244
D4:F5:47:82:0E:C6,ALL,udp:56764,2620:0:5301:2210:b9e1:9db5:574d:b199*,25,12676,12,3244,13,9432
D4:F5:47:82:0E:C6,ALL,udp:45912,2607:f8b0:4004:c06::5e*,29,11250,15,4371,14,6879
D4:F5:47:82:0E:C6,ALL,udp:45912,2620:0:5301:2210:c12c:20c:fc53:6554*,29,11250,14,6879,15,4371
D4:F5:47:82:0E:C6,ALL,udp:49271,2607:f8b0:4004:c0b::64*,563,568547,163,21260,400,547287
D4:F5:47:82:0E:C6,ALL,udp:49271,2620:0:5301:2210:c12c:20c:fc53:6554*,563,568547,400,547287,163,21260
D4:F5:47:82:0E:C6,ALL,udp:53230,2607:f8b0:4004:c1d::8a*,20,10869,11,7433,9,3436
D4:F5:47:82:0E:C6,ALL,udp:53230,2620:0:5301:2210:c12c:20c:fc53:6554*,20,10869,9,3436,11,7433
D4:F5:47:82:0E:C6,ALL,udp:33098,2607:f8b0:4004:c1d::71*,20,10872,11,7437,9,3435
D4:F5:47:82:0E:C6,ALL,udp:33098,2620:0:5301:2210:c12c:20c:fc53:6554*,20,10872,9,3435,11,7437
D4:F5:47:82:0E:C6,ALL,udp:60077,2607:f8b0:4004:c0b::65*,25,12679,13,9435,12,3244
D4:F5:47:82:0E:C6,ALL,udp:60077,2620:0:5301:2210:c12c:20c:fc53:6554*,25,12679,12,3244,13,9435
D4:F5:47:82:0E:C6,ALL,udp:36607,2607:f8b0:4004:c08::5d*,684,84663,337,48690,347,35973
D4:F5:47:82:0E:C6,ALL,udp:36607,2620:0:5301:2210:c12c:20c:fc53:6554*,684,84663,347,35973,337,48690
D4:F5:47:82:0E:C6,ALL,udp:46201,2607:f8b0:4004:c0b::65*,21,10976,12,7539,9,3437
D4:F5:47:82:0E:C6,ALL,udp:46201,2620:0:5301:2210:c12c:20c:fc53:6554*,21,10976,9,3437,12,7539
D4:F5:47:82:0E:C6,ALL,udp:55120,2607:f8b0:4004:c1d::8b*,27,12975,16,9791,11,3184
D4:F5:47:82:0E:C6,ALL,udp:55120,2620:0:5301:2210:c12c:20c:fc53:6554*,27,12975,11,3184,16,9791
D4:F5:47:82:0E:C6,ALL,udp:56279,2607:f8b0:4004:c0b::66*,18,10592,9,7189,9,3403
D4:F5:47:82:0E:C6,ALL,udp:56279,2620:0:5301:2210:c12c:20c:fc53:6554*,18,10592,9,3403,9,7189
D4:F5:47:82:0E:C6,ALL,udp:49538,2607:f8b0:4004:c21::5b*,674,83708,330,48022,344,35686
D4:F5:47:82:0E:C6,ALL,udp:49538,2620:0:5301:2210:c12c:20c:fc53:6554*,674,83708,344,35686,330,48022
D4:F5:47:82:0E:C6,ALL,udp:55013,2607:f8b0:4004:c0b::64*,21,10972,12,7539,9,3433
D4:F5:47:82:0E:C6,ALL,udp:55013,2620:0:5301:2210:c12c:20c:fc53:6554*,21,10972,9,3433,12,7539
D4:F5:47:82:0E:C6,ALL,udp:53026,2607:f8b0:4004:c1d::66*,25,12676,13,9432,12,3244
D4:F5:47:82:0E:C6,ALL,udp:53026,2620:0:5301:2210:c12c:20c:fc53:6554*,25,12676,12,3244,13,9432
D4:F5:47:82:0E:C6,ALL,udp:46805,2607:f8b0:4004:c07::5d*,680,84587,334,48495,346,36092
D4:F5:47:82:0E:C6,ALL,udp:46805,2620:0:5301:2210:c12c:20c:fc53:6554*,680,84587,346,36092,334,48495
D4:F5:47:82:0E:C6,ALL,udp:43510,2607:f8b0:4004:c0b::66*,20,10869,11,7436,9,3433
D4:F5:47:82:0E:C6,ALL,udp:43510,2620:0:5301:2210:c12c:20c:fc53:6554*,20,10869,9,3433,11,7436
D4:F5:47:82:0E:C6,ALL,udp:60202,2607:f8b0:4004:c0b::71*,20,10873,12,7561,8,3312
D4:F5:47:82:0E:C6,ALL,udp:60202,2620:0:5301:2210:c12c:20c:fc53:6554*,20,10873,8,3312,12,7561
D4:F5:47:82:0E:C6,ALL,udp:51081,2607:f8b0:4004:c0b::64*,25,12676,13,9432,12,3244
D4:F5:47:82:0E:C6,ALL,udp:51081,2620:0:5301:2210:c12c:20c:fc53:6554*,25,12676,12,3244,13,9432
D4:F5:47:82:0E:C6,ALL,udp:42283,2607:f8b0:4004:c1b::5d*,695,82558,340,45816,355,36742
D4:F5:47:82:0E:C6,ALL,udp:42283,2620:0:5301:2210:c12c:20c:fc53:6554*,695,82558,355,36742,340,45816
D4:F5:47:82:0E:C6,ALL,udp:41049,2607:f8b0:4004:c1d::8b*,20,10871,11,7437,9,3434
D4:F5:47:82:0E:C6,ALL,udp:41049,2620:0:5301:2210:c12c:20c:fc53:6554*,20,10871,9,3434,11,7437
D4:F5:47:82:0E:C6,ALL,udp:40601,2607:f8b0:4004:c1d::66*,21,10976,12,7542,9,3434
D4:F5:47:82:0E:C6,ALL,udp:40601,2620:0:5301:2210:c12c:20c:fc53:6554*,21,10976,9,3434,12,7542
D4:F5:47:82:0E:C6,ALL,udp:39787,2607:f8b0:4004:c1d::66*,25,12681,13,9437,12,3244
D4:F5:47:82:0E:C6,ALL,udp:39787,2620:0:5301:2210:c12c:20c:fc53:6554*,25,12681,12,3244,13,9437
D4:F5:47:82:0E:C6,ALL,udp:44974,2607:f8b0:4004:c09::5b*,674,83073,331,47488,343,35585
D4:F5:47:82:0E:C6,ALL,udp:44974,2620:0:5301:2210:c12c:20c:fc53:6554*,674,83073,343,35585,331,47488
D4:F5:47:82:0E:C6,ALL,udp:38438,2607:f8b0:4004:c0b::66*,489,556066,89,14023,400,542043
D4:F5:47:82:0E:C6,ALL,udp:38438,2620:0:5301:2210:c12c:20c:fc53:6554*,489,556066,400,542043,89,14023
D4:F5:47:82:0E:C6,ALL,udp:37703,2607:f8b0:4004:c1d::8b*,20,10871,11,7436,9,3435
D4:F5:47:82:0E:C6,ALL,udp:37703,2620:0:5301:2210:c12c:20c:fc53:6554*,20,10871,9,3435,11,7436
D4:F5:47:82:0E:C6,ALL,udp:42559,2607:f8b0:4004:c1d::64*,25,12679,13,9435,12,3244
D4:F5:47:82:0E:C6,ALL,udp:42559,2620:0:5301:2210:c12c:20c:fc53:6554*,25,12679,12,3244,13,9435
D4:F5:47:82:0E:C6,ALL,udp:40459,2001:4860:4806:c::*,2,220,1,110,1,110
D4:F5:47:82:0E:C6,ALL,udp:40459,2607:f8b0:4004:c19::88*,717,87626,352,49907,365,37719
D4:F5:47:82:0E:C6,ALL,udp:40459,2620:0:5301:2210:80b1:357e:1b3:bfd5*,2,220,1,110,1,110
D4:F5:47:82:0E:C6,ALL,udp:54423,2607:f8b0:4004:c0b::8b*,20,10874,11,7439,9,3435
D4:F5:47:82:0E:C6,ALL,udp:54423,2620:0:5301:2210:c12c:20c:fc53:6554*,20,10874,9,3435,11,7439
D4:F5:47:82:0E:C6,ALL,udp:55080,2607:f8b0:4004:c0b::8a*,19,10766,11,7454,8,3312
D4:F5:47:82:0E:C6,ALL,udp:55080,2620:0:5301:2210:c12c:20c:fc53:6554*,19,10766,8,3312,11,7454
D4:F5:47:82:0E:C6,ALL,udp:36997,2607:f8b0:4004:c0b::64*,25,12676,13,9432,12,3244
D4:F5:47:82:0E:C6,ALL,udp:36997,2620:0:5301:2210:c12c:20c:fc53:6554*,25,12676,12,3244,13,9432
D4:F5:47:82:0E:C6,ALL,udp:53726,2607:f8b0:4004:c17::5b*,712,86691,351,49397,361,37294
D4:F5:47:82:0E:C6,ALL,udp:53726,2620:0:5301:2210:c12c:20c:fc53:6554*,712,86691,361,37294,351,49397
D4:F5:47:82:0E:C6,ALL,udp:55521,2607:f8b0:4004:c1d::8a*,21,10968,12,7536,9,3432
D4:F5:47:82:0E:C6,ALL,udp:55521,2620:0:5301:2210:c12c:20c:fc53:6554*,21,10968,9,3432,12,7536
D4:F5:47:82:0E:C6,ALL,udp:60402,2607:f8b0:4004:c0b::8b*,21,10971,12,7536,9,3435
D4:F5:47:82:0E:C6,ALL,udp:60402,2620:0:5301:2210:c12c:20c:fc53:6554*,21,10971,9,3435,12,7536
D4:F5:47:82:0E:C6,ALL,udp:53275,2607:f8b0:4004:c07::5d*,698,85376,344,48733,354,36643
D4:F5:47:82:0E:C6,ALL,udp:53275,2620:0:5301:2210:c12c:20c:fc53:6554*,698,85376,354,36643,344,48733
D4:F5:47:82:0E:C6,ALL,udp:39440,2607:f8b0:4004:c0b::65*,20,10874,11,7438,9,3436
D4:F5:47:82:0E:C6,ALL,udp:39440,2620:0:5301:2210:c12c:20c:fc53:6554*,20,10874,9,3436,11,7438
D4:F5:47:82:0E:C6,ALL,udp:34926,2607:f8b0:4004:c0b::64*,25,12677,13,9433,12,3244
D4:F5:47:82:0E:C6,ALL,udp:34926,2620:0:5301:2210:c12c:20c:fc53:6554*,25,12677,12,3244,13,9433
D4:F5:47:82:0E:C6,ALL,udp:39294,2607:f8b0:4004:c0b::8b*,20,10875,11,7438,9,3437
D4:F5:47:82:0E:C6,ALL,udp:39294,2620:0:5301:2210:c12c:20c:fc53:6554*,20,10875,9,3437,11,7438
D4:F5:47:82:0E:C6,ALL,udp:43659,2607:f8b0:4004:c1d::66*,20,10871,11,7436,9,3435
D4:F5:47:82:0E:C6,ALL,udp:43659,2620:0:5301:2210:c12c:20c:fc53:6554*,20,10871,9,3435,11,7436
D4:F5:47:82:0E:C6,ALL,udp:44504,2607:f8b0:4004:c0b::66*,25,12680,13,9436,12,3244
D4:F5:47:82:0E:C6,ALL,udp:44504,2607:f8b0:4004:c1d::66*,20,10872,12,7560,8,3312
D4:F5:47:82:0E:C6,ALL,udp:42733,2607:f8b0:4004:c0b::5b*,370,51899,184,31655,186,20244
D4:F5:47:82:0E:C6,ALL,udp:42733,2620:0:5301:2210:c12c:20c:fc53:6554*,370,51899,186,20244,184,31655
D4:F5:47:82:0E:C6,ALL,udp:51085,2607:f8b0:4004:c0b::65*,13,8948,5,1896,8,7052
D4:F5:47:82:0E:C6,ALL,udp:51085,2620:0:5301:2210:6010:9ee0:5b67:be83*,13,8948,8,7052,5,1896
D4:F5:47:82:0E:C6,ALL,udp:55341,2607:f8b0:4004:c0b::65*,26,17207,12,7710,14,9497
D4:F5:47:82:0E:C6,ALL,udp:55341,2620:0:5301:2210:6010:9ee0:5b67:be83*,26,17207,14,9497,12,7710
D4:F5:47:82:0E:C6,ALL,udp:53550,2607:f8b0:4004:c1d::8a*,25,12680,13,9436,12,3244
D4:F5:47:82:0E:C6,ALL,udp:53550,2620:0:5301:2210:6010:9ee0:5b67:be83*,25,12680,12,3244,13,9436
D4:F5:47:82:0E:C6,ALL,udp:33856,2607:f8b0:4004:c09::be*,1316,795367,445,58176,871,737191
D4:F5:47:82:0E:C6,ALL,udp:33856,2620:0:5301:2210:6010:9ee0:5b67:be83*,1316,795367,871,737191,445,58176
D4:F5:47:82:0E:C6,ALL,udp:52623,2607:f8b0:4004:c0b::66*,25,12680,13,9436,12,3244
D4:F5:47:82:0E:C6,ALL,udp:52623,2620:0:5301:2210:6010:9ee0:5b67:be83*,25,12680,12,3244,13,9436
D4:F5:47:82:0E:C6,ALL,udp:55317,2607:f8b0:4004:c1d::8a*,25,12681,13,9437,12,3244
D4:F5:47:82:0E:C6,ALL,udp:55317,2620:0:5301:2210:6010:9ee0:5b67:be83*,25,12681,12,3244,13,9437
D4:F5:47:82:0E:C6,ALL,udp:51193,2607:f8b0:4004:c0b::66*,25,12680,13,9436,12,3244
D4:F5:47:82:0E:C6,ALL,udp:51193,2620:0:5301:2210:6010:9ee0:5b67:be83*,25,12680,12,3244,13,9436
D4:F5:47:82:0E:C6,ALL,udp:53968,2607:f8b0:4004:c0b::64*,25,12680,13,9436,12,3244
D4:F5:47:82:0E:C6,ALL,udp:53968,2620:0:5301:2210:6010:9ee0:5b67:be83*,25,12680,12,3244,13,9436
D4:F5:47:82:0E:C6,ALL,udp:56970,2607:f8b0:4004:c0b::71*,21,10970,12,7537,9,3433
D4:F5:47:82:0E:C6,ALL,udp:56970,2620:0:5301:2210:6010:9ee0:5b67:be83*,21,10970,9,3433,12,7537
D4:F5:47:82:0E:C6,ALL,udp:59595,2607:f8b0:4004:c0b::71*,25,12682,13,9438,12,3244
D4:F5:47:82:0E:C6,ALL,udp:59595,2620:0:5301:2210:6010:9ee0:5b67:be83*,25,12682,12,3244,13,9438
D4:F5:47:82:0E:C6,ALL,udp:40958,2607:f8b0:4004:c06::be*,720,87763,353,50007,367,37756
D4:F5:47:82:0E:C6,ALL,udp:40958,2620:0:5301:2210:6010:9ee0:5b67:be83*,720,87763,367,37756,353,50007
D4:F5:47:82:0E:C6,ALL,udp:33941,2607:f8b0:4004:c1d::66*,20,10873,11,7438,9,3435
D4:F5:47:82:0E:C6,ALL,udp:33941,2620:0:5301:2210:6010:9ee0:5b67:be83*,20,10873,9,3435,11,7438
D4:F5:47:82:0E:C6,ALL,udp:37215,2607:f8b0:4004:c0b::8b*,21,10974,12,7542,9,3432
D4:F5:47:82:0E:C6,ALL,udp:37215,2620:0:5301:2210:6010:9ee0:5b67:be83*,21,10974,9,3432,12,7542
D4:F5:47:82:0E:C6,ALL,udp:33617,2607:f8b0:4004:c0b::65*,25,12678,13,9434,12,3244
D4:F5:47:82:0E:C6,ALL,udp:33617,2620:0:5301:2210:6010:9ee0:5b67:be83*,25,12678,12,3244,13,9434
D4:F5:47:82:0E:C6,ALL,udp:42475,2607:f8b0:4004:c19::5d*,678,83336,334,47792,344,35544
D4:F5:47:82:0E:C6,ALL,udp:42475,2620:0:5301:2210:6010:9ee0:5b67:be83*,678,83336,344,35544,334,47792
D4:F5:47:82:0E:C6,ALL,udp:47243,2607:f8b0:4004:c1d::8b*,21,10979,12,7542,9,3437
D4:F5:47:82:0E:C6,ALL,udp:47243,2620:0:5301:2210:6010:9ee0:5b67:be83*,21,10979,9,3437,12,7542
D4:F5:47:82:0E:C6,ALL,udp:38895,2607:f8b0:4004:c1d::64*,21,10974,12,7539,9,3435
D4:F5:47:82:0E:C6,ALL,udp:38895,2620:0:5301:2210:6010:9ee0:5b67:be83*,21,10974,9,3435,12,7539
D4:F5:47:82:0E:C6,ALL,udp:39005,2607:f8b0:4004:c19::8a*,25,12676,13,9432,12,3244
D4:F5:47:82:0E:C6,ALL,udp:39005,2620:0:5301:2210:6010:9ee0:5b67:be83*,25,12676,12,3244,13,9432
D4:F5:47:82:0E:C6,ALL,udp:54751,2607:f8b0:4004:c07::be*,701,86124,345,49459,356,36665
D4:F5:47:82:0E:C6,ALL,udp:54751,2620:0:5301:2210:6010:9ee0:5b67:be83*,701,86124,356,36665,345,49459
D4:F5:47:82:0E:C6,ALL,udp:54448,2607:f8b0:4004:c0b::8b*,20,10873,11,7437,9,3436
D4:F5:47:82:0E:C6,ALL,udp:54448,2620:0:5301:2210:6010:9ee0:5b67:be83*,20,10873,9,3436,11,7437
D4:F5:47:82:0E:C6,ALL,udp:58999,2607:f8b0:4004:c1d::8b*,25,12682,13,9438,12,3244
D4:F5:47:82:0E:C6,ALL,udp:58999,2620:0:5301:2210:6010:9ee0:5b67:be83*,25,12682,12,3244,13,9438
D4:F5:47:82:0E:C6,ALL,udp:54523,2001:4860:4806:c::*,2,220,1,110,1,110
D4:F5:47:82:0E:C6,ALL,udp:54523,2607:f8b0:4004:c1d::8b*,20,10868,11,7433,9,3435
D4:F5:47:82:0E:C6,ALL,udp:54523,2620:0:5301:2210:d84e:e842:57fc:6dca*,2,220,1,110,1,110
D4:F5:47:82:0E:C6,ALL,udp:50031,2607:f8b0:4004:c06::5d*,718,88209,354,50749,364,37460
D4:F5:47:82:0E:C6,ALL,udp:50031,2620:0:5301:2210:6010:9ee0:5b67:be83*,718,88209,364,37460,354,50749
D4:F5:47:82:0E:C6,ALL,udp:48528,2607:f8b0:4004:c0b::64*,20,10868,11,7435,9,3433
D4:F5:47:82:0E:C6,ALL,udp:48528,2620:0:5301:2210:6010:9ee0:5b67:be83*,20,10868,9,3433,11,7435
D4:F5:47:82:0E:C6,ALL,udp:54793,2607:f8b0:4004:c0b::71*,25,12680,13,9436,12,3244
D4:F5:47:82:0E:C6,ALL,udp:54793,2620:0:5301:2210:6010:9ee0:5b67:be83*,25,12680,12,3244,13,9436
D4:F5:47:82:0E:C6,ALL,udp:37047,2607:f8b0:4004:c0b::8a*,19,10770,11,7458,8,3312
D4:F5:47:82:0E:C6,ALL,udp:37047,2620:0:5301:2210:6010:9ee0:5b67:be83*,19,10770,8,3312,11,7458
D4:F5:47:82:0E:C6,ALL,udp:56931,2607:f8b0:4004:c0b::5d*,704,86409,347,49657,357,36752
D4:F5:47:82:0E:C6,ALL,udp:56931,2620:0:5301:2210:6010:9ee0:5b67:be83*,704,86409,357,36752,347,49657
D4:F5:47:82:0E:C6,ALL,udp:39575,2607:f8b0:4004:c0b::71*,489,556060,90,14118,399,541942
D4:F5:47:82:0E:C6,ALL,udp:39575,2620:0:5301:2210:6010:9ee0:5b67:be83*,489,556060,399,541942,90,14118
D4:F5:47:82:0E:C6,ALL,udp:41005,2607:f8b0:4004:c0b::64*,20,10869,11,7436,9,3433
D4:F5:47:82:0E:C6,ALL,udp:41005,2620:0:5301:2210:6010:9ee0:5b67:be83*,20,10869,9,3433,11,7436
D4:F5:47:82:0E:C6,ALL,udp:39454,2001:4860:4806::*,2,220,1,110,1,110
D4:F5:47:82:0E:C6,ALL,udp:39454,2607:f8b0:4004:c0b::66*,25,12676,13,9432,12,3244
D4:F5:47:82:0E:C6,ALL,udp:60162,2607:f8b0:4004:c0b::8a*,19,10768,11,7456,8,3312
D4:F5:47:82:0E:C6,ALL,udp:60162,2620:0:5301:2210:6010:9ee0:5b67:be83*,19,10768,8,3312,11,7456
D4:F5:47:82:0E:C6,ALL,udp:60195,2607:f8b0:4004:c17::88*,670,83219,330,48045,340,35174
D4:F5:47:82:0E:C6,ALL,udp:60195,2620:0:5301:2210:6010:9ee0:5b67:be83*,670,83219,340,35174,330,48045
D4:F5:47:82:0E:C6,ALL,udp:37542,2607:f8b0:4004:c1d::66*,21,11078,12,7535,9,3543
D4:F5:47:82:0E:C6,ALL,udp:37542,2620:0:5301:2210:6010:9ee0:5b67:be83*,21,11078,9,3543,12,7535
D4:F5:47:82:0E:C6,ALL,udp:57032,2607:f8b0:4004:c1d::66*,25,12676,13,9432,12,3244
D4:F5:47:82:0E:C6,ALL,udp:57032,2620:0:5301:2210:6010:9ee0:5b67:be83*,25,12676,12,3244,13,9432
D4:F5:47:82:0E:C6,ALL,udp:51952,2607:f8b0:4004:c21::be*,689,81566,338,45226,351,36340
D4:F5:47:82:0E:C6,ALL,udp:51952,2620:0:5301:2210:6010:9ee0:5b67:be83*,689,81566,351,36340,338,45226
D4:F5:47:82:0E:C6,ALL,udp:46168,2607:f8b0:4004:c0b::8a*,21,10977,12,7541,9,3436
D4:F5:47:82:0E:C6,ALL,udp:46168,2620:0:5301:2210:6010:9ee0:5b67:be83*,21,10977,9,3436,12,7541
D4:F5:47:82:0E:C6,ALL,udp:41876,2607:f8b0:4004:c21::8b*,25,12675,13,9431,12,3244
D4:F5:47:82:0E:C6,ALL,udp:41876,2620:0:5301:2210:6010:9ee0:5b67:be83*,25,12675,12,3244,13,9431
D4:F5:47:82:0E:C6,ALL,udp:50492,2607:f8b0:4004:c1d::64*,20,10877,11,7439,9,3438
D4:F5:47:82:0E:C6,ALL,udp:50492,2620:0:5301:2210:6010:9ee0:5b67:be83*,20,10877,9,3438,11,7439
D4:F5:47:82:0E:C6,ALL,udp:53585,2607:f8b0:4004:c09::5b*,681,83712,335,47890,346,35822
D4:F5:47:82:0E:C6,ALL,udp:53585,2620:0:5301:2210:6010:9ee0:5b67:be83*,681,83712,346,35822,335,47890
D4:F5:47:82:0E:C6,ALL,udp:43126,2607:f8b0:4004:c0b::64*,20,10867,11,7432,9,3435
D4:F5:47:82:0E:C6,ALL,udp:43126,2620:0:5301:2210:6010:9ee0:5b67:be83*,20,10867,9,3435,11,7432
D4:F5:47:82:0E:C6,ALL,udp:52142,2607:f8b0:4004:c0b::65*,25,12675,13,9431,12,3244
D4:F5:47:82:0E:C6,ALL,udp:52142,2620:0:5301:2210:6010:9ee0:5b67:be83*,25,12675,12,3244,13,9431
D4:F5:47:82:0E:C6,ALL,udp:58870,2607:f8b0:4004:c1d::8a*,20,10870,12,7558,8,3312
D4:F5:47:82:0E:C6,ALL,udp:58870,2620:0:5301:2210:6010:9ee0:5b67:be83*,20,10870,8,3312,12,7558
D4:F5:47:82:0E:C6,ALL,udp:44929,2607:f8b0:4004:c08::88*,695,85111,342,48561,353,36550
D4:F5:47:82:0E:C6,ALL,udp:44929,2620:0:5301:2210:6010:9ee0:5b67:be83*,695,85111,353,36550,342,48561
D4:F5:47:82:0E:C6,ALL,udp:45523,2607:f8b0:4004:c0b::8a*,21,10979,12,7541,9,3438
D4:F5:47:82:0E:C6,ALL,udp:45523,2620:0:5301:2210:6010:9ee0:5b67:be83*,21,10979,9,3438,12,7541
D4:F5:47:82:0E:C6,ALL,udp:52747,2607:f8b0:4004:c0b::8b*,27,12855,14,9528,13,3327
D4:F5:47:82:0E:C6,ALL,udp:52747,2620:0:5301:2210:6010:9ee0:5b67:be83*,27,12855,13,3327,14,9528
D4:F5:47:82:0E:C6,ALL,udp:55665,2607:f8b0:4004:c21::88*,684,84079,336,47996,348,36083
D4:F5:47:82:0E:C6,ALL,udp:55665,2620:0:5301:2210:6010:9ee0:5b67:be83*,684,84079,348,36083,336,47996
D4:F5:47:82:0E:C6,ALL,udp:37221,2607:f8b0:4004:c0b::8b*,20,10876,11,7438,9,3438
D4:F5:47:82:0E:C6,ALL,udp:37221,2620:0:5301:2210:6010:9ee0:5b67:be83*,20,10876,9,3438,11,7438
D4:F5:47:82:0E:C6,ALL,udp:52825,2607:f8b0:4004:c0b::71*,20,10871,11,7436,9,3435
D4:F5:47:82:0E:C6,ALL,udp:52825,2620:0:5301:2210:6010:9ee0:5b67:be83*,20,10871,9,3435,11,7436
D4:F5:47:82:0E:C6,ALL,udp:55860,2607:f8b0:4004:c1d::64*,25,12678,13,9434,12,3244
D4:F5:47:82:0E:C6,ALL,udp:55860,2620:0:5301:2210:6010:9ee0:5b67:be83*,25,12678,12,3244,13,9434
D4:F5:47:82:0E:C6,ALL,udp:38174,2607:f8b0:4004:c1b::5b*,425,57083,204,33306,221,23777
D4:F5:47:82:0E:C6,ALL,udp:38174,2620:0:5301:2210:6010:9ee0:5b67:be83*,425,57083,221,23777,204,33306
D4:F5:47:82:0E:C6,ALL,udp:43022,2607:f8b0:4004:c1d::8a*,20,10874,11,7436,9,3438
D4:F5:47:82:0E:C6,ALL,udp:43022,2620:0:5301:2210:6010:9ee0:5b67:be83*,20,10874,9,3438,11,7436
D4:F5:47:82:0E:C6,ALL,udp:42773,2607:f8b0:4004:c0b::8a*,489,556083,89,14021,400,542062
D4:F5:47:82:0E:C6,ALL,udp:42773,2620:0:5301:2210:6010:9ee0:5b67:be83*,489,556083,400,542062,89,14021
D4:F5:47:82:0E:C6,ALL,udp:52413,2607:f8b0:4004:c0b::66*,21,10974,12,7536,9,3438
D4:F5:47:82:0E:C6,ALL,udp:52413,2620:0:5301:2210:6010:9ee0:5b67:be83*,21,10974,9,3438,12,7536
D4:F5:47:82:0E:C6,ALL,udp:46432,2607:f8b0:4004:c06::5e*,29,11373,15,4479,14,6894
D4:F5:47:82:0E:C6,ALL,udp:46432,2620:0:5301:2210:693b:8b81:cf03:2827*,29,11373,14,6894,15,4479
D4:F5:47:82:0E:C6,ALL,udp:45158,2607:f8b0:4004:c0b::66*,506,564659,100,15098,406,549561
D4:F5:47:82:0E:C6,ALL,udp:45158,2620:0:5301:2210:693b:8b81:cf03:2827*,506,564659,406,549561,100,15098
D4:F5:47:82:0E:C6,ALL,udp:33386,2607:f8b0:4004:c0b::66*,25,12683,13,9439,12,3244
D4:F5:47:82:0E:C6,ALL,udp:33386,2620:0:5301:2210:693b:8b81:cf03:2827*,25,12683,12,3244,13,9439
D4:F5:47:82:0E:C6,ALL,udp:42860,2607:f8b0:4004:c1d::8a*,20,10869,11,7435,9,3434
D4:F5:47:82:0E:C6,ALL,udp:42860,2620:0:5301:2210:693b:8b81:cf03:2827*,20,10869,9,3434,11,7435
D4:F5:47:82:0E:C6,ALL,udp:36445,2607:f8b0:4004:c1d::65*,25,12796,15,9689,10,3107
D4:F5:47:82:0E:C6,ALL,udp:36445,2620:0:5301:2210:693b:8b81:cf03:2827*,25,12796,10,3107,15,9689
D4:F5:47:82:0E:C6,ALL,udp:35105,2607:f8b0:4004:c06::5b*,696,85801,343,49287,353,36514
D4:F5:47:82:0E:C6,ALL,udp:35105,2620:0:5301:2210:693b:8b81:cf03:2827*,696,85801,353,36514,343,49287
D4:F5:47:82:0E:C6,ALL,udp:44034,2607:f8b0:4004:c1d::71*,18,10593,9,7190,9,3403
D4:F5:47:82:0E:C6,ALL,udp:44034,2620:0:5301:2210:693b:8b81:cf03:2827*,18,10593,9,3403,9,7190
D4:F5:47:82:0E:C6,ALL,udp:54578,2607:f8b0:4004:c1d::71*,21,10974,12,7541,9,3433
D4:F5:47:82:0E:C6,ALL,udp:54578,2620:0:5301:2210:693b:8b81:cf03:2827*,21,10974,9,3433,12,7541
D4:F5:47:82:0E:C6,ALL,udp:33042,2607:f8b0:4004:c0b::66*,27,12867,15,9625,12,3242
D4:F5:47:82:0E:C6,ALL,udp:33042,2620:0:5301:2210:693b:8b81:cf03:2827*,27,12867,12,3242,15,9625
D4:F5:47:82:0E:C6,ALL,udp:37124,2607:f8b0:4004:c0b::5b*,687,84938,338,48814,349,36124
D4:F5:47:82:0E:C6,ALL,udp:37124,2620:0:5301:2210:693b:8b81:cf03:2827*,687,84938,349,36124,338,48814
D4:F5:47:82:0E:C6,ALL,udp:41367,2607:f8b0:4004:c1d::64*,20,10872,11,7436,9,3436
D4:F5:47:82:0E:C6,ALL,udp:41367,2620:0:5301:2210:693b:8b81:cf03:2827*,20,10872,9,3436,11,7436
D4:F5:47:82:0E:C6,ALL,udp:33576,2607:f8b0:4004:c0b::64*,20,10871,12,7559,8,3312
D4:F5:47:82:0E:C6,ALL,udp:33576,2620:0:5301:2210:693b:8b81:cf03:2827*,20,10871,8,3312,12,7559
D4:F5:47:82:0E:C6,ALL,udp:32983,2607:f8b0:4004:c0b::8b*,28,12953,15,9624,13,3329
D4:F5:47:82:0E:C6,ALL,udp:32983,2620:0:5301:2210:693b:8b81:cf03:2827*,28,12953,13,3329,15,9624
D4:F5:47:82:0E:C6,ALL,udp:33522,2607:f8b0:4004:c07::88*,704,87412,346,50415,358,36997
D4:F5:47:82:0E:C6,ALL,udp:33522,2620:0:5301:2210:693b:8b81:cf03:2827*,704,87412,358,36997,346,50415
D4:F5:47:82:0E:C6,ALL,udp:53697,2607:f8b0:4004:c0b::8b*,19,10769,11,7458,8,3311
D4:F5:47:82:0E:C6,ALL,udp:53697,2620:0:5301:2210:693b:8b81:cf03:2827*,19,10769,8,3311,11,7458
D4:F5:47:82:0E:C6,ALL,udp:39088,2607:f8b0:4004:c0b::8b*,27,12966,16,9786,11,3180
D4:F5:47:82:0E:C6,ALL,udp:39088,2620:0:5301:2210:693b:8b81:cf03:2827*,27,12966,11,3180,16,9786
D4:F5:47:82:0E:C6,ALL,udp:35763,2607:f8b0:4004:c0b::8a*,18,10592,9,7189,9,3403
D4:F5:47:82:0E:C6,ALL,udp:35763,2620:0:5301:2210:693b:8b81:cf03:2827*,18,10592,9,3403,9,7189
D4:F5:47:82:0E:C6,ALL,udp:38526,2607:f8b0:4004:c1d::5d*,703,86574,344,49400,359,37174
D4:F5:47:82:0E:C6,ALL,udp:38526,2620:0:5301:2210:693b:8b81:cf03:2827*,703,86574,359,37174,344,49400
D4:F5:47:82:0E:C6,ALL,udp:38252,2607:f8b0:4004:c1d::64*,21,10975,12,7540,9,3435
D4:F5:47:82:0E:C6,ALL,udp:38252,2620:0:5301:2210:693b:8b81:cf03:2827*,21,10975,9,3435,12,7540
D4:F5:47:82:0E:C6,ALL,udp:56681,2001:4860:4806::*,2,220,1,110,1,110
D4:F5:47:82:0E:C6,ALL,udp:56681,2607:f8b0:4004:c1d::8b*,25,12677,13,9433,12,3244
D4:F5:47:82:0E:C6,ALL,udp:59664,2607:f8b0:4004:c09::be*,687,80722,337,44487,350,36235
D4:F5:47:82:0E:C6,ALL,udp:59664,2620:0:5301:2210:693b:8b81:cf03:2827*,687,80722,350,36235,337,44487
D4:F5:47:82:0E:C6,ALL,udp:53115,2607:f8b0:4004:c1d::8a*,19,10769,11,7457,8,3312
D4:F5:47:82:0E:C6,ALL,udp:53115,2620:0:5301:2210:693b:8b81:cf03:2827*,19,10769,8,3312,11,7457
D4:F5:47:82:0E:C6,ALL,udp:54275,2607:f8b0:4004:c1d::65*,20,10873,11,7438,9,3435
D4:F5:47:82:0E:C6,ALL,udp:54275,2620:0:5301:2210:693b:8b81:cf03:2827*,20,10873,9,3435,11,7438
D4:F5:47:82:0E:C6,ALL,udp:38155,2607:f8b0:4004:c0b::71*,24,12583,12,9339,12,3244
D4:F5:47:82:0E:C6,ALL,udp:38155,2620:0:5301:2210:693b:8b81:cf03:2827*,24,12583,12,3244,12,9339
D4:F5:47:82:0E:C6,ALL,udp:58964,2607:f8b0:4004:c21::5b*,692,84840,341,48469,351,36371
D4:F5:47:82:0E:C6,ALL,udp:58964,2620:0:5301:2210:693b:8b81:cf03:2827*,692,84840,351,36371,341,48469
D4:F5:47:82:0E:C6,ALL,udp:52471,2607:f8b0:4004:c0b::64*,489,556074,92,14308,397,541766
D4:F5:47:82:0E:C6,ALL,udp:52471,2620:0:5301:2210:693b:8b81:cf03:2827*,489,556074,397,541766,92,14308
D4:F5:47:82:0E:C6,ALL,udp:52305,2607:f8b0:4004:c0b::65*,20,10872,11,7436,9,3436
D4:F5:47:82:0E:C6,ALL,udp:52305,2620:0:5301:2210:693b:8b81:cf03:2827*,20,10872,9,3436,11,7436
D4:F5:47:82:0E:C6,ALL,udp:42663,2607:f8b0:4004:c0b::8a*,30,13378,17,9982,13,3396
D4:F5:47:82:0E:C6,ALL,udp:42663,2620:0:5301:2210:693b:8b81:cf03:2827*,30,13378,13,3396,17,9982
D4:F5:47:82:0E:C6,ALL,udp:57229,2607:f8b0:4004:c0b::66*,18,10592,9,7189,9,3403
D4:F5:47:82:0E:C6,ALL,udp:57229,2620:0:5301:2210:693b:8b81:cf03:2827*,18,10592,9,3403,9,7189
D4:F5:47:82:0E:C6,ALL,udp:39119,2607:f8b0:4004:c1b::5d*,692,84813,341,48469,351,36344
D4:F5:47:82:0E:C6,ALL,udp:39119,2620:0:5301:2210:693b:8b81:cf03:2827*,692,84813,351,36344,341,48469
D4:F5:47:82:0E:C6,ALL,udp:50382,2607:f8b0:4004:c0b::66*,19,10770,11,7458,8,3312
D4:F5:47:82:0E:C6,ALL,udp:50382,2620:0:5301:2210:693b:8b81:cf03:2827*,19,10770,8,3312,11,7458
D4:F5:47:82:0E:C6,ALL,udp:60859,2607:f8b0:4004:c1d::8a*,25,12676,13,9432,12,3244
D4:F5:47:82:0E:C6,ALL,udp:60859,2620:0:5301:2210:693b:8b81:cf03:2827*,25,12676,12,3244,13,9432
D4:F5:47:82:0E:C6,ALL,udp:45969,2607:f8b0:4004:c1d::8a*,20,10870,12,7558,8,3312
D4:F5:47:82:0E:C6,ALL,udp:45969,2620:0:5301:2210:693b:8b81:cf03:2827*,20,10870,8,3312,12,7558
D4:F5:47:82:0E:C6,ALL,udp:53513,2607:f8b0:4004:c06::5d*,685,84784,337,48719,348,36065
D4:F5:47:82:0E:C6,ALL,udp:53513,2620:0:5301:2210:693b:8b81:cf03:2827*,685,84784,348,36065,337,48719
D4:F5:47:82:0E:C6,ALL,udp:36620,2607:f8b0:4004:c0b::8b*,21,10979,12,7541,9,3438
D4:F5:47:82:0E:C6,ALL,udp:36620,2620:0:5301:2210:693b:8b81:cf03:2827*,21,10979,9,3438,12,7541
D4:F5:47:82:0E:C6,ALL,udp:33199,2607:f8b0:4004:c0b::8a*,27,12866,15,9624,12,3242
D4:F5:47:82:0E:C6,ALL,udp:33199,2620:0:5301:2210:693b:8b81:cf03:2827*,27,12866,12,3242,15,9624
D4:F5:47:82:0E:C6,ALL,udp:55709,2607:f8b0:4004:c0b::8b*,13,6470,6,3424,7,3046
D4:F5:47:82:0E:C6,ALL,udp:55709,2620:0:5301:2210:693b:8b81:cf03:2827*,13,6470,7,3046,6,3424
D4:F5:47:82:0E:C6,ALL,udp:55227,2607:f8b0:4004:c0b::be*,699,86090,345,49475,354,36615
D4:F5:47:82:0E:C6,ALL,udp:55227,2620:0:5301:2210:693b:8b81:cf03:2827*,699,86090,354,36615,345,49475
D4:F5:47:82:0E:C6,ALL,udp:36879,2607:f8b0:4004:c1d::8a*,21,10967,13,7655,8,3312
D4:F5:47:82:0E:C6,ALL,udp:36879,2620:0:5301:2210:693b:8b81:cf03:2827*,21,10967,8,3312,13,7655
D4:F5:47:82:0E:C6,ALL,udp:48711,2607:f8b0:4004:c1d::71*,26,12879,15,9695,11,3184
D4:F5:47:82:0E:C6,ALL,udp:48711,2620:0:5301:2210:693b:8b81:cf03:2827*,26,12879,11,3184,15,9695
D4:F5:47:82:0E:C6,ALL,udp:38949,2607:f8b0:4004:c0b::8a*,18,10593,9,7190,9,3403
D4:F5:47:82:0E:C6,ALL,udp:38949,2620:0:5301:2210:693b:8b81:cf03:2827*,18,10593,9,3403,9,7190
D4:F5:47:82:0E:C6,ALL,udp:38561,2607:f8b0:4004:c19::be*,603,77209,296,45095,307,32114
D4:F5:47:82:0E:C6,ALL,udp:38561,2620:0:5301:2210:693b:8b81:cf03:2827*,603,77209,307,32114,296,45095
D4:F5:47:82:0E:C6,ALL,udp:34758,2607:f8b0:4004:c1d::66*,20,10875,11,7439,9,3436
D4:F5:47:82:0E:C6,ALL,udp:34758,2620:0:5301:2210:693b:8b81:cf03:2827*,20,10875,9,3436,11,7439
D4:F5:47:82:0E:C6,ALL,udp:58932,2607:f8b0:4004:c1d::64*,25,12678,13,9434,12,3244
D4:F5:47:82:0E:C6,ALL,udp:58932,2620:0:5301:2210:693b:8b81:cf03:2827*,25,12678,12,3244,13,9434
D4:F5:47:82:0E:C6,ALL,udp:45339,2607:f8b0:4004:c0b::65*,20,10870,11,7436,9,3434
D4:F5:47:82:0E:C6,ALL,udp:45339,2620:0:5301:2210:693b:8b81:cf03:2827*,20,10870,9,3434,11,7436
D4:F5:47:82:0E:C6,ALL,udp:50406,2607:f8b0:4004:c0b::8b*,13,8943,5,1898,8,7045
D4:F5:47:82:0E:C6,ALL,udp:50406,2620:0:5301:2210:b5c8:8286:769:3923*,13,8943,8,7045,5,1898
D4:F5:47:82:0E:C6,ALL,udp:55031,2607:f8b0:4004:c0b::8b*,26,15909,12,6418,14,9491
D4:F5:47:82:0E:C6,ALL,udp:55031,2620:0:5301:2210:b5c8:8286:769:3923*,26,15909,14,9491,12,6418
D4:F5:47:82:0E:C6,ALL,udp:46582,2607:f8b0:4004:c0b::8b*,25,12674,13,9430,12,3244
D4:F5:47:82:0E:C6,ALL,udp:46582,2620:0:5301:2210:b5c8:8286:769:3923*,25,12674,12,3244,13,9430
D4:F5:47:82:0E:C6,ALL,udp:39239,2607:f8b0:4004:c07::88*,1341,796648,456,57956,885,738692
D4:F5:47:82:0E:C6,ALL,udp:39239,2620:0:5301:2210:b5c8:8286:769:3923*,1341,796648,885,738692,456,57956
D4:F5:47:82:0E:C6,ALL,udp:34290,2607:f8b0:4004:c1d::71*,25,12673,13,9430,12,3243
D4:F5:47:82:0E:C6,ALL,udp:34290,2620:0:5301:2210:b5c8:8286:769:3923*,25,12673,12,3243,13,9430
D4:F5:47:82:0E:C6,ALL,udp:52446,2607:f8b0:4004:c1d::71*,25,12674,13,9430,12,3244
D4:F5:47:82:0E:C6,ALL,udp:52446,2620:0:5301:2210:b5c8:8286:769:3923*,25,12674,12,3244,13,9430
D4:F5:47:82:0E:C6,ALL,udp:51296,2001:4860:4806:c::*,2,220,1,110,1,110
D4:F5:47:82:0E:C6,ALL,udp:51296,2607:f8b0:4004:c0b::64*,25,12674,13,9430,12,3244
D4:F5:47:82:0E:C6,ALL,udp:51296,2620:0:5301:2210:8d39:66f:bc49:2ff6*,2,220,1,110,1,110
D4:F5:47:82:0E:C6,ALL,udp:40662,2607:f8b0:4004:c0b::71*,25,12675,13,9430,12,3245
D4:F5:47:82:0E:C6,ALL,udp:40662,2620:0:5301:2210:b5c8:8286:769:3923*,25,12675,12,3245,13,9430
D4:F5:47:82:0E:C6,ALL,udp:55698,2607:f8b0:4004:c0b::66*,19,10765,11,7452,8,3313
D4:F5:47:82:0E:C6,ALL,udp:55698,2620:0:5301:2210:b5c8:8286:769:3923*,19,10765,8,3313,11,7452
D4:F5:47:82:0E:C6,ALL,udp:50633,2607:f8b0:4004:c0b::8b*,25,12680,13,9436,12,3244
D4:F5:47:82:0E:C6,ALL,udp:50633,2620:0:5301:2210:b5c8:8286:769:3923*,25,12680,12,3244,13,9436
D4:F5:47:82:0E:C6,ALL,udp:44720,2607:f8b0:4004:c1d::5d*,696,82059,341,45477,355,36582
D4:F5:47:82:0E:C6,ALL,udp:44720,2620:0:5301:2210:b5c8:8286:769:3923*,696,82059,355,36582,341,45477
D4:F5:47:82:0E:C6,ALL,udp:47187,2607:f8b0:4004:c0b::64*,21,10974,12,7543,9,3431
D4:F5:47:82:0E:C6,ALL,udp:47187,2620:0:5301:2210:b5c8:8286:769:3923*,21,10974,9,3431,12,7543
D4:F5:47:82:0E:C6,ALL,udp:42305,2607:f8b0:4004:c0b::71*,20,10871,11,7435,9,3436
D4:F5:47:82:0E:C6,ALL,udp:42305,2620:0:5301:2210:b5c8:8286:769:3923*,20,10871,9,3436,11,7435
D4:F5:47:82:0E:C6,ALL,udp:60963,2607:f8b0:4004:c1d::71*,25,12679,13,9435,12,3244
D4:F5:47:82:0E:C6,ALL,udp:60963,2620:0:5301:2210:b5c8:8286:769:3923*,25,12679,12,3244,13,9435
D4:F5:47:82:0E:C6,ALL,udp:47409,2607:f8b0:4004:c06::be*,683,84418,336,48595,347,35823
D4:F5:47:82:0E:C6,ALL,udp:47409,2620:0:5301:2210:b5c8:8286:769:3923*,683,84418,347,35823,336,48595
D4:F5:47:82:0E:C6,ALL,udp:35498,2607:f8b0:4004:c1d::64*,21,10971,12,7539,9,3432
D4:F5:47:82:0E:C6,ALL,udp:35498,2620:0:5301:2210:b5c8:8286:769:3923*,21,10971,9,3432,12,7539
D4:F5:47:82:0E:C6,ALL,udp:35294,2607:f8b0:4004:c0b::71*,19,10767,11,7455,8,3312
D4:F5:47:82:0E:C6,ALL,udp:35294,2620:0:5301:2210:b5c8:8286:769:3923*,19,10767,8,3312,11,7455
D4:F5:47:82:0E:C6,ALL,udp:54011,2607:f8b0:4004:c0b::64*,25,12677,13,9436,12,3241
D4:F5:47:82:0E:C6,ALL,udp:54011,2620:0:5301:2210:b5c8:8286:769:3923*,25,12677,12,3241,13,9436
D4:F5:47:82:0E:C6,ALL,udp:39064,2607:f8b0:4004:c0b::5b*,687,84795,338,48796,349,35999
D4:F5:47:82:0E:C6,ALL,udp:39064,2620:0:5301:2210:b5c8:8286:769:3923*,687,84795,349,35999,338,48796
D4:F5:47:82:0E:C6,ALL,udp:51515,2607:f8b0:4004:c1d::71*,20,10874,11,7438,9,3436
D4:F5:47:82:0E:C6,ALL,udp:51515,2620:0:5301:2210:b5c8:8286:769:3923*,20,10874,9,3436,11,7438
D4:F5:47:82:0E:C6,ALL,udp:49249,2607:f8b0:4004:c0b::65*,21,10974,12,7538,9,3436
D4:F5:47:82:0E:C6,ALL,udp:49249,2620:0:5301:2210:b5c8:8286:769:3923*,21,10974,9,3436,12,7538
D4:F5:47:82:0E:C6,ALL,udp:40996,2607:f8b0:4004:c0b::64*,25,12680,13,9436,12,3244
D4:F5:47:82:0E:C6,ALL,udp:40996,2620:0:5301:2210:b5c8:8286:769:3923*,25,12680,12,3244,13,9436
D4:F5:47:82:0E:C6,ALL,udp:56182,2607:f8b0:4004:c17::88*,673,79825,330,44433,343,35392
D4:F5:47:82:0E:C6,ALL,udp:56182,2620:0:5301:2210:b5c8:8286:769:3923*,673,79825,343,35392,330,44433
D4:F5:47:82:0E:C6,ALL,udp:38317,2607:f8b0:4004:c0b::8a*,19,10770,11,7458,8,3312
D4:F5:47:82:0E:C6,ALL,udp:38317,2620:0:5301:2210:b5c8:8286:769:3923*,19,10770,8,3312,11,7458
D4:F5:47:82:0E:C6,ALL,udp:47302,2607:f8b0:4004:c0b::8b*,26,12862,15,9680,11,3182
D4:F5:47:82:0E:C6,ALL,udp:47302,2620:0:5301:2210:b5c8:8286:769:3923*,26,12862,11,3182,15,9680
D4:F5:47:82:0E:C6,ALL,udp:38928,2607:f8b0:4004:c1d::8b*,18,10593,9,7190,9,3403
D4:F5:47:82:0E:C6,ALL,udp:38928,2620:0:5301:2210:b5c8:8286:769:3923*,18,10593,9,3403,9,7190
D4:F5:47:82:0E:C6,ALL,udp:46654,2607:f8b0:4004:c1b::be*,683,84421,336,48597,347,35824
D4:F5:47:82:0E:C6,ALL,udp:46654,2620:0:5301:2210:b5c8:8286:769:3923*,683,84421,347,35824,336,48597
D4:F5:47:82:0E:C6,ALL,udp:39113,2607:f8b0:4004:c0b::65*,21,10979,12,7542,9,3437
D4:F5:47:82:0E:C6,ALL,udp:39113,2620:0:5301:2210:b5c8:8286:769:3923*,21,10979,9,3437,12,7542
D4:F5:47:82:0E:C6,ALL,udp:37320,2607:f8b0:4004:c0b::66*,489,556085,90,14114,399,541971
D4:F5:47:82:0E:C6,ALL,udp:37320,2620:0:5301:2210:b5c8:8286:769:3923*,489,556085,399,541971,90,14114
D4:F5:47:82:0E:C6,ALL,udp:54334,2607:f8b0:4004:c0b::71*,25,12675,13,9431,12,3244
D4:F5:47:82:0E:C6,ALL,udp:54334,2620:0:5301:2210:b5c8:8286:769:3923*,25,12675,12,3244,13,9431
D4:F5:47:82:0E:C6,ALL,udp:54871,2607:f8b0:4004:c0b::64*,20,10871,11,7435,9,3436
D4:F5:47:82:0E:C6,ALL,udp:54871,2620:0:5301:2210:b5c8:8286:769:3923*,20,10871,9,3436,11,7435
D4:F5:47:82:0E:C6,ALL,udp:41601,2607:f8b0:4004:c07::5b*,689,84400,339,48259,350,36141
D4:F5:47:82:0E:C6,ALL,udp:41601,2620:0:5301:2210:b5c8:8286:769:3923*,689,84400,350,36141,339,48259
D4:F5:47:82:0E:C6,ALL,udp:40863,2607:f8b0:4004:c0b::71*,20,10874,11,7437,9,3437
D4:F5:47:82:0E:C6,ALL,udp:40863,2620:0:5301:2210:b5c8:8286:769:3923*,20,10874,9,3437,11,7437
D4:F5:47:82:0E:C6,ALL,udp:40657,2607:f8b0:4004:c0b::66*,25,12683,13,9439,12,3244
D4:F5:47:82:0E:C6,ALL,udp:40657,2620:0:5301:2210:b5c8:8286:769:3923*,25,12683,12,3244,13,9439
D4:F5:47:82:0E:C6,ALL,udp:48103,2607:f8b0:4004:c06::88*,687,80713,337,44476,350,36237
D4:F5:47:82:0E:C6,ALL,udp:48103,2620:0:5301:2210:b5c8:8286:769:3923*,687,80713,350,36237,337,44476
D4:F5:47:82:0E:C6,ALL,udp:33387,2607:f8b0:4004:c0b::65*,20,10871,11,7438,9,3433
D4:F5:47:82:0E:C6,ALL,udp:33387,2620:0:5301:2210:b5c8:8286:769:3923*,20,10871,9,3433,11,7438
D4:F5:47:82:0E:C6,ALL,udp:48327,2607:f8b0:4004:c0b::65*,20,10867,11,7434,9,3433
D4:F5:47:82:0E:C6,ALL,udp:48327,2620:0:5301:2210:b5c8:8286:769:3923*,20,10867,9,3433,11,7434
D4:F5:47:82:0E:C6,ALL,udp:48966,2607:f8b0:4004:c1d::71*,25,12679,13,9435,12,3244
D4:F5:47:82:0E:C6,ALL,udp:48966,2620:0:5301:2210:b5c8:8286:769:3923*,25,12679,12,3244,13,9435
D4:F5:47:82:0E:C6,ALL,udp:50895,2607:f8b0:4004:c0b::88*,707,86192,349,49196,358,36996
D4:F5:47:82:0E:C6,ALL,udp:50895,2620:0:5301:2210:b5c8:8286:769:3923*,707,86192,358,36996,349,49196
D4:F5:47:82:0E:C6,ALL,udp:49878,2607:f8b0:4004:c0b::8b*,20,10872,11,7433,9,3439
D4:F5:47:82:0E:C6,ALL,udp:49878,2620:0:5301:2210:b5c8:8286:769:3923*,20,10872,9,3439,11,7433
D4:F5:47:82:0E:C6,ALL,udp:36614,2607:f8b0:4004:c0b::8b*,13,6470,6,3425,7,3045
D4:F5:47:82:0E:C6,ALL,udp:36614,2620:0:5301:2210:b5c8:8286:769:3923*,13,6470,7,3045,6,3425
D4:F5:47:82:0E:C6,ALL,udp:50835,2607:f8b0:4004:c1d::71*,25,12677,13,9433,12,3244
D4:F5:47:82:0E:C6,ALL,udp:50835,2620:0:5301:2210:b5c8:8286:769:3923*,25,12677,12,3244,13,9433
D4:F5:47:82:0E:C6,ALL,udp:53499,2607:f8b0:4004:c0b::65*,21,10967,12,7535,9,3432
D4:F5:47:82:0E:C6,ALL,udp:53499,2620:0:5301:2210:b5c8:8286:769:3923*,21,10967,9,3432,12,7535
D4:F5:47:82:0E:C6,ALL,udp:55258,2607:f8b0:4004:c17::5d*,705,86679,348,49759,357,36920
D4:F5:47:82:0E:C6,ALL,udp:55258,2620:0:5301:2210:b5c8:8286:769:3923*,705,86679,357,36920,348,49759
D4:F5:47:82:0E:C6,ALL,udp:32832,2607:f8b0:4004:c0b::66*,20,10875,11,7438,9,3437
D4:F5:47:82:0E:C6,ALL,udp:32832,2620:0:5301:2210:b5c8:8286:769:3923*,20,10875,9,3437,11,7438
D4:F5:47:82:0E:C6,ALL,udp:43764,2607:f8b0:4004:c0b::65*,25,12674,13,9430,12,3244
D4:F5:47:82:0E:C6,ALL,udp:43764,2620:0:5301:2210:b5c8:8286:769:3923*,25,12674,12,3244,13,9430
D4:F5:47:82:0E:C6,ALL,udp:52980,2607:f8b0:4004:c0b::65*,21,10973,12,7537,9,3436
D4:F5:47:82:0E:C6,ALL,udp:52980,2620:0:5301:2210:b5c8:8286:769:3923*,21,10973,9,3436,12,7537
D4:F5:47:82:0E:C6,ALL,udp:54250,2607:f8b0:4004:c17::88*,672,83509,331,48142,341,35367
D4:F5:47:82:0E:C6,ALL,udp:54250,2620:0:5301:2210:b5c8:8286:769:3923*,672,83509,341,35367,331,48142
D4:F5:47:82:0E:C6,ALL,udp:58088,2607:f8b0:4004:c0b::71*,22,11052,12,7531,10,3521
D4:F5:47:82:0E:C6,ALL,udp:58088,2620:0:5301:2210:b5c8:8286:769:3923*,22,11052,10,3521,12,7531
D4:F5:47:82:0E:C6,ALL,udp:41242,2607:f8b0:4004:c1d::65*,25,12676,13,9432,12,3244
D4:F5:47:82:0E:C6,ALL,udp:41242,2620:0:5301:2210:b5c8:8286:769:3923*,25,12676,12,3244,13,9432
D4:F5:47:82:0E:C6,ALL,udp:37733,2607:f8b0:4004:c1d::5b*,410,51839,197,29042,213,22797
D4:F5:47:82:0E:C6,ALL,udp:37733,2620:0:5301:2210:b5c8:8286:769:3923*,410,51839,213,22797,197,29042
D4:F5:47:82:0E:C6,ALL,udp:48130,2607:f8b0:4004:c1d::66*,19,10766,11,7453,8,3313
D4:F5:47:82:0E:C6,ALL,udp:48130,2620:0:5301:2210:b5c8:8286:769:3923*,19,10766,8,3313,11,7453
D4:F5:47:82:0E:C6,ALL,udp:54075,2607:f8b0:4004:c0b::65*,504,560372,99,17843,405,542529
D4:F5:47:82:0E:C6,ALL,udp:54075,2620:0:5301:2210:3016:245b:da55:a35f*,504,560372,405,542529,99,17843
D4:F5:47:82:0E:C6,ALL,udp:51730,2607:f8b0:4004:c06::5e*,29,11375,15,4481,14,6894
D4:F5:47:82:0E:C6,ALL,udp:51730,2620:0:5301:2210:3016:245b:da55:a35f*,29,11375,14,6894,15,4481
D4:F5:47:82:0E:C6,ALL,udp:57137,2607:f8b0:4004:c0b::8b*,22,11689,12,7541,10,4148
D4:F5:47:82:0E:C6,ALL,udp:57137,2620:0:5301:2210:3016:245b:da55:a35f*,22,11689,10,4148,12,7541
D4:F5:47:82:0E:C6,ALL,udp:42989,2607:f8b0:4004:c0b::65*,21,10979,12,7541,9,3438
D4:F5:47:82:0E:C6,ALL,udp:42989,2620:0:5301:2210:3016:245b:da55:a35f*,21,10979,9,3438,12,7541
D4:F5:47:82:0E:C6,ALL,udp:53778,2607:f8b0:4004:c1d::71*,25,12685,13,9441,12,3244
D4:F5:47:82:0E:C6,ALL,udp:53778,2620:0:5301:2210:3016:245b:da55:a35f*,25,12685,12,3244,13,9441
D4:F5:47:82:0E:C6,ALL,udp:38967,2607:f8b0:4004:c19::88*,679,84182,335,48516,344,35666
D4:F5:47:82:0E:C6,ALL,udp:38967,2620:0:5301:2210:3016:245b:da55:a35f*,679,84182,344,35666,335,48516
D4:F5:47:82:0E:C6,ALL,udp:38540,2607:f8b0:4004:c1d::65*,20,10876,11,7437,9,3439
D4:F5:47:82:0E:C6,ALL,udp:38540,2620:0:5301:2210:3016:245b:da55:a35f*,20,10876,9,3439,11,7437
D4:F5:47:82:0E:C6,ALL,udp:59960,2607:f8b0:4004:c0b::8b*,20,10875,11,7437,9,3438
D4:F5:47:82:0E:C6,ALL,udp:59960,2620:0:5301:2210:3016:245b:da55:a35f*,20,10875,9,3438,11,7437
D4:F5:47:82:0E:C6,ALL,udp:42449,2607:f8b0:4004:c0b::8b*,25,12686,13,9442,12,3244
D4:F5:47:82:0E:C6,ALL,udp:42449,2620:0:5301:2210:3016:245b:da55:a35f*,25,12686,12,3244,13,9442
D4:F5:47:82:0E:C6,ALL,udp:45489,2607:f8b0:4004:c21::88*,681,84373,335,48512,346,35861
D4:F5:47:82:0E:C6,ALL,udp:45489,2620:0:5301:2210:3016:245b:da55:a35f*,681,84373,346,35861,335,48512
D4:F5:47:82:0E:C6,ALL,udp:42710,2607:f8b0:4004:c0b::8b*,20,10872,11,7438,9,3434
D4:F5:47:82:0E:C6,ALL,udp:42710,2620:0:5301:2210:3016:245b:da55:a35f*,20,10872,9,3434,11,7438
D4:F5:47:82:0E:C6,ALL,udp:59778,2607:f8b0:4004:c0b::71*,25,12676,13,9432,12,3244
D4:F5:47:82:0E:C6,ALL,udp:59778,2620:0:5301:2210:3016:245b:da55:a35f*,25,12676,12,3244,13,9432
D4:F5:47:82:0E:C6,ALL,udp:58266,2607:f8b0:4004:c06::5b*,702,85821,344,48747,358,37074
D4:F5:47:82:0E:C6,ALL,udp:58266,2620:0:5301:2210:3016:245b:da55:a35f*,702,85821,358,37074,344,48747
D4:F5:47:82:0E:C6,ALL,udp:60809,2607:f8b0:4004:c1d::64*,21,10978,12,7541,9,3437
D4:F5:47:82:0E:C6,ALL,udp:60809,2620:0:5301:2210:3016:245b:da55:a35f*,21,10978,9,3437,12,7541
D4:F5:47:82:0E:C6,ALL,udp:59573,2607:f8b0:4004:c0b::8b*,20,10871,11,7436,9,3435
D4:F5:47:82:0E:C6,ALL,udp:59573,2620:0:5301:2210:3016:245b:da55:a35f*,20,10871,9,3435,11,7436
D4:F5:47:82:0E:C6,ALL,udp:50867,2607:f8b0:4004:c0b::71*,25,12679,13,9435,12,3244
D4:F5:47:82:0E:C6,ALL,udp:50867,2620:0:5301:2210:3016:245b:da55:a35f*,25,12679,12,3244,13,9435
D4:F5:47:82:0E:C6,ALL,udp:50717,2607:f8b0:4004:c0b::5d*,689,84480,340,48347,349,36133
D4:F5:47:82:0E:C6,ALL,udp:50717,2620:0:5301:2210:3016:245b:da55:a35f*,689,84480,349,36133,340,48347
D4:F5:47:82:0E:C6,ALL,udp:59851,2607:f8b0:4004:c0b::71*,20,10873,11,7439,9,3434
D4:F5:47:82:0E:C6,ALL,udp:59851,2620:0:5301:2210:3016:245b:da55:a35f*,20,10873,9,3434,11,7439
D4:F5:47:82:0E:C6,ALL,udp:59371,2607:f8b0:4004:c0b::66*,21,10970,12,7535,9,3435
D4:F5:47:82:0E:C6,ALL,udp:59371,2620:0:5301:2210:3016:245b:da55:a35f*,21,10970,9,3435,12,7535
D4:F5:47:82:0E:C6,ALL,udp:41222,2607:f8b0:4004:c1d::65*,25,12678,13,9434,12,3244
D4:F5:47:82:0E:C6,ALL,udp:41222,2620:0:5301:2210:3016:245b:da55:a35f*,25,12678,12,3244,13,9434
D4:F5:47:82:0E:C6,ALL,udp:58259,2607:f8b0:4004:c0b::5b*,703,85840,346,48925,357,36915
D4:F5:47:82:0E:C6,ALL,udp:58259,2620:0:5301:2210:3016:245b:da55:a35f*,703,85840,357,36915,346,48925
D4:F5:47:82:0E:C6,ALL,udp:40902,2607:f8b0:4004:c0b::66*,20,10876,11,7438,9,3438
D4:F5:47:82:0E:C6,ALL,udp:40902,2620:0:5301:2210:3016:245b:da55:a35f*,20,10876,9,3438,11,7438
D4:F5:47:82:0E:C6,ALL,udp:47719,2607:f8b0:4004:c0b::8b*,498,556895,94,14496,404,542399
D4:F5:47:82:0E:C6,ALL,udp:47719,2620:0:5301:2210:3016:245b:da55:a35f*,498,556895,404,542399,94,14496
D4:F5:47:82:0E:C6,ALL,udp:47567,2607:f8b0:4004:c0b::71*,27,12967,16,9787,11,3180
D4:F5:47:82:0E:C6,ALL,udp:47567,2620:0:5301:2210:3016:245b:da55:a35f*,27,12967,11,3180,16,9787
D4:F5:47:82:0E:C6,ALL,udp:40542,2607:f8b0:4004:c0b::8a*,18,10592,9,7189,9,3403
D4:F5:47:82:0E:C6,ALL,udp:40542,2620:0:5301:2210:3016:245b:da55:a35f*,18,10592,9,3403,9,7189
D4:F5:47:82:0E:C6,ALL,udp:45482,2607:f8b0:4004:c19::88*,677,83998,333,48331,344,35667
D4:F5:47:82:0E:C6,ALL,udp:45482,2620:0:5301:2210:3016:245b:da55:a35f*,677,83998,344,35667,333,48331
D4:F5:47:82:0E:C6,ALL,udp:48088,2607:f8b0:4004:c0b::65*,20,10875,11,7439,9,3436
D4:F5:47:82:0E:C6,ALL,udp:48088,2620:0:5301:2210:3016:245b:da55:a35f*,20,10875,9,3436,11,7439
D4:F5:47:82:0E:C6,ALL,udp:51968,2607:f8b0:4004:c0b::8b*,25,12673,13,9429,12,3244
D4:F5:47:82:0E:C6,ALL,udp:51968,2620:0:5301:2210:3016:245b:da55:a35f*,25,12673,12,3244,13,9429
D4:F5:47:82:0E:C6,ALL,udp:43569,2607:f8b0:4004:c07::5d*,687,84934,339,48904,348,36030
D4:F5:47:82:0E:C6,ALL,udp:43569,2620:0:5301:2210:3016:245b:da55:a35f*,687,84934,348,36030,339,48904
D4:F5:47:82:0E:C6,ALL,udp:41527,2607:f8b0:4004:c0b::8a*,21,10979,12,7541,9,3438
D4:F5:47:82:0E:C6,ALL,udp:41527,2620:0:5301:2210:3016:245b:da55:a35f*,21,10979,9,3438,12,7541
D4:F5:47:82:0E:C6,ALL,udp:41586,2607:f8b0:4004:c1d::71*,21,10975,12,7539,9,3436
D4:F5:47:82:0E:C6,ALL,udp:41586,2620:0:5301:2210:3016:245b:da55:a35f*,21,10975,9,3436,12,7539
D4:F5:47:82:0E:C6,ALL,udp:50128,2607:f8b0:4004:c1d::8a*,25,12676,13,9432,12,3244
D4:F5:47:82:0E:C6,ALL,udp:50128,2620:0:5301:2210:3016:245b:da55:a35f*,25,12676,12,3244,13,9432
D4:F5:47:82:0E:C6,ALL,udp:46576,2607:f8b0:4004:c06::5b*,681,84371,336,48616,345,35755
D4:F5:47:82:0E:C6,ALL,udp:46576,2620:0:5301:2210:3016:245b:da55:a35f*,681,84371,345,35755,336,48616
D4:F5:47:82:0E:C6,ALL,udp:60178,2607:f8b0:4004:c0b::66*,20,10871,11,7433,9,3438
D4:F5:47:82:0E:C6,ALL,udp:60178,2620:0:5301:2210:3016:245b:da55:a35f*,20,10871,9,3438,11,7433
D4:F5:47:82:0E:C6,ALL,udp:50264,2607:f8b0:4004:c0b::65*,25,12679,13,9435,12,3244
D4:F5:47:82:0E:C6,ALL,udp:50264,2607:f8b0:4004:c1d::64*,25,12678,13,9434,12,3244
D4:F5:47:82:0E:C6,ALL,udp:50264,2620:0:5301:2210:5447:ac25:6682:e076*,25,12679,12,3244,13,9435
D4:F5:47:82:0E:C6,ALL,udp:56952,2607:f8b0:4004:c0b::71*,21,10975,12,7540,9,3435
D4:F5:47:82:0E:C6,ALL,udp:56952,2620:0:5301:2210:3016:245b:da55:a35f*,21,10975,9,3435,12,7540
D4:F5:47:82:0E:C6,ALL,udp:57889,2607:f8b0:4004:c08::5d*,680,84300,335,48516,345,35784
D4:F5:47:82:0E:C6,ALL,udp:57889,2620:0:5301:2210:3016:245b:da55:a35f*,680,84300,345,35784,335,48516
D4:F5:47:82:0E:C6,ALL,udp:43325,2607:f8b0:4004:c0b::71*,20,10871,11,7435,9,3436
D4:F5:47:82:0E:C6,ALL,udp:43325,2620:0:5301:2210:3016:245b:da55:a35f*,20,10871,9,3436,11,7435
D4:F5:47:82:0E:C6,ALL,udp:51589,2607:f8b0:4004:c0b::65*,25,12679,13,9435,12,3244
D4:F5:47:82:0E:C6,ALL,udp:51589,2620:0:5301:2210:3016:245b:da55:a35f*,25,12679,12,3244,13,9435
D4:F5:47:82:0E:C6,ALL,udp:59444,2607:f8b0:4004:c0b::88*,724,88949,355,50851,369,38098
D4:F5:47:82:0E:C6,ALL,udp:59444,2620:0:5301:2210:3016:245b:da55:a35f*,724,88949,369,38098,355,50851
D4:F5:47:82:0E:C6,ALL,udp:42561,2607:f8b0:4004:c0b::64*,20,10874,11,7437,9,3437
D4:F5:47:82:0E:C6,ALL,udp:42561,2620:0:5301:2210:3016:245b:da55:a35f*,20,10874,9,3437,11,7437
D4:F5:47:82:0E:C6,ALL,udp:37480,2607:f8b0:4004:c0b::65*,20,10875,11,7437,9,3438
D4:F5:47:82:0E:C6,ALL,udp:37480,2620:0:5301:2210:3016:245b:da55:a35f*,20,10875,9,3438,11,7437
D4:F5:47:82:0E:C6,ALL,udp:40781,2607:f8b0:4004:c0b::71*,25,12685,13,9441,12,3244
D4:F5:47:82:0E:C6,ALL,udp:40781,2620:0:5301:2210:3016:245b:da55:a35f*,25,12685,12,3244,13,9441
D4:F5:47:82:0E:C6,ALL,udp:44683,2607:f8b0:4004:c17::5d*,477,62439,230,36203,247,26236
D4:F5:47:82:0E:C6,ALL,udp:44683,2620:0:5301:2210:3016:245b:da55:a35f*,477,62439,247,26236,230,36203
D4:F5:47:82:0E:C6,ALL,udp:40348,2607:f8b0:4004:c1d::64*,20,10875,11,7436,9,3439
D4:F5:47:82:0E:C6,ALL,udp:40348,2620:0:5301:2210:3016:245b:da55:a35f*,20,10875,9,3439,11,7436
D4:F5:47:82:0E:C6,ALL,udp:57460,2607:f8b0:4004:c06::5e*,22,7075,12,4059,10,3016
D4:F5:47:82:0E:C6,ALL,udp:57460,2620:0:5301:2210:4092:53e4:99d1:f108*,22,7075,10,3016,12,4059
D4:F5:47:82:0E:C6,ALL,udp:38156,2607:f8b0:4004:c0b::65*,491,556255,92,14310,399,541945
D4:F5:47:82:0E:C6,ALL,udp:38156,2620:0:5301:2210:4092:53e4:99d1:f108*,491,556255,399,541945,92,14310
D4:F5:47:82:0E:C6,ALL,udp:54731,2607:f8b0:4004:c0b::8a*,20,10876,11,7438,9,3438
D4:F5:47:82:0E:C6,ALL,udp:54731,2620:0:5301:2210:4092:53e4:99d1:f108*,20,10876,9,3438,11,7438
D4:F5:47:82:0E:C6,ALL,udp:44990,2607:f8b0:4004:c0b::66*,20,10873,11,7436,9,3437
D4:F5:47:82:0E:C6,ALL,udp:44990,2620:0:5301:2210:4092:53e4:99d1:f108*,20,10873,9,3437,11,7436
D4:F5:47:82:0E:C6,ALL,udp:44524,2607:f8b0:4004:c1d::66*,25,12679,13,9435,12,3244
D4:F5:47:82:0E:C6,ALL,udp:44524,2620:0:5301:2210:4092:53e4:99d1:f108*,25,12679,12,3244,13,9435
D4:F5:47:82:0E:C6,ALL,udp:58355,2607:f8b0:4004:c09::88*,688,85775,335,49212,353,36563
D4:F5:47:82:0E:C6,ALL,udp:58355,2620:0:5301:2210:4092:53e4:99d1:f108*,688,85775,353,36563,335,49212
D4:F5:47:82:0E:C6,ALL,udp:34348,2607:f8b0:4004:c0b::66*,21,10976,12,7539,9,3437
D4:F5:47:82:0E:C6,ALL,udp:34348,2620:0:5301:2210:4092:53e4:99d1:f108*,21,10976,9,3437,12,7539
D4:F5:47:82:0E:C6,ALL,udp:54850,2607:f8b0:4004:c0b::66*,20,10870,11,7436,9,3434
D4:F5:47:82:0E:C6,ALL,udp:54850,2620:0:5301:2210:4092:53e4:99d1:f108*,20,10870,9,3434,11,7436
D4:F5:47:82:0E:C6,ALL,udp:41035,2607:f8b0:4004:c0b::8a*,25,12676,13,9432,12,3244
D4:F5:47:82:0E:C6,ALL,udp:41035,2620:0:5301:2210:4092:53e4:99d1:f108*,25,12676,12,3244,13,9432
D4:F5:47:82:0E:C6,ALL,udp:42817,2607:f8b0:4004:c1d::8a*,13,8935,5,1896,8,7039
D4:F5:47:82:0E:C6,ALL,udp:42817,2620:0:5301:2210:5447:ac25:6682:e076*,13,8935,8,7039,5,1896
D4:F5:47:82:0E:C6,ALL,udp:53857,2607:f8b0:4004:c1d::8a*,26,15913,12,6410,14,9503
D4:F5:47:82:0E:C6,ALL,udp:53857,2620:0:5301:2210:5447:ac25:6682:e076*,26,15913,14,9503,12,6410
D4:F5:47:82:0E:C6,ALL,udp:34581,2607:f8b0:4004:c1d::8a*,25,12676,13,9432,12,3244
D4:F5:47:82:0E:C6,ALL,udp:34581,2620:0:5301:2210:5447:ac25:6682:e076*,25,12676,12,3244,13,9432
D4:F5:47:82:0E:C6,ALL,udp:47905,2607:f8b0:4004:c08::88*,1348,797265,460,58326,888,738939
D4:F5:47:82:0E:C6,ALL,udp:47905,2620:0:5301:2210:5447:ac25:6682:e076*,1348,797265,888,738939,460,58326
D4:F5:47:82:0E:C6,ALL,udp:39557,2607:f8b0:4004:c0b::8b*,25,12676,13,9433,12,3243
D4:F5:47:82:0E:C6,ALL,udp:39557,2620:0:5301:2210:5447:ac25:6682:e076*,25,12676,12,3243,13,9433
D4:F5:47:82:0E:C6,ALL,udp:42922,2607:f8b0:4004:c1d::66*,25,12675,13,9432,12,3243
D4:F5:47:82:0E:C6,ALL,udp:42922,2620:0:5301:2210:5447:ac25:6682:e076*,25,12675,12,3243,13,9432
D4:F5:47:82:0E:C6,ALL,udp:48605,2607:f8b0:4004:c0b::8b*,25,12676,13,9432,12,3244
D4:F5:47:82:0E:C6,ALL,udp:48605,2620:0:5301:2210:5447:ac25:6682:e076*,25,12676,12,3244,13,9432
D4:F5:47:82:0E:C6,ALL,udp:33799,2607:f8b0:4004:c1d::8a*,27,12974,16,9787,11,3187
D4:F5:47:82:0E:C6,ALL,udp:33799,2620:0:5301:2210:5447:ac25:6682:e076*,27,12974,11,3187,16,9787
D4:F5:47:82:0E:C6,ALL,udp:51847,2607:f8b0:4004:c1d::65*,18,10592,9,7189,9,3403
D4:F5:47:82:0E:C6,ALL,udp:51847,2620:0:5301:2210:5447:ac25:6682:e076*,18,10592,9,3403,9,7189
D4:F5:47:82:0E:C6,ALL,udp:53402,2607:f8b0:4004:c0b::8b*,27,12974,16,9788,11,3186
D4:F5:47:82:0E:C6,ALL,udp:53402,2620:0:5301:2210:5447:ac25:6682:e076*,27,12974,11,3186,16,9788
D4:F5:47:82:0E:C6,ALL,udp:44059,2607:f8b0:4004:c21::5d*,702,85609,347,49030,355,36579
D4:F5:47:82:0E:C6,ALL,udp:44059,2620:0:5301:2210:5447:ac25:6682:e076*,702,85609,355,36579,347,49030
D4:F5:47:82:0E:C6,ALL,udp:48459,2607:f8b0:4004:c1d::71*,18,10591,9,7189,9,3402
D4:F5:47:82:0E:C6,ALL,udp:48459,2620:0:5301:2210:5447:ac25:6682:e076*,18,10591,9,3402,9,7189
D4:F5:47:82:0E:C6,ALL,udp:58325,2607:f8b0:4004:c0b::66*,19,10770,11,7458,8,3312
D4:F5:47:82:0E:C6,ALL,udp:58325,2620:0:5301:2210:5447:ac25:6682:e076*,19,10770,8,3312,11,7458
D4:F5:47:82:0E:C6,ALL,udp:41626,2607:f8b0:4004:c1d::8b*,25,12683,13,9439,12,3244
D4:F5:47:82:0E:C6,ALL,udp:41626,2620:0:5301:2210:5447:ac25:6682:e076*,25,12683,12,3244,13,9439
D4:F5:47:82:0E:C6,ALL,udp:37685,2607:f8b0:4004:c1b::be*,689,85003,338,48811,351,36192
D4:F5:47:82:0E:C6,ALL,udp:37685,2620:0:5301:2210:5447:ac25:6682:e076*,689,85003,351,36192,338,48811
D4:F5:47:82:0E:C6,ALL,udp:37889,2607:f8b0:4004:c0b::64*,20,10870,11,7439,9,3431
D4:F5:47:82:0E:C6,ALL,udp:37889,2620:0:5301:2210:5447:ac25:6682:e076*,20,10870,9,3431,11,7439
D4:F5:47:82:0E:C6,ALL,udp:58912,2607:f8b0:4004:c0b::65*,20,10867,11,7432,9,3435
D4:F5:47:82:0E:C6,ALL,udp:58912,2620:0:5301:2210:5447:ac25:6682:e076*,20,10867,9,3435,11,7432
D4:F5:47:82:0E:C6,ALL,udp:49356,2607:f8b0:4004:c1d::66*,25,12682,13,9438,12,3244
D4:F5:47:82:0E:C6,ALL,udp:49356,2620:0:5301:2210:5447:ac25:6682:e076*,25,12682,12,3244,13,9438
D4:F5:47:82:0E:C6,ALL,udp:40474,2607:f8b0:4004:c06::88*,275,41227,141,26089,134,15138
D4:F5:47:82:0E:C6,ALL,udp:40474,2620:0:5301:2210:5447:ac25:6682:e076*,275,41227,134,15138,141,26089
D4:F5:47:82:0E:C6,ALL,udp:60152,2607:f8b0:4004:c0b::66*,20,10874,11,7437,9,3437
D4:F5:47:82:0E:C6,ALL,udp:60152,2620:0:5301:2210:5447:ac25:6682:e076*,20,10874,9,3437,11,7437
D4:F5:47:82:0E:C6,ALL,udp:55021,2607:f8b0:4004:c08::64*,487,555932,89,14025,398,541907
D4:F5:47:82:0E:C6,ALL,udp:55021,2620:0:5301:2210:5447:ac25:6682:e076*,487,555932,398,541907,89,14025
D4:F5:47:82:0E:C6,ALL,udp:57939,2607:f8b0:4004:c06::be*,244,36023,122,21341,122,14682
D4:F5:47:82:0E:C6,ALL,udp:57939,2620:0:5301:2210:5447:ac25:6682:e076*,244,36023,122,14682,122,21341
D4:F5:47:82:0E:C6,ALL,udp:53598,2607:f8b0:4004:c17::5e*,16,8785,7,2345,9,6440
D4:F5:47:82:0E:C6,ALL,udp:53598,2620:0:5301:2210:5447:ac25:6682:e076*,16,8785,9,6440,7,2345
D4:F5:47:82:0E:C6,ALL,udp:51563,2607:f8b0:4004:c1b::8a*,515,565222,112,16375,403,548847
D4:F5:47:82:0E:C6,ALL,udp:51563,2620:0:5301:2210:5447:ac25:6682:e076*,515,565222,403,548847,112,16375
D4:F5:47:82:0E:C6,ALL,udp:59582,2607:f8b0:4004:c1b::8a*,21,10975,12,7541,9,3434
D4:F5:47:82:0E:C6,ALL,udp:59582,2620:0:5301:2210:5447:ac25:6682:e076*,21,10975,9,3434,12,7541
D4:F5:47:82:0E:C6,ALL,udp:53508,2607:f8b0:4004:c09::5d*,748,93771,366,53944,382,39827
D4:F5:47:82:0E:C6,ALL,udp:53508,2620:0:5301:2210:5447:ac25:6682:e076*,748,93771,382,39827,366,53944
D4:F5:47:82:0E:C6,ALL,udp:46729,2607:f8b0:4004:c0b::71*,20,10870,11,7432,9,3438
D4:F5:47:82:0E:C6,ALL,udp:46729,2620:0:5301:2210:5447:ac25:6682:e076*,20,10870,9,3438,11,7432
D4:F5:47:82:0E:C6,ALL,udp:44222,2607:f8b0:4004:c1d::8a*,25,12677,13,9433,12,3244
D4:F5:47:82:0E:C6,ALL,udp:44222,2620:0:5301:2210:5447:ac25:6682:e076*,25,12677,12,3244,13,9433
D4:F5:47:82:0E:C6,ALL,udp:51407,2607:f8b0:4004:c19::5d*,684,84253,337,48411,347,35842
D4:F5:47:82:0E:C6,ALL,udp:51407,2620:0:5301:2210:5447:ac25:6682:e076*,684,84253,347,35842,337,48411
D4:F5:47:82:0E:C6,ALL,udp:56287,2607:f8b0:4004:c0b::71*,20,10872,11,7439,9,3433
D4:F5:47:82:0E:C6,ALL,udp:56287,2620:0:5301:2210:5447:ac25:6682:e076*,20,10872,9,3433,11,7439
D4:F5:47:82:0E:C6,ALL,udp:56777,2607:f8b0:4004:c0b::8b*,20,10875,11,7438,9,3437
D4:F5:47:82:0E:C6,ALL,udp:56777,2620:0:5301:2210:5447:ac25:6682:e076*,20,10875,9,3437,11,7438
D4:F5:47:82:0E:C6,ALL,udp:58584,2607:f8b0:4004:c1d::66*,25,12676,13,9433,12,3243
D4:F5:47:82:0E:C6,ALL,udp:58584,2620:0:5301:2210:5447:ac25:6682:e076*,25,12676,12,3243,13,9433
D4:F5:47:82:0E:C6,ALL,udp:48768,2607:f8b0:4004:c07::5d*,691,84900,340,48684,351,36216
D4:F5:47:82:0E:C6,ALL,udp:48768,2620:0:5301:2210:5447:ac25:6682:e076*,691,84900,351,36216,340,48684
D4:F5:47:82:0E:C6,ALL,udp:50313,2607:f8b0:4004:c0b::64*,20,10874,11,7438,9,3436
D4:F5:47:82:0E:C6,ALL,udp:50313,2620:0:5301:2210:5447:ac25:6682:e076*,20,10874,9,3436,11,7438
D4:F5:47:82:0E:C6,ALL,udp:60102,2607:f8b0:4004:c0b::65*,26,12868,15,9684,11,3184
D4:F5:47:82:0E:C6,ALL,udp:60102,2620:0:5301:2210:5447:ac25:6682:e076*,26,12868,11,3184,15,9684
D4:F5:47:82:0E:C6,ALL,udp:60022,2607:f8b0:4004:c1d::71*,18,10592,9,7189,9,3403
D4:F5:47:82:0E:C6,ALL,udp:60022,2620:0:5301:2210:5447:ac25:6682:e076*,18,10592,9,3403,9,7189
D4:F5:47:82:0E:C6,ALL,udp:35684,2607:f8b0:4004:c08::5d*,697,85435,344,49075,353,36360
D4:F5:47:82:0E:C6,ALL,udp:35684,2620:0:5301:2210:5447:ac25:6682:e076*,697,85435,353,36360,344,49075
D4:F5:47:82:0E:C6,ALL,udp:34608,2607:f8b0:4004:c0b::65*,20,10874,11,7437,9,3437
D4:F5:47:82:0E:C6,ALL,udp:34608,2620:0:5301:2210:5447:ac25:6682:e076*,20,10874,9,3437,11,7437
D4:F5:47:82:0E:C6,ALL,udp:57554,2607:f8b0:4004:c0b::8a*,25,12681,13,9437,12,3244
D4:F5:47:82:0E:C6,ALL,udp:57554,2620:0:5301:2210:5447:ac25:6682:e076*,25,12681,12,3244,13,9437
D4:F5:47:82:0E:C6,ALL,udp:55298,2001:4860:4806::*,2,220,1,110,1,110
D4:F5:47:82:0E:C6,ALL,udp:55298,2607:f8b0:4004:c06::be*,699,86280,343,49607,356,36673
D4:F5:47:82:0E:C6,ALL,udp:55298,2620:0:5301:2210:693b:8b81:cf03:2827*,2,220,1,110,1,110
D4:F5:47:82:0E:C6,ALL,udp:34599,2607:f8b0:4004:c1d::64*,21,10979,12,7542,9,3437
D4:F5:47:82:0E:C6,ALL,udp:34599,2620:0:5301:2210:5447:ac25:6682:e076*,21,10979,9,3437,12,7542
D4:F5:47:82:0E:C6,ALL,udp:59631,2607:f8b0:4004:c0b::8b*,21,10975,12,7539,9,3436
D4:F5:47:82:0E:C6,ALL,udp:59631,2620:0:5301:2210:5447:ac25:6682:e076*,21,10975,9,3436,12,7539
D4:F5:47:82:0E:C6,ALL,udp:56591,2607:f8b0:4004:c0b::8b*,25,12680,13,9436,12,3244
D4:F5:47:82:0E:C6,ALL,udp:56591,2620:0:5301:2210:5447:ac25:6682:e076*,25,12680,12,3244,13,9436
D4:F5:47:82:0E:C6,ALL,udp:53289,2607:f8b0:4004:c0b::5d*,703,86628,346,49892,357,36736
D4:F5:47:82:0E:C6,ALL,udp:53289,2620:0:5301:2210:5447:ac25:6682:e076*,703,86628,357,36736,346,49892
D4:F5:47:82:0E:C6,ALL,udp:54941,2607:f8b0:4004:c0b::8b*,20,10871,11,7436,9,3435
D4:F5:47:82:0E:C6,ALL,udp:54941,2620:0:5301:2210:5447:ac25:6682:e076*,20,10871,9,3435,11,7436
D4:F5:47:82:0E:C6,ALL,udp:38201,2607:f8b0:4004:c0b::8b*,20,10874,11,7438,9,3436
D4:F5:47:82:0E:C6,ALL,udp:38201,2620:0:5301:2210:5447:ac25:6682:e076*,20,10874,9,3436,11,7438
D4:F5:47:82:0E:C6,ALL,udp:52809,2607:f8b0:4004:c17::88*,684,84937,335,48863,349,36074
D4:F5:47:82:0E:C6,ALL,udp:52809,2620:0:5301:2210:5447:ac25:6682:e076*,684,84937,349,36074,335,48863
D4:F5:47:82:0E:C6,ALL,udp:48318,2607:f8b0:4004:c0b::66*,517,564272,111,16161,406,548111
D4:F5:47:82:0E:C6,ALL,udp:48318,2620:0:5301:2210:5447:ac25:6682:e076*,517,564272,406,548111,111,16161
D4:F5:47:82:0E:C6,ALL,udp:51955,2607:f8b0:4004:c0b::8a*,20,10875,11,7439,9,3436
D4:F5:47:82:0E:C6,ALL,udp:51955,2620:0:5301:2210:5447:ac25:6682:e076*,20,10875,9,3436,11,7439
D4:F5:47:82:0E:C6,ALL,udp:51577,2607:f8b0:4004:c0b::66*,20,10872,11,7438,9,3434
D4:F5:47:82:0E:C6,ALL,udp:51577,2620:0:5301:2210:5447:ac25:6682:e076*,20,10872,9,3434,11,7438
D4:F5:47:82:0E:C6,ALL,udp:35572,2607:f8b0:4004:c1b::5d*,503,65663,244,38220,259,27443
D4:F5:47:82:0E:C6,ALL,udp:35572,2620:0:5301:2210:5447:ac25:6682:e076*,503,65663,259,27443,244,38220
D4:F5:47:82:0E:C6,ALL,udp:55500,2607:f8b0:4004:c0b::64*,20,10864,11,7433,9,3431
D4:F5:47:82:0E:C6,ALL,udp:55500,2620:0:5301:2210:5447:ac25:6682:e076*,20,10864,9,3431,11,7433
D4:F5:47:82:0E:C6,ALL,udp:35475,2001:4860:4806::*,2,220,1,110,1,110
D4:F5:47:82:0E:C6,ALL,udp:35475,2607:f8b0:4004:c06::5e*,25,7369,13,4149,12,3220
D4:F5:47:82:0E:C6,ALL,udp:35475,2620:0:5301:2210:e034:d9d7:cb13:bab9*,2,220,1,110,1,110
D4:F5:47:82:0E:C6,ALL,udp:41542,2607:f8b0:4004:c0b::66*,490,556217,89,14029,401,542188
D4:F5:47:82:0E:C6,ALL,udp:41542,2620:0:5301:2210:cd8f:5ea7:debe:72d7*,490,556217,401,542188,89,14029
D4:F5:47:82:0E:C6,ALL,udp:41567,2607:f8b0:4004:c0b::66*,25,12676,13,9432,12,3244
D4:F5:47:82:0E:C6,ALL,udp:41567,2620:0:5301:2210:cd8f:5ea7:debe:72d7*,25,12676,12,3244,13,9432
D4:F5:47:82:0E:C6,ALL,udp:43503,2607:f8b0:4004:c0b::64*,20,10869,11,7438,9,3431
D4:F5:47:82:0E:C6,ALL,udp:43503,2620:0:5301:2210:cd8f:5ea7:debe:72d7*,20,10869,9,3431,11,7438
D4:F5:47:82:0E:C6,ALL,udp:41635,2607:f8b0:4004:c1d::66*,21,10976,12,7540,9,3436
D4:F5:47:82:0E:C6,ALL,udp:41635,2620:0:5301:2210:cd8f:5ea7:debe:72d7*,21,10976,9,3436,12,7540
D4:F5:47:82:0E:C6,ALL,udp:54414,2607:f8b0:4004:c0b::8b*,25,12677,13,9433,12,3244
D4:F5:47:82:0E:C6,ALL,udp:54414,2620:0:5301:2210:cd8f:5ea7:debe:72d7*,25,12677,12,3244,13,9433
D4:F5:47:82:0E:C6,ALL,udp:41244,2607:f8b0:4004:c06::be*,696,86146,341,49418,355,36728
D4:F5:47:82:0E:C6,ALL,udp:41244,2620:0:5301:2210:cd8f:5ea7:debe:72d7*,696,86146,355,36728,341,49418
D4:F5:47:82:0E:C6,ALL,udp:57690,2607:f8b0:4004:c1d::64*,20,10869,11,7438,9,3431
D4:F5:47:82:0E:C6,ALL,udp:57690,2620:0:5301:2210:cd8f:5ea7:debe:72d7*,20,10869,9,3431,11,7438
D4:F5:47:82:0E:C6,ALL,udp:49148,2607:f8b0:4004:c0b::71*,20,10873,11,7438,9,3435
D4:F5:47:82:0E:C6,ALL,udp:49148,2620:0:5301:2210:cd8f:5ea7:debe:72d7*,20,10873,9,3435,11,7438
D4:F5:47:82:0E:C6,ALL,udp:41254,2607:f8b0:4004:c0b::71*,25,12673,13,9429,12,3244
D4:F5:47:82:0E:C6,ALL,udp:41254,2620:0:5301:2210:cd8f:5ea7:debe:72d7*,25,12673,12,3244,13,9429
D4:F5:47:82:0E:C6,ALL,udp:60678,2607:f8b0:4004:c0b::5b*,686,85256,336,48961,350,36295
D4:F5:47:82:0E:C6,ALL,udp:60678,2620:0:5301:2210:cd8f:5ea7:debe:72d7*,686,85256,350,36295,336,48961
D4:F5:47:82:0E:C6,ALL,udp:35723,2607:f8b0:4004:c0b::71*,20,10871,11,7438,9,3433
D4:F5:47:82:0E:C6,ALL,udp:35723,2620:0:5301:2210:cd8f:5ea7:debe:72d7*,20,10871,9,3433,11,7438
D4:F5:47:82:0E:C6,ALL,udp:46115,2607:f8b0:4004:c0b::8b*,25,12676,13,9432,12,3244
D4:F5:47:82:0E:C6,ALL,udp:46115,2620:0:5301:2210:cd8f:5ea7:debe:72d7*,25,12676,12,3244,13,9432
D4:F5:47:82:0E:C6,ALL,udp:33026,2607:f8b0:4004:c17::5b*,688,85446,338,49150,350,36296
D4:F5:47:82:0E:C6,ALL,udp:33026,2620:0:5301:2210:cd8f:5ea7:debe:72d7*,688,85446,350,36296,338,49150
D4:F5:47:82:0E:C6,ALL,udp:40237,2607:f8b0:4004:c0b::65*,20,10874,11,7437,9,3437
D4:F5:47:82:0E:C6,ALL,udp:40237,2620:0:5301:2210:cd8f:5ea7:debe:72d7*,20,10874,9,3437,11,7437
D4:F5:47:82:0E:C6,ALL,udp:59432,2607:f8b0:4004:c0b::66*,20,10871,11,7436,9,3435
D4:F5:47:82:0E:C6,ALL,udp:59432,2620:0:5301:2210:cd8f:5ea7:debe:72d7*,20,10871,9,3435,11,7436
D4:F5:47:82:0E:C6,ALL,udp:36078,2001:4860:4806:8::*,2,220,1,110,1,110
D4:F5:47:82:0E:C6,ALL,udp:36078,2607:f8b0:4004:c0b::8a*,27,13357,14,10025,13,3332
D4:F5:47:82:0E:C6,ALL,udp:36078,2620:0:5301:2210:b5c8:8286:769:3923*,2,220,1,110,1,110
D4:F5:47:82:0E:C6,ALL,udp:45017,2607:f8b0:4004:c17::be*,669,79938,328,44594,341,35344
D4:F5:47:82:0E:C6,ALL,udp:45017,2620:0:5301:2210:cd8f:5ea7:debe:72d7*,669,79938,341,35344,328,44594
D4:F5:47:82:0E:C6,ALL,udp:45035,2607:f8b0:4004:c0b::66*,19,10767,11,7455,8,3312
D4:F5:47:82:0E:C6,ALL,udp:45035,2620:0:5301:2210:cd8f:5ea7:debe:72d7*,19,10767,8,3312,11,7455
D4:F5:47:82:0E:C6,ALL,udp:53713,2607:f8b0:4004:c0b::66*,25,12682,13,9438,12,3244
D4:F5:47:82:0E:C6,ALL,udp:53713,2620:0:5301:2210:cd8f:5ea7:debe:72d7*,25,12682,12,3244,13,9438
D4:F5:47:82:0E:C6,ALL,udp:34681,2607:f8b0:4004:c1d::5b*,706,86466,348,49456,358,37010
D4:F5:47:82:0E:C6,ALL,udp:34681,2620:0:5301:2210:cd8f:5ea7:debe:72d7*,706,86466,358,37010,348,49456
D4:F5:47:82:0E:C6,ALL,udp:32842,2607:f8b0:4004:c0b::8a*,20,10875,11,7439,9,3436
D4:F5:47:82:0E:C6,ALL,udp:32842,2620:0:5301:2210:cd8f:5ea7:debe:72d7*,20,10875,9,3436,11,7439
D4:F5:47:82:0E:C6,ALL,udp:60293,2001:4860:4806:8::*,2,220,1,110,1,110
D4:F5:47:82:0E:C6,ALL,udp:60293,2607:f8b0:4004:c0b::8b*,20,10869,11,7438,9,3431
D4:F5:47:82:0E:C6,ALL,udp:60293,2620:0:5301:2210:454d:c193:462b:f71c*,2,220,1,110,1,110
D4:F5:47:82:0E:C6,ALL,udp:33707,2607:f8b0:4004:c0b::71*,25,12681,13,9437,12,3244
D4:F5:47:82:0E:C6,ALL,udp:33707,2620:0:5301:2210:cd8f:5ea7:debe:72d7*,25,12681,12,3244,13,9437
D4:F5:47:82:0E:C6,ALL,udp:48092,2607:f8b0:4004:c08::be*,705,86363,348,49456,357,36907
D4:F5:47:82:0E:C6,ALL,udp:48092,2620:0:5301:2210:cd8f:5ea7:debe:72d7*,705,86363,357,36907,348,49456
D4:F5:47:82:0E:C6,ALL,udp:51930,2607:f8b0:4004:c0b::64*,20,10869,12,7557,8,3312
D4:F5:47:82:0E:C6,ALL,udp:51930,2620:0:5301:2210:cd8f:5ea7:debe:72d7*,20,10869,8,3312,12,7557
D4:F5:47:82:0E:C6,ALL,udp:33517,2607:f8b0:4004:c0b::8b*,20,10867,11,7433,9,3434
D4:F5:47:82:0E:C6,ALL,udp:33517,2620:0:5301:2210:cd8f:5ea7:debe:72d7*,20,10867,9,3434,11,7433
D4:F5:47:82:0E:C6,ALL,udp:53660,2607:f8b0:4004:c0b::64*,496,558097,94,14505,402,543592
D4:F5:47:82:0E:C6,ALL,udp:53660,2620:0:5301:2210:cd8f:5ea7:debe:72d7*,496,558097,402,543592,94,14505
D4:F5:47:82:0E:C6,ALL,udp:54587,2607:f8b0:4004:c0b::64*,25,12684,13,9440,12,3244
D4:F5:47:82:0E:C6,ALL,udp:54587,2620:0:5301:2210:cd8f:5ea7:debe:72d7*,25,12684,12,3244,13,9440
D4:F5:47:82:0E:C6,ALL,udp:56458,2607:f8b0:4004:c1d::be*,703,86209,346,49275,357,36934
D4:F5:47:82:0E:C6,ALL,udp:56458,2620:0:5301:2210:cd8f:5ea7:debe:72d7*,703,86209,357,36934,346,49275
D4:F5:47:82:0E:C6,ALL,udp:59385,2607:f8b0:4004:c0b::8b*,20,10874,11,7436,9,3438
D4:F5:47:82:0E:C6,ALL,udp:59385,2620:0:5301:2210:cd8f:5ea7:debe:72d7*,20,10874,9,3438,11,7436
D4:F5:47:82:0E:C6,ALL,udp:55490,2607:f8b0:4004:c1d::65*,26,12851,15,9704,11,3147
D4:F5:47:82:0E:C6,ALL,udp:55490,2620:0:5301:2210:cd8f:5ea7:debe:72d7*,26,12851,11,3147,15,9704
D4:F5:47:82:0E:C6,ALL,udp:52312,2607:f8b0:4004:c0b::71*,18,10591,9,7189,9,3402
D4:F5:47:82:0E:C6,ALL,udp:52312,2620:0:5301:2210:cd8f:5ea7:debe:72d7*,18,10591,9,3402,9,7189
D4:F5:47:82:0E:C6,ALL,udp:59331,2607:f8b0:4004:c21::5d*,686,85200,337,49049,349,36151
D4:F5:47:82:0E:C6,ALL,udp:59331,2620:0:5301:2210:cd8f:5ea7:debe:72d7*,686,85200,349,36151,337,49049
D4:F5:47:82:0E:C6,ALL,udp:47743,2607:f8b0:4004:c1d::64*,20,10875,11,7437,9,3438
D4:F5:47:82:0E:C6,ALL,udp:47743,2620:0:5301:2210:cd8f:5ea7:debe:72d7*,20,10875,9,3438,11,7437
D4:F5:47:82:0E:C6,ALL,udp:40621,2607:f8b0:4004:c0b::71*,25,12681,13,9437,12,3244
D4:F5:47:82:0E:C6,ALL,udp:40621,2620:0:5301:2210:cd8f:5ea7:debe:72d7*,25,12681,12,3244,13,9437
D4:F5:47:82:0E:C6,ALL,udp:44817,2607:f8b0:4004:c1b::5b*,500,65765,247,38959,253,26806
D4:F5:47:82:0E:C6,ALL,udp:44817,2620:0:5301:2210:cd8f:5ea7:debe:72d7*,500,65765,253,26806,247,38959
D4:F5:47:82:0E:C6,ALL,udp:58179,2001:4860:4806:c::*,2,220,1,110,1,110
D4:F5:47:82:0E:C6,ALL,udp:58179,2607:f8b0:4004:c0b::64*,20,10872,11,7437,9,3435
D4:F5:47:82:0E:C6,ALL,udp:58179,2620:0:5301:2210:8d39:66f:bc49:2ff6*,2,220,1,110,1,110
D4:F5:47:82:0E:C6,ALL,udp:52042,2607:f8b0:4004:c0b::65*,20,10873,11,7439,9,3434
D4:F5:47:82:0E:C6,ALL,udp:52042,2620:0:5301:2210:cd8f:5ea7:debe:72d7*,20,10873,9,3434,11,7439
D4:F5:47:82:0E:C6,ALL,udp:37582,2607:f8b0:4004:c0b::71*,14,10334,6,3290,8,7044
D4:F5:47:82:0E:C6,ALL,udp:37582,2620:0:5301:2210:8d39:66f:bc49:2ff6*,14,10334,8,7044,6,3290
D4:F5:47:82:0E:C6,ALL,udp:56395,2607:f8b0:4004:c0b::71*,25,15838,12,6422,13,9416
D4:F5:47:82:0E:C6,ALL,udp:56395,2620:0:5301:2210:8d39:66f:bc49:2ff6*,25,15838,13,9416,12,6422
D4:F5:47:82:0E:C6,ALL,udp:42650,2607:f8b0:4004:c0b::71*,25,12681,13,9437,12,3244
D4:F5:47:82:0E:C6,ALL,udp:42650,2620:0:5301:2210:8d39:66f:bc49:2ff6*,25,12681,12,3244,13,9437
D4:F5:47:82:0E:C6,ALL,udp:39322,2607:f8b0:4004:c09::5b*,1336,797925,451,59179,885,738746
D4:F5:47:82:0E:C6,ALL,udp:39322,2620:0:5301:2210:8d39:66f:bc49:2ff6*,1336,797925,885,738746,451,59179
D4:F5:47:82:0E:C6,ALL,udp:56366,2607:f8b0:4004:c0b::8b*,25,12681,13,9437,12,3244
D4:F5:47:82:0E:C6,ALL,udp:56366,2620:0:5301:2210:8d39:66f:bc49:2ff6*,25,12681,12,3244,13,9437
D4:F5:47:82:0E:C6,ALL,udp:47726,2607:f8b0:4004:c1d::66*,25,12681,13,9437,12,3244
D4:F5:47:82:0E:C6,ALL,udp:47726,2620:0:5301:2210:8d39:66f:bc49:2ff6*,25,12681,12,3244,13,9437
D4:F5:47:82:0E:C6,ALL,udp:46742,2607:f8b0:4004:c1d::66*,27,12859,14,9532,13,3327
D4:F5:47:82:0E:C6,ALL,udp:46742,2620:0:5301:2210:8d39:66f:bc49:2ff6*,27,12859,13,3327,14,9532
D4:F5:47:82:0E:C6,ALL,udp:59717,2607:f8b0:4004:c0b::66*,25,12683,13,9438,12,3245
D4:F5:47:82:0E:C6,ALL,udp:59717,2620:0:5301:2210:8d39:66f:bc49:2ff6*,25,12683,12,3245,13,9438
D4:F5:47:82:0E:C6,ALL,udp:55778,2607:f8b0:4004:c1d::66*,20,10872,11,7437,9,3435
D4:F5:47:82:0E:C6,ALL,udp:55778,2620:0:5301:2210:8d39:66f:bc49:2ff6*,20,10872,9,3435,11,7437
D4:F5:47:82:0E:C6,ALL,udp:38242,2607:f8b0:4004:c0b::66*,25,12682,13,9438,12,3244
D4:F5:47:82:0E:C6,ALL,udp:38242,2620:0:5301:2210:8d39:66f:bc49:2ff6*,25,12682,12,3244,13,9438
D4:F5:47:82:0E:C6,ALL,udp:42744,2607:f8b0:4004:c0b::be*,701,85492,344,48698,357,36794
D4:F5:47:82:0E:C6,ALL,udp:42744,2620:0:5301:2210:8d39:66f:bc49:2ff6*,701,85492,357,36794,344,48698
D4:F5:47:82:0E:C6,ALL,udp:51857,2607:f8b0:4004:c0b::66*,21,10975,12,7541,9,3434
D4:F5:47:82:0E:C6,ALL,udp:51857,2620:0:5301:2210:8d39:66f:bc49:2ff6*,21,10975,9,3434,12,7541
D4:F5:47:82:0E:C6,ALL,udp:36427,2607:f8b0:4004:c0b::65*,20,10873,11,7439,9,3434
D4:F5:47:82:0E:C6,ALL,udp:36427,2620:0:5301:2210:8d39:66f:bc49:2ff6*,20,10873,9,3434,11,7439
D4:F5:47:82:0E:C6,ALL,udp:47936,2607:f8b0:4004:c0b::66*,25,12678,13,9434,12,3244
D4:F5:47:82:0E:C6,ALL,udp:47936,2620:0:5301:2210:8d39:66f:bc49:2ff6*,25,12678,12,3244,13,9434
D4:F5:47:82:0E:C6,ALL,udp:43085,2607:f8b0:4004:c19::be*,699,85939,343,49227,356,36712
D4:F5:47:82:0E:C6,ALL,udp:43085,2620:0:5301:2210:8d39:66f:bc49:2ff6*,699,85939,356,36712,343,49227
D4:F5:47:82:0E:C6,ALL,udp:45548,2607:f8b0:4004:c0b::64*,21,10973,12,7542,9,3431
D4:F5:47:82:0E:C6,ALL,udp:45548,2620:0:5301:2210:8d39:66f:bc49:2ff6*,21,10973,9,3431,12,7542
D4:F5:47:82:0E:C6,ALL,udp:60175,2607:f8b0:4004:c1d::64*,20,10979,11,7440,9,3539
D4:F5:47:82:0E:C6,ALL,udp:60175,2620:0:5301:2210:8d39:66f:bc49:2ff6*,20,10979,9,3539,11,7440
D4:F5:47:82:0E:C6,ALL,udp:56661,2607:f8b0:4004:c0b::64*,25,12675,13,9431,12,3244
D4:F5:47:82:0E:C6,ALL,udp:56661,2620:0:5301:2210:8d39:66f:bc49:2ff6*,25,12675,12,3244,13,9431
D4:F5:47:82:0E:C6,ALL,udp:37871,2607:f8b0:4004:c07::88*,697,85693,343,49233,354,36460
D4:F5:47:82:0E:C6,ALL,udp:37871,2620:0:5301:2210:8d39:66f:bc49:2ff6*,697,85693,354,36460,343,49233
D4:F5:47:82:0E:C6,ALL,udp:51010,2607:f8b0:4004:c0b::64*,20,10869,11,7434,9,3435
D4:F5:47:82:0E:C6,ALL,udp:51010,2620:0:5301:2210:8d39:66f:bc49:2ff6*,20,10869,9,3435,11,7434
D4:F5:47:82:0E:C6,ALL,udp:39681,2607:f8b0:4004:c1d::8b*,25,12678,13,9434,12,3244
D4:F5:47:82:0E:C6,ALL,udp:39681,2620:0:5301:2210:8d39:66f:bc49:2ff6*,25,12678,12,3244,13,9434
D4:F5:47:82:0E:C6,ALL,udp:47645,2607:f8b0:4004:c1d::65*,22,11679,12,7530,10,4149
D4:F5:47:82:0E:C6,ALL,udp:47645,2620:0:5301:2210:8d39:66f:bc49:2ff6*,22,11679,10,4149,12,7530
D4:F5:47:82:0E:C6,ALL,udp:40922,2607:f8b0:4004:c06::88*,676,83742,332,48200,344,35542
D4:F5:47:82:0E:C6,ALL,udp:40922,2620:0:5301:2210:8d39:66f:bc49:2ff6*,676,83742,344,35542,332,48200
D4:F5:47:82:0E:C6,ALL,udp:33322,2607:f8b0:4004:c1d::66*,20,10868,11,7432,9,3436
D4:F5:47:82:0E:C6,ALL,udp:33322,2620:0:5301:2210:8d39:66f:bc49:2ff6*,20,10868,9,3436,11,7432
D4:F5:47:82:0E:C6,ALL,udp:57776,2607:f8b0:4004:c0b::65*,25,12679,13,9435,12,3244
D4:F5:47:82:0E:C6,ALL,udp:57776,2620:0:5301:2210:8d39:66f:bc49:2ff6*,25,12679,12,3244,13,9435
D4:F5:47:82:0E:C6,ALL,udp:38878,2607:f8b0:4004:c08::88*,746,94188,367,54494,379,39694
D4:F5:47:82:0E:C6,ALL,udp:38878,2620:0:5301:2210:8d39:66f:bc49:2ff6*,746,94188,379,39694,367,54494
D4:F5:47:82:0E:C6,ALL,udp:58810,2607:f8b0:4004:c0b::8b*,21,10977,12,7540,9,3437
D4:F5:47:82:0E:C6,ALL,udp:58810,2620:0:5301:2210:8d39:66f:bc49:2ff6*,21,10977,9,3437,12,7540
D4:F5:47:82:0E:C6,ALL,udp:48123,2607:f8b0:4004:c0b::64*,494,556871,97,14855,397,542016
D4:F5:47:82:0E:C6,ALL,udp:48123,2620:0:5301:2210:8d39:66f:bc49:2ff6*,494,556871,397,542016,97,14855
D4:F5:47:82:0E:C6,ALL,udp:34742,2607:f8b0:4004:c0b::71*,18,10592,9,7189,9,3403
D4:F5:47:82:0E:C6,ALL,udp:34742,2620:0:5301:2210:8d39:66f:bc49:2ff6*,18,10592,9,3403,9,7189
D4:F5:47:82:0E:C6,ALL,udp:34069,2607:f8b0:4004:c0b::8a*,25,12686,13,9442,12,3244
D4:F5:47:82:0E:C6,ALL,udp:34069,2620:0:5301:2210:8d39:66f:bc49:2ff6*,25,12686,12,3244,13,9442
D4:F5:47:82:0E:C6,ALL,udp:47674,2607:f8b0:4004:c17::5d*,678,83560,333,47987,345,35573
D4:F5:47:82:0E:C6,ALL,udp:47674,2620:0:5301:2210:8d39:66f:bc49:2ff6*,678,83560,345,35573,333,47987
D4:F5:47:82:0E:C6,ALL,udp:58559,2607:f8b0:4004:c0b::71*,21,10977,12,7540,9,3437
D4:F5:47:82:0E:C6,ALL,udp:58559,2620:0:5301:2210:8d39:66f:bc49:2ff6*,21,10977,9,3437,12,7540
D4:F5:47:82:0E:C6,ALL,udp:50811,2607:f8b0:4004:c0b::8a*,26,12869,15,9684,11,3185
D4:F5:47:82:0E:C6,ALL,udp:50811,2620:0:5301:2210:8d39:66f:bc49:2ff6*,26,12869,11,3185,15,9684
D4:F5:47:82:0E:C6,ALL,udp:41956,2607:f8b0:4004:c0b::8a*,18,10592,9,7189,9,3403
D4:F5:47:82:0E:C6,ALL,udp:41956,2620:0:5301:2210:8d39:66f:bc49:2ff6*,18,10592,9,3403,9,7189
D4:F5:47:82:0E:C6,ALL,udp:45883,2607:f8b0:4004:c1b::88*,729,88936,358,50811,371,38125
D4:F5:47:82:0E:C6,ALL,udp:45883,2620:0:5301:2210:8d39:66f:bc49:2ff6*,729,88936,371,38125,358,50811
D4:F5:47:82:0E:C6,ALL,udp:40159,2607:f8b0:4004:c1d::8b*,20,10871,11,7436,9,3435
D4:F5:47:82:0E:C6,ALL,udp:40159,2620:0:5301:2210:8d39:66f:bc49:2ff6*,20,10871,9,3435,11,7436
D4:F5:47:82:0E:C6,ALL,udp:54465,2607:f8b0:4004:c0b::64*,25,12681,13,9437,12,3244
D4:F5:47:82:0E:C6,ALL,udp:54465,2620:0:5301:2210:8d39:66f:bc49:2ff6*,25,12681,12,3244,13,9437
D4:F5:47:82:0E:C6,ALL,udp:60669,2607:f8b0:4004:c1d::8a*,21,10977,12,7541,9,3436
D4:F5:47:82:0E:C6,ALL,udp:60669,2620:0:5301:2210:8d39:66f:bc49:2ff6*,21,10977,9,3436,12,7541
D4:F5:47:82:0E:C6,ALL,udp:35998,2607:f8b0:4004:c09::be*,688,84569,338,48466,350,36103
D4:F5:47:82:0E:C6,ALL,udp:35998,2620:0:5301:2210:8d39:66f:bc49:2ff6*,688,84569,350,36103,338,48466
D4:F5:47:82:0E:C6,ALL,udp:46694,2607:f8b0:4004:c0b::65*,21,10979,12,7542,9,3437
D4:F5:47:82:0E:C6,ALL,udp:46694,2620:0:5301:2210:8d39:66f:bc49:2ff6*,21,10979,9,3437,12,7542
D4:F5:47:82:0E:C6,ALL,udp:34542,2607:f8b0:4004:c0b::65*,25,12680,13,9436,12,3244
D4:F5:47:82:0E:C6,ALL,udp:34542,2620:0:5301:2210:8d39:66f:bc49:2ff6*,25,12680,12,3244,13,9436
D4:F5:47:82:0E:C6,ALL,udp:38380,2607:f8b0:4004:c0b::8b*,21,10972,12,7535,9,3437
D4:F5:47:82:0E:C6,ALL,udp:38380,2620:0:5301:2210:8d39:66f:bc49:2ff6*,21,10972,9,3437,12,7535
D4:F5:47:82:0E:C6,ALL,udp:51033,2607:f8b0:4004:c0b::be*,792,100966,390,58163,402,42803
D4:F5:47:82:0E:C6,ALL,udp:51033,2620:0:5301:2210:8d39:66f:bc49:2ff6*,792,100966,402,42803,390,58163
D4:F5:47:82:0E:C6,ALL,udp:49653,2607:f8b0:4004:c0b::64*,20,10869,11,7433,9,3436
D4:F5:47:82:0E:C6,ALL,udp:49653,2620:0:5301:2210:8d39:66f:bc49:2ff6*,20,10869,9,3436,11,7433
D4:F5:47:82:0E:C6,ALL,udp:44725,2607:f8b0:4004:c0b::64*,25,12679,13,9435,12,3244
D4:F5:47:82:0E:C6,ALL,udp:44725,2620:0:5301:2210:8d39:66f:bc49:2ff6*,25,12679,12,3244,13,9435
D4:F5:47:82:0E:C6,ALL,udp:43338,2607:f8b0:4004:c19::88*,700,85645,345,49137,355,36508
D4:F5:47:82:0E:C6,ALL,udp:43338,2620:0:5301:2210:8d39:66f:bc49:2ff6*,700,85645,355,36508,345,49137
D4:F5:47:82:0E:C6,ALL,udp:56378,2001:4860:4806:4::*,2,220,1,110,1,110
D4:F5:47:82:0E:C6,ALL,udp:56378,2607:f8b0:4004:c1d::71*,20,10866,12,7554,8,3312
D4:F5:47:82:0E:C6,ALL,udp:56378,2620:0:5301:2210:d0eb:819c:7193:74f7*,2,220,1,110,1,110
D4:F5:47:82:0E:C6,ALL,udp:37185,2607:f8b0:4004:c0b::65*,27,12975,16,9792,11,3183
D4:F5:47:82:0E:C6,ALL,udp:37185,2620:0:5301:2210:8d39:66f:bc49:2ff6*,27,12975,11,3183,16,9792
D4:F5:47:82:0E:C6,ALL,udp:48465,2607:f8b0:4004:c0b::71*,18,10592,9,7189,9,3403
D4:F5:47:82:0E:C6,ALL,udp:48465,2620:0:5301:2210:8d39:66f:bc49:2ff6*,18,10592,9,3403,9,7189
D4:F5:47:82:0E:C6,ALL,udp:39157,2607:f8b0:4004:c07::be*,402,54925,193,32438,209,22487
D4:F5:47:82:0E:C6,ALL,udp:39157,2620:0:5301:2210:8d39:66f:bc49:2ff6*,402,54925,209,22487,193,32438
D4:F5:47:82:0E:C6,ALL,udp:36866,2607:f8b0:4004:c1d::8b*,21,10977,12,7540,9,3437
D4:F5:47:82:0E:C6,ALL,udp:36866,2620:0:5301:2210:8d39:66f:bc49:2ff6*,21,10977,9,3437,12,7540
D4:F5:47:82:0E:C6,ALL,udp:48840,2607:f8b0:4004:c1d::8a*,499,560244,96,17590,403,542654
D4:F5:47:82:0E:C6,ALL,udp:48840,2620:0:5301:2210:8d39:66f:bc49:2ff6*,499,560244,403,542654,96,17590
D4:F5:47:82:0E:C6,ALL,udp:42277,2607:f8b0:4004:c06::5e*,19,10326,10,3889,9,6437
D4:F5:47:82:0E:C6,ALL,udp:42277,2620:0:5301:2210:454d:c193:462b:f71c*,19,10326,9,6437,10,3889
D4:F5:47:82:0E:C6,ALL,udp:42994,2607:f8b0:4004:c0b::8a*,20,10867,11,7432,9,3435
D4:F5:47:82:0E:C6,ALL,udp:42994,2620:0:5301:2210:454d:c193:462b:f71c*,20,10867,9,3435,11,7432
D4:F5:47:82:0E:C6,ALL,udp:52414,2607:f8b0:4004:c0b::8a*,27,12977,16,9792,11,3185
D4:F5:47:82:0E:C6,ALL,udp:52414,2620:0:5301:2210:454d:c193:462b:f71c*,27,12977,11,3185,16,9792
D4:F5:47:82:0E:C6,ALL,udp:45364,2607:f8b0:4004:c0b::8a*,18,10592,9,7189,9,3403
D4:F5:47:82:0E:C6,ALL,udp:45364,2620:0:5301:2210:454d:c193:462b:f71c*,18,10592,9,3403,9,7189
D4:F5:47:82:0E:C6,ALL,udp:56580,2607:f8b0:4004:c08::88*,665,79398,326,44374,339,35024
D4:F5:47:82:0E:C6,ALL,udp:56580,2620:0:5301:2210:454d:c193:462b:f71c*,665,79398,339,35024,326,44374
D4:F5:47:82:0E:C6,ALL,udp:46610,2607:f8b0:4004:c1d::64*,21,10977,12,7540,9,3437
D4:F5:47:82:0E:C6,ALL,udp:46610,2620:0:5301:2210:454d:c193:462b:f71c*,21,10977,9,3437,12,7540
D4:F5:47:82:0E:C6,ALL,udp:33508,2607:f8b0:4004:c0b::66*,25,12681,13,9437,12,3244
D4:F5:47:82:0E:C6,ALL,udp:33508,2620:0:5301:2210:454d:c193:462b:f71c*,25,12681,12,3244,13,9437
D4:F5:47:82:0E:C6,ALL,udp:53503,2607:f8b0:4004:c19::88*,691,85978,337,49452,354,36526
D4:F5:47:82:0E:C6,ALL,udp:53503,2620:0:5301:2210:454d:c193:462b:f71c*,691,85978,354,36526,337,49452
D4:F5:47:82:0E:C6,ALL,udp:43778,2607:f8b0:4004:c0b::8a*,21,10977,12,7540,9,3437
D4:F5:47:82:0E:C6,ALL,udp:43778,2620:0:5301:2210:454d:c193:462b:f71c*,21,10977,9,3437,12,7540
D4:F5:47:82:0E:C6,ALL,udp:60335,2607:f8b0:4004:c0b::64*,19,10766,11,7454,8,3312
D4:F5:47:82:0E:C6,ALL,udp:60335,2620:0:5301:2210:454d:c193:462b:f71c*,19,10766,8,3312,11,7454
D4:F5:47:82:0E:C6,ALL,udp:46031,2607:f8b0:4004:c0b::8b*,25,12675,13,9431,12,3244
D4:F5:47:82:0E:C6,ALL,udp:46031,2620:0:5301:2210:454d:c193:462b:f71c*,25,12675,12,3244,13,9431
D4:F5:47:82:0E:C6,ALL,udp:54066,2607:f8b0:4004:c1d::be*,688,85206,339,49209,349,35997
D4:F5:47:82:0E:C6,ALL,udp:54066,2620:0:5301:2210:454d:c193:462b:f71c*,688,85206,349,35997,339,49209
D4:F5:47:82:0E:C6,ALL,udp:36798,2607:f8b0:4004:c0b::66*,19,10767,11,7455,8,3312
D4:F5:47:82:0E:C6,ALL,udp:36798,2620:0:5301:2210:454d:c193:462b:f71c*,19,10767,8,3312,11,7455
D4:F5:47:82:0E:C6,ALL,udp:55689,2607:f8b0:4004:c1d::65*,20,10871,11,7438,9,3433
D4:F5:47:82:0E:C6,ALL,udp:55689,2620:0:5301:2210:454d:c193:462b:f71c*,20,10871,9,3433,11,7438
D4:F5:47:82:0E:C6,ALL,udp:42136,2607:f8b0:4004:c1d::88*,703,83051,344,46075,359,36976
D4:F5:47:82:0E:C6,ALL,udp:42136,2620:0:5301:2210:454d:c193:462b:f71c*,703,83051,359,36976,344,46075
D4:F5:47:82:0E:C6,ALL,udp:34363,2607:f8b0:4004:c0b::8a*,21,10978,12,7541,9,3437
D4:F5:47:82:0E:C6,ALL,udp:34363,2620:0:5301:2210:454d:c193:462b:f71c*,21,10978,9,3437,12,7541
D4:F5:47:82:0E:C6,ALL,udp:46047,2607:f8b0:4004:c0b::8a*,20,10875,11,7439,9,3436
D4:F5:47:82:0E:C6,ALL,udp:46047,2620:0:5301:2210:454d:c193:462b:f71c*,20,10875,9,3436,11,7439
D4:F5:47:82:0E:C6,ALL,udp:40225,2607:f8b0:4004:c1d::8b*,25,12675,13,9431,12,3244
D4:F5:47:82:0E:C6,ALL,udp:40225,2620:0:5301:2210:454d:c193:462b:f71c*,25,12675,12,3244,13,9431
D4:F5:47:82:0E:C6,ALL,udp:59087,2607:f8b0:4004:c09::5d*,748,94017,368,54105,380,39912
D4:F5:47:82:0E:C6,ALL,udp:59087,2620:0:5301:2210:454d:c193:462b:f71c*,748,94017,380,39912,368,54105
D4:F5:47:82:0E:C6,ALL,udp:43869,2607:f8b0:4004:c0b::64*,489,556363,90,14112,399,542251
D4:F5:47:82:0E:C6,ALL,udp:43869,2620:0:5301:2210:454d:c193:462b:f71c*,489,556363,399,542251,90,14112
D4:F5:47:82:0E:C6,ALL,udp:40800,2607:f8b0:4004:c1d::8b*,21,10975,12,7541,9,3434
D4:F5:47:82:0E:C6,ALL,udp:40800,2620:0:5301:2210:454d:c193:462b:f71c*,21,10975,9,3434,12,7541
D4:F5:47:82:0E:C6,ALL,udp:42974,2607:f8b0:4004:c0b::66*,27,12970,16,9786,11,3184
D4:F5:47:82:0E:C6,ALL,udp:42974,2620:0:5301:2210:454d:c193:462b:f71c*,27,12970,11,3184,16,9786
D4:F5:47:82:0E:C6,ALL,udp:38847,2607:f8b0:4004:c0b::66*,18,10592,9,7189,9,3403
D4:F5:47:82:0E:C6,ALL,udp:38847,2620:0:5301:2210:454d:c193:462b:f71c*,18,10592,9,3403,9,7189
D4:F5:47:82:0E:C6,ALL,udp:56062,2607:f8b0:4004:c08::5b*,679,83704,334,48094,345,35610
D4:F5:47:82:0E:C6,ALL,udp:56062,2620:0:5301:2210:454d:c193:462b:f71c*,679,83704,345,35610,334,48094
D4:F5:47:82:0E:C6,ALL,udp:40748,2607:f8b0:4004:c1d::8b*,20,10866,11,7435,9,3431
D4:F5:47:82:0E:C6,ALL,udp:40748,2620:0:5301:2210:454d:c193:462b:f71c*,20,10866,9,3431,11,7435
D4:F5:47:82:0E:C6,ALL,udp:59646,2607:f8b0:4004:c0b::64*,25,12678,13,9434,12,3244
D4:F5:47:82:0E:C6,ALL,udp:59646,2620:0:5301:2210:454d:c193:462b:f71c*,25,12678,12,3244,13,9434
D4:F5:47:82:0E:C6,ALL,udp:53393,2607:f8b0:4004:c0b::8b*,20,10873,11,7437,9,3436
D4:F5:47:82:0E:C6,ALL,udp:53393,2620:0:5301:2210:454d:c193:462b:f71c*,20,10873,9,3436,11,7437
D4:F5:47:82:0E:C6,ALL,udp:46521,2607:f8b0:4004:c21::5d*,701,85848,345,49148,356,36700
D4:F5:47:82:0E:C6,ALL,udp:46521,2620:0:5301:2210:454d:c193:462b:f71c*,701,85848,356,36700,345,49148
D4:F5:47:82:0E:C6,ALL,udp:50290,2607:f8b0:4004:c0b::8b*,21,10979,12,7541,9,3438
D4:F5:47:82:0E:C6,ALL,udp:50290,2620:0:5301:2210:454d:c193:462b:f71c*,21,10979,9,3438,12,7541
D4:F5:47:82:0E:C6,ALL,udp:40539,2607:f8b0:4004:c1d::71*,25,12681,13,9437,12,3244
D4:F5:47:82:0E:C6,ALL,udp:40539,2620:0:5301:2210:454d:c193:462b:f71c*,25,12681,12,3244,13,9437
D4:F5:47:82:0E:C6,ALL,udp:49592,2607:f8b0:4004:c19::88*,699,85602,344,49045,355,36557
D4:F5:47:82:0E:C6,ALL,udp:49592,2620:0:5301:2210:454d:c193:462b:f71c*,699,85602,355,36557,344,49045
D4:F5:47:82:0E:C6,ALL,udp:45812,2001:4860:4806::*,2,220,1,110,1,110
D4:F5:47:82:0E:C6,ALL,udp:45812,2607:f8b0:4004:c1d::66*,20,10874,11,7439,9,3435
D4:F5:47:82:0E:C6,ALL,udp:45812,2620:0:5301:2210:8d39:66f:bc49:2ff6*,2,220,1,110,1,110
D4:F5:47:82:0E:C6,ALL,udp:50993,2001:4860:4806::*,2,220,1,110,1,110
D4:F5:47:82:0E:C6,ALL,udp:50993,2607:f8b0:4004:c1d::8a*,21,10976,12,7539,9,3437
D4:F5:47:82:0E:C6,ALL,udp:50993,2620:0:5301:2210:4092:53e4:99d1:f108*,2,220,1,110,1,110
D4:F5:47:82:0E:C6,ALL,udp:48561,2607:f8b0:4004:c0b::66*,25,12684,13,9440,12,3244
D4:F5:47:82:0E:C6,ALL,udp:48561,2620:0:5301:2210:454d:c193:462b:f71c*,25,12684,12,3244,13,9440
D4:F5:47:82:0E:C6,ALL,udp:44558,2607:f8b0:4004:c06::5d*,681,84528,335,48823,346,35705
D4:F5:47:82:0E:C6,ALL,udp:44558,2620:0:5301:2210:454d:c193:462b:f71c*,681,84528,346,35705,335,48823
D4:F5:47:82:0E:C6,ALL,udp:60353,2607:f8b0:4004:c0b::8a*,21,10977,12,7539,9,3438
D4:F5:47:82:0E:C6,ALL,udp:60353,2620:0:5301:2210:454d:c193:462b:f71c*,21,10977,9,3438,12,7539
D4:F5:47:82:0E:C6,ALL,udp:47076,2607:f8b0:4004:c0b::8a*,27,12979,16,9793,11,3186
D4:F5:47:82:0E:C6,ALL,udp:47076,2620:0:5301:2210:454d:c193:462b:f71c*,27,12979,11,3186,16,9793
D4:F5:47:82:0E:C6,ALL,udp:45146,2607:f8b0:4004:c0b::8a*,18,10592,9,7189,9,3403
D4:F5:47:82:0E:C6,ALL,udp:45146,2620:0:5301:2210:454d:c193:462b:f71c*,18,10592,9,3403,9,7189
D4:F5:47:82:0E:C6,ALL,udp:57924,2001:4860:4806:8::*,2,220,1,110,1,110
D4:F5:47:82:0E:C6,ALL,udp:57924,2607:f8b0:4004:c07::be*,700,86358,344,49670,356,36688
D4:F5:47:82:0E:C6,ALL,udp:57924,2620:0:5301:2210:b9e1:9db5:574d:b199*,2,220,1,110,1,110
D4:F5:47:82:0E:C6,ALL,udp:56261,2607:f8b0:4004:c0b::66*,20,10870,11,7440,9,3430
D4:F5:47:82:0E:C6,ALL,udp:56261,2620:0:5301:2210:454d:c193:462b:f71c*,20,10870,9,3430,11,7440
D4:F5:47:82:0E:C6,ALL,udp:49200,2607:f8b0:4004:c0b::66*,489,556360,90,14119,399,542241
D4:F5:47:82:0E:C6,ALL,udp:49200,2620:0:5301:2210:454d:c193:462b:f71c*,489,556360,399,542241,90,14119
D4:F5:47:82:0E:C6,ALL,udp:41767,2607:f8b0:4004:c1d::8b*,25,12679,13,9435,12,3244
D4:F5:47:82:0E:C6,ALL,udp:41767,2620:0:5301:2210:454d:c193:462b:f71c*,25,12679,12,3244,13,9435
D4:F5:47:82:0E:C6,ALL,udp:55415,2607:f8b0:4004:c0b::71*,21,10979,12,7541,9,3438
D4:F5:47:82:0E:C6,ALL,udp:55415,2620:0:5301:2210:454d:c193:462b:f71c*,21,10979,9,3438,12,7541
D4:F5:47:82:0E:C6,ALL,udp:35356,2607:f8b0:4004:c17::88*,467,61634,225,35940,242,25694
D4:F5:47:82:0E:C6,ALL,udp:35356,2620:0:5301:2210:454d:c193:462b:f71c*,467,61634,242,25694,225,35940
D4:F5:47:82:0E:C6,ALL,udp:50949,2607:f8b0:4004:c1d::8b*,19,10766,11,7455,8,3311
D4:F5:47:82:0E:C6,ALL,udp:50949,2620:0:5301:2210:454d:c193:462b:f71c*,19,10766,8,3311,11,7455
D4:F5:47:82:0E:C6,ALL,udp:60249,2607:f8b0:4004:c0b::71*,25,12679,13,9435,12,3244
D4:F5:47:82:0E:C6,ALL,udp:60249,2620:0:5301:2210:454d:c193:462b:f71c*,25,12679,12,3244,13,9435
D4:F5:47:82:0E:C6,ALL,udp:32787,2607:f8b0:4004:c06::5e*,16,6524,9,3772,7,2752
D4:F5:47:82:0E:C6,ALL,udp:32787,2620:0:5301:2210:ec0c:3098:c2aa:81aa*,16,6524,7,2752,9,3772
D4:F5:47:82:0E:C6,ALL,udp:45227,2607:f8b0:4004:c1d::8b*,491,556679,91,14239,400,542440
D4:F5:47:82:0E:C6,ALL,udp:45227,2620:0:5301:2210:ec0c:3098:c2aa:81aa*,491,556679,400,542440,91,14239
D4:F5:47:82:0E:C6,ALL,udp:34709,2607:f8b0:4004:c1d::66*,20,10870,11,7436,9,3434
D4:F5:47:82:0E:C6,ALL,udp:34709,2620:0:5301:2210:ec0c:3098:c2aa:81aa*,20,10870,9,3434,11,7436
D4:F5:47:82:0E:C6,ALL,udp:59080,2607:f8b0:4004:c1d::71*,25,12677,13,9433,12,3244
D4:F5:47:82:0E:C6,ALL,udp:59080,2620:0:5301:2210:ec0c:3098:c2aa:81aa*,25,12677,12,3244,13,9433
D4:F5:47:82:0E:C6,ALL,udp:41102,2607:f8b0:4004:c07::be*,694,85927,341,49390,353,36537
D4:F5:47:82:0E:C6,ALL,udp:41102,2620:0:5301:2210:ec0c:3098:c2aa:81aa*,694,85927,353,36537,341,49390
D4:F5:47:82:0E:C6,ALL,udp:54235,2607:f8b0:4004:c0b::65*,21,10974,12,7537,9,3437
D4:F5:47:82:0E:C6,ALL,udp:54235,2620:0:5301:2210:ec0c:3098:c2aa:81aa*,21,10974,9,3437,12,7537
D4:F5:47:82:0E:C6,ALL,udp:44297,2607:f8b0:4004:c1d::65*,20,10870,11,7433,9,3437
D4:F5:47:82:0E:C6,ALL,udp:44297,2620:0:5301:2210:ec0c:3098:c2aa:81aa*,20,10870,9,3437,11,7433
D4:F5:47:82:0E:C6,ALL,udp:40072,2607:f8b0:4004:c1d::66*,27,13360,14,10028,13,3332
D4:F5:47:82:0E:C6,ALL,udp:40072,2620:0:5301:2210:ec0c:3098:c2aa:81aa*,27,13360,13,3332,14,10028
D4:F5:47:82:0E:C6,ALL,udp:50499,2607:f8b0:4004:c1b::88*,163,29429,82,19455,81,9974
D4:F5:47:82:0E:C6,ALL,udp:50499,2620:0:5301:2210:ec0c:3098:c2aa:81aa*,163,29429,81,9974,82,19455
D4:F5:47:82:0E:C6,ALL,udp:44828,2607:f8b0:4004:c0b::8b*,26,15918,12,6416,14,9502
D4:F5:47:82:0E:C6,ALL,udp:44828,2620:0:5301:2210:e034:d9d7:cb13:bab9*,26,15918,14,9502,12,6416
D4:F5:47:82:0E:C6,ALL,udp:50728,2607:f8b0:4004:c0b::8b*,32,19203,16,9956,16,9247
D4:F5:47:82:0E:C6,ALL,udp:50728,2620:0:5301:2210:e034:d9d7:cb13:bab9*,32,19203,16,9247,16,9956
D4:F5:47:82:0E:C6,ALL,udp:45168,2607:f8b0:4004:c0b::8b*,25,12682,13,9438,12,3244
D4:F5:47:82:0E:C6,ALL,udp:45168,2620:0:5301:2210:e034:d9d7:cb13:bab9*,25,12682,12,3244,13,9438
D4:F5:47:82:0E:C6,ALL,udp:48370,2607:f8b0:4004:c1b::88*,1342,798248,456,58984,886,739264
D4:F5:47:82:0E:C6,ALL,udp:48370,2620:0:5301:2210:e034:d9d7:cb13:bab9*,1342,798248,886,739264,456,58984
D4:F5:47:82:0E:C6,ALL,udp:54424,2607:f8b0:4004:c0b::71*,25,12682,13,9438,12,3244
D4:F5:47:82:0E:C6,ALL,udp:54424,2620:0:5301:2210:e034:d9d7:cb13:bab9*,25,12682,12,3244,13,9438
D4:F5:47:82:0E:C6,ALL,udp:32851,2607:f8b0:4004:c0b::64*,25,12682,13,9438,12,3244
D4:F5:47:82:0E:C6,ALL,udp:32851,2620:0:5301:2210:e034:d9d7:cb13:bab9*,25,12682,12,3244,13,9438
D4:F5:47:82:0E:C6,ALL,udp:54591,2607:f8b0:4004:c0b::8b*,25,12683,13,9439,12,3244
D4:F5:47:82:0E:C6,ALL,udp:54591,2620:0:5301:2210:e034:d9d7:cb13:bab9*,25,12683,12,3244,13,9439
D4:F5:47:82:0E:C6,ALL,udp:37937,2607:f8b0:4004:c0b::71*,25,12682,13,9438,12,3244
D4:F5:47:82:0E:C6,ALL,udp:37937,2620:0:5301:2210:e034:d9d7:cb13:bab9*,25,12682,12,3244,13,9438
D4:F5:47:82:0E:C6,ALL,udp:43621,2607:f8b0:4004:c0b::8a*,20,10873,11,7435,9,3438
D4:F5:47:82:0E:C6,ALL,udp:43621,2620:0:5301:2210:e034:d9d7:cb13:bab9*,20,10873,9,3438,11,7435
D4:F5:47:82:0E:C6,ALL,udp:46490,2607:f8b0:4004:c0b::66*,15,6648,7,3519,8,3129
D4:F5:47:82:0E:C6,ALL,udp:46490,2620:0:5301:2210:e034:d9d7:cb13:bab9*,15,6648,8,3129,7,3519
D4:F5:47:82:0E:C6,ALL,udp:36016,2607:f8b0:4004:c19::65*,26,12767,14,9525,12,3242
D4:F5:47:82:0E:C6,ALL,udp:36016,2620:0:5301:2210:e034:d9d7:cb13:bab9*,26,12767,12,3242,14,9525
D4:F5:47:82:0E:C6,ALL,udp:45425,2607:f8b0:4004:c0b::88*,700,85455,343,48638,357,36817
D4:F5:47:82:0E:C6,ALL,udp:45425,2620:0:5301:2210:e034:d9d7:cb13:bab9*,700,85455,357,36817,343,48638
D4:F5:47:82:0E:C6,ALL,udp:48111,2607:f8b0:4004:c1d::66*,20,10869,11,7437,9,3432
D4:F5:47:82:0E:C6,ALL,udp:48111,2620:0:5301:2210:e034:d9d7:cb13:bab9*,20,10869,9,3432,11,7437
D4:F5:47:82:0E:C6,ALL,udp:42769,2607:f8b0:4004:c0b::8b*,20,10871,11,7436,9,3435
D4:F5:47:82:0E:C6,ALL,udp:42769,2620:0:5301:2210:e034:d9d7:cb13:bab9*,20,10871,9,3435,11,7436
D4:F5:47:82:0E:C6,ALL,udp:50077,2607:f8b0:4004:c08::8b*,25,12677,13,9433,12,3244
D4:F5:47:82:0E:C6,ALL,udp:50077,2620:0:5301:2210:e034:d9d7:cb13:bab9*,25,12677,12,3244,13,9433
D4:F5:47:82:0E:C6,ALL,udp:52518,2607:f8b0:4004:c17::be*,677,83857,332,48213,345,35644
D4:F5:47:82:0E:C6,ALL,udp:52518,2620:0:5301:2210:e034:d9d7:cb13:bab9*,677,83857,345,35644,332,48213
D4:F5:47:82:0E:C6,ALL,udp:56789,2607:f8b0:4004:c1d::8b*,20,10872,11,7437,9,3435
D4:F5:47:82:0E:C6,ALL,udp:56789,2620:0:5301:2210:e034:d9d7:cb13:bab9*,20,10872,9,3435,11,7437
D4:F5:47:82:0E:C6,ALL,udp:44962,2607:f8b0:4004:c1d::65*,27,12967,16,9783,11,3184
D4:F5:47:82:0E:C6,ALL,udp:44962,2620:0:5301:2210:e034:d9d7:cb13:bab9*,27,12967,11,3184,16,9783
D4:F5:47:82:0E:C6,ALL,udp:43122,2607:f8b0:4004:c0b::64*,18,10592,9,7189,9,3403
D4:F5:47:82:0E:C6,ALL,udp:43122,2620:0:5301:2210:e034:d9d7:cb13:bab9*,18,10592,9,3403,9,7189
D4:F5:47:82:0E:C6,ALL,udp:35651,2607:f8b0:4004:c17::be*,700,82407,344,45773,356,36634
D4:F5:47:82:0E:C6,ALL,udp:35651,2620:0:5301:2210:e034:d9d7:cb13:bab9*,700,82407,356,36634,344,45773
D4:F5:47:82:0E:C6,ALL,udp:39757,2607:f8b0:4004:c1d::66*,21,11079,12,7535,9,3544
D4:F5:47:82:0E:C6,ALL,udp:39757,2620:0:5301:2210:e034:d9d7:cb13:bab9*,21,11079,9,3544,12,7535
D4:F5:47:82:0E:C6,ALL,udp:37968,2607:f8b0:4004:c08::65*,25,12683,13,9439,12,3244
D4:F5:47:82:0E:C6,ALL,udp:37968,2620:0:5301:2210:e034:d9d7:cb13:bab9*,25,12683,12,3244,13,9439
D4:F5:47:82:0E:C6,ALL,udp:55256,2607:f8b0:4004:c08::88*,677,83839,333,48314,344,35525
D4:F5:47:82:0E:C6,ALL,udp:55256,2620:0:5301:2210:e034:d9d7:cb13:bab9*,677,83839,344,35525,333,48314
D4:F5:47:82:0E:C6,ALL,udp:50784,2607:f8b0:4004:c0b::8b*,20,10877,11,7439,9,3438
D4:F5:47:82:0E:C6,ALL,udp:50784,2620:0:5301:2210:e034:d9d7:cb13:bab9*,20,10877,9,3438,11,7439
D4:F5:47:82:0E:C6,ALL,udp:45987,2607:f8b0:4004:c0b::71*,20,10872,11,7437,9,3435
D4:F5:47:82:0E:C6,ALL,udp:45987,2620:0:5301:2210:e034:d9d7:cb13:bab9*,20,10872,9,3435,11,7437
D4:F5:47:82:0E:C6,ALL,udp:36246,2607:f8b0:4004:c0b::65*,25,12680,13,9436,12,3244
D4:F5:47:82:0E:C6,ALL,udp:36246,2620:0:5301:2210:e034:d9d7:cb13:bab9*,25,12680,12,3244,13,9436
D4:F5:47:82:0E:C6,ALL,udp:40451,2607:f8b0:4004:c06::5d*,666,79179,328,44260,338,34919
D4:F5:47:82:0E:C6,ALL,udp:40451,2620:0:5301:2210:e034:d9d7:cb13:bab9*,666,79179,338,34919,328,44260
D4:F5:47:82:0E:C6,ALL,udp:60910,2607:f8b0:4004:c0b::64*,20,10871,11,7439,9,3432
D4:F5:47:82:0E:C6,ALL,udp:60910,2620:0:5301:2210:e034:d9d7:cb13:bab9*,20,10871,9,3432,11,7439
D4:F5:47:82:0E:C6,ALL,udp:59980,2607:f8b0:4004:c1d::65*,27,12949,16,9802,11,3147
D4:F5:47:82:0E:C6,ALL,udp:59980,2620:0:5301:2210:e034:d9d7:cb13:bab9*,27,12949,11,3147,16,9802
D4:F5:47:82:0E:C6,ALL,udp:54499,2607:f8b0:4004:c0b::66*,18,10592,9,7189,9,3403
D4:F5:47:82:0E:C6,ALL,udp:54499,2620:0:5301:2210:e034:d9d7:cb13:bab9*,18,10592,9,3403,9,7189
D4:F5:47:82:0E:C6,ALL,udp:57017,2607:f8b0:4004:c0b::88*,719,84760,353,47050,366,37710
D4:F5:47:82:0E:C6,ALL,udp:57017,2620:0:5301:2210:e034:d9d7:cb13:bab9*,719,84760,366,37710,353,47050
D4:F5:47:82:0E:C6,ALL,udp:60769,2607:f8b0:4004:c0b::64*,496,557212,94,14569,402,542643
D4:F5:47:82:0E:C6,ALL,udp:60769,2620:0:5301:2210:e034:d9d7:cb13:bab9*,496,557212,402,542643,94,14569
D4:F5:47:82:0E:C6,ALL,udp:37086,2607:f8b0:4004:c0b::8a*,18,10592,9,7189,9,3403
D4:F5:47:82:0E:C6,ALL,udp:37086,2620:0:5301:2210:e034:d9d7:cb13:bab9*,18,10592,9,3403,9,7189
D4:F5:47:82:0E:C6,ALL,udp:59769,2607:f8b0:4004:c0b::64*,25,12676,13,9432,12,3244
D4:F5:47:82:0E:C6,ALL,udp:59769,2620:0:5301:2210:e034:d9d7:cb13:bab9*,25,12676,12,3244,13,9432
D4:F5:47:82:0E:C6,ALL,udp:45082,2607:f8b0:4004:c21::5b*,685,84160,337,48055,348,36105
D4:F5:47:82:0E:C6,ALL,udp:45082,2620:0:5301:2210:e034:d9d7:cb13:bab9*,685,84160,348,36105,337,48055
D4:F5:47:82:0E:C6,ALL,udp:52284,2607:f8b0:4004:c0b::65*,21,10978,12,7541,9,3437
D4:F5:47:82:0E:C6,ALL,udp:52284,2620:0:5301:2210:e034:d9d7:cb13:bab9*,21,10978,9,3437,12,7541
D4:F5:47:82:0E:C6,ALL,udp:37574,2607:f8b0:4004:c0b::71*,21,10975,12,7537,9,3438
D4:F5:47:82:0E:C6,ALL,udp:37574,2620:0:5301:2210:e034:d9d7:cb13:bab9*,21,10975,9,3438,12,7537
D4:F5:47:82:0E:C6,ALL,udp:51530,2607:f8b0:4004:c1d::8a*,25,12684,13,9440,12,3244
D4:F5:47:82:0E:C6,ALL,udp:51530,2620:0:5301:2210:e034:d9d7:cb13:bab9*,25,12684,12,3244,13,9440
D4:F5:47:82:0E:C6,ALL,udp:46606,2607:f8b0:4004:c21::5b*,706,86178,346,48922,360,37256
D4:F5:47:82:0E:C6,ALL,udp:46606,2620:0:5301:2210:e034:d9d7:cb13:bab9*,706,86178,360,37256,346,48922
D4:F5:47:82:0E:C6,ALL,udp:45578,2607:f8b0:4004:c0b::8b*,28,14359,15,9231,13,5128
D4:F5:47:82:0E:C6,ALL,udp:45578,2620:0:5301:2210:e034:d9d7:cb13:bab9*,28,14359,13,5128,15,9231
D4:F5:47:82:0E:C6,ALL,udp:46945,2607:f8b0:4004:c0b::71*,21,10978,12,7540,9,3438
D4:F5:47:82:0E:C6,ALL,udp:46945,2620:0:5301:2210:e034:d9d7:cb13:bab9*,21,10978,9,3438,12,7540
D4:F5:47:82:0E:C6,ALL,udp:34089,2607:f8b0:4004:c1d::66*,25,12681,13,9437,12,3244
D4:F5:47:82:0E:C6,ALL,udp:34089,2620:0:5301:2210:e034:d9d7:cb13:bab9*,25,12681,12,3244,13,9437
D4:F5:47:82:0E:C6,ALL,udp:57231,2607:f8b0:4004:c1d::be*,695,85137,341,48443,354,36694
D4:F5:47:82:0E:C6,ALL,udp:57231,2620:0:5301:2210:e034:d9d7:cb13:bab9*,695,85137,354,36694,341,48443
D4:F5:47:82:0E:C6,ALL,udp:45617,2607:f8b0:4004:c1d::8b*,21,10973,12,7542,9,3431
D4:F5:47:82:0E:C6,ALL,udp:45617,2620:0:5301:2210:e034:d9d7:cb13:bab9*,21,10973,9,3431,12,7542
D4:F5:47:82:0E:C6,ALL,udp:50945,2607:f8b0:4004:c19::71*,25,12678,13,9434,12,3244
D4:F5:47:82:0E:C6,ALL,udp:50945,2620:0:5301:2210:e034:d9d7:cb13:bab9*,25,12678,12,3244,13,9434
D4:F5:47:82:0E:C6,ALL,udp:41693,2607:f8b0:4004:c0b::66*,20,10870,11,7437,9,3433
D4:F5:47:82:0E:C6,ALL,udp:41693,2620:0:5301:2210:e034:d9d7:cb13:bab9*,20,10870,9,3433,11,7437
D4:F5:47:82:0E:C6,ALL,udp:59791,2607:f8b0:4004:c09::be*,679,84156,333,48312,346,35844
D4:F5:47:82:0E:C6,ALL,udp:59791,2620:0:5301:2210:e034:d9d7:cb13:bab9*,679,84156,346,35844,333,48312
D4:F5:47:82:0E:C6,ALL,udp:36103,2607:f8b0:4004:c19::65*,21,10973,12,7540,9,3433
D4:F5:47:82:0E:C6,ALL,udp:36103,2620:0:5301:2210:e034:d9d7:cb13:bab9*,21,10973,9,3433,12,7540
D4:F5:47:82:0E:C6,ALL,udp:41796,2607:f8b0:4004:c1f::8b*,25,12678,13,9434,12,3244
D4:F5:47:82:0E:C6,ALL,udp:41796,2620:0:5301:2210:e034:d9d7:cb13:bab9*,25,12678,12,3244,13,9434
D4:F5:47:82:0E:C6,ALL,udp:34814,2607:f8b0:4004:c19::88*,408,55438,197,32631,211,22807
D4:F5:47:82:0E:C6,ALL,udp:34814,2620:0:5301:2210:e034:d9d7:cb13:bab9*,408,55438,211,22807,197,32631
D4:F5:47:82:0E:C6,ALL,udp:39839,2607:f8b0:4004:c19::64*,21,10977,12,7541,9,3436
D4:F5:47:82:0E:C6,ALL,udp:39839,2620:0:5301:2210:e034:d9d7:cb13:bab9*,21,10977,9,3436,12,7541
D4:F5:47:82:0E:C6,ALL,udp:33649,2607:f8b0:4004:c1d::64*,491,556722,92,14306,399,542416
D4:F5:47:82:0E:C6,ALL,udp:33649,2620:0:5301:2210:e034:d9d7:cb13:bab9*,491,556722,399,542416,92,14306
D4:F5:47:82:0E:C6,ALL,udp:48416,2607:f8b0:4004:c19::8a*,516,567500,113,23309,403,544191
D4:F5:47:82:0E:C6,ALL,udp:48416,2620:0:5301:2210:6573:8e4:eb9a:9859*,516,567500,403,544191,113,23309
D4:F5:47:82:0E:C6,ALL,udp:58722,2607:f8b0:4004:c1d::64*,18,10592,9,7189,9,3403
D4:F5:47:82:0E:C6,ALL,udp:58722,2620:0:5301:2210:6573:8e4:eb9a:9859*,18,10592,9,3403,9,7189
D4:F5:47:82:0E:C6,ALL,udp:36747,2607:f8b0:4004:c08::65*,20,10863,11,7432,9,3431
D4:F5:47:82:0E:C6,ALL,udp:36747,2620:0:5301:2210:6573:8e4:eb9a:9859*,20,10863,9,3431,11,7432
D4:F5:47:82:0E:C6,ALL,udp:47270,2607:f8b0:4004:c08::66*,25,12680,13,9436,12,3244
D4:F5:47:82:0E:C6,ALL,udp:47270,2620:0:5301:2210:6573:8e4:eb9a:9859*,25,12680,12,3244,13,9436
D4:F5:47:82:0E:C6,ALL,udp:44997,2607:f8b0:4004:c1d::5b*,690,85246,340,48991,350,36255
D4:F5:47:82:0E:C6,ALL,udp:44997,2620:0:5301:2210:6573:8e4:eb9a:9859*,690,85246,350,36255,340,48991
D4:F5:47:82:0E:C6,ALL,udp:43071,2607:f8b0:4004:c1d::8b*,20,10874,11,7438,9,3436
D4:F5:47:82:0E:C6,ALL,udp:43071,2620:0:5301:2210:6573:8e4:eb9a:9859*,20,10874,9,3436,11,7438
D4:F5:47:82:0E:C6,ALL,udp:59000,2607:f8b0:4004:c08::71*,21,10970,12,7539,9,3431
D4:F5:47:82:0E:C6,ALL,udp:59000,2620:0:5301:2210:6573:8e4:eb9a:9859*,21,10970,9,3431,12,7539
D4:F5:47:82:0E:C6,ALL,udp:58436,2607:f8b0:4004:c19::66*,25,12683,13,9439,12,3244
D4:F5:47:82:0E:C6,ALL,udp:58436,2620:0:5301:2210:6573:8e4:eb9a:9859*,25,12683,12,3244,13,9439
D4:F5:47:82:0E:C6,ALL,udp:51756,2607:f8b0:4004:c19::88*,696,85880,341,49081,355,36799
D4:F5:47:82:0E:C6,ALL,udp:51756,2620:0:5301:2210:6573:8e4:eb9a:9859*,696,85880,355,36799,341,49081
D4:F5:47:82:0E:C6,ALL,udp:46718,2607:f8b0:4004:c19::66*,20,10876,11,7438,9,3438
D4:F5:47:82:0E:C6,ALL,udp:46718,2620:0:5301:2210:6573:8e4:eb9a:9859*,20,10876,9,3438,11,7438
D4:F5:47:82:0E:C6,ALL,udp:56302,2607:f8b0:4004:c19::8b*,20,10876,11,7438,9,3438
D4:F5:47:82:0E:C6,ALL,udp:56302,2620:0:5301:2210:6573:8e4:eb9a:9859*,20,10876,9,3438,11,7438
D4:F5:47:82:0E:C6,ALL,udp:43474,2607:f8b0:4004:c1d::8b*,25,12679,13,9435,12,3244
D4:F5:47:82:0E:C6,ALL,udp:43474,2620:0:5301:2210:6573:8e4:eb9a:9859*,25,12679,12,3244,13,9435
D4:F5:47:82:0E:C6,ALL,udp:42750,2607:f8b0:4004:c0b::5d*,705,86696,347,49662,358,37034
D4:F5:47:82:0E:C6,ALL,udp:42750,2620:0:5301:2210:6573:8e4:eb9a:9859*,705,86696,358,37034,347,49662
D4:F5:47:82:0E:C6,ALL,udp:53960,2607:f8b0:4004:c19::71*,20,10871,11,7434,9,3437
D4:F5:47:82:0E:C6,ALL,udp:53960,2620:0:5301:2210:6573:8e4:eb9a:9859*,20,10871,9,3437,11,7434
D4:F5:47:82:0E:C6,ALL,udp:48336,2607:f8b0:4004:c1d::8a*,25,12681,13,9437,12,3244
D4:F5:47:82:0E:C6,ALL,udp:48336,2620:0:5301:2210:6573:8e4:eb9a:9859*,25,12681,12,3244,13,9437
D4:F5:47:82:0E:C6,ALL,udp:59622,2607:f8b0:4004:c1d::8a*,21,10973,12,7535,9,3438
D4:F5:47:82:0E:C6,ALL,udp:59622,2620:0:5301:2210:6573:8e4:eb9a:9859*,21,10973,9,3438,12,7535
D4:F5:47:82:0E:C6,ALL,udp:43196,2607:f8b0:4004:c1d::5d*,695,85076,342,48539,353,36537
D4:F5:47:82:0E:C6,ALL,udp:43196,2620:0:5301:2210:6573:8e4:eb9a:9859*,695,85076,353,36537,342,48539
D4:F5:47:82:0E:C6,ALL,udp:35831,2607:f8b0:4004:c1d::66*,20,10874,11,7437,9,3437
D4:F5:47:82:0E:C6,ALL,udp:35831,2620:0:5301:2210:6573:8e4:eb9a:9859*,20,10874,9,3437,11,7437
D4:F5:47:82:0E:C6,ALL,udp:50884,2607:f8b0:4004:c1d::66*,25,12681,13,9437,12,3244
D4:F5:47:82:0E:C6,ALL,udp:50884,2620:0:5301:2210:6573:8e4:eb9a:9859*,25,12681,12,3244,13,9437
D4:F5:47:82:0E:C6,ALL,udp:55551,2607:f8b0:4004:c1d::88*,700,81990,344,45148,356,36842
D4:F5:47:82:0E:C6,ALL,udp:55551,2620:0:5301:2210:6573:8e4:eb9a:9859*,700,81990,356,36842,344,45148
D4:F5:47:82:0E:C6,ALL,udp:38478,2607:f8b0:4004:c1d::64*,21,10974,12,7539,9,3435
D4:F5:47:82:0E:C6,ALL,udp:38478,2620:0:5301:2210:6573:8e4:eb9a:9859*,21,10974,9,3435,12,7539
D4:F5:47:82:0E:C6,ALL,udp:55940,2607:f8b0:4004:c1d::66*,492,556772,90,14118,402,542654
D4:F5:47:82:0E:C6,ALL,udp:55940,2620:0:5301:2210:6573:8e4:eb9a:9859*,492,556772,402,542654,90,14118
D4:F5:47:82:0E:C6,ALL,udp:37564,2607:f8b0:4004:c19::66*,20,10877,11,7440,9,3437
D4:F5:47:82:0E:C6,ALL,udp:37564,2620:0:5301:2210:6573:8e4:eb9a:9859*,20,10877,9,3437,11,7440
D4:F5:47:82:0E:C6,ALL,udp:51209,2607:f8b0:4004:c19::65*,25,12677,13,9434,12,3243
D4:F5:47:82:0E:C6,ALL,udp:51209,2620:0:5301:2210:6573:8e4:eb9a:9859*,25,12677,12,3243,13,9434
D4:F5:47:82:0E:C6,ALL,udp:52361,2607:f8b0:4004:c09::be*,697,85305,342,48547,355,36758
D4:F5:47:82:0E:C6,ALL,udp:52361,2620:0:5301:2210:6573:8e4:eb9a:9859*,697,85305,355,36758,342,48547
D4:F5:47:82:0E:C6,ALL,udp:55166,2607:f8b0:4004:c17::64*,21,10978,12,7540,9,3438
D4:F5:47:82:0E:C6,ALL,udp:55166,2620:0:5301:2210:6573:8e4:eb9a:9859*,21,10978,9,3438,12,7540
D4:F5:47:82:0E:C6,ALL,udp:40269,2607:f8b0:4004:c1d::64*,27,12978,16,9790,11,3188
D4:F5:47:82:0E:C6,ALL,udp:40269,2620:0:5301:2210:6573:8e4:eb9a:9859*,27,12978,11,3188,16,9790
D4:F5:47:82:0E:C6,ALL,udp:34461,2607:f8b0:4004:c1d::65*,18,10593,9,7189,9,3404
D4:F5:47:82:0E:C6,ALL,udp:34461,2620:0:5301:2210:6573:8e4:eb9a:9859*,18,10593,9,3404,9,7189
D4:F5:47:82:0E:C6,ALL,udp:36297,2607:f8b0:4004:c06::5b*,724,88926,356,50937,368,37989
D4:F5:47:82:0E:C6,ALL,udp:36297,2620:0:5301:2210:6573:8e4:eb9a:9859*,724,88926,368,37989,356,50937
D4:F5:47:82:0E:C6,ALL,udp:55955,2607:f8b0:4004:c19::71*,21,10975,12,7539,9,3436
D4:F5:47:82:0E:C6,ALL,udp:55955,2620:0:5301:2210:6573:8e4:eb9a:9859*,21,10975,9,3436,12,7539
D4:F5:47:82:0E:C6,ALL,udp:40345,2607:f8b0:4004:c19::64*,25,12677,13,9432,12,3245
D4:F5:47:82:0E:C6,ALL,udp:40345,2620:0:5301:2210:6573:8e4:eb9a:9859*,25,12677,12,3245,13,9432
D4:F5:47:82:0E:C6,ALL,udp:43957,2607:f8b0:4004:c1d::65*,20,10872,11,7436,9,3436
D4:F5:47:82:0E:C6,ALL,udp:43957,2620:0:5301:2210:6573:8e4:eb9a:9859*,20,10872,9,3436,11,7436
D4:F5:47:82:0E:C6,ALL,udp:39855,2607:f8b0:4004:c21::88*,708,83753,347,46474,361,37279
D4:F5:47:82:0E:C6,ALL,udp:39855,2620:0:5301:2210:6573:8e4:eb9a:9859*,708,83753,361,37279,347,46474
D4:F5:47:82:0E:C6,ALL,udp:37865,2607:f8b0:4004:c19::66*,21,10978,12,7539,9,3439
D4:F5:47:82:0E:C6,ALL,udp:37865,2620:0:5301:2210:6573:8e4:eb9a:9859*,21,10978,9,3439,12,7539
D4:F5:47:82:0E:C6,ALL,udp:34831,2607:f8b0:4004:c1d::8b*,25,12676,13,9431,12,3245
D4:F5:47:82:0E:C6,ALL,udp:34831,2620:0:5301:2210:6573:8e4:eb9a:9859*,25,12676,12,3245,13,9431
D4:F5:47:82:0E:C6,ALL,udp:50578,2607:f8b0:4004:c21::88*,405,55690,201,33695,204,21995
D4:F5:47:82:0E:C6,ALL,udp:50578,2620:0:5301:2210:6573:8e4:eb9a:9859*,405,55690,204,21995,201,33695
D4:F5:47:82:0E:C6,ALL,udp:48258,2607:f8b0:4004:c19::71*,20,10875,11,7439,9,3436
D4:F5:47:82:0E:C6,ALL,udp:48258,2620:0:5301:2210:6573:8e4:eb9a:9859*,20,10875,9,3436,11,7439
D4:F5:47:82:0E:C6,ALL,udp:52191,2607:f8b0:4004:c19::8b*,20,10870,11,7432,9,3438
D4:F5:47:82:0E:C6,ALL,udp:52191,2620:0:5301:2210:6573:8e4:eb9a:9859*,20,10870,9,3438,11,7432
D4:F5:47:82:0E:C6,ALL,udp:47403,2607:f8b0:4004:c08::66*,13,8944,5,1893,8,7051
D4:F5:47:82:0E:C6,ALL,udp:47403,2620:0:5301:2210:d0eb:819c:7193:74f7*,13,8944,8,7051,5,1893
D4:F5:47:82:0E:C6,ALL,udp:55671,2607:f8b0:4004:c08::66*,27,17308,13,7814,14,9494
D4:F5:47:82:0E:C6,ALL,udp:55671,2620:0:5301:2210:d0eb:819c:7193:74f7*,27,17308,14,9494,13,7814
D4:F5:47:82:0E:C6,ALL,udp:51638,2607:f8b0:4004:c08::66*,27,12858,15,9616,12,3242
D4:F5:47:82:0E:C6,ALL,udp:51638,2620:0:5301:2210:d0eb:819c:7193:74f7*,27,12858,12,3242,15,9616
D4:F5:47:82:0E:C6,ALL,udp:42424,2607:f8b0:4004:c1b::88*,1329,797264,453,58902,876,738362
D4:F5:47:82:0E:C6,ALL,udp:42424,2620:0:5301:2210:d0eb:819c:7193:74f7*,1329,797264,876,738362,453,58902
D4:F5:47:82:0E:C6,ALL,udp:52324,2607:f8b0:4004:c19::66*,25,12671,13,9426,12,3245
D4:F5:47:82:0E:C6,ALL,udp:52324,2620:0:5301:2210:d0eb:819c:7193:74f7*,25,12671,12,3245,13,9426
D4:F5:47:82:0E:C6,ALL,udp:50051,2607:f8b0:4004:c19::64*,25,12670,13,9426,12,3244
D4:F5:47:82:0E:C6,ALL,udp:50051,2620:0:5301:2210:d0eb:819c:7193:74f7*,25,12670,12,3244,13,9426
D4:F5:47:82:0E:C6,ALL,udp:56817,2607:f8b0:4004:c1d::66*,25,12671,13,9426,12,3245
D4:F5:47:82:0E:C6,ALL,udp:56817,2620:0:5301:2210:d0eb:819c:7193:74f7*,25,12671,12,3245,13,9426
D4:F5:47:82:0E:C6,ALL,udp:52208,2607:f8b0:4004:c19::71*,25,12670,13,9426,12,3244
D4:F5:47:82:0E:C6,ALL,udp:52208,2620:0:5301:2210:d0eb:819c:7193:74f7*,25,12670,12,3244,13,9426
D4:F5:47:82:0E:C6,ALL,udp:45137,2607:f8b0:4004:c19::64*,23,11267,13,7742,10,3525
D4:F5:47:82:0E:C6,ALL,udp:45137,2620:0:5301:2210:d0eb:819c:7193:74f7*,23,11267,10,3525,13,7742
D4:F5:47:82:0E:C6,ALL,udp:44435,2607:f8b0:4004:c19::8b*,25,12668,13,9424,12,3244
D4:F5:47:82:0E:C6,ALL,udp:44435,2620:0:5301:2210:d0eb:819c:7193:74f7*,25,12668,12,3244,13,9424
D4:F5:47:82:0E:C6,ALL,udp:45504,2607:f8b0:4004:c06::be*,680,83439,333,47650,347,35789
D4:F5:47:82:0E:C6,ALL,udp:45504,2620:0:5301:2210:d0eb:819c:7193:74f7*,680,83439,347,35789,333,47650
D4:F5:47:82:0E:C6,ALL,udp:38487,2607:f8b0:4004:c19::8b*,19,10767,11,7455,8,3312
D4:F5:47:82:0E:C6,ALL,udp:38487,2620:0:5301:2210:d0eb:819c:7193:74f7*,19,10767,8,3312,11,7455
D4:F5:47:82:0E:C6,ALL,udp:57292,2607:f8b0:4004:c19::8a*,20,10871,11,7434,9,3437
D4:F5:47:82:0E:C6,ALL,udp:57292,2620:0:5301:2210:d0eb:819c:7193:74f7*,20,10871,9,3437,11,7434
D4:F5:47:82:0E:C6,ALL,udp:43705,2607:f8b0:4004:c1d::66*,25,12672,13,9428,12,3244
D4:F5:47:82:0E:C6,ALL,udp:43705,2620:0:5301:2210:d0eb:819c:7193:74f7*,25,12672,12,3244,13,9428
D4:F5:47:82:0E:C6,ALL,udp:56608,2607:f8b0:4004:c19::88*,680,84102,334,48384,346,35718
D4:F5:47:82:0E:C6,ALL,udp:56608,2620:0:5301:2210:d0eb:819c:7193:74f7*,680,84102,346,35718,334,48384
D4:F5:47:82:0E:C6,ALL,udp:48480,2607:f8b0:4004:c19::66*,21,10975,12,7541,9,3434
D4:F5:47:82:0E:C6,ALL,udp:48480,2620:0:5301:2210:d0eb:819c:7193:74f7*,21,10975,9,3434,12,7541
D4:F5:47:82:0E:C6,ALL,udp:37157,2607:f8b0:4004:c19::71*,20,10870,11,7437,9,3433
D4:F5:47:82:0E:C6,ALL,udp:37157,2620:0:5301:2210:d0eb:819c:7193:74f7*,20,10870,9,3433,11,7437
D4:F5:47:82:0E:C6,ALL,udp:41164,2001:4860:4806::*,2,220,1,110,1,110
D4:F5:47:82:0E:C6,ALL,udp:41164,2607:f8b0:4004:c19::8b*,25,12678,13,9434,12,3244
D4:F5:47:82:0E:C6,ALL,udp:41164,2620:0:5301:2210:5447:ac25:6682:e076*,2,220,1,110,1,110
D4:F5:47:82:0E:C6,ALL,udp:39148,2607:f8b0:4004:c1f::88*,699,85913,344,49330,355,36583
D4:F5:47:82:0E:C6,ALL,udp:39148,2620:0:5301:2210:d0eb:819c:7193:74f7*,699,85913,355,36583,344,49330
D4:F5:47:82:0E:C6,ALL,udp:39009,2607:f8b0:4004:c08::65*,20,10874,11,7438,9,3436
D4:F5:47:82:0E:C6,ALL,udp:39009,2620:0:5301:2210:d0eb:819c:7193:74f7*,20,10874,9,3436,11,7438
D4:F5:47:82:0E:C6,ALL,udp:35899,2607:f8b0:4004:c19::8a*,20,10871,12,7559,8,3312
D4:F5:47:82:0E:C6,ALL,udp:35899,2620:0:5301:2210:d0eb:819c:7193:74f7*,20,10871,8,3312,12,7559
D4:F5:47:82:0E:C6,ALL,udp:49621,2607:f8b0:4004:c19::8b*,25,12679,13,9435,12,3244
D4:F5:47:82:0E:C6,ALL,udp:49621,2620:0:5301:2210:d0eb:819c:7193:74f7*,25,12679,12,3244,13,9435
D4:F5:47:82:0E:C6,ALL,udp:52887,2607:f8b0:4004:c1f::5b*,727,89060,357,51001,370,38059
D4:F5:47:82:0E:C6,ALL,udp:52887,2620:0:5301:2210:d0eb:819c:7193:74f7*,727,89060,370,38059,357,51001
D4:F5:47:82:0E:C6,ALL,udp:42438,2607:f8b0:4004:c19::64*,21,10975,12,7537,9,3438
D4:F5:47:82:0E:C6,ALL,udp:42438,2620:0:5301:2210:d0eb:819c:7193:74f7*,21,10975,9,3438,12,7537
D4:F5:47:82:0E:C6,ALL,udp:58924,2607:f8b0:4004:c1d::66*,26,12879,15,9692,11,3187
D4:F5:47:82:0E:C6,ALL,udp:58924,2620:0:5301:2210:d0eb:819c:7193:74f7*,26,12879,11,3187,15,9692
D4:F5:47:82:0E:C6,ALL,udp:44031,2607:f8b0:4004:c1d::8a*,18,10592,9,7189,9,3403
D4:F5:47:82:0E:C6,ALL,udp:44031,2620:0:5301:2210:d0eb:819c:7193:74f7*,18,10592,9,3403,9,7189
D4:F5:47:82:0E:C6,ALL,udp:56375,2607:f8b0:4004:c17::be*,678,83916,332,48201,346,35715
D4:F5:47:82:0E:C6,ALL,udp:56375,2620:0:5301:2210:d0eb:819c:7193:74f7*,678,83916,346,35715,332,48201
D4:F5:47:82:0E:C6,ALL,udp:34610,2607:f8b0:4004:c19::8a*,20,10866,11,7435,9,3431
D4:F5:47:82:0E:C6,ALL,udp:34610,2620:0:5301:2210:d0eb:819c:7193:74f7*,20,10866,9,3431,11,7435
D4:F5:47:82:0E:C6,ALL,udp:54207,2607:f8b0:4004:c19::65*,510,558432,98,14881,412,543551
D4:F5:47:82:0E:C6,ALL,udp:54207,2620:0:5301:2210:d0eb:819c:7193:74f7*,510,558432,412,543551,98,14881
D4:F5:47:82:0E:C6,ALL,udp:38110,2607:f8b0:4004:c19::66*,26,12775,14,9533,12,3242
D4:F5:47:82:0E:C6,ALL,udp:38110,2620:0:5301:2210:d0eb:819c:7193:74f7*,26,12775,12,3242,14,9533
D4:F5:47:82:0E:C6,ALL,udp:39345,2607:f8b0:4004:c0b::5b*,688,84919,339,48868,349,36051
D4:F5:47:82:0E:C6,ALL,udp:39345,2620:0:5301:2210:d0eb:819c:7193:74f7*,688,84919,349,36051,339,48868
D4:F5:47:82:0E:C6,ALL,udp:33233,2607:f8b0:4004:c19::8a*,21,10978,12,7540,9,3438
D4:F5:47:82:0E:C6,ALL,udp:33233,2620:0:5301:2210:d0eb:819c:7193:74f7*,21,10978,9,3438,12,7540
D4:F5:47:82:0E:C6,ALL,udp:55549,2607:f8b0:4004:c1d::71*,20,10875,11,7437,9,3438
D4:F5:47:82:0E:C6,ALL,udp:55549,2620:0:5301:2210:d0eb:819c:7193:74f7*,20,10875,9,3438,11,7437
D4:F5:47:82:0E:C6,ALL,udp:50558,2607:f8b0:4004:c19::64*,25,12676,13,9432,12,3244
D4:F5:47:82:0E:C6,ALL,udp:50558,2620:0:5301:2210:d0eb:819c:7193:74f7*,25,12676,12,3244,13,9432
D4:F5:47:82:0E:C6,ALL,udp:57769,2607:f8b0:4004:c0b::5d*,688,84424,338,48145,350,36279
D4:F5:47:82:0E:C6,ALL,udp:57769,2620:0:5301:2210:d0eb:819c:7193:74f7*,688,84424,350,36279,338,48145
D4:F5:47:82:0E:C6,ALL,udp:39427,2607:f8b0:4004:c19::8b*,20,10866,11,7432,9,3434
D4:F5:47:82:0E:C6,ALL,udp:39427,2620:0:5301:2210:d0eb:819c:7193:74f7*,20,10866,9,3434,11,7432
D4:F5:47:82:0E:C6,ALL,udp:57059,2607:f8b0:4004:c19::64*,27,12975,16,9789,11,3186
D4:F5:47:82:0E:C6,ALL,udp:57059,2620:0:5301:2210:d0eb:819c:7193:74f7*,27,12975,11,3186,16,9789
D4:F5:47:82:0E:C6,ALL,udp:56579,2607:f8b0:4004:c19::8b*,18,10593,9,7189,9,3404
D4:F5:47:82:0E:C6,ALL,udp:56579,2620:0:5301:2210:d0eb:819c:7193:74f7*,18,10593,9,3404,9,7189
D4:F5:47:82:0E:C6,ALL,udp:57237,2607:f8b0:4004:c17::be*,720,87905,355,50176,365,37729
D4:F5:47:82:0E:C6,ALL,udp:57237,2620:0:5301:2210:d0eb:819c:7193:74f7*,720,87905,365,37729,355,50176
D4:F5:47:82:0E:C6,ALL,udp:45460,2607:f8b0:4004:c19::71*,20,10872,11,7434,9,3438
D4:F5:47:82:0E:C6,ALL,udp:45460,2620:0:5301:2210:d0eb:819c:7193:74f7*,20,10872,9,3438,11,7434
D4:F5:47:82:0E:C6,ALL,udp:49970,2607:f8b0:4004:c1d::71*,25,12679,13,9435,12,3244
D4:F5:47:82:0E:C6,ALL,udp:49970,2620:0:5301:2210:d0eb:819c:7193:74f7*,25,12679,12,3244,13,9435
D4:F5:47:82:0E:C6,ALL,udp:44235,2607:f8b0:4004:c19::64*,20,10878,11,7439,9,3439
D4:F5:47:82:0E:C6,ALL,udp:44235,2620:0:5301:2210:d0eb:819c:7193:74f7*,20,10878,9,3439,11,7439
D4:F5:47:82:0E:C6,ALL,udp:39723,2607:f8b0:4004:c19::be*,430,57530,208,33676,222,23854
D4:F5:47:82:0E:C6,ALL,udp:39723,2620:0:5301:2210:d0eb:819c:7193:74f7*,430,57530,222,23854,208,33676
D4:F5:47:82:0E:C6,ALL,udp:49070,2607:f8b0:4004:c19::65*,20,10871,12,7559,8,3312
D4:F5:47:82:0E:C6,ALL,udp:49070,2620:0:5301:2210:d0eb:819c:7193:74f7*,20,10871,8,3312,12,7559
D4:F5:47:82:0E:C6,ALL,udp:39502,2607:f8b0:4004:c08::8a*,21,10971,12,7540,9,3431
D4:F5:47:82:0E:C6,ALL,udp:39502,2620:0:5301:2210:e047:f8ff:c884:fa0a*,21,10971,9,3431,12,7540
D4:F5:47:82:0E:C6,ALL,udp:53554,2607:f8b0:4004:c19::64*,25,12679,13,9436,12,3243
D4:F5:47:82:0E:C6,ALL,udp:53554,2620:0:5301:2210:e047:f8ff:c884:fa0a*,25,12679,12,3243,13,9436
D4:F5:47:82:0E:C6,ALL,udp:38320,2607:f8b0:4004:c06::88*,724,88928,356,51088,368,37840
D4:F5:47:82:0E:C6,ALL,udp:38320,2620:0:5301:2210:e047:f8ff:c884:fa0a*,724,88928,368,37840,356,51088
D4:F5:47:82:0E:C6,ALL,udp:48814,2607:f8b0:4004:c08::8b*,20,10872,11,7436,9,3436
D4:F5:47:82:0E:C6,ALL,udp:48814,2620:0:5301:2210:e047:f8ff:c884:fa0a*,20,10872,9,3436,11,7436
D4:F5:47:82:0E:C6,ALL,udp:47528,2607:f8b0:4004:c19::66*,26,12875,15,9689,11,3186
D4:F5:47:82:0E:C6,ALL,udp:47528,2620:0:5301:2210:e047:f8ff:c884:fa0a*,26,12875,11,3186,15,9689
D4:F5:47:82:0E:C6,ALL,udp:47312,2607:f8b0:4004:c08::8a*,18,10593,9,7189,9,3404
D4:F5:47:82:0E:C6,ALL,udp:47312,2620:0:5301:2210:e047:f8ff:c884:fa0a*,18,10593,9,3404,9,7189
D4:F5:47:82:0E:C6,ALL,udp:54398,2607:f8b0:4004:c19::66*,20,10874,11,7438,9,3436
D4:F5:47:82:0E:C6,ALL,udp:54398,2620:0:5301:2210:e047:f8ff:c884:fa0a*,20,10874,9,3436,11,7438
D4:F5:47:82:0E:C6,ALL,udp:42940,2607:f8b0:4004:c19::64*,24,12590,13,9434,11,3156
D4:F5:47:82:0E:C6,ALL,udp:42940,2620:0:5301:2210:e047:f8ff:c884:fa0a*,24,12590,11,3156,13,9434
D4:F5:47:82:0E:C6,ALL,udp:39087,2607:f8b0:4004:c09::be*,708,86960,348,49864,360,37096
D4:F5:47:82:0E:C6,ALL,udp:39087,2620:0:5301:2210:e047:f8ff:c884:fa0a*,708,86960,360,37096,348,49864
D4:F5:47:82:0E:C6,ALL,udp:53173,2607:f8b0:4004:c1d::64*,20,10875,11,7436,9,3439
D4:F5:47:82:0E:C6,ALL,udp:53173,2620:0:5301:2210:e047:f8ff:c884:fa0a*,20,10875,9,3439,11,7436
D4:F5:47:82:0E:C6,ALL,udp:44935,2607:f8b0:4004:c19::8b*,21,10970,12,7535,9,3435
D4:F5:47:82:0E:C6,ALL,udp:44935,2620:0:5301:2210:e047:f8ff:c884:fa0a*,21,10970,9,3435,12,7535
D4:F5:47:82:0E:C6,ALL,udp:36688,2607:f8b0:4004:c1d::66*,25,12680,13,9436,12,3244
D4:F5:47:82:0E:C6,ALL,udp:36688,2620:0:5301:2210:e047:f8ff:c884:fa0a*,25,12680,12,3244,13,9436
D4:F5:47:82:0E:C6,ALL,udp:51964,2607:f8b0:4004:c07::be*,686,84377,338,48465,348,35912
D4:F5:47:82:0E:C6,ALL,udp:51964,2620:0:5301:2210:e047:f8ff:c884:fa0a*,686,84377,348,35912,338,48465
D4:F5:47:82:0E:C6,ALL,udp:45316,2607:f8b0:4004:c19::65*,21,10970,12,7537,9,3433
D4:F5:47:82:0E:C6,ALL,udp:45316,2620:0:5301:2210:e047:f8ff:c884:fa0a*,21,10970,9,3433,12,7537
D4:F5:47:82:0E:C6,ALL,udp:49205,2607:f8b0:4004:c19::71*,26,12849,15,9702,11,3147
D4:F5:47:82:0E:C6,ALL,udp:49205,2620:0:5301:2210:e047:f8ff:c884:fa0a*,26,12849,11,3147,15,9702
D4:F5:47:82:0E:C6,ALL,udp:48997,2607:f8b0:4004:c19::71*,18,10592,9,7189,9,3403
D4:F5:47:82:0E:C6,ALL,udp:48997,2620:0:5301:2210:e047:f8ff:c884:fa0a*,18,10592,9,3403,9,7189
D4:F5:47:82:0E:C6,ALL,udp:35307,2607:f8b0:4004:c07::5b*,696,85946,343,49565,353,36381
D4:F5:47:82:0E:C6,ALL,udp:35307,2620:0:5301:2210:e047:f8ff:c884:fa0a*,696,85946,353,36381,343,49565
D4:F5:47:82:0E:C6,ALL,udp:60005,2607:f8b0:4004:c19::8a*,20,10874,11,7436,9,3438
D4:F5:47:82:0E:C6,ALL,udp:60005,2620:0:5301:2210:e047:f8ff:c884:fa0a*,20,10874,9,3438,11,7436
D4:F5:47:82:0E:C6,ALL,udp:46700,2607:f8b0:4004:c1d::65*,25,12677,13,9433,12,3244
D4:F5:47:82:0E:C6,ALL,udp:46700,2620:0:5301:2210:e047:f8ff:c884:fa0a*,25,12677,12,3244,13,9433
D4:F5:47:82:0E:C6,ALL,udp:59856,2607:f8b0:4004:c19::66*,21,10977,12,7540,9,3437
D4:F5:47:82:0E:C6,ALL,udp:59856,2620:0:5301:2210:e047:f8ff:c884:fa0a*,21,10977,9,3437,12,7540
D4:F5:47:82:0E:C6,ALL,udp:56946,2607:f8b0:4004:c1d::88*,145,27242,73,18145,72,9097
D4:F5:47:82:0E:C6,ALL,udp:56946,2620:0:5301:2210:e047:f8ff:c884:fa0a*,145,27242,72,9097,73,18145
D4:F5:47:82:0E:C6,ALL,udp:35937,2001:4860:4806:c::*,2,220,1,110,1,110
D4:F5:47:82:0E:C6,ALL,udp:35937,2607:f8b0:4004:c06::5e*,6,8352,6,8352,0,0
D4:F5:47:82:0E:C6,ALL,udp:35937,2620:0:5301:2210:6010:9ee0:5b67:be83*,2,220,1,110,1,110
D4:F5:47:82:0E:C6,ALL,udp:57347,2607:f8b0:4004:c19::64*,8,11136,8,11136,0,0
D4:F5:47:82:0E:C6,ALL,udp:57347,2620:0:5301:2210:b010:d685:69e4:60c0*,8,11136,0,0,8,11136
