MAC,WAN/LAN,Protocol,IP,TotalPackets,TotalBytes,TxPackets,TxBytes,RxPackets,RxBytes
44:3D:54:BE:12:3C,ALL,ip,107.22.14.153,1064,684959,629,588681,435,96278
44:3D:54:BE:12:3C,ALL,ip,107.22.28.41,305,196951,184,170557,121,26394
44:3D:54:BE:12:3C,ALL,ip,107.22.99.156,645,455361,374,393920,271,61441
44:3D:54:BE:12:3C,ALL,ip,108.138.104.73,36,24293,23,2579,13,21714
44:3D:54:BE:12:3C,ALL,ip,108.138.125.14,240,32322,120,12408,120,19914
44:3D:54:BE:12:3C,ALL,ip,108.138.125.193,190,25584,95,9823,95,15761
44:3D:54:BE:12:3C,ALL,ip,108.138.125.194,330,44442,165,17061,165,27381
44:3D:54:BE:12:3C,ALL,ip,108.138.125.198,310,41742,155,16027,155,25715
44:3D:54:BE:12:3C,ALL,ip,108.138.61.102,22,2822,11,1100,11,1722
44:3D:54:BE:12:3C,ALL,ip,108.138.61.34,54,6985,27,2717,27,4268
44:3D:54:BE:12:3C,ALL,ip,108.138.61.8,20,2688,10,1034,10,1654
44:3D:54:BE:12:3C,ALL,ip,108.138.74.73,15588,6008747,9260,1228961,6328,4779786
44:3D:54:BE:12:3C,ALL,ip,108.138.82.203,10,1347,5,517,5,830
44:3D:54:BE:12:3C,ALL,ip,108.138.82.54,30,4041,15,1551,15,2490
44:3D:54:BE:12:3C,ALL,ip,108.138.82.9,40,5388,20,2068,20,3320
44:3D:54:BE:12:3C,ALL,ip,108.139.28.74,30,9603,18,2584,12,7019
44:3D:54:BE:12:3C,ALL,ip,108.139.43.67,1629,634442,972,129705,657,504737
44:3D:54:BE:12:3C,ALL,ip,108.139.46.212,10,1345,5,517,5,828
44:3D:54:BE:12:3C,ALL,ip,108.156.117.73,37,23114,23,2577,14,20537
44:3D:54:BE:12:3C,ALL,ip,108.156.87.76,39,11769,22,2845,17,8924
44:3D:54:BE:12:3C,ALL,ip,13.225.189.40,10,1346,5,517,5,829
44:3D:54:BE:12:3C,ALL,ip,13.225.189.62,10,1347,5,517,5,830
44:3D:54:BE:12:3C,ALL,ip,13.225.66.127,140,18858,70,7238,70,11620
44:3D:54:BE:12:3C,ALL,ip,13.225.66.162,240,32327,120,12408,120,19919
44:3D:54:BE:12:3C,ALL,ip,13.225.66.219,120,16162,60,6204,60,9958
44:3D:54:BE:12:3C,ALL,ip,13.225.66.84,230,30981,115,11891,115,19090
44:3D:54:BE:12:3C,ALL,ip,13.226.36.71,10,1347,5,517,5,830
44:3D:54:BE:12:3C,ALL,ip,13.249.39.10,71,26121,41,5772,30,20349
44:3D:54:BE:12:3C,ALL,ip,13.249.39.25,24,8419,14,1636,10,6783
44:3D:54:BE:12:3C,ALL,ip,13.32.207.108,165,99809,111,12901,54,86908
44:3D:54:BE:12:3C,ALL,ip,13.32.207.122,63,39713,43,5074,20,34639
44:3D:54:BE:12:3C,ALL,ip,13.32.207.48,64,39793,44,5135,20,34658
44:3D:54:BE:12:3C,ALL,ip,13.32.207.83,128,79535,88,10267,40,69268
44:3D:54:BE:12:3C,ALL,ip,13.35.91.74,1991,742488,1169,155244,822,587244
44:3D:54:BE:12:3C,ALL,ip,174.129.165.207,732,656787,460,629781,272,27006
44:3D:54:BE:12:3C,ALL,ip,174.129.198.40,60,5874,30,3018,30,2856
44:3D:54:BE:12:3C,ALL,ip,174.129.99.38,1135,749108,647,655131,488,93977
44:3D:54:BE:12:3C,ALL,ip,176.32.101.46,26,10121,15,3338,11,6783
44:3D:54:BE:12:3C,ALL,ip,176.32.98.108,84,31417,51,10876,33,20541
44:3D:54:BE:12:3C,ALL,ip,18.154.230.100,2482,334188,1241,128282,1241,205906
44:3D:54:BE:12:3C,ALL,ip,18.154.230.133,2640,355608,1320,136488,1320,219120
44:3D:54:BE:12:3C,ALL,ip,18.154.230.19,2600,350220,1300,134420,1300,215800
44:3D:54:BE:12:3C,ALL,ip,18.154.230.60,2690,362343,1345,139073,1345,223270
44:3D:54:BE:12:3C,ALL,ip,18.155.255.74,12304,4802660,7287,968083,5017,3834577
44:3D:54:BE:12:3C,ALL,ip,18.160.14.74,522,202199,305,41052,217,161147
44:3D:54:BE:12:3C,ALL,ip,18.160.2.68,23154,103632938,6913,475174,16241,103157764
44:3D:54:BE:12:3C,ALL,ip,18.160.224.74,62,20186,37,5211,25,14975
44:3D:54:BE:12:3C,ALL,ip,18.160.29.74,183,58004,106,15279,77,42725
44:3D:54:BE:12:3C,ALL,ip,18.160.44.74,4790,1880985,2856,377657,1934,1503328
44:3D:54:BE:12:3C,ALL,ip,18.160.45.108,30,4041,15,1551,15,2490
44:3D:54:BE:12:3C,ALL,ip,18.160.45.16,70,9429,35,3619,35,5810
44:3D:54:BE:12:3C,ALL,ip,18.160.45.164,40,5388,20,2068,20,3320
44:3D:54:BE:12:3C,ALL,ip,18.160.45.68,80,10776,40,4136,40,6640
44:3D:54:BE:12:3C,ALL,ip,18.164.106.74,37,11899,22,3119,15,8780
44:3D:54:BE:12:3C,ALL,ip,18.164.115.101,10,1347,5,517,5,830
44:3D:54:BE:12:3C,ALL,ip,18.164.115.11,48,106978,26,2536,22,104442
44:3D:54:BE:12:3C,ALL,ip,18.164.115.37,10,1347,5,517,5,830
44:3D:54:BE:12:3C,ALL,ip,18.164.121.74,261,81336,149,21152,112,60184
44:3D:54:BE:12:3C,ALL,ip,18.164.131.162,30,4040,15,1551,15,2489
44:3D:54:BE:12:3C,ALL,ip,18.164.131.179,50,6731,25,2585,25,4146
44:3D:54:BE:12:3C,ALL,ip,18.164.131.217,10,1346,5,517,5,829
44:3D:54:BE:12:3C,ALL,ip,18.164.131.9,30,4039,15,1551,15,2488
44:3D:54:BE:12:3C,ALL,ip,18.165.90.74,471,158856,272,37542,199,121314
44:3D:54:BE:12:3C,ALL,ip,18.173.129.67,1899,735432,1123,148626,776,586806
44:3D:54:BE:12:3C,ALL,ip,18.173.130.122,34,20025,23,2630,11,17395
44:3D:54:BE:12:3C,ALL,ip,18.207.54.203,798,567638,451,495528,347,72110
44:3D:54:BE:12:3C,ALL,ip,18.210.212.45,343,233675,209,200287,134,33388
44:3D:54:BE:12:3C,ALL,ip,18.211.16.10,417,256814,239,220486,178,36328
44:3D:54:BE:12:3C,ALL,ip,18.213.161.240,1443,1010877,844,885391,599,125486
44:3D:54:BE:12:3C,ALL,ip,18.213.189.227,295,196858,179,170469,116,26389
44:3D:54:BE:12:3C,ALL,ip,18.214.180.6,6626,2768645,3811,1808612,2815,960033
44:3D:54:BE:12:3C,ALL,ip,18.232.22.81,336,216815,208,189959,128,26856
44:3D:54:BE:12:3C,ALL,ip,18.235.119.188,224,146621,132,122141,92,24480
44:3D:54:BE:12:3C,ALL,ip,18.235.197.135,741,506150,426,442372,315,63778
44:3D:54:BE:12:3C,ALL,ip,18.238.54.67,43,14878,26,3905,17,10973
44:3D:54:BE:12:3C,ALL,ip,18.238.59.198,10,1345,5,517,5,828
44:3D:54:BE:12:3C,ALL,ip,18.238.59.69,20,2689,10,1034,10,1655
44:3D:54:BE:12:3C,ALL,ip,18.67.73.76,10345,4047871,6120,812130,4225,3235741
44:3D:54:BE:12:3C,ALL,ip,184.73.106.63,337,230586,179,195554,158,35032
44:3D:54:BE:12:3C,ALL,ip,209.54.177.117,104,32628,62,8380,42,24248
44:3D:54:BE:12:3C,ALL,ip,209.54.177.153,103,32574,60,8272,43,24302
44:3D:54:BE:12:3C,ALL,ip,209.54.177.154,54,16422,32,4244,22,12178
44:3D:54:BE:12:3C,ALL,ip,209.54.177.157,213,65526,126,16868,87,48658
44:3D:54:BE:12:3C,ALL,ip,209.54.178.134,157,48996,93,12570,64,36426
44:3D:54:BE:12:3C,ALL,ip,209.54.178.164,187,57369,110,14746,77,42623
44:3D:54:BE:12:3C,ALL,ip,209.54.178.166,159,49104,93,12570,66,36534
44:3D:54:BE:12:3C,ALL,ip,209.54.179.224,24,11061,16,2146,8,8915
44:3D:54:BE:12:3C,ALL,ip,209.54.179.225,46,16369,29,3242,17,13127
44:3D:54:BE:12:3C,ALL,ip,209.54.179.226,71,30321,47,5940,24,24381
44:3D:54:BE:12:3C,ALL,ip,209.54.179.227,69,29388,45,5709,24,23679
44:3D:54:BE:12:3C,ALL,ip,209.54.179.230,24,11090,16,2146,8,8944
44:3D:54:BE:12:3C,ALL,ip,209.54.179.231,22,10953,15,2092,7,8861
44:3D:54:BE:12:3C,ALL,ip,209.54.179.232,48,19343,30,3740,18,15603
44:3D:54:BE:12:3C,ALL,ip,209.54.179.88,107,32790,63,8434,44,24356
44:3D:54:BE:12:3C,ALL,ip,209.54.179.93,53,16368,31,4190,22,12178
44:3D:54:BE:12:3C,ALL,ip,209.54.180.2,25,11144,16,2146,9,8998
44:3D:54:BE:12:3C,ALL,ip,209.54.180.25,288,89835,169,22964,119,66871
44:3D:54:BE:12:3C,ALL,ip,209.54.180.27,189,57477,112,14854,77,42623
44:3D:54:BE:12:3C,ALL,ip,209.54.180.44,27,8211,16,2122,11,6089
44:3D:54:BE:12:3C,ALL,ip,209.54.181.4,106,32736,62,8380,44,24356
44:3D:54:BE:12:3C,ALL,ip,209.54.181.98,54,16422,32,4244,22,12178
44:3D:54:BE:12:3C,ALL,ip,209.54.183.178,22,8116,14,1594,8,6522
44:3D:54:BE:12:3C,ALL,ip,209.54.183.179,45,16315,29,3242,16,13073
44:3D:54:BE:12:3C,ALL,ip,209.54.183.185,24,8253,15,1648,9,6605
44:3D:54:BE:12:3C,ALL,ip,209.54.183.194,20,8008,13,1540,7,6468
44:3D:54:BE:12:3C,ALL,ip,23.21.145.114,1363,1039986,796,934996,567,104990
44:3D:54:BE:12:3C,ALL,ip,23.21.206.89,1022,606506,615,524396,407,82110
44:3D:54:BE:12:3C,ALL,ip,3.162.107.67,12600,4978529,7506,990237,5094,3988292
44:3D:54:BE:12:3C,ALL,ip,3.162.122.67,15928,6020405,9361,1246640,6567,4773765
44:3D:54:BE:12:3C,ALL,ip,3.162.130.150,1734,233286,867,89573,867,143713
44:3D:54:BE:12:3C,ALL,ip,3.162.130.154,1762,237188,881,91058,881,146130
44:3D:54:BE:12:3C,ALL,ip,3.162.130.209,1630,219551,815,84271,815,135280
44:3D:54:BE:12:3C,ALL,ip,3.162.130.91,1660,223594,830,85822,830,137772
44:3D:54:BE:12:3C,ALL,ip,3.162.152.67,40,12166,22,3169,18,8997
44:3D:54:BE:12:3C,ALL,ip,3.162.159.115,20,2696,10,1034,10,1662
44:3D:54:BE:12:3C,ALL,ip,3.162.159.2,10,1348,5,517,5,831
44:3D:54:BE:12:3C,ALL,ip,3.162.93.101,90,12123,45,4653,45,7470
44:3D:54:BE:12:3C,ALL,ip,3.162.93.102,132,17642,66,6787,66,10855
44:3D:54:BE:12:3C,ALL,ip,3.162.93.159,100,13470,50,5170,50,8300
44:3D:54:BE:12:3C,ALL,ip,3.162.93.201,130,17511,65,6721,65,10790
44:3D:54:BE:12:3C,ALL,ip,3.162.93.51,67,67884,48,4173,19,63711
44:3D:54:BE:12:3C,ALL,ip,3.208.249.246,643,451892,356,389926,287,61966
44:3D:54:BE:12:3C,ALL,ip,3.209.117.130,336,216688,189,182430,147,34258
44:3D:54:BE:12:3C,ALL,ip,3.210.237.141,30,2937,15,1509,15,1428
44:3D:54:BE:12:3C,ALL,ip,3.212.135.104,729,490993,399,426165,330,64828
44:3D:54:BE:12:3C,ALL,ip,3.212.187.249,80,31455,50,23339,30,8116
44:3D:54:BE:12:3C,ALL,ip,3.214.58.173,2,180,1,90,1,90
44:3D:54:BE:12:3C,ALL,ip,3.215.39.39,998,751874,550,666866,448,85008
44:3D:54:BE:12:3C,ALL,ip,3.216.15.108,406,257347,240,221835,166,35512
44:3D:54:BE:12:3C,ALL,ip,3.216.253.228,885,572596,517,505332,368,67264
44:3D:54:BE:12:3C,ALL,ip,3.217.147.217,19549,3168576,7654,1802165,11895,1366411
44:3D:54:BE:12:3C,ALL,ip,3.217.242.198,525,361296,302,315790,223,45506
44:3D:54:BE:12:3C,ALL,ip,3.217.87.82,621,371670,378,312668,243,59002
44:3D:54:BE:12:3C,ALL,ip,3.218.84.31,30,2937,15,1509,15,1428
44:3D:54:BE:12:3C,ALL,ip,3.220.143.138,1363,914532,821,791940,542,122592
44:3D:54:BE:12:3C,ALL,ip,3.221.133.8,1861,1438360,1045,1269419,816,168941
44:3D:54:BE:12:3C,ALL,ip,3.223.143.190,2109,1459860,1268,1287534,841,172326
44:3D:54:BE:12:3C,ALL,ip,3.223.181.245,19592,2992774,7848,1644620,11744,1348154
44:3D:54:BE:12:3C,ALL,ip,3.224.206.139,30,2937,15,1509,15,1428
44:3D:54:BE:12:3C,ALL,ip,3.226.110.1,370,241232,211,206158,159,35074
44:3D:54:BE:12:3C,ALL,ip,3.227.30.202,341,194120,195,166040,146,28080
44:3D:54:BE:12:3C,ALL,ip,3.227.83.236,6000,2493993,3413,1613256,2587,880737
44:3D:54:BE:12:3C,ALL,ip,3.228.250.146,1701,1304699,987,1151418,714,153281
44:3D:54:BE:12:3C,ALL,ip,3.230.107.109,385,222801,231,188081,154,34720
44:3D:54:BE:12:3C,ALL,ip,3.230.111.127,70,30792,45,23006,25,7786
44:3D:54:BE:12:3C,ALL,ip,3.230.12.86,10,1069,5,593,5,476
44:3D:54:BE:12:3C,ALL,ip,3.232.74.135,1458,992002,870,867042,588,124960
44:3D:54:BE:12:3C,ALL,ip,3.234.38.31,2,180,1,90,1,90
44:3D:54:BE:12:3C,ALL,ip,3.5.10.117,147,180816,100,7314,47,173502
44:3D:54:BE:12:3C,ALL,ip,3.94.156.137,50,4985,25,2605,25,2380
44:3D:54:BE:12:3C,ALL,ip,34.192.13.52,634,492019,369,430799,265,61220
44:3D:54:BE:12:3C,ALL,ip,34.192.16.177,666,525932,388,464434,278,61498
44:3D:54:BE:12:3C,ALL,ip,34.192.220.80,803,536091,488,472289,315,63802
44:3D:54:BE:12:3C,ALL,ip,34.192.221.115,391,253767,224,218153,167,35614
44:3D:54:BE:12:3C,ALL,ip,34.194.133.227,416,286452,245,244462,171,41990
44:3D:54:BE:12:3C,ALL,ip,34.195.11.125,326,223749,183,189683,143,34066
44:3D:54:BE:12:3C,ALL,ip,34.195.175.66,6405,2652005,3662,1718252,2743,933753
44:3D:54:BE:12:3C,ALL,ip,34.195.75.243,1178,787700,655,685614,523,102086
44:3D:54:BE:12:3C,ALL,ip,34.196.11.147,381,256103,224,221185,157,34918
44:3D:54:BE:12:3C,ALL,ip,34.197.162.81,354,196594,209,168604,145,27990
44:3D:54:BE:12:3C,ALL,ip,34.197.2.60,719,511042,424,442424,295,68618
44:3D:54:BE:12:3C,ALL,ip,34.197.224.184,308,209821,188,183493,120,26328
44:3D:54:BE:12:3C,ALL,ip,34.198.118.136,669,492008,393,430804,276,61204
44:3D:54:BE:12:3C,ALL,ip,34.201.186.142,30,2937,15,1509,15,1428
44:3D:54:BE:12:3C,ALL,ip,34.202.142.223,588,456364,349,403762,239,52602
44:3D:54:BE:12:3C,ALL,ip,34.202.15.246,160,15664,80,8048,80,7616
44:3D:54:BE:12:3C,ALL,ip,34.202.218.137,610,436850,359,382876,251,53974
44:3D:54:BE:12:3C,ALL,ip,34.204.112.11,497,378642,286,334012,211,44630
44:3D:54:BE:12:3C,ALL,ip,34.204.131.233,275,189830,166,164228,109,25602
44:3D:54:BE:12:3C,ALL,ip,34.204.243.65,755,535392,451,466216,304,69176
44:3D:54:BE:12:3C,ALL,ip,34.206.214.211,365,226158,206,191096,159,35062
44:3D:54:BE:12:3C,ALL,ip,34.225.229.108,306,272412,186,246076,120,26336
44:3D:54:BE:12:3C,ALL,ip,34.227.237.177,353,219563,205,185239,148,34324
44:3D:54:BE:12:3C,ALL,ip,34.231.189.116,946,746006,554,670767,392,75239
44:3D:54:BE:12:3C,ALL,ip,34.232.197.232,413,270168,252,234986,161,35182
44:3D:54:BE:12:3C,ALL,ip,34.233.130.158,399,241757,229,205921,170,35836
44:3D:54:BE:12:3C,ALL,ip,34.233.92.120,1917,1629263,1141,1455079,776,174184
44:3D:54:BE:12:3C,ALL,ip,34.234.196.234,344,200617,195,172351,149,28266
44:3D:54:BE:12:3C,ALL,ip,34.236.6.206,2,180,1,90,1,90
44:3D:54:BE:12:3C,ALL,ip,34.237.111.59,8393,3604722,4822,2397378,3571,1207344
44:3D:54:BE:12:3C,ALL,ip,34.237.125.195,24,8330,15,1830,9,6500
44:3D:54:BE:12:3C,ALL,ip,34.237.132.195,1006,644164,594,555564,412,88600
44:3D:54:BE:12:3C,ALL,ip,34.237.168.2,459,326930,280,284284,179,42646
44:3D:54:BE:12:3C,ALL,ip,34.237.59.67,317,195863,182,168521,135,27342
44:3D:54:BE:12:3C,ALL,ip,34.239.12.200,2,180,1,90,1,90
44:3D:54:BE:12:3C,ALL,ip,34.239.217.28,376,229845,231,195719,145,34126
44:3D:54:BE:12:3C,ALL,ip,35.153.59.65,407,220472,227,190160,180,30312
44:3D:54:BE:12:3C,ALL,ip,35.155.9.57,35,9056,19,2164,16,6892
44:3D:54:BE:12:3C,ALL,ip,35.161.96.40,36,9122,21,2296,15,6826
44:3D:54:BE:12:3C,ALL,ip,35.166.62.210,36,9122,20,2230,16,6892
44:3D:54:BE:12:3C,ALL,ip,35.168.107.239,3728,2610705,2183,2330683,1545,280022
44:3D:54:BE:12:3C,ALL,ip,35.168.204.160,253,178934,153,153926,100,25008
44:3D:54:BE:12:3C,ALL,ip,35.170.106.229,643,437272,387,377412,256,59860
44:3D:54:BE:12:3C,ALL,ip,35.170.129.4,354,242316,208,208076,146,34240
44:3D:54:BE:12:3C,ALL,ip,35.171.131.47,680,390536,394,334820,286,55716
44:3D:54:BE:12:3C,ALL,ip,35.172.38.131,357,222966,216,189092,141,33874
44:3D:54:BE:12:3C,ALL,ip,35.175.15.29,418,282146,242,245890,176,36256
44:3D:54:BE:12:3C,ALL,ip,35.175.71.102,12154,1824542,4875,969688,7279,854854
44:3D:54:BE:12:3C,ALL,ip,44.193.236.65,4564,1826247,2599,1146936,1965,679311
44:3D:54:BE:12:3C,ALL,ip,44.194.145.88,10,979,5,503,5,476
44:3D:54:BE:12:3C,ALL,ip,44.198.222.141,370,237177,210,202049,160,35128
44:3D:54:BE:12:3C,ALL,ip,44.198.224.47,10977,4640956,6271,3070756,4706,1570200
44:3D:54:BE:12:3C,ALL,ip,44.198.237.39,313,198450,185,165446,128,33004
44:3D:54:BE:12:3C,ALL,ip,44.199.138.71,7162,2971614,4106,1926540,3056,1045074
44:3D:54:BE:12:3C,ALL,ip,44.199.52.214,6043,2575994,3459,1716599,2584,859395
44:3D:54:BE:12:3C,ALL,ip,44.199.80.228,24800,3773440,9770,2069133,15030,1704307
44:3D:54:BE:12:3C,ALL,ip,44.207.13.168,61,6030,31,3174,30,2856
44:3D:54:BE:12:3C,ALL,ip,44.210.26.46,490,376898,285,332676,205,44222
44:3D:54:BE:12:3C,ALL,ip,44.213.182.62,389,262758,219,226970,170,35788
44:3D:54:BE:12:3C,ALL,ip,44.215.114.101,105,33860,62,10048,43,23812
44:3D:54:BE:12:3C,ALL,ip,44.215.115.150,89,34624,57,8331,32,26293
44:3D:54:BE:12:3C,ALL,ip,44.215.115.210,52,15760,30,4044,22,11716
44:3D:54:BE:12:3C,ALL,ip,44.215.129.169,43,16704,28,3998,15,12706
44:3D:54:BE:12:3C,ALL,ip,44.215.132.234,26,7880,15,2022,11,5858
44:3D:54:BE:12:3C,ALL,ip,44.215.133.149,81,23920,46,6156,35,17764
44:3D:54:BE:12:3C,ALL,ip,44.215.133.95,65,25104,42,5955,23,19149
44:3D:54:BE:12:3C,ALL,ip,44.215.134.203,55,19318,33,7382,22,11936
44:3D:54:BE:12:3C,ALL,ip,44.215.139.77,107,35008,63,10114,44,24894
44:3D:54:BE:12:3C,ALL,ip,44.215.143.151,27,9626,16,3658,11,5968
44:3D:54:BE:12:3C,ALL,ip,44.215.64.21,289,185643,157,152351,132,33292
44:3D:54:BE:12:3C,ALL,ip,44.225.45.107,37,9688,22,2468,15,7220
44:3D:54:BE:12:3C,ALL,ip,44.231.61.240,36,9122,21,2296,15,6826
44:3D:54:BE:12:3C,ALL,ip,44.240.184.205,106,27246,62,6834,44,20412
44:3D:54:BE:12:3C,ALL,ip,50.19.211.146,6218,551137,4137,343086,2081,208051
44:3D:54:BE:12:3C,ALL,ip,50.19.73.171,301,219540,186,193542,115,25998
44:3D:54:BE:12:3C,ALL,ip,52.0.132.2,1201,761532,730,656778,471,104754
44:3D:54:BE:12:3C,ALL,ip,52.1.112.15,2875,258683,1893,157945,982,100738
44:3D:54:BE:12:3C,ALL,ip,52.1.13.168,4098,3024851,2412,2697458,1686,327393
44:3D:54:BE:12:3C,ALL,ip,52.11.127.249,34,9002,20,2242,14,6760
44:3D:54:BE:12:3C,ALL,ip,52.119.196.31,27,8211,16,2122,11,6089
44:3D:54:BE:12:3C,ALL,ip,52.119.198.101,81,24633,48,6366,33,18267
44:3D:54:BE:12:3C,ALL,ip,52.119.198.106,52,16314,30,4136,22,12178
44:3D:54:BE:12:3C,ALL,ip,52.119.198.109,104,32628,60,8272,44,24356
44:3D:54:BE:12:3C,ALL,ip,52.119.198.118,104,32628,61,8326,43,24302
44:3D:54:BE:12:3C,ALL,ip,52.119.198.186,81,24633,48,6366,33,18267
44:3D:54:BE:12:3C,ALL,ip,52.119.198.189,161,49212,94,12624,67,36588
44:3D:54:BE:12:3C,ALL,ip,52.119.198.2,130,40785,77,10448,53,30337
44:3D:54:BE:12:3C,ALL,ip,52.20.194.35,314,279484,184,246360,130,33124
44:3D:54:BE:12:3C,ALL,ip,52.20.206.121,5618,2332368,3208,1516479,2410,815889
44:3D:54:BE:12:3C,ALL,ip,52.20.35.77,737,565031,432,501763,305,63268
44:3D:54:BE:12:3C,ALL,ip,52.201.102.113,279,173074,173,147670,106,25404
44:3D:54:BE:12:3C,ALL,ip,52.202.137.76,406,259738,239,218036,167,41702
44:3D:54:BE:12:3C,ALL,ip,52.202.2.34,6974,2963840,4010,1972673,2964,991167
44:3D:54:BE:12:3C,ALL,ip,52.203.151.208,6,540,3,270,3,270
44:3D:54:BE:12:3C,ALL,ip,52.203.60.72,30,2937,15,1509,15,1428
44:3D:54:BE:12:3C,ALL,ip,52.204.162.249,354,280709,207,252575,147,28134
44:3D:54:BE:12:3C,ALL,ip,52.205.217.56,312,193393,187,166735,125,26658
44:3D:54:BE:12:3C,ALL,ip,52.205.8.123,526,384879,312,340063,214,44816
44:3D:54:BE:12:3C,ALL,ip,52.206.63.5,1019,692283,621,610791,398,81492
44:3D:54:BE:12:3C,ALL,ip,52.21.73.245,407,292374,239,256730,168,35644
44:3D:54:BE:12:3C,ALL,ip,52.217.139.233,37,14234,22,3394,15,10840
44:3D:54:BE:12:3C,ALL,ip,52.217.141.65,33,9756,20,2183,13,7573
44:3D:54:BE:12:3C,ALL,ip,52.217.88.140,30,8342,18,1748,12,6594
44:3D:54:BE:12:3C,ALL,ip,52.3.52.176,107,89278,62,80172,45,9106
44:3D:54:BE:12:3C,ALL,ip,52.37.30.201,73,18310,42,4592,31,13718
44:3D:54:BE:12:3C,ALL,ip,52.44.167.205,769,561521,453,497641,316,63880
44:3D:54:BE:12:3C,ALL,ip,52.45.237.36,2,180,1,90,1,90
44:3D:54:BE:12:3C,ALL,ip,52.45.81.130,50,4895,25,2515,25,2380
44:3D:54:BE:12:3C,ALL,ip,52.46.128.145,25,11115,16,2146,9,8969
44:3D:54:BE:12:3C,ALL,ip,52.46.128.80,22,8116,14,1594,8,6522
44:3D:54:BE:12:3C,ALL,ip,52.46.128.81,108,32873,64,8488,44,24385
44:3D:54:BE:12:3C,ALL,ip,52.46.131.168,69,24568,43,4836,26,19732
44:3D:54:BE:12:3C,ALL,ip,52.46.131.169,107,32790,63,8434,44,24356
44:3D:54:BE:12:3C,ALL,ip,52.46.131.184,189,57477,112,14854,77,42623
44:3D:54:BE:12:3C,ALL,ip,52.46.131.209,162,49266,96,12732,66,36534
44:3D:54:BE:12:3C,ALL,ip,52.46.131.214,43,18231,27,3467,16,14764
44:3D:54:BE:12:3C,ALL,ip,52.46.137.107,23,8170,14,1594,9,6576
44:3D:54:BE:12:3C,ALL,ip,52.46.137.255,26,11198,16,2146,10,9052
44:3D:54:BE:12:3C,ALL,ip,52.46.138.235,24,8253,15,1648,9,6605
44:3D:54:BE:12:3C,ALL,ip,52.46.141.207,25,11115,16,2146,9,8969
44:3D:54:BE:12:3C,ALL,ip,52.46.142.117,24,11061,16,2146,8,8915
44:3D:54:BE:12:3C,ALL,ip,52.46.143.123,54,16422,32,4244,22,12178
44:3D:54:BE:12:3C,ALL,ip,52.46.144.254,72,28836,45,5610,27,23226
44:3D:54:BE:12:3C,ALL,ip,52.46.145.14,22,8116,14,1594,8,6522
44:3D:54:BE:12:3C,ALL,ip,52.46.145.205,44,19069,29,3686,15,15383
44:3D:54:BE:12:3C,ALL,ip,52.46.146.126,135,41084,80,10610,55,30474
44:3D:54:BE:12:3C,ALL,ip,52.46.147.136,24,8253,15,1648,9,6605
44:3D:54:BE:12:3C,ALL,ip,52.46.149.20,131,40839,77,10448,54,30391
44:3D:54:BE:12:3C,ALL,ip,52.46.149.29,161,49270,95,12678,66,36592
44:3D:54:BE:12:3C,ALL,ip,52.46.149.57,108,32844,63,8434,45,24410
44:3D:54:BE:12:3C,ALL,ip,52.46.155.112,81,24662,48,6366,33,18296
44:3D:54:BE:12:3C,ALL,ip,52.46.158.193,78,24471,46,6258,32,18213
44:3D:54:BE:12:3C,ALL,ip,52.54.36.84,301,348777,179,331683,122,17094
44:3D:54:BE:12:3C,ALL,ip,52.54.58.187,360,242724,213,208478,147,34246
44:3D:54:BE:12:3C,ALL,ip,52.6.74.78,1087,741775,623,642619,464,99156
44:3D:54:BE:12:3C,ALL,ip,52.7.177.117,2749,2138518,1640,1910321,1109,228197
44:3D:54:BE:12:3C,ALL,ip,52.7.51.52,5862,510988,3878,319935,1984,191053
44:3D:54:BE:12:3C,ALL,ip,52.72.103.43,720,475695,430,413391,290,62304
44:3D:54:BE:12:3C,ALL,ip,52.72.222.201,60,5874,30,3018,30,2856
44:3D:54:BE:12:3C,ALL,ip,52.72.230.1,1527,1023263,871,893943,656,129320
44:3D:54:BE:12:3C,ALL,ip,52.73.91.15,741,434141,409,375329,332,58812
44:3D:54:BE:12:3C,ALL,ip,52.85.138.76,1367,507491,806,109100,561,398391
44:3D:54:BE:12:3C,ALL,ip,52.85.150.105,143,219809,95,8778,48,211031
44:3D:54:BE:12:3C,ALL,ip,52.85.150.196,185,232636,129,11870,56,220766
44:3D:54:BE:12:3C,ALL,ip,52.85.150.204,85,111552,66,5471,19,106081
44:3D:54:BE:12:3C,ALL,ip,52.85.150.30,274,543523,158,16081,116,527442
44:3D:54:BE:12:3C,ALL,ip,52.85.61.116,25,8795,14,1946,11,6849
44:3D:54:BE:12:3C,ALL,ip,52.87.113.159,612,400901,351,352935,261,47966
44:3D:54:BE:12:3C,ALL,ip,52.94.231.169,162,49266,94,12624,68,36642
44:3D:54:BE:12:3C,ALL,ip,52.94.233.60,21,8062,14,1594,7,6468
44:3D:54:BE:12:3C,ALL,ip,52.94.239.41,22,8116,14,1594,8,6522
44:3D:54:BE:12:3C,ALL,ip,52.94.240.240,213,65555,126,16868,87,48687
44:3D:54:BE:12:3C,ALL,ip,52.94.241.146,108,32844,63,8434,45,24410
44:3D:54:BE:12:3C,ALL,ip,52.94.242.236,79,24525,46,6258,33,18267
44:3D:54:BE:12:3C,ALL,ip,54.145.27.211,416,44546,274,24361,142,20185
44:3D:54:BE:12:3C,ALL,ip,54.156.53.87,1107,730310,682,640900,425,89410
44:3D:54:BE:12:3C,ALL,ip,54.157.128.18,311,199856,186,173198,125,26658
44:3D:54:BE:12:3C,ALL,ip,54.157.203.98,4595,1886083,2627,1206214,1968,679869
44:3D:54:BE:12:3C,ALL,ip,54.161.161.91,374,225298,198,189078,176,36220
44:3D:54:BE:12:3C,ALL,ip,54.162.190.244,745,453442,416,394852,329,58590
44:3D:54:BE:12:3C,ALL,ip,54.164.163.115,12842,5454005,7352,3623456,5490,1830549
44:3D:54:BE:12:3C,ALL,ip,54.166.21.152,8256,3525150,4723,2336331,3533,1188819
44:3D:54:BE:12:3C,ALL,ip,54.167.177.211,10762,1777677,4280,1006194,6482,771483
44:3D:54:BE:12:3C,ALL,ip,54.172.134.242,659,477066,374,415256,285,61810
44:3D:54:BE:12:3C,ALL,ip,54.173.158.101,352,208882,204,180694,148,28188
44:3D:54:BE:12:3C,ALL,ip,54.173.30.23,4668,414992,3080,255868,1588,159124
44:3D:54:BE:12:3C,ALL,ip,54.187.92.102,35,9056,20,2230,15,6826
44:3D:54:BE:12:3C,ALL,ip,54.196.177.111,334,229218,194,195410,140,33808
44:3D:54:BE:12:3C,ALL,ip,54.197.158.192,707,482662,397,412842,310,69820
44:3D:54:BE:12:3C,ALL,ip,54.197.49.58,47,16470,29,3509,18,12961
44:3D:54:BE:12:3C,ALL,ip,54.205.24.65,8975,3782675,5144,2483633,3831,1299042
44:3D:54:BE:12:3C,ALL,ip,54.210.193.118,333,204778,200,177580,133,27198
44:3D:54:BE:12:3C,ALL,ip,54.210.218.16,432,367384,248,324476,184,42908
44:3D:54:BE:12:3C,ALL,ip,54.210.56.174,301,193953,187,168021,114,25932
44:3D:54:BE:12:3C,ALL,ip,54.211.181.218,21,8007,12,1546,9,6461
44:3D:54:BE:12:3C,ALL,ip,54.221.200.137,11208,4782740,6442,3187124,4766,1595616
44:3D:54:BE:12:3C,ALL,ip,54.224.227.209,1346,933225,780,815780,566,117445
44:3D:54:BE:12:3C,ALL,ip,54.230.125.126,10,1347,5,517,5,830
44:3D:54:BE:12:3C,ALL,ip,54.230.139.132,12,1477,6,583,6,894
44:3D:54:BE:12:3C,ALL,ip,54.230.244.171,20,2694,10,1034,10,1660
44:3D:54:BE:12:3C,ALL,ip,54.230.244.67,10,1347,5,517,5,830
44:3D:54:BE:12:3C,ALL,ip,54.230.244.99,10,1347,5,517,5,830
44:3D:54:BE:12:3C,ALL,ip,54.235.196.32,501,271646,306,234208,195,37438
44:3D:54:BE:12:3C,ALL,ip,54.236.164.208,519,347034,316,302956,203,44078
44:3D:54:BE:12:3C,ALL,ip,54.237.184.2,366,228236,228,200720,138,27516
44:3D:54:BE:12:3C,ALL,ip,54.239.27.82,132,40917,77,10472,55,30445
44:3D:54:BE:12:3C,ALL,ip,54.239.29.32,46,19177,30,3740,16,15437
44:3D:54:BE:12:3C,ALL,ip,54.242.128.35,9401,3951595,5398,2593138,4003,1358457
44:3D:54:BE:12:3C,ALL,ip,54.243.177.4,1236,792916,732,679860,504,113056
44:3D:54:BE:12:3C,ALL,ip,54.243.58.104,6117,2552862,3502,1665078,2615,887784
44:3D:54:BE:12:3C,ALL,ip,54.68.57.171,37,9188,21,2296,16,6892
44:3D:54:BE:12:3C,ALL,ip,54.70.5.180,36,9122,21,2296,15,6826
44:3D:54:BE:12:3C,ALL,ip,54.80.106.159,1049,756745,626,661199,423,95546
44:3D:54:BE:12:3C,ALL,ip,54.80.246.0,481,282556,294,245610,187,36946
44:3D:54:BE:12:3C,ALL,ip,54.83.254.153,312,195814,188,169210,124,26604
44:3D:54:BE:12:3C,ALL,ip,54.84.118.144,321,199101,188,171891,133,27210
44:3D:54:BE:12:3C,ALL,ip,54.86.184.230,310,188926,196,162994,114,25932
44:3D:54:BE:12:3C,ALL,ip,54.89.69.55,592,415310,358,363050,234,52260
44:3D:54:BE:12:3C,ALL,ip,54.91.103.251,7219,3069790,4165,2029819,3054,1039971
44:3D:54:BE:12:3C,ALL,ip,54.92.151.136,104,33038,66,24394,38,8644
44:3D:54:BE:12:3C,ALL,ip,67.220.240.34,47,19260,30,3740,17,15520
44:3D:54:BE:12:3C,ALL,ip,67.220.240.35,22,8116,14,1594,8,6522
44:3D:54:BE:12:3C,ALL,ip,67.220.240.92,66,27185,43,5280,23,21905
44:3D:54:BE:12:3C,ALL,ip,72.21.207.143,105,32682,61,8326,44,24356
44:3D:54:BE:12:3C,ALL,ip,75.101.214.154,515,297448,293,258111,222,39337
44:3D:54:BE:12:3C,ALL,ip,99.84.216.152,56,67088,32,3117,24,63971
44:3D:54:BE:12:3C,ALL,ip,99.84.216.64,75,68437,53,4527,22,63910
44:3D:54:BE:12:3C,ALL,tcp,107.22.14.153,1064,684959,629,588681,435,96278
44:3D:54:BE:12:3C,ALL,tcp,107.22.28.41,305,196951,184,170557,121,26394
44:3D:54:BE:12:3C,ALL,tcp,107.22.99.156,645,455361,374,393920,271,61441
44:3D:54:BE:12:3C,ALL,tcp,108.138.104.73,36,24293,23,2579,13,21714
44:3D:54:BE:12:3C,ALL,tcp,108.138.125.14,240,32322,120,12408,120,19914
44:3D:54:BE:12:3C,ALL,tcp,108.138.125.193,190,25584,95,9823,95,15761
44:3D:54:BE:12:3C,ALL,tcp,108.138.125.194,330,44442,165,17061,165,27381
44:3D:54:BE:12:3C,ALL,tcp,108.138.125.198,310,41742,155,16027,155,25715
44:3D:54:BE:12:3C,ALL,tcp,108.138.61.102,22,2822,11,1100,11,1722
44:3D:54:BE:12:3C,ALL,tcp,108.138.61.34,54,6985,27,2717,27,4268
44:3D:54:BE:12:3C,ALL,tcp,108.138.61.8,20,2688,10,1034,10,1654
44:3D:54:BE:12:3C,ALL,tcp,108.138.74.73,15588,6008747,9260,1228961,6328,4779786
44:3D:54:BE:12:3C,ALL,tcp,108.138.82.203,10,1347,5,517,5,830
44:3D:54:BE:12:3C,ALL,tcp,108.138.82.54,30,4041,15,1551,15,2490
44:3D:54:BE:12:3C,ALL,tcp,108.138.82.9,40,5388,20,2068,20,3320
44:3D:54:BE:12:3C,ALL,tcp,108.139.28.74,30,9603,18,2584,12,7019
44:3D:54:BE:12:3C,ALL,tcp,108.139.43.67,1629,634442,972,129705,657,504737
44:3D:54:BE:12:3C,ALL,tcp,108.139.46.212,10,1345,5,517,5,828
44:3D:54:BE:12:3C,ALL,tcp,108.156.117.73,37,23114,23,2577,14,20537
44:3D:54:BE:12:3C,ALL,tcp,108.156.87.76,39,11769,22,2845,17,8924
44:3D:54:BE:12:3C,ALL,tcp,13.225.189.40,10,1346,5,517,5,829
44:3D:54:BE:12:3C,ALL,tcp,13.225.189.62,10,1347,5,517,5,830
44:3D:54:BE:12:3C,ALL,tcp,13.225.66.127,140,18858,70,7238,70,11620
44:3D:54:BE:12:3C,ALL,tcp,13.225.66.162,240,32327,120,12408,120,19919
44:3D:54:BE:12:3C,ALL,tcp,13.225.66.219,120,16162,60,6204,60,9958
44:3D:54:BE:12:3C,ALL,tcp,13.225.66.84,230,30981,115,11891,115,19090
44:3D:54:BE:12:3C,ALL,tcp,13.226.36.71,10,1347,5,517,5,830
44:3D:54:BE:12:3C,ALL,tcp,13.249.39.10,71,26121,41,5772,30,20349
44:3D:54:BE:12:3C,ALL,tcp,13.249.39.25,24,8419,14,1636,10,6783
44:3D:54:BE:12:3C,ALL,tcp,13.32.207.108,165,99809,111,12901,54,86908
44:3D:54:BE:12:3C,ALL,tcp,13.32.207.122,63,39713,43,5074,20,34639
44:3D:54:BE:12:3C,ALL,tcp,13.32.207.48,64,39793,44,5135,20,34658
44:3D:54:BE:12:3C,ALL,tcp,13.32.207.83,128,79535,88,10267,40,69268
44:3D:54:BE:12:3C,ALL,tcp,13.35.91.74,1991,742488,1169,155244,822,587244
44:3D:54:BE:12:3C,ALL,tcp,174.129.165.207,732,656787,460,629781,272,27006
44:3D:54:BE:12:3C,ALL,tcp,174.129.198.40,60,5874,30,3018,30,2856
44:3D:54:BE:12:3C,ALL,tcp,174.129.99.38,1135,749108,647,655131,488,93977
44:3D:54:BE:12:3C,ALL,tcp,176.32.101.46,26,10121,15,3338,11,6783
44:3D:54:BE:12:3C,ALL,tcp,176.32.98.108,84,31417,51,10876,33,20541
44:3D:54:BE:12:3C,ALL,tcp,18.154.230.100,2482,334188,1241,128282,1241,205906
44:3D:54:BE:12:3C,ALL,tcp,18.154.230.133,2640,355608,1320,136488,1320,219120
44:3D:54:BE:12:3C,ALL,tcp,18.154.230.19,2600,350220,1300,134420,1300,215800
44:3D:54:BE:12:3C,ALL,tcp,18.154.230.60,2690,362343,1345,139073,1345,223270
44:3D:54:BE:12:3C,ALL,tcp,18.155.255.74,12304,4802660,7287,968083,5017,3834577
44:3D:54:BE:12:3C,ALL,tcp,18.160.14.74,522,202199,305,41052,217,161147
44:3D:54:BE:12:3C,ALL,tcp,18.160.2.68,23154,103632938,6913,475174,16241,103157764
44:3D:54:BE:12:3C,ALL,tcp,18.160.224.74,62,20186,37,5211,25,14975
44:3D:54:BE:12:3C,ALL,tcp,18.160.29.74,183,58004,106,15279,77,42725
44:3D:54:BE:12:3C,ALL,tcp,18.160.44.74,4790,1880985,2856,377657,1934,1503328
44:3D:54:BE:12:3C,ALL,tcp,18.160.45.108,30,4041,15,1551,15,2490
44:3D:54:BE:12:3C,ALL,tcp,18.160.45.16,70,9429,35,3619,35,5810
44:3D:54:BE:12:3C,ALL,tcp,18.160.45.164,40,5388,20,2068,20,3320
44:3D:54:BE:12:3C,ALL,tcp,18.160.45.68,80,10776,40,4136,40,6640
44:3D:54:BE:12:3C,ALL,tcp,18.164.106.74,37,11899,22,3119,15,8780
44:3D:54:BE:12:3C,ALL,tcp,18.164.115.101,10,1347,5,517,5,830
44:3D:54:BE:12:3C,ALL,tcp,18.164.115.11,48,106978,26,2536,22,104442
44:3D:54:BE:12:3C,ALL,tcp,18.164.115.37,10,1347,5,517,5,830
44:3D:54:BE:12:3C,ALL,tcp,18.164.121.74,261,81336,149,21152,112,60184
44:3D:54:BE:12:3C,ALL,tcp,18.164.131.162,30,4040,15,1551,15,2489
44:3D:54:BE:12:3C,ALL,tcp,18.164.131.179,50,6731,25,2585,25,4146
44:3D:54:BE:12:3C,ALL,tcp,18.164.131.217,10,1346,5,517,5,829
44:3D:54:BE:12:3C,ALL,tcp,18.164.131.9,30,4039,15,1551,15,2488
44:3D:54:BE:12:3C,ALL,tcp,18.165.90.74,471,158856,272,37542,199,121314
44:3D:54:BE:12:3C,ALL,tcp,18.173.129.67,1899,735432,1123,148626,776,586806
44:3D:54:BE:12:3C,ALL,tcp,18.173.130.122,34,20025,23,2630,11,17395
44:3D:54:BE:12:3C,ALL,tcp,18.207.54.203,798,567638,451,495528,347,72110
44:3D:54:BE:12:3C,ALL,tcp,18.210.212.45,343,233675,209,200287,134,33388
44:3D:54:BE:12:3C,ALL,tcp,18.211.16.10,417,256814,239,220486,178,36328
44:3D:54:BE:12:3C,ALL,tcp,18.213.161.240,1443,1010877,844,885391,599,125486
44:3D:54:BE:12:3C,ALL,tcp,18.213.189.227,295,196858,179,170469,116,26389
44:3D:54:BE:12:3C,ALL,tcp,18.214.180.6,6626,2768645,3811,1808612,2815,960033
44:3D:54:BE:12:3C,ALL,tcp,18.232.22.81,336,216815,208,189959,128,26856
44:3D:54:BE:12:3C,ALL,tcp,18.235.119.188,224,146621,132,122141,92,24480
44:3D:54:BE:12:3C,ALL,tcp,18.235.197.135,741,506150,426,442372,315,63778
44:3D:54:BE:12:3C,ALL,tcp,18.238.54.67,43,14878,26,3905,17,10973
44:3D:54:BE:12:3C,ALL,tcp,18.238.59.198,10,1345,5,517,5,828
44:3D:54:BE:12:3C,ALL,tcp,18.238.59.69,20,2689,10,1034,10,1655
44:3D:54:BE:12:3C,ALL,tcp,18.67.73.76,10345,4047871,6120,812130,4225,3235741
44:3D:54:BE:12:3C,ALL,tcp,184.73.106.63,337,230586,179,195554,158,35032
44:3D:54:BE:12:3C,ALL,tcp,209.54.177.117,104,32628,62,8380,42,24248
44:3D:54:BE:12:3C,ALL,tcp,209.54.177.153,103,32574,60,8272,43,24302
44:3D:54:BE:12:3C,ALL,tcp,209.54.177.154,54,16422,32,4244,22,12178
44:3D:54:BE:12:3C,ALL,tcp,209.54.177.157,213,65526,126,16868,87,48658
44:3D:54:BE:12:3C,ALL,tcp,209.54.178.134,157,48996,93,12570,64,36426
44:3D:54:BE:12:3C,ALL,tcp,209.54.178.164,187,57369,110,14746,77,42623
44:3D:54:BE:12:3C,ALL,tcp,209.54.178.166,159,49104,93,12570,66,36534
44:3D:54:BE:12:3C,ALL,tcp,209.54.179.224,24,11061,16,2146,8,8915
44:3D:54:BE:12:3C,ALL,tcp,209.54.179.225,46,16369,29,3242,17,13127
44:3D:54:BE:12:3C,ALL,tcp,209.54.179.226,71,30321,47,5940,24,24381
44:3D:54:BE:12:3C,ALL,tcp,209.54.179.227,69,29388,45,5709,24,23679
44:3D:54:BE:12:3C,ALL,tcp,209.54.179.230,24,11090,16,2146,8,8944
44:3D:54:BE:12:3C,ALL,tcp,209.54.179.231,22,10953,15,2092,7,8861
44:3D:54:BE:12:3C,ALL,tcp,209.54.179.232,48,19343,30,3740,18,15603
44:3D:54:BE:12:3C,ALL,tcp,209.54.179.88,107,32790,63,8434,44,24356
44:3D:54:BE:12:3C,ALL,tcp,209.54.179.93,53,16368,31,4190,22,12178
44:3D:54:BE:12:3C,ALL,tcp,209.54.180.2,25,11144,16,2146,9,8998
44:3D:54:BE:12:3C,ALL,tcp,209.54.180.25,288,89835,169,22964,119,66871
44:3D:54:BE:12:3C,ALL,tcp,209.54.180.27,189,57477,112,14854,77,42623
44:3D:54:BE:12:3C,ALL,tcp,209.54.180.44,27,8211,16,2122,11,6089
44:3D:54:BE:12:3C,ALL,tcp,209.54.181.4,106,32736,62,8380,44,24356
44:3D:54:BE:12:3C,ALL,tcp,209.54.181.98,54,16422,32,4244,22,12178
44:3D:54:BE:12:3C,ALL,tcp,209.54.183.178,22,8116,14,1594,8,6522
44:3D:54:BE:12:3C,ALL,tcp,209.54.183.179,45,16315,29,3242,16,13073
44:3D:54:BE:12:3C,ALL,tcp,209.54.183.185,24,8253,15,1648,9,6605
44:3D:54:BE:12:3C,ALL,tcp,209.54.183.194,20,8008,13,1540,7,6468
44:3D:54:BE:12:3C,ALL,tcp,23.21.145.114,1363,1039986,796,934996,567,104990
44:3D:54:BE:12:3C,ALL,tcp,23.21.206.89,1022,606506,615,524396,407,82110
44:3D:54:BE:12:3C,ALL,tcp,3.162.107.67,12600,4978529,7506,990237,5094,3988292
44:3D:54:BE:12:3C,ALL,tcp,3.162.122.67,15928,6020405,9361,1246640,6567,4773765
44:3D:54:BE:12:3C,ALL,tcp,3.162.130.150,1734,233286,867,89573,867,143713
44:3D:54:BE:12:3C,ALL,tcp,3.162.130.154,1762,237188,881,91058,881,146130
44:3D:54:BE:12:3C,ALL,tcp,3.162.130.209,1630,219551,815,84271,815,135280
44:3D:54:BE:12:3C,ALL,tcp,3.162.130.91,1660,223594,830,85822,830,137772
44:3D:54:BE:12:3C,ALL,tcp,3.162.152.67,40,12166,22,3169,18,8997
44:3D:54:BE:12:3C,ALL,tcp,3.162.159.115,20,2696,10,1034,10,1662
44:3D:54:BE:12:3C,ALL,tcp,3.162.159.2,10,1348,5,517,5,831
44:3D:54:BE:12:3C,ALL,tcp,3.162.93.101,90,12123,45,4653,45,7470
44:3D:54:BE:12:3C,ALL,tcp,3.162.93.102,132,17642,66,6787,66,10855
44:3D:54:BE:12:3C,ALL,tcp,3.162.93.159,100,13470,50,5170,50,8300
44:3D:54:BE:12:3C,ALL,tcp,3.162.93.201,130,17511,65,6721,65,10790
44:3D:54:BE:12:3C,ALL,tcp,3.162.93.51,67,67884,48,4173,19,63711
44:3D:54:BE:12:3C,ALL,tcp,3.208.249.246,643,451892,356,389926,287,61966
44:3D:54:BE:12:3C,ALL,tcp,3.209.117.130,336,216688,189,182430,147,34258
44:3D:54:BE:12:3C,ALL,tcp,3.210.237.141,30,2937,15,1509,15,1428
44:3D:54:BE:12:3C,ALL,tcp,3.212.135.104,729,490993,399,426165,330,64828
44:3D:54:BE:12:3C,ALL,tcp,3.212.187.249,80,31455,50,23339,30,8116
44:3D:54:BE:12:3C,ALL,tcp,3.215.39.39,998,751874,550,666866,448,85008
44:3D:54:BE:12:3C,ALL,tcp,3.216.15.108,406,257347,240,221835,166,35512
44:3D:54:BE:12:3C,ALL,tcp,3.216.253.228,885,572596,517,505332,368,67264
44:3D:54:BE:12:3C,ALL,tcp,3.217.147.217,19549,3168576,7654,1802165,11895,1366411
44:3D:54:BE:12:3C,ALL,tcp,3.217.242.198,525,361296,302,315790,223,45506
44:3D:54:BE:12:3C,ALL,tcp,3.217.87.82,621,371670,378,312668,243,59002
44:3D:54:BE:12:3C,ALL,tcp,3.218.84.31,30,2937,15,1509,15,1428
44:3D:54:BE:12:3C,ALL,tcp,3.220.143.138,1363,914532,821,791940,542,122592
44:3D:54:BE:12:3C,ALL,tcp,3.221.133.8,1861,1438360,1045,1269419,816,168941
44:3D:54:BE:12:3C,ALL,tcp,3.223.143.190,2109,1459860,1268,1287534,841,172326
44:3D:54:BE:12:3C,ALL,tcp,3.223.181.245,19592,2992774,7848,1644620,11744,1348154
44:3D:54:BE:12:3C,ALL,tcp,3.224.206.139,30,2937,15,1509,15,1428
44:3D:54:BE:12:3C,ALL,tcp,3.226.110.1,370,241232,211,206158,159,35074
44:3D:54:BE:12:3C,ALL,tcp,3.227.30.202,341,194120,195,166040,146,28080
44:3D:54:BE:12:3C,ALL,tcp,3.227.83.236,6000,2493993,3413,1613256,2587,880737
44:3D:54:BE:12:3C,ALL,tcp,3.228.250.146,1701,1304699,987,1151418,714,153281
44:3D:54:BE:12:3C,ALL,tcp,3.230.107.109,385,222801,231,188081,154,34720
44:3D:54:BE:12:3C,ALL,tcp,3.230.111.127,70,30792,45,23006,25,7786
44:3D:54:BE:12:3C,ALL,tcp,3.230.12.86,10,1069,5,593,5,476
44:3D:54:BE:12:3C,ALL,tcp,3.232.74.135,1458,992002,870,867042,588,124960
44:3D:54:BE:12:3C,ALL,tcp,3.5.10.117,147,180816,100,7314,47,173502
44:3D:54:BE:12:3C,ALL,tcp,3.94.156.137,50,4985,25,2605,25,2380
44:3D:54:BE:12:3C,ALL,tcp,34.192.13.52,634,492019,369,430799,265,61220
44:3D:54:BE:12:3C,ALL,tcp,34.192.16.177,666,525932,388,464434,278,61498
44:3D:54:BE:12:3C,ALL,tcp,34.192.220.80,803,536091,488,472289,315,63802
44:3D:54:BE:12:3C,ALL,tcp,34.192.221.115,391,253767,224,218153,167,35614
44:3D:54:BE:12:3C,ALL,tcp,34.194.133.227,416,286452,245,244462,171,41990
44:3D:54:BE:12:3C,ALL,tcp,34.195.11.125,326,223749,183,189683,143,34066
44:3D:54:BE:12:3C,ALL,tcp,34.195.175.66,6405,2652005,3662,1718252,2743,933753
44:3D:54:BE:12:3C,ALL,tcp,34.195.75.243,1178,787700,655,685614,523,102086
44:3D:54:BE:12:3C,ALL,tcp,34.196.11.147,381,256103,224,221185,157,34918
44:3D:54:BE:12:3C,ALL,tcp,34.197.162.81,354,196594,209,168604,145,27990
44:3D:54:BE:12:3C,ALL,tcp,34.197.2.60,719,511042,424,442424,295,68618
44:3D:54:BE:12:3C,ALL,tcp,34.197.224.184,308,209821,188,183493,120,26328
44:3D:54:BE:12:3C,ALL,tcp,34.198.118.136,669,492008,393,430804,276,61204
44:3D:54:BE:12:3C,ALL,tcp,34.201.186.142,30,2937,15,1509,15,1428
44:3D:54:BE:12:3C,ALL,tcp,34.202.142.223,588,456364,349,403762,239,52602
44:3D:54:BE:12:3C,ALL,tcp,34.202.15.246,160,15664,80,8048,80,7616
44:3D:54:BE:12:3C,ALL,tcp,34.202.218.137,610,436850,359,382876,251,53974
44:3D:54:BE:12:3C,ALL,tcp,34.204.112.11,497,378642,286,334012,211,44630
44:3D:54:BE:12:3C,ALL,tcp,34.204.131.233,275,189830,166,164228,109,25602
44:3D:54:BE:12:3C,ALL,tcp,34.204.243.65,755,535392,451,466216,304,69176
44:3D:54:BE:12:3C,ALL,tcp,34.206.214.211,365,226158,206,191096,159,35062
44:3D:54:BE:12:3C,ALL,tcp,34.225.229.108,306,272412,186,246076,120,26336
44:3D:54:BE:12:3C,ALL,tcp,34.227.237.177,353,219563,205,185239,148,34324
44:3D:54:BE:12:3C,ALL,tcp,34.231.189.116,946,746006,554,670767,392,75239
44:3D:54:BE:12:3C,ALL,tcp,34.232.197.232,413,270168,252,234986,161,35182
44:3D:54:BE:12:3C,ALL,tcp,34.233.130.158,399,241757,229,205921,170,35836
44:3D:54:BE:12:3C,ALL,tcp,34.233.92.120,1917,1629263,1141,1455079,776,174184
44:3D:54:BE:12:3C,ALL,tcp,34.234.196.234,344,200617,195,172351,149,28266
44:3D:54:BE:12:3C,ALL,tcp,34.237.111.59,8393,3604722,4822,2397378,3571,1207344
44:3D:54:BE:12:3C,ALL,tcp,34.237.125.195,24,8330,15,1830,9,6500
44:3D:54:BE:12:3C,ALL,tcp,34.237.132.195,1006,644164,594,555564,412,88600
44:3D:54:BE:12:3C,ALL,tcp,34.237.168.2,459,326930,280,284284,179,42646
44:3D:54:BE:12:3C,ALL,tcp,34.237.59.67,317,195863,182,168521,135,27342
44:3D:54:BE:12:3C,ALL,tcp,34.239.217.28,376,229845,231,195719,145,34126
44:3D:54:BE:12:3C,ALL,tcp,35.153.59.65,407,220472,227,190160,180,30312
44:3D:54:BE:12:3C,ALL,tcp,35.155.9.57,35,9056,19,2164,16,6892
44:3D:54:BE:12:3C,ALL,tcp,35.161.96.40,36,9122,21,2296,15,6826
44:3D:54:BE:12:3C,ALL,tcp,35.166.62.210,36,9122,20,2230,16,6892
44:3D:54:BE:12:3C,ALL,tcp,35.168.107.239,3728,2610705,2183,2330683,1545,280022
44:3D:54:BE:12:3C,ALL,tcp,35.168.204.160,253,178934,153,153926,100,25008
44:3D:54:BE:12:3C,ALL,tcp,35.170.106.229,643,437272,387,377412,256,59860
44:3D:54:BE:12:3C,ALL,tcp,35.170.129.4,354,242316,208,208076,146,34240
44:3D:54:BE:12:3C,ALL,tcp,35.171.131.47,680,390536,394,334820,286,55716
44:3D:54:BE:12:3C,ALL,tcp,35.172.38.131,357,222966,216,189092,141,33874
44:3D:54:BE:12:3C,ALL,tcp,35.175.15.29,418,282146,242,245890,176,36256
44:3D:54:BE:12:3C,ALL,tcp,35.175.71.102,12154,1824542,4875,969688,7279,854854
44:3D:54:BE:12:3C,ALL,tcp,44.193.236.65,4564,1826247,2599,1146936,1965,679311
44:3D:54:BE:12:3C,ALL,tcp,44.194.145.88,10,979,5,503,5,476
44:3D:54:BE:12:3C,ALL,tcp,44.198.222.141,370,237177,210,202049,160,35128
44:3D:54:BE:12:3C,ALL,tcp,44.198.224.47,10977,4640956,6271,3070756,4706,1570200
44:3D:54:BE:12:3C,ALL,tcp,44.198.237.39,313,198450,185,165446,128,33004
44:3D:54:BE:12:3C,ALL,tcp,44.199.138.71,7162,2971614,4106,1926540,3056,1045074
44:3D:54:BE:12:3C,ALL,tcp,44.199.52.214,6043,2575994,3459,1716599,2584,859395
44:3D:54:BE:12:3C,ALL,tcp,44.199.80.228,24800,3773440,9770,2069133,15030,1704307
44:3D:54:BE:12:3C,ALL,tcp,44.207.13.168,61,6030,31,3174,30,2856
44:3D:54:BE:12:3C,ALL,tcp,44.210.26.46,490,376898,285,332676,205,44222
44:3D:54:BE:12:3C,ALL,tcp,44.213.182.62,389,262758,219,226970,170,35788
44:3D:54:BE:12:3C,ALL,tcp,44.215.114.101,105,33860,62,10048,43,23812
44:3D:54:BE:12:3C,ALL,tcp,44.215.115.150,89,34624,57,8331,32,26293
44:3D:54:BE:12:3C,ALL,tcp,44.215.115.210,52,15760,30,4044,22,11716
44:3D:54:BE:12:3C,ALL,tcp,44.215.129.169,43,16704,28,3998,15,12706
44:3D:54:BE:12:3C,ALL,tcp,44.215.132.234,26,7880,15,2022,11,5858
44:3D:54:BE:12:3C,ALL,tcp,44.215.133.149,81,23920,46,6156,35,17764
44:3D:54:BE:12:3C,ALL,tcp,44.215.133.95,65,25104,42,5955,23,19149
44:3D:54:BE:12:3C,ALL,tcp,44.215.134.203,55,19318,33,7382,22,11936
44:3D:54:BE:12:3C,ALL,tcp,44.215.139.77,107,35008,63,10114,44,24894
44:3D:54:BE:12:3C,ALL,tcp,44.215.143.151,27,9626,16,3658,11,5968
44:3D:54:BE:12:3C,ALL,tcp,44.215.64.21,289,185643,157,152351,132,33292
44:3D:54:BE:12:3C,ALL,tcp,44.225.45.107,37,9688,22,2468,15,7220
44:3D:54:BE:12:3C,ALL,tcp,44.231.61.240,36,9122,21,2296,15,6826
44:3D:54:BE:12:3C,ALL,tcp,44.240.184.205,106,27246,62,6834,44,20412
44:3D:54:BE:12:3C,ALL,tcp,50.19.211.146,6218,551137,4137,343086,2081,208051
44:3D:54:BE:12:3C,ALL,tcp,50.19.73.171,301,219540,186,193542,115,25998
44:3D:54:BE:12:3C,ALL,tcp,52.0.132.2,1201,761532,730,656778,471,104754
44:3D:54:BE:12:3C,ALL,tcp,52.1.112.15,2875,258683,1893,157945,982,100738
44:3D:54:BE:12:3C,ALL,tcp,52.1.13.168,4098,3024851,2412,2697458,1686,327393
44:3D:54:BE:12:3C,ALL,tcp,52.11.127.249,34,9002,20,2242,14,6760
44:3D:54:BE:12:3C,ALL,tcp,52.119.196.31,27,8211,16,2122,11,6089
44:3D:54:BE:12:3C,ALL,tcp,52.119.198.101,81,24633,48,6366,33,18267
44:3D:54:BE:12:3C,ALL,tcp,52.119.198.106,52,16314,30,4136,22,12178
44:3D:54:BE:12:3C,ALL,tcp,52.119.198.109,104,32628,60,8272,44,24356
44:3D:54:BE:12:3C,ALL,tcp,52.119.198.118,104,32628,61,8326,43,24302
44:3D:54:BE:12:3C,ALL,tcp,52.119.198.186,81,24633,48,6366,33,18267
44:3D:54:BE:12:3C,ALL,tcp,52.119.198.189,161,49212,94,12624,67,36588
44:3D:54:BE:12:3C,ALL,tcp,52.119.198.2,130,40785,77,10448,53,30337
44:3D:54:BE:12:3C,ALL,tcp,52.20.194.35,314,279484,184,246360,130,33124
44:3D:54:BE:12:3C,ALL,tcp,52.20.206.121,5618,2332368,3208,1516479,2410,815889
44:3D:54:BE:12:3C,ALL,tcp,52.20.35.77,737,565031,432,501763,305,63268
44:3D:54:BE:12:3C,ALL,tcp,52.201.102.113,279,173074,173,147670,106,25404
44:3D:54:BE:12:3C,ALL,tcp,52.202.137.76,406,259738,239,218036,167,41702
44:3D:54:BE:12:3C,ALL,tcp,52.202.2.34,6974,2963840,4010,1972673,2964,991167
44:3D:54:BE:12:3C,ALL,tcp,52.203.60.72,30,2937,15,1509,15,1428
44:3D:54:BE:12:3C,ALL,tcp,52.204.162.249,354,280709,207,252575,147,28134
44:3D:54:BE:12:3C,ALL,tcp,52.205.217.56,312,193393,187,166735,125,26658
44:3D:54:BE:12:3C,ALL,tcp,52.205.8.123,526,384879,312,340063,214,44816
44:3D:54:BE:12:3C,ALL,tcp,52.206.63.5,1019,692283,621,610791,398,81492
44:3D:54:BE:12:3C,ALL,tcp,52.21.73.245,407,292374,239,256730,168,35644
44:3D:54:BE:12:3C,ALL,tcp,52.217.139.233,37,14234,22,3394,15,10840
44:3D:54:BE:12:3C,ALL,tcp,52.217.141.65,33,9756,20,2183,13,7573
44:3D:54:BE:12:3C,ALL,tcp,52.217.88.140,30,8342,18,1748,12,6594
44:3D:54:BE:12:3C,ALL,tcp,52.3.52.176,107,89278,62,80172,45,9106
44:3D:54:BE:12:3C,ALL,tcp,52.37.30.201,73,18310,42,4592,31,13718
44:3D:54:BE:12:3C,ALL,tcp,52.44.167.205,769,561521,453,497641,316,63880
44:3D:54:BE:12:3C,ALL,tcp,52.45.81.130,50,4895,25,2515,25,2380
44:3D:54:BE:12:3C,ALL,tcp,52.46.128.145,25,11115,16,2146,9,8969
44:3D:54:BE:12:3C,ALL,tcp,52.46.128.80,22,8116,14,1594,8,6522
44:3D:54:BE:12:3C,ALL,tcp,52.46.128.81,108,32873,64,8488,44,24385
44:3D:54:BE:12:3C,ALL,tcp,52.46.131.168,69,24568,43,4836,26,19732
44:3D:54:BE:12:3C,ALL,tcp,52.46.131.169,107,32790,63,8434,44,24356
44:3D:54:BE:12:3C,ALL,tcp,52.46.131.184,189,57477,112,14854,77,42623
44:3D:54:BE:12:3C,ALL,tcp,52.46.131.209,162,49266,96,12732,66,36534
44:3D:54:BE:12:3C,ALL,tcp,52.46.131.214,43,18231,27,3467,16,14764
44:3D:54:BE:12:3C,ALL,tcp,52.46.137.107,23,8170,14,1594,9,6576
44:3D:54:BE:12:3C,ALL,tcp,52.46.137.255,26,11198,16,2146,10,9052
44:3D:54:BE:12:3C,ALL,tcp,52.46.138.235,24,8253,15,1648,9,6605
44:3D:54:BE:12:3C,ALL,tcp,52.46.141.207,25,11115,16,2146,9,8969
44:3D:54:BE:12:3C,ALL,tcp,52.46.142.117,24,11061,16,2146,8,8915
44:3D:54:BE:12:3C,ALL,tcp,52.46.143.123,54,16422,32,4244,22,12178
44:3D:54:BE:12:3C,ALL,tcp,52.46.144.254,72,28836,45,5610,27,23226
44:3D:54:BE:12:3C,ALL,tcp,52.46.145.14,22,8116,14,1594,8,6522
44:3D:54:BE:12:3C,ALL,tcp,52.46.145.205,44,19069,29,3686,15,15383
44:3D:54:BE:12:3C,ALL,tcp,52.46.146.126,135,41084,80,10610,55,30474
44:3D:54:BE:12:3C,ALL,tcp,52.46.147.136,24,8253,15,1648,9,6605
44:3D:54:BE:12:3C,ALL,tcp,52.46.149.20,131,40839,77,10448,54,30391
44:3D:54:BE:12:3C,ALL,tcp,52.46.149.29,161,49270,95,12678,66,36592
44:3D:54:BE:12:3C,ALL,tcp,52.46.149.57,108,32844,63,8434,45,24410
44:3D:54:BE:12:3C,ALL,tcp,52.46.155.112,81,24662,48,6366,33,18296
44:3D:54:BE:12:3C,ALL,tcp,52.46.158.193,78,24471,46,6258,32,18213
44:3D:54:BE:12:3C,ALL,tcp,52.54.36.84,301,348777,179,331683,122,17094
44:3D:54:BE:12:3C,ALL,tcp,52.54.58.187,360,242724,213,208478,147,34246
44:3D:54:BE:12:3C,ALL,tcp,52.6.74.78,1087,741775,623,642619,464,99156
44:3D:54:BE:12:3C,ALL,tcp,52.7.177.117,2749,2138518,1640,1910321,1109,228197
44:3D:54:BE:12:3C,ALL,tcp,52.7.51.52,5862,510988,3878,319935,1984,191053
44:3D:54:BE:12:3C,ALL,tcp,52.72.103.43,720,475695,430,413391,290,62304
44:3D:54:BE:12:3C,ALL,tcp,52.72.222.201,60,5874,30,3018,30,2856
44:3D:54:BE:12:3C,ALL,tcp,52.72.230.1,1527,1023263,871,893943,656,129320
44:3D:54:BE:12:3C,ALL,tcp,52.73.91.15,741,434141,409,375329,332,58812
44:3D:54:BE:12:3C,ALL,tcp,52.85.138.76,1367,507491,806,109100,561,398391
44:3D:54:BE:12:3C,ALL,tcp,52.85.150.105,143,219809,95,8778,48,211031
44:3D:54:BE:12:3C,ALL,tcp,52.85.150.196,185,232636,129,11870,56,220766
44:3D:54:BE:12:3C,ALL,tcp,52.85.150.204,85,111552,66,5471,19,106081
44:3D:54:BE:12:3C,ALL,tcp,52.85.150.30,274,543523,158,16081,116,527442
44:3D:54:BE:12:3C,ALL,tcp,52.85.61.116,25,8795,14,1946,11,6849
44:3D:54:BE:12:3C,ALL,tcp,52.87.113.159,612,400901,351,352935,261,47966
44:3D:54:BE:12:3C,ALL,tcp,52.94.231.169,162,49266,94,12624,68,36642
44:3D:54:BE:12:3C,ALL,tcp,52.94.233.60,21,8062,14,1594,7,6468
44:3D:54:BE:12:3C,ALL,tcp,52.94.239.41,22,8116,14,1594,8,6522
44:3D:54:BE:12:3C,ALL,tcp,52.94.240.240,213,65555,126,16868,87,48687
44:3D:54:BE:12:3C,ALL,tcp,52.94.241.146,108,32844,63,8434,45,24410
44:3D:54:BE:12:3C,ALL,tcp,52.94.242.236,79,24525,46,6258,33,18267
44:3D:54:BE:12:3C,ALL,tcp,54.145.27.211,416,44546,274,24361,142,20185
44:3D:54:BE:12:3C,ALL,tcp,54.156.53.87,1107,730310,682,640900,425,89410
44:3D:54:BE:12:3C,ALL,tcp,54.157.128.18,311,199856,186,173198,125,26658
44:3D:54:BE:12:3C,ALL,tcp,54.157.203.98,4595,1886083,2627,1206214,1968,679869
44:3D:54:BE:12:3C,ALL,tcp,54.161.161.91,374,225298,198,189078,176,36220
44:3D:54:BE:12:3C,ALL,tcp,54.162.190.244,745,453442,416,394852,329,58590
44:3D:54:BE:12:3C,ALL,tcp,54.164.163.115,12842,5454005,7352,3623456,5490,1830549
44:3D:54:BE:12:3C,ALL,tcp,54.166.21.152,8256,3525150,4723,2336331,3533,1188819
44:3D:54:BE:12:3C,ALL,tcp,54.167.177.211,10762,1777677,4280,1006194,6482,771483
44:3D:54:BE:12:3C,ALL,tcp,54.172.134.242,659,477066,374,415256,285,61810
44:3D:54:BE:12:3C,ALL,tcp,54.173.158.101,352,208882,204,180694,148,28188
44:3D:54:BE:12:3C,ALL,tcp,54.173.30.23,4668,414992,3080,255868,1588,159124
44:3D:54:BE:12:3C,ALL,tcp,54.187.92.102,35,9056,20,2230,15,6826
44:3D:54:BE:12:3C,ALL,tcp,54.196.177.111,334,229218,194,195410,140,33808
44:3D:54:BE:12:3C,ALL,tcp,54.197.158.192,707,482662,397,412842,310,69820
44:3D:54:BE:12:3C,ALL,tcp,54.197.49.58,47,16470,29,3509,18,12961
44:3D:54:BE:12:3C,ALL,tcp,54.205.24.65,8975,3782675,5144,2483633,3831,1299042
44:3D:54:BE:12:3C,ALL,tcp,54.210.193.118,333,204778,200,177580,133,27198
44:3D:54:BE:12:3C,ALL,tcp,54.210.218.16,432,367384,248,324476,184,42908
44:3D:54:BE:12:3C,ALL,tcp,54.210.56.174,301,193953,187,168021,114,25932
44:3D:54:BE:12:3C,ALL,tcp,54.211.181.218,21,8007,12,1546,9,6461
44:3D:54:BE:12:3C,ALL,tcp,54.221.200.137,11208,4782740,6442,3187124,4766,1595616
44:3D:54:BE:12:3C,ALL,tcp,54.224.227.209,1346,933225,780,815780,566,117445
44:3D:54:BE:12:3C,ALL,tcp,54.230.125.126,10,1347,5,517,5,830
44:3D:54:BE:12:3C,ALL,tcp,54.230.139.132,12,1477,6,583,6,894
44:3D:54:BE:12:3C,ALL,tcp,54.230.244.171,20,2694,10,1034,10,1660
44:3D:54:BE:12:3C,ALL,tcp,54.230.244.67,10,1347,5,517,5,830
44:3D:54:BE:12:3C,ALL,tcp,54.230.244.99,10,1347,5,517,5,830
44:3D:54:BE:12:3C,ALL,tcp,54.235.196.32,501,271646,306,234208,195,37438
44:3D:54:BE:12:3C,ALL,tcp,54.236.164.208,519,347034,316,302956,203,44078
44:3D:54:BE:12:3C,ALL,tcp,54.237.184.2,366,228236,228,200720,138,27516
44:3D:54:BE:12:3C,ALL,tcp,54.239.27.82,132,40917,77,10472,55,30445
44:3D:54:BE:12:3C,ALL,tcp,54.239.29.32,46,19177,30,3740,16,15437
44:3D:54:BE:12:3C,ALL,tcp,54.242.128.35,9401,3951595,5398,2593138,4003,1358457
44:3D:54:BE:12:3C,ALL,tcp,54.243.177.4,1236,792916,732,679860,504,113056
44:3D:54:BE:12:3C,ALL,tcp,54.243.58.104,6117,2552862,3502,1665078,2615,887784
44:3D:54:BE:12:3C,ALL,tcp,54.68.57.171,37,9188,21,2296,16,6892
44:3D:54:BE:12:3C,ALL,tcp,54.70.5.180,36,9122,21,2296,15,6826
44:3D:54:BE:12:3C,ALL,tcp,54.80.106.159,1049,756745,626,661199,423,95546
44:3D:54:BE:12:3C,ALL,tcp,54.80.246.0,481,282556,294,245610,187,36946
44:3D:54:BE:12:3C,ALL,tcp,54.83.254.153,312,195814,188,169210,124,26604
44:3D:54:BE:12:3C,ALL,tcp,54.84.118.144,321,199101,188,171891,133,27210
44:3D:54:BE:12:3C,ALL,tcp,54.86.184.230,310,188926,196,162994,114,25932
44:3D:54:BE:12:3C,ALL,tcp,54.89.69.55,592,415310,358,363050,234,52260
44:3D:54:BE:12:3C,ALL,tcp,54.91.103.251,7219,3069790,4165,2029819,3054,1039971
44:3D:54:BE:12:3C,ALL,tcp,54.92.151.136,104,33038,66,24394,38,8644
44:3D:54:BE:12:3C,ALL,tcp,67.220.240.34,47,19260,30,3740,17,15520
44:3D:54:BE:12:3C,ALL,tcp,67.220.240.35,22,8116,14,1594,8,6522
44:3D:54:BE:12:3C,ALL,tcp,67.220.240.92,66,27185,43,5280,23,21905
44:3D:54:BE:12:3C,ALL,tcp,72.21.207.143,105,32682,61,8326,44,24356
44:3D:54:BE:12:3C,ALL,tcp,75.101.214.154,515,297448,293,258111,222,39337
44:3D:54:BE:12:3C,ALL,tcp,99.84.216.152,56,67088,32,3117,24,63971
44:3D:54:BE:12:3C,ALL,tcp,99.84.216.64,75,68437,53,4527,22,63910
44:3D:54:BE:12:3C,ALL,udp,3.214.58.173,2,180,1,90,1,90
44:3D:54:BE:12:3C,ALL,udp,3.234.38.31,2,180,1,90,1,90
44:3D:54:BE:12:3C,ALL,udp,34.236.6.206,2,180,1,90,1,90
44:3D:54:BE:12:3C,ALL,udp,34.239.12.200,2,180,1,90,1,90
44:3D:54:BE:12:3C,ALL,udp,52.203.151.208,6,540,3,270,3,270
44:3D:54:BE:12:3C,ALL,udp,52.45.237.36,2,180,1,90,1,90
44:3D:54:BE:12:3C,ALL,tls,107.22.14.153,585,648753,531,580677,54,68076
44:3D:54:BE:12:3C,ALL,tls,107.22.28.41,173,188191,158,168817,15,19374
44:3D:54:BE:12:3C,ALL,tls,107.22.99.156,347,434097,312,389772,35,44325
44:3D:54:BE:12:3C,ALL,tls,108.138.104.73,12,18409,5,1383,7,17026
44:3D:54:BE:12:3C,ALL,tls,108.138.74.73,6300,5340939,2976,809353,3324,4531586
44:3D:54:BE:12:3C,ALL,tls,108.139.28.74,12,8387,5,1706,7,6681
44:3D:54:BE:12:3C,ALL,tls,108.139.43.67,647,538834,290,84277,357,454557
44:3D:54:BE:12:3C,ALL,tls,108.156.117.73,12,12880,5,1381,7,11499
44:3D:54:BE:12:3C,ALL,tls,108.156.87.76,17,10301,9,1979,8,8322
44:3D:54:BE:12:3C,ALL,tls,13.249.39.10,24,22971,12,3834,12,19137
44:3D:54:BE:12:3C,ALL,tls,13.249.39.25,8,7347,4,968,4,6379
44:3D:54:BE:12:3C,ALL,tls,13.32.207.108,58,91239,25,7185,33,84054
44:3D:54:BE:12:3C,ALL,tls,13.32.207.122,23,37041,10,2880,13,34161
44:3D:54:BE:12:3C,ALL,tls,13.32.207.48,22,36989,10,2875,12,34114
44:3D:54:BE:12:3C,ALL,tls,13.32.207.83,44,73927,20,5747,24,68180
44:3D:54:BE:12:3C,ALL,tls,13.35.91.74,816,655298,389,103240,427,552058
44:3D:54:BE:12:3C,ALL,tls,174.129.165.207,450,636659,440,626997,10,9662
44:3D:54:BE:12:3C,ALL,tls,174.129.99.38,606,712478,556,649021,50,63457
44:3D:54:BE:12:3C,ALL,tls,176.32.101.46,10,9225,6,2832,4,6393
44:3D:54:BE:12:3C,ALL,tls,176.32.98.108,35,28675,22,9250,13,19425
44:3D:54:BE:12:3C,ALL,tls,18.155.255.74,4948,4228916,2305,635623,2643,3593293
44:3D:54:BE:12:3C,ALL,tls,18.160.14.74,210,177027,93,26876,117,150151
44:3D:54:BE:12:3C,ALL,tls,18.160.2.68,9728,78381582,4,888,9724,78380694
44:3D:54:BE:12:3C,ALL,tls,18.160.224.74,25,17688,10,3389,15,14299
44:3D:54:BE:12:3C,ALL,tls,18.160.29.74,78,50970,38,10751,40,40219
44:3D:54:BE:12:3C,ALL,tls,18.160.44.74,1938,1684397,904,247425,1034,1436972
44:3D:54:BE:12:3C,ALL,tls,18.164.106.74,17,10563,9,2253,8,8310
44:3D:54:BE:12:3C,ALL,tls,18.164.115.11,18,77966,5,1382,13,76584
44:3D:54:BE:12:3C,ALL,tls,18.164.121.74,112,71342,56,14946,56,56396
44:3D:54:BE:12:3C,ALL,tls,18.165.90.74,197,139052,98,25942,99,113110
44:3D:54:BE:12:3C,ALL,tls,18.173.129.67,762,635038,355,97370,407,537668
44:3D:54:BE:12:3C,ALL,tls,18.173.130.122,12,18557,5,1434,7,17123
44:3D:54:BE:12:3C,ALL,tls,18.207.54.203,419,542376,379,490712,40,51664
44:3D:54:BE:12:3C,ALL,tls,18.210.212.45,193,223711,173,197879,20,25832
44:3D:54:BE:12:3C,ALL,tls,18.211.16.10,223,243910,203,218078,20,25832
44:3D:54:BE:12:3C,ALL,tls,18.213.161.240,786,962899,716,873935,70,88964
44:3D:54:BE:12:3C,ALL,tls,18.213.189.227,167,188362,153,168729,14,19633
44:3D:54:BE:12:3C,ALL,tls,18.214.180.6,3081,2530915,1873,1679352,1208,851563
44:3D:54:BE:12:3C,ALL,tls,18.232.22.81,195,207461,180,188087,15,19374
44:3D:54:BE:12:3C,ALL,tls,18.235.119.188,119,139643,105,120335,14,19308
44:3D:54:BE:12:3C,ALL,tls,18.235.197.135,397,483274,362,438068,35,45206
44:3D:54:BE:12:3C,ALL,tls,18.238.54.67,18,13212,7,2643,11,10569
44:3D:54:BE:12:3C,ALL,tls,18.67.73.76,4166,3609805,1949,533836,2217,3075969
44:3D:54:BE:12:3C,ALL,tls,184.73.106.63,163,217530,143,193146,20,24384
44:3D:54:BE:12:3C,ALL,tls,209.54.177.117,40,29044,24,6248,16,22796
44:3D:54:BE:12:3C,ALL,tls,209.54.177.153,41,29098,24,6248,17,22850
44:3D:54:BE:12:3C,ALL,tls,209.54.177.154,20,14522,12,3124,8,11398
44:3D:54:BE:12:3C,ALL,tls,209.54.177.157,80,58088,48,12496,32,45592
44:3D:54:BE:12:3C,ALL,tls,209.54.178.134,60,43566,36,9372,24,34194
44:3D:54:BE:12:3C,ALL,tls,209.54.178.164,71,50881,42,10934,29,39947
44:3D:54:BE:12:3C,ALL,tls,209.54.178.166,60,43566,36,9372,24,34194
44:3D:54:BE:12:3C,ALL,tls,209.54.179.224,8,10165,4,1478,4,8687
44:3D:54:BE:12:3C,ALL,tls,209.54.179.225,15,14631,8,2068,7,12563
44:3D:54:BE:12:3C,ALL,tls,209.54.179.226,22,27579,12,3990,10,23589
44:3D:54:BE:12:3C,ALL,tls,209.54.179.227,22,26754,12,3867,10,22887
44:3D:54:BE:12:3C,ALL,tls,209.54.179.230,8,10194,4,1478,4,8716
44:3D:54:BE:12:3C,ALL,tls,209.54.179.231,7,10111,4,1478,3,8633
44:3D:54:BE:12:3C,ALL,tls,209.54.179.232,17,17605,8,2512,9,15093
44:3D:54:BE:12:3C,ALL,tls,209.54.179.88,40,29044,24,6248,16,22796
44:3D:54:BE:12:3C,ALL,tls,209.54.179.93,20,14522,12,3124,8,11398
44:3D:54:BE:12:3C,ALL,tls,209.54.180.2,8,10194,4,1478,4,8716
44:3D:54:BE:12:3C,ALL,tls,209.54.180.25,110,79871,66,17182,44,62689
44:3D:54:BE:12:3C,ALL,tls,209.54.180.27,70,50827,42,10934,28,39893
44:3D:54:BE:12:3C,ALL,tls,209.54.180.44,10,7261,6,1562,4,5699
44:3D:54:BE:12:3C,ALL,tls,209.54.181.4,40,29044,24,6248,16,22796
44:3D:54:BE:12:3C,ALL,tls,209.54.181.98,20,14522,12,3124,8,11398
44:3D:54:BE:12:3C,ALL,tls,209.54.183.178,7,7274,4,1034,3,6240
44:3D:54:BE:12:3C,ALL,tls,209.54.183.179,15,14631,8,2068,7,12563
44:3D:54:BE:12:3C,ALL,tls,209.54.183.185,8,7357,4,1034,4,6323
44:3D:54:BE:12:3C,ALL,tls,209.54.183.194,7,7274,4,1034,3,6240
44:3D:54:BE:12:3C,ALL,tls,23.21.145.114,752,996516,697,926926,55,69590
44:3D:54:BE:12:3C,ALL,tls,23.21.206.89,578,575586,533,517464,45,58122
44:3D:54:BE:12:3C,ALL,tls,3.162.107.67,5072,4429353,2370,647801,2702,3781552
44:3D:54:BE:12:3C,ALL,tls,3.162.122.67,6430,5298457,3018,823110,3412,4475347
44:3D:54:BE:12:3C,ALL,tls,3.162.152.67,17,10632,9,2303,8,8329
44:3D:54:BE:12:3C,ALL,tls,3.162.93.51,17,57428,8,1525,9,55903
44:3D:54:BE:12:3C,ALL,tls,3.208.249.246,326,426442,291,382684,35,43758
44:3D:54:BE:12:3C,ALL,tls,3.209.117.130,174,205896,154,180064,20,25832
44:3D:54:BE:12:3C,ALL,tls,3.212.135.104,372,467223,337,422017,35,45206
44:3D:54:BE:12:3C,ALL,tls,3.212.187.249,46,29195,41,22737,5,6458
44:3D:54:BE:12:3C,ALL,tls,3.215.39.39,512,719438,469,661448,43,57990
44:3D:54:BE:12:3C,ALL,tls,3.216.15.108,225,243853,205,219469,20,24384
44:3D:54:BE:12:3C,ALL,tls,3.216.253.228,489,546324,454,501118,35,45206
44:3D:54:BE:12:3C,ALL,tls,3.217.147.217,11768,2393278,6049,1433979,5719,959299
44:3D:54:BE:12:3C,ALL,tls,3.217.242.198,279,344860,255,312636,24,32224
44:3D:54:BE:12:3C,ALL,tls,3.217.87.82,347,353450,314,308376,33,45074
44:3D:54:BE:12:3C,ALL,tls,3.220.143.138,768,872106,698,782250,70,89856
44:3D:54:BE:12:3C,ALL,tls,3.221.133.8,971,1379088,883,1258587,88,120501
44:3D:54:BE:12:3C,ALL,tls,3.223.143.190,1191,1398884,1098,1276162,93,122722
44:3D:54:BE:12:3C,ALL,tls,3.223.181.245,11648,2251398,5977,1303770,5671,947628
44:3D:54:BE:12:3C,ALL,tls,3.226.110.1,193,227978,174,202212,19,25766
44:3D:54:BE:12:3C,ALL,tls,3.227.30.202,183,183608,168,164234,15,19374
44:3D:54:BE:12:3C,ALL,tls,3.227.83.236,2764,2276793,1648,1495178,1116,781615
44:3D:54:BE:12:3C,ALL,tls,3.228.250.146,920,1249901,835,1139778,85,110123
44:3D:54:BE:12:3C,ALL,tls,3.230.107.109,216,211547,196,185715,20,25832
44:3D:54:BE:12:3C,ALL,tls,3.230.111.127,40,28796,36,22404,4,6392
44:3D:54:BE:12:3C,ALL,tls,3.232.74.135,815,949244,745,858680,70,90564
44:3D:54:BE:12:3C,ALL,tls,3.5.10.117,26,91418,5,1036,21,90382
44:3D:54:BE:12:3C,ALL,tls,34.192.13.52,340,470995,307,425191,33,45804
44:3D:54:BE:12:3C,ALL,tls,34.192.16.177,358,504008,324,458706,34,45302
44:3D:54:BE:12:3C,ALL,tls,34.192.220.80,461,513323,426,468117,35,45206
44:3D:54:BE:12:3C,ALL,tls,34.192.221.115,208,241577,188,215745,20,25832
44:3D:54:BE:12:3C,ALL,tls,34.194.133.227,226,273808,201,241518,25,32290
44:3D:54:BE:12:3C,ALL,tls,34.195.11.125,167,211659,147,187275,20,24384
44:3D:54:BE:12:3C,ALL,tls,34.195.175.66,2994,2422929,1834,1596164,1160,826765
44:3D:54:BE:12:3C,ALL,tls,34.195.75.243,611,748570,556,677532,55,71038
44:3D:54:BE:12:3C,ALL,tls,34.196.11.147,209,244663,189,218831,20,25832
44:3D:54:BE:12:3C,ALL,tls,34.197.162.81,197,186172,182,166798,15,19374
44:3D:54:BE:12:3C,ALL,tls,34.197.2.60,392,489272,353,437674,39,51598
44:3D:54:BE:12:3C,ALL,tls,34.197.224.184,176,201061,161,181687,15,19374
44:3D:54:BE:12:3C,ALL,tls,34.198.118.136,364,470282,329,425076,35,45206
44:3D:54:BE:12:3C,ALL,tls,34.202.142.223,326,436068,297,400282,29,35786
44:3D:54:BE:12:3C,ALL,tls,34.202.218.137,336,418646,306,379330,30,39316
44:3D:54:BE:12:3C,ALL,tls,34.204.112.11,266,361844,241,329554,25,32290
44:3D:54:BE:12:3C,ALL,tls,34.204.131.233,155,181862,140,162488,15,19374
44:3D:54:BE:12:3C,ALL,tls,34.204.243.65,417,510036,377,458372,40,51664
44:3D:54:BE:12:3C,ALL,tls,34.206.214.211,189,214454,169,188622,20,25832
44:3D:54:BE:12:3C,ALL,tls,34.225.229.108,170,261924,155,242550,15,19374
44:3D:54:BE:12:3C,ALL,tls,34.227.237.177,189,208663,169,182831,20,25832
44:3D:54:BE:12:3C,ALL,tls,34.231.189.116,521,717792,481,665885,40,51907
44:3D:54:BE:12:3C,ALL,tls,34.232.197.232,235,258344,217,232644,18,25700
44:3D:54:BE:12:3C,ALL,tls,34.233.130.158,213,229345,193,203513,20,25832
44:3D:54:BE:12:3C,ALL,tls,34.233.92.120,1053,1560239,955,1433955,98,126284
44:3D:54:BE:12:3C,ALL,tls,34.234.196.234,183,189919,168,170545,15,19374
44:3D:54:BE:12:3C,ALL,tls,34.237.111.59,3928,3305476,2435,2238152,1493,1067324
44:3D:54:BE:12:3C,ALL,tls,34.237.125.195,9,7324,4,1096,5,6228
44:3D:54:BE:12:3C,ALL,tls,34.237.132.195,555,614190,505,549610,50,64580
44:3D:54:BE:12:3C,ALL,tls,34.237.168.2,260,313716,235,281274,25,32442
44:3D:54:BE:12:3C,ALL,tls,34.237.59.67,170,186089,155,166715,15,19374
44:3D:54:BE:12:3C,ALL,tls,34.239.217.28,215,219143,195,193311,20,25832
44:3D:54:BE:12:3C,ALL,tls,35.153.59.65,215,207728,200,188354,15,19374
44:3D:54:BE:12:3C,ALL,tls,35.155.9.57,14,6242,4,1202,10,5040
44:3D:54:BE:12:3C,ALL,tls,35.161.96.40,14,7690,4,1202,10,6488
44:3D:54:BE:12:3C,ALL,tls,35.166.62.210,14,6242,4,1202,10,5040
44:3D:54:BE:12:3C,ALL,tls,35.168.107.239,2063,2494427,1918,2307145,145,187282
44:3D:54:BE:12:3C,ALL,tls,35.168.204.160,141,171494,126,152120,15,19374
44:3D:54:BE:12:3C,ALL,tls,35.170.106.229,360,418470,325,373264,35,45206
44:3D:54:BE:12:3C,ALL,tls,35.170.129.4,192,231500,172,205668,20,25832
44:3D:54:BE:12:3C,ALL,tls,35.171.131.47,370,368508,340,329760,30,38748
44:3D:54:BE:12:3C,ALL,tls,35.172.38.131,199,212450,179,186618,20,25832
44:3D:54:BE:12:3C,ALL,tls,35.175.15.29,226,269314,206,243482,20,25832
44:3D:54:BE:12:3C,ALL,tls,35.175.71.102,7232,1383946,3707,776712,3525,607234
44:3D:54:BE:12:3C,ALL,tls,44.193.236.65,2097,1661057,1245,1056556,852,604501
44:3D:54:BE:12:3C,ALL,tls,44.198.222.141,194,225473,175,199707,19,25766
44:3D:54:BE:12:3C,ALL,tls,44.198.224.47,5121,4248728,3154,2862678,1967,1386050
44:3D:54:BE:12:3C,ALL,tls,44.198.237.39,170,188936,150,163104,20,25832
44:3D:54:BE:12:3C,ALL,tls,44.199.138.71,3298,2712478,2007,1786238,1291,926240
44:3D:54:BE:12:3C,ALL,tls,44.199.52.214,2806,2358992,1751,1602695,1055,756297
44:3D:54:BE:12:3C,ALL,tls,44.199.80.228,14848,2808420,7607,1617643,7241,1190777
44:3D:54:BE:12:3C,ALL,tls,44.210.26.46,264,361890,239,329600,25,32290
44:3D:54:BE:12:3C,ALL,tls,44.213.182.62,203,250394,183,224562,20,25832
44:3D:54:BE:12:3C,ALL,tls,44.215.114.101,44,29770,24,7508,20,22262
44:3D:54:BE:12:3C,ALL,tls,44.215.115.150,33,30864,16,5593,17,25271
44:3D:54:BE:12:3C,ALL,tls,44.215.115.210,20,13616,10,2708,10,10908
44:3D:54:BE:12:3C,ALL,tls,44.215.129.169,16,14890,8,2662,8,12228
44:3D:54:BE:12:3C,ALL,tls,44.215.132.234,10,6808,5,1354,5,5454
44:3D:54:BE:12:3C,ALL,tls,44.215.133.149,32,20614,15,4062,17,16552
44:3D:54:BE:12:3C,ALL,tls,44.215.133.95,24,22350,12,3951,12,18399
44:3D:54:BE:12:3C,ALL,tls,44.215.134.203,22,17108,12,5980,10,11128
44:3D:54:BE:12:3C,ALL,tls,44.215.139.77,45,30852,24,7508,21,23344
44:3D:54:BE:12:3C,ALL,tls,44.215.143.151,11,8554,6,2990,5,5564
44:3D:54:BE:12:3C,ALL,tls,44.215.64.21,140,175685,120,149853,20,25832
44:3D:54:BE:12:3C,ALL,tls,44.225.45.107,16,8286,6,1404,10,6882
44:3D:54:BE:12:3C,ALL,tls,44.231.61.240,14,7690,4,1202,10,6488
44:3D:54:BE:12:3C,ALL,tls,44.240.184.205,42,23070,12,3606,30,19464
44:3D:54:BE:12:3C,ALL,tls,50.19.211.146,4132,413445,2066,206392,2066,207053
44:3D:54:BE:12:3C,ALL,tls,50.19.73.171,174,211110,159,191736,15,19374
44:3D:54:BE:12:3C,ALL,tls,52.0.132.2,682,727050,622,649554,60,77496
44:3D:54:BE:12:3C,ALL,tls,52.1.112.15,1888,193537,944,95315,944,98222
44:3D:54:BE:12:3C,ALL,tls,52.1.13.168,2269,2899065,2094,2674730,175,224335
44:3D:54:BE:12:3C,ALL,tls,52.11.127.249,14,7690,4,1202,10,6488
44:3D:54:BE:12:3C,ALL,tls,52.119.196.31,10,7261,6,1562,4,5699
44:3D:54:BE:12:3C,ALL,tls,52.119.198.101,30,21783,18,4686,12,17097
44:3D:54:BE:12:3C,ALL,tls,52.119.198.106,20,14522,12,3124,8,11398
44:3D:54:BE:12:3C,ALL,tls,52.119.198.109,40,29044,24,6248,16,22796
44:3D:54:BE:12:3C,ALL,tls,52.119.198.118,41,29098,24,6248,17,22850
44:3D:54:BE:12:3C,ALL,tls,52.119.198.186,30,21783,18,4686,12,17097
44:3D:54:BE:12:3C,ALL,tls,52.119.198.189,61,43620,36,9372,25,34248
44:3D:54:BE:12:3C,ALL,tls,52.119.198.2,50,36305,30,7810,20,28495
44:3D:54:BE:12:3C,ALL,tls,52.20.194.35,166,266756,146,240924,20,25832
44:3D:54:BE:12:3C,ALL,tls,52.20.206.121,2619,2131062,1593,1408617,1026,722445
44:3D:54:BE:12:3C,ALL,tls,52.20.35.77,404,541469,369,496101,35,45368
44:3D:54:BE:12:3C,ALL,tls,52.201.102.113,161,165238,146,145864,15,19374
44:3D:54:BE:12:3C,ALL,tls,52.202.137.76,217,247184,192,214894,25,32290
44:3D:54:BE:12:3C,ALL,tls,52.202.2.34,3256,2713288,2029,1840627,1227,872661
44:3D:54:BE:12:3C,ALL,tls,52.204.162.249,195,270143,181,250835,14,19308
44:3D:54:BE:12:3C,ALL,tls,52.205.217.56,175,184303,160,164929,15,19374
44:3D:54:BE:12:3C,ALL,tls,52.205.8.123,291,367829,266,335539,25,32290
44:3D:54:BE:12:3C,ALL,tls,52.206.63.5,585,662047,540,605373,45,56674
44:3D:54:BE:12:3C,ALL,tls,52.21.73.245,223,280154,203,254322,20,25832
44:3D:54:BE:12:3C,ALL,tls,52.217.139.233,14,12960,4,2402,10,10558
44:3D:54:BE:12:3C,ALL,tls,52.217.141.65,13,8644,4,1299,9,7345
44:3D:54:BE:12:3C,ALL,tls,52.217.88.140,14,7446,5,1026,9,6420
44:3D:54:BE:12:3C,ALL,tls,52.3.52.176,58,86028,53,79570,5,6458
44:3D:54:BE:12:3C,ALL,tls,52.37.30.201,28,13932,8,2404,20,11528
44:3D:54:BE:12:3C,ALL,tls,52.44.167.205,426,538699,391,493493,35,45206
44:3D:54:BE:12:3C,ALL,tls,52.46.128.145,8,10165,4,1478,4,8687
44:3D:54:BE:12:3C,ALL,tls,52.46.128.80,7,7274,4,1034,3,6240
44:3D:54:BE:12:3C,ALL,tls,52.46.128.81,41,29127,24,6248,17,22879
44:3D:54:BE:12:3C,ALL,tls,52.46.131.168,23,21988,12,3102,11,18886
44:3D:54:BE:12:3C,ALL,tls,52.46.131.169,40,29044,24,6248,16,22796
44:3D:54:BE:12:3C,ALL,tls,52.46.131.184,70,50827,42,10934,28,39893
44:3D:54:BE:12:3C,ALL,tls,52.46.131.209,60,43566,36,9372,24,34194
44:3D:54:BE:12:3C,ALL,tls,52.46.131.214,14,16589,8,2389,6,14200
44:3D:54:BE:12:3C,ALL,tls,52.46.137.107,8,7328,4,1034,4,6294
44:3D:54:BE:12:3C,ALL,tls,52.46.137.255,9,10248,4,1478,5,8770
44:3D:54:BE:12:3C,ALL,tls,52.46.138.235,8,7357,4,1034,4,6323
44:3D:54:BE:12:3C,ALL,tls,52.46.141.207,8,10165,4,1478,4,8687
44:3D:54:BE:12:3C,ALL,tls,52.46.142.117,7,10111,4,1478,3,8633
44:3D:54:BE:12:3C,ALL,tls,52.46.143.123,20,14522,12,3124,8,11398
44:3D:54:BE:12:3C,ALL,tls,52.46.144.254,24,26124,12,3744,12,22380
44:3D:54:BE:12:3C,ALL,tls,52.46.145.14,7,7274,4,1034,3,6240
44:3D:54:BE:12:3C,ALL,tls,52.46.145.205,14,17385,8,2512,6,14873
44:3D:54:BE:12:3C,ALL,tls,52.46.146.126,51,36388,30,7810,21,28578
44:3D:54:BE:12:3C,ALL,tls,52.46.147.136,8,7357,4,1034,4,6323
44:3D:54:BE:12:3C,ALL,tls,52.46.149.20,50,36305,30,7810,20,28495
44:3D:54:BE:12:3C,ALL,tls,52.46.149.29,61,43678,35,9318,26,34360
44:3D:54:BE:12:3C,ALL,tls,52.46.149.57,41,29098,24,6248,17,22850
44:3D:54:BE:12:3C,ALL,tls,52.46.155.112,31,21866,18,4686,13,17180
44:3D:54:BE:12:3C,ALL,tls,52.46.158.193,30,21783,18,4686,12,17097
44:3D:54:BE:12:3C,ALL,tls,52.54.36.84,171,340141,161,330479,10,9662
44:3D:54:BE:12:3C,ALL,tls,52.54.58.187,196,231836,176,206004,20,25832
44:3D:54:BE:12:3C,ALL,tls,52.6.74.78,579,707927,525,636063,54,71864
44:3D:54:BE:12:3C,ALL,tls,52.7.177.117,1527,2037050,1403,1874207,124,162843
44:3D:54:BE:12:3C,ALL,tls,52.7.51.52,3878,380044,1939,191961,1939,188083
44:3D:54:BE:12:3C,ALL,tls,52.72.103.43,402,454535,368,409243,34,45292
44:3D:54:BE:12:3C,ALL,tls,52.72.230.1,811,974215,741,885251,70,88964
44:3D:54:BE:12:3C,ALL,tls,52.73.91.15,386,410507,356,371759,30,38748
44:3D:54:BE:12:3C,ALL,tls,52.85.138.76,555,441719,261,72770,294,368949
44:3D:54:BE:12:3C,ALL,tls,52.85.150.105,36,157059,10,2884,26,154175
44:3D:54:BE:12:3C,ALL,tls,52.85.150.196,49,192196,15,4322,34,187874
44:3D:54:BE:12:3C,ALL,tls,52.85.150.204,17,95624,5,1437,12,94187
44:3D:54:BE:12:3C,ALL,tls,52.85.150.30,91,426213,25,7191,66,419022
44:3D:54:BE:12:3C,ALL,tls,52.85.61.116,8,7657,4,1278,4,6379
44:3D:54:BE:12:3C,ALL,tls,52.87.113.159,331,382215,306,349925,25,32290
44:3D:54:BE:12:3C,ALL,tls,52.94.231.169,62,43674,36,9372,26,34302
44:3D:54:BE:12:3C,ALL,tls,52.94.233.60,7,7274,4,1034,3,6240
44:3D:54:BE:12:3C,ALL,tls,52.94.239.41,7,7274,4,1034,3,6240
44:3D:54:BE:12:3C,ALL,tls,52.94.240.240,81,58171,48,12496,33,45675
44:3D:54:BE:12:3C,ALL,tls,52.94.241.146,41,29098,24,6248,17,22850
44:3D:54:BE:12:3C,ALL,tls,52.94.242.236,30,21783,18,4686,12,17097
44:3D:54:BE:12:3C,ALL,tls,54.145.27.211,268,34774,134,15125,134,19649
44:3D:54:BE:12:3C,ALL,tls,54.156.53.87,642,699460,592,634880,50,64580
44:3D:54:BE:12:3C,ALL,tls,54.157.128.18,174,190766,159,171392,15,19374
44:3D:54:BE:12:3C,ALL,tls,54.157.203.98,2123,1719927,1274,1115624,849,604303
44:3D:54:BE:12:3C,ALL,tls,54.161.161.91,182,212502,162,186670,20,25832
44:3D:54:BE:12:3C,ALL,tls,54.162.190.244,392,427092,362,389792,30,37300
44:3D:54:BE:12:3C,ALL,tls,54.164.163.115,5999,4995267,3721,3381094,2278,1614173
44:3D:54:BE:12:3C,ALL,tls,54.166.21.152,3856,3230042,2373,2179347,1483,1050695
44:3D:54:BE:12:3C,ALL,tls,54.167.177.211,6418,1327525,3294,777426,3124,550099
44:3D:54:BE:12:3C,ALL,tls,54.172.134.242,346,454800,311,411042,35,43758
44:3D:54:BE:12:3C,ALL,tls,54.173.158.101,192,198262,177,178888,15,19374
44:3D:54:BE:12:3C,ALL,tls,54.173.30.23,3074,309760,1537,154022,1537,155738
44:3D:54:BE:12:3C,ALL,tls,54.187.92.102,14,7690,4,1202,10,6488
44:3D:54:BE:12:3C,ALL,tls,54.196.177.111,178,218834,158,193002,20,25832
44:3D:54:BE:12:3C,ALL,tls,54.197.158.192,364,459764,326,408080,38,51684
44:3D:54:BE:12:3C,ALL,tls,54.197.49.58,17,14458,7,2041,10,12417
44:3D:54:BE:12:3C,ALL,tls,54.205.24.65,4193,3462283,2558,2311065,1635,1151218
44:3D:54:BE:12:3C,ALL,tls,54.210.193.118,189,195214,174,175840,15,19374
44:3D:54:BE:12:3C,ALL,tls,54.210.218.16,228,352308,203,320018,25,32290
44:3D:54:BE:12:3C,ALL,tls,54.210.56.174,174,185523,161,166281,13,19242
44:3D:54:BE:12:3C,ALL,tls,54.211.181.218,8,7133,3,944,5,6189
44:3D:54:BE:12:3C,ALL,tls,54.221.200.137,5270,4384940,3293,2976938,1977,1408002
44:3D:54:BE:12:3C,ALL,tls,54.224.227.209,725,887447,660,803412,65,84035
44:3D:54:BE:12:3C,ALL,tls,54.235.196.32,289,257566,270,231800,19,25766
44:3D:54:BE:12:3C,ALL,tls,54.236.164.208,296,332236,271,299946,25,32290
44:3D:54:BE:12:3C,ALL,tls,54.237.184.2,215,218222,200,198848,15,19374
44:3D:54:BE:12:3C,ALL,tls,54.239.27.82,50,36305,30,7810,20,28495
44:3D:54:BE:12:3C,ALL,tls,54.239.29.32,15,17439,8,2512,7,14927
44:3D:54:BE:12:3C,ALL,tls,54.242.128.35,4395,3616095,2702,2413142,1693,1202953
44:3D:54:BE:12:3C,ALL,tls,54.243.177.4,681,756042,616,672088,65,83954
44:3D:54:BE:12:3C,ALL,tls,54.243.58.104,2854,2334208,1734,1547006,1120,787202
44:3D:54:BE:12:3C,ALL,tls,54.68.57.171,14,6242,4,1202,10,5040
44:3D:54:BE:12:3C,ALL,tls,54.70.5.180,14,7690,4,1202,10,6488
44:3D:54:BE:12:3C,ALL,tls,54.80.106.159,575,719349,522,648443,53,70906
44:3D:54:BE:12:3C,ALL,tls,54.80.246.0,278,269034,258,243202,20,25832
44:3D:54:BE:12:3C,ALL,tls,54.83.254.153,174,186646,160,167338,14,19308
44:3D:54:BE:12:3C,ALL,tls,54.84.118.144,176,189459,161,170085,15,19374
44:3D:54:BE:12:3C,ALL,tls,54.86.184.230,184,180562,169,161188,15,19374
44:3D:54:BE:12:3C,ALL,tls,54.89.69.55,332,396582,302,357834,30,38748
44:3D:54:BE:12:3C,ALL,tls,54.91.103.251,3378,2811804,2105,1892075,1273,919729
44:3D:54:BE:12:3C,ALL,tls,54.92.151.136,62,30250,57,23792,5,6458
44:3D:54:BE:12:3C,ALL,tls,67.220.240.34,15,17468,8,2512,7,14956
44:3D:54:BE:12:3C,ALL,tls,67.220.240.35,7,7274,4,1034,3,6240
44:3D:54:BE:12:3C,ALL,tls,67.220.240.92,22,24713,12,3546,10,21167
44:3D:54:BE:12:3C,ALL,tls,72.21.207.143,41,29098,24,6248,17,22850
44:3D:54:BE:12:3C,ALL,tls,75.101.214.154,278,281682,258,255769,20,25913
44:3D:54:BE:12:3C,ALL,tls,99.84.216.152,17,50218,8,1525,9,48693
44:3D:54:BE:12:3C,ALL,tls,99.84.216.64,19,53277,8,1525,11,51752
44:3D:54:BE:12:3C,ALL,http,108.138.125.14,48,8256,24,5880,24,2376
44:3D:54:BE:12:3C,ALL,http,108.138.125.193,38,6536,19,4655,19,1881
44:3D:54:BE:12:3C,ALL,http,108.138.125.194,66,11352,33,8085,33,3267
44:3D:54:BE:12:3C,ALL,http,108.138.125.198,62,10664,31,7595,31,3069
44:3D:54:BE:12:3C,ALL,http,108.138.61.102,4,688,2,490,2,198
44:3D:54:BE:12:3C,ALL,http,108.138.61.34,10,1720,5,1225,5,495
44:3D:54:BE:12:3C,ALL,http,108.138.61.8,4,688,2,490,2,198
44:3D:54:BE:12:3C,ALL,http,108.138.82.203,2,344,1,245,1,99
44:3D:54:BE:12:3C,ALL,http,108.138.82.54,6,1032,3,735,3,297
44:3D:54:BE:12:3C,ALL,http,108.138.82.9,8,1376,4,980,4,396
44:3D:54:BE:12:3C,ALL,http,108.139.46.212,2,344,1,245,1,99
44:3D:54:BE:12:3C,ALL,http,13.225.189.40,2,344,1,245,1,99
44:3D:54:BE:12:3C,ALL,http,13.225.189.62,2,344,1,245,1,99
44:3D:54:BE:12:3C,ALL,http,13.225.66.127,28,4816,14,3430,14,1386
44:3D:54:BE:12:3C,ALL,http,13.225.66.162,48,8256,24,5880,24,2376
44:3D:54:BE:12:3C,ALL,http,13.225.66.219,24,4128,12,2940,12,1188
44:3D:54:BE:12:3C,ALL,http,13.225.66.84,46,7912,23,5635,23,2277
44:3D:54:BE:12:3C,ALL,http,13.226.36.71,2,344,1,245,1,99
44:3D:54:BE:12:3C,ALL,http,174.129.198.40,12,2610,6,1386,6,1224
44:3D:54:BE:12:3C,ALL,http,18.154.230.100,496,85312,248,60760,248,24552
44:3D:54:BE:12:3C,ALL,http,18.154.230.133,528,90816,264,64680,264,26136
44:3D:54:BE:12:3C,ALL,http,18.154.230.19,520,89440,260,63700,260,25740
44:3D:54:BE:12:3C,ALL,http,18.154.230.60,538,92536,269,65905,269,26631
44:3D:54:BE:12:3C,ALL,http,18.160.45.108,6,1032,3,735,3,297
44:3D:54:BE:12:3C,ALL,http,18.160.45.16,14,2408,7,1715,7,693
44:3D:54:BE:12:3C,ALL,http,18.160.45.164,8,1376,4,980,4,396
44:3D:54:BE:12:3C,ALL,http,18.160.45.68,16,2752,8,1960,8,792
44:3D:54:BE:12:3C,ALL,http,18.164.115.101,2,344,1,245,1,99
44:3D:54:BE:12:3C,ALL,http,18.164.115.37,2,344,1,245,1,99
44:3D:54:BE:12:3C,ALL,http,18.164.131.162,6,1032,3,735,3,297
44:3D:54:BE:12:3C,ALL,http,18.164.131.179,10,1720,5,1225,5,495
44:3D:54:BE:12:3C,ALL,http,18.164.131.217,2,344,1,245,1,99
44:3D:54:BE:12:3C,ALL,http,18.164.131.9,6,1032,3,735,3,297
44:3D:54:BE:12:3C,ALL,http,18.238.59.198,2,344,1,245,1,99
44:3D:54:BE:12:3C,ALL,http,18.238.59.69,4,688,2,490,2,198
44:3D:54:BE:12:3C,ALL,http,3.162.130.150,346,59512,173,42385,173,17127
44:3D:54:BE:12:3C,ALL,http,3.162.130.154,352,60544,176,43120,176,17424
44:3D:54:BE:12:3C,ALL,http,3.162.130.209,326,56072,163,39935,163,16137
44:3D:54:BE:12:3C,ALL,http,3.162.130.91,332,57104,166,40670,166,16434
44:3D:54:BE:12:3C,ALL,http,3.162.159.115,4,688,2,490,2,198
44:3D:54:BE:12:3C,ALL,http,3.162.159.2,2,344,1,245,1,99
44:3D:54:BE:12:3C,ALL,http,3.162.93.101,18,3096,9,2205,9,891
44:3D:54:BE:12:3C,ALL,http,3.162.93.102,26,4472,13,3185,13,1287
44:3D:54:BE:12:3C,ALL,http,3.162.93.159,20,3440,10,2450,10,990
44:3D:54:BE:12:3C,ALL,http,3.162.93.201,26,4472,13,3185,13,1287
44:3D:54:BE:12:3C,ALL,http,3.210.237.141,6,1305,3,693,3,612
44:3D:54:BE:12:3C,ALL,http,3.218.84.31,6,1305,3,693,3,612
44:3D:54:BE:12:3C,ALL,http,3.224.206.139,6,1305,3,693,3,612
44:3D:54:BE:12:3C,ALL,http,3.230.12.86,2,525,1,321,1,204
44:3D:54:BE:12:3C,ALL,http,3.94.156.137,10,2265,5,1245,5,1020
44:3D:54:BE:12:3C,ALL,http,34.201.186.142,6,1305,3,693,3,612
44:3D:54:BE:12:3C,ALL,http,34.202.15.246,32,6960,16,3696,16,3264
44:3D:54:BE:12:3C,ALL,http,44.194.145.88,2,435,1,231,1,204
44:3D:54:BE:12:3C,ALL,http,44.207.13.168,12,2700,6,1476,6,1224
44:3D:54:BE:12:3C,ALL,http,52.203.60.72,6,1305,3,693,3,612
44:3D:54:BE:12:3C,ALL,http,52.45.81.130,10,2175,5,1155,5,1020
44:3D:54:BE:12:3C,ALL,http,52.72.222.201,12,2610,6,1386,6,1224
44:3D:54:BE:12:3C,ALL,http,54.230.125.126,2,344,1,245,1,99
44:3D:54:BE:12:3C,ALL,http,54.230.139.132,2,344,1,245,1,99
44:3D:54:BE:12:3C,ALL,http,54.230.244.171,4,688,2,490,2,198
44:3D:54:BE:12:3C,ALL,http,54.230.244.67,2,344,1,245,1,99
44:3D:54:BE:12:3C,ALL,http,54.230.244.99,2,344,1,245,1,99
44:3D:54:BE:12:3C,ALL,ntp,3.214.58.173,2,180,1,90,1,90
44:3D:54:BE:12:3C,ALL,ntp,3.234.38.31,2,180,1,90,1,90
44:3D:54:BE:12:3C,ALL,ntp,34.236.6.206,2,180,1,90,1,90
44:3D:54:BE:12:3C,ALL,ntp,34.239.12.200,2,180,1,90,1,90
44:3D:54:BE:12:3C,ALL,ntp,52.203.151.208,6,540,3,270,3,270
44:3D:54:BE:12:3C,ALL,ntp,52.45.237.36,2,180,1,90,1,90
44:3D:54:BE:12:3C,ALL,tcp:57868,18.160.2.68*,23154,103632938,6913,475174,16241,103157764
44:3D:54:BE:12:3C,ALL,tcp:57868,192.168.1.109*,23154,103632938,16241,103157764,6913,475174
44:3D:54:BE:12:3C,ALL,https,107.22.14.153,1064,684959,629,588681,435,96278
44:3D:54:BE:12:3C,ALL,https,107.22.28.41,305,196951,184,170557,121,26394
44:3D:54:BE:12:3C,ALL,https,107.22.99.156,645,455361,374,393920,271,61441
44:3D:54:BE:12:3C,ALL,https,108.138.104.73,36,24293,23,2579,13,21714
44:3D:54:BE:12:3C,ALL,https,108.138.74.73,15588,6008747,9260,1228961,6328,4779786
44:3D:54:BE:12:3C,ALL,https,108.139.28.74,30,9603,18,2584,12,7019
44:3D:54:BE:12:3C,ALL,https,108.139.43.67,1629,634442,972,129705,657,504737
44:3D:54:BE:12:3C,ALL,https,108.156.117.73,37,23114,23,2577,14,20537
44:3D:54:BE:12:3C,ALL,https,108.156.87.76,39,11769,22,2845,17,8924
44:3D:54:BE:12:3C,ALL,https,13.249.39.10,71,26121,41,5772,30,20349
44:3D:54:BE:12:3C,ALL,https,13.249.39.25,24,8419,14,1636,10,6783
44:3D:54:BE:12:3C,ALL,https,13.32.207.108,165,99809,111,12901,54,86908
44:3D:54:BE:12:3C,ALL,https,13.32.207.122,63,39713,43,5074,20,34639
44:3D:54:BE:12:3C,ALL,https,13.32.207.48,64,39793,44,5135,20,34658
44:3D:54:BE:12:3C,ALL,https,13.32.207.83,128,79535,88,10267,40,69268
44:3D:54:BE:12:3C,ALL,https,13.35.91.74,1991,742488,1169,155244,822,587244
44:3D:54:BE:12:3C,ALL,https,174.129.165.207,732,656787,460,629781,272,27006
44:3D:54:BE:12:3C,ALL,https,174.129.99.38,1135,749108,647,655131,488,93977
44:3D:54:BE:12:3C,ALL,https,176.32.101.46,26,10121,15,3338,11,6783
44:3D:54:BE:12:3C,ALL,https,176.32.98.108,84,31417,51,10876,33,20541
44:3D:54:BE:12:3C,ALL,https,18.155.255.74,12304,4802660,7287,968083,5017,3834577
44:3D:54:BE:12:3C,ALL,https,18.160.14.74,522,202199,305,41052,217,161147
44:3D:54:BE:12:3C,ALL,https,18.160.2.68,23154,103632938,6913,475174,16241,103157764
44:3D:54:BE:12:3C,ALL,https,18.160.224.74,62,20186,37,5211,25,14975
44:3D:54:BE:12:3C,ALL,https,18.160.29.74,183,58004,106,15279,77,42725
44:3D:54:BE:12:3C,ALL,https,18.160.44.74,4790,1880985,2856,377657,1934,1503328
44:3D:54:BE:12:3C,ALL,https,18.164.106.74,37,11899,22,3119,15,8780
44:3D:54:BE:12:3C,ALL,https,18.164.115.11,48,106978,26,2536,22,104442
44:3D:54:BE:12:3C,ALL,https,18.164.121.74,261,81336,149,21152,112,60184
44:3D:54:BE:12:3C,ALL,https,18.165.90.74,471,158856,272,37542,199,121314
44:3D:54:BE:12:3C,ALL,https,18.173.129.67,1899,735432,1123,148626,776,586806
44:3D:54:BE:12:3C,ALL,https,18.173.130.122,34,20025,23,2630,11,17395
44:3D:54:BE:12:3C,ALL,https,18.207.54.203,798,567638,451,495528,347,72110
44:3D:54:BE:12:3C,ALL,https,18.210.212.45,343,233675,209,200287,134,33388
44:3D:54:BE:12:3C,ALL,https,18.211.16.10,417,256814,239,220486,178,36328
44:3D:54:BE:12:3C,ALL,https,18.213.161.240,1443,1010877,844,885391,599,125486
44:3D:54:BE:12:3C,ALL,https,18.213.189.227,295,196858,179,170469,116,26389
44:3D:54:BE:12:3C,ALL,https,18.214.180.6,6626,2768645,3811,1808612,2815,960033
44:3D:54:BE:12:3C,ALL,https,18.232.22.81,336,216815,208,189959,128,26856
44:3D:54:BE:12:3C,ALL,https,18.235.119.188,224,146621,132,122141,92,24480
44:3D:54:BE:12:3C,ALL,https,18.235.197.135,741,506150,426,442372,315,63778
44:3D:54:BE:12:3C,ALL,https,18.238.54.67,43,14878,26,3905,17,10973
44:3D:54:BE:12:3C,ALL,https,18.67.73.76,10345,4047871,6120,812130,4225,3235741
44:3D:54:BE:12:3C,ALL,https,184.73.106.63,337,230586,179,195554,158,35032
44:3D:54:BE:12:3C,ALL,https,209.54.177.117,104,32628,62,8380,42,24248
44:3D:54:BE:12:3C,ALL,https,209.54.177.153,103,32574,60,8272,43,24302
44:3D:54:BE:12:3C,ALL,https,209.54.177.154,54,16422,32,4244,22,12178
44:3D:54:BE:12:3C,ALL,https,209.54.177.157,213,65526,126,16868,87,48658
44:3D:54:BE:12:3C,ALL,https,209.54.178.134,157,48996,93,12570,64,36426
44:3D:54:BE:12:3C,ALL,https,209.54.178.164,187,57369,110,14746,77,42623
44:3D:54:BE:12:3C,ALL,https,209.54.178.166,159,49104,93,12570,66,36534
44:3D:54:BE:12:3C,ALL,https,209.54.179.224,24,11061,16,2146,8,8915
44:3D:54:BE:12:3C,ALL,https,209.54.179.225,46,16369,29,3242,17,13127
44:3D:54:BE:12:3C,ALL,https,209.54.179.226,71,30321,47,5940,24,24381
44:3D:54:BE:12:3C,ALL,https,209.54.179.227,69,29388,45,5709,24,23679
44:3D:54:BE:12:3C,ALL,https,209.54.179.230,24,11090,16,2146,8,8944
44:3D:54:BE:12:3C,ALL,https,209.54.179.231,22,10953,15,2092,7,8861
44:3D:54:BE:12:3C,ALL,https,209.54.179.232,48,19343,30,3740,18,15603
44:3D:54:BE:12:3C,ALL,https,209.54.179.88,107,32790,63,8434,44,24356
44:3D:54:BE:12:3C,ALL,https,209.54.179.93,53,16368,31,4190,22,12178
44:3D:54:BE:12:3C,ALL,https,209.54.180.2,25,11144,16,2146,9,8998
44:3D:54:BE:12:3C,ALL,https,209.54.180.25,288,89835,169,22964,119,66871
44:3D:54:BE:12:3C,ALL,https,209.54.180.27,189,57477,112,14854,77,42623
44:3D:54:BE:12:3C,ALL,https,209.54.180.44,27,8211,16,2122,11,6089
44:3D:54:BE:12:3C,ALL,https,209.54.181.4,106,32736,62,8380,44,24356
44:3D:54:BE:12:3C,ALL,https,209.54.181.98,54,16422,32,4244,22,12178
44:3D:54:BE:12:3C,ALL,https,209.54.183.178,22,8116,14,1594,8,6522
44:3D:54:BE:12:3C,ALL,https,209.54.183.179,45,16315,29,3242,16,13073
44:3D:54:BE:12:3C,ALL,https,209.54.183.185,24,8253,15,1648,9,6605
44:3D:54:BE:12:3C,ALL,https,209.54.183.194,20,8008,13,1540,7,6468
44:3D:54:BE:12:3C,ALL,https,23.21.145.114,1363,1039986,796,934996,567,104990
44:3D:54:BE:12:3C,ALL,https,23.21.206.89,1022,606506,615,524396,407,82110
44:3D:54:BE:12:3C,ALL,https,3.162.107.67,12600,4978529,7506,990237,5094,3988292
44:3D:54:BE:12:3C,ALL,https,3.162.122.67,15928,6020405,9361,1246640,6567,4773765
44:3D:54:BE:12:3C,ALL,https,3.162.152.67,40,12166,22,3169,18,8997
44:3D:54:BE:12:3C,ALL,https,3.162.93.51,67,67884,48,4173,19,63711
44:3D:54:BE:12:3C,ALL,https,3.208.249.246,643,451892,356,389926,287,61966
44:3D:54:BE:12:3C,ALL,https,3.209.117.130,336,216688,189,182430,147,34258
44:3D:54:BE:12:3C,ALL,https,3.212.135.104,729,490993,399,426165,330,64828
44:3D:54:BE:12:3C,ALL,https,3.212.187.249,80,31455,50,23339,30,8116
44:3D:54:BE:12:3C,ALL,https,3.215.39.39,998,751874,550,666866,448,85008
44:3D:54:BE:12:3C,ALL,https,3.216.15.108,406,257347,240,221835,166,35512
44:3D:54:BE:12:3C,ALL,https,3.216.253.228,885,572596,517,505332,368,67264
44:3D:54:BE:12:3C,ALL,https,3.217.147.217,19549,3168576,7654,1802165,11895,1366411
44:3D:54:BE:12:3C,ALL,https,3.217.242.198,525,361296,302,315790,223,45506
44:3D:54:BE:12:3C,ALL,https,3.217.87.82,621,371670,378,312668,243,59002
44:3D:54:BE:12:3C,ALL,https,3.220.143.138,1363,914532,821,791940,542,122592
44:3D:54:BE:12:3C,ALL,https,3.221.133.8,1861,1438360,1045,1269419,816,168941
44:3D:54:BE:12:3C,ALL,https,3.223.143.190,2109,1459860,1268,1287534,841,172326
44:3D:54:BE:12:3C,ALL,https,3.223.181.245,19592,2992774,7848,1644620,11744,1348154
44:3D:54:BE:12:3C,ALL,https,3.226.110.1,370,241232,211,206158,159,35074
44:3D:54:BE:12:3C,ALL,https,3.227.30.202,341,194120,195,166040,146,28080
44:3D:54:BE:12:3C,ALL,https,3.227.83.236,6000,2493993,3413,1613256,2587,880737
44:3D:54:BE:12:3C,ALL,https,3.228.250.146,1701,1304699,987,1151418,714,153281
44:3D:54:BE:12:3C,ALL,https,3.230.107.109,385,222801,231,188081,154,34720
44:3D:54:BE:12:3C,ALL,https,3.230.111.127,70,30792,45,23006,25,7786
44:3D:54:BE:12:3C,ALL,https,3.232.74.135,1458,992002,870,867042,588,124960
44:3D:54:BE:12:3C,ALL,https,3.5.10.117,147,180816,100,7314,47,173502
44:3D:54:BE:12:3C,ALL,https,34.192.13.52,634,492019,369,430799,265,61220
44:3D:54:BE:12:3C,ALL,https,34.192.16.177,666,525932,388,464434,278,61498
44:3D:54:BE:12:3C,ALL,https,34.192.220.80,803,536091,488,472289,315,63802
44:3D:54:BE:12:3C,ALL,https,34.192.221.115,391,253767,224,218153,167,35614
44:3D:54:BE:12:3C,ALL,https,34.194.133.227,416,286452,245,244462,171,41990
44:3D:54:BE:12:3C,ALL,https,34.195.11.125,326,223749,183,189683,143,34066
44:3D:54:BE:12:3C,ALL,https,34.195.175.66,6405,2652005,3662,1718252,2743,933753
44:3D:54:BE:12:3C,ALL,https,34.195.75.243,1178,787700,655,685614,523,102086
44:3D:54:BE:12:3C,ALL,https,34.196.11.147,381,256103,224,221185,157,34918
44:3D:54:BE:12:3C,ALL,https,34.197.162.81,354,196594,209,168604,145,27990
44:3D:54:BE:12:3C,ALL,https,34.197.2.60,719,511042,424,442424,295,68618
44:3D:54:BE:12:3C,ALL,https,34.197.224.184,308,209821,188,183493,120,26328
44:3D:54:BE:12:3C,ALL,https,34.198.118.136,669,492008,393,430804,276,61204
44:3D:54:BE:12:3C,ALL,https,34.202.142.223,588,456364,349,403762,239,52602
44:3D:54:BE:12:3C,ALL,https,34.202.218.137,610,436850,359,382876,251,53974
44:3D:54:BE:12:3C,ALL,https,34.204.112.11,497,378642,286,334012,211,44630
44:3D:54:BE:12:3C,ALL,https,34.204.131.233,275,189830,166,164228,109,25602
44:3D:54:BE:12:3C,ALL,https,34.204.243.65,755,535392,451,466216,304,69176
44:3D:54:BE:12:3C,ALL,https,34.206.214.211,365,226158,206,191096,159,35062
44:3D:54:BE:12:3C,ALL,https,34.225.229.108,306,272412,186,246076,120,26336
44:3D:54:BE:12:3C,ALL,https,34.227.237.177,353,219563,205,185239,148,34324
44:3D:54:BE:12:3C,ALL,https,34.231.189.116,946,746006,554,670767,392,75239
44:3D:54:BE:12:3C,ALL,https,34.232.197.232,413,270168,252,234986,161,35182
44:3D:54:BE:12:3C,ALL,https,34.233.130.158,399,241757,229,205921,170,35836
44:3D:54:BE:12:3C,ALL,https,34.233.92.120,1917,1629263,1141,1455079,776,174184
44:3D:54:BE:12:3C,ALL,https,34.234.196.234,344,200617,195,172351,149,28266
44:3D:54:BE:12:3C,ALL,https,34.237.111.59,8393,3604722,4822,2397378,3571,1207344
44:3D:54:BE:12:3C,ALL,https,34.237.125.195,24,8330,15,1830,9,6500
44:3D:54:BE:12:3C,ALL,https,34.237.132.195,1006,644164,594,555564,412,88600
44:3D:54:BE:12:3C,ALL,https,34.237.168.2,459,326930,280,284284,179,42646
44:3D:54:BE:12:3C,ALL,https,34.237.59.67,317,195863,182,168521,135,27342
44:3D:54:BE:12:3C,ALL,https,34.239.217.28,376,229845,231,195719,145,34126
44:3D:54:BE:12:3C,ALL,https,35.153.59.65,407,220472,227,190160,180,30312
44:3D:54:BE:12:3C,ALL,https,35.155.9.57,35,9056,19,2164,16,6892
44:3D:54:BE:12:3C,ALL,https,35.161.96.40,36,9122,21,2296,15,6826
44:3D:54:BE:12:3C,ALL,https,35.166.62.210,36,9122,20,2230,16,6892
44:3D:54:BE:12:3C,ALL,https,35.168.107.239,3728,2610705,2183,2330683,1545,280022
44:3D:54:BE:12:3C,ALL,https,35.168.204.160,253,178934,153,153926,100,25008
44:3D:54:BE:12:3C,ALL,https,35.170.106.229,643,437272,387,377412,256,59860
44:3D:54:BE:12:3C,ALL,https,35.170.129.4,354,242316,208,208076,146,34240
44:3D:54:BE:12:3C,ALL,https,35.171.131.47,680,390536,394,334820,286,55716
44:3D:54:BE:12:3C,ALL,https,35.172.38.131,357,222966,216,189092,141,33874
44:3D:54:BE:12:3C,ALL,https,35.175.15.29,418,282146,242,245890,176,36256
44:3D:54:BE:12:3C,ALL,https,35.175.71.102,12154,1824542,4875,969688,7279,854854
44:3D:54:BE:12:3C,ALL,https,44.193.236.65,4564,1826247,2599,1146936,1965,679311
44:3D:54:BE:12:3C,ALL,https,44.198.222.141,370,237177,210,202049,160,35128
44:3D:54:BE:12:3C,ALL,https,44.198.224.47,10977,4640956,6271,3070756,4706,1570200
44:3D:54:BE:12:3C,ALL,https,44.198.237.39,313,198450,185,165446,128,33004
44:3D:54:BE:12:3C,ALL,https,44.199.138.71,7162,2971614,4106,1926540,3056,1045074
44:3D:54:BE:12:3C,ALL,https,44.199.52.214,6043,2575994,3459,1716599,2584,859395
44:3D:54:BE:12:3C,ALL,https,44.199.80.228,24800,3773440,9770,2069133,15030,1704307
44:3D:54:BE:12:3C,ALL,https,44.210.26.46,490,376898,285,332676,205,44222
44:3D:54:BE:12:3C,ALL,https,44.213.182.62,389,262758,219,226970,170,35788
44:3D:54:BE:12:3C,ALL,https,44.215.114.101,105,33860,62,10048,43,23812
44:3D:54:BE:12:3C,ALL,https,44.215.115.150,89,34624,57,8331,32,26293
44:3D:54:BE:12:3C,ALL,https,44.215.115.210,52,15760,30,4044,22,11716
44:3D:54:BE:12:3C,ALL,https,44.215.129.169,43,16704,28,3998,15,12706
44:3D:54:BE:12:3C,ALL,https,44.215.132.234,26,7880,15,2022,11,5858
44:3D:54:BE:12:3C,ALL,https,44.215.133.149,81,23920,46,6156,35,17764
44:3D:54:BE:12:3C,ALL,https,44.215.133.95,65,25104,42,5955,23,19149
44:3D:54:BE:12:3C,ALL,https,44.215.134.203,55,19318,33,7382,22,11936
44:3D:54:BE:12:3C,ALL,https,44.215.139.77,107,35008,63,10114,44,24894
44:3D:54:BE:12:3C,ALL,https,44.215.143.151,27,9626,16,3658,11,5968
44:3D:54:BE:12:3C,ALL,https,44.215.64.21,289,185643,157,152351,132,33292
44:3D:54:BE:12:3C,ALL,https,44.225.45.107,37,9688,22,2468,15,7220
44:3D:54:BE:12:3C,ALL,https,44.231.61.240,36,9122,21,2296,15,6826
44:3D:54:BE:12:3C,ALL,https,44.240.184.205,106,27246,62,6834,44,20412
44:3D:54:BE:12:3C,ALL,https,50.19.211.146,6218,551137,4137,343086,2081,208051
44:3D:54:BE:12:3C,ALL,https,50.19.73.171,301,219540,186,193542,115,25998
44:3D:54:BE:12:3C,ALL,https,52.0.132.2,1201,761532,730,656778,471,104754
44:3D:54:BE:12:3C,ALL,https,52.1.112.15,2875,258683,1893,157945,982,100738
44:3D:54:BE:12:3C,ALL,https,52.1.13.168,4098,3024851,2412,2697458,1686,327393
44:3D:54:BE:12:3C,ALL,https,52.11.127.249,34,9002,20,2242,14,6760
44:3D:54:BE:12:3C,ALL,https,52.119.196.31,27,8211,16,2122,11,6089
44:3D:54:BE:12:3C,ALL,https,52.119.198.101,81,24633,48,6366,33,18267
44:3D:54:BE:12:3C,ALL,https,52.119.198.106,52,16314,30,4136,22,12178
44:3D:54:BE:12:3C,ALL,https,52.119.198.109,104,32628,60,8272,44,24356
44:3D:54:BE:12:3C,ALL,https,52.119.198.118,104,32628,61,8326,43,24302
44:3D:54:BE:12:3C,ALL,https,52.119.198.186,81,24633,48,6366,33,18267
44:3D:54:BE:12:3C,ALL,https,52.119.198.189,161,49212,94,12624,67,36588
44:3D:54:BE:12:3C,ALL,https,52.119.198.2,130,40785,77,10448,53,30337
44:3D:54:BE:12:3C,ALL,https,52.20.194.35,314,279484,184,246360,130,33124
44:3D:54:BE:12:3C,ALL,https,52.20.206.121,5618,2332368,3208,1516479,2410,815889
44:3D:54:BE:12:3C,ALL,https,52.20.35.77,737,565031,432,501763,305,63268
44:3D:54:BE:12:3C,ALL,https,52.201.102.113,279,173074,173,147670,106,25404
44:3D:54:BE:12:3C,ALL,https,52.202.137.76,406,259738,239,218036,167,41702
44:3D:54:BE:12:3C,ALL,https,52.202.2.34,6974,2963840,4010,1972673,2964,991167
44:3D:54:BE:12:3C,ALL,https,52.204.162.249,354,280709,207,252575,147,28134
44:3D:54:BE:12:3C,ALL,https,52.205.217.56,312,193393,187,166735,125,26658
44:3D:54:BE:12:3C,ALL,https,52.205.8.123,526,384879,312,340063,214,44816
44:3D:54:BE:12:3C,ALL,https,52.206.63.5,1019,692283,621,610791,398,81492
44:3D:54:BE:12:3C,ALL,https,52.21.73.245,407,292374,239,256730,168,35644
44:3D:54:BE:12:3C,ALL,https,52.217.139.233,37,14234,22,3394,15,10840
44:3D:54:BE:12:3C,ALL,https,52.217.141.65,33,9756,20,2183,13,7573
44:3D:54:BE:12:3C,ALL,https,52.217.88.140,30,8342,18,1748,12,6594
44:3D:54:BE:12:3C,ALL,https,52.3.52.176,107,89278,62,80172,45,9106
44:3D:54:BE:12:3C,ALL,https,52.37.30.201,73,18310,42,4592,31,13718
44:3D:54:BE:12:3C,ALL,https,52.44.167.205,769,561521,453,497641,316,63880
44:3D:54:BE:12:3C,ALL,https,52.46.128.145,25,11115,16,2146,9,8969
44:3D:54:BE:12:3C,ALL,https,52.46.128.80,22,8116,14,1594,8,6522
44:3D:54:BE:12:3C,ALL,https,52.46.128.81,108,32873,64,8488,44,24385
44:3D:54:BE:12:3C,ALL,https,52.46.131.168,69,24568,43,4836,26,19732
44:3D:54:BE:12:3C,ALL,https,52.46.131.169,107,32790,63,8434,44,24356
44:3D:54:BE:12:3C,ALL,https,52.46.131.184,189,57477,112,14854,77,42623
44:3D:54:BE:12:3C,ALL,https,52.46.131.209,162,49266,96,12732,66,36534
44:3D:54:BE:12:3C,ALL,https,52.46.131.214,43,18231,27,3467,16,14764
44:3D:54:BE:12:3C,ALL,https,52.46.137.107,23,8170,14,1594,9,6576
44:3D:54:BE:12:3C,ALL,https,52.46.137.255,26,11198,16,2146,10,9052
44:3D:54:BE:12:3C,ALL,https,52.46.138.235,24,8253,15,1648,9,6605
44:3D:54:BE:12:3C,ALL,https,52.46.141.207,25,11115,16,2146,9,8969
44:3D:54:BE:12:3C,ALL,https,52.46.142.117,24,11061,16,2146,8,8915
44:3D:54:BE:12:3C,ALL,https,52.46.143.123,54,16422,32,4244,22,12178
44:3D:54:BE:12:3C,ALL,https,52.46.144.254,72,28836,45,5610,27,23226
44:3D:54:BE:12:3C,ALL,https,52.46.145.14,22,8116,14,1594,8,6522
44:3D:54:BE:12:3C,ALL,https,52.46.145.205,44,19069,29,3686,15,15383
44:3D:54:BE:12:3C,ALL,https,52.46.146.126,135,41084,80,10610,55,30474
44:3D:54:BE:12:3C,ALL,https,52.46.147.136,24,8253,15,1648,9,6605
44:3D:54:BE:12:3C,ALL,https,52.46.149.20,131,40839,77,10448,54,30391
44:3D:54:BE:12:3C,ALL,https,52.46.149.29,161,49270,95,12678,66,36592
44:3D:54:BE:12:3C,ALL,https,52.46.149.57,108,32844,63,8434,45,24410
44:3D:54:BE:12:3C,ALL,https,52.46.155.112,81,24662,48,6366,33,18296
44:3D:54:BE:12:3C,ALL,https,52.46.158.193,78,24471,46,6258,32,18213
44:3D:54:BE:12:3C,ALL,https,52.54.36.84,301,348777,179,331683,122,17094
44:3D:54:BE:12:3C,ALL,https,52.54.58.187,360,242724,213,208478,147,34246
44:3D:54:BE:12:3C,ALL,https,52.6.74.78,1087,741775,623,642619,464,99156
44:3D:54:BE:12:3C,ALL,https,52.7.177.117,2749,2138518,1640,1910321,1109,228197
44:3D:54:BE:12:3C,ALL,https,52.7.51.52,5862,510988,3878,319935,1984,191053
44:3D:54:BE:12:3C,ALL,https,52.72.103.43,720,475695,430,413391,290,62304
44:3D:54:BE:12:3C,ALL,https,52.72.230.1,1527,1023263,871,893943,656,129320
44:3D:54:BE:12:3C,ALL,https,52.73.91.15,741,434141,409,375329,332,58812
44:3D:54:BE:12:3C,ALL,https,52.85.138.76,1367,507491,806,109100,561,398391
44:3D:54:BE:12:3C,ALL,https,52.85.150.105,143,219809,95,8778,48,211031
44:3D:54:BE:12:3C,ALL,https,52.85.150.196,185,232636,129,11870,56,220766
44:3D:54:BE:12:3C,ALL,https,52.85.150.204,85,111552,66,5471,19,106081
44:3D:54:BE:12:3C,ALL,https,52.85.150.30,274,543523,158,16081,116,527442
44:3D:54:BE:12:3C,ALL,https,52.85.61.116,25,8795,14,1946,11,6849
44:3D:54:BE:12:3C,ALL,https,52.87.113.159,612,400901,351,352935,261,47966
44:3D:54:BE:12:3C,ALL,https,52.94.231.169,162,49266,94,12624,68,36642
44:3D:54:BE:12:3C,ALL,https,52.94.233.60,21,8062,14,1594,7,6468
44:3D:54:BE:12:3C,ALL,https,52.94.239.41,22,8116,14,1594,8,6522
44:3D:54:BE:12:3C,ALL,https,52.94.240.240,213,65555,126,16868,87,48687
44:3D:54:BE:12:3C,ALL,https,52.94.241.146,108,32844,63,8434,45,24410
44:3D:54:BE:12:3C,ALL,https,52.94.242.236,79,24525,46,6258,33,18267
44:3D:54:BE:12:3C,ALL,https,54.145.27.211,416,44546,274,24361,142,20185
44:3D:54:BE:12:3C,ALL,https,54.156.53.87,1107,730310,682,640900,425,89410
44:3D:54:BE:12:3C,ALL,https,54.157.128.18,311,199856,186,173198,125,26658
44:3D:54:BE:12:3C,ALL,https,54.157.203.98,4595,1886083,2627,1206214,1968,679869
44:3D:54:BE:12:3C,ALL,https,54.161.161.91,374,225298,198,189078,176,36220
44:3D:54:BE:12:3C,ALL,https,54.162.190.244,745,453442,416,394852,329,58590
44:3D:54:BE:12:3C,ALL,https,54.164.163.115,12842,5454005,7352,3623456,5490,1830549
44:3D:54:BE:12:3C,ALL,https,54.166.21.152,8256,3525150,4723,2336331,3533,1188819
44:3D:54:BE:12:3C,ALL,https,54.167.177.211,10762,1777677,4280,1006194,6482,771483
44:3D:54:BE:12:3C,ALL,https,54.172.134.242,659,477066,374,415256,285,61810
44:3D:54:BE:12:3C,ALL,https,54.173.158.101,352,208882,204,180694,148,28188
44:3D:54:BE:12:3C,ALL,https,54.173.30.23,4668,414992,3080,255868,1588,159124
44:3D:54:BE:12:3C,ALL,https,54.187.92.102,35,9056,20,2230,15,6826
44:3D:54:BE:12:3C,ALL,https,54.196.177.111,334,229218,194,195410,140,33808
44:3D:54:BE:12:3C,ALL,https,54.197.158.192,707,482662,397,412842,310,69820
44:3D:54:BE:12:3C,ALL,https,54.197.49.58,47,16470,29,3509,18,12961
44:3D:54:BE:12:3C,ALL,https,54.205.24.65,8975,3782675,5144,2483633,3831,1299042
44:3D:54:BE:12:3C,ALL,https,54.210.193.118,333,204778,200,177580,133,27198
44:3D:54:BE:12:3C,ALL,https,54.210.218.16,432,367384,248,324476,184,42908
44:3D:54:BE:12:3C,ALL,https,54.210.56.174,301,193953,187,168021,114,25932
44:3D:54:BE:12:3C,ALL,https,54.211.181.218,21,8007,12,1546,9,6461
44:3D:54:BE:12:3C,ALL,https,54.221.200.137,11208,4782740,6442,3187124,4766,1595616
44:3D:54:BE:12:3C,ALL,https,54.224.227.209,1346,933225,780,815780,566,117445
44:3D:54:BE:12:3C,ALL,https,54.235.196.32,501,271646,306,234208,195,37438
44:3D:54:BE:12:3C,ALL,https,54.236.164.208,519,347034,316,302956,203,44078
44:3D:54:BE:12:3C,ALL,https,54.237.184.2,366,228236,228,200720,138,27516
44:3D:54:BE:12:3C,ALL,https,54.239.27.82,132,40917,77,10472,55,30445
44:3D:54:BE:12:3C,ALL,https,54.239.29.32,46,19177,30,3740,16,15437
44:3D:54:BE:12:3C,ALL,https,54.242.128.35,9401,3951595,5398,2593138,4003,1358457
44:3D:54:BE:12:3C,ALL,https,54.243.177.4,1236,792916,732,679860,504,113056
44:3D:54:BE:12:3C,ALL,https,54.243.58.104,6117,2552862,3502,1665078,2615,887784
44:3D:54:BE:12:3C,ALL,https,54.68.57.171,37,9188,21,2296,16,6892
44:3D:54:BE:12:3C,ALL,https,54.70.5.180,36,9122,21,2296,15,6826
44:3D:54:BE:12:3C,ALL,https,54.80.106.159,1049,756745,626,661199,423,95546
44:3D:54:BE:12:3C,ALL,https,54.80.246.0,481,282556,294,245610,187,36946
44:3D:54:BE:12:3C,ALL,https,54.83.254.153,312,195814,188,169210,124,26604
44:3D:54:BE:12:3C,ALL,https,54.84.118.144,321,199101,188,171891,133,27210
44:3D:54:BE:12:3C,ALL,https,54.86.184.230,310,188926,196,162994,114,25932
44:3D:54:BE:12:3C,ALL,https,54.89.69.55,592,415310,358,363050,234,52260
44:3D:54:BE:12:3C,ALL,https,54.91.103.251,7219,3069790,4165,2029819,3054,1039971
44:3D:54:BE:12:3C,ALL,https,54.92.151.136,104,33038,66,24394,38,8644
44:3D:54:BE:12:3C,ALL,https,67.220.240.34,47,19260,30,3740,17,15520
44:3D:54:BE:12:3C,ALL,https,67.220.240.35,22,8116,14,1594,8,6522
44:3D:54:BE:12:3C,ALL,https,67.220.240.92,66,27185,43,5280,23,21905
44:3D:54:BE:12:3C,ALL,https,72.21.207.143,105,32682,61,8326,44,24356
44:3D:54:BE:12:3C,ALL,https,75.101.214.154,515,297448,293,258111,222,39337
44:3D:54:BE:12:3C,ALL,https,99.84.216.152,56,67088,32,3117,24,63971
44:3D:54:BE:12:3C,ALL,https,99.84.216.64,75,68437,53,4527,22,63910
44:3D:54:BE:12:3C,ALL,tcp:56018,192.168.1.109*,1639,216278,972,105220,667,111058
44:3D:54:BE:12:3C,ALL,tcp:56018,3.217.147.217*,1639,216278,667,111058,972,105220
44:3D:54:BE:12:3C,ALL,tcp:37952,108.138.74.73*,5,369,3,198,2,171
44:3D:54:BE:12:3C,ALL,tcp:37952,192.168.1.109*,5,369,2,171,3,198
