MAC,WAN/LAN,Protocol,IP,TotalPackets,TotalBytes,TxPackets,TxBytes,RxPackets,RxBytes
40:A2:DB:2C:8A:68,ALL,ip,100.21.0.103,980,265317,530,67459,450,197858
40:A2:DB:2C:8A:68,ALL,ip,100.26.14.217,132,99033,76,86700,56,12333
40:A2:DB:2C:8A:68,ALL,ip,107.23.108.62,111,84675,67,72608,44,12067
40:A2:DB:2C:8A:68,ALL,ip,107.23.153.61,106,83481,64,71546,42,11935
40:A2:DB:2C:8A:68,ALL,ip,108.138.179.76,126,41403,63,8318,63,33085
40:A2:DB:2C:8A:68,ALL,ip,108.138.181.195,136,28712,68,11897,68,16815
40:A2:DB:2C:8A:68,ALL,ip,108.156.57.75,69,25363,33,5713,36,19650
40:A2:DB:2C:8A:68,ALL,ip,108.157.19.49,24,8675,13,1750,11,6925
40:A2:DB:2C:8A:68,ALL,ip,13.224.68.3,10,2115,6,578,4,1537
40:A2:DB:2C:8A:68,ALL,ip,13.225.233.147,81,18807,41,6914,40,11893
40:A2:DB:2C:8A:68,ALL,ip,13.225.235.83,164,53772,86,10787,78,42985
40:A2:DB:2C:8A:68,ALL,ip,13.249.9.114,35,9319,19,2017,16,7302
40:A2:DB:2C:8A:68,ALL,ip,13.249.9.70,67,18339,35,3805,32,14534
40:A2:DB:2C:8A:68,ALL,ip,13.32.158.17,161,287351,94,7035,67,280316
40:A2:DB:2C:8A:68,ALL,ip,13.32.158.66,335,549172,230,17951,105,531221
40:A2:DB:2C:8A:68,ALL,ip,146.75.73.16,2110,2190518,1353,111991,757,2078527
40:A2:DB:2C:8A:68,ALL,ip,176.32.101.46,76,43060,44,22594,32,20466
40:A2:DB:2C:8A:68,ALL,ip,176.32.98.108,60,34887,35,20362,25,14525
40:A2:DB:2C:8A:68,ALL,ip,18.155.120.74,9574,3295708,4853,639042,4721,2656666
40:A2:DB:2C:8A:68,ALL,ip,18.155.122.209,655,825154,453,40234,202,784920
40:A2:DB:2C:8A:68,ALL,ip,18.155.130.184,82,24550,42,6870,40,17680
40:A2:DB:2C:8A:68,ALL,ip,18.161.103.75,63,22644,32,4145,31,18499
40:A2:DB:2C:8A:68,ALL,ip,18.161.234.211,30,9167,15,2001,15,7166
40:A2:DB:2C:8A:68,ALL,ip,18.161.88.75,93,31885,45,5998,48,25887
40:A2:DB:2C:8A:68,ALL,ip,18.165.180.74,31,10682,16,2145,15,8537
40:A2:DB:2C:8A:68,ALL,ip,18.172.207.74,31,10624,15,2013,16,8611
40:A2:DB:2C:8A:68,ALL,ip,18.172.210.181,59,15384,29,4859,30,10525
40:A2:DB:2C:8A:68,ALL,ip,18.203.57.224,20333,14911590,9408,4255169,10925,10656421
40:A2:DB:2C:8A:68,ALL,ip,18.205.100.7,266,170683,158,139644,108,31039
40:A2:DB:2C:8A:68,ALL,ip,18.205.164.137,371,36585,185,19166,186,17419
40:A2:DB:2C:8A:68,ALL,ip,18.205.231.10,140,13818,70,7252,70,6566
40:A2:DB:2C:8A:68,ALL,ip,18.205.85.213,116,85499,67,73054,49,12445
40:A2:DB:2C:8A:68,ALL,ip,18.208.88.131,111,79836,63,67972,48,11864
40:A2:DB:2C:8A:68,ALL,ip,18.211.103.112,116,75549,68,63756,48,11793
40:A2:DB:2C:8A:68,ALL,ip,18.214.139.29,200,19740,100,10360,100,9380
40:A2:DB:2C:8A:68,ALL,ip,18.214.77.14,104,73386,59,62270,45,11116
40:A2:DB:2C:8A:68,ALL,ip,18.223.183.157,10,987,5,518,5,469
40:A2:DB:2C:8A:68,ALL,ip,18.233.46.225,1323,1210728,880,1167951,443,42777
40:A2:DB:2C:8A:68,ALL,ip,18.234.8.50,58,23534,36,13088,22,10446
40:A2:DB:2C:8A:68,ALL,ip,18.235.193.42,130,12831,65,6734,65,6097
40:A2:DB:2C:8A:68,ALL,ip,18.239.32.55,45,12237,23,3597,22,8640
40:A2:DB:2C:8A:68,ALL,ip,18.239.38.68,21,8156,11,1297,10,6859
40:A2:DB:2C:8A:68,ALL,ip,18.239.50.119,10,2116,6,578,4,1538
40:A2:DB:2C:8A:68,ALL,ip,18.239.83.38,10,2127,6,589,4,1538
40:A2:DB:2C:8A:68,ALL,ip,18.244.28.13,10,2116,6,578,4,1538
40:A2:DB:2C:8A:68,ALL,ip,18.244.28.32,10,2116,6,578,4,1538
40:A2:DB:2C:8A:68,ALL,ip,18.244.28.93,10,2116,6,578,4,1538
40:A2:DB:2C:8A:68,ALL,ip,18.244.31.175,129,153007,89,7830,40,145177
40:A2:DB:2C:8A:68,ALL,ip,18.244.38.168,4752,10240962,2827,252765,1925,9988197
40:A2:DB:2C:8A:68,ALL,ip,18.244.38.192,4469,7631130,3008,248226,1461,7382904
40:A2:DB:2C:8A:68,ALL,ip,18.244.38.214,627,1414085,322,23310,305,1390775
40:A2:DB:2C:8A:68,ALL,ip,18.244.38.32,1115,3106872,437,48430,678,3058442
40:A2:DB:2C:8A:68,ALL,ip,18.244.38.8,2178,4102382,1351,119300,827,3983082
40:A2:DB:2C:8A:68,ALL,ip,18.244.38.90,559,1409610,252,18702,307,1390908
40:A2:DB:2C:8A:68,ALL,ip,18.66.164.76,1050,366373,525,70203,525,296170
40:A2:DB:2C:8A:68,ALL,ip,18.66.165.150,868,200615,444,75066,424,125549
40:A2:DB:2C:8A:68,ALL,ip,18.66.171.34,10,2127,6,589,4,1538
40:A2:DB:2C:8A:68,ALL,ip,18.66.212.125,22,8222,12,1363,10,6859
40:A2:DB:2C:8A:68,ALL,ip,184.73.130.219,183,61799,97,35423,86,26376
40:A2:DB:2C:8A:68,ALL,ip,209.54.177.114,17,7809,10,2004,7,5805
40:A2:DB:2C:8A:68,ALL,ip,209.54.177.117,18,7863,10,2004,8,5859
40:A2:DB:2C:8A:68,ALL,ip,209.54.177.132,58,32681,35,9699,23,22982
40:A2:DB:2C:8A:68,ALL,ip,209.54.177.153,34,15618,20,4008,14,11610
40:A2:DB:2C:8A:68,ALL,ip,209.54.177.154,17,7809,10,2004,7,5805
40:A2:DB:2C:8A:68,ALL,ip,209.54.177.157,18,7863,10,2004,8,5859
40:A2:DB:2C:8A:68,ALL,ip,209.54.177.222,18,10822,11,3197,7,7625
40:A2:DB:2C:8A:68,ALL,ip,209.54.177.232,20,10930,11,3197,9,7733
40:A2:DB:2C:8A:68,ALL,ip,209.54.178.134,34,15586,20,3976,14,11610
40:A2:DB:2C:8A:68,ALL,ip,209.54.178.164,33,15564,20,4008,13,11556
40:A2:DB:2C:8A:68,ALL,ip,209.54.178.166,36,15755,20,4008,16,11747
40:A2:DB:2C:8A:68,ALL,ip,209.54.179.88,52,23481,30,6012,22,17469
40:A2:DB:2C:8A:68,ALL,ip,209.54.180.131,40,21889,24,6502,16,15387
40:A2:DB:2C:8A:68,ALL,ip,209.54.180.25,34,15618,20,4008,14,11610
40:A2:DB:2C:8A:68,ALL,ip,209.54.180.27,119,56556,70,19862,49,36694
40:A2:DB:2C:8A:68,ALL,ip,209.54.180.44,34,15618,20,4008,14,11610
40:A2:DB:2C:8A:68,ALL,ip,209.54.181.4,53,27385,30,12983,23,14402
40:A2:DB:2C:8A:68,ALL,ip,209.54.181.78,41,21942,22,6394,19,15548
40:A2:DB:2C:8A:68,ALL,ip,209.54.181.86,18,10822,11,3197,7,7625
40:A2:DB:2C:8A:68,ALL,ip,209.54.181.97,57,32628,35,9699,22,22929
40:A2:DB:2C:8A:68,ALL,ip,209.54.181.98,51,23427,30,6012,21,17415
40:A2:DB:2C:8A:68,ALL,ip,209.54.183.177,21,10930,13,1984,8,8946
40:A2:DB:2C:8A:68,ALL,ip,23.20.115.129,115,78910,70,67303,45,11607
40:A2:DB:2C:8A:68,ALL,ip,23.20.118.44,156,118483,96,105898,60,12585
40:A2:DB:2C:8A:68,ALL,ip,23.20.243.43,116,87121,68,75328,48,11793
40:A2:DB:2C:8A:68,ALL,ip,23.200.86.234,561,796919,384,30695,177,766224
40:A2:DB:2C:8A:68,ALL,ip,23.22.199.21,110,79742,64,68081,46,11661
40:A2:DB:2C:8A:68,ALL,ip,23.22.68.51,113,90185,69,78106,44,12079
40:A2:DB:2C:8A:68,ALL,ip,3.141.203.230,10,987,5,518,5,469
40:A2:DB:2C:8A:68,ALL,ip,3.160.177.67,92,30298,47,6102,45,24196
40:A2:DB:2C:8A:68,ALL,ip,3.160.209.67,61,21900,29,3828,32,18072
40:A2:DB:2C:8A:68,ALL,ip,3.162.40.105,280,82105,146,19130,134,62975
40:A2:DB:2C:8A:68,ALL,ip,3.162.40.108,207,46564,105,15179,102,31385
40:A2:DB:2C:8A:68,ALL,ip,3.162.40.170,255,87669,139,16530,116,71139
40:A2:DB:2C:8A:68,ALL,ip,3.162.40.176,403,96032,207,29109,196,66923
40:A2:DB:2C:8A:68,ALL,ip,3.162.41.56,24,9220,13,1999,11,7221
40:A2:DB:2C:8A:68,ALL,ip,3.208.140.212,155,51723,83,31233,72,20490
40:A2:DB:2C:8A:68,ALL,ip,3.209.29.35,130,12831,65,6734,65,6097
40:A2:DB:2C:8A:68,ALL,ip,3.211.164.164,111,80838,69,69394,42,11444
40:A2:DB:2C:8A:68,ALL,ip,3.212.205.83,89,30880,48,17875,41,13005
40:A2:DB:2C:8A:68,ALL,ip,3.212.241.87,115,80694,72,69231,43,11463
40:A2:DB:2C:8A:68,ALL,ip,3.213.195.62,169,135351,110,121803,59,13548
40:A2:DB:2C:8A:68,ALL,ip,3.214.58.173,6,540,3,270,3,270
40:A2:DB:2C:8A:68,ALL,ip,3.217.74.251,104,74827,60,63298,44,11529
40:A2:DB:2C:8A:68,ALL,ip,3.217.92.140,191,18819,95,9842,96,8977
40:A2:DB:2C:8A:68,ALL,ip,3.218.205.64,245,184213,144,159268,101,24945
40:A2:DB:2C:8A:68,ALL,ip,3.219.130.117,30,11551,17,4032,13,7519
40:A2:DB:2C:8A:68,ALL,ip,3.220.182.54,179,64787,95,52027,84,12760
40:A2:DB:2C:8A:68,ALL,ip,3.220.58.223,114,78847,70,67318,44,11529
40:A2:DB:2C:8A:68,ALL,ip,3.222.71.134,110,85831,67,74309,43,11522
40:A2:DB:2C:8A:68,ALL,ip,3.222.86.36,122,80932,72,68469,50,12463
40:A2:DB:2C:8A:68,ALL,ip,3.224.165.251,583,57444,290,30044,293,27400
40:A2:DB:2C:8A:68,ALL,ip,3.224.166.115,34,12597,19,6645,15,5952
40:A2:DB:2C:8A:68,ALL,ip,3.224.93.55,106,75268,66,64494,40,10774
40:A2:DB:2C:8A:68,ALL,ip,3.225.242.163,225,157574,138,134535,87,23039
40:A2:DB:2C:8A:68,ALL,ip,3.225.54.172,250,24675,125,12950,125,11725
40:A2:DB:2C:8A:68,ALL,ip,3.225.72.132,140,13818,70,7252,70,6566
40:A2:DB:2C:8A:68,ALL,ip,3.226.173.58,110,76720,69,65377,41,11343
40:A2:DB:2C:8A:68,ALL,ip,3.226.196.104,88,33562,48,25108,40,8454
40:A2:DB:2C:8A:68,ALL,ip,3.227.250.129,33,11359,17,3873,16,7486
40:A2:DB:2C:8A:68,ALL,ip,3.227.250.136,35,12186,21,4832,14,7354
40:A2:DB:2C:8A:68,ALL,ip,3.227.250.138,33,11690,17,4204,16,7486
40:A2:DB:2C:8A:68,ALL,ip,3.227.250.142,35,11392,17,3854,18,7538
40:A2:DB:2C:8A:68,ALL,ip,3.227.250.150,37,12040,20,4488,17,7552
40:A2:DB:2C:8A:68,ALL,ip,3.227.250.154,33,11461,17,3975,16,7486
40:A2:DB:2C:8A:68,ALL,ip,3.227.250.160,76,23961,42,8857,34,15104
40:A2:DB:2C:8A:68,ALL,ip,3.227.250.162,32,11806,18,4452,14,7354
40:A2:DB:2C:8A:68,ALL,ip,3.227.250.176,38,12020,21,4468,17,7552
40:A2:DB:2C:8A:68,ALL,ip,3.227.250.191,33,11690,17,4204,16,7486
40:A2:DB:2C:8A:68,ALL,ip,3.227.250.193,34,11756,17,4204,17,7552
40:A2:DB:2C:8A:68,ALL,ip,3.227.250.195,36,11888,20,4402,16,7486
40:A2:DB:2C:8A:68,ALL,ip,3.227.250.197,36,11856,20,4370,16,7486
40:A2:DB:2C:8A:68,ALL,ip,3.227.250.201,34,11527,20,4173,14,7354
40:A2:DB:2C:8A:68,ALL,ip,3.227.250.203,36,11856,20,4370,16,7486
40:A2:DB:2C:8A:68,ALL,ip,3.227.250.205,36,12070,21,4650,15,7420
40:A2:DB:2C:8A:68,ALL,ip,3.227.250.208,73,24260,42,9354,31,14906
40:A2:DB:2C:8A:68,ALL,ip,3.227.250.213,38,12074,21,4522,17,7552
40:A2:DB:2C:8A:68,ALL,ip,3.227.250.215,36,11942,21,4522,15,7420
40:A2:DB:2C:8A:68,ALL,ip,3.227.250.219,35,11561,20,4141,15,7420
40:A2:DB:2C:8A:68,ALL,ip,3.227.250.220,33,11872,18,4452,15,7420
40:A2:DB:2C:8A:68,ALL,ip,3.227.250.224,33,11690,17,4204,16,7486
40:A2:DB:2C:8A:68,ALL,ip,3.227.250.225,36,12252,18,4634,18,7618
40:A2:DB:2C:8A:68,ALL,ip,3.227.250.251,69,23942,38,9036,31,14906
40:A2:DB:2C:8A:68,ALL,ip,3.227.250.254,72,24140,41,9234,31,14906
40:A2:DB:2C:8A:68,ALL,ip,3.227.250.255,37,12286,21,4800,16,7486
40:A2:DB:2C:8A:68,ALL,ip,3.229.211.131,103,75977,67,65467,36,10510
40:A2:DB:2C:8A:68,ALL,ip,3.230.12.18,120,11844,60,6216,60,5628
40:A2:DB:2C:8A:68,ALL,ip,3.230.52.81,508,50217,254,26352,254,23865
40:A2:DB:2C:8A:68,ALL,ip,3.231.62.225,173,16965,86,8872,87,8093
40:A2:DB:2C:8A:68,ALL,ip,3.232.127.207,2558,2343599,1673,2259815,885,83784
40:A2:DB:2C:8A:68,ALL,ip,3.232.13.221,215,164951,130,141553,85,23398
40:A2:DB:2C:8A:68,ALL,ip,3.234.165.228,95,33114,52,15390,43,17724
40:A2:DB:2C:8A:68,ALL,ip,3.237.107.6,37,11954,21,4468,16,7486
40:A2:DB:2C:8A:68,ALL,ip,3.237.53.195,131,44812,71,21055,60,23757
40:A2:DB:2C:8A:68,ALL,ip,3.253.167.59,116,55126,73,20087,43,35039
40:A2:DB:2C:8A:68,ALL,ip,3.253.180.77,65,34026,37,8480,28,25546
40:A2:DB:2C:8A:68,ALL,ip,3.253.183.190,44,19205,28,7973,16,11232
40:A2:DB:2C:8A:68,ALL,ip,3.81.247.209,115,92498,72,80485,43,12013
40:A2:DB:2C:8A:68,ALL,ip,3.82.137.139,110,80695,64,68484,46,12211
40:A2:DB:2C:8A:68,ALL,ip,3.82.72.168,240,23688,120,12432,120,11256
40:A2:DB:2C:8A:68,ALL,ip,3.86.169.245,161,15858,80,8288,81,7570
40:A2:DB:2C:8A:68,ALL,ip,3.91.171.128,36,11888,20,4402,16,7486
40:A2:DB:2C:8A:68,ALL,ip,3.91.171.131,34,11938,17,4386,17,7552
40:A2:DB:2C:8A:68,ALL,ip,3.91.171.149,37,12116,21,4618,16,7498
40:A2:DB:2C:8A:68,ALL,ip,3.91.171.151,36,12070,21,4650,15,7420
40:A2:DB:2C:8A:68,ALL,ip,3.91.171.153,37,12040,21,4554,16,7486
40:A2:DB:2C:8A:68,ALL,ip,3.91.171.156,34,11425,17,3873,17,7552
40:A2:DB:2C:8A:68,ALL,ip,3.91.171.216,35,11876,21,4522,14,7354
40:A2:DB:2C:8A:68,ALL,ip,3.91.171.220,103,35781,57,13535,46,22246
40:A2:DB:2C:8A:68,ALL,ip,3.91.171.221,38,12384,22,4898,16,7486
40:A2:DB:2C:8A:68,ALL,ip,3.91.171.229,36,11671,20,4173,16,7498
40:A2:DB:2C:8A:68,ALL,ip,3.91.171.231,72,23926,41,9020,31,14906
40:A2:DB:2C:8A:68,ALL,ip,3.91.171.237,38,11657,21,4105,17,7552
40:A2:DB:2C:8A:68,ALL,ip,3.91.171.238,36,12220,21,4800,15,7420
40:A2:DB:2C:8A:68,ALL,ip,3.91.171.240,69,23531,37,8559,32,14972
40:A2:DB:2C:8A:68,ALL,ip,3.91.171.242,33,11872,18,4452,15,7420
40:A2:DB:2C:8A:68,ALL,ip,3.91.171.244,75,23745,42,8707,33,15038
40:A2:DB:2C:8A:68,ALL,ip,3.91.171.248,39,11837,22,4273,17,7564
40:A2:DB:2C:8A:68,ALL,ip,3.91.171.249,35,12186,21,4832,14,7354
40:A2:DB:2C:8A:68,ALL,ip,3.91.171.251,38,12202,21,4650,17,7552
40:A2:DB:2C:8A:68,ALL,ip,34.117.13.189,118,36682,72,8740,46,27942
40:A2:DB:2C:8A:68,ALL,ip,34.192.108.184,280,27636,140,14504,140,13132
40:A2:DB:2C:8A:68,ALL,ip,34.192.115.84,116,89541,70,77880,46,11661
40:A2:DB:2C:8A:68,ALL,ip,34.192.154.181,55,18158,29,15590,26,2568
40:A2:DB:2C:8A:68,ALL,ip,34.194.238.19,413,40665,205,21238,208,19427
40:A2:DB:2C:8A:68,ALL,ip,34.195.136.47,104,76567,61,65104,43,11463
40:A2:DB:2C:8A:68,ALL,ip,34.195.153.29,1242,1155966,830,1106826,412,49140
40:A2:DB:2C:8A:68,ALL,ip,34.195.16.139,31,15011,20,9788,11,5223
40:A2:DB:2C:8A:68,ALL,ip,34.195.177.5,150,14805,75,7770,75,7035
40:A2:DB:2C:8A:68,ALL,ip,34.198.66.232,121,88757,77,76690,44,12067
40:A2:DB:2C:8A:68,ALL,ip,34.199.95.114,118,85948,75,74473,43,11475
40:A2:DB:2C:8A:68,ALL,ip,34.210.228.239,360,100349,189,24540,171,75809
40:A2:DB:2C:8A:68,ALL,ip,34.224.55.49,26,11318,13,3799,13,7519
40:A2:DB:2C:8A:68,ALL,ip,34.226.182.0,111,80342,71,69077,40,11265
40:A2:DB:2C:8A:68,ALL,ip,34.226.24.249,4,360,2,180,2,180
40:A2:DB:2C:8A:68,ALL,ip,34.228.94.124,29,11413,16,3894,13,7519
40:A2:DB:2C:8A:68,ALL,ip,34.229.36.20,401,39546,200,20720,201,18826
40:A2:DB:2C:8A:68,ALL,ip,34.230.181.204,120,84498,74,72299,46,12199
40:A2:DB:2C:8A:68,ALL,ip,34.232.93.236,1325,1150218,854,1100418,471,49800
40:A2:DB:2C:8A:68,ALL,ip,34.233.144.239,402,39612,200,20720,202,18892
40:A2:DB:2C:8A:68,ALL,ip,34.236.6.206,2,180,1,90,1,90
40:A2:DB:2C:8A:68,ALL,ip,34.239.216.180,22,3895,11,2743,11,1152
40:A2:DB:2C:8A:68,ALL,ip,35.153.45.34,117,88638,69,76307,48,12331
40:A2:DB:2C:8A:68,ALL,ip,35.155.9.57,254,71108,135,16752,119,54356
40:A2:DB:2C:8A:68,ALL,ip,35.161.96.40,398,109480,209,26618,189,82862
40:A2:DB:2C:8A:68,ALL,ip,35.164.182.2,687,191564,361,46868,326,144696
40:A2:DB:2C:8A:68,ALL,ip,35.166.62.210,324,90791,168,21837,156,68954
40:A2:DB:2C:8A:68,ALL,ip,35.167.225.196,391,109636,204,26906,187,82730
40:A2:DB:2C:8A:68,ALL,ip,35.168.38.187,117,78315,70,66576,47,11739
40:A2:DB:2C:8A:68,ALL,ip,35.171.72.122,111,79688,71,68411,40,11277
40:A2:DB:2C:8A:68,ALL,ip,35.174.51.236,1316,1187049,867,1134804,449,52245
40:A2:DB:2C:8A:68,ALL,ip,44.194.74.27,231,22767,115,11914,116,10853
40:A2:DB:2C:8A:68,ALL,ip,44.196.234.91,170,16779,85,8806,85,7973
40:A2:DB:2C:8A:68,ALL,ip,44.197.43.221,129,49743,68,39477,61,10266
40:A2:DB:2C:8A:68,ALL,ip,44.203.165.173,123,94019,73,81556,50,12463
40:A2:DB:2C:8A:68,ALL,ip,44.205.200.128,26,11328,13,3809,13,7519
40:A2:DB:2C:8A:68,ALL,ip,44.207.176.59,125,90381,78,78068,47,12313
40:A2:DB:2C:8A:68,ALL,ip,44.208.95.157,210,20727,105,10878,105,9849
40:A2:DB:2C:8A:68,ALL,ip,44.213.25.251,116,90842,70,78607,46,12235
40:A2:DB:2C:8A:68,ALL,ip,44.215.114.101,42,32858,30,26925,12,5933
40:A2:DB:2C:8A:68,ALL,ip,44.215.115.210,87,45823,53,28386,34,17437
40:A2:DB:2C:8A:68,ALL,ip,44.215.116.69,38,28264,20,4413,18,23851
40:A2:DB:2C:8A:68,ALL,ip,44.215.129.169,22,8658,13,2120,9,6538
40:A2:DB:2C:8A:68,ALL,ip,44.215.132.72,24,9374,14,3580,10,5794
40:A2:DB:2C:8A:68,ALL,ip,44.215.133.95,43,17250,26,4240,17,13010
40:A2:DB:2C:8A:68,ALL,ip,44.215.134.100,70,56297,40,8826,30,47471
40:A2:DB:2C:8A:68,ALL,ip,44.215.134.203,24,9374,14,3580,10,5794
40:A2:DB:2C:8A:68,ALL,ip,44.215.141.160,72,56362,40,8826,32,47536
40:A2:DB:2C:8A:68,ALL,ip,44.215.142.74,86,65788,58,53687,28,12101
40:A2:DB:2C:8A:68,ALL,ip,44.215.143.151,95,37418,56,14320,39,23098
40:A2:DB:2C:8A:68,ALL,ip,44.217.141.182,28,11421,15,3902,13,7519
40:A2:DB:2C:8A:68,ALL,ip,44.225.45.107,332,91279,176,22323,156,68956
40:A2:DB:2C:8A:68,ALL,ip,44.226.67.213,456,128022,237,31445,219,96577
40:A2:DB:2C:8A:68,ALL,ip,44.227.96.221,265,73403,136,17963,129,55440
40:A2:DB:2C:8A:68,ALL,ip,44.228.215.143,459,127668,240,31095,219,96573
40:A2:DB:2C:8A:68,ALL,ip,44.231.61.240,427,119188,225,29594,202,89594
40:A2:DB:2C:8A:68,ALL,ip,44.234.113.198,261,72852,136,17677,125,55175
40:A2:DB:2C:8A:68,ALL,ip,44.240.184.205,294,81807,155,19843,139,61964
40:A2:DB:2C:8A:68,ALL,ip,46.17.65.37,2,180,1,90,1,90
40:A2:DB:2C:8A:68,ALL,ip,50.16.101.24,117,81015,72,69396,45,11619
40:A2:DB:2C:8A:68,ALL,ip,50.16.128.54,116,83375,73,71362,43,12013
40:A2:DB:2C:8A:68,ALL,ip,50.19.109.159,8472,738928,5618,463485,2854,275443
40:A2:DB:2C:8A:68,ALL,ip,51.68.44.27,2,180,1,90,1,90
40:A2:DB:2C:8A:68,ALL,ip,52.1.172.87,36,12714,19,6630,17,6084
40:A2:DB:2C:8A:68,ALL,ip,52.1.173.208,135,98038,84,84994,51,13044
40:A2:DB:2C:8A:68,ALL,ip,52.11.127.249,495,136794,259,33232,236,103562
40:A2:DB:2C:8A:68,ALL,ip,52.119.196.31,36,15723,20,3976,16,11747
40:A2:DB:2C:8A:68,ALL,ip,52.119.198.101,35,15672,20,4008,15,11664
40:A2:DB:2C:8A:68,ALL,ip,52.119.198.106,34,15618,20,4008,14,11610
40:A2:DB:2C:8A:68,ALL,ip,52.119.198.109,18,7863,10,2004,8,5859
40:A2:DB:2C:8A:68,ALL,ip,52.119.198.118,34,15618,20,4008,14,11610
40:A2:DB:2C:8A:68,ALL,ip,52.119.198.186,17,7809,10,2004,7,5805
40:A2:DB:2C:8A:68,ALL,ip,52.119.198.189,35,15701,20,4008,15,11693
40:A2:DB:2C:8A:68,ALL,ip,52.119.198.2,35,15672,20,4008,15,11664
40:A2:DB:2C:8A:68,ALL,ip,52.16.104.93,23532,17655837,11176,4915050,12356,12740787
40:A2:DB:2C:8A:68,ALL,ip,52.2.141.51,411,40533,205,21238,206,19295
40:A2:DB:2C:8A:68,ALL,ip,52.203.138.223,137,93343,78,80262,59,13081
40:A2:DB:2C:8A:68,ALL,ip,52.203.151.208,4,360,2,180,2,180
40:A2:DB:2C:8A:68,ALL,ip,52.203.21.18,113,85571,67,73360,46,12211
40:A2:DB:2C:8A:68,ALL,ip,52.203.71.253,201,19806,100,10360,101,9446
40:A2:DB:2C:8A:68,ALL,ip,52.204.137.63,109,80647,64,69052,45,11595
40:A2:DB:2C:8A:68,ALL,ip,52.204.151.135,260,25662,130,13468,130,12194
40:A2:DB:2C:8A:68,ALL,ip,52.204.152.47,84,27189,44,18735,40,8454
40:A2:DB:2C:8A:68,ALL,ip,52.205.114.27,170,16779,85,8806,85,7973
40:A2:DB:2C:8A:68,ALL,ip,52.205.66.64,1369,1192486,875,1123495,494,68991
40:A2:DB:2C:8A:68,ALL,ip,52.207.128.220,113,82984,65,71191,48,11793
40:A2:DB:2C:8A:68,ALL,ip,52.21.200.178,107,74171,67,62906,40,11265
40:A2:DB:2C:8A:68,ALL,ip,52.214.227.89,36181,26872181,16885,7717612,19296,19154569
40:A2:DB:2C:8A:68,ALL,ip,52.222.149.109,10,2127,6,589,4,1538
40:A2:DB:2C:8A:68,ALL,ip,52.222.149.14,10,2127,6,589,4,1538
40:A2:DB:2C:8A:68,ALL,ip,52.222.149.17,10,2127,6,589,4,1538
40:A2:DB:2C:8A:68,ALL,ip,52.222.166.183,1077,1470204,718,57768,359,1412436
40:A2:DB:2C:8A:68,ALL,ip,52.222.173.74,492,171721,250,32850,242,138871
40:A2:DB:2C:8A:68,ALL,ip,52.222.195.41,8297,1924419,4175,714473,4122,1209946
40:A2:DB:2C:8A:68,ALL,ip,52.222.196.206,25,8590,14,1470,11,7120
40:A2:DB:2C:8A:68,ALL,ip,52.222.196.44,23,8429,12,1338,11,7091
40:A2:DB:2C:8A:68,ALL,ip,52.222.199.122,219,230910,166,13463,53,217447
40:A2:DB:2C:8A:68,ALL,ip,52.27.163.92,329,91786,172,22764,157,69022
40:A2:DB:2C:8A:68,ALL,ip,52.36.138.241,976,268371,533,68586,443,199785
40:A2:DB:2C:8A:68,ALL,ip,52.37.30.201,490,136841,253,33210,237,103631
40:A2:DB:2C:8A:68,ALL,ip,52.39.190.49,296,80244,157,20350,139,59894
40:A2:DB:2C:8A:68,ALL,ip,52.4.100.208,119,90881,71,78538,48,12343
40:A2:DB:2C:8A:68,ALL,ip,52.4.158.24,237,170409,133,145733,104,24676
40:A2:DB:2C:8A:68,ALL,ip,52.4.83.157,502,49482,250,25900,252,23582
40:A2:DB:2C:8A:68,ALL,ip,52.42.206.78,455,127305,238,30860,217,96445
40:A2:DB:2C:8A:68,ALL,ip,52.46.128.80,22,10955,13,1984,9,8971
40:A2:DB:2C:8A:68,ALL,ip,52.46.128.81,86,39099,50,10020,36,29079
40:A2:DB:2C:8A:68,ALL,ip,52.46.131.168,21,10901,13,1984,8,8917
40:A2:DB:2C:8A:68,ALL,ip,52.46.131.169,137,62494,80,16000,57,46494
40:A2:DB:2C:8A:68,ALL,ip,52.46.131.184,18,7863,10,2004,8,5859
40:A2:DB:2C:8A:68,ALL,ip,52.46.131.209,34,15618,20,4008,14,11610
40:A2:DB:2C:8A:68,ALL,ip,52.46.137.255,22,10984,13,1984,9,9000
40:A2:DB:2C:8A:68,ALL,ip,52.46.141.136,59,32794,33,9591,26,23203
40:A2:DB:2C:8A:68,ALL,ip,52.46.143.123,51,23395,30,5980,21,17415
40:A2:DB:2C:8A:68,ALL,ip,52.46.144.82,59,32767,35,9731,24,23036
40:A2:DB:2C:8A:68,ALL,ip,52.46.145.112,23,11789,14,5146,9,6643
40:A2:DB:2C:8A:68,ALL,ip,52.46.146.126,34,15618,20,4008,14,11610
40:A2:DB:2C:8A:68,ALL,ip,52.46.149.20,17,7777,10,1972,7,5805
40:A2:DB:2C:8A:68,ALL,ip,52.46.149.29,17,7809,10,2004,7,5805
40:A2:DB:2C:8A:68,ALL,ip,52.46.155.116,58,32739,33,9591,25,23148
40:A2:DB:2C:8A:68,ALL,ip,52.46.158.193,35,15672,20,4008,15,11664
40:A2:DB:2C:8A:68,ALL,ip,52.54.36.84,107,40663,63,19771,44,20892
40:A2:DB:2C:8A:68,ALL,ip,52.7.205.185,261,192486,163,168136,98,24350
40:A2:DB:2C:8A:68,ALL,ip,52.70.101.206,1237,1123831,820,1078471,417,45360
40:A2:DB:2C:8A:68,ALL,ip,52.71.65.85,200,19740,100,10360,100,9380
40:A2:DB:2C:8A:68,ALL,ip,52.72.185.78,111,79592,64,67865,47,11727
40:A2:DB:2C:8A:68,ALL,ip,52.72.41.104,140,13818,70,7252,70,6566
40:A2:DB:2C:8A:68,ALL,ip,52.73.50.224,141,44653,72,33433,69,11220
40:A2:DB:2C:8A:68,ALL,ip,52.84.170.76,215,74448,110,14326,105,60122
40:A2:DB:2C:8A:68,ALL,ip,52.84.180.239,54,62846,31,2908,23,59938
40:A2:DB:2C:8A:68,ALL,ip,52.84.191.74,313,107670,159,20645,154,87025
40:A2:DB:2C:8A:68,ALL,ip,52.84.214.74,245,84891,122,16288,123,68603
40:A2:DB:2C:8A:68,ALL,ip,52.85.120.82,33,10816,17,2210,16,8606
40:A2:DB:2C:8A:68,ALL,ip,52.94.217.61,245,128443,146,31696,99,96747
40:A2:DB:2C:8A:68,ALL,ip,52.94.218.244,122,61981,72,15206,50,46775
40:A2:DB:2C:8A:68,ALL,ip,52.94.220.255,243,135761,141,34862,102,100899
40:A2:DB:2C:8A:68,ALL,ip,52.94.231.169,68,31236,40,8016,28,23220
40:A2:DB:2C:8A:68,ALL,ip,52.94.240.240,34,15618,20,4008,14,11610
40:A2:DB:2C:8A:68,ALL,ip,52.94.241.146,17,7809,10,2004,7,5805
40:A2:DB:2C:8A:68,ALL,ip,52.94.242.236,34,15618,20,4008,14,11610
40:A2:DB:2C:8A:68,ALL,ip,52.95.119.232,17,7937,10,1577,7,6360
40:A2:DB:2C:8A:68,ALL,ip,52.95.123.112,244,125628,144,30639,100,94989
40:A2:DB:2C:8A:68,ALL,ip,52.95.123.17,204,108854,120,29330,84,79524
40:A2:DB:2C:8A:68,ALL,ip,52.95.124.103,283,147358,168,37395,115,109963
40:A2:DB:2C:8A:68,ALL,ip,52.95.125.12,261,137693,156,33776,105,103917
40:A2:DB:2C:8A:68,ALL,ip,52.95.126.126,132,67722,77,18202,55,49520
40:A2:DB:2C:8A:68,ALL,ip,52.95.127.117,161,83565,94,20415,67,63150
40:A2:DB:2C:8A:68,ALL,ip,54.161.84.13,121,41864,65,27392,56,14472
40:A2:DB:2C:8A:68,ALL,ip,54.166.101.241,60,22286,33,15116,27,7170
40:A2:DB:2C:8A:68,ALL,ip,54.173.198.118,115,87071,67,74740,48,12331
40:A2:DB:2C:8A:68,ALL,ip,54.174.80.13,227,166506,139,142898,88,23608
40:A2:DB:2C:8A:68,ALL,ip,54.187.92.102,597,164838,314,40575,283,124263
40:A2:DB:2C:8A:68,ALL,ip,54.192.217.204,366,87520,183,30598,183,56922
40:A2:DB:2C:8A:68,ALL,ip,54.192.219.13,24,8383,13,1429,11,6954
40:A2:DB:2C:8A:68,ALL,ip,54.192.219.143,36,5594,16,2702,20,2892
40:A2:DB:2C:8A:68,ALL,ip,54.201.253.231,230,63799,122,15610,108,48189
40:A2:DB:2C:8A:68,ALL,ip,54.205.113.109,134,92359,78,79790,56,12569
40:A2:DB:2C:8A:68,ALL,ip,54.209.4.131,115,82279,71,70703,44,11576
40:A2:DB:2C:8A:68,ALL,ip,54.209.44.8,90,30150,48,17028,42,13122
40:A2:DB:2C:8A:68,ALL,ip,54.226.11.35,90,31756,47,23104,43,8652
40:A2:DB:2C:8A:68,ALL,ip,54.235.158.5,124,84049,74,72124,50,11925
40:A2:DB:2C:8A:68,ALL,ip,54.235.163.0,95,71099,57,60457,38,10642
40:A2:DB:2C:8A:68,ALL,ip,54.239.33.155,183,94658,109,23167,74,71491
40:A2:DB:2C:8A:68,ALL,ip,54.239.35.210,165,84340,97,20258,68,64082
40:A2:DB:2C:8A:68,ALL,ip,54.239.35.211,285,143578,168,35692,117,107886
40:A2:DB:2C:8A:68,ALL,ip,54.246.178.107,68,16741,38,7618,30,9123
40:A2:DB:2C:8A:68,ALL,ip,54.68.57.171,330,91745,174,22791,156,68954
40:A2:DB:2C:8A:68,ALL,ip,54.70.5.180,423,118083,220,28432,203,89651
40:A2:DB:2C:8A:68,ALL,ip,54.71.86.13,264,73466,139,18289,125,55177
40:A2:DB:2C:8A:68,ALL,ip,54.73.54.181,46,14115,27,6056,19,8059
40:A2:DB:2C:8A:68,ALL,ip,54.83.51.141,221,21780,110,11396,111,10384
40:A2:DB:2C:8A:68,ALL,ip,54.84.214.32,126,91220,72,78445,54,12775
40:A2:DB:2C:8A:68,ALL,ip,54.85.152.119,510,50337,255,26418,255,23919
40:A2:DB:2C:8A:68,ALL,ip,54.85.204.168,141,13884,70,7252,71,6632
40:A2:DB:2C:8A:68,ALL,ip,54.86.203.154,142,103731,90,91171,52,12560
40:A2:DB:2C:8A:68,ALL,ip,54.88.199.193,114,81773,64,69298,50,12475
40:A2:DB:2C:8A:68,ALL,ip,54.91.3.155,124,87382,76,75051,48,12331
40:A2:DB:2C:8A:68,ALL,ip,54.92.225.161,161,15858,80,8288,81,7570
40:A2:DB:2C:8A:68,ALL,ip,63.34.107.182,50,14381,29,6188,21,8193
40:A2:DB:2C:8A:68,ALL,ip,67.220.240.35,22,10984,13,1984,9,9000
40:A2:DB:2C:8A:68,ALL,ip,67.220.240.92,23,11009,13,1984,10,9025
40:A2:DB:2C:8A:68,ALL,ip,72.21.207.143,34,15618,20,4008,14,11610
40:A2:DB:2C:8A:68,ALL,ip,72.44.62.198,357,298802,219,269840,138,28962
40:A2:DB:2C:8A:68,ALL,ip,91.203.187.32,198,186979,109,8800,89,178179
40:A2:DB:2C:8A:68,ALL,ip,99.86.122.137,63,19269,33,4137,30,15132
40:A2:DB:2C:8A:68,ALL,ip,99.86.122.221,35,5455,17,2756,18,2699
40:A2:DB:2C:8A:68,ALL,ip,99.86.122.76,17,2694,8,1345,9,1349
40:A2:DB:2C:8A:68,ALL,ip,99.86.122.86,18,2761,9,1411,9,1350
40:A2:DB:2C:8A:68,ALL,ip,99.86.127.71,75,82638,40,4596,35,78042
40:A2:DB:2C:8A:68,ALL,tcp,100.21.0.103,980,265317,530,67459,450,197858
40:A2:DB:2C:8A:68,ALL,tcp,100.26.14.217,132,99033,76,86700,56,12333
40:A2:DB:2C:8A:68,ALL,tcp,107.23.108.62,111,84675,67,72608,44,12067
40:A2:DB:2C:8A:68,ALL,tcp,107.23.153.61,106,83481,64,71546,42,11935
40:A2:DB:2C:8A:68,ALL,tcp,108.138.179.76,126,41403,63,8318,63,33085
40:A2:DB:2C:8A:68,ALL,tcp,108.138.181.195,136,28712,68,11897,68,16815
40:A2:DB:2C:8A:68,ALL,tcp,108.156.57.75,69,25363,33,5713,36,19650
40:A2:DB:2C:8A:68,ALL,tcp,108.157.19.49,24,8675,13,1750,11,6925
40:A2:DB:2C:8A:68,ALL,tcp,13.224.68.3,10,2115,6,578,4,1537
40:A2:DB:2C:8A:68,ALL,tcp,13.225.233.147,81,18807,41,6914,40,11893
40:A2:DB:2C:8A:68,ALL,tcp,13.225.235.83,164,53772,86,10787,78,42985
40:A2:DB:2C:8A:68,ALL,tcp,13.249.9.114,35,9319,19,2017,16,7302
40:A2:DB:2C:8A:68,ALL,tcp,13.249.9.70,67,18339,35,3805,32,14534
40:A2:DB:2C:8A:68,ALL,tcp,13.32.158.17,161,287351,94,7035,67,280316
40:A2:DB:2C:8A:68,ALL,tcp,13.32.158.66,335,549172,230,17951,105,531221
40:A2:DB:2C:8A:68,ALL,tcp,146.75.73.16,2110,2190518,1353,111991,757,2078527
40:A2:DB:2C:8A:68,ALL,tcp,176.32.101.46,76,43060,44,22594,32,20466
40:A2:DB:2C:8A:68,ALL,tcp,176.32.98.108,60,34887,35,20362,25,14525
40:A2:DB:2C:8A:68,ALL,tcp,18.155.120.74,9574,3295708,4853,639042,4721,2656666
40:A2:DB:2C:8A:68,ALL,tcp,18.155.122.209,655,825154,453,40234,202,784920
40:A2:DB:2C:8A:68,ALL,tcp,18.155.130.184,82,24550,42,6870,40,17680
40:A2:DB:2C:8A:68,ALL,tcp,18.161.103.75,63,22644,32,4145,31,18499
40:A2:DB:2C:8A:68,ALL,tcp,18.161.234.211,30,9167,15,2001,15,7166
40:A2:DB:2C:8A:68,ALL,tcp,18.161.88.75,93,31885,45,5998,48,25887
40:A2:DB:2C:8A:68,ALL,tcp,18.165.180.74,31,10682,16,2145,15,8537
40:A2:DB:2C:8A:68,ALL,tcp,18.172.207.74,31,10624,15,2013,16,8611
40:A2:DB:2C:8A:68,ALL,tcp,18.172.210.181,59,15384,29,4859,30,10525
40:A2:DB:2C:8A:68,ALL,tcp,18.203.57.224,20333,14911590,9408,4255169,10925,10656421
40:A2:DB:2C:8A:68,ALL,tcp,18.205.100.7,266,170683,158,139644,108,31039
40:A2:DB:2C:8A:68,ALL,tcp,18.205.164.137,371,36585,185,19166,186,17419
40:A2:DB:2C:8A:68,ALL,tcp,18.205.231.10,140,13818,70,7252,70,6566
40:A2:DB:2C:8A:68,ALL,tcp,18.205.85.213,116,85499,67,73054,49,12445
40:A2:DB:2C:8A:68,ALL,tcp,18.208.88.131,111,79836,63,67972,48,11864
40:A2:DB:2C:8A:68,ALL,tcp,18.211.103.112,116,75549,68,63756,48,11793
40:A2:DB:2C:8A:68,ALL,tcp,18.214.139.29,200,19740,100,10360,100,9380
40:A2:DB:2C:8A:68,ALL,tcp,18.214.77.14,104,73386,59,62270,45,11116
40:A2:DB:2C:8A:68,ALL,tcp,18.223.183.157,10,987,5,518,5,469
40:A2:DB:2C:8A:68,ALL,tcp,18.233.46.225,1323,1210728,880,1167951,443,42777
40:A2:DB:2C:8A:68,ALL,tcp,18.234.8.50,58,23534,36,13088,22,10446
40:A2:DB:2C:8A:68,ALL,tcp,18.235.193.42,130,12831,65,6734,65,6097
40:A2:DB:2C:8A:68,ALL,tcp,18.239.32.55,45,12237,23,3597,22,8640
40:A2:DB:2C:8A:68,ALL,tcp,18.239.38.68,21,8156,11,1297,10,6859
40:A2:DB:2C:8A:68,ALL,tcp,18.239.50.119,10,2116,6,578,4,1538
40:A2:DB:2C:8A:68,ALL,tcp,18.239.83.38,10,2127,6,589,4,1538
40:A2:DB:2C:8A:68,ALL,tcp,18.244.28.13,10,2116,6,578,4,1538
40:A2:DB:2C:8A:68,ALL,tcp,18.244.28.32,10,2116,6,578,4,1538
40:A2:DB:2C:8A:68,ALL,tcp,18.244.28.93,10,2116,6,578,4,1538
40:A2:DB:2C:8A:68,ALL,tcp,18.244.31.175,129,153007,89,7830,40,145177
40:A2:DB:2C:8A:68,ALL,tcp,18.244.38.168,4752,10240962,2827,252765,1925,9988197
40:A2:DB:2C:8A:68,ALL,tcp,18.244.38.192,4469,7631130,3008,248226,1461,7382904
40:A2:DB:2C:8A:68,ALL,tcp,18.244.38.214,627,1414085,322,23310,305,1390775
40:A2:DB:2C:8A:68,ALL,tcp,18.244.38.32,1115,3106872,437,48430,678,3058442
40:A2:DB:2C:8A:68,ALL,tcp,18.244.38.8,2178,4102382,1351,119300,827,3983082
40:A2:DB:2C:8A:68,ALL,tcp,18.244.38.90,559,1409610,252,18702,307,1390908
40:A2:DB:2C:8A:68,ALL,tcp,18.66.164.76,1050,366373,525,70203,525,296170
40:A2:DB:2C:8A:68,ALL,tcp,18.66.165.150,868,200615,444,75066,424,125549
40:A2:DB:2C:8A:68,ALL,tcp,18.66.171.34,10,2127,6,589,4,1538
40:A2:DB:2C:8A:68,ALL,tcp,18.66.212.125,22,8222,12,1363,10,6859
40:A2:DB:2C:8A:68,ALL,tcp,184.73.130.219,183,61799,97,35423,86,26376
40:A2:DB:2C:8A:68,ALL,tcp,209.54.177.114,17,7809,10,2004,7,5805
40:A2:DB:2C:8A:68,ALL,tcp,209.54.177.117,18,7863,10,2004,8,5859
40:A2:DB:2C:8A:68,ALL,tcp,209.54.177.132,58,32681,35,9699,23,22982
40:A2:DB:2C:8A:68,ALL,tcp,209.54.177.153,34,15618,20,4008,14,11610
40:A2:DB:2C:8A:68,ALL,tcp,209.54.177.154,17,7809,10,2004,7,5805
40:A2:DB:2C:8A:68,ALL,tcp,209.54.177.157,18,7863,10,2004,8,5859
40:A2:DB:2C:8A:68,ALL,tcp,209.54.177.222,18,10822,11,3197,7,7625
40:A2:DB:2C:8A:68,ALL,tcp,209.54.177.232,20,10930,11,3197,9,7733
40:A2:DB:2C:8A:68,ALL,tcp,209.54.178.134,34,15586,20,3976,14,11610
40:A2:DB:2C:8A:68,ALL,tcp,209.54.178.164,33,15564,20,4008,13,11556
40:A2:DB:2C:8A:68,ALL,tcp,209.54.178.166,36,15755,20,4008,16,11747
40:A2:DB:2C:8A:68,ALL,tcp,209.54.179.88,52,23481,30,6012,22,17469
40:A2:DB:2C:8A:68,ALL,tcp,209.54.180.131,40,21889,24,6502,16,15387
40:A2:DB:2C:8A:68,ALL,tcp,209.54.180.25,34,15618,20,4008,14,11610
40:A2:DB:2C:8A:68,ALL,tcp,209.54.180.27,119,56556,70,19862,49,36694
40:A2:DB:2C:8A:68,ALL,tcp,209.54.180.44,34,15618,20,4008,14,11610
40:A2:DB:2C:8A:68,ALL,tcp,209.54.181.4,53,27385,30,12983,23,14402
40:A2:DB:2C:8A:68,ALL,tcp,209.54.181.78,41,21942,22,6394,19,15548
40:A2:DB:2C:8A:68,ALL,tcp,209.54.181.86,18,10822,11,3197,7,7625
40:A2:DB:2C:8A:68,ALL,tcp,209.54.181.97,57,32628,35,9699,22,22929
40:A2:DB:2C:8A:68,ALL,tcp,209.54.181.98,51,23427,30,6012,21,17415
40:A2:DB:2C:8A:68,ALL,tcp,209.54.183.177,21,10930,13,1984,8,8946
40:A2:DB:2C:8A:68,ALL,tcp,23.20.115.129,115,78910,70,67303,45,11607
40:A2:DB:2C:8A:68,ALL,tcp,23.20.118.44,156,118483,96,105898,60,12585
40:A2:DB:2C:8A:68,ALL,tcp,23.20.243.43,116,87121,68,75328,48,11793
40:A2:DB:2C:8A:68,ALL,tcp,23.200.86.234,561,796919,384,30695,177,766224
40:A2:DB:2C:8A:68,ALL,tcp,23.22.199.21,110,79742,64,68081,46,11661
40:A2:DB:2C:8A:68,ALL,tcp,23.22.68.51,113,90185,69,78106,44,12079
40:A2:DB:2C:8A:68,ALL,tcp,3.141.203.230,10,987,5,518,5,469
40:A2:DB:2C:8A:68,ALL,tcp,3.160.177.67,92,30298,47,6102,45,24196
40:A2:DB:2C:8A:68,ALL,tcp,3.160.209.67,61,21900,29,3828,32,18072
40:A2:DB:2C:8A:68,ALL,tcp,3.162.40.105,280,82105,146,19130,134,62975
40:A2:DB:2C:8A:68,ALL,tcp,3.162.40.108,207,46564,105,15179,102,31385
40:A2:DB:2C:8A:68,ALL,tcp,3.162.40.170,255,87669,139,16530,116,71139
40:A2:DB:2C:8A:68,ALL,tcp,3.162.40.176,403,96032,207,29109,196,66923
40:A2:DB:2C:8A:68,ALL,tcp,3.162.41.56,24,9220,13,1999,11,7221
40:A2:DB:2C:8A:68,ALL,tcp,3.208.140.212,155,51723,83,31233,72,20490
40:A2:DB:2C:8A:68,ALL,tcp,3.209.29.35,130,12831,65,6734,65,6097
40:A2:DB:2C:8A:68,ALL,tcp,3.211.164.164,111,80838,69,69394,42,11444
40:A2:DB:2C:8A:68,ALL,tcp,3.212.205.83,89,30880,48,17875,41,13005
40:A2:DB:2C:8A:68,ALL,tcp,3.212.241.87,115,80694,72,69231,43,11463
40:A2:DB:2C:8A:68,ALL,tcp,3.213.195.62,169,135351,110,121803,59,13548
40:A2:DB:2C:8A:68,ALL,tcp,3.217.74.251,104,74827,60,63298,44,11529
40:A2:DB:2C:8A:68,ALL,tcp,3.217.92.140,191,18819,95,9842,96,8977
40:A2:DB:2C:8A:68,ALL,tcp,3.218.205.64,245,184213,144,159268,101,24945
40:A2:DB:2C:8A:68,ALL,tcp,3.219.130.117,30,11551,17,4032,13,7519
40:A2:DB:2C:8A:68,ALL,tcp,3.220.182.54,179,64787,95,52027,84,12760
40:A2:DB:2C:8A:68,ALL,tcp,3.220.58.223,114,78847,70,67318,44,11529
40:A2:DB:2C:8A:68,ALL,tcp,3.222.71.134,110,85831,67,74309,43,11522
40:A2:DB:2C:8A:68,ALL,tcp,3.222.86.36,122,80932,72,68469,50,12463
40:A2:DB:2C:8A:68,ALL,tcp,3.224.165.251,583,57444,290,30044,293,27400
40:A2:DB:2C:8A:68,ALL,tcp,3.224.166.115,34,12597,19,6645,15,5952
40:A2:DB:2C:8A:68,ALL,tcp,3.224.93.55,106,75268,66,64494,40,10774
40:A2:DB:2C:8A:68,ALL,tcp,3.225.242.163,225,157574,138,134535,87,23039
40:A2:DB:2C:8A:68,ALL,tcp,3.225.54.172,250,24675,125,12950,125,11725
40:A2:DB:2C:8A:68,ALL,tcp,3.225.72.132,140,13818,70,7252,70,6566
40:A2:DB:2C:8A:68,ALL,tcp,3.226.173.58,110,76720,69,65377,41,11343
40:A2:DB:2C:8A:68,ALL,tcp,3.226.196.104,88,33562,48,25108,40,8454
40:A2:DB:2C:8A:68,ALL,tcp,3.227.250.129,33,11359,17,3873,16,7486
40:A2:DB:2C:8A:68,ALL,tcp,3.227.250.136,35,12186,21,4832,14,7354
40:A2:DB:2C:8A:68,ALL,tcp,3.227.250.138,33,11690,17,4204,16,7486
40:A2:DB:2C:8A:68,ALL,tcp,3.227.250.142,35,11392,17,3854,18,7538
40:A2:DB:2C:8A:68,ALL,tcp,3.227.250.150,37,12040,20,4488,17,7552
40:A2:DB:2C:8A:68,ALL,tcp,3.227.250.154,33,11461,17,3975,16,7486
40:A2:DB:2C:8A:68,ALL,tcp,3.227.250.160,76,23961,42,8857,34,15104
40:A2:DB:2C:8A:68,ALL,tcp,3.227.250.162,32,11806,18,4452,14,7354
40:A2:DB:2C:8A:68,ALL,tcp,3.227.250.176,38,12020,21,4468,17,7552
40:A2:DB:2C:8A:68,ALL,tcp,3.227.250.191,33,11690,17,4204,16,7486
40:A2:DB:2C:8A:68,ALL,tcp,3.227.250.193,34,11756,17,4204,17,7552
40:A2:DB:2C:8A:68,ALL,tcp,3.227.250.195,36,11888,20,4402,16,7486
40:A2:DB:2C:8A:68,ALL,tcp,3.227.250.197,36,11856,20,4370,16,7486
40:A2:DB:2C:8A:68,ALL,tcp,3.227.250.201,34,11527,20,4173,14,7354
40:A2:DB:2C:8A:68,ALL,tcp,3.227.250.203,36,11856,20,4370,16,7486
40:A2:DB:2C:8A:68,ALL,tcp,3.227.250.205,36,12070,21,4650,15,7420
40:A2:DB:2C:8A:68,ALL,tcp,3.227.250.208,73,24260,42,9354,31,14906
40:A2:DB:2C:8A:68,ALL,tcp,3.227.250.213,38,12074,21,4522,17,7552
40:A2:DB:2C:8A:68,ALL,tcp,3.227.250.215,36,11942,21,4522,15,7420
40:A2:DB:2C:8A:68,ALL,tcp,3.227.250.219,35,11561,20,4141,15,7420
40:A2:DB:2C:8A:68,ALL,tcp,3.227.250.220,33,11872,18,4452,15,7420
40:A2:DB:2C:8A:68,ALL,tcp,3.227.250.224,33,11690,17,4204,16,7486
40:A2:DB:2C:8A:68,ALL,tcp,3.227.250.225,36,12252,18,4634,18,7618
40:A2:DB:2C:8A:68,ALL,tcp,3.227.250.251,69,23942,38,9036,31,14906
40:A2:DB:2C:8A:68,ALL,tcp,3.227.250.254,72,24140,41,9234,31,14906
40:A2:DB:2C:8A:68,ALL,tcp,3.227.250.255,37,12286,21,4800,16,7486
40:A2:DB:2C:8A:68,ALL,tcp,3.229.211.131,103,75977,67,65467,36,10510
40:A2:DB:2C:8A:68,ALL,tcp,3.230.12.18,120,11844,60,6216,60,5628
40:A2:DB:2C:8A:68,ALL,tcp,3.230.52.81,508,50217,254,26352,254,23865
40:A2:DB:2C:8A:68,ALL,tcp,3.231.62.225,173,16965,86,8872,87,8093
40:A2:DB:2C:8A:68,ALL,tcp,3.232.127.207,2558,2343599,1673,2259815,885,83784
40:A2:DB:2C:8A:68,ALL,tcp,3.232.13.221,215,164951,130,141553,85,23398
40:A2:DB:2C:8A:68,ALL,tcp,3.234.165.228,95,33114,52,15390,43,17724
40:A2:DB:2C:8A:68,ALL,tcp,3.237.107.6,37,11954,21,4468,16,7486
40:A2:DB:2C:8A:68,ALL,tcp,3.237.53.195,131,44812,71,21055,60,23757
40:A2:DB:2C:8A:68,ALL,tcp,3.253.167.59,116,55126,73,20087,43,35039
40:A2:DB:2C:8A:68,ALL,tcp,3.253.180.77,65,34026,37,8480,28,25546
40:A2:DB:2C:8A:68,ALL,tcp,3.253.183.190,44,19205,28,7973,16,11232
40:A2:DB:2C:8A:68,ALL,tcp,3.81.247.209,115,92498,72,80485,43,12013
40:A2:DB:2C:8A:68,ALL,tcp,3.82.137.139,110,80695,64,68484,46,12211
40:A2:DB:2C:8A:68,ALL,tcp,3.82.72.168,240,23688,120,12432,120,11256
40:A2:DB:2C:8A:68,ALL,tcp,3.86.169.245,161,15858,80,8288,81,7570
40:A2:DB:2C:8A:68,ALL,tcp,3.91.171.128,36,11888,20,4402,16,7486
40:A2:DB:2C:8A:68,ALL,tcp,3.91.171.131,34,11938,17,4386,17,7552
40:A2:DB:2C:8A:68,ALL,tcp,3.91.171.149,37,12116,21,4618,16,7498
40:A2:DB:2C:8A:68,ALL,tcp,3.91.171.151,36,12070,21,4650,15,7420
40:A2:DB:2C:8A:68,ALL,tcp,3.91.171.153,37,12040,21,4554,16,7486
40:A2:DB:2C:8A:68,ALL,tcp,3.91.171.156,34,11425,17,3873,17,7552
40:A2:DB:2C:8A:68,ALL,tcp,3.91.171.216,35,11876,21,4522,14,7354
40:A2:DB:2C:8A:68,ALL,tcp,3.91.171.220,103,35781,57,13535,46,22246
40:A2:DB:2C:8A:68,ALL,tcp,3.91.171.221,38,12384,22,4898,16,7486
40:A2:DB:2C:8A:68,ALL,tcp,3.91.171.229,36,11671,20,4173,16,7498
40:A2:DB:2C:8A:68,ALL,tcp,3.91.171.231,72,23926,41,9020,31,14906
40:A2:DB:2C:8A:68,ALL,tcp,3.91.171.237,38,11657,21,4105,17,7552
40:A2:DB:2C:8A:68,ALL,tcp,3.91.171.238,36,12220,21,4800,15,7420
40:A2:DB:2C:8A:68,ALL,tcp,3.91.171.240,69,23531,37,8559,32,14972
40:A2:DB:2C:8A:68,ALL,tcp,3.91.171.242,33,11872,18,4452,15,7420
40:A2:DB:2C:8A:68,ALL,tcp,3.91.171.244,75,23745,42,8707,33,15038
40:A2:DB:2C:8A:68,ALL,tcp,3.91.171.248,39,11837,22,4273,17,7564
40:A2:DB:2C:8A:68,ALL,tcp,3.91.171.249,35,12186,21,4832,14,7354
40:A2:DB:2C:8A:68,ALL,tcp,3.91.171.251,38,12202,21,4650,17,7552
40:A2:DB:2C:8A:68,ALL,tcp,34.117.13.189,118,36682,72,8740,46,27942
40:A2:DB:2C:8A:68,ALL,tcp,34.192.108.184,280,27636,140,14504,140,13132
40:A2:DB:2C:8A:68,ALL,tcp,34.192.115.84,116,89541,70,77880,46,11661
40:A2:DB:2C:8A:68,ALL,tcp,34.192.154.181,55,18158,29,15590,26,2568
40:A2:DB:2C:8A:68,ALL,tcp,34.194.238.19,413,40665,205,21238,208,19427
40:A2:DB:2C:8A:68,ALL,tcp,34.195.136.47,104,76567,61,65104,43,11463
40:A2:DB:2C:8A:68,ALL,tcp,34.195.153.29,1242,1155966,830,1106826,412,49140
40:A2:DB:2C:8A:68,ALL,tcp,34.195.16.139,31,15011,20,9788,11,5223
40:A2:DB:2C:8A:68,ALL,tcp,34.195.177.5,150,14805,75,7770,75,7035
40:A2:DB:2C:8A:68,ALL,tcp,34.198.66.232,121,88757,77,76690,44,12067
40:A2:DB:2C:8A:68,ALL,tcp,34.199.95.114,118,85948,75,74473,43,11475
40:A2:DB:2C:8A:68,ALL,tcp,34.210.228.239,360,100349,189,24540,171,75809
40:A2:DB:2C:8A:68,ALL,tcp,34.224.55.49,26,11318,13,3799,13,7519
40:A2:DB:2C:8A:68,ALL,tcp,34.226.182.0,111,80342,71,69077,40,11265
40:A2:DB:2C:8A:68,ALL,tcp,34.228.94.124,29,11413,16,3894,13,7519
40:A2:DB:2C:8A:68,ALL,tcp,34.229.36.20,401,39546,200,20720,201,18826
40:A2:DB:2C:8A:68,ALL,tcp,34.230.181.204,120,84498,74,72299,46,12199
40:A2:DB:2C:8A:68,ALL,tcp,34.232.93.236,1325,1150218,854,1100418,471,49800
40:A2:DB:2C:8A:68,ALL,tcp,34.233.144.239,402,39612,200,20720,202,18892
40:A2:DB:2C:8A:68,ALL,tcp,34.239.216.180,22,3895,11,2743,11,1152
40:A2:DB:2C:8A:68,ALL,tcp,35.153.45.34,117,88638,69,76307,48,12331
40:A2:DB:2C:8A:68,ALL,tcp,35.155.9.57,254,71108,135,16752,119,54356
40:A2:DB:2C:8A:68,ALL,tcp,35.161.96.40,398,109480,209,26618,189,82862
40:A2:DB:2C:8A:68,ALL,tcp,35.164.182.2,687,191564,361,46868,326,144696
40:A2:DB:2C:8A:68,ALL,tcp,35.166.62.210,324,90791,168,21837,156,68954
40:A2:DB:2C:8A:68,ALL,tcp,35.167.225.196,391,109636,204,26906,187,82730
40:A2:DB:2C:8A:68,ALL,tcp,35.168.38.187,117,78315,70,66576,47,11739
40:A2:DB:2C:8A:68,ALL,tcp,35.171.72.122,111,79688,71,68411,40,11277
40:A2:DB:2C:8A:68,ALL,tcp,35.174.51.236,1316,1187049,867,1134804,449,52245
40:A2:DB:2C:8A:68,ALL,tcp,44.194.74.27,231,22767,115,11914,116,10853
40:A2:DB:2C:8A:68,ALL,tcp,44.196.234.91,170,16779,85,8806,85,7973
40:A2:DB:2C:8A:68,ALL,tcp,44.197.43.221,129,49743,68,39477,61,10266
40:A2:DB:2C:8A:68,ALL,tcp,44.203.165.173,123,94019,73,81556,50,12463
40:A2:DB:2C:8A:68,ALL,tcp,44.205.200.128,26,11328,13,3809,13,7519
40:A2:DB:2C:8A:68,ALL,tcp,44.207.176.59,125,90381,78,78068,47,12313
40:A2:DB:2C:8A:68,ALL,tcp,44.208.95.157,210,20727,105,10878,105,9849
40:A2:DB:2C:8A:68,ALL,tcp,44.213.25.251,116,90842,70,78607,46,12235
40:A2:DB:2C:8A:68,ALL,tcp,44.215.114.101,42,32858,30,26925,12,5933
40:A2:DB:2C:8A:68,ALL,tcp,44.215.115.210,87,45823,53,28386,34,17437
40:A2:DB:2C:8A:68,ALL,tcp,44.215.116.69,38,28264,20,4413,18,23851
40:A2:DB:2C:8A:68,ALL,tcp,44.215.129.169,22,8658,13,2120,9,6538
40:A2:DB:2C:8A:68,ALL,tcp,44.215.132.72,24,9374,14,3580,10,5794
40:A2:DB:2C:8A:68,ALL,tcp,44.215.133.95,43,17250,26,4240,17,13010
40:A2:DB:2C:8A:68,ALL,tcp,44.215.134.100,70,56297,40,8826,30,47471
40:A2:DB:2C:8A:68,ALL,tcp,44.215.134.203,24,9374,14,3580,10,5794
40:A2:DB:2C:8A:68,ALL,tcp,44.215.141.160,72,56362,40,8826,32,47536
40:A2:DB:2C:8A:68,ALL,tcp,44.215.142.74,86,65788,58,53687,28,12101
40:A2:DB:2C:8A:68,ALL,tcp,44.215.143.151,95,37418,56,14320,39,23098
40:A2:DB:2C:8A:68,ALL,tcp,44.217.141.182,28,11421,15,3902,13,7519
40:A2:DB:2C:8A:68,ALL,tcp,44.225.45.107,332,91279,176,22323,156,68956
40:A2:DB:2C:8A:68,ALL,tcp,44.226.67.213,456,128022,237,31445,219,96577
40:A2:DB:2C:8A:68,ALL,tcp,44.227.96.221,265,73403,136,17963,129,55440
40:A2:DB:2C:8A:68,ALL,tcp,44.228.215.143,459,127668,240,31095,219,96573
40:A2:DB:2C:8A:68,ALL,tcp,44.231.61.240,427,119188,225,29594,202,89594
40:A2:DB:2C:8A:68,ALL,tcp,44.234.113.198,261,72852,136,17677,125,55175
40:A2:DB:2C:8A:68,ALL,tcp,44.240.184.205,294,81807,155,19843,139,61964
40:A2:DB:2C:8A:68,ALL,tcp,50.16.101.24,117,81015,72,69396,45,11619
40:A2:DB:2C:8A:68,ALL,tcp,50.16.128.54,116,83375,73,71362,43,12013
40:A2:DB:2C:8A:68,ALL,tcp,50.19.109.159,8472,738928,5618,463485,2854,275443
40:A2:DB:2C:8A:68,ALL,tcp,52.1.172.87,36,12714,19,6630,17,6084
40:A2:DB:2C:8A:68,ALL,tcp,52.1.173.208,135,98038,84,84994,51,13044
40:A2:DB:2C:8A:68,ALL,tcp,52.11.127.249,495,136794,259,33232,236,103562
40:A2:DB:2C:8A:68,ALL,tcp,52.119.196.31,36,15723,20,3976,16,11747
40:A2:DB:2C:8A:68,ALL,tcp,52.119.198.101,35,15672,20,4008,15,11664
40:A2:DB:2C:8A:68,ALL,tcp,52.119.198.106,34,15618,20,4008,14,11610
40:A2:DB:2C:8A:68,ALL,tcp,52.119.198.109,18,7863,10,2004,8,5859
40:A2:DB:2C:8A:68,ALL,tcp,52.119.198.118,34,15618,20,4008,14,11610
40:A2:DB:2C:8A:68,ALL,tcp,52.119.198.186,17,7809,10,2004,7,5805
40:A2:DB:2C:8A:68,ALL,tcp,52.119.198.189,35,15701,20,4008,15,11693
40:A2:DB:2C:8A:68,ALL,tcp,52.119.198.2,35,15672,20,4008,15,11664
40:A2:DB:2C:8A:68,ALL,tcp,52.16.104.93,23532,17655837,11176,4915050,12356,12740787
40:A2:DB:2C:8A:68,ALL,tcp,52.2.141.51,411,40533,205,21238,206,19295
40:A2:DB:2C:8A:68,ALL,tcp,52.203.138.223,137,93343,78,80262,59,13081
40:A2:DB:2C:8A:68,ALL,tcp,52.203.21.18,113,85571,67,73360,46,12211
40:A2:DB:2C:8A:68,ALL,tcp,52.203.71.253,201,19806,100,10360,101,9446
40:A2:DB:2C:8A:68,ALL,tcp,52.204.137.63,109,80647,64,69052,45,11595
40:A2:DB:2C:8A:68,ALL,tcp,52.204.151.135,260,25662,130,13468,130,12194
40:A2:DB:2C:8A:68,ALL,tcp,52.204.152.47,84,27189,44,18735,40,8454
40:A2:DB:2C:8A:68,ALL,tcp,52.205.114.27,170,16779,85,8806,85,7973
40:A2:DB:2C:8A:68,ALL,tcp,52.205.66.64,1369,1192486,875,1123495,494,68991
40:A2:DB:2C:8A:68,ALL,tcp,52.207.128.220,113,82984,65,71191,48,11793
40:A2:DB:2C:8A:68,ALL,tcp,52.21.200.178,107,74171,67,62906,40,11265
40:A2:DB:2C:8A:68,ALL,tcp,52.214.227.89,36181,26872181,16885,7717612,19296,19154569
40:A2:DB:2C:8A:68,ALL,tcp,52.222.149.109,10,2127,6,589,4,1538
40:A2:DB:2C:8A:68,ALL,tcp,52.222.149.14,10,2127,6,589,4,1538
40:A2:DB:2C:8A:68,ALL,tcp,52.222.149.17,10,2127,6,589,4,1538
40:A2:DB:2C:8A:68,ALL,tcp,52.222.166.183,1077,1470204,718,57768,359,1412436
40:A2:DB:2C:8A:68,ALL,tcp,52.222.173.74,492,171721,250,32850,242,138871
40:A2:DB:2C:8A:68,ALL,tcp,52.222.195.41,8297,1924419,4175,714473,4122,1209946
40:A2:DB:2C:8A:68,ALL,tcp,52.222.196.206,25,8590,14,1470,11,7120
40:A2:DB:2C:8A:68,ALL,tcp,52.222.196.44,23,8429,12,1338,11,7091
40:A2:DB:2C:8A:68,ALL,tcp,52.222.199.122,219,230910,166,13463,53,217447
40:A2:DB:2C:8A:68,ALL,tcp,52.27.163.92,329,91786,172,22764,157,69022
40:A2:DB:2C:8A:68,ALL,tcp,52.36.138.241,976,268371,533,68586,443,199785
40:A2:DB:2C:8A:68,ALL,tcp,52.37.30.201,490,136841,253,33210,237,103631
40:A2:DB:2C:8A:68,ALL,tcp,52.39.190.49,296,80244,157,20350,139,59894
40:A2:DB:2C:8A:68,ALL,tcp,52.4.100.208,119,90881,71,78538,48,12343
40:A2:DB:2C:8A:68,ALL,tcp,52.4.158.24,237,170409,133,145733,104,24676
40:A2:DB:2C:8A:68,ALL,tcp,52.4.83.157,502,49482,250,25900,252,23582
40:A2:DB:2C:8A:68,ALL,tcp,52.42.206.78,455,127305,238,30860,217,96445
40:A2:DB:2C:8A:68,ALL,tcp,52.46.128.80,22,10955,13,1984,9,8971
40:A2:DB:2C:8A:68,ALL,tcp,52.46.128.81,86,39099,50,10020,36,29079
40:A2:DB:2C:8A:68,ALL,tcp,52.46.131.168,21,10901,13,1984,8,8917
40:A2:DB:2C:8A:68,ALL,tcp,52.46.131.169,137,62494,80,16000,57,46494
40:A2:DB:2C:8A:68,ALL,tcp,52.46.131.184,18,7863,10,2004,8,5859
40:A2:DB:2C:8A:68,ALL,tcp,52.46.131.209,34,15618,20,4008,14,11610
40:A2:DB:2C:8A:68,ALL,tcp,52.46.137.255,22,10984,13,1984,9,9000
40:A2:DB:2C:8A:68,ALL,tcp,52.46.141.136,59,32794,33,9591,26,23203
40:A2:DB:2C:8A:68,ALL,tcp,52.46.143.123,51,23395,30,5980,21,17415
40:A2:DB:2C:8A:68,ALL,tcp,52.46.144.82,59,32767,35,9731,24,23036
40:A2:DB:2C:8A:68,ALL,tcp,52.46.145.112,23,11789,14,5146,9,6643
40:A2:DB:2C:8A:68,ALL,tcp,52.46.146.126,34,15618,20,4008,14,11610
40:A2:DB:2C:8A:68,ALL,tcp,52.46.149.20,17,7777,10,1972,7,5805
40:A2:DB:2C:8A:68,ALL,tcp,52.46.149.29,17,7809,10,2004,7,5805
40:A2:DB:2C:8A:68,ALL,tcp,52.46.155.116,58,32739,33,9591,25,23148
40:A2:DB:2C:8A:68,ALL,tcp,52.46.158.193,35,15672,20,4008,15,11664
40:A2:DB:2C:8A:68,ALL,tcp,52.54.36.84,107,40663,63,19771,44,20892
40:A2:DB:2C:8A:68,ALL,tcp,52.7.205.185,261,192486,163,168136,98,24350
40:A2:DB:2C:8A:68,ALL,tcp,52.70.101.206,1237,1123831,820,1078471,417,45360
40:A2:DB:2C:8A:68,ALL,tcp,52.71.65.85,200,19740,100,10360,100,9380
40:A2:DB:2C:8A:68,ALL,tcp,52.72.185.78,111,79592,64,67865,47,11727
40:A2:DB:2C:8A:68,ALL,tcp,52.72.41.104,140,13818,70,7252,70,6566
40:A2:DB:2C:8A:68,ALL,tcp,52.73.50.224,141,44653,72,33433,69,11220
40:A2:DB:2C:8A:68,ALL,tcp,52.84.170.76,215,74448,110,14326,105,60122
40:A2:DB:2C:8A:68,ALL,tcp,52.84.180.239,54,62846,31,2908,23,59938
40:A2:DB:2C:8A:68,ALL,tcp,52.84.191.74,313,107670,159,20645,154,87025
40:A2:DB:2C:8A:68,ALL,tcp,52.84.214.74,245,84891,122,16288,123,68603
40:A2:DB:2C:8A:68,ALL,tcp,52.85.120.82,33,10816,17,2210,16,8606
40:A2:DB:2C:8A:68,ALL,tcp,52.94.217.61,245,128443,146,31696,99,96747
40:A2:DB:2C:8A:68,ALL,tcp,52.94.218.244,122,61981,72,15206,50,46775
40:A2:DB:2C:8A:68,ALL,tcp,52.94.220.255,243,135761,141,34862,102,100899
40:A2:DB:2C:8A:68,ALL,tcp,52.94.231.169,68,31236,40,8016,28,23220
40:A2:DB:2C:8A:68,ALL,tcp,52.94.240.240,34,15618,20,4008,14,11610
40:A2:DB:2C:8A:68,ALL,tcp,52.94.241.146,17,7809,10,2004,7,5805
40:A2:DB:2C:8A:68,ALL,tcp,52.94.242.236,34,15618,20,4008,14,11610
40:A2:DB:2C:8A:68,ALL,tcp,52.95.119.232,17,7937,10,1577,7,6360
40:A2:DB:2C:8A:68,ALL,tcp,52.95.123.112,244,125628,144,30639,100,94989
40:A2:DB:2C:8A:68,ALL,tcp,52.95.123.17,204,108854,120,29330,84,79524
40:A2:DB:2C:8A:68,ALL,tcp,52.95.124.103,283,147358,168,37395,115,109963
40:A2:DB:2C:8A:68,ALL,tcp,52.95.125.12,261,137693,156,33776,105,103917
40:A2:DB:2C:8A:68,ALL,tcp,52.95.126.126,132,67722,77,18202,55,49520
40:A2:DB:2C:8A:68,ALL,tcp,52.95.127.117,161,83565,94,20415,67,63150
40:A2:DB:2C:8A:68,ALL,tcp,54.161.84.13,121,41864,65,27392,56,14472
40:A2:DB:2C:8A:68,ALL,tcp,54.166.101.241,60,22286,33,15116,27,7170
40:A2:DB:2C:8A:68,ALL,tcp,54.173.198.118,115,87071,67,74740,48,12331
40:A2:DB:2C:8A:68,ALL,tcp,54.174.80.13,227,166506,139,142898,88,23608
40:A2:DB:2C:8A:68,ALL,tcp,54.187.92.102,597,164838,314,40575,283,124263
40:A2:DB:2C:8A:68,ALL,tcp,54.192.217.204,366,87520,183,30598,183,56922
40:A2:DB:2C:8A:68,ALL,tcp,54.192.219.13,24,8383,13,1429,11,6954
40:A2:DB:2C:8A:68,ALL,tcp,54.192.219.143,36,5594,16,2702,20,2892
40:A2:DB:2C:8A:68,ALL,tcp,54.201.253.231,230,63799,122,15610,108,48189
40:A2:DB:2C:8A:68,ALL,tcp,54.205.113.109,134,92359,78,79790,56,12569
40:A2:DB:2C:8A:68,ALL,tcp,54.209.4.131,115,82279,71,70703,44,11576
40:A2:DB:2C:8A:68,ALL,tcp,54.209.44.8,90,30150,48,17028,42,13122
40:A2:DB:2C:8A:68,ALL,tcp,54.226.11.35,90,31756,47,23104,43,8652
40:A2:DB:2C:8A:68,ALL,tcp,54.235.158.5,124,84049,74,72124,50,11925
40:A2:DB:2C:8A:68,ALL,tcp,54.235.163.0,95,71099,57,60457,38,10642
40:A2:DB:2C:8A:68,ALL,tcp,54.239.33.155,183,94658,109,23167,74,71491
40:A2:DB:2C:8A:68,ALL,tcp,54.239.35.210,165,84340,97,20258,68,64082
40:A2:DB:2C:8A:68,ALL,tcp,54.239.35.211,285,143578,168,35692,117,107886
40:A2:DB:2C:8A:68,ALL,tcp,54.246.178.107,68,16741,38,7618,30,9123
40:A2:DB:2C:8A:68,ALL,tcp,54.68.57.171,330,91745,174,22791,156,68954
40:A2:DB:2C:8A:68,ALL,tcp,54.70.5.180,423,118083,220,28432,203,89651
40:A2:DB:2C:8A:68,ALL,tcp,54.71.86.13,264,73466,139,18289,125,55177
40:A2:DB:2C:8A:68,ALL,tcp,54.73.54.181,46,14115,27,6056,19,8059
40:A2:DB:2C:8A:68,ALL,tcp,54.83.51.141,221,21780,110,11396,111,10384
40:A2:DB:2C:8A:68,ALL,tcp,54.84.214.32,126,91220,72,78445,54,12775
40:A2:DB:2C:8A:68,ALL,tcp,54.85.152.119,510,50337,255,26418,255,23919
40:A2:DB:2C:8A:68,ALL,tcp,54.85.204.168,141,13884,70,7252,71,6632
40:A2:DB:2C:8A:68,ALL,tcp,54.86.203.154,142,103731,90,91171,52,12560
40:A2:DB:2C:8A:68,ALL,tcp,54.88.199.193,114,81773,64,69298,50,12475
40:A2:DB:2C:8A:68,ALL,tcp,54.91.3.155,124,87382,76,75051,48,12331
40:A2:DB:2C:8A:68,ALL,tcp,54.92.225.161,161,15858,80,8288,81,7570
40:A2:DB:2C:8A:68,ALL,tcp,63.34.107.182,50,14381,29,6188,21,8193
40:A2:DB:2C:8A:68,ALL,tcp,67.220.240.35,22,10984,13,1984,9,9000
40:A2:DB:2C:8A:68,ALL,tcp,67.220.240.92,23,11009,13,1984,10,9025
40:A2:DB:2C:8A:68,ALL,tcp,72.21.207.143,34,15618,20,4008,14,11610
40:A2:DB:2C:8A:68,ALL,tcp,72.44.62.198,357,298802,219,269840,138,28962
40:A2:DB:2C:8A:68,ALL,tcp,91.203.187.32,198,186979,109,8800,89,178179
40:A2:DB:2C:8A:68,ALL,tcp,99.86.122.137,63,19269,33,4137,30,15132
40:A2:DB:2C:8A:68,ALL,tcp,99.86.122.221,35,5455,17,2756,18,2699
40:A2:DB:2C:8A:68,ALL,tcp,99.86.122.76,17,2694,8,1345,9,1349
40:A2:DB:2C:8A:68,ALL,tcp,99.86.122.86,18,2761,9,1411,9,1350
40:A2:DB:2C:8A:68,ALL,tcp,99.86.127.71,75,82638,40,4596,35,78042
40:A2:DB:2C:8A:68,ALL,udp,3.214.58.173,6,540,3,270,3,270
40:A2:DB:2C:8A:68,ALL,udp,34.226.24.249,4,360,2,180,2,180
40:A2:DB:2C:8A:68,ALL,udp,34.236.6.206,2,180,1,90,1,90
40:A2:DB:2C:8A:68,ALL,udp,46.17.65.37,2,180,1,90,1,90
40:A2:DB:2C:8A:68,ALL,udp,51.68.44.27,2,180,1,90,1,90
40:A2:DB:2C:8A:68,ALL,udp,52.203.151.208,4,360,2,180,2,180
40:A2:DB:2C:8A:68,ALL,tls,100.21.0.103,379,202399,95,38793,284,163606
40:A2:DB:2C:8A:68,ALL,tls,100.26.14.217,40,36473,24,26788,16,9685
40:A2:DB:2C:8A:68,ALL,tls,107.23.108.62,38,33517,22,23294,16,10223
40:A2:DB:2C:8A:68,ALL,tls,107.23.153.61,38,35549,22,25326,16,10223
40:A2:DB:2C:8A:68,ALL,tls,108.138.179.76,51,32059,20,5448,31,26611
40:A2:DB:2C:8A:68,ALL,tls,108.138.181.195,48,22864,23,8871,25,13993
40:A2:DB:2C:8A:68,ALL,tls,108.156.57.75,32,22889,12,4311,20,18578
40:A2:DB:2C:8A:68,ALL,tls,108.157.19.49,8,6187,3,1082,5,5105
40:A2:DB:2C:8A:68,ALL,tls,13.225.233.147,30,15413,14,5100,16,10313
40:A2:DB:2C:8A:68,ALL,tls,13.225.235.83,64,45606,25,6721,39,38885
40:A2:DB:2C:8A:68,ALL,tls,13.249.9.114,14,7905,6,1151,8,6754
40:A2:DB:2C:8A:68,ALL,tls,13.249.9.70,27,15667,12,2271,15,13396
40:A2:DB:2C:8A:68,ALL,tls,13.32.158.17,26,107077,3,1021,23,106056
40:A2:DB:2C:8A:68,ALL,tls,13.32.158.66,57,302340,7,3225,50,299115
40:A2:DB:2C:8A:68,ALL,tls,146.75.73.16,398,917094,65,27191,333,889903
40:A2:DB:2C:8A:68,ALL,tls,176.32.101.46,26,28584,14,9234,12,19350
40:A2:DB:2C:8A:68,ALL,tls,176.32.98.108,20,22443,12,8860,8,13583
40:A2:DB:2C:8A:68,ALL,tls,18.155.120.74,3986,2900568,1568,419728,2418,2480840
40:A2:DB:2C:8A:68,ALL,tls,18.155.122.209,130,437710,24,11888,106,425822
40:A2:DB:2C:8A:68,ALL,tls,18.155.130.184,26,20764,12,4846,14,15918
40:A2:DB:2C:8A:68,ALL,tls,18.161.103.75,25,20058,10,2677,15,17381
40:A2:DB:2C:8A:68,ALL,tls,18.161.234.211,12,6535,5,1333,7,5202
40:A2:DB:2C:8A:68,ALL,tls,18.161.88.75,37,25193,15,3994,22,21199
40:A2:DB:2C:8A:68,ALL,tls,18.165.180.74,13,9478,5,1411,8,8067
40:A2:DB:2C:8A:68,ALL,tls,18.172.207.74,13,7992,5,1345,8,6647
40:A2:DB:2C:8A:68,ALL,tls,18.172.210.181,19,11273,9,3515,10,7758
40:A2:DB:2C:8A:68,ALL,tls,18.203.57.224,8823,9819502,3123,934199,5700,8885303
40:A2:DB:2C:8A:68,ALL,tls,18.205.100.7,88,79283,48,52720,40,26563
40:A2:DB:2C:8A:68,ALL,tls,18.205.85.213,39,35477,23,25254,16,10223
40:A2:DB:2C:8A:68,ALL,tls,18.208.88.131,34,31286,20,21686,14,9600
40:A2:DB:2C:8A:68,ALL,tls,18.211.103.112,38,34197,22,24512,16,9685
40:A2:DB:2C:8A:68,ALL,tls,18.214.77.14,33,28140,19,19078,14,9062
40:A2:DB:2C:8A:68,ALL,tls,18.233.46.225,290,315722,233,298401,57,17321
40:A2:DB:2C:8A:68,ALL,tls,18.234.8.50,17,14757,10,5564,7,9193
40:A2:DB:2C:8A:68,ALL,tls,18.239.32.55,18,10447,8,2591,10,7856
40:A2:DB:2C:8A:68,ALL,tls,18.239.38.68,8,7294,3,761,5,6533
40:A2:DB:2C:8A:68,ALL,tls,18.244.31.175,28,90645,5,2278,23,88367
40:A2:DB:2C:8A:68,ALL,tls,18.244.38.168,1081,5116280,120,74023,961,5042257
40:A2:DB:2C:8A:68,ALL,tls,18.244.38.192,802,3759112,91,55652,711,3703460
40:A2:DB:2C:8A:68,ALL,tls,18.244.38.214,101,525417,6,2438,95,522979
40:A2:DB:2C:8A:68,ALL,tls,18.244.38.32,325,1436780,38,22052,287,1414728
40:A2:DB:2C:8A:68,ALL,tls,18.244.38.8,459,2049644,58,33878,401,2015766
40:A2:DB:2C:8A:68,ALL,tls,18.244.38.90,102,512632,6,2438,96,510194
40:A2:DB:2C:8A:68,ALL,tls,18.66.164.76,452,317567,175,46823,277,270744
40:A2:DB:2C:8A:68,ALL,tls,18.66.165.150,303,159885,146,55046,157,104839
40:A2:DB:2C:8A:68,ALL,tls,18.66.212.125,8,7294,3,761,5,6533
40:A2:DB:2C:8A:68,ALL,tls,184.73.130.219,66,36677,23,14563,43,22114
40:A2:DB:2C:8A:68,ALL,tls,209.54.177.114,6,7183,3,1606,3,5577
40:A2:DB:2C:8A:68,ALL,tls,209.54.177.117,6,7183,3,1606,3,5577
40:A2:DB:2C:8A:68,ALL,tls,209.54.177.132,22,30641,12,8397,10,22244
40:A2:DB:2C:8A:68,ALL,tls,209.54.177.153,12,14366,6,3212,6,11154
40:A2:DB:2C:8A:68,ALL,tls,209.54.177.154,6,7183,3,1606,3,5577
40:A2:DB:2C:8A:68,ALL,tls,209.54.177.157,6,7183,3,1606,3,5577
40:A2:DB:2C:8A:68,ALL,tls,209.54.177.222,7,10196,4,2799,3,7397
40:A2:DB:2C:8A:68,ALL,tls,209.54.177.232,7,10196,4,2799,3,7397
40:A2:DB:2C:8A:68,ALL,tls,209.54.178.134,12,14334,6,3180,6,11154
40:A2:DB:2C:8A:68,ALL,tls,209.54.178.164,12,14366,6,3212,6,11154
40:A2:DB:2C:8A:68,ALL,tls,209.54.178.166,13,14449,6,3212,7,11237
40:A2:DB:2C:8A:68,ALL,tls,209.54.179.88,18,21549,9,4818,9,16731
40:A2:DB:2C:8A:68,ALL,tls,209.54.180.131,15,20475,8,5598,7,14877
40:A2:DB:2C:8A:68,ALL,tls,209.54.180.25,12,14366,6,3212,6,11154
40:A2:DB:2C:8A:68,ALL,tls,209.54.180.27,41,47772,22,12770,19,35002
40:A2:DB:2C:8A:68,ALL,tls,209.54.180.44,12,14366,6,3212,6,11154
40:A2:DB:2C:8A:68,ALL,tls,209.54.181.4,20,21159,11,7537,9,13622
40:A2:DB:2C:8A:68,ALL,tls,209.54.181.78,15,20474,8,5598,7,14876
40:A2:DB:2C:8A:68,ALL,tls,209.54.181.86,7,10196,4,2799,3,7397
40:A2:DB:2C:8A:68,ALL,tls,209.54.181.97,21,30588,12,8397,9,22191
40:A2:DB:2C:8A:68,ALL,tls,209.54.181.98,18,21549,9,4818,9,16731
40:A2:DB:2C:8A:68,ALL,tls,209.54.183.177,8,10196,4,1478,4,8718
40:A2:DB:2C:8A:68,ALL,tls,23.20.115.129,38,34716,22,25031,16,9685
40:A2:DB:2C:8A:68,ALL,tls,23.20.118.44,43,41517,27,31832,16,9685
40:A2:DB:2C:8A:68,ALL,tls,23.20.243.43,39,35699,23,26014,16,9685
40:A2:DB:2C:8A:68,ALL,tls,23.200.86.234,111,434219,14,6319,97,427900
40:A2:DB:2C:8A:68,ALL,tls,23.22.199.21,38,32994,22,23309,16,9685
40:A2:DB:2C:8A:68,ALL,tls,23.22.68.51,39,37501,23,27278,16,10223
40:A2:DB:2C:8A:68,ALL,tls,3.160.177.67,38,26640,15,3966,23,22674
40:A2:DB:2C:8A:68,ALL,tls,3.160.209.67,25,18018,10,2558,15,15460
40:A2:DB:2C:8A:68,ALL,tls,3.162.40.105,98,69951,42,12130,56,57821
40:A2:DB:2C:8A:68,ALL,tls,3.162.40.108,67,37125,33,10339,34,26786
40:A2:DB:2C:8A:68,ALL,tls,3.162.40.170,91,76773,36,9624,55,67149
40:A2:DB:2C:8A:68,ALL,tls,3.162.40.176,138,78384,63,19425,75,58959
40:A2:DB:2C:8A:68,ALL,tls,3.162.41.56,8,8160,3,1331,5,6829
40:A2:DB:2C:8A:68,ALL,tls,3.208.140.212,54,30557,19,12489,35,18068
40:A2:DB:2C:8A:68,ALL,tls,3.211.164.164,34,32312,20,22712,14,9600
40:A2:DB:2C:8A:68,ALL,tls,3.212.205.83,31,18352,11,6721,20,11631
40:A2:DB:2C:8A:68,ALL,tls,3.212.241.87,38,33616,22,23931,16,9685
40:A2:DB:2C:8A:68,ALL,tls,3.213.195.62,48,44825,30,33979,18,10846
40:A2:DB:2C:8A:68,ALL,tls,3.217.74.251,38,34267,22,24582,16,9685
40:A2:DB:2C:8A:68,ALL,tls,3.218.205.64,84,78011,50,57480,34,20531
40:A2:DB:2C:8A:68,ALL,tls,3.219.130.117,12,10359,4,3166,8,7193
40:A2:DB:2C:8A:68,ALL,tls,3.220.182.54,56,32029,26,22809,30,9220
40:A2:DB:2C:8A:68,ALL,tls,3.220.58.223,38,34731,22,25046,16,9685
40:A2:DB:2C:8A:68,ALL,tls,3.222.71.134,35,31633,21,22033,14,9600
40:A2:DB:2C:8A:68,ALL,tls,3.222.86.36,38,33392,22,23169,16,10223
40:A2:DB:2C:8A:68,ALL,tls,3.224.166.115,13,8311,4,2751,9,5560
40:A2:DB:2C:8A:68,ALL,tls,3.224.93.55,34,31416,20,22354,14,9062
40:A2:DB:2C:8A:68,ALL,tls,3.225.242.163,72,66380,42,47095,30,19285
40:A2:DB:2C:8A:68,ALL,tls,3.226.173.58,38,34304,22,24619,16,9685
40:A2:DB:2C:8A:68,ALL,tls,3.226.196.104,28,15110,12,8228,16,6882
40:A2:DB:2C:8A:68,ALL,tls,3.227.250.129,15,10179,5,3085,10,7094
40:A2:DB:2C:8A:68,ALL,tls,3.227.250.136,15,9446,5,2352,10,7094
40:A2:DB:2C:8A:68,ALL,tls,3.227.250.138,15,10510,5,3416,10,7094
40:A2:DB:2C:8A:68,ALL,tls,3.227.250.142,14,8554,4,2988,10,5566
40:A2:DB:2C:8A:68,ALL,tls,3.227.250.150,15,9148,5,3502,10,5646
40:A2:DB:2C:8A:68,ALL,tls,3.227.250.154,15,10281,5,3187,10,7094
40:A2:DB:2C:8A:68,ALL,tls,3.227.250.160,30,16731,10,5367,20,11364
40:A2:DB:2C:8A:68,ALL,tls,3.227.250.162,15,9252,5,2158,10,7094
40:A2:DB:2C:8A:68,ALL,tls,3.227.250.176,15,9062,5,3416,10,5646
40:A2:DB:2C:8A:68,ALL,tls,3.227.250.191,15,10510,5,3416,10,7094
40:A2:DB:2C:8A:68,ALL,tls,3.227.250.193,15,9062,5,3416,10,5646
40:A2:DB:2C:8A:68,ALL,tls,3.227.250.195,15,10510,5,3416,10,7094
40:A2:DB:2C:8A:68,ALL,tls,3.227.250.197,15,10478,5,3384,10,7094
40:A2:DB:2C:8A:68,ALL,tls,3.227.250.201,15,10281,5,3187,10,7094
40:A2:DB:2C:8A:68,ALL,tls,3.227.250.203,15,10478,5,3384,10,7094
40:A2:DB:2C:8A:68,ALL,tls,3.227.250.205,15,9306,5,2212,10,7094
40:A2:DB:2C:8A:68,ALL,tls,3.227.250.208,30,17156,10,4416,20,12740
40:A2:DB:2C:8A:68,ALL,tls,3.227.250.213,15,9158,5,3470,10,5688
40:A2:DB:2C:8A:68,ALL,tls,3.227.250.215,15,9178,5,2084,10,7094
40:A2:DB:2C:8A:68,ALL,tls,3.227.250.219,15,8821,5,3155,10,5666
40:A2:DB:2C:8A:68,ALL,tls,3.227.250.220,15,9264,5,2170,10,7094
40:A2:DB:2C:8A:68,ALL,tls,3.227.250.224,15,10510,5,3416,10,7094
40:A2:DB:2C:8A:68,ALL,tls,3.227.250.225,15,8018,5,2352,10,5666
40:A2:DB:2C:8A:68,ALL,tls,3.227.250.251,30,20028,10,5840,20,14188
40:A2:DB:2C:8A:68,ALL,tls,3.227.250.254,29,17634,10,5968,19,11666
40:A2:DB:2C:8A:68,ALL,tls,3.227.250.255,15,7962,5,2308,10,5654
40:A2:DB:2C:8A:68,ALL,tls,3.229.211.131,34,30875,20,21813,14,9062
40:A2:DB:2C:8A:68,ALL,tls,3.232.127.207,541,613257,447,581699,94,31558
40:A2:DB:2C:8A:68,ALL,tls,3.232.13.221,77,70403,45,50495,32,19908
40:A2:DB:2C:8A:68,ALL,tls,3.234.165.228,35,23350,11,6868,24,16482
40:A2:DB:2C:8A:68,ALL,tls,3.237.107.6,15,10510,5,3416,10,7094
40:A2:DB:2C:8A:68,ALL,tls,3.237.53.195,47,32012,15,10087,32,21925
40:A2:DB:2C:8A:68,ALL,tls,3.253.167.59,47,46274,25,15557,22,30717
40:A2:DB:2C:8A:68,ALL,tls,3.253.180.77,22,22918,10,6682,12,16236
40:A2:DB:2C:8A:68,ALL,tls,3.253.183.190,18,17457,10,6769,8,10688
40:A2:DB:2C:8A:68,ALL,tls,3.81.247.209,40,36852,24,26629,16,10223
40:A2:DB:2C:8A:68,ALL,tls,3.82.137.139,38,33935,22,23712,16,10223
40:A2:DB:2C:8A:68,ALL,tls,3.91.171.128,15,10510,5,3416,10,7094
40:A2:DB:2C:8A:68,ALL,tls,3.91.171.131,15,9244,5,3598,10,5646
40:A2:DB:2C:8A:68,ALL,tls,3.91.171.149,15,10672,5,3566,10,7106
40:A2:DB:2C:8A:68,ALL,tls,3.91.171.151,15,9306,5,2212,10,7094
40:A2:DB:2C:8A:68,ALL,tls,3.91.171.153,15,10596,5,3502,10,7094
40:A2:DB:2C:8A:68,ALL,tls,3.91.171.156,15,8731,5,3085,10,5646
40:A2:DB:2C:8A:68,ALL,tls,3.91.171.216,15,10564,5,3470,10,7094
40:A2:DB:2C:8A:68,ALL,tls,3.91.171.220,44,29081,14,7879,30,21202
40:A2:DB:2C:8A:68,ALL,tls,3.91.171.221,15,6944,5,2470,10,4474
40:A2:DB:2C:8A:68,ALL,tls,3.91.171.229,15,10293,5,3187,10,7106
40:A2:DB:2C:8A:68,ALL,tls,3.91.171.231,30,19742,10,5554,20,14188
40:A2:DB:2C:8A:68,ALL,tls,3.91.171.237,15,8719,5,3053,10,5666
40:A2:DB:2C:8A:68,ALL,tls,3.91.171.238,15,9394,5,2300,10,7094
40:A2:DB:2C:8A:68,ALL,tls,3.91.171.240,30,20973,10,6785,20,14188
40:A2:DB:2C:8A:68,ALL,tls,3.91.171.242,15,9252,5,2158,10,7094
40:A2:DB:2C:8A:68,ALL,tls,3.91.171.244,30,19343,10,6603,20,12740
40:A2:DB:2C:8A:68,ALL,tls,3.91.171.248,15,7617,5,3155,10,4462
40:A2:DB:2C:8A:68,ALL,tls,3.91.171.249,14,9360,5,2332,9,7028
40:A2:DB:2C:8A:68,ALL,tls,3.91.171.251,15,9244,5,3598,10,5646
40:A2:DB:2C:8A:68,ALL,tls,34.117.13.189,40,31438,24,5524,16,25914
40:A2:DB:2C:8A:68,ALL,tls,34.192.115.84,39,35223,23,25538,16,9685
40:A2:DB:2C:8A:68,ALL,tls,34.192.154.181,17,6954,8,5500,9,1454
40:A2:DB:2C:8A:68,ALL,tls,34.195.136.47,38,34559,22,24874,16,9685
40:A2:DB:2C:8A:68,ALL,tls,34.195.153.29,274,307246,218,281586,56,25660
40:A2:DB:2C:8A:68,ALL,tls,34.195.16.139,8,7479,5,2998,3,4481
40:A2:DB:2C:8A:68,ALL,tls,34.198.66.232,39,34109,23,25334,16,8775
40:A2:DB:2C:8A:68,ALL,tls,34.199.95.114,38,34316,22,24631,16,9685
40:A2:DB:2C:8A:68,ALL,tls,34.210.228.239,143,78743,33,14156,110,64587
40:A2:DB:2C:8A:68,ALL,tls,34.224.55.49,12,10390,4,3197,8,7193
40:A2:DB:2C:8A:68,ALL,tls,34.226.182.0,38,34976,22,25291,16,9685
40:A2:DB:2C:8A:68,ALL,tls,34.228.94.124,11,10190,4,3094,7,7096
40:A2:DB:2C:8A:68,ALL,tls,34.230.181.204,39,35708,23,25485,16,10223
40:A2:DB:2C:8A:68,ALL,tls,34.232.93.236,296,311916,229,288776,67,23140
40:A2:DB:2C:8A:68,ALL,tls,34.239.216.180,8,2967,3,2207,5,760
40:A2:DB:2C:8A:68,ALL,tls,35.153.45.34,39,32806,23,25479,16,7327
40:A2:DB:2C:8A:68,ALL,tls,35.155.9.57,97,53446,22,9222,75,44224
40:A2:DB:2C:8A:68,ALL,tls,35.161.96.40,156,81876,36,15104,120,66772
40:A2:DB:2C:8A:68,ALL,tls,35.164.182.2,273,149676,63,27032,210,122644
40:A2:DB:2C:8A:68,ALL,tls,35.166.62.210,130,70707,30,12649,100,58058
40:A2:DB:2C:8A:68,ALL,tls,35.167.225.196,156,85390,36,15722,120,69668
40:A2:DB:2C:8A:68,ALL,tls,35.168.38.187,38,33989,22,24304,16,9685
40:A2:DB:2C:8A:68,ALL,tls,35.171.72.122,38,34310,22,24625,16,9685
40:A2:DB:2C:8A:68,ALL,tls,35.174.51.236,293,317319,230,290530,63,26789
40:A2:DB:2C:8A:68,ALL,tls,44.197.43.221,40,23581,18,15873,22,7708
40:A2:DB:2C:8A:68,ALL,tls,44.203.165.173,40,37857,24,27634,16,10223
40:A2:DB:2C:8A:68,ALL,tls,44.205.200.128,12,10400,4,3207,8,7193
40:A2:DB:2C:8A:68,ALL,tls,44.207.176.59,39,33973,23,25198,16,8775
40:A2:DB:2C:8A:68,ALL,tls,44.213.25.251,38,34974,22,24751,16,10223
40:A2:DB:2C:8A:68,ALL,tls,44.215.114.101,13,12624,8,7161,5,5463
40:A2:DB:2C:8A:68,ALL,tls,44.215.115.210,43,42887,26,26588,17,16299
40:A2:DB:2C:8A:68,ALL,tls,44.215.116.69,11,11986,5,3415,6,8571
40:A2:DB:2C:8A:68,ALL,tls,44.215.129.169,9,7784,4,1518,5,6266
40:A2:DB:2C:8A:68,ALL,tls,44.215.132.72,9,8368,5,2978,4,5390
40:A2:DB:2C:8A:68,ALL,tls,44.215.133.95,18,15568,8,3036,10,12532
40:A2:DB:2C:8A:68,ALL,tls,44.215.134.100,22,28677,10,6830,12,21847
40:A2:DB:2C:8A:68,ALL,tls,44.215.134.203,9,8368,5,2978,4,5390
40:A2:DB:2C:8A:68,ALL,tls,44.215.141.160,22,27146,10,6830,12,20316
40:A2:DB:2C:8A:68,ALL,tls,44.215.142.74,24,25984,15,15153,9,10831
40:A2:DB:2C:8A:68,ALL,tls,44.215.143.151,36,33472,20,11912,16,21560
40:A2:DB:2C:8A:68,ALL,tls,44.217.141.182,12,10361,4,3168,8,7193
40:A2:DB:2C:8A:68,ALL,tls,44.225.45.107,130,69219,30,12607,100,56612
40:A2:DB:2C:8A:68,ALL,tls,44.226.67.213,182,98298,42,18463,140,79835
40:A2:DB:2C:8A:68,ALL,tls,44.227.96.221,104,52609,24,10507,80,42102
40:A2:DB:2C:8A:68,ALL,tls,44.228.215.143,182,96298,42,17915,140,78383
40:A2:DB:2C:8A:68,ALL,tls,44.231.61.240,169,91984,39,17238,130,74746
40:A2:DB:2C:8A:68,ALL,tls,44.234.113.198,104,55218,24,10221,80,44997
40:A2:DB:2C:8A:68,ALL,tls,44.240.184.205,117,64297,27,11323,90,52974
40:A2:DB:2C:8A:68,ALL,tls,50.16.101.24,38,33781,22,24096,16,9685
40:A2:DB:2C:8A:68,ALL,tls,50.16.128.54,39,36285,23,26062,16,10223
40:A2:DB:2C:8A:68,ALL,tls,50.19.109.159,5618,550564,2809,278091,2809,272473
40:A2:DB:2C:8A:68,ALL,tls,52.1.172.87,13,8296,4,2736,9,5560
40:A2:DB:2C:8A:68,ALL,tls,52.1.173.208,45,42838,27,31992,18,10846
40:A2:DB:2C:8A:68,ALL,tls,52.11.127.249,195,103902,45,18988,150,84914
40:A2:DB:2C:8A:68,ALL,tls,52.119.196.31,13,14417,6,3180,7,11237
40:A2:DB:2C:8A:68,ALL,tls,52.119.198.101,12,14366,6,3212,6,11154
40:A2:DB:2C:8A:68,ALL,tls,52.119.198.106,12,14366,6,3212,6,11154
40:A2:DB:2C:8A:68,ALL,tls,52.119.198.109,6,7183,3,1606,3,5577
40:A2:DB:2C:8A:68,ALL,tls,52.119.198.118,12,14366,6,3212,6,11154
40:A2:DB:2C:8A:68,ALL,tls,52.119.198.186,6,7183,3,1606,3,5577
40:A2:DB:2C:8A:68,ALL,tls,52.119.198.189,13,14449,6,3212,7,11237
40:A2:DB:2C:8A:68,ALL,tls,52.119.198.2,12,14366,6,3212,6,11154
40:A2:DB:2C:8A:68,ALL,tls,52.16.104.93,9952,11970205,3414,1057030,6538,10913175
40:A2:DB:2C:8A:68,ALL,tls,52.203.138.223,39,37615,23,27392,16,10223
40:A2:DB:2C:8A:68,ALL,tls,52.203.21.18,38,34269,22,24046,16,10223
40:A2:DB:2C:8A:68,ALL,tls,52.204.137.63,38,33965,22,24280,16,9685
40:A2:DB:2C:8A:68,ALL,tls,52.204.152.47,28,14793,12,7911,16,6882
40:A2:DB:2C:8A:68,ALL,tls,52.205.66.64,308,337596,229,295995,79,41601
40:A2:DB:2C:8A:68,ALL,tls,52.207.128.220,38,34590,22,24905,16,9685
40:A2:DB:2C:8A:68,ALL,tls,52.21.200.178,36,31833,20,22148,16,9685
40:A2:DB:2C:8A:68,ALL,tls,52.214.227.89,15427,17848261,5440,1684226,9987,16164035
40:A2:DB:2C:8A:68,ALL,tls,52.222.166.183,177,625326,24,11932,153,613394
40:A2:DB:2C:8A:68,ALL,tls,52.222.173.74,204,150869,80,21514,124,129355
40:A2:DB:2C:8A:68,ALL,tls,52.222.195.41,2846,1548796,1382,526771,1464,1022025
40:A2:DB:2C:8A:68,ALL,tls,52.222.196.206,9,7530,3,736,6,6794
40:A2:DB:2C:8A:68,ALL,tls,52.222.196.44,7,5910,3,736,4,5174
40:A2:DB:2C:8A:68,ALL,tls,52.222.199.122,38,150416,6,2895,32,147521
40:A2:DB:2C:8A:68,ALL,tls,52.27.163.92,130,71372,30,13312,100,58060
40:A2:DB:2C:8A:68,ALL,tls,52.36.138.241,387,215014,96,39740,291,175274
40:A2:DB:2C:8A:68,ALL,tls,52.37.30.201,195,104279,45,19362,150,84917
40:A2:DB:2C:8A:68,ALL,tls,52.39.190.49,115,59574,27,11698,88,47876
40:A2:DB:2C:8A:68,ALL,tls,52.4.100.208,39,46489,23,36266,16,10223
40:A2:DB:2C:8A:68,ALL,tls,52.4.158.24,78,71555,46,51647,32,19908
40:A2:DB:2C:8A:68,ALL,tls,52.42.206.78,182,100543,42,17812,140,82731
40:A2:DB:2C:8A:68,ALL,tls,52.46.128.80,8,10167,4,1478,4,8689
40:A2:DB:2C:8A:68,ALL,tls,52.46.128.81,30,35915,15,8030,15,27885
40:A2:DB:2C:8A:68,ALL,tls,52.46.131.168,8,10167,4,1478,4,8689
40:A2:DB:2C:8A:68,ALL,tls,52.46.131.169,48,57432,24,12816,24,44616
40:A2:DB:2C:8A:68,ALL,tls,52.46.131.184,7,7237,3,1606,4,5631
40:A2:DB:2C:8A:68,ALL,tls,52.46.131.209,12,14366,6,3212,6,11154
40:A2:DB:2C:8A:68,ALL,tls,52.46.137.255,8,10196,4,1478,4,8718
40:A2:DB:2C:8A:68,ALL,tls,52.46.141.136,24,30808,12,8397,12,22411
40:A2:DB:2C:8A:68,ALL,tls,52.46.143.123,18,21517,9,4786,9,16731
40:A2:DB:2C:8A:68,ALL,tls,52.46.144.82,22,30673,12,8429,10,22244
40:A2:DB:2C:8A:68,ALL,tls,52.46.145.112,8,9487,5,3180,3,6307
40:A2:DB:2C:8A:68,ALL,tls,52.46.146.126,12,14366,6,3212,6,11154
40:A2:DB:2C:8A:68,ALL,tls,52.46.149.20,6,7151,3,1574,3,5577
40:A2:DB:2C:8A:68,ALL,tls,52.46.149.29,6,7183,3,1606,3,5577
40:A2:DB:2C:8A:68,ALL,tls,52.46.155.116,23,30753,12,8397,11,22356
40:A2:DB:2C:8A:68,ALL,tls,52.46.158.193,12,14366,6,3212,6,11154
40:A2:DB:2C:8A:68,ALL,tls,52.54.36.84,38,30054,20,11133,18,18921
40:A2:DB:2C:8A:68,ALL,tls,52.7.205.185,80,74828,48,54826,32,20002
40:A2:DB:2C:8A:68,ALL,tls,52.70.101.206,277,300251,219,280013,58,20238
40:A2:DB:2C:8A:68,ALL,tls,52.72.185.78,38,32778,22,23093,16,9685
40:A2:DB:2C:8A:68,ALL,tls,52.73.50.224,45,22369,19,13967,26,8402
40:A2:DB:2C:8A:68,ALL,tls,52.84.170.76,91,64700,35,9308,56,55392
40:A2:DB:2C:8A:68,ALL,tls,52.84.180.239,14,31642,3,1052,11,30590
40:A2:DB:2C:8A:68,ALL,tls,52.84.191.74,129,95322,51,13449,78,81873
40:A2:DB:2C:8A:68,ALL,tls,52.84.214.74,103,72443,40,10812,63,61631
40:A2:DB:2C:8A:68,ALL,tls,52.85.120.82,12,7940,5,1410,7,6530
40:A2:DB:2C:8A:68,ALL,tls,52.94.217.61,101,120283,45,26002,56,94281
40:A2:DB:2C:8A:68,ALL,tls,52.94.218.244,49,57847,22,12386,27,45461
40:A2:DB:2C:8A:68,ALL,tls,52.94.220.255,107,128065,48,29620,59,98445
40:A2:DB:2C:8A:68,ALL,tls,52.94.231.169,24,28732,12,6424,12,22308
40:A2:DB:2C:8A:68,ALL,tls,52.94.240.240,12,14366,6,3212,6,11154
40:A2:DB:2C:8A:68,ALL,tls,52.94.241.146,6,7183,3,1606,3,5577
40:A2:DB:2C:8A:68,ALL,tls,52.94.242.236,12,14366,6,3212,6,11154
40:A2:DB:2C:8A:68,ALL,tls,52.95.119.232,6,7311,3,1179,3,6132
40:A2:DB:2C:8A:68,ALL,tls,52.95.123.112,97,117306,44,24999,53,92307
40:A2:DB:2C:8A:68,ALL,tls,52.95.123.17,89,102356,39,24776,50,77580
40:A2:DB:2C:8A:68,ALL,tls,52.95.124.103,117,137946,53,30905,64,107041
40:A2:DB:2C:8A:68,ALL,tls,52.95.125.12,104,128799,50,27792,54,101007
40:A2:DB:2C:8A:68,ALL,tls,52.95.126.126,56,63426,27,15382,29,48044
40:A2:DB:2C:8A:68,ALL,tls,52.95.127.117,66,78179,30,16799,36,61380
40:A2:DB:2C:8A:68,ALL,tls,54.161.84.13,42,23602,15,11028,27,12574
40:A2:DB:2C:8A:68,ALL,tls,54.166.101.241,21,12464,8,6210,13,6254
40:A2:DB:2C:8A:68,ALL,tls,54.173.198.118,39,37163,23,26940,16,10223
40:A2:DB:2C:8A:68,ALL,tls,54.174.80.13,75,66678,43,46770,32,19908
40:A2:DB:2C:8A:68,ALL,tls,54.187.92.102,234,123432,54,23271,180,100161
40:A2:DB:2C:8A:68,ALL,tls,54.192.217.204,120,70821,60,22336,60,48485
40:A2:DB:2C:8A:68,ALL,tls,54.192.219.13,9,7389,3,761,6,6628
40:A2:DB:2C:8A:68,ALL,tls,54.192.219.143,14,4122,6,2014,8,2108
40:A2:DB:2C:8A:68,ALL,tls,54.201.253.231,91,50253,21,8888,70,41365
40:A2:DB:2C:8A:68,ALL,tls,54.205.113.109,41,36993,25,27068,16,9925
40:A2:DB:2C:8A:68,ALL,tls,54.209.4.131,35,32107,21,22507,14,9600
40:A2:DB:2C:8A:68,ALL,tls,54.209.44.8,32,19070,12,7388,20,11682
40:A2:DB:2C:8A:68,ALL,tls,54.226.11.35,29,16134,12,9186,17,6948
40:A2:DB:2C:8A:68,ALL,tls,54.235.158.5,39,34995,23,25310,16,9685
40:A2:DB:2C:8A:68,ALL,tls,54.235.163.0,34,30869,20,21807,14,9062
40:A2:DB:2C:8A:68,ALL,tls,54.239.33.155,74,88484,35,18991,39,69493
40:A2:DB:2C:8A:68,ALL,tls,54.239.35.210,68,78846,32,16588,36,62258
40:A2:DB:2C:8A:68,ALL,tls,54.239.35.211,113,133842,51,29094,62,104748
40:A2:DB:2C:8A:68,ALL,tls,54.246.178.107,32,14295,15,6084,17,8211
40:A2:DB:2C:8A:68,ALL,tls,54.68.57.171,130,71265,30,13207,100,58058
40:A2:DB:2C:8A:68,ALL,tls,54.70.5.180,169,91131,39,16382,130,74749
40:A2:DB:2C:8A:68,ALL,tls,54.71.86.13,104,55634,24,10635,80,44999
40:A2:DB:2C:8A:68,ALL,tls,54.73.54.181,24,12628,11,4992,13,7636
40:A2:DB:2C:8A:68,ALL,tls,54.84.214.32,40,34812,24,24589,16,10223
40:A2:DB:2C:8A:68,ALL,tls,54.86.203.154,45,39393,27,29085,18,10308
40:A2:DB:2C:8A:68,ALL,tls,54.88.199.193,38,34749,22,24526,16,10223
40:A2:DB:2C:8A:68,ALL,tls,54.91.3.155,39,35432,23,25209,16,10223
40:A2:DB:2C:8A:68,ALL,tls,63.34.107.182,24,12630,11,4992,13,7638
40:A2:DB:2C:8A:68,ALL,tls,67.220.240.35,8,10196,4,1478,4,8718
40:A2:DB:2C:8A:68,ALL,tls,67.220.240.92,9,10221,4,1478,5,8743
40:A2:DB:2C:8A:68,ALL,tls,72.21.207.143,12,14366,6,3212,6,11154
40:A2:DB:2C:8A:68,ALL,tls,72.44.62.198,107,98386,67,78792,40,19594
40:A2:DB:2C:8A:68,ALL,tls,91.203.187.32,40,75183,6,1986,34,73197
40:A2:DB:2C:8A:68,ALL,tls,99.86.122.137,21,15026,9,2529,12,12497
40:A2:DB:2C:8A:68,ALL,tls,99.86.122.221,11,3832,6,2014,5,1818
40:A2:DB:2C:8A:68,ALL,tls,99.86.122.76,5,1867,3,1007,2,860
40:A2:DB:2C:8A:68,ALL,tls,99.86.122.86,6,1965,3,1007,3,958
40:A2:DB:2C:8A:68,ALL,tls,99.86.127.71,20,29024,5,2278,15,26746
40:A2:DB:2C:8A:68,ALL,http,13.224.68.3,2,1571,1,240,1,1331
40:A2:DB:2C:8A:68,ALL,http,18.205.164.137,74,16835,37,9102,37,7733
40:A2:DB:2C:8A:68,ALL,http,18.205.231.10,28,6370,14,3444,14,2926
40:A2:DB:2C:8A:68,ALL,http,18.214.139.29,40,9100,20,4920,20,4180
40:A2:DB:2C:8A:68,ALL,http,18.223.183.157,2,455,1,246,1,209
40:A2:DB:2C:8A:68,ALL,http,18.235.193.42,26,5915,13,3198,13,2717
40:A2:DB:2C:8A:68,ALL,http,18.239.50.119,2,1572,1,240,1,1332
40:A2:DB:2C:8A:68,ALL,http,18.239.83.38,2,1583,1,251,1,1332
40:A2:DB:2C:8A:68,ALL,http,18.244.28.13,2,1572,1,240,1,1332
40:A2:DB:2C:8A:68,ALL,http,18.244.28.32,2,1572,1,240,1,1332
40:A2:DB:2C:8A:68,ALL,http,18.244.28.93,2,1572,1,240,1,1332
40:A2:DB:2C:8A:68,ALL,http,18.66.171.34,2,1583,1,251,1,1332
40:A2:DB:2C:8A:68,ALL,http,3.141.203.230,2,455,1,246,1,209
40:A2:DB:2C:8A:68,ALL,http,3.209.29.35,26,5915,13,3198,13,2717
40:A2:DB:2C:8A:68,ALL,http,3.217.92.140,38,8645,19,4674,19,3971
40:A2:DB:2C:8A:68,ALL,http,3.224.165.251,116,26390,58,14268,58,12122
40:A2:DB:2C:8A:68,ALL,http,3.225.54.172,50,11375,25,6150,25,5225
40:A2:DB:2C:8A:68,ALL,http,3.225.72.132,28,6370,14,3444,14,2926
40:A2:DB:2C:8A:68,ALL,http,3.230.12.18,24,5460,12,2952,12,2508
40:A2:DB:2C:8A:68,ALL,http,3.230.52.81,102,23205,51,12546,51,10659
40:A2:DB:2C:8A:68,ALL,http,3.231.62.225,34,7735,17,4182,17,3553
40:A2:DB:2C:8A:68,ALL,http,3.82.72.168,48,10920,24,5904,24,5016
40:A2:DB:2C:8A:68,ALL,http,3.86.169.245,32,7280,16,3936,16,3344
40:A2:DB:2C:8A:68,ALL,http,34.192.108.184,56,12740,28,6888,28,5852
40:A2:DB:2C:8A:68,ALL,http,34.194.238.19,82,18655,41,10086,41,8569
40:A2:DB:2C:8A:68,ALL,http,34.195.177.5,30,6825,15,3690,15,3135
40:A2:DB:2C:8A:68,ALL,http,34.229.36.20,80,18200,40,9840,40,8360
40:A2:DB:2C:8A:68,ALL,http,34.233.144.239,80,18200,40,9840,40,8360
40:A2:DB:2C:8A:68,ALL,http,44.194.74.27,46,10465,23,5658,23,4807
40:A2:DB:2C:8A:68,ALL,http,44.196.234.91,34,7735,17,4182,17,3553
40:A2:DB:2C:8A:68,ALL,http,44.208.95.157,42,9555,21,5166,21,4389
40:A2:DB:2C:8A:68,ALL,http,52.2.141.51,82,18655,41,10086,41,8569
40:A2:DB:2C:8A:68,ALL,http,52.203.71.253,40,9100,20,4920,20,4180
40:A2:DB:2C:8A:68,ALL,http,52.204.151.135,52,11830,26,6396,26,5434
40:A2:DB:2C:8A:68,ALL,http,52.205.114.27,34,7735,17,4182,17,3553
40:A2:DB:2C:8A:68,ALL,http,52.222.149.109,2,1583,1,251,1,1332
40:A2:DB:2C:8A:68,ALL,http,52.222.149.14,2,1583,1,251,1,1332
40:A2:DB:2C:8A:68,ALL,http,52.222.149.17,2,1583,1,251,1,1332
40:A2:DB:2C:8A:68,ALL,http,52.4.83.157,100,22750,50,12300,50,10450
40:A2:DB:2C:8A:68,ALL,http,52.71.65.85,40,9100,20,4920,20,4180
40:A2:DB:2C:8A:68,ALL,http,52.72.41.104,28,6370,14,3444,14,2926
40:A2:DB:2C:8A:68,ALL,http,54.83.51.141,44,10010,22,5412,22,4598
40:A2:DB:2C:8A:68,ALL,http,54.85.152.119,102,23205,51,12546,51,10659
40:A2:DB:2C:8A:68,ALL,http,54.85.204.168,28,6370,14,3444,14,2926
40:A2:DB:2C:8A:68,ALL,http,54.92.225.161,32,7280,16,3936,16,3344
40:A2:DB:2C:8A:68,ALL,ntp,3.214.58.173,6,540,3,270,3,270
40:A2:DB:2C:8A:68,ALL,ntp,34.226.24.249,4,360,2,180,2,180
40:A2:DB:2C:8A:68,ALL,ntp,34.236.6.206,2,180,1,90,1,90
40:A2:DB:2C:8A:68,ALL,ntp,46.17.65.37,2,180,1,90,1,90
40:A2:DB:2C:8A:68,ALL,ntp,51.68.44.27,2,180,1,90,1,90
40:A2:DB:2C:8A:68,ALL,ntp,52.203.151.208,4,360,2,180,2,180
40:A2:DB:2C:8A:68,ALL,https,100.21.0.103,980,265317,530,67459,450,197858
40:A2:DB:2C:8A:68,ALL,https,100.26.14.217,132,99033,76,86700,56,12333
40:A2:DB:2C:8A:68,ALL,https,107.23.108.62,111,84675,67,72608,44,12067
40:A2:DB:2C:8A:68,ALL,https,107.23.153.61,106,83481,64,71546,42,11935
40:A2:DB:2C:8A:68,ALL,https,108.138.179.76,126,41403,63,8318,63,33085
40:A2:DB:2C:8A:68,ALL,https,108.138.181.195,136,28712,68,11897,68,16815
40:A2:DB:2C:8A:68,ALL,https,108.156.57.75,69,25363,33,5713,36,19650
40:A2:DB:2C:8A:68,ALL,https,108.157.19.49,24,8675,13,1750,11,6925
40:A2:DB:2C:8A:68,ALL,https,13.225.233.147,81,18807,41,6914,40,11893
40:A2:DB:2C:8A:68,ALL,https,13.225.235.83,164,53772,86,10787,78,42985
40:A2:DB:2C:8A:68,ALL,https,13.249.9.114,35,9319,19,2017,16,7302
40:A2:DB:2C:8A:68,ALL,https,13.249.9.70,67,18339,35,3805,32,14534
40:A2:DB:2C:8A:68,ALL,https,13.32.158.17,161,287351,94,7035,67,280316
40:A2:DB:2C:8A:68,ALL,https,13.32.158.66,335,549172,230,17951,105,531221
40:A2:DB:2C:8A:68,ALL,https,146.75.73.16,2110,2190518,1353,111991,757,2078527
40:A2:DB:2C:8A:68,ALL,https,176.32.101.46,76,43060,44,22594,32,20466
40:A2:DB:2C:8A:68,ALL,https,176.32.98.108,60,34887,35,20362,25,14525
40:A2:DB:2C:8A:68,ALL,https,18.155.120.74,9574,3295708,4853,639042,4721,2656666
40:A2:DB:2C:8A:68,ALL,https,18.155.122.209,655,825154,453,40234,202,784920
40:A2:DB:2C:8A:68,ALL,https,18.155.130.184,82,24550,42,6870,40,17680
40:A2:DB:2C:8A:68,ALL,https,18.161.103.75,63,22644,32,4145,31,18499
40:A2:DB:2C:8A:68,ALL,https,18.161.234.211,30,9167,15,2001,15,7166
40:A2:DB:2C:8A:68,ALL,https,18.161.88.75,93,31885,45,5998,48,25887
40:A2:DB:2C:8A:68,ALL,https,18.165.180.74,31,10682,16,2145,15,8537
40:A2:DB:2C:8A:68,ALL,https,18.172.207.74,31,10624,15,2013,16,8611
40:A2:DB:2C:8A:68,ALL,https,18.172.210.181,59,15384,29,4859,30,10525
40:A2:DB:2C:8A:68,ALL,https,18.203.57.224,20333,14911590,9408,4255169,10925,10656421
40:A2:DB:2C:8A:68,ALL,https,18.205.100.7,266,170683,158,139644,108,31039
40:A2:DB:2C:8A:68,ALL,https,18.205.85.213,116,85499,67,73054,49,12445
40:A2:DB:2C:8A:68,ALL,https,18.208.88.131,111,79836,63,67972,48,11864
40:A2:DB:2C:8A:68,ALL,https,18.211.103.112,116,75549,68,63756,48,11793
40:A2:DB:2C:8A:68,ALL,https,18.214.77.14,104,73386,59,62270,45,11116
40:A2:DB:2C:8A:68,ALL,https,18.233.46.225,1323,1210728,880,1167951,443,42777
40:A2:DB:2C:8A:68,ALL,https,18.234.8.50,58,23534,36,13088,22,10446
40:A2:DB:2C:8A:68,ALL,https,18.239.32.55,45,12237,23,3597,22,8640
40:A2:DB:2C:8A:68,ALL,https,18.239.38.68,21,8156,11,1297,10,6859
40:A2:DB:2C:8A:68,ALL,https,18.244.31.175,129,153007,89,7830,40,145177
40:A2:DB:2C:8A:68,ALL,https,18.244.38.168,4752,10240962,2827,252765,1925,9988197
40:A2:DB:2C:8A:68,ALL,https,18.244.38.192,4469,7631130,3008,248226,1461,7382904
40:A2:DB:2C:8A:68,ALL,https,18.244.38.214,627,1414085,322,23310,305,1390775
40:A2:DB:2C:8A:68,ALL,https,18.244.38.32,1115,3106872,437,48430,678,3058442
40:A2:DB:2C:8A:68,ALL,https,18.244.38.8,2178,4102382,1351,119300,827,3983082
40:A2:DB:2C:8A:68,ALL,https,18.244.38.90,559,1409610,252,18702,307,1390908
40:A2:DB:2C:8A:68,ALL,https,18.66.164.76,1050,366373,525,70203,525,296170
40:A2:DB:2C:8A:68,ALL,https,18.66.165.150,868,200615,444,75066,424,125549
40:A2:DB:2C:8A:68,ALL,https,18.66.212.125,22,8222,12,1363,10,6859
40:A2:DB:2C:8A:68,ALL,https,184.73.130.219,183,61799,97,35423,86,26376
40:A2:DB:2C:8A:68,ALL,https,209.54.177.114,17,7809,10,2004,7,5805
40:A2:DB:2C:8A:68,ALL,https,209.54.177.117,18,7863,10,2004,8,5859
40:A2:DB:2C:8A:68,ALL,https,209.54.177.132,58,32681,35,9699,23,22982
40:A2:DB:2C:8A:68,ALL,https,209.54.177.153,34,15618,20,4008,14,11610
40:A2:DB:2C:8A:68,ALL,https,209.54.177.154,17,7809,10,2004,7,5805
40:A2:DB:2C:8A:68,ALL,https,209.54.177.157,18,7863,10,2004,8,5859
40:A2:DB:2C:8A:68,ALL,https,209.54.177.222,18,10822,11,3197,7,7625
40:A2:DB:2C:8A:68,ALL,https,209.54.177.232,20,10930,11,3197,9,7733
40:A2:DB:2C:8A:68,ALL,https,209.54.178.134,34,15586,20,3976,14,11610
40:A2:DB:2C:8A:68,ALL,https,209.54.178.164,33,15564,20,4008,13,11556
40:A2:DB:2C:8A:68,ALL,https,209.54.178.166,36,15755,20,4008,16,11747
40:A2:DB:2C:8A:68,ALL,https,209.54.179.88,52,23481,30,6012,22,17469
40:A2:DB:2C:8A:68,ALL,https,209.54.180.131,40,21889,24,6502,16,15387
40:A2:DB:2C:8A:68,ALL,https,209.54.180.25,34,15618,20,4008,14,11610
40:A2:DB:2C:8A:68,ALL,https,209.54.180.27,119,56556,70,19862,49,36694
40:A2:DB:2C:8A:68,ALL,https,209.54.180.44,34,15618,20,4008,14,11610
40:A2:DB:2C:8A:68,ALL,https,209.54.181.4,53,27385,30,12983,23,14402
40:A2:DB:2C:8A:68,ALL,https,209.54.181.78,41,21942,22,6394,19,15548
40:A2:DB:2C:8A:68,ALL,https,209.54.181.86,18,10822,11,3197,7,7625
40:A2:DB:2C:8A:68,ALL,https,209.54.181.97,57,32628,35,9699,22,22929
40:A2:DB:2C:8A:68,ALL,https,209.54.181.98,51,23427,30,6012,21,17415
40:A2:DB:2C:8A:68,ALL,https,209.54.183.177,21,10930,13,1984,8,8946
40:A2:DB:2C:8A:68,ALL,https,23.20.115.129,115,78910,70,67303,45,11607
40:A2:DB:2C:8A:68,ALL,https,23.20.118.44,156,118483,96,105898,60,12585
40:A2:DB:2C:8A:68,ALL,https,23.20.243.43,116,87121,68,75328,48,11793
40:A2:DB:2C:8A:68,ALL,https,23.200.86.234,561,796919,384,30695,177,766224
40:A2:DB:2C:8A:68,ALL,https,23.22.199.21,110,79742,64,68081,46,11661
40:A2:DB:2C:8A:68,ALL,https,23.22.68.51,113,90185,69,78106,44,12079
40:A2:DB:2C:8A:68,ALL,https,3.160.177.67,92,30298,47,6102,45,24196
40:A2:DB:2C:8A:68,ALL,https,3.160.209.67,61,21900,29,3828,32,18072
40:A2:DB:2C:8A:68,ALL,https,3.162.40.105,280,82105,146,19130,134,62975
40:A2:DB:2C:8A:68,ALL,https,3.162.40.108,207,46564,105,15179,102,31385
40:A2:DB:2C:8A:68,ALL,https,3.162.40.170,255,87669,139,16530,116,71139
40:A2:DB:2C:8A:68,ALL,https,3.162.40.176,403,96032,207,29109,196,66923
40:A2:DB:2C:8A:68,ALL,https,3.162.41.56,24,9220,13,1999,11,7221
40:A2:DB:2C:8A:68,ALL,https,3.208.140.212,155,51723,83,31233,72,20490
40:A2:DB:2C:8A:68,ALL,https,3.211.164.164,111,80838,69,69394,42,11444
40:A2:DB:2C:8A:68,ALL,https,3.212.205.83,89,30880,48,17875,41,13005
40:A2:DB:2C:8A:68,ALL,https,3.212.241.87,115,80694,72,69231,43,11463
40:A2:DB:2C:8A:68,ALL,https,3.213.195.62,169,135351,110,121803,59,13548
40:A2:DB:2C:8A:68,ALL,https,3.217.74.251,104,74827,60,63298,44,11529
40:A2:DB:2C:8A:68,ALL,https,3.218.205.64,245,184213,144,159268,101,24945
40:A2:DB:2C:8A:68,ALL,https,3.219.130.117,30,11551,17,4032,13,7519
40:A2:DB:2C:8A:68,ALL,https,3.220.182.54,179,64787,95,52027,84,12760
40:A2:DB:2C:8A:68,ALL,https,3.220.58.223,114,78847,70,67318,44,11529
40:A2:DB:2C:8A:68,ALL,https,3.222.71.134,110,85831,67,74309,43,11522
40:A2:DB:2C:8A:68,ALL,https,3.222.86.36,122,80932,72,68469,50,12463
40:A2:DB:2C:8A:68,ALL,https,3.224.166.115,34,12597,19,6645,15,5952
40:A2:DB:2C:8A:68,ALL,https,3.224.93.55,106,75268,66,64494,40,10774
40:A2:DB:2C:8A:68,ALL,https,3.225.242.163,225,157574,138,134535,87,23039
40:A2:DB:2C:8A:68,ALL,https,3.226.173.58,110,76720,69,65377,41,11343
40:A2:DB:2C:8A:68,ALL,https,3.226.196.104,88,33562,48,25108,40,8454
40:A2:DB:2C:8A:68,ALL,https,3.227.250.129,33,11359,17,3873,16,7486
40:A2:DB:2C:8A:68,ALL,https,3.227.250.136,35,12186,21,4832,14,7354
40:A2:DB:2C:8A:68,ALL,https,3.227.250.138,33,11690,17,4204,16,7486
40:A2:DB:2C:8A:68,ALL,https,3.227.250.142,35,11392,17,3854,18,7538
40:A2:DB:2C:8A:68,ALL,https,3.227.250.150,37,12040,20,4488,17,7552
40:A2:DB:2C:8A:68,ALL,https,3.227.250.154,33,11461,17,3975,16,7486
40:A2:DB:2C:8A:68,ALL,https,3.227.250.160,76,23961,42,8857,34,15104
40:A2:DB:2C:8A:68,ALL,https,3.227.250.162,32,11806,18,4452,14,7354
40:A2:DB:2C:8A:68,ALL,https,3.227.250.176,38,12020,21,4468,17,7552
40:A2:DB:2C:8A:68,ALL,https,3.227.250.191,33,11690,17,4204,16,7486
40:A2:DB:2C:8A:68,ALL,https,3.227.250.193,34,11756,17,4204,17,7552
40:A2:DB:2C:8A:68,ALL,https,3.227.250.195,36,11888,20,4402,16,7486
40:A2:DB:2C:8A:68,ALL,https,3.227.250.197,36,11856,20,4370,16,7486
40:A2:DB:2C:8A:68,ALL,https,3.227.250.201,34,11527,20,4173,14,7354
40:A2:DB:2C:8A:68,ALL,https,3.227.250.203,36,11856,20,4370,16,7486
40:A2:DB:2C:8A:68,ALL,https,3.227.250.205,36,12070,21,4650,15,7420
40:A2:DB:2C:8A:68,ALL,https,3.227.250.208,73,24260,42,9354,31,14906
40:A2:DB:2C:8A:68,ALL,https,3.227.250.213,38,12074,21,4522,17,7552
40:A2:DB:2C:8A:68,ALL,https,3.227.250.215,36,11942,21,4522,15,7420
40:A2:DB:2C:8A:68,ALL,https,3.227.250.219,35,11561,20,4141,15,7420
40:A2:DB:2C:8A:68,ALL,https,3.227.250.220,33,11872,18,4452,15,7420
40:A2:DB:2C:8A:68,ALL,https,3.227.250.224,33,11690,17,4204,16,7486
40:A2:DB:2C:8A:68,ALL,https,3.227.250.225,36,12252,18,4634,18,7618
40:A2:DB:2C:8A:68,ALL,https,3.227.250.251,69,23942,38,9036,31,14906
40:A2:DB:2C:8A:68,ALL,https,3.227.250.254,72,24140,41,9234,31,14906
40:A2:DB:2C:8A:68,ALL,https,3.227.250.255,37,12286,21,4800,16,7486
40:A2:DB:2C:8A:68,ALL,https,3.229.211.131,103,75977,67,65467,36,10510
40:A2:DB:2C:8A:68,ALL,https,3.232.127.207,2558,2343599,1673,2259815,885,83784
40:A2:DB:2C:8A:68,ALL,https,3.232.13.221,215,164951,130,141553,85,23398
40:A2:DB:2C:8A:68,ALL,https,3.234.165.228,95,33114,52,15390,43,17724
40:A2:DB:2C:8A:68,ALL,https,3.237.107.6,37,11954,21,4468,16,7486
40:A2:DB:2C:8A:68,ALL,https,3.237.53.195,131,44812,71,21055,60,23757
40:A2:DB:2C:8A:68,ALL,https,3.253.167.59,116,55126,73,20087,43,35039
40:A2:DB:2C:8A:68,ALL,https,3.253.180.77,65,34026,37,8480,28,25546
40:A2:DB:2C:8A:68,ALL,https,3.253.183.190,44,19205,28,7973,16,11232
40:A2:DB:2C:8A:68,ALL,https,3.81.247.209,115,92498,72,80485,43,12013
40:A2:DB:2C:8A:68,ALL,https,3.82.137.139,110,80695,64,68484,46,12211
40:A2:DB:2C:8A:68,ALL,https,3.91.171.128,36,11888,20,4402,16,7486
40:A2:DB:2C:8A:68,ALL,https,3.91.171.131,34,11938,17,4386,17,7552
40:A2:DB:2C:8A:68,ALL,https,3.91.171.149,37,12116,21,4618,16,7498
40:A2:DB:2C:8A:68,ALL,https,3.91.171.151,36,12070,21,4650,15,7420
40:A2:DB:2C:8A:68,ALL,https,3.91.171.153,37,12040,21,4554,16,7486
40:A2:DB:2C:8A:68,ALL,https,3.91.171.156,34,11425,17,3873,17,7552
40:A2:DB:2C:8A:68,ALL,https,3.91.171.216,35,11876,21,4522,14,7354
40:A2:DB:2C:8A:68,ALL,https,3.91.171.220,103,35781,57,13535,46,22246
40:A2:DB:2C:8A:68,ALL,https,3.91.171.221,38,12384,22,4898,16,7486
40:A2:DB:2C:8A:68,ALL,https,3.91.171.229,36,11671,20,4173,16,7498
40:A2:DB:2C:8A:68,ALL,https,3.91.171.231,72,23926,41,9020,31,14906
40:A2:DB:2C:8A:68,ALL,https,3.91.171.237,38,11657,21,4105,17,7552
40:A2:DB:2C:8A:68,ALL,https,3.91.171.238,36,12220,21,4800,15,7420
40:A2:DB:2C:8A:68,ALL,https,3.91.171.240,69,23531,37,8559,32,14972
40:A2:DB:2C:8A:68,ALL,https,3.91.171.242,33,11872,18,4452,15,7420
40:A2:DB:2C:8A:68,ALL,https,3.91.171.244,75,23745,42,8707,33,15038
40:A2:DB:2C:8A:68,ALL,https,3.91.171.248,39,11837,22,4273,17,7564
40:A2:DB:2C:8A:68,ALL,https,3.91.171.249,35,12186,21,4832,14,7354
40:A2:DB:2C:8A:68,ALL,https,3.91.171.251,38,12202,21,4650,17,7552
40:A2:DB:2C:8A:68,ALL,https,34.117.13.189,118,36682,72,8740,46,27942
40:A2:DB:2C:8A:68,ALL,https,34.192.115.84,116,89541,70,77880,46,11661
40:A2:DB:2C:8A:68,ALL,https,34.192.154.181,55,18158,29,15590,26,2568
40:A2:DB:2C:8A:68,ALL,https,34.195.136.47,104,76567,61,65104,43,11463
40:A2:DB:2C:8A:68,ALL,https,34.195.153.29,1242,1155966,830,1106826,412,49140
40:A2:DB:2C:8A:68,ALL,https,34.195.16.139,31,15011,20,9788,11,5223
40:A2:DB:2C:8A:68,ALL,https,34.198.66.232,121,88757,77,76690,44,12067
40:A2:DB:2C:8A:68,ALL,https,34.199.95.114,118,85948,75,74473,43,11475
40:A2:DB:2C:8A:68,ALL,https,34.210.228.239,360,100349,189,24540,171,75809
40:A2:DB:2C:8A:68,ALL,https,34.224.55.49,26,11318,13,3799,13,7519
40:A2:DB:2C:8A:68,ALL,https,34.226.182.0,111,80342,71,69077,40,11265
40:A2:DB:2C:8A:68,ALL,https,34.228.94.124,29,11413,16,3894,13,7519
40:A2:DB:2C:8A:68,ALL,https,34.230.181.204,120,84498,74,72299,46,12199
40:A2:DB:2C:8A:68,ALL,https,34.232.93.236,1325,1150218,854,1100418,471,49800
40:A2:DB:2C:8A:68,ALL,https,34.239.216.180,22,3895,11,2743,11,1152
40:A2:DB:2C:8A:68,ALL,https,35.153.45.34,117,88638,69,76307,48,12331
40:A2:DB:2C:8A:68,ALL,https,35.155.9.57,254,71108,135,16752,119,54356
40:A2:DB:2C:8A:68,ALL,https,35.161.96.40,398,109480,209,26618,189,82862
40:A2:DB:2C:8A:68,ALL,https,35.164.182.2,687,191564,361,46868,326,144696
40:A2:DB:2C:8A:68,ALL,https,35.166.62.210,324,90791,168,21837,156,68954
40:A2:DB:2C:8A:68,ALL,https,35.167.225.196,391,109636,204,26906,187,82730
40:A2:DB:2C:8A:68,ALL,https,35.168.38.187,117,78315,70,66576,47,11739
40:A2:DB:2C:8A:68,ALL,https,35.171.72.122,111,79688,71,68411,40,11277
40:A2:DB:2C:8A:68,ALL,https,35.174.51.236,1316,1187049,867,1134804,449,52245
40:A2:DB:2C:8A:68,ALL,https,44.197.43.221,129,49743,68,39477,61,10266
40:A2:DB:2C:8A:68,ALL,https,44.203.165.173,123,94019,73,81556,50,12463
40:A2:DB:2C:8A:68,ALL,https,44.205.200.128,26,11328,13,3809,13,7519
40:A2:DB:2C:8A:68,ALL,https,44.207.176.59,125,90381,78,78068,47,12313
40:A2:DB:2C:8A:68,ALL,https,44.213.25.251,116,90842,70,78607,46,12235
40:A2:DB:2C:8A:68,ALL,https,44.215.114.101,42,32858,30,26925,12,5933
40:A2:DB:2C:8A:68,ALL,https,44.215.115.210,87,45823,53,28386,34,17437
40:A2:DB:2C:8A:68,ALL,https,44.215.116.69,38,28264,20,4413,18,23851
40:A2:DB:2C:8A:68,ALL,https,44.215.129.169,22,8658,13,2120,9,6538
40:A2:DB:2C:8A:68,ALL,https,44.215.132.72,24,9374,14,3580,10,5794
40:A2:DB:2C:8A:68,ALL,https,44.215.133.95,43,17250,26,4240,17,13010
40:A2:DB:2C:8A:68,ALL,https,44.215.134.100,70,56297,40,8826,30,47471
40:A2:DB:2C:8A:68,ALL,https,44.215.134.203,24,9374,14,3580,10,5794
40:A2:DB:2C:8A:68,ALL,https,44.215.141.160,72,56362,40,8826,32,47536
40:A2:DB:2C:8A:68,ALL,https,44.215.142.74,86,65788,58,53687,28,12101
40:A2:DB:2C:8A:68,ALL,https,44.215.143.151,95,37418,56,14320,39,23098
40:A2:DB:2C:8A:68,ALL,https,44.217.141.182,28,11421,15,3902,13,7519
40:A2:DB:2C:8A:68,ALL,https,44.225.45.107,332,91279,176,22323,156,68956
40:A2:DB:2C:8A:68,ALL,https,44.226.67.213,456,128022,237,31445,219,96577
40:A2:DB:2C:8A:68,ALL,https,44.227.96.221,265,73403,136,17963,129,55440
40:A2:DB:2C:8A:68,ALL,https,44.228.215.143,459,127668,240,31095,219,96573
40:A2:DB:2C:8A:68,ALL,https,44.231.61.240,427,119188,225,29594,202,89594
40:A2:DB:2C:8A:68,ALL,https,44.234.113.198,261,72852,136,17677,125,55175
40:A2:DB:2C:8A:68,ALL,https,44.240.184.205,294,81807,155,19843,139,61964
40:A2:DB:2C:8A:68,ALL,https,50.16.101.24,117,81015,72,69396,45,11619
40:A2:DB:2C:8A:68,ALL,https,50.16.128.54,116,83375,73,71362,43,12013
40:A2:DB:2C:8A:68,ALL,https,50.19.109.159,8472,738928,5618,463485,2854,275443
40:A2:DB:2C:8A:68,ALL,https,52.1.172.87,36,12714,19,6630,17,6084
40:A2:DB:2C:8A:68,ALL,https,52.1.173.208,135,98038,84,84994,51,13044
40:A2:DB:2C:8A:68,ALL,https,52.11.127.249,495,136794,259,33232,236,103562
40:A2:DB:2C:8A:68,ALL,https,52.119.196.31,36,15723,20,3976,16,11747
40:A2:DB:2C:8A:68,ALL,https,52.119.198.101,35,15672,20,4008,15,11664
40:A2:DB:2C:8A:68,ALL,https,52.119.198.106,34,15618,20,4008,14,11610
40:A2:DB:2C:8A:68,ALL,https,52.119.198.109,18,7863,10,2004,8,5859
40:A2:DB:2C:8A:68,ALL,https,52.119.198.118,34,15618,20,4008,14,11610
40:A2:DB:2C:8A:68,ALL,https,52.119.198.186,17,7809,10,2004,7,5805
40:A2:DB:2C:8A:68,ALL,https,52.119.198.189,35,15701,20,4008,15,11693
40:A2:DB:2C:8A:68,ALL,https,52.119.198.2,35,15672,20,4008,15,11664
40:A2:DB:2C:8A:68,ALL,https,52.16.104.93,23532,17655837,11176,4915050,12356,12740787
40:A2:DB:2C:8A:68,ALL,https,52.203.138.223,137,93343,78,80262,59,13081
40:A2:DB:2C:8A:68,ALL,https,52.203.21.18,113,85571,67,73360,46,12211
40:A2:DB:2C:8A:68,ALL,https,52.204.137.63,109,80647,64,69052,45,11595
40:A2:DB:2C:8A:68,ALL,https,52.204.152.47,84,27189,44,18735,40,8454
40:A2:DB:2C:8A:68,ALL,https,52.205.66.64,1369,1192486,875,1123495,494,68991
40:A2:DB:2C:8A:68,ALL,https,52.207.128.220,113,82984,65,71191,48,11793
40:A2:DB:2C:8A:68,ALL,https,52.21.200.178,107,74171,67,62906,40,11265
40:A2:DB:2C:8A:68,ALL,https,52.214.227.89,36181,26872181,16885,7717612,19296,19154569
40:A2:DB:2C:8A:68,ALL,https,52.222.166.183,1077,1470204,718,57768,359,1412436
40:A2:DB:2C:8A:68,ALL,https,52.222.173.74,492,171721,250,32850,242,138871
40:A2:DB:2C:8A:68,ALL,https,52.222.195.41,8297,1924419,4175,714473,4122,1209946
40:A2:DB:2C:8A:68,ALL,https,52.222.196.206,25,8590,14,1470,11,7120
40:A2:DB:2C:8A:68,ALL,https,52.222.196.44,23,8429,12,1338,11,7091
40:A2:DB:2C:8A:68,ALL,https,52.222.199.122,219,230910,166,13463,53,217447
40:A2:DB:2C:8A:68,ALL,https,52.27.163.92,329,91786,172,22764,157,69022
40:A2:DB:2C:8A:68,ALL,https,52.36.138.241,976,268371,533,68586,443,199785
40:A2:DB:2C:8A:68,ALL,https,52.37.30.201,490,136841,253,33210,237,103631
40:A2:DB:2C:8A:68,ALL,https,52.39.190.49,296,80244,157,20350,139,59894
40:A2:DB:2C:8A:68,ALL,https,52.4.100.208,119,90881,71,78538,48,12343
40:A2:DB:2C:8A:68,ALL,https,52.4.158.24,237,170409,133,145733,104,24676
40:A2:DB:2C:8A:68,ALL,https,52.42.206.78,455,127305,238,30860,217,96445
40:A2:DB:2C:8A:68,ALL,https,52.46.128.80,22,10955,13,1984,9,8971
40:A2:DB:2C:8A:68,ALL,https,52.46.128.81,86,39099,50,10020,36,29079
40:A2:DB:2C:8A:68,ALL,https,52.46.131.168,21,10901,13,1984,8,8917
40:A2:DB:2C:8A:68,ALL,https,52.46.131.169,137,62494,80,16000,57,46494
40:A2:DB:2C:8A:68,ALL,https,52.46.131.184,18,7863,10,2004,8,5859
40:A2:DB:2C:8A:68,ALL,https,52.46.131.209,34,15618,20,4008,14,11610
40:A2:DB:2C:8A:68,ALL,https,52.46.137.255,22,10984,13,1984,9,9000
40:A2:DB:2C:8A:68,ALL,https,52.46.141.136,59,32794,33,9591,26,23203
40:A2:DB:2C:8A:68,ALL,https,52.46.143.123,51,23395,30,5980,21,17415
40:A2:DB:2C:8A:68,ALL,https,52.46.144.82,59,32767,35,9731,24,23036
40:A2:DB:2C:8A:68,ALL,https,52.46.145.112,23,11789,14,5146,9,6643
40:A2:DB:2C:8A:68,ALL,https,52.46.146.126,34,15618,20,4008,14,11610
40:A2:DB:2C:8A:68,ALL,https,52.46.149.20,17,7777,10,1972,7,5805
40:A2:DB:2C:8A:68,ALL,https,52.46.149.29,17,7809,10,2004,7,5805
40:A2:DB:2C:8A:68,ALL,https,52.46.155.116,58,32739,33,9591,25,23148
40:A2:DB:2C:8A:68,ALL,https,52.46.158.193,35,15672,20,4008,15,11664
40:A2:DB:2C:8A:68,ALL,https,52.54.36.84,107,40663,63,19771,44,20892
40:A2:DB:2C:8A:68,ALL,https,52.7.205.185,261,192486,163,168136,98,24350
40:A2:DB:2C:8A:68,ALL,https,52.70.101.206,1237,1123831,820,1078471,417,45360
40:A2:DB:2C:8A:68,ALL,https,52.72.185.78,111,79592,64,67865,47,11727
40:A2:DB:2C:8A:68,ALL,https,52.73.50.224,141,44653,72,33433,69,11220
40:A2:DB:2C:8A:68,ALL,https,52.84.170.76,215,74448,110,14326,105,60122
40:A2:DB:2C:8A:68,ALL,https,52.84.180.239,54,62846,31,2908,23,59938
40:A2:DB:2C:8A:68,ALL,https,52.84.191.74,313,107670,159,20645,154,87025
40:A2:DB:2C:8A:68,ALL,https,52.84.214.74,245,84891,122,16288,123,68603
40:A2:DB:2C:8A:68,ALL,https,52.85.120.82,33,10816,17,2210,16,8606
40:A2:DB:2C:8A:68,ALL,https,52.94.217.61,245,128443,146,31696,99,96747
40:A2:DB:2C:8A:68,ALL,https,52.94.218.244,122,61981,72,15206,50,46775
40:A2:DB:2C:8A:68,ALL,https,52.94.220.255,243,135761,141,34862,102,100899
40:A2:DB:2C:8A:68,ALL,https,52.94.231.169,68,31236,40,8016,28,23220
40:A2:DB:2C:8A:68,ALL,https,52.94.240.240,34,15618,20,4008,14,11610
40:A2:DB:2C:8A:68,ALL,https,52.94.241.146,17,7809,10,2004,7,5805
40:A2:DB:2C:8A:68,ALL,https,52.94.242.236,34,15618,20,4008,14,11610
40:A2:DB:2C:8A:68,ALL,https,52.95.119.232,17,7937,10,1577,7,6360
40:A2:DB:2C:8A:68,ALL,https,52.95.123.112,244,125628,144,30639,100,94989
40:A2:DB:2C:8A:68,ALL,https,52.95.123.17,204,108854,120,29330,84,79524
40:A2:DB:2C:8A:68,ALL,https,52.95.124.103,283,147358,168,37395,115,109963
40:A2:DB:2C:8A:68,ALL,https,52.95.125.12,261,137693,156,33776,105,103917
40:A2:DB:2C:8A:68,ALL,https,52.95.126.126,132,67722,77,18202,55,49520
40:A2:DB:2C:8A:68,ALL,https,52.95.127.117,161,83565,94,20415,67,63150
40:A2:DB:2C:8A:68,ALL,https,54.161.84.13,121,41864,65,27392,56,14472
40:A2:DB:2C:8A:68,ALL,https,54.166.101.241,60,22286,33,15116,27,7170
40:A2:DB:2C:8A:68,ALL,https,54.173.198.118,115,87071,67,74740,48,12331
40:A2:DB:2C:8A:68,ALL,https,54.174.80.13,227,166506,139,142898,88,23608
40:A2:DB:2C:8A:68,ALL,https,54.187.92.102,597,164838,314,40575,283,124263
40:A2:DB:2C:8A:68,ALL,https,54.192.217.204,366,87520,183,30598,183,56922
40:A2:DB:2C:8A:68,ALL,https,54.192.219.13,24,8383,13,1429,11,6954
40:A2:DB:2C:8A:68,ALL,https,54.192.219.143,36,5594,16,2702,20,2892
40:A2:DB:2C:8A:68,ALL,https,54.201.253.231,230,63799,122,15610,108,48189
40:A2:DB:2C:8A:68,ALL,https,54.205.113.109,134,92359,78,79790,56,12569
40:A2:DB:2C:8A:68,ALL,https,54.209.4.131,115,82279,71,70703,44,11576
40:A2:DB:2C:8A:68,ALL,https,54.209.44.8,90,30150,48,17028,42,13122
40:A2:DB:2C:8A:68,ALL,https,54.226.11.35,90,31756,47,23104,43,8652
40:A2:DB:2C:8A:68,ALL,https,54.235.158.5,124,84049,74,72124,50,11925
40:A2:DB:2C:8A:68,ALL,https,54.235.163.0,95,71099,57,60457,38,10642
40:A2:DB:2C:8A:68,ALL,https,54.239.33.155,183,94658,109,23167,74,71491
40:A2:DB:2C:8A:68,ALL,https,54.239.35.210,165,84340,97,20258,68,64082
40:A2:DB:2C:8A:68,ALL,https,54.239.35.211,285,143578,168,35692,117,107886
40:A2:DB:2C:8A:68,ALL,https,54.246.178.107,68,16741,38,7618,30,9123
40:A2:DB:2C:8A:68,ALL,https,54.68.57.171,330,91745,174,22791,156,68954
40:A2:DB:2C:8A:68,ALL,https,54.70.5.180,423,118083,220,28432,203,89651
40:A2:DB:2C:8A:68,ALL,https,54.71.86.13,264,73466,139,18289,125,55177
40:A2:DB:2C:8A:68,ALL,https,54.73.54.181,46,14115,27,6056,19,8059
40:A2:DB:2C:8A:68,ALL,https,54.84.214.32,126,91220,72,78445,54,12775
40:A2:DB:2C:8A:68,ALL,https,54.86.203.154,142,103731,90,91171,52,12560
40:A2:DB:2C:8A:68,ALL,https,54.88.199.193,114,81773,64,69298,50,12475
40:A2:DB:2C:8A:68,ALL,https,54.91.3.155,124,87382,76,75051,48,12331
40:A2:DB:2C:8A:68,ALL,https,63.34.107.182,50,14381,29,6188,21,8193
40:A2:DB:2C:8A:68,ALL,https,67.220.240.35,22,10984,13,1984,9,9000
40:A2:DB:2C:8A:68,ALL,https,67.220.240.92,23,11009,13,1984,10,9025
40:A2:DB:2C:8A:68,ALL,https,72.21.207.143,34,15618,20,4008,14,11610
40:A2:DB:2C:8A:68,ALL,https,72.44.62.198,357,298802,219,269840,138,28962
40:A2:DB:2C:8A:68,ALL,https,91.203.187.32,198,186979,109,8800,89,178179
40:A2:DB:2C:8A:68,ALL,https,99.86.122.137,63,19269,33,4137,30,15132
40:A2:DB:2C:8A:68,ALL,https,99.86.122.221,35,5455,17,2756,18,2699
40:A2:DB:2C:8A:68,ALL,https,99.86.122.76,17,2694,8,1345,9,1349
40:A2:DB:2C:8A:68,ALL,https,99.86.122.86,18,2761,9,1411,9,1350
40:A2:DB:2C:8A:68,ALL,https,99.86.127.71,75,82638,40,4596,35,78042
