IP, Hostname, IP Geolocation, Cert Geolocations, Packets, Bytes, TxPackets, TxBytes, RxPackets, RxBytes
34.240.91.37,*.eu-*.compute.amazonaws.com,Ireland,None,3948,451938,1386,183825,2562,268113
192.168.231.171,None,None,None,6955,934749,4050,254475,2905,680274
192.168.231.108,None,None,None,6664,892059,3888,244296,2776,647763
192.168.231.192,None,None,None,5978,2763926,1732,76208,4246,2687718
192.168.231.223,None,None,None,5610,2748323,1363,59972,4247,2688351
192.168.231.1,None,None,None,290,73538,145,63098,145,10440
162.159.200.1,pool.ntp.org,None,None,18,1620,9,810,9,810
162.159.200.123,pool.ntp.org,None,None,16,1440,8,720,8,720
5.196.8.113,pool.ntp.org,France,None,12,1080,6,540,6,540
129.250.35.250,pool.ntp.org,United States,None,10,900,5,450,5,450
37.59.63.125,pool.ntp.org,France,None,10,900,5,450,5,450
95.81.173.74,pool.ntp.org,France,None,8,720,4,360,4,360
193.52.136.2,pool.ntp.org,France,None,8,720,4,360,4,360
95.81.173.8,pool.ntp.org,France,None,8,720,4,360,4,360
195.154.226.102,pool.ntp.org,France,None,8,720,4,360,4,360
129.250.35.251,pool.ntp.org,United States,None,8,720,4,360,4,360
194.57.169.1,pool.ntp.org,France,None,6,540,3,270,3,270
95.81.173.155,pool.ntp.org,France,None,6,540,3,270,3,270
51.158.147.92,pool.ntp.org,France,None,6,540,3,270,3,270
5.39.80.51,pool.ntp.org,France,None,6,540,3,270,3,270
176.137.36.37,pool.ntp.org,France,None,6,540,3,270,3,270
212.83.158.83,pool.ntp.org,France,None,6,540,3,270,3,270
82.64.230.205,pool.ntp.org,France,None,6,540,3,270,3,270
51.15.182.163,pool.ntp.org,France,None,6,540,3,270,3,270
51.38.81.135,pool.ntp.org,France,None,6,540,3,270,3,270
162.19.224.29,pool.ntp.org,France,None,6,540,3,270,3,270
51.178.79.86,pool.ntp.org,France,None,6,540,3,270,3,270
194.177.34.116,pool.ntp.org,France,None,4,360,2,180,2,180
212.85.158.10,pool.ntp.org,France,None,4,360,2,180,2,180
82.64.45.50,pool.ntp.org,France,None,4,360,2,180,2,180
176.31.102.171,pool.ntp.org,France,None,4,360,2,180,2,180
141.95.158.40,pool.ntp.org,France,None,4,360,2,180,2,180
91.224.149.41,pool.ntp.org,France,None,4,360,2,180,2,180
79.143.250.33,pool.ntp.org,France,None,4,360,2,180,2,180
45.128.41.10,pool.ntp.org,France,None,4,360,2,180,2,180
146.59.88.209,pool.ntp.org,France,None,4,360,2,180,2,180
92.243.6.5,pool.ntp.org,France,None,4,360,2,180,2,180
82.64.131.93,pool.ntp.org,France,None,4,360,2,180,2,180
51.38.113.118,pool.ntp.org,France,None,4,360,2,180,2,180
5.196.160.139,pool.ntp.org,France,None,4,360,2,180,2,180
82.64.81.218,pool.ntp.org,France,None,2,180,1,90,1,90
31.170.8.123,pool.ntp.org,France,None,2,180,1,90,1,90
51.255.209.72,pool.ntp.org,France,None,2,180,1,90,1,90
178.32.23.17,pool.ntp.org,France,None,2,180,1,90,1,90
51.68.180.114,pool.ntp.org,France,None,2,180,1,90,1,90
51.255.95.80,pool.ntp.org,France,None,2,180,1,90,1,90
188.165.224.178,pool.ntp.org,France,None,2,180,1,90,1,90
82.64.84.116,pool.ntp.org,France,None,2,180,1,90,1,90
51.158.67.116,pool.ntp.org,France,None,2,180,1,90,1,90
94.23.215.121,pool.ntp.org,France,None,2,180,1,90,1,90
163.172.108.148,pool.ntp.org,France,None,2,180,1,90,1,90
82.127.104.72,pool.ntp.org,France,None,2,180,1,90,1,90
146.59.35.38,pool.ntp.org,France,None,2,180,1,90,1,90
80.74.64.1,pool.ntp.org,France,None,2,180,1,90,1,90
51.158.181.205,pool.ntp.org,France,None,2,180,1,90,1,90
5.39.78.25,pool.ntp.org,France,None,2,180,1,90,1,90
164.132.166.29,pool.ntp.org,France,None,2,180,1,90,1,90
151.80.32.71,pool.ntp.org,France,None,2,180,1,90,1,90
80.74.64.2,pool.ntp.org,France,None,2,180,1,90,1,90
51.68.44.27,pool.ntp.org,France,None,2,180,1,90,1,90
193.107.56.65,pool.ntp.org,France,None,2,180,1,90,1,90
54.38.114.34,pool.ntp.org,France,None,2,180,1,90,1,90
149.202.2.105,pool.ntp.org,France,None,2,180,1,90,1,90
82.64.247.11,pool.ntp.org,France,None,2,180,1,90,1,90
37.187.20.28,pool.ntp.org,France,None,2,180,1,90,1,90
51.38.99.44,pool.ntp.org,France,None,2,180,1,90,1,90
51.255.141.76,pool.ntp.org,France,None,2,180,1,90,1,90
195.83.132.135,pool.ntp.org,France,None,2,180,1,90,1,90
