MAC,WAN/LAN,Protocol,IP,TotalPackets,TotalBytes,TxPackets,TxBytes,RxPackets,RxBytes
D4:F5:47:82:0E:C6,ALL,ipv6,2001:4860:4806:4::,112,12320,56,6160,56,6160
D4:F5:47:82:0E:C6,ALL,ipv6,2001:4860:4806:8::,154,16940,77,8470,77,8470
D4:F5:47:82:0E:C6,ALL,ipv6,2001:4860:4806::,124,13640,62,6820,62,6820
D4:F5:47:82:0E:C6,ALL,ipv6,2001:4860:4806:c::,126,13860,63,6930,63,6930
D4:F5:47:82:0E:C6,ALL,ipv6,2607:f8b0:4004:c06::5b,721,89434,355,50977,366,38457
D4:F5:47:82:0E:C6,ALL,ipv6,2607:f8b0:4004:c06::5d,2134,262433,1055,148903,1079,113530
D4:F5:47:82:0E:C6,ALL,ipv6,2607:f8b0:4004:c06::5f,925,314335,495,168242,430,146093
D4:F5:47:82:0E:C6,ALL,ipv6,2607:f8b0:4004:c06::88,1437,179202,711,102970,726,76232
D4:F5:47:82:0E:C6,ALL,ipv6,2607:f8b0:4004:c06::bc,4205,450944,2137,192088,2068,258856
D4:F5:47:82:0E:C6,ALL,ipv6,2607:f8b0:4004:c06::be,703,87624,347,50159,356,37465
D4:F5:47:82:0E:C6,ALL,ipv6,2607:f8b0:4004:c07::5b,3690,1420253,1625,229049,2065,1191204
D4:F5:47:82:0E:C6,ALL,ipv6,2607:f8b0:4004:c07::5d,673,84747,332,48738,341,36009
D4:F5:47:82:0E:C6,ALL,ipv6,2607:f8b0:4004:c07::5f,465,150936,253,75023,212,75913
D4:F5:47:82:0E:C6,ALL,ipv6,2607:f8b0:4004:c07::64,290,99841,157,65959,133,33882
D4:F5:47:82:0E:C6,ALL,ipv6,2607:f8b0:4004:c07::65,251,97489,135,68256,116,29233
D4:F5:47:82:0E:C6,ALL,ipv6,2607:f8b0:4004:c07::66,378,123847,206,79144,172,44703
D4:F5:47:82:0E:C6,ALL,ipv6,2607:f8b0:4004:c07::71,269,108092,144,75450,125,32642
D4:F5:47:82:0E:C6,ALL,ipv6,2607:f8b0:4004:c07::88,2201,1238586,885,127377,1316,1111209
D4:F5:47:82:0E:C6,ALL,ipv6,2607:f8b0:4004:c07::8a,832,723950,516,127032,316,596918
D4:F5:47:82:0E:C6,ALL,ipv6,2607:f8b0:4004:c07::8b,243,85052,133,56793,110,28259
D4:F5:47:82:0E:C6,ALL,ipv6,2607:f8b0:4004:c07::bc,464,48472,235,21136,229,27336
D4:F5:47:82:0E:C6,ALL,ipv6,2607:f8b0:4004:c08::5d,1503,191485,742,109318,761,82167
D4:F5:47:82:0E:C6,ALL,ipv6,2607:f8b0:4004:c08::5e,173,112759,91,11364,82,101395
D4:F5:47:82:0E:C6,ALL,ipv6,2607:f8b0:4004:c08::5f,489,183525,267,96794,222,86731
D4:F5:47:82:0E:C6,ALL,ipv6,2607:f8b0:4004:c08::64,686,627637,198,63481,488,564156
D4:F5:47:82:0E:C6,ALL,ipv6,2607:f8b0:4004:c08::65,777,665304,252,83637,525,581667
D4:F5:47:82:0E:C6,ALL,ipv6,2607:f8b0:4004:c08::66,150,46688,82,30426,68,16262
D4:F5:47:82:0E:C6,ALL,ipv6,2607:f8b0:4004:c08::71,170,57469,92,37713,78,19756
D4:F5:47:82:0E:C6,ALL,ipv6,2607:f8b0:4004:c08::8a,153,57253,83,40011,70,17242
D4:F5:47:82:0E:C6,ALL,ipv6,2607:f8b0:4004:c08::8b,171,67820,92,47204,79,20616
D4:F5:47:82:0E:C6,ALL,ipv6,2607:f8b0:4004:c08::bc,519,53218,261,23398,258,29820
D4:F5:47:82:0E:C6,ALL,ipv6,2607:f8b0:4004:c08::be,3573,442066,1765,251868,1808,190198
D4:F5:47:82:0E:C6,ALL,ipv6,2607:f8b0:4004:c09::5b,699,86951,345,49694,354,37257
D4:F5:47:82:0E:C6,ALL,ipv6,2607:f8b0:4004:c09::5d,2122,268152,1045,154141,1077,114011
D4:F5:47:82:0E:C6,ALL,ipv6,2607:f8b0:4004:c09::5e,32,12966,17,5185,15,7781
D4:F5:47:82:0E:C6,ALL,ipv6,2607:f8b0:4004:c09::5f,236,79668,142,34110,94,45558
D4:F5:47:82:0E:C6,ALL,ipv6,2607:f8b0:4004:c09::88,2074,1211400,844,110663,1230,1100737
D4:F5:47:82:0E:C6,ALL,ipv6,2607:f8b0:4004:c09::bc,3661,335375,1835,161155,1826,174220
D4:F5:47:82:0E:C6,ALL,ipv6,2607:f8b0:4004:c09::be,1416,177444,699,101829,717,75615
D4:F5:47:82:0E:C6,ALL,ipv6,2607:f8b0:4004:c0b::5b,1390,174071,687,99997,703,74074
D4:F5:47:82:0E:C6,ALL,ipv6,2607:f8b0:4004:c0b::5d,704,87085,348,49613,356,37472
D4:F5:47:82:0E:C6,ALL,ipv6,2607:f8b0:4004:c0b::5f,1029,690155,598,586015,431,104140
D4:F5:47:82:0E:C6,ALL,ipv6,2607:f8b0:4004:c0b::64,3030,2610695,935,316851,2095,2293844
D4:F5:47:82:0E:C6,ALL,ipv6,2607:f8b0:4004:c0b::65,1057,848353,620,205932,437,642421
D4:F5:47:82:0E:C6,ALL,ipv6,2607:f8b0:4004:c0b::66,3140,3117533,1029,292262,2111,2825271
D4:F5:47:82:0E:C6,ALL,ipv6,2607:f8b0:4004:c0b::71,438,157473,237,100880,201,56593
D4:F5:47:82:0E:C6,ALL,ipv6,2607:f8b0:4004:c0b::88,696,86967,344,49868,352,37099
D4:F5:47:82:0E:C6,ALL,ipv6,2607:f8b0:4004:c0b::8a,3076,2622178,993,314593,2083,2307585
D4:F5:47:82:0E:C6,ALL,ipv6,2607:f8b0:4004:c0b::8b,843,312808,454,207166,389,105642
D4:F5:47:82:0E:C6,ALL,ipv6,2607:f8b0:4004:c0b::bc,2503,234467,1257,111064,1246,123403
D4:F5:47:82:0E:C6,ALL,ipv6,2607:f8b0:4004:c0b::be,710,88641,351,50860,359,37781
D4:F5:47:82:0E:C6,ALL,ipv6,2607:f8b0:4004:c17::5b,1863,233989,915,132938,948,101051
D4:F5:47:82:0E:C6,ALL,ipv6,2607:f8b0:4004:c17::5d,1391,170327,688,96176,703,74151
D4:F5:47:82:0E:C6,ALL,ipv6,2607:f8b0:4004:c17::5e,12,6052,6,3421,6,2631
D4:F5:47:82:0E:C6,ALL,ipv6,2607:f8b0:4004:c17::5f,752,286414,427,137257,325,149157
D4:F5:47:82:0E:C6,ALL,ipv6,2607:f8b0:4004:c17::64,67,25443,40,6384,27,19059
D4:F5:47:82:0E:C6,ALL,ipv6,2607:f8b0:4004:c17::65,99,38021,57,9300,42,28721
D4:F5:47:82:0E:C6,ALL,ipv6,2607:f8b0:4004:c17::66,34,12758,19,3100,15,9658
D4:F5:47:82:0E:C6,ALL,ipv6,2607:f8b0:4004:c17::71,65,25262,38,6200,27,19062
D4:F5:47:82:0E:C6,ALL,ipv6,2607:f8b0:4004:c17::88,717,89095,355,50970,362,38125
D4:F5:47:82:0E:C6,ALL,ipv6,2607:f8b0:4004:c17::8a,35,12846,20,3186,15,9660
D4:F5:47:82:0E:C6,ALL,ipv6,2607:f8b0:4004:c17::8b,102,38277,57,9300,45,28977
D4:F5:47:82:0E:C6,ALL,ipv6,2607:f8b0:4004:c17::94,73,20368,40,5936,33,14432
D4:F5:47:82:0E:C6,ALL,ipv6,2607:f8b0:4004:c17::95,37,10191,20,2968,17,7223
D4:F5:47:82:0E:C6,ALL,ipv6,2607:f8b0:4004:c17::bc,723,112694,371,36208,352,76486
D4:F5:47:82:0E:C6,ALL,ipv6,2607:f8b0:4004:c17::be,1177,150813,577,86784,600,64029
D4:F5:47:82:0E:C6,ALL,ipv6,2607:f8b0:4004:c19::5b,700,87655,346,50385,354,37270
D4:F5:47:82:0E:C6,ALL,ipv6,2607:f8b0:4004:c19::5d,1434,178681,708,102127,726,76554
D4:F5:47:82:0E:C6,ALL,ipv6,2607:f8b0:4004:c19::5f,563,212212,321,106341,242,105871
D4:F5:47:82:0E:C6,ALL,ipv6,2607:f8b0:4004:c19::64,25,12681,13,9437,12,3244
D4:F5:47:82:0E:C6,ALL,ipv6,2607:f8b0:4004:c19::65,48,14893,27,9513,21,5380
D4:F5:47:82:0E:C6,ALL,ipv6,2607:f8b0:4004:c19::71,95,30608,54,10210,41,20398
D4:F5:47:82:0E:C6,ALL,ipv6,2607:f8b0:4004:c19::88,3203,406019,1579,233436,1624,172583
D4:F5:47:82:0E:C6,ALL,ipv6,2607:f8b0:4004:c19::8a,25,12680,13,9436,12,3244
D4:F5:47:82:0E:C6,ALL,ipv6,2607:f8b0:4004:c19::bc,117,44893,65,8918,52,35975
D4:F5:47:82:0E:C6,ALL,ipv6,2607:f8b0:4004:c19::be,685,82261,338,45691,347,36570
D4:F5:47:82:0E:C6,ALL,ipv6,2607:f8b0:4004:c1b::5b,718,88759,356,50741,362,38018
D4:F5:47:82:0E:C6,ALL,ipv6,2607:f8b0:4004:c1b::5d,1430,177641,708,101753,722,75888
D4:F5:47:82:0E:C6,ALL,ipv6,2607:f8b0:4004:c1b::5e,161,86400,89,13970,72,72430
D4:F5:47:82:0E:C6,ALL,ipv6,2607:f8b0:4004:c1b::5f,428,153581,251,73352,177,80229
D4:F5:47:82:0E:C6,ALL,ipv6,2607:f8b0:4004:c1b::88,1108,141340,549,81139,559,60201
D4:F5:47:82:0E:C6,ALL,ipv6,2607:f8b0:4004:c1b::bc,4007,364954,2008,176189,1999,188765
D4:F5:47:82:0E:C6,ALL,ipv6,2607:f8b0:4004:c1b::be,681,85318,336,48801,345,36517
D4:F5:47:82:0E:C6,ALL,ipv6,2607:f8b0:4004:c1d::5d,497,66906,247,39637,250,27269
D4:F5:47:82:0E:C6,ALL,ipv6,2607:f8b0:4004:c1d::5f,498,221440,273,112756,225,108684
D4:F5:47:82:0E:C6,ALL,ipv6,2607:f8b0:4004:c1d::64,67,25457,38,6224,29,19233
D4:F5:47:82:0E:C6,ALL,ipv6,2607:f8b0:4004:c1d::66,34,12760,19,3100,15,9660
D4:F5:47:82:0E:C6,ALL,ipv6,2607:f8b0:4004:c1d::71,65,25262,38,6200,27,19062
D4:F5:47:82:0E:C6,ALL,ipv6,2607:f8b0:4004:c1d::88,2808,350805,1385,201128,1423,149677
D4:F5:47:82:0E:C6,ALL,ipv6,2607:f8b0:4004:c1d::bc,6292,581625,3155,277690,3137,303935
D4:F5:47:82:0E:C6,ALL,ipv6,2607:f8b0:4004:c1d::be,464,82472,236,51830,228,30642
D4:F5:47:82:0E:C6,ALL,ipv6,2607:f8b0:4004:c21::5b,681,84850,336,48481,345,36369
D4:F5:47:82:0E:C6,ALL,ipv6,2607:f8b0:4004:c21::5d,696,87195,344,50134,352,37061
D4:F5:47:82:0E:C6,ALL,ipv6,2607:f8b0:4004:c21::5f,143,46993,82,16886,61,30107
D4:F5:47:82:0E:C6,ALL,ipv6,2607:f8b0:4004:c21::bc,260,30800,133,12312,127,18488
D4:F5:47:82:0E:C6,ALL,ipv6,2620:0:5301:2210:3073:27db:d19e:c77a,1,86,0,0,1,86
D4:F5:47:82:0E:C6,ALL,ipv6,2620:0:5301:2210:3d51:91e4:58bb:85c1,21315,5742224,10175,3588911,11140,2153313
D4:F5:47:82:0E:C6,ALL,ipv6,2620:0:5301:2210:3df4:b329:6387:fe04,936,695530,581,606495,355,89035
D4:F5:47:82:0E:C6,ALL,ipv6,2620:0:5301:2210:68e9:7744:a0b6:ea6e,23869,5793811,10902,3169774,12967,2624037
D4:F5:47:82:0E:C6,ALL,ipv6,2620:0:5301:2210:7843:4333:e501:2e0e,913,707912,581,626820,332,81092
D4:F5:47:82:0E:C6,ALL,ipv6,2620:0:5301:2210:94cd:dcdc:61dc:f768,22551,6861459,10823,4164340,11728,2697119
D4:F5:47:82:0E:C6,ALL,ipv6,2620:0:5301:2210:9db3:b0e1:bfba:f809,19544,4439163,9024,2363283,10520,2075880
D4:F5:47:82:0E:C6,ALL,ipv6,2620:0:5301:2210:b48c:e37:73d6:2fd,21857,6650721,10909,4613640,10948,2037081
D4:F5:47:82:0E:C6,ALL,ipv6,2620:0:5301:2210:bce2:a3f7:fc4:e0e2,12417,2565158,5866,1334988,6551,1230170
D4:F5:47:82:0E:C6,ALL,udp,2001:4860:4806:4::,112,12320,56,6160,56,6160
D4:F5:47:82:0E:C6,ALL,udp,2001:4860:4806:8::,154,16940,77,8470,77,8470
D4:F5:47:82:0E:C6,ALL,udp,2001:4860:4806::,124,13640,62,6820,62,6820
D4:F5:47:82:0E:C6,ALL,udp,2001:4860:4806:c::,126,13860,63,6930,63,6930
D4:F5:47:82:0E:C6,ALL,udp,2607:f8b0:4004:c06::5b,706,86648,346,49541,360,37107
D4:F5:47:82:0E:C6,ALL,udp,2607:f8b0:4004:c06::5d,2089,254075,1028,144595,1061,109480
D4:F5:47:82:0E:C6,ALL,udp,2607:f8b0:4004:c06::5e,77,35363,42,15786,35,19577
D4:F5:47:82:0E:C6,ALL,udp,2607:f8b0:4004:c06::88,1407,173630,693,100098,714,73532
D4:F5:47:82:0E:C6,ALL,udp,2607:f8b0:4004:c06::be,688,84838,338,48723,350,36115
D4:F5:47:82:0E:C6,ALL,udp,2607:f8b0:4004:c07::5b,3429,1051071,1483,202867,1946,848204
D4:F5:47:82:0E:C6,ALL,udp,2607:f8b0:4004:c07::5d,658,81961,323,47302,335,34659
D4:F5:47:82:0E:C6,ALL,udp,2607:f8b0:4004:c07::64,150,79716,82,56179,68,23537
D4:F5:47:82:0E:C6,ALL,udp,2607:f8b0:4004:c07::65,167,85414,90,62388,77,23026
D4:F5:47:82:0E:C6,ALL,udp,2607:f8b0:4004:c07::66,182,95672,101,65452,81,30220
D4:F5:47:82:0E:C6,ALL,udp,2607:f8b0:4004:c07::71,185,96017,99,69582,86,26435
D4:F5:47:82:0E:C6,ALL,udp,2607:f8b0:4004:c07::88,2029,880216,796,107080,1233,773136
D4:F5:47:82:0E:C6,ALL,udp,2607:f8b0:4004:c07::8a,209,116615,110,73101,99,43514
D4:F5:47:82:0E:C6,ALL,udp,2607:f8b0:4004:c07::8b,131,68952,73,48969,58,19983
D4:F5:47:82:0E:C6,ALL,udp,2607:f8b0:4004:c08::5d,1473,185913,724,106446,749,79467
D4:F5:47:82:0E:C6,ALL,udp,2607:f8b0:4004:c08::64,613,616625,158,58043,455,558582
D4:F5:47:82:0E:C6,ALL,udp,2607:f8b0:4004:c08::65,644,635993,178,71012,466,564981
D4:F5:47:82:0E:C6,ALL,udp,2607:f8b0:4004:c08::66,66,34613,37,24558,29,10055
D4:F5:47:82:0E:C6,ALL,udp,2607:f8b0:4004:c08::71,86,45394,47,31845,39,13549
D4:F5:47:82:0E:C6,ALL,udp,2607:f8b0:4004:c08::8a,97,49203,53,36099,44,13104
D4:F5:47:82:0E:C6,ALL,udp,2607:f8b0:4004:c08::8b,115,59770,62,43292,53,16478
D4:F5:47:82:0E:C6,ALL,udp,2607:f8b0:4004:c08::be,3498,428136,1720,244688,1778,183448
D4:F5:47:82:0E:C6,ALL,udp,2607:f8b0:4004:c09::5b,684,84165,336,48258,348,35907
D4:F5:47:82:0E:C6,ALL,udp,2607:f8b0:4004:c09::5d,2077,259794,1018,149833,1059,109961
D4:F5:47:82:0E:C6,ALL,udp,2607:f8b0:4004:c09::5e,17,10166,8,3735,9,6431
D4:F5:47:82:0E:C6,ALL,udp,2607:f8b0:4004:c09::88,1883,852679,726,88529,1157,764150
D4:F5:47:82:0E:C6,ALL,udp,2607:f8b0:4004:c09::be,1386,171872,681,98957,705,72915
D4:F5:47:82:0E:C6,ALL,udp,2607:f8b0:4004:c0b::5b,1360,168499,669,97125,691,71374
D4:F5:47:82:0E:C6,ALL,udp,2607:f8b0:4004:c0b::5d,689,84299,339,48177,350,36122
D4:F5:47:82:0E:C6,ALL,udp,2607:f8b0:4004:c0b::64,2583,2546381,696,285641,1887,2260740
D4:F5:47:82:0E:C6,ALL,udp,2607:f8b0:4004:c0b::65,452,244392,243,161863,209,82529
D4:F5:47:82:0E:C6,ALL,udp,2607:f8b0:4004:c0b::66,2474,2488045,648,235733,1826,2252312
D4:F5:47:82:0E:C6,ALL,udp,2607:f8b0:4004:c0b::71,220,115935,119,82473,101,33462
D4:F5:47:82:0E:C6,ALL,udp,2607:f8b0:4004:c0b::88,681,84181,335,48432,346,35749
D4:F5:47:82:0E:C6,ALL,udp,2607:f8b0:4004:c0b::8a,2628,2557778,753,283297,1875,2274481
D4:F5:47:82:0E:C6,ALL,udp,2607:f8b0:4004:c0b::8b,491,255088,266,182368,225,72720
D4:F5:47:82:0E:C6,ALL,udp,2607:f8b0:4004:c0b::be,695,85855,342,49424,353,36431
D4:F5:47:82:0E:C6,ALL,udp,2607:f8b0:4004:c17::5b,1818,225631,888,128630,930,97001
D4:F5:47:82:0E:C6,ALL,udp,2607:f8b0:4004:c17::5d,1361,164755,670,93304,691,71451
D4:F5:47:82:0E:C6,ALL,udp,2607:f8b0:4004:c17::5e,12,6052,6,3421,6,2631
D4:F5:47:82:0E:C6,ALL,udp,2607:f8b0:4004:c17::88,702,86309,346,49534,356,36775
D4:F5:47:82:0E:C6,ALL,udp,2607:f8b0:4004:c17::be,1147,145241,559,83912,588,61329
D4:F5:47:82:0E:C6,ALL,udp,2607:f8b0:4004:c19::5b,685,84869,337,48949,348,35920
D4:F5:47:82:0E:C6,ALL,udp,2607:f8b0:4004:c19::5d,1404,173109,690,99255,714,73854
D4:F5:47:82:0E:C6,ALL,udp,2607:f8b0:4004:c19::64,25,12681,13,9437,12,3244
D4:F5:47:82:0E:C6,ALL,udp,2607:f8b0:4004:c19::65,20,10868,12,7557,8,3311
D4:F5:47:82:0E:C6,ALL,udp,2607:f8b0:4004:c19::88,3126,391917,1533,226170,1593,165747
D4:F5:47:82:0E:C6,ALL,udp,2607:f8b0:4004:c19::8a,25,12680,13,9436,12,3244
D4:F5:47:82:0E:C6,ALL,udp,2607:f8b0:4004:c19::be,670,79475,329,44255,341,35220
D4:F5:47:82:0E:C6,ALL,udp,2607:f8b0:4004:c1b::5b,703,85973,347,49305,356,36668
D4:F5:47:82:0E:C6,ALL,udp,2607:f8b0:4004:c1b::5d,1398,171897,689,98795,709,73102
D4:F5:47:82:0E:C6,ALL,udp,2607:f8b0:4004:c1b::5e,20,12543,10,3883,10,8660
D4:F5:47:82:0E:C6,ALL,udp,2607:f8b0:4004:c1b::88,1076,135596,530,78181,546,57415
D4:F5:47:82:0E:C6,ALL,udp,2607:f8b0:4004:c1b::be,666,82532,327,47365,339,35167
D4:F5:47:82:0E:C6,ALL,udp,2607:f8b0:4004:c1d::5d,482,64120,238,38201,244,25919
D4:F5:47:82:0E:C6,ALL,udp,2607:f8b0:4004:c1d::88,2746,339489,1348,195298,1398,144191
D4:F5:47:82:0E:C6,ALL,udp,2607:f8b0:4004:c1d::be,434,76900,218,48958,216,27942
D4:F5:47:82:0E:C6,ALL,udp,2607:f8b0:4004:c21::5b,666,82064,327,47045,339,35019
D4:F5:47:82:0E:C6,ALL,udp,2607:f8b0:4004:c21::5d,679,84237,334,48612,345,35625
D4:F5:47:82:0E:C6,ALL,udp,2620:0:5301:2210:3d51:91e4:58bb:85c1,10162,2743829,5485,1817116,4677,926713
D4:F5:47:82:0E:C6,ALL,udp,2620:0:5301:2210:3df4:b329:6387:fe04,547,575481,422,548638,125,26843
D4:F5:47:82:0E:C6,ALL,udp,2620:0:5301:2210:68e9:7744:a0b6:ea6e,9716,2996876,5353,2149346,4363,847530
D4:F5:47:82:0E:C6,ALL,udp,2620:0:5301:2210:7843:4333:e501:2e0e,535,575930,422,551967,113,23963
D4:F5:47:82:0E:C6,ALL,udp,2620:0:5301:2210:94cd:dcdc:61dc:f768,10702,3304595,5891,2360174,4811,944421
D4:F5:47:82:0E:C6,ALL,udp,2620:0:5301:2210:9db3:b0e1:bfba:f809,8450,2311191,4548,1550342,3902,760849
D4:F5:47:82:0E:C6,ALL,udp,2620:0:5301:2210:bce2:a3f7:fc4:e0e2,6160,1447458,3255,888880,2905,558578
D4:F5:47:82:0E:C6,ALL,tcp,2607:f8b0:4004:c06::5b,15,2786,9,1436,6,1350
D4:F5:47:82:0E:C6,ALL,tcp,2607:f8b0:4004:c06::5d,45,8358,27,4308,18,4050
D4:F5:47:82:0E:C6,ALL,tcp,2607:f8b0:4004:c06::5f,925,314335,495,168242,430,146093
D4:F5:47:82:0E:C6,ALL,tcp,2607:f8b0:4004:c06::88,30,5572,18,2872,12,2700
D4:F5:47:82:0E:C6,ALL,tcp,2607:f8b0:4004:c06::bc,4205,450944,2137,192088,2068,258856
D4:F5:47:82:0E:C6,ALL,tcp,2607:f8b0:4004:c06::be,15,2786,9,1436,6,1350
D4:F5:47:82:0E:C6,ALL,tcp,2607:f8b0:4004:c07::5b,261,369182,142,26182,119,343000
D4:F5:47:82:0E:C6,ALL,tcp,2607:f8b0:4004:c07::5d,15,2786,9,1436,6,1350
D4:F5:47:82:0E:C6,ALL,tcp,2607:f8b0:4004:c07::5f,465,150936,253,75023,212,75913
D4:F5:47:82:0E:C6,ALL,tcp,2607:f8b0:4004:c07::64,140,20125,75,9780,65,10345
D4:F5:47:82:0E:C6,ALL,tcp,2607:f8b0:4004:c07::65,84,12075,45,5868,39,6207
D4:F5:47:82:0E:C6,ALL,tcp,2607:f8b0:4004:c07::66,196,28175,105,13692,91,14483
D4:F5:47:82:0E:C6,ALL,tcp,2607:f8b0:4004:c07::71,84,12075,45,5868,39,6207
D4:F5:47:82:0E:C6,ALL,tcp,2607:f8b0:4004:c07::88,172,358370,89,20297,83,338073
D4:F5:47:82:0E:C6,ALL,tcp,2607:f8b0:4004:c07::8a,623,607335,406,53931,217,553404
D4:F5:47:82:0E:C6,ALL,tcp,2607:f8b0:4004:c07::8b,112,16100,60,7824,52,8276
D4:F5:47:82:0E:C6,ALL,tcp,2607:f8b0:4004:c07::bc,464,48472,235,21136,229,27336
D4:F5:47:82:0E:C6,ALL,tcp,2607:f8b0:4004:c08::5d,30,5572,18,2872,12,2700
D4:F5:47:82:0E:C6,ALL,tcp,2607:f8b0:4004:c08::5e,173,112759,91,11364,82,101395
D4:F5:47:82:0E:C6,ALL,tcp,2607:f8b0:4004:c08::5f,489,183525,267,96794,222,86731
D4:F5:47:82:0E:C6,ALL,tcp,2607:f8b0:4004:c08::64,73,11012,40,5438,33,5574
D4:F5:47:82:0E:C6,ALL,tcp,2607:f8b0:4004:c08::65,133,29311,74,12625,59,16686
D4:F5:47:82:0E:C6,ALL,tcp,2607:f8b0:4004:c08::66,84,12075,45,5868,39,6207
D4:F5:47:82:0E:C6,ALL,tcp,2607:f8b0:4004:c08::71,84,12075,45,5868,39,6207
D4:F5:47:82:0E:C6,ALL,tcp,2607:f8b0:4004:c08::8a,56,8050,30,3912,26,4138
D4:F5:47:82:0E:C6,ALL,tcp,2607:f8b0:4004:c08::8b,56,8050,30,3912,26,4138
D4:F5:47:82:0E:C6,ALL,tcp,2607:f8b0:4004:c08::bc,519,53218,261,23398,258,29820
D4:F5:47:82:0E:C6,ALL,tcp,2607:f8b0:4004:c08::be,75,13930,45,7180,30,6750
D4:F5:47:82:0E:C6,ALL,tcp,2607:f8b0:4004:c09::5b,15,2786,9,1436,6,1350
D4:F5:47:82:0E:C6,ALL,tcp,2607:f8b0:4004:c09::5d,45,8358,27,4308,18,4050
D4:F5:47:82:0E:C6,ALL,tcp,2607:f8b0:4004:c09::5e,15,2800,9,1450,6,1350
D4:F5:47:82:0E:C6,ALL,tcp,2607:f8b0:4004:c09::5f,236,79668,142,34110,94,45558
D4:F5:47:82:0E:C6,ALL,tcp,2607:f8b0:4004:c09::88,191,358721,118,22134,73,336587
D4:F5:47:82:0E:C6,ALL,tcp,2607:f8b0:4004:c09::bc,3661,335375,1835,161155,1826,174220
D4:F5:47:82:0E:C6,ALL,tcp,2607:f8b0:4004:c09::be,30,5572,18,2872,12,2700
D4:F5:47:82:0E:C6,ALL,tcp,2607:f8b0:4004:c0b::5b,30,5572,18,2872,12,2700
D4:F5:47:82:0E:C6,ALL,tcp,2607:f8b0:4004:c0b::5d,15,2786,9,1436,6,1350
D4:F5:47:82:0E:C6,ALL,tcp,2607:f8b0:4004:c0b::5f,1029,690155,598,586015,431,104140
D4:F5:47:82:0E:C6,ALL,tcp,2607:f8b0:4004:c0b::64,447,64314,239,31210,208,33104
D4:F5:47:82:0E:C6,ALL,tcp,2607:f8b0:4004:c0b::65,605,603961,377,44069,228,559892
D4:F5:47:82:0E:C6,ALL,tcp,2607:f8b0:4004:c0b::66,666,629488,381,56529,285,572959
D4:F5:47:82:0E:C6,ALL,tcp,2607:f8b0:4004:c0b::71,218,41538,118,18407,100,23131
D4:F5:47:82:0E:C6,ALL,tcp,2607:f8b0:4004:c0b::88,15,2786,9,1436,6,1350
D4:F5:47:82:0E:C6,ALL,tcp,2607:f8b0:4004:c0b::8a,448,64400,240,31296,208,33104
D4:F5:47:82:0E:C6,ALL,tcp,2607:f8b0:4004:c0b::8b,352,57720,188,24798,164,32922
D4:F5:47:82:0E:C6,ALL,tcp,2607:f8b0:4004:c0b::bc,2503,234467,1257,111064,1246,123403
D4:F5:47:82:0E:C6,ALL,tcp,2607:f8b0:4004:c0b::be,15,2786,9,1436,6,1350
D4:F5:47:82:0E:C6,ALL,tcp,2607:f8b0:4004:c17::5b,45,8358,27,4308,18,4050
D4:F5:47:82:0E:C6,ALL,tcp,2607:f8b0:4004:c17::5d,30,5572,18,2872,12,2700
D4:F5:47:82:0E:C6,ALL,tcp,2607:f8b0:4004:c17::5f,752,286414,427,137257,325,149157
D4:F5:47:82:0E:C6,ALL,tcp,2607:f8b0:4004:c17::64,67,25443,40,6384,27,19059
D4:F5:47:82:0E:C6,ALL,tcp,2607:f8b0:4004:c17::65,99,38021,57,9300,42,28721
D4:F5:47:82:0E:C6,ALL,tcp,2607:f8b0:4004:c17::66,34,12758,19,3100,15,9658
D4:F5:47:82:0E:C6,ALL,tcp,2607:f8b0:4004:c17::71,65,25262,38,6200,27,19062
D4:F5:47:82:0E:C6,ALL,tcp,2607:f8b0:4004:c17::88,15,2786,9,1436,6,1350
D4:F5:47:82:0E:C6,ALL,tcp,2607:f8b0:4004:c17::8a,35,12846,20,3186,15,9660
D4:F5:47:82:0E:C6,ALL,tcp,2607:f8b0:4004:c17::8b,102,38277,57,9300,45,28977
D4:F5:47:82:0E:C6,ALL,tcp,2607:f8b0:4004:c17::94,73,20368,40,5936,33,14432
D4:F5:47:82:0E:C6,ALL,tcp,2607:f8b0:4004:c17::95,37,10191,20,2968,17,7223
D4:F5:47:82:0E:C6,ALL,tcp,2607:f8b0:4004:c17::bc,723,112694,371,36208,352,76486
D4:F5:47:82:0E:C6,ALL,tcp,2607:f8b0:4004:c17::be,30,5572,18,2872,12,2700
D4:F5:47:82:0E:C6,ALL,tcp,2607:f8b0:4004:c19::5b,15,2786,9,1436,6,1350
D4:F5:47:82:0E:C6,ALL,tcp,2607:f8b0:4004:c19::5d,30,5572,18,2872,12,2700
D4:F5:47:82:0E:C6,ALL,tcp,2607:f8b0:4004:c19::5f,563,212212,321,106341,242,105871
D4:F5:47:82:0E:C6,ALL,tcp,2607:f8b0:4004:c19::65,28,4025,15,1956,13,2069
D4:F5:47:82:0E:C6,ALL,tcp,2607:f8b0:4004:c19::71,95,30608,54,10210,41,20398
D4:F5:47:82:0E:C6,ALL,tcp,2607:f8b0:4004:c19::88,77,14102,46,7266,31,6836
D4:F5:47:82:0E:C6,ALL,tcp,2607:f8b0:4004:c19::bc,117,44893,65,8918,52,35975
D4:F5:47:82:0E:C6,ALL,tcp,2607:f8b0:4004:c19::be,15,2786,9,1436,6,1350
D4:F5:47:82:0E:C6,ALL,tcp,2607:f8b0:4004:c1b::5b,15,2786,9,1436,6,1350
D4:F5:47:82:0E:C6,ALL,tcp,2607:f8b0:4004:c1b::5d,32,5744,19,2958,13,2786
D4:F5:47:82:0E:C6,ALL,tcp,2607:f8b0:4004:c1b::5e,141,73857,79,10087,62,63770
D4:F5:47:82:0E:C6,ALL,tcp,2607:f8b0:4004:c1b::5f,428,153581,251,73352,177,80229
D4:F5:47:82:0E:C6,ALL,tcp,2607:f8b0:4004:c1b::88,32,5744,19,2958,13,2786
D4:F5:47:82:0E:C6,ALL,tcp,2607:f8b0:4004:c1b::bc,4007,364954,2008,176189,1999,188765
D4:F5:47:82:0E:C6,ALL,tcp,2607:f8b0:4004:c1b::be,15,2786,9,1436,6,1350
D4:F5:47:82:0E:C6,ALL,tcp,2607:f8b0:4004:c1d::5d,15,2786,9,1436,6,1350
D4:F5:47:82:0E:C6,ALL,tcp,2607:f8b0:4004:c1d::5f,498,221440,273,112756,225,108684
D4:F5:47:82:0E:C6,ALL,tcp,2607:f8b0:4004:c1d::64,67,25457,38,6224,29,19233
D4:F5:47:82:0E:C6,ALL,tcp,2607:f8b0:4004:c1d::66,34,12760,19,3100,15,9660
D4:F5:47:82:0E:C6,ALL,tcp,2607:f8b0:4004:c1d::71,65,25262,38,6200,27,19062
D4:F5:47:82:0E:C6,ALL,tcp,2607:f8b0:4004:c1d::88,62,11316,37,5830,25,5486
D4:F5:47:82:0E:C6,ALL,tcp,2607:f8b0:4004:c1d::bc,6292,581625,3155,277690,3137,303935
D4:F5:47:82:0E:C6,ALL,tcp,2607:f8b0:4004:c1d::be,30,5572,18,2872,12,2700
D4:F5:47:82:0E:C6,ALL,tcp,2607:f8b0:4004:c21::5b,15,2786,9,1436,6,1350
D4:F5:47:82:0E:C6,ALL,tcp,2607:f8b0:4004:c21::5d,17,2958,10,1522,7,1436
D4:F5:47:82:0E:C6,ALL,tcp,2607:f8b0:4004:c21::5f,143,46993,82,16886,61,30107
D4:F5:47:82:0E:C6,ALL,tcp,2607:f8b0:4004:c21::bc,260,30800,133,12312,127,18488
D4:F5:47:82:0E:C6,ALL,tcp,2620:0:5301:2210:3073:27db:d19e:c77a,1,86,0,0,1,86
D4:F5:47:82:0E:C6,ALL,tcp,2620:0:5301:2210:3d51:91e4:58bb:85c1,11153,2998395,4690,1771795,6463,1226600
D4:F5:47:82:0E:C6,ALL,tcp,2620:0:5301:2210:3df4:b329:6387:fe04,389,120049,159,57857,230,62192
D4:F5:47:82:0E:C6,ALL,tcp,2620:0:5301:2210:68e9:7744:a0b6:ea6e,14153,2796935,5549,1020428,8604,1776507
D4:F5:47:82:0E:C6,ALL,tcp,2620:0:5301:2210:7843:4333:e501:2e0e,378,131982,159,74853,219,57129
D4:F5:47:82:0E:C6,ALL,tcp,2620:0:5301:2210:94cd:dcdc:61dc:f768,11849,3556864,4932,1804166,6917,1752698
D4:F5:47:82:0E:C6,ALL,tcp,2620:0:5301:2210:9db3:b0e1:bfba:f809,11094,2127972,4476,812941,6618,1315031
D4:F5:47:82:0E:C6,ALL,tcp,2620:0:5301:2210:b48c:e37:73d6:2fd,10729,2765419,4669,1698815,6060,1066604
D4:F5:47:82:0E:C6,ALL,tcp,2620:0:5301:2210:bce2:a3f7:fc4:e0e2,6257,1117700,2611,446108,3646,671592
D4:F5:47:82:0E:C6,ALL,tls,2607:f8b0:4004:c06::5b,6,4608,3,2218,3,2390
D4:F5:47:82:0E:C6,ALL,tls,2607:f8b0:4004:c06::5d,18,13824,9,6654,9,7170
D4:F5:47:82:0E:C6,ALL,tls,2607:f8b0:4004:c06::5e,47,36025,26,11856,21,24169
D4:F5:47:82:0E:C6,ALL,tls,2607:f8b0:4004:c06::5f,423,214043,220,87568,203,126475
D4:F5:47:82:0E:C6,ALL,tls,2607:f8b0:4004:c06::88,12,9216,6,4436,6,4780
D4:F5:47:82:0E:C6,ALL,tls,2607:f8b0:4004:c06::bc,224,103618,95,16412,129,87206
D4:F5:47:82:0E:C6,ALL,tls,2607:f8b0:4004:c06::be,6,4608,3,2218,3,2390
D4:F5:47:82:0E:C6,ALL,tls,2607:f8b0:4004:c07::5b,113,362774,21,18112,92,344662
D4:F5:47:82:0E:C6,ALL,tls,2607:f8b0:4004:c07::5d,6,4608,3,2218,3,2390
D4:F5:47:82:0E:C6,ALL,tls,2607:f8b0:4004:c07::5f,214,109338,107,42519,107,66819
D4:F5:47:82:0E:C6,ALL,tls,2607:f8b0:4004:c07::64,44,30133,17,13894,27,16239
D4:F5:47:82:0E:C6,ALL,tls,2607:f8b0:4004:c07::65,32,25875,13,12234,19,13641
D4:F5:47:82:0E:C6,ALL,tls,2607:f8b0:4004:c07::66,60,39959,23,18338,37,21621
D4:F5:47:82:0E:C6,ALL,tls,2607:f8b0:4004:c07::71,34,28659,14,13626,20,15033
D4:F5:47:82:0E:C6,ALL,tls,2607:f8b0:4004:c07::88,80,347742,16,12331,64,335411
D4:F5:47:82:0E:C6,ALL,tls,2607:f8b0:4004:c07::8a,191,589771,38,32431,153,557340
D4:F5:47:82:0E:C6,ALL,tls,2607:f8b0:4004:c07::8b,36,25220,14,11672,22,13548
D4:F5:47:82:0E:C6,ALL,tls,2607:f8b0:4004:c07::bc,19,10186,8,1606,11,8580
D4:F5:47:82:0E:C6,ALL,tls,2607:f8b0:4004:c08::5d,12,9216,6,4436,6,4780
D4:F5:47:82:0E:C6,ALL,tls,2607:f8b0:4004:c08::5e,73,104111,18,5062,55,99049
D4:F5:47:82:0E:C6,ALL,tls,2607:f8b0:4004:c08::5f,230,135451,102,56876,128,78575
D4:F5:47:82:0E:C6,ALL,tls,2607:f8b0:4004:c08::64,28,22790,12,10842,16,11948
D4:F5:47:82:0E:C6,ALL,tls,2607:f8b0:4004:c08::65,50,41613,21,17055,29,24558
D4:F5:47:82:0E:C6,ALL,tls,2607:f8b0:4004:c08::66,24,14739,9,6666,15,8073
D4:F5:47:82:0E:C6,ALL,tls,2607:f8b0:4004:c08::71,26,17523,10,8058,16,9465
D4:F5:47:82:0E:C6,ALL,tls,2607:f8b0:4004:c08::8a,20,15394,8,7228,12,8166
D4:F5:47:82:0E:C6,ALL,tls,2607:f8b0:4004:c08::8b,22,18178,9,8620,13,9558
D4:F5:47:82:0E:C6,ALL,tls,2607:f8b0:4004:c08::bc,20,9092,9,1718,11,7374
D4:F5:47:82:0E:C6,ALL,tls,2607:f8b0:4004:c08::be,30,23040,15,11090,15,11950
D4:F5:47:82:0E:C6,ALL,tls,2607:f8b0:4004:c09::5b,6,4608,3,2218,3,2390
D4:F5:47:82:0E:C6,ALL,tls,2607:f8b0:4004:c09::5d,18,13824,9,6654,9,7170
D4:F5:47:82:0E:C6,ALL,tls,2607:f8b0:4004:c09::5e,6,4622,3,2232,3,2390
D4:F5:47:82:0E:C6,ALL,tls,2607:f8b0:4004:c09::5f,105,66938,47,24524,58,42414
D4:F5:47:82:0E:C6,ALL,tls,2607:f8b0:4004:c09::88,71,346713,13,10118,58,336595
D4:F5:47:82:0E:C6,ALL,tls,2607:f8b0:4004:c09::bc,149,32103,72,9521,77,22582
D4:F5:47:82:0E:C6,ALL,tls,2607:f8b0:4004:c09::be,12,9216,6,4436,6,4780
D4:F5:47:82:0E:C6,ALL,tls,2607:f8b0:4004:c0b::5b,12,9216,6,4436,6,4780
D4:F5:47:82:0E:C6,ALL,tls,2607:f8b0:4004:c0b::5d,6,4608,3,2218,3,2390
D4:F5:47:82:0E:C6,ALL,tls,2607:f8b0:4004:c0b::5f,496,488653,373,411049,123,77604
D4:F5:47:82:0E:C6,ALL,tls,2607:f8b0:4004:c0b::64,160,123152,64,57824,96,65328
D4:F5:47:82:0E:C6,ALL,tls,2607:f8b0:4004:c0b::65,189,621753,52,43441,137,578312
D4:F5:47:82:0E:C6,ALL,tls,2607:f8b0:4004:c0b::66,250,657472,73,61037,177,596435
D4:F5:47:82:0E:C6,ALL,tls,2607:f8b0:4004:c0b::71,72,52646,28,23671,44,28975
D4:F5:47:82:0E:C6,ALL,tls,2607:f8b0:4004:c0b::88,6,4608,3,2218,3,2390
D4:F5:47:82:0E:C6,ALL,tls,2607:f8b0:4004:c0b::8a,156,117584,62,55040,94,62544
D4:F5:47:82:0E:C6,ALL,tls,2607:f8b0:4004:c0b::8b,126,94480,51,41652,75,52828
D4:F5:47:82:0E:C6,ALL,tls,2607:f8b0:4004:c0b::bc,112,28809,53,7504,59,21305
D4:F5:47:82:0E:C6,ALL,tls,2607:f8b0:4004:c0b::be,6,4608,3,2218,3,2390
D4:F5:47:82:0E:C6,ALL,tls,2607:f8b0:4004:c17::5b,18,13824,9,6654,9,7170
D4:F5:47:82:0E:C6,ALL,tls,2607:f8b0:4004:c17::5d,12,9216,6,4436,6,4780
D4:F5:47:82:0E:C6,ALL,tls,2607:f8b0:4004:c17::5e,2,2784,1,1392,1,1392
D4:F5:47:82:0E:C6,ALL,tls,2607:f8b0:4004:c17::5f,330,215966,148,79235,182,136731
D4:F5:47:82:0E:C6,ALL,tls,2607:f8b0:4004:c17::64,32,22401,18,4476,14,17925
D4:F5:47:82:0E:C6,ALL,tls,2607:f8b0:4004:c17::65,48,28755,27,6696,21,22059
D4:F5:47:82:0E:C6,ALL,tls,2607:f8b0:4004:c17::66,16,11194,9,2232,7,8962
D4:F5:47:82:0E:C6,ALL,tls,2607:f8b0:4004:c17::71,32,22392,18,4464,14,17928
D4:F5:47:82:0E:C6,ALL,tls,2607:f8b0:4004:c17::88,6,4608,3,2218,3,2390
D4:F5:47:82:0E:C6,ALL,tls,2607:f8b0:4004:c17::8a,16,8780,9,2232,7,6548
D4:F5:47:82:0E:C6,ALL,tls,2607:f8b0:4004:c17::8b,48,31169,27,6696,21,24473
D4:F5:47:82:0E:C6,ALL,tls,2607:f8b0:4004:c17::94,26,16294,12,3512,14,12782
D4:F5:47:82:0E:C6,ALL,tls,2607:f8b0:4004:c17::95,13,6903,6,1756,7,5147
D4:F5:47:82:0E:C6,ALL,tls,2607:f8b0:4004:c17::bc,71,54138,27,6584,44,47554
D4:F5:47:82:0E:C6,ALL,tls,2607:f8b0:4004:c17::be,12,9216,6,4436,6,4780
D4:F5:47:82:0E:C6,ALL,tls,2607:f8b0:4004:c19::5b,6,4608,3,2218,3,2390
D4:F5:47:82:0E:C6,ALL,tls,2607:f8b0:4004:c19::5d,12,9216,6,4436,6,4780
D4:F5:47:82:0E:C6,ALL,tls,2607:f8b0:4004:c19::5f,248,159430,108,62427,140,97003
D4:F5:47:82:0E:C6,ALL,tls,2607:f8b0:4004:c19::64,2,2784,1,1392,1,1392
D4:F5:47:82:0E:C6,ALL,tls,2607:f8b0:4004:c19::65,8,4913,3,2222,5,2691
D4:F5:47:82:0E:C6,ALL,tls,2607:f8b0:4004:c19::71,32,16482,14,5326,18,11156
D4:F5:47:82:0E:C6,ALL,tls,2607:f8b0:4004:c19::88,30,23040,15,11090,15,11950
D4:F5:47:82:0E:C6,ALL,tls,2607:f8b0:4004:c19::8a,2,2784,1,1392,1,1392
D4:F5:47:82:0E:C6,ALL,tls,2607:f8b0:4004:c19::bc,34,31651,12,4328,22,27323
D4:F5:47:82:0E:C6,ALL,tls,2607:f8b0:4004:c19::be,6,4608,3,2218,3,2390
D4:F5:47:82:0E:C6,ALL,tls,2607:f8b0:4004:c1b::5b,6,4608,3,2218,3,2390
D4:F5:47:82:0E:C6,ALL,tls,2607:f8b0:4004:c1b::5d,12,9216,6,4436,6,4780
D4:F5:47:82:0E:C6,ALL,tls,2607:f8b0:4004:c1b::5e,53,68853,19,6209,34,62644
D4:F5:47:82:0E:C6,ALL,tls,2607:f8b0:4004:c1b::5f,183,115339,84,41954,99,73385
D4:F5:47:82:0E:C6,ALL,tls,2607:f8b0:4004:c1b::88,12,9216,6,4436,6,4780
D4:F5:47:82:0E:C6,ALL,tls,2607:f8b0:4004:c1b::bc,160,34080,78,10193,82,23887
D4:F5:47:82:0E:C6,ALL,tls,2607:f8b0:4004:c1b::be,6,4608,3,2218,3,2390
D4:F5:47:82:0E:C6,ALL,tls,2607:f8b0:4004:c1d::5d,6,4608,3,2218,3,2390
D4:F5:47:82:0E:C6,ALL,tls,2607:f8b0:4004:c1d::5f,234,165868,94,64566,140,101302
D4:F5:47:82:0E:C6,ALL,tls,2607:f8b0:4004:c1d::64,32,22415,18,4488,14,17927
D4:F5:47:82:0E:C6,ALL,tls,2607:f8b0:4004:c1d::66,16,8780,9,2232,7,6548
D4:F5:47:82:0E:C6,ALL,tls,2607:f8b0:4004:c1d::71,32,22392,18,4464,14,17928
D4:F5:47:82:0E:C6,ALL,tls,2607:f8b0:4004:c1d::88,22,15648,11,7480,11,8168
D4:F5:47:82:0E:C6,ALL,tls,2607:f8b0:4004:c1d::bc,267,63399,128,17324,139,46075
D4:F5:47:82:0E:C6,ALL,tls,2607:f8b0:4004:c1d::be,14,12000,7,5828,7,6172
D4:F5:47:82:0E:C6,ALL,tls,2607:f8b0:4004:c21::5b,6,4608,3,2218,3,2390
D4:F5:47:82:0E:C6,ALL,tls,2607:f8b0:4004:c21::5d,6,4608,3,2218,3,2390
D4:F5:47:82:0E:C6,ALL,tls,2607:f8b0:4004:c21::5f,67,38953,28,10770,39,28183
D4:F5:47:82:0E:C6,ALL,tls,2607:f8b0:4004:c21::bc,14,9628,6,1382,8,8246
D4:F5:47:82:0E:C6,ALL,tls,2620:0:5301:2210:3d51:91e4:58bb:85c1,1276,1564302,765,1311084,511,253218
D4:F5:47:82:0E:C6,ALL,tls,2620:0:5301:2210:3df4:b329:6387:fe04,82,70599,48,45577,34,25022
D4:F5:47:82:0E:C6,ALL,tls,2620:0:5301:2210:68e9:7744:a0b6:ea6e,727,434745,400,270658,327,164087
D4:F5:47:82:0E:C6,ALL,tls,2620:0:5301:2210:7843:4333:e501:2e0e,111,93762,66,66093,45,27669
D4:F5:47:82:0E:C6,ALL,tls,2620:0:5301:2210:9db3:b0e1:bfba:f809,699,420882,384,259427,315,161455
D4:F5:47:82:0E:C6,ALL,tls,2620:0:5301:2210:b48c:e37:73d6:2fd,1312,1579884,785,1297794,527,282090
D4:F5:47:82:0E:C6,ALL,tls,2620:0:5301:2210:bce2:a3f7:fc4:e0e2,469,269913,256,164269,213,105644
D4:F5:47:82:0E:C6,ALL,ntp,2001:4860:4806:4::,112,12320,56,6160,56,6160
D4:F5:47:82:0E:C6,ALL,ntp,2001:4860:4806::,124,13640,62,6820,62,6820
D4:F5:47:82:0E:C6,ALL,ntp,2001:4860:4806:c::,126,13860,63,6930,63,6930
D4:F5:47:82:0E:C6,ALL,ntp,2620:0:5301:2210:3d51:91e4:58bb:85c1,88,9680,44,4840,44,4840
D4:F5:47:82:0E:C6,ALL,ntp,2620:0:5301:2210:3df4:b329:6387:fe04,2,220,1,110,1,110
D4:F5:47:82:0E:C6,ALL,ntp,2620:0:5301:2210:68e9:7744:a0b6:ea6e,98,10780,49,5390,49,5390
D4:F5:47:82:0E:C6,ALL,ntp,2620:0:5301:2210:94cd:dcdc:61dc:f768,94,10340,47,5170,47,5170
D4:F5:47:82:0E:C6,ALL,ntp,2620:0:5301:2210:9db3:b0e1:bfba:f809,84,9240,42,4620,42,4620
D4:F5:47:82:0E:C6,ALL,ntp,2620:0:5301:2210:b48c:e37:73d6:2fd,90,9900,45,4950,45,4950
D4:F5:47:82:0E:C6,ALL,ntp,2620:0:5301:2210:bce2:a3f7:fc4:e0e2,60,6600,30,3300,30,3300
D4:F5:47:82:0E:C6,ALL,quic,2607:f8b0:4004:c06::5b,706,86648,346,49541,360,37107
D4:F5:47:82:0E:C6,ALL,quic,2607:f8b0:4004:c06::5d,2089,254075,1028,144595,1061,109480
D4:F5:47:82:0E:C6,ALL,quic,2607:f8b0:4004:c06::5e,77,35363,42,15786,35,19577
D4:F5:47:82:0E:C6,ALL,quic,2607:f8b0:4004:c06::88,1407,173630,693,100098,714,73532
D4:F5:47:82:0E:C6,ALL,quic,2607:f8b0:4004:c06::be,688,84838,338,48723,350,36115
D4:F5:47:82:0E:C6,ALL,quic,2607:f8b0:4004:c07::5b,3429,1051071,1483,202867,1946,848204
D4:F5:47:82:0E:C6,ALL,quic,2607:f8b0:4004:c07::5d,658,81961,323,47302,335,34659
D4:F5:47:82:0E:C6,ALL,quic,2607:f8b0:4004:c07::64,150,79716,82,56179,68,23537
D4:F5:47:82:0E:C6,ALL,quic,2607:f8b0:4004:c07::65,167,85414,90,62388,77,23026
D4:F5:47:82:0E:C6,ALL,quic,2607:f8b0:4004:c07::66,182,95672,101,65452,81,30220
D4:F5:47:82:0E:C6,ALL,quic,2607:f8b0:4004:c07::71,185,96017,99,69582,86,26435
D4:F5:47:82:0E:C6,ALL,quic,2607:f8b0:4004:c07::88,2029,880216,796,107080,1233,773136
D4:F5:47:82:0E:C6,ALL,quic,2607:f8b0:4004:c07::8a,209,116615,110,73101,99,43514
D4:F5:47:82:0E:C6,ALL,quic,2607:f8b0:4004:c07::8b,131,68952,73,48969,58,19983
D4:F5:47:82:0E:C6,ALL,quic,2607:f8b0:4004:c08::5d,1473,185913,724,106446,749,79467
D4:F5:47:82:0E:C6,ALL,quic,2607:f8b0:4004:c08::64,613,616625,158,58043,455,558582
D4:F5:47:82:0E:C6,ALL,quic,2607:f8b0:4004:c08::65,644,635993,178,71012,466,564981
D4:F5:47:82:0E:C6,ALL,quic,2607:f8b0:4004:c08::66,66,34613,37,24558,29,10055
D4:F5:47:82:0E:C6,ALL,quic,2607:f8b0:4004:c08::71,86,45394,47,31845,39,13549
D4:F5:47:82:0E:C6,ALL,quic,2607:f8b0:4004:c08::8a,97,49203,53,36099,44,13104
D4:F5:47:82:0E:C6,ALL,quic,2607:f8b0:4004:c08::8b,115,59770,62,43292,53,16478
D4:F5:47:82:0E:C6,ALL,quic,2607:f8b0:4004:c08::be,3498,428136,1720,244688,1778,183448
D4:F5:47:82:0E:C6,ALL,quic,2607:f8b0:4004:c09::5b,684,84165,336,48258,348,35907
D4:F5:47:82:0E:C6,ALL,quic,2607:f8b0:4004:c09::5d,2077,259794,1018,149833,1059,109961
D4:F5:47:82:0E:C6,ALL,quic,2607:f8b0:4004:c09::5e,17,10166,8,3735,9,6431
D4:F5:47:82:0E:C6,ALL,quic,2607:f8b0:4004:c09::88,1328,794288,454,57631,874,736657
D4:F5:47:82:0E:C6,ALL,quic,2607:f8b0:4004:c09::be,1386,171872,681,98957,705,72915
D4:F5:47:82:0E:C6,ALL,quic,2607:f8b0:4004:c0b::5b,1360,168499,669,97125,691,71374
D4:F5:47:82:0E:C6,ALL,quic,2607:f8b0:4004:c0b::5d,689,84299,339,48177,350,36122
D4:F5:47:82:0E:C6,ALL,quic,2607:f8b0:4004:c0b::64,2583,2546381,696,285641,1887,2260740
D4:F5:47:82:0E:C6,ALL,quic,2607:f8b0:4004:c0b::65,452,244392,243,161863,209,82529
D4:F5:47:82:0E:C6,ALL,quic,2607:f8b0:4004:c0b::66,2474,2488045,648,235733,1826,2252312
D4:F5:47:82:0E:C6,ALL,quic,2607:f8b0:4004:c0b::71,220,115935,119,82473,101,33462
D4:F5:47:82:0E:C6,ALL,quic,2607:f8b0:4004:c0b::88,681,84181,335,48432,346,35749
D4:F5:47:82:0E:C6,ALL,quic,2607:f8b0:4004:c0b::8a,2628,2557778,753,283297,1875,2274481
D4:F5:47:82:0E:C6,ALL,quic,2607:f8b0:4004:c0b::8b,491,255088,266,182368,225,72720
D4:F5:47:82:0E:C6,ALL,quic,2607:f8b0:4004:c0b::be,695,85855,342,49424,353,36431
D4:F5:47:82:0E:C6,ALL,quic,2607:f8b0:4004:c17::5b,1818,225631,888,128630,930,97001
D4:F5:47:82:0E:C6,ALL,quic,2607:f8b0:4004:c17::5d,1361,164755,670,93304,691,71451
D4:F5:47:82:0E:C6,ALL,quic,2607:f8b0:4004:c17::5e,12,6052,6,3421,6,2631
D4:F5:47:82:0E:C6,ALL,quic,2607:f8b0:4004:c17::88,702,86309,346,49534,356,36775
D4:F5:47:82:0E:C6,ALL,quic,2607:f8b0:4004:c17::be,1147,145241,559,83912,588,61329
D4:F5:47:82:0E:C6,ALL,quic,2607:f8b0:4004:c19::5b,685,84869,337,48949,348,35920
D4:F5:47:82:0E:C6,ALL,quic,2607:f8b0:4004:c19::5d,1404,173109,690,99255,714,73854
D4:F5:47:82:0E:C6,ALL,quic,2607:f8b0:4004:c19::64,25,12681,13,9437,12,3244
D4:F5:47:82:0E:C6,ALL,quic,2607:f8b0:4004:c19::65,20,10868,12,7557,8,3311
D4:F5:47:82:0E:C6,ALL,quic,2607:f8b0:4004:c19::88,3126,391917,1533,226170,1593,165747
D4:F5:47:82:0E:C6,ALL,quic,2607:f8b0:4004:c19::8a,25,12680,13,9436,12,3244
D4:F5:47:82:0E:C6,ALL,quic,2607:f8b0:4004:c19::be,670,79475,329,44255,341,35220
D4:F5:47:82:0E:C6,ALL,quic,2607:f8b0:4004:c1b::5b,703,85973,347,49305,356,36668
D4:F5:47:82:0E:C6,ALL,quic,2607:f8b0:4004:c1b::5d,1398,171897,689,98795,709,73102
D4:F5:47:82:0E:C6,ALL,quic,2607:f8b0:4004:c1b::5e,20,12543,10,3883,10,8660
D4:F5:47:82:0E:C6,ALL,quic,2607:f8b0:4004:c1b::88,1076,135596,530,78181,546,57415
D4:F5:47:82:0E:C6,ALL,quic,2607:f8b0:4004:c1b::be,666,82532,327,47365,339,35167
D4:F5:47:82:0E:C6,ALL,quic,2607:f8b0:4004:c1d::5d,482,64120,238,38201,244,25919
D4:F5:47:82:0E:C6,ALL,quic,2607:f8b0:4004:c1d::88,2032,251391,998,144677,1034,106714
D4:F5:47:82:0E:C6,ALL,quic,2607:f8b0:4004:c1d::be,434,76900,218,48958,216,27942
D4:F5:47:82:0E:C6,ALL,quic,2607:f8b0:4004:c21::5b,666,82064,327,47045,339,35019
D4:F5:47:82:0E:C6,ALL,quic,2607:f8b0:4004:c21::5d,679,84237,334,48612,345,35625
D4:F5:47:82:0E:C6,ALL,quic,2620:0:5301:2210:3d51:91e4:58bb:85c1,10074,2734149,5441,1812276,4633,921873
D4:F5:47:82:0E:C6,ALL,quic,2620:0:5301:2210:3df4:b329:6387:fe04,545,575261,421,548528,124,26733
D4:F5:47:82:0E:C6,ALL,quic,2620:0:5301:2210:68e9:7744:a0b6:ea6e,8904,2897998,4940,2106479,3964,791519
D4:F5:47:82:0E:C6,ALL,quic,2620:0:5301:2210:7843:4333:e501:2e0e,535,575930,422,551967,113,23963
D4:F5:47:82:0E:C6,ALL,quic,2620:0:5301:2210:94cd:dcdc:61dc:f768,10608,3294255,5844,2355004,4764,939251
D4:F5:47:82:0E:C6,ALL,quic,2620:0:5301:2210:9db3:b0e1:bfba:f809,8366,2301951,4506,1545722,3860,756229
D4:F5:47:82:0E:C6,ALL,quic,2620:0:5301:2210:bce2:a3f7:fc4:e0e2,5545,1382467,2942,858087,2603,524380
D4:F5:47:82:0E:C6,ALL,http,2620:0:5301:2210:3d51:91e4:58bb:85c1,2868,899327,1434,305651,1434,593676
D4:F5:47:82:0E:C6,ALL,http,2620:0:5301:2210:3df4:b329:6387:fe04,104,32604,52,11076,52,21528
D4:F5:47:82:0E:C6,ALL,http,2620:0:5301:2210:68e9:7744:a0b6:ea6e,5758,1805342,2879,613436,2879,1191906
D4:F5:47:82:0E:C6,ALL,http,2620:0:5301:2210:7843:4333:e501:2e0e,52,16302,26,5538,26,10764
D4:F5:47:82:0E:C6,ALL,http,2620:0:5301:2210:94cd:dcdc:61dc:f768,2876,901835,1438,306503,1438,595332
D4:F5:47:82:0E:C6,ALL,http,2620:0:5301:2210:9db3:b0e1:bfba:f809,3956,1240396,1978,421504,1978,818892
D4:F5:47:82:0E:C6,ALL,http,2620:0:5301:2210:b48c:e37:73d6:2fd,1897,595019,948,202133,949,392886
D4:F5:47:82:0E:C6,ALL,http,2620:0:5301:2210:bce2:a3f7:fc4:e0e2,1844,578227,922,196519,922,381708
D4:F5:47:82:0E:C6,ALL,udp:443,2607:f8b0:4004:c06::5b*,706,86648,346,49541,360,37107
D4:F5:47:82:0E:C6,ALL,udp:443,2607:f8b0:4004:c06::5d*,2089,254075,1028,144595,1061,109480
D4:F5:47:82:0E:C6,ALL,udp:443,2607:f8b0:4004:c06::5e*,77,35363,42,15786,35,19577
D4:F5:47:82:0E:C6,ALL,udp:443,2607:f8b0:4004:c06::88*,1407,173630,693,100098,714,73532
D4:F5:47:82:0E:C6,ALL,udp:443,2607:f8b0:4004:c06::be*,688,84838,338,48723,350,36115
D4:F5:47:82:0E:C6,ALL,udp:443,2607:f8b0:4004:c07::5b*,3429,1051071,1483,202867,1946,848204
D4:F5:47:82:0E:C6,ALL,udp:443,2607:f8b0:4004:c07::5d*,658,81961,323,47302,335,34659
D4:F5:47:82:0E:C6,ALL,udp:443,2607:f8b0:4004:c07::64*,150,79716,82,56179,68,23537
D4:F5:47:82:0E:C6,ALL,udp:443,2607:f8b0:4004:c07::65*,167,85414,90,62388,77,23026
D4:F5:47:82:0E:C6,ALL,udp:443,2607:f8b0:4004:c07::66*,182,95672,101,65452,81,30220
D4:F5:47:82:0E:C6,ALL,udp:443,2607:f8b0:4004:c07::71*,185,96017,99,69582,86,26435
D4:F5:47:82:0E:C6,ALL,udp:443,2607:f8b0:4004:c07::88*,2029,880216,796,107080,1233,773136
D4:F5:47:82:0E:C6,ALL,udp:443,2607:f8b0:4004:c07::8a*,209,116615,110,73101,99,43514
D4:F5:47:82:0E:C6,ALL,udp:443,2607:f8b0:4004:c07::8b*,131,68952,73,48969,58,19983
D4:F5:47:82:0E:C6,ALL,udp:443,2607:f8b0:4004:c08::5d*,1473,185913,724,106446,749,79467
D4:F5:47:82:0E:C6,ALL,udp:443,2607:f8b0:4004:c08::64*,613,616625,158,58043,455,558582
D4:F5:47:82:0E:C6,ALL,udp:443,2607:f8b0:4004:c08::65*,644,635993,178,71012,466,564981
D4:F5:47:82:0E:C6,ALL,udp:443,2607:f8b0:4004:c08::66*,66,34613,37,24558,29,10055
D4:F5:47:82:0E:C6,ALL,udp:443,2607:f8b0:4004:c08::71*,86,45394,47,31845,39,13549
D4:F5:47:82:0E:C6,ALL,udp:443,2607:f8b0:4004:c08::8a*,97,49203,53,36099,44,13104
D4:F5:47:82:0E:C6,ALL,udp:443,2607:f8b0:4004:c08::8b*,115,59770,62,43292,53,16478
D4:F5:47:82:0E:C6,ALL,udp:443,2607:f8b0:4004:c08::be*,3498,428136,1720,244688,1778,183448
D4:F5:47:82:0E:C6,ALL,udp:443,2607:f8b0:4004:c09::5b*,684,84165,336,48258,348,35907
D4:F5:47:82:0E:C6,ALL,udp:443,2607:f8b0:4004:c09::5d*,2077,259794,1018,149833,1059,109961
D4:F5:47:82:0E:C6,ALL,udp:443,2607:f8b0:4004:c09::5e*,17,10166,8,3735,9,6431
D4:F5:47:82:0E:C6,ALL,udp:443,2607:f8b0:4004:c09::88*,1883,852679,726,88529,1157,764150
D4:F5:47:82:0E:C6,ALL,udp:443,2607:f8b0:4004:c09::be*,1386,171872,681,98957,705,72915
D4:F5:47:82:0E:C6,ALL,udp:443,2607:f8b0:4004:c0b::5b*,1360,168499,669,97125,691,71374
D4:F5:47:82:0E:C6,ALL,udp:443,2607:f8b0:4004:c0b::5d*,689,84299,339,48177,350,36122
D4:F5:47:82:0E:C6,ALL,udp:443,2607:f8b0:4004:c0b::64*,2583,2546381,696,285641,1887,2260740
D4:F5:47:82:0E:C6,ALL,udp:443,2607:f8b0:4004:c0b::65*,452,244392,243,161863,209,82529
D4:F5:47:82:0E:C6,ALL,udp:443,2607:f8b0:4004:c0b::66*,2474,2488045,648,235733,1826,2252312
D4:F5:47:82:0E:C6,ALL,udp:443,2607:f8b0:4004:c0b::71*,220,115935,119,82473,101,33462
D4:F5:47:82:0E:C6,ALL,udp:443,2607:f8b0:4004:c0b::88*,681,84181,335,48432,346,35749
D4:F5:47:82:0E:C6,ALL,udp:443,2607:f8b0:4004:c0b::8a*,2628,2557778,753,283297,1875,2274481
D4:F5:47:82:0E:C6,ALL,udp:443,2607:f8b0:4004:c0b::8b*,491,255088,266,182368,225,72720
D4:F5:47:82:0E:C6,ALL,udp:443,2607:f8b0:4004:c0b::be*,695,85855,342,49424,353,36431
D4:F5:47:82:0E:C6,ALL,udp:443,2607:f8b0:4004:c17::5b*,1818,225631,888,128630,930,97001
D4:F5:47:82:0E:C6,ALL,udp:443,2607:f8b0:4004:c17::5d*,1361,164755,670,93304,691,71451
D4:F5:47:82:0E:C6,ALL,udp:443,2607:f8b0:4004:c17::5e*,12,6052,6,3421,6,2631
D4:F5:47:82:0E:C6,ALL,udp:443,2607:f8b0:4004:c17::88*,702,86309,346,49534,356,36775
D4:F5:47:82:0E:C6,ALL,udp:443,2607:f8b0:4004:c17::be*,1147,145241,559,83912,588,61329
D4:F5:47:82:0E:C6,ALL,udp:443,2607:f8b0:4004:c19::5b*,685,84869,337,48949,348,35920
D4:F5:47:82:0E:C6,ALL,udp:443,2607:f8b0:4004:c19::5d*,1404,173109,690,99255,714,73854
D4:F5:47:82:0E:C6,ALL,udp:443,2607:f8b0:4004:c19::64*,25,12681,13,9437,12,3244
D4:F5:47:82:0E:C6,ALL,udp:443,2607:f8b0:4004:c19::65*,20,10868,12,7557,8,3311
D4:F5:47:82:0E:C6,ALL,udp:443,2607:f8b0:4004:c19::88*,3126,391917,1533,226170,1593,165747
D4:F5:47:82:0E:C6,ALL,udp:443,2607:f8b0:4004:c19::8a*,25,12680,13,9436,12,3244
D4:F5:47:82:0E:C6,ALL,udp:443,2607:f8b0:4004:c19::be*,670,79475,329,44255,341,35220
D4:F5:47:82:0E:C6,ALL,udp:443,2607:f8b0:4004:c1b::5b*,703,85973,347,49305,356,36668
D4:F5:47:82:0E:C6,ALL,udp:443,2607:f8b0:4004:c1b::5d*,1398,171897,689,98795,709,73102
D4:F5:47:82:0E:C6,ALL,udp:443,2607:f8b0:4004:c1b::5e*,20,12543,10,3883,10,8660
D4:F5:47:82:0E:C6,ALL,udp:443,2607:f8b0:4004:c1b::88*,1076,135596,530,78181,546,57415
D4:F5:47:82:0E:C6,ALL,udp:443,2607:f8b0:4004:c1b::be*,666,82532,327,47365,339,35167
D4:F5:47:82:0E:C6,ALL,udp:443,2607:f8b0:4004:c1d::5d*,482,64120,238,38201,244,25919
D4:F5:47:82:0E:C6,ALL,udp:443,2607:f8b0:4004:c1d::88*,2746,339489,1348,195298,1398,144191
D4:F5:47:82:0E:C6,ALL,udp:443,2607:f8b0:4004:c1d::be*,434,76900,218,48958,216,27942
D4:F5:47:82:0E:C6,ALL,udp:443,2607:f8b0:4004:c21::5b*,666,82064,327,47045,339,35019
D4:F5:47:82:0E:C6,ALL,udp:443,2607:f8b0:4004:c21::5d*,679,84237,334,48612,345,35625
D4:F5:47:82:0E:C6,ALL,udp:443,2620:0:5301:2210:3d51:91e4:58bb:85c1*,10074,2734149,5441,1812276,4633,921873
D4:F5:47:82:0E:C6,ALL,udp:443,2620:0:5301:2210:3df4:b329:6387:fe04*,545,575261,421,548528,124,26733
D4:F5:47:82:0E:C6,ALL,udp:443,2620:0:5301:2210:68e9:7744:a0b6:ea6e*,9618,2986096,5304,2143956,4314,842140
D4:F5:47:82:0E:C6,ALL,udp:443,2620:0:5301:2210:7843:4333:e501:2e0e*,535,575930,422,551967,113,23963
D4:F5:47:82:0E:C6,ALL,udp:443,2620:0:5301:2210:94cd:dcdc:61dc:f768*,10608,3294255,5844,2355004,4764,939251
D4:F5:47:82:0E:C6,ALL,udp:443,2620:0:5301:2210:9db3:b0e1:bfba:f809*,8366,2301951,4506,1545722,3860,756229
D4:F5:47:82:0E:C6,ALL,udp:443,2620:0:5301:2210:bce2:a3f7:fc4:e0e2*,6100,1440858,3225,885580,2875,555278
D4:F5:47:82:0E:C6,ALL,udp:34980,2607:f8b0:4004:c1d::88*,714,88098,350,50621,364,37477
D4:F5:47:82:0E:C6,ALL,udp:34980,2620:0:5301:2210:68e9:7744:a0b6:ea6e*,714,88098,364,37477,350,50621
D4:F5:47:82:0E:C6,ALL,udp:37759,2607:f8b0:4004:c09::88*,555,58391,272,30898,283,27493
D4:F5:47:82:0E:C6,ALL,udp:37759,2620:0:5301:2210:bce2:a3f7:fc4:e0e2*,555,58391,283,27493,272,30898
D4:F5:47:82:0E:C6,ALL,https,2607:f8b0:4004:c06::5b,15,2786,9,1436,6,1350
D4:F5:47:82:0E:C6,ALL,https,2607:f8b0:4004:c06::5d,45,8358,27,4308,18,4050
D4:F5:47:82:0E:C6,ALL,https,2607:f8b0:4004:c06::5e,142,33815,87,11870,55,21945
D4:F5:47:82:0E:C6,ALL,https,2607:f8b0:4004:c06::5f,925,314335,495,168242,430,146093
D4:F5:47:82:0E:C6,ALL,https,2607:f8b0:4004:c06::88,30,5572,18,2872,12,2700
D4:F5:47:82:0E:C6,ALL,https,2607:f8b0:4004:c06::bc,97,25759,53,6222,44,19537
D4:F5:47:82:0E:C6,ALL,https,2607:f8b0:4004:c06::be,15,2786,9,1436,6,1350
D4:F5:47:82:0E:C6,ALL,https,2607:f8b0:4004:c07::5b,261,369182,142,26182,119,343000
D4:F5:47:82:0E:C6,ALL,https,2607:f8b0:4004:c07::5d,15,2786,9,1436,6,1350
D4:F5:47:82:0E:C6,ALL,https,2607:f8b0:4004:c07::5f,465,150936,253,75023,212,75913
D4:F5:47:82:0E:C6,ALL,https,2607:f8b0:4004:c07::64,140,20125,75,9780,65,10345
D4:F5:47:82:0E:C6,ALL,https,2607:f8b0:4004:c07::65,84,12075,45,5868,39,6207
D4:F5:47:82:0E:C6,ALL,https,2607:f8b0:4004:c07::66,196,28175,105,13692,91,14483
D4:F5:47:82:0E:C6,ALL,https,2607:f8b0:4004:c07::71,84,12075,45,5868,39,6207
D4:F5:47:82:0E:C6,ALL,https,2607:f8b0:4004:c07::88,172,358370,89,20297,83,338073
D4:F5:47:82:0E:C6,ALL,https,2607:f8b0:4004:c07::8a,623,607335,406,53931,217,553404
D4:F5:47:82:0E:C6,ALL,https,2607:f8b0:4004:c07::8b,112,16100,60,7824,52,8276
D4:F5:47:82:0E:C6,ALL,https,2607:f8b0:4004:c08::5d,30,5572,18,2872,12,2700
D4:F5:47:82:0E:C6,ALL,https,2607:f8b0:4004:c08::5e,173,112759,91,11364,82,101395
D4:F5:47:82:0E:C6,ALL,https,2607:f8b0:4004:c08::5f,489,183525,267,96794,222,86731
D4:F5:47:82:0E:C6,ALL,https,2607:f8b0:4004:c08::64,73,11012,40,5438,33,5574
D4:F5:47:82:0E:C6,ALL,https,2607:f8b0:4004:c08::65,133,29311,74,12625,59,16686
D4:F5:47:82:0E:C6,ALL,https,2607:f8b0:4004:c08::66,84,12075,45,5868,39,6207
D4:F5:47:82:0E:C6,ALL,https,2607:f8b0:4004:c08::71,84,12075,45,5868,39,6207
D4:F5:47:82:0E:C6,ALL,https,2607:f8b0:4004:c08::8a,56,8050,30,3912,26,4138
D4:F5:47:82:0E:C6,ALL,https,2607:f8b0:4004:c08::8b,56,8050,30,3912,26,4138
D4:F5:47:82:0E:C6,ALL,https,2607:f8b0:4004:c08::be,75,13930,45,7180,30,6750
D4:F5:47:82:0E:C6,ALL,https,2607:f8b0:4004:c09::5b,15,2786,9,1436,6,1350
D4:F5:47:82:0E:C6,ALL,https,2607:f8b0:4004:c09::5d,45,8358,27,4308,18,4050
D4:F5:47:82:0E:C6,ALL,https,2607:f8b0:4004:c09::5e,15,2800,9,1450,6,1350
D4:F5:47:82:0E:C6,ALL,https,2607:f8b0:4004:c09::5f,236,79668,142,34110,94,45558
D4:F5:47:82:0E:C6,ALL,https,2607:f8b0:4004:c09::88,191,358721,118,22134,73,336587
D4:F5:47:82:0E:C6,ALL,https,2607:f8b0:4004:c09::be,30,5572,18,2872,12,2700
D4:F5:47:82:0E:C6,ALL,https,2607:f8b0:4004:c0b::5b,30,5572,18,2872,12,2700
D4:F5:47:82:0E:C6,ALL,https,2607:f8b0:4004:c0b::5d,15,2786,9,1436,6,1350
D4:F5:47:82:0E:C6,ALL,https,2607:f8b0:4004:c0b::5f,1029,690155,598,586015,431,104140
D4:F5:47:82:0E:C6,ALL,https,2607:f8b0:4004:c0b::64,447,64314,239,31210,208,33104
D4:F5:47:82:0E:C6,ALL,https,2607:f8b0:4004:c0b::65,605,603961,377,44069,228,559892
D4:F5:47:82:0E:C6,ALL,https,2607:f8b0:4004:c0b::66,666,629488,381,56529,285,572959
D4:F5:47:82:0E:C6,ALL,https,2607:f8b0:4004:c0b::71,218,41538,118,18407,100,23131
D4:F5:47:82:0E:C6,ALL,https,2607:f8b0:4004:c0b::88,15,2786,9,1436,6,1350
D4:F5:47:82:0E:C6,ALL,https,2607:f8b0:4004:c0b::8a,448,64400,240,31296,208,33104
D4:F5:47:82:0E:C6,ALL,https,2607:f8b0:4004:c0b::8b,352,57720,188,24798,164,32922
D4:F5:47:82:0E:C6,ALL,https,2607:f8b0:4004:c0b::be,15,2786,9,1436,6,1350
D4:F5:47:82:0E:C6,ALL,https,2607:f8b0:4004:c17::5b,45,8358,27,4308,18,4050
D4:F5:47:82:0E:C6,ALL,https,2607:f8b0:4004:c17::5d,30,5572,18,2872,12,2700
D4:F5:47:82:0E:C6,ALL,https,2607:f8b0:4004:c17::5f,752,286414,427,137257,325,149157
D4:F5:47:82:0E:C6,ALL,https,2607:f8b0:4004:c17::64,67,25443,40,6384,27,19059
D4:F5:47:82:0E:C6,ALL,https,2607:f8b0:4004:c17::65,99,38021,57,9300,42,28721
D4:F5:47:82:0E:C6,ALL,https,2607:f8b0:4004:c17::66,34,12758,19,3100,15,9658
D4:F5:47:82:0E:C6,ALL,https,2607:f8b0:4004:c17::71,65,25262,38,6200,27,19062
D4:F5:47:82:0E:C6,ALL,https,2607:f8b0:4004:c17::88,15,2786,9,1436,6,1350
D4:F5:47:82:0E:C6,ALL,https,2607:f8b0:4004:c17::8a,35,12846,20,3186,15,9660
D4:F5:47:82:0E:C6,ALL,https,2607:f8b0:4004:c17::8b,102,38277,57,9300,45,28977
D4:F5:47:82:0E:C6,ALL,https,2607:f8b0:4004:c17::94,73,20368,40,5936,33,14432
D4:F5:47:82:0E:C6,ALL,https,2607:f8b0:4004:c17::95,37,10191,20,2968,17,7223
D4:F5:47:82:0E:C6,ALL,https,2607:f8b0:4004:c17::be,30,5572,18,2872,12,2700
D4:F5:47:82:0E:C6,ALL,https,2607:f8b0:4004:c19::5b,15,2786,9,1436,6,1350
D4:F5:47:82:0E:C6,ALL,https,2607:f8b0:4004:c19::5d,30,5572,18,2872,12,2700
D4:F5:47:82:0E:C6,ALL,https,2607:f8b0:4004:c19::5f,563,212212,321,106341,242,105871
D4:F5:47:82:0E:C6,ALL,https,2607:f8b0:4004:c19::65,28,4025,15,1956,13,2069
D4:F5:47:82:0E:C6,ALL,https,2607:f8b0:4004:c19::71,95,30608,54,10210,41,20398
D4:F5:47:82:0E:C6,ALL,https,2607:f8b0:4004:c19::88,77,14102,46,7266,31,6836
D4:F5:47:82:0E:C6,ALL,https,2607:f8b0:4004:c19::bc,117,44893,65,8918,52,35975
D4:F5:47:82:0E:C6,ALL,https,2607:f8b0:4004:c19::be,15,2786,9,1436,6,1350
D4:F5:47:82:0E:C6,ALL,https,2607:f8b0:4004:c1b::5b,15,2786,9,1436,6,1350
D4:F5:47:82:0E:C6,ALL,https,2607:f8b0:4004:c1b::5d,32,5744,19,2958,13,2786
D4:F5:47:82:0E:C6,ALL,https,2607:f8b0:4004:c1b::5e,141,73857,79,10087,62,63770
D4:F5:47:82:0E:C6,ALL,https,2607:f8b0:4004:c1b::5f,428,153581,251,73352,177,80229
D4:F5:47:82:0E:C6,ALL,https,2607:f8b0:4004:c1b::88,32,5744,19,2958,13,2786
D4:F5:47:82:0E:C6,ALL,https,2607:f8b0:4004:c1b::be,15,2786,9,1436,6,1350
D4:F5:47:82:0E:C6,ALL,https,2607:f8b0:4004:c1d::5d,15,2786,9,1436,6,1350
D4:F5:47:82:0E:C6,ALL,https,2607:f8b0:4004:c1d::5f,498,221440,273,112756,225,108684
D4:F5:47:82:0E:C6,ALL,https,2607:f8b0:4004:c1d::64,67,25457,38,6224,29,19233
D4:F5:47:82:0E:C6,ALL,https,2607:f8b0:4004:c1d::66,34,12760,19,3100,15,9660
D4:F5:47:82:0E:C6,ALL,https,2607:f8b0:4004:c1d::71,65,25262,38,6200,27,19062
D4:F5:47:82:0E:C6,ALL,https,2607:f8b0:4004:c1d::88,62,11316,37,5830,25,5486
D4:F5:47:82:0E:C6,ALL,https,2607:f8b0:4004:c1d::be,30,5572,18,2872,12,2700
D4:F5:47:82:0E:C6,ALL,https,2607:f8b0:4004:c21::5b,15,2786,9,1436,6,1350
D4:F5:47:82:0E:C6,ALL,https,2607:f8b0:4004:c21::5d,17,2958,10,1522,7,1436
D4:F5:47:82:0E:C6,ALL,https,2607:f8b0:4004:c21::5f,143,46993,82,16886,61,30107
D4:F5:47:82:0E:C6,ALL,https,2620:0:5301:2210:3073:27db:d19e:c77a,1,86,0,0,1,86
D4:F5:47:82:0E:C6,ALL,https,2620:0:5301:2210:3d51:91e4:58bb:85c1,2617,1541155,1149,1222082,1468,319073
D4:F5:47:82:0E:C6,ALL,https,2620:0:5301:2210:3df4:b329:6387:fe04,228,82527,104,46515,124,36012
D4:F5:47:82:0E:C6,ALL,https,2620:0:5301:2210:68e9:7744:a0b6:ea6e,1417,370925,620,213737,797,157188
D4:F5:47:82:0E:C6,ALL,https,2620:0:5301:2210:7843:4333:e501:2e0e,162,67580,72,33322,90,34258
D4:F5:47:82:0E:C6,ALL,https,2620:0:5301:2210:9db3:b0e1:bfba:f809,1409,374161,621,212735,788,161426
D4:F5:47:82:0E:C6,ALL,https,2620:0:5301:2210:b48c:e37:73d6:2fd,2838,1607768,1219,1239588,1619,368180
D4:F5:47:82:0E:C6,ALL,https,2620:0:5301:2210:bce2:a3f7:fc4:e0e2,938,229759,413,131063,525,98696
D4:F5:47:82:0E:C6,ALL,tcp:5228,2607:f8b0:4004:c06::bc,4108,425185,2084,185866,2024,239319
D4:F5:47:82:0E:C6,ALL,tcp:5228,2607:f8b0:4004:c07::bc,464,48472,235,21136,229,27336
D4:F5:47:82:0E:C6,ALL,tcp:5228,2607:f8b0:4004:c08::bc,519,53218,261,23398,258,29820
D4:F5:47:82:0E:C6,ALL,tcp:5228,2607:f8b0:4004:c09::bc,3661,335375,1835,161155,1826,174220
D4:F5:47:82:0E:C6,ALL,tcp:5228,2607:f8b0:4004:c0b::bc,2503,234467,1257,111064,1246,123403
D4:F5:47:82:0E:C6,ALL,tcp:5228,2607:f8b0:4004:c17::bc,723,112694,371,36208,352,76486
D4:F5:47:82:0E:C6,ALL,tcp:5228,2607:f8b0:4004:c1b::bc,4007,364954,2008,176189,1999,188765
D4:F5:47:82:0E:C6,ALL,tcp:5228,2607:f8b0:4004:c21::bc,260,30800,133,12312,127,18488
D4:F5:47:82:0E:C6,ALL,tcp:5228,2620:0:5301:2210:3d51:91e4:58bb:85c1,4138,426137,2054,239400,2084,186737
D4:F5:47:82:0E:C6,ALL,tcp:5228,2620:0:5301:2210:68e9:7744:a0b6:ea6e,4007,364954,1999,188765,2008,176189
D4:F5:47:82:0E:C6,ALL,tcp:5228,2620:0:5301:2210:7843:4333:e501:2e0e,117,44026,51,35117,66,8909
D4:F5:47:82:0E:C6,ALL,tcp:5228,2620:0:5301:2210:94cd:dcdc:61dc:f768,4071,395924,2026,214914,2045,181010
D4:F5:47:82:0E:C6,ALL,tcp:5228,2620:0:5301:2210:9db3:b0e1:bfba:f809,3661,335375,1826,174220,1835,161155
D4:F5:47:82:0E:C6,ALL,tcp:5228,2620:0:5301:2210:b48c:e37:73d6:2fd,4040,394364,1995,213380,2045,180984
D4:F5:47:82:0E:C6,ALL,tcp:5228,2620:0:5301:2210:bce2:a3f7:fc4:e0e2,2503,226010,1247,115976,1256,110034
D4:F5:47:82:0E:C6,ALL,udp:52365,2607:f8b0:4004:c0b::64*,20,10876,11,7438,9,3438
D4:F5:47:82:0E:C6,ALL,udp:52365,2620:0:5301:2210:bce2:a3f7:fc4:e0e2*,20,10876,9,3438,11,7438
D4:F5:47:82:0E:C6,ALL,udp:44055,2607:f8b0:4004:c0b::8b*,25,12680,13,9436,12,3244
D4:F5:47:82:0E:C6,ALL,udp:44055,2620:0:5301:2210:bce2:a3f7:fc4:e0e2*,25,12680,12,3244,13,9436
D4:F5:47:82:0E:C6,ALL,udp:45012,2607:f8b0:4004:c08::66*,20,10877,11,7439,9,3438
D4:F5:47:82:0E:C6,ALL,udp:45012,2620:0:5301:2210:bce2:a3f7:fc4:e0e2*,20,10877,9,3438,11,7439
D4:F5:47:82:0E:C6,ALL,udp:55088,2607:f8b0:4004:c08::be*,719,88507,353,50859,366,37648
D4:F5:47:82:0E:C6,ALL,udp:55088,2620:0:5301:2210:bce2:a3f7:fc4:e0e2*,719,88507,366,37648,353,50859
D4:F5:47:82:0E:C6,ALL,udp:56521,2607:f8b0:4004:c0b::65*,20,10872,12,7560,8,3312
D4:F5:47:82:0E:C6,ALL,udp:56521,2620:0:5301:2210:bce2:a3f7:fc4:e0e2*,20,10872,8,3312,12,7560
D4:F5:47:82:0E:C6,ALL,udp:39658,2607:f8b0:4004:c0b::64*,25,12679,13,9435,12,3244
D4:F5:47:82:0E:C6,ALL,udp:39658,2620:0:5301:2210:bce2:a3f7:fc4:e0e2*,25,12679,12,3244,13,9435
D4:F5:47:82:0E:C6,ALL,udp:57651,2607:f8b0:4004:c21::5d*,679,84237,334,48612,345,35625
D4:F5:47:82:0E:C6,ALL,udp:57651,2620:0:5301:2210:bce2:a3f7:fc4:e0e2*,679,84237,345,35625,334,48612
D4:F5:47:82:0E:C6,ALL,udp:37740,2607:f8b0:4004:c0b::65*,20,10869,11,7432,9,3437
D4:F5:47:82:0E:C6,ALL,udp:37740,2620:0:5301:2210:bce2:a3f7:fc4:e0e2*,20,10869,9,3437,11,7432
D4:F5:47:82:0E:C6,ALL,udp:37442,2607:f8b0:4004:c0b::8b*,20,10869,11,7432,9,3437
D4:F5:47:82:0E:C6,ALL,udp:37442,2620:0:5301:2210:bce2:a3f7:fc4:e0e2*,20,10869,9,3437,11,7432
D4:F5:47:82:0E:C6,ALL,udp:55059,2607:f8b0:4004:c07::71*,25,12679,13,9435,12,3244
D4:F5:47:82:0E:C6,ALL,udp:55059,2620:0:5301:2210:bce2:a3f7:fc4:e0e2*,25,12679,12,3244,13,9435
D4:F5:47:82:0E:C6,ALL,udp:58835,2607:f8b0:4004:c1d::88*,677,84015,333,48518,344,35497
D4:F5:47:82:0E:C6,ALL,udp:58835,2620:0:5301:2210:bce2:a3f7:fc4:e0e2*,677,84015,344,35497,333,48518
D4:F5:47:82:0E:C6,ALL,udp:33264,2607:f8b0:4004:c0b::66*,20,10874,11,7437,9,3437
D4:F5:47:82:0E:C6,ALL,udp:33264,2620:0:5301:2210:bce2:a3f7:fc4:e0e2*,20,10874,9,3437,11,7437
D4:F5:47:82:0E:C6,ALL,udp:37001,2607:f8b0:4004:c0b::8b*,26,12875,15,9688,11,3187
D4:F5:47:82:0E:C6,ALL,udp:37001,2620:0:5301:2210:bce2:a3f7:fc4:e0e2*,26,12875,11,3187,15,9688
D4:F5:47:82:0E:C6,ALL,udp:42831,2607:f8b0:4004:c0b::8b*,18,10592,9,7189,9,3403
D4:F5:47:82:0E:C6,ALL,udp:42831,2620:0:5301:2210:bce2:a3f7:fc4:e0e2*,18,10592,9,3403,9,7189
D4:F5:47:82:0E:C6,ALL,udp:49531,2607:f8b0:4004:c06::88*,721,88682,355,51055,366,37627
D4:F5:47:82:0E:C6,ALL,udp:49531,2607:f8b0:4004:c19::88*,686,84329,337,48314,349,36015
D4:F5:47:82:0E:C6,ALL,udp:49531,2620:0:5301:2210:b48c:e37:73d6:2fd*,686,84329,349,36015,337,48314
D4:F5:47:82:0E:C6,ALL,udp:54670,2607:f8b0:4004:c0b::66*,20,10870,11,7439,9,3431
D4:F5:47:82:0E:C6,ALL,udp:54670,2620:0:5301:2210:bce2:a3f7:fc4:e0e2*,20,10870,9,3431,11,7439
D4:F5:47:82:0E:C6,ALL,udp:43087,2607:f8b0:4004:c0b::8b*,13,6470,6,3424,7,3046
D4:F5:47:82:0E:C6,ALL,udp:43087,2620:0:5301:2210:bce2:a3f7:fc4:e0e2*,13,6470,7,3046,6,3424
D4:F5:47:82:0E:C6,ALL,udp:53006,2607:f8b0:4004:c07::71*,25,12674,13,9430,12,3244
D4:F5:47:82:0E:C6,ALL,udp:53006,2620:0:5301:2210:bce2:a3f7:fc4:e0e2*,25,12674,12,3244,13,9430
D4:F5:47:82:0E:C6,ALL,udp:38414,2607:f8b0:4004:c07::8b*,20,10871,12,7559,8,3312
D4:F5:47:82:0E:C6,ALL,udp:38414,2620:0:5301:2210:bce2:a3f7:fc4:e0e2*,20,10871,8,3312,12,7559
D4:F5:47:82:0E:C6,ALL,udp:41068,2607:f8b0:4004:c0b::8a*,482,554778,87,13821,395,540957
D4:F5:47:82:0E:C6,ALL,udp:41068,2620:0:5301:2210:bce2:a3f7:fc4:e0e2*,482,554778,395,540957,87,13821
D4:F5:47:82:0E:C6,ALL,udp:44195,2607:f8b0:4004:c09::be*,716,88297,352,50770,364,37527
D4:F5:47:82:0E:C6,ALL,udp:44195,2620:0:5301:2210:bce2:a3f7:fc4:e0e2*,716,88297,364,37527,352,50770
D4:F5:47:82:0E:C6,ALL,udp:54330,2607:f8b0:4004:c0b::66*,20,10872,11,7437,9,3435
D4:F5:47:82:0E:C6,ALL,udp:54330,2620:0:5301:2210:bce2:a3f7:fc4:e0e2*,20,10872,9,3435,11,7437
D4:F5:47:82:0E:C6,ALL,udp:41164,2607:f8b0:4004:c0b::8a*,25,12675,13,9431,12,3244
D4:F5:47:82:0E:C6,ALL,udp:41164,2620:0:5301:2210:bce2:a3f7:fc4:e0e2*,25,12675,12,3244,13,9431
D4:F5:47:82:0E:C6,ALL,udp:49626,2607:f8b0:4004:c0b::65*,20,10869,11,7434,9,3435
D4:F5:47:82:0E:C6,ALL,udp:49626,2620:0:5301:2210:bce2:a3f7:fc4:e0e2*,20,10869,9,3435,11,7434
D4:F5:47:82:0E:C6,ALL,udp:52648,2607:f8b0:4004:c19::88*,671,83605,330,48244,341,35361
D4:F5:47:82:0E:C6,ALL,udp:52648,2620:0:5301:2210:bce2:a3f7:fc4:e0e2*,671,83605,341,35361,330,48244
D4:F5:47:82:0E:C6,ALL,udp:52096,2607:f8b0:4004:c0b::66*,19,10764,11,7452,8,3312
D4:F5:47:82:0E:C6,ALL,udp:52096,2620:0:5301:2210:bce2:a3f7:fc4:e0e2*,19,10764,8,3312,11,7452
D4:F5:47:82:0E:C6,ALL,udp:59525,2607:f8b0:4004:c07::8b*,25,12673,13,9429,12,3244
D4:F5:47:82:0E:C6,ALL,udp:59525,2620:0:5301:2210:bce2:a3f7:fc4:e0e2*,25,12673,12,3244,13,9429
D4:F5:47:82:0E:C6,ALL,udp:33500,2607:f8b0:4004:c0b::64*,21,10977,12,7540,9,3437
D4:F5:47:82:0E:C6,ALL,udp:33500,2620:0:5301:2210:bce2:a3f7:fc4:e0e2*,21,10977,9,3437,12,7540
D4:F5:47:82:0E:C6,ALL,udp:45947,2607:f8b0:4004:c1b::88*,390,50526,193,29231,197,21295
D4:F5:47:82:0E:C6,ALL,udp:45947,2620:0:5301:2210:bce2:a3f7:fc4:e0e2*,390,50526,197,21295,193,29231
D4:F5:47:82:0E:C6,ALL,udp:52303,2607:f8b0:4004:c07::71*,25,12771,14,9585,11,3186
D4:F5:47:82:0E:C6,ALL,udp:52303,2620:0:5301:2210:bce2:a3f7:fc4:e0e2*,25,12771,11,3186,14,9585
D4:F5:47:82:0E:C6,ALL,udp:37164,2607:f8b0:4004:c07::8a*,18,10592,9,7189,9,3403
D4:F5:47:82:0E:C6,ALL,udp:37164,2620:0:5301:2210:bce2:a3f7:fc4:e0e2*,18,10592,9,3403,9,7189
D4:F5:47:82:0E:C6,ALL,udp:48559,2607:f8b0:4004:c07::8a*,13,8934,5,1896,8,7038
D4:F5:47:82:0E:C6,ALL,udp:48559,2620:0:5301:2210:b48c:e37:73d6:2fd*,13,8934,8,7038,5,1896
D4:F5:47:82:0E:C6,ALL,udp:50587,2607:f8b0:4004:c07::8a*,26,17171,13,7763,13,9408
D4:F5:47:82:0E:C6,ALL,udp:50587,2620:0:5301:2210:b48c:e37:73d6:2fd*,26,17171,13,9408,13,7763
D4:F5:47:82:0E:C6,ALL,udp:53599,2607:f8b0:4004:c07::8a*,25,12680,13,9436,12,3244
D4:F5:47:82:0E:C6,ALL,udp:53599,2620:0:5301:2210:b48c:e37:73d6:2fd*,25,12680,12,3244,13,9436
D4:F5:47:82:0E:C6,ALL,udp:49959,2607:f8b0:4004:c07::88*,1326,793472,449,57177,877,736295
D4:F5:47:82:0E:C6,ALL,udp:49959,2620:0:5301:2210:b48c:e37:73d6:2fd*,1326,793472,877,736295,449,57177
D4:F5:47:82:0E:C6,ALL,udp:45647,2607:f8b0:4004:c08::8a*,25,12680,13,9436,12,3244
D4:F5:47:82:0E:C6,ALL,udp:45647,2620:0:5301:2210:b48c:e37:73d6:2fd*,25,12680,12,3244,13,9436
D4:F5:47:82:0E:C6,ALL,udp:50165,2607:f8b0:4004:c08::64*,27,12869,15,9627,12,3242
D4:F5:47:82:0E:C6,ALL,udp:50165,2620:0:5301:2210:b48c:e37:73d6:2fd*,27,12869,12,3242,15,9627
D4:F5:47:82:0E:C6,ALL,udp:41226,2607:f8b0:4004:c19::8a*,25,12680,13,9436,12,3244
D4:F5:47:82:0E:C6,ALL,udp:41226,2620:0:5301:2210:b48c:e37:73d6:2fd*,25,12680,12,3244,13,9436
D4:F5:47:82:0E:C6,ALL,udp:58560,2607:f8b0:4004:c0b::65*,27,12869,15,9627,12,3242
D4:F5:47:82:0E:C6,ALL,udp:58560,2620:0:5301:2210:b48c:e37:73d6:2fd*,27,12869,12,3242,15,9627
D4:F5:47:82:0E:C6,ALL,udp:46620,2607:f8b0:4004:c19::65*,20,10868,12,7557,8,3311
D4:F5:47:82:0E:C6,ALL,udp:46620,2620:0:5301:2210:b48c:e37:73d6:2fd*,20,10868,8,3311,12,7557
D4:F5:47:82:0E:C6,ALL,udp:58631,2607:f8b0:4004:c19::64*,25,12681,13,9437,12,3244
D4:F5:47:82:0E:C6,ALL,udp:58631,2620:0:5301:2210:b48c:e37:73d6:2fd*,25,12681,12,3244,13,9437
D4:F5:47:82:0E:C6,ALL,udp:33689,2607:f8b0:4004:c21::5b*,666,82064,327,47045,339,35019
D4:F5:47:82:0E:C6,ALL,udp:33689,2620:0:5301:2210:b48c:e37:73d6:2fd*,666,82064,339,35019,327,47045
D4:F5:47:82:0E:C6,ALL,udp:46354,2607:f8b0:4004:c08::71*,20,10868,11,7432,9,3436
D4:F5:47:82:0E:C6,ALL,udp:46354,2620:0:5301:2210:b48c:e37:73d6:2fd*,20,10868,9,3436,11,7432
D4:F5:47:82:0E:C6,ALL,udp:59722,2607:f8b0:4004:c08::8b*,20,10869,12,7558,8,3311
D4:F5:47:82:0E:C6,ALL,udp:59722,2620:0:5301:2210:b48c:e37:73d6:2fd*,20,10869,8,3311,12,7558
D4:F5:47:82:0E:C6,ALL,udp:37564,2607:f8b0:4004:c08::8b*,25,12682,13,9438,12,3244
D4:F5:47:82:0E:C6,ALL,udp:37564,2620:0:5301:2210:b48c:e37:73d6:2fd*,25,12682,12,3244,13,9438
D4:F5:47:82:0E:C6,ALL,udp:46811,2607:f8b0:4004:c0b::5b*,678,83861,333,48262,345,35599
D4:F5:47:82:0E:C6,ALL,udp:46811,2620:0:5301:2210:b48c:e37:73d6:2fd*,678,83861,345,35599,333,48262
D4:F5:47:82:0E:C6,ALL,udp:42725,2607:f8b0:4004:c07::66*,21,10978,12,7540,9,3438
D4:F5:47:82:0E:C6,ALL,udp:42725,2620:0:5301:2210:b48c:e37:73d6:2fd*,21,10978,9,3438,12,7540
D4:F5:47:82:0E:C6,ALL,udp:35981,2607:f8b0:4004:c08::64*,25,12679,13,9435,12,3244
D4:F5:47:82:0E:C6,ALL,udp:35981,2620:0:5301:2210:b48c:e37:73d6:2fd*,25,12679,12,3244,13,9435
D4:F5:47:82:0E:C6,ALL,udp:47911,2607:f8b0:4004:c07::5d*,658,81961,323,47302,335,34659
D4:F5:47:82:0E:C6,ALL,udp:47911,2620:0:5301:2210:b48c:e37:73d6:2fd*,658,81961,335,34659,323,47302
D4:F5:47:82:0E:C6,ALL,udp:47137,2607:f8b0:4004:c0b::8a*,20,10873,11,7438,9,3435
D4:F5:47:82:0E:C6,ALL,udp:47137,2620:0:5301:2210:b48c:e37:73d6:2fd*,20,10873,9,3435,11,7438
D4:F5:47:82:0E:C6,ALL,udp:36149,2607:f8b0:4004:c0b::8a*,20,10876,11,7439,9,3437
D4:F5:47:82:0E:C6,ALL,udp:36149,2620:0:5301:2210:b48c:e37:73d6:2fd*,20,10876,9,3437,11,7439
D4:F5:47:82:0E:C6,ALL,udp:49382,2607:f8b0:4004:c0b::71*,25,12679,13,9435,12,3244
D4:F5:47:82:0E:C6,ALL,udp:49382,2620:0:5301:2210:b48c:e37:73d6:2fd*,25,12679,12,3244,13,9435
D4:F5:47:82:0E:C6,ALL,udp:47692,2607:f8b0:4004:c1d::be*,39,12595,25,9102,14,3493
D4:F5:47:82:0E:C6,ALL,udp:47692,2620:0:5301:2210:b48c:e37:73d6:2fd*,39,12595,14,3493,25,9102
D4:F5:47:82:0E:C6,ALL,udp:40355,2607:f8b0:4004:c09::5e*,17,10166,8,3735,9,6431
D4:F5:47:82:0E:C6,ALL,udp:40355,2620:0:5301:2210:b48c:e37:73d6:2fd*,17,10166,9,6431,8,3735
D4:F5:47:82:0E:C6,ALL,udp:43627,2607:f8b0:4004:c0b::64*,492,555954,94,14568,398,541386
D4:F5:47:82:0E:C6,ALL,udp:43627,2620:0:5301:2210:b48c:e37:73d6:2fd*,492,555954,398,541386,94,14568
D4:F5:47:82:0E:C6,ALL,udp:53614,2607:f8b0:4004:c0b::64*,22,11053,13,7654,9,3399
D4:F5:47:82:0E:C6,ALL,udp:53614,2620:0:5301:2210:b48c:e37:73d6:2fd*,22,11053,9,3399,13,7654
D4:F5:47:82:0E:C6,ALL,udp:36719,2607:f8b0:4004:c1d::be*,240,36153,120,21724,120,14429
D4:F5:47:82:0E:C6,ALL,udp:36719,2620:0:5301:2210:b48c:e37:73d6:2fd*,240,36153,120,14429,120,21724
D4:F5:47:82:0E:C6,ALL,udp:60935,2607:f8b0:4004:c17::5e*,12,6052,6,3421,6,2631
D4:F5:47:82:0E:C6,ALL,udp:60935,2620:0:5301:2210:b48c:e37:73d6:2fd*,12,6052,6,2631,6,3421
D4:F5:47:82:0E:C6,ALL,udp:37949,2607:f8b0:4004:c08::65*,496,556449,98,15087,398,541362
D4:F5:47:82:0E:C6,ALL,udp:37949,2620:0:5301:2210:b48c:e37:73d6:2fd*,496,556449,398,541362,98,15087
D4:F5:47:82:0E:C6,ALL,udp:33986,2607:f8b0:4004:c09::5d*,717,90236,351,51944,366,38292
D4:F5:47:82:0E:C6,ALL,udp:33986,2620:0:5301:2210:b48c:e37:73d6:2fd*,717,90236,366,38292,351,51944
D4:F5:47:82:0E:C6,ALL,udp:57613,2607:f8b0:4004:c0b::8a*,19,10770,11,7458,8,3312
D4:F5:47:82:0E:C6,ALL,udp:57613,2620:0:5301:2210:b48c:e37:73d6:2fd*,19,10770,8,3312,11,7458
D4:F5:47:82:0E:C6,ALL,udp:49984,2607:f8b0:4004:c08::71*,25,12681,13,9437,12,3244
D4:F5:47:82:0E:C6,ALL,udp:49984,2620:0:5301:2210:b48c:e37:73d6:2fd*,25,12681,12,3244,13,9437
D4:F5:47:82:0E:C6,ALL,udp:33865,2607:f8b0:4004:c0b::65*,20,10872,11,7436,9,3436
D4:F5:47:82:0E:C6,ALL,udp:33865,2620:0:5301:2210:b48c:e37:73d6:2fd*,20,10872,9,3436,11,7436
D4:F5:47:82:0E:C6,ALL,udp:49111,2607:f8b0:4004:c0b::65*,20,10868,11,7434,9,3434
D4:F5:47:82:0E:C6,ALL,udp:49111,2607:f8b0:4004:c19::5b*,685,84869,337,48949,348,35920
D4:F5:47:82:0E:C6,ALL,udp:49111,2620:0:5301:2210:9db3:b0e1:bfba:f809*,20,10868,9,3434,11,7434
D4:F5:47:82:0E:C6,ALL,udp:40513,2607:f8b0:4004:c0b::8b*,27,12973,16,9788,11,3185
D4:F5:47:82:0E:C6,ALL,udp:40513,2620:0:5301:2210:b48c:e37:73d6:2fd*,27,12973,11,3185,16,9788
D4:F5:47:82:0E:C6,ALL,udp:60325,2607:f8b0:4004:c07::71*,18,10592,9,7189,9,3403
D4:F5:47:82:0E:C6,ALL,udp:60325,2620:0:5301:2210:b48c:e37:73d6:2fd*,18,10592,9,3403,9,7189
D4:F5:47:82:0E:C6,ALL,udp:46364,2607:f8b0:4004:c1b::5d*,691,84803,341,48702,350,36101
D4:F5:47:82:0E:C6,ALL,udp:46364,2620:0:5301:2210:b48c:e37:73d6:2fd*,691,84803,350,36101,341,48702
D4:F5:47:82:0E:C6,ALL,udp:53068,2607:f8b0:4004:c0b::8b*,20,10875,11,7439,9,3436
D4:F5:47:82:0E:C6,ALL,udp:53068,2620:0:5301:2210:b48c:e37:73d6:2fd*,20,10875,9,3436,11,7439
D4:F5:47:82:0E:C6,ALL,udp:56308,2607:f8b0:4004:c0b::8b*,25,12675,13,9431,12,3244
D4:F5:47:82:0E:C6,ALL,udp:56308,2620:0:5301:2210:b48c:e37:73d6:2fd*,25,12675,12,3244,13,9431
D4:F5:47:82:0E:C6,ALL,udp:46652,2607:f8b0:4004:c0b::64*,20,10875,11,7438,9,3437
D4:F5:47:82:0E:C6,ALL,udp:46652,2620:0:5301:2210:b48c:e37:73d6:2fd*,20,10875,9,3437,11,7438
D4:F5:47:82:0E:C6,ALL,udp:49176,2607:f8b0:4004:c07::5b*,678,79959,332,44248,346,35711
D4:F5:47:82:0E:C6,ALL,udp:49176,2620:0:5301:2210:b48c:e37:73d6:2fd*,678,79959,346,35711,332,44248
D4:F5:47:82:0E:C6,ALL,udp:42266,2607:f8b0:4004:c0b::65*,20,10874,11,7437,9,3437
D4:F5:47:82:0E:C6,ALL,udp:42266,2620:0:5301:2210:b48c:e37:73d6:2fd*,20,10874,9,3437,11,7437
D4:F5:47:82:0E:C6,ALL,udp:54640,2607:f8b0:4004:c0b::64*,25,12678,13,9434,12,3244
D4:F5:47:82:0E:C6,ALL,udp:54640,2620:0:5301:2210:b48c:e37:73d6:2fd*,25,12678,12,3244,13,9434
D4:F5:47:82:0E:C6,ALL,udp:46406,2607:f8b0:4004:c07::65*,20,10868,11,7438,9,3430
D4:F5:47:82:0E:C6,ALL,udp:46406,2607:f8b0:4004:c08::8a*,21,10977,12,7541,9,3436
D4:F5:47:82:0E:C6,ALL,udp:46406,2620:0:5301:2210:9db3:b0e1:bfba:f809*,20,10868,9,3430,11,7438
D4:F5:47:82:0E:C6,ALL,udp:40555,2607:f8b0:4004:c07::8a*,20,10875,11,7438,9,3437
D4:F5:47:82:0E:C6,ALL,udp:40555,2620:0:5301:2210:b48c:e37:73d6:2fd*,20,10875,9,3437,11,7438
D4:F5:47:82:0E:C6,ALL,udp:44528,2607:f8b0:4004:c08::8b*,25,12673,13,9429,12,3244
D4:F5:47:82:0E:C6,ALL,udp:44528,2620:0:5301:2210:b48c:e37:73d6:2fd*,25,12673,12,3244,13,9429
D4:F5:47:82:0E:C6,ALL,udp:45583,2607:f8b0:4004:c08::64*,21,10976,12,7541,9,3435
D4:F5:47:82:0E:C6,ALL,udp:45583,2620:0:5301:2210:b48c:e37:73d6:2fd*,21,10976,9,3435,12,7541
D4:F5:47:82:0E:C6,ALL,udp:50476,2607:f8b0:4004:c0b::be*,695,85855,342,49424,353,36431
D4:F5:47:82:0E:C6,ALL,udp:50476,2620:0:5301:2210:b48c:e37:73d6:2fd*,695,85855,353,36431,342,49424
D4:F5:47:82:0E:C6,ALL,udp:36143,2607:f8b0:4004:c07::65*,26,12864,15,9680,11,3184
D4:F5:47:82:0E:C6,ALL,udp:36143,2620:0:5301:2210:b48c:e37:73d6:2fd*,26,12864,11,3184,15,9680
D4:F5:47:82:0E:C6,ALL,udp:59940,2607:f8b0:4004:c08::65*,18,10592,9,7189,9,3403
D4:F5:47:82:0E:C6,ALL,udp:59940,2620:0:5301:2210:b48c:e37:73d6:2fd*,18,10592,9,3403,9,7189
D4:F5:47:82:0E:C6,ALL,udp:44206,2607:f8b0:4004:c0b::8a*,20,10870,11,7433,9,3437
D4:F5:47:82:0E:C6,ALL,udp:44206,2620:0:5301:2210:b48c:e37:73d6:2fd*,20,10870,9,3437,11,7433
D4:F5:47:82:0E:C6,ALL,udp:47279,2607:f8b0:4004:c17::5b*,693,86104,339,49585,354,36519
D4:F5:47:82:0E:C6,ALL,udp:47279,2620:0:5301:2210:b48c:e37:73d6:2fd*,693,86104,354,36519,339,49585
D4:F5:47:82:0E:C6,ALL,udp:55305,2607:f8b0:4004:c0b::8b*,25,12680,13,9436,12,3244
D4:F5:47:82:0E:C6,ALL,udp:55305,2620:0:5301:2210:b48c:e37:73d6:2fd*,25,12680,12,3244,13,9436
D4:F5:47:82:0E:C6,ALL,udp:40300,2607:f8b0:4004:c0b::8a*,543,572585,137,18741,406,553844
D4:F5:47:82:0E:C6,ALL,udp:40300,2620:0:5301:2210:b48c:e37:73d6:2fd*,543,572585,406,553844,137,18741
D4:F5:47:82:0E:C6,ALL,udp:54714,2607:f8b0:4004:c0b::8b*,20,10873,11,7438,9,3435
D4:F5:47:82:0E:C6,ALL,udp:54714,2620:0:5301:2210:b48c:e37:73d6:2fd*,20,10873,9,3435,11,7438
D4:F5:47:82:0E:C6,ALL,udp:54744,2607:f8b0:4004:c1d::be*,155,28152,73,18132,82,10020
D4:F5:47:82:0E:C6,ALL,udp:54744,2620:0:5301:2210:b48c:e37:73d6:2fd*,155,28152,82,10020,73,18132
D4:F5:47:82:0E:C6,ALL,udp:60379,2607:f8b0:4004:c0b::65*,20,10872,11,7435,9,3437
D4:F5:47:82:0E:C6,ALL,udp:60379,2620:0:5301:2210:b48c:e37:73d6:2fd*,20,10872,9,3437,11,7435
D4:F5:47:82:0E:C6,ALL,udp:59540,2607:f8b0:4004:c0b::64*,25,12677,13,9434,12,3243
D4:F5:47:82:0E:C6,ALL,udp:59540,2620:0:5301:2210:b48c:e37:73d6:2fd*,25,12677,12,3243,13,9434
D4:F5:47:82:0E:C6,ALL,udp:44355,2607:f8b0:4004:c06::5e*,18,6705,10,3867,8,2838
D4:F5:47:82:0E:C6,ALL,udp:44355,2620:0:5301:2210:9db3:b0e1:bfba:f809*,18,6705,8,2838,10,3867
D4:F5:47:82:0E:C6,ALL,udp:34444,2607:f8b0:4004:c0b::8a*,522,565593,119,17197,403,548396
D4:F5:47:82:0E:C6,ALL,udp:34444,2620:0:5301:2210:9db3:b0e1:bfba:f809*,522,565593,403,548396,119,17197
D4:F5:47:82:0E:C6,ALL,udp:52786,2607:f8b0:4004:c0b::66*,20,10873,11,7439,9,3434
D4:F5:47:82:0E:C6,ALL,udp:52786,2620:0:5301:2210:9db3:b0e1:bfba:f809*,20,10873,9,3434,11,7439
D4:F5:47:82:0E:C6,ALL,udp:51361,2607:f8b0:4004:c0b::64*,21,10978,12,7542,9,3436
D4:F5:47:82:0E:C6,ALL,udp:51361,2620:0:5301:2210:9db3:b0e1:bfba:f809*,21,10978,9,3436,12,7542
D4:F5:47:82:0E:C6,ALL,udp:36440,2607:f8b0:4004:c0b::8b*,25,12679,13,9435,12,3244
D4:F5:47:82:0E:C6,ALL,udp:36440,2620:0:5301:2210:9db3:b0e1:bfba:f809*,25,12679,12,3244,13,9435
D4:F5:47:82:0E:C6,ALL,udp:44143,2607:f8b0:4004:c07::5b*,733,90075,361,51682,372,38393
D4:F5:47:82:0E:C6,ALL,udp:44143,2620:0:5301:2210:9db3:b0e1:bfba:f809*,733,90075,372,38393,361,51682
D4:F5:47:82:0E:C6,ALL,udp:34050,2607:f8b0:4004:c07::8b*,20,10877,11,7440,9,3437
D4:F5:47:82:0E:C6,ALL,udp:34050,2620:0:5301:2210:9db3:b0e1:bfba:f809*,20,10877,9,3437,11,7440
D4:F5:47:82:0E:C6,ALL,udp:48396,2607:f8b0:4004:c0b::8a*,26,12848,15,9701,11,3147
D4:F5:47:82:0E:C6,ALL,udp:48396,2620:0:5301:2210:9db3:b0e1:bfba:f809*,26,12848,11,3147,15,9701
D4:F5:47:82:0E:C6,ALL,udp:34705,2607:f8b0:4004:c0b::65*,18,10592,9,7189,9,3403
D4:F5:47:82:0E:C6,ALL,udp:34705,2620:0:5301:2210:9db3:b0e1:bfba:f809*,18,10592,9,3403,9,7189
D4:F5:47:82:0E:C6,ALL,udp:43527,2607:f8b0:4004:c08::be*,693,85783,341,49339,352,36444
D4:F5:47:82:0E:C6,ALL,udp:43527,2620:0:5301:2210:9db3:b0e1:bfba:f809*,693,85783,352,36444,341,49339
D4:F5:47:82:0E:C6,ALL,udp:47227,2607:f8b0:4004:c0b::8a*,21,10974,12,7541,9,3433
D4:F5:47:82:0E:C6,ALL,udp:47227,2620:0:5301:2210:9db3:b0e1:bfba:f809*,21,10974,9,3433,12,7541
D4:F5:47:82:0E:C6,ALL,udp:33185,2607:f8b0:4004:c0b::71*,25,12678,13,9434,12,3244
D4:F5:47:82:0E:C6,ALL,udp:33185,2620:0:5301:2210:9db3:b0e1:bfba:f809*,25,12678,12,3244,13,9434
D4:F5:47:82:0E:C6,ALL,udp:59172,2607:f8b0:4004:c19::88*,704,87302,346,50255,358,37047
D4:F5:47:82:0E:C6,ALL,udp:59172,2620:0:5301:2210:9db3:b0e1:bfba:f809*,704,87302,358,37047,346,50255
D4:F5:47:82:0E:C6,ALL,udp:47788,2607:f8b0:4004:c0b::65*,21,10976,12,7540,9,3436
D4:F5:47:82:0E:C6,ALL,udp:47788,2620:0:5301:2210:9db3:b0e1:bfba:f809*,21,10976,9,3436,12,7540
D4:F5:47:82:0E:C6,ALL,udp:44919,2607:f8b0:4004:c0b::65*,20,10873,11,7436,9,3437
D4:F5:47:82:0E:C6,ALL,udp:44919,2620:0:5301:2210:9db3:b0e1:bfba:f809*,20,10873,9,3437,11,7436
D4:F5:47:82:0E:C6,ALL,udp:53476,2607:f8b0:4004:c0b::66*,25,12674,13,9431,12,3243
D4:F5:47:82:0E:C6,ALL,udp:53476,2620:0:5301:2210:9db3:b0e1:bfba:f809*,25,12674,12,3243,13,9431
D4:F5:47:82:0E:C6,ALL,udp:35627,2607:f8b0:4004:c1b::88*,686,85070,337,48950,349,36120
D4:F5:47:82:0E:C6,ALL,udp:35627,2620:0:5301:2210:9db3:b0e1:bfba:f809*,686,85070,349,36120,337,48950
D4:F5:47:82:0E:C6,ALL,udp:55983,2607:f8b0:4004:c0b::8a*,25,12678,13,9435,12,3243
D4:F5:47:82:0E:C6,ALL,udp:55983,2620:0:5301:2210:9db3:b0e1:bfba:f809*,25,12678,12,3243,13,9435
D4:F5:47:82:0E:C6,ALL,udp:44135,2607:f8b0:4004:c07::64*,20,10870,11,7437,9,3433
D4:F5:47:82:0E:C6,ALL,udp:44135,2620:0:5301:2210:9db3:b0e1:bfba:f809*,20,10870,9,3433,11,7437
D4:F5:47:82:0E:C6,ALL,udp:34564,2607:f8b0:4004:c07::88*,703,86744,347,49903,356,36841
D4:F5:47:82:0E:C6,ALL,udp:34564,2620:0:5301:2210:9db3:b0e1:bfba:f809*,703,86744,356,36841,347,49903
D4:F5:47:82:0E:C6,ALL,udp:32839,2607:f8b0:4004:c0b::8b*,20,10871,11,7435,9,3436
D4:F5:47:82:0E:C6,ALL,udp:32839,2620:0:5301:2210:9db3:b0e1:bfba:f809*,20,10871,9,3436,11,7435
D4:F5:47:82:0E:C6,ALL,udp:45157,2607:f8b0:4004:c0b::8a*,25,12678,13,9434,12,3244
D4:F5:47:82:0E:C6,ALL,udp:45157,2620:0:5301:2210:9db3:b0e1:bfba:f809*,25,12678,12,3244,13,9434
D4:F5:47:82:0E:C6,ALL,udp:41261,2607:f8b0:4004:c0b::64*,488,555576,89,14019,399,541557
D4:F5:47:82:0E:C6,ALL,udp:41261,2620:0:5301:2210:9db3:b0e1:bfba:f809*,488,555576,399,541557,89,14019
D4:F5:47:82:0E:C6,ALL,udp:47095,2607:f8b0:4004:c07::66*,20,10874,11,7438,9,3436
D4:F5:47:82:0E:C6,ALL,udp:47095,2620:0:5301:2210:9db3:b0e1:bfba:f809*,20,10874,9,3436,11,7438
D4:F5:47:82:0E:C6,ALL,udp:39454,2607:f8b0:4004:c09::be*,670,83575,329,48187,341,35388
D4:F5:47:82:0E:C6,ALL,udp:39454,2620:0:5301:2210:9db3:b0e1:bfba:f809*,670,83575,341,35388,329,48187
D4:F5:47:82:0E:C6,ALL,udp:41338,2607:f8b0:4004:c0b::64*,20,10873,11,7438,9,3435
D4:F5:47:82:0E:C6,ALL,udp:41338,2620:0:5301:2210:9db3:b0e1:bfba:f809*,20,10873,9,3435,11,7438
D4:F5:47:82:0E:C6,ALL,udp:47033,2607:f8b0:4004:c0b::8b*,25,12679,13,9435,12,3244
D4:F5:47:82:0E:C6,ALL,udp:47033,2620:0:5301:2210:9db3:b0e1:bfba:f809*,25,12679,12,3244,13,9435
D4:F5:47:82:0E:C6,ALL,udp:59209,2607:f8b0:4004:c19::88*,677,83611,333,47946,344,35665
D4:F5:47:82:0E:C6,ALL,udp:59209,2620:0:5301:2210:9db3:b0e1:bfba:f809*,677,83611,344,35665,333,47946
D4:F5:47:82:0E:C6,ALL,udp:42138,2607:f8b0:4004:c0b::71*,20,10868,11,7433,9,3435
D4:F5:47:82:0E:C6,ALL,udp:42138,2620:0:5301:2210:9db3:b0e1:bfba:f809*,20,10868,9,3435,11,7433
D4:F5:47:82:0E:C6,ALL,udp:59290,2607:f8b0:4004:c07::64*,20,10867,11,7434,9,3433
D4:F5:47:82:0E:C6,ALL,udp:59290,2620:0:5301:2210:9db3:b0e1:bfba:f809*,20,10867,9,3433,11,7434
D4:F5:47:82:0E:C6,ALL,udp:51218,2607:f8b0:4004:c0b::66*,25,12681,13,9437,12,3244
D4:F5:47:82:0E:C6,ALL,udp:51218,2620:0:5301:2210:9db3:b0e1:bfba:f809*,25,12681,12,3244,13,9437
D4:F5:47:82:0E:C6,ALL,udp:41546,2607:f8b0:4004:c17::5d*,664,78754,326,43691,338,35063
D4:F5:47:82:0E:C6,ALL,udp:41546,2620:0:5301:2210:9db3:b0e1:bfba:f809*,664,78754,338,35063,326,43691
D4:F5:47:82:0E:C6,ALL,udp:46288,2607:f8b0:4004:c0b::8a*,20,10871,11,7439,9,3432
D4:F5:47:82:0E:C6,ALL,udp:46288,2620:0:5301:2210:9db3:b0e1:bfba:f809*,20,10871,9,3432,11,7439
D4:F5:47:82:0E:C6,ALL,udp:56311,2607:f8b0:4004:c0b::8b*,25,12680,13,9436,12,3244
D4:F5:47:82:0E:C6,ALL,udp:56311,2620:0:5301:2210:9db3:b0e1:bfba:f809*,25,12680,12,3244,13,9436
D4:F5:47:82:0E:C6,ALL,udp:40857,2607:f8b0:4004:c17::be*,671,83039,329,47552,342,35487
D4:F5:47:82:0E:C6,ALL,udp:40857,2620:0:5301:2210:9db3:b0e1:bfba:f809*,671,83039,342,35487,329,47552
D4:F5:47:82:0E:C6,ALL,udp:41456,2607:f8b0:4004:c0b::71*,19,10764,11,7452,8,3312
D4:F5:47:82:0E:C6,ALL,udp:41456,2620:0:5301:2210:9db3:b0e1:bfba:f809*,19,10764,8,3312,11,7452
D4:F5:47:82:0E:C6,ALL,udp:60403,2607:f8b0:4004:c0b::8a*,25,12678,13,9434,12,3244
D4:F5:47:82:0E:C6,ALL,udp:60403,2620:0:5301:2210:9db3:b0e1:bfba:f809*,25,12678,12,3244,13,9434
D4:F5:47:82:0E:C6,ALL,udp:40829,2607:f8b0:4004:c08::8b*,20,10869,11,7434,9,3435
D4:F5:47:82:0E:C6,ALL,udp:40829,2620:0:5301:2210:9db3:b0e1:bfba:f809*,20,10869,9,3435,11,7434
D4:F5:47:82:0E:C6,ALL,udp:51704,2607:f8b0:4004:c1d::5d*,482,64120,238,38201,244,25919
D4:F5:47:82:0E:C6,ALL,udp:51704,2620:0:5301:2210:9db3:b0e1:bfba:f809*,482,64120,244,25919,238,38201
D4:F5:47:82:0E:C6,ALL,udp:45377,2607:f8b0:4004:c0b::8a*,19,10770,11,7458,8,3312
D4:F5:47:82:0E:C6,ALL,udp:45377,2620:0:5301:2210:9db3:b0e1:bfba:f809*,19,10770,8,3312,11,7458
D4:F5:47:82:0E:C6,ALL,udp:40833,2607:f8b0:4004:c0b::64*,25,12675,13,9431,12,3244
D4:F5:47:82:0E:C6,ALL,udp:40833,2620:0:5301:2210:9db3:b0e1:bfba:f809*,25,12675,12,3244,13,9431
D4:F5:47:82:0E:C6,ALL,udp:57448,2607:f8b0:4004:c0b::65*,26,15897,12,6410,14,9487
D4:F5:47:82:0E:C6,ALL,udp:57448,2620:0:5301:2210:94cd:dcdc:61dc:f768*,26,15897,14,9487,12,6410
D4:F5:47:82:0E:C6,ALL,udp:39548,2607:f8b0:4004:c0b::65*,33,19298,17,10066,16,9232
D4:F5:47:82:0E:C6,ALL,udp:39548,2620:0:5301:2210:94cd:dcdc:61dc:f768*,33,19298,16,9232,17,10066
D4:F5:47:82:0E:C6,ALL,udp:40467,2607:f8b0:4004:c0b::65*,27,12871,15,9629,12,3242
D4:F5:47:82:0E:C6,ALL,udp:40467,2620:0:5301:2210:94cd:dcdc:61dc:f768*,27,12871,12,3242,15,9629
D4:F5:47:82:0E:C6,ALL,udp:40641,2607:f8b0:4004:c09::88*,1328,794288,454,57631,874,736657
D4:F5:47:82:0E:C6,ALL,udp:40641,2620:0:5301:2210:94cd:dcdc:61dc:f768*,1328,794288,874,736657,454,57631
D4:F5:47:82:0E:C6,ALL,udp:49977,2607:f8b0:4004:c0b::71*,25,12683,13,9439,12,3244
D4:F5:47:82:0E:C6,ALL,udp:49977,2620:0:5301:2210:94cd:dcdc:61dc:f768*,25,12683,12,3244,13,9439
D4:F5:47:82:0E:C6,ALL,udp:50281,2607:f8b0:4004:c07::66*,25,12684,13,9440,12,3244
D4:F5:47:82:0E:C6,ALL,udp:50281,2620:0:5301:2210:94cd:dcdc:61dc:f768*,25,12684,12,3244,13,9440
D4:F5:47:82:0E:C6,ALL,udp:48818,2607:f8b0:4004:c0b::8a*,25,12683,13,9439,12,3244
D4:F5:47:82:0E:C6,ALL,udp:48818,2620:0:5301:2210:94cd:dcdc:61dc:f768*,25,12683,12,3244,13,9439
D4:F5:47:82:0E:C6,ALL,udp:59584,2607:f8b0:4004:c07::64*,25,12683,13,9439,12,3244
D4:F5:47:82:0E:C6,ALL,udp:59584,2620:0:5301:2210:94cd:dcdc:61dc:f768*,25,12683,12,3244,13,9439
D4:F5:47:82:0E:C6,ALL,udp:54722,2607:f8b0:4004:c0b::66*,20,10872,11,7435,9,3437
D4:F5:47:82:0E:C6,ALL,udp:54722,2620:0:5301:2210:94cd:dcdc:61dc:f768*,20,10872,9,3437,11,7435
D4:F5:47:82:0E:C6,ALL,udp:47903,2607:f8b0:4004:c07::64*,25,12680,13,9436,12,3244
D4:F5:47:82:0E:C6,ALL,udp:47903,2620:0:5301:2210:94cd:dcdc:61dc:f768*,25,12680,12,3244,13,9436
D4:F5:47:82:0E:C6,ALL,udp:54124,2607:f8b0:4004:c0b::5d*,689,84299,339,48177,350,36122
D4:F5:47:82:0E:C6,ALL,udp:54124,2620:0:5301:2210:94cd:dcdc:61dc:f768*,689,84299,350,36122,339,48177
D4:F5:47:82:0E:C6,ALL,udp:33548,2607:f8b0:4004:c0b::8b*,21,10977,12,7539,9,3438
D4:F5:47:82:0E:C6,ALL,udp:33548,2620:0:5301:2210:94cd:dcdc:61dc:f768*,21,10977,9,3438,12,7539
D4:F5:47:82:0E:C6,ALL,udp:37559,2607:f8b0:4004:c07::64*,21,10978,12,7542,9,3436
D4:F5:47:82:0E:C6,ALL,udp:37559,2620:0:5301:2210:94cd:dcdc:61dc:f768*,21,10978,9,3436,12,7542
D4:F5:47:82:0E:C6,ALL,udp:49297,2607:f8b0:4004:c0b::66*,25,12677,13,9434,12,3243
D4:F5:47:82:0E:C6,ALL,udp:49297,2620:0:5301:2210:94cd:dcdc:61dc:f768*,25,12677,12,3243,13,9434
D4:F5:47:82:0E:C6,ALL,udp:53053,2607:f8b0:4004:c19::be*,670,79475,329,44255,341,35220
D4:F5:47:82:0E:C6,ALL,udp:53053,2620:0:5301:2210:94cd:dcdc:61dc:f768*,670,79475,341,35220,329,44255
D4:F5:47:82:0E:C6,ALL,udp:36733,2607:f8b0:4004:c07::8a*,21,10977,12,7540,9,3437
D4:F5:47:82:0E:C6,ALL,udp:36733,2620:0:5301:2210:94cd:dcdc:61dc:f768*,21,10977,9,3437,12,7540
D4:F5:47:82:0E:C6,ALL,udp:49915,2607:f8b0:4004:c0b::8b*,20,10873,12,7561,8,3312
D4:F5:47:82:0E:C6,ALL,udp:49915,2620:0:5301:2210:94cd:dcdc:61dc:f768*,20,10873,8,3312,12,7561
D4:F5:47:82:0E:C6,ALL,udp:46400,2607:f8b0:4004:c0b::66*,25,12675,13,9431,12,3244
D4:F5:47:82:0E:C6,ALL,udp:46400,2620:0:5301:2210:94cd:dcdc:61dc:f768*,25,12675,12,3244,13,9431
D4:F5:47:82:0E:C6,ALL,udp:34163,2607:f8b0:4004:c1b::5d*,707,87094,348,50093,359,37001
D4:F5:47:82:0E:C6,ALL,udp:34163,2620:0:5301:2210:94cd:dcdc:61dc:f768*,707,87094,359,37001,348,50093
D4:F5:47:82:0E:C6,ALL,udp:57897,2607:f8b0:4004:c07::65*,21,10975,12,7539,9,3436
D4:F5:47:82:0E:C6,ALL,udp:57897,2620:0:5301:2210:94cd:dcdc:61dc:f768*,21,10975,9,3436,12,7539
D4:F5:47:82:0E:C6,ALL,udp:59989,2607:f8b0:4004:c0b::8a*,20,10872,11,7437,9,3435
D4:F5:47:82:0E:C6,ALL,udp:59989,2620:0:5301:2210:94cd:dcdc:61dc:f768*,20,10872,9,3435,11,7437
D4:F5:47:82:0E:C6,ALL,udp:43543,2607:f8b0:4004:c07::65*,25,12679,13,9435,12,3244
D4:F5:47:82:0E:C6,ALL,udp:43543,2620:0:5301:2210:94cd:dcdc:61dc:f768*,25,12679,12,3244,13,9435
D4:F5:47:82:0E:C6,ALL,udp:47767,2607:f8b0:4004:c06::be*,688,84838,338,48723,350,36115
D4:F5:47:82:0E:C6,ALL,udp:47767,2620:0:5301:2210:94cd:dcdc:61dc:f768*,688,84838,350,36115,338,48723
D4:F5:47:82:0E:C6,ALL,udp:48750,2607:f8b0:4004:c07::64*,19,10769,11,7457,8,3312
D4:F5:47:82:0E:C6,ALL,udp:48750,2620:0:5301:2210:94cd:dcdc:61dc:f768*,19,10769,8,3312,11,7457
D4:F5:47:82:0E:C6,ALL,udp:46386,2607:f8b0:4004:c0b::8a*,25,12676,13,9432,12,3244
D4:F5:47:82:0E:C6,ALL,udp:46386,2620:0:5301:2210:94cd:dcdc:61dc:f768*,25,12676,12,3244,13,9432
D4:F5:47:82:0E:C6,ALL,udp:36880,2607:f8b0:4004:c0b::71*,20,10874,11,7437,9,3437
D4:F5:47:82:0E:C6,ALL,udp:36880,2620:0:5301:2210:94cd:dcdc:61dc:f768*,20,10874,9,3437,11,7437
D4:F5:47:82:0E:C6,ALL,udp:37791,2607:f8b0:4004:c08::be*,685,84490,337,48601,348,35889
D4:F5:47:82:0E:C6,ALL,udp:37791,2620:0:5301:2210:94cd:dcdc:61dc:f768*,685,84490,348,35889,337,48601
D4:F5:47:82:0E:C6,ALL,udp:58401,2607:f8b0:4004:c0b::66*,502,557035,105,15573,397,541462
D4:F5:47:82:0E:C6,ALL,udp:58401,2620:0:5301:2210:94cd:dcdc:61dc:f768*,502,557035,397,541462,105,15573
D4:F5:47:82:0E:C6,ALL,udp:35156,2607:f8b0:4004:c07::8b*,21,10975,12,7541,9,3434
D4:F5:47:82:0E:C6,ALL,udp:35156,2620:0:5301:2210:94cd:dcdc:61dc:f768*,21,10975,9,3434,12,7541
D4:F5:47:82:0E:C6,ALL,udp:35781,2607:f8b0:4004:c0b::64*,25,12679,13,9435,12,3244
D4:F5:47:82:0E:C6,ALL,udp:35781,2620:0:5301:2210:94cd:dcdc:61dc:f768*,25,12679,12,3244,13,9435
D4:F5:47:82:0E:C6,ALL,udp:54114,2607:f8b0:4004:c0b::88*,681,84181,335,48432,346,35749
D4:F5:47:82:0E:C6,ALL,udp:54114,2620:0:5301:2210:94cd:dcdc:61dc:f768*,681,84181,346,35749,335,48432
D4:F5:47:82:0E:C6,ALL,udp:43295,2607:f8b0:4004:c0b::66*,20,10871,11,7439,9,3432
D4:F5:47:82:0E:C6,ALL,udp:43295,2620:0:5301:2210:94cd:dcdc:61dc:f768*,20,10871,9,3432,11,7439
D4:F5:47:82:0E:C6,ALL,udp:55220,2607:f8b0:4004:c07::8b*,20,10871,12,7559,8,3312
D4:F5:47:82:0E:C6,ALL,udp:55220,2620:0:5301:2210:94cd:dcdc:61dc:f768*,20,10871,8,3312,12,7559
D4:F5:47:82:0E:C6,ALL,udp:56230,2607:f8b0:4004:c07::8b*,25,12685,13,9441,12,3244
D4:F5:47:82:0E:C6,ALL,udp:56230,2620:0:5301:2210:94cd:dcdc:61dc:f768*,25,12685,12,3244,13,9441
D4:F5:47:82:0E:C6,ALL,udp:54170,2607:f8b0:4004:c17::5b*,689,84399,339,48169,350,36230
D4:F5:47:82:0E:C6,ALL,udp:54170,2620:0:5301:2210:94cd:dcdc:61dc:f768*,689,84399,350,36230,339,48169
D4:F5:47:82:0E:C6,ALL,udp:51292,2607:f8b0:4004:c07::71*,21,10978,12,7542,9,3436
D4:F5:47:82:0E:C6,ALL,udp:51292,2620:0:5301:2210:94cd:dcdc:61dc:f768*,21,10978,9,3436,12,7542
D4:F5:47:82:0E:C6,ALL,udp:38116,2607:f8b0:4004:c0b::64*,20,10874,11,7438,9,3436
D4:F5:47:82:0E:C6,ALL,udp:38116,2620:0:5301:2210:94cd:dcdc:61dc:f768*,20,10874,9,3436,11,7438
D4:F5:47:82:0E:C6,ALL,udp:46836,2607:f8b0:4004:c0b::8b*,25,12683,13,9439,12,3244
D4:F5:47:82:0E:C6,ALL,udp:46836,2620:0:5301:2210:94cd:dcdc:61dc:f768*,25,12683,12,3244,13,9439
D4:F5:47:82:0E:C6,ALL,udp:54816,2607:f8b0:4004:c07::5b*,683,83855,337,47993,346,35862
D4:F5:47:82:0E:C6,ALL,udp:54816,2620:0:5301:2210:94cd:dcdc:61dc:f768*,683,83855,346,35862,337,47993
D4:F5:47:82:0E:C6,ALL,udp:59332,2607:f8b0:4004:c0b::64*,21,10974,12,7539,9,3435
D4:F5:47:82:0E:C6,ALL,udp:59332,2620:0:5301:2210:94cd:dcdc:61dc:f768*,21,10974,9,3435,12,7539
D4:F5:47:82:0E:C6,ALL,udp:37091,2607:f8b0:4004:c08::65*,25,12680,13,9436,12,3244
D4:F5:47:82:0E:C6,ALL,udp:37091,2620:0:5301:2210:94cd:dcdc:61dc:f768*,25,12680,12,3244,13,9436
D4:F5:47:82:0E:C6,ALL,udp:47518,2607:f8b0:4004:c0b::71*,20,10872,11,7438,9,3434
D4:F5:47:82:0E:C6,ALL,udp:47518,2620:0:5301:2210:94cd:dcdc:61dc:f768*,20,10872,9,3434,11,7438
D4:F5:47:82:0E:C6,ALL,udp:55406,2607:f8b0:4004:c09::5d*,676,83201,332,47510,344,35691
D4:F5:47:82:0E:C6,ALL,udp:55406,2620:0:5301:2210:94cd:dcdc:61dc:f768*,676,83201,344,35691,332,47510
D4:F5:47:82:0E:C6,ALL,udp:46103,2607:f8b0:4004:c08::71*,21,10977,12,7540,9,3437
D4:F5:47:82:0E:C6,ALL,udp:46103,2620:0:5301:2210:94cd:dcdc:61dc:f768*,21,10977,9,3437,12,7540
D4:F5:47:82:0E:C6,ALL,udp:36647,2607:f8b0:4004:c0b::64*,25,12677,13,9433,12,3244
D4:F5:47:82:0E:C6,ALL,udp:36647,2620:0:5301:2210:94cd:dcdc:61dc:f768*,25,12677,12,3244,13,9433
D4:F5:47:82:0E:C6,ALL,udp:57049,2607:f8b0:4004:c0b::71*,21,10968,12,7536,9,3432
D4:F5:47:82:0E:C6,ALL,udp:57049,2620:0:5301:2210:94cd:dcdc:61dc:f768*,21,10968,9,3432,12,7536
D4:F5:47:82:0E:C6,ALL,udp:34428,2607:f8b0:4004:c08::5d*,731,92508,359,52831,372,39677
D4:F5:47:82:0E:C6,ALL,udp:34428,2620:0:5301:2210:94cd:dcdc:61dc:f768*,731,92508,372,39677,359,52831
D4:F5:47:82:0E:C6,ALL,udp:38550,2607:f8b0:4004:c0b::64*,13,6470,6,3424,7,3046
D4:F5:47:82:0E:C6,ALL,udp:38550,2620:0:5301:2210:94cd:dcdc:61dc:f768*,13,6470,7,3046,6,3424
D4:F5:47:82:0E:C6,ALL,udp:36672,2607:f8b0:4004:c07::8a*,20,10869,11,7434,9,3435
D4:F5:47:82:0E:C6,ALL,udp:36672,2620:0:5301:2210:94cd:dcdc:61dc:f768*,20,10869,9,3435,11,7434
D4:F5:47:82:0E:C6,ALL,udp:51886,2607:f8b0:4004:c07::65*,25,12676,13,9432,12,3244
D4:F5:47:82:0E:C6,ALL,udp:51886,2620:0:5301:2210:94cd:dcdc:61dc:f768*,25,12676,12,3244,13,9432
D4:F5:47:82:0E:C6,ALL,udp:48159,2607:f8b0:4004:c0b::64*,494,556414,90,14114,404,542300
D4:F5:47:82:0E:C6,ALL,udp:48159,2620:0:5301:2210:94cd:dcdc:61dc:f768*,494,556414,404,542300,90,14114
D4:F5:47:82:0E:C6,ALL,udp:49515,2607:f8b0:4004:c17::be*,476,62202,230,36360,246,25842
D4:F5:47:82:0E:C6,ALL,udp:49515,2620:0:5301:2210:94cd:dcdc:61dc:f768*,476,62202,246,25842,230,36360
D4:F5:47:82:0E:C6,ALL,udp:54573,2607:f8b0:4004:c0b::64*,20,10871,11,7437,9,3434
D4:F5:47:82:0E:C6,ALL,udp:54573,2620:0:5301:2210:94cd:dcdc:61dc:f768*,20,10871,9,3434,11,7437
D4:F5:47:82:0E:C6,ALL,udp:45529,2607:f8b0:4004:c08::64*,27,12973,16,9789,11,3184
D4:F5:47:82:0E:C6,ALL,udp:45529,2620:0:5301:2210:94cd:dcdc:61dc:f768*,27,12973,11,3184,16,9789
D4:F5:47:82:0E:C6,ALL,udp:57612,2607:f8b0:4004:c06::5e*,19,10329,10,3893,9,6436
D4:F5:47:82:0E:C6,ALL,udp:57612,2620:0:5301:2210:68e9:7744:a0b6:ea6e*,19,10329,9,6436,10,3893
D4:F5:47:82:0E:C6,ALL,udp:60191,2607:f8b0:4004:c0b::66*,498,559490,96,16190,402,543300
D4:F5:47:82:0E:C6,ALL,udp:60191,2620:0:5301:2210:68e9:7744:a0b6:ea6e*,498,559490,402,543300,96,16190
D4:F5:47:82:0E:C6,ALL,udp:60648,2607:f8b0:4004:c0b::66*,18,10592,9,7189,9,3403
D4:F5:47:82:0E:C6,ALL,udp:60648,2620:0:5301:2210:68e9:7744:a0b6:ea6e*,18,10592,9,3403,9,7189
D4:F5:47:82:0E:C6,ALL,udp:40018,2607:f8b0:4004:c0b::66*,21,10977,12,7539,9,3438
D4:F5:47:82:0E:C6,ALL,udp:40018,2620:0:5301:2210:68e9:7744:a0b6:ea6e*,21,10977,9,3438,12,7539
D4:F5:47:82:0E:C6,ALL,udp:39010,2607:f8b0:4004:c0b::64*,25,12679,13,9435,12,3244
D4:F5:47:82:0E:C6,ALL,udp:39010,2620:0:5301:2210:68e9:7744:a0b6:ea6e*,25,12679,12,3244,13,9435
D4:F5:47:82:0E:C6,ALL,udp:51115,2607:f8b0:4004:c06::5d*,704,86667,347,49897,357,36770
D4:F5:47:82:0E:C6,ALL,udp:51115,2620:0:5301:2210:68e9:7744:a0b6:ea6e*,704,86667,357,36770,347,49897
D4:F5:47:82:0E:C6,ALL,udp:51825,2607:f8b0:4004:c0b::65*,20,10870,11,7433,9,3437
D4:F5:47:82:0E:C6,ALL,udp:51825,2620:0:5301:2210:68e9:7744:a0b6:ea6e*,20,10870,9,3437,11,7433
D4:F5:47:82:0E:C6,ALL,udp:47737,2607:f8b0:4004:c0b::64*,21,10970,12,7535,9,3435
D4:F5:47:82:0E:C6,ALL,udp:47737,2620:0:5301:2210:68e9:7744:a0b6:ea6e*,21,10970,9,3435,12,7535
D4:F5:47:82:0E:C6,ALL,udp:41764,2607:f8b0:4004:c0b::8a*,25,12676,13,9432,12,3244
D4:F5:47:82:0E:C6,ALL,udp:41764,2620:0:5301:2210:68e9:7744:a0b6:ea6e*,25,12676,12,3244,13,9432
D4:F5:47:82:0E:C6,ALL,udp:55840,2607:f8b0:4004:c17::5d*,697,86001,344,49613,353,36388
D4:F5:47:82:0E:C6,ALL,udp:55840,2620:0:5301:2210:68e9:7744:a0b6:ea6e*,697,86001,353,36388,344,49613
D4:F5:47:82:0E:C6,ALL,udp:35145,2607:f8b0:4004:c08::64*,21,10978,12,7541,9,3437
D4:F5:47:82:0E:C6,ALL,udp:35145,2620:0:5301:2210:68e9:7744:a0b6:ea6e*,21,10978,9,3437,12,7541
D4:F5:47:82:0E:C6,ALL,udp:60306,2607:f8b0:4004:c0b::8a*,21,10978,12,7540,9,3438
D4:F5:47:82:0E:C6,ALL,udp:60306,2620:0:5301:2210:68e9:7744:a0b6:ea6e*,21,10978,9,3438,12,7540
D4:F5:47:82:0E:C6,ALL,udp:60432,2607:f8b0:4004:c0b::65*,25,12677,13,9433,12,3244
D4:F5:47:82:0E:C6,ALL,udp:60432,2620:0:5301:2210:68e9:7744:a0b6:ea6e*,25,12677,12,3244,13,9433
D4:F5:47:82:0E:C6,ALL,udp:52760,2607:f8b0:4004:c0b::64*,20,10873,11,7436,9,3437
D4:F5:47:82:0E:C6,ALL,udp:52760,2620:0:5301:2210:68e9:7744:a0b6:ea6e*,20,10873,9,3437,11,7436
D4:F5:47:82:0E:C6,ALL,udp:59450,2607:f8b0:4004:c08::8a*,26,12864,15,9684,11,3180
D4:F5:47:82:0E:C6,ALL,udp:59450,2620:0:5301:2210:68e9:7744:a0b6:ea6e*,26,12864,11,3180,15,9684
D4:F5:47:82:0E:C6,ALL,udp:50219,2607:f8b0:4004:c0b::8b*,20,10773,10,7286,10,3487
D4:F5:47:82:0E:C6,ALL,udp:50219,2620:0:5301:2210:68e9:7744:a0b6:ea6e*,20,10773,10,3487,10,7286
D4:F5:47:82:0E:C6,ALL,udp:60609,2607:f8b0:4004:c06::88*,686,84948,338,49043,348,35905
D4:F5:47:82:0E:C6,ALL,udp:60609,2620:0:5301:2210:68e9:7744:a0b6:ea6e*,686,84948,348,35905,338,49043
D4:F5:47:82:0E:C6,ALL,udp:57334,2607:f8b0:4004:c0b::66*,21,10978,12,7540,9,3438
D4:F5:47:82:0E:C6,ALL,udp:57334,2620:0:5301:2210:68e9:7744:a0b6:ea6e*,21,10978,9,3438,12,7540
D4:F5:47:82:0E:C6,ALL,udp:48379,2607:f8b0:4004:c07::65*,25,12671,13,9427,12,3244
D4:F5:47:82:0E:C6,ALL,udp:48379,2620:0:5301:2210:68e9:7744:a0b6:ea6e*,25,12671,12,3244,13,9427
D4:F5:47:82:0E:C6,ALL,udp:51426,2607:f8b0:4004:c07::8a*,20,10871,11,7436,9,3435
D4:F5:47:82:0E:C6,ALL,udp:51426,2620:0:5301:2210:68e9:7744:a0b6:ea6e*,20,10871,9,3435,11,7436
D4:F5:47:82:0E:C6,ALL,udp:48920,2607:f8b0:4004:c0b::5b*,682,84638,336,48863,346,35775
D4:F5:47:82:0E:C6,ALL,udp:48920,2620:0:5301:2210:68e9:7744:a0b6:ea6e*,682,84638,346,35775,336,48863
D4:F5:47:82:0E:C6,ALL,udp:42033,2607:f8b0:4004:c08::64*,492,556150,90,14110,402,542040
D4:F5:47:82:0E:C6,ALL,udp:42033,2620:0:5301:2210:68e9:7744:a0b6:ea6e*,492,556150,402,542040,90,14110
D4:F5:47:82:0E:C6,ALL,udp:49999,2607:f8b0:4004:c07::8a*,21,10969,12,7536,9,3433
D4:F5:47:82:0E:C6,ALL,udp:49999,2620:0:5301:2210:68e9:7744:a0b6:ea6e*,21,10969,9,3433,12,7536
D4:F5:47:82:0E:C6,ALL,udp:60472,2607:f8b0:4004:c07::71*,25,12670,13,9426,12,3244
D4:F5:47:82:0E:C6,ALL,udp:60472,2620:0:5301:2210:68e9:7744:a0b6:ea6e*,25,12670,12,3244,13,9426
D4:F5:47:82:0E:C6,ALL,udp:37071,2607:f8b0:4004:c19::5d*,683,84194,336,48230,347,35964
D4:F5:47:82:0E:C6,ALL,udp:37071,2620:0:5301:2210:68e9:7744:a0b6:ea6e*,683,84194,347,35964,336,48230
D4:F5:47:82:0E:C6,ALL,udp:53528,2607:f8b0:4004:c0b::64*,20,10979,11,7436,9,3543
D4:F5:47:82:0E:C6,ALL,udp:53528,2620:0:5301:2210:68e9:7744:a0b6:ea6e*,20,10979,9,3543,11,7436
D4:F5:47:82:0E:C6,ALL,udp:38744,2607:f8b0:4004:c0b::8a*,19,10771,11,7459,8,3312
D4:F5:47:82:0E:C6,ALL,udp:38744,2620:0:5301:2210:68e9:7744:a0b6:ea6e*,19,10771,8,3312,11,7459
D4:F5:47:82:0E:C6,ALL,udp:45044,2607:f8b0:4004:c0b::65*,25,12679,13,9435,12,3244
D4:F5:47:82:0E:C6,ALL,udp:45044,2620:0:5301:2210:68e9:7744:a0b6:ea6e*,25,12679,12,3244,13,9435
D4:F5:47:82:0E:C6,ALL,udp:53547,2607:f8b0:4004:c1b::be*,666,82532,327,47365,339,35167
D4:F5:47:82:0E:C6,ALL,udp:53547,2620:0:5301:2210:68e9:7744:a0b6:ea6e*,666,82532,339,35167,327,47365
D4:F5:47:82:0E:C6,ALL,udp:53401,2607:f8b0:4004:c0b::65*,20,10868,11,7432,9,3436
D4:F5:47:82:0E:C6,ALL,udp:53401,2620:0:5301:2210:68e9:7744:a0b6:ea6e*,20,10868,9,3436,11,7432
D4:F5:47:82:0E:C6,ALL,udp:35170,2607:f8b0:4004:c08::8a*,25,12682,13,9438,12,3244
D4:F5:47:82:0E:C6,ALL,udp:35170,2620:0:5301:2210:68e9:7744:a0b6:ea6e*,25,12682,12,3244,13,9438
D4:F5:47:82:0E:C6,ALL,udp:44690,2607:f8b0:4004:c0b::64*,20,10874,11,7438,9,3436
D4:F5:47:82:0E:C6,ALL,udp:44690,2620:0:5301:2210:68e9:7744:a0b6:ea6e*,20,10874,9,3436,11,7438
D4:F5:47:82:0E:C6,ALL,udp:34274,2607:f8b0:4004:c06::5d*,694,82264,341,45745,353,36519
D4:F5:47:82:0E:C6,ALL,udp:34274,2620:0:5301:2210:68e9:7744:a0b6:ea6e*,694,82264,353,36519,341,45745
D4:F5:47:82:0E:C6,ALL,udp:33161,2607:f8b0:4004:c07::66*,21,10972,12,7539,9,3433
D4:F5:47:82:0E:C6,ALL,udp:33161,2620:0:5301:2210:68e9:7744:a0b6:ea6e*,21,10972,9,3433,12,7539
D4:F5:47:82:0E:C6,ALL,udp:58257,2607:f8b0:4004:c0b::8a*,26,12773,14,9531,12,3242
D4:F5:47:82:0E:C6,ALL,udp:58257,2620:0:5301:2210:68e9:7744:a0b6:ea6e*,26,12773,12,3242,14,9531
D4:F5:47:82:0E:C6,ALL,udp:46172,2607:f8b0:4004:c07::66*,14,6565,7,3519,7,3046
D4:F5:47:82:0E:C6,ALL,udp:46172,2620:0:5301:2210:68e9:7744:a0b6:ea6e*,14,6565,7,3046,7,3519
D4:F5:47:82:0E:C6,ALL,udp:56377,2607:f8b0:4004:c1b::5e*,20,12543,10,3883,10,8660
D4:F5:47:82:0E:C6,ALL,udp:56377,2620:0:5301:2210:68e9:7744:a0b6:ea6e*,20,12543,10,8660,10,3883
D4:F5:47:82:0E:C6,ALL,udp:41246,2607:f8b0:4004:c0b::8a*,20,10875,11,7437,9,3438
D4:F5:47:82:0E:C6,ALL,udp:41246,2620:0:5301:2210:68e9:7744:a0b6:ea6e*,20,10875,9,3438,11,7437
D4:F5:47:82:0E:C6,ALL,udp:49420,2607:f8b0:4004:c08::be*,677,80637,333,44991,344,35646
D4:F5:47:82:0E:C6,ALL,udp:49420,2620:0:5301:2210:68e9:7744:a0b6:ea6e*,677,80637,344,35646,333,44991
D4:F5:47:82:0E:C6,ALL,udp:33972,2607:f8b0:4004:c08::65*,20,10872,11,7436,9,3436
D4:F5:47:82:0E:C6,ALL,udp:33972,2620:0:5301:2210:68e9:7744:a0b6:ea6e*,20,10872,9,3436,11,7436
D4:F5:47:82:0E:C6,ALL,udp:57706,2607:f8b0:4004:c0b::64*,25,12679,13,9435,12,3244
D4:F5:47:82:0E:C6,ALL,udp:57706,2620:0:5301:2210:68e9:7744:a0b6:ea6e*,25,12679,12,3244,13,9435
D4:F5:47:82:0E:C6,ALL,udp:50479,2607:f8b0:4004:c19::5d*,721,88915,354,51025,367,37890
D4:F5:47:82:0E:C6,ALL,udp:50479,2620:0:5301:2210:68e9:7744:a0b6:ea6e*,721,88915,367,37890,354,51025
D4:F5:47:82:0E:C6,ALL,udp:42929,2607:f8b0:4004:c0b::8a*,20,10874,11,7437,9,3437
D4:F5:47:82:0E:C6,ALL,udp:42929,2620:0:5301:2210:68e9:7744:a0b6:ea6e*,20,10874,9,3437,11,7437
D4:F5:47:82:0E:C6,ALL,udp:57120,2607:f8b0:4004:c0b::8b*,27,12970,16,9785,11,3185
D4:F5:47:82:0E:C6,ALL,udp:57120,2620:0:5301:2210:68e9:7744:a0b6:ea6e*,27,12970,11,3185,16,9785
D4:F5:47:82:0E:C6,ALL,udp:41421,2607:f8b0:4004:c0b::8b*,18,10592,9,7189,9,3403
D4:F5:47:82:0E:C6,ALL,udp:41421,2620:0:5301:2210:68e9:7744:a0b6:ea6e*,18,10592,9,3403,9,7189
D4:F5:47:82:0E:C6,ALL,udp:54152,2607:f8b0:4004:c0b::64*,490,556030,90,14116,400,541914
D4:F5:47:82:0E:C6,ALL,udp:54152,2620:0:5301:2210:68e9:7744:a0b6:ea6e*,490,556030,400,541914,90,14116
D4:F5:47:82:0E:C6,ALL,udp:51440,2607:f8b0:4004:c17::5b*,436,55128,210,30876,226,24252
D4:F5:47:82:0E:C6,ALL,udp:51440,2620:0:5301:2210:68e9:7744:a0b6:ea6e*,436,55128,226,24252,210,30876
D4:F5:47:82:0E:C6,ALL,udp:50503,2607:f8b0:4004:c0b::65*,19,10764,11,7452,8,3312
D4:F5:47:82:0E:C6,ALL,udp:50503,2620:0:5301:2210:68e9:7744:a0b6:ea6e*,19,10764,8,3312,11,7452
D4:F5:47:82:0E:C6,ALL,udp:52136,2607:f8b0:4004:c0b::64*,25,12677,13,9433,12,3244
D4:F5:47:82:0E:C6,ALL,udp:52136,2620:0:5301:2210:68e9:7744:a0b6:ea6e*,25,12677,12,3244,13,9433
D4:F5:47:82:0E:C6,ALL,udp:34799,2607:f8b0:4004:c06::5e*,18,6709,10,3868,8,2841
D4:F5:47:82:0E:C6,ALL,udp:34799,2620:0:5301:2210:3df4:b329:6387:fe04*,18,6709,8,2841,10,3868
D4:F5:47:82:0E:C6,ALL,udp:38187,2607:f8b0:4004:c0b::66*,506,557579,102,15324,404,542255
D4:F5:47:82:0E:C6,ALL,udp:38187,2620:0:5301:2210:3df4:b329:6387:fe04*,506,557579,404,542255,102,15324
D4:F5:47:82:0E:C6,ALL,udp:59223,2607:f8b0:4004:c0b::66*,21,10973,12,7541,9,3432
D4:F5:47:82:0E:C6,ALL,udp:59223,2620:0:5301:2210:3df4:b329:6387:fe04*,21,10973,9,3432,12,7541
D4:F5:47:82:0E:C6,ALL,udp:34773,2607:f8b0:4004:c0b::66*,14,10332,6,3288,8,7044
D4:F5:47:82:0E:C6,ALL,udp:34773,2620:0:5301:2210:3d51:91e4:58bb:85c1*,14,10332,8,7044,6,3288
D4:F5:47:82:0E:C6,ALL,udp:41285,2607:f8b0:4004:c0b::66*,26,15907,12,6424,14,9483
D4:F5:47:82:0E:C6,ALL,udp:41285,2620:0:5301:2210:3d51:91e4:58bb:85c1*,26,15907,14,9483,12,6424
D4:F5:47:82:0E:C6,ALL,udp:57562,2607:f8b0:4004:c0b::66*,25,12677,13,9433,12,3244
D4:F5:47:82:0E:C6,ALL,udp:57562,2620:0:5301:2210:3d51:91e4:58bb:85c1*,25,12677,12,3244,13,9433
D4:F5:47:82:0E:C6,ALL,udp:43673,2607:f8b0:4004:c07::5b*,1335,797182,453,58944,882,738238
D4:F5:47:82:0E:C6,ALL,udp:43673,2620:0:5301:2210:3d51:91e4:58bb:85c1*,1335,797182,882,738238,453,58944
D4:F5:47:82:0E:C6,ALL,udp:37395,2607:f8b0:4004:c08::8b*,25,12677,13,9433,12,3244
D4:F5:47:82:0E:C6,ALL,udp:37395,2620:0:5301:2210:3d51:91e4:58bb:85c1*,25,12677,12,3244,13,9433
D4:F5:47:82:0E:C6,ALL,udp:59216,2607:f8b0:4004:c07::8a*,25,12677,13,9433,12,3244
D4:F5:47:82:0E:C6,ALL,udp:59216,2620:0:5301:2210:3d51:91e4:58bb:85c1*,25,12677,12,3244,13,9433
D4:F5:47:82:0E:C6,ALL,udp:53342,2607:f8b0:4004:c0b::71*,25,12677,13,9433,12,3244
D4:F5:47:82:0E:C6,ALL,udp:53342,2620:0:5301:2210:3d51:91e4:58bb:85c1*,25,12677,12,3244,13,9433
D4:F5:47:82:0E:C6,ALL,udp:50238,2607:f8b0:4004:c08::66*,26,12867,15,9682,11,3185
D4:F5:47:82:0E:C6,ALL,udp:50238,2620:0:5301:2210:3d51:91e4:58bb:85c1*,26,12867,11,3185,15,9682
D4:F5:47:82:0E:C6,ALL,udp:58780,2607:f8b0:4004:c0b::8a*,18,10591,9,7189,9,3402
D4:F5:47:82:0E:C6,ALL,udp:58780,2620:0:5301:2210:3d51:91e4:58bb:85c1*,18,10591,9,3402,9,7189
D4:F5:47:82:0E:C6,ALL,udp:36442,2607:f8b0:4004:c0b::66*,26,12881,15,9696,11,3185
D4:F5:47:82:0E:C6,ALL,udp:36442,2620:0:5301:2210:3d51:91e4:58bb:85c1*,26,12881,11,3185,15,9696
D4:F5:47:82:0E:C6,ALL,udp:34955,2607:f8b0:4004:c09::5d*,684,86357,335,50379,349,35978
D4:F5:47:82:0E:C6,ALL,udp:34955,2620:0:5301:2210:3d51:91e4:58bb:85c1*,684,86357,349,35978,335,50379
D4:F5:47:82:0E:C6,ALL,udp:51293,2607:f8b0:4004:c0b::66*,18,10593,9,7190,9,3403
D4:F5:47:82:0E:C6,ALL,udp:51293,2620:0:5301:2210:3d51:91e4:58bb:85c1*,18,10593,9,3403,9,7190
D4:F5:47:82:0E:C6,ALL,udp:39371,2607:f8b0:4004:c0b::8a*,19,10770,11,7458,8,3312
D4:F5:47:82:0E:C6,ALL,udp:39371,2620:0:5301:2210:3d51:91e4:58bb:85c1*,19,10770,8,3312,11,7458
D4:F5:47:82:0E:C6,ALL,udp:52120,2607:f8b0:4004:c0b::64*,25,12680,13,9436,12,3244
D4:F5:47:82:0E:C6,ALL,udp:52120,2620:0:5301:2210:3d51:91e4:58bb:85c1*,25,12680,12,3244,13,9436
D4:F5:47:82:0E:C6,ALL,udp:47784,2607:f8b0:4004:c08::be*,724,88719,356,50898,368,37821
D4:F5:47:82:0E:C6,ALL,udp:47784,2620:0:5301:2210:3d51:91e4:58bb:85c1*,724,88719,368,37821,356,50898
D4:F5:47:82:0E:C6,ALL,udp:32822,2607:f8b0:4004:c08::65*,20,10984,11,7439,9,3545
D4:F5:47:82:0E:C6,ALL,udp:32822,2620:0:5301:2210:3d51:91e4:58bb:85c1*,20,10984,9,3545,11,7439
D4:F5:47:82:0E:C6,ALL,udp:56874,2607:f8b0:4004:c0b::64*,20,10870,11,7433,9,3437
D4:F5:47:82:0E:C6,ALL,udp:56874,2620:0:5301:2210:3d51:91e4:58bb:85c1*,20,10870,9,3437,11,7433
D4:F5:47:82:0E:C6,ALL,udp:45114,2607:f8b0:4004:c07::71*,25,12679,13,9436,12,3243
D4:F5:47:82:0E:C6,ALL,udp:45114,2620:0:5301:2210:3d51:91e4:58bb:85c1*,25,12679,12,3243,13,9436
D4:F5:47:82:0E:C6,ALL,udp:57681,2607:f8b0:4004:c06::5b*,706,86648,346,49541,360,37107
D4:F5:47:82:0E:C6,ALL,udp:57681,2620:0:5301:2210:3d51:91e4:58bb:85c1*,706,86648,360,37107,346,49541
D4:F5:47:82:0E:C6,ALL,udp:52484,2607:f8b0:4004:c0b::64*,20,10873,11,7438,9,3435
D4:F5:47:82:0E:C6,ALL,udp:52484,2620:0:5301:2210:3d51:91e4:58bb:85c1*,20,10873,9,3435,11,7438
D4:F5:47:82:0E:C6,ALL,udp:50464,2607:f8b0:4004:c07::71*,21,10974,12,7539,9,3435
D4:F5:47:82:0E:C6,ALL,udp:50464,2620:0:5301:2210:3d51:91e4:58bb:85c1*,21,10974,9,3435,12,7539
D4:F5:47:82:0E:C6,ALL,udp:51670,2607:f8b0:4004:c0b::8a*,25,12673,13,9429,12,3244
D4:F5:47:82:0E:C6,ALL,udp:51670,2620:0:5301:2210:3d51:91e4:58bb:85c1*,25,12673,12,3244,13,9429
D4:F5:47:82:0E:C6,ALL,udp:60555,2607:f8b0:4004:c1d::88*,675,83610,331,48090,344,35520
D4:F5:47:82:0E:C6,ALL,udp:60555,2620:0:5301:2210:3d51:91e4:58bb:85c1*,675,83610,344,35520,331,48090
D4:F5:47:82:0E:C6,ALL,udp:43545,2607:f8b0:4004:c08::66*,20,10869,11,7437,9,3432
D4:F5:47:82:0E:C6,ALL,udp:43545,2620:0:5301:2210:3d51:91e4:58bb:85c1*,20,10869,9,3432,11,7437
D4:F5:47:82:0E:C6,ALL,udp:52596,2607:f8b0:4004:c08::65*,25,12677,13,9433,12,3244
D4:F5:47:82:0E:C6,ALL,udp:52596,2620:0:5301:2210:3d51:91e4:58bb:85c1*,25,12677,12,3244,13,9433
D4:F5:47:82:0E:C6,ALL,udp:56091,2607:f8b0:4004:c0b::8b*,20,10876,11,7439,9,3437
D4:F5:47:82:0E:C6,ALL,udp:56091,2620:0:5301:2210:3d51:91e4:58bb:85c1*,20,10876,9,3437,11,7439
D4:F5:47:82:0E:C6,ALL,udp:35326,2607:f8b0:4004:c06::5d*,691,85144,340,48953,351,36191
D4:F5:47:82:0E:C6,ALL,udp:35326,2620:0:5301:2210:3d51:91e4:58bb:85c1*,691,85144,351,36191,340,48953
D4:F5:47:82:0E:C6,ALL,udp:45532,2607:f8b0:4004:c07::66*,21,10976,12,7538,9,3438
D4:F5:47:82:0E:C6,ALL,udp:45532,2620:0:5301:2210:3d51:91e4:58bb:85c1*,21,10976,9,3438,12,7538
D4:F5:47:82:0E:C6,ALL,udp:48420,2607:f8b0:4004:c0b::66*,25,12681,13,9438,12,3243
D4:F5:47:82:0E:C6,ALL,udp:48420,2620:0:5301:2210:3d51:91e4:58bb:85c1*,25,12681,12,3243,13,9438
D4:F5:47:82:0E:C6,ALL,udp:34530,2607:f8b0:4004:c17::88*,702,86309,346,49534,356,36775
D4:F5:47:82:0E:C6,ALL,udp:34530,2620:0:5301:2210:3d51:91e4:58bb:85c1*,702,86309,356,36775,346,49534
D4:F5:47:82:0E:C6,ALL,udp:37532,2607:f8b0:4004:c07::66*,20,10874,11,7439,9,3435
D4:F5:47:82:0E:C6,ALL,udp:37532,2620:0:5301:2210:3d51:91e4:58bb:85c1*,20,10874,9,3435,11,7439
D4:F5:47:82:0E:C6,ALL,udp:48059,2607:f8b0:4004:c0b::66*,489,555967,90,14121,399,541846
D4:F5:47:82:0E:C6,ALL,udp:48059,2620:0:5301:2210:3d51:91e4:58bb:85c1*,489,555967,399,541846,90,14121
D4:F5:47:82:0E:C6,ALL,udp:51536,2607:f8b0:4004:c08::71*,20,10868,11,7436,9,3432
D4:F5:47:82:0E:C6,ALL,udp:51536,2620:0:5301:2210:3d51:91e4:58bb:85c1*,20,10868,9,3432,11,7436
D4:F5:47:82:0E:C6,ALL,udp:38682,2607:f8b0:4004:c0b::64*,25,12684,13,9440,12,3244
D4:F5:47:82:0E:C6,ALL,udp:38682,2620:0:5301:2210:3d51:91e4:58bb:85c1*,25,12684,12,3244,13,9440
D4:F5:47:82:0E:C6,ALL,udp:34967,2607:f8b0:4004:c08::5d*,742,93405,365,53615,377,39790
D4:F5:47:82:0E:C6,ALL,udp:34967,2620:0:5301:2210:3d51:91e4:58bb:85c1*,742,93405,377,39790,365,53615
D4:F5:47:82:0E:C6,ALL,udp:35971,2607:f8b0:4004:c0b::71*,20,10872,11,7436,9,3436
D4:F5:47:82:0E:C6,ALL,udp:35971,2620:0:5301:2210:3d51:91e4:58bb:85c1*,20,10872,9,3436,11,7436
D4:F5:47:82:0E:C6,ALL,udp:40713,2607:f8b0:4004:c0b::65*,13,6470,6,3424,7,3046
D4:F5:47:82:0E:C6,ALL,udp:40713,2620:0:5301:2210:3d51:91e4:58bb:85c1*,13,6470,7,3046,6,3424
D4:F5:47:82:0E:C6,ALL,udp:33483,2607:f8b0:4004:c0b::8a*,20,10866,11,7434,9,3432
D4:F5:47:82:0E:C6,ALL,udp:33483,2620:0:5301:2210:3d51:91e4:58bb:85c1*,20,10866,9,3432,11,7434
D4:F5:47:82:0E:C6,ALL,udp:32834,2607:f8b0:4004:c07::65*,25,12681,13,9437,12,3244
D4:F5:47:82:0E:C6,ALL,udp:32834,2620:0:5301:2210:3d51:91e4:58bb:85c1*,25,12681,12,3244,13,9437
D4:F5:47:82:0E:C6,ALL,udp:38521,2607:f8b0:4004:c1b::5b*,703,85973,347,49305,356,36668
D4:F5:47:82:0E:C6,ALL,udp:38521,2620:0:5301:2210:3d51:91e4:58bb:85c1*,703,85973,356,36668,347,49305
D4:F5:47:82:0E:C6,ALL,udp:47701,2607:f8b0:4004:c08::65*,20,10869,12,7558,8,3311
D4:F5:47:82:0E:C6,ALL,udp:47701,2620:0:5301:2210:3d51:91e4:58bb:85c1*,20,10869,8,3311,12,7558
D4:F5:47:82:0E:C6,ALL,udp:45979,2607:f8b0:4004:c0b::8b*,26,12873,15,9688,11,3185
D4:F5:47:82:0E:C6,ALL,udp:45979,2620:0:5301:2210:3d51:91e4:58bb:85c1*,26,12873,11,3185,15,9688
D4:F5:47:82:0E:C6,ALL,udp:41978,2607:f8b0:4004:c0b::65*,18,10592,9,7189,9,3403
D4:F5:47:82:0E:C6,ALL,udp:41978,2620:0:5301:2210:3d51:91e4:58bb:85c1*,18,10592,9,3403,9,7189
D4:F5:47:82:0E:C6,ALL,udp:40480,2607:f8b0:4004:c1d::88*,680,83766,334,48069,346,35697
D4:F5:47:82:0E:C6,ALL,udp:40480,2620:0:5301:2210:3d51:91e4:58bb:85c1*,680,83766,346,35697,334,48069
D4:F5:47:82:0E:C6,ALL,udp:41664,2607:f8b0:4004:c07::66*,21,10981,12,7543,9,3438
D4:F5:47:82:0E:C6,ALL,udp:41664,2620:0:5301:2210:3d51:91e4:58bb:85c1*,21,10981,9,3438,12,7543
D4:F5:47:82:0E:C6,ALL,udp:46201,2607:f8b0:4004:c0b::64*,25,12683,13,9439,12,3244
D4:F5:47:82:0E:C6,ALL,udp:46201,2620:0:5301:2210:3d51:91e4:58bb:85c1*,25,12683,12,3244,13,9439
D4:F5:47:82:0E:C6,ALL,udp:40216,2607:f8b0:4004:c08::65*,20,10870,11,7434,9,3436
D4:F5:47:82:0E:C6,ALL,udp:40216,2620:0:5301:2210:3d51:91e4:58bb:85c1*,20,10870,9,3436,11,7434
D4:F5:47:82:0E:C6,ALL,udp:37094,2607:f8b0:4004:c09::5b*,684,84165,336,48258,348,35907
D4:F5:47:82:0E:C6,ALL,udp:37094,2620:0:5301:2210:3d51:91e4:58bb:85c1*,684,84165,348,35907,336,48258
D4:F5:47:82:0E:C6,ALL,udp:50567,2607:f8b0:4004:c0b::8a*,20,10873,11,7438,9,3435
D4:F5:47:82:0E:C6,ALL,udp:50567,2620:0:5301:2210:3d51:91e4:58bb:85c1*,20,10873,9,3435,11,7438
D4:F5:47:82:0E:C6,ALL,udp:51331,2607:f8b0:4004:c0b::66*,25,12680,13,9436,12,3244
D4:F5:47:82:0E:C6,ALL,udp:51331,2620:0:5301:2210:3d51:91e4:58bb:85c1*,25,12680,12,3244,13,9436
D4:F5:47:82:0E:C6,ALL,udp:51339,2607:f8b0:4004:c07::64*,20,10869,11,7434,9,3435
D4:F5:47:82:0E:C6,ALL,udp:51339,2620:0:5301:2210:3d51:91e4:58bb:85c1*,20,10869,9,3435,11,7434
D4:F5:47:82:0E:C6,ALL,udp:37430,2607:f8b0:4004:c19::88*,388,53070,187,31411,201,21659
D4:F5:47:82:0E:C6,ALL,udp:37430,2620:0:5301:2210:3d51:91e4:58bb:85c1*,388,53070,201,21659,187,31411
D4:F5:47:82:0E:C6,ALL,udp:38469,2607:f8b0:4004:c07::66*,19,10768,11,7456,8,3312
D4:F5:47:82:0E:C6,ALL,udp:38469,2620:0:5301:2210:3d51:91e4:58bb:85c1*,19,10768,8,3312,11,7456
D4:F5:47:82:0E:C6,ALL,udp:54242,2607:f8b0:4004:c06::5e*,22,11620,12,4158,10,7462
D4:F5:47:82:0E:C6,ALL,udp:54242,2620:0:5301:2210:7843:4333:e501:2e0e*,22,11620,10,7462,12,4158
D4:F5:47:82:0E:C6,ALL,udp:60527,2607:f8b0:4004:c0b::8a*,513,564310,101,19805,412,544505
D4:F5:47:82:0E:C6,ALL,udp:60527,2620:0:5301:2210:7843:4333:e501:2e0e*,513,564310,412,544505,101,19805
