MAC,WAN/LAN,Protocol,IP,TotalPackets,TotalBytes,TxPackets,TxBytes,RxPackets,RxBytes
44:3D:54:BE:12:3C,ALL,ip,100.24.178.40,246,167984,144,142832,102,25152
44:3D:54:BE:12:3C,ALL,ip,107.20.78.222,687,505481,402,442014,285,63467
44:3D:54:BE:12:3C,ALL,ip,108.138.105.27,101,44496,61,8048,40,36448
44:3D:54:BE:12:3C,ALL,ip,108.138.125.14,260,34988,130,13442,130,21546
44:3D:54:BE:12:3C,ALL,ip,108.138.125.193,140,18842,70,7238,70,11604
44:3D:54:BE:12:3C,ALL,ip,108.138.125.194,190,25562,95,9823,95,15739
44:3D:54:BE:12:3C,ALL,ip,108.138.125.198,160,21533,80,8272,80,13261
44:3D:54:BE:12:3C,ALL,ip,108.138.61.102,20,2693,10,1034,10,1659
44:3D:54:BE:12:3C,ALL,ip,108.138.61.174,10,1347,5,517,5,830
44:3D:54:BE:12:3C,ALL,ip,108.138.61.34,20,2694,10,1034,10,1660
44:3D:54:BE:12:3C,ALL,ip,108.138.63.186,106,47527,62,7791,44,39736
44:3D:54:BE:12:3C,ALL,ip,108.138.78.184,4841,1851751,2810,381026,2031,1470725
44:3D:54:BE:12:3C,ALL,ip,108.138.82.190,91,12201,46,4731,45,7470
44:3D:54:BE:12:3C,ALL,ip,108.138.82.203,150,20205,75,7755,75,12450
44:3D:54:BE:12:3C,ALL,ip,108.138.82.54,130,17510,65,6721,65,10789
44:3D:54:BE:12:3C,ALL,ip,108.138.82.9,100,13469,50,5170,50,8299
44:3D:54:BE:12:3C,ALL,ip,108.139.36.72,980,363129,570,77368,410,285761
44:3D:54:BE:12:3C,ALL,ip,108.139.45.164,1002,370042,584,77619,418,292423
44:3D:54:BE:12:3C,ALL,ip,13.224.208.139,10,1347,5,517,5,830
44:3D:54:BE:12:3C,ALL,ip,13.224.208.198,20,2693,10,1034,10,1659
44:3D:54:BE:12:3C,ALL,ip,13.224.208.72,30,4041,15,1551,15,2490
44:3D:54:BE:12:3C,ALL,ip,13.225.189.191,10,1348,5,517,5,831
44:3D:54:BE:12:3C,ALL,ip,13.225.66.127,100,13468,50,5170,50,8298
44:3D:54:BE:12:3C,ALL,ip,13.225.66.162,130,17506,65,6721,65,10785
44:3D:54:BE:12:3C,ALL,ip,13.225.66.219,110,14816,55,5687,55,9129
44:3D:54:BE:12:3C,ALL,ip,13.225.66.84,80,10774,40,4136,40,6638
44:3D:54:BE:12:3C,ALL,ip,13.249.39.10,23,8687,14,1946,9,6741
44:3D:54:BE:12:3C,ALL,ip,13.249.39.25,22,8311,14,1636,8,6675
44:3D:54:BE:12:3C,ALL,ip,13.249.39.48,23,8687,14,1946,9,6741
44:3D:54:BE:12:3C,ALL,ip,13.32.199.3,29,9519,18,2602,11,6917
44:3D:54:BE:12:3C,ALL,ip,13.32.207.108,71,40305,47,5383,24,34922
44:3D:54:BE:12:3C,ALL,ip,13.33.19.109,10,1347,5,517,5,830
44:3D:54:BE:12:3C,ALL,ip,13.35.99.41,1574,624653,916,122438,658,502215
44:3D:54:BE:12:3C,ALL,ip,16.182.103.1,32,8483,19,1835,13,6648
44:3D:54:BE:12:3C,ALL,ip,174.129.20.177,560,366481,327,314401,233,52080
44:3D:54:BE:12:3C,ALL,ip,174.129.83.181,158,101472,101,85276,57,16196
44:3D:54:BE:12:3C,ALL,ip,176.32.101.46,30,10645,18,3839,12,6806
44:3D:54:BE:12:3C,ALL,ip,18.154.230.100,900,121174,450,46530,450,74644
44:3D:54:BE:12:3C,ALL,ip,18.154.230.133,850,114440,425,43945,425,70495
44:3D:54:BE:12:3C,ALL,ip,18.154.230.19,853,114639,427,44077,426,70562
44:3D:54:BE:12:3C,ALL,ip,18.154.230.60,922,124005,461,47630,461,76375
44:3D:54:BE:12:3C,ALL,ip,18.154.234.237,134,43019,75,10368,59,32651
44:3D:54:BE:12:3C,ALL,ip,18.160.1.36,5335,2166827,3147,417196,2188,1749631
44:3D:54:BE:12:3C,ALL,ip,18.160.21.25,1789,706442,1055,140620,734,565822
44:3D:54:BE:12:3C,ALL,ip,18.160.30.54,94,30424,57,8001,37,22423
44:3D:54:BE:12:3C,ALL,ip,18.160.37.104,20,2692,10,1034,10,1658
44:3D:54:BE:12:3C,ALL,ip,18.160.37.110,70,9422,35,3619,35,5803
44:3D:54:BE:12:3C,ALL,ip,18.160.37.111,70,9422,35,3619,35,5803
44:3D:54:BE:12:3C,ALL,ip,18.160.37.68,90,12114,45,4653,45,7461
44:3D:54:BE:12:3C,ALL,ip,18.160.45.108,40,5388,20,2068,20,3320
44:3D:54:BE:12:3C,ALL,ip,18.160.45.164,40,5388,20,2068,20,3320
44:3D:54:BE:12:3C,ALL,ip,18.160.45.68,10,1347,5,517,5,830
44:3D:54:BE:12:3C,ALL,ip,18.160.54.214,2414,901781,1404,189661,1010,712120
44:3D:54:BE:12:3C,ALL,ip,18.160.85.205,72,33753,45,5478,27,28275
44:3D:54:BE:12:3C,ALL,ip,18.161.81.68,116,60406,64,7717,52,52689
44:3D:54:BE:12:3C,ALL,ip,18.164.113.65,31,9704,19,2681,12,7023
44:3D:54:BE:12:3C,ALL,ip,18.164.115.146,31,10120,18,2359,13,7761
44:3D:54:BE:12:3C,ALL,ip,18.164.127.194,309,123884,182,23700,127,100184
44:3D:54:BE:12:3C,ALL,ip,18.164.130.60,35933,114720309,11511,760432,24422,113959877
44:3D:54:BE:12:3C,ALL,ip,18.164.131.179,10,1347,5,517,5,830
44:3D:54:BE:12:3C,ALL,ip,18.164.131.217,20,2694,10,1034,10,1660
44:3D:54:BE:12:3C,ALL,ip,18.164.92.70,581,242931,348,44755,233,198176
44:3D:54:BE:12:3C,ALL,ip,18.165.113.224,10,1347,5,517,5,830
44:3D:54:BE:12:3C,ALL,ip,18.165.84.92,66,33341,44,5418,22,27923
44:3D:54:BE:12:3C,ALL,ip,18.165.94.127,10,1346,5,517,5,829
44:3D:54:BE:12:3C,ALL,ip,18.165.94.146,28,9128,17,2005,11,7123
44:3D:54:BE:12:3C,ALL,ip,18.165.99.164,539,177127,306,43476,233,133651
44:3D:54:BE:12:3C,ALL,ip,18.173.130.146,37,20250,24,2724,13,17526
44:3D:54:BE:12:3C,ALL,ip,18.173.139.97,1224,411896,703,97550,521,314346
44:3D:54:BE:12:3C,ALL,ip,18.204.113.0,611,384131,374,335664,237,48467
44:3D:54:BE:12:3C,ALL,ip,18.205.131.136,338,198706,208,171231,130,27475
44:3D:54:BE:12:3C,ALL,ip,18.206.167.104,355,239358,222,205387,133,33971
44:3D:54:BE:12:3C,ALL,ip,18.207.46.96,823,617173,461,535884,362,81289
44:3D:54:BE:12:3C,ALL,ip,18.208.6.191,376,247057,215,211190,161,35867
44:3D:54:BE:12:3C,ALL,ip,18.210.44.132,515,347312,298,300278,217,47034
44:3D:54:BE:12:3C,ALL,ip,18.214.180.6,1462,549135,837,326513,625,222622
44:3D:54:BE:12:3C,ALL,ip,18.238.63.137,149,71506,91,11420,58,60086
44:3D:54:BE:12:3C,ALL,ip,18.238.8.47,137,43689,76,10930,61,32759
44:3D:54:BE:12:3C,ALL,ip,18.64.153.176,73,35092,45,5463,28,29629
44:3D:54:BE:12:3C,ALL,ip,18.67.77.136,4923,1879891,2886,386716,2037,1493175
44:3D:54:BE:12:3C,ALL,ip,209.54.177.114,109,32786,62,8384,47,24402
44:3D:54:BE:12:3C,ALL,ip,209.54.177.117,55,16420,31,4192,24,12228
44:3D:54:BE:12:3C,ALL,ip,209.54.177.154,110,32840,63,8438,47,24402
44:3D:54:BE:12:3C,ALL,ip,209.54.177.157,56,16474,32,4246,24,12228
44:3D:54:BE:12:3C,ALL,ip,209.54.178.134,26,8129,15,2069,11,6060
44:3D:54:BE:12:3C,ALL,ip,209.54.178.164,56,16474,32,4246,24,12228
44:3D:54:BE:12:3C,ALL,ip,209.54.179.225,28,11923,17,2301,11,9622
44:3D:54:BE:12:3C,ALL,ip,209.54.179.230,48,16495,29,3242,19,13253
44:3D:54:BE:12:3C,ALL,ip,209.54.179.93,28,8237,16,2123,12,6114
44:3D:54:BE:12:3C,ALL,ip,209.54.180.25,27,8183,15,2069,12,6114
44:3D:54:BE:12:3C,ALL,ip,209.54.180.27,26,8129,15,2069,11,6060
44:3D:54:BE:12:3C,ALL,ip,209.54.180.44,28,8237,16,2123,12,6114
44:3D:54:BE:12:3C,ALL,ip,209.54.181.4,28,8237,16,2123,12,6114
44:3D:54:BE:12:3C,ALL,ip,209.54.181.98,28,8237,16,2123,12,6114
44:3D:54:BE:12:3C,ALL,ip,209.54.183.179,52,20185,32,3949,20,16236
44:3D:54:BE:12:3C,ALL,ip,209.54.183.185,24,8233,14,1594,10,6639
44:3D:54:BE:12:3C,ALL,ip,209.54.183.188,24,11678,16,2247,8,9431
44:3D:54:BE:12:3C,ALL,ip,23.20.90.17,641,461768,382,405130,259,56638
44:3D:54:BE:12:3C,ALL,ip,23.21.56.246,99,87663,59,78887,40,8776
44:3D:54:BE:12:3C,ALL,ip,23.23.66.51,790,536544,459,467679,331,68865
44:3D:54:BE:12:3C,ALL,ip,3.162.1.224,31,9700,19,2678,12,7022
44:3D:54:BE:12:3C,ALL,ip,3.162.110.52,4004,1581971,2338,312584,1666,1269387
44:3D:54:BE:12:3C,ALL,ip,3.162.115.128,10,1347,5,517,5,830
44:3D:54:BE:12:3C,ALL,ip,3.162.115.79,10,1347,5,517,5,830
44:3D:54:BE:12:3C,ALL,ip,3.162.126.195,4099,1619273,2409,320385,1690,1298888
44:3D:54:BE:12:3C,ALL,ip,3.162.130.150,462,62077,231,23848,231,38229
44:3D:54:BE:12:3C,ALL,ip,3.162.130.154,610,82139,305,31537,305,50602
44:3D:54:BE:12:3C,ALL,ip,3.162.130.209,600,80798,300,31020,300,49778
44:3D:54:BE:12:3C,ALL,ip,3.162.130.91,551,74141,276,28513,275,45628
44:3D:54:BE:12:3C,ALL,ip,3.162.159.138,10,1348,5,517,5,831
44:3D:54:BE:12:3C,ALL,ip,3.162.97.56,36,11823,19,2890,17,8933
44:3D:54:BE:12:3C,ALL,ip,3.163.78.146,30,4041,15,1551,15,2490
44:3D:54:BE:12:3C,ALL,ip,3.163.78.59,20,2694,10,1034,10,1660
44:3D:54:BE:12:3C,ALL,ip,3.208.32.41,179,105102,93,92953,86,12149
44:3D:54:BE:12:3C,ALL,ip,3.215.164.15,256,179035,138,150359,118,28676
44:3D:54:BE:12:3C,ALL,ip,3.215.169.35,921,617923,503,538855,418,79068
44:3D:54:BE:12:3C,ALL,ip,3.217.147.217,10820,2149977,4285,1300560,6535,849417
44:3D:54:BE:12:3C,ALL,ip,3.217.46.70,368,224714,214,189730,154,34984
44:3D:54:BE:12:3C,ALL,ip,3.219.39.201,366,204124,217,161802,149,42322
44:3D:54:BE:12:3C,ALL,ip,3.220.150.94,10,979,5,503,5,476
44:3D:54:BE:12:3C,ALL,ip,3.223.181.245,8093,1444876,3225,826167,4868,618709
44:3D:54:BE:12:3C,ALL,ip,3.225.17.183,491,316363,294,271870,197,44493
44:3D:54:BE:12:3C,ALL,ip,3.226.190.171,110,10859,55,5623,55,5236
44:3D:54:BE:12:3C,ALL,ip,3.227.57.179,762,499862,439,428779,323,71083
44:3D:54:BE:12:3C,ALL,ip,3.227.83.236,1213,447193,688,257807,525,189386
44:3D:54:BE:12:3C,ALL,ip,3.228.49.45,3611,306972,1808,180688,1803,126284
44:3D:54:BE:12:3C,ALL,ip,3.230.56.199,399,284128,240,246630,159,37498
44:3D:54:BE:12:3C,ALL,ip,3.232.187.198,243,160060,136,134578,107,25482
44:3D:54:BE:12:3C,ALL,ip,3.232.86.173,893,698651,517,615178,376,83473
44:3D:54:BE:12:3C,ALL,ip,3.5.28.104,34,9016,19,2052,15,6964
44:3D:54:BE:12:3C,ALL,ip,3.92.95.246,848,557648,471,478116,377,79532
44:3D:54:BE:12:3C,ALL,ip,3.94.37.102,297,217155,177,190016,120,27139
44:3D:54:BE:12:3C,ALL,ip,3.95.107.124,464,303193,273,264883,191,38310
44:3D:54:BE:12:3C,ALL,ip,34.192.41.205,255,173572,146,153721,109,19851
44:3D:54:BE:12:3C,ALL,ip,34.192.86.192,288,220723,168,187598,120,33125
44:3D:54:BE:12:3C,ALL,ip,34.195.16.139,387,312605,207,296169,180,16436
44:3D:54:BE:12:3C,ALL,ip,34.195.175.66,762,268558,436,150994,326,117564
44:3D:54:BE:12:3C,ALL,ip,34.195.98.148,416,293161,245,249086,171,44075
44:3D:54:BE:12:3C,ALL,ip,34.196.113.227,291,230938,173,197074,118,33864
44:3D:54:BE:12:3C,ALL,ip,34.197.31.189,1346,1024342,789,907798,557,116544
44:3D:54:BE:12:3C,ALL,ip,34.199.93.119,804,661178,480,588369,324,72809
44:3D:54:BE:12:3C,ALL,ip,34.202.218.81,126,89471,80,79974,46,9497
44:3D:54:BE:12:3C,ALL,ip,34.203.6.202,369,223134,225,187452,144,35682
44:3D:54:BE:12:3C,ALL,ip,34.205.190.56,680,443517,393,378563,287,64954
44:3D:54:BE:12:3C,ALL,ip,34.205.213.182,385,242419,216,203466,169,38953
44:3D:54:BE:12:3C,ALL,ip,34.206.10.137,2,163,2,163,0,0
44:3D:54:BE:12:3C,ALL,ip,34.206.133.33,96,81901,50,72676,46,9225
44:3D:54:BE:12:3C,ALL,ip,34.207.26.15,719,477917,416,418431,303,59486
44:3D:54:BE:12:3C,ALL,ip,34.225.253.1,466,322798,282,284312,184,38486
44:3D:54:BE:12:3C,ALL,ip,34.230.104.156,313,199507,188,165552,125,33955
44:3D:54:BE:12:3C,ALL,ip,34.233.50.22,64,21474,41,13820,23,7654
44:3D:54:BE:12:3C,ALL,ip,34.236.6.206,2,180,1,90,1,90
44:3D:54:BE:12:3C,ALL,ip,34.236.9.225,294,171476,178,145376,116,26100
44:3D:54:BE:12:3C,ALL,ip,34.237.111.59,1501,540013,857,305461,644,234552
44:3D:54:BE:12:3C,ALL,ip,34.237.210.153,307,211078,182,177148,125,33930
44:3D:54:BE:12:3C,ALL,ip,34.237.41.254,743,514645,435,448129,308,66516
44:3D:54:BE:12:3C,ALL,ip,34.238.187.180,746,518907,460,455096,286,63811
44:3D:54:BE:12:3C,ALL,ip,34.238.34.237,22,8171,13,1671,9,6500
44:3D:54:BE:12:3C,ALL,ip,34.238.66.159,304,200136,156,171575,148,28561
44:3D:54:BE:12:3C,ALL,ip,34.239.218.128,729,427369,434,358138,295,69231
44:3D:54:BE:12:3C,ALL,ip,35.153.117.182,757,557327,441,485699,316,71628
44:3D:54:BE:12:3C,ALL,ip,35.153.92.83,901,615723,530,538914,371,76809
44:3D:54:BE:12:3C,ALL,ip,35.167.225.196,39,9887,22,2534,17,7353
44:3D:54:BE:12:3C,ALL,ip,35.168.60.196,798,513305,470,445956,328,67349
44:3D:54:BE:12:3C,ALL,ip,35.171.217.245,604,394770,368,338057,236,56713
44:3D:54:BE:12:3C,ALL,ip,35.175.22.69,2,180,1,90,1,90
44:3D:54:BE:12:3C,ALL,ip,35.175.71.102,3172,607367,1240,362112,1932,245255
44:3D:54:BE:12:3C,ALL,ip,44.193.236.65,984,344171,560,188063,424,156108
44:3D:54:BE:12:3C,ALL,ip,44.195.70.29,437,301718,263,256855,174,44863
44:3D:54:BE:12:3C,ALL,ip,44.198.224.47,1152,441137,670,265313,482,175824
44:3D:54:BE:12:3C,ALL,ip,44.198.68.226,377,278187,209,234688,168,43499
44:3D:54:BE:12:3C,ALL,ip,44.199.138.71,1079,409616,617,245740,462,163876
44:3D:54:BE:12:3C,ALL,ip,44.199.52.214,1286,480242,743,289728,543,190514
44:3D:54:BE:12:3C,ALL,ip,44.199.80.228,3213,685931,1268,413283,1945,272648
44:3D:54:BE:12:3C,ALL,ip,44.199.92.38,676,568968,383,498836,293,70132
44:3D:54:BE:12:3C,ALL,ip,44.206.69.5,417,293153,250,256938,167,36215
44:3D:54:BE:12:3C,ALL,ip,44.207.10.190,944,77880,473,46794,471,31086
44:3D:54:BE:12:3C,ALL,ip,44.207.175.160,720,528307,416,463121,304,65186
44:3D:54:BE:12:3C,ALL,ip,44.208.174.27,333,272018,192,243955,141,28063
44:3D:54:BE:12:3C,ALL,ip,44.208.182.127,1155,894328,669,785488,486,108840
44:3D:54:BE:12:3C,ALL,ip,44.209.117.247,300,190700,180,163885,120,26815
44:3D:54:BE:12:3C,ALL,ip,44.209.152.109,323,190087,187,162168,136,27919
44:3D:54:BE:12:3C,ALL,ip,44.210.31.174,522,347842,318,301690,204,46152
44:3D:54:BE:12:3C,ALL,ip,44.214.221.72,576,407773,346,354153,230,53620
44:3D:54:BE:12:3C,ALL,ip,44.214.250.20,22,8074,13,1613,9,6461
44:3D:54:BE:12:3C,ALL,ip,44.215.129.154,56,17028,32,5094,24,11934
44:3D:54:BE:12:3C,ALL,ip,44.215.129.169,47,16976,30,4130,17,12846
44:3D:54:BE:12:3C,ALL,ip,44.215.132.234,26,7850,15,2023,11,5827
44:3D:54:BE:12:3C,ALL,ip,44.215.133.149,53,15766,30,4046,23,11720
44:3D:54:BE:12:3C,ALL,ip,44.215.133.95,117,43469,72,10354,45,33115
44:3D:54:BE:12:3C,ALL,ip,44.215.134.182,57,18125,33,5160,24,12965
44:3D:54:BE:12:3C,ALL,ip,44.215.143.151,54,19196,31,7252,23,11944
44:3D:54:BE:12:3C,ALL,ip,44.217.155.76,341,216232,203,181607,138,34625
44:3D:54:BE:12:3C,ALL,ip,44.217.53.210,10,979,5,503,5,476
44:3D:54:BE:12:3C,ALL,ip,44.217.96.177,814,591564,476,513376,338,78188
44:3D:54:BE:12:3C,ALL,ip,44.219.254.96,255,180268,151,158931,104,21337
44:3D:54:BE:12:3C,ALL,ip,44.221.16.124,136,103181,79,86336,57,16845
44:3D:54:BE:12:3C,ALL,ip,50.19.71.105,693,539606,416,468506,277,71100
44:3D:54:BE:12:3C,ALL,ip,52.0.151.186,1083,773904,614,674311,469,99593
44:3D:54:BE:12:3C,ALL,ip,52.0.163.48,404,245804,222,206869,182,38935
44:3D:54:BE:12:3C,ALL,ip,52.0.181.92,956,599825,549,522030,407,77795
44:3D:54:BE:12:3C,ALL,ip,52.119.196.31,56,16503,32,4246,24,12257
44:3D:54:BE:12:3C,ALL,ip,52.119.198.101,84,24740,48,6369,36,18371
44:3D:54:BE:12:3C,ALL,ip,52.119.198.109,112,32960,64,8492,48,24468
44:3D:54:BE:12:3C,ALL,ip,52.119.198.118,55,16420,31,4192,24,12228
44:3D:54:BE:12:3C,ALL,ip,52.119.198.186,84,24711,48,6369,36,18342
44:3D:54:BE:12:3C,ALL,ip,52.119.198.189,28,8237,16,2123,12,6114
44:3D:54:BE:12:3C,ALL,ip,52.119.198.2,54,16366,31,4192,23,12174
44:3D:54:BE:12:3C,ALL,ip,52.20.205.55,374,247655,226,212531,148,35124
44:3D:54:BE:12:3C,ALL,ip,52.20.206.121,836,290827,476,160319,360,130508
44:3D:54:BE:12:3C,ALL,ip,52.201.200.50,975,663499,577,572555,398,90944
44:3D:54:BE:12:3C,ALL,ip,52.202.2.34,1157,412368,665,230528,492,181840
44:3D:54:BE:12:3C,ALL,ip,52.23.36.243,788,539962,444,470097,344,69865
44:3D:54:BE:12:3C,ALL,ip,52.42.206.78,33,8937,19,2176,14,6761
44:3D:54:BE:12:3C,ALL,ip,52.46.131.169,28,8266,16,2123,12,6143
44:3D:54:BE:12:3C,ALL,ip,52.46.131.184,167,49397,95,12684,72,36713
44:3D:54:BE:12:3C,ALL,ip,52.46.131.209,112,32948,63,8438,49,24510
44:3D:54:BE:12:3C,ALL,ip,52.46.131.214,24,11678,16,2247,8,9431
44:3D:54:BE:12:3C,ALL,ip,52.46.133.103,28,10493,17,3741,11,6752
44:3D:54:BE:12:3C,ALL,ip,52.46.137.107,23,8179,14,1594,9,6585
44:3D:54:BE:12:3C,ALL,ip,52.46.137.138,23,8179,14,1594,9,6585
44:3D:54:BE:12:3C,ALL,ip,52.46.141.207,22,8149,14,1617,8,6532
44:3D:54:BE:12:3C,ALL,ip,52.46.141.254,25,8316,15,1648,10,6668
44:3D:54:BE:12:3C,ALL,ip,52.46.142.117,25,11732,16,2247,9,9485
44:3D:54:BE:12:3C,ALL,ip,52.46.142.156,53,20239,32,3949,21,16290
44:3D:54:BE:12:3C,ALL,ip,52.46.143.123,28,8237,16,2123,12,6114
44:3D:54:BE:12:3C,ALL,ip,52.46.145.205,24,11678,16,2247,8,9431
44:3D:54:BE:12:3C,ALL,ip,52.46.146.126,55,16420,31,4192,24,12228
44:3D:54:BE:12:3C,ALL,ip,52.46.147.136,27,11869,17,2301,10,9568
44:3D:54:BE:12:3C,ALL,ip,52.46.149.29,84,24711,48,6369,36,18342
44:3D:54:BE:12:3C,ALL,ip,52.46.155.112,56,16474,32,4246,24,12228
44:3D:54:BE:12:3C,ALL,ip,52.46.158.193,56,16474,32,4246,24,12228
44:3D:54:BE:12:3C,ALL,ip,52.55.145.184,169,89509,104,72947,65,16562
44:3D:54:BE:12:3C,ALL,ip,52.72.11.176,35,9750,19,3395,16,6355
44:3D:54:BE:12:3C,ALL,ip,52.73.46.147,44,20160,26,12836,18,7324
44:3D:54:BE:12:3C,ALL,ip,52.87.119.30,485,312397,294,266654,191,45743
44:3D:54:BE:12:3C,ALL,ip,52.94.231.169,54,16366,31,4192,23,12174
44:3D:54:BE:12:3C,ALL,ip,52.94.236.199,25,11756,15,2217,10,9539
44:3D:54:BE:12:3C,ALL,ip,52.94.240.240,28,8237,16,2123,12,6114
44:3D:54:BE:12:3C,ALL,ip,52.94.241.146,55,16420,31,4192,24,12228
44:3D:54:BE:12:3C,ALL,ip,52.94.242.236,56,16474,32,4246,24,12228
44:3D:54:BE:12:3C,ALL,ip,54.146.169.194,527,432771,301,377884,226,54887
44:3D:54:BE:12:3C,ALL,ip,54.147.21.165,380,235112,215,198147,165,36965
44:3D:54:BE:12:3C,ALL,ip,54.152.119.68,795,74617,399,41164,396,33453
44:3D:54:BE:12:3C,ALL,ip,54.157.105.184,227,171960,119,152224,108,19736
44:3D:54:BE:12:3C,ALL,ip,54.157.203.98,1981,801860,1128,516094,853,285766
44:3D:54:BE:12:3C,ALL,ip,54.160.254.162,279,187836,152,160198,127,27638
44:3D:54:BE:12:3C,ALL,ip,54.163.70.213,65,21545,41,13825,24,7720
44:3D:54:BE:12:3C,ALL,ip,54.164.104.212,483,371137,283,325635,200,45502
44:3D:54:BE:12:3C,ALL,ip,54.164.163.115,1002,354251,578,198239,424,156012
44:3D:54:BE:12:3C,ALL,ip,54.165.154.243,355,218181,206,183268,149,34913
44:3D:54:BE:12:3C,ALL,ip,54.166.21.152,1596,619294,914,382222,682,237072
44:3D:54:BE:12:3C,ALL,ip,54.166.50.223,106,87253,66,78400,40,8853
44:3D:54:BE:12:3C,ALL,ip,54.167.177.211,10295,1652068,4210,892177,6085,759891
44:3D:54:BE:12:3C,ALL,ip,54.196.176.64,710,497535,428,434244,282,63291
44:3D:54:BE:12:3C,ALL,ip,54.205.24.65,670,224798,388,115482,282,109316
44:3D:54:BE:12:3C,ALL,ip,54.211.51.243,337,278042,196,239431,141,38611
44:3D:54:BE:12:3C,ALL,ip,54.221.200.137,425,159584,245,94384,180,65200
44:3D:54:BE:12:3C,ALL,ip,54.230.139.132,10,1347,5,517,5,830
44:3D:54:BE:12:3C,ALL,ip,54.231.130.233,31,8429,18,1781,13,6648
44:3D:54:BE:12:3C,ALL,ip,54.235.161.239,397,244948,250,207793,147,37155
44:3D:54:BE:12:3C,ALL,ip,54.239.29.32,48,16495,29,3242,19,13253
44:3D:54:BE:12:3C,ALL,ip,54.242.128.35,1150,417960,666,241944,484,176016
44:3D:54:BE:12:3C,ALL,ip,54.243.58.104,1548,587928,894,357964,654,229964
44:3D:54:BE:12:3C,ALL,ip,54.68.57.171,36,9123,21,2296,15,6827
44:3D:54:BE:12:3C,ALL,ip,54.70.5.180,70,18126,41,4538,29,13588
44:3D:54:BE:12:3C,ALL,ip,54.82.121.64,413,310996,235,267859,178,43137
44:3D:54:BE:12:3C,ALL,ip,54.82.136.143,534,370664,327,323229,207,47435
44:3D:54:BE:12:3C,ALL,ip,54.84.228.158,652,463444,392,406140,260,57304
44:3D:54:BE:12:3C,ALL,ip,54.85.107.25,730,540300,438,471425,292,68875
44:3D:54:BE:12:3C,ALL,ip,54.86.237.68,1225,763045,744,648099,481,114946
44:3D:54:BE:12:3C,ALL,ip,54.86.78.52,270,169678,159,143421,111,26257
44:3D:54:BE:12:3C,ALL,ip,54.90.101.7,343,235709,211,200459,132,35250
44:3D:54:BE:12:3C,ALL,ip,54.91.103.251,1225,453156,706,269426,519,183730
44:3D:54:BE:12:3C,ALL,ip,54.91.142.129,148,109653,85,93127,63,16526
44:3D:54:BE:12:3C,ALL,ip,65.8.191.207,10,1347,5,517,5,830
44:3D:54:BE:12:3C,ALL,ip,67.220.240.34,25,8316,15,1648,10,6668
44:3D:54:BE:12:3C,ALL,ip,67.220.240.35,27,11869,16,2247,11,9622
44:3D:54:BE:12:3C,ALL,ip,67.220.240.92,23,8179,14,1594,9,6585
44:3D:54:BE:12:3C,ALL,ip,72.21.207.143,110,32840,63,8438,47,24402
44:3D:54:BE:12:3C,ALL,ip,99.84.216.15,61,67300,42,3681,19,63619
44:3D:54:BE:12:3C,ALL,tcp,100.24.178.40,246,167984,144,142832,102,25152
44:3D:54:BE:12:3C,ALL,tcp,107.20.78.222,687,505481,402,442014,285,63467
44:3D:54:BE:12:3C,ALL,tcp,108.138.105.27,101,44496,61,8048,40,36448
44:3D:54:BE:12:3C,ALL,tcp,108.138.125.14,260,34988,130,13442,130,21546
44:3D:54:BE:12:3C,ALL,tcp,108.138.125.193,140,18842,70,7238,70,11604
44:3D:54:BE:12:3C,ALL,tcp,108.138.125.194,190,25562,95,9823,95,15739
44:3D:54:BE:12:3C,ALL,tcp,108.138.125.198,160,21533,80,8272,80,13261
44:3D:54:BE:12:3C,ALL,tcp,108.138.61.102,20,2693,10,1034,10,1659
44:3D:54:BE:12:3C,ALL,tcp,108.138.61.174,10,1347,5,517,5,830
44:3D:54:BE:12:3C,ALL,tcp,108.138.61.34,20,2694,10,1034,10,1660
44:3D:54:BE:12:3C,ALL,tcp,108.138.63.186,106,47527,62,7791,44,39736
44:3D:54:BE:12:3C,ALL,tcp,108.138.78.184,4841,1851751,2810,381026,2031,1470725
44:3D:54:BE:12:3C,ALL,tcp,108.138.82.190,91,12201,46,4731,45,7470
44:3D:54:BE:12:3C,ALL,tcp,108.138.82.203,150,20205,75,7755,75,12450
44:3D:54:BE:12:3C,ALL,tcp,108.138.82.54,130,17510,65,6721,65,10789
44:3D:54:BE:12:3C,ALL,tcp,108.138.82.9,100,13469,50,5170,50,8299
44:3D:54:BE:12:3C,ALL,tcp,108.139.36.72,980,363129,570,77368,410,285761
44:3D:54:BE:12:3C,ALL,tcp,108.139.45.164,1002,370042,584,77619,418,292423
44:3D:54:BE:12:3C,ALL,tcp,13.224.208.139,10,1347,5,517,5,830
44:3D:54:BE:12:3C,ALL,tcp,13.224.208.198,20,2693,10,1034,10,1659
44:3D:54:BE:12:3C,ALL,tcp,13.224.208.72,30,4041,15,1551,15,2490
44:3D:54:BE:12:3C,ALL,tcp,13.225.189.191,10,1348,5,517,5,831
44:3D:54:BE:12:3C,ALL,tcp,13.225.66.127,100,13468,50,5170,50,8298
44:3D:54:BE:12:3C,ALL,tcp,13.225.66.162,130,17506,65,6721,65,10785
44:3D:54:BE:12:3C,ALL,tcp,13.225.66.219,110,14816,55,5687,55,9129
44:3D:54:BE:12:3C,ALL,tcp,13.225.66.84,80,10774,40,4136,40,6638
44:3D:54:BE:12:3C,ALL,tcp,13.249.39.10,23,8687,14,1946,9,6741
44:3D:54:BE:12:3C,ALL,tcp,13.249.39.25,22,8311,14,1636,8,6675
44:3D:54:BE:12:3C,ALL,tcp,13.249.39.48,23,8687,14,1946,9,6741
44:3D:54:BE:12:3C,ALL,tcp,13.32.199.3,29,9519,18,2602,11,6917
44:3D:54:BE:12:3C,ALL,tcp,13.32.207.108,71,40305,47,5383,24,34922
44:3D:54:BE:12:3C,ALL,tcp,13.33.19.109,10,1347,5,517,5,830
44:3D:54:BE:12:3C,ALL,tcp,13.35.99.41,1574,624653,916,122438,658,502215
44:3D:54:BE:12:3C,ALL,tcp,16.182.103.1,32,8483,19,1835,13,6648
44:3D:54:BE:12:3C,ALL,tcp,174.129.20.177,560,366481,327,314401,233,52080
44:3D:54:BE:12:3C,ALL,tcp,174.129.83.181,158,101472,101,85276,57,16196
44:3D:54:BE:12:3C,ALL,tcp,176.32.101.46,30,10645,18,3839,12,6806
44:3D:54:BE:12:3C,ALL,tcp,18.154.230.100,900,121174,450,46530,450,74644
44:3D:54:BE:12:3C,ALL,tcp,18.154.230.133,850,114440,425,43945,425,70495
44:3D:54:BE:12:3C,ALL,tcp,18.154.230.19,853,114639,427,44077,426,70562
44:3D:54:BE:12:3C,ALL,tcp,18.154.230.60,922,124005,461,47630,461,76375
44:3D:54:BE:12:3C,ALL,tcp,18.154.234.237,134,43019,75,10368,59,32651
44:3D:54:BE:12:3C,ALL,tcp,18.160.1.36,5335,2166827,3147,417196,2188,1749631
44:3D:54:BE:12:3C,ALL,tcp,18.160.21.25,1789,706442,1055,140620,734,565822
44:3D:54:BE:12:3C,ALL,tcp,18.160.30.54,94,30424,57,8001,37,22423
44:3D:54:BE:12:3C,ALL,tcp,18.160.37.104,20,2692,10,1034,10,1658
44:3D:54:BE:12:3C,ALL,tcp,18.160.37.110,70,9422,35,3619,35,5803
44:3D:54:BE:12:3C,ALL,tcp,18.160.37.111,70,9422,35,3619,35,5803
44:3D:54:BE:12:3C,ALL,tcp,18.160.37.68,90,12114,45,4653,45,7461
44:3D:54:BE:12:3C,ALL,tcp,18.160.45.108,40,5388,20,2068,20,3320
44:3D:54:BE:12:3C,ALL,tcp,18.160.45.164,40,5388,20,2068,20,3320
44:3D:54:BE:12:3C,ALL,tcp,18.160.45.68,10,1347,5,517,5,830
44:3D:54:BE:12:3C,ALL,tcp,18.160.54.214,2414,901781,1404,189661,1010,712120
44:3D:54:BE:12:3C,ALL,tcp,18.160.85.205,72,33753,45,5478,27,28275
44:3D:54:BE:12:3C,ALL,tcp,18.161.81.68,116,60406,64,7717,52,52689
44:3D:54:BE:12:3C,ALL,tcp,18.164.113.65,31,9704,19,2681,12,7023
44:3D:54:BE:12:3C,ALL,tcp,18.164.115.146,31,10120,18,2359,13,7761
44:3D:54:BE:12:3C,ALL,tcp,18.164.127.194,309,123884,182,23700,127,100184
44:3D:54:BE:12:3C,ALL,tcp,18.164.130.60,35933,114720309,11511,760432,24422,113959877
44:3D:54:BE:12:3C,ALL,tcp,18.164.131.179,10,1347,5,517,5,830
44:3D:54:BE:12:3C,ALL,tcp,18.164.131.217,20,2694,10,1034,10,1660
44:3D:54:BE:12:3C,ALL,tcp,18.164.92.70,581,242931,348,44755,233,198176
44:3D:54:BE:12:3C,ALL,tcp,18.165.113.224,10,1347,5,517,5,830
44:3D:54:BE:12:3C,ALL,tcp,18.165.84.92,66,33341,44,5418,22,27923
44:3D:54:BE:12:3C,ALL,tcp,18.165.94.127,10,1346,5,517,5,829
44:3D:54:BE:12:3C,ALL,tcp,18.165.94.146,28,9128,17,2005,11,7123
44:3D:54:BE:12:3C,ALL,tcp,18.165.99.164,539,177127,306,43476,233,133651
44:3D:54:BE:12:3C,ALL,tcp,18.173.130.146,37,20250,24,2724,13,17526
44:3D:54:BE:12:3C,ALL,tcp,18.173.139.97,1224,411896,703,97550,521,314346
44:3D:54:BE:12:3C,ALL,tcp,18.204.113.0,611,384131,374,335664,237,48467
44:3D:54:BE:12:3C,ALL,tcp,18.205.131.136,338,198706,208,171231,130,27475
44:3D:54:BE:12:3C,ALL,tcp,18.206.167.104,355,239358,222,205387,133,33971
44:3D:54:BE:12:3C,ALL,tcp,18.207.46.96,823,617173,461,535884,362,81289
44:3D:54:BE:12:3C,ALL,tcp,18.208.6.191,376,247057,215,211190,161,35867
44:3D:54:BE:12:3C,ALL,tcp,18.210.44.132,515,347312,298,300278,217,47034
44:3D:54:BE:12:3C,ALL,tcp,18.214.180.6,1462,549135,837,326513,625,222622
44:3D:54:BE:12:3C,ALL,tcp,18.238.63.137,149,71506,91,11420,58,60086
44:3D:54:BE:12:3C,ALL,tcp,18.238.8.47,137,43689,76,10930,61,32759
44:3D:54:BE:12:3C,ALL,tcp,18.64.153.176,73,35092,45,5463,28,29629
44:3D:54:BE:12:3C,ALL,tcp,18.67.77.136,4923,1879891,2886,386716,2037,1493175
44:3D:54:BE:12:3C,ALL,tcp,209.54.177.114,109,32786,62,8384,47,24402
44:3D:54:BE:12:3C,ALL,tcp,209.54.177.117,55,16420,31,4192,24,12228
44:3D:54:BE:12:3C,ALL,tcp,209.54.177.154,110,32840,63,8438,47,24402
44:3D:54:BE:12:3C,ALL,tcp,209.54.177.157,56,16474,32,4246,24,12228
44:3D:54:BE:12:3C,ALL,tcp,209.54.178.134,26,8129,15,2069,11,6060
44:3D:54:BE:12:3C,ALL,tcp,209.54.178.164,56,16474,32,4246,24,12228
44:3D:54:BE:12:3C,ALL,tcp,209.54.179.225,28,11923,17,2301,11,9622
44:3D:54:BE:12:3C,ALL,tcp,209.54.179.230,48,16495,29,3242,19,13253
44:3D:54:BE:12:3C,ALL,tcp,209.54.179.93,28,8237,16,2123,12,6114
44:3D:54:BE:12:3C,ALL,tcp,209.54.180.25,27,8183,15,2069,12,6114
44:3D:54:BE:12:3C,ALL,tcp,209.54.180.27,26,8129,15,2069,11,6060
44:3D:54:BE:12:3C,ALL,tcp,209.54.180.44,28,8237,16,2123,12,6114
44:3D:54:BE:12:3C,ALL,tcp,209.54.181.4,28,8237,16,2123,12,6114
44:3D:54:BE:12:3C,ALL,tcp,209.54.181.98,28,8237,16,2123,12,6114
44:3D:54:BE:12:3C,ALL,tcp,209.54.183.179,52,20185,32,3949,20,16236
44:3D:54:BE:12:3C,ALL,tcp,209.54.183.185,24,8233,14,1594,10,6639
44:3D:54:BE:12:3C,ALL,tcp,209.54.183.188,24,11678,16,2247,8,9431
44:3D:54:BE:12:3C,ALL,tcp,23.20.90.17,641,461768,382,405130,259,56638
44:3D:54:BE:12:3C,ALL,tcp,23.21.56.246,99,87663,59,78887,40,8776
44:3D:54:BE:12:3C,ALL,tcp,23.23.66.51,790,536544,459,467679,331,68865
44:3D:54:BE:12:3C,ALL,tcp,3.162.1.224,31,9700,19,2678,12,7022
44:3D:54:BE:12:3C,ALL,tcp,3.162.110.52,4004,1581971,2338,312584,1666,1269387
44:3D:54:BE:12:3C,ALL,tcp,3.162.115.128,10,1347,5,517,5,830
44:3D:54:BE:12:3C,ALL,tcp,3.162.115.79,10,1347,5,517,5,830
44:3D:54:BE:12:3C,ALL,tcp,3.162.126.195,4099,1619273,2409,320385,1690,1298888
44:3D:54:BE:12:3C,ALL,tcp,3.162.130.150,462,62077,231,23848,231,38229
44:3D:54:BE:12:3C,ALL,tcp,3.162.130.154,610,82139,305,31537,305,50602
44:3D:54:BE:12:3C,ALL,tcp,3.162.130.209,600,80798,300,31020,300,49778
44:3D:54:BE:12:3C,ALL,tcp,3.162.130.91,551,74141,276,28513,275,45628
44:3D:54:BE:12:3C,ALL,tcp,3.162.159.138,10,1348,5,517,5,831
44:3D:54:BE:12:3C,ALL,tcp,3.162.97.56,36,11823,19,2890,17,8933
44:3D:54:BE:12:3C,ALL,tcp,3.163.78.146,30,4041,15,1551,15,2490
44:3D:54:BE:12:3C,ALL,tcp,3.163.78.59,20,2694,10,1034,10,1660
44:3D:54:BE:12:3C,ALL,tcp,3.208.32.41,179,105102,93,92953,86,12149
44:3D:54:BE:12:3C,ALL,tcp,3.215.164.15,256,179035,138,150359,118,28676
44:3D:54:BE:12:3C,ALL,tcp,3.215.169.35,921,617923,503,538855,418,79068
44:3D:54:BE:12:3C,ALL,tcp,3.217.147.217,10820,2149977,4285,1300560,6535,849417
44:3D:54:BE:12:3C,ALL,tcp,3.217.46.70,368,224714,214,189730,154,34984
44:3D:54:BE:12:3C,ALL,tcp,3.219.39.201,366,204124,217,161802,149,42322
44:3D:54:BE:12:3C,ALL,tcp,3.220.150.94,10,979,5,503,5,476
44:3D:54:BE:12:3C,ALL,tcp,3.223.181.245,8093,1444876,3225,826167,4868,618709
44:3D:54:BE:12:3C,ALL,tcp,3.225.17.183,491,316363,294,271870,197,44493
44:3D:54:BE:12:3C,ALL,tcp,3.226.190.171,110,10859,55,5623,55,5236
44:3D:54:BE:12:3C,ALL,tcp,3.227.57.179,762,499862,439,428779,323,71083
44:3D:54:BE:12:3C,ALL,tcp,3.227.83.236,1213,447193,688,257807,525,189386
44:3D:54:BE:12:3C,ALL,tcp,3.228.49.45,3611,306972,1808,180688,1803,126284
44:3D:54:BE:12:3C,ALL,tcp,3.230.56.199,399,284128,240,246630,159,37498
44:3D:54:BE:12:3C,ALL,tcp,3.232.187.198,243,160060,136,134578,107,25482
44:3D:54:BE:12:3C,ALL,tcp,3.232.86.173,893,698651,517,615178,376,83473
44:3D:54:BE:12:3C,ALL,tcp,3.5.28.104,34,9016,19,2052,15,6964
44:3D:54:BE:12:3C,ALL,tcp,3.92.95.246,848,557648,471,478116,377,79532
44:3D:54:BE:12:3C,ALL,tcp,3.94.37.102,297,217155,177,190016,120,27139
44:3D:54:BE:12:3C,ALL,tcp,3.95.107.124,464,303193,273,264883,191,38310
44:3D:54:BE:12:3C,ALL,tcp,34.192.41.205,255,173572,146,153721,109,19851
44:3D:54:BE:12:3C,ALL,tcp,34.192.86.192,288,220723,168,187598,120,33125
44:3D:54:BE:12:3C,ALL,tcp,34.195.16.139,387,312605,207,296169,180,16436
44:3D:54:BE:12:3C,ALL,tcp,34.195.175.66,762,268558,436,150994,326,117564
44:3D:54:BE:12:3C,ALL,tcp,34.195.98.148,416,293161,245,249086,171,44075
44:3D:54:BE:12:3C,ALL,tcp,34.196.113.227,291,230938,173,197074,118,33864
44:3D:54:BE:12:3C,ALL,tcp,34.197.31.189,1346,1024342,789,907798,557,116544
44:3D:54:BE:12:3C,ALL,tcp,34.199.93.119,804,661178,480,588369,324,72809
44:3D:54:BE:12:3C,ALL,tcp,34.202.218.81,126,89471,80,79974,46,9497
44:3D:54:BE:12:3C,ALL,tcp,34.203.6.202,369,223134,225,187452,144,35682
44:3D:54:BE:12:3C,ALL,tcp,34.205.190.56,680,443517,393,378563,287,64954
44:3D:54:BE:12:3C,ALL,tcp,34.205.213.182,385,242419,216,203466,169,38953
44:3D:54:BE:12:3C,ALL,tcp,34.206.10.137,2,163,2,163,0,0
44:3D:54:BE:12:3C,ALL,tcp,34.206.133.33,96,81901,50,72676,46,9225
44:3D:54:BE:12:3C,ALL,tcp,34.207.26.15,719,477917,416,418431,303,59486
44:3D:54:BE:12:3C,ALL,tcp,34.225.253.1,466,322798,282,284312,184,38486
44:3D:54:BE:12:3C,ALL,tcp,34.230.104.156,313,199507,188,165552,125,33955
44:3D:54:BE:12:3C,ALL,tcp,34.233.50.22,64,21474,41,13820,23,7654
44:3D:54:BE:12:3C,ALL,tcp,34.236.9.225,294,171476,178,145376,116,26100
44:3D:54:BE:12:3C,ALL,tcp,34.237.111.59,1501,540013,857,305461,644,234552
44:3D:54:BE:12:3C,ALL,tcp,34.237.210.153,307,211078,182,177148,125,33930
44:3D:54:BE:12:3C,ALL,tcp,34.237.41.254,743,514645,435,448129,308,66516
44:3D:54:BE:12:3C,ALL,tcp,34.238.187.180,746,518907,460,455096,286,63811
44:3D:54:BE:12:3C,ALL,tcp,34.238.34.237,22,8171,13,1671,9,6500
44:3D:54:BE:12:3C,ALL,tcp,34.238.66.159,304,200136,156,171575,148,28561
44:3D:54:BE:12:3C,ALL,tcp,34.239.218.128,729,427369,434,358138,295,69231
44:3D:54:BE:12:3C,ALL,tcp,35.153.117.182,757,557327,441,485699,316,71628
44:3D:54:BE:12:3C,ALL,tcp,35.153.92.83,901,615723,530,538914,371,76809
44:3D:54:BE:12:3C,ALL,tcp,35.167.225.196,39,9887,22,2534,17,7353
44:3D:54:BE:12:3C,ALL,tcp,35.168.60.196,798,513305,470,445956,328,67349
44:3D:54:BE:12:3C,ALL,tcp,35.171.217.245,604,394770,368,338057,236,56713
44:3D:54:BE:12:3C,ALL,tcp,35.175.71.102,3172,607367,1240,362112,1932,245255
44:3D:54:BE:12:3C,ALL,tcp,44.193.236.65,984,344171,560,188063,424,156108
44:3D:54:BE:12:3C,ALL,tcp,44.195.70.29,437,301718,263,256855,174,44863
44:3D:54:BE:12:3C,ALL,tcp,44.198.224.47,1152,441137,670,265313,482,175824
44:3D:54:BE:12:3C,ALL,tcp,44.198.68.226,377,278187,209,234688,168,43499
44:3D:54:BE:12:3C,ALL,tcp,44.199.138.71,1079,409616,617,245740,462,163876
44:3D:54:BE:12:3C,ALL,tcp,44.199.52.214,1286,480242,743,289728,543,190514
44:3D:54:BE:12:3C,ALL,tcp,44.199.80.228,3213,685931,1268,413283,1945,272648
44:3D:54:BE:12:3C,ALL,tcp,44.199.92.38,676,568968,383,498836,293,70132
44:3D:54:BE:12:3C,ALL,tcp,44.206.69.5,417,293153,250,256938,167,36215
44:3D:54:BE:12:3C,ALL,tcp,44.207.10.190,944,77880,473,46794,471,31086
44:3D:54:BE:12:3C,ALL,tcp,44.207.175.160,720,528307,416,463121,304,65186
44:3D:54:BE:12:3C,ALL,tcp,44.208.174.27,333,272018,192,243955,141,28063
44:3D:54:BE:12:3C,ALL,tcp,44.208.182.127,1155,894328,669,785488,486,108840
44:3D:54:BE:12:3C,ALL,tcp,44.209.117.247,300,190700,180,163885,120,26815
44:3D:54:BE:12:3C,ALL,tcp,44.209.152.109,323,190087,187,162168,136,27919
44:3D:54:BE:12:3C,ALL,tcp,44.210.31.174,522,347842,318,301690,204,46152
44:3D:54:BE:12:3C,ALL,tcp,44.214.221.72,576,407773,346,354153,230,53620
44:3D:54:BE:12:3C,ALL,tcp,44.214.250.20,22,8074,13,1613,9,6461
44:3D:54:BE:12:3C,ALL,tcp,44.215.129.154,56,17028,32,5094,24,11934
44:3D:54:BE:12:3C,ALL,tcp,44.215.129.169,47,16976,30,4130,17,12846
44:3D:54:BE:12:3C,ALL,tcp,44.215.132.234,26,7850,15,2023,11,5827
44:3D:54:BE:12:3C,ALL,tcp,44.215.133.149,53,15766,30,4046,23,11720
44:3D:54:BE:12:3C,ALL,tcp,44.215.133.95,117,43469,72,10354,45,33115
44:3D:54:BE:12:3C,ALL,tcp,44.215.134.182,57,18125,33,5160,24,12965
44:3D:54:BE:12:3C,ALL,tcp,44.215.143.151,54,19196,31,7252,23,11944
44:3D:54:BE:12:3C,ALL,tcp,44.217.155.76,341,216232,203,181607,138,34625
44:3D:54:BE:12:3C,ALL,tcp,44.217.53.210,10,979,5,503,5,476
44:3D:54:BE:12:3C,ALL,tcp,44.217.96.177,814,591564,476,513376,338,78188
44:3D:54:BE:12:3C,ALL,tcp,44.219.254.96,255,180268,151,158931,104,21337
44:3D:54:BE:12:3C,ALL,tcp,44.221.16.124,136,103181,79,86336,57,16845
44:3D:54:BE:12:3C,ALL,tcp,50.19.71.105,693,539606,416,468506,277,71100
44:3D:54:BE:12:3C,ALL,tcp,52.0.151.186,1083,773904,614,674311,469,99593
44:3D:54:BE:12:3C,ALL,tcp,52.0.163.48,404,245804,222,206869,182,38935
44:3D:54:BE:12:3C,ALL,tcp,52.0.181.92,956,599825,549,522030,407,77795
44:3D:54:BE:12:3C,ALL,tcp,52.119.196.31,56,16503,32,4246,24,12257
44:3D:54:BE:12:3C,ALL,tcp,52.119.198.101,84,24740,48,6369,36,18371
44:3D:54:BE:12:3C,ALL,tcp,52.119.198.109,112,32960,64,8492,48,24468
44:3D:54:BE:12:3C,ALL,tcp,52.119.198.118,55,16420,31,4192,24,12228
44:3D:54:BE:12:3C,ALL,tcp,52.119.198.186,84,24711,48,6369,36,18342
44:3D:54:BE:12:3C,ALL,tcp,52.119.198.189,28,8237,16,2123,12,6114
44:3D:54:BE:12:3C,ALL,tcp,52.119.198.2,54,16366,31,4192,23,12174
44:3D:54:BE:12:3C,ALL,tcp,52.20.205.55,374,247655,226,212531,148,35124
44:3D:54:BE:12:3C,ALL,tcp,52.20.206.121,836,290827,476,160319,360,130508
44:3D:54:BE:12:3C,ALL,tcp,52.201.200.50,975,663499,577,572555,398,90944
44:3D:54:BE:12:3C,ALL,tcp,52.202.2.34,1157,412368,665,230528,492,181840
44:3D:54:BE:12:3C,ALL,tcp,52.23.36.243,788,539962,444,470097,344,69865
44:3D:54:BE:12:3C,ALL,tcp,52.42.206.78,33,8937,19,2176,14,6761
44:3D:54:BE:12:3C,ALL,tcp,52.46.131.169,28,8266,16,2123,12,6143
44:3D:54:BE:12:3C,ALL,tcp,52.46.131.184,167,49397,95,12684,72,36713
44:3D:54:BE:12:3C,ALL,tcp,52.46.131.209,112,32948,63,8438,49,24510
44:3D:54:BE:12:3C,ALL,tcp,52.46.131.214,24,11678,16,2247,8,9431
44:3D:54:BE:12:3C,ALL,tcp,52.46.133.103,28,10493,17,3741,11,6752
44:3D:54:BE:12:3C,ALL,tcp,52.46.137.107,23,8179,14,1594,9,6585
44:3D:54:BE:12:3C,ALL,tcp,52.46.137.138,23,8179,14,1594,9,6585
44:3D:54:BE:12:3C,ALL,tcp,52.46.141.207,22,8149,14,1617,8,6532
44:3D:54:BE:12:3C,ALL,tcp,52.46.141.254,25,8316,15,1648,10,6668
44:3D:54:BE:12:3C,ALL,tcp,52.46.142.117,25,11732,16,2247,9,9485
44:3D:54:BE:12:3C,ALL,tcp,52.46.142.156,53,20239,32,3949,21,16290
44:3D:54:BE:12:3C,ALL,tcp,52.46.143.123,28,8237,16,2123,12,6114
44:3D:54:BE:12:3C,ALL,tcp,52.46.145.205,24,11678,16,2247,8,9431
44:3D:54:BE:12:3C,ALL,tcp,52.46.146.126,55,16420,31,4192,24,12228
44:3D:54:BE:12:3C,ALL,tcp,52.46.147.136,27,11869,17,2301,10,9568
44:3D:54:BE:12:3C,ALL,tcp,52.46.149.29,84,24711,48,6369,36,18342
44:3D:54:BE:12:3C,ALL,tcp,52.46.155.112,56,16474,32,4246,24,12228
44:3D:54:BE:12:3C,ALL,tcp,52.46.158.193,56,16474,32,4246,24,12228
44:3D:54:BE:12:3C,ALL,tcp,52.55.145.184,169,89509,104,72947,65,16562
44:3D:54:BE:12:3C,ALL,tcp,52.72.11.176,35,9750,19,3395,16,6355
44:3D:54:BE:12:3C,ALL,tcp,52.73.46.147,44,20160,26,12836,18,7324
44:3D:54:BE:12:3C,ALL,tcp,52.87.119.30,485,312397,294,266654,191,45743
44:3D:54:BE:12:3C,ALL,tcp,52.94.231.169,54,16366,31,4192,23,12174
44:3D:54:BE:12:3C,ALL,tcp,52.94.236.199,25,11756,15,2217,10,9539
44:3D:54:BE:12:3C,ALL,tcp,52.94.240.240,28,8237,16,2123,12,6114
44:3D:54:BE:12:3C,ALL,tcp,52.94.241.146,55,16420,31,4192,24,12228
44:3D:54:BE:12:3C,ALL,tcp,52.94.242.236,56,16474,32,4246,24,12228
44:3D:54:BE:12:3C,ALL,tcp,54.146.169.194,527,432771,301,377884,226,54887
44:3D:54:BE:12:3C,ALL,tcp,54.147.21.165,380,235112,215,198147,165,36965
44:3D:54:BE:12:3C,ALL,tcp,54.152.119.68,795,74617,399,41164,396,33453
44:3D:54:BE:12:3C,ALL,tcp,54.157.105.184,227,171960,119,152224,108,19736
44:3D:54:BE:12:3C,ALL,tcp,54.157.203.98,1981,801860,1128,516094,853,285766
44:3D:54:BE:12:3C,ALL,tcp,54.160.254.162,279,187836,152,160198,127,27638
44:3D:54:BE:12:3C,ALL,tcp,54.163.70.213,65,21545,41,13825,24,7720
44:3D:54:BE:12:3C,ALL,tcp,54.164.104.212,483,371137,283,325635,200,45502
44:3D:54:BE:12:3C,ALL,tcp,54.164.163.115,1002,354251,578,198239,424,156012
44:3D:54:BE:12:3C,ALL,tcp,54.165.154.243,355,218181,206,183268,149,34913
44:3D:54:BE:12:3C,ALL,tcp,54.166.21.152,1596,619294,914,382222,682,237072
44:3D:54:BE:12:3C,ALL,tcp,54.166.50.223,106,87253,66,78400,40,8853
44:3D:54:BE:12:3C,ALL,tcp,54.167.177.211,10295,1652068,4210,892177,6085,759891
44:3D:54:BE:12:3C,ALL,tcp,54.196.176.64,710,497535,428,434244,282,63291
44:3D:54:BE:12:3C,ALL,tcp,54.205.24.65,670,224798,388,115482,282,109316
44:3D:54:BE:12:3C,ALL,tcp,54.211.51.243,337,278042,196,239431,141,38611
44:3D:54:BE:12:3C,ALL,tcp,54.221.200.137,425,159584,245,94384,180,65200
44:3D:54:BE:12:3C,ALL,tcp,54.230.139.132,10,1347,5,517,5,830
44:3D:54:BE:12:3C,ALL,tcp,54.231.130.233,31,8429,18,1781,13,6648
44:3D:54:BE:12:3C,ALL,tcp,54.235.161.239,397,244948,250,207793,147,37155
44:3D:54:BE:12:3C,ALL,tcp,54.239.29.32,48,16495,29,3242,19,13253
44:3D:54:BE:12:3C,ALL,tcp,54.242.128.35,1150,417960,666,241944,484,176016
44:3D:54:BE:12:3C,ALL,tcp,54.243.58.104,1548,587928,894,357964,654,229964
44:3D:54:BE:12:3C,ALL,tcp,54.68.57.171,36,9123,21,2296,15,6827
44:3D:54:BE:12:3C,ALL,tcp,54.70.5.180,70,18126,41,4538,29,13588
44:3D:54:BE:12:3C,ALL,tcp,54.82.121.64,413,310996,235,267859,178,43137
44:3D:54:BE:12:3C,ALL,tcp,54.82.136.143,534,370664,327,323229,207,47435
44:3D:54:BE:12:3C,ALL,tcp,54.84.228.158,652,463444,392,406140,260,57304
44:3D:54:BE:12:3C,ALL,tcp,54.85.107.25,730,540300,438,471425,292,68875
44:3D:54:BE:12:3C,ALL,tcp,54.86.237.68,1225,763045,744,648099,481,114946
44:3D:54:BE:12:3C,ALL,tcp,54.86.78.52,270,169678,159,143421,111,26257
44:3D:54:BE:12:3C,ALL,tcp,54.90.101.7,343,235709,211,200459,132,35250
44:3D:54:BE:12:3C,ALL,tcp,54.91.103.251,1225,453156,706,269426,519,183730
44:3D:54:BE:12:3C,ALL,tcp,54.91.142.129,148,109653,85,93127,63,16526
44:3D:54:BE:12:3C,ALL,tcp,65.8.191.207,10,1347,5,517,5,830
44:3D:54:BE:12:3C,ALL,tcp,67.220.240.34,25,8316,15,1648,10,6668
44:3D:54:BE:12:3C,ALL,tcp,67.220.240.35,27,11869,16,2247,11,9622
44:3D:54:BE:12:3C,ALL,tcp,67.220.240.92,23,8179,14,1594,9,6585
44:3D:54:BE:12:3C,ALL,tcp,72.21.207.143,110,32840,63,8438,47,24402
44:3D:54:BE:12:3C,ALL,tcp,99.84.216.15,61,67300,42,3681,19,63619
44:3D:54:BE:12:3C,ALL,udp,34.236.6.206,2,180,1,90,1,90
44:3D:54:BE:12:3C,ALL,udp,35.175.22.69,2,180,1,90,1,90
44:3D:54:BE:12:3C,ALL,tls,100.24.178.40,132,160400,117,141026,15,19374
44:3D:54:BE:12:3C,ALL,tls,107.20.78.222,378,484975,343,438064,35,46911
44:3D:54:BE:12:3C,ALL,tls,108.138.105.27,39,40320,18,5150,21,35170
44:3D:54:BE:12:3C,ALL,tls,108.138.63.186,41,43177,18,4851,23,38326
44:3D:54:BE:12:3C,ALL,tls,108.138.78.184,1920,1630621,848,250010,1072,1380611
44:3D:54:BE:12:3C,ALL,tls,108.139.36.72,393,309607,175,51006,218,258601
44:3D:54:BE:12:3C,ALL,tls,108.139.45.164,394,315134,174,50291,220,264843
44:3D:54:BE:12:3C,ALL,tls,13.249.39.10,8,7681,4,1278,4,6403
44:3D:54:BE:12:3C,ALL,tls,13.249.39.25,8,7371,4,968,4,6403
44:3D:54:BE:12:3C,ALL,tls,13.249.39.48,8,7681,4,1278,4,6403
44:3D:54:BE:12:3C,ALL,tls,13.32.199.3,12,8381,6,1802,6,6579
44:3D:54:BE:12:3C,ALL,tls,13.32.207.108,25,37237,12,3057,13,34180
44:3D:54:BE:12:3C,ALL,tls,13.35.99.41,612,526133,271,79412,341,446721
44:3D:54:BE:12:3C,ALL,tls,16.182.103.1,13,7425,5,1059,8,6366
44:3D:54:BE:12:3C,ALL,tls,174.129.20.177,306,346717,281,308429,25,38288
44:3D:54:BE:12:3C,ALL,tls,174.129.83.181,93,95702,83,84072,10,11630
44:3D:54:BE:12:3C,ALL,tls,176.32.101.46,13,9695,8,3279,5,6416
44:3D:54:BE:12:3C,ALL,tls,18.154.234.237,54,37675,24,6970,30,30705
44:3D:54:BE:12:3C,ALL,tls,18.160.1.36,2085,1902427,931,269288,1154,1633139
44:3D:54:BE:12:3C,ALL,tls,18.160.21.25,707,634138,315,91280,392,542858
44:3D:54:BE:12:3C,ALL,tls,18.160.30.54,38,26680,18,5403,20,21277
44:3D:54:BE:12:3C,ALL,tls,18.160.54.214,955,798583,422,124157,533,674426
44:3D:54:BE:12:3C,ALL,tls,18.160.85.205,27,25027,12,3272,15,21755
44:3D:54:BE:12:3C,ALL,tls,18.161.81.68,39,28120,18,4633,21,23487
44:3D:54:BE:12:3C,ALL,tls,18.164.113.65,13,8488,6,1803,7,6685
44:3D:54:BE:12:3C,ALL,tls,18.164.115.146,12,8850,6,1559,6,7291
44:3D:54:BE:12:3C,ALL,tls,18.164.127.194,121,105632,54,15156,67,90476
44:3D:54:BE:12:3C,ALL,tls,18.164.130.60,9804,48879927,4,902,9800,48879025
44:3D:54:BE:12:3C,ALL,tls,18.164.92.70,222,203285,97,28049,125,175236
44:3D:54:BE:12:3C,ALL,tls,18.165.84.92,25,30591,12,3278,13,27313
44:3D:54:BE:12:3C,ALL,tls,18.165.94.146,11,7990,5,1205,6,6785
44:3D:54:BE:12:3C,ALL,tls,18.165.99.164,219,155739,97,29518,122,126221
44:3D:54:BE:12:3C,ALL,tls,18.173.130.146,13,18650,6,1528,7,17122
44:3D:54:BE:12:3C,ALL,tls,18.173.139.97,497,351894,218,65212,279,286682
44:3D:54:BE:12:3C,ALL,tls,18.204.113.0,355,367119,330,332720,25,34399
44:3D:54:BE:12:3C,ALL,tls,18.205.131.136,197,189352,182,169491,15,19861
44:3D:54:BE:12:3C,ALL,tls,18.206.167.104,206,229460,186,202979,20,26481
44:3D:54:BE:12:3C,ALL,tls,18.207.46.96,424,590551,379,530400,45,60151
44:3D:54:BE:12:3C,ALL,tls,18.208.6.191,199,235263,179,208782,20,26481
44:3D:54:BE:12:3C,ALL,tls,18.210.44.132,278,331506,253,297268,25,34238
44:3D:54:BE:12:3C,ALL,tls,18.214.180.6,668,495995,388,296499,280,199496
44:3D:54:BE:12:3C,ALL,tls,18.238.63.137,55,50958,25,7032,30,43926
44:3D:54:BE:12:3C,ALL,tls,18.238.8.47,55,36785,24,7466,31,29319
44:3D:54:BE:12:3C,ALL,tls,18.64.153.176,25,24752,12,3269,13,21483
44:3D:54:BE:12:3C,ALL,tls,18.67.77.136,1943,1670691,860,251492,1083,1419199
44:3D:54:BE:12:3C,ALL,tls,209.54.177.114,44,29148,24,6252,20,22896
44:3D:54:BE:12:3C,ALL,tls,209.54.177.117,22,14574,12,3126,10,11448
44:3D:54:BE:12:3C,ALL,tls,209.54.177.154,44,29148,24,6252,20,22896
44:3D:54:BE:12:3C,ALL,tls,209.54.177.157,22,14574,12,3126,10,11448
44:3D:54:BE:12:3C,ALL,tls,209.54.178.134,11,7287,6,1563,5,5724
44:3D:54:BE:12:3C,ALL,tls,209.54.178.164,22,14574,12,3126,10,11448
44:3D:54:BE:12:3C,ALL,tls,209.54.179.225,10,10919,4,1579,6,9340
44:3D:54:BE:12:3C,ALL,tls,209.54.179.230,17,14757,8,2068,9,12689
44:3D:54:BE:12:3C,ALL,tls,209.54.179.93,11,7287,6,1563,5,5724
44:3D:54:BE:12:3C,ALL,tls,209.54.180.25,11,7287,6,1563,5,5724
44:3D:54:BE:12:3C,ALL,tls,209.54.180.27,11,7287,6,1563,5,5724
44:3D:54:BE:12:3C,ALL,tls,209.54.180.44,11,7287,6,1563,5,5724
44:3D:54:BE:12:3C,ALL,tls,209.54.181.4,11,7287,6,1563,5,5724
44:3D:54:BE:12:3C,ALL,tls,209.54.181.98,11,7287,6,1563,5,5724
44:3D:54:BE:12:3C,ALL,tls,209.54.183.179,18,18285,8,2613,10,15672
44:3D:54:BE:12:3C,ALL,tls,209.54.183.185,8,7337,4,1034,4,6303
44:3D:54:BE:12:3C,ALL,tls,209.54.183.188,8,10782,4,1579,4,9203
44:3D:54:BE:12:3C,ALL,tls,23.20.90.17,354,436806,324,395462,30,41344
44:3D:54:BE:12:3C,ALL,tls,23.21.56.246,56,84785,51,78327,5,6458
44:3D:54:BE:12:3C,ALL,tls,23.23.66.51,431,512726,396,463465,35,49261
44:3D:54:BE:12:3C,ALL,tls,3.162.1.224,13,8484,6,1800,7,6684
44:3D:54:BE:12:3C,ALL,tls,3.162.110.52,1577,1399585,697,202914,880,1196671
44:3D:54:BE:12:3C,ALL,tls,3.162.126.195,1625,1431049,714,207319,911,1223730
44:3D:54:BE:12:3C,ALL,tls,3.162.97.56,14,8927,6,2024,8,6903
44:3D:54:BE:12:3C,ALL,tls,3.208.32.41,89,99134,84,92351,5,6783
44:3D:54:BE:12:3C,ALL,tls,3.215.164.15,125,170293,110,148487,15,21806
44:3D:54:BE:12:3C,ALL,tls,3.215.169.35,469,584947,429,531011,40,53936
44:3D:54:BE:12:3C,ALL,tls,3.217.147.217,6340,1648697,3190,1022538,3150,626159
44:3D:54:BE:12:3C,ALL,tls,3.217.46.70,198,213382,178,187322,20,26060
44:3D:54:BE:12:3C,ALL,tls,3.219.39.201,196,191352,171,158726,25,32626
44:3D:54:BE:12:3C,ALL,tls,3.223.181.245,4739,1051220,2377,597747,2362,453473
44:3D:54:BE:12:3C,ALL,tls,3.225.17.183,274,301961,249,268860,25,33101
44:3D:54:BE:12:3C,ALL,tls,3.227.57.179,409,474908,374,422973,35,51935
44:3D:54:BE:12:3C,ALL,tls,3.227.83.236,553,403001,315,232897,238,170104
44:3D:54:BE:12:3C,ALL,tls,3.228.49.45,1803,187628,1799,180086,4,7542
44:3D:54:BE:12:3C,ALL,tls,3.230.56.199,221,267864,201,239680,20,28184
44:3D:54:BE:12:3C,ALL,tls,3.232.187.198,124,152146,109,132772,15,19374
44:3D:54:BE:12:3C,ALL,tls,3.232.86.173,480,671225,435,609694,45,61531
44:3D:54:BE:12:3C,ALL,tls,3.5.28.104,14,4824,5,1120,9,3704
44:3D:54:BE:12:3C,ALL,tls,3.92.95.246,437,527450,397,470272,40,57178
44:3D:54:BE:12:3C,ALL,tls,3.94.37.102,169,208635,154,188450,15,20185
44:3D:54:BE:12:3C,ALL,tls,3.95.107.124,255,286415,235,259447,20,26968
44:3D:54:BE:12:3C,ALL,tls,34.192.41.205,137,165692,127,152451,10,13241
44:3D:54:BE:12:3C,ALL,tls,34.192.86.192,151,211605,132,185190,19,26415
44:3D:54:BE:12:3C,ALL,tls,34.195.16.139,201,298867,196,294037,5,4830
44:3D:54:BE:12:3C,ALL,tls,34.195.175.66,349,240928,198,135130,151,105798
44:3D:54:BE:12:3C,ALL,tls,34.195.98.148,225,280475,200,246076,25,34399
44:3D:54:BE:12:3C,ALL,tls,34.196.113.227,158,222000,138,194708,20,27292
44:3D:54:BE:12:3C,ALL,tls,34.197.31.189,738,981038,678,897460,60,83578
44:3D:54:BE:12:3C,ALL,tls,34.199.93.119,445,635884,408,582105,37,53779
44:3D:54:BE:12:3C,ALL,tls,34.202.218.81,76,86155,71,79372,5,6783
44:3D:54:BE:12:3C,ALL,tls,34.203.6.202,209,212474,189,185020,20,27454
44:3D:54:BE:12:3C,ALL,tls,34.205.190.56,364,421005,329,372799,35,48206
44:3D:54:BE:12:3C,ALL,tls,34.205.213.182,202,230253,182,201178,20,29075
44:3D:54:BE:12:3C,ALL,tls,34.206.10.137,1,97,1,97,0,0
44:3D:54:BE:12:3C,ALL,tls,34.206.133.33,46,78573,42,72140,4,6433
44:3D:54:BE:12:3C,ALL,tls,34.207.26.15,391,454569,361,413305,30,41264
44:3D:54:BE:12:3C,ALL,tls,34.225.253.1,263,306428,243,278810,20,27618
44:3D:54:BE:12:3C,ALL,tls,34.230.104.156,171,190047,151,163078,20,26969
44:3D:54:BE:12:3C,ALL,tls,34.233.50.22,37,19676,32,13218,5,6458
44:3D:54:BE:12:3C,ALL,tls,34.236.9.225,166,162944,151,143570,15,19374
44:3D:54:BE:12:3C,ALL,tls,34.237.111.59,686,485539,389,274273,297,211266
44:3D:54:BE:12:3C,ALL,tls,34.237.210.153,166,201708,146,174740,20,26968
44:3D:54:BE:12:3C,ALL,tls,34.237.41.254,407,489389,372,441019,35,48370
44:3D:54:BE:12:3C,ALL,tls,34.238.187.180,428,493427,394,446340,34,47087
44:3D:54:BE:12:3C,ALL,tls,34.238.34.237,8,7231,3,1003,5,6228
44:3D:54:BE:12:3C,ALL,tls,34.238.66.159,144,189468,129,169769,15,19699
44:3D:54:BE:12:3C,ALL,tls,34.239.218.128,405,405833,365,353520,40,52313
44:3D:54:BE:12:3C,ALL,tls,35.153.117.182,408,532657,368,479369,40,53288
44:3D:54:BE:12:3C,ALL,tls,35.153.92.83,499,587495,459,532668,40,54827
44:3D:54:BE:12:3C,ALL,tls,35.167.225.196,16,8353,6,1470,10,6883
44:3D:54:BE:12:3C,ALL,tls,35.168.60.196,440,486597,405,438714,35,47883
44:3D:54:BE:12:3C,ALL,tls,35.171.217.245,344,377490,314,334445,30,43045
44:3D:54:BE:12:3C,ALL,tls,35.175.71.102,1882,412203,942,232372,940,179831
44:3D:54:BE:12:3C,ALL,tls,44.193.236.65,442,307811,240,166703,202,141108
44:3D:54:BE:12:3C,ALL,tls,44.195.70.29,240,284268,215,249303,25,34965
44:3D:54:BE:12:3C,ALL,tls,44.198.224.47,536,399977,316,241709,220,158268
44:3D:54:BE:12:3C,ALL,tls,44.198.68.226,189,265591,164,231678,25,33913
44:3D:54:BE:12:3C,ALL,tls,44.199.138.71,493,370396,287,223700,206,146696
44:3D:54:BE:12:3C,ALL,tls,44.199.52.214,595,434124,354,263822,241,170302
44:3D:54:BE:12:3C,ALL,tls,44.199.80.228,1884,538937,949,332917,935,206020
44:3D:54:BE:12:3C,ALL,tls,44.199.92.38,351,547306,311,494020,40,53286
44:3D:54:BE:12:3C,ALL,tls,44.206.69.5,233,279497,213,253016,20,26481
44:3D:54:BE:12:3C,ALL,tls,44.207.10.190,472,46728,472,46728,0,0
44:3D:54:BE:12:3C,ALL,tls,44.207.175.160,388,506223,353,458907,35,47316
44:3D:54:BE:12:3C,ALL,tls,44.208.174.27,180,260400,165,240701,15,19699
44:3D:54:BE:12:3C,ALL,tls,44.208.182.127,627,856360,572,778974,55,77386
44:3D:54:BE:12:3C,ALL,tls,44.209.117.247,168,181940,153,162079,15,19861
44:3D:54:BE:12:3C,ALL,tls,44.209.152.109,174,180157,159,160296,15,19861
44:3D:54:BE:12:3C,ALL,tls,44.210.31.174,297,331404,272,297166,25,34238
44:3D:54:BE:12:3C,ALL,tls,44.214.221.72,323,390979,293,350607,30,40372
44:3D:54:BE:12:3C,ALL,tls,44.214.250.20,8,7134,3,945,5,6189
44:3D:54:BE:12:3C,ALL,tls,44.215.129.154,22,12216,12,3758,10,8458
44:3D:54:BE:12:3C,ALL,tls,44.215.129.169,16,12018,8,2662,8,9356
44:3D:54:BE:12:3C,ALL,tls,44.215.132.234,10,5578,5,1355,5,4223
44:3D:54:BE:12:3C,ALL,tls,44.215.133.149,20,11076,10,2710,10,8366
44:3D:54:BE:12:3C,ALL,tls,44.215.133.95,42,32239,20,6882,22,25357
44:3D:54:BE:12:3C,ALL,tls,44.215.134.182,22,13283,12,3758,10,9525
44:3D:54:BE:12:3C,ALL,tls,44.215.143.151,22,14476,12,5982,10,8494
44:3D:54:BE:12:3C,ALL,tls,44.217.155.76,186,205938,166,179133,20,26805
44:3D:54:BE:12:3C,ALL,tls,44.217.96.177,443,566794,403,508482,40,58312
44:3D:54:BE:12:3C,ALL,tls,44.219.254.96,143,172832,133,157727,10,15105
44:3D:54:BE:12:3C,ALL,tls,44.221.16.124,71,98859,61,85132,10,13727
44:3D:54:BE:12:3C,ALL,tls,50.19.71.105,382,517504,342,462110,40,55394
44:3D:54:BE:12:3C,ALL,tls,52.0.151.186,572,736978,522,665263,50,71715
44:3D:54:BE:12:3C,ALL,tls,52.0.163.48,205,231050,185,202947,20,28103
44:3D:54:BE:12:3C,ALL,tls,52.0.181.92,517,569215,477,515766,40,53449
44:3D:54:BE:12:3C,ALL,tls,52.119.196.31,23,14657,12,3126,11,11531
44:3D:54:BE:12:3C,ALL,tls,52.119.198.101,34,21944,18,4689,16,17255
44:3D:54:BE:12:3C,ALL,tls,52.119.198.109,44,29148,24,6252,20,22896
44:3D:54:BE:12:3C,ALL,tls,52.119.198.118,22,14574,12,3126,10,11448
44:3D:54:BE:12:3C,ALL,tls,52.119.198.186,33,21861,18,4689,15,17172
44:3D:54:BE:12:3C,ALL,tls,52.119.198.189,11,7287,6,1563,5,5724
44:3D:54:BE:12:3C,ALL,tls,52.119.198.2,22,14574,12,3126,10,11448
44:3D:54:BE:12:3C,ALL,tls,52.20.205.55,210,236767,190,210123,20,26644
44:3D:54:BE:12:3C,ALL,tls,52.20.206.121,373,259841,208,142471,165,117370
44:3D:54:BE:12:3C,ALL,tls,52.201.200.50,537,631463,487,565087,50,66376
44:3D:54:BE:12:3C,ALL,tls,52.202.2.34,526,370166,290,205518,236,164648
44:3D:54:BE:12:3C,ALL,tls,52.23.36.243,416,515202,381,465859,35,49343
44:3D:54:BE:12:3C,ALL,tls,52.42.206.78,14,7691,4,1202,10,6489
44:3D:54:BE:12:3C,ALL,tls,52.46.131.169,12,7370,6,1563,6,5807
44:3D:54:BE:12:3C,ALL,tls,52.46.131.184,67,43805,36,9378,31,34427
44:3D:54:BE:12:3C,ALL,tls,52.46.131.209,44,27972,24,6252,20,21720
44:3D:54:BE:12:3C,ALL,tls,52.46.131.214,8,10782,4,1579,4,9203
44:3D:54:BE:12:3C,ALL,tls,52.46.133.103,13,9651,8,3235,5,6416
44:3D:54:BE:12:3C,ALL,tls,52.46.137.107,8,7337,4,1034,4,6303
44:3D:54:BE:12:3C,ALL,tls,52.46.137.138,8,7337,4,1034,4,6303
44:3D:54:BE:12:3C,ALL,tls,52.46.141.207,8,7361,4,1057,4,6304
44:3D:54:BE:12:3C,ALL,tls,52.46.141.254,9,7420,4,1034,5,6386
44:3D:54:BE:12:3C,ALL,tls,52.46.142.117,8,10782,4,1579,4,9203
44:3D:54:BE:12:3C,ALL,tls,52.46.142.156,19,18339,8,2613,11,15726
44:3D:54:BE:12:3C,ALL,tls,52.46.143.123,11,7287,6,1563,5,5724
44:3D:54:BE:12:3C,ALL,tls,52.46.145.205,8,10782,4,1579,4,9203
44:3D:54:BE:12:3C,ALL,tls,52.46.146.126,22,14574,12,3126,10,11448
44:3D:54:BE:12:3C,ALL,tls,52.46.147.136,9,10865,4,1579,5,9286
44:3D:54:BE:12:3C,ALL,tls,52.46.149.29,33,21861,18,4689,15,17172
44:3D:54:BE:12:3C,ALL,tls,52.46.155.112,22,14574,12,3126,10,11448
44:3D:54:BE:12:3C,ALL,tls,52.46.158.193,22,14574,12,3126,10,11448
44:3D:54:BE:12:3C,ALL,tls,52.55.145.184,96,84659,86,71743,10,12916
44:3D:54:BE:12:3C,ALL,tls,52.72.11.176,15,8414,6,2529,9,5885
44:3D:54:BE:12:3C,ALL,tls,52.73.46.147,22,18692,17,12234,5,6458
44:3D:54:BE:12:3C,ALL,tls,52.87.119.30,274,296919,249,263644,25,33275
44:3D:54:BE:12:3C,ALL,tls,52.94.231.169,22,14574,12,3126,10,11448
44:3D:54:BE:12:3C,ALL,tls,52.94.236.199,9,10836,4,1579,5,9257
44:3D:54:BE:12:3C,ALL,tls,52.94.240.240,11,7287,6,1563,5,5724
44:3D:54:BE:12:3C,ALL,tls,52.94.241.146,22,14574,12,3126,10,11448
44:3D:54:BE:12:3C,ALL,tls,52.94.242.236,22,14574,12,3126,10,11448
44:3D:54:BE:12:3C,ALL,tls,54.146.169.194,277,416103,247,374272,30,41831
44:3D:54:BE:12:3C,ALL,tls,54.147.21.165,198,221516,178,194225,20,27291
44:3D:54:BE:12:3C,ALL,tls,54.152.119.68,396,48267,390,40562,6,7705
44:3D:54:BE:12:3C,ALL,tls,54.157.105.184,111,164260,102,151086,9,13174
44:3D:54:BE:12:3C,ALL,tls,54.157.203.98,918,730798,566,478634,352,252164
44:3D:54:BE:12:3C,ALL,tls,54.160.254.162,140,178578,125,158392,15,20186
44:3D:54:BE:12:3C,ALL,tls,54.163.70.213,38,19735,33,13277,5,6458
44:3D:54:BE:12:3C,ALL,tls,54.164.104.212,263,356537,238,322625,25,33912
44:3D:54:BE:12:3C,ALL,tls,54.164.163.115,449,317273,253,176561,196,140712
44:3D:54:BE:12:3C,ALL,tls,54.165.154.243,189,207113,172,180992,17,26121
44:3D:54:BE:12:3C,ALL,tls,54.166.21.152,739,561964,445,350896,294,211068
44:3D:54:BE:12:3C,ALL,tls,54.166.50.223,62,84297,59,77930,3,6367
44:3D:54:BE:12:3C,ALL,tls,54.167.177.211,5987,1224468,3009,669419,2978,555049
44:3D:54:BE:12:3C,ALL,tls,54.196.176.64,401,476993,366,430084,35,46909
44:3D:54:BE:12:3C,ALL,tls,54.205.24.65,299,199956,163,100472,136,99484
44:3D:54:BE:12:3C,ALL,tls,54.211.51.243,183,267754,163,237221,20,30533
44:3D:54:BE:12:3C,ALL,tls,54.221.200.137,195,144232,113,85580,82,58652
44:3D:54:BE:12:3C,ALL,tls,54.231.130.233,13,7425,5,1059,8,6366
44:3D:54:BE:12:3C,ALL,tls,54.235.161.239,233,234060,213,205319,20,28741
44:3D:54:BE:12:3C,ALL,tls,54.239.29.32,17,14757,8,2068,9,12689
44:3D:54:BE:12:3C,ALL,tls,54.242.128.35,530,376476,304,217812,226,158664
44:3D:54:BE:12:3C,ALL,tls,54.243.58.104,722,532660,434,327312,288,205348
44:3D:54:BE:12:3C,ALL,tls,54.68.57.171,14,7691,4,1202,10,6489
44:3D:54:BE:12:3C,ALL,tls,54.70.5.180,28,15382,8,2404,20,12978
44:3D:54:BE:12:3C,ALL,tls,54.82.121.64,216,297830,191,264891,25,32939
44:3D:54:BE:12:3C,ALL,tls,54.82.136.143,305,352562,280,317191,25,35371
44:3D:54:BE:12:3C,ALL,tls,54.84.228.158,368,444520,338,402528,30,41992
44:3D:54:BE:12:3C,ALL,tls,54.85.107.25,410,518984,375,467211,35,51773
44:3D:54:BE:12:3C,ALL,tls,54.86.237.68,691,726121,626,640207,65,85914
44:3D:54:BE:12:3C,ALL,tls,54.86.78.52,147,161476,132,141615,15,19861
44:3D:54:BE:12:3C,ALL,tls,54.90.101.7,194,224315,174,196537,20,27778
44:3D:54:BE:12:3C,ALL,tls,54.91.103.251,561,408704,332,244518,229,164186
44:3D:54:BE:12:3C,ALL,tls,54.91.142.129,77,104839,67,91923,10,12916
44:3D:54:BE:12:3C,ALL,tls,67.220.240.34,9,7420,4,1034,5,6386
44:3D:54:BE:12:3C,ALL,tls,67.220.240.35,10,10919,4,1579,6,9340
44:3D:54:BE:12:3C,ALL,tls,67.220.240.92,8,7337,4,1034,4,6303
44:3D:54:BE:12:3C,ALL,tls,72.21.207.143,44,29148,24,6252,20,22896
44:3D:54:BE:12:3C,ALL,tls,99.84.216.15,16,52890,5,1231,11,51659
44:3D:54:BE:12:3C,ALL,http,108.138.125.14,52,8944,26,6370,26,2574
44:3D:54:BE:12:3C,ALL,http,108.138.125.193,28,4816,14,3430,14,1386
44:3D:54:BE:12:3C,ALL,http,108.138.125.194,38,6536,19,4655,19,1881
44:3D:54:BE:12:3C,ALL,http,108.138.125.198,32,5504,16,3920,16,1584
44:3D:54:BE:12:3C,ALL,http,108.138.61.102,4,688,2,490,2,198
44:3D:54:BE:12:3C,ALL,http,108.138.61.174,2,344,1,245,1,99
44:3D:54:BE:12:3C,ALL,http,108.138.61.34,4,688,2,490,2,198
44:3D:54:BE:12:3C,ALL,http,108.138.82.190,18,3096,9,2205,9,891
44:3D:54:BE:12:3C,ALL,http,108.138.82.203,30,5160,15,3675,15,1485
44:3D:54:BE:12:3C,ALL,http,108.138.82.54,26,4472,13,3185,13,1287
44:3D:54:BE:12:3C,ALL,http,108.138.82.9,20,3440,10,2450,10,990
44:3D:54:BE:12:3C,ALL,http,13.224.208.139,2,344,1,245,1,99
44:3D:54:BE:12:3C,ALL,http,13.224.208.198,4,688,2,490,2,198
44:3D:54:BE:12:3C,ALL,http,13.224.208.72,6,1032,3,735,3,297
44:3D:54:BE:12:3C,ALL,http,13.225.189.191,2,344,1,245,1,99
44:3D:54:BE:12:3C,ALL,http,13.225.66.127,20,3440,10,2450,10,990
44:3D:54:BE:12:3C,ALL,http,13.225.66.162,26,4472,13,3185,13,1287
44:3D:54:BE:12:3C,ALL,http,13.225.66.219,22,3784,11,2695,11,1089
44:3D:54:BE:12:3C,ALL,http,13.225.66.84,16,2752,8,1960,8,792
44:3D:54:BE:12:3C,ALL,http,13.33.19.109,2,344,1,245,1,99
44:3D:54:BE:12:3C,ALL,http,18.154.230.100,180,30960,90,22050,90,8910
44:3D:54:BE:12:3C,ALL,http,18.154.230.133,170,29240,85,20825,85,8415
44:3D:54:BE:12:3C,ALL,http,18.154.230.19,170,29240,85,20825,85,8415
44:3D:54:BE:12:3C,ALL,http,18.154.230.60,184,31648,92,22540,92,9108
44:3D:54:BE:12:3C,ALL,http,18.160.37.104,4,688,2,490,2,198
44:3D:54:BE:12:3C,ALL,http,18.160.37.110,14,2408,7,1715,7,693
44:3D:54:BE:12:3C,ALL,http,18.160.37.111,14,2408,7,1715,7,693
44:3D:54:BE:12:3C,ALL,http,18.160.37.68,18,3096,9,2205,9,891
44:3D:54:BE:12:3C,ALL,http,18.160.45.108,8,1376,4,980,4,396
44:3D:54:BE:12:3C,ALL,http,18.160.45.164,8,1376,4,980,4,396
44:3D:54:BE:12:3C,ALL,http,18.160.45.68,2,344,1,245,1,99
44:3D:54:BE:12:3C,ALL,http,18.164.131.179,2,344,1,245,1,99
44:3D:54:BE:12:3C,ALL,http,18.164.131.217,4,688,2,490,2,198
44:3D:54:BE:12:3C,ALL,http,18.165.113.224,2,344,1,245,1,99
44:3D:54:BE:12:3C,ALL,http,18.165.94.127,2,344,1,245,1,99
44:3D:54:BE:12:3C,ALL,http,3.162.115.128,2,344,1,245,1,99
44:3D:54:BE:12:3C,ALL,http,3.162.115.79,2,344,1,245,1,99
44:3D:54:BE:12:3C,ALL,http,3.162.130.150,92,15824,46,11270,46,4554
44:3D:54:BE:12:3C,ALL,http,3.162.130.154,122,20984,61,14945,61,6039
44:3D:54:BE:12:3C,ALL,http,3.162.130.209,120,20640,60,14700,60,5940
44:3D:54:BE:12:3C,ALL,http,3.162.130.91,110,18920,55,13475,55,5445
44:3D:54:BE:12:3C,ALL,http,3.162.159.138,2,344,1,245,1,99
44:3D:54:BE:12:3C,ALL,http,3.163.78.146,6,1032,3,735,3,297
44:3D:54:BE:12:3C,ALL,http,3.163.78.59,4,688,2,490,2,198
44:3D:54:BE:12:3C,ALL,http,3.220.150.94,2,435,1,231,1,204
44:3D:54:BE:12:3C,ALL,http,3.226.190.171,22,4875,11,2631,11,2244
44:3D:54:BE:12:3C,ALL,http,44.217.53.210,2,435,1,231,1,204
44:3D:54:BE:12:3C,ALL,http,54.230.139.132,2,344,1,245,1,99
44:3D:54:BE:12:3C,ALL,http,65.8.191.207,2,344,1,245,1,99
44:3D:54:BE:12:3C,ALL,ntp,34.236.6.206,2,180,1,90,1,90
44:3D:54:BE:12:3C,ALL,ntp,35.175.22.69,2,180,1,90,1,90
44:3D:54:BE:12:3C,ALL,tcp:35716,18.164.130.60*,35933,114720309,11511,760432,24422,113959877
44:3D:54:BE:12:3C,ALL,tcp:35716,192.168.1.109*,35933,114720309,24422,113959877,11511,760432
44:3D:54:BE:12:3C,ALL,https,100.24.178.40,246,167984,144,142832,102,25152
44:3D:54:BE:12:3C,ALL,https,107.20.78.222,687,505481,402,442014,285,63467
44:3D:54:BE:12:3C,ALL,https,108.138.105.27,101,44496,61,8048,40,36448
44:3D:54:BE:12:3C,ALL,https,108.138.63.186,106,47527,62,7791,44,39736
44:3D:54:BE:12:3C,ALL,https,108.138.78.184,4841,1851751,2810,381026,2031,1470725
44:3D:54:BE:12:3C,ALL,https,108.139.36.72,980,363129,570,77368,410,285761
44:3D:54:BE:12:3C,ALL,https,108.139.45.164,1002,370042,584,77619,418,292423
44:3D:54:BE:12:3C,ALL,https,13.249.39.10,23,8687,14,1946,9,6741
44:3D:54:BE:12:3C,ALL,https,13.249.39.25,22,8311,14,1636,8,6675
44:3D:54:BE:12:3C,ALL,https,13.249.39.48,23,8687,14,1946,9,6741
44:3D:54:BE:12:3C,ALL,https,13.32.199.3,29,9519,18,2602,11,6917
44:3D:54:BE:12:3C,ALL,https,13.32.207.108,71,40305,47,5383,24,34922
44:3D:54:BE:12:3C,ALL,https,13.35.99.41,1574,624653,916,122438,658,502215
44:3D:54:BE:12:3C,ALL,https,16.182.103.1,32,8483,19,1835,13,6648
44:3D:54:BE:12:3C,ALL,https,174.129.20.177,560,366481,327,314401,233,52080
44:3D:54:BE:12:3C,ALL,https,174.129.83.181,158,101472,101,85276,57,16196
44:3D:54:BE:12:3C,ALL,https,176.32.101.46,30,10645,18,3839,12,6806
44:3D:54:BE:12:3C,ALL,https,18.154.234.237,134,43019,75,10368,59,32651
44:3D:54:BE:12:3C,ALL,https,18.160.1.36,5335,2166827,3147,417196,2188,1749631
44:3D:54:BE:12:3C,ALL,https,18.160.21.25,1789,706442,1055,140620,734,565822
44:3D:54:BE:12:3C,ALL,https,18.160.30.54,94,30424,57,8001,37,22423
44:3D:54:BE:12:3C,ALL,https,18.160.54.214,2414,901781,1404,189661,1010,712120
44:3D:54:BE:12:3C,ALL,https,18.160.85.205,72,33753,45,5478,27,28275
44:3D:54:BE:12:3C,ALL,https,18.161.81.68,116,60406,64,7717,52,52689
44:3D:54:BE:12:3C,ALL,https,18.164.113.65,31,9704,19,2681,12,7023
44:3D:54:BE:12:3C,ALL,https,18.164.115.146,31,10120,18,2359,13,7761
44:3D:54:BE:12:3C,ALL,https,18.164.127.194,309,123884,182,23700,127,100184
44:3D:54:BE:12:3C,ALL,https,18.164.130.60,35933,114720309,11511,760432,24422,113959877
44:3D:54:BE:12:3C,ALL,https,18.164.92.70,581,242931,348,44755,233,198176
44:3D:54:BE:12:3C,ALL,https,18.165.84.92,66,33341,44,5418,22,27923
44:3D:54:BE:12:3C,ALL,https,18.165.94.146,28,9128,17,2005,11,7123
44:3D:54:BE:12:3C,ALL,https,18.165.99.164,539,177127,306,43476,233,133651
44:3D:54:BE:12:3C,ALL,https,18.173.130.146,37,20250,24,2724,13,17526
44:3D:54:BE:12:3C,ALL,https,18.173.139.97,1224,411896,703,97550,521,314346
44:3D:54:BE:12:3C,ALL,https,18.204.113.0,611,384131,374,335664,237,48467
44:3D:54:BE:12:3C,ALL,https,18.205.131.136,338,198706,208,171231,130,27475
44:3D:54:BE:12:3C,ALL,https,18.206.167.104,355,239358,222,205387,133,33971
44:3D:54:BE:12:3C,ALL,https,18.207.46.96,823,617173,461,535884,362,81289
44:3D:54:BE:12:3C,ALL,https,18.208.6.191,376,247057,215,211190,161,35867
44:3D:54:BE:12:3C,ALL,https,18.210.44.132,515,347312,298,300278,217,47034
44:3D:54:BE:12:3C,ALL,https,18.214.180.6,1462,549135,837,326513,625,222622
44:3D:54:BE:12:3C,ALL,https,18.238.63.137,149,71506,91,11420,58,60086
44:3D:54:BE:12:3C,ALL,https,18.238.8.47,137,43689,76,10930,61,32759
44:3D:54:BE:12:3C,ALL,https,18.64.153.176,73,35092,45,5463,28,29629
44:3D:54:BE:12:3C,ALL,https,18.67.77.136,4923,1879891,2886,386716,2037,1493175
44:3D:54:BE:12:3C,ALL,https,209.54.177.114,109,32786,62,8384,47,24402
44:3D:54:BE:12:3C,ALL,https,209.54.177.117,55,16420,31,4192,24,12228
44:3D:54:BE:12:3C,ALL,https,209.54.177.154,110,32840,63,8438,47,24402
44:3D:54:BE:12:3C,ALL,https,209.54.177.157,56,16474,32,4246,24,12228
44:3D:54:BE:12:3C,ALL,https,209.54.178.134,26,8129,15,2069,11,6060
44:3D:54:BE:12:3C,ALL,https,209.54.178.164,56,16474,32,4246,24,12228
44:3D:54:BE:12:3C,ALL,https,209.54.179.225,28,11923,17,2301,11,9622
44:3D:54:BE:12:3C,ALL,https,209.54.179.230,48,16495,29,3242,19,13253
44:3D:54:BE:12:3C,ALL,https,209.54.179.93,28,8237,16,2123,12,6114
44:3D:54:BE:12:3C,ALL,https,209.54.180.25,27,8183,15,2069,12,6114
44:3D:54:BE:12:3C,ALL,https,209.54.180.27,26,8129,15,2069,11,6060
44:3D:54:BE:12:3C,ALL,https,209.54.180.44,28,8237,16,2123,12,6114
44:3D:54:BE:12:3C,ALL,https,209.54.181.4,28,8237,16,2123,12,6114
44:3D:54:BE:12:3C,ALL,https,209.54.181.98,28,8237,16,2123,12,6114
44:3D:54:BE:12:3C,ALL,https,209.54.183.179,52,20185,32,3949,20,16236
44:3D:54:BE:12:3C,ALL,https,209.54.183.185,24,8233,14,1594,10,6639
44:3D:54:BE:12:3C,ALL,https,209.54.183.188,24,11678,16,2247,8,9431
44:3D:54:BE:12:3C,ALL,https,23.20.90.17,641,461768,382,405130,259,56638
44:3D:54:BE:12:3C,ALL,https,23.21.56.246,99,87663,59,78887,40,8776
44:3D:54:BE:12:3C,ALL,https,23.23.66.51,790,536544,459,467679,331,68865
44:3D:54:BE:12:3C,ALL,https,3.162.1.224,31,9700,19,2678,12,7022
44:3D:54:BE:12:3C,ALL,https,3.162.110.52,4004,1581971,2338,312584,1666,1269387
44:3D:54:BE:12:3C,ALL,https,3.162.126.195,4099,1619273,2409,320385,1690,1298888
44:3D:54:BE:12:3C,ALL,https,3.162.97.56,36,11823,19,2890,17,8933
44:3D:54:BE:12:3C,ALL,https,3.208.32.41,179,105102,93,92953,86,12149
44:3D:54:BE:12:3C,ALL,https,3.215.164.15,256,179035,138,150359,118,28676
44:3D:54:BE:12:3C,ALL,https,3.215.169.35,921,617923,503,538855,418,79068
44:3D:54:BE:12:3C,ALL,https,3.217.147.217,10820,2149977,4285,1300560,6535,849417
44:3D:54:BE:12:3C,ALL,https,3.217.46.70,368,224714,214,189730,154,34984
44:3D:54:BE:12:3C,ALL,https,3.219.39.201,366,204124,217,161802,149,42322
44:3D:54:BE:12:3C,ALL,https,3.223.181.245,8093,1444876,3225,826167,4868,618709
44:3D:54:BE:12:3C,ALL,https,3.225.17.183,491,316363,294,271870,197,44493
44:3D:54:BE:12:3C,ALL,https,3.227.57.179,762,499862,439,428779,323,71083
44:3D:54:BE:12:3C,ALL,https,3.227.83.236,1213,447193,688,257807,525,189386
44:3D:54:BE:12:3C,ALL,https,3.228.49.45,3611,306972,1808,180688,1803,126284
44:3D:54:BE:12:3C,ALL,https,3.230.56.199,399,284128,240,246630,159,37498
44:3D:54:BE:12:3C,ALL,https,3.232.187.198,243,160060,136,134578,107,25482
44:3D:54:BE:12:3C,ALL,https,3.232.86.173,893,698651,517,615178,376,83473
44:3D:54:BE:12:3C,ALL,https,3.5.28.104,34,9016,19,2052,15,6964
44:3D:54:BE:12:3C,ALL,https,3.92.95.246,848,557648,471,478116,377,79532
44:3D:54:BE:12:3C,ALL,https,3.94.37.102,297,217155,177,190016,120,27139
44:3D:54:BE:12:3C,ALL,https,3.95.107.124,464,303193,273,264883,191,38310
44:3D:54:BE:12:3C,ALL,https,34.192.41.205,255,173572,146,153721,109,19851
44:3D:54:BE:12:3C,ALL,https,34.192.86.192,288,220723,168,187598,120,33125
44:3D:54:BE:12:3C,ALL,https,34.195.16.139,387,312605,207,296169,180,16436
44:3D:54:BE:12:3C,ALL,https,34.195.175.66,762,268558,436,150994,326,117564
44:3D:54:BE:12:3C,ALL,https,34.195.98.148,416,293161,245,249086,171,44075
44:3D:54:BE:12:3C,ALL,https,34.196.113.227,291,230938,173,197074,118,33864
44:3D:54:BE:12:3C,ALL,https,34.197.31.189,1346,1024342,789,907798,557,116544
44:3D:54:BE:12:3C,ALL,https,34.199.93.119,804,661178,480,588369,324,72809
44:3D:54:BE:12:3C,ALL,https,34.202.218.81,126,89471,80,79974,46,9497
44:3D:54:BE:12:3C,ALL,https,34.203.6.202,369,223134,225,187452,144,35682
44:3D:54:BE:12:3C,ALL,https,34.205.190.56,680,443517,393,378563,287,64954
44:3D:54:BE:12:3C,ALL,https,34.205.213.182,385,242419,216,203466,169,38953
44:3D:54:BE:12:3C,ALL,https,34.206.10.137,2,163,2,163,0,0
44:3D:54:BE:12:3C,ALL,https,34.206.133.33,96,81901,50,72676,46,9225
44:3D:54:BE:12:3C,ALL,https,34.207.26.15,719,477917,416,418431,303,59486
44:3D:54:BE:12:3C,ALL,https,34.225.253.1,466,322798,282,284312,184,38486
44:3D:54:BE:12:3C,ALL,https,34.230.104.156,313,199507,188,165552,125,33955
44:3D:54:BE:12:3C,ALL,https,34.233.50.22,64,21474,41,13820,23,7654
44:3D:54:BE:12:3C,ALL,https,34.236.9.225,294,171476,178,145376,116,26100
44:3D:54:BE:12:3C,ALL,https,34.237.111.59,1501,540013,857,305461,644,234552
44:3D:54:BE:12:3C,ALL,https,34.237.210.153,307,211078,182,177148,125,33930
44:3D:54:BE:12:3C,ALL,https,34.237.41.254,743,514645,435,448129,308,66516
44:3D:54:BE:12:3C,ALL,https,34.238.187.180,746,518907,460,455096,286,63811
44:3D:54:BE:12:3C,ALL,https,34.238.34.237,22,8171,13,1671,9,6500
44:3D:54:BE:12:3C,ALL,https,34.238.66.159,304,200136,156,171575,148,28561
44:3D:54:BE:12:3C,ALL,https,34.239.218.128,729,427369,434,358138,295,69231
44:3D:54:BE:12:3C,ALL,https,35.153.117.182,757,557327,441,485699,316,71628
44:3D:54:BE:12:3C,ALL,https,35.153.92.83,901,615723,530,538914,371,76809
44:3D:54:BE:12:3C,ALL,https,35.167.225.196,39,9887,22,2534,17,7353
44:3D:54:BE:12:3C,ALL,https,35.168.60.196,798,513305,470,445956,328,67349
44:3D:54:BE:12:3C,ALL,https,35.171.217.245,604,394770,368,338057,236,56713
44:3D:54:BE:12:3C,ALL,https,35.175.71.102,3172,607367,1240,362112,1932,245255
44:3D:54:BE:12:3C,ALL,https,44.193.236.65,984,344171,560,188063,424,156108
44:3D:54:BE:12:3C,ALL,https,44.195.70.29,437,301718,263,256855,174,44863
44:3D:54:BE:12:3C,ALL,https,44.198.224.47,1152,441137,670,265313,482,175824
44:3D:54:BE:12:3C,ALL,https,44.198.68.226,377,278187,209,234688,168,43499
44:3D:54:BE:12:3C,ALL,https,44.199.138.71,1079,409616,617,245740,462,163876
44:3D:54:BE:12:3C,ALL,https,44.199.52.214,1286,480242,743,289728,543,190514
44:3D:54:BE:12:3C,ALL,https,44.199.80.228,3213,685931,1268,413283,1945,272648
44:3D:54:BE:12:3C,ALL,https,44.199.92.38,676,568968,383,498836,293,70132
44:3D:54:BE:12:3C,ALL,https,44.206.69.5,417,293153,250,256938,167,36215
44:3D:54:BE:12:3C,ALL,https,44.207.10.190,944,77880,473,46794,471,31086
44:3D:54:BE:12:3C,ALL,https,44.207.175.160,720,528307,416,463121,304,65186
44:3D:54:BE:12:3C,ALL,https,44.208.174.27,333,272018,192,243955,141,28063
44:3D:54:BE:12:3C,ALL,https,44.208.182.127,1155,894328,669,785488,486,108840
44:3D:54:BE:12:3C,ALL,https,44.209.117.247,300,190700,180,163885,120,26815
44:3D:54:BE:12:3C,ALL,https,44.209.152.109,323,190087,187,162168,136,27919
44:3D:54:BE:12:3C,ALL,https,44.210.31.174,522,347842,318,301690,204,46152
44:3D:54:BE:12:3C,ALL,https,44.214.221.72,576,407773,346,354153,230,53620
44:3D:54:BE:12:3C,ALL,https,44.214.250.20,22,8074,13,1613,9,6461
44:3D:54:BE:12:3C,ALL,https,44.215.129.154,56,17028,32,5094,24,11934
44:3D:54:BE:12:3C,ALL,https,44.215.129.169,47,16976,30,4130,17,12846
44:3D:54:BE:12:3C,ALL,https,44.215.132.234,26,7850,15,2023,11,5827
44:3D:54:BE:12:3C,ALL,https,44.215.133.149,53,15766,30,4046,23,11720
44:3D:54:BE:12:3C,ALL,https,44.215.133.95,117,43469,72,10354,45,33115
44:3D:54:BE:12:3C,ALL,https,44.215.134.182,57,18125,33,5160,24,12965
44:3D:54:BE:12:3C,ALL,https,44.215.143.151,54,19196,31,7252,23,11944
44:3D:54:BE:12:3C,ALL,https,44.217.155.76,341,216232,203,181607,138,34625
44:3D:54:BE:12:3C,ALL,https,44.217.96.177,814,591564,476,513376,338,78188
44:3D:54:BE:12:3C,ALL,https,44.219.254.96,255,180268,151,158931,104,21337
44:3D:54:BE:12:3C,ALL,https,44.221.16.124,136,103181,79,86336,57,16845
44:3D:54:BE:12:3C,ALL,https,50.19.71.105,693,539606,416,468506,277,71100
44:3D:54:BE:12:3C,ALL,https,52.0.151.186,1083,773904,614,674311,469,99593
44:3D:54:BE:12:3C,ALL,https,52.0.163.48,404,245804,222,206869,182,38935
44:3D:54:BE:12:3C,ALL,https,52.0.181.92,956,599825,549,522030,407,77795
44:3D:54:BE:12:3C,ALL,https,52.119.196.31,56,16503,32,4246,24,12257
44:3D:54:BE:12:3C,ALL,https,52.119.198.101,84,24740,48,6369,36,18371
44:3D:54:BE:12:3C,ALL,https,52.119.198.109,112,32960,64,8492,48,24468
44:3D:54:BE:12:3C,ALL,https,52.119.198.118,55,16420,31,4192,24,12228
44:3D:54:BE:12:3C,ALL,https,52.119.198.186,84,24711,48,6369,36,18342
44:3D:54:BE:12:3C,ALL,https,52.119.198.189,28,8237,16,2123,12,6114
44:3D:54:BE:12:3C,ALL,https,52.119.198.2,54,16366,31,4192,23,12174
44:3D:54:BE:12:3C,ALL,https,52.20.205.55,374,247655,226,212531,148,35124
44:3D:54:BE:12:3C,ALL,https,52.20.206.121,836,290827,476,160319,360,130508
44:3D:54:BE:12:3C,ALL,https,52.201.200.50,975,663499,577,572555,398,90944
44:3D:54:BE:12:3C,ALL,https,52.202.2.34,1157,412368,665,230528,492,181840
44:3D:54:BE:12:3C,ALL,https,52.23.36.243,788,539962,444,470097,344,69865
44:3D:54:BE:12:3C,ALL,https,52.42.206.78,33,8937,19,2176,14,6761
44:3D:54:BE:12:3C,ALL,https,52.46.131.169,28,8266,16,2123,12,6143
44:3D:54:BE:12:3C,ALL,https,52.46.131.184,167,49397,95,12684,72,36713
44:3D:54:BE:12:3C,ALL,https,52.46.131.209,112,32948,63,8438,49,24510
44:3D:54:BE:12:3C,ALL,https,52.46.131.214,24,11678,16,2247,8,9431
44:3D:54:BE:12:3C,ALL,https,52.46.133.103,28,10493,17,3741,11,6752
44:3D:54:BE:12:3C,ALL,https,52.46.137.107,23,8179,14,1594,9,6585
44:3D:54:BE:12:3C,ALL,https,52.46.137.138,23,8179,14,1594,9,6585
44:3D:54:BE:12:3C,ALL,https,52.46.141.207,22,8149,14,1617,8,6532
44:3D:54:BE:12:3C,ALL,https,52.46.141.254,25,8316,15,1648,10,6668
44:3D:54:BE:12:3C,ALL,https,52.46.142.117,25,11732,16,2247,9,9485
44:3D:54:BE:12:3C,ALL,https,52.46.142.156,53,20239,32,3949,21,16290
44:3D:54:BE:12:3C,ALL,https,52.46.143.123,28,8237,16,2123,12,6114
44:3D:54:BE:12:3C,ALL,https,52.46.145.205,24,11678,16,2247,8,9431
44:3D:54:BE:12:3C,ALL,https,52.46.146.126,55,16420,31,4192,24,12228
44:3D:54:BE:12:3C,ALL,https,52.46.147.136,27,11869,17,2301,10,9568
44:3D:54:BE:12:3C,ALL,https,52.46.149.29,84,24711,48,6369,36,18342
44:3D:54:BE:12:3C,ALL,https,52.46.155.112,56,16474,32,4246,24,12228
44:3D:54:BE:12:3C,ALL,https,52.46.158.193,56,16474,32,4246,24,12228
44:3D:54:BE:12:3C,ALL,https,52.55.145.184,169,89509,104,72947,65,16562
44:3D:54:BE:12:3C,ALL,https,52.72.11.176,35,9750,19,3395,16,6355
44:3D:54:BE:12:3C,ALL,https,52.73.46.147,44,20160,26,12836,18,7324
44:3D:54:BE:12:3C,ALL,https,52.87.119.30,485,312397,294,266654,191,45743
44:3D:54:BE:12:3C,ALL,https,52.94.231.169,54,16366,31,4192,23,12174
44:3D:54:BE:12:3C,ALL,https,52.94.236.199,25,11756,15,2217,10,9539
44:3D:54:BE:12:3C,ALL,https,52.94.240.240,28,8237,16,2123,12,6114
44:3D:54:BE:12:3C,ALL,https,52.94.241.146,55,16420,31,4192,24,12228
44:3D:54:BE:12:3C,ALL,https,52.94.242.236,56,16474,32,4246,24,12228
44:3D:54:BE:12:3C,ALL,https,54.146.169.194,527,432771,301,377884,226,54887
44:3D:54:BE:12:3C,ALL,https,54.147.21.165,380,235112,215,198147,165,36965
44:3D:54:BE:12:3C,ALL,https,54.152.119.68,795,74617,399,41164,396,33453
44:3D:54:BE:12:3C,ALL,https,54.157.105.184,227,171960,119,152224,108,19736
44:3D:54:BE:12:3C,ALL,https,54.157.203.98,1981,801860,1128,516094,853,285766
44:3D:54:BE:12:3C,ALL,https,54.160.254.162,279,187836,152,160198,127,27638
44:3D:54:BE:12:3C,ALL,https,54.163.70.213,65,21545,41,13825,24,7720
44:3D:54:BE:12:3C,ALL,https,54.164.104.212,483,371137,283,325635,200,45502
44:3D:54:BE:12:3C,ALL,https,54.164.163.115,1002,354251,578,198239,424,156012
44:3D:54:BE:12:3C,ALL,https,54.165.154.243,355,218181,206,183268,149,34913
44:3D:54:BE:12:3C,ALL,https,54.166.21.152,1596,619294,914,382222,682,237072
44:3D:54:BE:12:3C,ALL,https,54.166.50.223,106,87253,66,78400,40,8853
44:3D:54:BE:12:3C,ALL,https,54.167.177.211,10295,1652068,4210,892177,6085,759891
44:3D:54:BE:12:3C,ALL,https,54.196.176.64,710,497535,428,434244,282,63291
44:3D:54:BE:12:3C,ALL,https,54.205.24.65,670,224798,388,115482,282,109316
44:3D:54:BE:12:3C,ALL,https,54.211.51.243,337,278042,196,239431,141,38611
44:3D:54:BE:12:3C,ALL,https,54.221.200.137,425,159584,245,94384,180,65200
44:3D:54:BE:12:3C,ALL,https,54.231.130.233,31,8429,18,1781,13,6648
44:3D:54:BE:12:3C,ALL,https,54.235.161.239,397,244948,250,207793,147,37155
44:3D:54:BE:12:3C,ALL,https,54.239.29.32,48,16495,29,3242,19,13253
44:3D:54:BE:12:3C,ALL,https,54.242.128.35,1150,417960,666,241944,484,176016
44:3D:54:BE:12:3C,ALL,https,54.243.58.104,1548,587928,894,357964,654,229964
44:3D:54:BE:12:3C,ALL,https,54.68.57.171,36,9123,21,2296,15,6827
44:3D:54:BE:12:3C,ALL,https,54.70.5.180,70,18126,41,4538,29,13588
44:3D:54:BE:12:3C,ALL,https,54.82.121.64,413,310996,235,267859,178,43137
44:3D:54:BE:12:3C,ALL,https,54.82.136.143,534,370664,327,323229,207,47435
44:3D:54:BE:12:3C,ALL,https,54.84.228.158,652,463444,392,406140,260,57304
44:3D:54:BE:12:3C,ALL,https,54.85.107.25,730,540300,438,471425,292,68875
44:3D:54:BE:12:3C,ALL,https,54.86.237.68,1225,763045,744,648099,481,114946
44:3D:54:BE:12:3C,ALL,https,54.86.78.52,270,169678,159,143421,111,26257
44:3D:54:BE:12:3C,ALL,https,54.90.101.7,343,235709,211,200459,132,35250
44:3D:54:BE:12:3C,ALL,https,54.91.103.251,1225,453156,706,269426,519,183730
44:3D:54:BE:12:3C,ALL,https,54.91.142.129,148,109653,85,93127,63,16526
44:3D:54:BE:12:3C,ALL,https,67.220.240.34,25,8316,15,1648,10,6668
44:3D:54:BE:12:3C,ALL,https,67.220.240.35,27,11869,16,2247,11,9622
44:3D:54:BE:12:3C,ALL,https,67.220.240.92,23,8179,14,1594,9,6585
44:3D:54:BE:12:3C,ALL,https,72.21.207.143,110,32840,63,8438,47,24402
44:3D:54:BE:12:3C,ALL,https,99.84.216.15,61,67300,42,3681,19,63619
44:3D:54:BE:12:3C,ALL,tcp:48494,192.168.1.109*,276,48920,176,20198,100,28722
44:3D:54:BE:12:3C,ALL,tcp:48494,54.167.177.211*,276,48920,100,28722,176,20198
