MAC,WAN/LAN,Protocol,IP,TotalPackets,TotalBytes,TxPackets,TxBytes,RxPackets,RxBytes
44:3D:54:BE:12:3C,ALL,ip,100.24.229.171,430,339559,279,298005,151,41554
44:3D:54:BE:12:3C,ALL,ip,100.25.237.111,303,228401,192,196523,111,31878
44:3D:54:BE:12:3C,ALL,ip,107.20.107.11,237,161818,152,137794,85,24024
44:3D:54:BE:12:3C,ALL,ip,107.20.229.209,40,3916,20,2012,20,1904
44:3D:54:BE:12:3C,ALL,ip,107.20.42.3,185,128284,120,105580,65,22704
44:3D:54:BE:12:3C,ALL,ip,107.23.125.234,201,141620,132,118652,69,22968
44:3D:54:BE:12:3C,ALL,ip,108.138.105.27,409,146660,234,32769,175,113891
44:3D:54:BE:12:3C,ALL,ip,108.138.123.164,167,55484,94,13174,73,42310
44:3D:54:BE:12:3C,ALL,ip,108.138.125.14,351,47223,176,18173,175,29050
44:3D:54:BE:12:3C,ALL,ip,108.138.125.193,300,40410,150,15510,150,24900
44:3D:54:BE:12:3C,ALL,ip,108.138.125.194,310,41757,155,16027,155,25730
44:3D:54:BE:12:3C,ALL,ip,108.138.125.198,260,35022,130,13442,130,21580
44:3D:54:BE:12:3C,ALL,ip,108.138.61.174,30,4041,15,1551,15,2490
44:3D:54:BE:12:3C,ALL,ip,108.138.61.34,20,2694,10,1034,10,1660
44:3D:54:BE:12:3C,ALL,ip,108.138.63.186,605,203184,346,49546,259,153638
44:3D:54:BE:12:3C,ALL,ip,108.138.78.184,7281,2456413,4214,597182,3067,1859231
44:3D:54:BE:12:3C,ALL,ip,108.138.82.190,30,4041,15,1551,15,2490
44:3D:54:BE:12:3C,ALL,ip,108.138.82.203,20,2694,10,1034,10,1660
44:3D:54:BE:12:3C,ALL,ip,108.138.82.54,20,2694,10,1034,10,1660
44:3D:54:BE:12:3C,ALL,ip,108.138.82.9,40,5388,20,2068,20,3320
44:3D:54:BE:12:3C,ALL,ip,108.139.36.72,1116,373715,643,91076,473,282639
44:3D:54:BE:12:3C,ALL,ip,108.139.38.196,10,1347,5,517,5,830
44:3D:54:BE:12:3C,ALL,ip,108.139.45.164,1340,451199,769,107767,571,343432
44:3D:54:BE:12:3C,ALL,ip,13.225.66.127,80,10776,40,4136,40,6640
44:3D:54:BE:12:3C,ALL,ip,13.225.66.162,100,13470,50,5170,50,8300
44:3D:54:BE:12:3C,ALL,ip,13.225.66.219,110,14817,55,5687,55,9130
44:3D:54:BE:12:3C,ALL,ip,13.225.66.84,30,4041,15,1551,15,2490
44:3D:54:BE:12:3C,ALL,ip,13.249.39.10,24,8753,14,1946,10,6807
44:3D:54:BE:12:3C,ALL,ip,13.249.39.48,22,8621,14,1946,8,6675
44:3D:54:BE:12:3C,ALL,ip,13.249.86.39,352,118355,205,29429,147,88926
44:3D:54:BE:12:3C,ALL,ip,13.32.207.108,68,40062,46,5315,22,34747
44:3D:54:BE:12:3C,ALL,ip,13.32.207.122,36,20160,23,2656,13,17504
44:3D:54:BE:12:3C,ALL,ip,13.32.207.48,216,120995,139,16010,77,104985
44:3D:54:BE:12:3C,ALL,ip,13.32.207.83,72,40373,47,5410,25,34963
44:3D:54:BE:12:3C,ALL,ip,13.33.251.13,10,1348,5,517,5,831
44:3D:54:BE:12:3C,ALL,ip,13.33.251.160,10,1348,5,517,5,831
44:3D:54:BE:12:3C,ALL,ip,13.33.251.185,10,1348,5,517,5,831
44:3D:54:BE:12:3C,ALL,ip,13.33.251.7,30,4044,15,1551,15,2493
44:3D:54:BE:12:3C,ALL,ip,13.35.99.41,968,336778,557,76841,411,259937
44:3D:54:BE:12:3C,ALL,ip,16.182.106.105,28,8270,16,1674,12,6596
44:3D:54:BE:12:3C,ALL,ip,16.182.38.121,33,8552,20,1902,13,6650
44:3D:54:BE:12:3C,ALL,ip,176.32.101.46,30,10621,18,3815,12,6806
44:3D:54:BE:12:3C,ALL,ip,176.32.98.108,87,31589,52,11225,35,20364
44:3D:54:BE:12:3C,ALL,ip,18.154.230.100,1382,186022,692,71502,690,114520
44:3D:54:BE:12:3C,ALL,ip,18.154.230.133,1460,196641,730,75482,730,121159
44:3D:54:BE:12:3C,ALL,ip,18.154.230.19,1230,165669,615,63591,615,102078
44:3D:54:BE:12:3C,ALL,ip,18.154.230.60,1222,164449,611,63140,611,101309
44:3D:54:BE:12:3C,ALL,ip,18.160.1.36,5339,1818889,3090,436891,2249,1381998
44:3D:54:BE:12:3C,ALL,ip,18.160.21.25,796,280871,463,64676,333,216195
44:3D:54:BE:12:3C,ALL,ip,18.160.30.54,1025,343902,595,85826,430,258076
44:3D:54:BE:12:3C,ALL,ip,18.160.54.214,2225,756693,1288,180845,937,575848
44:3D:54:BE:12:3C,ALL,ip,18.164.113.65,72,23928,40,5230,32,18698
44:3D:54:BE:12:3C,ALL,ip,18.164.115.101,10,1347,5,517,5,830
44:3D:54:BE:12:3C,ALL,ip,18.164.115.37,20,2694,10,1034,10,1660
44:3D:54:BE:12:3C,ALL,ip,18.164.115.51,10,1347,5,517,5,830
44:3D:54:BE:12:3C,ALL,ip,18.164.115.92,10,1347,5,517,5,830
44:3D:54:BE:12:3C,ALL,ip,18.164.127.194,648,219882,384,53948,264,165934
44:3D:54:BE:12:3C,ALL,ip,18.164.131.162,90,12123,45,4653,45,7470
44:3D:54:BE:12:3C,ALL,ip,18.164.131.179,140,18858,70,7238,70,11620
44:3D:54:BE:12:3C,ALL,ip,18.164.131.217,160,21552,80,8272,80,13280
44:3D:54:BE:12:3C,ALL,ip,18.164.131.9,160,21552,80,8272,80,13280
44:3D:54:BE:12:3C,ALL,ip,18.164.92.70,34,11305,19,2520,15,8785
44:3D:54:BE:12:3C,ALL,ip,18.165.84.92,134,44305,77,10903,57,33402
44:3D:54:BE:12:3C,ALL,ip,18.165.95.38,1307,452676,743,104309,564,348367
44:3D:54:BE:12:3C,ALL,ip,18.173.130.120,107,60418,69,7968,38,52450
44:3D:54:BE:12:3C,ALL,ip,18.173.139.97,656,221261,380,53705,276,167556
44:3D:54:BE:12:3C,ALL,ip,18.173.240.126,1584,530978,913,129495,671,401483
44:3D:54:BE:12:3C,ALL,ip,18.173.242.44,10,1347,5,517,5,830
44:3D:54:BE:12:3C,ALL,ip,18.205.122.134,229,155719,147,131893,82,23826
44:3D:54:BE:12:3C,ALL,ip,18.205.142.173,220,159376,141,135748,79,23628
44:3D:54:BE:12:3C,ALL,ip,18.211.125.121,206,155301,129,131805,77,23496
44:3D:54:BE:12:3C,ALL,ip,18.211.169.114,222,164264,143,140636,79,23628
44:3D:54:BE:12:3C,ALL,ip,18.211.175.70,248,194233,161,170077,87,24156
44:3D:54:BE:12:3C,ALL,ip,18.213.165.47,423,310815,277,264351,146,46464
44:3D:54:BE:12:3C,ALL,ip,18.214.180.6,537,147434,313,47326,224,100108
44:3D:54:BE:12:3C,ALL,ip,18.214.19.184,534,402197,333,351975,201,50222
44:3D:54:BE:12:3C,ALL,ip,18.214.2.241,229,147247,147,123421,82,23826
44:3D:54:BE:12:3C,ALL,ip,18.214.246.8,432,318517,275,271130,157,47387
44:3D:54:BE:12:3C,ALL,ip,18.214.83.125,21,2114,11,1162,10,952
44:3D:54:BE:12:3C,ALL,ip,18.215.120.100,212,152774,137,129410,75,23364
44:3D:54:BE:12:3C,ALL,ip,18.234.8.50,373,311969,282,301455,91,10514
44:3D:54:BE:12:3C,ALL,ip,18.238.63.137,497,167899,287,40327,210,127572
44:3D:54:BE:12:3C,ALL,ip,18.238.72.167,28,9485,18,2617,10,6868
44:3D:54:BE:12:3C,ALL,ip,18.238.79.207,20,2692,10,1034,10,1658
44:3D:54:BE:12:3C,ALL,ip,18.67.77.136,3872,1299344,2227,316705,1645,982639
44:3D:54:BE:12:3C,ALL,ip,184.72.208.19,223,140079,133,115725,90,24354
44:3D:54:BE:12:3C,ALL,ip,192.168.3.1,11473,2326399,4537,385078,6936,1941321
44:3D:54:BE:12:3C,ALL,ip,192.168.3.114,7924,1596380,2900,241802,5024,1354578
44:3D:54:BE:12:3C,ALL,ip,209.54.177.114,57,17370,32,4246,25,13124
44:3D:54:BE:12:3C,ALL,ip,209.54.177.117,28,8658,16,2123,12,6535
44:3D:54:BE:12:3C,ALL,ip,209.54.177.153,52,17100,30,4138,22,12962
44:3D:54:BE:12:3C,ALL,ip,209.54.177.157,112,34632,64,8492,48,26140
44:3D:54:BE:12:3C,ALL,ip,209.54.178.134,58,17436,33,4312,25,13124
44:3D:54:BE:12:3C,ALL,ip,209.54.178.164,30,8795,17,2177,13,6618
44:3D:54:BE:12:3C,ALL,ip,209.54.178.166,84,25974,48,6369,36,19605
44:3D:54:BE:12:3C,ALL,ip,209.54.179.227,28,12072,17,2321,11,9751
44:3D:54:BE:12:3C,ALL,ip,209.54.179.230,94,36447,59,7103,35,29344
44:3D:54:BE:12:3C,ALL,ip,209.54.179.231,27,12042,16,2291,11,9751
44:3D:54:BE:12:3C,ALL,ip,209.54.179.233,23,8179,14,1594,9,6585
44:3D:54:BE:12:3C,ALL,ip,209.54.179.88,195,60552,111,14807,84,45745
44:3D:54:BE:12:3C,ALL,ip,209.54.179.93,53,17154,30,4138,23,13016
44:3D:54:BE:12:3C,ALL,ip,209.54.180.2,52,20334,32,3969,20,16365
44:3D:54:BE:12:3C,ALL,ip,209.54.180.25,56,17316,32,4246,24,13070
44:3D:54:BE:12:3C,ALL,ip,209.54.180.27,26,8550,15,2069,11,6481
44:3D:54:BE:12:3C,ALL,ip,209.54.180.44,29,8712,17,2177,12,6535
44:3D:54:BE:12:3C,ALL,ip,209.54.181.4,28,8658,16,2123,12,6535
44:3D:54:BE:12:3C,ALL,ip,209.54.181.98,56,17316,32,4246,24,13070
44:3D:54:BE:12:3C,ALL,ip,209.54.183.176,50,20197,31,3915,19,16282
44:3D:54:BE:12:3C,ALL,ip,209.54.183.178,23,8179,14,1594,9,6585
44:3D:54:BE:12:3C,ALL,ip,209.54.183.185,25,8316,15,1648,10,6668
44:3D:54:BE:12:3C,ALL,ip,209.54.183.194,49,20143,31,3915,18,16228
44:3D:54:BE:12:3C,ALL,ip,209.54.183.200,44,16250,28,3188,16,13062
44:3D:54:BE:12:3C,ALL,ip,224.0.0.251,1698,159052,1698,159052,0,0
44:3D:54:BE:12:3C,ALL,ip,23.21.143.244,250,191568,165,167544,85,24024
44:3D:54:BE:12:3C,ALL,ip,23.23.9.60,681,473227,446,402475,235,70752
44:3D:54:BE:12:3C,ALL,ip,239.255.255.250,528,78780,528,78780,0,0
44:3D:54:BE:12:3C,ALL,ip,255.255.255.255,348,25926,348,25926,0,0
44:3D:54:BE:12:3C,ALL,ip,3.162.110.52,5209,1771863,2987,419478,2222,1352385
44:3D:54:BE:12:3C,ALL,ip,3.162.126.195,7125,2405271,4123,579812,3002,1825459
44:3D:54:BE:12:3C,ALL,ip,3.162.130.150,1240,167021,620,64108,620,102913
44:3D:54:BE:12:3C,ALL,ip,3.162.130.154,911,122653,456,47125,455,75528
44:3D:54:BE:12:3C,ALL,ip,3.162.130.209,1070,144123,535,55319,535,88804
44:3D:54:BE:12:3C,ALL,ip,3.162.130.91,1041,140158,521,53846,520,86312
44:3D:54:BE:12:3C,ALL,ip,3.162.93.101,190,25593,95,9823,95,15770
44:3D:54:BE:12:3C,ALL,ip,3.162.93.102,210,28287,105,10857,105,17430
44:3D:54:BE:12:3C,ALL,ip,3.162.93.159,250,33674,125,12925,125,20749
44:3D:54:BE:12:3C,ALL,ip,3.162.93.201,230,30980,115,11891,115,19089
44:3D:54:BE:12:3C,ALL,ip,3.162.97.56,161,52477,93,13425,68,39052
44:3D:54:BE:12:3C,ALL,ip,3.167.117.39,36,11477,19,2554,17,8923
44:3D:54:BE:12:3C,ALL,ip,3.167.35.39,541,177282,302,43576,239,133706
44:3D:54:BE:12:3C,ALL,ip,3.167.52.61,58054,128263252,14852,981638,43202,127281614
44:3D:54:BE:12:3C,ALL,ip,3.167.54.209,250,33675,125,12925,125,20750
44:3D:54:BE:12:3C,ALL,ip,3.167.54.34,66,67627,42,3685,24,63942
44:3D:54:BE:12:3C,ALL,ip,3.167.54.38,310,41756,155,16027,155,25729
44:3D:54:BE:12:3C,ALL,ip,3.167.54.65,290,39062,145,14993,145,24069
44:3D:54:BE:12:3C,ALL,ip,3.167.54.97,220,29633,110,11374,110,18259
44:3D:54:BE:12:3C,ALL,ip,3.167.64.98,21,2772,11,1112,10,1660
44:3D:54:BE:12:3C,ALL,ip,3.167.72.39,7079,2356479,3997,564085,3082,1792394
44:3D:54:BE:12:3C,ALL,ip,3.167.89.37,5267,1749987,2946,415150,2321,1334837
44:3D:54:BE:12:3C,ALL,ip,3.167.96.38,317,117545,179,24803,138,92742
44:3D:54:BE:12:3C,ALL,ip,3.168.120.39,29,9536,18,2603,11,6933
44:3D:54:BE:12:3C,ALL,ip,3.171.136.38,1787,587384,1011,143732,776,443652
44:3D:54:BE:12:3C,ALL,ip,3.209.64.137,408,283123,261,236593,147,46530
44:3D:54:BE:12:3C,ALL,ip,3.210.46.249,230,177170,151,153542,79,23628
44:3D:54:BE:12:3C,ALL,ip,3.213.186.136,492,324088,318,269638,174,54450
44:3D:54:BE:12:3C,ALL,ip,3.215.100.225,264,179908,169,155224,95,24684
44:3D:54:BE:12:3C,ALL,ip,3.215.53.245,2,180,1,90,1,90
44:3D:54:BE:12:3C,ALL,ip,3.216.196.251,244,187170,156,162948,88,24222
44:3D:54:BE:12:3C,ALL,ip,3.216.34.89,231,172140,152,148512,79,23628
44:3D:54:BE:12:3C,ALL,ip,3.217.147.217,8465,1006087,3468,452072,4997,554015
44:3D:54:BE:12:3C,ALL,ip,3.217.156.173,431,310183,265,262159,166,48024
44:3D:54:BE:12:3C,ALL,ip,3.218.18.11,215,144884,137,121322,78,23562
44:3D:54:BE:12:3C,ALL,ip,3.218.39.140,415,279577,265,232849,150,46728
44:3D:54:BE:12:3C,ALL,ip,3.219.64.172,216,162915,139,139419,77,23496
44:3D:54:BE:12:3C,ALL,ip,3.219.89.253,228,171596,144,147638,84,23958
44:3D:54:BE:12:3C,ALL,ip,3.220.101.208,318,242497,203,210010,115,32487
44:3D:54:BE:12:3C,ALL,ip,3.220.6.175,231,147138,157,123840,74,23298
44:3D:54:BE:12:3C,ALL,ip,3.221.235.214,233,163305,152,139545,81,23760
44:3D:54:BE:12:3C,ALL,ip,3.223.181.245,22242,2693764,9157,1219653,13085,1474111
44:3D:54:BE:12:3C,ALL,ip,3.223.237.71,245,198476,165,174782,80,23694
44:3D:54:BE:12:3C,ALL,ip,3.223.88.139,232,176194,152,152500,80,23694
44:3D:54:BE:12:3C,ALL,ip,3.224.0.142,400,284258,261,238256,139,46002
44:3D:54:BE:12:3C,ALL,ip,3.224.7.48,476,346713,311,298995,165,47718
44:3D:54:BE:12:3C,ALL,ip,3.225.154.199,416,311264,264,270542,152,40722
44:3D:54:BE:12:3C,ALL,ip,3.225.204.30,237,164166,155,140340,82,23826
44:3D:54:BE:12:3C,ALL,ip,3.225.215.111,232,172989,155,149493,77,23496
44:3D:54:BE:12:3C,ALL,ip,3.225.52.36,225,167394,147,143832,78,23562
44:3D:54:BE:12:3C,ALL,ip,3.226.129.220,227,167672,151,144242,76,23430
44:3D:54:BE:12:3C,ALL,ip,3.226.165.18,210,148235,136,124925,74,23310
44:3D:54:BE:12:3C,ALL,ip,3.226.212.217,227,175447,151,152017,76,23430
44:3D:54:BE:12:3C,ALL,ip,3.227.83.236,203,55380,118,17778,85,37602
44:3D:54:BE:12:3C,ALL,ip,3.228.122.11,250,189890,163,165734,87,24156
44:3D:54:BE:12:3C,ALL,ip,3.228.91.102,234,175430,152,151604,82,23826
44:3D:54:BE:12:3C,ALL,ip,3.229.159.163,208,151864,137,128764,71,23100
44:3D:54:BE:12:3C,ALL,ip,3.229.160.128,229,165707,147,141881,82,23826
44:3D:54:BE:12:3C,ALL,ip,3.229.211.55,461,322144,296,274426,165,47718
44:3D:54:BE:12:3C,ALL,ip,3.229.244.36,239,184889,155,160931,84,23958
44:3D:54:BE:12:3C,ALL,ip,3.231.65.199,232,171191,151,147431,81,23760
44:3D:54:BE:12:3C,ALL,ip,3.232.200.74,572,428574,370,366138,202,62436
44:3D:54:BE:12:3C,ALL,ip,3.232.62.20,258,180837,162,155949,96,24888
44:3D:54:BE:12:3C,ALL,ip,3.233.206.1,246,198125,160,174023,86,24102
44:3D:54:BE:12:3C,ALL,ip,3.234.38.31,2,180,1,90,1,90
44:3D:54:BE:12:3C,ALL,ip,3.90.193.148,1539,1207586,1012,1072384,527,135202
44:3D:54:BE:12:3C,ALL,ip,3.90.93.237,215,144496,140,121132,75,23364
44:3D:54:BE:12:3C,ALL,ip,3.93.95.161,250,177266,159,146708,91,30558
44:3D:54:BE:12:3C,ALL,ip,3.95.118.55,238,176653,156,152827,82,23826
44:3D:54:BE:12:3C,ALL,ip,3.95.77.191,237,179570,155,155744,82,23826
44:3D:54:BE:12:3C,ALL,ip,34.193.121.152,505,368460,330,320082,175,48378
44:3D:54:BE:12:3C,ALL,ip,34.193.70.72,239,183920,150,159632,89,24288
44:3D:54:BE:12:3C,ALL,ip,34.194.30.73,220,174771,142,151081,78,23690
44:3D:54:BE:12:3C,ALL,ip,34.195.175.66,376,102172,221,33290,155,68882
44:3D:54:BE:12:3C,ALL,ip,34.195.62.213,213,161512,137,138082,76,23430
44:3D:54:BE:12:3C,ALL,ip,34.196.63.235,248,168302,159,144014,89,24288
44:3D:54:BE:12:3C,ALL,ip,34.197.138.74,263,192625,167,161737,96,30888
44:3D:54:BE:12:3C,ALL,ip,34.197.184.235,242,164853,161,141093,81,23760
44:3D:54:BE:12:3C,ALL,ip,34.197.203.148,457,346802,298,299480,159,47322
44:3D:54:BE:12:3C,ALL,ip,34.198.78.104,577,392587,376,336124,201,56463
44:3D:54:BE:12:3C,ALL,ip,34.199.149.113,493,380466,318,332088,175,48378
44:3D:54:BE:12:3C,ALL,ip,34.199.159.124,332,192674,219,166525,113,26149
44:3D:54:BE:12:3C,ALL,ip,34.199.246.5,214,144343,136,120653,78,23690
44:3D:54:BE:12:3C,ALL,ip,34.199.88.168,155,116791,101,100951,54,15840
44:3D:54:BE:12:3C,ALL,ip,34.200.107.64,240,165331,154,135103,86,30228
44:3D:54:BE:12:3C,ALL,ip,34.200.96.179,226,166639,142,142681,84,23958
44:3D:54:BE:12:3C,ALL,ip,34.201.189.27,253,193120,166,168964,87,24156
44:3D:54:BE:12:3C,ALL,ip,34.203.52.61,221,160038,143,136476,78,23562
44:3D:54:BE:12:3C,ALL,ip,34.205.108.34,236,190804,158,167242,78,23562
44:3D:54:BE:12:3C,ALL,ip,34.205.186.68,425,319564,280,273166,145,46398
44:3D:54:BE:12:3C,ALL,ip,34.205.61.248,225,149259,154,126159,71,23100
44:3D:54:BE:12:3C,ALL,ip,34.206.138.70,243,165726,150,141174,93,24552
44:3D:54:BE:12:3C,ALL,ip,34.206.197.93,230,166520,147,142628,83,23892
44:3D:54:BE:12:3C,ALL,ip,34.224.103.154,246,177030,159,152874,87,24156
44:3D:54:BE:12:3C,ALL,ip,34.225.135.247,231,158185,147,134215,84,23970
44:3D:54:BE:12:3C,ALL,ip,34.225.146.231,207,151497,134,128265,73,23232
44:3D:54:BE:12:3C,ALL,ip,34.227.121.68,237,180860,158,157232,79,23628
44:3D:54:BE:12:3C,ALL,ip,34.228.175.93,238,171241,150,147019,88,24222
44:3D:54:BE:12:3C,ALL,ip,34.230.103.194,232,149653,152,125959,80,23694
44:3D:54:BE:12:3C,ALL,ip,34.230.126.114,443,331471,277,283687,166,47784
44:3D:54:BE:12:3C,ALL,ip,34.230.150.226,343,256811,218,224009,125,32802
44:3D:54:BE:12:3C,ALL,ip,34.233.144.19,219,160225,142,136729,77,23496
44:3D:54:BE:12:3C,ALL,ip,34.233.202.64,236,190440,155,166680,81,23760
44:3D:54:BE:12:3C,ALL,ip,34.233.215.20,304,225052,193,193174,111,31878
44:3D:54:BE:12:3C,ALL,ip,34.233.77.245,264,189179,170,158423,94,30756
44:3D:54:BE:12:3C,ALL,ip,34.235.66.225,223,151629,144,127989,79,23640
44:3D:54:BE:12:3C,ALL,ip,34.235.86.56,573,469009,378,413173,195,55836
44:3D:54:BE:12:3C,ALL,ip,34.237.111.59,434,120822,259,39956,175,80866
44:3D:54:BE:12:3C,ALL,ip,34.237.179.28,107,86300,72,77852,35,8448
44:3D:54:BE:12:3C,ALL,ip,34.237.199.118,344,280490,228,248282,116,32208
44:3D:54:BE:12:3C,ALL,ip,34.237.23.188,474,342263,306,294347,168,47916
44:3D:54:BE:12:3C,ALL,ip,34.239.12.200,4,360,2,180,2,180
44:3D:54:BE:12:3C,ALL,ip,35.155.9.57,66,17874,38,4352,28,13522
44:3D:54:BE:12:3C,ALL,ip,35.167.225.196,34,9003,20,2242,14,6761
44:3D:54:BE:12:3C,ALL,ip,35.168.46.68,2,180,1,90,1,90
44:3D:54:BE:12:3C,ALL,ip,35.169.21.72,224,183791,141,159899,83,23892
44:3D:54:BE:12:3C,ALL,ip,35.170.94.57,230,160866,148,130902,82,29964
44:3D:54:BE:12:3C,ALL,ip,35.171.36.224,22,8091,13,1632,9,6459
44:3D:54:BE:12:3C,ALL,ip,35.172.2.224,5950,490873,2974,294426,2976,196447
44:3D:54:BE:12:3C,ALL,ip,35.173.163.27,214,167956,134,144262,80,23694
44:3D:54:BE:12:3C,ALL,ip,35.174.133.135,240,193914,163,170418,77,23496
44:3D:54:BE:12:3C,ALL,ip,35.174.217.7,555,412088,363,356450,192,55638
44:3D:54:BE:12:3C,ALL,ip,35.174.66.136,408,309077,272,269411,136,39666
44:3D:54:BE:12:3C,ALL,ip,35.175.71.102,8392,1077604,3472,504051,4920,573553
44:3D:54:BE:12:3C,ALL,ip,44.193.236.65,676,186302,396,61170,280,125132
44:3D:54:BE:12:3C,ALL,ip,44.193.246.225,228,164879,147,141119,81,23760
44:3D:54:BE:12:3C,ALL,ip,44.193.70.199,251,168839,164,144683,87,24156
44:3D:54:BE:12:3C,ALL,ip,44.198.146.26,226,174369,149,150873,77,23496
44:3D:54:BE:12:3C,ALL,ip,44.198.224.47,647,175649,376,56455,271,119194
44:3D:54:BE:12:3C,ALL,ip,44.199.138.71,514,139275,299,45093,215,94182
44:3D:54:BE:12:3C,ALL,ip,44.199.42.139,276,208029,170,181720,106,26309
44:3D:54:BE:12:3C,ALL,ip,44.199.52.214,643,175481,376,56551,267,118930
44:3D:54:BE:12:3C,ALL,ip,44.199.66.1,225,148467,147,124905,78,23562
44:3D:54:BE:12:3C,ALL,ip,44.199.80.228,16901,2257490,7009,1096013,9892,1161477
44:3D:54:BE:12:3C,ALL,ip,44.207.10.190,3350,285446,1677,167719,1673,117727
44:3D:54:BE:12:3C,ALL,ip,44.207.157.32,203,149169,127,125739,76,23430
44:3D:54:BE:12:3C,ALL,ip,44.207.21.144,266,174242,167,149294,99,24948
44:3D:54:BE:12:3C,ALL,ip,44.207.238.135,296,224966,196,193814,100,31152
44:3D:54:BE:12:3C,ALL,ip,44.208.12.189,508,378241,337,323989,171,54252
44:3D:54:BE:12:3C,ALL,ip,44.212.253.145,235,188975,153,165149,82,23826
44:3D:54:BE:12:3C,ALL,ip,44.213.224.232,219,148012,141,124381,78,23631
44:3D:54:BE:12:3C,ALL,ip,44.214.235.38,436,330669,282,283677,154,46992
44:3D:54:BE:12:3C,ALL,ip,44.215.115.150,3743,1512084,2328,383663,1415,1128421
44:3D:54:BE:12:3C,ALL,ip,44.215.115.210,82,23814,46,6135,36,17679
44:3D:54:BE:12:3C,ALL,ip,44.215.129.154,56,17028,32,5094,24,11934
44:3D:54:BE:12:3C,ALL,ip,44.215.129.169,3321,1355051,2075,344431,1246,1010620
44:3D:54:BE:12:3C,ALL,ip,44.215.132.234,29,8077,16,2089,13,5988
44:3D:54:BE:12:3C,ALL,ip,44.215.132.72,28,9664,16,3659,12,6005
44:3D:54:BE:12:3C,ALL,ip,44.215.133.149,54,15832,30,4046,24,11786
44:3D:54:BE:12:3C,ALL,ip,44.215.133.95,3884,1572728,2416,399941,1468,1172787
44:3D:54:BE:12:3C,ALL,ip,44.215.134.182,84,25542,48,7641,36,17901
44:3D:54:BE:12:3C,ALL,ip,44.215.138.245,58,18239,33,5184,25,13055
44:3D:54:BE:12:3C,ALL,ip,44.216.139.251,472,345064,308,296514,164,48550
44:3D:54:BE:12:3C,ALL,ip,44.216.140.245,229,173191,150,149563,79,23628
44:3D:54:BE:12:3C,ALL,ip,44.217.216.196,225,151652,143,127826,82,23826
44:3D:54:BE:12:3C,ALL,ip,44.218.115.167,243,165394,165,141832,78,23562
44:3D:54:BE:12:3C,ALL,ip,44.218.40.123,207,149722,132,126358,75,23364
44:3D:54:BE:12:3C,ALL,ip,44.218.89.189,200,152312,132,129410,68,22902
44:3D:54:BE:12:3C,ALL,ip,44.219.35.92,258,174850,170,150628,88,24222
44:3D:54:BE:12:3C,ALL,ip,44.220.100.69,497,340681,320,292171,177,48510
44:3D:54:BE:12:3C,ALL,ip,44.220.13.195,219,167065,144,143701,75,23364
44:3D:54:BE:12:3C,ALL,ip,44.221.182.152,690,486542,444,415064,246,71478
44:3D:54:BE:12:3C,ALL,ip,44.225.45.107,37,9755,21,2468,16,7287
44:3D:54:BE:12:3C,ALL,ip,44.226.67.213,71,18466,42,4859,29,13607
44:3D:54:BE:12:3C,ALL,ip,44.240.184.205,37,9463,22,2617,15,6846
44:3D:54:BE:12:3C,ALL,ip,50.16.58.247,317,234845,204,202490,113,32355
44:3D:54:BE:12:3C,ALL,ip,50.19.221.32,213,143297,139,119999,74,23298
44:3D:54:BE:12:3C,ALL,ip,52.0.87.56,238,173555,159,149927,79,23628
44:3D:54:BE:12:3C,ALL,ip,52.119.196.31,85,26028,48,6369,37,19659
44:3D:54:BE:12:3C,ALL,ip,52.119.198.101,56,17316,32,4246,24,13070
44:3D:54:BE:12:3C,ALL,ip,52.119.198.106,223,69210,127,16930,96,52280
44:3D:54:BE:12:3C,ALL,ip,52.119.198.109,222,69156,127,16930,95,52226
44:3D:54:BE:12:3C,ALL,ip,52.119.198.118,84,25974,48,6369,36,19605
44:3D:54:BE:12:3C,ALL,ip,52.119.198.186,170,52056,97,12792,73,39264
44:3D:54:BE:12:3C,ALL,ip,52.119.198.189,140,43290,80,10615,60,32675
44:3D:54:BE:12:3C,ALL,ip,52.119.198.2,108,34416,62,8384,46,26032
44:3D:54:BE:12:3C,ALL,ip,52.20.206.121,441,120462,257,39002,184,81460
44:3D:54:BE:12:3C,ALL,ip,52.20.206.49,262,200487,171,176067,91,24420
44:3D:54:BE:12:3C,ALL,ip,52.20.90.234,340,243296,226,211220,114,32076
44:3D:54:BE:12:3C,ALL,ip,52.200.103.55,240,164426,156,140468,84,23958
44:3D:54:BE:12:3C,ALL,ip,52.200.248.145,196,144915,128,122013,68,22902
44:3D:54:BE:12:3C,ALL,ip,52.201.35.208,235,161929,152,138037,83,23892
44:3D:54:BE:12:3C,ALL,ip,52.201.91.158,490,366377,319,312125,171,54252
44:3D:54:BE:12:3C,ALL,ip,52.202.2.34,441,120221,258,38815,183,81406
44:3D:54:BE:12:3C,ALL,ip,52.203.112.125,129,82338,80,66828,49,15510
44:3D:54:BE:12:3C,ALL,ip,52.203.242.245,195,138927,126,115959,69,22968
44:3D:54:BE:12:3C,ALL,ip,52.203.9.9,226,162142,146,138448,80,23694
44:3D:54:BE:12:3C,ALL,ip,52.21.43.192,239,171311,154,147287,85,24024
44:3D:54:BE:12:3C,ALL,ip,52.216.217.185,31,8431,18,1781,13,6650
44:3D:54:BE:12:3C,ALL,ip,52.217.75.116,31,8431,19,1835,12,6596
44:3D:54:BE:12:3C,ALL,ip,52.22.159.169,418,277046,271,230516,147,46530
44:3D:54:BE:12:3C,ALL,ip,52.27.163.92,36,9397,20,2485,16,6912
44:3D:54:BE:12:3C,ALL,ip,52.3.38.37,227,171476,145,147650,82,23826
44:3D:54:BE:12:3C,ALL,ip,52.36.138.241,33,8937,19,2176,14,6761
44:3D:54:BE:12:3C,ALL,ip,52.37.30.201,34,9003,20,2242,14,6761
44:3D:54:BE:12:3C,ALL,ip,52.39.190.49,36,9123,21,2296,15,6827
44:3D:54:BE:12:3C,ALL,ip,52.4.90.203,229,169340,149,145646,80,23694
44:3D:54:BE:12:3C,ALL,ip,52.42.206.78,37,9463,22,2617,15,6846
44:3D:54:BE:12:3C,ALL,ip,52.44.129.250,483,338036,310,283652,173,54384
44:3D:54:BE:12:3C,ALL,ip,52.46.128.80,22,8125,13,1540,9,6585
44:3D:54:BE:12:3C,ALL,ip,52.46.128.81,112,34632,63,8438,49,26194
44:3D:54:BE:12:3C,ALL,ip,52.46.131.169,83,25920,47,6315,36,19605
44:3D:54:BE:12:3C,ALL,ip,52.46.131.184,112,34632,64,8492,48,26140
44:3D:54:BE:12:3C,ALL,ip,52.46.131.209,114,34740,65,8546,49,26194
44:3D:54:BE:12:3C,ALL,ip,52.46.133.103,31,10623,19,3817,12,6806
44:3D:54:BE:12:3C,ALL,ip,52.46.141.207,25,8316,15,1648,10,6668
44:3D:54:BE:12:3C,ALL,ip,52.46.141.254,49,20143,31,3915,18,16228
44:3D:54:BE:12:3C,ALL,ip,52.46.142.156,25,8316,15,1648,10,6668
44:3D:54:BE:12:3C,ALL,ip,52.46.143.123,112,34632,64,8492,48,26140
44:3D:54:BE:12:3C,ALL,ip,52.46.144.254,24,8262,15,1648,9,6614
44:3D:54:BE:12:3C,ALL,ip,52.46.145.14,24,8262,15,1648,9,6614
44:3D:54:BE:12:3C,ALL,ip,52.46.146.126,140,43290,80,10615,60,32675
44:3D:54:BE:12:3C,ALL,ip,52.46.147.250,92,32774,57,6430,35,26344
44:3D:54:BE:12:3C,ALL,ip,52.46.149.29,84,25974,48,6369,36,19605
44:3D:54:BE:12:3C,ALL,ip,52.46.149.57,114,34740,64,8492,50,26248
44:3D:54:BE:12:3C,ALL,ip,52.46.155.112,112,34632,64,8492,48,26140
44:3D:54:BE:12:3C,ALL,ip,52.5.156.58,224,152979,145,129351,79,23628
44:3D:54:BE:12:3C,ALL,ip,52.6.206.210,255,185561,165,161207,90,24354
44:3D:54:BE:12:3C,ALL,ip,52.6.21.157,272,185787,176,154899,96,30888
44:3D:54:BE:12:3C,ALL,ip,52.70.217.64,211,152468,135,129038,76,23430
44:3D:54:BE:12:3C,ALL,ip,52.70.221.93,468,322797,305,275211,163,47586
44:3D:54:BE:12:3C,ALL,ip,52.73.231.60,222,152853,137,128829,85,24024
44:3D:54:BE:12:3C,ALL,ip,52.85.151.15,22,8621,14,1946,8,6675
44:3D:54:BE:12:3C,ALL,ip,52.85.61.116,45,16998,28,3582,17,13416
44:3D:54:BE:12:3C,ALL,ip,52.86.105.41,205,145018,131,121720,74,23298
44:3D:54:BE:12:3C,ALL,ip,52.94.225.227,73,28376,45,5509,28,22867
44:3D:54:BE:12:3C,ALL,ip,52.94.231.169,28,8670,16,2123,12,6547
44:3D:54:BE:12:3C,ALL,ip,52.94.233.34,23,8179,14,1594,9,6585
44:3D:54:BE:12:3C,ALL,ip,52.94.233.94,25,11881,16,2267,9,9614
44:3D:54:BE:12:3C,ALL,ip,52.94.236.199,70,24693,43,4873,27,19820
44:3D:54:BE:12:3C,ALL,ip,52.94.240.240,197,60660,112,14861,85,45799
44:3D:54:BE:12:3C,ALL,ip,52.94.241.146,54,17208,31,4192,23,13016
44:3D:54:BE:12:3C,ALL,ip,52.94.242.236,28,8658,16,2123,12,6535
44:3D:54:BE:12:3C,ALL,ip,54.144.110.71,252,177651,161,153231,91,24420
44:3D:54:BE:12:3C,ALL,ip,54.145.62.134,203,147091,133,124057,70,23034
44:3D:54:BE:12:3C,ALL,ip,54.146.164.150,243,183600,157,159510,86,24090
44:3D:54:BE:12:3C,ALL,ip,54.157.203.98,493,141503,289,53391,204,88112
44:3D:54:BE:12:3C,ALL,ip,54.158.218.26,261,198644,172,174356,89,24288
44:3D:54:BE:12:3C,ALL,ip,54.159.177.207,436,313224,285,266361,151,46863
44:3D:54:BE:12:3C,ALL,ip,54.159.213.160,218,144957,140,121395,78,23562
44:3D:54:BE:12:3C,ALL,ip,54.159.236.217,489,328166,315,273716,174,54450
44:3D:54:BE:12:3C,ALL,ip,54.161.156.117,250,198822,166,174864,84,23958
44:3D:54:BE:12:3C,ALL,ip,54.164.163.115,204,55437,120,17901,84,37536
44:3D:54:BE:12:3C,ALL,ip,54.166.125.119,460,331878,303,284688,157,47190
44:3D:54:BE:12:3C,ALL,ip,54.166.21.152,339,93567,198,30941,141,62626
44:3D:54:BE:12:3C,ALL,ip,54.167.177.211,675,84995,284,35670,391,49325
44:3D:54:BE:12:3C,ALL,ip,54.172.251.131,245,166489,156,136063,89,30426
44:3D:54:BE:12:3C,ALL,ip,54.173.238.251,379,268042,241,222106,138,45936
44:3D:54:BE:12:3C,ALL,ip,54.196.171.111,208,168509,133,145145,75,23364
44:3D:54:BE:12:3C,ALL,ip,54.197.138.201,221,165308,146,141944,75,23364
44:3D:54:BE:12:3C,ALL,ip,54.197.89.233,232,161201,152,137507,80,23694
44:3D:54:BE:12:3C,ALL,ip,54.201.253.231,39,9595,22,2617,17,6978
44:3D:54:BE:12:3C,ALL,ip,54.204.238.145,470,331237,308,282807,162,48430
44:3D:54:BE:12:3C,ALL,ip,54.205.167.4,225,145437,146,121809,79,23628
44:3D:54:BE:12:3C,ALL,ip,54.205.211.253,271,180227,174,149273,97,30954
44:3D:54:BE:12:3C,ALL,ip,54.205.215.245,248,171761,165,147869,83,23892
44:3D:54:BE:12:3C,ALL,ip,54.205.24.65,511,140395,299,46423,212,93972
44:3D:54:BE:12:3C,ALL,ip,54.208.116.134,216,144116,139,120620,77,23496
44:3D:54:BE:12:3C,ALL,ip,54.208.137.145,455,344407,293,296887,162,47520
44:3D:54:BE:12:3C,ALL,ip,54.209.215.9,237,178856,157,155024,80,23832
44:3D:54:BE:12:3C,ALL,ip,54.209.235.182,448,338419,293,291361,155,47058
44:3D:54:BE:12:3C,ALL,ip,54.209.28.133,202,145356,130,122190,72,23166
44:3D:54:BE:12:3C,ALL,ip,54.210.25.83,233,178975,158,155483,75,23492
44:3D:54:BE:12:3C,ALL,ip,54.211.160.158,211,146066,133,122504,78,23562
44:3D:54:BE:12:3C,ALL,ip,54.211.233.120,225,167972,151,144674,74,23298
44:3D:54:BE:12:3C,ALL,ip,54.221.114.1,427,321764,275,286282,152,35482
44:3D:54:BE:12:3C,ALL,ip,54.221.200.137,404,110613,237,35607,167,75006
44:3D:54:BE:12:3C,ALL,ip,54.221.231.72,519,363847,329,308341,190,55506
44:3D:54:BE:12:3C,ALL,ip,54.234.138.101,453,329778,297,282654,156,47124
44:3D:54:BE:12:3C,ALL,ip,54.239.27.82,84,25974,48,6369,36,19605
44:3D:54:BE:12:3C,ALL,ip,54.242.128.35,333,92840,197,30544,136,62296
44:3D:54:BE:12:3C,ALL,ip,54.243.119.13,209,147271,136,124039,73,23232
44:3D:54:BE:12:3C,ALL,ip,54.243.58.104,718,194304,415,62334,303,131970
44:3D:54:BE:12:3C,ALL,ip,54.243.96.31,268,199726,179,175162,89,24564
44:3D:54:BE:12:3C,ALL,ip,54.71.86.13,68,17994,39,4406,29,13588
44:3D:54:BE:12:3C,ALL,ip,54.80.225.70,513,369108,331,314130,182,54978
44:3D:54:BE:12:3C,ALL,ip,54.80.65.241,226,169043,148,145481,78,23562
44:3D:54:BE:12:3C,ALL,ip,54.82.116.110,231,170161,146,146137,85,24024
44:3D:54:BE:12:3C,ALL,ip,54.84.134.169,272,163136,181,138716,91,24420
44:3D:54:BE:12:3C,ALL,ip,54.84.191.124,223,150146,144,126518,79,23628
44:3D:54:BE:12:3C,ALL,ip,54.84.203.117,197,142103,129,119201,68,22902
44:3D:54:BE:12:3C,ALL,ip,54.86.104.133,239,176497,152,152341,87,24156
44:3D:54:BE:12:3C,ALL,ip,54.88.215.66,198,150794,129,127826,69,22968
44:3D:54:BE:12:3C,ALL,ip,54.89.30.90,225,167560,143,143734,82,23826
44:3D:54:BE:12:3C,ALL,ip,54.91.103.251,1681,669836,1026,413326,655,256510
44:3D:54:BE:12:3C,ALL,ip,54.91.132.159,217,155330,140,131834,77,23496
44:3D:54:BE:12:3C,ALL,ip,67.220.240.103,48,20089,30,3861,18,16228
44:3D:54:BE:12:3C,ALL,ip,67.220.240.26,22,8125,14,1594,8,6531
44:3D:54:BE:12:3C,ALL,ip,67.220.240.35,45,16304,28,3188,17,13116
44:3D:54:BE:12:3C,ALL,ip,72.21.207.143,84,25974,48,6369,36,19605
44:3D:54:BE:12:3C,ALL,ip,75.101.225.105,209,158686,138,135586,71,23100
44:3D:54:BE:12:3C,ALL,ip,8.8.8.8,15,1620,8,653,7,967
44:3D:54:BE:12:3C,ALL,udp,192.168.3.1,10817,2117571,4171,354716,6646,1762855
44:3D:54:BE:12:3C,ALL,udp,192.168.3.114,2124,717912,0,0,2124,717912
44:3D:54:BE:12:3C,ALL,udp,224.0.0.251,1698,159052,1698,159052,0,0
44:3D:54:BE:12:3C,ALL,udp,239.255.255.250,528,78780,528,78780,0,0
44:3D:54:BE:12:3C,ALL,udp,255.255.255.255,348,25926,348,25926,0,0
44:3D:54:BE:12:3C,ALL,udp,3.215.53.245,2,180,1,90,1,90
44:3D:54:BE:12:3C,ALL,udp,3.234.38.31,2,180,1,90,1,90
44:3D:54:BE:12:3C,ALL,udp,34.239.12.200,4,360,2,180,2,180
44:3D:54:BE:12:3C,ALL,udp,35.168.46.68,2,180,1,90,1,90
44:3D:54:BE:12:3C,ALL,udp,8.8.8.8,15,1620,8,653,7,967
44:3D:54:BE:12:3C,ALL,tcp,100.24.229.171,430,339559,279,298005,151,41554
44:3D:54:BE:12:3C,ALL,tcp,100.25.237.111,303,228401,192,196523,111,31878
44:3D:54:BE:12:3C,ALL,tcp,107.20.107.11,237,161818,152,137794,85,24024
44:3D:54:BE:12:3C,ALL,tcp,107.20.229.209,40,3916,20,2012,20,1904
44:3D:54:BE:12:3C,ALL,tcp,107.20.42.3,185,128284,120,105580,65,22704
44:3D:54:BE:12:3C,ALL,tcp,107.23.125.234,201,141620,132,118652,69,22968
44:3D:54:BE:12:3C,ALL,tcp,108.138.105.27,409,146660,234,32769,175,113891
44:3D:54:BE:12:3C,ALL,tcp,108.138.123.164,167,55484,94,13174,73,42310
44:3D:54:BE:12:3C,ALL,tcp,108.138.125.14,351,47223,176,18173,175,29050
44:3D:54:BE:12:3C,ALL,tcp,108.138.125.193,300,40410,150,15510,150,24900
44:3D:54:BE:12:3C,ALL,tcp,108.138.125.194,310,41757,155,16027,155,25730
44:3D:54:BE:12:3C,ALL,tcp,108.138.125.198,260,35022,130,13442,130,21580
44:3D:54:BE:12:3C,ALL,tcp,108.138.61.174,30,4041,15,1551,15,2490
44:3D:54:BE:12:3C,ALL,tcp,108.138.61.34,20,2694,10,1034,10,1660
44:3D:54:BE:12:3C,ALL,tcp,108.138.63.186,605,203184,346,49546,259,153638
44:3D:54:BE:12:3C,ALL,tcp,108.138.78.184,7281,2456413,4214,597182,3067,1859231
44:3D:54:BE:12:3C,ALL,tcp,108.138.82.190,30,4041,15,1551,15,2490
44:3D:54:BE:12:3C,ALL,tcp,108.138.82.203,20,2694,10,1034,10,1660
44:3D:54:BE:12:3C,ALL,tcp,108.138.82.54,20,2694,10,1034,10,1660
44:3D:54:BE:12:3C,ALL,tcp,108.138.82.9,40,5388,20,2068,20,3320
44:3D:54:BE:12:3C,ALL,tcp,108.139.36.72,1116,373715,643,91076,473,282639
44:3D:54:BE:12:3C,ALL,tcp,108.139.38.196,10,1347,5,517,5,830
44:3D:54:BE:12:3C,ALL,tcp,108.139.45.164,1340,451199,769,107767,571,343432
44:3D:54:BE:12:3C,ALL,tcp,13.225.66.127,80,10776,40,4136,40,6640
44:3D:54:BE:12:3C,ALL,tcp,13.225.66.162,100,13470,50,5170,50,8300
44:3D:54:BE:12:3C,ALL,tcp,13.225.66.219,110,14817,55,5687,55,9130
44:3D:54:BE:12:3C,ALL,tcp,13.225.66.84,30,4041,15,1551,15,2490
44:3D:54:BE:12:3C,ALL,tcp,13.249.39.10,24,8753,14,1946,10,6807
44:3D:54:BE:12:3C,ALL,tcp,13.249.39.48,22,8621,14,1946,8,6675
44:3D:54:BE:12:3C,ALL,tcp,13.249.86.39,352,118355,205,29429,147,88926
44:3D:54:BE:12:3C,ALL,tcp,13.32.207.108,68,40062,46,5315,22,34747
44:3D:54:BE:12:3C,ALL,tcp,13.32.207.122,36,20160,23,2656,13,17504
44:3D:54:BE:12:3C,ALL,tcp,13.32.207.48,216,120995,139,16010,77,104985
44:3D:54:BE:12:3C,ALL,tcp,13.32.207.83,72,40373,47,5410,25,34963
44:3D:54:BE:12:3C,ALL,tcp,13.33.251.13,10,1348,5,517,5,831
44:3D:54:BE:12:3C,ALL,tcp,13.33.251.160,10,1348,5,517,5,831
44:3D:54:BE:12:3C,ALL,tcp,13.33.251.185,10,1348,5,517,5,831
44:3D:54:BE:12:3C,ALL,tcp,13.33.251.7,30,4044,15,1551,15,2493
44:3D:54:BE:12:3C,ALL,tcp,13.35.99.41,968,336778,557,76841,411,259937
44:3D:54:BE:12:3C,ALL,tcp,16.182.106.105,28,8270,16,1674,12,6596
44:3D:54:BE:12:3C,ALL,tcp,16.182.38.121,33,8552,20,1902,13,6650
44:3D:54:BE:12:3C,ALL,tcp,176.32.101.46,30,10621,18,3815,12,6806
44:3D:54:BE:12:3C,ALL,tcp,176.32.98.108,87,31589,52,11225,35,20364
44:3D:54:BE:12:3C,ALL,tcp,18.154.230.100,1382,186022,692,71502,690,114520
44:3D:54:BE:12:3C,ALL,tcp,18.154.230.133,1460,196641,730,75482,730,121159
44:3D:54:BE:12:3C,ALL,tcp,18.154.230.19,1230,165669,615,63591,615,102078
44:3D:54:BE:12:3C,ALL,tcp,18.154.230.60,1222,164449,611,63140,611,101309
44:3D:54:BE:12:3C,ALL,tcp,18.160.1.36,5339,1818889,3090,436891,2249,1381998
44:3D:54:BE:12:3C,ALL,tcp,18.160.21.25,796,280871,463,64676,333,216195
44:3D:54:BE:12:3C,ALL,tcp,18.160.30.54,1025,343902,595,85826,430,258076
44:3D:54:BE:12:3C,ALL,tcp,18.160.54.214,2225,756693,1288,180845,937,575848
44:3D:54:BE:12:3C,ALL,tcp,18.164.113.65,72,23928,40,5230,32,18698
44:3D:54:BE:12:3C,ALL,tcp,18.164.115.101,10,1347,5,517,5,830
44:3D:54:BE:12:3C,ALL,tcp,18.164.115.37,20,2694,10,1034,10,1660
44:3D:54:BE:12:3C,ALL,tcp,18.164.115.51,10,1347,5,517,5,830
44:3D:54:BE:12:3C,ALL,tcp,18.164.115.92,10,1347,5,517,5,830
44:3D:54:BE:12:3C,ALL,tcp,18.164.127.194,648,219882,384,53948,264,165934
44:3D:54:BE:12:3C,ALL,tcp,18.164.131.162,90,12123,45,4653,45,7470
44:3D:54:BE:12:3C,ALL,tcp,18.164.131.179,140,18858,70,7238,70,11620
44:3D:54:BE:12:3C,ALL,tcp,18.164.131.217,160,21552,80,8272,80,13280
44:3D:54:BE:12:3C,ALL,tcp,18.164.131.9,160,21552,80,8272,80,13280
44:3D:54:BE:12:3C,ALL,tcp,18.164.92.70,34,11305,19,2520,15,8785
44:3D:54:BE:12:3C,ALL,tcp,18.165.84.92,134,44305,77,10903,57,33402
44:3D:54:BE:12:3C,ALL,tcp,18.165.95.38,1307,452676,743,104309,564,348367
44:3D:54:BE:12:3C,ALL,tcp,18.173.130.120,107,60418,69,7968,38,52450
44:3D:54:BE:12:3C,ALL,tcp,18.173.139.97,656,221261,380,53705,276,167556
44:3D:54:BE:12:3C,ALL,tcp,18.173.240.126,1584,530978,913,129495,671,401483
44:3D:54:BE:12:3C,ALL,tcp,18.173.242.44,10,1347,5,517,5,830
44:3D:54:BE:12:3C,ALL,tcp,18.205.122.134,229,155719,147,131893,82,23826
44:3D:54:BE:12:3C,ALL,tcp,18.205.142.173,220,159376,141,135748,79,23628
44:3D:54:BE:12:3C,ALL,tcp,18.211.125.121,206,155301,129,131805,77,23496
44:3D:54:BE:12:3C,ALL,tcp,18.211.169.114,222,164264,143,140636,79,23628
44:3D:54:BE:12:3C,ALL,tcp,18.211.175.70,248,194233,161,170077,87,24156
44:3D:54:BE:12:3C,ALL,tcp,18.213.165.47,423,310815,277,264351,146,46464
44:3D:54:BE:12:3C,ALL,tcp,18.214.180.6,537,147434,313,47326,224,100108
44:3D:54:BE:12:3C,ALL,tcp,18.214.19.184,534,402197,333,351975,201,50222
44:3D:54:BE:12:3C,ALL,tcp,18.214.2.241,229,147247,147,123421,82,23826
44:3D:54:BE:12:3C,ALL,tcp,18.214.246.8,432,318517,275,271130,157,47387
44:3D:54:BE:12:3C,ALL,tcp,18.214.83.125,21,2114,11,1162,10,952
44:3D:54:BE:12:3C,ALL,tcp,18.215.120.100,212,152774,137,129410,75,23364
44:3D:54:BE:12:3C,ALL,tcp,18.234.8.50,373,311969,282,301455,91,10514
44:3D:54:BE:12:3C,ALL,tcp,18.238.63.137,497,167899,287,40327,210,127572
44:3D:54:BE:12:3C,ALL,tcp,18.238.72.167,28,9485,18,2617,10,6868
44:3D:54:BE:12:3C,ALL,tcp,18.238.79.207,20,2692,10,1034,10,1658
44:3D:54:BE:12:3C,ALL,tcp,18.67.77.136,3872,1299344,2227,316705,1645,982639
44:3D:54:BE:12:3C,ALL,tcp,184.72.208.19,223,140079,133,115725,90,24354
44:3D:54:BE:12:3C,ALL,tcp,192.168.3.1,656,208828,366,30362,290,178466
44:3D:54:BE:12:3C,ALL,tcp,192.168.3.114,5800,878468,2900,241802,2900,636666
44:3D:54:BE:12:3C,ALL,tcp,209.54.177.114,57,17370,32,4246,25,13124
44:3D:54:BE:12:3C,ALL,tcp,209.54.177.117,28,8658,16,2123,12,6535
44:3D:54:BE:12:3C,ALL,tcp,209.54.177.153,52,17100,30,4138,22,12962
44:3D:54:BE:12:3C,ALL,tcp,209.54.177.157,112,34632,64,8492,48,26140
44:3D:54:BE:12:3C,ALL,tcp,209.54.178.134,58,17436,33,4312,25,13124
44:3D:54:BE:12:3C,ALL,tcp,209.54.178.164,30,8795,17,2177,13,6618
44:3D:54:BE:12:3C,ALL,tcp,209.54.178.166,84,25974,48,6369,36,19605
44:3D:54:BE:12:3C,ALL,tcp,209.54.179.227,28,12072,17,2321,11,9751
44:3D:54:BE:12:3C,ALL,tcp,209.54.179.230,94,36447,59,7103,35,29344
44:3D:54:BE:12:3C,ALL,tcp,209.54.179.231,27,12042,16,2291,11,9751
44:3D:54:BE:12:3C,ALL,tcp,209.54.179.233,23,8179,14,1594,9,6585
44:3D:54:BE:12:3C,ALL,tcp,209.54.179.88,195,60552,111,14807,84,45745
44:3D:54:BE:12:3C,ALL,tcp,209.54.179.93,53,17154,30,4138,23,13016
44:3D:54:BE:12:3C,ALL,tcp,209.54.180.2,52,20334,32,3969,20,16365
44:3D:54:BE:12:3C,ALL,tcp,209.54.180.25,56,17316,32,4246,24,13070
44:3D:54:BE:12:3C,ALL,tcp,209.54.180.27,26,8550,15,2069,11,6481
44:3D:54:BE:12:3C,ALL,tcp,209.54.180.44,29,8712,17,2177,12,6535
44:3D:54:BE:12:3C,ALL,tcp,209.54.181.4,28,8658,16,2123,12,6535
44:3D:54:BE:12:3C,ALL,tcp,209.54.181.98,56,17316,32,4246,24,13070
44:3D:54:BE:12:3C,ALL,tcp,209.54.183.176,50,20197,31,3915,19,16282
44:3D:54:BE:12:3C,ALL,tcp,209.54.183.178,23,8179,14,1594,9,6585
44:3D:54:BE:12:3C,ALL,tcp,209.54.183.185,25,8316,15,1648,10,6668
44:3D:54:BE:12:3C,ALL,tcp,209.54.183.194,49,20143,31,3915,18,16228
44:3D:54:BE:12:3C,ALL,tcp,209.54.183.200,44,16250,28,3188,16,13062
44:3D:54:BE:12:3C,ALL,tcp,23.21.143.244,250,191568,165,167544,85,24024
44:3D:54:BE:12:3C,ALL,tcp,23.23.9.60,681,473227,446,402475,235,70752
44:3D:54:BE:12:3C,ALL,tcp,3.162.110.52,5209,1771863,2987,419478,2222,1352385
44:3D:54:BE:12:3C,ALL,tcp,3.162.126.195,7125,2405271,4123,579812,3002,1825459
44:3D:54:BE:12:3C,ALL,tcp,3.162.130.150,1240,167021,620,64108,620,102913
44:3D:54:BE:12:3C,ALL,tcp,3.162.130.154,911,122653,456,47125,455,75528
44:3D:54:BE:12:3C,ALL,tcp,3.162.130.209,1070,144123,535,55319,535,88804
44:3D:54:BE:12:3C,ALL,tcp,3.162.130.91,1041,140158,521,53846,520,86312
44:3D:54:BE:12:3C,ALL,tcp,3.162.93.101,190,25593,95,9823,95,15770
44:3D:54:BE:12:3C,ALL,tcp,3.162.93.102,210,28287,105,10857,105,17430
44:3D:54:BE:12:3C,ALL,tcp,3.162.93.159,250,33674,125,12925,125,20749
44:3D:54:BE:12:3C,ALL,tcp,3.162.93.201,230,30980,115,11891,115,19089
44:3D:54:BE:12:3C,ALL,tcp,3.162.97.56,161,52477,93,13425,68,39052
44:3D:54:BE:12:3C,ALL,tcp,3.167.117.39,36,11477,19,2554,17,8923
44:3D:54:BE:12:3C,ALL,tcp,3.167.35.39,541,177282,302,43576,239,133706
44:3D:54:BE:12:3C,ALL,tcp,3.167.52.61,58054,128263252,14852,981638,43202,127281614
44:3D:54:BE:12:3C,ALL,tcp,3.167.54.209,250,33675,125,12925,125,20750
44:3D:54:BE:12:3C,ALL,tcp,3.167.54.34,66,67627,42,3685,24,63942
44:3D:54:BE:12:3C,ALL,tcp,3.167.54.38,310,41756,155,16027,155,25729
44:3D:54:BE:12:3C,ALL,tcp,3.167.54.65,290,39062,145,14993,145,24069
44:3D:54:BE:12:3C,ALL,tcp,3.167.54.97,220,29633,110,11374,110,18259
44:3D:54:BE:12:3C,ALL,tcp,3.167.64.98,21,2772,11,1112,10,1660
44:3D:54:BE:12:3C,ALL,tcp,3.167.72.39,7079,2356479,3997,564085,3082,1792394
44:3D:54:BE:12:3C,ALL,tcp,3.167.89.37,5267,1749987,2946,415150,2321,1334837
44:3D:54:BE:12:3C,ALL,tcp,3.167.96.38,317,117545,179,24803,138,92742
44:3D:54:BE:12:3C,ALL,tcp,3.168.120.39,29,9536,18,2603,11,6933
44:3D:54:BE:12:3C,ALL,tcp,3.171.136.38,1787,587384,1011,143732,776,443652
44:3D:54:BE:12:3C,ALL,tcp,3.209.64.137,408,283123,261,236593,147,46530
44:3D:54:BE:12:3C,ALL,tcp,3.210.46.249,230,177170,151,153542,79,23628
44:3D:54:BE:12:3C,ALL,tcp,3.213.186.136,492,324088,318,269638,174,54450
44:3D:54:BE:12:3C,ALL,tcp,3.215.100.225,264,179908,169,155224,95,24684
44:3D:54:BE:12:3C,ALL,tcp,3.216.196.251,244,187170,156,162948,88,24222
44:3D:54:BE:12:3C,ALL,tcp,3.216.34.89,231,172140,152,148512,79,23628
44:3D:54:BE:12:3C,ALL,tcp,3.217.147.217,8465,1006087,3468,452072,4997,554015
44:3D:54:BE:12:3C,ALL,tcp,3.217.156.173,431,310183,265,262159,166,48024
44:3D:54:BE:12:3C,ALL,tcp,3.218.18.11,215,144884,137,121322,78,23562
44:3D:54:BE:12:3C,ALL,tcp,3.218.39.140,415,279577,265,232849,150,46728
44:3D:54:BE:12:3C,ALL,tcp,3.219.64.172,216,162915,139,139419,77,23496
44:3D:54:BE:12:3C,ALL,tcp,3.219.89.253,228,171596,144,147638,84,23958
44:3D:54:BE:12:3C,ALL,tcp,3.220.101.208,318,242497,203,210010,115,32487
44:3D:54:BE:12:3C,ALL,tcp,3.220.6.175,231,147138,157,123840,74,23298
44:3D:54:BE:12:3C,ALL,tcp,3.221.235.214,233,163305,152,139545,81,23760
44:3D:54:BE:12:3C,ALL,tcp,3.223.181.245,22242,2693764,9157,1219653,13085,1474111
44:3D:54:BE:12:3C,ALL,tcp,3.223.237.71,245,198476,165,174782,80,23694
44:3D:54:BE:12:3C,ALL,tcp,3.223.88.139,232,176194,152,152500,80,23694
44:3D:54:BE:12:3C,ALL,tcp,3.224.0.142,400,284258,261,238256,139,46002
44:3D:54:BE:12:3C,ALL,tcp,3.224.7.48,476,346713,311,298995,165,47718
44:3D:54:BE:12:3C,ALL,tcp,3.225.154.199,416,311264,264,270542,152,40722
44:3D:54:BE:12:3C,ALL,tcp,3.225.204.30,237,164166,155,140340,82,23826
44:3D:54:BE:12:3C,ALL,tcp,3.225.215.111,232,172989,155,149493,77,23496
44:3D:54:BE:12:3C,ALL,tcp,3.225.52.36,225,167394,147,143832,78,23562
44:3D:54:BE:12:3C,ALL,tcp,3.226.129.220,227,167672,151,144242,76,23430
44:3D:54:BE:12:3C,ALL,tcp,3.226.165.18,210,148235,136,124925,74,23310
44:3D:54:BE:12:3C,ALL,tcp,3.226.212.217,227,175447,151,152017,76,23430
44:3D:54:BE:12:3C,ALL,tcp,3.227.83.236,203,55380,118,17778,85,37602
44:3D:54:BE:12:3C,ALL,tcp,3.228.122.11,250,189890,163,165734,87,24156
44:3D:54:BE:12:3C,ALL,tcp,3.228.91.102,234,175430,152,151604,82,23826
44:3D:54:BE:12:3C,ALL,tcp,3.229.159.163,208,151864,137,128764,71,23100
44:3D:54:BE:12:3C,ALL,tcp,3.229.160.128,229,165707,147,141881,82,23826
44:3D:54:BE:12:3C,ALL,tcp,3.229.211.55,461,322144,296,274426,165,47718
44:3D:54:BE:12:3C,ALL,tcp,3.229.244.36,239,184889,155,160931,84,23958
44:3D:54:BE:12:3C,ALL,tcp,3.231.65.199,232,171191,151,147431,81,23760
44:3D:54:BE:12:3C,ALL,tcp,3.232.200.74,572,428574,370,366138,202,62436
44:3D:54:BE:12:3C,ALL,tcp,3.232.62.20,258,180837,162,155949,96,24888
44:3D:54:BE:12:3C,ALL,tcp,3.233.206.1,246,198125,160,174023,86,24102
44:3D:54:BE:12:3C,ALL,tcp,3.90.193.148,1539,1207586,1012,1072384,527,135202
44:3D:54:BE:12:3C,ALL,tcp,3.90.93.237,215,144496,140,121132,75,23364
44:3D:54:BE:12:3C,ALL,tcp,3.93.95.161,250,177266,159,146708,91,30558
44:3D:54:BE:12:3C,ALL,tcp,3.95.118.55,238,176653,156,152827,82,23826
44:3D:54:BE:12:3C,ALL,tcp,3.95.77.191,237,179570,155,155744,82,23826
44:3D:54:BE:12:3C,ALL,tcp,34.193.121.152,505,368460,330,320082,175,48378
44:3D:54:BE:12:3C,ALL,tcp,34.193.70.72,239,183920,150,159632,89,24288
44:3D:54:BE:12:3C,ALL,tcp,34.194.30.73,220,174771,142,151081,78,23690
44:3D:54:BE:12:3C,ALL,tcp,34.195.175.66,376,102172,221,33290,155,68882
44:3D:54:BE:12:3C,ALL,tcp,34.195.62.213,213,161512,137,138082,76,23430
44:3D:54:BE:12:3C,ALL,tcp,34.196.63.235,248,168302,159,144014,89,24288
44:3D:54:BE:12:3C,ALL,tcp,34.197.138.74,263,192625,167,161737,96,30888
44:3D:54:BE:12:3C,ALL,tcp,34.197.184.235,242,164853,161,141093,81,23760
44:3D:54:BE:12:3C,ALL,tcp,34.197.203.148,457,346802,298,299480,159,47322
44:3D:54:BE:12:3C,ALL,tcp,34.198.78.104,577,392587,376,336124,201,56463
44:3D:54:BE:12:3C,ALL,tcp,34.199.149.113,493,380466,318,332088,175,48378
44:3D:54:BE:12:3C,ALL,tcp,34.199.159.124,332,192674,219,166525,113,26149
44:3D:54:BE:12:3C,ALL,tcp,34.199.246.5,214,144343,136,120653,78,23690
44:3D:54:BE:12:3C,ALL,tcp,34.199.88.168,155,116791,101,100951,54,15840
44:3D:54:BE:12:3C,ALL,tcp,34.200.107.64,240,165331,154,135103,86,30228
44:3D:54:BE:12:3C,ALL,tcp,34.200.96.179,226,166639,142,142681,84,23958
44:3D:54:BE:12:3C,ALL,tcp,34.201.189.27,253,193120,166,168964,87,24156
44:3D:54:BE:12:3C,ALL,tcp,34.203.52.61,221,160038,143,136476,78,23562
44:3D:54:BE:12:3C,ALL,tcp,34.205.108.34,236,190804,158,167242,78,23562
44:3D:54:BE:12:3C,ALL,tcp,34.205.186.68,425,319564,280,273166,145,46398
44:3D:54:BE:12:3C,ALL,tcp,34.205.61.248,225,149259,154,126159,71,23100
44:3D:54:BE:12:3C,ALL,tcp,34.206.138.70,243,165726,150,141174,93,24552
44:3D:54:BE:12:3C,ALL,tcp,34.206.197.93,230,166520,147,142628,83,23892
44:3D:54:BE:12:3C,ALL,tcp,34.224.103.154,246,177030,159,152874,87,24156
44:3D:54:BE:12:3C,ALL,tcp,34.225.135.247,231,158185,147,134215,84,23970
44:3D:54:BE:12:3C,ALL,tcp,34.225.146.231,207,151497,134,128265,73,23232
44:3D:54:BE:12:3C,ALL,tcp,34.227.121.68,237,180860,158,157232,79,23628
44:3D:54:BE:12:3C,ALL,tcp,34.228.175.93,238,171241,150,147019,88,24222
44:3D:54:BE:12:3C,ALL,tcp,34.230.103.194,232,149653,152,125959,80,23694
44:3D:54:BE:12:3C,ALL,tcp,34.230.126.114,443,331471,277,283687,166,47784
44:3D:54:BE:12:3C,ALL,tcp,34.230.150.226,343,256811,218,224009,125,32802
44:3D:54:BE:12:3C,ALL,tcp,34.233.144.19,219,160225,142,136729,77,23496
44:3D:54:BE:12:3C,ALL,tcp,34.233.202.64,236,190440,155,166680,81,23760
44:3D:54:BE:12:3C,ALL,tcp,34.233.215.20,304,225052,193,193174,111,31878
44:3D:54:BE:12:3C,ALL,tcp,34.233.77.245,264,189179,170,158423,94,30756
44:3D:54:BE:12:3C,ALL,tcp,34.235.66.225,223,151629,144,127989,79,23640
44:3D:54:BE:12:3C,ALL,tcp,34.235.86.56,573,469009,378,413173,195,55836
44:3D:54:BE:12:3C,ALL,tcp,34.237.111.59,434,120822,259,39956,175,80866
44:3D:54:BE:12:3C,ALL,tcp,34.237.179.28,107,86300,72,77852,35,8448
44:3D:54:BE:12:3C,ALL,tcp,34.237.199.118,344,280490,228,248282,116,32208
44:3D:54:BE:12:3C,ALL,tcp,34.237.23.188,474,342263,306,294347,168,47916
44:3D:54:BE:12:3C,ALL,tcp,35.155.9.57,66,17874,38,4352,28,13522
44:3D:54:BE:12:3C,ALL,tcp,35.167.225.196,34,9003,20,2242,14,6761
44:3D:54:BE:12:3C,ALL,tcp,35.169.21.72,224,183791,141,159899,83,23892
44:3D:54:BE:12:3C,ALL,tcp,35.170.94.57,230,160866,148,130902,82,29964
44:3D:54:BE:12:3C,ALL,tcp,35.171.36.224,22,8091,13,1632,9,6459
44:3D:54:BE:12:3C,ALL,tcp,35.172.2.224,5950,490873,2974,294426,2976,196447
44:3D:54:BE:12:3C,ALL,tcp,35.173.163.27,214,167956,134,144262,80,23694
44:3D:54:BE:12:3C,ALL,tcp,35.174.133.135,240,193914,163,170418,77,23496
44:3D:54:BE:12:3C,ALL,tcp,35.174.217.7,555,412088,363,356450,192,55638
44:3D:54:BE:12:3C,ALL,tcp,35.174.66.136,408,309077,272,269411,136,39666
44:3D:54:BE:12:3C,ALL,tcp,35.175.71.102,8392,1077604,3472,504051,4920,573553
44:3D:54:BE:12:3C,ALL,tcp,44.193.236.65,676,186302,396,61170,280,125132
44:3D:54:BE:12:3C,ALL,tcp,44.193.246.225,228,164879,147,141119,81,23760
44:3D:54:BE:12:3C,ALL,tcp,44.193.70.199,251,168839,164,144683,87,24156
44:3D:54:BE:12:3C,ALL,tcp,44.198.146.26,226,174369,149,150873,77,23496
44:3D:54:BE:12:3C,ALL,tcp,44.198.224.47,647,175649,376,56455,271,119194
44:3D:54:BE:12:3C,ALL,tcp,44.199.138.71,514,139275,299,45093,215,94182
44:3D:54:BE:12:3C,ALL,tcp,44.199.42.139,276,208029,170,181720,106,26309
44:3D:54:BE:12:3C,ALL,tcp,44.199.52.214,643,175481,376,56551,267,118930
44:3D:54:BE:12:3C,ALL,tcp,44.199.66.1,225,148467,147,124905,78,23562
44:3D:54:BE:12:3C,ALL,tcp,44.199.80.228,16901,2257490,7009,1096013,9892,1161477
44:3D:54:BE:12:3C,ALL,tcp,44.207.10.190,3350,285446,1677,167719,1673,117727
44:3D:54:BE:12:3C,ALL,tcp,44.207.157.32,203,149169,127,125739,76,23430
44:3D:54:BE:12:3C,ALL,tcp,44.207.21.144,266,174242,167,149294,99,24948
44:3D:54:BE:12:3C,ALL,tcp,44.207.238.135,296,224966,196,193814,100,31152
44:3D:54:BE:12:3C,ALL,tcp,44.208.12.189,508,378241,337,323989,171,54252
44:3D:54:BE:12:3C,ALL,tcp,44.212.253.145,235,188975,153,165149,82,23826
44:3D:54:BE:12:3C,ALL,tcp,44.213.224.232,219,148012,141,124381,78,23631
44:3D:54:BE:12:3C,ALL,tcp,44.214.235.38,436,330669,282,283677,154,46992
44:3D:54:BE:12:3C,ALL,tcp,44.215.115.150,3743,1512084,2328,383663,1415,1128421
44:3D:54:BE:12:3C,ALL,tcp,44.215.115.210,82,23814,46,6135,36,17679
44:3D:54:BE:12:3C,ALL,tcp,44.215.129.154,56,17028,32,5094,24,11934
44:3D:54:BE:12:3C,ALL,tcp,44.215.129.169,3321,1355051,2075,344431,1246,1010620
44:3D:54:BE:12:3C,ALL,tcp,44.215.132.234,29,8077,16,2089,13,5988
44:3D:54:BE:12:3C,ALL,tcp,44.215.132.72,28,9664,16,3659,12,6005
44:3D:54:BE:12:3C,ALL,tcp,44.215.133.149,54,15832,30,4046,24,11786
44:3D:54:BE:12:3C,ALL,tcp,44.215.133.95,3884,1572728,2416,399941,1468,1172787
44:3D:54:BE:12:3C,ALL,tcp,44.215.134.182,84,25542,48,7641,36,17901
44:3D:54:BE:12:3C,ALL,tcp,44.215.138.245,58,18239,33,5184,25,13055
44:3D:54:BE:12:3C,ALL,tcp,44.216.139.251,472,345064,308,296514,164,48550
44:3D:54:BE:12:3C,ALL,tcp,44.216.140.245,229,173191,150,149563,79,23628
44:3D:54:BE:12:3C,ALL,tcp,44.217.216.196,225,151652,143,127826,82,23826
44:3D:54:BE:12:3C,ALL,tcp,44.218.115.167,243,165394,165,141832,78,23562
44:3D:54:BE:12:3C,ALL,tcp,44.218.40.123,207,149722,132,126358,75,23364
44:3D:54:BE:12:3C,ALL,tcp,44.218.89.189,200,152312,132,129410,68,22902
44:3D:54:BE:12:3C,ALL,tcp,44.219.35.92,258,174850,170,150628,88,24222
44:3D:54:BE:12:3C,ALL,tcp,44.220.100.69,497,340681,320,292171,177,48510
44:3D:54:BE:12:3C,ALL,tcp,44.220.13.195,219,167065,144,143701,75,23364
44:3D:54:BE:12:3C,ALL,tcp,44.221.182.152,690,486542,444,415064,246,71478
44:3D:54:BE:12:3C,ALL,tcp,44.225.45.107,37,9755,21,2468,16,7287
44:3D:54:BE:12:3C,ALL,tcp,44.226.67.213,71,18466,42,4859,29,13607
44:3D:54:BE:12:3C,ALL,tcp,44.240.184.205,37,9463,22,2617,15,6846
44:3D:54:BE:12:3C,ALL,tcp,50.16.58.247,317,234845,204,202490,113,32355
44:3D:54:BE:12:3C,ALL,tcp,50.19.221.32,213,143297,139,119999,74,23298
44:3D:54:BE:12:3C,ALL,tcp,52.0.87.56,238,173555,159,149927,79,23628
44:3D:54:BE:12:3C,ALL,tcp,52.119.196.31,85,26028,48,6369,37,19659
44:3D:54:BE:12:3C,ALL,tcp,52.119.198.101,56,17316,32,4246,24,13070
44:3D:54:BE:12:3C,ALL,tcp,52.119.198.106,223,69210,127,16930,96,52280
44:3D:54:BE:12:3C,ALL,tcp,52.119.198.109,222,69156,127,16930,95,52226
44:3D:54:BE:12:3C,ALL,tcp,52.119.198.118,84,25974,48,6369,36,19605
44:3D:54:BE:12:3C,ALL,tcp,52.119.198.186,170,52056,97,12792,73,39264
44:3D:54:BE:12:3C,ALL,tcp,52.119.198.189,140,43290,80,10615,60,32675
44:3D:54:BE:12:3C,ALL,tcp,52.119.198.2,108,34416,62,8384,46,26032
44:3D:54:BE:12:3C,ALL,tcp,52.20.206.121,441,120462,257,39002,184,81460
44:3D:54:BE:12:3C,ALL,tcp,52.20.206.49,262,200487,171,176067,91,24420
44:3D:54:BE:12:3C,ALL,tcp,52.20.90.234,340,243296,226,211220,114,32076
44:3D:54:BE:12:3C,ALL,tcp,52.200.103.55,240,164426,156,140468,84,23958
44:3D:54:BE:12:3C,ALL,tcp,52.200.248.145,196,144915,128,122013,68,22902
44:3D:54:BE:12:3C,ALL,tcp,52.201.35.208,235,161929,152,138037,83,23892
44:3D:54:BE:12:3C,ALL,tcp,52.201.91.158,490,366377,319,312125,171,54252
44:3D:54:BE:12:3C,ALL,tcp,52.202.2.34,441,120221,258,38815,183,81406
44:3D:54:BE:12:3C,ALL,tcp,52.203.112.125,129,82338,80,66828,49,15510
44:3D:54:BE:12:3C,ALL,tcp,52.203.242.245,195,138927,126,115959,69,22968
44:3D:54:BE:12:3C,ALL,tcp,52.203.9.9,226,162142,146,138448,80,23694
44:3D:54:BE:12:3C,ALL,tcp,52.21.43.192,239,171311,154,147287,85,24024
44:3D:54:BE:12:3C,ALL,tcp,52.216.217.185,31,8431,18,1781,13,6650
44:3D:54:BE:12:3C,ALL,tcp,52.217.75.116,31,8431,19,1835,12,6596
44:3D:54:BE:12:3C,ALL,tcp,52.22.159.169,418,277046,271,230516,147,46530
44:3D:54:BE:12:3C,ALL,tcp,52.27.163.92,36,9397,20,2485,16,6912
44:3D:54:BE:12:3C,ALL,tcp,52.3.38.37,227,171476,145,147650,82,23826
44:3D:54:BE:12:3C,ALL,tcp,52.36.138.241,33,8937,19,2176,14,6761
44:3D:54:BE:12:3C,ALL,tcp,52.37.30.201,34,9003,20,2242,14,6761
44:3D:54:BE:12:3C,ALL,tcp,52.39.190.49,36,9123,21,2296,15,6827
44:3D:54:BE:12:3C,ALL,tcp,52.4.90.203,229,169340,149,145646,80,23694
44:3D:54:BE:12:3C,ALL,tcp,52.42.206.78,37,9463,22,2617,15,6846
44:3D:54:BE:12:3C,ALL,tcp,52.44.129.250,483,338036,310,283652,173,54384
44:3D:54:BE:12:3C,ALL,tcp,52.46.128.80,22,8125,13,1540,9,6585
44:3D:54:BE:12:3C,ALL,tcp,52.46.128.81,112,34632,63,8438,49,26194
44:3D:54:BE:12:3C,ALL,tcp,52.46.131.169,83,25920,47,6315,36,19605
44:3D:54:BE:12:3C,ALL,tcp,52.46.131.184,112,34632,64,8492,48,26140
44:3D:54:BE:12:3C,ALL,tcp,52.46.131.209,114,34740,65,8546,49,26194
44:3D:54:BE:12:3C,ALL,tcp,52.46.133.103,31,10623,19,3817,12,6806
44:3D:54:BE:12:3C,ALL,tcp,52.46.141.207,25,8316,15,1648,10,6668
44:3D:54:BE:12:3C,ALL,tcp,52.46.141.254,49,20143,31,3915,18,16228
44:3D:54:BE:12:3C,ALL,tcp,52.46.142.156,25,8316,15,1648,10,6668
44:3D:54:BE:12:3C,ALL,tcp,52.46.143.123,112,34632,64,8492,48,26140
44:3D:54:BE:12:3C,ALL,tcp,52.46.144.254,24,8262,15,1648,9,6614
44:3D:54:BE:12:3C,ALL,tcp,52.46.145.14,24,8262,15,1648,9,6614
44:3D:54:BE:12:3C,ALL,tcp,52.46.146.126,140,43290,80,10615,60,32675
44:3D:54:BE:12:3C,ALL,tcp,52.46.147.250,92,32774,57,6430,35,26344
44:3D:54:BE:12:3C,ALL,tcp,52.46.149.29,84,25974,48,6369,36,19605
44:3D:54:BE:12:3C,ALL,tcp,52.46.149.57,114,34740,64,8492,50,26248
44:3D:54:BE:12:3C,ALL,tcp,52.46.155.112,112,34632,64,8492,48,26140
44:3D:54:BE:12:3C,ALL,tcp,52.5.156.58,224,152979,145,129351,79,23628
44:3D:54:BE:12:3C,ALL,tcp,52.6.206.210,255,185561,165,161207,90,24354
44:3D:54:BE:12:3C,ALL,tcp,52.6.21.157,272,185787,176,154899,96,30888
44:3D:54:BE:12:3C,ALL,tcp,52.70.217.64,211,152468,135,129038,76,23430
44:3D:54:BE:12:3C,ALL,tcp,52.70.221.93,468,322797,305,275211,163,47586
44:3D:54:BE:12:3C,ALL,tcp,52.73.231.60,222,152853,137,128829,85,24024
44:3D:54:BE:12:3C,ALL,tcp,52.85.151.15,22,8621,14,1946,8,6675
44:3D:54:BE:12:3C,ALL,tcp,52.85.61.116,45,16998,28,3582,17,13416
44:3D:54:BE:12:3C,ALL,tcp,52.86.105.41,205,145018,131,121720,74,23298
44:3D:54:BE:12:3C,ALL,tcp,52.94.225.227,73,28376,45,5509,28,22867
44:3D:54:BE:12:3C,ALL,tcp,52.94.231.169,28,8670,16,2123,12,6547
44:3D:54:BE:12:3C,ALL,tcp,52.94.233.34,23,8179,14,1594,9,6585
44:3D:54:BE:12:3C,ALL,tcp,52.94.233.94,25,11881,16,2267,9,9614
44:3D:54:BE:12:3C,ALL,tcp,52.94.236.199,70,24693,43,4873,27,19820
44:3D:54:BE:12:3C,ALL,tcp,52.94.240.240,197,60660,112,14861,85,45799
44:3D:54:BE:12:3C,ALL,tcp,52.94.241.146,54,17208,31,4192,23,13016
44:3D:54:BE:12:3C,ALL,tcp,52.94.242.236,28,8658,16,2123,12,6535
44:3D:54:BE:12:3C,ALL,tcp,54.144.110.71,252,177651,161,153231,91,24420
44:3D:54:BE:12:3C,ALL,tcp,54.145.62.134,203,147091,133,124057,70,23034
44:3D:54:BE:12:3C,ALL,tcp,54.146.164.150,243,183600,157,159510,86,24090
44:3D:54:BE:12:3C,ALL,tcp,54.157.203.98,493,141503,289,53391,204,88112
44:3D:54:BE:12:3C,ALL,tcp,54.158.218.26,261,198644,172,174356,89,24288
44:3D:54:BE:12:3C,ALL,tcp,54.159.177.207,436,313224,285,266361,151,46863
44:3D:54:BE:12:3C,ALL,tcp,54.159.213.160,218,144957,140,121395,78,23562
44:3D:54:BE:12:3C,ALL,tcp,54.159.236.217,489,328166,315,273716,174,54450
44:3D:54:BE:12:3C,ALL,tcp,54.161.156.117,250,198822,166,174864,84,23958
44:3D:54:BE:12:3C,ALL,tcp,54.164.163.115,204,55437,120,17901,84,37536
44:3D:54:BE:12:3C,ALL,tcp,54.166.125.119,460,331878,303,284688,157,47190
44:3D:54:BE:12:3C,ALL,tcp,54.166.21.152,339,93567,198,30941,141,62626
44:3D:54:BE:12:3C,ALL,tcp,54.167.177.211,675,84995,284,35670,391,49325
44:3D:54:BE:12:3C,ALL,tcp,54.172.251.131,245,166489,156,136063,89,30426
44:3D:54:BE:12:3C,ALL,tcp,54.173.238.251,379,268042,241,222106,138,45936
44:3D:54:BE:12:3C,ALL,tcp,54.196.171.111,208,168509,133,145145,75,23364
44:3D:54:BE:12:3C,ALL,tcp,54.197.138.201,221,165308,146,141944,75,23364
44:3D:54:BE:12:3C,ALL,tcp,54.197.89.233,232,161201,152,137507,80,23694
44:3D:54:BE:12:3C,ALL,tcp,54.201.253.231,39,9595,22,2617,17,6978
44:3D:54:BE:12:3C,ALL,tcp,54.204.238.145,470,331237,308,282807,162,48430
44:3D:54:BE:12:3C,ALL,tcp,54.205.167.4,225,145437,146,121809,79,23628
44:3D:54:BE:12:3C,ALL,tcp,54.205.211.253,271,180227,174,149273,97,30954
44:3D:54:BE:12:3C,ALL,tcp,54.205.215.245,248,171761,165,147869,83,23892
44:3D:54:BE:12:3C,ALL,tcp,54.205.24.65,511,140395,299,46423,212,93972
44:3D:54:BE:12:3C,ALL,tcp,54.208.116.134,216,144116,139,120620,77,23496
44:3D:54:BE:12:3C,ALL,tcp,54.208.137.145,455,344407,293,296887,162,47520
44:3D:54:BE:12:3C,ALL,tcp,54.209.215.9,237,178856,157,155024,80,23832
44:3D:54:BE:12:3C,ALL,tcp,54.209.235.182,448,338419,293,291361,155,47058
44:3D:54:BE:12:3C,ALL,tcp,54.209.28.133,202,145356,130,122190,72,23166
44:3D:54:BE:12:3C,ALL,tcp,54.210.25.83,233,178975,158,155483,75,23492
44:3D:54:BE:12:3C,ALL,tcp,54.211.160.158,211,146066,133,122504,78,23562
44:3D:54:BE:12:3C,ALL,tcp,54.211.233.120,225,167972,151,144674,74,23298
44:3D:54:BE:12:3C,ALL,tcp,54.221.114.1,427,321764,275,286282,152,35482
44:3D:54:BE:12:3C,ALL,tcp,54.221.200.137,404,110613,237,35607,167,75006
44:3D:54:BE:12:3C,ALL,tcp,54.221.231.72,519,363847,329,308341,190,55506
44:3D:54:BE:12:3C,ALL,tcp,54.234.138.101,453,329778,297,282654,156,47124
44:3D:54:BE:12:3C,ALL,tcp,54.239.27.82,84,25974,48,6369,36,19605
44:3D:54:BE:12:3C,ALL,tcp,54.242.128.35,333,92840,197,30544,136,62296
44:3D:54:BE:12:3C,ALL,tcp,54.243.119.13,209,147271,136,124039,73,23232
44:3D:54:BE:12:3C,ALL,tcp,54.243.58.104,718,194304,415,62334,303,131970
44:3D:54:BE:12:3C,ALL,tcp,54.243.96.31,268,199726,179,175162,89,24564
44:3D:54:BE:12:3C,ALL,tcp,54.71.86.13,68,17994,39,4406,29,13588
44:3D:54:BE:12:3C,ALL,tcp,54.80.225.70,513,369108,331,314130,182,54978
44:3D:54:BE:12:3C,ALL,tcp,54.80.65.241,226,169043,148,145481,78,23562
44:3D:54:BE:12:3C,ALL,tcp,54.82.116.110,231,170161,146,146137,85,24024
44:3D:54:BE:12:3C,ALL,tcp,54.84.134.169,272,163136,181,138716,91,24420
44:3D:54:BE:12:3C,ALL,tcp,54.84.191.124,223,150146,144,126518,79,23628
44:3D:54:BE:12:3C,ALL,tcp,54.84.203.117,197,142103,129,119201,68,22902
44:3D:54:BE:12:3C,ALL,tcp,54.86.104.133,239,176497,152,152341,87,24156
44:3D:54:BE:12:3C,ALL,tcp,54.88.215.66,198,150794,129,127826,69,22968
44:3D:54:BE:12:3C,ALL,tcp,54.89.30.90,225,167560,143,143734,82,23826
44:3D:54:BE:12:3C,ALL,tcp,54.91.103.251,1681,669836,1026,413326,655,256510
44:3D:54:BE:12:3C,ALL,tcp,54.91.132.159,217,155330,140,131834,77,23496
44:3D:54:BE:12:3C,ALL,tcp,67.220.240.103,48,20089,30,3861,18,16228
44:3D:54:BE:12:3C,ALL,tcp,67.220.240.26,22,8125,14,1594,8,6531
44:3D:54:BE:12:3C,ALL,tcp,67.220.240.35,45,16304,28,3188,17,13116
44:3D:54:BE:12:3C,ALL,tcp,72.21.207.143,84,25974,48,6369,36,19605
44:3D:54:BE:12:3C,ALL,tcp,75.101.225.105,209,158686,138,135586,71,23100
44:3D:54:BE:12:3C,ALL,tls,100.24.229.171,257,325165,232,291967,25,33198
44:3D:54:BE:12:3C,ALL,tls,100.25.237.111,176,219955,156,194115,20,25840
44:3D:54:BE:12:3C,ALL,tls,107.20.107.11,139,153854,124,134474,15,19380
44:3D:54:BE:12:3C,ALL,tls,107.20.42.3,109,123220,94,103840,15,19380
44:3D:54:BE:12:3C,ALL,tls,107.23.125.234,120,136226,105,116846,15,19380
44:3D:54:BE:12:3C,ALL,tls,108.138.105.27,164,111734,73,22047,91,89687
44:3D:54:BE:12:3C,ALL,tls,108.138.123.164,68,46014,30,8910,38,37104
44:3D:54:BE:12:3C,ALL,tls,108.138.63.186,246,179154,111,33844,135,145310
44:3D:54:BE:12:3C,ALL,tls,108.138.78.184,2974,2144127,1335,405060,1639,1739067
44:3D:54:BE:12:3C,ALL,tls,108.139.36.72,457,323893,206,61890,251,262003
44:3D:54:BE:12:3C,ALL,tls,108.139.45.164,545,396625,241,72539,304,324086
44:3D:54:BE:12:3C,ALL,tls,13.249.39.10,8,7681,4,1278,4,6403
44:3D:54:BE:12:3C,ALL,tls,13.249.39.48,8,7681,4,1278,4,6403
44:3D:54:BE:12:3C,ALL,tls,13.249.86.39,146,104547,66,20131,80,84416
44:3D:54:BE:12:3C,ALL,tls,13.32.207.108,24,37126,12,3055,12,34071
44:3D:54:BE:12:3C,ALL,tls,13.32.207.122,12,17132,6,1526,6,15606
44:3D:54:BE:12:3C,ALL,tls,13.32.207.48,73,94325,36,9164,37,85161
44:3D:54:BE:12:3C,ALL,tls,13.32.207.83,25,37215,12,3060,13,34155
44:3D:54:BE:12:3C,ALL,tls,13.35.99.41,387,286604,173,51277,214,235327
44:3D:54:BE:12:3C,ALL,tls,16.182.106.105,13,7428,5,1060,8,6368
44:3D:54:BE:12:3C,ALL,tls,16.182.38.121,13,7428,5,1060,8,6368
44:3D:54:BE:12:3C,ALL,tls,176.32.101.46,13,9671,8,3255,5,6416
44:3D:54:BE:12:3C,ALL,tls,176.32.98.108,38,28847,23,9599,15,19248
44:3D:54:BE:12:3C,ALL,tls,18.160.1.36,2184,1578011,977,296013,1207,1281998
44:3D:54:BE:12:3C,ALL,tls,18.160.21.25,323,237785,144,43370,179,194415
44:3D:54:BE:12:3C,ALL,tls,18.160.30.54,421,300662,190,58800,231,241862
44:3D:54:BE:12:3C,ALL,tls,18.160.54.214,908,652963,407,122119,501,530844
44:3D:54:BE:12:3C,ALL,tls,18.164.113.65,28,19564,12,3366,16,16198
44:3D:54:BE:12:3C,ALL,tls,18.164.127.194,264,194194,121,36382,143,157812
44:3D:54:BE:12:3C,ALL,tls,18.164.92.70,14,9969,6,1654,8,8315
44:3D:54:BE:12:3C,ALL,tls,18.165.84.92,54,38961,24,7373,30,31588
44:3D:54:BE:12:3C,ALL,tls,18.165.95.38,526,387690,234,70391,292,317299
44:3D:54:BE:12:3C,ALL,tls,18.173.130.120,36,48544,18,4578,18,43966
44:3D:54:BE:12:3C,ALL,tls,18.173.139.97,268,188157,121,36415,147,151742
44:3D:54:BE:12:3C,ALL,tls,18.173.240.126,652,465842,293,88179,359,377663
44:3D:54:BE:12:3C,ALL,tls,18.205.122.134,135,149467,120,130087,15,19380
44:3D:54:BE:12:3C,ALL,tls,18.205.142.173,128,153256,113,133876,15,19380
44:3D:54:BE:12:3C,ALL,tls,18.211.125.121,116,146405,101,129921,15,16484
44:3D:54:BE:12:3C,ALL,tls,18.211.169.114,128,153668,113,134288,15,19380
44:3D:54:BE:12:3C,ALL,tls,18.211.175.70,148,184689,133,166757,15,17932
44:3D:54:BE:12:3C,ALL,tls,18.213.165.47,252,297985,222,259225,30,38760
44:3D:54:BE:12:3C,ALL,tls,18.214.180.6,232,126988,96,32828,136,94160
44:3D:54:BE:12:3C,ALL,tls,18.214.19.184,310,387189,280,348429,30,38760
44:3D:54:BE:12:3C,ALL,tls,18.214.2.241,134,138033,119,120101,15,17932
44:3D:54:BE:12:3C,ALL,tls,18.214.246.8,249,304895,219,265938,30,38957
44:3D:54:BE:12:3C,ALL,tls,18.215.120.100,124,142574,109,126090,15,16484
44:3D:54:BE:12:3C,ALL,tls,18.234.8.50,266,290305,261,285475,5,4830
44:3D:54:BE:12:3C,ALL,tls,18.238.63.137,202,143905,90,27205,112,116700
44:3D:54:BE:12:3C,ALL,tls,18.238.72.167,12,8401,6,1805,6,6596
44:3D:54:BE:12:3C,ALL,tls,18.67.77.136,1579,1128914,706,215311,873,913603
44:3D:54:BE:12:3C,ALL,tls,184.72.208.19,120,130337,105,110957,15,19380
44:3D:54:BE:12:3C,ALL,tls,209.54.177.114,22,14240,12,3126,10,11114
44:3D:54:BE:12:3C,ALL,tls,209.54.177.117,11,7708,6,1563,5,6145
44:3D:54:BE:12:3C,ALL,tls,209.54.177.153,22,15416,12,3126,10,12290
44:3D:54:BE:12:3C,ALL,tls,209.54.177.157,44,30832,24,6252,20,24580
44:3D:54:BE:12:3C,ALL,tls,209.54.178.134,22,12780,12,3126,10,9654
44:3D:54:BE:12:3C,ALL,tls,209.54.178.164,12,7791,6,1563,6,6228
44:3D:54:BE:12:3C,ALL,tls,209.54.178.166,33,23124,18,4689,15,18435
44:3D:54:BE:12:3C,ALL,tls,209.54.179.227,10,11068,4,1599,6,9469
44:3D:54:BE:12:3C,ALL,tls,209.54.179.230,34,33079,16,4701,18,28378
44:3D:54:BE:12:3C,ALL,tls,209.54.179.231,10,11068,4,1599,6,9469
44:3D:54:BE:12:3C,ALL,tls,209.54.179.233,8,7337,4,1034,4,6303
44:3D:54:BE:12:3C,ALL,tls,209.54.179.88,77,51320,42,10941,35,40379
44:3D:54:BE:12:3C,ALL,tls,209.54.179.93,22,15416,12,3126,10,12290
44:3D:54:BE:12:3C,ALL,tls,209.54.180.2,19,18488,8,2633,11,15855
44:3D:54:BE:12:3C,ALL,tls,209.54.180.25,22,15416,12,3126,10,12290
44:3D:54:BE:12:3C,ALL,tls,209.54.180.27,11,7708,6,1563,5,6145
44:3D:54:BE:12:3C,ALL,tls,209.54.180.44,11,7708,6,1563,5,6145
44:3D:54:BE:12:3C,ALL,tls,209.54.181.4,11,7708,6,1563,5,6145
44:3D:54:BE:12:3C,ALL,tls,209.54.181.98,22,15416,12,3126,10,12290
44:3D:54:BE:12:3C,ALL,tls,209.54.183.176,18,15769,8,2633,10,13136
44:3D:54:BE:12:3C,ALL,tls,209.54.183.178,8,6161,4,1034,4,5127
44:3D:54:BE:12:3C,ALL,tls,209.54.183.185,9,7420,4,1034,5,6386
44:3D:54:BE:12:3C,ALL,tls,209.54.183.194,18,18405,8,2633,10,15772
44:3D:54:BE:12:3C,ALL,tls,209.54.183.200,16,14674,8,2068,8,12606
44:3D:54:BE:12:3C,ALL,tls,23.21.143.244,153,185118,138,165738,15,19380
44:3D:54:BE:12:3C,ALL,tls,23.23.9.60,407,450655,362,392515,45,58140
44:3D:54:BE:12:3C,ALL,tls,3.162.110.52,2119,1522499,940,282976,1179,1239523
44:3D:54:BE:12:3C,ALL,tls,3.162.126.195,2905,2090315,1309,392184,1596,1698131
44:3D:54:BE:12:3C,ALL,tls,3.162.97.56,66,44699,30,9227,36,35472
44:3D:54:BE:12:3C,ALL,tls,3.167.117.39,14,8581,6,1688,8,6893
44:3D:54:BE:12:3C,ALL,tls,3.167.35.39,213,135410,96,29852,117,105558
44:3D:54:BE:12:3C,ALL,tls,3.167.52.61,7630,23116688,4,926,7626,23115762
44:3D:54:BE:12:3C,ALL,tls,3.167.54.34,15,28545,5,1235,10,27310
44:3D:54:BE:12:3C,ALL,tls,3.167.72.39,2819,1807851,1270,382375,1549,1425476
44:3D:54:BE:12:3C,ALL,tls,3.167.89.37,2099,1341343,937,281208,1162,1060135
44:3D:54:BE:12:3C,ALL,tls,3.167.96.38,124,81791,55,16523,69,65268
44:3D:54:BE:12:3C,ALL,tls,3.168.120.39,12,6970,6,1803,6,5167
44:3D:54:BE:12:3C,ALL,tls,3.171.136.38,707,438168,322,97858,385,340310
44:3D:54:BE:12:3C,ALL,tls,3.209.64.137,236,271675,206,232915,30,38760
44:3D:54:BE:12:3C,ALL,tls,3.210.46.249,137,168088,122,148708,15,19380
44:3D:54:BE:12:3C,ALL,tls,3.213.186.136,288,307616,253,263844,35,43772
44:3D:54:BE:12:3C,ALL,tls,3.215.100.225,153,166742,138,147362,15,19380
44:3D:54:BE:12:3C,ALL,tls,3.216.196.251,142,177494,127,158114,15,19380
44:3D:54:BE:12:3C,ALL,tls,3.216.34.89,138,164506,123,145126,15,19380
44:3D:54:BE:12:3C,ALL,tls,3.217.147.217,4992,760953,2503,373830,2489,387123
44:3D:54:BE:12:3C,ALL,tls,3.217.156.173,239,295727,209,256967,30,38760
44:3D:54:BE:12:3C,ALL,tls,3.218.18.11,125,137448,110,119516,15,17932
44:3D:54:BE:12:3C,ALL,tls,3.218.39.140,239,264969,209,226209,30,38760
44:3D:54:BE:12:3C,ALL,tls,3.219.64.172,123,150937,108,133005,15,17932
44:3D:54:BE:12:3C,ALL,tls,3.219.89.253,131,163698,116,144318,15,19380
44:3D:54:BE:12:3C,ALL,tls,3.220.101.208,187,233787,167,207602,20,26185
44:3D:54:BE:12:3C,ALL,tls,3.220.6.175,142,139768,127,120388,15,19380
44:3D:54:BE:12:3C,ALL,tls,3.221.235.214,140,157119,125,137739,15,19380
44:3D:54:BE:12:3C,ALL,tls,3.223.181.245,13071,2030654,6554,989815,6517,1040839
44:3D:54:BE:12:3C,ALL,tls,3.223.237.71,151,189328,136,169948,15,19380
44:3D:54:BE:12:3C,ALL,tls,3.223.88.139,138,167046,123,147666,15,19380
44:3D:54:BE:12:3C,ALL,tls,3.224.0.142,235,271824,205,233064,30,38760
44:3D:54:BE:12:3C,ALL,tls,3.224.7.48,284,331049,254,292289,30,38760
44:3D:54:BE:12:3C,ALL,tls,3.225.154.199,243,298318,218,266018,25,32300
44:3D:54:BE:12:3C,ALL,tls,3.225.204.30,142,157848,127,138468,15,19380
44:3D:54:BE:12:3C,ALL,tls,3.225.215.111,141,165487,127,146173,14,19314
44:3D:54:BE:12:3C,ALL,tls,3.225.52.36,135,161406,120,142026,15,19380
44:3D:54:BE:12:3C,ALL,tls,3.226.129.220,138,161750,123,142370,15,19380
44:3D:54:BE:12:3C,ALL,tls,3.226.165.18,123,140985,108,121605,15,19380
44:3D:54:BE:12:3C,ALL,tls,3.226.212.217,138,168077,123,148697,15,19380
44:3D:54:BE:12:3C,ALL,tls,3.227.83.236,88,47694,36,12318,52,35376
44:3D:54:BE:12:3C,ALL,tls,3.228.122.11,150,180346,135,162414,15,17932
44:3D:54:BE:12:3C,ALL,tls,3.228.91.102,137,164636,122,145256,15,19380
44:3D:54:BE:12:3C,ALL,tls,3.229.159.163,123,144758,108,125378,15,19380
44:3D:54:BE:12:3C,ALL,tls,3.229.160.128,132,156361,117,136981,15,19380
44:3D:54:BE:12:3C,ALL,tls,3.229.211.55,270,307994,240,269234,30,38760
44:3D:54:BE:12:3C,ALL,tls,3.229.244.36,142,176991,127,157611,15,19380
44:3D:54:BE:12:3C,ALL,tls,3.231.65.199,138,163491,123,144111,15,19380
44:3D:54:BE:12:3C,ALL,tls,3.232.200.74,335,408460,295,356780,40,51680
44:3D:54:BE:12:3C,ALL,tls,3.232.62.20,149,172147,134,152629,15,19518
44:3D:54:BE:12:3C,ALL,tls,3.233.206.1,147,185739,132,169255,15,16484
44:3D:54:BE:12:3C,ALL,tls,3.90.193.148,936,1147260,856,1046032,80,101228
44:3D:54:BE:12:3C,ALL,tls,3.90.93.237,126,137126,111,117746,15,19380
44:3D:54:BE:12:3C,ALL,tls,3.93.95.161,143,168692,123,142852,20,25840
44:3D:54:BE:12:3C,ALL,tls,3.95.118.55,144,170401,129,151021,15,19380
44:3D:54:BE:12:3C,ALL,tls,3.95.77.191,142,171804,127,152424,15,19380
44:3D:54:BE:12:3C,ALL,tls,34.193.121.152,304,353650,275,314956,29,38694
44:3D:54:BE:12:3C,ALL,tls,34.193.70.72,137,175692,122,156312,15,19380
44:3D:54:BE:12:3C,ALL,tls,34.194.30.73,130,167335,115,147827,15,19508
44:3D:54:BE:12:3C,ALL,tls,34.195.175.66,162,87872,66,22972,96,64900
44:3D:54:BE:12:3C,ALL,tls,34.195.62.213,124,154142,109,134762,15,19380
44:3D:54:BE:12:3C,ALL,tls,34.196.63.235,145,160008,130,140628,15,19380
44:3D:54:BE:12:3C,ALL,tls,34.197.138.74,150,183655,130,157815,20,25840
44:3D:54:BE:12:3C,ALL,tls,34.197.184.235,149,158667,134,139287,15,19380
44:3D:54:BE:12:3C,ALL,tls,34.197.203.148,272,330152,242,291392,30,38760
44:3D:54:BE:12:3C,ALL,tls,34.198.78.104,343,368319,308,325788,35,42531
44:3D:54:BE:12:3C,ALL,tls,34.199.149.113,290,361180,260,322420,30,38760
44:3D:54:BE:12:3C,ALL,tls,34.199.159.124,207,184376,192,164719,15,19657
44:3D:54:BE:12:3C,ALL,tls,34.199.246.5,124,136907,109,117399,15,19508
44:3D:54:BE:12:3C,ALL,tls,34.199.88.168,93,112667,83,99747,10,12920
44:3D:54:BE:12:3C,ALL,tls,34.200.107.64,138,158535,118,132695,20,25840
44:3D:54:BE:12:3C,ALL,tls,34.200.96.179,127,157161,112,137781,15,19380
44:3D:54:BE:12:3C,ALL,tls,34.201.189.27,155,186604,140,167224,15,19380
44:3D:54:BE:12:3C,ALL,tls,34.203.52.61,129,151022,114,131642,15,19380
44:3D:54:BE:12:3C,ALL,tls,34.205.108.34,145,183302,130,163922,15,19380
44:3D:54:BE:12:3C,ALL,tls,34.205.186.68,254,306734,224,267974,30,38760
44:3D:54:BE:12:3C,ALL,tls,34.205.61.248,141,143667,126,124287,15,19380
44:3D:54:BE:12:3C,ALL,tls,34.206.138.70,138,158748,123,139368,15,19380
44:3D:54:BE:12:3C,ALL,tls,34.206.197.93,135,160202,120,140822,15,19380
44:3D:54:BE:12:3C,ALL,tls,34.224.103.154,147,170448,132,151068,15,19380
44:3D:54:BE:12:3C,ALL,tls,34.225.135.247,135,151789,120,132409,15,19380
44:3D:54:BE:12:3C,ALL,tls,34.225.146.231,122,145839,107,126459,15,19380
44:3D:54:BE:12:3C,ALL,tls,34.227.121.68,145,173292,130,153912,15,19380
44:3D:54:BE:12:3C,ALL,tls,34.228.175.93,137,163079,122,143699,15,19380
44:3D:54:BE:12:3C,ALL,tls,34.230.103.194,138,140505,123,121125,15,19380
44:3D:54:BE:12:3C,ALL,tls,34.230.126.114,252,315873,222,278561,30,37312
44:3D:54:BE:12:3C,ALL,tls,34.230.150.226,203,247507,183,221667,20,25840
44:3D:54:BE:12:3C,ALL,tls,34.233.144.19,128,151275,113,131895,15,19380
44:3D:54:BE:12:3C,ALL,tls,34.233.202.64,143,184254,128,164874,15,19380
44:3D:54:BE:12:3C,ALL,tls,34.233.215.20,175,215026,155,189186,20,25840
44:3D:54:BE:12:3C,ALL,tls,34.233.77.245,154,181855,134,156015,20,25840
44:3D:54:BE:12:3C,ALL,tls,34.235.66.225,131,144049,116,124669,15,19380
44:3D:54:BE:12:3C,ALL,tls,34.235.86.56,345,445161,310,401389,35,43772
44:3D:54:BE:12:3C,ALL,tls,34.237.111.59,189,104444,79,27972,110,76472
44:3D:54:BE:12:3C,ALL,tls,34.237.179.28,68,83710,63,77250,5,6460
44:3D:54:BE:12:3C,ALL,tls,34.237.199.118,210,268686,190,242846,20,25840
44:3D:54:BE:12:3C,ALL,tls,34.237.23.188,278,323439,248,284679,30,38760
44:3D:54:BE:12:3C,ALL,tls,35.155.9.57,27,15285,8,2404,19,12881
44:3D:54:BE:12:3C,ALL,tls,35.167.225.196,14,7691,4,1202,10,6489
44:3D:54:BE:12:3C,ALL,tls,35.169.21.72,127,171549,112,155065,15,16484
44:3D:54:BE:12:3C,ALL,tls,35.170.94.57,130,152754,110,126914,20,25840
44:3D:54:BE:12:3C,ALL,tls,35.171.36.224,8,7139,3,952,5,6187
44:3D:54:BE:12:3C,ALL,tls,35.172.2.224,2975,294523,2974,294426,1,97
44:3D:54:BE:12:3C,ALL,tls,35.173.163.27,122,161836,107,142456,15,19380
44:3D:54:BE:12:3C,ALL,tls,35.174.133.135,150,186478,135,167098,15,19380
44:3D:54:BE:12:3C,ALL,tls,35.174.217.7,334,395942,299,350722,35,45220
44:3D:54:BE:12:3C,ALL,tls,35.174.66.136,252,297253,227,266401,25,30852
44:3D:54:BE:12:3C,ALL,tls,35.175.71.102,4908,798448,2463,388157,2445,410291
44:3D:54:BE:12:3C,ALL,tls,44.193.236.65,295,160812,122,42914,173,117898
44:3D:54:BE:12:3C,ALL,tls,44.193.246.225,135,158693,120,139313,15,19380
44:3D:54:BE:12:3C,ALL,tls,44.193.70.199,151,160743,136,141363,15,19380
44:3D:54:BE:12:3C,ALL,tls,44.198.146.26,136,166933,121,147553,15,19380
44:3D:54:BE:12:3C,ALL,tls,44.198.224.47,279,151033,114,38987,165,112046
44:3D:54:BE:12:3C,ALL,tls,44.199.138.71,224,119883,90,31179,134,88704
44:3D:54:BE:12:3C,ALL,tls,44.199.42.139,157,198679,142,178400,15,20279
44:3D:54:BE:12:3C,ALL,tls,44.199.52.214,278,149639,113,39041,165,110598
44:3D:54:BE:12:3C,ALL,tls,44.199.66.1,134,142413,119,123033,15,19380
44:3D:54:BE:12:3C,ALL,tls,44.199.80.228,9869,1639890,4937,805701,4932,834189
44:3D:54:BE:12:3C,ALL,tls,44.207.10.190,1673,174748,1668,167117,5,7631
44:3D:54:BE:12:3C,ALL,tls,44.207.157.32,114,141799,99,122419,15,19380
44:3D:54:BE:12:3C,ALL,tls,44.207.21.144,152,163774,137,144394,15,19380
44:3D:54:BE:12:3C,ALL,tls,44.207.238.135,177,212704,157,188312,20,24392
44:3D:54:BE:12:3C,ALL,tls,44.208.12.189,307,361967,272,316747,35,45220
44:3D:54:BE:12:3C,ALL,tls,44.212.253.145,136,176601,121,157221,15,19380
44:3D:54:BE:12:3C,ALL,tls,44.213.224.232,128,140510,113,121061,15,19449
44:3D:54:BE:12:3C,ALL,tls,44.214.235.38,258,318825,228,280065,30,38760
44:3D:54:BE:12:3C,ALL,tls,44.215.115.150,1345,1142383,648,271479,697,870904
44:3D:54:BE:12:3C,ALL,tls,44.215.115.210,30,15206,15,4065,15,11141
44:3D:54:BE:12:3C,ALL,tls,44.215.129.154,22,12232,12,3758,10,8474
44:3D:54:BE:12:3C,ALL,tls,44.215.129.169,1194,1029613,580,244601,614,785012
44:3D:54:BE:12:3C,ALL,tls,44.215.132.234,11,5673,5,1355,6,4318
44:3D:54:BE:12:3C,ALL,tls,44.215.132.72,11,7326,6,2991,5,4335
44:3D:54:BE:12:3C,ALL,tls,44.215.133.149,20,9618,10,2710,10,6908
44:3D:54:BE:12:3C,ALL,tls,44.215.133.95,1392,1191226,672,283497,720,907729
44:3D:54:BE:12:3C,ALL,tls,44.215.134.182,33,18488,18,5637,15,12851
44:3D:54:BE:12:3C,ALL,tls,44.215.138.245,22,13147,12,3758,10,9389
44:3D:54:BE:12:3C,ALL,tls,44.216.139.251,282,329532,252,289874,30,39658
44:3D:54:BE:12:3C,ALL,tls,44.216.140.245,136,164109,121,144729,15,19380
44:3D:54:BE:12:3C,ALL,tls,44.217.216.196,129,142372,114,124440,15,17932
44:3D:54:BE:12:3C,ALL,tls,44.218.115.167,151,157814,136,138434,15,19380
44:3D:54:BE:12:3C,ALL,tls,44.218.40.123,120,141036,105,124552,15,16484
44:3D:54:BE:12:3C,ALL,tls,44.218.89.189,120,146984,105,127604,15,19380
44:3D:54:BE:12:3C,ALL,tls,44.219.35.92,157,168136,142,148756,15,19380
44:3D:54:BE:12:3C,ALL,tls,44.220.100.69,293,322777,263,284017,30,38760
44:3D:54:BE:12:3C,ALL,tls,44.220.13.195,130,158247,115,138867,15,19380
44:3D:54:BE:12:3C,ALL,tls,44.221.182.152,406,463310,361,405170,45,58140
44:3D:54:BE:12:3C,ALL,tls,44.225.45.107,16,8353,6,1470,10,6883
44:3D:54:BE:12:3C,ALL,tls,44.226.67.213,30,15752,10,2755,20,12997
44:3D:54:BE:12:3C,ALL,tls,44.240.184.205,16,8061,6,1553,10,6508
44:3D:54:BE:12:3C,ALL,tls,50.16.58.247,188,226267,168,200082,20,26185
44:3D:54:BE:12:3C,ALL,tls,50.19.221.32,127,137573,112,118193,15,19380
44:3D:54:BE:12:3C,ALL,tls,52.0.87.56,146,164539,131,145159,15,19380
44:3D:54:BE:12:3C,ALL,tls,52.119.196.31,33,20488,18,4689,15,15799
44:3D:54:BE:12:3C,ALL,tls,52.119.198.101,22,15416,12,3126,10,12290
44:3D:54:BE:12:3C,ALL,tls,52.119.198.106,88,59028,48,12504,40,46524
44:3D:54:BE:12:3C,ALL,tls,52.119.198.109,88,61664,48,12504,40,49160
44:3D:54:BE:12:3C,ALL,tls,52.119.198.118,33,23124,18,4689,15,18435
44:3D:54:BE:12:3C,ALL,tls,52.119.198.186,66,43612,36,9378,30,34234
44:3D:54:BE:12:3C,ALL,tls,52.119.198.189,55,38540,30,7815,25,30725
44:3D:54:BE:12:3C,ALL,tls,52.119.198.2,44,30832,24,6252,20,24580
44:3D:54:BE:12:3C,ALL,tls,52.20.206.121,190,103676,78,27072,112,76604
44:3D:54:BE:12:3C,ALL,tls,52.20.206.49,158,193575,143,174195,15,19380
44:3D:54:BE:12:3C,ALL,tls,52.20.90.234,209,233126,189,207286,20,25840
44:3D:54:BE:12:3C,ALL,tls,52.200.103.55,143,157976,128,138596,15,19380
44:3D:54:BE:12:3C,ALL,tls,52.200.248.145,115,138073,100,118693,15,19380
44:3D:54:BE:12:3C,ALL,tls,52.201.35.208,139,154097,124,134717,15,19380
44:3D:54:BE:12:3C,ALL,tls,52.201.91.158,286,348433,251,303213,35,45220
44:3D:54:BE:12:3C,ALL,tls,52.202.2.34,191,103453,78,26783,113,76670
44:3D:54:BE:12:3C,ALL,tls,52.203.112.125,72,77096,62,65624,10,11472
44:3D:54:BE:12:3C,ALL,tls,52.203.242.245,113,132019,98,112639,15,19380
44:3D:54:BE:12:3C,ALL,tls,52.203.9.9,134,156022,119,136642,15,19380
44:3D:54:BE:12:3C,ALL,tls,52.21.43.192,141,163347,126,143967,15,19380
44:3D:54:BE:12:3C,ALL,tls,52.216.217.185,14,7481,5,1059,9,6422
44:3D:54:BE:12:3C,ALL,tls,52.217.75.116,14,7481,5,1059,9,6422
44:3D:54:BE:12:3C,ALL,tls,52.22.159.169,245,262636,215,223876,30,38760
44:3D:54:BE:12:3C,ALL,tls,52.27.163.92,16,8061,6,1553,10,6508
44:3D:54:BE:12:3C,ALL,tls,52.3.38.37,132,163710,117,144330,15,19380
44:3D:54:BE:12:3C,ALL,tls,52.36.138.241,14,7691,4,1202,10,6489
44:3D:54:BE:12:3C,ALL,tls,52.37.30.201,14,7691,4,1202,10,6489
44:3D:54:BE:12:3C,ALL,tls,52.39.190.49,14,7691,4,1202,10,6489
44:3D:54:BE:12:3C,ALL,tls,52.4.90.203,134,158678,119,139298,15,19380
44:3D:54:BE:12:3C,ALL,tls,52.42.206.78,16,8061,6,1553,10,6508
44:3D:54:BE:12:3C,ALL,tls,52.44.129.250,279,320092,244,276320,35,43772
44:3D:54:BE:12:3C,ALL,tls,52.46.128.80,8,4701,4,1034,4,3667
44:3D:54:BE:12:3C,ALL,tls,52.46.128.81,44,25560,24,6252,20,19308
44:3D:54:BE:12:3C,ALL,tls,52.46.131.169,33,23124,18,4689,15,18435
44:3D:54:BE:12:3C,ALL,tls,52.46.131.184,44,30832,24,6252,20,24580
44:3D:54:BE:12:3C,ALL,tls,52.46.131.209,44,28196,24,6252,20,21944
44:3D:54:BE:12:3C,ALL,tls,52.46.133.103,13,9619,8,3203,5,6416
44:3D:54:BE:12:3C,ALL,tls,52.46.141.207,9,7420,4,1034,5,6386
44:3D:54:BE:12:3C,ALL,tls,52.46.141.254,18,18405,8,2633,10,15772
44:3D:54:BE:12:3C,ALL,tls,52.46.142.156,9,7420,4,1034,5,6386
44:3D:54:BE:12:3C,ALL,tls,52.46.143.123,44,30832,24,6252,20,24580
44:3D:54:BE:12:3C,ALL,tls,52.46.144.254,9,7420,4,1034,5,6386
44:3D:54:BE:12:3C,ALL,tls,52.46.145.14,9,7420,4,1034,5,6386
44:3D:54:BE:12:3C,ALL,tls,52.46.146.126,55,38540,30,7815,25,30725
44:3D:54:BE:12:3C,ALL,tls,52.46.147.250,34,26878,16,4136,18,22742
44:3D:54:BE:12:3C,ALL,tls,52.46.149.29,33,23124,18,4689,15,18435
44:3D:54:BE:12:3C,ALL,tls,52.46.149.57,44,25560,24,6252,20,19308
44:3D:54:BE:12:3C,ALL,tls,52.46.155.112,44,30832,24,6252,20,24580
44:3D:54:BE:12:3C,ALL,tls,52.5.156.58,132,145411,117,126031,15,19380
44:3D:54:BE:12:3C,ALL,tls,52.6.206.210,152,178715,137,159335,15,19380
44:3D:54:BE:12:3C,ALL,tls,52.6.21.157,158,176751,138,150911,20,25840
44:3D:54:BE:12:3C,ALL,tls,52.70.217.64,122,143650,107,125718,15,17932
44:3D:54:BE:12:3C,ALL,tls,52.70.221.93,281,307463,251,270151,30,37312
44:3D:54:BE:12:3C,ALL,tls,52.73.231.60,124,143441,109,125509,15,17932
44:3D:54:BE:12:3C,ALL,tls,52.85.151.15,8,7681,4,1278,4,6403
44:3D:54:BE:12:3C,ALL,tls,52.85.61.116,16,15052,8,2246,8,12806
44:3D:54:BE:12:3C,ALL,tls,52.86.105.41,118,137780,103,118400,15,19380
44:3D:54:BE:12:3C,ALL,tls,52.94.225.227,26,25742,12,3667,14,22075
44:3D:54:BE:12:3C,ALL,tls,52.94.231.169,11,7708,6,1563,5,6145
44:3D:54:BE:12:3C,ALL,tls,52.94.233.34,8,7337,4,1034,4,6303
44:3D:54:BE:12:3C,ALL,tls,52.94.233.94,9,10985,4,1599,5,9386
44:3D:54:BE:12:3C,ALL,tls,52.94.236.199,26,19585,12,3139,14,16446
44:3D:54:BE:12:3C,ALL,tls,52.94.240.240,77,48684,42,10941,35,37743
44:3D:54:BE:12:3C,ALL,tls,52.94.241.146,22,15416,12,3126,10,12290
44:3D:54:BE:12:3C,ALL,tls,52.94.242.236,11,7708,6,1563,5,6145
44:3D:54:BE:12:3C,ALL,tls,54.144.110.71,149,170805,134,151425,15,19380
44:3D:54:BE:12:3C,ALL,tls,54.145.62.134,121,141631,106,122251,15,19380
44:3D:54:BE:12:3C,ALL,tls,54.146.164.150,143,171160,128,154676,15,16484
44:3D:54:BE:12:3C,ALL,tls,54.157.203.98,218,123129,96,40541,122,82588
44:3D:54:BE:12:3C,ALL,tls,54.158.218.26,159,190416,144,171036,15,19380
44:3D:54:BE:12:3C,ALL,tls,54.159.177.207,259,295654,229,259721,30,35933
44:3D:54:BE:12:3C,ALL,tls,54.159.213.160,127,137455,112,118075,15,19380
44:3D:54:BE:12:3C,ALL,tls,54.159.236.217,286,313208,251,267988,35,45220
44:3D:54:BE:12:3C,ALL,tls,54.161.156.117,152,189410,137,170030,15,19380
44:3D:54:BE:12:3C,ALL,tls,54.164.163.115,90,47817,36,12309,54,35508
44:3D:54:BE:12:3C,ALL,tls,54.166.125.119,279,319836,249,281076,30,38760
44:3D:54:BE:12:3C,ALL,tls,54.166.21.152,147,80735,62,21885,85,58850
44:3D:54:BE:12:3C,ALL,tls,54.167.177.211,396,66553,199,30040,197,36513
44:3D:54:BE:12:3C,ALL,tls,54.172.251.131,138,157915,118,132075,20,25840
44:3D:54:BE:12:3C,ALL,tls,54.173.238.251,213,251186,183,212426,30,38760
44:3D:54:BE:12:3C,ALL,tls,54.196.171.111,121,161271,106,143339,15,17932
44:3D:54:BE:12:3C,ALL,tls,54.197.138.201,131,156412,116,137032,15,19380
44:3D:54:BE:12:3C,ALL,tls,54.197.89.233,139,153567,124,134187,15,19380
44:3D:54:BE:12:3C,ALL,tls,54.201.253.231,16,8061,6,1553,10,6508
44:3D:54:BE:12:3C,ALL,tls,54.204.238.145,283,315891,253,277681,30,38210
44:3D:54:BE:12:3C,ALL,tls,54.205.167.4,133,137869,118,118489,15,19380
44:3D:54:BE:12:3C,ALL,tls,54.205.211.253,156,171125,136,145285,20,25840
44:3D:54:BE:12:3C,ALL,tls,54.205.215.245,152,163929,137,144549,15,19380
44:3D:54:BE:12:3C,ALL,tls,54.205.24.65,221,121015,92,32641,129,88374
44:3D:54:BE:12:3C,ALL,tls,54.208.116.134,124,135100,109,115720,15,19380
44:3D:54:BE:12:3C,ALL,tls,54.208.137.145,268,329073,238,291761,30,37312
44:3D:54:BE:12:3C,ALL,tls,54.209.215.9,142,169642,127,150124,15,19518
44:3D:54:BE:12:3C,ALL,tls,54.209.235.182,266,321967,236,283207,30,38760
44:3D:54:BE:12:3C,ALL,tls,54.209.28.133,117,139698,102,120318,15,19380
44:3D:54:BE:12:3C,ALL,tls,54.210.25.83,144,170157,129,150649,15,19508
44:3D:54:BE:12:3C,ALL,tls,54.211.160.158,120,138564,105,119184,15,19380
44:3D:54:BE:12:3C,ALL,tls,54.211.233.120,136,160602,121,141222,15,19380
44:3D:54:BE:12:3C,ALL,tls,54.221.114.1,259,309164,239,283874,20,25290
44:3D:54:BE:12:3C,ALL,tls,54.221.200.137,174,95241,71,24555,103,70686
44:3D:54:BE:12:3C,ALL,tls,54.221.231.72,299,344871,264,299651,35,45220
44:3D:54:BE:12:3C,ALL,tls,54.234.138.101,271,314774,241,276014,30,38760
44:3D:54:BE:12:3C,ALL,tls,54.239.27.82,33,23124,18,4689,15,18435
44:3D:54:BE:12:3C,ALL,tls,54.242.128.35,146,80338,60,21422,86,58916
44:3D:54:BE:12:3C,ALL,tls,54.243.119.13,123,140099,108,120719,15,19380
44:3D:54:BE:12:3C,ALL,tls,54.243.58.104,314,167304,126,43092,188,124212
44:3D:54:BE:12:3C,ALL,tls,54.243.96.31,166,191498,151,171842,15,19656
44:3D:54:BE:12:3C,ALL,tls,54.71.86.13,27,15285,8,2404,19,12881
44:3D:54:BE:12:3C,ALL,tls,54.80.225.70,300,350594,265,305374,35,45220
44:3D:54:BE:12:3C,ALL,tls,54.80.65.241,135,161541,120,142161,15,19380
44:3D:54:BE:12:3C,ALL,tls,54.82.116.110,134,162263,119,144331,15,17932
44:3D:54:BE:12:3C,ALL,tls,54.84.134.169,168,154776,153,135396,15,19380
44:3D:54:BE:12:3C,ALL,tls,54.84.191.124,130,142512,115,123132,15,19380
44:3D:54:BE:12:3C,ALL,tls,54.84.203.117,115,133747,100,114367,15,19380
44:3D:54:BE:12:3C,ALL,tls,54.86.104.133,138,166887,123,147507,15,19380
44:3D:54:BE:12:3C,ALL,tls,54.88.215.66,118,145466,103,126086,15,19380
44:3D:54:BE:12:3C,ALL,tls,54.89.30.90,130,159794,115,140414,15,19380
44:3D:54:BE:12:3C,ALL,tls,54.91.103.251,820,610898,489,377540,331,233358
44:3D:54:BE:12:3C,ALL,tls,54.91.132.159,128,149408,113,130028,15,19380
44:3D:54:BE:12:3C,ALL,tls,67.220.240.103,18,18405,8,2633,10,15772
44:3D:54:BE:12:3C,ALL,tls,67.220.240.26,8,7337,4,1034,4,6303
44:3D:54:BE:12:3C,ALL,tls,67.220.240.35,16,14674,8,2068,8,12606
44:3D:54:BE:12:3C,ALL,tls,72.21.207.143,33,23124,18,4689,15,18435
44:3D:54:BE:12:3C,ALL,tls,75.101.225.105,126,151712,111,132332,15,19380
44:3D:54:BE:12:3C,ALL,mdns,192.168.3.105*,1698,159052,0,0,1698,159052
44:3D:54:BE:12:3C,ALL,mdns,224.0.0.251*,1698,159052,1698,159052,0,0
44:3D:54:BE:12:3C,ALL,ssdp,192.168.3.1,2478,1109259,0,0,2478,1109259
44:3D:54:BE:12:3C,ALL,ssdp,192.168.3.114,2124,717912,0,0,2124,717912
44:3D:54:BE:12:3C,ALL,ssdp,239.255.255.250,354,54942,354,54942,0,0
44:3D:54:BE:12:3C,ALL,tplink-smarthome,192.168.3.105*,174,12354,0,0,174,12354
44:3D:54:BE:12:3C,ALL,tplink-smarthome,255.255.255.255*,174,12354,174,12354,0,0
44:3D:54:BE:12:3C,ALL,ntp,3.215.53.245,2,180,1,90,1,90
44:3D:54:BE:12:3C,ALL,ntp,3.234.38.31,2,180,1,90,1,90
44:3D:54:BE:12:3C,ALL,ntp,34.239.12.200,4,360,2,180,2,180
44:3D:54:BE:12:3C,ALL,ntp,35.168.46.68,2,180,1,90,1,90
44:3D:54:BE:12:3C,ALL,http,107.20.229.209,8,1740,4,924,4,816
44:3D:54:BE:12:3C,ALL,http,108.138.125.14,70,12040,35,8575,35,3465
44:3D:54:BE:12:3C,ALL,http,108.138.125.193,60,10320,30,7350,30,2970
44:3D:54:BE:12:3C,ALL,http,108.138.125.194,62,10664,31,7595,31,3069
44:3D:54:BE:12:3C,ALL,http,108.138.125.198,52,8944,26,6370,26,2574
44:3D:54:BE:12:3C,ALL,http,108.138.61.174,6,1032,3,735,3,297
44:3D:54:BE:12:3C,ALL,http,108.138.61.34,4,688,2,490,2,198
44:3D:54:BE:12:3C,ALL,http,108.138.82.190,6,1032,3,735,3,297
44:3D:54:BE:12:3C,ALL,http,108.138.82.203,4,688,2,490,2,198
44:3D:54:BE:12:3C,ALL,http,108.138.82.54,4,688,2,490,2,198
44:3D:54:BE:12:3C,ALL,http,108.138.82.9,8,1376,4,980,4,396
44:3D:54:BE:12:3C,ALL,http,108.139.38.196,2,344,1,245,1,99
44:3D:54:BE:12:3C,ALL,http,13.225.66.127,16,2752,8,1960,8,792
44:3D:54:BE:12:3C,ALL,http,13.225.66.162,20,3440,10,2450,10,990
44:3D:54:BE:12:3C,ALL,http,13.225.66.219,22,3784,11,2695,11,1089
44:3D:54:BE:12:3C,ALL,http,13.225.66.84,6,1032,3,735,3,297
44:3D:54:BE:12:3C,ALL,http,13.33.251.13,2,344,1,245,1,99
44:3D:54:BE:12:3C,ALL,http,13.33.251.160,2,344,1,245,1,99
44:3D:54:BE:12:3C,ALL,http,13.33.251.185,2,344,1,245,1,99
44:3D:54:BE:12:3C,ALL,http,13.33.251.7,6,1032,3,735,3,297
44:3D:54:BE:12:3C,ALL,http,18.154.230.100,276,47472,138,33810,138,13662
44:3D:54:BE:12:3C,ALL,http,18.154.230.133,292,50224,146,35770,146,14454
44:3D:54:BE:12:3C,ALL,http,18.154.230.19,246,42312,123,30135,123,12177
44:3D:54:BE:12:3C,ALL,http,18.154.230.60,244,41968,122,29890,122,12078
44:3D:54:BE:12:3C,ALL,http,18.164.115.101,2,344,1,245,1,99
44:3D:54:BE:12:3C,ALL,http,18.164.115.37,4,688,2,490,2,198
44:3D:54:BE:12:3C,ALL,http,18.164.115.51,2,344,1,245,1,99
44:3D:54:BE:12:3C,ALL,http,18.164.115.92,2,344,1,245,1,99
44:3D:54:BE:12:3C,ALL,http,18.164.131.162,18,3096,9,2205,9,891
44:3D:54:BE:12:3C,ALL,http,18.164.131.179,28,4816,14,3430,14,1386
44:3D:54:BE:12:3C,ALL,http,18.164.131.217,32,5504,16,3920,16,1584
44:3D:54:BE:12:3C,ALL,http,18.164.131.9,32,5504,16,3920,16,1584
44:3D:54:BE:12:3C,ALL,http,18.173.242.44,2,344,1,245,1,99
44:3D:54:BE:12:3C,ALL,http,18.214.83.125,4,960,2,552,2,408
44:3D:54:BE:12:3C,ALL,http,18.238.79.207,4,688,2,490,2,198
44:3D:54:BE:12:3C,ALL,http,192.168.3.1,116,172260,58,9570,58,162690
44:3D:54:BE:12:3C,ALL,http,192.168.3.114,1160,139722,580,104922,580,34800
44:3D:54:BE:12:3C,ALL,http,3.162.130.150,248,42656,124,30380,124,12276
44:3D:54:BE:12:3C,ALL,http,3.162.130.154,182,31304,91,22295,91,9009
44:3D:54:BE:12:3C,ALL,http,3.162.130.209,214,36808,107,26215,107,10593
44:3D:54:BE:12:3C,ALL,http,3.162.130.91,208,35776,104,25480,104,10296
44:3D:54:BE:12:3C,ALL,http,3.162.93.101,38,6536,19,4655,19,1881
44:3D:54:BE:12:3C,ALL,http,3.162.93.102,42,7224,21,5145,21,2079
44:3D:54:BE:12:3C,ALL,http,3.162.93.159,50,8600,25,6125,25,2475
44:3D:54:BE:12:3C,ALL,http,3.162.93.201,46,7912,23,5635,23,2277
44:3D:54:BE:12:3C,ALL,http,3.167.54.209,50,8600,25,6125,25,2475
44:3D:54:BE:12:3C,ALL,http,3.167.54.38,62,10664,31,7595,31,3069
44:3D:54:BE:12:3C,ALL,http,3.167.54.65,58,9976,29,7105,29,2871
44:3D:54:BE:12:3C,ALL,http,3.167.54.97,44,7568,22,5390,22,2178
44:3D:54:BE:12:3C,ALL,http,3.167.64.98,4,688,2,490,2,198
44:3D:54:BE:12:3C,ALL,udp:53,192.168.3.1,8339,1008312,4171,354716,4168,653596
44:3D:54:BE:12:3C,ALL,udp:53,8.8.8.8,15,1620,8,653,7,967
44:3D:54:BE:12:3C,ALL,udp:10613,192.168.3.1*,6,759,3,237,3,522
44:3D:54:BE:12:3C,ALL,udp:10613,192.168.3.105*,6,759,3,522,3,237
44:3D:54:BE:12:3C,ALL,udp:35052,192.168.3.1*,4,412,2,166,2,246
44:3D:54:BE:12:3C,ALL,udp:35052,192.168.3.105*,4,412,2,246,2,166
44:3D:54:BE:12:3C,ALL,udp:45645,192.168.3.1*,4,394,2,157,2,237
44:3D:54:BE:12:3C,ALL,udp:45645,192.168.3.105*,4,394,2,237,2,157
44:3D:54:BE:12:3C,ALL,udp:35701,192.168.3.1*,4,484,2,178,2,306
44:3D:54:BE:12:3C,ALL,udp:35701,192.168.3.105*,4,484,2,306,2,178
44:3D:54:BE:12:3C,ALL,udp:6021,192.168.3.1*,4,506,2,158,2,348
44:3D:54:BE:12:3C,ALL,udp:6021,192.168.3.105*,4,506,2,348,2,158
44:3D:54:BE:12:3C,ALL,udp:64610,192.168.3.1*,4,470,2,179,2,291
44:3D:54:BE:12:3C,ALL,udp:64610,192.168.3.105*,4,470,2,291,2,179
44:3D:54:BE:12:3C,ALL,udp:56386,192.168.3.1*,4,484,2,178,2,306
44:3D:54:BE:12:3C,ALL,udp:56386,192.168.3.105*,4,484,2,306,2,178
44:3D:54:BE:12:3C,ALL,udp:52053,192.168.3.1*,4,506,2,158,2,348
44:3D:54:BE:12:3C,ALL,udp:52053,192.168.3.105*,4,506,2,348,2,158
44:3D:54:BE:12:3C,ALL,udp:45713,192.168.3.1*,4,423,2,156,2,267
44:3D:54:BE:12:3C,ALL,udp:45713,192.168.3.105*,4,423,2,267,2,156
44:3D:54:BE:12:3C,ALL,udp:39916,192.168.3.1*,4,495,2,168,2,327
44:3D:54:BE:12:3C,ALL,udp:39916,192.168.3.105*,4,495,2,327,2,168
44:3D:54:BE:12:3C,ALL,udp:63528,192.168.3.1*,4,769,2,206,2,563
44:3D:54:BE:12:3C,ALL,udp:63528,192.168.3.105*,4,769,2,563,2,206
44:3D:54:BE:12:3C,ALL,udp:42500,192.168.3.1*,4,532,2,194,2,338
44:3D:54:BE:12:3C,ALL,udp:42500,192.168.3.105*,4,532,2,338,2,194
44:3D:54:BE:12:3C,ALL,udp:58993,192.168.3.1*,4,495,2,168,2,327
44:3D:54:BE:12:3C,ALL,udp:58993,192.168.3.105*,4,495,2,327,2,168
44:3D:54:BE:12:3C,ALL,udp:6152,192.168.3.1*,4,470,2,179,2,291
44:3D:54:BE:12:3C,ALL,udp:6152,192.168.3.105*,4,470,2,291,2,179
44:3D:54:BE:12:3C,ALL,udp:36696,192.168.3.1*,4,506,2,158,2,348
44:3D:54:BE:12:3C,ALL,udp:36696,192.168.3.105*,4,506,2,348,2,158
44:3D:54:BE:12:3C,ALL,udp:16592,192.168.3.1*,4,481,2,169,2,312
44:3D:54:BE:12:3C,ALL,udp:16592,192.168.3.105*,4,481,2,312,2,169
44:3D:54:BE:12:3C,ALL,udp:65011,192.168.3.1*,4,506,2,158,2,348
44:3D:54:BE:12:3C,ALL,udp:65011,192.168.3.105*,4,506,2,348,2,158
44:3D:54:BE:12:3C,ALL,udp:32724,192.168.3.1*,4,398,2,167,2,231
44:3D:54:BE:12:3C,ALL,udp:32724,192.168.3.105*,4,398,2,231,2,167
44:3D:54:BE:12:3C,ALL,udp:35060,192.168.3.1*,4,412,2,166,2,246
44:3D:54:BE:12:3C,ALL,udp:35060,192.168.3.105*,4,412,2,246,2,166
44:3D:54:BE:12:3C,ALL,udp:33821,192.168.3.1*,4,417,2,153,2,264
44:3D:54:BE:12:3C,ALL,udp:33821,192.168.3.105*,4,417,2,264,2,153
44:3D:54:BE:12:3C,ALL,udp:60016,192.168.3.1*,4,495,2,168,2,327
44:3D:54:BE:12:3C,ALL,udp:60016,192.168.3.105*,4,495,2,327,2,168
44:3D:54:BE:12:3C,ALL,udp:5976,192.168.3.1*,4,506,2,158,2,348
44:3D:54:BE:12:3C,ALL,udp:5976,192.168.3.105*,4,506,2,348,2,158
44:3D:54:BE:12:3C,ALL,udp:59473,192.168.3.1*,4,495,2,168,2,327
44:3D:54:BE:12:3C,ALL,udp:59473,192.168.3.105*,4,495,2,327,2,168
44:3D:54:BE:12:3C,ALL,udp:48392,192.168.3.1*,4,506,2,158,2,348
44:3D:54:BE:12:3C,ALL,udp:48392,192.168.3.105*,4,506,2,348,2,158
44:3D:54:BE:12:3C,ALL,udp:55924,192.168.3.1*,4,506,2,158,2,348
44:3D:54:BE:12:3C,ALL,udp:55924,192.168.3.105*,4,506,2,348,2,158
44:3D:54:BE:12:3C,ALL,udp:14351,192.168.3.1*,4,406,2,163,2,243
44:3D:54:BE:12:3C,ALL,udp:14351,192.168.3.105*,4,406,2,243,2,163
44:3D:54:BE:12:3C,ALL,udp:11555,192.168.3.1*,4,412,2,166,2,246
44:3D:54:BE:12:3C,ALL,udp:11555,192.168.3.105*,4,412,2,246,2,166
44:3D:54:BE:12:3C,ALL,udp:22314,192.168.3.1*,4,484,2,178,2,306
44:3D:54:BE:12:3C,ALL,udp:22314,192.168.3.105*,4,484,2,306,2,178
44:3D:54:BE:12:3C,ALL,udp:53503,192.168.3.1*,4,484,2,178,2,306
44:3D:54:BE:12:3C,ALL,udp:53503,192.168.3.105*,4,484,2,306,2,178
44:3D:54:BE:12:3C,ALL,udp:31855,192.168.3.1*,4,481,2,169,2,312
44:3D:54:BE:12:3C,ALL,udp:31855,192.168.3.105*,4,481,2,312,2,169
44:3D:54:BE:12:3C,ALL,udp:51937,192.168.3.1*,4,506,2,158,2,348
44:3D:54:BE:12:3C,ALL,udp:51937,192.168.3.105*,4,506,2,348,2,158
44:3D:54:BE:12:3C,ALL,udp:18785,192.168.3.1*,4,495,2,168,2,327
44:3D:54:BE:12:3C,ALL,udp:18785,192.168.3.105*,4,495,2,327,2,168
44:3D:54:BE:12:3C,ALL,udp:20998,192.168.3.1*,4,406,2,163,2,243
44:3D:54:BE:12:3C,ALL,udp:20998,192.168.3.105*,4,406,2,243,2,163
44:3D:54:BE:12:3C,ALL,udp:11518,192.168.3.1*,4,417,2,153,2,264
44:3D:54:BE:12:3C,ALL,udp:11518,192.168.3.105*,4,417,2,264,2,153
44:3D:54:BE:12:3C,ALL,udp:50971,192.168.3.1*,4,481,2,169,2,312
44:3D:54:BE:12:3C,ALL,udp:50971,192.168.3.105*,4,481,2,312,2,169
44:3D:54:BE:12:3C,ALL,udp:35980,192.168.3.1*,4,398,2,167,2,231
44:3D:54:BE:12:3C,ALL,udp:35980,192.168.3.105*,4,398,2,231,2,167
44:3D:54:BE:12:3C,ALL,udp:47534,192.168.3.1*,4,423,2,156,2,267
44:3D:54:BE:12:3C,ALL,udp:47534,192.168.3.105*,4,423,2,267,2,156
44:3D:54:BE:12:3C,ALL,udp:35886,192.168.3.1*,4,412,2,166,2,246
44:3D:54:BE:12:3C,ALL,udp:35886,192.168.3.105*,4,412,2,246,2,166
44:3D:54:BE:12:3C,ALL,udp:17889,192.168.3.1*,4,506,2,158,2,348
44:3D:54:BE:12:3C,ALL,udp:17889,192.168.3.105*,4,506,2,348,2,158
44:3D:54:BE:12:3C,ALL,udp:40660,192.168.3.1*,4,470,2,179,2,291
44:3D:54:BE:12:3C,ALL,udp:40660,192.168.3.105*,4,470,2,291,2,179
44:3D:54:BE:12:3C,ALL,udp:64007,192.168.3.1*,4,610,2,209,2,401
44:3D:54:BE:12:3C,ALL,udp:64007,192.168.3.105*,4,610,2,401,2,209
44:3D:54:BE:12:3C,ALL,udp:63780,192.168.3.1*,4,470,2,179,2,291
44:3D:54:BE:12:3C,ALL,udp:63780,192.168.3.105*,4,470,2,291,2,179
44:3D:54:BE:12:3C,ALL,udp:61593,192.168.3.1*,4,506,2,158,2,348
44:3D:54:BE:12:3C,ALL,udp:61593,192.168.3.105*,4,506,2,348,2,158
44:3D:54:BE:12:3C,ALL,udp:5494,192.168.3.1*,4,506,2,158,2,348
44:3D:54:BE:12:3C,ALL,udp:5494,192.168.3.105*,4,506,2,348,2,158
44:3D:54:BE:12:3C,ALL,udp:27154,192.168.3.1*,4,621,2,199,2,422
44:3D:54:BE:12:3C,ALL,udp:27154,192.168.3.105*,4,621,2,422,2,199
44:3D:54:BE:12:3C,ALL,udp:20779,192.168.3.1*,4,484,2,178,2,306
44:3D:54:BE:12:3C,ALL,udp:20779,192.168.3.105*,4,484,2,306,2,178
44:3D:54:BE:12:3C,ALL,udp:1292,192.168.3.1*,4,736,2,240,2,496
44:3D:54:BE:12:3C,ALL,udp:1292,192.168.3.105*,4,736,2,496,2,240
44:3D:54:BE:12:3C,ALL,udp:7078,192.168.3.1*,4,484,2,178,2,306
44:3D:54:BE:12:3C,ALL,udp:7078,192.168.3.105*,4,484,2,306,2,178
44:3D:54:BE:12:3C,ALL,udp:22907,192.168.3.1*,4,506,2,158,2,348
44:3D:54:BE:12:3C,ALL,udp:22907,192.168.3.105*,4,506,2,348,2,158
44:3D:54:BE:12:3C,ALL,udp:54373,192.168.3.1*,4,484,2,178,2,306
44:3D:54:BE:12:3C,ALL,udp:54373,192.168.3.105*,4,484,2,306,2,178
44:3D:54:BE:12:3C,ALL,udp:50966,192.168.3.1*,4,406,2,163,2,243
44:3D:54:BE:12:3C,ALL,udp:50966,192.168.3.105*,4,406,2,243,2,163
44:3D:54:BE:12:3C,ALL,udp:43998,192.168.3.1*,4,495,2,168,2,327
44:3D:54:BE:12:3C,ALL,udp:43998,192.168.3.105*,4,495,2,327,2,168
44:3D:54:BE:12:3C,ALL,udp:6008,192.168.3.1*,4,481,2,169,2,312
44:3D:54:BE:12:3C,ALL,udp:6008,192.168.3.105*,4,481,2,312,2,169
44:3D:54:BE:12:3C,ALL,udp:17010,192.168.3.1*,4,495,2,168,2,327
44:3D:54:BE:12:3C,ALL,udp:17010,192.168.3.105*,4,495,2,327,2,168
44:3D:54:BE:12:3C,ALL,udp:39172,192.168.3.1*,4,506,2,158,2,348
44:3D:54:BE:12:3C,ALL,udp:39172,192.168.3.105*,4,506,2,348,2,158
44:3D:54:BE:12:3C,ALL,udp:22324,192.168.3.1*,4,412,2,166,2,246
44:3D:54:BE:12:3C,ALL,udp:22324,192.168.3.105*,4,412,2,246,2,166
44:3D:54:BE:12:3C,ALL,udp:50051,192.168.3.1*,4,470,2,179,2,291
44:3D:54:BE:12:3C,ALL,udp:50051,192.168.3.105*,4,470,2,291,2,179
44:3D:54:BE:12:3C,ALL,udp:40252,192.168.3.1*,4,621,2,199,2,422
44:3D:54:BE:12:3C,ALL,udp:40252,192.168.3.105*,4,621,2,422,2,199
44:3D:54:BE:12:3C,ALL,udp:3569,192.168.3.1*,4,495,2,168,2,327
44:3D:54:BE:12:3C,ALL,udp:3569,192.168.3.105*,4,495,2,327,2,168
44:3D:54:BE:12:3C,ALL,udp:9564,192.168.3.1*,4,495,2,168,2,327
44:3D:54:BE:12:3C,ALL,udp:9564,192.168.3.105*,4,495,2,327,2,168
44:3D:54:BE:12:3C,ALL,udp:29405,192.168.3.1*,4,495,2,168,2,327
44:3D:54:BE:12:3C,ALL,udp:29405,192.168.3.105*,4,495,2,327,2,168
44:3D:54:BE:12:3C,ALL,udp:37186,192.168.3.1*,4,417,2,153,2,264
44:3D:54:BE:12:3C,ALL,udp:37186,192.168.3.105*,4,417,2,264,2,153
44:3D:54:BE:12:3C,ALL,udp:51084,192.168.3.1*,4,654,2,165,2,489
44:3D:54:BE:12:3C,ALL,udp:51084,192.168.3.105*,4,654,2,489,2,165
44:3D:54:BE:12:3C,ALL,udp:10233,192.168.3.1*,4,506,2,158,2,348
44:3D:54:BE:12:3C,ALL,udp:10233,192.168.3.105*,4,506,2,348,2,158
44:3D:54:BE:12:3C,ALL,udp:9838,192.168.3.1*,4,495,2,168,2,327
44:3D:54:BE:12:3C,ALL,udp:9838,192.168.3.105*,4,495,2,327,2,168
44:3D:54:BE:12:3C,ALL,udp:24352,192.168.3.1*,4,495,2,168,2,327
44:3D:54:BE:12:3C,ALL,udp:24352,192.168.3.105*,4,495,2,327,2,168
44:3D:54:BE:12:3C,ALL,udp:29844,192.168.3.1*,4,610,2,209,2,401
44:3D:54:BE:12:3C,ALL,udp:29844,192.168.3.105*,4,610,2,401,2,209
44:3D:54:BE:12:3C,ALL,udp:52872,192.168.3.1*,4,495,2,168,2,327
44:3D:54:BE:12:3C,ALL,udp:52872,192.168.3.105*,4,495,2,327,2,168
44:3D:54:BE:12:3C,ALL,udp:19678,192.168.3.1*,4,481,2,169,2,312
44:3D:54:BE:12:3C,ALL,udp:19678,192.168.3.105*,4,481,2,312,2,169
44:3D:54:BE:12:3C,ALL,udp:1598,192.168.3.1*,4,506,2,158,2,348
44:3D:54:BE:12:3C,ALL,udp:1598,192.168.3.105*,4,506,2,348,2,158
44:3D:54:BE:12:3C,ALL,udp:5682,192.168.3.1*,4,423,2,156,2,267
44:3D:54:BE:12:3C,ALL,udp:5682,192.168.3.105*,4,423,2,267,2,156
44:3D:54:BE:12:3C,ALL,udp:13702,192.168.3.1*,4,340,2,154,2,186
44:3D:54:BE:12:3C,ALL,udp:13702,192.168.3.105*,4,340,2,186,2,154
44:3D:54:BE:12:3C,ALL,udp:44380,192.168.3.1*,4,495,2,168,2,327
44:3D:54:BE:12:3C,ALL,udp:44380,192.168.3.105*,4,495,2,327,2,168
44:3D:54:BE:12:3C,ALL,udp:63669,192.168.3.1*,4,417,2,153,2,264
44:3D:54:BE:12:3C,ALL,udp:63669,192.168.3.105*,4,417,2,264,2,153
44:3D:54:BE:12:3C,ALL,udp:60293,192.168.3.1*,4,495,2,168,2,327
44:3D:54:BE:12:3C,ALL,udp:60293,192.168.3.105*,4,495,2,327,2,168
44:3D:54:BE:12:3C,ALL,udp:1123,192.168.3.1*,4,506,2,158,2,348
44:3D:54:BE:12:3C,ALL,udp:1123,192.168.3.105*,4,506,2,348,2,158
44:3D:54:BE:12:3C,ALL,udp:7456,192.168.3.1*,4,495,2,168,2,327
44:3D:54:BE:12:3C,ALL,udp:7456,192.168.3.105*,4,495,2,327,2,168
44:3D:54:BE:12:3C,ALL,udp:44608,192.168.3.1*,4,456,2,180,2,276
44:3D:54:BE:12:3C,ALL,udp:44608,192.168.3.105*,4,456,2,276,2,180
44:3D:54:BE:12:3C,ALL,udp:27555,192.168.3.1*,4,412,2,166,2,246
44:3D:54:BE:12:3C,ALL,udp:27555,192.168.3.105*,4,412,2,246,2,166
44:3D:54:BE:12:3C,ALL,udp:22589,192.168.3.1*,4,495,2,168,2,327
44:3D:54:BE:12:3C,ALL,udp:22589,192.168.3.105*,4,495,2,327,2,168
44:3D:54:BE:12:3C,ALL,udp:10058,192.168.3.1*,4,484,2,178,2,306
44:3D:54:BE:12:3C,ALL,udp:10058,192.168.3.105*,4,484,2,306,2,178
44:3D:54:BE:12:3C,ALL,udp:28199,192.168.3.1*,4,423,2,156,2,267
44:3D:54:BE:12:3C,ALL,udp:28199,192.168.3.105*,4,423,2,267,2,156
44:3D:54:BE:12:3C,ALL,udp:1466,192.168.3.1*,4,495,2,168,2,327
44:3D:54:BE:12:3C,ALL,udp:1466,192.168.3.105*,4,495,2,327,2,168
44:3D:54:BE:12:3C,ALL,udp:65307,192.168.3.1*,4,484,2,178,2,306
44:3D:54:BE:12:3C,ALL,udp:65307,192.168.3.105*,4,484,2,306,2,178
44:3D:54:BE:12:3C,ALL,udp:3691,192.168.3.1*,4,484,2,178,2,306
44:3D:54:BE:12:3C,ALL,udp:3691,192.168.3.105*,4,484,2,306,2,178
44:3D:54:BE:12:3C,ALL,udp:53363,192.168.3.1*,4,495,2,168,2,327
44:3D:54:BE:12:3C,ALL,udp:53363,192.168.3.105*,4,495,2,327,2,168
44:3D:54:BE:12:3C,ALL,udp:30039,192.168.3.1*,4,621,2,199,2,422
44:3D:54:BE:12:3C,ALL,udp:30039,192.168.3.105*,4,621,2,422,2,199
44:3D:54:BE:12:3C,ALL,udp:65017,192.168.3.1*,4,398,2,167,2,231
44:3D:54:BE:12:3C,ALL,udp:65017,192.168.3.105*,4,398,2,231,2,167
44:3D:54:BE:12:3C,ALL,udp:60338,192.168.3.1*,4,506,2,158,2,348
44:3D:54:BE:12:3C,ALL,udp:60338,192.168.3.105*,4,506,2,348,2,158
44:3D:54:BE:12:3C,ALL,udp:11104,192.168.3.1*,4,423,2,156,2,267
44:3D:54:BE:12:3C,ALL,udp:11104,192.168.3.105*,4,423,2,267,2,156
44:3D:54:BE:12:3C,ALL,udp:23602,192.168.3.1*,4,484,2,178,2,306
44:3D:54:BE:12:3C,ALL,udp:23602,192.168.3.105*,4,484,2,306,2,178
44:3D:54:BE:12:3C,ALL,udp:41284,192.168.3.1*,4,334,2,151,2,183
44:3D:54:BE:12:3C,ALL,udp:41284,192.168.3.105*,4,334,2,183,2,151
44:3D:54:BE:12:3C,ALL,udp:6896,192.168.3.1*,4,506,2,158,2,348
44:3D:54:BE:12:3C,ALL,udp:6896,192.168.3.105*,4,506,2,348,2,158
44:3D:54:BE:12:3C,ALL,udp:46763,192.168.3.1*,4,495,2,168,2,327
44:3D:54:BE:12:3C,ALL,udp:46763,192.168.3.105*,4,495,2,327,2,168
44:3D:54:BE:12:3C,ALL,udp:40907,192.168.3.1*,4,406,2,163,2,243
44:3D:54:BE:12:3C,ALL,udp:40907,192.168.3.105*,4,406,2,243,2,163
44:3D:54:BE:12:3C,ALL,udp:20372,192.168.3.1*,4,495,2,168,2,327
44:3D:54:BE:12:3C,ALL,udp:20372,192.168.3.105*,4,495,2,327,2,168
44:3D:54:BE:12:3C,ALL,udp:13156,192.168.3.1*,4,398,2,167,2,231
44:3D:54:BE:12:3C,ALL,udp:13156,192.168.3.105*,4,398,2,231,2,167
44:3D:54:BE:12:3C,ALL,udp:24906,192.168.3.1*,4,506,2,158,2,348
44:3D:54:BE:12:3C,ALL,udp:24906,192.168.3.105*,4,506,2,348,2,158
44:3D:54:BE:12:3C,ALL,udp:43626,192.168.3.1*,4,481,2,169,2,312
44:3D:54:BE:12:3C,ALL,udp:43626,192.168.3.105*,4,481,2,312,2,169
44:3D:54:BE:12:3C,ALL,udp:4280,192.168.3.1*,4,423,2,156,2,267
44:3D:54:BE:12:3C,ALL,udp:4280,192.168.3.105*,4,423,2,267,2,156
44:3D:54:BE:12:3C,ALL,udp:1424,192.168.3.1*,4,495,2,168,2,327
44:3D:54:BE:12:3C,ALL,udp:1424,192.168.3.105*,4,495,2,327,2,168
44:3D:54:BE:12:3C,ALL,udp:63361,192.168.3.1*,4,621,2,199,2,422
44:3D:54:BE:12:3C,ALL,udp:63361,192.168.3.105*,4,621,2,422,2,199
44:3D:54:BE:12:3C,ALL,udp:24684,192.168.3.1*,4,495,2,168,2,327
44:3D:54:BE:12:3C,ALL,udp:24684,192.168.3.105*,4,495,2,327,2,168
44:3D:54:BE:12:3C,ALL,udp:46774,192.168.3.1*,4,481,2,169,2,312
44:3D:54:BE:12:3C,ALL,udp:46774,192.168.3.105*,4,481,2,312,2,169
44:3D:54:BE:12:3C,ALL,udp:7771,192.168.3.1*,4,621,2,199,2,422
44:3D:54:BE:12:3C,ALL,udp:7771,192.168.3.105*,4,621,2,422,2,199
44:3D:54:BE:12:3C,ALL,udp:56708,192.168.3.1*,4,610,2,209,2,401
44:3D:54:BE:12:3C,ALL,udp:56708,192.168.3.105*,4,610,2,401,2,209
44:3D:54:BE:12:3C,ALL,udp:39122,192.168.3.1*,4,495,2,168,2,327
44:3D:54:BE:12:3C,ALL,udp:39122,192.168.3.105*,4,495,2,327,2,168
44:3D:54:BE:12:3C,ALL,udp:9800,192.168.3.1*,4,484,2,178,2,306
44:3D:54:BE:12:3C,ALL,udp:9800,192.168.3.105*,4,484,2,306,2,178
44:3D:54:BE:12:3C,ALL,udp:49039,192.168.3.1*,4,495,2,168,2,327
44:3D:54:BE:12:3C,ALL,udp:49039,192.168.3.105*,4,495,2,327,2,168
44:3D:54:BE:12:3C,ALL,udp:12533,192.168.3.1*,4,495,2,168,2,327
44:3D:54:BE:12:3C,ALL,udp:12533,192.168.3.105*,4,495,2,327,2,168
44:3D:54:BE:12:3C,ALL,udp:34918,192.168.3.1*,4,423,2,156,2,267
44:3D:54:BE:12:3C,ALL,udp:34918,192.168.3.105*,4,423,2,267,2,156
44:3D:54:BE:12:3C,ALL,udp:22633,192.168.3.1*,4,506,2,158,2,348
44:3D:54:BE:12:3C,ALL,udp:22633,192.168.3.105*,4,506,2,348,2,158
44:3D:54:BE:12:3C,ALL,udp:16042,192.168.3.1*,4,610,2,209,2,401
44:3D:54:BE:12:3C,ALL,udp:16042,192.168.3.105*,4,610,2,401,2,209
44:3D:54:BE:12:3C,ALL,udp:4533,192.168.3.1*,4,596,2,210,2,386
44:3D:54:BE:12:3C,ALL,udp:4533,192.168.3.105*,4,596,2,386,2,210
44:3D:54:BE:12:3C,ALL,udp:57848,192.168.3.1*,4,521,2,158,2,363
44:3D:54:BE:12:3C,ALL,udp:57848,192.168.3.105*,4,521,2,363,2,158
44:3D:54:BE:12:3C,ALL,udp:61297,192.168.3.1*,4,495,2,168,2,327
44:3D:54:BE:12:3C,ALL,udp:61297,192.168.3.105*,4,495,2,327,2,168
44:3D:54:BE:12:3C,ALL,udp:58297,192.168.3.1*,4,423,2,156,2,267
44:3D:54:BE:12:3C,ALL,udp:58297,192.168.3.105*,4,423,2,267,2,156
44:3D:54:BE:12:3C,ALL,udp:55318,192.168.3.1*,4,506,2,158,2,348
44:3D:54:BE:12:3C,ALL,udp:55318,192.168.3.105*,4,506,2,348,2,158
44:3D:54:BE:12:3C,ALL,udp:52719,192.168.3.1*,4,621,2,199,2,422
44:3D:54:BE:12:3C,ALL,udp:52719,192.168.3.105*,4,621,2,422,2,199
44:3D:54:BE:12:3C,ALL,udp:14344,192.168.3.1*,4,506,2,158,2,348
44:3D:54:BE:12:3C,ALL,udp:14344,192.168.3.105*,4,506,2,348,2,158
44:3D:54:BE:12:3C,ALL,udp:55398,192.168.3.1*,4,412,2,166,2,246
44:3D:54:BE:12:3C,ALL,udp:55398,192.168.3.105*,4,412,2,246,2,166
44:3D:54:BE:12:3C,ALL,udp:61667,192.168.3.1*,4,470,2,179,2,291
44:3D:54:BE:12:3C,ALL,udp:61667,192.168.3.105*,4,470,2,291,2,179
44:3D:54:BE:12:3C,ALL,udp:7820,192.168.3.1*,4,538,2,197,2,341
44:3D:54:BE:12:3C,ALL,udp:7820,192.168.3.105*,4,538,2,341,2,197
44:3D:54:BE:12:3C,ALL,udp:7597,192.168.3.1*,4,484,2,178,2,306
44:3D:54:BE:12:3C,ALL,udp:7597,192.168.3.105*,4,484,2,306,2,178
44:3D:54:BE:12:3C,ALL,udp:16054,192.168.3.1*,4,484,2,178,2,306
44:3D:54:BE:12:3C,ALL,udp:16054,192.168.3.105*,4,484,2,306,2,178
44:3D:54:BE:12:3C,ALL,udp:40488,192.168.3.1*,4,495,2,168,2,327
44:3D:54:BE:12:3C,ALL,udp:40488,192.168.3.105*,4,495,2,327,2,168
44:3D:54:BE:12:3C,ALL,udp:53641,192.168.3.1*,4,423,2,156,2,267
44:3D:54:BE:12:3C,ALL,udp:53641,192.168.3.105*,4,423,2,267,2,156
44:3D:54:BE:12:3C,ALL,udp:35019,192.168.3.1*,4,484,2,178,2,306
44:3D:54:BE:12:3C,ALL,udp:35019,192.168.3.105*,4,484,2,306,2,178
44:3D:54:BE:12:3C,ALL,udp:55368,192.168.3.1*,4,506,2,158,2,348
44:3D:54:BE:12:3C,ALL,udp:55368,192.168.3.105*,4,506,2,348,2,158
44:3D:54:BE:12:3C,ALL,udp:56726,192.168.3.1*,4,495,2,168,2,327
44:3D:54:BE:12:3C,ALL,udp:56726,192.168.3.105*,4,495,2,327,2,168
44:3D:54:BE:12:3C,ALL,udp:28565,192.168.3.1*,4,423,2,156,2,267
44:3D:54:BE:12:3C,ALL,udp:28565,192.168.3.105*,4,423,2,267,2,156
44:3D:54:BE:12:3C,ALL,udp:10129,192.168.3.1*,3,247,2,154,1,93
44:3D:54:BE:12:3C,ALL,udp:10129,192.168.3.105*,3,247,1,93,2,154
44:3D:54:BE:12:3C,ALL,udp:9111,192.168.3.1*,2,253,1,79,1,174
44:3D:54:BE:12:3C,ALL,udp:9111,192.168.3.105*,2,253,1,174,1,79
44:3D:54:BE:12:3C,ALL,udp:7768,192.168.3.1*,2,242,1,89,1,153
44:3D:54:BE:12:3C,ALL,udp:7768,192.168.3.105*,2,242,1,153,1,89
44:3D:54:BE:12:3C,ALL,udp:5459,192.168.3.1*,2,253,1,79,1,174
44:3D:54:BE:12:3C,ALL,udp:5459,192.168.3.105*,2,253,1,174,1,79
44:3D:54:BE:12:3C,ALL,udp:36424,192.168.3.1*,2,253,1,79,1,174
44:3D:54:BE:12:3C,ALL,udp:36424,192.168.3.105*,2,253,1,174,1,79
44:3D:54:BE:12:3C,ALL,udp:49397,192.168.3.1*,2,242,1,89,1,153
44:3D:54:BE:12:3C,ALL,udp:49397,192.168.3.105*,2,242,1,153,1,89
44:3D:54:BE:12:3C,ALL,udp:33398,192.168.3.1*,2,253,1,79,1,174
44:3D:54:BE:12:3C,ALL,udp:33398,192.168.3.105*,2,253,1,174,1,79
44:3D:54:BE:12:3C,ALL,udp:10556,192.168.3.1*,2,228,1,90,1,138
44:3D:54:BE:12:3C,ALL,udp:10556,192.168.3.105*,2,228,1,138,1,90
44:3D:54:BE:12:3C,ALL,udp:3513,192.168.3.1*,2,242,1,89,1,153
44:3D:54:BE:12:3C,ALL,udp:3513,192.168.3.105*,2,242,1,153,1,89
44:3D:54:BE:12:3C,ALL,udp:18664,192.168.3.1*,2,253,1,79,1,174
44:3D:54:BE:12:3C,ALL,udp:18664,192.168.3.105*,2,253,1,174,1,79
44:3D:54:BE:12:3C,ALL,udp:62135,192.168.3.1*,2,170,1,77,1,93
44:3D:54:BE:12:3C,ALL,udp:62135,192.168.3.105*,2,170,1,93,1,77
44:3D:54:BE:12:3C,ALL,udp:2241,192.168.3.1*,2,368,1,120,1,248
44:3D:54:BE:12:3C,ALL,udp:2241,192.168.3.105*,2,368,1,248,1,120
44:3D:54:BE:12:3C,ALL,udp:6107,192.168.3.1*,2,242,1,89,1,153
44:3D:54:BE:12:3C,ALL,udp:6107,192.168.3.105*,2,242,1,153,1,89
44:3D:54:BE:12:3C,ALL,udp:4865,192.168.3.1*,2,253,1,79,1,174
44:3D:54:BE:12:3C,ALL,udp:4865,192.168.3.105*,2,253,1,174,1,79
44:3D:54:BE:12:3C,ALL,udp:36342,192.168.3.1*,2,242,1,89,1,153
44:3D:54:BE:12:3C,ALL,udp:36342,192.168.3.105*,2,242,1,153,1,89
44:3D:54:BE:12:3C,ALL,udp:6858,192.168.3.1*,2,242,1,89,1,153
44:3D:54:BE:12:3C,ALL,udp:6858,192.168.3.105*,2,242,1,153,1,89
44:3D:54:BE:12:3C,ALL,udp:8713,192.168.3.1*,2,170,1,77,1,93
44:3D:54:BE:12:3C,ALL,udp:8713,192.168.3.105*,2,170,1,93,1,77
44:3D:54:BE:12:3C,ALL,udp:44616,192.168.3.1*,2,242,1,89,1,153
44:3D:54:BE:12:3C,ALL,udp:44616,192.168.3.105*,2,242,1,153,1,89
44:3D:54:BE:12:3C,ALL,udp:62585,192.168.3.1*,2,253,1,79,1,174
44:3D:54:BE:12:3C,ALL,udp:62585,192.168.3.105*,2,253,1,174,1,79
44:3D:54:BE:12:3C,ALL,udp:8474,192.168.3.1*,2,242,1,89,1,153
44:3D:54:BE:12:3C,ALL,udp:8474,192.168.3.105*,2,242,1,153,1,89
44:3D:54:BE:12:3C,ALL,udp:47134,192.168.3.1*,2,228,1,90,1,138
44:3D:54:BE:12:3C,ALL,udp:47134,192.168.3.105*,2,228,1,138,1,90
44:3D:54:BE:12:3C,ALL,udp:49265,192.168.3.1*,2,253,1,79,1,174
44:3D:54:BE:12:3C,ALL,udp:49265,192.168.3.105*,2,253,1,174,1,79
44:3D:54:BE:12:3C,ALL,udp:48227,192.168.3.1*,2,164,1,74,1,90
44:3D:54:BE:12:3C,ALL,udp:48227,192.168.3.105*,2,164,1,90,1,74
44:3D:54:BE:12:3C,ALL,udp:49219,192.168.3.1*,2,253,1,79,1,174
44:3D:54:BE:12:3C,ALL,udp:49219,192.168.3.105*,2,253,1,174,1,79
44:3D:54:BE:12:3C,ALL,udp:43155,192.168.3.1*,2,170,1,77,1,93
44:3D:54:BE:12:3C,ALL,udp:43155,192.168.3.105*,2,170,1,93,1,77
44:3D:54:BE:12:3C,ALL,udp:17123,192.168.3.1*,2,368,1,120,1,248
44:3D:54:BE:12:3C,ALL,udp:17123,192.168.3.105*,2,368,1,248,1,120
44:3D:54:BE:12:3C,ALL,udp:10277,192.168.3.1*,2,242,1,89,1,153
44:3D:54:BE:12:3C,ALL,udp:10277,192.168.3.105*,2,242,1,153,1,89
44:3D:54:BE:12:3C,ALL,udp:22602,192.168.3.1*,2,253,1,79,1,174
44:3D:54:BE:12:3C,ALL,udp:22602,192.168.3.105*,2,253,1,174,1,79
44:3D:54:BE:12:3C,ALL,udp:7588,192.168.3.1*,2,253,1,79,1,174
44:3D:54:BE:12:3C,ALL,udp:7588,192.168.3.105*,2,253,1,174,1,79
44:3D:54:BE:12:3C,ALL,udp:44392,192.168.3.1*,2,253,1,79,1,174
44:3D:54:BE:12:3C,ALL,udp:44392,192.168.3.105*,2,253,1,174,1,79
44:3D:54:BE:12:3C,ALL,udp:43845,192.168.3.1*,2,242,1,89,1,153
44:3D:54:BE:12:3C,ALL,udp:43845,192.168.3.105*,2,242,1,153,1,89
44:3D:54:BE:12:3C,ALL,udp:32591,192.168.3.1*,2,242,1,89,1,153
44:3D:54:BE:12:3C,ALL,udp:32591,192.168.3.105*,2,242,1,153,1,89
44:3D:54:BE:12:3C,ALL,udp:20901,192.168.3.1*,2,170,1,77,1,93
44:3D:54:BE:12:3C,ALL,udp:20901,192.168.3.105*,2,170,1,93,1,77
44:3D:54:BE:12:3C,ALL,udp:62150,192.168.3.1*,2,242,1,89,1,153
44:3D:54:BE:12:3C,ALL,udp:62150,192.168.3.105*,2,242,1,153,1,89
44:3D:54:BE:12:3C,ALL,udp:42743,192.168.3.1*,2,253,1,79,1,174
44:3D:54:BE:12:3C,ALL,udp:42743,192.168.3.105*,2,253,1,174,1,79
44:3D:54:BE:12:3C,ALL,udp:15488,192.168.3.1*,2,242,1,89,1,153
44:3D:54:BE:12:3C,ALL,udp:15488,192.168.3.105*,2,242,1,153,1,89
44:3D:54:BE:12:3C,ALL,udp:28541,192.168.3.1*,2,228,1,90,1,138
44:3D:54:BE:12:3C,ALL,udp:28541,192.168.3.105*,2,228,1,138,1,90
44:3D:54:BE:12:3C,ALL,udp:45813,192.168.3.1*,2,242,1,89,1,153
44:3D:54:BE:12:3C,ALL,udp:45813,192.168.3.105*,2,242,1,153,1,89
44:3D:54:BE:12:3C,ALL,udp:35427,192.168.3.1*,2,170,1,77,1,93
44:3D:54:BE:12:3C,ALL,udp:35427,192.168.3.105*,2,170,1,93,1,77
44:3D:54:BE:12:3C,ALL,udp:51748,192.168.3.1*,2,253,1,79,1,174
44:3D:54:BE:12:3C,ALL,udp:51748,192.168.3.105*,2,253,1,174,1,79
44:3D:54:BE:12:3C,ALL,udp:27879,192.168.3.1*,2,253,1,79,1,174
44:3D:54:BE:12:3C,ALL,udp:27879,192.168.3.105*,2,253,1,174,1,79
44:3D:54:BE:12:3C,ALL,udp:21284,192.168.3.1*,2,368,1,120,1,248
44:3D:54:BE:12:3C,ALL,udp:21284,192.168.3.105*,2,368,1,248,1,120
44:3D:54:BE:12:3C,ALL,udp:12661,192.168.3.1*,2,242,1,89,1,153
44:3D:54:BE:12:3C,ALL,udp:12661,192.168.3.105*,2,242,1,153,1,89
44:3D:54:BE:12:3C,ALL,udp:45628,192.168.3.1*,2,242,1,89,1,153
44:3D:54:BE:12:3C,ALL,udp:45628,192.168.3.105*,2,242,1,153,1,89
44:3D:54:BE:12:3C,ALL,udp:21541,192.168.3.1*,2,253,1,79,1,174
44:3D:54:BE:12:3C,ALL,udp:21541,192.168.3.105*,2,253,1,174,1,79
44:3D:54:BE:12:3C,ALL,udp:27766,192.168.3.1*,2,242,1,89,1,153
44:3D:54:BE:12:3C,ALL,udp:27766,192.168.3.105*,2,242,1,153,1,89
44:3D:54:BE:12:3C,ALL,udp:6364,192.168.3.1*,2,170,1,77,1,93
44:3D:54:BE:12:3C,ALL,udp:6364,192.168.3.105*,2,170,1,93,1,77
44:3D:54:BE:12:3C,ALL,udp:40756,192.168.3.1*,2,242,1,89,1,153
44:3D:54:BE:12:3C,ALL,udp:40756,192.168.3.105*,2,242,1,153,1,89
44:3D:54:BE:12:3C,ALL,udp:43065,192.168.3.1*,2,253,1,79,1,174
44:3D:54:BE:12:3C,ALL,udp:43065,192.168.3.105*,2,253,1,174,1,79
44:3D:54:BE:12:3C,ALL,udp:37411,192.168.3.1*,2,253,1,79,1,174
44:3D:54:BE:12:3C,ALL,udp:37411,192.168.3.105*,2,253,1,174,1,79
44:3D:54:BE:12:3C,ALL,udp:16479,192.168.3.1*,2,242,1,89,1,153
44:3D:54:BE:12:3C,ALL,udp:16479,192.168.3.105*,2,242,1,153,1,89
44:3D:54:BE:12:3C,ALL,udp:8867,192.168.3.1*,2,228,1,90,1,138
44:3D:54:BE:12:3C,ALL,udp:8867,192.168.3.105*,2,228,1,138,1,90
44:3D:54:BE:12:3C,ALL,udp:41996,192.168.3.1*,2,164,1,74,1,90
44:3D:54:BE:12:3C,ALL,udp:41996,192.168.3.105*,2,164,1,90,1,74
44:3D:54:BE:12:3C,ALL,udp:43213,192.168.3.1*,2,242,1,89,1,153
44:3D:54:BE:12:3C,ALL,udp:43213,192.168.3.105*,2,242,1,153,1,89
44:3D:54:BE:12:3C,ALL,udp:3995,192.168.3.1*,2,170,1,77,1,93
44:3D:54:BE:12:3C,ALL,udp:3995,192.168.3.105*,2,170,1,93,1,77
44:3D:54:BE:12:3C,ALL,udp:30554,192.168.3.1*,2,253,1,79,1,174
44:3D:54:BE:12:3C,ALL,udp:30554,192.168.3.105*,2,253,1,174,1,79
44:3D:54:BE:12:3C,ALL,udp:1937,192.168.3.1*,2,253,1,79,1,174
44:3D:54:BE:12:3C,ALL,udp:1937,192.168.3.105*,2,253,1,174,1,79
44:3D:54:BE:12:3C,ALL,udp:10448,192.168.3.1*,2,253,1,79,1,174
44:3D:54:BE:12:3C,ALL,udp:10448,192.168.3.105*,2,253,1,174,1,79
44:3D:54:BE:12:3C,ALL,udp:49462,192.168.3.1*,2,368,1,120,1,248
44:3D:54:BE:12:3C,ALL,udp:49462,192.168.3.105*,2,368,1,248,1,120
44:3D:54:BE:12:3C,ALL,udp:55177,192.168.3.1*,2,242,1,89,1,153
44:3D:54:BE:12:3C,ALL,udp:55177,192.168.3.105*,2,242,1,153,1,89
44:3D:54:BE:12:3C,ALL,udp:14020,192.168.3.1*,2,242,1,89,1,153
44:3D:54:BE:12:3C,ALL,udp:14020,192.168.3.105*,2,242,1,153,1,89
44:3D:54:BE:12:3C,ALL,udp:9613,192.168.3.1*,2,164,1,74,1,90
44:3D:54:BE:12:3C,ALL,udp:9613,192.168.3.105*,2,164,1,90,1,74
44:3D:54:BE:12:3C,ALL,udp:50297,192.168.3.1*,2,242,1,89,1,153
44:3D:54:BE:12:3C,ALL,udp:50297,192.168.3.105*,2,242,1,153,1,89
44:3D:54:BE:12:3C,ALL,udp:39735,192.168.3.1*,2,253,1,79,1,174
44:3D:54:BE:12:3C,ALL,udp:39735,192.168.3.105*,2,253,1,174,1,79
44:3D:54:BE:12:3C,ALL,udp:57726,192.168.3.1*,2,170,1,77,1,93
44:3D:54:BE:12:3C,ALL,udp:57726,192.168.3.105*,2,170,1,93,1,77
44:3D:54:BE:12:3C,ALL,udp:58273,192.168.3.1*,2,253,1,79,1,174
44:3D:54:BE:12:3C,ALL,udp:58273,192.168.3.105*,2,253,1,174,1,79
44:3D:54:BE:12:3C,ALL,udp:1154,192.168.3.1*,2,242,1,89,1,153
44:3D:54:BE:12:3C,ALL,udp:1154,192.168.3.105*,2,242,1,153,1,89
44:3D:54:BE:12:3C,ALL,udp:58730,192.168.3.1*,2,253,1,79,1,174
44:3D:54:BE:12:3C,ALL,udp:58730,192.168.3.105*,2,253,1,174,1,79
44:3D:54:BE:12:3C,ALL,udp:46899,192.168.3.1*,2,228,1,90,1,138
44:3D:54:BE:12:3C,ALL,udp:46899,192.168.3.105*,2,228,1,138,1,90
44:3D:54:BE:12:3C,ALL,udp:4691,192.168.3.1*,2,253,1,79,1,174
44:3D:54:BE:12:3C,ALL,udp:4691,192.168.3.105*,2,253,1,174,1,79
44:3D:54:BE:12:3C,ALL,udp:14401,192.168.3.1*,2,242,1,89,1,153
44:3D:54:BE:12:3C,ALL,udp:14401,192.168.3.105*,2,242,1,153,1,89
44:3D:54:BE:12:3C,ALL,udp:28601,192.168.3.1*,2,170,1,77,1,93
44:3D:54:BE:12:3C,ALL,udp:28601,192.168.3.105*,2,170,1,93,1,77
44:3D:54:BE:12:3C,ALL,udp:60308,192.168.3.1*,2,368,1,120,1,248
44:3D:54:BE:12:3C,ALL,udp:60308,192.168.3.105*,2,368,1,248,1,120
44:3D:54:BE:12:3C,ALL,udp:38330,192.168.3.1*,2,242,1,89,1,153
44:3D:54:BE:12:3C,ALL,udp:38330,192.168.3.105*,2,242,1,153,1,89
44:3D:54:BE:12:3C,ALL,udp:4047,192.168.3.1*,2,242,1,89,1,153
44:3D:54:BE:12:3C,ALL,udp:4047,192.168.3.105*,2,242,1,153,1,89
44:3D:54:BE:12:3C,ALL,udp:56274,192.168.3.1*,2,253,1,79,1,174
44:3D:54:BE:12:3C,ALL,udp:56274,192.168.3.105*,2,253,1,174,1,79
44:3D:54:BE:12:3C,ALL,udp:59812,192.168.3.1*,2,242,1,89,1,153
44:3D:54:BE:12:3C,ALL,udp:59812,192.168.3.105*,2,242,1,153,1,89
44:3D:54:BE:12:3C,ALL,udp:56684,192.168.3.1*,2,170,1,77,1,93
44:3D:54:BE:12:3C,ALL,udp:56684,192.168.3.105*,2,170,1,93,1,77
44:3D:54:BE:12:3C,ALL,udp:32549,192.168.3.1*,2,253,1,79,1,174
44:3D:54:BE:12:3C,ALL,udp:32549,192.168.3.105*,2,253,1,174,1,79
44:3D:54:BE:12:3C,ALL,udp:3307,192.168.3.1*,2,242,1,89,1,153
44:3D:54:BE:12:3C,ALL,udp:3307,192.168.3.105*,2,242,1,153,1,89
44:3D:54:BE:12:3C,ALL,udp:28293,192.168.3.1*,2,253,1,79,1,174
44:3D:54:BE:12:3C,ALL,udp:28293,192.168.3.105*,2,253,1,174,1,79
44:3D:54:BE:12:3C,ALL,udp:62831,192.168.3.1*,2,228,1,90,1,138
44:3D:54:BE:12:3C,ALL,udp:62831,192.168.3.105*,2,228,1,138,1,90
44:3D:54:BE:12:3C,ALL,udp:48983,192.168.3.1*,2,242,1,89,1,153
44:3D:54:BE:12:3C,ALL,udp:48983,192.168.3.105*,2,242,1,153,1,89
44:3D:54:BE:12:3C,ALL,udp:58308,192.168.3.1*,2,253,1,79,1,174
44:3D:54:BE:12:3C,ALL,udp:58308,192.168.3.105*,2,253,1,174,1,79
44:3D:54:BE:12:3C,ALL,udp:38120,192.168.3.1*,2,164,1,74,1,90
44:3D:54:BE:12:3C,ALL,udp:38120,192.168.3.105*,2,164,1,90,1,74
44:3D:54:BE:12:3C,ALL,udp:48565,192.168.3.1*,2,253,1,79,1,174
44:3D:54:BE:12:3C,ALL,udp:48565,192.168.3.105*,2,253,1,174,1,79
44:3D:54:BE:12:3C,ALL,udp:2805,192.168.3.1*,2,253,1,79,1,174
44:3D:54:BE:12:3C,ALL,udp:2805,192.168.3.105*,2,253,1,174,1,79
44:3D:54:BE:12:3C,ALL,udp:22727,192.168.3.1*,2,242,1,89,1,153
44:3D:54:BE:12:3C,ALL,udp:22727,192.168.3.105*,2,242,1,153,1,89
44:3D:54:BE:12:3C,ALL,udp:31743,192.168.3.1*,2,253,1,79,1,174
44:3D:54:BE:12:3C,ALL,udp:31743,192.168.3.105*,2,253,1,174,1,79
44:3D:54:BE:12:3C,ALL,udp:29430,192.168.3.1*,2,170,1,77,1,93
44:3D:54:BE:12:3C,ALL,udp:29430,192.168.3.105*,2,170,1,93,1,77
44:3D:54:BE:12:3C,ALL,udp:37645,192.168.3.1*,2,253,1,79,1,174
44:3D:54:BE:12:3C,ALL,udp:37645,192.168.3.105*,2,253,1,174,1,79
44:3D:54:BE:12:3C,ALL,udp:62302,192.168.3.1*,2,368,1,120,1,248
44:3D:54:BE:12:3C,ALL,udp:62302,192.168.3.105*,2,368,1,248,1,120
44:3D:54:BE:12:3C,ALL,udp:11788,192.168.3.1*,2,253,1,79,1,174
44:3D:54:BE:12:3C,ALL,udp:11788,192.168.3.105*,2,253,1,174,1,79
44:3D:54:BE:12:3C,ALL,udp:18041,192.168.3.1*,2,242,1,89,1,153
44:3D:54:BE:12:3C,ALL,udp:18041,192.168.3.105*,2,242,1,153,1,89
44:3D:54:BE:12:3C,ALL,udp:13279,192.168.3.1*,2,253,1,79,1,174
44:3D:54:BE:12:3C,ALL,udp:13279,192.168.3.105*,2,253,1,174,1,79
44:3D:54:BE:12:3C,ALL,udp:48860,192.168.3.1*,2,242,1,89,1,153
44:3D:54:BE:12:3C,ALL,udp:48860,192.168.3.105*,2,242,1,153,1,89
44:3D:54:BE:12:3C,ALL,udp:45586,192.168.3.1*,2,170,1,77,1,93
44:3D:54:BE:12:3C,ALL,udp:45586,192.168.3.105*,2,170,1,93,1,77
44:3D:54:BE:12:3C,ALL,udp:24785,192.168.3.1*,2,253,1,79,1,174
44:3D:54:BE:12:3C,ALL,udp:24785,192.168.3.105*,2,253,1,174,1,79
44:3D:54:BE:12:3C,ALL,udp:15733,192.168.3.1*,2,242,1,89,1,153
44:3D:54:BE:12:3C,ALL,udp:15733,192.168.3.105*,2,242,1,153,1,89
44:3D:54:BE:12:3C,ALL,udp:58597,192.168.3.1*,2,228,1,90,1,138
44:3D:54:BE:12:3C,ALL,udp:58597,192.168.3.105*,2,228,1,138,1,90
44:3D:54:BE:12:3C,ALL,udp:35138,192.168.3.1*,2,242,1,89,1,153
44:3D:54:BE:12:3C,ALL,udp:35138,192.168.3.105*,2,242,1,153,1,89
44:3D:54:BE:12:3C,ALL,udp:2765,192.168.3.1*,2,242,1,89,1,153
44:3D:54:BE:12:3C,ALL,udp:2765,192.168.3.105*,2,242,1,153,1,89
44:3D:54:BE:12:3C,ALL,udp:6023,192.168.3.1*,2,253,1,79,1,174
44:3D:54:BE:12:3C,ALL,udp:6023,192.168.3.105*,2,253,1,174,1,79
44:3D:54:BE:12:3C,ALL,udp:26912,192.168.3.1*,2,170,1,77,1,93
44:3D:54:BE:12:3C,ALL,udp:26912,192.168.3.105*,2,170,1,93,1,77
44:3D:54:BE:12:3C,ALL,udp:60710,192.168.3.1*,2,368,1,120,1,248
44:3D:54:BE:12:3C,ALL,udp:60710,192.168.3.105*,2,368,1,248,1,120
44:3D:54:BE:12:3C,ALL,udp:57483,192.168.3.1*,2,242,1,89,1,153
44:3D:54:BE:12:3C,ALL,udp:57483,192.168.3.105*,2,242,1,153,1,89
44:3D:54:BE:12:3C,ALL,udp:21116,192.168.3.1*,2,382,1,102,1,280
44:3D:54:BE:12:3C,ALL,udp:21116,192.168.3.105*,2,382,1,280,1,102
44:3D:54:BE:12:3C,ALL,udp:1036,192.168.3.1*,2,242,1,89,1,153
44:3D:54:BE:12:3C,ALL,udp:1036,192.168.3.105*,2,242,1,153,1,89
44:3D:54:BE:12:3C,ALL,udp:57300,192.168.3.1*,2,253,1,79,1,174
44:3D:54:BE:12:3C,ALL,udp:57300,192.168.3.105*,2,253,1,174,1,79
44:3D:54:BE:12:3C,ALL,udp:44567,192.168.3.1*,2,242,1,89,1,153
44:3D:54:BE:12:3C,ALL,udp:44567,192.168.3.105*,2,242,1,153,1,89
44:3D:54:BE:12:3C,ALL,udp:43852,192.168.3.1*,2,170,1,77,1,93
44:3D:54:BE:12:3C,ALL,udp:43852,192.168.3.105*,2,170,1,93,1,77
44:3D:54:BE:12:3C,ALL,udp:11127,192.168.3.1*,2,253,1,79,1,174
44:3D:54:BE:12:3C,ALL,udp:11127,192.168.3.105*,2,253,1,174,1,79
44:3D:54:BE:12:3C,ALL,udp:15114,192.168.3.1*,2,242,1,89,1,153
44:3D:54:BE:12:3C,ALL,udp:15114,192.168.3.105*,2,242,1,153,1,89
44:3D:54:BE:12:3C,ALL,udp:48524,192.168.3.1*,2,253,1,79,1,174
44:3D:54:BE:12:3C,ALL,udp:48524,192.168.3.105*,2,253,1,174,1,79
44:3D:54:BE:12:3C,ALL,udp:40552,192.168.3.1*,2,228,1,90,1,138
44:3D:54:BE:12:3C,ALL,udp:40552,192.168.3.105*,2,228,1,138,1,90
44:3D:54:BE:12:3C,ALL,udp:4393,192.168.3.1*,2,164,1,74,1,90
44:3D:54:BE:12:3C,ALL,udp:4393,192.168.3.105*,2,164,1,90,1,74
44:3D:54:BE:12:3C,ALL,udp:20759,192.168.3.1*,2,242,1,89,1,153
44:3D:54:BE:12:3C,ALL,udp:20759,192.168.3.105*,2,242,1,153,1,89
44:3D:54:BE:12:3C,ALL,udp:46811,192.168.3.1*,2,253,1,79,1,174
44:3D:54:BE:12:3C,ALL,udp:46811,192.168.3.105*,2,253,1,174,1,79
44:3D:54:BE:12:3C,ALL,udp:50277,192.168.3.1*,2,253,1,79,1,174
44:3D:54:BE:12:3C,ALL,udp:50277,192.168.3.105*,2,253,1,174,1,79
44:3D:54:BE:12:3C,ALL,udp:56528,192.168.3.1*,2,242,1,89,1,153
44:3D:54:BE:12:3C,ALL,udp:56528,192.168.3.105*,2,242,1,153,1,89
44:3D:54:BE:12:3C,ALL,udp:3226,192.168.3.1*,2,253,1,79,1,174
44:3D:54:BE:12:3C,ALL,udp:3226,192.168.3.105*,2,253,1,174,1,79
44:3D:54:BE:12:3C,ALL,udp:25852,192.168.3.1*,2,170,1,77,1,93
44:3D:54:BE:12:3C,ALL,udp:25852,192.168.3.105*,2,170,1,93,1,77
44:3D:54:BE:12:3C,ALL,udp:52691,192.168.3.1*,2,368,1,120,1,248
44:3D:54:BE:12:3C,ALL,udp:52691,192.168.3.105*,2,368,1,248,1,120
44:3D:54:BE:12:3C,ALL,udp:51394,192.168.3.1*,2,242,1,89,1,153
44:3D:54:BE:12:3C,ALL,udp:51394,192.168.3.105*,2,242,1,153,1,89
44:3D:54:BE:12:3C,ALL,udp:35697,192.168.3.1*,2,253,1,79,1,174
44:3D:54:BE:12:3C,ALL,udp:35697,192.168.3.105*,2,253,1,174,1,79
44:3D:54:BE:12:3C,ALL,udp:27275,192.168.3.1*,2,253,1,79,1,174
44:3D:54:BE:12:3C,ALL,udp:27275,192.168.3.105*,2,253,1,174,1,79
44:3D:54:BE:12:3C,ALL,udp:17923,192.168.3.1*,2,242,1,89,1,153
44:3D:54:BE:12:3C,ALL,udp:17923,192.168.3.105*,2,242,1,153,1,89
44:3D:54:BE:12:3C,ALL,udp:6495,192.168.3.1*,2,253,1,79,1,174
44:3D:54:BE:12:3C,ALL,udp:6495,192.168.3.105*,2,253,1,174,1,79
44:3D:54:BE:12:3C,ALL,udp:4033,192.168.3.1*,2,253,1,79,1,174
44:3D:54:BE:12:3C,ALL,udp:4033,192.168.3.105*,2,253,1,174,1,79
44:3D:54:BE:12:3C,ALL,udp:34949,192.168.3.1*,2,242,1,89,1,153
44:3D:54:BE:12:3C,ALL,udp:34949,192.168.3.105*,2,242,1,153,1,89
44:3D:54:BE:12:3C,ALL,udp:41108,192.168.3.1*,2,170,1,77,1,93
44:3D:54:BE:12:3C,ALL,udp:41108,192.168.3.105*,2,170,1,93,1,77
44:3D:54:BE:12:3C,ALL,udp:33767,192.168.3.1*,2,253,1,79,1,174
44:3D:54:BE:12:3C,ALL,udp:33767,192.168.3.105*,2,253,1,174,1,79
44:3D:54:BE:12:3C,ALL,udp:4957,192.168.3.1*,2,242,1,89,1,153
44:3D:54:BE:12:3C,ALL,udp:4957,192.168.3.105*,2,242,1,153,1,89
44:3D:54:BE:12:3C,ALL,udp:55962,192.168.3.1*,2,228,1,90,1,138
44:3D:54:BE:12:3C,ALL,udp:55962,192.168.3.105*,2,228,1,138,1,90
44:3D:54:BE:12:3C,ALL,udp:15472,192.168.3.1*,2,242,1,89,1,153
44:3D:54:BE:12:3C,ALL,udp:15472,192.168.3.105*,2,242,1,153,1,89
44:3D:54:BE:12:3C,ALL,udp:57932,192.168.3.1*,2,242,1,89,1,153
44:3D:54:BE:12:3C,ALL,udp:57932,192.168.3.105*,2,242,1,153,1,89
44:3D:54:BE:12:3C,ALL,udp:64209,192.168.3.1*,2,170,1,77,1,93
44:3D:54:BE:12:3C,ALL,udp:64209,192.168.3.105*,2,170,1,93,1,77
44:3D:54:BE:12:3C,ALL,udp:2574,192.168.3.1*,2,368,1,120,1,248
44:3D:54:BE:12:3C,ALL,udp:2574,192.168.3.105*,2,368,1,248,1,120
44:3D:54:BE:12:3C,ALL,udp:12861,192.168.3.1*,2,242,1,89,1,153
44:3D:54:BE:12:3C,ALL,udp:12861,192.168.3.105*,2,242,1,153,1,89
44:3D:54:BE:12:3C,ALL,udp:59291,192.168.3.1*,2,242,1,89,1,153
44:3D:54:BE:12:3C,ALL,udp:59291,192.168.3.105*,2,242,1,153,1,89
44:3D:54:BE:12:3C,ALL,udp:13706,192.168.3.1*,2,242,1,89,1,153
44:3D:54:BE:12:3C,ALL,udp:13706,192.168.3.105*,2,242,1,153,1,89
44:3D:54:BE:12:3C,ALL,udp:31266,192.168.3.1*,2,253,1,79,1,174
44:3D:54:BE:12:3C,ALL,udp:31266,192.168.3.105*,2,253,1,174,1,79
44:3D:54:BE:12:3C,ALL,udp:29264,192.168.3.1*,2,170,1,77,1,93
44:3D:54:BE:12:3C,ALL,udp:29264,192.168.3.105*,2,170,1,93,1,77
44:3D:54:BE:12:3C,ALL,udp:48955,192.168.3.1*,2,242,1,89,1,153
44:3D:54:BE:12:3C,ALL,udp:48955,192.168.3.105*,2,242,1,153,1,89
44:3D:54:BE:12:3C,ALL,udp:1250,192.168.3.1*,2,228,1,90,1,138
44:3D:54:BE:12:3C,ALL,udp:1250,192.168.3.105*,2,228,1,138,1,90
44:3D:54:BE:12:3C,ALL,udp:27695,192.168.3.1*,2,164,1,74,1,90
44:3D:54:BE:12:3C,ALL,udp:27695,192.168.3.105*,2,164,1,90,1,74
44:3D:54:BE:12:3C,ALL,udp:5997,192.168.3.1*,2,253,1,79,1,174
44:3D:54:BE:12:3C,ALL,udp:5997,192.168.3.105*,2,253,1,174,1,79
44:3D:54:BE:12:3C,ALL,udp:5218,192.168.3.1*,2,242,1,89,1,153
44:3D:54:BE:12:3C,ALL,udp:5218,192.168.3.105*,2,242,1,153,1,89
44:3D:54:BE:12:3C,ALL,udp:63119,192.168.3.1*,2,242,1,89,1,153
44:3D:54:BE:12:3C,ALL,udp:63119,192.168.3.105*,2,242,1,153,1,89
44:3D:54:BE:12:3C,ALL,udp:45141,192.168.3.1*,2,253,1,79,1,174
44:3D:54:BE:12:3C,ALL,udp:45141,192.168.3.105*,2,253,1,174,1,79
44:3D:54:BE:12:3C,ALL,udp:42941,192.168.3.1*,2,253,1,79,1,174
44:3D:54:BE:12:3C,ALL,udp:42941,192.168.3.105*,2,253,1,174,1,79
44:3D:54:BE:12:3C,ALL,udp:63514,192.168.3.1*,2,170,1,77,1,93
44:3D:54:BE:12:3C,ALL,udp:63514,192.168.3.105*,2,170,1,93,1,77
44:3D:54:BE:12:3C,ALL,udp:3841,192.168.3.1*,2,253,1,79,1,174
44:3D:54:BE:12:3C,ALL,udp:3841,192.168.3.105*,2,253,1,174,1,79
44:3D:54:BE:12:3C,ALL,udp:6235,192.168.3.1*,2,368,1,120,1,248
44:3D:54:BE:12:3C,ALL,udp:6235,192.168.3.105*,2,368,1,248,1,120
44:3D:54:BE:12:3C,ALL,udp:7271,192.168.3.1*,2,242,1,89,1,153
44:3D:54:BE:12:3C,ALL,udp:7271,192.168.3.105*,2,242,1,153,1,89
44:3D:54:BE:12:3C,ALL,udp:35223,192.168.3.1*,2,253,1,79,1,174
44:3D:54:BE:12:3C,ALL,udp:35223,192.168.3.105*,2,253,1,174,1,79
44:3D:54:BE:12:3C,ALL,udp:60343,192.168.3.1*,2,242,1,89,1,153
44:3D:54:BE:12:3C,ALL,udp:60343,192.168.3.105*,2,242,1,153,1,89
44:3D:54:BE:12:3C,ALL,udp:16467,192.168.3.1*,2,242,1,89,1,153
44:3D:54:BE:12:3C,ALL,udp:16467,192.168.3.105*,2,242,1,153,1,89
44:3D:54:BE:12:3C,ALL,udp:9314,192.168.3.1*,2,170,1,77,1,93
44:3D:54:BE:12:3C,ALL,udp:9314,192.168.3.105*,2,170,1,93,1,77
44:3D:54:BE:12:3C,ALL,udp:7268,192.168.3.1*,2,253,1,79,1,174
44:3D:54:BE:12:3C,ALL,udp:7268,192.168.3.105*,2,253,1,174,1,79
44:3D:54:BE:12:3C,ALL,udp:60059,192.168.3.1*,2,228,1,90,1,138
44:3D:54:BE:12:3C,ALL,udp:60059,192.168.3.105*,2,228,1,138,1,90
44:3D:54:BE:12:3C,ALL,udp:38245,192.168.3.1*,2,242,1,89,1,153
44:3D:54:BE:12:3C,ALL,udp:38245,192.168.3.105*,2,242,1,153,1,89
44:3D:54:BE:12:3C,ALL,udp:31103,192.168.3.1*,2,253,1,79,1,174
44:3D:54:BE:12:3C,ALL,udp:31103,192.168.3.105*,2,253,1,174,1,79
44:3D:54:BE:12:3C,ALL,udp:2600,192.168.3.1*,2,242,1,89,1,153
44:3D:54:BE:12:3C,ALL,udp:2600,192.168.3.105*,2,242,1,153,1,89
44:3D:54:BE:12:3C,ALL,udp:22346,192.168.3.1*,2,401,1,86,1,315
44:3D:54:BE:12:3C,ALL,udp:22346,192.168.3.105*,2,401,1,315,1,86
44:3D:54:BE:12:3C,ALL,udp:4158,192.168.3.1*,2,253,1,79,1,174
44:3D:54:BE:12:3C,ALL,udp:4158,192.168.3.105*,2,253,1,174,1,79
44:3D:54:BE:12:3C,ALL,udp:5953,192.168.3.1*,2,242,1,89,1,153
44:3D:54:BE:12:3C,ALL,udp:5953,192.168.3.105*,2,242,1,153,1,89
44:3D:54:BE:12:3C,ALL,udp:16212,192.168.3.1*,2,170,1,77,1,93
44:3D:54:BE:12:3C,ALL,udp:16212,192.168.3.105*,2,170,1,93,1,77
44:3D:54:BE:12:3C,ALL,udp:14210,192.168.3.1*,2,242,1,89,1,153
44:3D:54:BE:12:3C,ALL,udp:14210,192.168.3.105*,2,242,1,153,1,89
44:3D:54:BE:12:3C,ALL,udp:15584,192.168.3.1*,2,253,1,79,1,174
44:3D:54:BE:12:3C,ALL,udp:15584,192.168.3.105*,2,253,1,174,1,79
44:3D:54:BE:12:3C,ALL,udp:38771,192.168.3.1*,2,242,1,89,1,153
44:3D:54:BE:12:3C,ALL,udp:38771,192.168.3.105*,2,242,1,153,1,89
44:3D:54:BE:12:3C,ALL,udp:56252,192.168.3.1*,2,170,1,77,1,93
44:3D:54:BE:12:3C,ALL,udp:56252,192.168.3.105*,2,170,1,93,1,77
44:3D:54:BE:12:3C,ALL,udp:24189,192.168.3.1*,2,253,1,79,1,174
44:3D:54:BE:12:3C,ALL,udp:24189,192.168.3.105*,2,253,1,174,1,79
44:3D:54:BE:12:3C,ALL,udp:1122,192.168.3.1*,2,228,1,90,1,138
44:3D:54:BE:12:3C,ALL,udp:1122,192.168.3.105*,2,228,1,138,1,90
44:3D:54:BE:12:3C,ALL,udp:13293,192.168.3.1*,2,242,1,89,1,153
44:3D:54:BE:12:3C,ALL,udp:13293,192.168.3.105*,2,242,1,153,1,89
44:3D:54:BE:12:3C,ALL,udp:58163,192.168.3.1*,2,164,1,74,1,90
44:3D:54:BE:12:3C,ALL,udp:58163,192.168.3.105*,2,164,1,90,1,74
44:3D:54:BE:12:3C,ALL,udp:39360,192.168.3.1*,2,253,1,79,1,174
44:3D:54:BE:12:3C,ALL,udp:39360,192.168.3.105*,2,253,1,174,1,79
44:3D:54:BE:12:3C,ALL,udp:60635,192.168.3.1*,2,196,1,90,1,106
44:3D:54:BE:12:3C,ALL,udp:60635,192.168.3.105*,2,196,1,106,1,90
44:3D:54:BE:12:3C,ALL,udp:9659,192.168.3.1*,2,242,1,89,1,153
44:3D:54:BE:12:3C,ALL,udp:9659,192.168.3.105*,2,242,1,153,1,89
44:3D:54:BE:12:3C,ALL,udp:22007,192.168.3.1*,2,253,1,79,1,174
44:3D:54:BE:12:3C,ALL,udp:22007,192.168.3.105*,2,253,1,174,1,79
44:3D:54:BE:12:3C,ALL,udp:53779,192.168.3.1*,2,253,1,79,1,174
44:3D:54:BE:12:3C,ALL,udp:53779,192.168.3.105*,2,253,1,174,1,79
44:3D:54:BE:12:3C,ALL,udp:64516,192.168.3.1*,2,242,1,89,1,153
44:3D:54:BE:12:3C,ALL,udp:64516,192.168.3.105*,2,242,1,153,1,89
44:3D:54:BE:12:3C,ALL,udp:60986,192.168.3.1*,2,170,1,77,1,93
44:3D:54:BE:12:3C,ALL,udp:60986,192.168.3.105*,2,170,1,93,1,77
44:3D:54:BE:12:3C,ALL,udp:31617,192.168.3.1*,2,253,1,79,1,174
44:3D:54:BE:12:3C,ALL,udp:31617,192.168.3.105*,2,253,1,174,1,79
44:3D:54:BE:12:3C,ALL,udp:50908,192.168.3.1*,2,242,1,89,1,153
44:3D:54:BE:12:3C,ALL,udp:50908,192.168.3.105*,2,242,1,153,1,89
44:3D:54:BE:12:3C,ALL,udp:56419,192.168.3.1*,2,253,1,79,1,174
44:3D:54:BE:12:3C,ALL,udp:56419,192.168.3.105*,2,253,1,174,1,79
44:3D:54:BE:12:3C,ALL,udp:35721,192.168.3.1*,2,253,1,79,1,174
44:3D:54:BE:12:3C,ALL,udp:35721,192.168.3.105*,2,253,1,174,1,79
44:3D:54:BE:12:3C,ALL,udp:42833,192.168.3.1*,2,253,1,79,1,174
44:3D:54:BE:12:3C,ALL,udp:42833,192.168.3.105*,2,253,1,174,1,79
44:3D:54:BE:12:3C,ALL,udp:22282,192.168.3.1*,2,253,1,79,1,174
44:3D:54:BE:12:3C,ALL,udp:22282,192.168.3.105*,2,253,1,174,1,79
44:3D:54:BE:12:3C,ALL,udp:15643,192.168.3.1*,2,242,1,89,1,153
44:3D:54:BE:12:3C,ALL,udp:15643,192.168.3.105*,2,242,1,153,1,89
44:3D:54:BE:12:3C,ALL,udp:45822,192.168.3.1*,2,253,1,79,1,174
44:3D:54:BE:12:3C,ALL,udp:45822,192.168.3.105*,2,253,1,174,1,79
44:3D:54:BE:12:3C,ALL,udp:52080,192.168.3.1*,2,242,1,89,1,153
44:3D:54:BE:12:3C,ALL,udp:52080,192.168.3.105*,2,242,1,153,1,89
44:3D:54:BE:12:3C,ALL,udp:51689,192.168.3.1*,2,170,1,77,1,93
44:3D:54:BE:12:3C,ALL,udp:51689,192.168.3.105*,2,170,1,93,1,77
44:3D:54:BE:12:3C,ALL,udp:7555,192.168.3.1*,2,228,1,90,1,138
44:3D:54:BE:12:3C,ALL,udp:7555,192.168.3.105*,2,228,1,138,1,90
44:3D:54:BE:12:3C,ALL,udp:21065,192.168.3.1*,2,242,1,89,1,153
44:3D:54:BE:12:3C,ALL,udp:21065,192.168.3.105*,2,242,1,153,1,89
44:3D:54:BE:12:3C,ALL,udp:40611,192.168.3.1*,2,164,1,74,1,90
44:3D:54:BE:12:3C,ALL,udp:40611,192.168.3.105*,2,164,1,90,1,74
44:3D:54:BE:12:3C,ALL,udp:19361,192.168.3.1*,2,242,1,89,1,153
44:3D:54:BE:12:3C,ALL,udp:19361,192.168.3.105*,2,242,1,153,1,89
44:3D:54:BE:12:3C,ALL,udp:38150,192.168.3.1*,2,242,1,89,1,153
44:3D:54:BE:12:3C,ALL,udp:38150,192.168.3.105*,2,242,1,153,1,89
44:3D:54:BE:12:3C,ALL,udp:52355,192.168.3.1*,2,253,1,79,1,174
44:3D:54:BE:12:3C,ALL,udp:52355,192.168.3.105*,2,253,1,174,1,79
44:3D:54:BE:12:3C,ALL,udp:54324,192.168.3.1*,2,170,1,77,1,93
44:3D:54:BE:12:3C,ALL,udp:54324,192.168.3.105*,2,170,1,93,1,77
44:3D:54:BE:12:3C,ALL,udp:22240,192.168.3.1*,2,368,1,120,1,248
44:3D:54:BE:12:3C,ALL,udp:22240,192.168.3.105*,2,368,1,248,1,120
44:3D:54:BE:12:3C,ALL,udp:50014,192.168.3.1*,2,242,1,89,1,153
44:3D:54:BE:12:3C,ALL,udp:50014,192.168.3.105*,2,242,1,153,1,89
44:3D:54:BE:12:3C,ALL,udp:29099,192.168.3.1*,2,253,1,79,1,174
44:3D:54:BE:12:3C,ALL,udp:29099,192.168.3.105*,2,253,1,174,1,79
44:3D:54:BE:12:3C,ALL,udp:10733,192.168.3.1*,2,242,1,89,1,153
44:3D:54:BE:12:3C,ALL,udp:10733,192.168.3.105*,2,242,1,153,1,89
44:3D:54:BE:12:3C,ALL,udp:26787,192.168.3.1*,2,170,1,77,1,93
44:3D:54:BE:12:3C,ALL,udp:26787,192.168.3.105*,2,170,1,93,1,77
44:3D:54:BE:12:3C,ALL,udp:39608,192.168.3.1*,2,228,1,90,1,138
44:3D:54:BE:12:3C,ALL,udp:39608,192.168.3.105*,2,228,1,138,1,90
44:3D:54:BE:12:3C,ALL,udp:17560,192.168.3.1*,2,164,1,74,1,90
44:3D:54:BE:12:3C,ALL,udp:17560,192.168.3.105*,2,164,1,90,1,74
44:3D:54:BE:12:3C,ALL,udp:1562,192.168.3.1*,2,242,1,89,1,153
44:3D:54:BE:12:3C,ALL,udp:1562,192.168.3.105*,2,242,1,153,1,89
44:3D:54:BE:12:3C,ALL,udp:27185,192.168.3.1*,2,253,1,79,1,174
44:3D:54:BE:12:3C,ALL,udp:27185,192.168.3.105*,2,253,1,174,1,79
44:3D:54:BE:12:3C,ALL,udp:46925,192.168.3.1*,2,253,1,79,1,174
44:3D:54:BE:12:3C,ALL,udp:46925,192.168.3.105*,2,253,1,174,1,79
44:3D:54:BE:12:3C,ALL,udp:41055,192.168.3.1*,2,242,1,89,1,153
44:3D:54:BE:12:3C,ALL,udp:41055,192.168.3.105*,2,242,1,153,1,89
44:3D:54:BE:12:3C,ALL,udp:40189,192.168.3.1*,2,253,1,79,1,174
44:3D:54:BE:12:3C,ALL,udp:40189,192.168.3.105*,2,253,1,174,1,79
44:3D:54:BE:12:3C,ALL,udp:1377,192.168.3.1*,2,253,1,79,1,174
44:3D:54:BE:12:3C,ALL,udp:1377,192.168.3.105*,2,253,1,174,1,79
44:3D:54:BE:12:3C,ALL,udp:25928,192.168.3.1*,2,242,1,89,1,153
44:3D:54:BE:12:3C,ALL,udp:25928,192.168.3.105*,2,242,1,153,1,89
44:3D:54:BE:12:3C,ALL,udp:9648,192.168.3.1*,2,170,1,77,1,93
44:3D:54:BE:12:3C,ALL,udp:9648,192.168.3.105*,2,170,1,93,1,77
44:3D:54:BE:12:3C,ALL,udp:56897,192.168.3.1*,2,253,1,79,1,174
44:3D:54:BE:12:3C,ALL,udp:56897,192.168.3.105*,2,253,1,174,1,79
44:3D:54:BE:12:3C,ALL,udp:45365,192.168.3.1*,2,253,1,79,1,174
44:3D:54:BE:12:3C,ALL,udp:45365,192.168.3.105*,2,253,1,174,1,79
44:3D:54:BE:12:3C,ALL,udp:52554,192.168.3.1*,2,368,1,120,1,248
44:3D:54:BE:12:3C,ALL,udp:52554,192.168.3.105*,2,368,1,248,1,120
44:3D:54:BE:12:3C,ALL,udp:47700,192.168.3.1*,2,242,1,89,1,153
44:3D:54:BE:12:3C,ALL,udp:47700,192.168.3.105*,2,242,1,153,1,89
44:3D:54:BE:12:3C,ALL,udp:40613,192.168.3.1*,2,253,1,79,1,174
44:3D:54:BE:12:3C,ALL,udp:40613,192.168.3.105*,2,253,1,174,1,79
44:3D:54:BE:12:3C,ALL,udp:31664,192.168.3.1*,2,253,1,79,1,174
44:3D:54:BE:12:3C,ALL,udp:31664,192.168.3.105*,2,253,1,174,1,79
44:3D:54:BE:12:3C,ALL,udp:4711,192.168.3.1*,2,242,1,89,1,153
44:3D:54:BE:12:3C,ALL,udp:4711,192.168.3.105*,2,242,1,153,1,89
44:3D:54:BE:12:3C,ALL,udp:9389,192.168.3.1*,2,253,1,79,1,174
44:3D:54:BE:12:3C,ALL,udp:9389,192.168.3.105*,2,253,1,174,1,79
44:3D:54:BE:12:3C,ALL,udp:39185,192.168.3.1*,2,242,1,89,1,153
44:3D:54:BE:12:3C,ALL,udp:39185,192.168.3.105*,2,242,1,153,1,89
44:3D:54:BE:12:3C,ALL,udp:49276,192.168.3.1*,2,228,1,90,1,138
44:3D:54:BE:12:3C,ALL,udp:49276,192.168.3.105*,2,228,1,138,1,90
44:3D:54:BE:12:3C,ALL,udp:37199,192.168.3.1*,2,170,1,77,1,93
44:3D:54:BE:12:3C,ALL,udp:37199,192.168.3.105*,2,170,1,93,1,77
44:3D:54:BE:12:3C,ALL,udp:3169,192.168.3.1*,2,242,1,89,1,153
44:3D:54:BE:12:3C,ALL,udp:3169,192.168.3.105*,2,242,1,153,1,89
44:3D:54:BE:12:3C,ALL,udp:1050,192.168.3.1*,2,253,1,79,1,174
44:3D:54:BE:12:3C,ALL,udp:1050,192.168.3.105*,2,253,1,174,1,79
44:3D:54:BE:12:3C,ALL,udp:51106,192.168.3.1*,2,242,1,89,1,153
44:3D:54:BE:12:3C,ALL,udp:51106,192.168.3.105*,2,242,1,153,1,89
44:3D:54:BE:12:3C,ALL,udp:8593,192.168.3.1*,2,253,1,79,1,174
44:3D:54:BE:12:3C,ALL,udp:8593,192.168.3.105*,2,253,1,174,1,79
44:3D:54:BE:12:3C,ALL,udp:13597,192.168.3.1*,2,242,1,89,1,153
44:3D:54:BE:12:3C,ALL,udp:13597,192.168.3.105*,2,242,1,153,1,89
44:3D:54:BE:12:3C,ALL,udp:35831,192.168.3.1*,2,170,1,77,1,93
44:3D:54:BE:12:3C,ALL,udp:35831,192.168.3.105*,2,170,1,93,1,77
44:3D:54:BE:12:3C,ALL,udp:57556,192.168.3.1*,2,253,1,79,1,174
44:3D:54:BE:12:3C,ALL,udp:57556,192.168.3.105*,2,253,1,174,1,79
44:3D:54:BE:12:3C,ALL,udp:13142,192.168.3.1*,2,368,1,120,1,248
44:3D:54:BE:12:3C,ALL,udp:13142,192.168.3.105*,2,368,1,248,1,120
44:3D:54:BE:12:3C,ALL,udp:25882,192.168.3.1*,2,242,1,89,1,153
44:3D:54:BE:12:3C,ALL,udp:25882,192.168.3.105*,2,242,1,153,1,89
44:3D:54:BE:12:3C,ALL,udp:35337,192.168.3.1*,2,253,1,79,1,174
44:3D:54:BE:12:3C,ALL,udp:35337,192.168.3.105*,2,253,1,174,1,79
44:3D:54:BE:12:3C,ALL,udp:33845,192.168.3.1*,2,242,1,89,1,153
44:3D:54:BE:12:3C,ALL,udp:33845,192.168.3.105*,2,242,1,153,1,89
44:3D:54:BE:12:3C,ALL,udp:18351,192.168.3.1*,2,242,1,89,1,153
44:3D:54:BE:12:3C,ALL,udp:18351,192.168.3.105*,2,242,1,153,1,89
44:3D:54:BE:12:3C,ALL,udp:10876,192.168.3.1*,2,253,1,79,1,174
44:3D:54:BE:12:3C,ALL,udp:10876,192.168.3.105*,2,253,1,174,1,79
44:3D:54:BE:12:3C,ALL,udp:13533,192.168.3.1*,2,170,1,77,1,93
44:3D:54:BE:12:3C,ALL,udp:13533,192.168.3.105*,2,170,1,93,1,77
44:3D:54:BE:12:3C,ALL,udp:47505,192.168.3.1*,2,253,1,79,1,174
44:3D:54:BE:12:3C,ALL,udp:47505,192.168.3.105*,2,253,1,174,1,79
44:3D:54:BE:12:3C,ALL,udp:36141,192.168.3.1*,2,242,1,89,1,153
44:3D:54:BE:12:3C,ALL,udp:36141,192.168.3.105*,2,242,1,153,1,89
44:3D:54:BE:12:3C,ALL,udp:32756,192.168.3.1*,2,253,1,79,1,174
44:3D:54:BE:12:3C,ALL,udp:32756,192.168.3.105*,2,253,1,174,1,79
44:3D:54:BE:12:3C,ALL,udp:3955,192.168.3.1*,2,242,1,89,1,153
44:3D:54:BE:12:3C,ALL,udp:3955,192.168.3.105*,2,242,1,153,1,89
44:3D:54:BE:12:3C,ALL,udp:51712,192.168.3.1*,2,253,1,79,1,174
44:3D:54:BE:12:3C,ALL,udp:51712,192.168.3.105*,2,253,1,174,1,79
44:3D:54:BE:12:3C,ALL,udp:37551,192.168.3.1*,2,242,1,89,1,153
44:3D:54:BE:12:3C,ALL,udp:37551,192.168.3.105*,2,242,1,153,1,89
44:3D:54:BE:12:3C,ALL,udp:59887,192.168.3.1*,2,170,1,77,1,93
44:3D:54:BE:12:3C,ALL,udp:59887,192.168.3.105*,2,170,1,93,1,77
44:3D:54:BE:12:3C,ALL,udp:18930,192.168.3.1*,2,368,1,120,1,248
44:3D:54:BE:12:3C,ALL,udp:18930,192.168.3.105*,2,368,1,248,1,120
44:3D:54:BE:12:3C,ALL,udp:1420,192.168.3.1*,2,242,1,89,1,153
44:3D:54:BE:12:3C,ALL,udp:1420,192.168.3.105*,2,242,1,153,1,89
44:3D:54:BE:12:3C,ALL,udp:23396,192.168.3.1*,2,253,1,79,1,174
44:3D:54:BE:12:3C,ALL,udp:23396,192.168.3.105*,2,253,1,174,1,79
44:3D:54:BE:12:3C,ALL,udp:11071,192.168.3.1*,2,253,1,79,1,174
44:3D:54:BE:12:3C,ALL,udp:11071,192.168.3.105*,2,253,1,174,1,79
44:3D:54:BE:12:3C,ALL,udp:55453,192.168.3.1*,2,253,1,79,1,174
44:3D:54:BE:12:3C,ALL,udp:55453,192.168.3.105*,2,253,1,174,1,79
44:3D:54:BE:12:3C,ALL,udp:36778,192.168.3.1*,2,253,1,79,1,174
44:3D:54:BE:12:3C,ALL,udp:36778,192.168.3.105*,2,253,1,174,1,79
44:3D:54:BE:12:3C,ALL,udp:49333,192.168.3.1*,2,242,1,89,1,153
44:3D:54:BE:12:3C,ALL,udp:49333,192.168.3.105*,2,242,1,153,1,89
44:3D:54:BE:12:3C,ALL,udp:3166,192.168.3.1*,2,228,1,90,1,138
44:3D:54:BE:12:3C,ALL,udp:3166,192.168.3.105*,2,228,1,138,1,90
44:3D:54:BE:12:3C,ALL,udp:31285,192.168.3.1*,2,242,1,89,1,153
44:3D:54:BE:12:3C,ALL,udp:31285,192.168.3.105*,2,242,1,153,1,89
44:3D:54:BE:12:3C,ALL,udp:30996,192.168.3.1*,2,170,1,77,1,93
44:3D:54:BE:12:3C,ALL,udp:30996,192.168.3.105*,2,170,1,93,1,77
44:3D:54:BE:12:3C,ALL,udp:49941,192.168.3.1*,2,253,1,79,1,174
44:3D:54:BE:12:3C,ALL,udp:49941,192.168.3.105*,2,253,1,174,1,79
44:3D:54:BE:12:3C,ALL,udp:40406,192.168.3.1*,2,253,1,79,1,174
44:3D:54:BE:12:3C,ALL,udp:40406,192.168.3.105*,2,253,1,174,1,79
44:3D:54:BE:12:3C,ALL,udp:14553,192.168.3.1*,2,242,1,89,1,153
44:3D:54:BE:12:3C,ALL,udp:14553,192.168.3.105*,2,242,1,153,1,89
44:3D:54:BE:12:3C,ALL,udp:18412,192.168.3.1*,2,253,1,79,1,174
44:3D:54:BE:12:3C,ALL,udp:18412,192.168.3.105*,2,253,1,174,1,79
44:3D:54:BE:12:3C,ALL,udp:64724,192.168.3.1*,2,242,1,89,1,153
44:3D:54:BE:12:3C,ALL,udp:64724,192.168.3.105*,2,242,1,153,1,89
44:3D:54:BE:12:3C,ALL,udp:35908,192.168.3.1*,2,253,1,79,1,174
44:3D:54:BE:12:3C,ALL,udp:35908,192.168.3.105*,2,253,1,174,1,79
44:3D:54:BE:12:3C,ALL,udp:4750,192.168.3.1*,2,242,1,89,1,153
44:3D:54:BE:12:3C,ALL,udp:4750,192.168.3.105*,2,242,1,153,1,89
44:3D:54:BE:12:3C,ALL,udp:52750,192.168.3.1*,2,368,1,120,1,248
44:3D:54:BE:12:3C,ALL,udp:52750,192.168.3.105*,2,368,1,248,1,120
44:3D:54:BE:12:3C,ALL,udp:50767,192.168.3.1*,2,242,1,89,1,153
44:3D:54:BE:12:3C,ALL,udp:50767,192.168.3.105*,2,242,1,153,1,89
44:3D:54:BE:12:3C,ALL,udp:26002,192.168.3.1*,2,253,1,79,1,174
44:3D:54:BE:12:3C,ALL,udp:26002,192.168.3.105*,2,253,1,174,1,79
44:3D:54:BE:12:3C,ALL,udp:17985,192.168.3.1*,2,242,1,89,1,153
44:3D:54:BE:12:3C,ALL,udp:17985,192.168.3.105*,2,242,1,153,1,89
44:3D:54:BE:12:3C,ALL,udp:64222,192.168.3.1*,2,253,1,79,1,174
44:3D:54:BE:12:3C,ALL,udp:64222,192.168.3.105*,2,253,1,174,1,79
44:3D:54:BE:12:3C,ALL,udp:58598,192.168.3.1*,2,228,1,90,1,138
44:3D:54:BE:12:3C,ALL,udp:58598,192.168.3.105*,2,228,1,138,1,90
44:3D:54:BE:12:3C,ALL,udp:39546,192.168.3.1*,2,253,1,79,1,174
44:3D:54:BE:12:3C,ALL,udp:39546,192.168.3.105*,2,253,1,174,1,79
44:3D:54:BE:12:3C,ALL,udp:17456,192.168.3.1*,2,242,1,89,1,153
44:3D:54:BE:12:3C,ALL,udp:17456,192.168.3.105*,2,242,1,153,1,89
44:3D:54:BE:12:3C,ALL,udp:31244,192.168.3.1*,2,170,1,77,1,93
44:3D:54:BE:12:3C,ALL,udp:31244,192.168.3.105*,2,170,1,93,1,77
44:3D:54:BE:12:3C,ALL,udp:25775,192.168.3.1*,2,164,1,74,1,90
44:3D:54:BE:12:3C,ALL,udp:25775,192.168.3.105*,2,164,1,90,1,74
44:3D:54:BE:12:3C,ALL,udp:60177,192.168.3.1*,2,253,1,79,1,174
44:3D:54:BE:12:3C,ALL,udp:60177,192.168.3.105*,2,253,1,174,1,79
44:3D:54:BE:12:3C,ALL,udp:44633,192.168.3.1*,2,242,1,89,1,153
44:3D:54:BE:12:3C,ALL,udp:44633,192.168.3.105*,2,242,1,153,1,89
44:3D:54:BE:12:3C,ALL,udp:61680,192.168.3.1*,2,253,1,79,1,174
44:3D:54:BE:12:3C,ALL,udp:61680,192.168.3.105*,2,253,1,174,1,79
44:3D:54:BE:12:3C,ALL,udp:20380,192.168.3.1*,2,253,1,79,1,174
44:3D:54:BE:12:3C,ALL,udp:20380,192.168.3.105*,2,253,1,174,1,79
44:3D:54:BE:12:3C,ALL,udp:20281,192.168.3.1*,2,242,1,89,1,153
44:3D:54:BE:12:3C,ALL,udp:20281,192.168.3.105*,2,242,1,153,1,89
44:3D:54:BE:12:3C,ALL,udp:53224,192.168.3.1*,2,242,1,89,1,153
44:3D:54:BE:12:3C,ALL,udp:53224,192.168.3.105*,2,242,1,153,1,89
44:3D:54:BE:12:3C,ALL,udp:44299,192.168.3.1*,2,170,1,77,1,93
44:3D:54:BE:12:3C,ALL,udp:44299,192.168.3.105*,2,170,1,93,1,77
44:3D:54:BE:12:3C,ALL,udp:57304,192.168.3.1*,2,253,1,79,1,174
44:3D:54:BE:12:3C,ALL,udp:57304,192.168.3.105*,2,253,1,174,1,79
44:3D:54:BE:12:3C,ALL,udp:18326,192.168.3.1*,2,368,1,120,1,248
44:3D:54:BE:12:3C,ALL,udp:18326,192.168.3.105*,2,368,1,248,1,120
44:3D:54:BE:12:3C,ALL,udp:21465,192.168.3.1*,2,242,1,89,1,153
44:3D:54:BE:12:3C,ALL,udp:21465,192.168.3.105*,2,242,1,153,1,89
44:3D:54:BE:12:3C,ALL,udp:4369,192.168.3.1*,2,253,1,79,1,174
44:3D:54:BE:12:3C,ALL,udp:4369,192.168.3.105*,2,253,1,174,1,79
44:3D:54:BE:12:3C,ALL,udp:58634,192.168.3.1*,2,253,1,79,1,174
44:3D:54:BE:12:3C,ALL,udp:58634,192.168.3.105*,2,253,1,174,1,79
44:3D:54:BE:12:3C,ALL,udp:57464,192.168.3.1*,2,253,1,79,1,174
44:3D:54:BE:12:3C,ALL,udp:57464,192.168.3.105*,2,253,1,174,1,79
44:3D:54:BE:12:3C,ALL,udp:43727,192.168.3.1*,2,242,1,89,1,153
44:3D:54:BE:12:3C,ALL,udp:43727,192.168.3.105*,2,242,1,153,1,89
44:3D:54:BE:12:3C,ALL,udp:22022,192.168.3.1*,2,228,1,90,1,138
44:3D:54:BE:12:3C,ALL,udp:22022,192.168.3.105*,2,228,1,138,1,90
44:3D:54:BE:12:3C,ALL,udp:48159,192.168.3.1*,2,242,1,89,1,153
44:3D:54:BE:12:3C,ALL,udp:48159,192.168.3.105*,2,242,1,153,1,89
44:3D:54:BE:12:3C,ALL,udp:49567,192.168.3.1*,2,170,1,77,1,93
44:3D:54:BE:12:3C,ALL,udp:49567,192.168.3.105*,2,170,1,93,1,77
44:3D:54:BE:12:3C,ALL,udp:29245,192.168.3.1*,2,242,1,89,1,153
44:3D:54:BE:12:3C,ALL,udp:29245,192.168.3.105*,2,242,1,153,1,89
44:3D:54:BE:12:3C,ALL,udp:9954,192.168.3.1*,2,253,1,79,1,174
44:3D:54:BE:12:3C,ALL,udp:9954,192.168.3.105*,2,253,1,174,1,79
44:3D:54:BE:12:3C,ALL,udp:10580,192.168.3.1*,2,253,1,79,1,174
44:3D:54:BE:12:3C,ALL,udp:10580,192.168.3.105*,2,253,1,174,1,79
44:3D:54:BE:12:3C,ALL,udp:64297,192.168.3.1*,2,242,1,89,1,153
44:3D:54:BE:12:3C,ALL,udp:64297,192.168.3.105*,2,242,1,153,1,89
44:3D:54:BE:12:3C,ALL,udp:2002,192.168.3.1*,2,253,1,79,1,174
44:3D:54:BE:12:3C,ALL,udp:2002,192.168.3.105*,2,253,1,174,1,79
44:3D:54:BE:12:3C,ALL,udp:27615,192.168.3.1*,2,242,1,89,1,153
44:3D:54:BE:12:3C,ALL,udp:27615,192.168.3.105*,2,242,1,153,1,89
44:3D:54:BE:12:3C,ALL,udp:1181,192.168.3.1*,2,170,1,77,1,93
44:3D:54:BE:12:3C,ALL,udp:1181,192.168.3.105*,2,170,1,93,1,77
44:3D:54:BE:12:3C,ALL,udp:45519,192.168.3.1*,2,253,1,79,1,174
44:3D:54:BE:12:3C,ALL,udp:45519,192.168.3.105*,2,253,1,174,1,79
44:3D:54:BE:12:3C,ALL,udp:63302,192.168.3.1*,2,368,1,120,1,248
44:3D:54:BE:12:3C,ALL,udp:63302,192.168.3.105*,2,368,1,248,1,120
44:3D:54:BE:12:3C,ALL,udp:52505,192.168.3.1*,2,242,1,89,1,153
44:3D:54:BE:12:3C,ALL,udp:52505,192.168.3.105*,2,242,1,153,1,89
44:3D:54:BE:12:3C,ALL,udp:30166,192.168.3.1*,2,253,1,79,1,174
44:3D:54:BE:12:3C,ALL,udp:30166,192.168.3.105*,2,253,1,174,1,79
44:3D:54:BE:12:3C,ALL,udp:13765,192.168.3.1*,2,242,1,89,1,153
44:3D:54:BE:12:3C,ALL,udp:13765,192.168.3.105*,2,242,1,153,1,89
44:3D:54:BE:12:3C,ALL,udp:2769,192.168.3.1*,2,253,1,79,1,174
44:3D:54:BE:12:3C,ALL,udp:2769,192.168.3.105*,2,253,1,174,1,79
44:3D:54:BE:12:3C,ALL,udp:4083,192.168.3.1*,2,228,1,90,1,138
44:3D:54:BE:12:3C,ALL,udp:4083,192.168.3.105*,2,228,1,138,1,90
44:3D:54:BE:12:3C,ALL,udp:44210,192.168.3.1*,2,164,1,74,1,90
44:3D:54:BE:12:3C,ALL,udp:44210,192.168.3.105*,2,164,1,90,1,74
44:3D:54:BE:12:3C,ALL,udp:34191,192.168.3.1*,2,242,1,89,1,153
44:3D:54:BE:12:3C,ALL,udp:34191,192.168.3.105*,2,242,1,153,1,89
44:3D:54:BE:12:3C,ALL,udp:49515,192.168.3.1*,2,170,1,77,1,93
44:3D:54:BE:12:3C,ALL,udp:49515,192.168.3.105*,2,170,1,93,1,77
44:3D:54:BE:12:3C,ALL,udp:2126,192.168.3.1*,2,253,1,79,1,174
44:3D:54:BE:12:3C,ALL,udp:2126,192.168.3.105*,2,253,1,174,1,79
44:3D:54:BE:12:3C,ALL,udp:30894,192.168.3.1*,2,242,1,89,1,153
44:3D:54:BE:12:3C,ALL,udp:30894,192.168.3.105*,2,242,1,153,1,89
44:3D:54:BE:12:3C,ALL,udp:41049,192.168.3.1*,2,242,1,89,1,153
44:3D:54:BE:12:3C,ALL,udp:41049,192.168.3.105*,2,242,1,153,1,89
44:3D:54:BE:12:3C,ALL,udp:47965,192.168.3.1*,2,253,1,79,1,174
44:3D:54:BE:12:3C,ALL,udp:47965,192.168.3.105*,2,253,1,174,1,79
44:3D:54:BE:12:3C,ALL,udp:61581,192.168.3.1*,2,253,1,79,1,174
44:3D:54:BE:12:3C,ALL,udp:61581,192.168.3.105*,2,253,1,174,1,79
44:3D:54:BE:12:3C,ALL,udp:25964,192.168.3.1*,2,242,1,89,1,153
44:3D:54:BE:12:3C,ALL,udp:25964,192.168.3.105*,2,242,1,153,1,89
44:3D:54:BE:12:3C,ALL,udp:5959,192.168.3.1*,2,170,1,77,1,93
44:3D:54:BE:12:3C,ALL,udp:5959,192.168.3.105*,2,170,1,93,1,77
44:3D:54:BE:12:3C,ALL,udp:33760,192.168.3.1*,2,253,1,79,1,174
44:3D:54:BE:12:3C,ALL,udp:33760,192.168.3.105*,2,253,1,174,1,79
44:3D:54:BE:12:3C,ALL,udp:58474,192.168.3.1*,2,253,1,79,1,174
44:3D:54:BE:12:3C,ALL,udp:58474,192.168.3.105*,2,253,1,174,1,79
44:3D:54:BE:12:3C,ALL,udp:58209,192.168.3.1*,2,368,1,120,1,248
44:3D:54:BE:12:3C,ALL,udp:58209,192.168.3.105*,2,368,1,248,1,120
44:3D:54:BE:12:3C,ALL,udp:63120,192.168.3.1*,2,242,1,89,1,153
44:3D:54:BE:12:3C,ALL,udp:63120,192.168.3.105*,2,242,1,153,1,89
44:3D:54:BE:12:3C,ALL,udp:58756,192.168.3.1*,2,253,1,79,1,174
44:3D:54:BE:12:3C,ALL,udp:58756,192.168.3.105*,2,253,1,174,1,79
44:3D:54:BE:12:3C,ALL,udp:11175,192.168.3.1*,2,228,1,90,1,138
44:3D:54:BE:12:3C,ALL,udp:11175,192.168.3.105*,2,228,1,138,1,90
44:3D:54:BE:12:3C,ALL,udp:19046,192.168.3.1*,2,242,1,89,1,153
44:3D:54:BE:12:3C,ALL,udp:19046,192.168.3.105*,2,242,1,153,1,89
44:3D:54:BE:12:3C,ALL,udp:7924,192.168.3.1*,2,253,1,79,1,174
44:3D:54:BE:12:3C,ALL,udp:7924,192.168.3.105*,2,253,1,174,1,79
44:3D:54:BE:12:3C,ALL,udp:60218,192.168.3.1*,2,242,1,89,1,153
44:3D:54:BE:12:3C,ALL,udp:60218,192.168.3.105*,2,242,1,153,1,89
44:3D:54:BE:12:3C,ALL,udp:32462,192.168.3.1*,2,242,1,89,1,153
44:3D:54:BE:12:3C,ALL,udp:32462,192.168.3.105*,2,242,1,153,1,89
44:3D:54:BE:12:3C,ALL,udp:2616,192.168.3.1*,2,253,1,79,1,174
44:3D:54:BE:12:3C,ALL,udp:2616,192.168.3.105*,2,253,1,174,1,79
44:3D:54:BE:12:3C,ALL,udp:60437,192.168.3.1*,2,164,1,74,1,90
44:3D:54:BE:12:3C,ALL,udp:60437,192.168.3.105*,2,164,1,90,1,74
44:3D:54:BE:12:3C,ALL,udp:63018,192.168.3.1*,2,242,1,89,1,153
44:3D:54:BE:12:3C,ALL,udp:63018,192.168.3.105*,2,242,1,153,1,89
44:3D:54:BE:12:3C,ALL,udp:46378,192.168.3.1*,2,253,1,79,1,174
44:3D:54:BE:12:3C,ALL,udp:46378,192.168.3.105*,2,253,1,174,1,79
44:3D:54:BE:12:3C,ALL,udp:18399,192.168.3.1*,2,253,1,79,1,174
44:3D:54:BE:12:3C,ALL,udp:18399,192.168.3.105*,2,253,1,174,1,79
44:3D:54:BE:12:3C,ALL,udp:7196,192.168.3.1*,2,253,1,79,1,174
44:3D:54:BE:12:3C,ALL,udp:7196,192.168.3.105*,2,253,1,174,1,79
44:3D:54:BE:12:3C,ALL,udp:12516,192.168.3.1*,2,242,1,89,1,153
44:3D:54:BE:12:3C,ALL,udp:12516,192.168.3.105*,2,242,1,153,1,89
44:3D:54:BE:12:3C,ALL,udp:4626,192.168.3.1*,2,170,1,77,1,93
44:3D:54:BE:12:3C,ALL,udp:4626,192.168.3.105*,2,170,1,93,1,77
44:3D:54:BE:12:3C,ALL,udp:47082,192.168.3.1*,2,253,1,79,1,174
44:3D:54:BE:12:3C,ALL,udp:47082,192.168.3.105*,2,253,1,174,1,79
44:3D:54:BE:12:3C,ALL,udp:34134,192.168.3.1*,2,368,1,120,1,248
44:3D:54:BE:12:3C,ALL,udp:34134,192.168.3.105*,2,368,1,248,1,120
44:3D:54:BE:12:3C,ALL,udp:38003,192.168.3.1*,2,253,1,79,1,174
44:3D:54:BE:12:3C,ALL,udp:38003,192.168.3.105*,2,253,1,174,1,79
44:3D:54:BE:12:3C,ALL,udp:38455,192.168.3.1*,2,242,1,89,1,153
44:3D:54:BE:12:3C,ALL,udp:38455,192.168.3.105*,2,242,1,153,1,89
44:3D:54:BE:12:3C,ALL,udp:13971,192.168.3.1*,2,228,1,90,1,138
44:3D:54:BE:12:3C,ALL,udp:13971,192.168.3.105*,2,228,1,138,1,90
44:3D:54:BE:12:3C,ALL,udp:5805,192.168.3.1*,2,242,1,89,1,153
44:3D:54:BE:12:3C,ALL,udp:5805,192.168.3.105*,2,242,1,153,1,89
44:3D:54:BE:12:3C,ALL,udp:40508,192.168.3.1*,2,164,1,74,1,90
44:3D:54:BE:12:3C,ALL,udp:40508,192.168.3.105*,2,164,1,90,1,74
44:3D:54:BE:12:3C,ALL,udp:42807,192.168.3.1*,2,253,1,79,1,174
44:3D:54:BE:12:3C,ALL,udp:42807,192.168.3.105*,2,253,1,174,1,79
44:3D:54:BE:12:3C,ALL,udp:35798,192.168.3.1*,2,242,1,89,1,153
44:3D:54:BE:12:3C,ALL,udp:35798,192.168.3.105*,2,242,1,153,1,89
44:3D:54:BE:12:3C,ALL,udp:20826,192.168.3.1*,2,170,1,77,1,93
44:3D:54:BE:12:3C,ALL,udp:20826,192.168.3.105*,2,170,1,93,1,77
44:3D:54:BE:12:3C,ALL,udp:2815,192.168.3.1*,2,253,1,79,1,174
44:3D:54:BE:12:3C,ALL,udp:2815,192.168.3.105*,2,253,1,174,1,79
44:3D:54:BE:12:3C,ALL,udp:58110,192.168.3.1*,2,242,1,89,1,153
44:3D:54:BE:12:3C,ALL,udp:58110,192.168.3.105*,2,242,1,153,1,89
44:3D:54:BE:12:3C,ALL,udp:16471,192.168.3.1*,2,242,1,89,1,153
44:3D:54:BE:12:3C,ALL,udp:16471,192.168.3.105*,2,242,1,153,1,89
44:3D:54:BE:12:3C,ALL,udp:44041,192.168.3.1*,2,242,1,89,1,153
44:3D:54:BE:12:3C,ALL,udp:44041,192.168.3.105*,2,242,1,153,1,89
44:3D:54:BE:12:3C,ALL,udp:1496,192.168.3.1*,2,170,1,77,1,93
44:3D:54:BE:12:3C,ALL,udp:1496,192.168.3.105*,2,170,1,93,1,77
44:3D:54:BE:12:3C,ALL,udp:12438,192.168.3.1*,2,368,1,120,1,248
44:3D:54:BE:12:3C,ALL,udp:12438,192.168.3.105*,2,368,1,248,1,120
44:3D:54:BE:12:3C,ALL,udp:25641,192.168.3.1*,2,253,1,79,1,174
44:3D:54:BE:12:3C,ALL,udp:25641,192.168.3.105*,2,253,1,174,1,79
44:3D:54:BE:12:3C,ALL,udp:4456,192.168.3.1*,2,242,1,89,1,153
44:3D:54:BE:12:3C,ALL,udp:4456,192.168.3.105*,2,242,1,153,1,89
44:3D:54:BE:12:3C,ALL,udp:15525,192.168.3.1*,2,253,1,79,1,174
44:3D:54:BE:12:3C,ALL,udp:15525,192.168.3.105*,2,253,1,174,1,79
44:3D:54:BE:12:3C,ALL,udp:44078,192.168.3.1*,2,228,1,90,1,138
44:3D:54:BE:12:3C,ALL,udp:44078,192.168.3.105*,2,228,1,138,1,90
44:3D:54:BE:12:3C,ALL,udp:42512,192.168.3.1*,2,242,1,89,1,153
44:3D:54:BE:12:3C,ALL,udp:42512,192.168.3.105*,2,242,1,153,1,89
44:3D:54:BE:12:3C,ALL,udp:3869,192.168.3.1*,2,164,1,74,1,90
44:3D:54:BE:12:3C,ALL,udp:3869,192.168.3.105*,2,164,1,90,1,74
44:3D:54:BE:12:3C,ALL,udp:4213,192.168.3.1*,2,253,1,79,1,174
44:3D:54:BE:12:3C,ALL,udp:4213,192.168.3.105*,2,253,1,174,1,79
44:3D:54:BE:12:3C,ALL,udp:4251,192.168.3.1*,2,242,1,89,1,153
44:3D:54:BE:12:3C,ALL,udp:4251,192.168.3.105*,2,242,1,153,1,89
44:3D:54:BE:12:3C,ALL,udp:26544,192.168.3.1*,2,170,1,77,1,93
44:3D:54:BE:12:3C,ALL,udp:26544,192.168.3.105*,2,170,1,93,1,77
44:3D:54:BE:12:3C,ALL,udp:39427,192.168.3.1*,2,253,1,79,1,174
44:3D:54:BE:12:3C,ALL,udp:39427,192.168.3.105*,2,253,1,174,1,79
44:3D:54:BE:12:3C,ALL,udp:41757,192.168.3.1*,2,253,1,79,1,174
44:3D:54:BE:12:3C,ALL,udp:41757,192.168.3.105*,2,253,1,174,1,79
44:3D:54:BE:12:3C,ALL,udp:61118,192.168.3.1*,2,242,1,89,1,153
44:3D:54:BE:12:3C,ALL,udp:61118,192.168.3.105*,2,242,1,153,1,89
44:3D:54:BE:12:3C,ALL,udp:6388,192.168.3.1*,2,242,1,89,1,153
44:3D:54:BE:12:3C,ALL,udp:6388,192.168.3.105*,2,242,1,153,1,89
44:3D:54:BE:12:3C,ALL,udp:12190,192.168.3.1*,2,253,1,79,1,174
44:3D:54:BE:12:3C,ALL,udp:12190,192.168.3.105*,2,253,1,174,1,79
44:3D:54:BE:12:3C,ALL,udp:32241,192.168.3.1*,2,242,1,89,1,153
44:3D:54:BE:12:3C,ALL,udp:32241,192.168.3.105*,2,242,1,153,1,89
44:3D:54:BE:12:3C,ALL,udp:45270,192.168.3.1*,2,242,1,89,1,153
44:3D:54:BE:12:3C,ALL,udp:45270,192.168.3.105*,2,242,1,153,1,89
44:3D:54:BE:12:3C,ALL,udp:48342,192.168.3.1*,2,170,1,77,1,93
44:3D:54:BE:12:3C,ALL,udp:48342,192.168.3.105*,2,170,1,93,1,77
44:3D:54:BE:12:3C,ALL,udp:6457,192.168.3.1*,2,253,1,79,1,174
44:3D:54:BE:12:3C,ALL,udp:6457,192.168.3.105*,2,253,1,174,1,79
44:3D:54:BE:12:3C,ALL,udp:25791,192.168.3.1*,2,368,1,120,1,248
44:3D:54:BE:12:3C,ALL,udp:25791,192.168.3.105*,2,368,1,248,1,120
44:3D:54:BE:12:3C,ALL,udp:26215,192.168.3.1*,2,242,1,89,1,153
44:3D:54:BE:12:3C,ALL,udp:26215,192.168.3.105*,2,242,1,153,1,89
44:3D:54:BE:12:3C,ALL,udp:23778,192.168.3.1*,2,253,1,79,1,174
44:3D:54:BE:12:3C,ALL,udp:23778,192.168.3.105*,2,253,1,174,1,79
44:3D:54:BE:12:3C,ALL,udp:13924,192.168.3.1*,2,228,1,90,1,138
44:3D:54:BE:12:3C,ALL,udp:13924,192.168.3.105*,2,228,1,138,1,90
44:3D:54:BE:12:3C,ALL,udp:58871,192.168.3.1*,2,242,1,89,1,153
44:3D:54:BE:12:3C,ALL,udp:58871,192.168.3.105*,2,242,1,153,1,89
44:3D:54:BE:12:3C,ALL,udp:63624,192.168.3.1*,2,164,1,74,1,90
44:3D:54:BE:12:3C,ALL,udp:63624,192.168.3.105*,2,164,1,90,1,74
44:3D:54:BE:12:3C,ALL,udp:12617,192.168.3.1*,2,242,1,89,1,153
44:3D:54:BE:12:3C,ALL,udp:12617,192.168.3.105*,2,242,1,153,1,89
44:3D:54:BE:12:3C,ALL,udp:8761,192.168.3.1*,2,170,1,77,1,93
44:3D:54:BE:12:3C,ALL,udp:8761,192.168.3.105*,2,170,1,93,1,77
44:3D:54:BE:12:3C,ALL,udp:33814,192.168.3.1*,2,253,1,79,1,174
44:3D:54:BE:12:3C,ALL,udp:33814,192.168.3.105*,2,253,1,174,1,79
44:3D:54:BE:12:3C,ALL,udp:30034,192.168.3.1*,2,242,1,89,1,153
44:3D:54:BE:12:3C,ALL,udp:30034,192.168.3.105*,2,242,1,153,1,89
44:3D:54:BE:12:3C,ALL,udp:48516,192.168.3.1*,2,253,1,79,1,174
44:3D:54:BE:12:3C,ALL,udp:48516,192.168.3.105*,2,253,1,174,1,79
44:3D:54:BE:12:3C,ALL,udp:55849,192.168.3.1*,2,242,1,89,1,153
44:3D:54:BE:12:3C,ALL,udp:55849,192.168.3.105*,2,242,1,153,1,89
44:3D:54:BE:12:3C,ALL,udp:45994,192.168.3.1*,2,170,1,77,1,93
44:3D:54:BE:12:3C,ALL,udp:45994,192.168.3.105*,2,170,1,93,1,77
44:3D:54:BE:12:3C,ALL,udp:32714,192.168.3.1*,2,253,1,79,1,174
44:3D:54:BE:12:3C,ALL,udp:32714,192.168.3.105*,2,253,1,174,1,79
44:3D:54:BE:12:3C,ALL,udp:22035,192.168.3.1*,2,368,1,120,1,248
44:3D:54:BE:12:3C,ALL,udp:22035,192.168.3.105*,2,368,1,248,1,120
44:3D:54:BE:12:3C,ALL,udp:18131,192.168.3.1*,2,253,1,79,1,174
44:3D:54:BE:12:3C,ALL,udp:18131,192.168.3.105*,2,253,1,174,1,79
44:3D:54:BE:12:3C,ALL,udp:24044,192.168.3.1*,2,242,1,89,1,153
44:3D:54:BE:12:3C,ALL,udp:24044,192.168.3.105*,2,242,1,153,1,89
44:3D:54:BE:12:3C,ALL,udp:63657,192.168.3.1*,2,228,1,90,1,138
44:3D:54:BE:12:3C,ALL,udp:63657,192.168.3.105*,2,228,1,138,1,90
44:3D:54:BE:12:3C,ALL,udp:25072,192.168.3.1*,2,253,1,79,1,174
44:3D:54:BE:12:3C,ALL,udp:25072,192.168.3.105*,2,253,1,174,1,79
44:3D:54:BE:12:3C,ALL,udp:16058,192.168.3.1*,2,242,1,89,1,153
44:3D:54:BE:12:3C,ALL,udp:16058,192.168.3.105*,2,242,1,153,1,89
44:3D:54:BE:12:3C,ALL,udp:50998,192.168.3.1*,2,242,1,89,1,153
44:3D:54:BE:12:3C,ALL,udp:50998,192.168.3.105*,2,242,1,153,1,89
44:3D:54:BE:12:3C,ALL,udp:39058,192.168.3.1*,2,170,1,77,1,93
44:3D:54:BE:12:3C,ALL,udp:39058,192.168.3.105*,2,170,1,93,1,77
44:3D:54:BE:12:3C,ALL,udp:20141,192.168.3.1*,2,242,1,89,1,153
44:3D:54:BE:12:3C,ALL,udp:20141,192.168.3.105*,2,242,1,153,1,89
44:3D:54:BE:12:3C,ALL,udp:64699,192.168.3.1*,2,242,1,89,1,153
44:3D:54:BE:12:3C,ALL,udp:64699,192.168.3.105*,2,242,1,153,1,89
44:3D:54:BE:12:3C,ALL,udp:65001,192.168.3.1*,2,253,1,79,1,174
44:3D:54:BE:12:3C,ALL,udp:65001,192.168.3.105*,2,253,1,174,1,79
44:3D:54:BE:12:3C,ALL,udp:29276,192.168.3.1*,2,242,1,89,1,153
44:3D:54:BE:12:3C,ALL,udp:29276,192.168.3.105*,2,242,1,153,1,89
44:3D:54:BE:12:3C,ALL,udp:3990,192.168.3.1*,2,170,1,77,1,93
44:3D:54:BE:12:3C,ALL,udp:3990,192.168.3.105*,2,170,1,93,1,77
44:3D:54:BE:12:3C,ALL,udp:63547,192.168.3.1*,2,253,1,79,1,174
44:3D:54:BE:12:3C,ALL,udp:63547,192.168.3.105*,2,253,1,174,1,79
44:3D:54:BE:12:3C,ALL,udp:36169,192.168.3.1*,2,368,1,120,1,248
44:3D:54:BE:12:3C,ALL,udp:36169,192.168.3.105*,2,368,1,248,1,120
44:3D:54:BE:12:3C,ALL,udp:40123,192.168.3.1*,2,228,1,90,1,138
44:3D:54:BE:12:3C,ALL,udp:40123,192.168.3.105*,2,228,1,138,1,90
44:3D:54:BE:12:3C,ALL,udp:37519,192.168.3.1*,2,401,1,86,1,315
44:3D:54:BE:12:3C,ALL,udp:37519,192.168.3.105*,2,401,1,315,1,86
44:3D:54:BE:12:3C,ALL,udp:57817,192.168.3.1*,2,242,1,89,1,153
44:3D:54:BE:12:3C,ALL,udp:57817,192.168.3.105*,2,242,1,153,1,89
44:3D:54:BE:12:3C,ALL,udp:24993,192.168.3.1*,2,253,1,79,1,174
44:3D:54:BE:12:3C,ALL,udp:24993,192.168.3.105*,2,253,1,174,1,79
44:3D:54:BE:12:3C,ALL,udp:26344,192.168.3.1*,2,164,1,74,1,90
44:3D:54:BE:12:3C,ALL,udp:26344,192.168.3.105*,2,164,1,90,1,74
44:3D:54:BE:12:3C,ALL,udp:55369,192.168.3.1*,2,253,1,79,1,174
44:3D:54:BE:12:3C,ALL,udp:55369,192.168.3.105*,2,253,1,174,1,79
44:3D:54:BE:12:3C,ALL,udp:57946,192.168.3.1*,2,242,1,89,1,153
44:3D:54:BE:12:3C,ALL,udp:57946,192.168.3.105*,2,242,1,153,1,89
44:3D:54:BE:12:3C,ALL,udp:27967,192.168.3.1*,2,253,1,79,1,174
44:3D:54:BE:12:3C,ALL,udp:27967,192.168.3.105*,2,253,1,174,1,79
44:3D:54:BE:12:3C,ALL,udp:3880,192.168.3.1*,2,170,1,77,1,93
44:3D:54:BE:12:3C,ALL,udp:3880,192.168.3.105*,2,170,1,93,1,77
44:3D:54:BE:12:3C,ALL,udp:42223,192.168.3.1*,2,242,1,89,1,153
44:3D:54:BE:12:3C,ALL,udp:42223,192.168.3.105*,2,242,1,153,1,89
44:3D:54:BE:12:3C,ALL,udp:42205,192.168.3.1*,2,253,1,79,1,174
44:3D:54:BE:12:3C,ALL,udp:42205,192.168.3.105*,2,253,1,174,1,79
44:3D:54:BE:12:3C,ALL,udp:2035,192.168.3.1*,2,253,1,79,1,174
44:3D:54:BE:12:3C,ALL,udp:2035,192.168.3.105*,2,253,1,174,1,79
44:3D:54:BE:12:3C,ALL,udp:20165,192.168.3.1*,2,242,1,89,1,153
44:3D:54:BE:12:3C,ALL,udp:20165,192.168.3.105*,2,242,1,153,1,89
44:3D:54:BE:12:3C,ALL,udp:52006,192.168.3.1*,2,242,1,89,1,153
44:3D:54:BE:12:3C,ALL,udp:52006,192.168.3.105*,2,242,1,153,1,89
44:3D:54:BE:12:3C,ALL,udp:37466,192.168.3.1*,2,170,1,77,1,93
44:3D:54:BE:12:3C,ALL,udp:37466,192.168.3.105*,2,170,1,93,1,77
44:3D:54:BE:12:3C,ALL,udp:57062,192.168.3.1*,2,253,1,79,1,174
44:3D:54:BE:12:3C,ALL,udp:57062,192.168.3.105*,2,253,1,174,1,79
44:3D:54:BE:12:3C,ALL,udp:4803,192.168.3.1*,2,228,1,90,1,138
44:3D:54:BE:12:3C,ALL,udp:4803,192.168.3.105*,2,228,1,138,1,90
44:3D:54:BE:12:3C,ALL,udp:33705,192.168.3.1*,2,368,1,120,1,248
44:3D:54:BE:12:3C,ALL,udp:33705,192.168.3.105*,2,368,1,248,1,120
44:3D:54:BE:12:3C,ALL,udp:31792,192.168.3.1*,2,242,1,89,1,153
44:3D:54:BE:12:3C,ALL,udp:31792,192.168.3.105*,2,242,1,153,1,89
44:3D:54:BE:12:3C,ALL,udp:56486,192.168.3.1*,2,253,1,79,1,174
44:3D:54:BE:12:3C,ALL,udp:56486,192.168.3.105*,2,253,1,174,1,79
44:3D:54:BE:12:3C,ALL,udp:39839,192.168.3.1*,2,253,1,79,1,174
44:3D:54:BE:12:3C,ALL,udp:39839,192.168.3.105*,2,253,1,174,1,79
44:3D:54:BE:12:3C,ALL,udp:17281,192.168.3.1*,2,242,1,89,1,153
44:3D:54:BE:12:3C,ALL,udp:17281,192.168.3.105*,2,242,1,153,1,89
44:3D:54:BE:12:3C,ALL,udp:53784,192.168.3.1*,2,253,1,79,1,174
44:3D:54:BE:12:3C,ALL,udp:53784,192.168.3.105*,2,253,1,174,1,79
44:3D:54:BE:12:3C,ALL,udp:53737,192.168.3.1*,2,242,1,89,1,153
44:3D:54:BE:12:3C,ALL,udp:53737,192.168.3.105*,2,242,1,153,1,89
44:3D:54:BE:12:3C,ALL,udp:51466,192.168.3.1*,2,253,1,79,1,174
44:3D:54:BE:12:3C,ALL,udp:51466,192.168.3.105*,2,253,1,174,1,79
44:3D:54:BE:12:3C,ALL,udp:34526,192.168.3.1*,2,170,1,77,1,93
44:3D:54:BE:12:3C,ALL,udp:34526,192.168.3.105*,2,170,1,93,1,77
44:3D:54:BE:12:3C,ALL,udp:53335,192.168.3.1*,2,253,1,79,1,174
44:3D:54:BE:12:3C,ALL,udp:53335,192.168.3.105*,2,253,1,174,1,79
44:3D:54:BE:12:3C,ALL,udp:31162,192.168.3.1*,2,242,1,89,1,153
44:3D:54:BE:12:3C,ALL,udp:31162,192.168.3.105*,2,242,1,153,1,89
44:3D:54:BE:12:3C,ALL,udp:56400,192.168.3.1*,2,253,1,79,1,174
44:3D:54:BE:12:3C,ALL,udp:56400,192.168.3.105*,2,253,1,174,1,79
44:3D:54:BE:12:3C,ALL,udp:37710,192.168.3.1*,2,242,1,89,1,153
44:3D:54:BE:12:3C,ALL,udp:37710,192.168.3.105*,2,242,1,153,1,89
44:3D:54:BE:12:3C,ALL,udp:56176,192.168.3.1*,2,253,1,79,1,174
44:3D:54:BE:12:3C,ALL,udp:56176,192.168.3.105*,2,253,1,174,1,79
44:3D:54:BE:12:3C,ALL,udp:27075,192.168.3.1*,2,242,1,89,1,153
44:3D:54:BE:12:3C,ALL,udp:27075,192.168.3.105*,2,242,1,153,1,89
44:3D:54:BE:12:3C,ALL,udp:7401,192.168.3.1*,2,228,1,90,1,138
44:3D:54:BE:12:3C,ALL,udp:7401,192.168.3.105*,2,228,1,138,1,90
44:3D:54:BE:12:3C,ALL,udp:35180,192.168.3.1*,2,253,1,79,1,174
44:3D:54:BE:12:3C,ALL,udp:35180,192.168.3.105*,2,253,1,174,1,79
44:3D:54:BE:12:3C,ALL,udp:51795,192.168.3.1*,2,368,1,120,1,248
44:3D:54:BE:12:3C,ALL,udp:51795,192.168.3.105*,2,368,1,248,1,120
44:3D:54:BE:12:3C,ALL,udp:45738,192.168.3.1*,2,242,1,89,1,153
44:3D:54:BE:12:3C,ALL,udp:45738,192.168.3.105*,2,242,1,153,1,89
44:3D:54:BE:12:3C,ALL,udp:8667,192.168.3.1*,2,164,1,74,1,90
44:3D:54:BE:12:3C,ALL,udp:8667,192.168.3.105*,2,164,1,90,1,74
44:3D:54:BE:12:3C,ALL,udp:19194,192.168.3.1*,2,242,1,89,1,153
44:3D:54:BE:12:3C,ALL,udp:19194,192.168.3.105*,2,242,1,153,1,89
44:3D:54:BE:12:3C,ALL,udp:60085,192.168.3.1*,2,242,1,89,1,153
44:3D:54:BE:12:3C,ALL,udp:60085,192.168.3.105*,2,242,1,153,1,89
44:3D:54:BE:12:3C,ALL,udp:45486,192.168.3.1*,2,170,1,77,1,93
44:3D:54:BE:12:3C,ALL,udp:45486,192.168.3.105*,2,170,1,93,1,77
44:3D:54:BE:12:3C,ALL,udp:11550,192.168.3.1*,2,253,1,79,1,174
44:3D:54:BE:12:3C,ALL,udp:11550,192.168.3.105*,2,253,1,174,1,79
44:3D:54:BE:12:3C,ALL,udp:10608,192.168.3.1*,2,253,1,79,1,174
44:3D:54:BE:12:3C,ALL,udp:10608,192.168.3.105*,2,253,1,174,1,79
44:3D:54:BE:12:3C,ALL,udp:65417,192.168.3.1*,2,253,1,79,1,174
44:3D:54:BE:12:3C,ALL,udp:65417,192.168.3.105*,2,253,1,174,1,79
44:3D:54:BE:12:3C,ALL,udp:21334,192.168.3.1*,2,253,1,79,1,174
44:3D:54:BE:12:3C,ALL,udp:21334,192.168.3.105*,2,253,1,174,1,79
44:3D:54:BE:12:3C,ALL,udp:38520,192.168.3.1*,2,242,1,89,1,153
44:3D:54:BE:12:3C,ALL,udp:38520,192.168.3.105*,2,242,1,153,1,89
44:3D:54:BE:12:3C,ALL,udp:35549,192.168.3.1*,2,228,1,90,1,138
44:3D:54:BE:12:3C,ALL,udp:35549,192.168.3.105*,2,228,1,138,1,90
44:3D:54:BE:12:3C,ALL,udp:28341,192.168.3.1*,2,368,1,120,1,248
44:3D:54:BE:12:3C,ALL,udp:28341,192.168.3.105*,2,368,1,248,1,120
44:3D:54:BE:12:3C,ALL,udp:19620,192.168.3.1*,2,242,1,89,1,153
44:3D:54:BE:12:3C,ALL,udp:19620,192.168.3.105*,2,242,1,153,1,89
44:3D:54:BE:12:3C,ALL,udp:13734,192.168.3.1*,2,253,1,79,1,174
44:3D:54:BE:12:3C,ALL,udp:13734,192.168.3.105*,2,253,1,174,1,79
44:3D:54:BE:12:3C,ALL,udp:55625,192.168.3.1*,2,253,1,79,1,174
44:3D:54:BE:12:3C,ALL,udp:55625,192.168.3.105*,2,253,1,174,1,79
44:3D:54:BE:12:3C,ALL,udp:34044,192.168.3.1*,2,242,1,89,1,153
44:3D:54:BE:12:3C,ALL,udp:34044,192.168.3.105*,2,242,1,153,1,89
44:3D:54:BE:12:3C,ALL,udp:13377,192.168.3.1*,2,253,1,79,1,174
44:3D:54:BE:12:3C,ALL,udp:13377,192.168.3.105*,2,253,1,174,1,79
44:3D:54:BE:12:3C,ALL,udp:3019,192.168.3.1*,2,242,1,89,1,153
44:3D:54:BE:12:3C,ALL,udp:3019,192.168.3.105*,2,242,1,153,1,89
44:3D:54:BE:12:3C,ALL,udp:8777,192.168.3.1*,2,170,1,77,1,93
44:3D:54:BE:12:3C,ALL,udp:8777,192.168.3.105*,2,170,1,93,1,77
44:3D:54:BE:12:3C,ALL,udp:9032,192.168.3.1*,2,253,1,79,1,174
44:3D:54:BE:12:3C,ALL,udp:9032,192.168.3.105*,2,253,1,174,1,79
44:3D:54:BE:12:3C,ALL,udp:36619,192.168.3.1*,2,242,1,89,1,153
44:3D:54:BE:12:3C,ALL,udp:36619,192.168.3.105*,2,242,1,153,1,89
44:3D:54:BE:12:3C,ALL,udp:4842,192.168.3.1*,2,253,1,79,1,174
44:3D:54:BE:12:3C,ALL,udp:4842,192.168.3.105*,2,253,1,174,1,79
44:3D:54:BE:12:3C,ALL,udp:38837,192.168.3.1*,2,242,1,89,1,153
44:3D:54:BE:12:3C,ALL,udp:38837,192.168.3.105*,2,242,1,153,1,89
44:3D:54:BE:12:3C,ALL,udp:41732,192.168.3.1*,2,228,1,90,1,138
44:3D:54:BE:12:3C,ALL,udp:41732,192.168.3.105*,2,228,1,138,1,90
44:3D:54:BE:12:3C,ALL,udp:43642,192.168.3.1*,2,170,1,77,1,93
44:3D:54:BE:12:3C,ALL,udp:43642,192.168.3.105*,2,170,1,93,1,77
44:3D:54:BE:12:3C,ALL,udp:2219,192.168.3.1*,2,368,1,120,1,248
44:3D:54:BE:12:3C,ALL,udp:2219,192.168.3.105*,2,368,1,248,1,120
44:3D:54:BE:12:3C,ALL,udp:4329,192.168.3.1*,2,242,1,89,1,153
44:3D:54:BE:12:3C,ALL,udp:4329,192.168.3.105*,2,242,1,153,1,89
44:3D:54:BE:12:3C,ALL,udp:58999,192.168.3.1*,2,253,1,79,1,174
44:3D:54:BE:12:3C,ALL,udp:58999,192.168.3.105*,2,253,1,174,1,79
44:3D:54:BE:12:3C,ALL,udp:53314,192.168.3.1*,2,253,1,79,1,174
44:3D:54:BE:12:3C,ALL,udp:53314,192.168.3.105*,2,253,1,174,1,79
44:3D:54:BE:12:3C,ALL,udp:45165,192.168.3.1*,2,242,1,89,1,153
44:3D:54:BE:12:3C,ALL,udp:45165,192.168.3.105*,2,242,1,153,1,89
44:3D:54:BE:12:3C,ALL,udp:21562,192.168.3.1*,2,242,1,89,1,153
44:3D:54:BE:12:3C,ALL,udp:21562,192.168.3.105*,2,242,1,153,1,89
44:3D:54:BE:12:3C,ALL,udp:32203,192.168.3.1*,2,170,1,77,1,93
44:3D:54:BE:12:3C,ALL,udp:32203,192.168.3.105*,2,170,1,93,1,77
44:3D:54:BE:12:3C,ALL,udp:56036,192.168.3.1*,2,242,1,89,1,153
44:3D:54:BE:12:3C,ALL,udp:56036,192.168.3.105*,2,242,1,153,1,89
44:3D:54:BE:12:3C,ALL,udp:63211,192.168.3.1*,2,253,1,79,1,174
44:3D:54:BE:12:3C,ALL,udp:63211,192.168.3.105*,2,253,1,174,1,79
44:3D:54:BE:12:3C,ALL,udp:25267,192.168.3.1*,2,242,1,89,1,153
44:3D:54:BE:12:3C,ALL,udp:25267,192.168.3.105*,2,242,1,153,1,89
44:3D:54:BE:12:3C,ALL,udp:30424,192.168.3.1*,2,253,1,79,1,174
44:3D:54:BE:12:3C,ALL,udp:30424,192.168.3.105*,2,253,1,174,1,79
44:3D:54:BE:12:3C,ALL,udp:36672,192.168.3.1*,2,242,1,89,1,153
44:3D:54:BE:12:3C,ALL,udp:36672,192.168.3.105*,2,242,1,153,1,89
44:3D:54:BE:12:3C,ALL,udp:15367,192.168.3.1*,2,368,1,120,1,248
44:3D:54:BE:12:3C,ALL,udp:15367,192.168.3.105*,2,368,1,248,1,120
44:3D:54:BE:12:3C,ALL,udp:11435,192.168.3.1*,2,242,1,89,1,153
44:3D:54:BE:12:3C,ALL,udp:11435,192.168.3.105*,2,242,1,153,1,89
44:3D:54:BE:12:3C,ALL,udp:30806,192.168.3.1*,2,253,1,79,1,174
44:3D:54:BE:12:3C,ALL,udp:30806,192.168.3.105*,2,253,1,174,1,79
44:3D:54:BE:12:3C,ALL,udp:7994,192.168.3.1*,2,253,1,79,1,174
44:3D:54:BE:12:3C,ALL,udp:7994,192.168.3.105*,2,253,1,174,1,79
44:3D:54:BE:12:3C,ALL,udp:57469,192.168.3.1*,2,242,1,89,1,153
44:3D:54:BE:12:3C,ALL,udp:57469,192.168.3.105*,2,242,1,153,1,89
44:3D:54:BE:12:3C,ALL,udp:62249,192.168.3.1*,2,253,1,79,1,174
44:3D:54:BE:12:3C,ALL,udp:62249,192.168.3.105*,2,253,1,174,1,79
44:3D:54:BE:12:3C,ALL,udp:44974,192.168.3.1*,2,253,1,79,1,174
44:3D:54:BE:12:3C,ALL,udp:44974,192.168.3.105*,2,253,1,174,1,79
44:3D:54:BE:12:3C,ALL,udp:30659,192.168.3.1*,2,242,1,89,1,153
44:3D:54:BE:12:3C,ALL,udp:30659,192.168.3.105*,2,242,1,153,1,89
44:3D:54:BE:12:3C,ALL,udp:29150,192.168.3.1*,2,170,1,77,1,93
44:3D:54:BE:12:3C,ALL,udp:29150,192.168.3.105*,2,170,1,93,1,77
44:3D:54:BE:12:3C,ALL,udp:23195,192.168.3.1*,2,253,1,79,1,174
44:3D:54:BE:12:3C,ALL,udp:23195,192.168.3.105*,2,253,1,174,1,79
44:3D:54:BE:12:3C,ALL,udp:33288,192.168.3.1*,2,253,1,79,1,174
44:3D:54:BE:12:3C,ALL,udp:33288,192.168.3.105*,2,253,1,174,1,79
44:3D:54:BE:12:3C,ALL,udp:36959,192.168.3.1*,2,253,1,79,1,174
44:3D:54:BE:12:3C,ALL,udp:36959,192.168.3.105*,2,253,1,174,1,79
44:3D:54:BE:12:3C,ALL,udp:40408,192.168.3.1*,2,242,1,89,1,153
44:3D:54:BE:12:3C,ALL,udp:40408,192.168.3.105*,2,242,1,153,1,89
44:3D:54:BE:12:3C,ALL,udp:2922,192.168.3.1*,2,253,1,79,1,174
44:3D:54:BE:12:3C,ALL,udp:2922,192.168.3.105*,2,253,1,174,1,79
44:3D:54:BE:12:3C,ALL,udp:30905,192.168.3.1*,2,242,1,89,1,153
44:3D:54:BE:12:3C,ALL,udp:30905,192.168.3.105*,2,242,1,153,1,89
44:3D:54:BE:12:3C,ALL,udp:48530,192.168.3.1*,2,228,1,90,1,138
44:3D:54:BE:12:3C,ALL,udp:48530,192.168.3.105*,2,228,1,138,1,90
44:3D:54:BE:12:3C,ALL,udp:47042,192.168.3.1*,2,242,1,89,1,153
44:3D:54:BE:12:3C,ALL,udp:47042,192.168.3.105*,2,242,1,153,1,89
44:3D:54:BE:12:3C,ALL,udp:1553,192.168.3.1*,2,170,1,77,1,93
44:3D:54:BE:12:3C,ALL,udp:1553,192.168.3.105*,2,170,1,93,1,77
44:3D:54:BE:12:3C,ALL,udp:21958,192.168.3.1*,2,368,1,120,1,248
44:3D:54:BE:12:3C,ALL,udp:21958,192.168.3.105*,2,368,1,248,1,120
44:3D:54:BE:12:3C,ALL,udp:22723,192.168.3.1*,2,164,1,74,1,90
44:3D:54:BE:12:3C,ALL,udp:22723,192.168.3.105*,2,164,1,90,1,74
44:3D:54:BE:12:3C,ALL,udp:16856,192.168.3.1*,2,242,1,89,1,153
44:3D:54:BE:12:3C,ALL,udp:16856,192.168.3.105*,2,242,1,153,1,89
44:3D:54:BE:12:3C,ALL,udp:38617,192.168.3.1*,2,253,1,79,1,174
44:3D:54:BE:12:3C,ALL,udp:38617,192.168.3.105*,2,253,1,174,1,79
44:3D:54:BE:12:3C,ALL,udp:62199,192.168.3.1*,2,242,1,89,1,153
44:3D:54:BE:12:3C,ALL,udp:62199,192.168.3.105*,2,242,1,153,1,89
44:3D:54:BE:12:3C,ALL,udp:11433,192.168.3.1*,2,242,1,89,1,153
44:3D:54:BE:12:3C,ALL,udp:11433,192.168.3.105*,2,242,1,153,1,89
44:3D:54:BE:12:3C,ALL,udp:16440,192.168.3.1*,2,170,1,77,1,93
44:3D:54:BE:12:3C,ALL,udp:16440,192.168.3.105*,2,170,1,93,1,77
44:3D:54:BE:12:3C,ALL,udp:1817,192.168.3.1*,2,242,1,89,1,153
44:3D:54:BE:12:3C,ALL,udp:1817,192.168.3.105*,2,242,1,153,1,89
44:3D:54:BE:12:3C,ALL,udp:62686,192.168.3.1*,2,253,1,79,1,174
44:3D:54:BE:12:3C,ALL,udp:62686,192.168.3.105*,2,253,1,174,1,79
44:3D:54:BE:12:3C,ALL,udp:63999,192.168.3.1*,2,253,1,79,1,174
44:3D:54:BE:12:3C,ALL,udp:63999,192.168.3.105*,2,253,1,174,1,79
44:3D:54:BE:12:3C,ALL,udp:55679,192.168.3.1*,2,253,1,79,1,174
44:3D:54:BE:12:3C,ALL,udp:55679,192.168.3.105*,2,253,1,174,1,79
44:3D:54:BE:12:3C,ALL,udp:1610,192.168.3.1*,2,253,1,79,1,174
44:3D:54:BE:12:3C,ALL,udp:1610,192.168.3.105*,2,253,1,174,1,79
44:3D:54:BE:12:3C,ALL,udp:26091,192.168.3.1*,2,242,1,89,1,153
44:3D:54:BE:12:3C,ALL,udp:26091,192.168.3.105*,2,242,1,153,1,89
44:3D:54:BE:12:3C,ALL,udp:58444,192.168.3.1*,2,228,1,90,1,138
44:3D:54:BE:12:3C,ALL,udp:58444,192.168.3.105*,2,228,1,138,1,90
44:3D:54:BE:12:3C,ALL,udp:60282,192.168.3.1*,2,253,1,79,1,174
44:3D:54:BE:12:3C,ALL,udp:60282,192.168.3.105*,2,253,1,174,1,79
44:3D:54:BE:12:3C,ALL,udp:52296,192.168.3.1*,2,242,1,89,1,153
44:3D:54:BE:12:3C,ALL,udp:52296,192.168.3.105*,2,242,1,153,1,89
44:3D:54:BE:12:3C,ALL,udp:11440,192.168.3.1*,2,170,1,77,1,93
44:3D:54:BE:12:3C,ALL,udp:11440,192.168.3.105*,2,170,1,93,1,77
44:3D:54:BE:12:3C,ALL,udp:17546,192.168.3.1*,2,253,1,79,1,174
44:3D:54:BE:12:3C,ALL,udp:17546,192.168.3.105*,2,253,1,174,1,79
44:3D:54:BE:12:3C,ALL,udp:38220,192.168.3.1*,2,368,1,120,1,248
44:3D:54:BE:12:3C,ALL,udp:38220,192.168.3.105*,2,368,1,248,1,120
44:3D:54:BE:12:3C,ALL,udp:65349,192.168.3.1*,2,242,1,89,1,153
44:3D:54:BE:12:3C,ALL,udp:65349,192.168.3.105*,2,242,1,153,1,89
44:3D:54:BE:12:3C,ALL,udp:55131,192.168.3.1*,2,253,1,79,1,174
44:3D:54:BE:12:3C,ALL,udp:55131,192.168.3.105*,2,253,1,174,1,79
44:3D:54:BE:12:3C,ALL,udp:18070,192.168.3.1*,2,242,1,89,1,153
44:3D:54:BE:12:3C,ALL,udp:18070,192.168.3.105*,2,242,1,153,1,89
44:3D:54:BE:12:3C,ALL,udp:1107,192.168.3.1*,2,253,1,79,1,174
44:3D:54:BE:12:3C,ALL,udp:1107,192.168.3.105*,2,253,1,174,1,79
44:3D:54:BE:12:3C,ALL,udp:64707,192.168.3.1*,2,253,1,79,1,174
44:3D:54:BE:12:3C,ALL,udp:64707,192.168.3.105*,2,253,1,174,1,79
44:3D:54:BE:12:3C,ALL,udp:57443,192.168.3.1*,2,242,1,89,1,153
44:3D:54:BE:12:3C,ALL,udp:57443,192.168.3.105*,2,242,1,153,1,89
44:3D:54:BE:12:3C,ALL,udp:56947,192.168.3.1*,2,170,1,77,1,93
44:3D:54:BE:12:3C,ALL,udp:56947,192.168.3.105*,2,170,1,93,1,77
44:3D:54:BE:12:3C,ALL,udp:7763,192.168.3.1*,2,242,1,89,1,153
44:3D:54:BE:12:3C,ALL,udp:7763,192.168.3.105*,2,242,1,153,1,89
44:3D:54:BE:12:3C,ALL,udp:11287,192.168.3.1*,2,253,1,79,1,174
44:3D:54:BE:12:3C,ALL,udp:11287,192.168.3.105*,2,253,1,174,1,79
44:3D:54:BE:12:3C,ALL,udp:56962,192.168.3.1*,2,253,1,79,1,174
44:3D:54:BE:12:3C,ALL,udp:56962,192.168.3.105*,2,253,1,174,1,79
44:3D:54:BE:12:3C,ALL,udp:59273,192.168.3.1*,2,242,1,89,1,153
44:3D:54:BE:12:3C,ALL,udp:59273,192.168.3.105*,2,242,1,153,1,89
44:3D:54:BE:12:3C,ALL,udp:57332,192.168.3.1*,2,253,1,79,1,174
44:3D:54:BE:12:3C,ALL,udp:57332,192.168.3.105*,2,253,1,174,1,79
44:3D:54:BE:12:3C,ALL,udp:20031,192.168.3.1*,2,228,1,90,1,138
44:3D:54:BE:12:3C,ALL,udp:20031,192.168.3.105*,2,228,1,138,1,90
44:3D:54:BE:12:3C,ALL,udp:37097,192.168.3.1*,2,242,1,89,1,153
44:3D:54:BE:12:3C,ALL,udp:37097,192.168.3.105*,2,242,1,153,1,89
44:3D:54:BE:12:3C,ALL,udp:24175,192.168.3.1*,2,164,1,74,1,90
44:3D:54:BE:12:3C,ALL,udp:24175,192.168.3.105*,2,164,1,90,1,74
44:3D:54:BE:12:3C,ALL,udp:28380,192.168.3.1*,2,368,1,120,1,248
44:3D:54:BE:12:3C,ALL,udp:28380,192.168.3.105*,2,368,1,248,1,120
44:3D:54:BE:12:3C,ALL,udp:2177,192.168.3.1*,2,242,1,89,1,153
44:3D:54:BE:12:3C,ALL,udp:2177,192.168.3.105*,2,242,1,153,1,89
44:3D:54:BE:12:3C,ALL,udp:8820,192.168.3.1*,2,253,1,79,1,174
44:3D:54:BE:12:3C,ALL,udp:8820,192.168.3.105*,2,253,1,174,1,79
44:3D:54:BE:12:3C,ALL,udp:42089,192.168.3.1*,2,242,1,89,1,153
44:3D:54:BE:12:3C,ALL,udp:42089,192.168.3.105*,2,242,1,153,1,89
44:3D:54:BE:12:3C,ALL,udp:15653,192.168.3.1*,2,242,1,89,1,153
44:3D:54:BE:12:3C,ALL,udp:15653,192.168.3.105*,2,242,1,153,1,89
44:3D:54:BE:12:3C,ALL,udp:10683,192.168.3.1*,2,170,1,77,1,93
44:3D:54:BE:12:3C,ALL,udp:10683,192.168.3.105*,2,170,1,93,1,77
44:3D:54:BE:12:3C,ALL,udp:40880,192.168.3.1*,2,253,1,79,1,174
44:3D:54:BE:12:3C,ALL,udp:40880,192.168.3.105*,2,253,1,174,1,79
44:3D:54:BE:12:3C,ALL,udp:37904,192.168.3.1*,2,253,1,79,1,174
44:3D:54:BE:12:3C,ALL,udp:37904,192.168.3.105*,2,253,1,174,1,79
44:3D:54:BE:12:3C,ALL,udp:62573,192.168.3.1*,2,242,1,89,1,153
44:3D:54:BE:12:3C,ALL,udp:62573,192.168.3.105*,2,242,1,153,1,89
44:3D:54:BE:12:3C,ALL,udp:36568,192.168.3.1*,2,253,1,79,1,174
44:3D:54:BE:12:3C,ALL,udp:36568,192.168.3.105*,2,253,1,174,1,79
44:3D:54:BE:12:3C,ALL,udp:22984,192.168.3.1*,2,242,1,89,1,153
44:3D:54:BE:12:3C,ALL,udp:22984,192.168.3.105*,2,242,1,153,1,89
44:3D:54:BE:12:3C,ALL,udp:21132,192.168.3.1*,2,253,1,79,1,174
44:3D:54:BE:12:3C,ALL,udp:21132,192.168.3.105*,2,253,1,174,1,79
44:3D:54:BE:12:3C,ALL,udp:2976,192.168.3.1*,2,228,1,90,1,138
44:3D:54:BE:12:3C,ALL,udp:2976,192.168.3.105*,2,228,1,138,1,90
44:3D:54:BE:12:3C,ALL,udp:36525,192.168.3.1*,2,253,1,79,1,174
44:3D:54:BE:12:3C,ALL,udp:36525,192.168.3.105*,2,253,1,174,1,79
44:3D:54:BE:12:3C,ALL,udp:40766,192.168.3.1*,2,242,1,89,1,153
44:3D:54:BE:12:3C,ALL,udp:40766,192.168.3.105*,2,242,1,153,1,89
44:3D:54:BE:12:3C,ALL,udp:41491,192.168.3.1*,2,170,1,77,1,93
44:3D:54:BE:12:3C,ALL,udp:41491,192.168.3.105*,2,170,1,93,1,77
44:3D:54:BE:12:3C,ALL,udp:9416,192.168.3.1*,2,253,1,79,1,174
44:3D:54:BE:12:3C,ALL,udp:9416,192.168.3.105*,2,253,1,174,1,79
44:3D:54:BE:12:3C,ALL,udp:10555,192.168.3.1*,2,368,1,120,1,248
44:3D:54:BE:12:3C,ALL,udp:10555,192.168.3.105*,2,368,1,248,1,120
44:3D:54:BE:12:3C,ALL,udp:3397,192.168.3.1*,2,242,1,89,1,153
44:3D:54:BE:12:3C,ALL,udp:3397,192.168.3.105*,2,242,1,153,1,89
44:3D:54:BE:12:3C,ALL,udp:48931,192.168.3.1*,2,253,1,79,1,174
44:3D:54:BE:12:3C,ALL,udp:48931,192.168.3.105*,2,253,1,174,1,79
44:3D:54:BE:12:3C,ALL,udp:38776,192.168.3.1*,2,242,1,89,1,153
44:3D:54:BE:12:3C,ALL,udp:38776,192.168.3.105*,2,242,1,153,1,89
44:3D:54:BE:12:3C,ALL,udp:56895,192.168.3.1*,2,253,1,79,1,174
44:3D:54:BE:12:3C,ALL,udp:56895,192.168.3.105*,2,253,1,174,1,79
44:3D:54:BE:12:3C,ALL,udp:33461,192.168.3.1*,2,242,1,89,1,153
44:3D:54:BE:12:3C,ALL,udp:33461,192.168.3.105*,2,242,1,153,1,89
44:3D:54:BE:12:3C,ALL,udp:1494,192.168.3.1*,2,170,1,77,1,93
44:3D:54:BE:12:3C,ALL,udp:1494,192.168.3.105*,2,170,1,93,1,77
44:3D:54:BE:12:3C,ALL,udp:12227,192.168.3.1*,2,253,1,79,1,174
44:3D:54:BE:12:3C,ALL,udp:12227,192.168.3.105*,2,253,1,174,1,79
44:3D:54:BE:12:3C,ALL,udp:27693,192.168.3.1*,2,253,1,79,1,174
44:3D:54:BE:12:3C,ALL,udp:27693,192.168.3.105*,2,253,1,174,1,79
44:3D:54:BE:12:3C,ALL,udp:63533,192.168.3.1*,2,242,1,89,1,153
44:3D:54:BE:12:3C,ALL,udp:63533,192.168.3.105*,2,242,1,153,1,89
44:3D:54:BE:12:3C,ALL,udp:14873,192.168.3.1*,2,228,1,90,1,138
44:3D:54:BE:12:3C,ALL,udp:14873,192.168.3.105*,2,228,1,138,1,90
44:3D:54:BE:12:3C,ALL,udp:14231,192.168.3.1*,2,242,1,89,1,153
44:3D:54:BE:12:3C,ALL,udp:14231,192.168.3.105*,2,242,1,153,1,89
44:3D:54:BE:12:3C,ALL,udp:59797,192.168.3.1*,2,253,1,79,1,174
44:3D:54:BE:12:3C,ALL,udp:59797,192.168.3.105*,2,253,1,174,1,79
44:3D:54:BE:12:3C,ALL,udp:59781,192.168.3.1*,2,170,1,77,1,93
44:3D:54:BE:12:3C,ALL,udp:59781,192.168.3.105*,2,170,1,93,1,77
44:3D:54:BE:12:3C,ALL,udp:50370,192.168.3.1*,2,253,1,79,1,174
44:3D:54:BE:12:3C,ALL,udp:50370,192.168.3.105*,2,253,1,174,1,79
44:3D:54:BE:12:3C,ALL,udp:31738,192.168.3.1*,2,368,1,120,1,248
44:3D:54:BE:12:3C,ALL,udp:31738,192.168.3.105*,2,368,1,248,1,120
44:3D:54:BE:12:3C,ALL,udp:6128,192.168.3.1*,2,242,1,89,1,153
44:3D:54:BE:12:3C,ALL,udp:6128,192.168.3.105*,2,242,1,153,1,89
44:3D:54:BE:12:3C,ALL,udp:48237,192.168.3.1*,2,242,1,89,1,153
44:3D:54:BE:12:3C,ALL,udp:48237,192.168.3.105*,2,242,1,153,1,89
44:3D:54:BE:12:3C,ALL,udp:37732,192.168.3.1*,2,253,1,79,1,174
44:3D:54:BE:12:3C,ALL,udp:37732,192.168.3.105*,2,253,1,174,1,79
44:3D:54:BE:12:3C,ALL,udp:62525,192.168.3.1*,2,253,1,79,1,174
44:3D:54:BE:12:3C,ALL,udp:62525,192.168.3.105*,2,253,1,174,1,79
44:3D:54:BE:12:3C,ALL,udp:32059,192.168.3.1*,2,242,1,89,1,153
44:3D:54:BE:12:3C,ALL,udp:32059,192.168.3.105*,2,242,1,153,1,89
44:3D:54:BE:12:3C,ALL,udp:28643,192.168.3.1*,2,170,1,77,1,93
44:3D:54:BE:12:3C,ALL,udp:28643,192.168.3.105*,2,170,1,93,1,77
44:3D:54:BE:12:3C,ALL,udp:7636,192.168.3.1*,2,253,1,79,1,174
44:3D:54:BE:12:3C,ALL,udp:7636,192.168.3.105*,2,253,1,174,1,79
44:3D:54:BE:12:3C,ALL,udp:51685,192.168.3.1*,2,253,1,79,1,174
44:3D:54:BE:12:3C,ALL,udp:51685,192.168.3.105*,2,253,1,174,1,79
44:3D:54:BE:12:3C,ALL,udp:39331,192.168.3.1*,2,242,1,89,1,153
44:3D:54:BE:12:3C,ALL,udp:39331,192.168.3.105*,2,242,1,153,1,89
44:3D:54:BE:12:3C,ALL,udp:21558,192.168.3.1*,2,228,1,90,1,138
44:3D:54:BE:12:3C,ALL,udp:21558,192.168.3.105*,2,228,1,138,1,90
44:3D:54:BE:12:3C,ALL,udp:10562,192.168.3.1*,2,253,1,79,1,174
44:3D:54:BE:12:3C,ALL,udp:10562,192.168.3.105*,2,253,1,174,1,79
44:3D:54:BE:12:3C,ALL,udp:32957,192.168.3.1*,2,242,1,89,1,153
44:3D:54:BE:12:3C,ALL,udp:32957,192.168.3.105*,2,242,1,153,1,89
44:3D:54:BE:12:3C,ALL,udp:62568,192.168.3.1*,2,253,1,79,1,174
44:3D:54:BE:12:3C,ALL,udp:62568,192.168.3.105*,2,253,1,174,1,79
44:3D:54:BE:12:3C,ALL,udp:44534,192.168.3.1*,2,242,1,89,1,153
44:3D:54:BE:12:3C,ALL,udp:44534,192.168.3.105*,2,242,1,153,1,89
44:3D:54:BE:12:3C,ALL,udp:36409,192.168.3.1*,2,170,1,77,1,93
44:3D:54:BE:12:3C,ALL,udp:36409,192.168.3.105*,2,170,1,93,1,77
44:3D:54:BE:12:3C,ALL,udp:18839,192.168.3.1*,2,253,1,79,1,174
44:3D:54:BE:12:3C,ALL,udp:18839,192.168.3.105*,2,253,1,174,1,79
44:3D:54:BE:12:3C,ALL,udp:23170,192.168.3.1*,2,253,1,79,1,174
44:3D:54:BE:12:3C,ALL,udp:23170,192.168.3.105*,2,253,1,174,1,79
44:3D:54:BE:12:3C,ALL,udp:17667,192.168.3.105*,2,253,1,174,1,79
44:3D:54:BE:12:3C,ALL,udp:17667,8.8.8.8*,2,253,1,79,1,174
44:3D:54:BE:12:3C,ALL,udp:10934,192.168.3.1*,2,368,1,120,1,248
44:3D:54:BE:12:3C,ALL,udp:10934,192.168.3.105*,2,368,1,248,1,120
44:3D:54:BE:12:3C,ALL,udp:54982,192.168.3.1*,2,242,1,89,1,153
44:3D:54:BE:12:3C,ALL,udp:54982,192.168.3.105*,2,242,1,153,1,89
44:3D:54:BE:12:3C,ALL,udp:16341,192.168.3.1*,2,253,1,79,1,174
44:3D:54:BE:12:3C,ALL,udp:16341,192.168.3.105*,2,253,1,174,1,79
44:3D:54:BE:12:3C,ALL,udp:3956,192.168.3.1*,2,242,1,89,1,153
44:3D:54:BE:12:3C,ALL,udp:3956,192.168.3.105*,2,242,1,153,1,89
44:3D:54:BE:12:3C,ALL,udp:49360,192.168.3.1*,2,253,1,79,1,174
44:3D:54:BE:12:3C,ALL,udp:49360,192.168.3.105*,2,253,1,174,1,79
44:3D:54:BE:12:3C,ALL,udp:54111,192.168.3.1*,2,242,1,89,1,153
44:3D:54:BE:12:3C,ALL,udp:54111,192.168.3.105*,2,242,1,153,1,89
44:3D:54:BE:12:3C,ALL,udp:59170,192.168.3.1*,2,253,1,79,1,174
44:3D:54:BE:12:3C,ALL,udp:59170,192.168.3.105*,2,253,1,174,1,79
44:3D:54:BE:12:3C,ALL,udp:50794,192.168.3.1*,2,170,1,77,1,93
44:3D:54:BE:12:3C,ALL,udp:50794,192.168.3.105*,2,170,1,93,1,77
44:3D:54:BE:12:3C,ALL,udp:1125,192.168.3.1*,2,242,1,89,1,153
44:3D:54:BE:12:3C,ALL,udp:1125,192.168.3.105*,2,242,1,153,1,89
44:3D:54:BE:12:3C,ALL,udp:7951,192.168.3.1*,2,253,1,79,1,174
44:3D:54:BE:12:3C,ALL,udp:7951,192.168.3.105*,2,253,1,174,1,79
44:3D:54:BE:12:3C,ALL,udp:18319,192.168.3.1*,2,228,1,90,1,138
44:3D:54:BE:12:3C,ALL,udp:18319,192.168.3.105*,2,228,1,138,1,90
44:3D:54:BE:12:3C,ALL,udp:59746,192.168.3.1*,2,242,1,89,1,153
44:3D:54:BE:12:3C,ALL,udp:59746,192.168.3.105*,2,242,1,153,1,89
44:3D:54:BE:12:3C,ALL,udp:7886,192.168.3.1*,2,253,1,79,1,174
44:3D:54:BE:12:3C,ALL,udp:7886,192.168.3.105*,2,253,1,174,1,79
44:3D:54:BE:12:3C,ALL,udp:14126,192.168.3.1*,2,164,1,74,1,90
44:3D:54:BE:12:3C,ALL,udp:14126,192.168.3.105*,2,164,1,90,1,74
44:3D:54:BE:12:3C,ALL,udp:28670,192.168.3.1*,2,242,1,89,1,153
44:3D:54:BE:12:3C,ALL,udp:28670,192.168.3.105*,2,242,1,153,1,89
44:3D:54:BE:12:3C,ALL,udp:16580,192.168.3.1*,2,170,1,77,1,93
44:3D:54:BE:12:3C,ALL,udp:16580,192.168.3.105*,2,170,1,93,1,77
44:3D:54:BE:12:3C,ALL,udp:52868,192.168.3.1*,2,164,1,74,1,90
44:3D:54:BE:12:3C,ALL,udp:52868,192.168.3.105*,2,164,1,90,1,74
44:3D:54:BE:12:3C,ALL,udp:65066,192.168.3.1*,2,368,1,120,1,248
44:3D:54:BE:12:3C,ALL,udp:65066,192.168.3.105*,2,368,1,248,1,120
44:3D:54:BE:12:3C,ALL,udp:59056,192.168.3.1*,2,228,1,90,1,138
44:3D:54:BE:12:3C,ALL,udp:59056,192.168.3.105*,2,228,1,138,1,90
44:3D:54:BE:12:3C,ALL,udp:35924,192.168.3.1*,2,242,1,89,1,153
44:3D:54:BE:12:3C,ALL,udp:35924,192.168.3.105*,2,242,1,153,1,89
44:3D:54:BE:12:3C,ALL,udp:31543,192.168.3.1*,2,242,1,89,1,153
44:3D:54:BE:12:3C,ALL,udp:31543,192.168.3.105*,2,242,1,153,1,89
44:3D:54:BE:12:3C,ALL,udp:43782,192.168.3.1*,2,253,1,79,1,174
44:3D:54:BE:12:3C,ALL,udp:43782,192.168.3.105*,2,253,1,174,1,79
44:3D:54:BE:12:3C,ALL,udp:60689,192.168.3.1*,2,253,1,79,1,174
44:3D:54:BE:12:3C,ALL,udp:60689,192.168.3.105*,2,253,1,174,1,79
44:3D:54:BE:12:3C,ALL,udp:53174,192.168.3.1*,2,242,1,89,1,153
44:3D:54:BE:12:3C,ALL,udp:53174,192.168.3.105*,2,242,1,153,1,89
44:3D:54:BE:12:3C,ALL,udp:44804,192.168.3.1*,2,170,1,77,1,93
44:3D:54:BE:12:3C,ALL,udp:44804,192.168.3.105*,2,170,1,93,1,77
44:3D:54:BE:12:3C,ALL,udp:23686,192.168.3.1*,2,253,1,79,1,174
44:3D:54:BE:12:3C,ALL,udp:23686,192.168.3.105*,2,253,1,174,1,79
44:3D:54:BE:12:3C,ALL,udp:33684,192.168.3.1*,2,242,1,89,1,153
44:3D:54:BE:12:3C,ALL,udp:33684,192.168.3.105*,2,242,1,153,1,89
44:3D:54:BE:12:3C,ALL,udp:38309,192.168.3.1*,2,228,1,90,1,138
44:3D:54:BE:12:3C,ALL,udp:38309,192.168.3.105*,2,228,1,138,1,90
44:3D:54:BE:12:3C,ALL,udp:12246,192.168.3.1*,2,242,1,89,1,153
44:3D:54:BE:12:3C,ALL,udp:12246,192.168.3.105*,2,242,1,153,1,89
44:3D:54:BE:12:3C,ALL,udp:34188,192.168.3.1*,2,253,1,79,1,174
44:3D:54:BE:12:3C,ALL,udp:34188,192.168.3.105*,2,253,1,174,1,79
44:3D:54:BE:12:3C,ALL,udp:52281,192.168.3.1*,2,242,1,89,1,153
44:3D:54:BE:12:3C,ALL,udp:52281,192.168.3.105*,2,242,1,153,1,89
44:3D:54:BE:12:3C,ALL,udp:40267,192.168.3.1*,2,253,1,79,1,174
44:3D:54:BE:12:3C,ALL,udp:40267,192.168.3.105*,2,253,1,174,1,79
44:3D:54:BE:12:3C,ALL,udp:65302,192.168.3.1*,2,170,1,77,1,93
44:3D:54:BE:12:3C,ALL,udp:65302,192.168.3.105*,2,170,1,93,1,77
44:3D:54:BE:12:3C,ALL,udp:31867,192.168.3.1*,2,368,1,120,1,248
44:3D:54:BE:12:3C,ALL,udp:31867,192.168.3.105*,2,368,1,248,1,120
44:3D:54:BE:12:3C,ALL,udp:19465,192.168.3.1*,2,242,1,89,1,153
44:3D:54:BE:12:3C,ALL,udp:19465,192.168.3.105*,2,242,1,153,1,89
44:3D:54:BE:12:3C,ALL,udp:7697,192.168.3.1*,2,253,1,79,1,174
44:3D:54:BE:12:3C,ALL,udp:7697,192.168.3.105*,2,253,1,174,1,79
44:3D:54:BE:12:3C,ALL,udp:48776,192.168.3.1*,2,242,1,89,1,153
44:3D:54:BE:12:3C,ALL,udp:48776,192.168.3.105*,2,242,1,153,1,89
44:3D:54:BE:12:3C,ALL,udp:40732,192.168.3.1*,2,253,1,79,1,174
44:3D:54:BE:12:3C,ALL,udp:40732,192.168.3.105*,2,253,1,174,1,79
44:3D:54:BE:12:3C,ALL,udp:9784,192.168.3.1*,2,242,1,89,1,153
44:3D:54:BE:12:3C,ALL,udp:9784,192.168.3.105*,2,242,1,153,1,89
44:3D:54:BE:12:3C,ALL,udp:8207,192.168.3.1*,2,253,1,79,1,174
44:3D:54:BE:12:3C,ALL,udp:8207,192.168.3.105*,2,253,1,174,1,79
44:3D:54:BE:12:3C,ALL,udp:26844,192.168.3.1*,2,170,1,77,1,93
44:3D:54:BE:12:3C,ALL,udp:26844,192.168.3.105*,2,170,1,93,1,77
44:3D:54:BE:12:3C,ALL,udp:5159,192.168.3.1*,2,253,1,79,1,174
44:3D:54:BE:12:3C,ALL,udp:5159,192.168.3.105*,2,253,1,174,1,79
44:3D:54:BE:12:3C,ALL,udp:41233,192.168.3.1*,2,242,1,89,1,153
44:3D:54:BE:12:3C,ALL,udp:41233,192.168.3.105*,2,242,1,153,1,89
44:3D:54:BE:12:3C,ALL,udp:6322,192.168.3.1*,2,242,1,89,1,153
44:3D:54:BE:12:3C,ALL,udp:6322,192.168.3.105*,2,242,1,153,1,89
44:3D:54:BE:12:3C,ALL,udp:53865,192.168.3.1*,2,164,1,74,1,90
44:3D:54:BE:12:3C,ALL,udp:53865,192.168.3.105*,2,164,1,90,1,74
44:3D:54:BE:12:3C,ALL,udp:35063,192.168.3.1*,2,242,1,89,1,153
44:3D:54:BE:12:3C,ALL,udp:35063,192.168.3.105*,2,242,1,153,1,89
44:3D:54:BE:12:3C,ALL,udp:12622,192.168.3.1*,2,170,1,77,1,93
44:3D:54:BE:12:3C,ALL,udp:12622,192.168.3.105*,2,170,1,93,1,77
44:3D:54:BE:12:3C,ALL,udp:32377,192.168.3.1*,2,253,1,79,1,174
44:3D:54:BE:12:3C,ALL,udp:32377,192.168.3.105*,2,253,1,174,1,79
44:3D:54:BE:12:3C,ALL,udp:49383,192.168.3.1*,2,368,1,120,1,248
44:3D:54:BE:12:3C,ALL,udp:49383,192.168.3.105*,2,368,1,248,1,120
44:3D:54:BE:12:3C,ALL,udp:62631,192.168.3.1*,2,242,1,89,1,153
44:3D:54:BE:12:3C,ALL,udp:62631,192.168.3.105*,2,242,1,153,1,89
44:3D:54:BE:12:3C,ALL,udp:21051,192.168.3.1*,2,253,1,79,1,174
44:3D:54:BE:12:3C,ALL,udp:21051,192.168.3.105*,2,253,1,174,1,79
44:3D:54:BE:12:3C,ALL,udp:15627,192.168.3.1*,2,242,1,89,1,153
44:3D:54:BE:12:3C,ALL,udp:15627,192.168.3.105*,2,242,1,153,1,89
44:3D:54:BE:12:3C,ALL,udp:24239,192.168.3.1*,2,253,1,79,1,174
44:3D:54:BE:12:3C,ALL,udp:24239,192.168.3.105*,2,253,1,174,1,79
44:3D:54:BE:12:3C,ALL,udp:4577,192.168.3.1*,2,242,1,89,1,153
44:3D:54:BE:12:3C,ALL,udp:4577,192.168.3.105*,2,242,1,153,1,89
44:3D:54:BE:12:3C,ALL,udp:37647,192.168.3.1*,2,253,1,79,1,174
44:3D:54:BE:12:3C,ALL,udp:37647,192.168.3.105*,2,253,1,174,1,79
44:3D:54:BE:12:3C,ALL,udp:37001,192.168.3.1*,2,242,1,89,1,153
44:3D:54:BE:12:3C,ALL,udp:37001,192.168.3.105*,2,242,1,153,1,89
44:3D:54:BE:12:3C,ALL,udp:30478,192.168.3.1*,2,170,1,77,1,93
44:3D:54:BE:12:3C,ALL,udp:30478,192.168.3.105*,2,170,1,93,1,77
44:3D:54:BE:12:3C,ALL,udp:7437,192.168.3.1*,2,253,1,79,1,174
44:3D:54:BE:12:3C,ALL,udp:7437,192.168.3.105*,2,253,1,174,1,79
44:3D:54:BE:12:3C,ALL,udp:51832,192.168.3.1*,2,228,1,90,1,138
44:3D:54:BE:12:3C,ALL,udp:51832,192.168.3.105*,2,228,1,138,1,90
44:3D:54:BE:12:3C,ALL,udp:37248,192.168.3.1*,2,242,1,89,1,153
44:3D:54:BE:12:3C,ALL,udp:37248,192.168.3.105*,2,242,1,153,1,89
44:3D:54:BE:12:3C,ALL,udp:24556,192.168.3.1*,2,253,1,79,1,174
44:3D:54:BE:12:3C,ALL,udp:24556,192.168.3.105*,2,253,1,174,1,79
44:3D:54:BE:12:3C,ALL,udp:9347,192.168.3.1*,2,253,1,79,1,174
44:3D:54:BE:12:3C,ALL,udp:9347,192.168.3.105*,2,253,1,174,1,79
44:3D:54:BE:12:3C,ALL,udp:11191,192.168.3.1*,2,253,1,79,1,174
44:3D:54:BE:12:3C,ALL,udp:11191,192.168.3.105*,2,253,1,174,1,79
44:3D:54:BE:12:3C,ALL,udp:37424,192.168.3.1*,2,242,1,89,1,153
44:3D:54:BE:12:3C,ALL,udp:37424,192.168.3.105*,2,242,1,153,1,89
44:3D:54:BE:12:3C,ALL,udp:36488,192.168.3.1*,2,170,1,77,1,93
44:3D:54:BE:12:3C,ALL,udp:36488,192.168.3.105*,2,170,1,93,1,77
44:3D:54:BE:12:3C,ALL,udp:48474,192.168.3.1*,2,253,1,79,1,174
44:3D:54:BE:12:3C,ALL,udp:48474,192.168.3.105*,2,253,1,174,1,79
44:3D:54:BE:12:3C,ALL,udp:51661,192.168.3.1*,2,253,1,79,1,174
44:3D:54:BE:12:3C,ALL,udp:51661,192.168.3.105*,2,253,1,174,1,79
44:3D:54:BE:12:3C,ALL,udp:34722,192.168.3.1*,2,253,1,79,1,174
44:3D:54:BE:12:3C,ALL,udp:34722,192.168.3.105*,2,253,1,174,1,79
44:3D:54:BE:12:3C,ALL,udp:33624,192.168.3.1*,2,253,1,79,1,174
44:3D:54:BE:12:3C,ALL,udp:33624,192.168.3.105*,2,253,1,174,1,79
44:3D:54:BE:12:3C,ALL,udp:28858,192.168.3.1*,2,368,1,120,1,248
44:3D:54:BE:12:3C,ALL,udp:28858,192.168.3.105*,2,368,1,248,1,120
44:3D:54:BE:12:3C,ALL,udp:8624,192.168.3.1*,2,258,1,97,1,161
44:3D:54:BE:12:3C,ALL,udp:8624,192.168.3.105*,2,258,1,161,1,97
44:3D:54:BE:12:3C,ALL,udp:5844,192.168.3.1*,2,170,1,77,1,93
44:3D:54:BE:12:3C,ALL,udp:5844,192.168.3.105*,2,170,1,93,1,77
44:3D:54:BE:12:3C,ALL,udp:29923,192.168.3.1*,2,242,1,89,1,153
44:3D:54:BE:12:3C,ALL,udp:29923,192.168.3.105*,2,242,1,153,1,89
44:3D:54:BE:12:3C,ALL,udp:56737,192.168.3.1*,2,253,1,79,1,174
44:3D:54:BE:12:3C,ALL,udp:56737,192.168.3.105*,2,253,1,174,1,79
44:3D:54:BE:12:3C,ALL,udp:56299,192.168.3.1*,2,242,1,89,1,153
44:3D:54:BE:12:3C,ALL,udp:56299,192.168.3.105*,2,242,1,153,1,89
44:3D:54:BE:12:3C,ALL,udp:7066,192.168.3.1*,2,401,1,86,1,315
44:3D:54:BE:12:3C,ALL,udp:7066,192.168.3.105*,2,401,1,315,1,86
44:3D:54:BE:12:3C,ALL,udp:29833,192.168.3.1*,2,242,1,89,1,153
44:3D:54:BE:12:3C,ALL,udp:29833,192.168.3.105*,2,242,1,153,1,89
44:3D:54:BE:12:3C,ALL,udp:57659,192.168.3.1*,2,170,1,77,1,93
44:3D:54:BE:12:3C,ALL,udp:57659,192.168.3.105*,2,170,1,93,1,77
44:3D:54:BE:12:3C,ALL,udp:36631,192.168.3.1*,2,253,1,79,1,174
44:3D:54:BE:12:3C,ALL,udp:36631,192.168.3.105*,2,253,1,174,1,79
44:3D:54:BE:12:3C,ALL,udp:46791,192.168.3.1*,2,228,1,90,1,138
44:3D:54:BE:12:3C,ALL,udp:46791,192.168.3.105*,2,228,1,138,1,90
44:3D:54:BE:12:3C,ALL,udp:19562,192.168.3.1*,2,242,1,89,1,153
44:3D:54:BE:12:3C,ALL,udp:19562,192.168.3.105*,2,242,1,153,1,89
44:3D:54:BE:12:3C,ALL,udp:25331,192.168.3.1*,2,253,1,79,1,174
44:3D:54:BE:12:3C,ALL,udp:25331,192.168.3.105*,2,253,1,174,1,79
44:3D:54:BE:12:3C,ALL,udp:50103,192.168.3.1*,2,242,1,89,1,153
44:3D:54:BE:12:3C,ALL,udp:50103,192.168.3.105*,2,242,1,153,1,89
44:3D:54:BE:12:3C,ALL,udp:54472,192.168.3.1*,2,253,1,79,1,174
44:3D:54:BE:12:3C,ALL,udp:54472,192.168.3.105*,2,253,1,174,1,79
44:3D:54:BE:12:3C,ALL,udp:55770,192.168.3.1*,2,164,1,74,1,90
44:3D:54:BE:12:3C,ALL,udp:55770,192.168.3.105*,2,164,1,90,1,74
44:3D:54:BE:12:3C,ALL,udp:16835,192.168.3.1*,2,242,1,89,1,153
44:3D:54:BE:12:3C,ALL,udp:16835,192.168.3.105*,2,242,1,153,1,89
44:3D:54:BE:12:3C,ALL,udp:8510,192.168.3.1*,2,170,1,77,1,93
44:3D:54:BE:12:3C,ALL,udp:8510,192.168.3.105*,2,170,1,93,1,77
44:3D:54:BE:12:3C,ALL,udp:42488,192.168.3.1*,2,242,1,89,1,153
44:3D:54:BE:12:3C,ALL,udp:42488,192.168.3.105*,2,242,1,153,1,89
44:3D:54:BE:12:3C,ALL,udp:16397,192.168.3.1*,2,242,1,89,1,153
44:3D:54:BE:12:3C,ALL,udp:16397,192.168.3.105*,2,242,1,153,1,89
44:3D:54:BE:12:3C,ALL,udp:42568,192.168.3.1*,2,242,1,89,1,153
44:3D:54:BE:12:3C,ALL,udp:42568,192.168.3.105*,2,242,1,153,1,89
44:3D:54:BE:12:3C,ALL,udp:42368,192.168.3.1*,2,253,1,79,1,174
44:3D:54:BE:12:3C,ALL,udp:42368,192.168.3.105*,2,253,1,174,1,79
44:3D:54:BE:12:3C,ALL,udp:50951,192.168.3.1*,2,170,1,77,1,93
44:3D:54:BE:12:3C,ALL,udp:50951,192.168.3.105*,2,170,1,93,1,77
44:3D:54:BE:12:3C,ALL,udp:57247,192.168.3.1*,2,228,1,90,1,138
44:3D:54:BE:12:3C,ALL,udp:57247,192.168.3.105*,2,228,1,138,1,90
44:3D:54:BE:12:3C,ALL,udp:13790,192.168.3.1*,2,253,1,79,1,174
44:3D:54:BE:12:3C,ALL,udp:13790,192.168.3.105*,2,253,1,174,1,79
44:3D:54:BE:12:3C,ALL,udp:6376,192.168.3.1*,2,242,1,89,1,153
44:3D:54:BE:12:3C,ALL,udp:6376,192.168.3.105*,2,242,1,153,1,89
44:3D:54:BE:12:3C,ALL,udp:24206,192.168.3.1*,2,253,1,79,1,174
44:3D:54:BE:12:3C,ALL,udp:24206,192.168.3.105*,2,253,1,174,1,79
44:3D:54:BE:12:3C,ALL,udp:52419,192.168.3.1*,2,242,1,89,1,153
44:3D:54:BE:12:3C,ALL,udp:52419,192.168.3.105*,2,242,1,153,1,89
44:3D:54:BE:12:3C,ALL,udp:56659,192.168.3.1*,2,253,1,79,1,174
44:3D:54:BE:12:3C,ALL,udp:56659,192.168.3.105*,2,253,1,174,1,79
44:3D:54:BE:12:3C,ALL,udp:50145,192.168.3.1*,2,253,1,79,1,174
44:3D:54:BE:12:3C,ALL,udp:50145,192.168.3.105*,2,253,1,174,1,79
44:3D:54:BE:12:3C,ALL,udp:13418,192.168.3.1*,2,253,1,79,1,174
44:3D:54:BE:12:3C,ALL,udp:13418,192.168.3.105*,2,253,1,174,1,79
44:3D:54:BE:12:3C,ALL,udp:26347,192.168.3.1*,2,242,1,89,1,153
44:3D:54:BE:12:3C,ALL,udp:26347,192.168.3.105*,2,242,1,153,1,89
44:3D:54:BE:12:3C,ALL,udp:24643,192.168.3.1*,2,170,1,77,1,93
44:3D:54:BE:12:3C,ALL,udp:24643,192.168.3.105*,2,170,1,93,1,77
44:3D:54:BE:12:3C,ALL,udp:37106,192.168.3.1*,2,368,1,120,1,248
44:3D:54:BE:12:3C,ALL,udp:37106,192.168.3.105*,2,368,1,248,1,120
44:3D:54:BE:12:3C,ALL,udp:28729,192.168.3.1*,2,242,1,89,1,153
44:3D:54:BE:12:3C,ALL,udp:28729,192.168.3.105*,2,242,1,153,1,89
44:3D:54:BE:12:3C,ALL,udp:38392,192.168.3.1*,2,242,1,89,1,153
44:3D:54:BE:12:3C,ALL,udp:38392,192.168.3.105*,2,242,1,153,1,89
44:3D:54:BE:12:3C,ALL,udp:39932,192.168.3.1*,2,170,1,77,1,93
44:3D:54:BE:12:3C,ALL,udp:39932,192.168.3.105*,2,170,1,93,1,77
44:3D:54:BE:12:3C,ALL,udp:39169,192.168.3.1*,2,228,1,90,1,138
44:3D:54:BE:12:3C,ALL,udp:39169,192.168.3.105*,2,228,1,138,1,90
44:3D:54:BE:12:3C,ALL,udp:14200,192.168.3.1*,2,253,1,79,1,174
44:3D:54:BE:12:3C,ALL,udp:14200,192.168.3.105*,2,253,1,174,1,79
44:3D:54:BE:12:3C,ALL,udp:23708,192.168.3.1*,2,242,1,89,1,153
44:3D:54:BE:12:3C,ALL,udp:23708,192.168.3.105*,2,242,1,153,1,89
44:3D:54:BE:12:3C,ALL,udp:62239,192.168.3.1*,2,164,1,74,1,90
44:3D:54:BE:12:3C,ALL,udp:62239,192.168.3.105*,2,164,1,90,1,74
44:3D:54:BE:12:3C,ALL,udp:60358,192.168.3.1*,2,242,1,89,1,153
44:3D:54:BE:12:3C,ALL,udp:60358,192.168.3.105*,2,242,1,153,1,89
44:3D:54:BE:12:3C,ALL,udp:41155,192.168.3.1*,2,253,1,79,1,174
44:3D:54:BE:12:3C,ALL,udp:41155,192.168.3.105*,2,253,1,174,1,79
44:3D:54:BE:12:3C,ALL,udp:32837,192.168.3.1*,2,242,1,89,1,153
44:3D:54:BE:12:3C,ALL,udp:32837,192.168.3.105*,2,242,1,153,1,89
44:3D:54:BE:12:3C,ALL,udp:22565,192.168.3.1*,2,170,1,77,1,93
44:3D:54:BE:12:3C,ALL,udp:22565,192.168.3.105*,2,170,1,93,1,77
44:3D:54:BE:12:3C,ALL,udp:38457,192.168.3.1*,2,368,1,120,1,248
44:3D:54:BE:12:3C,ALL,udp:38457,192.168.3.105*,2,368,1,248,1,120
44:3D:54:BE:12:3C,ALL,udp:51431,192.168.3.1*,2,242,1,89,1,153
44:3D:54:BE:12:3C,ALL,udp:51431,192.168.3.105*,2,242,1,153,1,89
44:3D:54:BE:12:3C,ALL,udp:55834,192.168.3.1*,2,253,1,79,1,174
44:3D:54:BE:12:3C,ALL,udp:55834,192.168.3.105*,2,253,1,174,1,79
44:3D:54:BE:12:3C,ALL,udp:15919,192.168.3.1*,2,242,1,89,1,153
44:3D:54:BE:12:3C,ALL,udp:15919,192.168.3.105*,2,242,1,153,1,89
44:3D:54:BE:12:3C,ALL,udp:54780,192.168.3.1*,2,242,1,89,1,153
44:3D:54:BE:12:3C,ALL,udp:54780,192.168.3.105*,2,242,1,153,1,89
44:3D:54:BE:12:3C,ALL,udp:51647,192.168.3.1*,2,253,1,79,1,174
44:3D:54:BE:12:3C,ALL,udp:51647,192.168.3.105*,2,253,1,174,1,79
44:3D:54:BE:12:3C,ALL,udp:36357,192.168.3.1*,2,228,1,90,1,138
44:3D:54:BE:12:3C,ALL,udp:36357,192.168.3.105*,2,228,1,138,1,90
44:3D:54:BE:12:3C,ALL,udp:62175,192.168.3.1*,2,180,1,82,1,98
44:3D:54:BE:12:3C,ALL,udp:62175,192.168.3.105*,2,180,1,98,1,82
44:3D:54:BE:12:3C,ALL,udp:36369,192.168.3.1*,2,170,1,77,1,93
44:3D:54:BE:12:3C,ALL,udp:36369,192.168.3.105*,2,170,1,93,1,77
44:3D:54:BE:12:3C,ALL,udp:37784,192.168.3.1*,2,253,1,79,1,174
44:3D:54:BE:12:3C,ALL,udp:37784,192.168.3.105*,2,253,1,174,1,79
44:3D:54:BE:12:3C,ALL,udp:12130,192.168.3.1*,2,242,1,89,1,153
44:3D:54:BE:12:3C,ALL,udp:12130,192.168.3.105*,2,242,1,153,1,89
44:3D:54:BE:12:3C,ALL,udp:3800,192.168.3.1*,2,253,1,79,1,174
44:3D:54:BE:12:3C,ALL,udp:3800,192.168.3.105*,2,253,1,174,1,79
44:3D:54:BE:12:3C,ALL,udp:44020,192.168.3.1*,2,253,1,79,1,174
44:3D:54:BE:12:3C,ALL,udp:44020,192.168.3.105*,2,253,1,174,1,79
44:3D:54:BE:12:3C,ALL,udp:55812,192.168.3.1*,2,242,1,89,1,153
44:3D:54:BE:12:3C,ALL,udp:55812,192.168.3.105*,2,242,1,153,1,89
44:3D:54:BE:12:3C,ALL,udp:8519,192.168.3.1*,2,253,1,79,1,174
44:3D:54:BE:12:3C,ALL,udp:8519,192.168.3.105*,2,253,1,174,1,79
44:3D:54:BE:12:3C,ALL,udp:11184,192.168.3.1*,2,253,1,79,1,174
44:3D:54:BE:12:3C,ALL,udp:11184,192.168.3.105*,2,253,1,174,1,79
44:3D:54:BE:12:3C,ALL,udp:7799,192.168.3.1*,2,242,1,89,1,153
44:3D:54:BE:12:3C,ALL,udp:7799,192.168.3.105*,2,242,1,153,1,89
44:3D:54:BE:12:3C,ALL,udp:55764,192.168.3.1*,2,253,1,79,1,174
44:3D:54:BE:12:3C,ALL,udp:55764,192.168.3.105*,2,253,1,174,1,79
44:3D:54:BE:12:3C,ALL,udp:58808,192.168.3.1*,2,170,1,77,1,93
44:3D:54:BE:12:3C,ALL,udp:58808,192.168.3.105*,2,170,1,93,1,77
44:3D:54:BE:12:3C,ALL,udp:2155,192.168.3.1*,2,172,1,78,1,94
44:3D:54:BE:12:3C,ALL,udp:2155,192.168.3.105*,2,172,1,94,1,78
44:3D:54:BE:12:3C,ALL,udp:11667,192.168.3.1*,2,230,1,83,1,147
44:3D:54:BE:12:3C,ALL,udp:11667,192.168.3.105*,2,230,1,147,1,83
44:3D:54:BE:12:3C,ALL,udp:14102,192.168.3.1*,2,237,1,83,1,154
44:3D:54:BE:12:3C,ALL,udp:14102,192.168.3.105*,2,237,1,154,1,83
44:3D:54:BE:12:3C,ALL,udp:21703,192.168.3.1*,2,230,1,83,1,147
44:3D:54:BE:12:3C,ALL,udp:21703,192.168.3.105*,2,230,1,147,1,83
44:3D:54:BE:12:3C,ALL,udp:25581,192.168.3.1*,2,242,1,89,1,153
44:3D:54:BE:12:3C,ALL,udp:25581,192.168.3.105*,2,242,1,153,1,89
44:3D:54:BE:12:3C,ALL,udp:25079,192.168.3.1*,2,253,1,79,1,174
44:3D:54:BE:12:3C,ALL,udp:25079,192.168.3.105*,2,253,1,174,1,79
44:3D:54:BE:12:3C,ALL,udp:42544,192.168.3.1*,2,242,1,89,1,153
44:3D:54:BE:12:3C,ALL,udp:42544,192.168.3.105*,2,242,1,153,1,89
44:3D:54:BE:12:3C,ALL,udp:39704,192.168.3.1*,2,253,1,79,1,174
44:3D:54:BE:12:3C,ALL,udp:39704,192.168.3.105*,2,253,1,174,1,79
44:3D:54:BE:12:3C,ALL,udp:8622,192.168.3.1*,2,253,1,79,1,174
44:3D:54:BE:12:3C,ALL,udp:8622,192.168.3.105*,2,253,1,174,1,79
44:3D:54:BE:12:3C,ALL,udp:9280,192.168.3.1*,2,228,1,90,1,138
44:3D:54:BE:12:3C,ALL,udp:9280,192.168.3.105*,2,228,1,138,1,90
44:3D:54:BE:12:3C,ALL,udp:25555,192.168.3.1*,2,253,1,79,1,174
44:3D:54:BE:12:3C,ALL,udp:25555,192.168.3.105*,2,253,1,174,1,79
44:3D:54:BE:12:3C,ALL,udp:33363,192.168.3.1*,2,230,1,83,1,147
44:3D:54:BE:12:3C,ALL,udp:33363,192.168.3.105*,2,230,1,147,1,83
44:3D:54:BE:12:3C,ALL,udp:33027,192.168.3.1*,2,170,1,77,1,93
44:3D:54:BE:12:3C,ALL,udp:33027,192.168.3.105*,2,170,1,93,1,77
44:3D:54:BE:12:3C,ALL,udp:45537,192.168.3.1*,2,242,1,89,1,153
44:3D:54:BE:12:3C,ALL,udp:45537,192.168.3.105*,2,242,1,153,1,89
44:3D:54:BE:12:3C,ALL,udp:43850,192.168.3.1*,2,253,1,79,1,174
44:3D:54:BE:12:3C,ALL,udp:43850,192.168.3.105*,2,253,1,174,1,79
44:3D:54:BE:12:3C,ALL,udp:28912,192.168.3.1*,2,164,1,74,1,90
44:3D:54:BE:12:3C,ALL,udp:28912,192.168.3.105*,2,164,1,90,1,74
44:3D:54:BE:12:3C,ALL,udp:1874,192.168.3.1*,2,242,1,89,1,153
44:3D:54:BE:12:3C,ALL,udp:1874,192.168.3.105*,2,242,1,153,1,89
44:3D:54:BE:12:3C,ALL,udp:52291,192.168.3.1*,2,253,1,79,1,174
44:3D:54:BE:12:3C,ALL,udp:52291,192.168.3.105*,2,253,1,174,1,79
44:3D:54:BE:12:3C,ALL,udp:1601,192.168.3.1*,2,253,1,79,1,174
44:3D:54:BE:12:3C,ALL,udp:1601,192.168.3.105*,2,253,1,174,1,79
44:3D:54:BE:12:3C,ALL,udp:7837,192.168.3.1*,2,242,1,89,1,153
44:3D:54:BE:12:3C,ALL,udp:7837,192.168.3.105*,2,242,1,153,1,89
44:3D:54:BE:12:3C,ALL,udp:13586,192.168.3.1*,2,253,1,79,1,174
44:3D:54:BE:12:3C,ALL,udp:13586,192.168.3.105*,2,253,1,174,1,79
44:3D:54:BE:12:3C,ALL,udp:20340,192.168.3.1*,2,170,1,77,1,93
44:3D:54:BE:12:3C,ALL,udp:20340,192.168.3.105*,2,170,1,93,1,77
44:3D:54:BE:12:3C,ALL,udp:3057,192.168.3.1*,2,253,1,79,1,174
44:3D:54:BE:12:3C,ALL,udp:3057,192.168.3.105*,2,253,1,174,1,79
44:3D:54:BE:12:3C,ALL,udp:37020,192.168.3.1*,2,242,1,89,1,153
44:3D:54:BE:12:3C,ALL,udp:37020,192.168.3.105*,2,242,1,153,1,89
44:3D:54:BE:12:3C,ALL,udp:41738,192.168.3.1*,2,164,1,74,1,90
44:3D:54:BE:12:3C,ALL,udp:41738,192.168.3.105*,2,164,1,90,1,74
44:3D:54:BE:12:3C,ALL,udp:62706,192.168.3.1*,2,228,1,90,1,138
44:3D:54:BE:12:3C,ALL,udp:62706,192.168.3.105*,2,228,1,138,1,90
44:3D:54:BE:12:3C,ALL,udp:38192,192.168.3.1*,2,253,1,79,1,174
44:3D:54:BE:12:3C,ALL,udp:38192,192.168.3.105*,2,253,1,174,1,79
44:3D:54:BE:12:3C,ALL,udp:46547,192.168.3.1*,2,242,1,89,1,153
44:3D:54:BE:12:3C,ALL,udp:46547,192.168.3.105*,2,242,1,153,1,89
44:3D:54:BE:12:3C,ALL,udp:51436,192.168.3.1*,2,253,1,79,1,174
44:3D:54:BE:12:3C,ALL,udp:51436,192.168.3.105*,2,253,1,174,1,79
44:3D:54:BE:12:3C,ALL,udp:53717,192.168.3.1*,2,253,1,79,1,174
44:3D:54:BE:12:3C,ALL,udp:53717,192.168.3.105*,2,253,1,174,1,79
44:3D:54:BE:12:3C,ALL,udp:45703,192.168.3.1*,2,170,1,77,1,93
44:3D:54:BE:12:3C,ALL,udp:45703,192.168.3.105*,2,170,1,93,1,77
44:3D:54:BE:12:3C,ALL,udp:21034,192.168.3.1*,2,253,1,79,1,174
44:3D:54:BE:12:3C,ALL,udp:21034,192.168.3.105*,2,253,1,174,1,79
44:3D:54:BE:12:3C,ALL,udp:28572,192.168.3.1*,2,242,1,89,1,153
44:3D:54:BE:12:3C,ALL,udp:28572,192.168.3.105*,2,242,1,153,1,89
44:3D:54:BE:12:3C,ALL,udp:31492,192.168.3.1*,2,253,1,79,1,174
44:3D:54:BE:12:3C,ALL,udp:31492,192.168.3.105*,2,253,1,174,1,79
44:3D:54:BE:12:3C,ALL,udp:60317,192.168.3.1*,2,242,1,89,1,153
44:3D:54:BE:12:3C,ALL,udp:60317,192.168.3.105*,2,242,1,153,1,89
44:3D:54:BE:12:3C,ALL,udp:29615,192.168.3.1*,2,253,1,79,1,174
44:3D:54:BE:12:3C,ALL,udp:29615,192.168.3.105*,2,253,1,174,1,79
44:3D:54:BE:12:3C,ALL,udp:5572,192.168.3.1*,2,242,1,89,1,153
44:3D:54:BE:12:3C,ALL,udp:5572,192.168.3.105*,2,242,1,153,1,89
44:3D:54:BE:12:3C,ALL,udp:1767,192.168.3.1*,2,170,1,77,1,93
44:3D:54:BE:12:3C,ALL,udp:1767,192.168.3.105*,2,170,1,93,1,77
44:3D:54:BE:12:3C,ALL,udp:35613,192.168.3.1*,2,253,1,79,1,174
44:3D:54:BE:12:3C,ALL,udp:35613,192.168.3.105*,2,253,1,174,1,79
44:3D:54:BE:12:3C,ALL,udp:37517,192.168.3.1*,2,368,1,120,1,248
44:3D:54:BE:12:3C,ALL,udp:37517,192.168.3.105*,2,368,1,248,1,120
44:3D:54:BE:12:3C,ALL,udp:61726,192.168.3.1*,2,242,1,89,1,153
44:3D:54:BE:12:3C,ALL,udp:61726,192.168.3.105*,2,242,1,153,1,89
44:3D:54:BE:12:3C,ALL,udp:26623,192.168.3.1*,2,242,1,89,1,153
44:3D:54:BE:12:3C,ALL,udp:26623,192.168.3.105*,2,242,1,153,1,89
44:3D:54:BE:12:3C,ALL,udp:17569,192.168.3.1*,2,228,1,90,1,138
44:3D:54:BE:12:3C,ALL,udp:17569,192.168.3.105*,2,228,1,138,1,90
44:3D:54:BE:12:3C,ALL,udp:50258,192.168.3.1*,2,253,1,79,1,174
44:3D:54:BE:12:3C,ALL,udp:50258,192.168.3.105*,2,253,1,174,1,79
44:3D:54:BE:12:3C,ALL,udp:49518,192.168.3.1*,2,170,1,77,1,93
44:3D:54:BE:12:3C,ALL,udp:49518,192.168.3.105*,2,170,1,93,1,77
44:3D:54:BE:12:3C,ALL,udp:1574,192.168.3.1*,2,253,1,79,1,174
44:3D:54:BE:12:3C,ALL,udp:1574,192.168.3.105*,2,253,1,174,1,79
44:3D:54:BE:12:3C,ALL,udp:30070,192.168.3.1*,2,253,1,79,1,174
44:3D:54:BE:12:3C,ALL,udp:30070,192.168.3.105*,2,253,1,174,1,79
44:3D:54:BE:12:3C,ALL,udp:24269,192.168.3.1*,2,242,1,89,1,153
44:3D:54:BE:12:3C,ALL,udp:24269,192.168.3.105*,2,242,1,153,1,89
44:3D:54:BE:12:3C,ALL,udp:30007,192.168.3.1*,2,164,1,74,1,90
44:3D:54:BE:12:3C,ALL,udp:30007,192.168.3.105*,2,164,1,90,1,74
44:3D:54:BE:12:3C,ALL,udp:26069,192.168.3.1*,2,253,1,79,1,174
44:3D:54:BE:12:3C,ALL,udp:26069,192.168.3.105*,2,253,1,174,1,79
44:3D:54:BE:12:3C,ALL,udp:16669,192.168.3.1*,2,242,1,89,1,153
44:3D:54:BE:12:3C,ALL,udp:16669,192.168.3.105*,2,242,1,153,1,89
44:3D:54:BE:12:3C,ALL,udp:12273,192.168.3.1*,2,170,1,77,1,93
44:3D:54:BE:12:3C,ALL,udp:12273,192.168.3.105*,2,170,1,93,1,77
44:3D:54:BE:12:3C,ALL,udp:54625,192.168.3.1*,2,253,1,79,1,174
44:3D:54:BE:12:3C,ALL,udp:54625,192.168.3.105*,2,253,1,174,1,79
44:3D:54:BE:12:3C,ALL,udp:39369,192.168.3.1*,2,288,1,120,1,168
44:3D:54:BE:12:3C,ALL,udp:39369,192.168.3.105*,2,288,1,168,1,120
44:3D:54:BE:12:3C,ALL,udp:38084,192.168.3.1*,2,242,1,89,1,153
44:3D:54:BE:12:3C,ALL,udp:38084,192.168.3.105*,2,242,1,153,1,89
44:3D:54:BE:12:3C,ALL,udp:1650,192.168.3.1*,2,253,1,79,1,174
44:3D:54:BE:12:3C,ALL,udp:1650,192.168.3.105*,2,253,1,174,1,79
44:3D:54:BE:12:3C,ALL,udp:10178,192.168.3.1*,2,242,1,89,1,153
44:3D:54:BE:12:3C,ALL,udp:10178,192.168.3.105*,2,242,1,153,1,89
44:3D:54:BE:12:3C,ALL,udp:23334,192.168.3.1*,2,210,1,86,1,124
44:3D:54:BE:12:3C,ALL,udp:23334,192.168.3.105*,2,210,1,124,1,86
44:3D:54:BE:12:3C,ALL,udp:15861,192.168.3.1*,2,253,1,79,1,174
44:3D:54:BE:12:3C,ALL,udp:15861,192.168.3.105*,2,253,1,174,1,79
44:3D:54:BE:12:3C,ALL,udp:22701,192.168.3.1*,2,228,1,90,1,138
44:3D:54:BE:12:3C,ALL,udp:22701,192.168.3.105*,2,228,1,138,1,90
44:3D:54:BE:12:3C,ALL,udp:37975,192.168.3.1*,2,253,1,79,1,174
44:3D:54:BE:12:3C,ALL,udp:37975,192.168.3.105*,2,253,1,174,1,79
44:3D:54:BE:12:3C,ALL,udp:36117,192.168.3.1*,2,242,1,89,1,153
44:3D:54:BE:12:3C,ALL,udp:36117,192.168.3.105*,2,242,1,153,1,89
44:3D:54:BE:12:3C,ALL,udp:43059,192.168.3.1*,2,170,1,77,1,93
44:3D:54:BE:12:3C,ALL,udp:43059,192.168.3.105*,2,170,1,93,1,77
44:3D:54:BE:12:3C,ALL,udp:25828,192.168.3.1*,2,253,1,79,1,174
44:3D:54:BE:12:3C,ALL,udp:25828,192.168.3.105*,2,253,1,174,1,79
44:3D:54:BE:12:3C,ALL,udp:30116,192.168.3.1*,2,242,1,89,1,153
44:3D:54:BE:12:3C,ALL,udp:30116,192.168.3.105*,2,242,1,153,1,89
44:3D:54:BE:12:3C,ALL,udp:1234,192.168.3.1*,2,164,1,74,1,90
44:3D:54:BE:12:3C,ALL,udp:1234,192.168.3.105*,2,164,1,90,1,74
44:3D:54:BE:12:3C,ALL,udp:65137,192.168.3.1*,2,242,1,89,1,153
44:3D:54:BE:12:3C,ALL,udp:65137,192.168.3.105*,2,242,1,153,1,89
44:3D:54:BE:12:3C,ALL,udp:11329,192.168.3.1*,2,253,1,79,1,174
44:3D:54:BE:12:3C,ALL,udp:11329,192.168.3.105*,2,253,1,174,1,79
44:3D:54:BE:12:3C,ALL,udp:28556,192.168.3.1*,2,242,1,89,1,153
44:3D:54:BE:12:3C,ALL,udp:28556,192.168.3.105*,2,242,1,153,1,89
44:3D:54:BE:12:3C,ALL,udp:15728,192.168.3.1*,2,170,1,77,1,93
44:3D:54:BE:12:3C,ALL,udp:15728,192.168.3.105*,2,170,1,93,1,77
44:3D:54:BE:12:3C,ALL,udp:63362,192.168.3.1*,2,368,1,120,1,248
44:3D:54:BE:12:3C,ALL,udp:63362,192.168.3.105*,2,368,1,248,1,120
44:3D:54:BE:12:3C,ALL,udp:26989,192.168.3.1*,2,242,1,89,1,153
44:3D:54:BE:12:3C,ALL,udp:26989,192.168.3.105*,2,242,1,153,1,89
44:3D:54:BE:12:3C,ALL,udp:9863,192.168.3.1*,2,228,1,90,1,138
44:3D:54:BE:12:3C,ALL,udp:9863,192.168.3.105*,2,228,1,138,1,90
44:3D:54:BE:12:3C,ALL,udp:61890,192.168.3.1*,2,253,1,79,1,174
44:3D:54:BE:12:3C,ALL,udp:61890,192.168.3.105*,2,253,1,174,1,79
44:3D:54:BE:12:3C,ALL,udp:44843,192.168.3.1*,2,253,1,79,1,174
44:3D:54:BE:12:3C,ALL,udp:44843,192.168.3.105*,2,253,1,174,1,79
44:3D:54:BE:12:3C,ALL,udp:46607,192.168.3.1*,2,242,1,89,1,153
44:3D:54:BE:12:3C,ALL,udp:46607,192.168.3.105*,2,242,1,153,1,89
44:3D:54:BE:12:3C,ALL,udp:25153,192.168.3.1*,2,170,1,77,1,93
44:3D:54:BE:12:3C,ALL,udp:25153,192.168.3.105*,2,170,1,93,1,77
44:3D:54:BE:12:3C,ALL,udp:34821,192.168.3.1*,2,164,1,74,1,90
44:3D:54:BE:12:3C,ALL,udp:34821,192.168.3.105*,2,164,1,90,1,74
44:3D:54:BE:12:3C,ALL,udp:41507,192.168.3.1*,2,242,1,89,1,153
44:3D:54:BE:12:3C,ALL,udp:41507,192.168.3.105*,2,242,1,153,1,89
44:3D:54:BE:12:3C,ALL,udp:47168,192.168.3.1*,2,253,1,79,1,174
44:3D:54:BE:12:3C,ALL,udp:47168,192.168.3.105*,2,253,1,174,1,79
44:3D:54:BE:12:3C,ALL,udp:2597,192.168.3.1*,2,242,1,89,1,153
44:3D:54:BE:12:3C,ALL,udp:2597,192.168.3.105*,2,242,1,153,1,89
44:3D:54:BE:12:3C,ALL,udp:12758,192.168.3.1*,2,253,1,79,1,174
44:3D:54:BE:12:3C,ALL,udp:12758,192.168.3.105*,2,253,1,174,1,79
44:3D:54:BE:12:3C,ALL,udp:42812,192.168.3.1*,2,242,1,89,1,153
44:3D:54:BE:12:3C,ALL,udp:42812,192.168.3.105*,2,242,1,153,1,89
44:3D:54:BE:12:3C,ALL,udp:62486,192.168.3.1*,2,170,1,77,1,93
44:3D:54:BE:12:3C,ALL,udp:62486,192.168.3.105*,2,170,1,93,1,77
44:3D:54:BE:12:3C,ALL,udp:13037,192.168.3.1*,2,368,1,120,1,248
44:3D:54:BE:12:3C,ALL,udp:13037,192.168.3.105*,2,368,1,248,1,120
44:3D:54:BE:12:3C,ALL,udp:26167,192.168.3.1*,2,242,1,89,1,153
44:3D:54:BE:12:3C,ALL,udp:26167,192.168.3.105*,2,242,1,153,1,89
44:3D:54:BE:12:3C,ALL,udp:44121,192.168.3.1*,2,253,1,79,1,174
44:3D:54:BE:12:3C,ALL,udp:44121,192.168.3.105*,2,253,1,174,1,79
44:3D:54:BE:12:3C,ALL,udp:64474,192.168.3.1*,2,228,1,90,1,138
44:3D:54:BE:12:3C,ALL,udp:64474,192.168.3.105*,2,228,1,138,1,90
44:3D:54:BE:12:3C,ALL,udp:60460,192.168.3.1*,2,253,1,79,1,174
44:3D:54:BE:12:3C,ALL,udp:60460,192.168.3.105*,2,253,1,174,1,79
44:3D:54:BE:12:3C,ALL,udp:57933,192.168.3.1*,2,242,1,89,1,153
44:3D:54:BE:12:3C,ALL,udp:57933,192.168.3.105*,2,242,1,153,1,89
44:3D:54:BE:12:3C,ALL,udp:21629,192.168.3.1*,2,253,1,79,1,174
44:3D:54:BE:12:3C,ALL,udp:21629,192.168.3.105*,2,253,1,174,1,79
44:3D:54:BE:12:3C,ALL,udp:5891,192.168.3.1*,2,242,1,89,1,153
44:3D:54:BE:12:3C,ALL,udp:5891,192.168.3.105*,2,242,1,153,1,89
44:3D:54:BE:12:3C,ALL,udp:44115,192.168.3.1*,2,170,1,77,1,93
44:3D:54:BE:12:3C,ALL,udp:44115,192.168.3.105*,2,170,1,93,1,77
44:3D:54:BE:12:3C,ALL,udp:52703,192.168.3.1*,2,253,1,79,1,174
44:3D:54:BE:12:3C,ALL,udp:52703,192.168.3.105*,2,253,1,174,1,79
44:3D:54:BE:12:3C,ALL,udp:51380,192.168.3.1*,2,253,1,79,1,174
44:3D:54:BE:12:3C,ALL,udp:51380,192.168.3.105*,2,253,1,174,1,79
44:3D:54:BE:12:3C,ALL,udp:62375,192.168.3.1*,2,253,1,79,1,174
44:3D:54:BE:12:3C,ALL,udp:62375,192.168.3.105*,2,253,1,174,1,79
44:3D:54:BE:12:3C,ALL,udp:19363,192.168.3.1*,2,242,1,89,1,153
44:3D:54:BE:12:3C,ALL,udp:19363,192.168.3.105*,2,242,1,153,1,89
44:3D:54:BE:12:3C,ALL,udp:25681,192.168.3.1*,2,253,1,79,1,174
44:3D:54:BE:12:3C,ALL,udp:25681,192.168.3.105*,2,253,1,174,1,79
44:3D:54:BE:12:3C,ALL,udp:41885,192.168.3.1*,2,242,1,89,1,153
44:3D:54:BE:12:3C,ALL,udp:41885,192.168.3.105*,2,242,1,153,1,89
44:3D:54:BE:12:3C,ALL,udp:45642,192.168.3.1*,2,253,1,79,1,174
44:3D:54:BE:12:3C,ALL,udp:45642,192.168.3.105*,2,253,1,174,1,79
44:3D:54:BE:12:3C,ALL,udp:28166,192.168.3.1*,2,253,1,79,1,174
44:3D:54:BE:12:3C,ALL,udp:28166,192.168.3.105*,2,253,1,174,1,79
44:3D:54:BE:12:3C,ALL,udp:2000,192.168.3.1*,2,242,1,89,1,153
44:3D:54:BE:12:3C,ALL,udp:2000,192.168.3.105*,2,242,1,153,1,89
44:3D:54:BE:12:3C,ALL,udp:8976,192.168.3.1*,2,170,1,77,1,93
44:3D:54:BE:12:3C,ALL,udp:8976,192.168.3.105*,2,170,1,93,1,77
44:3D:54:BE:12:3C,ALL,udp:38234,192.168.3.1*,2,368,1,120,1,248
44:3D:54:BE:12:3C,ALL,udp:38234,192.168.3.105*,2,368,1,248,1,120
44:3D:54:BE:12:3C,ALL,udp:43814,192.168.3.1*,2,242,1,89,1,153
44:3D:54:BE:12:3C,ALL,udp:43814,192.168.3.105*,2,242,1,153,1,89
44:3D:54:BE:12:3C,ALL,udp:4028,192.168.3.1*,2,228,1,90,1,138
44:3D:54:BE:12:3C,ALL,udp:4028,192.168.3.105*,2,228,1,138,1,90
44:3D:54:BE:12:3C,ALL,udp:25743,192.168.3.1*,2,242,1,89,1,153
44:3D:54:BE:12:3C,ALL,udp:25743,192.168.3.105*,2,242,1,153,1,89
44:3D:54:BE:12:3C,ALL,udp:7685,192.168.3.1*,2,253,1,79,1,174
44:3D:54:BE:12:3C,ALL,udp:7685,192.168.3.105*,2,253,1,174,1,79
44:3D:54:BE:12:3C,ALL,udp:34879,192.168.3.1*,2,242,1,89,1,153
44:3D:54:BE:12:3C,ALL,udp:34879,192.168.3.105*,2,242,1,153,1,89
44:3D:54:BE:12:3C,ALL,udp:56686,192.168.3.1*,2,170,1,77,1,93
44:3D:54:BE:12:3C,ALL,udp:56686,192.168.3.105*,2,170,1,93,1,77
44:3D:54:BE:12:3C,ALL,udp:42685,192.168.3.1*,2,164,1,74,1,90
44:3D:54:BE:12:3C,ALL,udp:42685,192.168.3.105*,2,164,1,90,1,74
44:3D:54:BE:12:3C,ALL,udp:26958,192.168.3.1*,2,242,1,89,1,153
44:3D:54:BE:12:3C,ALL,udp:26958,192.168.3.105*,2,242,1,153,1,89
44:3D:54:BE:12:3C,ALL,udp:45820,192.168.3.1*,2,242,1,89,1,153
44:3D:54:BE:12:3C,ALL,udp:45820,192.168.3.105*,2,242,1,153,1,89
44:3D:54:BE:12:3C,ALL,udp:53544,192.168.3.1*,2,253,1,79,1,174
44:3D:54:BE:12:3C,ALL,udp:53544,192.168.3.105*,2,253,1,174,1,79
44:3D:54:BE:12:3C,ALL,udp:18005,192.168.3.1*,2,253,1,79,1,174
44:3D:54:BE:12:3C,ALL,udp:18005,192.168.3.105*,2,253,1,174,1,79
44:3D:54:BE:12:3C,ALL,udp:13618,192.168.3.1*,2,242,1,89,1,153
44:3D:54:BE:12:3C,ALL,udp:13618,192.168.3.105*,2,242,1,153,1,89
44:3D:54:BE:12:3C,ALL,udp:27362,192.168.3.1*,2,170,1,77,1,93
44:3D:54:BE:12:3C,ALL,udp:27362,192.168.3.105*,2,170,1,93,1,77
44:3D:54:BE:12:3C,ALL,udp:6245,192.168.3.105*,2,170,1,93,1,77
44:3D:54:BE:12:3C,ALL,udp:6245,8.8.8.8*,2,170,1,77,1,93
44:3D:54:BE:12:3C,ALL,udp:48952,192.168.3.1*,2,368,1,120,1,248
44:3D:54:BE:12:3C,ALL,udp:48952,192.168.3.105*,2,368,1,248,1,120
44:3D:54:BE:12:3C,ALL,udp:64644,192.168.3.1*,2,253,1,79,1,174
44:3D:54:BE:12:3C,ALL,udp:64644,192.168.3.105*,2,253,1,174,1,79
44:3D:54:BE:12:3C,ALL,udp:48076,192.168.3.1*,2,242,1,89,1,153
44:3D:54:BE:12:3C,ALL,udp:48076,192.168.3.105*,2,242,1,153,1,89
44:3D:54:BE:12:3C,ALL,udp:65335,192.168.3.1*,2,253,1,79,1,174
44:3D:54:BE:12:3C,ALL,udp:65335,192.168.3.105*,2,253,1,174,1,79
44:3D:54:BE:12:3C,ALL,udp:43636,192.168.3.1*,2,253,1,79,1,174
44:3D:54:BE:12:3C,ALL,udp:43636,192.168.3.105*,2,253,1,174,1,79
44:3D:54:BE:12:3C,ALL,udp:23604,192.168.3.1*,2,228,1,90,1,138
44:3D:54:BE:12:3C,ALL,udp:23604,192.168.3.105*,2,228,1,138,1,90
44:3D:54:BE:12:3C,ALL,udp:25103,192.168.3.1*,2,253,1,79,1,174
44:3D:54:BE:12:3C,ALL,udp:25103,192.168.3.105*,2,253,1,174,1,79
44:3D:54:BE:12:3C,ALL,udp:17520,192.168.3.1*,2,242,1,89,1,153
44:3D:54:BE:12:3C,ALL,udp:17520,192.168.3.105*,2,242,1,153,1,89
44:3D:54:BE:12:3C,ALL,udp:38108,192.168.3.1*,2,253,1,79,1,174
44:3D:54:BE:12:3C,ALL,udp:38108,192.168.3.105*,2,253,1,174,1,79
44:3D:54:BE:12:3C,ALL,udp:48420,192.168.3.1*,2,242,1,89,1,153
44:3D:54:BE:12:3C,ALL,udp:48420,192.168.3.105*,2,242,1,153,1,89
44:3D:54:BE:12:3C,ALL,udp:4282,192.168.3.1*,2,170,1,77,1,93
44:3D:54:BE:12:3C,ALL,udp:4282,192.168.3.105*,2,170,1,93,1,77
44:3D:54:BE:12:3C,ALL,udp:4061,192.168.3.1*,2,253,1,79,1,174
44:3D:54:BE:12:3C,ALL,udp:4061,192.168.3.105*,2,253,1,174,1,79
44:3D:54:BE:12:3C,ALL,udp:45089,192.168.3.1*,2,242,1,89,1,153
44:3D:54:BE:12:3C,ALL,udp:45089,192.168.3.105*,2,242,1,153,1,89
44:3D:54:BE:12:3C,ALL,udp:34415,192.168.3.1*,2,253,1,79,1,174
44:3D:54:BE:12:3C,ALL,udp:34415,192.168.3.105*,2,253,1,174,1,79
44:3D:54:BE:12:3C,ALL,udp:13521,192.168.3.1*,2,253,1,79,1,174
44:3D:54:BE:12:3C,ALL,udp:13521,192.168.3.105*,2,253,1,174,1,79
44:3D:54:BE:12:3C,ALL,udp:23400,192.168.3.1*,2,242,1,89,1,153
44:3D:54:BE:12:3C,ALL,udp:23400,192.168.3.105*,2,242,1,153,1,89
44:3D:54:BE:12:3C,ALL,udp:37233,192.168.3.1*,2,242,1,89,1,153
44:3D:54:BE:12:3C,ALL,udp:37233,192.168.3.105*,2,242,1,153,1,89
44:3D:54:BE:12:3C,ALL,udp:42876,192.168.3.1*,2,253,1,79,1,174
44:3D:54:BE:12:3C,ALL,udp:42876,192.168.3.105*,2,253,1,174,1,79
44:3D:54:BE:12:3C,ALL,udp:56470,192.168.3.1*,2,170,1,77,1,93
44:3D:54:BE:12:3C,ALL,udp:56470,192.168.3.105*,2,170,1,93,1,77
44:3D:54:BE:12:3C,ALL,udp:24174,192.168.3.1*,2,368,1,120,1,248
44:3D:54:BE:12:3C,ALL,udp:24174,192.168.3.105*,2,368,1,248,1,120
44:3D:54:BE:12:3C,ALL,udp:4822,192.168.3.1*,2,242,1,89,1,153
44:3D:54:BE:12:3C,ALL,udp:4822,192.168.3.105*,2,242,1,153,1,89
44:3D:54:BE:12:3C,ALL,udp:17262,192.168.3.1*,2,228,1,90,1,138
44:3D:54:BE:12:3C,ALL,udp:17262,192.168.3.105*,2,228,1,138,1,90
44:3D:54:BE:12:3C,ALL,udp:48089,192.168.3.1*,2,253,1,79,1,174
44:3D:54:BE:12:3C,ALL,udp:48089,192.168.3.105*,2,253,1,174,1,79
44:3D:54:BE:12:3C,ALL,udp:48430,192.168.3.1*,2,253,1,79,1,174
44:3D:54:BE:12:3C,ALL,udp:48430,192.168.3.105*,2,253,1,174,1,79
44:3D:54:BE:12:3C,ALL,udp:1147,192.168.3.1*,2,242,1,89,1,153
44:3D:54:BE:12:3C,ALL,udp:1147,192.168.3.105*,2,242,1,153,1,89
44:3D:54:BE:12:3C,ALL,udp:5343,192.168.3.1*,2,242,1,89,1,153
44:3D:54:BE:12:3C,ALL,udp:5343,192.168.3.105*,2,242,1,153,1,89
44:3D:54:BE:12:3C,ALL,udp:14347,192.168.3.1*,2,170,1,77,1,93
44:3D:54:BE:12:3C,ALL,udp:14347,192.168.3.105*,2,170,1,93,1,77
44:3D:54:BE:12:3C,ALL,udp:27424,192.168.3.1*,2,164,1,74,1,90
44:3D:54:BE:12:3C,ALL,udp:27424,192.168.3.105*,2,164,1,90,1,74
44:3D:54:BE:12:3C,ALL,udp:64871,192.168.3.1*,2,242,1,89,1,153
44:3D:54:BE:12:3C,ALL,udp:64871,192.168.3.105*,2,242,1,153,1,89
44:3D:54:BE:12:3C,ALL,udp:29768,192.168.3.1*,2,253,1,79,1,174
44:3D:54:BE:12:3C,ALL,udp:29768,192.168.3.105*,2,253,1,174,1,79
44:3D:54:BE:12:3C,ALL,udp:21282,192.168.3.1*,2,242,1,89,1,153
44:3D:54:BE:12:3C,ALL,udp:21282,192.168.3.105*,2,242,1,153,1,89
44:3D:54:BE:12:3C,ALL,udp:22829,192.168.3.1*,2,253,1,79,1,174
44:3D:54:BE:12:3C,ALL,udp:22829,192.168.3.105*,2,253,1,174,1,79
44:3D:54:BE:12:3C,ALL,udp:52497,192.168.3.1*,2,242,1,89,1,153
44:3D:54:BE:12:3C,ALL,udp:52497,192.168.3.105*,2,242,1,153,1,89
44:3D:54:BE:12:3C,ALL,udp:40045,192.168.3.1*,2,170,1,77,1,93
44:3D:54:BE:12:3C,ALL,udp:40045,192.168.3.105*,2,170,1,93,1,77
44:3D:54:BE:12:3C,ALL,udp:16361,192.168.3.1*,2,368,1,120,1,248
44:3D:54:BE:12:3C,ALL,udp:16361,192.168.3.105*,2,368,1,248,1,120
44:3D:54:BE:12:3C,ALL,udp:15062,192.168.3.1*,2,242,1,89,1,153
44:3D:54:BE:12:3C,ALL,udp:15062,192.168.3.105*,2,242,1,153,1,89
44:3D:54:BE:12:3C,ALL,udp:12087,192.168.3.1*,2,228,1,90,1,138
44:3D:54:BE:12:3C,ALL,udp:12087,192.168.3.105*,2,228,1,138,1,90
44:3D:54:BE:12:3C,ALL,udp:56039,192.168.3.1*,2,253,1,79,1,174
44:3D:54:BE:12:3C,ALL,udp:56039,192.168.3.105*,2,253,1,174,1,79
44:3D:54:BE:12:3C,ALL,udp:60275,192.168.3.1*,2,253,1,79,1,174
44:3D:54:BE:12:3C,ALL,udp:60275,192.168.3.105*,2,253,1,174,1,79
44:3D:54:BE:12:3C,ALL,udp:36580,192.168.3.1*,2,242,1,89,1,153
44:3D:54:BE:12:3C,ALL,udp:36580,192.168.3.105*,2,242,1,153,1,89
44:3D:54:BE:12:3C,ALL,udp:16671,192.168.3.1*,2,253,1,79,1,174
44:3D:54:BE:12:3C,ALL,udp:16671,192.168.3.105*,2,253,1,174,1,79
44:3D:54:BE:12:3C,ALL,udp:14516,192.168.3.1*,2,164,1,74,1,90
44:3D:54:BE:12:3C,ALL,udp:14516,192.168.3.105*,2,164,1,90,1,74
44:3D:54:BE:12:3C,ALL,udp:36314,192.168.3.1*,2,242,1,89,1,153
44:3D:54:BE:12:3C,ALL,udp:36314,192.168.3.105*,2,242,1,153,1,89
44:3D:54:BE:12:3C,ALL,udp:64788,192.168.3.1*,2,253,1,79,1,174
44:3D:54:BE:12:3C,ALL,udp:64788,192.168.3.105*,2,253,1,174,1,79
44:3D:54:BE:12:3C,ALL,udp:57617,192.168.3.1*,2,170,1,77,1,93
44:3D:54:BE:12:3C,ALL,udp:57617,192.168.3.105*,2,170,1,93,1,77
44:3D:54:BE:12:3C,ALL,udp:12410,192.168.3.1*,2,253,1,79,1,174
44:3D:54:BE:12:3C,ALL,udp:12410,192.168.3.105*,2,253,1,174,1,79
44:3D:54:BE:12:3C,ALL,udp:4290,192.168.3.1*,2,253,1,79,1,174
44:3D:54:BE:12:3C,ALL,udp:4290,192.168.3.105*,2,253,1,174,1,79
44:3D:54:BE:12:3C,ALL,udp:22467,192.168.3.1*,2,242,1,89,1,153
44:3D:54:BE:12:3C,ALL,udp:22467,192.168.3.105*,2,242,1,153,1,89
44:3D:54:BE:12:3C,ALL,udp:11062,192.168.3.1*,2,253,1,79,1,174
44:3D:54:BE:12:3C,ALL,udp:11062,192.168.3.105*,2,253,1,174,1,79
44:3D:54:BE:12:3C,ALL,udp:57533,192.168.3.1*,2,253,1,79,1,174
44:3D:54:BE:12:3C,ALL,udp:57533,192.168.3.105*,2,253,1,174,1,79
44:3D:54:BE:12:3C,ALL,udp:1177,192.168.3.1*,2,242,1,89,1,153
44:3D:54:BE:12:3C,ALL,udp:1177,192.168.3.105*,2,242,1,153,1,89
44:3D:54:BE:12:3C,ALL,udp:26820,192.168.3.1*,2,253,1,79,1,174
44:3D:54:BE:12:3C,ALL,udp:26820,192.168.3.105*,2,253,1,174,1,79
44:3D:54:BE:12:3C,ALL,udp:14117,192.168.3.1*,2,242,1,89,1,153
44:3D:54:BE:12:3C,ALL,udp:14117,192.168.3.105*,2,242,1,153,1,89
44:3D:54:BE:12:3C,ALL,udp:4579,192.168.3.1*,2,170,1,77,1,93
44:3D:54:BE:12:3C,ALL,udp:4579,192.168.3.105*,2,170,1,93,1,77
44:3D:54:BE:12:3C,ALL,udp:58660,192.168.3.1*,2,368,1,120,1,248
44:3D:54:BE:12:3C,ALL,udp:58660,192.168.3.105*,2,368,1,248,1,120
44:3D:54:BE:12:3C,ALL,udp:60065,192.168.3.1*,2,228,1,90,1,138
44:3D:54:BE:12:3C,ALL,udp:60065,192.168.3.105*,2,228,1,138,1,90
44:3D:54:BE:12:3C,ALL,udp:50853,192.168.3.1*,2,242,1,89,1,153
44:3D:54:BE:12:3C,ALL,udp:50853,192.168.3.105*,2,242,1,153,1,89
44:3D:54:BE:12:3C,ALL,udp:20257,192.168.3.1*,2,253,1,79,1,174
44:3D:54:BE:12:3C,ALL,udp:20257,192.168.3.105*,2,253,1,174,1,79
44:3D:54:BE:12:3C,ALL,udp:16190,192.168.3.1*,2,242,1,89,1,153
44:3D:54:BE:12:3C,ALL,udp:16190,192.168.3.105*,2,242,1,153,1,89
44:3D:54:BE:12:3C,ALL,udp:47528,192.168.3.1*,2,164,1,74,1,90
44:3D:54:BE:12:3C,ALL,udp:47528,192.168.3.105*,2,164,1,90,1,74
44:3D:54:BE:12:3C,ALL,udp:48222,192.168.3.1*,2,242,1,89,1,153
44:3D:54:BE:12:3C,ALL,udp:48222,192.168.3.105*,2,242,1,153,1,89
44:3D:54:BE:12:3C,ALL,udp:47403,192.168.3.1*,2,170,1,77,1,93
44:3D:54:BE:12:3C,ALL,udp:47403,192.168.3.105*,2,170,1,93,1,77
44:3D:54:BE:12:3C,ALL,udp:8211,192.168.3.1*,2,242,1,89,1,153
44:3D:54:BE:12:3C,ALL,udp:8211,192.168.3.105*,2,242,1,153,1,89
44:3D:54:BE:12:3C,ALL,udp:37938,192.168.3.1*,2,253,1,79,1,174
44:3D:54:BE:12:3C,ALL,udp:37938,192.168.3.105*,2,253,1,174,1,79
44:3D:54:BE:12:3C,ALL,udp:61276,192.168.3.1*,2,242,1,89,1,153
44:3D:54:BE:12:3C,ALL,udp:61276,192.168.3.105*,2,242,1,153,1,89
44:3D:54:BE:12:3C,ALL,udp:19258,192.168.3.1*,2,242,1,89,1,153
44:3D:54:BE:12:3C,ALL,udp:19258,192.168.3.105*,2,242,1,153,1,89
44:3D:54:BE:12:3C,ALL,udp:8418,192.168.3.1*,2,253,1,79,1,174
44:3D:54:BE:12:3C,ALL,udp:8418,192.168.3.105*,2,253,1,174,1,79
44:3D:54:BE:12:3C,ALL,udp:26773,192.168.3.1*,2,253,1,79,1,174
44:3D:54:BE:12:3C,ALL,udp:26773,192.168.3.105*,2,253,1,174,1,79
44:3D:54:BE:12:3C,ALL,udp:50572,192.168.3.1*,2,228,1,90,1,138
44:3D:54:BE:12:3C,ALL,udp:50572,192.168.3.105*,2,228,1,138,1,90
44:3D:54:BE:12:3C,ALL,udp:35536,192.168.3.1*,2,368,1,120,1,248
44:3D:54:BE:12:3C,ALL,udp:35536,192.168.3.105*,2,368,1,248,1,120
44:3D:54:BE:12:3C,ALL,udp:53020,192.168.3.1*,2,242,1,89,1,153
44:3D:54:BE:12:3C,ALL,udp:53020,192.168.3.105*,2,242,1,153,1,89
44:3D:54:BE:12:3C,ALL,udp:19698,192.168.3.1*,2,253,1,79,1,174
44:3D:54:BE:12:3C,ALL,udp:19698,192.168.3.105*,2,253,1,174,1,79
44:3D:54:BE:12:3C,ALL,udp:9218,192.168.3.1*,2,253,1,79,1,174
44:3D:54:BE:12:3C,ALL,udp:9218,192.168.3.105*,2,253,1,174,1,79
44:3D:54:BE:12:3C,ALL,udp:32482,192.168.3.1*,2,242,1,89,1,153
44:3D:54:BE:12:3C,ALL,udp:32482,192.168.3.105*,2,242,1,153,1,89
44:3D:54:BE:12:3C,ALL,udp:23436,192.168.3.1*,2,242,1,89,1,153
44:3D:54:BE:12:3C,ALL,udp:23436,192.168.3.105*,2,242,1,153,1,89
44:3D:54:BE:12:3C,ALL,udp:34619,192.168.3.1*,2,253,1,79,1,174
44:3D:54:BE:12:3C,ALL,udp:34619,192.168.3.105*,2,253,1,174,1,79
44:3D:54:BE:12:3C,ALL,udp:62198,192.168.3.1*,2,253,1,79,1,174
44:3D:54:BE:12:3C,ALL,udp:62198,192.168.3.105*,2,253,1,174,1,79
44:3D:54:BE:12:3C,ALL,udp:60685,192.168.3.1*,2,242,1,89,1,153
44:3D:54:BE:12:3C,ALL,udp:60685,192.168.3.105*,2,242,1,153,1,89
44:3D:54:BE:12:3C,ALL,udp:58769,192.168.3.1*,2,253,1,79,1,174
44:3D:54:BE:12:3C,ALL,udp:58769,192.168.3.105*,2,253,1,174,1,79
44:3D:54:BE:12:3C,ALL,udp:2743,192.168.3.1*,2,170,1,77,1,93
44:3D:54:BE:12:3C,ALL,udp:2743,192.168.3.105*,2,170,1,93,1,77
44:3D:54:BE:12:3C,ALL,udp:14130,192.168.3.1*,2,401,1,86,1,315
44:3D:54:BE:12:3C,ALL,udp:14130,192.168.3.105*,2,401,1,315,1,86
44:3D:54:BE:12:3C,ALL,udp:36680,192.168.3.1*,2,242,1,89,1,153
44:3D:54:BE:12:3C,ALL,udp:36680,192.168.3.105*,2,242,1,153,1,89
44:3D:54:BE:12:3C,ALL,udp:31946,192.168.3.1*,2,253,1,79,1,174
44:3D:54:BE:12:3C,ALL,udp:31946,192.168.3.105*,2,253,1,174,1,79
44:3D:54:BE:12:3C,ALL,udp:6450,192.168.3.1*,2,242,1,89,1,153
44:3D:54:BE:12:3C,ALL,udp:6450,192.168.3.105*,2,242,1,153,1,89
44:3D:54:BE:12:3C,ALL,udp:19726,192.168.3.1*,2,253,1,79,1,174
44:3D:54:BE:12:3C,ALL,udp:19726,192.168.3.105*,2,253,1,174,1,79
44:3D:54:BE:12:3C,ALL,udp:1471,192.168.3.1*,2,253,1,79,1,174
44:3D:54:BE:12:3C,ALL,udp:1471,192.168.3.105*,2,253,1,174,1,79
44:3D:54:BE:12:3C,ALL,udp:1663,192.168.3.1*,2,242,1,89,1,153
44:3D:54:BE:12:3C,ALL,udp:1663,192.168.3.105*,2,242,1,153,1,89
44:3D:54:BE:12:3C,ALL,udp:54371,192.168.3.1*,2,170,1,77,1,93
44:3D:54:BE:12:3C,ALL,udp:54371,192.168.3.105*,2,170,1,93,1,77
44:3D:54:BE:12:3C,ALL,udp:23007,192.168.3.1*,2,253,1,79,1,174
44:3D:54:BE:12:3C,ALL,udp:23007,192.168.3.105*,2,253,1,174,1,79
44:3D:54:BE:12:3C,ALL,udp:9335,192.168.3.1*,2,368,1,120,1,248
44:3D:54:BE:12:3C,ALL,udp:9335,192.168.3.105*,2,368,1,248,1,120
44:3D:54:BE:12:3C,ALL,udp:13230,192.168.3.1*,2,242,1,89,1,153
44:3D:54:BE:12:3C,ALL,udp:13230,192.168.3.105*,2,242,1,153,1,89
44:3D:54:BE:12:3C,ALL,udp:22560,192.168.3.1*,2,253,1,79,1,174
44:3D:54:BE:12:3C,ALL,udp:22560,192.168.3.105*,2,253,1,174,1,79
44:3D:54:BE:12:3C,ALL,udp:58989,192.168.3.1*,2,253,1,79,1,174
44:3D:54:BE:12:3C,ALL,udp:58989,192.168.3.105*,2,253,1,174,1,79
44:3D:54:BE:12:3C,ALL,udp:48629,192.168.3.1*,2,242,1,89,1,153
44:3D:54:BE:12:3C,ALL,udp:48629,192.168.3.105*,2,242,1,153,1,89
44:3D:54:BE:12:3C,ALL,udp:22791,192.168.3.1*,2,253,1,79,1,174
44:3D:54:BE:12:3C,ALL,udp:22791,192.168.3.105*,2,253,1,174,1,79
44:3D:54:BE:12:3C,ALL,udp:8547,192.168.3.1*,2,253,1,79,1,174
44:3D:54:BE:12:3C,ALL,udp:8547,192.168.3.105*,2,253,1,174,1,79
44:3D:54:BE:12:3C,ALL,udp:14750,192.168.3.1*,2,253,1,79,1,174
44:3D:54:BE:12:3C,ALL,udp:14750,192.168.3.105*,2,253,1,174,1,79
44:3D:54:BE:12:3C,ALL,udp:13545,192.168.3.1*,2,164,1,74,1,90
44:3D:54:BE:12:3C,ALL,udp:13545,192.168.3.105*,2,164,1,90,1,74
44:3D:54:BE:12:3C,ALL,udp:28788,192.168.3.1*,2,253,1,79,1,174
44:3D:54:BE:12:3C,ALL,udp:28788,192.168.3.105*,2,253,1,174,1,79
44:3D:54:BE:12:3C,ALL,udp:45610,192.168.3.1*,2,242,1,89,1,153
44:3D:54:BE:12:3C,ALL,udp:45610,192.168.3.105*,2,242,1,153,1,89
44:3D:54:BE:12:3C,ALL,udp:51676,192.168.3.1*,2,170,1,77,1,93
44:3D:54:BE:12:3C,ALL,udp:51676,192.168.3.105*,2,170,1,93,1,77
44:3D:54:BE:12:3C,ALL,udp:61091,192.168.3.1*,2,382,1,102,1,280
44:3D:54:BE:12:3C,ALL,udp:61091,192.168.3.105*,2,382,1,280,1,102
44:3D:54:BE:12:3C,ALL,udp:19161,192.168.3.1*,2,242,1,89,1,153
44:3D:54:BE:12:3C,ALL,udp:19161,192.168.3.105*,2,242,1,153,1,89
44:3D:54:BE:12:3C,ALL,udp:12165,192.168.3.1*,2,253,1,79,1,174
44:3D:54:BE:12:3C,ALL,udp:12165,192.168.3.105*,2,253,1,174,1,79
44:3D:54:BE:12:3C,ALL,udp:11028,192.168.3.1*,2,253,1,79,1,174
44:3D:54:BE:12:3C,ALL,udp:11028,192.168.3.105*,2,253,1,174,1,79
44:3D:54:BE:12:3C,ALL,udp:51332,192.168.3.1*,2,242,1,89,1,153
44:3D:54:BE:12:3C,ALL,udp:51332,192.168.3.105*,2,242,1,153,1,89
44:3D:54:BE:12:3C,ALL,udp:51536,192.168.3.1*,2,253,1,79,1,174
44:3D:54:BE:12:3C,ALL,udp:51536,192.168.3.105*,2,253,1,174,1,79
44:3D:54:BE:12:3C,ALL,udp:5601,192.168.3.1*,2,242,1,89,1,153
44:3D:54:BE:12:3C,ALL,udp:5601,192.168.3.105*,2,242,1,153,1,89
44:3D:54:BE:12:3C,ALL,udp:21948,192.168.3.1*,2,170,1,77,1,93
44:3D:54:BE:12:3C,ALL,udp:21948,192.168.3.105*,2,170,1,93,1,77
44:3D:54:BE:12:3C,ALL,udp:7812,192.168.3.1*,2,228,1,90,1,138
44:3D:54:BE:12:3C,ALL,udp:7812,192.168.3.105*,2,228,1,138,1,90
44:3D:54:BE:12:3C,ALL,udp:50893,192.168.3.1*,2,253,1,79,1,174
44:3D:54:BE:12:3C,ALL,udp:50893,192.168.3.105*,2,253,1,174,1,79
44:3D:54:BE:12:3C,ALL,udp:38847,192.168.3.1*,2,368,1,120,1,248
44:3D:54:BE:12:3C,ALL,udp:38847,192.168.3.105*,2,368,1,248,1,120
44:3D:54:BE:12:3C,ALL,udp:39785,192.168.3.1*,2,242,1,89,1,153
44:3D:54:BE:12:3C,ALL,udp:39785,192.168.3.105*,2,242,1,153,1,89
44:3D:54:BE:12:3C,ALL,udp:20445,192.168.3.1*,2,253,1,79,1,174
44:3D:54:BE:12:3C,ALL,udp:20445,192.168.3.105*,2,253,1,174,1,79
44:3D:54:BE:12:3C,ALL,udp:8434,192.168.3.1*,2,253,1,79,1,174
44:3D:54:BE:12:3C,ALL,udp:8434,192.168.3.105*,2,253,1,174,1,79
44:3D:54:BE:12:3C,ALL,udp:33654,192.168.3.1*,2,242,1,89,1,153
44:3D:54:BE:12:3C,ALL,udp:33654,192.168.3.105*,2,242,1,153,1,89
44:3D:54:BE:12:3C,ALL,udp:1850,192.168.3.1*,2,242,1,89,1,153
44:3D:54:BE:12:3C,ALL,udp:1850,192.168.3.105*,2,242,1,153,1,89
44:3D:54:BE:12:3C,ALL,udp:58169,192.168.3.1*,2,170,1,77,1,93
44:3D:54:BE:12:3C,ALL,udp:58169,192.168.3.105*,2,170,1,93,1,77
44:3D:54:BE:12:3C,ALL,udp:11274,192.168.3.1*,2,242,1,89,1,153
44:3D:54:BE:12:3C,ALL,udp:11274,192.168.3.105*,2,242,1,153,1,89
44:3D:54:BE:12:3C,ALL,udp:43714,192.168.3.1*,2,242,1,89,1,153
44:3D:54:BE:12:3C,ALL,udp:43714,192.168.3.105*,2,242,1,153,1,89
44:3D:54:BE:12:3C,ALL,udp:40567,192.168.3.1*,2,253,1,79,1,174
44:3D:54:BE:12:3C,ALL,udp:40567,192.168.3.105*,2,253,1,174,1,79
44:3D:54:BE:12:3C,ALL,udp:13126,192.168.3.1*,2,253,1,79,1,174
44:3D:54:BE:12:3C,ALL,udp:13126,192.168.3.105*,2,253,1,174,1,79
44:3D:54:BE:12:3C,ALL,udp:8709,192.168.3.1*,2,242,1,89,1,153
44:3D:54:BE:12:3C,ALL,udp:8709,192.168.3.105*,2,242,1,153,1,89
44:3D:54:BE:12:3C,ALL,udp:26985,192.168.3.1*,2,228,1,90,1,138
44:3D:54:BE:12:3C,ALL,udp:26985,192.168.3.105*,2,228,1,138,1,90
44:3D:54:BE:12:3C,ALL,udp:27661,192.168.3.1*,2,170,1,77,1,93
44:3D:54:BE:12:3C,ALL,udp:27661,192.168.3.105*,2,170,1,93,1,77
44:3D:54:BE:12:3C,ALL,udp:33892,192.168.3.1*,2,368,1,120,1,248
44:3D:54:BE:12:3C,ALL,udp:33892,192.168.3.105*,2,368,1,248,1,120
44:3D:54:BE:12:3C,ALL,udp:56821,192.168.3.1*,2,253,1,79,1,174
44:3D:54:BE:12:3C,ALL,udp:56821,192.168.3.105*,2,253,1,174,1,79
44:3D:54:BE:12:3C,ALL,udp:5687,192.168.3.1*,2,242,1,89,1,153
44:3D:54:BE:12:3C,ALL,udp:5687,192.168.3.105*,2,242,1,153,1,89
44:3D:54:BE:12:3C,ALL,udp:3063,192.168.3.1*,2,164,1,74,1,90
44:3D:54:BE:12:3C,ALL,udp:3063,192.168.3.105*,2,164,1,90,1,74
44:3D:54:BE:12:3C,ALL,udp:11082,192.168.3.1*,2,253,1,79,1,174
44:3D:54:BE:12:3C,ALL,udp:11082,192.168.3.105*,2,253,1,174,1,79
44:3D:54:BE:12:3C,ALL,udp:49243,192.168.3.1*,2,253,1,79,1,174
44:3D:54:BE:12:3C,ALL,udp:49243,192.168.3.105*,2,253,1,174,1,79
44:3D:54:BE:12:3C,ALL,udp:43789,192.168.3.1*,2,242,1,89,1,153
44:3D:54:BE:12:3C,ALL,udp:43789,192.168.3.105*,2,242,1,153,1,89
44:3D:54:BE:12:3C,ALL,udp:1737,192.168.3.1*,2,253,1,79,1,174
44:3D:54:BE:12:3C,ALL,udp:1737,192.168.3.105*,2,253,1,174,1,79
44:3D:54:BE:12:3C,ALL,udp:41308,192.168.3.1*,2,170,1,77,1,93
44:3D:54:BE:12:3C,ALL,udp:41308,192.168.3.105*,2,170,1,93,1,77
44:3D:54:BE:12:3C,ALL,udp:57746,192.168.3.1*,2,253,1,79,1,174
44:3D:54:BE:12:3C,ALL,udp:57746,192.168.3.105*,2,253,1,174,1,79
44:3D:54:BE:12:3C,ALL,udp:51506,192.168.3.1*,2,253,1,79,1,174
44:3D:54:BE:12:3C,ALL,udp:51506,192.168.3.105*,2,253,1,174,1,79
44:3D:54:BE:12:3C,ALL,udp:13841,192.168.3.1*,2,253,1,79,1,174
44:3D:54:BE:12:3C,ALL,udp:13841,192.168.3.105*,2,253,1,174,1,79
44:3D:54:BE:12:3C,ALL,udp:30839,192.168.3.1*,2,242,1,89,1,153
44:3D:54:BE:12:3C,ALL,udp:30839,192.168.3.105*,2,242,1,153,1,89
44:3D:54:BE:12:3C,ALL,udp:12745,192.168.3.1*,2,253,1,79,1,174
44:3D:54:BE:12:3C,ALL,udp:12745,192.168.3.105*,2,253,1,174,1,79
44:3D:54:BE:12:3C,ALL,udp:9369,192.168.3.1*,2,253,1,79,1,174
44:3D:54:BE:12:3C,ALL,udp:9369,192.168.3.105*,2,253,1,174,1,79
44:3D:54:BE:12:3C,ALL,udp:38895,192.168.3.1*,2,242,1,89,1,153
44:3D:54:BE:12:3C,ALL,udp:38895,192.168.3.105*,2,242,1,153,1,89
44:3D:54:BE:12:3C,ALL,udp:52341,192.168.3.1*,2,253,1,79,1,174
44:3D:54:BE:12:3C,ALL,udp:52341,192.168.3.105*,2,253,1,174,1,79
44:3D:54:BE:12:3C,ALL,udp:61766,192.168.3.1*,2,253,1,79,1,174
44:3D:54:BE:12:3C,ALL,udp:61766,192.168.3.105*,2,253,1,174,1,79
44:3D:54:BE:12:3C,ALL,udp:13334,192.168.3.1*,2,228,1,90,1,138
44:3D:54:BE:12:3C,ALL,udp:13334,192.168.3.105*,2,228,1,138,1,90
44:3D:54:BE:12:3C,ALL,udp:26136,192.168.3.1*,2,242,1,89,1,153
44:3D:54:BE:12:3C,ALL,udp:26136,192.168.3.105*,2,242,1,153,1,89
44:3D:54:BE:12:3C,ALL,udp:7578,192.168.3.1*,2,170,1,77,1,93
44:3D:54:BE:12:3C,ALL,udp:7578,192.168.3.105*,2,170,1,93,1,77
44:3D:54:BE:12:3C,ALL,udp:58605,192.168.3.1*,2,368,1,120,1,248
44:3D:54:BE:12:3C,ALL,udp:58605,192.168.3.105*,2,368,1,248,1,120
44:3D:54:BE:12:3C,ALL,udp:54727,192.168.3.1*,2,242,1,89,1,153
44:3D:54:BE:12:3C,ALL,udp:54727,192.168.3.105*,2,242,1,153,1,89
44:3D:54:BE:12:3C,ALL,udp:58061,192.168.3.1*,2,253,1,79,1,174
44:3D:54:BE:12:3C,ALL,udp:58061,192.168.3.105*,2,253,1,174,1,79
44:3D:54:BE:12:3C,ALL,udp:22112,192.168.3.1*,2,242,1,89,1,153
44:3D:54:BE:12:3C,ALL,udp:22112,192.168.3.105*,2,242,1,153,1,89
44:3D:54:BE:12:3C,ALL,udp:6037,192.168.3.1*,2,253,1,79,1,174
44:3D:54:BE:12:3C,ALL,udp:6037,192.168.3.105*,2,253,1,174,1,79
44:3D:54:BE:12:3C,ALL,udp:44304,192.168.3.1*,2,242,1,89,1,153
44:3D:54:BE:12:3C,ALL,udp:44304,192.168.3.105*,2,242,1,153,1,89
44:3D:54:BE:12:3C,ALL,udp:40922,192.168.3.1*,2,170,1,77,1,93
44:3D:54:BE:12:3C,ALL,udp:40922,192.168.3.105*,2,170,1,93,1,77
44:3D:54:BE:12:3C,ALL,udp:5990,192.168.3.1*,2,242,1,89,1,153
44:3D:54:BE:12:3C,ALL,udp:5990,192.168.3.105*,2,242,1,153,1,89
44:3D:54:BE:12:3C,ALL,udp:19927,192.168.3.1*,2,196,1,90,1,106
44:3D:54:BE:12:3C,ALL,udp:19927,192.168.3.105*,2,196,1,106,1,90
44:3D:54:BE:12:3C,ALL,udp:50198,192.168.3.1*,2,242,1,89,1,153
44:3D:54:BE:12:3C,ALL,udp:50198,192.168.3.105*,2,242,1,153,1,89
44:3D:54:BE:12:3C,ALL,udp:64017,192.168.3.1*,2,253,1,79,1,174
44:3D:54:BE:12:3C,ALL,udp:64017,192.168.3.105*,2,253,1,174,1,79
44:3D:54:BE:12:3C,ALL,udp:24284,192.168.3.1*,2,228,1,90,1,138
44:3D:54:BE:12:3C,ALL,udp:24284,192.168.3.105*,2,228,1,138,1,90
44:3D:54:BE:12:3C,ALL,udp:29744,192.168.3.1*,2,253,1,79,1,174
44:3D:54:BE:12:3C,ALL,udp:29744,192.168.3.105*,2,253,1,174,1,79
44:3D:54:BE:12:3C,ALL,udp:28216,192.168.3.1*,2,242,1,89,1,153
44:3D:54:BE:12:3C,ALL,udp:28216,192.168.3.105*,2,242,1,153,1,89
44:3D:54:BE:12:3C,ALL,udp:24034,192.168.3.1*,2,170,1,77,1,93
44:3D:54:BE:12:3C,ALL,udp:24034,192.168.3.105*,2,170,1,93,1,77
44:3D:54:BE:12:3C,ALL,udp:57785,192.168.3.1*,2,368,1,120,1,248
44:3D:54:BE:12:3C,ALL,udp:57785,192.168.3.105*,2,368,1,248,1,120
44:3D:54:BE:12:3C,ALL,udp:57293,192.168.3.1*,2,242,1,89,1,153
44:3D:54:BE:12:3C,ALL,udp:57293,192.168.3.105*,2,242,1,153,1,89
44:3D:54:BE:12:3C,ALL,udp:16092,192.168.3.1*,2,253,1,79,1,174
44:3D:54:BE:12:3C,ALL,udp:16092,192.168.3.105*,2,253,1,174,1,79
44:3D:54:BE:12:3C,ALL,udp:21062,192.168.3.1*,2,164,1,74,1,90
44:3D:54:BE:12:3C,ALL,udp:21062,192.168.3.105*,2,164,1,90,1,74
44:3D:54:BE:12:3C,ALL,udp:52639,192.168.3.1*,2,253,1,79,1,174
44:3D:54:BE:12:3C,ALL,udp:52639,192.168.3.105*,2,253,1,174,1,79
44:3D:54:BE:12:3C,ALL,udp:37169,192.168.3.1*,2,242,1,89,1,153
44:3D:54:BE:12:3C,ALL,udp:37169,192.168.3.105*,2,242,1,153,1,89
44:3D:54:BE:12:3C,ALL,udp:21432,192.168.3.1*,2,170,1,77,1,93
44:3D:54:BE:12:3C,ALL,udp:21432,192.168.3.105*,2,170,1,93,1,77
44:3D:54:BE:12:3C,ALL,udp:23329,192.168.3.1*,2,253,1,79,1,174
44:3D:54:BE:12:3C,ALL,udp:23329,192.168.3.105*,2,253,1,174,1,79
44:3D:54:BE:12:3C,ALL,udp:16865,192.168.3.1*,2,253,1,79,1,174
44:3D:54:BE:12:3C,ALL,udp:16865,192.168.3.105*,2,253,1,174,1,79
44:3D:54:BE:12:3C,ALL,udp:37058,192.168.3.1*,2,253,1,79,1,174
44:3D:54:BE:12:3C,ALL,udp:37058,192.168.3.105*,2,253,1,174,1,79
44:3D:54:BE:12:3C,ALL,udp:59539,192.168.3.1*,2,242,1,89,1,153
44:3D:54:BE:12:3C,ALL,udp:59539,192.168.3.105*,2,242,1,153,1,89
44:3D:54:BE:12:3C,ALL,udp:19625,192.168.3.1*,2,253,1,79,1,174
44:3D:54:BE:12:3C,ALL,udp:19625,192.168.3.105*,2,253,1,174,1,79
44:3D:54:BE:12:3C,ALL,udp:28342,192.168.3.1*,2,242,1,89,1,153
44:3D:54:BE:12:3C,ALL,udp:28342,192.168.3.105*,2,242,1,153,1,89
44:3D:54:BE:12:3C,ALL,udp:58071,192.168.3.1*,2,228,1,90,1,138
44:3D:54:BE:12:3C,ALL,udp:58071,192.168.3.105*,2,228,1,138,1,90
44:3D:54:BE:12:3C,ALL,udp:38694,192.168.3.1*,2,242,1,89,1,153
44:3D:54:BE:12:3C,ALL,udp:38694,192.168.3.105*,2,242,1,153,1,89
44:3D:54:BE:12:3C,ALL,udp:2778,192.168.3.1*,2,170,1,77,1,93
44:3D:54:BE:12:3C,ALL,udp:2778,192.168.3.105*,2,170,1,93,1,77
44:3D:54:BE:12:3C,ALL,udp:10430,192.168.3.1*,2,253,1,79,1,174
44:3D:54:BE:12:3C,ALL,udp:10430,192.168.3.105*,2,253,1,174,1,79
44:3D:54:BE:12:3C,ALL,udp:9894,192.168.3.1*,2,253,1,79,1,174
44:3D:54:BE:12:3C,ALL,udp:9894,192.168.3.105*,2,253,1,174,1,79
44:3D:54:BE:12:3C,ALL,udp:56363,192.168.3.1*,2,368,1,120,1,248
44:3D:54:BE:12:3C,ALL,udp:56363,192.168.3.105*,2,368,1,248,1,120
44:3D:54:BE:12:3C,ALL,udp:36925,192.168.3.1*,2,242,1,89,1,153
44:3D:54:BE:12:3C,ALL,udp:36925,192.168.3.105*,2,242,1,153,1,89
44:3D:54:BE:12:3C,ALL,udp:14958,192.168.3.1*,2,253,1,79,1,174
44:3D:54:BE:12:3C,ALL,udp:14958,192.168.3.105*,2,253,1,174,1,79
44:3D:54:BE:12:3C,ALL,udp:33414,192.168.3.1*,2,242,1,89,1,153
44:3D:54:BE:12:3C,ALL,udp:33414,192.168.3.105*,2,242,1,153,1,89
44:3D:54:BE:12:3C,ALL,udp:20791,192.168.3.1*,2,253,1,79,1,174
44:3D:54:BE:12:3C,ALL,udp:20791,192.168.3.105*,2,253,1,174,1,79
44:3D:54:BE:12:3C,ALL,udp:27772,192.168.3.1*,2,242,1,89,1,153
44:3D:54:BE:12:3C,ALL,udp:27772,192.168.3.105*,2,242,1,153,1,89
44:3D:54:BE:12:3C,ALL,udp:7925,192.168.3.1*,2,253,1,79,1,174
44:3D:54:BE:12:3C,ALL,udp:7925,192.168.3.105*,2,253,1,174,1,79
44:3D:54:BE:12:3C,ALL,udp:25487,192.168.3.1*,2,170,1,77,1,93
44:3D:54:BE:12:3C,ALL,udp:25487,192.168.3.105*,2,170,1,93,1,77
44:3D:54:BE:12:3C,ALL,udp:61345,192.168.3.1*,2,242,1,89,1,153
44:3D:54:BE:12:3C,ALL,udp:61345,192.168.3.105*,2,242,1,153,1,89
44:3D:54:BE:12:3C,ALL,udp:54946,192.168.3.1*,2,164,1,74,1,90
44:3D:54:BE:12:3C,ALL,udp:54946,192.168.3.105*,2,164,1,90,1,74
44:3D:54:BE:12:3C,ALL,udp:2052,192.168.3.1*,2,228,1,90,1,138
44:3D:54:BE:12:3C,ALL,udp:2052,192.168.3.105*,2,228,1,138,1,90
44:3D:54:BE:12:3C,ALL,udp:60765,192.168.3.1*,2,253,1,79,1,174
44:3D:54:BE:12:3C,ALL,udp:60765,192.168.3.105*,2,253,1,174,1,79
44:3D:54:BE:12:3C,ALL,udp:38620,192.168.3.1*,2,242,1,89,1,153
44:3D:54:BE:12:3C,ALL,udp:38620,192.168.3.105*,2,242,1,153,1,89
44:3D:54:BE:12:3C,ALL,udp:40665,192.168.3.1*,2,170,1,77,1,93
44:3D:54:BE:12:3C,ALL,udp:40665,192.168.3.105*,2,170,1,93,1,77
44:3D:54:BE:12:3C,ALL,udp:31381,192.168.3.1*,2,242,1,89,1,153
44:3D:54:BE:12:3C,ALL,udp:31381,192.168.3.105*,2,242,1,153,1,89
44:3D:54:BE:12:3C,ALL,udp:1691,192.168.3.1*,2,253,1,79,1,174
44:3D:54:BE:12:3C,ALL,udp:1691,192.168.3.105*,2,253,1,174,1,79
44:3D:54:BE:12:3C,ALL,udp:43335,192.168.3.1*,2,164,1,74,1,90
44:3D:54:BE:12:3C,ALL,udp:43335,192.168.3.105*,2,164,1,90,1,74
44:3D:54:BE:12:3C,ALL,udp:38653,192.168.3.1*,2,242,1,89,1,153
44:3D:54:BE:12:3C,ALL,udp:38653,192.168.3.105*,2,242,1,153,1,89
44:3D:54:BE:12:3C,ALL,udp:29193,192.168.3.1*,2,253,1,79,1,174
44:3D:54:BE:12:3C,ALL,udp:29193,192.168.3.105*,2,253,1,174,1,79
44:3D:54:BE:12:3C,ALL,udp:49646,192.168.3.1*,2,242,1,89,1,153
44:3D:54:BE:12:3C,ALL,udp:49646,192.168.3.105*,2,242,1,153,1,89
44:3D:54:BE:12:3C,ALL,udp:53592,192.168.3.1*,2,170,1,77,1,93
44:3D:54:BE:12:3C,ALL,udp:53592,192.168.3.105*,2,170,1,93,1,77
44:3D:54:BE:12:3C,ALL,udp:23950,192.168.3.1*,2,242,1,89,1,153
44:3D:54:BE:12:3C,ALL,udp:23950,192.168.3.105*,2,242,1,153,1,89
44:3D:54:BE:12:3C,ALL,udp:10639,192.168.3.1*,2,253,1,79,1,174
44:3D:54:BE:12:3C,ALL,udp:10639,192.168.3.105*,2,253,1,174,1,79
44:3D:54:BE:12:3C,ALL,udp:60370,192.168.3.1*,2,253,1,79,1,174
44:3D:54:BE:12:3C,ALL,udp:60370,192.168.3.105*,2,253,1,174,1,79
44:3D:54:BE:12:3C,ALL,udp:44189,192.168.3.1*,2,242,1,89,1,153
44:3D:54:BE:12:3C,ALL,udp:44189,192.168.3.105*,2,242,1,153,1,89
44:3D:54:BE:12:3C,ALL,udp:36227,192.168.3.1*,2,228,1,90,1,138
44:3D:54:BE:12:3C,ALL,udp:36227,192.168.3.105*,2,228,1,138,1,90
44:3D:54:BE:12:3C,ALL,udp:9571,192.168.3.1*,2,242,1,89,1,153
44:3D:54:BE:12:3C,ALL,udp:9571,192.168.3.105*,2,242,1,153,1,89
44:3D:54:BE:12:3C,ALL,udp:19409,192.168.3.1*,2,170,1,77,1,93
44:3D:54:BE:12:3C,ALL,udp:19409,192.168.3.105*,2,170,1,93,1,77
44:3D:54:BE:12:3C,ALL,udp:10066,192.168.3.1*,2,253,1,79,1,174
44:3D:54:BE:12:3C,ALL,udp:10066,192.168.3.105*,2,253,1,174,1,79
44:3D:54:BE:12:3C,ALL,udp:62330,192.168.3.1*,2,368,1,120,1,248
44:3D:54:BE:12:3C,ALL,udp:62330,192.168.3.105*,2,368,1,248,1,120
44:3D:54:BE:12:3C,ALL,udp:39706,192.168.3.1*,2,253,1,79,1,174
44:3D:54:BE:12:3C,ALL,udp:39706,192.168.3.105*,2,253,1,174,1,79
44:3D:54:BE:12:3C,ALL,udp:30027,192.168.3.1*,2,242,1,89,1,153
44:3D:54:BE:12:3C,ALL,udp:30027,192.168.3.105*,2,242,1,153,1,89
44:3D:54:BE:12:3C,ALL,udp:6437,192.168.3.1*,2,253,1,79,1,174
44:3D:54:BE:12:3C,ALL,udp:6437,192.168.3.105*,2,253,1,174,1,79
44:3D:54:BE:12:3C,ALL,udp:22279,192.168.3.1*,2,253,1,79,1,174
44:3D:54:BE:12:3C,ALL,udp:22279,192.168.3.105*,2,253,1,174,1,79
44:3D:54:BE:12:3C,ALL,udp:1713,192.168.3.1*,2,242,1,89,1,153
44:3D:54:BE:12:3C,ALL,udp:1713,192.168.3.105*,2,242,1,153,1,89
44:3D:54:BE:12:3C,ALL,udp:41444,192.168.3.1*,2,170,1,77,1,93
44:3D:54:BE:12:3C,ALL,udp:41444,192.168.3.105*,2,170,1,93,1,77
44:3D:54:BE:12:3C,ALL,udp:23388,192.168.3.1*,2,242,1,89,1,153
44:3D:54:BE:12:3C,ALL,udp:23388,192.168.3.105*,2,242,1,153,1,89
44:3D:54:BE:12:3C,ALL,udp:27230,192.168.3.1*,2,253,1,79,1,174
44:3D:54:BE:12:3C,ALL,udp:27230,192.168.3.105*,2,253,1,174,1,79
44:3D:54:BE:12:3C,ALL,udp:17603,192.168.3.1*,2,253,1,79,1,174
44:3D:54:BE:12:3C,ALL,udp:17603,192.168.3.105*,2,253,1,174,1,79
44:3D:54:BE:12:3C,ALL,udp:52945,192.168.3.1*,2,228,1,90,1,138
44:3D:54:BE:12:3C,ALL,udp:52945,192.168.3.105*,2,228,1,138,1,90
44:3D:54:BE:12:3C,ALL,udp:61814,192.168.3.1*,2,253,1,79,1,174
44:3D:54:BE:12:3C,ALL,udp:61814,192.168.3.105*,2,253,1,174,1,79
44:3D:54:BE:12:3C,ALL,udp:50589,192.168.3.1*,2,242,1,89,1,153
44:3D:54:BE:12:3C,ALL,udp:50589,192.168.3.105*,2,242,1,153,1,89
44:3D:54:BE:12:3C,ALL,udp:60943,192.168.3.1*,2,253,1,79,1,174
44:3D:54:BE:12:3C,ALL,udp:60943,192.168.3.105*,2,253,1,174,1,79
44:3D:54:BE:12:3C,ALL,udp:27365,192.168.3.1*,2,242,1,89,1,153
44:3D:54:BE:12:3C,ALL,udp:27365,192.168.3.105*,2,242,1,153,1,89
44:3D:54:BE:12:3C,ALL,udp:8610,192.168.3.1*,2,170,1,77,1,93
44:3D:54:BE:12:3C,ALL,udp:8610,192.168.3.105*,2,170,1,93,1,77
44:3D:54:BE:12:3C,ALL,udp:1906,192.168.3.1*,2,368,1,120,1,248
44:3D:54:BE:12:3C,ALL,udp:1906,192.168.3.105*,2,368,1,248,1,120
44:3D:54:BE:12:3C,ALL,udp:62070,192.168.3.1*,2,242,1,89,1,153
44:3D:54:BE:12:3C,ALL,udp:62070,192.168.3.105*,2,242,1,153,1,89
44:3D:54:BE:12:3C,ALL,udp:62120,192.168.3.1*,2,164,1,74,1,90
44:3D:54:BE:12:3C,ALL,udp:62120,192.168.3.105*,2,164,1,90,1,74
44:3D:54:BE:12:3C,ALL,udp:12184,192.168.3.1*,2,253,1,79,1,174
44:3D:54:BE:12:3C,ALL,udp:12184,192.168.3.105*,2,253,1,174,1,79
44:3D:54:BE:12:3C,ALL,udp:8442,192.168.3.1*,2,242,1,89,1,153
44:3D:54:BE:12:3C,ALL,udp:8442,192.168.3.105*,2,242,1,153,1,89
44:3D:54:BE:12:3C,ALL,udp:25846,192.168.3.1*,2,253,1,79,1,174
44:3D:54:BE:12:3C,ALL,udp:25846,192.168.3.105*,2,253,1,174,1,79
44:3D:54:BE:12:3C,ALL,udp:62186,192.168.3.1*,2,242,1,89,1,153
44:3D:54:BE:12:3C,ALL,udp:62186,192.168.3.105*,2,242,1,153,1,89
44:3D:54:BE:12:3C,ALL,udp:41382,192.168.3.1*,2,170,1,77,1,93
44:3D:54:BE:12:3C,ALL,udp:41382,192.168.3.105*,2,170,1,93,1,77
44:3D:54:BE:12:3C,ALL,udp:46816,192.168.3.1*,2,253,1,79,1,174
44:3D:54:BE:12:3C,ALL,udp:46816,192.168.3.105*,2,253,1,174,1,79
44:3D:54:BE:12:3C,ALL,udp:11333,192.168.3.1*,2,253,1,79,1,174
44:3D:54:BE:12:3C,ALL,udp:11333,192.168.3.105*,2,253,1,174,1,79
44:3D:54:BE:12:3C,ALL,udp:13254,192.168.3.1*,2,253,1,79,1,174
44:3D:54:BE:12:3C,ALL,udp:13254,192.168.3.105*,2,253,1,174,1,79
44:3D:54:BE:12:3C,ALL,udp:29813,192.168.3.1*,2,242,1,89,1,153
44:3D:54:BE:12:3C,ALL,udp:29813,192.168.3.105*,2,242,1,153,1,89
44:3D:54:BE:12:3C,ALL,udp:58486,192.168.3.1*,2,228,1,90,1,138
44:3D:54:BE:12:3C,ALL,udp:58486,192.168.3.105*,2,228,1,138,1,90
44:3D:54:BE:12:3C,ALL,udp:35182,192.168.3.1*,2,242,1,89,1,153
44:3D:54:BE:12:3C,ALL,udp:35182,192.168.3.105*,2,242,1,153,1,89
44:3D:54:BE:12:3C,ALL,udp:5062,192.168.3.1*,2,253,1,79,1,174
44:3D:54:BE:12:3C,ALL,udp:5062,192.168.3.105*,2,253,1,174,1,79
44:3D:54:BE:12:3C,ALL,udp:10100,192.168.3.1*,2,253,1,79,1,174
44:3D:54:BE:12:3C,ALL,udp:10100,192.168.3.105*,2,253,1,174,1,79
44:3D:54:BE:12:3C,ALL,udp:8630,192.168.3.1*,2,242,1,89,1,153
44:3D:54:BE:12:3C,ALL,udp:8630,192.168.3.105*,2,242,1,153,1,89
44:3D:54:BE:12:3C,ALL,udp:44731,192.168.3.1*,2,170,1,77,1,93
44:3D:54:BE:12:3C,ALL,udp:44731,192.168.3.105*,2,170,1,93,1,77
44:3D:54:BE:12:3C,ALL,udp:16340,192.168.3.1*,2,368,1,120,1,248
44:3D:54:BE:12:3C,ALL,udp:16340,192.168.3.105*,2,368,1,248,1,120
44:3D:54:BE:12:3C,ALL,udp:25930,192.168.3.1*,2,242,1,89,1,153
44:3D:54:BE:12:3C,ALL,udp:25930,192.168.3.105*,2,242,1,153,1,89
44:3D:54:BE:12:3C,ALL,udp:46056,192.168.3.1*,2,242,1,89,1,153
44:3D:54:BE:12:3C,ALL,udp:46056,192.168.3.105*,2,242,1,153,1,89
44:3D:54:BE:12:3C,ALL,udp:59032,192.168.3.1*,2,253,1,79,1,174
44:3D:54:BE:12:3C,ALL,udp:59032,192.168.3.105*,2,253,1,174,1,79
44:3D:54:BE:12:3C,ALL,udp:15555,192.168.3.1*,2,253,1,79,1,174
44:3D:54:BE:12:3C,ALL,udp:15555,192.168.3.105*,2,253,1,174,1,79
44:3D:54:BE:12:3C,ALL,udp:25418,192.168.3.1*,2,242,1,89,1,153
44:3D:54:BE:12:3C,ALL,udp:25418,192.168.3.105*,2,242,1,153,1,89
44:3D:54:BE:12:3C,ALL,udp:23198,192.168.3.1*,2,253,1,79,1,174
44:3D:54:BE:12:3C,ALL,udp:23198,192.168.3.105*,2,253,1,174,1,79
44:3D:54:BE:12:3C,ALL,udp:9002,192.168.3.1*,2,170,1,77,1,93
44:3D:54:BE:12:3C,ALL,udp:9002,192.168.3.105*,2,170,1,93,1,77
44:3D:54:BE:12:3C,ALL,udp:61572,192.168.3.1*,2,253,1,79,1,174
44:3D:54:BE:12:3C,ALL,udp:61572,192.168.3.105*,2,253,1,174,1,79
44:3D:54:BE:12:3C,ALL,udp:45546,192.168.3.1*,2,242,1,89,1,153
44:3D:54:BE:12:3C,ALL,udp:45546,192.168.3.105*,2,242,1,153,1,89
44:3D:54:BE:12:3C,ALL,udp:39306,192.168.3.1*,2,228,1,90,1,138
44:3D:54:BE:12:3C,ALL,udp:39306,192.168.3.105*,2,228,1,138,1,90
44:3D:54:BE:12:3C,ALL,udp:1272,192.168.3.1*,2,242,1,89,1,153
44:3D:54:BE:12:3C,ALL,udp:1272,192.168.3.105*,2,242,1,153,1,89
44:3D:54:BE:12:3C,ALL,udp:3775,192.168.3.1*,2,253,1,79,1,174
44:3D:54:BE:12:3C,ALL,udp:3775,192.168.3.105*,2,253,1,174,1,79
44:3D:54:BE:12:3C,ALL,udp:16298,192.168.3.1*,2,253,1,79,1,174
44:3D:54:BE:12:3C,ALL,udp:16298,192.168.3.105*,2,253,1,174,1,79
44:3D:54:BE:12:3C,ALL,udp:48570,192.168.3.1*,2,253,1,79,1,174
44:3D:54:BE:12:3C,ALL,udp:48570,192.168.3.105*,2,253,1,174,1,79
44:3D:54:BE:12:3C,ALL,udp:48526,192.168.3.1*,2,242,1,89,1,153
44:3D:54:BE:12:3C,ALL,udp:48526,192.168.3.105*,2,242,1,153,1,89
44:3D:54:BE:12:3C,ALL,udp:39012,192.168.3.1*,2,170,1,77,1,93
44:3D:54:BE:12:3C,ALL,udp:39012,192.168.3.105*,2,170,1,93,1,77
44:3D:54:BE:12:3C,ALL,udp:14605,192.168.3.1*,2,368,1,120,1,248
44:3D:54:BE:12:3C,ALL,udp:14605,192.168.3.105*,2,368,1,248,1,120
44:3D:54:BE:12:3C,ALL,udp:10909,192.168.3.1*,2,164,1,74,1,90
44:3D:54:BE:12:3C,ALL,udp:10909,192.168.3.105*,2,164,1,90,1,74
44:3D:54:BE:12:3C,ALL,udp:3089,192.168.3.1*,2,242,1,89,1,153
44:3D:54:BE:12:3C,ALL,udp:3089,192.168.3.105*,2,242,1,153,1,89
44:3D:54:BE:12:3C,ALL,udp:35627,192.168.3.1*,2,242,1,89,1,153
44:3D:54:BE:12:3C,ALL,udp:35627,192.168.3.105*,2,242,1,153,1,89
44:3D:54:BE:12:3C,ALL,udp:51875,192.168.3.1*,2,253,1,79,1,174
44:3D:54:BE:12:3C,ALL,udp:51875,192.168.3.105*,2,253,1,174,1,79
44:3D:54:BE:12:3C,ALL,udp:63992,192.168.3.1*,2,253,1,79,1,174
44:3D:54:BE:12:3C,ALL,udp:63992,192.168.3.105*,2,253,1,174,1,79
44:3D:54:BE:12:3C,ALL,udp:26674,192.168.3.1*,2,242,1,89,1,153
44:3D:54:BE:12:3C,ALL,udp:26674,192.168.3.105*,2,242,1,153,1,89
44:3D:54:BE:12:3C,ALL,udp:21578,192.168.3.1*,2,170,1,77,1,93
44:3D:54:BE:12:3C,ALL,udp:21578,192.168.3.105*,2,170,1,93,1,77
44:3D:54:BE:12:3C,ALL,udp:50755,192.168.3.1*,2,242,1,89,1,153
44:3D:54:BE:12:3C,ALL,udp:50755,192.168.3.105*,2,242,1,153,1,89
44:3D:54:BE:12:3C,ALL,udp:39773,192.168.3.1*,2,228,1,90,1,138
44:3D:54:BE:12:3C,ALL,udp:39773,192.168.3.105*,2,228,1,138,1,90
44:3D:54:BE:12:3C,ALL,udp:19577,192.168.3.1*,2,242,1,89,1,153
44:3D:54:BE:12:3C,ALL,udp:19577,192.168.3.105*,2,242,1,153,1,89
44:3D:54:BE:12:3C,ALL,udp:1711,192.168.3.1*,2,253,1,79,1,174
44:3D:54:BE:12:3C,ALL,udp:1711,192.168.3.105*,2,253,1,174,1,79
44:3D:54:BE:12:3C,ALL,udp:1069,192.168.3.1*,2,242,1,89,1,153
44:3D:54:BE:12:3C,ALL,udp:1069,192.168.3.105*,2,242,1,153,1,89
44:3D:54:BE:12:3C,ALL,udp:63748,192.168.3.1*,2,170,1,77,1,93
44:3D:54:BE:12:3C,ALL,udp:63748,192.168.3.105*,2,170,1,93,1,77
44:3D:54:BE:12:3C,ALL,udp:39556,192.168.3.1*,2,253,1,79,1,174
44:3D:54:BE:12:3C,ALL,udp:39556,192.168.3.105*,2,253,1,174,1,79
44:3D:54:BE:12:3C,ALL,udp:46734,192.168.3.1*,2,253,1,79,1,174
44:3D:54:BE:12:3C,ALL,udp:46734,192.168.3.105*,2,253,1,174,1,79
44:3D:54:BE:12:3C,ALL,udp:4164,192.168.3.1*,2,368,1,120,1,248
44:3D:54:BE:12:3C,ALL,udp:4164,192.168.3.105*,2,368,1,248,1,120
44:3D:54:BE:12:3C,ALL,udp:28475,192.168.3.1*,2,242,1,89,1,153
44:3D:54:BE:12:3C,ALL,udp:28475,192.168.3.105*,2,242,1,153,1,89
44:3D:54:BE:12:3C,ALL,udp:35377,192.168.3.1*,2,242,1,89,1,153
44:3D:54:BE:12:3C,ALL,udp:35377,192.168.3.105*,2,242,1,153,1,89
44:3D:54:BE:12:3C,ALL,udp:16744,192.168.3.1*,2,242,1,89,1,153
44:3D:54:BE:12:3C,ALL,udp:16744,192.168.3.105*,2,242,1,153,1,89
44:3D:54:BE:12:3C,ALL,udp:9674,192.168.3.1*,2,253,1,79,1,174
44:3D:54:BE:12:3C,ALL,udp:9674,192.168.3.105*,2,253,1,174,1,79
44:3D:54:BE:12:3C,ALL,udp:18482,192.168.3.1*,2,170,1,77,1,93
44:3D:54:BE:12:3C,ALL,udp:18482,192.168.3.105*,2,170,1,93,1,77
44:3D:54:BE:12:3C,ALL,udp:15889,192.168.3.1*,2,253,1,79,1,174
44:3D:54:BE:12:3C,ALL,udp:15889,192.168.3.105*,2,253,1,174,1,79
44:3D:54:BE:12:3C,ALL,udp:31533,192.168.3.1*,2,253,1,79,1,174
44:3D:54:BE:12:3C,ALL,udp:31533,192.168.3.105*,2,253,1,174,1,79
44:3D:54:BE:12:3C,ALL,udp:38964,192.168.3.1*,2,242,1,89,1,153
44:3D:54:BE:12:3C,ALL,udp:38964,192.168.3.105*,2,242,1,153,1,89
44:3D:54:BE:12:3C,ALL,udp:64922,192.168.3.1*,2,228,1,90,1,138
44:3D:54:BE:12:3C,ALL,udp:64922,192.168.3.105*,2,228,1,138,1,90
44:3D:54:BE:12:3C,ALL,udp:33265,192.168.3.1*,2,242,1,89,1,153
44:3D:54:BE:12:3C,ALL,udp:33265,192.168.3.105*,2,242,1,153,1,89
44:3D:54:BE:12:3C,ALL,udp:53838,192.168.3.1*,2,253,1,79,1,174
44:3D:54:BE:12:3C,ALL,udp:53838,192.168.3.105*,2,253,1,174,1,79
44:3D:54:BE:12:3C,ALL,udp:51331,192.168.3.1*,2,242,1,89,1,153
44:3D:54:BE:12:3C,ALL,udp:51331,192.168.3.105*,2,242,1,153,1,89
44:3D:54:BE:12:3C,ALL,udp:45433,192.168.3.1*,2,170,1,77,1,93
44:3D:54:BE:12:3C,ALL,udp:45433,192.168.3.105*,2,170,1,93,1,77
44:3D:54:BE:12:3C,ALL,udp:45322,192.168.3.1*,2,253,1,79,1,174
44:3D:54:BE:12:3C,ALL,udp:45322,192.168.3.105*,2,253,1,174,1,79
44:3D:54:BE:12:3C,ALL,udp:3757,192.168.3.1*,2,164,1,74,1,90
44:3D:54:BE:12:3C,ALL,udp:3757,192.168.3.105*,2,164,1,90,1,74
44:3D:54:BE:12:3C,ALL,udp:7969,192.168.3.1*,2,368,1,120,1,248
44:3D:54:BE:12:3C,ALL,udp:7969,192.168.3.105*,2,368,1,248,1,120
44:3D:54:BE:12:3C,ALL,udp:6971,192.168.3.1*,2,242,1,89,1,153
44:3D:54:BE:12:3C,ALL,udp:6971,192.168.3.105*,2,242,1,153,1,89
44:3D:54:BE:12:3C,ALL,udp:60716,192.168.3.1*,2,253,1,79,1,174
44:3D:54:BE:12:3C,ALL,udp:60716,192.168.3.105*,2,253,1,174,1,79
44:3D:54:BE:12:3C,ALL,udp:51891,192.168.3.1*,2,242,1,89,1,153
44:3D:54:BE:12:3C,ALL,udp:51891,192.168.3.105*,2,242,1,153,1,89
44:3D:54:BE:12:3C,ALL,udp:20829,192.168.3.1*,2,242,1,89,1,153
44:3D:54:BE:12:3C,ALL,udp:20829,192.168.3.105*,2,242,1,153,1,89
44:3D:54:BE:12:3C,ALL,udp:19220,192.168.3.1*,2,170,1,77,1,93
44:3D:54:BE:12:3C,ALL,udp:19220,192.168.3.105*,2,170,1,93,1,77
44:3D:54:BE:12:3C,ALL,udp:7701,192.168.3.1*,2,253,1,79,1,174
44:3D:54:BE:12:3C,ALL,udp:7701,192.168.3.105*,2,253,1,174,1,79
44:3D:54:BE:12:3C,ALL,udp:1337,192.168.3.1*,2,242,1,89,1,153
44:3D:54:BE:12:3C,ALL,udp:1337,192.168.3.105*,2,242,1,153,1,89
44:3D:54:BE:12:3C,ALL,udp:21839,192.168.3.1*,2,242,1,89,1,153
44:3D:54:BE:12:3C,ALL,udp:21839,192.168.3.105*,2,242,1,153,1,89
44:3D:54:BE:12:3C,ALL,udp:60315,192.168.3.1*,2,242,1,89,1,153
44:3D:54:BE:12:3C,ALL,udp:60315,192.168.3.105*,2,242,1,153,1,89
44:3D:54:BE:12:3C,ALL,udp:55159,192.168.3.1*,2,170,1,77,1,93
44:3D:54:BE:12:3C,ALL,udp:55159,192.168.3.105*,2,170,1,93,1,77
44:3D:54:BE:12:3C,ALL,udp:63065,192.168.3.1*,2,253,1,79,1,174
44:3D:54:BE:12:3C,ALL,udp:63065,192.168.3.105*,2,253,1,174,1,79
44:3D:54:BE:12:3C,ALL,udp:20500,192.168.3.1*,2,368,1,120,1,248
44:3D:54:BE:12:3C,ALL,udp:20500,192.168.3.105*,2,368,1,248,1,120
44:3D:54:BE:12:3C,ALL,udp:17008,192.168.3.1*,2,242,1,89,1,153
44:3D:54:BE:12:3C,ALL,udp:17008,192.168.3.105*,2,242,1,153,1,89
44:3D:54:BE:12:3C,ALL,udp:38260,192.168.3.1*,2,253,1,79,1,174
44:3D:54:BE:12:3C,ALL,udp:38260,192.168.3.105*,2,253,1,174,1,79
44:3D:54:BE:12:3C,ALL,udp:50570,192.168.3.1*,2,253,1,79,1,174
44:3D:54:BE:12:3C,ALL,udp:50570,192.168.3.105*,2,253,1,174,1,79
44:3D:54:BE:12:3C,ALL,udp:25899,192.168.3.1*,2,242,1,89,1,153
44:3D:54:BE:12:3C,ALL,udp:25899,192.168.3.105*,2,242,1,153,1,89
44:3D:54:BE:12:3C,ALL,udp:30557,192.168.3.1*,2,253,1,79,1,174
44:3D:54:BE:12:3C,ALL,udp:30557,192.168.3.105*,2,253,1,174,1,79
44:3D:54:BE:12:3C,ALL,udp:41722,192.168.3.1*,2,228,1,90,1,138
44:3D:54:BE:12:3C,ALL,udp:41722,192.168.3.105*,2,228,1,138,1,90
44:3D:54:BE:12:3C,ALL,udp:60612,192.168.3.1*,2,253,1,79,1,174
44:3D:54:BE:12:3C,ALL,udp:60612,192.168.3.105*,2,253,1,174,1,79
44:3D:54:BE:12:3C,ALL,udp:38822,192.168.3.1*,2,242,1,89,1,153
44:3D:54:BE:12:3C,ALL,udp:38822,192.168.3.105*,2,242,1,153,1,89
44:3D:54:BE:12:3C,ALL,udp:4000,192.168.3.1*,2,164,1,74,1,90
44:3D:54:BE:12:3C,ALL,udp:4000,192.168.3.105*,2,164,1,90,1,74
44:3D:54:BE:12:3C,ALL,udp:18589,192.168.3.1*,2,242,1,89,1,153
44:3D:54:BE:12:3C,ALL,udp:18589,192.168.3.105*,2,242,1,153,1,89
44:3D:54:BE:12:3C,ALL,udp:1053,192.168.3.1*,2,253,1,79,1,174
44:3D:54:BE:12:3C,ALL,udp:1053,192.168.3.105*,2,253,1,174,1,79
44:3D:54:BE:12:3C,ALL,udp:57347,192.168.3.1*,2,242,1,89,1,153
44:3D:54:BE:12:3C,ALL,udp:57347,192.168.3.105*,2,242,1,153,1,89
44:3D:54:BE:12:3C,ALL,udp:65275,192.168.3.1*,2,170,1,77,1,93
44:3D:54:BE:12:3C,ALL,udp:65275,192.168.3.105*,2,170,1,93,1,77
44:3D:54:BE:12:3C,ALL,udp:1500,192.168.3.1*,2,164,1,74,1,90
44:3D:54:BE:12:3C,ALL,udp:1500,192.168.3.105*,2,164,1,90,1,74
44:3D:54:BE:12:3C,ALL,udp:10778,192.168.3.1*,2,401,1,86,1,315
44:3D:54:BE:12:3C,ALL,udp:10778,192.168.3.105*,2,401,1,315,1,86
44:3D:54:BE:12:3C,ALL,udp:14736,192.168.3.1*,2,368,1,120,1,248
44:3D:54:BE:12:3C,ALL,udp:14736,192.168.3.105*,2,368,1,248,1,120
44:3D:54:BE:12:3C,ALL,udp:11922,192.168.3.1*,2,253,1,79,1,174
44:3D:54:BE:12:3C,ALL,udp:11922,192.168.3.105*,2,253,1,174,1,79
44:3D:54:BE:12:3C,ALL,udp:17594,192.168.3.1*,2,242,1,89,1,153
44:3D:54:BE:12:3C,ALL,udp:17594,192.168.3.105*,2,242,1,153,1,89
44:3D:54:BE:12:3C,ALL,udp:41537,192.168.3.1*,2,242,1,89,1,153
44:3D:54:BE:12:3C,ALL,udp:41537,192.168.3.105*,2,242,1,153,1,89
44:3D:54:BE:12:3C,ALL,udp:13181,192.168.3.1*,2,253,1,79,1,174
44:3D:54:BE:12:3C,ALL,udp:13181,192.168.3.105*,2,253,1,174,1,79
44:3D:54:BE:12:3C,ALL,udp:11383,192.168.3.1*,2,253,1,79,1,174
44:3D:54:BE:12:3C,ALL,udp:11383,192.168.3.105*,2,253,1,174,1,79
44:3D:54:BE:12:3C,ALL,udp:18736,192.168.3.1*,2,170,1,77,1,93
44:3D:54:BE:12:3C,ALL,udp:18736,192.168.3.105*,2,170,1,93,1,77
44:3D:54:BE:12:3C,ALL,udp:65166,192.168.3.1*,2,228,1,90,1,138
44:3D:54:BE:12:3C,ALL,udp:65166,192.168.3.105*,2,228,1,138,1,90
44:3D:54:BE:12:3C,ALL,udp:43099,192.168.3.1*,2,253,1,79,1,174
44:3D:54:BE:12:3C,ALL,udp:43099,192.168.3.105*,2,253,1,174,1,79
44:3D:54:BE:12:3C,ALL,udp:53304,192.168.3.1*,2,242,1,89,1,153
44:3D:54:BE:12:3C,ALL,udp:53304,192.168.3.105*,2,242,1,153,1,89
44:3D:54:BE:12:3C,ALL,udp:21448,192.168.3.1*,2,253,1,79,1,174
44:3D:54:BE:12:3C,ALL,udp:21448,192.168.3.105*,2,253,1,174,1,79
44:3D:54:BE:12:3C,ALL,udp:60821,192.168.3.1*,2,242,1,89,1,153
44:3D:54:BE:12:3C,ALL,udp:60821,192.168.3.105*,2,242,1,153,1,89
44:3D:54:BE:12:3C,ALL,udp:24425,192.168.3.1*,2,242,1,89,1,153
44:3D:54:BE:12:3C,ALL,udp:24425,192.168.3.105*,2,242,1,153,1,89
44:3D:54:BE:12:3C,ALL,udp:5131,192.168.3.1*,2,253,1,79,1,174
44:3D:54:BE:12:3C,ALL,udp:5131,192.168.3.105*,2,253,1,174,1,79
44:3D:54:BE:12:3C,ALL,udp:64401,192.168.3.1*,2,368,1,120,1,248
44:3D:54:BE:12:3C,ALL,udp:64401,192.168.3.105*,2,368,1,248,1,120
44:3D:54:BE:12:3C,ALL,udp:38497,192.168.3.1*,2,242,1,89,1,153
44:3D:54:BE:12:3C,ALL,udp:38497,192.168.3.105*,2,242,1,153,1,89
44:3D:54:BE:12:3C,ALL,udp:61704,192.168.3.1*,2,253,1,79,1,174
44:3D:54:BE:12:3C,ALL,udp:61704,192.168.3.105*,2,253,1,174,1,79
44:3D:54:BE:12:3C,ALL,udp:2713,192.168.3.1*,2,242,1,89,1,153
44:3D:54:BE:12:3C,ALL,udp:2713,192.168.3.105*,2,242,1,153,1,89
44:3D:54:BE:12:3C,ALL,udp:3717,192.168.3.1*,2,253,1,79,1,174
44:3D:54:BE:12:3C,ALL,udp:3717,192.168.3.105*,2,253,1,174,1,79
44:3D:54:BE:12:3C,ALL,udp:43797,192.168.3.1*,2,253,1,79,1,174
44:3D:54:BE:12:3C,ALL,udp:43797,192.168.3.105*,2,253,1,174,1,79
44:3D:54:BE:12:3C,ALL,udp:44271,192.168.3.1*,2,242,1,89,1,153
44:3D:54:BE:12:3C,ALL,udp:44271,192.168.3.105*,2,242,1,153,1,89
44:3D:54:BE:12:3C,ALL,udp:52294,192.168.3.1*,2,170,1,77,1,93
44:3D:54:BE:12:3C,ALL,udp:52294,192.168.3.105*,2,170,1,93,1,77
44:3D:54:BE:12:3C,ALL,udp:1586,192.168.3.1*,2,228,1,90,1,138
44:3D:54:BE:12:3C,ALL,udp:1586,192.168.3.105*,2,228,1,138,1,90
44:3D:54:BE:12:3C,ALL,udp:24470,192.168.3.1*,2,253,1,79,1,174
44:3D:54:BE:12:3C,ALL,udp:24470,192.168.3.105*,2,253,1,174,1,79
44:3D:54:BE:12:3C,ALL,udp:34647,192.168.3.1*,2,242,1,89,1,153
44:3D:54:BE:12:3C,ALL,udp:34647,192.168.3.105*,2,242,1,153,1,89
44:3D:54:BE:12:3C,ALL,udp:63799,192.168.3.1*,2,253,1,79,1,174
44:3D:54:BE:12:3C,ALL,udp:63799,192.168.3.105*,2,253,1,174,1,79
44:3D:54:BE:12:3C,ALL,udp:4759,192.168.3.1*,2,242,1,89,1,153
44:3D:54:BE:12:3C,ALL,udp:4759,192.168.3.105*,2,242,1,153,1,89
44:3D:54:BE:12:3C,ALL,udp:29414,192.168.3.1*,2,253,1,79,1,174
44:3D:54:BE:12:3C,ALL,udp:29414,192.168.3.105*,2,253,1,174,1,79
44:3D:54:BE:12:3C,ALL,udp:45699,192.168.3.1*,2,164,1,74,1,90
44:3D:54:BE:12:3C,ALL,udp:45699,192.168.3.105*,2,164,1,90,1,74
44:3D:54:BE:12:3C,ALL,udp:35711,192.168.3.1*,2,164,1,74,1,90
44:3D:54:BE:12:3C,ALL,udp:35711,192.168.3.105*,2,164,1,90,1,74
44:3D:54:BE:12:3C,ALL,udp:41549,192.168.3.1*,2,242,1,89,1,153
44:3D:54:BE:12:3C,ALL,udp:41549,192.168.3.105*,2,242,1,153,1,89
44:3D:54:BE:12:3C,ALL,udp:34765,192.168.3.1*,2,170,1,77,1,93
44:3D:54:BE:12:3C,ALL,udp:34765,192.168.3.105*,2,170,1,93,1,77
44:3D:54:BE:12:3C,ALL,udp:50415,192.168.3.1*,2,253,1,79,1,174
44:3D:54:BE:12:3C,ALL,udp:50415,192.168.3.105*,2,253,1,174,1,79
44:3D:54:BE:12:3C,ALL,udp:22905,192.168.3.1*,2,253,1,79,1,174
44:3D:54:BE:12:3C,ALL,udp:22905,192.168.3.105*,2,253,1,174,1,79
44:3D:54:BE:12:3C,ALL,udp:12885,192.168.3.1*,2,242,1,89,1,153
44:3D:54:BE:12:3C,ALL,udp:12885,192.168.3.105*,2,242,1,153,1,89
44:3D:54:BE:12:3C,ALL,udp:11401,192.168.3.1*,2,253,1,79,1,174
44:3D:54:BE:12:3C,ALL,udp:11401,192.168.3.105*,2,253,1,174,1,79
44:3D:54:BE:12:3C,ALL,udp:26294,192.168.3.1*,2,368,1,120,1,248
44:3D:54:BE:12:3C,ALL,udp:26294,192.168.3.105*,2,368,1,248,1,120
44:3D:54:BE:12:3C,ALL,udp:18838,192.168.3.1*,2,242,1,89,1,153
44:3D:54:BE:12:3C,ALL,udp:18838,192.168.3.105*,2,242,1,153,1,89
44:3D:54:BE:12:3C,ALL,udp:64705,192.168.3.1*,2,242,1,89,1,153
44:3D:54:BE:12:3C,ALL,udp:64705,192.168.3.105*,2,242,1,153,1,89
44:3D:54:BE:12:3C,ALL,udp:58863,192.168.3.1*,2,253,1,79,1,174
44:3D:54:BE:12:3C,ALL,udp:58863,192.168.3.105*,2,253,1,174,1,79
44:3D:54:BE:12:3C,ALL,udp:27297,192.168.3.1*,2,242,1,89,1,153
44:3D:54:BE:12:3C,ALL,udp:27297,192.168.3.105*,2,242,1,153,1,89
44:3D:54:BE:12:3C,ALL,udp:9739,192.168.3.1*,2,228,1,90,1,138
44:3D:54:BE:12:3C,ALL,udp:9739,192.168.3.105*,2,228,1,138,1,90
44:3D:54:BE:12:3C,ALL,udp:1714,192.168.3.1*,2,170,1,77,1,93
44:3D:54:BE:12:3C,ALL,udp:1714,192.168.3.105*,2,170,1,93,1,77
44:3D:54:BE:12:3C,ALL,udp:35543,192.168.3.1*,2,253,1,79,1,174
44:3D:54:BE:12:3C,ALL,udp:35543,192.168.3.105*,2,253,1,174,1,79
44:3D:54:BE:12:3C,ALL,udp:58833,192.168.3.1*,2,242,1,89,1,153
44:3D:54:BE:12:3C,ALL,udp:58833,192.168.3.105*,2,242,1,153,1,89
44:3D:54:BE:12:3C,ALL,udp:31945,192.168.3.1*,2,242,1,89,1,153
44:3D:54:BE:12:3C,ALL,udp:31945,192.168.3.105*,2,242,1,153,1,89
44:3D:54:BE:12:3C,ALL,udp:24121,192.168.3.1*,2,253,1,79,1,174
44:3D:54:BE:12:3C,ALL,udp:24121,192.168.3.105*,2,253,1,174,1,79
44:3D:54:BE:12:3C,ALL,udp:57744,192.168.3.1*,2,253,1,79,1,174
44:3D:54:BE:12:3C,ALL,udp:57744,192.168.3.105*,2,253,1,174,1,79
44:3D:54:BE:12:3C,ALL,udp:40643,192.168.3.1*,2,242,1,89,1,153
44:3D:54:BE:12:3C,ALL,udp:40643,192.168.3.105*,2,242,1,153,1,89
44:3D:54:BE:12:3C,ALL,udp:47559,192.168.3.1*,2,170,1,77,1,93
44:3D:54:BE:12:3C,ALL,udp:47559,192.168.3.105*,2,170,1,93,1,77
44:3D:54:BE:12:3C,ALL,udp:50161,192.168.3.1*,2,253,1,79,1,174
44:3D:54:BE:12:3C,ALL,udp:50161,192.168.3.105*,2,253,1,174,1,79
44:3D:54:BE:12:3C,ALL,udp:12999,192.168.3.1*,2,253,1,79,1,174
44:3D:54:BE:12:3C,ALL,udp:12999,192.168.3.105*,2,253,1,174,1,79
44:3D:54:BE:12:3C,ALL,udp:3209,192.168.3.1*,2,368,1,120,1,248
44:3D:54:BE:12:3C,ALL,udp:3209,192.168.3.105*,2,368,1,248,1,120
44:3D:54:BE:12:3C,ALL,udp:16985,192.168.3.1*,2,242,1,89,1,153
44:3D:54:BE:12:3C,ALL,udp:16985,192.168.3.105*,2,242,1,153,1,89
44:3D:54:BE:12:3C,ALL,udp:1695,192.168.3.1*,2,253,1,79,1,174
44:3D:54:BE:12:3C,ALL,udp:1695,192.168.3.105*,2,253,1,174,1,79
44:3D:54:BE:12:3C,ALL,udp:27900,192.168.3.1*,2,242,1,89,1,153
44:3D:54:BE:12:3C,ALL,udp:27900,192.168.3.105*,2,242,1,153,1,89
44:3D:54:BE:12:3C,ALL,udp:52123,192.168.3.1*,2,228,1,90,1,138
44:3D:54:BE:12:3C,ALL,udp:52123,192.168.3.105*,2,228,1,138,1,90
44:3D:54:BE:12:3C,ALL,udp:41551,192.168.3.1*,2,242,1,89,1,153
44:3D:54:BE:12:3C,ALL,udp:41551,192.168.3.105*,2,242,1,153,1,89
44:3D:54:BE:12:3C,ALL,udp:52712,192.168.3.1*,2,253,1,79,1,174
44:3D:54:BE:12:3C,ALL,udp:52712,192.168.3.105*,2,253,1,174,1,79
44:3D:54:BE:12:3C,ALL,udp:50702,192.168.3.1*,2,170,1,77,1,93
44:3D:54:BE:12:3C,ALL,udp:50702,192.168.3.105*,2,170,1,93,1,77
44:3D:54:BE:12:3C,ALL,udp:17428,192.168.3.1*,2,253,1,79,1,174
44:3D:54:BE:12:3C,ALL,udp:17428,192.168.3.105*,2,253,1,174,1,79
44:3D:54:BE:12:3C,ALL,udp:5505,192.168.3.1*,2,253,1,79,1,174
44:3D:54:BE:12:3C,ALL,udp:5505,192.168.3.105*,2,253,1,174,1,79
44:3D:54:BE:12:3C,ALL,udp:4647,192.168.3.1*,2,242,1,89,1,153
44:3D:54:BE:12:3C,ALL,udp:4647,192.168.3.105*,2,242,1,153,1,89
44:3D:54:BE:12:3C,ALL,udp:49527,192.168.3.1*,2,253,1,79,1,174
44:3D:54:BE:12:3C,ALL,udp:49527,192.168.3.105*,2,253,1,174,1,79
44:3D:54:BE:12:3C,ALL,udp:21481,192.168.3.1*,2,242,1,89,1,153
44:3D:54:BE:12:3C,ALL,udp:21481,192.168.3.105*,2,242,1,153,1,89
44:3D:54:BE:12:3C,ALL,udp:2050,192.168.3.1*,2,253,1,79,1,174
44:3D:54:BE:12:3C,ALL,udp:2050,192.168.3.105*,2,253,1,174,1,79
44:3D:54:BE:12:3C,ALL,udp:41503,192.168.3.1*,2,253,1,79,1,174
44:3D:54:BE:12:3C,ALL,udp:41503,192.168.3.105*,2,253,1,174,1,79
44:3D:54:BE:12:3C,ALL,udp:39366,192.168.3.1*,2,242,1,89,1,153
44:3D:54:BE:12:3C,ALL,udp:39366,192.168.3.105*,2,242,1,153,1,89
44:3D:54:BE:12:3C,ALL,udp:54599,192.168.3.1*,2,170,1,77,1,93
44:3D:54:BE:12:3C,ALL,udp:54599,192.168.3.105*,2,170,1,93,1,77
44:3D:54:BE:12:3C,ALL,udp:22928,192.168.3.1*,2,368,1,120,1,248
44:3D:54:BE:12:3C,ALL,udp:22928,192.168.3.105*,2,368,1,248,1,120
44:3D:54:BE:12:3C,ALL,udp:28161,192.168.3.1*,2,242,1,89,1,153
44:3D:54:BE:12:3C,ALL,udp:28161,192.168.3.105*,2,242,1,153,1,89
44:3D:54:BE:12:3C,ALL,udp:19410,192.168.3.1*,2,253,1,79,1,174
44:3D:54:BE:12:3C,ALL,udp:19410,192.168.3.105*,2,253,1,174,1,79
44:3D:54:BE:12:3C,ALL,udp:49785,192.168.3.1*,2,242,1,89,1,153
44:3D:54:BE:12:3C,ALL,udp:49785,192.168.3.105*,2,242,1,153,1,89
44:3D:54:BE:12:3C,ALL,udp:5577,192.168.3.1*,2,228,1,90,1,138
44:3D:54:BE:12:3C,ALL,udp:5577,192.168.3.105*,2,228,1,138,1,90
44:3D:54:BE:12:3C,ALL,udp:28209,192.168.3.1*,2,253,1,79,1,174
44:3D:54:BE:12:3C,ALL,udp:28209,192.168.3.105*,2,253,1,174,1,79
44:3D:54:BE:12:3C,ALL,udp:16563,192.168.3.1*,2,242,1,89,1,153
44:3D:54:BE:12:3C,ALL,udp:16563,192.168.3.105*,2,242,1,153,1,89
44:3D:54:BE:12:3C,ALL,udp:17472,192.168.3.1*,2,170,1,77,1,93
44:3D:54:BE:12:3C,ALL,udp:17472,192.168.3.105*,2,170,1,93,1,77
44:3D:54:BE:12:3C,ALL,udp:51630,192.168.3.1*,2,253,1,79,1,174
44:3D:54:BE:12:3C,ALL,udp:51630,192.168.3.105*,2,253,1,174,1,79
44:3D:54:BE:12:3C,ALL,udp:27658,192.168.3.1*,2,242,1,89,1,153
44:3D:54:BE:12:3C,ALL,udp:27658,192.168.3.105*,2,242,1,153,1,89
44:3D:54:BE:12:3C,ALL,udp:61535,192.168.3.1*,2,253,1,79,1,174
44:3D:54:BE:12:3C,ALL,udp:61535,192.168.3.105*,2,253,1,174,1,79
44:3D:54:BE:12:3C,ALL,udp:57424,192.168.3.1*,2,242,1,89,1,153
44:3D:54:BE:12:3C,ALL,udp:57424,192.168.3.105*,2,242,1,153,1,89
44:3D:54:BE:12:3C,ALL,udp:31298,192.168.3.1*,2,253,1,79,1,174
44:3D:54:BE:12:3C,ALL,udp:31298,192.168.3.105*,2,253,1,174,1,79
44:3D:54:BE:12:3C,ALL,udp:11033,192.168.3.1*,2,242,1,89,1,153
44:3D:54:BE:12:3C,ALL,udp:11033,192.168.3.105*,2,242,1,153,1,89
44:3D:54:BE:12:3C,ALL,udp:41783,192.168.3.1*,2,170,1,77,1,93
44:3D:54:BE:12:3C,ALL,udp:41783,192.168.3.105*,2,170,1,93,1,77
44:3D:54:BE:12:3C,ALL,udp:58990,192.168.3.1*,2,253,1,79,1,174
44:3D:54:BE:12:3C,ALL,udp:58990,192.168.3.105*,2,253,1,174,1,79
44:3D:54:BE:12:3C,ALL,udp:27853,192.168.3.1*,2,368,1,120,1,248
44:3D:54:BE:12:3C,ALL,udp:27853,192.168.3.105*,2,368,1,248,1,120
44:3D:54:BE:12:3C,ALL,udp:18769,192.168.3.1*,2,253,1,79,1,174
44:3D:54:BE:12:3C,ALL,udp:18769,192.168.3.105*,2,253,1,174,1,79
44:3D:54:BE:12:3C,ALL,udp:23989,192.168.3.1*,2,242,1,89,1,153
44:3D:54:BE:12:3C,ALL,udp:23989,192.168.3.105*,2,242,1,153,1,89
44:3D:54:BE:12:3C,ALL,udp:39489,192.168.3.1*,2,242,1,89,1,153
44:3D:54:BE:12:3C,ALL,udp:39489,192.168.3.105*,2,242,1,153,1,89
44:3D:54:BE:12:3C,ALL,udp:38313,192.168.3.1*,2,253,1,79,1,174
44:3D:54:BE:12:3C,ALL,udp:38313,192.168.3.105*,2,253,1,174,1,79
44:3D:54:BE:12:3C,ALL,udp:51646,192.168.3.1*,2,253,1,79,1,174
44:3D:54:BE:12:3C,ALL,udp:51646,192.168.3.105*,2,253,1,174,1,79
44:3D:54:BE:12:3C,ALL,udp:62828,192.168.3.1*,2,228,1,90,1,138
44:3D:54:BE:12:3C,ALL,udp:62828,192.168.3.105*,2,228,1,138,1,90
44:3D:54:BE:12:3C,ALL,udp:4085,192.168.3.1*,2,242,1,89,1,153
44:3D:54:BE:12:3C,ALL,udp:4085,192.168.3.105*,2,242,1,153,1,89
44:3D:54:BE:12:3C,ALL,udp:8692,192.168.3.1*,2,253,1,79,1,174
44:3D:54:BE:12:3C,ALL,udp:8692,192.168.3.105*,2,253,1,174,1,79
44:3D:54:BE:12:3C,ALL,udp:6264,192.168.3.1*,2,170,1,77,1,93
44:3D:54:BE:12:3C,ALL,udp:6264,192.168.3.105*,2,170,1,93,1,77
44:3D:54:BE:12:3C,ALL,udp:51483,192.168.3.1*,2,242,1,89,1,153
44:3D:54:BE:12:3C,ALL,udp:51483,192.168.3.105*,2,242,1,153,1,89
44:3D:54:BE:12:3C,ALL,udp:65377,192.168.3.1*,2,253,1,79,1,174
44:3D:54:BE:12:3C,ALL,udp:65377,192.168.3.105*,2,253,1,174,1,79
44:3D:54:BE:12:3C,ALL,udp:32778,192.168.3.1*,2,242,1,89,1,153
44:3D:54:BE:12:3C,ALL,udp:32778,192.168.3.105*,2,242,1,153,1,89
44:3D:54:BE:12:3C,ALL,udp:16410,192.168.3.1*,2,164,1,74,1,90
44:3D:54:BE:12:3C,ALL,udp:16410,192.168.3.105*,2,164,1,90,1,74
44:3D:54:BE:12:3C,ALL,udp:59067,192.168.3.1*,2,253,1,79,1,174
44:3D:54:BE:12:3C,ALL,udp:59067,192.168.3.105*,2,253,1,174,1,79
44:3D:54:BE:12:3C,ALL,udp:64121,192.168.3.1*,2,242,1,89,1,153
44:3D:54:BE:12:3C,ALL,udp:64121,192.168.3.105*,2,242,1,153,1,89
44:3D:54:BE:12:3C,ALL,udp:34813,192.168.3.1*,2,170,1,77,1,93
44:3D:54:BE:12:3C,ALL,udp:34813,192.168.3.105*,2,170,1,93,1,77
44:3D:54:BE:12:3C,ALL,udp:45980,192.168.3.1*,2,253,1,79,1,174
44:3D:54:BE:12:3C,ALL,udp:45980,192.168.3.105*,2,253,1,174,1,79
44:3D:54:BE:12:3C,ALL,udp:27862,192.168.3.1*,2,253,1,79,1,174
44:3D:54:BE:12:3C,ALL,udp:27862,192.168.3.105*,2,253,1,174,1,79
44:3D:54:BE:12:3C,ALL,udp:10154,192.168.3.1*,2,253,1,79,1,174
44:3D:54:BE:12:3C,ALL,udp:10154,192.168.3.105*,2,253,1,174,1,79
44:3D:54:BE:12:3C,ALL,udp:6363,192.168.3.1*,2,368,1,120,1,248
44:3D:54:BE:12:3C,ALL,udp:6363,192.168.3.105*,2,368,1,248,1,120
44:3D:54:BE:12:3C,ALL,udp:57024,192.168.3.1*,2,242,1,89,1,153
44:3D:54:BE:12:3C,ALL,udp:57024,192.168.3.105*,2,242,1,153,1,89
44:3D:54:BE:12:3C,ALL,udp:13299,192.168.3.1*,2,242,1,89,1,153
44:3D:54:BE:12:3C,ALL,udp:13299,192.168.3.105*,2,242,1,153,1,89
44:3D:54:BE:12:3C,ALL,udp:13569,192.168.3.1*,2,228,1,90,1,138
44:3D:54:BE:12:3C,ALL,udp:13569,192.168.3.105*,2,228,1,138,1,90
44:3D:54:BE:12:3C,ALL,udp:14170,192.168.3.1*,2,253,1,79,1,174
44:3D:54:BE:12:3C,ALL,udp:14170,192.168.3.105*,2,253,1,174,1,79
44:3D:54:BE:12:3C,ALL,udp:45326,192.168.3.1*,2,242,1,89,1,153
44:3D:54:BE:12:3C,ALL,udp:45326,192.168.3.105*,2,242,1,153,1,89
44:3D:54:BE:12:3C,ALL,udp:62723,192.168.3.1*,2,170,1,77,1,93
44:3D:54:BE:12:3C,ALL,udp:62723,192.168.3.105*,2,170,1,93,1,77
44:3D:54:BE:12:3C,ALL,udp:38919,192.168.3.1*,2,253,1,79,1,174
44:3D:54:BE:12:3C,ALL,udp:38919,192.168.3.105*,2,253,1,174,1,79
44:3D:54:BE:12:3C,ALL,udp:2152,192.168.3.1*,2,253,1,79,1,174
44:3D:54:BE:12:3C,ALL,udp:2152,192.168.3.105*,2,253,1,174,1,79
44:3D:54:BE:12:3C,ALL,udp:4272,192.168.3.1*,2,242,1,89,1,153
44:3D:54:BE:12:3C,ALL,udp:4272,192.168.3.105*,2,242,1,153,1,89
44:3D:54:BE:12:3C,ALL,udp:43978,192.168.3.1*,2,242,1,89,1,153
44:3D:54:BE:12:3C,ALL,udp:43978,192.168.3.105*,2,242,1,153,1,89
44:3D:54:BE:12:3C,ALL,udp:33859,192.168.3.1*,2,253,1,79,1,174
44:3D:54:BE:12:3C,ALL,udp:33859,192.168.3.105*,2,253,1,174,1,79
44:3D:54:BE:12:3C,ALL,udp:34608,192.168.3.1*,2,253,1,79,1,174
44:3D:54:BE:12:3C,ALL,udp:34608,192.168.3.105*,2,253,1,174,1,79
44:3D:54:BE:12:3C,ALL,udp:3570,192.168.3.1*,2,253,1,79,1,174
44:3D:54:BE:12:3C,ALL,udp:3570,192.168.3.105*,2,253,1,174,1,79
44:3D:54:BE:12:3C,ALL,udp:15809,192.168.3.1*,2,253,1,79,1,174
44:3D:54:BE:12:3C,ALL,udp:15809,192.168.3.105*,2,253,1,174,1,79
44:3D:54:BE:12:3C,ALL,udp:11212,192.168.3.1*,2,242,1,89,1,153
44:3D:54:BE:12:3C,ALL,udp:11212,192.168.3.105*,2,242,1,153,1,89
44:3D:54:BE:12:3C,ALL,udp:28294,192.168.3.1*,2,170,1,77,1,93
44:3D:54:BE:12:3C,ALL,udp:28294,192.168.3.105*,2,170,1,93,1,77
44:3D:54:BE:12:3C,ALL,udp:55777,192.168.3.1*,2,242,1,89,1,153
44:3D:54:BE:12:3C,ALL,udp:55777,192.168.3.105*,2,242,1,153,1,89
44:3D:54:BE:12:3C,ALL,udp:49127,192.168.3.1*,2,368,1,120,1,248
44:3D:54:BE:12:3C,ALL,udp:49127,192.168.3.105*,2,368,1,248,1,120
44:3D:54:BE:12:3C,ALL,udp:10636,192.168.3.1*,2,242,1,89,1,153
44:3D:54:BE:12:3C,ALL,udp:10636,192.168.3.105*,2,242,1,153,1,89
44:3D:54:BE:12:3C,ALL,udp:51346,192.168.3.1*,2,228,1,90,1,138
44:3D:54:BE:12:3C,ALL,udp:51346,192.168.3.105*,2,228,1,138,1,90
44:3D:54:BE:12:3C,ALL,udp:38675,192.168.3.1*,2,253,1,79,1,174
44:3D:54:BE:12:3C,ALL,udp:38675,192.168.3.105*,2,253,1,174,1,79
44:3D:54:BE:12:3C,ALL,udp:17842,192.168.3.1*,2,242,1,89,1,153
44:3D:54:BE:12:3C,ALL,udp:17842,192.168.3.105*,2,242,1,153,1,89
44:3D:54:BE:12:3C,ALL,udp:26217,192.168.3.1*,2,170,1,77,1,93
44:3D:54:BE:12:3C,ALL,udp:26217,192.168.3.105*,2,170,1,93,1,77
44:3D:54:BE:12:3C,ALL,udp:62902,192.168.3.1*,2,242,1,89,1,153
44:3D:54:BE:12:3C,ALL,udp:62902,192.168.3.105*,2,242,1,153,1,89
44:3D:54:BE:12:3C,ALL,udp:46801,192.168.3.1*,2,253,1,79,1,174
44:3D:54:BE:12:3C,ALL,udp:46801,192.168.3.105*,2,253,1,174,1,79
44:3D:54:BE:12:3C,ALL,udp:32780,192.168.3.1*,2,164,1,74,1,90
44:3D:54:BE:12:3C,ALL,udp:32780,192.168.3.105*,2,164,1,90,1,74
44:3D:54:BE:12:3C,ALL,udp:5677,192.168.3.1*,2,242,1,89,1,153
44:3D:54:BE:12:3C,ALL,udp:5677,192.168.3.105*,2,242,1,153,1,89
44:3D:54:BE:12:3C,ALL,udp:52469,192.168.3.1*,2,253,1,79,1,174
44:3D:54:BE:12:3C,ALL,udp:52469,192.168.3.105*,2,253,1,174,1,79
44:3D:54:BE:12:3C,ALL,udp:39692,192.168.3.1*,2,170,1,77,1,93
44:3D:54:BE:12:3C,ALL,udp:39692,192.168.3.105*,2,170,1,93,1,77
44:3D:54:BE:12:3C,ALL,udp:8943,192.168.3.1*,2,253,1,79,1,174
44:3D:54:BE:12:3C,ALL,udp:8943,192.168.3.105*,2,253,1,174,1,79
44:3D:54:BE:12:3C,ALL,udp:13033,192.168.3.1*,2,368,1,120,1,248
44:3D:54:BE:12:3C,ALL,udp:13033,192.168.3.105*,2,368,1,248,1,120
44:3D:54:BE:12:3C,ALL,udp:8689,192.168.3.1*,2,242,1,89,1,153
44:3D:54:BE:12:3C,ALL,udp:8689,192.168.3.105*,2,242,1,153,1,89
44:3D:54:BE:12:3C,ALL,udp:7747,192.168.3.1*,2,164,1,74,1,90
44:3D:54:BE:12:3C,ALL,udp:7747,192.168.3.105*,2,164,1,90,1,74
44:3D:54:BE:12:3C,ALL,udp:54990,192.168.3.1*,2,253,1,79,1,174
44:3D:54:BE:12:3C,ALL,udp:54990,192.168.3.105*,2,253,1,174,1,79
44:3D:54:BE:12:3C,ALL,udp:48538,192.168.3.1*,2,228,1,90,1,138
44:3D:54:BE:12:3C,ALL,udp:48538,192.168.3.105*,2,228,1,138,1,90
44:3D:54:BE:12:3C,ALL,udp:39710,192.168.3.1*,2,242,1,89,1,153
44:3D:54:BE:12:3C,ALL,udp:39710,192.168.3.105*,2,242,1,153,1,89
44:3D:54:BE:12:3C,ALL,udp:15344,192.168.3.1*,2,253,1,79,1,174
44:3D:54:BE:12:3C,ALL,udp:15344,192.168.3.105*,2,253,1,174,1,79
44:3D:54:BE:12:3C,ALL,udp:15012,192.168.3.1*,2,242,1,89,1,153
44:3D:54:BE:12:3C,ALL,udp:15012,192.168.3.105*,2,242,1,153,1,89
44:3D:54:BE:12:3C,ALL,udp:10321,192.168.3.1*,2,253,1,79,1,174
44:3D:54:BE:12:3C,ALL,udp:10321,192.168.3.105*,2,253,1,174,1,79
44:3D:54:BE:12:3C,ALL,udp:34126,192.168.3.1*,2,170,1,77,1,93
44:3D:54:BE:12:3C,ALL,udp:34126,192.168.3.105*,2,170,1,93,1,77
44:3D:54:BE:12:3C,ALL,udp:52660,192.168.3.1*,2,253,1,79,1,174
44:3D:54:BE:12:3C,ALL,udp:52660,192.168.3.105*,2,253,1,174,1,79
44:3D:54:BE:12:3C,ALL,udp:41228,192.168.3.1*,2,253,1,79,1,174
44:3D:54:BE:12:3C,ALL,udp:41228,192.168.3.105*,2,253,1,174,1,79
44:3D:54:BE:12:3C,ALL,udp:10180,192.168.3.1*,2,242,1,89,1,153
44:3D:54:BE:12:3C,ALL,udp:10180,192.168.3.105*,2,242,1,153,1,89
44:3D:54:BE:12:3C,ALL,udp:61926,192.168.3.1*,2,242,1,89,1,153
44:3D:54:BE:12:3C,ALL,udp:61926,192.168.3.105*,2,242,1,153,1,89
44:3D:54:BE:12:3C,ALL,udp:51581,192.168.3.1*,2,253,1,79,1,174
44:3D:54:BE:12:3C,ALL,udp:51581,192.168.3.105*,2,253,1,174,1,79
44:3D:54:BE:12:3C,ALL,udp:16007,192.168.3.1*,2,242,1,89,1,153
44:3D:54:BE:12:3C,ALL,udp:16007,192.168.3.105*,2,242,1,153,1,89
44:3D:54:BE:12:3C,ALL,udp:4575,192.168.3.1*,2,170,1,77,1,93
44:3D:54:BE:12:3C,ALL,udp:4575,192.168.3.105*,2,170,1,93,1,77
44:3D:54:BE:12:3C,ALL,udp:2833,192.168.3.1*,2,253,1,79,1,174
44:3D:54:BE:12:3C,ALL,udp:2833,192.168.3.105*,2,253,1,174,1,79
44:3D:54:BE:12:3C,ALL,udp:40363,192.168.3.1*,2,368,1,120,1,248
44:3D:54:BE:12:3C,ALL,udp:40363,192.168.3.105*,2,368,1,248,1,120
44:3D:54:BE:12:3C,ALL,udp:53990,192.168.3.1*,2,253,1,79,1,174
44:3D:54:BE:12:3C,ALL,udp:53990,192.168.3.105*,2,253,1,174,1,79
44:3D:54:BE:12:3C,ALL,udp:41529,192.168.3.1*,2,242,1,89,1,153
44:3D:54:BE:12:3C,ALL,udp:41529,192.168.3.105*,2,242,1,153,1,89
44:3D:54:BE:12:3C,ALL,udp:26053,192.168.3.1*,2,228,1,90,1,138
44:3D:54:BE:12:3C,ALL,udp:26053,192.168.3.105*,2,228,1,138,1,90
44:3D:54:BE:12:3C,ALL,udp:20914,192.168.3.1*,2,253,1,79,1,174
44:3D:54:BE:12:3C,ALL,udp:20914,192.168.3.105*,2,253,1,174,1,79
44:3D:54:BE:12:3C,ALL,udp:28539,192.168.3.1*,2,242,1,89,1,153
44:3D:54:BE:12:3C,ALL,udp:28539,192.168.3.105*,2,242,1,153,1,89
44:3D:54:BE:12:3C,ALL,udp:42937,192.168.3.1*,2,253,1,79,1,174
44:3D:54:BE:12:3C,ALL,udp:42937,192.168.3.105*,2,253,1,174,1,79
44:3D:54:BE:12:3C,ALL,udp:47135,192.168.3.1*,2,242,1,89,1,153
44:3D:54:BE:12:3C,ALL,udp:47135,192.168.3.105*,2,242,1,153,1,89
44:3D:54:BE:12:3C,ALL,udp:50310,192.168.3.1*,2,170,1,77,1,93
44:3D:54:BE:12:3C,ALL,udp:50310,192.168.3.105*,2,170,1,93,1,77
44:3D:54:BE:12:3C,ALL,udp:15995,192.168.3.1*,2,242,1,89,1,153
44:3D:54:BE:12:3C,ALL,udp:15995,192.168.3.105*,2,242,1,153,1,89
44:3D:54:BE:12:3C,ALL,udp:6262,192.168.3.1*,2,164,1,74,1,90
44:3D:54:BE:12:3C,ALL,udp:6262,192.168.3.105*,2,164,1,90,1,74
44:3D:54:BE:12:3C,ALL,udp:45294,192.168.3.1*,2,242,1,89,1,153
44:3D:54:BE:12:3C,ALL,udp:45294,192.168.3.105*,2,242,1,153,1,89
44:3D:54:BE:12:3C,ALL,udp:52284,192.168.3.1*,2,253,1,79,1,174
44:3D:54:BE:12:3C,ALL,udp:52284,192.168.3.105*,2,253,1,174,1,79
44:3D:54:BE:12:3C,ALL,udp:58816,192.168.3.1*,2,253,1,79,1,174
44:3D:54:BE:12:3C,ALL,udp:58816,192.168.3.105*,2,253,1,174,1,79
44:3D:54:BE:12:3C,ALL,udp:1616,192.168.3.1*,2,242,1,89,1,153
44:3D:54:BE:12:3C,ALL,udp:1616,192.168.3.105*,2,242,1,153,1,89
44:3D:54:BE:12:3C,ALL,udp:25435,192.168.3.1*,2,253,1,79,1,174
44:3D:54:BE:12:3C,ALL,udp:25435,192.168.3.105*,2,253,1,174,1,79
44:3D:54:BE:12:3C,ALL,udp:29472,192.168.3.1*,2,170,1,77,1,93
44:3D:54:BE:12:3C,ALL,udp:29472,192.168.3.105*,2,170,1,93,1,77
44:3D:54:BE:12:3C,ALL,udp:37804,192.168.3.1*,2,368,1,120,1,248
44:3D:54:BE:12:3C,ALL,udp:37804,192.168.3.105*,2,368,1,248,1,120
44:3D:54:BE:12:3C,ALL,udp:35449,192.168.3.1*,2,253,1,79,1,174
44:3D:54:BE:12:3C,ALL,udp:35449,192.168.3.105*,2,253,1,174,1,79
44:3D:54:BE:12:3C,ALL,udp:42370,192.168.3.1*,2,242,1,89,1,153
44:3D:54:BE:12:3C,ALL,udp:42370,192.168.3.105*,2,242,1,153,1,89
44:3D:54:BE:12:3C,ALL,udp:39634,192.168.3.1*,2,253,1,79,1,174
44:3D:54:BE:12:3C,ALL,udp:39634,192.168.3.105*,2,253,1,174,1,79
44:3D:54:BE:12:3C,ALL,udp:2117,192.168.3.1*,2,228,1,90,1,138
44:3D:54:BE:12:3C,ALL,udp:2117,192.168.3.105*,2,228,1,138,1,90
44:3D:54:BE:12:3C,ALL,udp:18626,192.168.3.1*,2,242,1,89,1,153
44:3D:54:BE:12:3C,ALL,udp:18626,192.168.3.105*,2,242,1,153,1,89
44:3D:54:BE:12:3C,ALL,udp:46121,192.168.3.1*,2,253,1,79,1,174
44:3D:54:BE:12:3C,ALL,udp:46121,192.168.3.105*,2,253,1,174,1,79
44:3D:54:BE:12:3C,ALL,udp:28486,192.168.3.1*,2,242,1,89,1,153
44:3D:54:BE:12:3C,ALL,udp:28486,192.168.3.105*,2,242,1,153,1,89
44:3D:54:BE:12:3C,ALL,udp:10946,192.168.3.1*,2,170,1,77,1,93
44:3D:54:BE:12:3C,ALL,udp:10946,192.168.3.105*,2,170,1,93,1,77
44:3D:54:BE:12:3C,ALL,udp:23306,192.168.3.1*,2,253,1,79,1,174
44:3D:54:BE:12:3C,ALL,udp:23306,192.168.3.105*,2,253,1,174,1,79
44:3D:54:BE:12:3C,ALL,udp:57356,192.168.3.1*,2,253,1,79,1,174
44:3D:54:BE:12:3C,ALL,udp:57356,192.168.3.105*,2,253,1,174,1,79
44:3D:54:BE:12:3C,ALL,udp:46087,192.168.3.1*,2,242,1,89,1,153
44:3D:54:BE:12:3C,ALL,udp:46087,192.168.3.105*,2,242,1,153,1,89
44:3D:54:BE:12:3C,ALL,udp:2235,192.168.3.1*,2,253,1,79,1,174
44:3D:54:BE:12:3C,ALL,udp:2235,192.168.3.105*,2,253,1,174,1,79
44:3D:54:BE:12:3C,ALL,udp:33075,192.168.3.1*,2,253,1,79,1,174
44:3D:54:BE:12:3C,ALL,udp:33075,192.168.3.105*,2,253,1,174,1,79
44:3D:54:BE:12:3C,ALL,udp:5042,192.168.3.1*,2,242,1,89,1,153
44:3D:54:BE:12:3C,ALL,udp:5042,192.168.3.105*,2,242,1,153,1,89
44:3D:54:BE:12:3C,ALL,udp:62194,192.168.3.1*,2,253,1,79,1,174
44:3D:54:BE:12:3C,ALL,udp:62194,192.168.3.105*,2,253,1,174,1,79
44:3D:54:BE:12:3C,ALL,udp:53034,192.168.3.1*,2,253,1,79,1,174
44:3D:54:BE:12:3C,ALL,udp:53034,192.168.3.105*,2,253,1,174,1,79
44:3D:54:BE:12:3C,ALL,udp:37306,192.168.3.1*,2,242,1,89,1,153
44:3D:54:BE:12:3C,ALL,udp:37306,192.168.3.105*,2,242,1,153,1,89
44:3D:54:BE:12:3C,ALL,udp:24753,192.168.3.1*,2,170,1,77,1,93
44:3D:54:BE:12:3C,ALL,udp:24753,192.168.3.105*,2,170,1,93,1,77
44:3D:54:BE:12:3C,ALL,udp:45956,192.168.3.1*,2,368,1,120,1,248
44:3D:54:BE:12:3C,ALL,udp:45956,192.168.3.105*,2,368,1,248,1,120
44:3D:54:BE:12:3C,ALL,udp:61456,192.168.3.1*,2,242,1,89,1,153
44:3D:54:BE:12:3C,ALL,udp:61456,192.168.3.105*,2,242,1,153,1,89
44:3D:54:BE:12:3C,ALL,udp:12079,192.168.3.1*,2,242,1,89,1,153
44:3D:54:BE:12:3C,ALL,udp:12079,192.168.3.105*,2,242,1,153,1,89
44:3D:54:BE:12:3C,ALL,udp:32605,192.168.3.1*,2,253,1,79,1,174
44:3D:54:BE:12:3C,ALL,udp:32605,192.168.3.105*,2,253,1,174,1,79
44:3D:54:BE:12:3C,ALL,udp:2638,192.168.3.1*,2,253,1,79,1,174
44:3D:54:BE:12:3C,ALL,udp:2638,192.168.3.105*,2,253,1,174,1,79
44:3D:54:BE:12:3C,ALL,udp:40237,192.168.3.1*,2,242,1,89,1,153
44:3D:54:BE:12:3C,ALL,udp:40237,192.168.3.105*,2,242,1,153,1,89
44:3D:54:BE:12:3C,ALL,udp:43323,192.168.3.1*,2,170,1,77,1,93
44:3D:54:BE:12:3C,ALL,udp:43323,192.168.3.105*,2,170,1,93,1,77
44:3D:54:BE:12:3C,ALL,udp:20963,192.168.3.1*,2,242,1,89,1,153
44:3D:54:BE:12:3C,ALL,udp:20963,192.168.3.105*,2,242,1,153,1,89
44:3D:54:BE:12:3C,ALL,udp:30302,192.168.3.1*,2,164,1,74,1,90
44:3D:54:BE:12:3C,ALL,udp:30302,192.168.3.105*,2,164,1,90,1,74
44:3D:54:BE:12:3C,ALL,udp:63975,192.168.3.1*,2,253,1,79,1,174
44:3D:54:BE:12:3C,ALL,udp:63975,192.168.3.105*,2,253,1,174,1,79
44:3D:54:BE:12:3C,ALL,udp:59967,192.168.3.1*,2,242,1,89,1,153
44:3D:54:BE:12:3C,ALL,udp:59967,192.168.3.105*,2,242,1,153,1,89
44:3D:54:BE:12:3C,ALL,udp:63345,192.168.3.1*,2,253,1,79,1,174
44:3D:54:BE:12:3C,ALL,udp:63345,192.168.3.105*,2,253,1,174,1,79
44:3D:54:BE:12:3C,ALL,udp:45096,192.168.3.1*,2,401,1,86,1,315
44:3D:54:BE:12:3C,ALL,udp:45096,192.168.3.105*,2,401,1,315,1,86
44:3D:54:BE:12:3C,ALL,udp:14326,192.168.3.1*,2,242,1,89,1,153
44:3D:54:BE:12:3C,ALL,udp:14326,192.168.3.105*,2,242,1,153,1,89
44:3D:54:BE:12:3C,ALL,udp:59224,192.168.3.1*,2,368,1,120,1,248
44:3D:54:BE:12:3C,ALL,udp:59224,192.168.3.105*,2,368,1,248,1,120
44:3D:54:BE:12:3C,ALL,udp:60845,192.168.3.1*,2,253,1,79,1,174
44:3D:54:BE:12:3C,ALL,udp:60845,192.168.3.105*,2,253,1,174,1,79
44:3D:54:BE:12:3C,ALL,udp:52316,192.168.3.1*,2,242,1,89,1,153
44:3D:54:BE:12:3C,ALL,udp:52316,192.168.3.105*,2,242,1,153,1,89
44:3D:54:BE:12:3C,ALL,udp:50911,192.168.3.1*,2,228,1,90,1,138
44:3D:54:BE:12:3C,ALL,udp:50911,192.168.3.105*,2,228,1,138,1,90
44:3D:54:BE:12:3C,ALL,udp:58802,192.168.3.1*,2,253,1,79,1,174
44:3D:54:BE:12:3C,ALL,udp:58802,192.168.3.105*,2,253,1,174,1,79
44:3D:54:BE:12:3C,ALL,udp:18569,192.168.3.1*,2,253,1,79,1,174
44:3D:54:BE:12:3C,ALL,udp:18569,192.168.3.105*,2,253,1,174,1,79
44:3D:54:BE:12:3C,ALL,udp:14055,192.168.3.1*,2,253,1,79,1,174
44:3D:54:BE:12:3C,ALL,udp:14055,192.168.3.105*,2,253,1,174,1,79
44:3D:54:BE:12:3C,ALL,udp:18230,192.168.3.1*,2,242,1,89,1,153
44:3D:54:BE:12:3C,ALL,udp:18230,192.168.3.105*,2,242,1,153,1,89
44:3D:54:BE:12:3C,ALL,udp:51876,192.168.3.1*,2,242,1,89,1,153
44:3D:54:BE:12:3C,ALL,udp:51876,192.168.3.105*,2,242,1,153,1,89
44:3D:54:BE:12:3C,ALL,udp:33802,192.168.3.1*,2,170,1,77,1,93
44:3D:54:BE:12:3C,ALL,udp:33802,192.168.3.105*,2,170,1,93,1,77
44:3D:54:BE:12:3C,ALL,udp:44161,192.168.3.1*,2,253,1,79,1,174
44:3D:54:BE:12:3C,ALL,udp:44161,192.168.3.105*,2,253,1,174,1,79
44:3D:54:BE:12:3C,ALL,udp:11233,192.168.3.1*,2,242,1,89,1,153
44:3D:54:BE:12:3C,ALL,udp:11233,192.168.3.105*,2,242,1,153,1,89
44:3D:54:BE:12:3C,ALL,udp:17381,192.168.3.1*,2,253,1,79,1,174
44:3D:54:BE:12:3C,ALL,udp:17381,192.168.3.105*,2,253,1,174,1,79
44:3D:54:BE:12:3C,ALL,udp:52825,192.168.3.1*,2,253,1,79,1,174
44:3D:54:BE:12:3C,ALL,udp:52825,192.168.3.105*,2,253,1,174,1,79
44:3D:54:BE:12:3C,ALL,udp:42317,192.168.3.1*,2,242,1,89,1,153
44:3D:54:BE:12:3C,ALL,udp:42317,192.168.3.105*,2,242,1,153,1,89
44:3D:54:BE:12:3C,ALL,udp:28286,192.168.3.1*,2,253,1,79,1,174
44:3D:54:BE:12:3C,ALL,udp:28286,192.168.3.105*,2,253,1,174,1,79
44:3D:54:BE:12:3C,ALL,udp:5339,192.168.3.1*,2,253,1,79,1,174
44:3D:54:BE:12:3C,ALL,udp:5339,192.168.3.105*,2,253,1,174,1,79
44:3D:54:BE:12:3C,ALL,udp:19849,192.168.3.1*,2,242,1,89,1,153
44:3D:54:BE:12:3C,ALL,udp:19849,192.168.3.105*,2,242,1,153,1,89
44:3D:54:BE:12:3C,ALL,udp:14005,192.168.3.1*,2,253,1,79,1,174
44:3D:54:BE:12:3C,ALL,udp:14005,192.168.3.105*,2,253,1,174,1,79
44:3D:54:BE:12:3C,ALL,udp:24974,192.168.3.1*,2,170,1,77,1,93
44:3D:54:BE:12:3C,ALL,udp:24974,192.168.3.105*,2,170,1,93,1,77
44:3D:54:BE:12:3C,ALL,udp:34299,192.168.3.1*,2,253,1,79,1,174
44:3D:54:BE:12:3C,ALL,udp:34299,192.168.3.105*,2,253,1,174,1,79
44:3D:54:BE:12:3C,ALL,udp:43994,192.168.3.1*,2,368,1,120,1,248
44:3D:54:BE:12:3C,ALL,udp:43994,192.168.3.105*,2,368,1,248,1,120
44:3D:54:BE:12:3C,ALL,udp:46805,192.168.3.1*,2,228,1,90,1,138
44:3D:54:BE:12:3C,ALL,udp:46805,192.168.3.105*,2,228,1,138,1,90
44:3D:54:BE:12:3C,ALL,udp:46982,192.168.3.1*,2,242,1,89,1,153
44:3D:54:BE:12:3C,ALL,udp:46982,192.168.3.105*,2,242,1,153,1,89
44:3D:54:BE:12:3C,ALL,udp:17194,192.168.3.1*,2,242,1,89,1,153
44:3D:54:BE:12:3C,ALL,udp:17194,192.168.3.105*,2,242,1,153,1,89
44:3D:54:BE:12:3C,ALL,udp:45173,192.168.3.1*,2,242,1,89,1,153
44:3D:54:BE:12:3C,ALL,udp:45173,192.168.3.105*,2,242,1,153,1,89
44:3D:54:BE:12:3C,ALL,udp:59227,192.168.3.1*,2,170,1,77,1,93
44:3D:54:BE:12:3C,ALL,udp:59227,192.168.3.105*,2,170,1,93,1,77
44:3D:54:BE:12:3C,ALL,udp:19534,192.168.3.1*,2,164,1,74,1,90
44:3D:54:BE:12:3C,ALL,udp:19534,192.168.3.105*,2,164,1,90,1,74
44:3D:54:BE:12:3C,ALL,udp:22707,192.168.3.1*,2,242,1,89,1,153
44:3D:54:BE:12:3C,ALL,udp:22707,192.168.3.105*,2,242,1,153,1,89
44:3D:54:BE:12:3C,ALL,udp:37415,192.168.3.1*,2,242,1,89,1,153
44:3D:54:BE:12:3C,ALL,udp:37415,192.168.3.105*,2,242,1,153,1,89
44:3D:54:BE:12:3C,ALL,udp:41728,192.168.3.1*,2,253,1,79,1,174
44:3D:54:BE:12:3C,ALL,udp:41728,192.168.3.105*,2,253,1,174,1,79
44:3D:54:BE:12:3C,ALL,udp:22410,192.168.3.1*,2,253,1,79,1,174
44:3D:54:BE:12:3C,ALL,udp:22410,192.168.3.105*,2,253,1,174,1,79
44:3D:54:BE:12:3C,ALL,udp:19987,192.168.3.1*,2,242,1,89,1,153
44:3D:54:BE:12:3C,ALL,udp:19987,192.168.3.105*,2,242,1,153,1,89
44:3D:54:BE:12:3C,ALL,udp:26915,192.168.3.1*,2,253,1,79,1,174
44:3D:54:BE:12:3C,ALL,udp:26915,192.168.3.105*,2,253,1,174,1,79
44:3D:54:BE:12:3C,ALL,udp:7676,192.168.3.1*,2,170,1,77,1,93
44:3D:54:BE:12:3C,ALL,udp:7676,192.168.3.105*,2,170,1,93,1,77
44:3D:54:BE:12:3C,ALL,udp:48402,192.168.3.1*,2,228,1,90,1,138
44:3D:54:BE:12:3C,ALL,udp:48402,192.168.3.105*,2,228,1,138,1,90
44:3D:54:BE:12:3C,ALL,udp:52911,192.168.3.1*,2,368,1,120,1,248
44:3D:54:BE:12:3C,ALL,udp:52911,192.168.3.105*,2,368,1,248,1,120
44:3D:54:BE:12:3C,ALL,udp:59269,192.168.3.1*,2,368,1,120,1,248
44:3D:54:BE:12:3C,ALL,udp:59269,192.168.3.105*,2,368,1,248,1,120
44:3D:54:BE:12:3C,ALL,udp:60432,192.168.3.1*,2,242,1,89,1,153
44:3D:54:BE:12:3C,ALL,udp:60432,192.168.3.105*,2,242,1,153,1,89
44:3D:54:BE:12:3C,ALL,udp:17812,192.168.3.1*,2,253,1,79,1,174
44:3D:54:BE:12:3C,ALL,udp:17812,192.168.3.105*,2,253,1,174,1,79
44:3D:54:BE:12:3C,ALL,udp:10916,192.168.3.1*,2,253,1,79,1,174
44:3D:54:BE:12:3C,ALL,udp:10916,192.168.3.105*,2,253,1,174,1,79
44:3D:54:BE:12:3C,ALL,udp:20384,192.168.3.1*,2,242,1,89,1,153
44:3D:54:BE:12:3C,ALL,udp:20384,192.168.3.105*,2,242,1,153,1,89
44:3D:54:BE:12:3C,ALL,udp:54989,192.168.3.1*,2,253,1,79,1,174
44:3D:54:BE:12:3C,ALL,udp:54989,192.168.3.105*,2,253,1,174,1,79
44:3D:54:BE:12:3C,ALL,udp:64821,192.168.3.1*,2,253,1,79,1,174
44:3D:54:BE:12:3C,ALL,udp:64821,192.168.3.105*,2,253,1,174,1,79
44:3D:54:BE:12:3C,ALL,udp:56940,192.168.3.1*,2,242,1,89,1,153
44:3D:54:BE:12:3C,ALL,udp:56940,192.168.3.105*,2,242,1,153,1,89
44:3D:54:BE:12:3C,ALL,udp:60813,192.168.3.1*,2,170,1,77,1,93
44:3D:54:BE:12:3C,ALL,udp:60813,192.168.3.105*,2,170,1,93,1,77
44:3D:54:BE:12:3C,ALL,udp:13102,192.168.3.1*,2,253,1,79,1,174
44:3D:54:BE:12:3C,ALL,udp:13102,192.168.3.105*,2,253,1,174,1,79
44:3D:54:BE:12:3C,ALL,udp:9186,192.168.3.1*,2,242,1,89,1,153
44:3D:54:BE:12:3C,ALL,udp:9186,192.168.3.105*,2,242,1,153,1,89
44:3D:54:BE:12:3C,ALL,udp:29584,192.168.3.1*,2,253,1,79,1,174
44:3D:54:BE:12:3C,ALL,udp:29584,192.168.3.105*,2,253,1,174,1,79
44:3D:54:BE:12:3C,ALL,udp:54037,192.168.3.1*,2,242,1,89,1,153
44:3D:54:BE:12:3C,ALL,udp:54037,192.168.3.105*,2,242,1,153,1,89
44:3D:54:BE:12:3C,ALL,udp:5882,192.168.3.1*,2,253,1,79,1,174
44:3D:54:BE:12:3C,ALL,udp:5882,192.168.3.105*,2,253,1,174,1,79
44:3D:54:BE:12:3C,ALL,udp:21288,192.168.3.1*,2,228,1,90,1,138
44:3D:54:BE:12:3C,ALL,udp:21288,192.168.3.105*,2,228,1,138,1,90
44:3D:54:BE:12:3C,ALL,udp:15169,192.168.3.1*,2,242,1,89,1,153
44:3D:54:BE:12:3C,ALL,udp:15169,192.168.3.105*,2,242,1,153,1,89
44:3D:54:BE:12:3C,ALL,udp:21761,192.168.3.1*,2,170,1,77,1,93
44:3D:54:BE:12:3C,ALL,udp:21761,192.168.3.105*,2,170,1,93,1,77
44:3D:54:BE:12:3C,ALL,udp:1760,192.168.3.1*,2,228,1,90,1,138
44:3D:54:BE:12:3C,ALL,udp:1760,192.168.3.105*,2,228,1,138,1,90
44:3D:54:BE:12:3C,ALL,udp:56164,192.168.3.1*,2,368,1,120,1,248
44:3D:54:BE:12:3C,ALL,udp:56164,192.168.3.105*,2,368,1,248,1,120
44:3D:54:BE:12:3C,ALL,udp:56636,192.168.3.1*,2,253,1,79,1,174
44:3D:54:BE:12:3C,ALL,udp:56636,192.168.3.105*,2,253,1,174,1,79
44:3D:54:BE:12:3C,ALL,udp:35749,192.168.3.1*,2,242,1,89,1,153
44:3D:54:BE:12:3C,ALL,udp:35749,192.168.3.105*,2,242,1,153,1,89
44:3D:54:BE:12:3C,ALL,udp:21072,192.168.3.1*,2,242,1,89,1,153
44:3D:54:BE:12:3C,ALL,udp:21072,192.168.3.105*,2,242,1,153,1,89
44:3D:54:BE:12:3C,ALL,udp:52994,192.168.3.1*,2,242,1,89,1,153
44:3D:54:BE:12:3C,ALL,udp:52994,192.168.3.105*,2,242,1,153,1,89
44:3D:54:BE:12:3C,ALL,udp:36370,192.168.3.1*,2,170,1,77,1,93
44:3D:54:BE:12:3C,ALL,udp:36370,192.168.3.105*,2,170,1,93,1,77
44:3D:54:BE:12:3C,ALL,udp:45465,192.168.3.1*,2,253,1,79,1,174
44:3D:54:BE:12:3C,ALL,udp:45465,192.168.3.105*,2,253,1,174,1,79
44:3D:54:BE:12:3C,ALL,udp:54808,192.168.3.1*,2,164,1,74,1,90
44:3D:54:BE:12:3C,ALL,udp:54808,192.168.3.105*,2,164,1,90,1,74
44:3D:54:BE:12:3C,ALL,udp:20024,192.168.3.1*,2,242,1,89,1,153
44:3D:54:BE:12:3C,ALL,udp:20024,192.168.3.105*,2,242,1,153,1,89
44:3D:54:BE:12:3C,ALL,udp:43019,192.168.3.1*,2,253,1,79,1,174
44:3D:54:BE:12:3C,ALL,udp:43019,192.168.3.105*,2,253,1,174,1,79
44:3D:54:BE:12:3C,ALL,udp:57649,192.168.3.1*,2,242,1,89,1,153
44:3D:54:BE:12:3C,ALL,udp:57649,192.168.3.105*,2,242,1,153,1,89
44:3D:54:BE:12:3C,ALL,udp:18577,192.168.3.1*,2,242,1,89,1,153
44:3D:54:BE:12:3C,ALL,udp:18577,192.168.3.105*,2,242,1,153,1,89
44:3D:54:BE:12:3C,ALL,udp:30710,192.168.3.1*,2,170,1,77,1,93
44:3D:54:BE:12:3C,ALL,udp:30710,192.168.3.105*,2,170,1,93,1,77
44:3D:54:BE:12:3C,ALL,udp:11989,192.168.3.1*,2,228,1,90,1,138
44:3D:54:BE:12:3C,ALL,udp:11989,192.168.3.105*,2,228,1,138,1,90
44:3D:54:BE:12:3C,ALL,udp:23630,192.168.3.1*,2,253,1,79,1,174
44:3D:54:BE:12:3C,ALL,udp:23630,192.168.3.105*,2,253,1,174,1,79
44:3D:54:BE:12:3C,ALL,udp:32155,192.168.3.1*,2,253,1,79,1,174
44:3D:54:BE:12:3C,ALL,udp:32155,192.168.3.105*,2,253,1,174,1,79
44:3D:54:BE:12:3C,ALL,udp:40764,192.168.3.1*,2,368,1,120,1,248
44:3D:54:BE:12:3C,ALL,udp:40764,192.168.3.105*,2,368,1,248,1,120
44:3D:54:BE:12:3C,ALL,udp:2782,192.168.3.1*,2,242,1,89,1,153
44:3D:54:BE:12:3C,ALL,udp:2782,192.168.3.105*,2,242,1,153,1,89
44:3D:54:BE:12:3C,ALL,udp:18900,192.168.3.1*,2,253,1,79,1,174
44:3D:54:BE:12:3C,ALL,udp:18900,192.168.3.105*,2,253,1,174,1,79
44:3D:54:BE:12:3C,ALL,udp:40899,192.168.3.1*,2,242,1,89,1,153
44:3D:54:BE:12:3C,ALL,udp:40899,192.168.3.105*,2,242,1,153,1,89
44:3D:54:BE:12:3C,ALL,udp:40656,192.168.3.1*,2,170,1,77,1,93
44:3D:54:BE:12:3C,ALL,udp:40656,192.168.3.105*,2,170,1,93,1,77
44:3D:54:BE:12:3C,ALL,udp:50388,192.168.3.1*,2,253,1,79,1,174
44:3D:54:BE:12:3C,ALL,udp:50388,192.168.3.105*,2,253,1,174,1,79
44:3D:54:BE:12:3C,ALL,udp:63772,192.168.3.1*,2,253,1,79,1,174
44:3D:54:BE:12:3C,ALL,udp:63772,192.168.3.105*,2,253,1,174,1,79
44:3D:54:BE:12:3C,ALL,udp:45533,192.168.3.1*,2,164,1,74,1,90
44:3D:54:BE:12:3C,ALL,udp:45533,192.168.3.105*,2,164,1,90,1,74
44:3D:54:BE:12:3C,ALL,udp:37027,192.168.3.1*,2,253,1,79,1,174
44:3D:54:BE:12:3C,ALL,udp:37027,192.168.3.105*,2,253,1,174,1,79
44:3D:54:BE:12:3C,ALL,udp:40380,192.168.3.1*,2,242,1,89,1,153
44:3D:54:BE:12:3C,ALL,udp:40380,192.168.3.105*,2,242,1,153,1,89
44:3D:54:BE:12:3C,ALL,udp:25410,192.168.3.1*,2,228,1,90,1,138
44:3D:54:BE:12:3C,ALL,udp:25410,192.168.3.105*,2,228,1,138,1,90
44:3D:54:BE:12:3C,ALL,udp:31759,192.168.3.1*,2,253,1,79,1,174
44:3D:54:BE:12:3C,ALL,udp:31759,192.168.3.105*,2,253,1,174,1,79
44:3D:54:BE:12:3C,ALL,udp:1716,192.168.3.1*,2,368,1,120,1,248
44:3D:54:BE:12:3C,ALL,udp:1716,192.168.3.105*,2,368,1,248,1,120
44:3D:54:BE:12:3C,ALL,udp:58012,192.168.3.1*,2,242,1,89,1,153
44:3D:54:BE:12:3C,ALL,udp:58012,192.168.3.105*,2,242,1,153,1,89
44:3D:54:BE:12:3C,ALL,udp:9536,192.168.3.1*,2,242,1,89,1,153
44:3D:54:BE:12:3C,ALL,udp:9536,192.168.3.105*,2,242,1,153,1,89
44:3D:54:BE:12:3C,ALL,udp:49482,192.168.3.1*,2,242,1,89,1,153
44:3D:54:BE:12:3C,ALL,udp:49482,192.168.3.105*,2,242,1,153,1,89
44:3D:54:BE:12:3C,ALL,udp:61062,192.168.3.1*,2,170,1,77,1,93
44:3D:54:BE:12:3C,ALL,udp:61062,192.168.3.105*,2,170,1,93,1,77
44:3D:54:BE:12:3C,ALL,udp:48989,192.168.3.1*,2,164,1,74,1,90
44:3D:54:BE:12:3C,ALL,udp:48989,192.168.3.105*,2,164,1,90,1,74
44:3D:54:BE:12:3C,ALL,udp:11602,192.168.3.1*,2,253,1,79,1,174
44:3D:54:BE:12:3C,ALL,udp:11602,192.168.3.105*,2,253,1,174,1,79
44:3D:54:BE:12:3C,ALL,udp:6811,192.168.3.1*,2,242,1,89,1,153
44:3D:54:BE:12:3C,ALL,udp:6811,192.168.3.105*,2,242,1,153,1,89
44:3D:54:BE:12:3C,ALL,udp:64908,192.168.3.1*,2,242,1,89,1,153
44:3D:54:BE:12:3C,ALL,udp:64908,192.168.3.105*,2,242,1,153,1,89
44:3D:54:BE:12:3C,ALL,udp:46388,192.168.3.1*,2,253,1,79,1,174
44:3D:54:BE:12:3C,ALL,udp:46388,192.168.3.105*,2,253,1,174,1,79
44:3D:54:BE:12:3C,ALL,udp:25004,192.168.3.1*,2,228,1,90,1,138
44:3D:54:BE:12:3C,ALL,udp:25004,192.168.3.105*,2,228,1,138,1,90
44:3D:54:BE:12:3C,ALL,udp:21639,192.168.3.1*,2,253,1,79,1,174
44:3D:54:BE:12:3C,ALL,udp:21639,192.168.3.105*,2,253,1,174,1,79
44:3D:54:BE:12:3C,ALL,udp:32769,192.168.3.1*,2,253,1,79,1,174
44:3D:54:BE:12:3C,ALL,udp:32769,192.168.3.105*,2,253,1,174,1,79
44:3D:54:BE:12:3C,ALL,udp:31627,192.168.3.1*,2,242,1,89,1,153
44:3D:54:BE:12:3C,ALL,udp:31627,192.168.3.105*,2,242,1,153,1,89
44:3D:54:BE:12:3C,ALL,udp:12314,192.168.3.1*,2,170,1,77,1,93
44:3D:54:BE:12:3C,ALL,udp:12314,192.168.3.105*,2,170,1,93,1,77
44:3D:54:BE:12:3C,ALL,udp:35062,192.168.3.1*,2,253,1,79,1,174
44:3D:54:BE:12:3C,ALL,udp:35062,192.168.3.105*,2,253,1,174,1,79
44:3D:54:BE:12:3C,ALL,udp:36746,192.168.3.1*,2,368,1,120,1,248
44:3D:54:BE:12:3C,ALL,udp:36746,192.168.3.105*,2,368,1,248,1,120
44:3D:54:BE:12:3C,ALL,udp:35717,192.168.3.1*,2,253,1,79,1,174
44:3D:54:BE:12:3C,ALL,udp:35717,192.168.3.105*,2,253,1,174,1,79
44:3D:54:BE:12:3C,ALL,udp:56399,192.168.3.1*,2,242,1,89,1,153
44:3D:54:BE:12:3C,ALL,udp:56399,192.168.3.105*,2,242,1,153,1,89
44:3D:54:BE:12:3C,ALL,udp:20448,192.168.3.1*,2,253,1,79,1,174
44:3D:54:BE:12:3C,ALL,udp:20448,192.168.3.105*,2,253,1,174,1,79
44:3D:54:BE:12:3C,ALL,udp:19633,192.168.3.1*,2,253,1,79,1,174
44:3D:54:BE:12:3C,ALL,udp:19633,192.168.3.105*,2,253,1,174,1,79
44:3D:54:BE:12:3C,ALL,udp:21875,192.168.3.1*,2,242,1,89,1,153
44:3D:54:BE:12:3C,ALL,udp:21875,192.168.3.105*,2,242,1,153,1,89
44:3D:54:BE:12:3C,ALL,udp:5391,192.168.3.1*,2,242,1,89,1,153
44:3D:54:BE:12:3C,ALL,udp:5391,192.168.3.105*,2,242,1,153,1,89
44:3D:54:BE:12:3C,ALL,udp:45814,192.168.3.1*,2,253,1,79,1,174
44:3D:54:BE:12:3C,ALL,udp:45814,192.168.3.105*,2,253,1,174,1,79
44:3D:54:BE:12:3C,ALL,udp:57829,192.168.3.1*,2,253,1,79,1,174
44:3D:54:BE:12:3C,ALL,udp:57829,192.168.3.105*,2,253,1,174,1,79
44:3D:54:BE:12:3C,ALL,udp:53354,192.168.3.1*,2,253,1,79,1,174
44:3D:54:BE:12:3C,ALL,udp:53354,192.168.3.105*,2,253,1,174,1,79
44:3D:54:BE:12:3C,ALL,udp:6367,192.168.3.1*,2,170,1,77,1,93
44:3D:54:BE:12:3C,ALL,udp:6367,192.168.3.105*,2,170,1,93,1,77
44:3D:54:BE:12:3C,ALL,udp:44414,192.168.3.1*,2,253,1,79,1,174
44:3D:54:BE:12:3C,ALL,udp:44414,192.168.3.105*,2,253,1,174,1,79
44:3D:54:BE:12:3C,ALL,udp:38222,192.168.3.1*,2,253,1,79,1,174
44:3D:54:BE:12:3C,ALL,udp:38222,192.168.3.105*,2,253,1,174,1,79
44:3D:54:BE:12:3C,ALL,udp:32541,192.168.3.1*,2,242,1,89,1,153
44:3D:54:BE:12:3C,ALL,udp:32541,192.168.3.105*,2,242,1,153,1,89
44:3D:54:BE:12:3C,ALL,udp:39948,192.168.3.1*,2,228,1,90,1,138
44:3D:54:BE:12:3C,ALL,udp:39948,192.168.3.105*,2,228,1,138,1,90
44:3D:54:BE:12:3C,ALL,udp:62964,192.168.3.1*,2,242,1,89,1,153
44:3D:54:BE:12:3C,ALL,udp:62964,192.168.3.105*,2,242,1,153,1,89
44:3D:54:BE:12:3C,ALL,udp:44092,192.168.3.1*,2,170,1,77,1,93
44:3D:54:BE:12:3C,ALL,udp:44092,192.168.3.105*,2,170,1,93,1,77
44:3D:54:BE:12:3C,ALL,udp:22742,192.168.3.1*,2,253,1,79,1,174
44:3D:54:BE:12:3C,ALL,udp:22742,192.168.3.105*,2,253,1,174,1,79
44:3D:54:BE:12:3C,ALL,udp:4510,192.168.3.1*,2,368,1,120,1,248
44:3D:54:BE:12:3C,ALL,udp:4510,192.168.3.105*,2,368,1,248,1,120
44:3D:54:BE:12:3C,ALL,udp:22338,192.168.3.1*,2,242,1,89,1,153
44:3D:54:BE:12:3C,ALL,udp:22338,192.168.3.105*,2,242,1,153,1,89
44:3D:54:BE:12:3C,ALL,udp:34295,192.168.3.1*,2,253,1,79,1,174
44:3D:54:BE:12:3C,ALL,udp:34295,192.168.3.105*,2,253,1,174,1,79
44:3D:54:BE:12:3C,ALL,udp:39049,192.168.3.1*,2,164,1,74,1,90
44:3D:54:BE:12:3C,ALL,udp:39049,192.168.3.105*,2,164,1,90,1,74
44:3D:54:BE:12:3C,ALL,udp:51156,192.168.3.1*,2,242,1,89,1,153
44:3D:54:BE:12:3C,ALL,udp:51156,192.168.3.105*,2,242,1,153,1,89
44:3D:54:BE:12:3C,ALL,udp:39576,192.168.3.1*,2,170,1,77,1,93
44:3D:54:BE:12:3C,ALL,udp:39576,192.168.3.105*,2,170,1,93,1,77
44:3D:54:BE:12:3C,ALL,udp:63350,192.168.3.1*,2,253,1,79,1,174
44:3D:54:BE:12:3C,ALL,udp:63350,192.168.3.105*,2,253,1,174,1,79
44:3D:54:BE:12:3C,ALL,udp:21145,192.168.3.1*,2,253,1,79,1,174
44:3D:54:BE:12:3C,ALL,udp:21145,192.168.3.105*,2,253,1,174,1,79
44:3D:54:BE:12:3C,ALL,udp:32171,192.168.3.1*,2,253,1,79,1,174
44:3D:54:BE:12:3C,ALL,udp:32171,192.168.3.105*,2,253,1,174,1,79
44:3D:54:BE:12:3C,ALL,udp:4383,192.168.3.1*,2,242,1,89,1,153
44:3D:54:BE:12:3C,ALL,udp:4383,192.168.3.105*,2,242,1,153,1,89
44:3D:54:BE:12:3C,ALL,udp:42511,192.168.3.1*,2,253,1,79,1,174
44:3D:54:BE:12:3C,ALL,udp:42511,192.168.3.105*,2,253,1,174,1,79
44:3D:54:BE:12:3C,ALL,udp:41295,192.168.3.1*,2,242,1,89,1,153
44:3D:54:BE:12:3C,ALL,udp:41295,192.168.3.105*,2,242,1,153,1,89
44:3D:54:BE:12:3C,ALL,udp:47934,192.168.3.1*,2,253,1,79,1,174
44:3D:54:BE:12:3C,ALL,udp:47934,192.168.3.105*,2,253,1,174,1,79
44:3D:54:BE:12:3C,ALL,udp:34508,192.168.3.1*,2,228,1,90,1,138
44:3D:54:BE:12:3C,ALL,udp:34508,192.168.3.105*,2,228,1,138,1,90
44:3D:54:BE:12:3C,ALL,udp:28330,192.168.3.1*,2,253,1,79,1,174
44:3D:54:BE:12:3C,ALL,udp:28330,192.168.3.105*,2,253,1,174,1,79
44:3D:54:BE:12:3C,ALL,udp:13141,192.168.3.1*,2,242,1,89,1,153
44:3D:54:BE:12:3C,ALL,udp:13141,192.168.3.105*,2,242,1,153,1,89
44:3D:54:BE:12:3C,ALL,udp:12769,192.168.3.1*,2,170,1,77,1,93
44:3D:54:BE:12:3C,ALL,udp:12769,192.168.3.105*,2,170,1,93,1,77
44:3D:54:BE:12:3C,ALL,udp:45773,192.168.3.1*,2,253,1,79,1,174
44:3D:54:BE:12:3C,ALL,udp:45773,192.168.3.105*,2,253,1,174,1,79
44:3D:54:BE:12:3C,ALL,udp:46380,192.168.3.1*,2,368,1,120,1,248
44:3D:54:BE:12:3C,ALL,udp:46380,192.168.3.105*,2,368,1,248,1,120
44:3D:54:BE:12:3C,ALL,udp:55692,192.168.3.1*,2,253,1,79,1,174
44:3D:54:BE:12:3C,ALL,udp:55692,192.168.3.105*,2,253,1,174,1,79
44:3D:54:BE:12:3C,ALL,udp:15193,192.168.3.1*,2,242,1,89,1,153
44:3D:54:BE:12:3C,ALL,udp:15193,192.168.3.105*,2,242,1,153,1,89
44:3D:54:BE:12:3C,ALL,udp:8453,192.168.3.1*,2,253,1,79,1,174
44:3D:54:BE:12:3C,ALL,udp:8453,192.168.3.105*,2,253,1,174,1,79
44:3D:54:BE:12:3C,ALL,udp:54885,192.168.3.1*,2,242,1,89,1,153
44:3D:54:BE:12:3C,ALL,udp:54885,192.168.3.105*,2,242,1,153,1,89
44:3D:54:BE:12:3C,ALL,udp:50234,192.168.3.1*,2,170,1,77,1,93
44:3D:54:BE:12:3C,ALL,udp:50234,192.168.3.105*,2,170,1,93,1,77
44:3D:54:BE:12:3C,ALL,udp:49144,192.168.3.1*,2,253,1,79,1,174
44:3D:54:BE:12:3C,ALL,udp:49144,192.168.3.105*,2,253,1,174,1,79
44:3D:54:BE:12:3C,ALL,udp:13925,192.168.3.1*,2,242,1,89,1,153
44:3D:54:BE:12:3C,ALL,udp:13925,192.168.3.105*,2,242,1,153,1,89
44:3D:54:BE:12:3C,ALL,udp:14677,192.168.3.1*,2,253,1,79,1,174
44:3D:54:BE:12:3C,ALL,udp:14677,192.168.3.105*,2,253,1,174,1,79
44:3D:54:BE:12:3C,ALL,udp:23186,192.168.3.1*,2,253,1,79,1,174
44:3D:54:BE:12:3C,ALL,udp:23186,192.168.3.105*,2,253,1,174,1,79
44:3D:54:BE:12:3C,ALL,udp:1690,192.168.3.1*,2,242,1,89,1,153
44:3D:54:BE:12:3C,ALL,udp:1690,192.168.3.105*,2,242,1,153,1,89
44:3D:54:BE:12:3C,ALL,udp:41726,192.168.3.1*,2,228,1,90,1,138
44:3D:54:BE:12:3C,ALL,udp:41726,192.168.3.105*,2,228,1,138,1,90
44:3D:54:BE:12:3C,ALL,udp:42699,192.168.3.1*,2,253,1,79,1,174
44:3D:54:BE:12:3C,ALL,udp:42699,192.168.3.105*,2,253,1,174,1,79
44:3D:54:BE:12:3C,ALL,udp:51470,192.168.3.1*,2,180,1,82,1,98
44:3D:54:BE:12:3C,ALL,udp:51470,192.168.3.105*,2,180,1,98,1,82
44:3D:54:BE:12:3C,ALL,udp:24063,192.168.3.1*,2,242,1,89,1,153
44:3D:54:BE:12:3C,ALL,udp:24063,192.168.3.105*,2,242,1,153,1,89
44:3D:54:BE:12:3C,ALL,udp:27109,192.168.3.1*,2,170,1,77,1,93
44:3D:54:BE:12:3C,ALL,udp:27109,192.168.3.105*,2,170,1,93,1,77
44:3D:54:BE:12:3C,ALL,udp:58430,192.168.3.1*,2,368,1,120,1,248
44:3D:54:BE:12:3C,ALL,udp:58430,192.168.3.105*,2,368,1,248,1,120
44:3D:54:BE:12:3C,ALL,udp:49192,192.168.3.1*,2,242,1,89,1,153
44:3D:54:BE:12:3C,ALL,udp:49192,192.168.3.105*,2,242,1,153,1,89
44:3D:54:BE:12:3C,ALL,udp:12707,192.168.3.1*,2,253,1,79,1,174
44:3D:54:BE:12:3C,ALL,udp:12707,192.168.3.105*,2,253,1,174,1,79
44:3D:54:BE:12:3C,ALL,udp:6060,192.168.3.1*,2,242,1,89,1,153
44:3D:54:BE:12:3C,ALL,udp:6060,192.168.3.105*,2,242,1,153,1,89
44:3D:54:BE:12:3C,ALL,udp:51238,192.168.3.1*,2,242,1,89,1,153
44:3D:54:BE:12:3C,ALL,udp:51238,192.168.3.105*,2,242,1,153,1,89
44:3D:54:BE:12:3C,ALL,udp:7183,192.168.3.1*,2,170,1,77,1,93
44:3D:54:BE:12:3C,ALL,udp:7183,192.168.3.105*,2,170,1,93,1,77
44:3D:54:BE:12:3C,ALL,udp:33261,192.168.3.1*,2,253,1,79,1,174
44:3D:54:BE:12:3C,ALL,udp:33261,192.168.3.105*,2,253,1,174,1,79
44:3D:54:BE:12:3C,ALL,udp:64302,192.168.3.1*,2,242,1,89,1,153
44:3D:54:BE:12:3C,ALL,udp:64302,192.168.3.105*,2,242,1,153,1,89
44:3D:54:BE:12:3C,ALL,udp:30720,192.168.3.1*,2,253,1,79,1,174
44:3D:54:BE:12:3C,ALL,udp:30720,192.168.3.105*,2,253,1,174,1,79
44:3D:54:BE:12:3C,ALL,udp:18817,192.168.3.1*,2,242,1,89,1,153
44:3D:54:BE:12:3C,ALL,udp:18817,192.168.3.105*,2,242,1,153,1,89
44:3D:54:BE:12:3C,ALL,udp:14895,192.168.3.1*,2,228,1,90,1,138
44:3D:54:BE:12:3C,ALL,udp:14895,192.168.3.105*,2,228,1,138,1,90
44:3D:54:BE:12:3C,ALL,udp:1366,192.168.3.1*,2,242,1,89,1,153
44:3D:54:BE:12:3C,ALL,udp:1366,192.168.3.105*,2,242,1,153,1,89
44:3D:54:BE:12:3C,ALL,udp:40031,192.168.3.1*,2,170,1,77,1,93
44:3D:54:BE:12:3C,ALL,udp:40031,192.168.3.105*,2,170,1,93,1,77
44:3D:54:BE:12:3C,ALL,udp:39600,192.168.3.1*,2,253,1,79,1,174
44:3D:54:BE:12:3C,ALL,udp:39600,192.168.3.105*,2,253,1,174,1,79
44:3D:54:BE:12:3C,ALL,udp:33473,192.168.3.1*,2,253,1,79,1,174
44:3D:54:BE:12:3C,ALL,udp:33473,192.168.3.105*,2,253,1,174,1,79
44:3D:54:BE:12:3C,ALL,udp:16319,192.168.3.1*,2,172,1,78,1,94
44:3D:54:BE:12:3C,ALL,udp:16319,192.168.3.105*,2,172,1,94,1,78
44:3D:54:BE:12:3C,ALL,udp:2818,192.168.3.1*,2,230,1,83,1,147
44:3D:54:BE:12:3C,ALL,udp:2818,192.168.3.105*,2,230,1,147,1,83
44:3D:54:BE:12:3C,ALL,udp:28198,192.168.3.1*,2,258,1,97,1,161
44:3D:54:BE:12:3C,ALL,udp:28198,192.168.3.105*,2,258,1,161,1,97
44:3D:54:BE:12:3C,ALL,udp:4227,192.168.3.1*,2,170,1,77,1,93
44:3D:54:BE:12:3C,ALL,udp:4227,192.168.3.105*,2,170,1,93,1,77
44:3D:54:BE:12:3C,ALL,udp:58888,192.168.3.1*,2,237,1,83,1,154
44:3D:54:BE:12:3C,ALL,udp:58888,192.168.3.105*,2,237,1,154,1,83
44:3D:54:BE:12:3C,ALL,udp:37451,192.168.3.1*,2,230,1,83,1,147
44:3D:54:BE:12:3C,ALL,udp:37451,192.168.3.105*,2,230,1,147,1,83
44:3D:54:BE:12:3C,ALL,udp:18281,192.168.3.1*,2,242,1,89,1,153
44:3D:54:BE:12:3C,ALL,udp:18281,192.168.3.105*,2,242,1,153,1,89
44:3D:54:BE:12:3C,ALL,udp:1845,192.168.3.1*,2,253,1,79,1,174
44:3D:54:BE:12:3C,ALL,udp:1845,192.168.3.105*,2,253,1,174,1,79
44:3D:54:BE:12:3C,ALL,udp:39114,192.168.3.1*,2,253,1,79,1,174
44:3D:54:BE:12:3C,ALL,udp:39114,192.168.3.105*,2,253,1,174,1,79
44:3D:54:BE:12:3C,ALL,udp:41592,192.168.3.1*,2,253,1,79,1,174
44:3D:54:BE:12:3C,ALL,udp:41592,192.168.3.105*,2,253,1,174,1,79
44:3D:54:BE:12:3C,ALL,udp:46193,192.168.3.1*,2,242,1,89,1,153
44:3D:54:BE:12:3C,ALL,udp:46193,192.168.3.105*,2,242,1,153,1,89
44:3D:54:BE:12:3C,ALL,udp:39384,192.168.3.1*,2,253,1,79,1,174
44:3D:54:BE:12:3C,ALL,udp:39384,192.168.3.105*,2,253,1,174,1,79
44:3D:54:BE:12:3C,ALL,udp:26830,192.168.3.1*,2,230,1,83,1,147
44:3D:54:BE:12:3C,ALL,udp:26830,192.168.3.105*,2,230,1,147,1,83
44:3D:54:BE:12:3C,ALL,udp:15325,192.168.3.1*,2,242,1,89,1,153
44:3D:54:BE:12:3C,ALL,udp:15325,192.168.3.105*,2,242,1,153,1,89
44:3D:54:BE:12:3C,ALL,udp:9422,192.168.3.1*,2,170,1,77,1,93
44:3D:54:BE:12:3C,ALL,udp:9422,192.168.3.105*,2,170,1,93,1,77
44:3D:54:BE:12:3C,ALL,udp:48275,192.168.3.1*,2,242,1,89,1,153
44:3D:54:BE:12:3C,ALL,udp:48275,192.168.3.105*,2,242,1,153,1,89
44:3D:54:BE:12:3C,ALL,udp:63502,192.168.3.1*,2,253,1,79,1,174
44:3D:54:BE:12:3C,ALL,udp:63502,192.168.3.105*,2,253,1,174,1,79
44:3D:54:BE:12:3C,ALL,udp:17538,192.168.3.1*,2,253,1,79,1,174
44:3D:54:BE:12:3C,ALL,udp:17538,192.168.3.105*,2,253,1,174,1,79
44:3D:54:BE:12:3C,ALL,udp:32944,192.168.3.1*,2,228,1,90,1,138
44:3D:54:BE:12:3C,ALL,udp:32944,192.168.3.105*,2,228,1,138,1,90
44:3D:54:BE:12:3C,ALL,udp:4562,192.168.3.1*,2,242,1,89,1,153
44:3D:54:BE:12:3C,ALL,udp:4562,192.168.3.105*,2,242,1,153,1,89
44:3D:54:BE:12:3C,ALL,udp:14072,192.168.3.1*,2,253,1,79,1,174
44:3D:54:BE:12:3C,ALL,udp:14072,192.168.3.105*,2,253,1,174,1,79
44:3D:54:BE:12:3C,ALL,udp:46472,192.168.3.1*,2,253,1,79,1,174
44:3D:54:BE:12:3C,ALL,udp:46472,192.168.3.105*,2,253,1,174,1,79
44:3D:54:BE:12:3C,ALL,udp:20435,192.168.3.1*,2,242,1,89,1,153
44:3D:54:BE:12:3C,ALL,udp:20435,192.168.3.105*,2,242,1,153,1,89
44:3D:54:BE:12:3C,ALL,udp:8024,192.168.3.1*,2,170,1,77,1,93
44:3D:54:BE:12:3C,ALL,udp:8024,192.168.3.105*,2,170,1,93,1,77
44:3D:54:BE:12:3C,ALL,udp:53134,192.168.3.1*,2,253,1,79,1,174
44:3D:54:BE:12:3C,ALL,udp:53134,192.168.3.105*,2,253,1,174,1,79
44:3D:54:BE:12:3C,ALL,udp:57774,192.168.3.1*,2,368,1,120,1,248
44:3D:54:BE:12:3C,ALL,udp:57774,192.168.3.105*,2,368,1,248,1,120
44:3D:54:BE:12:3C,ALL,udp:36221,192.168.3.1*,2,253,1,79,1,174
44:3D:54:BE:12:3C,ALL,udp:36221,192.168.3.105*,2,253,1,174,1,79
44:3D:54:BE:12:3C,ALL,udp:45955,192.168.3.1*,2,242,1,89,1,153
44:3D:54:BE:12:3C,ALL,udp:45955,192.168.3.105*,2,242,1,153,1,89
44:3D:54:BE:12:3C,ALL,udp:5020,192.168.3.1*,2,253,1,79,1,174
44:3D:54:BE:12:3C,ALL,udp:5020,192.168.3.105*,2,253,1,174,1,79
44:3D:54:BE:12:3C,ALL,udp:16663,192.168.3.1*,2,242,1,89,1,153
44:3D:54:BE:12:3C,ALL,udp:16663,192.168.3.105*,2,242,1,153,1,89
44:3D:54:BE:12:3C,ALL,udp:21972,192.168.3.1*,2,401,1,86,1,315
44:3D:54:BE:12:3C,ALL,udp:21972,192.168.3.105*,2,401,1,315,1,86
44:3D:54:BE:12:3C,ALL,udp:3583,192.168.3.1*,2,164,1,74,1,90
44:3D:54:BE:12:3C,ALL,udp:3583,192.168.3.105*,2,164,1,90,1,74
44:3D:54:BE:12:3C,ALL,udp:14360,192.168.3.1*,2,401,1,86,1,315
44:3D:54:BE:12:3C,ALL,udp:14360,192.168.3.105*,2,401,1,315,1,86
44:3D:54:BE:12:3C,ALL,udp:62574,192.168.3.1*,2,242,1,89,1,153
44:3D:54:BE:12:3C,ALL,udp:62574,192.168.3.105*,2,242,1,153,1,89
44:3D:54:BE:12:3C,ALL,udp:1186,192.168.3.1*,2,242,1,89,1,153
44:3D:54:BE:12:3C,ALL,udp:1186,192.168.3.105*,2,242,1,153,1,89
44:3D:54:BE:12:3C,ALL,udp:33782,192.168.3.1*,2,253,1,79,1,174
44:3D:54:BE:12:3C,ALL,udp:33782,192.168.3.105*,2,253,1,174,1,79
44:3D:54:BE:12:3C,ALL,udp:53211,192.168.3.1*,2,228,1,90,1,138
44:3D:54:BE:12:3C,ALL,udp:53211,192.168.3.105*,2,228,1,138,1,90
44:3D:54:BE:12:3C,ALL,udp:48021,192.168.3.1*,2,253,1,79,1,174
44:3D:54:BE:12:3C,ALL,udp:48021,192.168.3.105*,2,253,1,174,1,79
44:3D:54:BE:12:3C,ALL,udp:43306,192.168.3.1*,2,242,1,89,1,153
44:3D:54:BE:12:3C,ALL,udp:43306,192.168.3.105*,2,242,1,153,1,89
44:3D:54:BE:12:3C,ALL,udp:19590,192.168.3.1*,2,253,1,79,1,174
44:3D:54:BE:12:3C,ALL,udp:19590,192.168.3.105*,2,253,1,174,1,79
44:3D:54:BE:12:3C,ALL,udp:10721,192.168.3.1*,2,242,1,89,1,153
44:3D:54:BE:12:3C,ALL,udp:10721,192.168.3.105*,2,242,1,153,1,89
44:3D:54:BE:12:3C,ALL,udp:17082,192.168.3.1*,2,170,1,77,1,93
44:3D:54:BE:12:3C,ALL,udp:17082,192.168.3.105*,2,170,1,93,1,77
44:3D:54:BE:12:3C,ALL,udp:45693,192.168.3.1*,2,253,1,79,1,174
44:3D:54:BE:12:3C,ALL,udp:45693,192.168.3.105*,2,253,1,174,1,79
44:3D:54:BE:12:3C,ALL,udp:62225,192.168.3.1*,2,368,1,120,1,248
44:3D:54:BE:12:3C,ALL,udp:62225,192.168.3.105*,2,368,1,248,1,120
44:3D:54:BE:12:3C,ALL,udp:41139,192.168.3.1*,2,242,1,89,1,153
44:3D:54:BE:12:3C,ALL,udp:41139,192.168.3.105*,2,242,1,153,1,89
44:3D:54:BE:12:3C,ALL,udp:24356,192.168.3.1*,2,242,1,89,1,153
44:3D:54:BE:12:3C,ALL,udp:24356,192.168.3.105*,2,242,1,153,1,89
44:3D:54:BE:12:3C,ALL,udp:24332,192.168.3.1*,2,253,1,79,1,174
44:3D:54:BE:12:3C,ALL,udp:24332,192.168.3.105*,2,253,1,174,1,79
44:3D:54:BE:12:3C,ALL,udp:56860,192.168.3.1*,2,253,1,79,1,174
44:3D:54:BE:12:3C,ALL,udp:56860,192.168.3.105*,2,253,1,174,1,79
44:3D:54:BE:12:3C,ALL,udp:62402,192.168.3.1*,2,242,1,89,1,153
44:3D:54:BE:12:3C,ALL,udp:62402,192.168.3.105*,2,242,1,153,1,89
44:3D:54:BE:12:3C,ALL,udp:34966,192.168.3.1*,2,170,1,77,1,93
44:3D:54:BE:12:3C,ALL,udp:34966,192.168.3.105*,2,170,1,93,1,77
44:3D:54:BE:12:3C,ALL,udp:37780,192.168.3.1*,2,253,1,79,1,174
44:3D:54:BE:12:3C,ALL,udp:37780,192.168.3.105*,2,253,1,174,1,79
44:3D:54:BE:12:3C,ALL,udp:45920,192.168.3.1*,2,253,1,79,1,174
44:3D:54:BE:12:3C,ALL,udp:45920,192.168.3.105*,2,253,1,174,1,79
44:3D:54:BE:12:3C,ALL,udp:23912,192.168.3.1*,2,242,1,89,1,153
44:3D:54:BE:12:3C,ALL,udp:23912,192.168.3.105*,2,242,1,153,1,89
44:3D:54:BE:12:3C,ALL,udp:20352,192.168.3.1*,2,253,1,79,1,174
44:3D:54:BE:12:3C,ALL,udp:20352,192.168.3.105*,2,253,1,174,1,79
44:3D:54:BE:12:3C,ALL,udp:36282,192.168.3.1*,2,228,1,90,1,138
44:3D:54:BE:12:3C,ALL,udp:36282,192.168.3.105*,2,228,1,138,1,90
44:3D:54:BE:12:3C,ALL,udp:51645,192.168.3.1*,2,253,1,79,1,174
44:3D:54:BE:12:3C,ALL,udp:51645,192.168.3.105*,2,253,1,174,1,79
44:3D:54:BE:12:3C,ALL,udp:41572,192.168.3.1*,2,253,1,79,1,174
44:3D:54:BE:12:3C,ALL,udp:41572,192.168.3.105*,2,253,1,174,1,79
44:3D:54:BE:12:3C,ALL,udp:38459,192.168.3.1*,2,164,1,74,1,90
44:3D:54:BE:12:3C,ALL,udp:38459,192.168.3.105*,2,164,1,90,1,74
44:3D:54:BE:12:3C,ALL,udp:48051,192.168.3.1*,2,242,1,89,1,153
44:3D:54:BE:12:3C,ALL,udp:48051,192.168.3.105*,2,242,1,153,1,89
44:3D:54:BE:12:3C,ALL,udp:22408,192.168.3.1*,2,253,1,79,1,174
44:3D:54:BE:12:3C,ALL,udp:22408,192.168.3.105*,2,253,1,174,1,79
44:3D:54:BE:12:3C,ALL,udp:38063,192.168.3.1*,2,242,1,89,1,153
44:3D:54:BE:12:3C,ALL,udp:38063,192.168.3.105*,2,242,1,153,1,89
44:3D:54:BE:12:3C,ALL,udp:43130,192.168.3.1*,2,170,1,77,1,93
44:3D:54:BE:12:3C,ALL,udp:43130,192.168.3.105*,2,170,1,93,1,77
44:3D:54:BE:12:3C,ALL,udp:16400,192.168.3.1*,2,368,1,120,1,248
44:3D:54:BE:12:3C,ALL,udp:16400,192.168.3.105*,2,368,1,248,1,120
44:3D:54:BE:12:3C,ALL,udp:9806,192.168.3.1*,2,242,1,89,1,153
44:3D:54:BE:12:3C,ALL,udp:9806,192.168.3.105*,2,242,1,153,1,89
44:3D:54:BE:12:3C,ALL,udp:4350,192.168.3.1*,2,253,1,79,1,174
44:3D:54:BE:12:3C,ALL,udp:4350,192.168.3.105*,2,253,1,174,1,79
44:3D:54:BE:12:3C,ALL,udp:57699,192.168.3.1*,2,164,1,74,1,90
44:3D:54:BE:12:3C,ALL,udp:57699,192.168.3.105*,2,164,1,90,1,74
44:3D:54:BE:12:3C,ALL,udp:34558,192.168.3.1*,2,242,1,89,1,153
44:3D:54:BE:12:3C,ALL,udp:34558,192.168.3.105*,2,242,1,153,1,89
44:3D:54:BE:12:3C,ALL,udp:25149,192.168.3.1*,2,242,1,89,1,153
44:3D:54:BE:12:3C,ALL,udp:25149,192.168.3.105*,2,242,1,153,1,89
44:3D:54:BE:12:3C,ALL,udp:33459,192.168.3.1*,2,170,1,77,1,93
44:3D:54:BE:12:3C,ALL,udp:33459,192.168.3.105*,2,170,1,93,1,77
44:3D:54:BE:12:3C,ALL,udp:57883,192.168.3.1*,2,242,1,89,1,153
44:3D:54:BE:12:3C,ALL,udp:57883,192.168.3.105*,2,242,1,153,1,89
44:3D:54:BE:12:3C,ALL,udp:26853,192.168.3.1*,2,242,1,89,1,153
44:3D:54:BE:12:3C,ALL,udp:26853,192.168.3.105*,2,242,1,153,1,89
44:3D:54:BE:12:3C,ALL,udp:13941,192.168.3.1*,2,253,1,79,1,174
44:3D:54:BE:12:3C,ALL,udp:13941,192.168.3.105*,2,253,1,174,1,79
44:3D:54:BE:12:3C,ALL,udp:34020,192.168.3.1*,2,242,1,89,1,153
44:3D:54:BE:12:3C,ALL,udp:34020,192.168.3.105*,2,242,1,153,1,89
44:3D:54:BE:12:3C,ALL,udp:65176,192.168.3.1*,2,170,1,77,1,93
44:3D:54:BE:12:3C,ALL,udp:65176,192.168.3.105*,2,170,1,93,1,77
44:3D:54:BE:12:3C,ALL,udp:27790,192.168.3.1*,2,253,1,79,1,174
44:3D:54:BE:12:3C,ALL,udp:27790,192.168.3.105*,2,253,1,174,1,79
44:3D:54:BE:12:3C,ALL,udp:32381,192.168.3.1*,2,368,1,120,1,248
44:3D:54:BE:12:3C,ALL,udp:32381,192.168.3.105*,2,368,1,248,1,120
44:3D:54:BE:12:3C,ALL,udp:15999,192.168.3.1*,2,242,1,89,1,153
44:3D:54:BE:12:3C,ALL,udp:15999,192.168.3.105*,2,242,1,153,1,89
44:3D:54:BE:12:3C,ALL,udp:1121,192.168.3.1*,2,242,1,89,1,153
44:3D:54:BE:12:3C,ALL,udp:1121,192.168.3.105*,2,242,1,153,1,89
44:3D:54:BE:12:3C,ALL,udp:17526,192.168.3.1*,2,253,1,79,1,174
44:3D:54:BE:12:3C,ALL,udp:17526,192.168.3.105*,2,253,1,174,1,79
44:3D:54:BE:12:3C,ALL,udp:4739,192.168.3.1*,2,242,1,89,1,153
44:3D:54:BE:12:3C,ALL,udp:4739,192.168.3.105*,2,242,1,153,1,89
44:3D:54:BE:12:3C,ALL,udp:13158,192.168.3.1*,2,170,1,77,1,93
44:3D:54:BE:12:3C,ALL,udp:13158,192.168.3.105*,2,170,1,93,1,77
44:3D:54:BE:12:3C,ALL,udp:47305,192.168.3.1*,2,253,1,79,1,174
44:3D:54:BE:12:3C,ALL,udp:47305,192.168.3.105*,2,253,1,174,1,79
44:3D:54:BE:12:3C,ALL,udp:37648,192.168.3.1*,2,253,1,79,1,174
44:3D:54:BE:12:3C,ALL,udp:37648,192.168.3.105*,2,253,1,174,1,79
44:3D:54:BE:12:3C,ALL,udp:55632,192.168.3.1*,2,242,1,89,1,153
44:3D:54:BE:12:3C,ALL,udp:55632,192.168.3.105*,2,242,1,153,1,89
44:3D:54:BE:12:3C,ALL,udp:56697,192.168.3.1*,2,228,1,90,1,138
44:3D:54:BE:12:3C,ALL,udp:56697,192.168.3.105*,2,228,1,138,1,90
44:3D:54:BE:12:3C,ALL,udp:31180,192.168.3.1*,2,253,1,79,1,174
44:3D:54:BE:12:3C,ALL,udp:31180,192.168.3.105*,2,253,1,174,1,79
44:3D:54:BE:12:3C,ALL,udp:15912,192.168.3.1*,2,242,1,89,1,153
44:3D:54:BE:12:3C,ALL,udp:15912,192.168.3.105*,2,242,1,153,1,89
44:3D:54:BE:12:3C,ALL,udp:51385,192.168.3.1*,2,253,1,79,1,174
44:3D:54:BE:12:3C,ALL,udp:51385,192.168.3.105*,2,253,1,174,1,79
44:3D:54:BE:12:3C,ALL,udp:51969,192.168.3.1*,2,242,1,89,1,153
44:3D:54:BE:12:3C,ALL,udp:51969,192.168.3.105*,2,242,1,153,1,89
44:3D:54:BE:12:3C,ALL,udp:46756,192.168.3.1*,2,170,1,77,1,93
44:3D:54:BE:12:3C,ALL,udp:46756,192.168.3.105*,2,170,1,93,1,77
44:3D:54:BE:12:3C,ALL,udp:64249,192.168.3.1*,2,253,1,79,1,174
44:3D:54:BE:12:3C,ALL,udp:64249,192.168.3.105*,2,253,1,174,1,79
44:3D:54:BE:12:3C,ALL,udp:1640,192.168.3.1*,2,253,1,79,1,174
44:3D:54:BE:12:3C,ALL,udp:1640,192.168.3.105*,2,253,1,174,1,79
44:3D:54:BE:12:3C,ALL,udp:16780,192.168.3.1*,2,368,1,120,1,248
44:3D:54:BE:12:3C,ALL,udp:16780,192.168.3.105*,2,368,1,248,1,120
44:3D:54:BE:12:3C,ALL,udp:13447,192.168.3.1*,2,242,1,89,1,153
44:3D:54:BE:12:3C,ALL,udp:13447,192.168.3.105*,2,242,1,153,1,89
44:3D:54:BE:12:3C,ALL,udp:40001,192.168.3.1*,2,242,1,89,1,153
44:3D:54:BE:12:3C,ALL,udp:40001,192.168.3.105*,2,242,1,153,1,89
44:3D:54:BE:12:3C,ALL,udp:22250,192.168.3.1*,2,253,1,79,1,174
44:3D:54:BE:12:3C,ALL,udp:22250,192.168.3.105*,2,253,1,174,1,79
44:3D:54:BE:12:3C,ALL,udp:54261,192.168.3.1*,2,242,1,89,1,153
44:3D:54:BE:12:3C,ALL,udp:54261,192.168.3.105*,2,242,1,153,1,89
44:3D:54:BE:12:3C,ALL,udp:60424,192.168.3.1*,2,170,1,77,1,93
44:3D:54:BE:12:3C,ALL,udp:60424,192.168.3.105*,2,170,1,93,1,77
44:3D:54:BE:12:3C,ALL,udp:43915,192.168.3.1*,2,253,1,79,1,174
44:3D:54:BE:12:3C,ALL,udp:43915,192.168.3.105*,2,253,1,174,1,79
44:3D:54:BE:12:3C,ALL,udp:46522,192.168.3.1*,2,164,1,74,1,90
44:3D:54:BE:12:3C,ALL,udp:46522,192.168.3.105*,2,164,1,90,1,74
44:3D:54:BE:12:3C,ALL,udp:15722,192.168.3.1*,2,228,1,90,1,138
44:3D:54:BE:12:3C,ALL,udp:15722,192.168.3.105*,2,228,1,138,1,90
44:3D:54:BE:12:3C,ALL,udp:29935,192.168.3.1*,2,242,1,89,1,153
44:3D:54:BE:12:3C,ALL,udp:29935,192.168.3.105*,2,242,1,153,1,89
44:3D:54:BE:12:3C,ALL,udp:45379,192.168.3.1*,2,210,1,86,1,124
44:3D:54:BE:12:3C,ALL,udp:45379,192.168.3.105*,2,210,1,124,1,86
44:3D:54:BE:12:3C,ALL,udp:42866,192.168.3.1*,2,242,1,89,1,153
44:3D:54:BE:12:3C,ALL,udp:42866,192.168.3.105*,2,242,1,153,1,89
44:3D:54:BE:12:3C,ALL,udp:10482,192.168.3.1*,2,242,1,89,1,153
44:3D:54:BE:12:3C,ALL,udp:10482,192.168.3.105*,2,242,1,153,1,89
44:3D:54:BE:12:3C,ALL,udp:19814,192.168.3.1*,2,170,1,77,1,93
44:3D:54:BE:12:3C,ALL,udp:19814,192.168.3.105*,2,170,1,93,1,77
44:3D:54:BE:12:3C,ALL,udp:40308,192.168.3.1*,2,368,1,120,1,248
44:3D:54:BE:12:3C,ALL,udp:40308,192.168.3.105*,2,368,1,248,1,120
44:3D:54:BE:12:3C,ALL,udp:34222,192.168.3.1*,2,253,1,79,1,174
44:3D:54:BE:12:3C,ALL,udp:34222,192.168.3.105*,2,253,1,174,1,79
44:3D:54:BE:12:3C,ALL,udp:59997,192.168.3.1*,2,242,1,89,1,153
44:3D:54:BE:12:3C,ALL,udp:59997,192.168.3.105*,2,242,1,153,1,89
44:3D:54:BE:12:3C,ALL,udp:3561,192.168.3.1*,2,253,1,79,1,174
44:3D:54:BE:12:3C,ALL,udp:3561,192.168.3.105*,2,253,1,174,1,79
44:3D:54:BE:12:3C,ALL,udp:10603,192.168.3.1*,2,242,1,89,1,153
44:3D:54:BE:12:3C,ALL,udp:10603,192.168.3.105*,2,242,1,153,1,89
44:3D:54:BE:12:3C,ALL,udp:53638,192.168.3.1*,2,253,1,79,1,174
44:3D:54:BE:12:3C,ALL,udp:53638,192.168.3.105*,2,253,1,174,1,79
44:3D:54:BE:12:3C,ALL,udp:11709,192.168.3.1*,2,242,1,89,1,153
44:3D:54:BE:12:3C,ALL,udp:11709,192.168.3.105*,2,242,1,153,1,89
44:3D:54:BE:12:3C,ALL,udp:18681,192.168.3.1*,2,170,1,77,1,93
44:3D:54:BE:12:3C,ALL,udp:18681,192.168.3.105*,2,170,1,93,1,77
44:3D:54:BE:12:3C,ALL,udp:31194,192.168.3.1*,2,253,1,79,1,174
44:3D:54:BE:12:3C,ALL,udp:31194,192.168.3.105*,2,253,1,174,1,79
44:3D:54:BE:12:3C,ALL,udp:8651,192.168.3.1*,2,228,1,90,1,138
44:3D:54:BE:12:3C,ALL,udp:8651,192.168.3.105*,2,228,1,138,1,90
44:3D:54:BE:12:3C,ALL,udp:43299,192.168.3.1*,2,242,1,89,1,153
44:3D:54:BE:12:3C,ALL,udp:43299,192.168.3.105*,2,242,1,153,1,89
44:3D:54:BE:12:3C,ALL,udp:63933,192.168.3.1*,2,253,1,79,1,174
44:3D:54:BE:12:3C,ALL,udp:63933,192.168.3.105*,2,253,1,174,1,79
44:3D:54:BE:12:3C,ALL,udp:13814,192.168.3.1*,2,253,1,79,1,174
44:3D:54:BE:12:3C,ALL,udp:13814,192.168.3.105*,2,253,1,174,1,79
44:3D:54:BE:12:3C,ALL,udp:14766,192.168.3.1*,2,242,1,89,1,153
44:3D:54:BE:12:3C,ALL,udp:14766,192.168.3.105*,2,242,1,153,1,89
44:3D:54:BE:12:3C,ALL,udp:60266,192.168.3.1*,2,242,1,89,1,153
44:3D:54:BE:12:3C,ALL,udp:60266,192.168.3.105*,2,242,1,153,1,89
44:3D:54:BE:12:3C,ALL,udp:34466,192.168.3.1*,2,170,1,77,1,93
44:3D:54:BE:12:3C,ALL,udp:34466,192.168.3.105*,2,170,1,93,1,77
44:3D:54:BE:12:3C,ALL,udp:16894,192.168.3.1*,2,253,1,79,1,174
44:3D:54:BE:12:3C,ALL,udp:16894,192.168.3.105*,2,253,1,174,1,79
44:3D:54:BE:12:3C,ALL,udp:30199,192.168.3.1*,2,368,1,120,1,248
44:3D:54:BE:12:3C,ALL,udp:30199,192.168.3.105*,2,368,1,248,1,120
44:3D:54:BE:12:3C,ALL,udp:17819,192.168.3.1*,2,253,1,79,1,174
44:3D:54:BE:12:3C,ALL,udp:17819,192.168.3.105*,2,253,1,174,1,79
44:3D:54:BE:12:3C,ALL,udp:23909,192.168.3.1*,2,242,1,89,1,153
44:3D:54:BE:12:3C,ALL,udp:23909,192.168.3.105*,2,242,1,153,1,89
44:3D:54:BE:12:3C,ALL,udp:27052,192.168.3.1*,2,164,1,74,1,90
44:3D:54:BE:12:3C,ALL,udp:27052,192.168.3.105*,2,164,1,90,1,74
44:3D:54:BE:12:3C,ALL,udp:55329,192.168.3.1*,2,242,1,89,1,153
44:3D:54:BE:12:3C,ALL,udp:55329,192.168.3.105*,2,242,1,153,1,89
44:3D:54:BE:12:3C,ALL,udp:26442,192.168.3.105*,2,242,1,153,1,89
44:3D:54:BE:12:3C,ALL,udp:26442,8.8.8.8*,2,242,1,89,1,153
44:3D:54:BE:12:3C,ALL,udp:19386,192.168.3.1*,2,170,1,77,1,93
44:3D:54:BE:12:3C,ALL,udp:19386,192.168.3.105*,2,170,1,93,1,77
44:3D:54:BE:12:3C,ALL,udp:12143,192.168.3.1*,2,228,1,90,1,138
44:3D:54:BE:12:3C,ALL,udp:12143,192.168.3.105*,2,228,1,138,1,90
44:3D:54:BE:12:3C,ALL,udp:15372,192.168.3.1*,2,253,1,79,1,174
44:3D:54:BE:12:3C,ALL,udp:15372,192.168.3.105*,2,253,1,174,1,79
44:3D:54:BE:12:3C,ALL,udp:48390,192.168.3.1*,2,242,1,89,1,153
44:3D:54:BE:12:3C,ALL,udp:48390,192.168.3.105*,2,242,1,153,1,89
44:3D:54:BE:12:3C,ALL,udp:20503,192.168.3.1*,2,253,1,79,1,174
44:3D:54:BE:12:3C,ALL,udp:20503,192.168.3.105*,2,253,1,174,1,79
44:3D:54:BE:12:3C,ALL,udp:58968,192.168.3.1*,2,242,1,89,1,153
44:3D:54:BE:12:3C,ALL,udp:58968,192.168.3.105*,2,242,1,153,1,89
44:3D:54:BE:12:3C,ALL,udp:65185,192.168.3.1*,2,170,1,77,1,93
44:3D:54:BE:12:3C,ALL,udp:65185,192.168.3.105*,2,170,1,93,1,77
44:3D:54:BE:12:3C,ALL,udp:25403,192.168.3.1*,2,368,1,120,1,248
44:3D:54:BE:12:3C,ALL,udp:25403,192.168.3.105*,2,368,1,248,1,120
44:3D:54:BE:12:3C,ALL,udp:32194,192.168.3.1*,2,253,1,79,1,174
44:3D:54:BE:12:3C,ALL,udp:32194,192.168.3.105*,2,253,1,174,1,79
44:3D:54:BE:12:3C,ALL,udp:3833,192.168.3.1*,2,242,1,89,1,153
44:3D:54:BE:12:3C,ALL,udp:3833,192.168.3.105*,2,242,1,153,1,89
44:3D:54:BE:12:3C,ALL,udp:56808,192.168.3.1*,2,242,1,89,1,153
44:3D:54:BE:12:3C,ALL,udp:56808,192.168.3.105*,2,242,1,153,1,89
44:3D:54:BE:12:3C,ALL,udp:21074,192.168.3.1*,2,253,1,79,1,174
44:3D:54:BE:12:3C,ALL,udp:21074,192.168.3.105*,2,253,1,174,1,79
44:3D:54:BE:12:3C,ALL,udp:3373,192.168.3.1*,2,253,1,79,1,174
44:3D:54:BE:12:3C,ALL,udp:3373,192.168.3.105*,2,253,1,174,1,79
44:3D:54:BE:12:3C,ALL,udp:18429,192.168.3.1*,2,242,1,89,1,153
44:3D:54:BE:12:3C,ALL,udp:18429,192.168.3.105*,2,242,1,153,1,89
44:3D:54:BE:12:3C,ALL,udp:6850,192.168.3.1*,2,228,1,90,1,138
44:3D:54:BE:12:3C,ALL,udp:6850,192.168.3.105*,2,228,1,138,1,90
44:3D:54:BE:12:3C,ALL,udp:38244,192.168.3.1*,2,253,1,79,1,174
44:3D:54:BE:12:3C,ALL,udp:38244,192.168.3.105*,2,253,1,174,1,79
44:3D:54:BE:12:3C,ALL,udp:35236,192.168.3.1*,2,242,1,89,1,153
44:3D:54:BE:12:3C,ALL,udp:35236,192.168.3.105*,2,242,1,153,1,89
44:3D:54:BE:12:3C,ALL,udp:46789,192.168.3.1*,2,253,1,79,1,174
44:3D:54:BE:12:3C,ALL,udp:46789,192.168.3.105*,2,253,1,174,1,79
44:3D:54:BE:12:3C,ALL,udp:60018,192.168.3.1*,2,253,1,79,1,174
44:3D:54:BE:12:3C,ALL,udp:60018,192.168.3.105*,2,253,1,174,1,79
44:3D:54:BE:12:3C,ALL,udp:10576,192.168.3.1*,2,242,1,89,1,153
44:3D:54:BE:12:3C,ALL,udp:10576,192.168.3.105*,2,242,1,153,1,89
44:3D:54:BE:12:3C,ALL,udp:25826,192.168.3.1*,2,253,1,79,1,174
44:3D:54:BE:12:3C,ALL,udp:25826,192.168.3.105*,2,253,1,174,1,79
44:3D:54:BE:12:3C,ALL,udp:51509,192.168.3.1*,2,242,1,89,1,153
44:3D:54:BE:12:3C,ALL,udp:51509,192.168.3.105*,2,242,1,153,1,89
44:3D:54:BE:12:3C,ALL,udp:57428,192.168.3.1*,2,170,1,77,1,93
44:3D:54:BE:12:3C,ALL,udp:57428,192.168.3.105*,2,170,1,93,1,77
44:3D:54:BE:12:3C,ALL,udp:7184,192.168.3.1*,2,368,1,120,1,248
44:3D:54:BE:12:3C,ALL,udp:7184,192.168.3.105*,2,368,1,248,1,120
44:3D:54:BE:12:3C,ALL,udp:8284,192.168.3.1*,2,164,1,74,1,90
44:3D:54:BE:12:3C,ALL,udp:8284,192.168.3.105*,2,164,1,90,1,74
44:3D:54:BE:12:3C,ALL,udp:10955,192.168.3.1*,2,253,1,79,1,174
44:3D:54:BE:12:3C,ALL,udp:10955,192.168.3.105*,2,253,1,174,1,79
44:3D:54:BE:12:3C,ALL,udp:1151,192.168.3.1*,2,242,1,89,1,153
44:3D:54:BE:12:3C,ALL,udp:1151,192.168.3.105*,2,242,1,153,1,89
44:3D:54:BE:12:3C,ALL,udp:20674,192.168.3.1*,2,253,1,79,1,174
44:3D:54:BE:12:3C,ALL,udp:20674,192.168.3.105*,2,253,1,174,1,79
44:3D:54:BE:12:3C,ALL,udp:60449,192.168.3.1*,2,242,1,89,1,153
44:3D:54:BE:12:3C,ALL,udp:60449,192.168.3.105*,2,242,1,153,1,89
44:3D:54:BE:12:3C,ALL,udp:16880,192.168.3.1*,2,228,1,90,1,138
44:3D:54:BE:12:3C,ALL,udp:16880,192.168.3.105*,2,228,1,138,1,90
44:3D:54:BE:12:3C,ALL,udp:11772,192.168.3.1*,2,170,1,77,1,93
44:3D:54:BE:12:3C,ALL,udp:11772,192.168.3.105*,2,170,1,93,1,77
44:3D:54:BE:12:3C,ALL,udp:53473,192.168.3.1*,2,242,1,89,1,153
44:3D:54:BE:12:3C,ALL,udp:53473,192.168.3.105*,2,242,1,153,1,89
44:3D:54:BE:12:3C,ALL,udp:38148,192.168.3.1*,2,253,1,79,1,174
44:3D:54:BE:12:3C,ALL,udp:38148,192.168.3.105*,2,253,1,174,1,79
44:3D:54:BE:12:3C,ALL,udp:20836,192.168.3.1*,2,242,1,89,1,153
44:3D:54:BE:12:3C,ALL,udp:20836,192.168.3.105*,2,242,1,153,1,89
44:3D:54:BE:12:3C,ALL,udp:25703,192.168.3.1*,2,253,1,79,1,174
44:3D:54:BE:12:3C,ALL,udp:25703,192.168.3.105*,2,253,1,174,1,79
44:3D:54:BE:12:3C,ALL,udp:63165,192.168.3.1*,2,253,1,79,1,174
44:3D:54:BE:12:3C,ALL,udp:63165,192.168.3.105*,2,253,1,174,1,79
44:3D:54:BE:12:3C,ALL,udp:49748,192.168.3.1*,2,242,1,89,1,153
44:3D:54:BE:12:3C,ALL,udp:49748,192.168.3.105*,2,242,1,153,1,89
44:3D:54:BE:12:3C,ALL,udp:62894,192.168.3.1*,2,170,1,77,1,93
44:3D:54:BE:12:3C,ALL,udp:62894,192.168.3.105*,2,170,1,93,1,77
44:3D:54:BE:12:3C,ALL,udp:45233,192.168.3.1*,2,253,1,79,1,174
44:3D:54:BE:12:3C,ALL,udp:45233,192.168.3.105*,2,253,1,174,1,79
44:3D:54:BE:12:3C,ALL,udp:12446,192.168.3.1*,2,253,1,79,1,174
44:3D:54:BE:12:3C,ALL,udp:12446,192.168.3.105*,2,253,1,174,1,79
44:3D:54:BE:12:3C,ALL,udp:21957,192.168.3.1*,2,368,1,120,1,248
44:3D:54:BE:12:3C,ALL,udp:21957,192.168.3.105*,2,368,1,248,1,120
44:3D:54:BE:12:3C,ALL,udp:17547,192.168.3.1*,2,253,1,79,1,174
44:3D:54:BE:12:3C,ALL,udp:17547,192.168.3.105*,2,253,1,174,1,79
44:3D:54:BE:12:3C,ALL,udp:5406,192.168.3.1*,2,242,1,89,1,153
44:3D:54:BE:12:3C,ALL,udp:5406,192.168.3.105*,2,242,1,153,1,89
44:3D:54:BE:12:3C,ALL,udp:64578,192.168.3.105*,2,242,1,153,1,89
44:3D:54:BE:12:3C,ALL,udp:64578,8.8.8.8*,2,242,1,89,1,153
44:3D:54:BE:12:3C,ALL,udp:42963,192.168.3.1*,2,253,1,79,1,174
44:3D:54:BE:12:3C,ALL,udp:42963,192.168.3.105*,2,253,1,174,1,79
44:3D:54:BE:12:3C,ALL,udp:21973,192.168.3.1*,2,253,1,79,1,174
44:3D:54:BE:12:3C,ALL,udp:21973,192.168.3.105*,2,253,1,174,1,79
44:3D:54:BE:12:3C,ALL,udp:21664,192.168.3.1*,2,228,1,90,1,138
44:3D:54:BE:12:3C,ALL,udp:21664,192.168.3.105*,2,228,1,138,1,90
44:3D:54:BE:12:3C,ALL,udp:27501,192.168.3.1*,2,242,1,89,1,153
44:3D:54:BE:12:3C,ALL,udp:27501,192.168.3.105*,2,242,1,153,1,89
44:3D:54:BE:12:3C,ALL,udp:9817,192.168.3.1*,2,170,1,77,1,93
44:3D:54:BE:12:3C,ALL,udp:9817,192.168.3.105*,2,170,1,93,1,77
44:3D:54:BE:12:3C,ALL,udp:41672,192.168.3.1*,2,253,1,79,1,174
44:3D:54:BE:12:3C,ALL,udp:41672,192.168.3.105*,2,253,1,174,1,79
44:3D:54:BE:12:3C,ALL,udp:65334,192.168.3.1*,2,253,1,79,1,174
44:3D:54:BE:12:3C,ALL,udp:65334,192.168.3.105*,2,253,1,174,1,79
44:3D:54:BE:12:3C,ALL,udp:43632,192.168.3.1*,2,253,1,79,1,174
44:3D:54:BE:12:3C,ALL,udp:43632,192.168.3.105*,2,253,1,174,1,79
44:3D:54:BE:12:3C,ALL,udp:32799,192.168.3.1*,2,242,1,89,1,153
44:3D:54:BE:12:3C,ALL,udp:32799,192.168.3.105*,2,242,1,153,1,89
44:3D:54:BE:12:3C,ALL,udp:63225,192.168.3.1*,2,242,1,89,1,153
44:3D:54:BE:12:3C,ALL,udp:63225,192.168.3.105*,2,242,1,153,1,89
44:3D:54:BE:12:3C,ALL,udp:38531,192.168.3.1*,2,253,1,79,1,174
44:3D:54:BE:12:3C,ALL,udp:38531,192.168.3.105*,2,253,1,174,1,79
44:3D:54:BE:12:3C,ALL,udp:12073,192.168.3.1*,2,242,1,89,1,153
44:3D:54:BE:12:3C,ALL,udp:12073,192.168.3.105*,2,242,1,153,1,89
44:3D:54:BE:12:3C,ALL,udp:33565,192.168.3.1*,2,170,1,77,1,93
44:3D:54:BE:12:3C,ALL,udp:33565,192.168.3.105*,2,170,1,93,1,77
44:3D:54:BE:12:3C,ALL,udp:4438,192.168.3.1*,2,253,1,79,1,174
44:3D:54:BE:12:3C,ALL,udp:4438,192.168.3.105*,2,253,1,174,1,79
44:3D:54:BE:12:3C,ALL,udp:32911,192.168.3.1*,2,164,1,74,1,90
44:3D:54:BE:12:3C,ALL,udp:32911,192.168.3.105*,2,164,1,90,1,74
44:3D:54:BE:12:3C,ALL,udp:27060,192.168.3.1*,2,253,1,79,1,174
44:3D:54:BE:12:3C,ALL,udp:27060,192.168.3.105*,2,253,1,174,1,79
44:3D:54:BE:12:3C,ALL,udp:35975,192.168.3.1*,2,288,1,120,1,168
44:3D:54:BE:12:3C,ALL,udp:35975,192.168.3.105*,2,288,1,168,1,120
44:3D:54:BE:12:3C,ALL,udp:61687,192.168.3.1*,2,253,1,79,1,174
44:3D:54:BE:12:3C,ALL,udp:61687,192.168.3.105*,2,253,1,174,1,79
44:3D:54:BE:12:3C,ALL,udp:40631,192.168.3.1*,2,164,1,74,1,90
44:3D:54:BE:12:3C,ALL,udp:40631,192.168.3.105*,2,164,1,90,1,74
44:3D:54:BE:12:3C,ALL,udp:59571,192.168.3.1*,2,242,1,89,1,153
44:3D:54:BE:12:3C,ALL,udp:59571,192.168.3.105*,2,242,1,153,1,89
44:3D:54:BE:12:3C,ALL,udp:15126,192.168.3.1*,2,242,1,89,1,153
44:3D:54:BE:12:3C,ALL,udp:15126,192.168.3.105*,2,242,1,153,1,89
44:3D:54:BE:12:3C,ALL,udp:27121,192.168.3.1*,2,228,1,90,1,138
44:3D:54:BE:12:3C,ALL,udp:27121,192.168.3.105*,2,228,1,138,1,90
44:3D:54:BE:12:3C,ALL,udp:65492,192.168.3.1*,2,242,1,89,1,153
44:3D:54:BE:12:3C,ALL,udp:65492,192.168.3.105*,2,242,1,153,1,89
44:3D:54:BE:12:3C,ALL,udp:41181,192.168.3.1*,2,253,1,79,1,174
44:3D:54:BE:12:3C,ALL,udp:41181,192.168.3.105*,2,253,1,174,1,79
44:3D:54:BE:12:3C,ALL,udp:65432,192.168.3.1*,2,170,1,77,1,93
44:3D:54:BE:12:3C,ALL,udp:65432,192.168.3.105*,2,170,1,93,1,77
44:3D:54:BE:12:3C,ALL,udp:64957,192.168.3.1*,2,253,1,79,1,174
44:3D:54:BE:12:3C,ALL,udp:64957,192.168.3.105*,2,253,1,174,1,79
44:3D:54:BE:12:3C,ALL,udp:28503,192.168.3.1*,2,253,1,79,1,174
44:3D:54:BE:12:3C,ALL,udp:28503,192.168.3.105*,2,253,1,174,1,79
44:3D:54:BE:12:3C,ALL,udp:11544,192.168.3.1*,2,242,1,89,1,153
44:3D:54:BE:12:3C,ALL,udp:11544,192.168.3.105*,2,242,1,153,1,89
44:3D:54:BE:12:3C,ALL,udp:41318,192.168.3.1*,2,253,1,79,1,174
44:3D:54:BE:12:3C,ALL,udp:41318,192.168.3.105*,2,253,1,174,1,79
44:3D:54:BE:12:3C,ALL,udp:3677,192.168.3.1*,2,242,1,89,1,153
44:3D:54:BE:12:3C,ALL,udp:3677,192.168.3.105*,2,242,1,153,1,89
44:3D:54:BE:12:3C,ALL,udp:8576,192.168.3.1*,2,170,1,77,1,93
44:3D:54:BE:12:3C,ALL,udp:8576,192.168.3.105*,2,170,1,93,1,77
44:3D:54:BE:12:3C,ALL,udp:58111,192.168.3.1*,2,253,1,79,1,174
44:3D:54:BE:12:3C,ALL,udp:58111,192.168.3.105*,2,253,1,174,1,79
44:3D:54:BE:12:3C,ALL,udp:36797,192.168.3.1*,2,368,1,120,1,248
44:3D:54:BE:12:3C,ALL,udp:36797,192.168.3.105*,2,368,1,248,1,120
44:3D:54:BE:12:3C,ALL,udp:41735,192.168.3.1*,2,253,1,79,1,174
44:3D:54:BE:12:3C,ALL,udp:41735,192.168.3.105*,2,253,1,174,1,79
44:3D:54:BE:12:3C,ALL,udp:36934,192.168.3.1*,2,242,1,89,1,153
44:3D:54:BE:12:3C,ALL,udp:36934,192.168.3.105*,2,242,1,153,1,89
44:3D:54:BE:12:3C,ALL,udp:4479,192.168.3.1*,2,253,1,79,1,174
44:3D:54:BE:12:3C,ALL,udp:4479,192.168.3.105*,2,253,1,174,1,79
44:3D:54:BE:12:3C,ALL,udp:22322,192.168.3.1*,2,242,1,89,1,153
44:3D:54:BE:12:3C,ALL,udp:22322,192.168.3.105*,2,242,1,153,1,89
44:3D:54:BE:12:3C,ALL,udp:56025,192.168.3.1*,2,228,1,90,1,138
44:3D:54:BE:12:3C,ALL,udp:56025,192.168.3.105*,2,228,1,138,1,90
44:3D:54:BE:12:3C,ALL,udp:55531,192.168.3.1*,2,253,1,79,1,174
44:3D:54:BE:12:3C,ALL,udp:55531,192.168.3.105*,2,253,1,174,1,79
44:3D:54:BE:12:3C,ALL,udp:11122,192.168.3.1*,2,253,1,79,1,174
44:3D:54:BE:12:3C,ALL,udp:11122,192.168.3.105*,2,253,1,174,1,79
44:3D:54:BE:12:3C,ALL,udp:30138,192.168.3.1*,2,242,1,89,1,153
44:3D:54:BE:12:3C,ALL,udp:30138,192.168.3.105*,2,242,1,153,1,89
44:3D:54:BE:12:3C,ALL,udp:2838,192.168.3.1*,2,170,1,77,1,93
44:3D:54:BE:12:3C,ALL,udp:2838,192.168.3.105*,2,170,1,93,1,77
44:3D:54:BE:12:3C,ALL,udp:61382,192.168.3.1*,2,242,1,89,1,153
44:3D:54:BE:12:3C,ALL,udp:61382,192.168.3.105*,2,242,1,153,1,89
44:3D:54:BE:12:3C,ALL,udp:22068,192.168.3.1*,2,253,1,79,1,174
44:3D:54:BE:12:3C,ALL,udp:22068,192.168.3.105*,2,253,1,174,1,79
44:3D:54:BE:12:3C,ALL,udp:13278,192.168.3.1*,2,242,1,89,1,153
44:3D:54:BE:12:3C,ALL,udp:13278,192.168.3.105*,2,242,1,153,1,89
44:3D:54:BE:12:3C,ALL,udp:30787,192.168.3.1*,2,242,1,89,1,153
44:3D:54:BE:12:3C,ALL,udp:30787,192.168.3.105*,2,242,1,153,1,89
44:3D:54:BE:12:3C,ALL,udp:30613,192.168.3.1*,2,253,1,79,1,174
44:3D:54:BE:12:3C,ALL,udp:30613,192.168.3.105*,2,253,1,174,1,79
44:3D:54:BE:12:3C,ALL,udp:1856,192.168.3.1*,2,253,1,79,1,174
44:3D:54:BE:12:3C,ALL,udp:1856,192.168.3.105*,2,253,1,174,1,79
44:3D:54:BE:12:3C,ALL,udp:57112,192.168.3.1*,2,242,1,89,1,153
44:3D:54:BE:12:3C,ALL,udp:57112,192.168.3.105*,2,242,1,153,1,89
44:3D:54:BE:12:3C,ALL,udp:50289,192.168.3.1*,2,170,1,77,1,93
44:3D:54:BE:12:3C,ALL,udp:50289,192.168.3.105*,2,170,1,93,1,77
44:3D:54:BE:12:3C,ALL,udp:49900,192.168.3.1*,2,164,1,74,1,90
44:3D:54:BE:12:3C,ALL,udp:49900,192.168.3.105*,2,164,1,90,1,74
44:3D:54:BE:12:3C,ALL,udp:7932,192.168.3.1*,2,368,1,120,1,248
44:3D:54:BE:12:3C,ALL,udp:7932,192.168.3.105*,2,368,1,248,1,120
44:3D:54:BE:12:3C,ALL,udp:5810,192.168.3.1*,2,253,1,79,1,174
44:3D:54:BE:12:3C,ALL,udp:5810,192.168.3.105*,2,253,1,174,1,79
44:3D:54:BE:12:3C,ALL,udp:10336,192.168.3.1*,2,242,1,89,1,153
44:3D:54:BE:12:3C,ALL,udp:10336,192.168.3.105*,2,242,1,153,1,89
44:3D:54:BE:12:3C,ALL,udp:1838,192.168.3.1*,2,253,1,79,1,174
44:3D:54:BE:12:3C,ALL,udp:1838,192.168.3.105*,2,253,1,174,1,79
44:3D:54:BE:12:3C,ALL,udp:39118,192.168.3.1*,2,242,1,89,1,153
44:3D:54:BE:12:3C,ALL,udp:39118,192.168.3.105*,2,242,1,153,1,89
44:3D:54:BE:12:3C,ALL,udp:37255,192.168.3.1*,2,228,1,90,1,138
44:3D:54:BE:12:3C,ALL,udp:37255,192.168.3.105*,2,228,1,138,1,90
44:3D:54:BE:12:3C,ALL,udp:6148,192.168.3.1*,2,253,1,79,1,174
44:3D:54:BE:12:3C,ALL,udp:6148,192.168.3.105*,2,253,1,174,1,79
44:3D:54:BE:12:3C,ALL,udp:21571,192.168.3.1*,2,242,1,89,1,153
44:3D:54:BE:12:3C,ALL,udp:21571,192.168.3.105*,2,242,1,153,1,89
44:3D:54:BE:12:3C,ALL,udp:28080,192.168.3.1*,2,170,1,77,1,93
44:3D:54:BE:12:3C,ALL,udp:28080,192.168.3.105*,2,170,1,93,1,77
44:3D:54:BE:12:3C,ALL,udp:47221,192.168.3.1*,2,253,1,79,1,174
44:3D:54:BE:12:3C,ALL,udp:47221,192.168.3.105*,2,253,1,174,1,79
44:3D:54:BE:12:3C,ALL,udp:43997,192.168.3.1*,2,253,1,79,1,174
44:3D:54:BE:12:3C,ALL,udp:43997,192.168.3.105*,2,253,1,174,1,79
44:3D:54:BE:12:3C,ALL,udp:9055,192.168.3.1*,2,242,1,89,1,153
44:3D:54:BE:12:3C,ALL,udp:9055,192.168.3.105*,2,242,1,153,1,89
44:3D:54:BE:12:3C,ALL,udp:35713,192.168.3.1*,2,253,1,79,1,174
44:3D:54:BE:12:3C,ALL,udp:35713,192.168.3.105*,2,253,1,174,1,79
44:3D:54:BE:12:3C,ALL,udp:47430,192.168.3.1*,2,242,1,89,1,153
44:3D:54:BE:12:3C,ALL,udp:47430,192.168.3.105*,2,242,1,153,1,89
44:3D:54:BE:12:3C,ALL,udp:14551,192.168.3.1*,2,242,1,89,1,153
44:3D:54:BE:12:3C,ALL,udp:14551,192.168.3.105*,2,242,1,153,1,89
44:3D:54:BE:12:3C,ALL,udp:14595,192.168.3.1*,2,170,1,77,1,93
44:3D:54:BE:12:3C,ALL,udp:14595,192.168.3.105*,2,170,1,93,1,77
44:3D:54:BE:12:3C,ALL,udp:7909,192.168.3.1*,2,253,1,79,1,174
44:3D:54:BE:12:3C,ALL,udp:7909,192.168.3.105*,2,253,1,174,1,79
44:3D:54:BE:12:3C,ALL,udp:40844,192.168.3.1*,2,368,1,120,1,248
44:3D:54:BE:12:3C,ALL,udp:40844,192.168.3.105*,2,368,1,248,1,120
44:3D:54:BE:12:3C,ALL,udp:47298,192.168.3.1*,2,253,1,79,1,174
44:3D:54:BE:12:3C,ALL,udp:47298,192.168.3.105*,2,253,1,174,1,79
44:3D:54:BE:12:3C,ALL,udp:55401,192.168.3.1*,2,242,1,89,1,153
44:3D:54:BE:12:3C,ALL,udp:55401,192.168.3.105*,2,242,1,153,1,89
44:3D:54:BE:12:3C,ALL,udp:62245,192.168.3.1*,2,253,1,79,1,174
44:3D:54:BE:12:3C,ALL,udp:62245,192.168.3.105*,2,253,1,174,1,79
44:3D:54:BE:12:3C,ALL,udp:29400,192.168.3.1*,2,253,1,79,1,174
44:3D:54:BE:12:3C,ALL,udp:29400,192.168.3.105*,2,253,1,174,1,79
44:3D:54:BE:12:3C,ALL,udp:6072,192.168.3.1*,2,253,1,79,1,174
44:3D:54:BE:12:3C,ALL,udp:6072,192.168.3.105*,2,253,1,174,1,79
44:3D:54:BE:12:3C,ALL,udp:17045,192.168.3.1*,2,228,1,90,1,138
44:3D:54:BE:12:3C,ALL,udp:17045,192.168.3.105*,2,228,1,138,1,90
44:3D:54:BE:12:3C,ALL,udp:29664,192.168.3.1*,2,242,1,89,1,153
44:3D:54:BE:12:3C,ALL,udp:29664,192.168.3.105*,2,242,1,153,1,89
44:3D:54:BE:12:3C,ALL,udp:36995,192.168.3.1*,2,253,1,79,1,174
44:3D:54:BE:12:3C,ALL,udp:36995,192.168.3.105*,2,253,1,174,1,79
44:3D:54:BE:12:3C,ALL,udp:50725,192.168.3.1*,2,242,1,89,1,153
44:3D:54:BE:12:3C,ALL,udp:50725,192.168.3.105*,2,242,1,153,1,89
44:3D:54:BE:12:3C,ALL,udp:9636,192.168.3.1*,2,242,1,89,1,153
44:3D:54:BE:12:3C,ALL,udp:9636,192.168.3.105*,2,242,1,153,1,89
44:3D:54:BE:12:3C,ALL,udp:60982,192.168.3.1*,2,253,1,79,1,174
44:3D:54:BE:12:3C,ALL,udp:60982,192.168.3.105*,2,253,1,174,1,79
44:3D:54:BE:12:3C,ALL,udp:37863,192.168.3.1*,2,242,1,89,1,153
44:3D:54:BE:12:3C,ALL,udp:37863,192.168.3.105*,2,242,1,153,1,89
44:3D:54:BE:12:3C,ALL,udp:12036,192.168.3.1*,2,164,1,74,1,90
44:3D:54:BE:12:3C,ALL,udp:12036,192.168.3.105*,2,164,1,90,1,74
44:3D:54:BE:12:3C,ALL,udp:7717,192.168.3.1*,2,242,1,89,1,153
44:3D:54:BE:12:3C,ALL,udp:7717,192.168.3.105*,2,242,1,153,1,89
44:3D:54:BE:12:3C,ALL,udp:28348,192.168.3.1*,2,170,1,77,1,93
44:3D:54:BE:12:3C,ALL,udp:28348,192.168.3.105*,2,170,1,93,1,77
44:3D:54:BE:12:3C,ALL,udp:44160,192.168.3.1*,2,253,1,79,1,174
44:3D:54:BE:12:3C,ALL,udp:44160,192.168.3.105*,2,253,1,174,1,79
44:3D:54:BE:12:3C,ALL,udp:48046,192.168.3.1*,2,368,1,120,1,248
44:3D:54:BE:12:3C,ALL,udp:48046,192.168.3.105*,2,368,1,248,1,120
44:3D:54:BE:12:3C,ALL,udp:36815,192.168.3.1*,2,242,1,89,1,153
44:3D:54:BE:12:3C,ALL,udp:36815,192.168.3.105*,2,242,1,153,1,89
44:3D:54:BE:12:3C,ALL,udp:27692,192.168.3.1*,2,253,1,79,1,174
44:3D:54:BE:12:3C,ALL,udp:27692,192.168.3.105*,2,253,1,174,1,79
44:3D:54:BE:12:3C,ALL,udp:20893,192.168.3.1*,2,228,1,90,1,138
44:3D:54:BE:12:3C,ALL,udp:20893,192.168.3.105*,2,228,1,138,1,90
44:3D:54:BE:12:3C,ALL,udp:2198,192.168.3.1*,2,242,1,89,1,153
44:3D:54:BE:12:3C,ALL,udp:2198,192.168.3.105*,2,242,1,153,1,89
44:3D:54:BE:12:3C,ALL,udp:54381,192.168.3.1*,2,253,1,79,1,174
44:3D:54:BE:12:3C,ALL,udp:54381,192.168.3.105*,2,253,1,174,1,79
44:3D:54:BE:12:3C,ALL,udp:60089,192.168.3.1*,2,253,1,79,1,174
44:3D:54:BE:12:3C,ALL,udp:60089,192.168.3.105*,2,253,1,174,1,79
44:3D:54:BE:12:3C,ALL,udp:56027,192.168.3.1*,2,242,1,89,1,153
44:3D:54:BE:12:3C,ALL,udp:56027,192.168.3.105*,2,242,1,153,1,89
44:3D:54:BE:12:3C,ALL,udp:4077,192.168.3.1*,2,170,1,77,1,93
44:3D:54:BE:12:3C,ALL,udp:4077,192.168.3.105*,2,170,1,93,1,77
44:3D:54:BE:12:3C,ALL,udp:1061,192.168.3.1*,2,242,1,89,1,153
44:3D:54:BE:12:3C,ALL,udp:1061,192.168.3.105*,2,242,1,153,1,89
44:3D:54:BE:12:3C,ALL,udp:55402,192.168.3.1*,2,196,1,90,1,106
44:3D:54:BE:12:3C,ALL,udp:55402,192.168.3.105*,2,196,1,106,1,90
44:3D:54:BE:12:3C,ALL,udp:19085,192.168.3.1*,2,253,1,79,1,174
44:3D:54:BE:12:3C,ALL,udp:19085,192.168.3.105*,2,253,1,174,1,79
44:3D:54:BE:12:3C,ALL,udp:20469,192.168.3.1*,2,253,1,79,1,174
44:3D:54:BE:12:3C,ALL,udp:20469,192.168.3.105*,2,253,1,174,1,79
44:3D:54:BE:12:3C,ALL,udp:30422,192.168.3.1*,2,242,1,89,1,153
44:3D:54:BE:12:3C,ALL,udp:30422,192.168.3.105*,2,242,1,153,1,89
44:3D:54:BE:12:3C,ALL,udp:54937,192.168.3.1*,2,242,1,89,1,153
44:3D:54:BE:12:3C,ALL,udp:54937,192.168.3.105*,2,242,1,153,1,89
44:3D:54:BE:12:3C,ALL,udp:58055,192.168.3.1*,2,170,1,77,1,93
44:3D:54:BE:12:3C,ALL,udp:58055,192.168.3.105*,2,170,1,93,1,77
44:3D:54:BE:12:3C,ALL,udp:44527,192.168.3.1*,2,253,1,79,1,174
44:3D:54:BE:12:3C,ALL,udp:44527,192.168.3.105*,2,253,1,174,1,79
44:3D:54:BE:12:3C,ALL,udp:32703,192.168.3.1*,2,368,1,120,1,248
44:3D:54:BE:12:3C,ALL,udp:32703,192.168.3.105*,2,368,1,248,1,120
44:3D:54:BE:12:3C,ALL,udp:13730,192.168.3.1*,2,242,1,89,1,153
44:3D:54:BE:12:3C,ALL,udp:13730,192.168.3.105*,2,242,1,153,1,89
44:3D:54:BE:12:3C,ALL,udp:21425,192.168.3.1*,2,253,1,79,1,174
44:3D:54:BE:12:3C,ALL,udp:21425,192.168.3.105*,2,253,1,174,1,79
44:3D:54:BE:12:3C,ALL,udp:60856,192.168.3.1*,2,228,1,90,1,138
44:3D:54:BE:12:3C,ALL,udp:60856,192.168.3.105*,2,228,1,138,1,90
44:3D:54:BE:12:3C,ALL,udp:59533,192.168.3.1*,2,253,1,79,1,174
44:3D:54:BE:12:3C,ALL,udp:59533,192.168.3.105*,2,253,1,174,1,79
44:3D:54:BE:12:3C,ALL,udp:16643,192.168.3.1*,2,253,1,79,1,174
44:3D:54:BE:12:3C,ALL,udp:16643,192.168.3.105*,2,253,1,174,1,79
44:3D:54:BE:12:3C,ALL,udp:16089,192.168.3.1*,2,253,1,79,1,174
44:3D:54:BE:12:3C,ALL,udp:16089,192.168.3.105*,2,253,1,174,1,79
44:3D:54:BE:12:3C,ALL,udp:53446,192.168.3.1*,2,170,1,77,1,93
44:3D:54:BE:12:3C,ALL,udp:53446,192.168.3.105*,2,170,1,93,1,77
44:3D:54:BE:12:3C,ALL,udp:26505,192.168.3.1*,2,242,1,89,1,153
44:3D:54:BE:12:3C,ALL,udp:26505,192.168.3.105*,2,242,1,153,1,89
44:3D:54:BE:12:3C,ALL,udp:23885,192.168.3.1*,2,253,1,79,1,174
44:3D:54:BE:12:3C,ALL,udp:23885,192.168.3.105*,2,253,1,174,1,79
44:3D:54:BE:12:3C,ALL,udp:40272,192.168.3.1*,2,242,1,89,1,153
44:3D:54:BE:12:3C,ALL,udp:40272,192.168.3.105*,2,242,1,153,1,89
44:3D:54:BE:12:3C,ALL,udp:40788,192.168.3.1*,2,253,1,79,1,174
44:3D:54:BE:12:3C,ALL,udp:40788,192.168.3.105*,2,253,1,174,1,79
44:3D:54:BE:12:3C,ALL,udp:47748,192.168.3.1*,2,253,1,79,1,174
44:3D:54:BE:12:3C,ALL,udp:47748,192.168.3.105*,2,253,1,174,1,79
44:3D:54:BE:12:3C,ALL,udp:54105,192.168.3.1*,2,253,1,79,1,174
44:3D:54:BE:12:3C,ALL,udp:54105,192.168.3.105*,2,253,1,174,1,79
44:3D:54:BE:12:3C,ALL,udp:47757,192.168.3.1*,2,253,1,79,1,174
44:3D:54:BE:12:3C,ALL,udp:47757,192.168.3.105*,2,253,1,174,1,79
44:3D:54:BE:12:3C,ALL,udp:3105,192.168.3.1*,2,242,1,89,1,153
44:3D:54:BE:12:3C,ALL,udp:3105,192.168.3.105*,2,242,1,153,1,89
44:3D:54:BE:12:3C,ALL,udp:30363,192.168.3.1*,2,170,1,77,1,93
44:3D:54:BE:12:3C,ALL,udp:30363,192.168.3.105*,2,170,1,93,1,77
44:3D:54:BE:12:3C,ALL,udp:38942,192.168.3.1*,2,368,1,120,1,248
44:3D:54:BE:12:3C,ALL,udp:38942,192.168.3.105*,2,368,1,248,1,120
44:3D:54:BE:12:3C,ALL,udp:16357,192.168.3.1*,2,228,1,90,1,138
44:3D:54:BE:12:3C,ALL,udp:16357,192.168.3.105*,2,228,1,138,1,90
44:3D:54:BE:12:3C,ALL,udp:60773,192.168.3.1*,2,242,1,89,1,153
44:3D:54:BE:12:3C,ALL,udp:60773,192.168.3.105*,2,242,1,153,1,89
44:3D:54:BE:12:3C,ALL,udp:52435,192.168.3.1*,2,253,1,79,1,174
44:3D:54:BE:12:3C,ALL,udp:52435,192.168.3.105*,2,253,1,174,1,79
44:3D:54:BE:12:3C,ALL,udp:14128,192.168.3.1*,2,253,1,79,1,174
44:3D:54:BE:12:3C,ALL,udp:14128,192.168.3.105*,2,253,1,174,1,79
44:3D:54:BE:12:3C,ALL,udp:17356,192.168.3.1*,2,170,1,77,1,93
44:3D:54:BE:12:3C,ALL,udp:17356,192.168.3.105*,2,170,1,93,1,77
44:3D:54:BE:12:3C,ALL,udp:34042,192.168.3.1*,2,242,1,89,1,153
44:3D:54:BE:12:3C,ALL,udp:34042,192.168.3.105*,2,242,1,153,1,89
44:3D:54:BE:12:3C,ALL,udp:29224,192.168.3.1*,2,242,1,89,1,153
44:3D:54:BE:12:3C,ALL,udp:29224,192.168.3.105*,2,242,1,153,1,89
44:3D:54:BE:12:3C,ALL,udp:18430,192.168.3.1*,2,253,1,79,1,174
44:3D:54:BE:12:3C,ALL,udp:18430,192.168.3.105*,2,253,1,174,1,79
44:3D:54:BE:12:3C,ALL,udp:52074,192.168.3.1*,2,242,1,89,1,153
44:3D:54:BE:12:3C,ALL,udp:52074,192.168.3.105*,2,242,1,153,1,89
44:3D:54:BE:12:3C,ALL,udp:49465,192.168.3.1*,2,170,1,77,1,93
44:3D:54:BE:12:3C,ALL,udp:49465,192.168.3.105*,2,170,1,93,1,77
44:3D:54:BE:12:3C,ALL,udp:51432,192.168.3.1*,2,253,1,79,1,174
44:3D:54:BE:12:3C,ALL,udp:51432,192.168.3.105*,2,253,1,174,1,79
44:3D:54:BE:12:3C,ALL,udp:36043,192.168.3.1*,2,253,1,79,1,174
44:3D:54:BE:12:3C,ALL,udp:36043,192.168.3.105*,2,253,1,174,1,79
44:3D:54:BE:12:3C,ALL,udp:26667,192.168.3.1*,2,368,1,120,1,248
44:3D:54:BE:12:3C,ALL,udp:26667,192.168.3.105*,2,368,1,248,1,120
44:3D:54:BE:12:3C,ALL,udp:4599,192.168.3.1*,2,242,1,89,1,153
44:3D:54:BE:12:3C,ALL,udp:4599,192.168.3.105*,2,242,1,153,1,89
44:3D:54:BE:12:3C,ALL,udp:6827,192.168.3.1*,2,228,1,90,1,138
44:3D:54:BE:12:3C,ALL,udp:6827,192.168.3.105*,2,228,1,138,1,90
44:3D:54:BE:12:3C,ALL,udp:50462,192.168.3.1*,2,253,1,79,1,174
44:3D:54:BE:12:3C,ALL,udp:50462,192.168.3.105*,2,253,1,174,1,79
44:3D:54:BE:12:3C,ALL,udp:45993,192.168.3.1*,2,242,1,89,1,153
44:3D:54:BE:12:3C,ALL,udp:45993,192.168.3.105*,2,242,1,153,1,89
44:3D:54:BE:12:3C,ALL,udp:16059,192.168.3.1*,2,242,1,89,1,153
44:3D:54:BE:12:3C,ALL,udp:16059,192.168.3.105*,2,242,1,153,1,89
44:3D:54:BE:12:3C,ALL,udp:38657,192.168.3.1*,2,253,1,79,1,174
44:3D:54:BE:12:3C,ALL,udp:38657,192.168.3.105*,2,253,1,174,1,79
44:3D:54:BE:12:3C,ALL,udp:46582,192.168.3.1*,2,242,1,89,1,153
44:3D:54:BE:12:3C,ALL,udp:46582,192.168.3.105*,2,242,1,153,1,89
44:3D:54:BE:12:3C,ALL,udp:39971,192.168.3.1*,2,253,1,79,1,174
44:3D:54:BE:12:3C,ALL,udp:39971,192.168.3.105*,2,253,1,174,1,79
44:3D:54:BE:12:3C,ALL,udp:15211,192.168.3.1*,2,253,1,79,1,174
44:3D:54:BE:12:3C,ALL,udp:15211,192.168.3.105*,2,253,1,174,1,79
44:3D:54:BE:12:3C,ALL,udp:12691,192.168.3.1*,2,242,1,89,1,153
44:3D:54:BE:12:3C,ALL,udp:12691,192.168.3.105*,2,242,1,153,1,89
44:3D:54:BE:12:3C,ALL,udp:31131,192.168.3.1*,2,164,1,74,1,90
44:3D:54:BE:12:3C,ALL,udp:31131,192.168.3.105*,2,164,1,90,1,74
44:3D:54:BE:12:3C,ALL,udp:44799,192.168.3.1*,2,253,1,79,1,174
44:3D:54:BE:12:3C,ALL,udp:44799,192.168.3.105*,2,253,1,174,1,79
44:3D:54:BE:12:3C,ALL,udp:41983,192.168.3.1*,2,253,1,79,1,174
44:3D:54:BE:12:3C,ALL,udp:41983,192.168.3.105*,2,253,1,174,1,79
44:3D:54:BE:12:3C,ALL,udp:13255,192.168.3.1*,2,242,1,89,1,153
44:3D:54:BE:12:3C,ALL,udp:13255,192.168.3.105*,2,242,1,153,1,89
44:3D:54:BE:12:3C,ALL,udp:4402,192.168.3.1*,2,170,1,77,1,93
44:3D:54:BE:12:3C,ALL,udp:4402,192.168.3.105*,2,170,1,93,1,77
44:3D:54:BE:12:3C,ALL,udp:20175,192.168.3.1*,2,253,1,79,1,174
44:3D:54:BE:12:3C,ALL,udp:20175,192.168.3.105*,2,253,1,174,1,79
44:3D:54:BE:12:3C,ALL,udp:55974,192.168.3.1*,2,368,1,120,1,248
44:3D:54:BE:12:3C,ALL,udp:55974,192.168.3.105*,2,368,1,248,1,120
44:3D:54:BE:12:3C,ALL,udp:62669,192.168.3.1*,2,228,1,90,1,138
44:3D:54:BE:12:3C,ALL,udp:62669,192.168.3.105*,2,228,1,138,1,90
44:3D:54:BE:12:3C,ALL,udp:59407,192.168.3.1*,2,242,1,89,1,153
44:3D:54:BE:12:3C,ALL,udp:59407,192.168.3.105*,2,242,1,153,1,89
44:3D:54:BE:12:3C,ALL,udp:12163,192.168.3.1*,2,253,1,79,1,174
44:3D:54:BE:12:3C,ALL,udp:12163,192.168.3.105*,2,253,1,174,1,79
44:3D:54:BE:12:3C,ALL,udp:19217,192.168.3.1*,2,242,1,89,1,153
44:3D:54:BE:12:3C,ALL,udp:19217,192.168.3.105*,2,242,1,153,1,89
44:3D:54:BE:12:3C,ALL,udp:36881,192.168.3.1*,2,164,1,74,1,90
44:3D:54:BE:12:3C,ALL,udp:36881,192.168.3.105*,2,164,1,90,1,74
44:3D:54:BE:12:3C,ALL,udp:57622,192.168.3.1*,2,253,1,79,1,174
44:3D:54:BE:12:3C,ALL,udp:57622,192.168.3.105*,2,253,1,174,1,79
44:3D:54:BE:12:3C,ALL,udp:7328,192.168.3.1*,2,253,1,79,1,174
44:3D:54:BE:12:3C,ALL,udp:7328,192.168.3.105*,2,253,1,174,1,79
44:3D:54:BE:12:3C,ALL,udp:33329,192.168.3.1*,2,242,1,89,1,153
44:3D:54:BE:12:3C,ALL,udp:33329,192.168.3.105*,2,242,1,153,1,89
44:3D:54:BE:12:3C,ALL,udp:20055,192.168.3.1*,2,170,1,77,1,93
44:3D:54:BE:12:3C,ALL,udp:20055,192.168.3.105*,2,170,1,93,1,77
44:3D:54:BE:12:3C,ALL,udp:43888,192.168.3.1*,2,253,1,79,1,174
44:3D:54:BE:12:3C,ALL,udp:43888,192.168.3.105*,2,253,1,174,1,79
44:3D:54:BE:12:3C,ALL,udp:58452,192.168.3.1*,2,242,1,89,1,153
44:3D:54:BE:12:3C,ALL,udp:58452,192.168.3.105*,2,242,1,153,1,89
44:3D:54:BE:12:3C,ALL,udp:41946,192.168.3.1*,2,253,1,79,1,174
44:3D:54:BE:12:3C,ALL,udp:41946,192.168.3.105*,2,253,1,174,1,79
44:3D:54:BE:12:3C,ALL,udp:23777,192.168.3.1*,2,242,1,89,1,153
44:3D:54:BE:12:3C,ALL,udp:23777,192.168.3.105*,2,242,1,153,1,89
44:3D:54:BE:12:3C,ALL,udp:55684,192.168.3.1*,2,242,1,89,1,153
44:3D:54:BE:12:3C,ALL,udp:55684,192.168.3.105*,2,242,1,153,1,89
44:3D:54:BE:12:3C,ALL,udp:61721,192.168.3.1*,2,170,1,77,1,93
44:3D:54:BE:12:3C,ALL,udp:61721,192.168.3.105*,2,170,1,93,1,77
44:3D:54:BE:12:3C,ALL,udp:22698,192.168.3.1*,2,253,1,79,1,174
44:3D:54:BE:12:3C,ALL,udp:22698,192.168.3.105*,2,253,1,174,1,79
44:3D:54:BE:12:3C,ALL,udp:12563,192.168.3.1*,2,368,1,120,1,248
44:3D:54:BE:12:3C,ALL,udp:12563,192.168.3.105*,2,368,1,248,1,120
44:3D:54:BE:12:3C,ALL,udp:24585,192.168.3.1*,2,228,1,90,1,138
44:3D:54:BE:12:3C,ALL,udp:24585,192.168.3.105*,2,228,1,138,1,90
44:3D:54:BE:12:3C,ALL,udp:18757,192.168.3.1*,2,253,1,79,1,174
44:3D:54:BE:12:3C,ALL,udp:18757,192.168.3.105*,2,253,1,174,1,79
44:3D:54:BE:12:3C,ALL,udp:1563,192.168.3.1*,2,242,1,89,1,153
44:3D:54:BE:12:3C,ALL,udp:1563,192.168.3.105*,2,242,1,153,1,89
44:3D:54:BE:12:3C,ALL,udp:54889,192.168.3.1*,2,253,1,79,1,174
44:3D:54:BE:12:3C,ALL,udp:54889,192.168.3.105*,2,253,1,174,1,79
44:3D:54:BE:12:3C,ALL,udp:41516,192.168.3.1*,2,242,1,89,1,153
44:3D:54:BE:12:3C,ALL,udp:41516,192.168.3.105*,2,242,1,153,1,89
44:3D:54:BE:12:3C,ALL,udp:29312,192.168.3.1*,2,253,1,79,1,174
44:3D:54:BE:12:3C,ALL,udp:29312,192.168.3.105*,2,253,1,174,1,79
44:3D:54:BE:12:3C,ALL,udp:35044,192.168.3.1*,2,242,1,89,1,153
44:3D:54:BE:12:3C,ALL,udp:35044,192.168.3.105*,2,242,1,153,1,89
44:3D:54:BE:12:3C,ALL,udp:63469,192.168.3.1*,2,170,1,77,1,93
44:3D:54:BE:12:3C,ALL,udp:63469,192.168.3.105*,2,170,1,93,1,77
44:3D:54:BE:12:3C,ALL,udp:42781,192.168.3.1*,2,253,1,79,1,174
44:3D:54:BE:12:3C,ALL,udp:42781,192.168.3.105*,2,253,1,174,1,79
44:3D:54:BE:12:3C,ALL,udp:2984,192.168.3.1*,2,253,1,79,1,174
44:3D:54:BE:12:3C,ALL,udp:2984,192.168.3.105*,2,253,1,174,1,79
44:3D:54:BE:12:3C,ALL,udp:14816,192.168.3.1*,2,242,1,89,1,153
44:3D:54:BE:12:3C,ALL,udp:14816,192.168.3.105*,2,242,1,153,1,89
44:3D:54:BE:12:3C,ALL,udp:11718,192.168.3.1*,2,253,1,79,1,174
44:3D:54:BE:12:3C,ALL,udp:11718,192.168.3.105*,2,253,1,174,1,79
44:3D:54:BE:12:3C,ALL,udp:21515,192.168.3.1*,2,253,1,79,1,174
44:3D:54:BE:12:3C,ALL,udp:21515,192.168.3.105*,2,253,1,174,1,79
44:3D:54:BE:12:3C,ALL,udp:42326,192.168.3.1*,2,164,1,74,1,90
44:3D:54:BE:12:3C,ALL,udp:42326,192.168.3.105*,2,164,1,90,1,74
44:3D:54:BE:12:3C,ALL,udp:58775,192.168.3.1*,2,242,1,89,1,153
44:3D:54:BE:12:3C,ALL,udp:58775,192.168.3.105*,2,242,1,153,1,89
44:3D:54:BE:12:3C,ALL,udp:59761,192.168.3.1*,2,253,1,79,1,174
44:3D:54:BE:12:3C,ALL,udp:59761,192.168.3.105*,2,253,1,174,1,79
44:3D:54:BE:12:3C,ALL,udp:25580,192.168.3.1*,2,242,1,89,1,153
44:3D:54:BE:12:3C,ALL,udp:25580,192.168.3.105*,2,242,1,153,1,89
44:3D:54:BE:12:3C,ALL,udp:30990,192.168.3.1*,2,170,1,77,1,93
44:3D:54:BE:12:3C,ALL,udp:30990,192.168.3.105*,2,170,1,93,1,77
44:3D:54:BE:12:3C,ALL,udp:62767,192.168.3.1*,2,253,1,79,1,174
44:3D:54:BE:12:3C,ALL,udp:62767,192.168.3.105*,2,253,1,174,1,79
44:3D:54:BE:12:3C,ALL,udp:52035,192.168.3.1*,2,253,1,79,1,174
44:3D:54:BE:12:3C,ALL,udp:52035,192.168.3.105*,2,253,1,174,1,79
44:3D:54:BE:12:3C,ALL,udp:60563,192.168.3.1*,2,368,1,120,1,248
44:3D:54:BE:12:3C,ALL,udp:60563,192.168.3.105*,2,368,1,248,1,120
44:3D:54:BE:12:3C,ALL,udp:7704,192.168.3.1*,2,242,1,89,1,153
44:3D:54:BE:12:3C,ALL,udp:7704,192.168.3.105*,2,242,1,153,1,89
44:3D:54:BE:12:3C,ALL,udp:44323,192.168.3.1*,2,242,1,89,1,153
44:3D:54:BE:12:3C,ALL,udp:44323,192.168.3.105*,2,242,1,153,1,89
44:3D:54:BE:12:3C,ALL,udp:53129,192.168.3.1*,2,253,1,79,1,174
44:3D:54:BE:12:3C,ALL,udp:53129,192.168.3.105*,2,253,1,174,1,79
44:3D:54:BE:12:3C,ALL,udp:33728,192.168.3.1*,2,242,1,89,1,153
44:3D:54:BE:12:3C,ALL,udp:33728,192.168.3.105*,2,242,1,153,1,89
44:3D:54:BE:12:3C,ALL,udp:10904,192.168.3.1*,2,253,1,79,1,174
44:3D:54:BE:12:3C,ALL,udp:10904,192.168.3.105*,2,253,1,174,1,79
44:3D:54:BE:12:3C,ALL,udp:37995,192.168.3.1*,2,253,1,79,1,174
44:3D:54:BE:12:3C,ALL,udp:37995,192.168.3.105*,2,253,1,174,1,79
44:3D:54:BE:12:3C,ALL,udp:43364,192.168.3.1*,2,242,1,89,1,153
44:3D:54:BE:12:3C,ALL,udp:43364,192.168.3.105*,2,242,1,153,1,89
44:3D:54:BE:12:3C,ALL,udp:2695,192.168.3.1*,2,242,1,89,1,153
44:3D:54:BE:12:3C,ALL,udp:2695,192.168.3.105*,2,242,1,153,1,89
44:3D:54:BE:12:3C,ALL,udp:54561,192.168.3.1*,2,253,1,79,1,174
44:3D:54:BE:12:3C,ALL,udp:54561,192.168.3.105*,2,253,1,174,1,79
44:3D:54:BE:12:3C,ALL,udp:57768,192.168.3.1*,2,242,1,89,1,153
44:3D:54:BE:12:3C,ALL,udp:57768,192.168.3.105*,2,242,1,153,1,89
44:3D:54:BE:12:3C,ALL,udp:1935,192.168.3.1*,2,170,1,77,1,93
44:3D:54:BE:12:3C,ALL,udp:1935,192.168.3.105*,2,170,1,93,1,77
44:3D:54:BE:12:3C,ALL,udp:38287,192.168.3.1*,2,228,1,90,1,138
44:3D:54:BE:12:3C,ALL,udp:38287,192.168.3.105*,2,228,1,138,1,90
44:3D:54:BE:12:3C,ALL,udp:32396,192.168.3.1*,2,368,1,120,1,248
44:3D:54:BE:12:3C,ALL,udp:32396,192.168.3.105*,2,368,1,248,1,120
44:3D:54:BE:12:3C,ALL,udp:28900,192.168.3.1*,2,242,1,89,1,153
44:3D:54:BE:12:3C,ALL,udp:28900,192.168.3.105*,2,242,1,153,1,89
44:3D:54:BE:12:3C,ALL,udp:32356,192.168.3.1*,2,253,1,79,1,174
44:3D:54:BE:12:3C,ALL,udp:32356,192.168.3.105*,2,253,1,174,1,79
44:3D:54:BE:12:3C,ALL,udp:63375,192.168.3.1*,2,242,1,89,1,153
44:3D:54:BE:12:3C,ALL,udp:63375,192.168.3.105*,2,242,1,153,1,89
44:3D:54:BE:12:3C,ALL,udp:41366,192.168.3.1*,2,253,1,79,1,174
44:3D:54:BE:12:3C,ALL,udp:41366,192.168.3.105*,2,253,1,174,1,79
44:3D:54:BE:12:3C,ALL,udp:54358,192.168.3.1*,2,253,1,79,1,174
44:3D:54:BE:12:3C,ALL,udp:54358,192.168.3.105*,2,253,1,174,1,79
44:3D:54:BE:12:3C,ALL,udp:27797,192.168.3.1*,2,253,1,79,1,174
44:3D:54:BE:12:3C,ALL,udp:27797,192.168.3.105*,2,253,1,174,1,79
44:3D:54:BE:12:3C,ALL,udp:31224,192.168.3.1*,2,242,1,89,1,153
44:3D:54:BE:12:3C,ALL,udp:31224,192.168.3.105*,2,242,1,153,1,89
44:3D:54:BE:12:3C,ALL,udp:12555,192.168.3.1*,2,170,1,77,1,93
44:3D:54:BE:12:3C,ALL,udp:12555,192.168.3.105*,2,170,1,93,1,77
44:3D:54:BE:12:3C,ALL,udp:43268,192.168.3.1*,2,253,1,79,1,174
44:3D:54:BE:12:3C,ALL,udp:43268,192.168.3.105*,2,253,1,174,1,79
44:3D:54:BE:12:3C,ALL,udp:51790,192.168.3.1*,2,242,1,89,1,153
44:3D:54:BE:12:3C,ALL,udp:51790,192.168.3.105*,2,242,1,153,1,89
44:3D:54:BE:12:3C,ALL,udp:9226,192.168.3.1*,2,164,1,74,1,90
44:3D:54:BE:12:3C,ALL,udp:9226,192.168.3.105*,2,164,1,90,1,74
44:3D:54:BE:12:3C,ALL,udp:47167,192.168.3.1*,2,253,1,79,1,174
44:3D:54:BE:12:3C,ALL,udp:47167,192.168.3.105*,2,253,1,174,1,79
44:3D:54:BE:12:3C,ALL,udp:39748,192.168.3.1*,2,242,1,89,1,153
44:3D:54:BE:12:3C,ALL,udp:39748,192.168.3.105*,2,242,1,153,1,89
44:3D:54:BE:12:3C,ALL,udp:62605,192.168.3.1*,2,170,1,77,1,93
44:3D:54:BE:12:3C,ALL,udp:62605,192.168.3.105*,2,170,1,93,1,77
44:3D:54:BE:12:3C,ALL,udp:9466,192.168.3.1*,2,228,1,90,1,138
44:3D:54:BE:12:3C,ALL,udp:9466,192.168.3.105*,2,228,1,138,1,90
44:3D:54:BE:12:3C,ALL,udp:15827,192.168.3.1*,2,368,1,120,1,248
44:3D:54:BE:12:3C,ALL,udp:15827,192.168.3.105*,2,368,1,248,1,120
44:3D:54:BE:12:3C,ALL,udp:61862,192.168.3.1*,2,242,1,89,1,153
44:3D:54:BE:12:3C,ALL,udp:61862,192.168.3.105*,2,242,1,153,1,89
44:3D:54:BE:12:3C,ALL,udp:43667,192.168.3.1*,2,253,1,79,1,174
44:3D:54:BE:12:3C,ALL,udp:43667,192.168.3.105*,2,253,1,174,1,79
44:3D:54:BE:12:3C,ALL,udp:30154,192.168.3.1*,2,242,1,89,1,153
44:3D:54:BE:12:3C,ALL,udp:30154,192.168.3.105*,2,242,1,153,1,89
44:3D:54:BE:12:3C,ALL,udp:36396,192.168.3.1*,2,242,1,89,1,153
44:3D:54:BE:12:3C,ALL,udp:36396,192.168.3.105*,2,242,1,153,1,89
44:3D:54:BE:12:3C,ALL,udp:40062,192.168.3.1*,2,170,1,77,1,93
44:3D:54:BE:12:3C,ALL,udp:40062,192.168.3.105*,2,170,1,93,1,77
44:3D:54:BE:12:3C,ALL,udp:21411,192.168.3.1*,2,253,1,79,1,174
44:3D:54:BE:12:3C,ALL,udp:21411,192.168.3.105*,2,253,1,174,1,79
44:3D:54:BE:12:3C,ALL,udp:3680,192.168.3.1*,2,242,1,89,1,153
44:3D:54:BE:12:3C,ALL,udp:3680,192.168.3.105*,2,242,1,153,1,89
44:3D:54:BE:12:3C,ALL,udp:36380,192.168.3.1*,2,253,1,79,1,174
44:3D:54:BE:12:3C,ALL,udp:36380,192.168.3.105*,2,253,1,174,1,79
44:3D:54:BE:12:3C,ALL,udp:58318,192.168.3.1*,2,242,1,89,1,153
44:3D:54:BE:12:3C,ALL,udp:58318,192.168.3.105*,2,242,1,153,1,89
44:3D:54:BE:12:3C,ALL,udp:56841,192.168.3.1*,2,253,1,79,1,174
44:3D:54:BE:12:3C,ALL,udp:56841,192.168.3.105*,2,253,1,174,1,79
44:3D:54:BE:12:3C,ALL,udp:53658,192.168.3.1*,2,253,1,79,1,174
44:3D:54:BE:12:3C,ALL,udp:53658,192.168.3.105*,2,253,1,174,1,79
44:3D:54:BE:12:3C,ALL,udp:7385,192.168.3.1*,2,253,1,79,1,174
44:3D:54:BE:12:3C,ALL,udp:7385,192.168.3.105*,2,253,1,174,1,79
44:3D:54:BE:12:3C,ALL,udp:23571,192.168.3.1*,2,228,1,90,1,138
44:3D:54:BE:12:3C,ALL,udp:23571,192.168.3.105*,2,228,1,138,1,90
44:3D:54:BE:12:3C,ALL,udp:26922,192.168.3.1*,2,242,1,89,1,153
44:3D:54:BE:12:3C,ALL,udp:26922,192.168.3.105*,2,242,1,153,1,89
44:3D:54:BE:12:3C,ALL,udp:5605,192.168.3.1*,2,170,1,77,1,93
44:3D:54:BE:12:3C,ALL,udp:5605,192.168.3.105*,2,170,1,93,1,77
44:3D:54:BE:12:3C,ALL,udp:38215,192.168.3.1*,2,253,1,79,1,174
44:3D:54:BE:12:3C,ALL,udp:38215,192.168.3.105*,2,253,1,174,1,79
44:3D:54:BE:12:3C,ALL,udp:52231,192.168.3.1*,2,253,1,79,1,174
44:3D:54:BE:12:3C,ALL,udp:52231,192.168.3.105*,2,253,1,174,1,79
44:3D:54:BE:12:3C,ALL,udp:2757,192.168.3.1*,2,242,1,89,1,153
44:3D:54:BE:12:3C,ALL,udp:2757,192.168.3.105*,2,242,1,153,1,89
44:3D:54:BE:12:3C,ALL,udp:46536,192.168.3.1*,2,253,1,79,1,174
44:3D:54:BE:12:3C,ALL,udp:46536,192.168.3.105*,2,253,1,174,1,79
44:3D:54:BE:12:3C,ALL,udp:1463,192.168.3.1*,2,253,1,79,1,174
44:3D:54:BE:12:3C,ALL,udp:1463,192.168.3.105*,2,253,1,174,1,79
44:3D:54:BE:12:3C,ALL,udp:51563,192.168.3.1*,2,242,1,89,1,153
44:3D:54:BE:12:3C,ALL,udp:51563,192.168.3.105*,2,242,1,153,1,89
44:3D:54:BE:12:3C,ALL,udp:54080,192.168.3.1*,2,401,1,86,1,315
44:3D:54:BE:12:3C,ALL,udp:54080,192.168.3.105*,2,401,1,315,1,86
44:3D:54:BE:12:3C,ALL,udp:22207,192.168.3.1*,2,242,1,89,1,153
44:3D:54:BE:12:3C,ALL,udp:22207,192.168.3.105*,2,242,1,153,1,89
44:3D:54:BE:12:3C,ALL,udp:29273,192.168.3.1*,2,170,1,77,1,93
44:3D:54:BE:12:3C,ALL,udp:29273,192.168.3.105*,2,170,1,93,1,77
44:3D:54:BE:12:3C,ALL,udp:30083,192.168.3.1*,2,253,1,79,1,174
44:3D:54:BE:12:3C,ALL,udp:30083,192.168.3.105*,2,253,1,174,1,79
44:3D:54:BE:12:3C,ALL,udp:59687,192.168.3.1*,2,253,1,79,1,174
44:3D:54:BE:12:3C,ALL,udp:59687,192.168.3.105*,2,253,1,174,1,79
44:3D:54:BE:12:3C,ALL,udp:1585,192.168.3.1*,2,242,1,89,1,153
44:3D:54:BE:12:3C,ALL,udp:1585,192.168.3.105*,2,242,1,153,1,89
44:3D:54:BE:12:3C,ALL,udp:43974,192.168.3.1*,2,253,1,79,1,174
44:3D:54:BE:12:3C,ALL,udp:43974,192.168.3.105*,2,253,1,174,1,79
44:3D:54:BE:12:3C,ALL,udp:42134,192.168.3.1*,2,164,1,74,1,90
44:3D:54:BE:12:3C,ALL,udp:42134,192.168.3.105*,2,164,1,90,1,74
44:3D:54:BE:12:3C,ALL,udp:50992,192.168.3.1*,2,253,1,79,1,174
44:3D:54:BE:12:3C,ALL,udp:50992,192.168.3.105*,2,253,1,174,1,79
44:3D:54:BE:12:3C,ALL,udp:24683,192.168.3.1*,2,253,1,79,1,174
44:3D:54:BE:12:3C,ALL,udp:24683,192.168.3.105*,2,253,1,174,1,79
44:3D:54:BE:12:3C,ALL,udp:17723,192.168.3.1*,2,242,1,89,1,153
44:3D:54:BE:12:3C,ALL,udp:17723,192.168.3.105*,2,242,1,153,1,89
44:3D:54:BE:12:3C,ALL,udp:54257,192.168.3.1*,2,228,1,90,1,138
44:3D:54:BE:12:3C,ALL,udp:54257,192.168.3.105*,2,228,1,138,1,90
44:3D:54:BE:12:3C,ALL,udp:34199,192.168.3.1*,2,242,1,89,1,153
44:3D:54:BE:12:3C,ALL,udp:34199,192.168.3.105*,2,242,1,153,1,89
44:3D:54:BE:12:3C,ALL,udp:59942,192.168.3.1*,2,170,1,77,1,93
44:3D:54:BE:12:3C,ALL,udp:59942,192.168.3.105*,2,170,1,93,1,77
44:3D:54:BE:12:3C,ALL,udp:30698,192.168.3.1*,2,368,1,120,1,248
44:3D:54:BE:12:3C,ALL,udp:30698,192.168.3.105*,2,368,1,248,1,120
44:3D:54:BE:12:3C,ALL,udp:21020,192.168.3.1*,2,242,1,89,1,153
44:3D:54:BE:12:3C,ALL,udp:21020,192.168.3.105*,2,242,1,153,1,89
44:3D:54:BE:12:3C,ALL,udp:55781,192.168.3.1*,2,253,1,79,1,174
44:3D:54:BE:12:3C,ALL,udp:55781,192.168.3.105*,2,253,1,174,1,79
44:3D:54:BE:12:3C,ALL,udp:35175,192.168.3.1*,2,242,1,89,1,153
44:3D:54:BE:12:3C,ALL,udp:35175,192.168.3.105*,2,242,1,153,1,89
44:3D:54:BE:12:3C,ALL,udp:2936,192.168.3.1*,2,242,1,89,1,153
44:3D:54:BE:12:3C,ALL,udp:2936,192.168.3.105*,2,242,1,153,1,89
44:3D:54:BE:12:3C,ALL,udp:16890,192.168.3.1*,2,170,1,77,1,93
44:3D:54:BE:12:3C,ALL,udp:16890,192.168.3.105*,2,170,1,93,1,77
44:3D:54:BE:12:3C,ALL,udp:18103,192.168.3.1*,2,253,1,79,1,174
44:3D:54:BE:12:3C,ALL,udp:18103,192.168.3.105*,2,253,1,174,1,79
44:3D:54:BE:12:3C,ALL,udp:59300,192.168.3.1*,2,242,1,89,1,153
44:3D:54:BE:12:3C,ALL,udp:59300,192.168.3.105*,2,242,1,153,1,89
44:3D:54:BE:12:3C,ALL,udp:52195,192.168.3.1*,2,253,1,79,1,174
44:3D:54:BE:12:3C,ALL,udp:52195,192.168.3.105*,2,253,1,174,1,79
44:3D:54:BE:12:3C,ALL,udp:10334,192.168.3.1*,2,242,1,89,1,153
44:3D:54:BE:12:3C,ALL,udp:10334,192.168.3.105*,2,242,1,153,1,89
44:3D:54:BE:12:3C,ALL,udp:30963,192.168.3.1*,2,253,1,79,1,174
44:3D:54:BE:12:3C,ALL,udp:30963,192.168.3.105*,2,253,1,174,1,79
44:3D:54:BE:12:3C,ALL,udp:9137,192.168.3.1*,2,228,1,90,1,138
44:3D:54:BE:12:3C,ALL,udp:9137,192.168.3.105*,2,228,1,138,1,90
44:3D:54:BE:12:3C,ALL,udp:48265,192.168.3.1*,2,253,1,79,1,174
44:3D:54:BE:12:3C,ALL,udp:48265,192.168.3.105*,2,253,1,174,1,79
44:3D:54:BE:12:3C,ALL,udp:63191,192.168.3.1*,2,242,1,89,1,153
44:3D:54:BE:12:3C,ALL,udp:63191,192.168.3.105*,2,242,1,153,1,89
44:3D:54:BE:12:3C,ALL,udp:40309,192.168.3.1*,2,170,1,77,1,93
44:3D:54:BE:12:3C,ALL,udp:40309,192.168.3.105*,2,170,1,93,1,77
44:3D:54:BE:12:3C,ALL,udp:32217,192.168.3.1*,2,368,1,120,1,248
44:3D:54:BE:12:3C,ALL,udp:32217,192.168.3.105*,2,368,1,248,1,120
44:3D:54:BE:12:3C,ALL,udp:31760,192.168.3.1*,2,253,1,79,1,174
44:3D:54:BE:12:3C,ALL,udp:31760,192.168.3.105*,2,253,1,174,1,79
44:3D:54:BE:12:3C,ALL,udp:61031,192.168.3.1*,2,253,1,79,1,174
44:3D:54:BE:12:3C,ALL,udp:61031,192.168.3.105*,2,253,1,174,1,79
44:3D:54:BE:12:3C,ALL,udp:61080,192.168.3.1*,2,242,1,89,1,153
44:3D:54:BE:12:3C,ALL,udp:61080,192.168.3.105*,2,242,1,153,1,89
44:3D:54:BE:12:3C,ALL,udp:61053,192.168.3.1*,2,253,1,79,1,174
44:3D:54:BE:12:3C,ALL,udp:61053,192.168.3.105*,2,253,1,174,1,79
44:3D:54:BE:12:3C,ALL,udp:16087,192.168.3.1*,2,242,1,89,1,153
44:3D:54:BE:12:3C,ALL,udp:16087,192.168.3.105*,2,242,1,153,1,89
44:3D:54:BE:12:3C,ALL,udp:26369,192.168.3.1*,2,170,1,77,1,93
44:3D:54:BE:12:3C,ALL,udp:26369,192.168.3.105*,2,170,1,93,1,77
44:3D:54:BE:12:3C,ALL,udp:45189,192.168.3.1*,2,253,1,79,1,174
44:3D:54:BE:12:3C,ALL,udp:45189,192.168.3.105*,2,253,1,174,1,79
44:3D:54:BE:12:3C,ALL,udp:7937,192.168.3.1*,2,242,1,89,1,153
44:3D:54:BE:12:3C,ALL,udp:7937,192.168.3.105*,2,242,1,153,1,89
44:3D:54:BE:12:3C,ALL,udp:12519,192.168.3.1*,2,228,1,90,1,138
44:3D:54:BE:12:3C,ALL,udp:12519,192.168.3.105*,2,228,1,138,1,90
44:3D:54:BE:12:3C,ALL,udp:21221,192.168.3.1*,2,253,1,79,1,174
44:3D:54:BE:12:3C,ALL,udp:21221,192.168.3.105*,2,253,1,174,1,79
44:3D:54:BE:12:3C,ALL,udp:47121,192.168.3.1*,2,242,1,89,1,153
44:3D:54:BE:12:3C,ALL,udp:47121,192.168.3.105*,2,242,1,153,1,89
44:3D:54:BE:12:3C,ALL,udp:34702,192.168.3.1*,2,170,1,77,1,93
44:3D:54:BE:12:3C,ALL,udp:34702,192.168.3.105*,2,170,1,93,1,77
44:3D:54:BE:12:3C,ALL,udp:29462,192.168.3.1*,2,368,1,120,1,248
44:3D:54:BE:12:3C,ALL,udp:29462,192.168.3.105*,2,368,1,248,1,120
44:3D:54:BE:12:3C,ALL,udp:30793,192.168.3.1*,2,242,1,89,1,153
44:3D:54:BE:12:3C,ALL,udp:30793,192.168.3.105*,2,242,1,153,1,89
44:3D:54:BE:12:3C,ALL,udp:32434,192.168.3.1*,2,253,1,79,1,174
44:3D:54:BE:12:3C,ALL,udp:32434,192.168.3.105*,2,253,1,174,1,79
44:3D:54:BE:12:3C,ALL,udp:54786,192.168.3.1*,2,253,1,79,1,174
44:3D:54:BE:12:3C,ALL,udp:54786,192.168.3.105*,2,253,1,174,1,79
44:3D:54:BE:12:3C,ALL,udp:45992,192.168.3.1*,2,242,1,89,1,153
44:3D:54:BE:12:3C,ALL,udp:45992,192.168.3.105*,2,242,1,153,1,89
44:3D:54:BE:12:3C,ALL,udp:26424,192.168.3.1*,2,164,1,74,1,90
44:3D:54:BE:12:3C,ALL,udp:26424,192.168.3.105*,2,164,1,90,1,74
44:3D:54:BE:12:3C,ALL,udp:25565,192.168.3.1*,2,242,1,89,1,153
44:3D:54:BE:12:3C,ALL,udp:25565,192.168.3.105*,2,242,1,153,1,89
44:3D:54:BE:12:3C,ALL,udp:17905,192.168.3.1*,2,170,1,77,1,93
44:3D:54:BE:12:3C,ALL,udp:17905,192.168.3.105*,2,170,1,93,1,77
44:3D:54:BE:12:3C,ALL,udp:64867,192.168.3.1*,2,253,1,79,1,174
44:3D:54:BE:12:3C,ALL,udp:64867,192.168.3.105*,2,253,1,174,1,79
44:3D:54:BE:12:3C,ALL,udp:53192,192.168.3.1*,2,253,1,79,1,174
44:3D:54:BE:12:3C,ALL,udp:53192,192.168.3.105*,2,253,1,174,1,79
44:3D:54:BE:12:3C,ALL,udp:25415,192.168.3.1*,2,253,1,79,1,174
44:3D:54:BE:12:3C,ALL,udp:25415,192.168.3.105*,2,253,1,174,1,79
44:3D:54:BE:12:3C,ALL,udp:22981,192.168.3.1*,2,253,1,79,1,174
44:3D:54:BE:12:3C,ALL,udp:22981,192.168.3.105*,2,253,1,174,1,79
44:3D:54:BE:12:3C,ALL,udp:16429,192.168.3.1*,2,242,1,89,1,153
44:3D:54:BE:12:3C,ALL,udp:16429,192.168.3.105*,2,242,1,153,1,89
44:3D:54:BE:12:3C,ALL,udp:7931,192.168.3.1*,2,228,1,90,1,138
44:3D:54:BE:12:3C,ALL,udp:7931,192.168.3.105*,2,228,1,138,1,90
44:3D:54:BE:12:3C,ALL,udp:50916,192.168.3.1*,2,253,1,79,1,174
44:3D:54:BE:12:3C,ALL,udp:50916,192.168.3.105*,2,253,1,174,1,79
44:3D:54:BE:12:3C,ALL,udp:52897,192.168.3.1*,2,253,1,79,1,174
44:3D:54:BE:12:3C,ALL,udp:52897,192.168.3.105*,2,253,1,174,1,79
44:3D:54:BE:12:3C,ALL,udp:18490,192.168.3.1*,2,242,1,89,1,153
44:3D:54:BE:12:3C,ALL,udp:18490,192.168.3.105*,2,242,1,153,1,89
44:3D:54:BE:12:3C,ALL,udp:5685,192.168.3.1*,2,170,1,77,1,93
44:3D:54:BE:12:3C,ALL,udp:5685,192.168.3.105*,2,170,1,93,1,77
44:3D:54:BE:12:3C,ALL,udp:55578,192.168.3.1*,2,368,1,120,1,248
44:3D:54:BE:12:3C,ALL,udp:55578,192.168.3.105*,2,368,1,248,1,120
44:3D:54:BE:12:3C,ALL,udp:54917,192.168.3.1*,2,242,1,89,1,153
44:3D:54:BE:12:3C,ALL,udp:54917,192.168.3.105*,2,242,1,153,1,89
44:3D:54:BE:12:3C,ALL,udp:35430,192.168.3.1*,2,253,1,79,1,174
44:3D:54:BE:12:3C,ALL,udp:35430,192.168.3.105*,2,253,1,174,1,79
44:3D:54:BE:12:3C,ALL,udp:23233,192.168.3.1*,2,242,1,89,1,153
44:3D:54:BE:12:3C,ALL,udp:23233,192.168.3.105*,2,242,1,153,1,89
44:3D:54:BE:12:3C,ALL,udp:24225,192.168.3.1*,2,253,1,79,1,174
44:3D:54:BE:12:3C,ALL,udp:24225,192.168.3.105*,2,253,1,174,1,79
44:3D:54:BE:12:3C,ALL,udp:44632,192.168.3.1*,2,253,1,79,1,174
44:3D:54:BE:12:3C,ALL,udp:44632,192.168.3.105*,2,253,1,174,1,79
44:3D:54:BE:12:3C,ALL,udp:37484,192.168.3.1*,2,242,1,89,1,153
44:3D:54:BE:12:3C,ALL,udp:37484,192.168.3.105*,2,242,1,153,1,89
44:3D:54:BE:12:3C,ALL,udp:44688,192.168.3.1*,2,170,1,77,1,93
44:3D:54:BE:12:3C,ALL,udp:44688,192.168.3.105*,2,170,1,93,1,77
44:3D:54:BE:12:3C,ALL,udp:3384,192.168.3.1*,2,164,1,74,1,90
44:3D:54:BE:12:3C,ALL,udp:3384,192.168.3.105*,2,164,1,90,1,74
44:3D:54:BE:12:3C,ALL,udp:30098,192.168.3.1*,2,242,1,89,1,153
44:3D:54:BE:12:3C,ALL,udp:30098,192.168.3.105*,2,242,1,153,1,89
44:3D:54:BE:12:3C,ALL,udp:32020,192.168.3.1*,2,253,1,79,1,174
44:3D:54:BE:12:3C,ALL,udp:32020,192.168.3.105*,2,253,1,174,1,79
44:3D:54:BE:12:3C,ALL,udp:39485,192.168.3.1*,2,253,1,79,1,174
44:3D:54:BE:12:3C,ALL,udp:39485,192.168.3.105*,2,253,1,174,1,79
44:3D:54:BE:12:3C,ALL,udp:61009,192.168.3.1*,2,253,1,79,1,174
44:3D:54:BE:12:3C,ALL,udp:61009,192.168.3.105*,2,253,1,174,1,79
44:3D:54:BE:12:3C,ALL,udp:26312,192.168.3.1*,2,228,1,90,1,138
44:3D:54:BE:12:3C,ALL,udp:26312,192.168.3.105*,2,228,1,138,1,90
44:3D:54:BE:12:3C,ALL,udp:33393,192.168.3.1*,2,242,1,89,1,153
44:3D:54:BE:12:3C,ALL,udp:33393,192.168.3.105*,2,242,1,153,1,89
44:3D:54:BE:12:3C,ALL,udp:19509,192.168.3.1*,2,253,1,79,1,174
44:3D:54:BE:12:3C,ALL,udp:19509,192.168.3.105*,2,253,1,174,1,79
44:3D:54:BE:12:3C,ALL,udp:39302,192.168.3.1*,2,253,1,79,1,174
44:3D:54:BE:12:3C,ALL,udp:39302,192.168.3.105*,2,253,1,174,1,79
44:3D:54:BE:12:3C,ALL,udp:45302,192.168.3.1*,2,242,1,89,1,153
44:3D:54:BE:12:3C,ALL,udp:45302,192.168.3.105*,2,242,1,153,1,89
44:3D:54:BE:12:3C,ALL,udp:49588,192.168.3.1*,2,170,1,77,1,93
44:3D:54:BE:12:3C,ALL,udp:49588,192.168.3.105*,2,170,1,93,1,77
44:3D:54:BE:12:3C,ALL,udp:24300,192.168.3.1*,2,368,1,120,1,248
44:3D:54:BE:12:3C,ALL,udp:24300,192.168.3.105*,2,368,1,248,1,120
44:3D:54:BE:12:3C,ALL,udp:20205,192.168.3.1*,2,242,1,89,1,153
44:3D:54:BE:12:3C,ALL,udp:20205,192.168.3.105*,2,242,1,153,1,89
44:3D:54:BE:12:3C,ALL,udp:54706,192.168.3.1*,2,253,1,79,1,174
44:3D:54:BE:12:3C,ALL,udp:54706,192.168.3.105*,2,253,1,174,1,79
44:3D:54:BE:12:3C,ALL,udp:1076,192.168.3.1*,2,253,1,79,1,174
44:3D:54:BE:12:3C,ALL,udp:1076,192.168.3.105*,2,253,1,174,1,79
44:3D:54:BE:12:3C,ALL,udp:39392,192.168.3.1*,2,242,1,89,1,153
44:3D:54:BE:12:3C,ALL,udp:39392,192.168.3.105*,2,242,1,153,1,89
44:3D:54:BE:12:3C,ALL,udp:13636,192.168.3.1*,2,253,1,79,1,174
44:3D:54:BE:12:3C,ALL,udp:13636,192.168.3.105*,2,253,1,174,1,79
44:3D:54:BE:12:3C,ALL,udp:25955,192.168.3.1*,2,253,1,79,1,174
44:3D:54:BE:12:3C,ALL,udp:25955,192.168.3.105*,2,253,1,174,1,79
44:3D:54:BE:12:3C,ALL,udp:1066,192.168.3.1*,2,253,1,79,1,174
44:3D:54:BE:12:3C,ALL,udp:1066,192.168.3.105*,2,253,1,174,1,79
44:3D:54:BE:12:3C,ALL,udp:1136,192.168.3.1*,2,242,1,89,1,153
44:3D:54:BE:12:3C,ALL,udp:1136,192.168.3.105*,2,242,1,153,1,89
44:3D:54:BE:12:3C,ALL,udp:39733,192.168.3.1*,2,253,1,79,1,174
44:3D:54:BE:12:3C,ALL,udp:39733,192.168.3.105*,2,253,1,174,1,79
44:3D:54:BE:12:3C,ALL,udp:52976,192.168.3.1*,2,242,1,89,1,153
44:3D:54:BE:12:3C,ALL,udp:52976,192.168.3.105*,2,242,1,153,1,89
44:3D:54:BE:12:3C,ALL,udp:40809,192.168.3.1*,2,170,1,77,1,93
44:3D:54:BE:12:3C,ALL,udp:40809,192.168.3.105*,2,170,1,93,1,77
44:3D:54:BE:12:3C,ALL,udp:1539,192.168.3.1*,2,242,1,89,1,153
44:3D:54:BE:12:3C,ALL,udp:1539,192.168.3.105*,2,242,1,153,1,89
44:3D:54:BE:12:3C,ALL,udp:50245,192.168.3.1*,2,228,1,90,1,138
44:3D:54:BE:12:3C,ALL,udp:50245,192.168.3.105*,2,228,1,138,1,90
44:3D:54:BE:12:3C,ALL,udp:54239,192.168.3.1*,2,242,1,89,1,153
44:3D:54:BE:12:3C,ALL,udp:54239,192.168.3.105*,2,242,1,153,1,89
44:3D:54:BE:12:3C,ALL,udp:27024,192.168.3.1*,2,253,1,79,1,174
44:3D:54:BE:12:3C,ALL,udp:27024,192.168.3.105*,2,253,1,174,1,79
44:3D:54:BE:12:3C,ALL,udp:4410,192.168.3.1*,2,242,1,89,1,153
44:3D:54:BE:12:3C,ALL,udp:4410,192.168.3.105*,2,242,1,153,1,89
44:3D:54:BE:12:3C,ALL,udp:27715,192.168.3.1*,2,170,1,77,1,93
44:3D:54:BE:12:3C,ALL,udp:27715,192.168.3.105*,2,170,1,93,1,77
44:3D:54:BE:12:3C,ALL,udp:37906,192.168.3.1*,2,368,1,120,1,248
44:3D:54:BE:12:3C,ALL,udp:37906,192.168.3.105*,2,368,1,248,1,120
44:3D:54:BE:12:3C,ALL,udp:46709,192.168.3.1*,2,242,1,89,1,153
44:3D:54:BE:12:3C,ALL,udp:46709,192.168.3.105*,2,242,1,153,1,89
44:3D:54:BE:12:3C,ALL,udp:63256,192.168.3.1*,2,253,1,79,1,174
44:3D:54:BE:12:3C,ALL,udp:63256,192.168.3.105*,2,253,1,174,1,79
44:3D:54:BE:12:3C,ALL,udp:30914,192.168.3.1*,2,253,1,79,1,174
44:3D:54:BE:12:3C,ALL,udp:30914,192.168.3.105*,2,253,1,174,1,79
44:3D:54:BE:12:3C,ALL,udp:22055,192.168.3.1*,2,242,1,89,1,153
44:3D:54:BE:12:3C,ALL,udp:22055,192.168.3.105*,2,242,1,153,1,89
44:3D:54:BE:12:3C,ALL,udp:18489,192.168.3.1*,2,253,1,79,1,174
44:3D:54:BE:12:3C,ALL,udp:18489,192.168.3.105*,2,253,1,174,1,79
44:3D:54:BE:12:3C,ALL,udp:59803,192.168.3.1*,2,242,1,89,1,153
44:3D:54:BE:12:3C,ALL,udp:59803,192.168.3.105*,2,242,1,153,1,89
44:3D:54:BE:12:3C,ALL,udp:44802,192.168.3.1*,2,170,1,77,1,93
44:3D:54:BE:12:3C,ALL,udp:44802,192.168.3.105*,2,170,1,93,1,77
44:3D:54:BE:12:3C,ALL,udp:59885,192.168.3.1*,2,164,1,74,1,90
44:3D:54:BE:12:3C,ALL,udp:59885,192.168.3.105*,2,164,1,90,1,74
44:3D:54:BE:12:3C,ALL,udp:2285,192.168.3.1*,2,242,1,89,1,153
44:3D:54:BE:12:3C,ALL,udp:2285,192.168.3.105*,2,242,1,153,1,89
44:3D:54:BE:12:3C,ALL,udp:2649,192.168.3.1*,2,228,1,90,1,138
44:3D:54:BE:12:3C,ALL,udp:2649,192.168.3.105*,2,228,1,138,1,90
44:3D:54:BE:12:3C,ALL,udp:41340,192.168.3.1*,2,253,1,79,1,174
44:3D:54:BE:12:3C,ALL,udp:41340,192.168.3.105*,2,253,1,174,1,79
44:3D:54:BE:12:3C,ALL,udp:34065,192.168.3.1*,2,253,1,79,1,174
44:3D:54:BE:12:3C,ALL,udp:34065,192.168.3.105*,2,253,1,174,1,79
44:3D:54:BE:12:3C,ALL,udp:58336,192.168.3.1*,2,242,1,89,1,153
44:3D:54:BE:12:3C,ALL,udp:58336,192.168.3.105*,2,242,1,153,1,89
44:3D:54:BE:12:3C,ALL,udp:13911,192.168.3.1*,2,164,1,74,1,90
44:3D:54:BE:12:3C,ALL,udp:13911,192.168.3.105*,2,164,1,90,1,74
44:3D:54:BE:12:3C,ALL,udp:13663,192.168.3.1*,2,242,1,89,1,153
44:3D:54:BE:12:3C,ALL,udp:13663,192.168.3.105*,2,242,1,153,1,89
44:3D:54:BE:12:3C,ALL,udp:2966,192.168.3.1*,2,170,1,77,1,93
44:3D:54:BE:12:3C,ALL,udp:2966,192.168.3.105*,2,170,1,93,1,77
44:3D:54:BE:12:3C,ALL,udp:52323,192.168.3.1*,2,253,1,79,1,174
44:3D:54:BE:12:3C,ALL,udp:52323,192.168.3.105*,2,253,1,174,1,79
44:3D:54:BE:12:3C,ALL,udp:47746,192.168.3.1*,2,368,1,120,1,248
44:3D:54:BE:12:3C,ALL,udp:47746,192.168.3.105*,2,368,1,248,1,120
44:3D:54:BE:12:3C,ALL,udp:40411,192.168.3.1*,2,242,1,89,1,153
44:3D:54:BE:12:3C,ALL,udp:40411,192.168.3.105*,2,242,1,153,1,89
44:3D:54:BE:12:3C,ALL,udp:28297,192.168.3.1*,2,242,1,89,1,153
44:3D:54:BE:12:3C,ALL,udp:28297,192.168.3.105*,2,242,1,153,1,89
44:3D:54:BE:12:3C,ALL,udp:2051,192.168.3.1*,2,253,1,79,1,174
44:3D:54:BE:12:3C,ALL,udp:2051,192.168.3.105*,2,253,1,174,1,79
44:3D:54:BE:12:3C,ALL,udp:43023,192.168.3.1*,2,242,1,89,1,153
44:3D:54:BE:12:3C,ALL,udp:43023,192.168.3.105*,2,242,1,153,1,89
44:3D:54:BE:12:3C,ALL,udp:36973,192.168.3.1*,2,170,1,77,1,93
44:3D:54:BE:12:3C,ALL,udp:36973,192.168.3.105*,2,170,1,93,1,77
44:3D:54:BE:12:3C,ALL,udp:54747,192.168.3.1*,2,253,1,79,1,174
44:3D:54:BE:12:3C,ALL,udp:54747,192.168.3.105*,2,253,1,174,1,79
44:3D:54:BE:12:3C,ALL,udp:16940,192.168.3.1*,2,242,1,89,1,153
44:3D:54:BE:12:3C,ALL,udp:16940,192.168.3.105*,2,242,1,153,1,89
44:3D:54:BE:12:3C,ALL,udp:21104,192.168.3.1*,2,228,1,90,1,138
44:3D:54:BE:12:3C,ALL,udp:21104,192.168.3.105*,2,228,1,138,1,90
44:3D:54:BE:12:3C,ALL,udp:6705,192.168.3.1*,2,253,1,79,1,174
44:3D:54:BE:12:3C,ALL,udp:6705,192.168.3.105*,2,253,1,174,1,79
44:3D:54:BE:12:3C,ALL,udp:61142,192.168.3.1*,2,253,1,79,1,174
44:3D:54:BE:12:3C,ALL,udp:61142,192.168.3.105*,2,253,1,174,1,79
44:3D:54:BE:12:3C,ALL,udp:36430,192.168.3.1*,2,253,1,79,1,174
44:3D:54:BE:12:3C,ALL,udp:36430,192.168.3.105*,2,253,1,174,1,79
44:3D:54:BE:12:3C,ALL,udp:64739,192.168.3.1*,2,242,1,89,1,153
44:3D:54:BE:12:3C,ALL,udp:64739,192.168.3.105*,2,242,1,153,1,89
44:3D:54:BE:12:3C,ALL,udp:19497,192.168.3.1*,2,170,1,77,1,93
44:3D:54:BE:12:3C,ALL,udp:19497,192.168.3.105*,2,170,1,93,1,77
44:3D:54:BE:12:3C,ALL,udp:27523,192.168.3.1*,2,253,1,79,1,174
44:3D:54:BE:12:3C,ALL,udp:27523,192.168.3.105*,2,253,1,174,1,79
44:3D:54:BE:12:3C,ALL,udp:9473,192.168.3.1*,2,253,1,79,1,174
44:3D:54:BE:12:3C,ALL,udp:9473,192.168.3.105*,2,253,1,174,1,79
44:3D:54:BE:12:3C,ALL,udp:40339,192.168.3.1*,2,368,1,120,1,248
44:3D:54:BE:12:3C,ALL,udp:40339,192.168.3.105*,2,368,1,248,1,120
44:3D:54:BE:12:3C,ALL,udp:56131,192.168.3.1*,2,242,1,89,1,153
44:3D:54:BE:12:3C,ALL,udp:56131,192.168.3.105*,2,242,1,153,1,89
44:3D:54:BE:12:3C,ALL,udp:16159,192.168.3.1*,2,253,1,79,1,174
44:3D:54:BE:12:3C,ALL,udp:16159,192.168.3.105*,2,253,1,174,1,79
44:3D:54:BE:12:3C,ALL,udp:28498,192.168.3.1*,2,253,1,79,1,174
44:3D:54:BE:12:3C,ALL,udp:28498,192.168.3.105*,2,253,1,174,1,79
44:3D:54:BE:12:3C,ALL,udp:60901,192.168.3.1*,2,242,1,89,1,153
44:3D:54:BE:12:3C,ALL,udp:60901,192.168.3.105*,2,242,1,153,1,89
44:3D:54:BE:12:3C,ALL,udp:22777,192.168.3.1*,2,164,1,74,1,90
44:3D:54:BE:12:3C,ALL,udp:22777,192.168.3.105*,2,164,1,90,1,74
44:3D:54:BE:12:3C,ALL,udp:20702,192.168.3.1*,2,242,1,89,1,153
44:3D:54:BE:12:3C,ALL,udp:20702,192.168.3.105*,2,242,1,153,1,89
44:3D:54:BE:12:3C,ALL,udp:11178,192.168.3.1*,2,170,1,77,1,93
44:3D:54:BE:12:3C,ALL,udp:11178,192.168.3.105*,2,170,1,93,1,77
44:3D:54:BE:12:3C,ALL,udp:15447,192.168.3.1*,2,253,1,79,1,174
44:3D:54:BE:12:3C,ALL,udp:15447,192.168.3.105*,2,253,1,174,1,79
44:3D:54:BE:12:3C,ALL,udp:38624,192.168.3.1*,2,253,1,79,1,174
44:3D:54:BE:12:3C,ALL,udp:38624,192.168.3.105*,2,253,1,174,1,79
44:3D:54:BE:12:3C,ALL,udp:45104,192.168.3.1*,2,242,1,89,1,153
44:3D:54:BE:12:3C,ALL,udp:45104,192.168.3.105*,2,242,1,153,1,89
44:3D:54:BE:12:3C,ALL,udp:35558,192.168.3.1*,2,228,1,90,1,138
44:3D:54:BE:12:3C,ALL,udp:35558,192.168.3.105*,2,228,1,138,1,90
44:3D:54:BE:12:3C,ALL,udp:14928,192.168.3.1*,2,253,1,79,1,174
44:3D:54:BE:12:3C,ALL,udp:14928,192.168.3.105*,2,253,1,174,1,79
44:3D:54:BE:12:3C,ALL,udp:2042,192.168.3.1*,2,253,1,79,1,174
44:3D:54:BE:12:3C,ALL,udp:2042,192.168.3.105*,2,253,1,174,1,79
44:3D:54:BE:12:3C,ALL,udp:10701,192.168.3.1*,2,242,1,89,1,153
44:3D:54:BE:12:3C,ALL,udp:10701,192.168.3.105*,2,242,1,153,1,89
44:3D:54:BE:12:3C,ALL,udp:45893,192.168.3.1*,2,242,1,89,1,153
44:3D:54:BE:12:3C,ALL,udp:45893,192.168.3.105*,2,242,1,153,1,89
44:3D:54:BE:12:3C,ALL,udp:52788,192.168.3.1*,2,170,1,77,1,93
44:3D:54:BE:12:3C,ALL,udp:52788,192.168.3.105*,2,170,1,93,1,77
44:3D:54:BE:12:3C,ALL,udp:26251,192.168.3.1*,2,368,1,120,1,248
44:3D:54:BE:12:3C,ALL,udp:26251,192.168.3.105*,2,368,1,248,1,120
44:3D:54:BE:12:3C,ALL,udp:29105,192.168.3.1*,2,242,1,89,1,153
44:3D:54:BE:12:3C,ALL,udp:29105,192.168.3.105*,2,242,1,153,1,89
44:3D:54:BE:12:3C,ALL,udp:52463,192.168.3.1*,2,253,1,79,1,174
44:3D:54:BE:12:3C,ALL,udp:52463,192.168.3.105*,2,253,1,174,1,79
44:3D:54:BE:12:3C,ALL,udp:38432,192.168.3.1*,2,253,1,79,1,174
44:3D:54:BE:12:3C,ALL,udp:38432,192.168.3.105*,2,253,1,174,1,79
44:3D:54:BE:12:3C,ALL,udp:60455,192.168.3.1*,2,242,1,89,1,153
44:3D:54:BE:12:3C,ALL,udp:60455,192.168.3.105*,2,242,1,153,1,89
44:3D:54:BE:12:3C,ALL,udp:27941,192.168.3.1*,2,242,1,89,1,153
44:3D:54:BE:12:3C,ALL,udp:27941,192.168.3.105*,2,242,1,153,1,89
44:3D:54:BE:12:3C,ALL,udp:14991,192.168.3.1*,2,170,1,77,1,93
44:3D:54:BE:12:3C,ALL,udp:14991,192.168.3.105*,2,170,1,93,1,77
44:3D:54:BE:12:3C,ALL,udp:20191,192.168.3.1*,2,253,1,79,1,174
44:3D:54:BE:12:3C,ALL,udp:20191,192.168.3.105*,2,253,1,174,1,79
44:3D:54:BE:12:3C,ALL,udp:54395,192.168.3.1*,2,242,1,89,1,153
44:3D:54:BE:12:3C,ALL,udp:54395,192.168.3.105*,2,242,1,153,1,89
44:3D:54:BE:12:3C,ALL,udp:33456,192.168.3.1*,2,253,1,79,1,174
44:3D:54:BE:12:3C,ALL,udp:33456,192.168.3.105*,2,253,1,174,1,79
44:3D:54:BE:12:3C,ALL,udp:23307,192.168.3.1*,2,242,1,89,1,153
44:3D:54:BE:12:3C,ALL,udp:23307,192.168.3.105*,2,242,1,153,1,89
44:3D:54:BE:12:3C,ALL,udp:37891,192.168.3.1*,2,242,1,89,1,153
44:3D:54:BE:12:3C,ALL,udp:37891,192.168.3.105*,2,242,1,153,1,89
44:3D:54:BE:12:3C,ALL,udp:60841,192.168.3.1*,2,253,1,79,1,174
44:3D:54:BE:12:3C,ALL,udp:60841,192.168.3.105*,2,253,1,174,1,79
44:3D:54:BE:12:3C,ALL,udp:50246,192.168.3.1*,2,170,1,77,1,93
44:3D:54:BE:12:3C,ALL,udp:50246,192.168.3.105*,2,170,1,93,1,77
44:3D:54:BE:12:3C,ALL,udp:36187,192.168.3.1*,2,253,1,79,1,174
44:3D:54:BE:12:3C,ALL,udp:36187,192.168.3.105*,2,253,1,174,1,79
44:3D:54:BE:12:3C,ALL,udp:22762,192.168.3.1*,2,368,1,120,1,248
44:3D:54:BE:12:3C,ALL,udp:22762,192.168.3.105*,2,368,1,248,1,120
44:3D:54:BE:12:3C,ALL,udp:7648,192.168.3.1*,2,242,1,89,1,153
44:3D:54:BE:12:3C,ALL,udp:7648,192.168.3.105*,2,242,1,153,1,89
44:3D:54:BE:12:3C,ALL,udp:47898,192.168.3.1*,2,253,1,79,1,174
44:3D:54:BE:12:3C,ALL,udp:47898,192.168.3.105*,2,253,1,174,1,79
44:3D:54:BE:12:3C,ALL,udp:60306,192.168.3.1*,2,253,1,79,1,174
44:3D:54:BE:12:3C,ALL,udp:60306,192.168.3.105*,2,253,1,174,1,79
44:3D:54:BE:12:3C,ALL,udp:50453,192.168.3.1*,2,242,1,89,1,153
44:3D:54:BE:12:3C,ALL,udp:50453,192.168.3.105*,2,242,1,153,1,89
44:3D:54:BE:12:3C,ALL,udp:29445,192.168.3.1*,2,164,1,74,1,90
44:3D:54:BE:12:3C,ALL,udp:29445,192.168.3.105*,2,164,1,90,1,74
44:3D:54:BE:12:3C,ALL,udp:28472,192.168.3.1*,2,242,1,89,1,153
44:3D:54:BE:12:3C,ALL,udp:28472,192.168.3.105*,2,242,1,153,1,89
44:3D:54:BE:12:3C,ALL,udp:15091,192.168.3.1*,2,170,1,77,1,93
44:3D:54:BE:12:3C,ALL,udp:15091,192.168.3.105*,2,170,1,93,1,77
44:3D:54:BE:12:3C,ALL,udp:60599,192.168.3.1*,2,253,1,79,1,174
44:3D:54:BE:12:3C,ALL,udp:60599,192.168.3.105*,2,253,1,174,1,79
44:3D:54:BE:12:3C,ALL,udp:34859,192.168.3.1*,2,253,1,79,1,174
44:3D:54:BE:12:3C,ALL,udp:34859,192.168.3.105*,2,253,1,174,1,79
44:3D:54:BE:12:3C,ALL,udp:59776,192.168.3.1*,2,228,1,90,1,138
44:3D:54:BE:12:3C,ALL,udp:59776,192.168.3.105*,2,228,1,138,1,90
44:3D:54:BE:12:3C,ALL,udp:36023,192.168.3.1*,2,242,1,89,1,153
44:3D:54:BE:12:3C,ALL,udp:36023,192.168.3.105*,2,242,1,153,1,89
44:3D:54:BE:12:3C,ALL,udp:22550,192.168.3.1*,2,242,1,89,1,153
44:3D:54:BE:12:3C,ALL,udp:22550,192.168.3.105*,2,242,1,153,1,89
44:3D:54:BE:12:3C,ALL,udp:5744,192.168.3.1*,2,253,1,79,1,174
44:3D:54:BE:12:3C,ALL,udp:5744,192.168.3.105*,2,253,1,174,1,79
44:3D:54:BE:12:3C,ALL,udp:65080,192.168.3.1*,2,242,1,89,1,153
44:3D:54:BE:12:3C,ALL,udp:65080,192.168.3.105*,2,242,1,153,1,89
44:3D:54:BE:12:3C,ALL,udp:54812,192.168.3.1*,2,253,1,79,1,174
44:3D:54:BE:12:3C,ALL,udp:54812,192.168.3.105*,2,253,1,174,1,79
44:3D:54:BE:12:3C,ALL,udp:61046,192.168.3.1*,2,170,1,77,1,93
44:3D:54:BE:12:3C,ALL,udp:61046,192.168.3.105*,2,170,1,93,1,77
44:3D:54:BE:12:3C,ALL,udp:44716,192.168.3.1*,2,253,1,79,1,174
44:3D:54:BE:12:3C,ALL,udp:44716,192.168.3.105*,2,253,1,174,1,79
44:3D:54:BE:12:3C,ALL,udp:22501,192.168.3.1*,2,368,1,120,1,248
44:3D:54:BE:12:3C,ALL,udp:22501,192.168.3.105*,2,368,1,248,1,120
44:3D:54:BE:12:3C,ALL,udp:30030,192.168.3.1*,2,242,1,89,1,153
44:3D:54:BE:12:3C,ALL,udp:30030,192.168.3.105*,2,242,1,153,1,89
44:3D:54:BE:12:3C,ALL,udp:12135,192.168.3.1*,2,253,1,79,1,174
44:3D:54:BE:12:3C,ALL,udp:12135,192.168.3.105*,2,253,1,174,1,79
44:3D:54:BE:12:3C,ALL,udp:57299,192.168.3.1*,2,242,1,89,1,153
44:3D:54:BE:12:3C,ALL,udp:57299,192.168.3.105*,2,242,1,153,1,89
44:3D:54:BE:12:3C,ALL,udp:1717,192.168.3.1*,2,253,1,79,1,174
44:3D:54:BE:12:3C,ALL,udp:1717,192.168.3.105*,2,253,1,174,1,79
44:3D:54:BE:12:3C,ALL,udp:6779,192.168.3.1*,2,401,1,86,1,315
44:3D:54:BE:12:3C,ALL,udp:6779,192.168.3.105*,2,401,1,315,1,86
44:3D:54:BE:12:3C,ALL,udp:32198,192.168.3.1*,2,401,1,86,1,315
44:3D:54:BE:12:3C,ALL,udp:32198,192.168.3.105*,2,401,1,315,1,86
44:3D:54:BE:12:3C,ALL,udp:29104,192.168.3.1*,2,242,1,89,1,153
44:3D:54:BE:12:3C,ALL,udp:29104,192.168.3.105*,2,242,1,153,1,89
44:3D:54:BE:12:3C,ALL,udp:25818,192.168.3.1*,2,170,1,77,1,93
44:3D:54:BE:12:3C,ALL,udp:25818,192.168.3.105*,2,170,1,93,1,77
44:3D:54:BE:12:3C,ALL,udp:56699,192.168.3.1*,2,228,1,90,1,138
44:3D:54:BE:12:3C,ALL,udp:56699,192.168.3.105*,2,228,1,138,1,90
44:3D:54:BE:12:3C,ALL,udp:64294,192.168.3.1*,2,242,1,89,1,153
44:3D:54:BE:12:3C,ALL,udp:64294,192.168.3.105*,2,242,1,153,1,89
44:3D:54:BE:12:3C,ALL,udp:30054,192.168.3.1*,2,253,1,79,1,174
44:3D:54:BE:12:3C,ALL,udp:30054,192.168.3.105*,2,253,1,174,1,79
44:3D:54:BE:12:3C,ALL,udp:6731,192.168.3.1*,2,242,1,89,1,153
44:3D:54:BE:12:3C,ALL,udp:6731,192.168.3.105*,2,242,1,153,1,89
44:3D:54:BE:12:3C,ALL,udp:22718,192.168.3.1*,2,253,1,79,1,174
44:3D:54:BE:12:3C,ALL,udp:22718,192.168.3.105*,2,253,1,174,1,79
44:3D:54:BE:12:3C,ALL,udp:52093,192.168.3.1*,2,253,1,79,1,174
44:3D:54:BE:12:3C,ALL,udp:52093,192.168.3.105*,2,253,1,174,1,79
44:3D:54:BE:12:3C,ALL,udp:38127,192.168.3.1*,2,164,1,74,1,90
44:3D:54:BE:12:3C,ALL,udp:38127,192.168.3.105*,2,164,1,90,1,74
44:3D:54:BE:12:3C,ALL,udp:38932,192.168.3.1*,2,242,1,89,1,153
44:3D:54:BE:12:3C,ALL,udp:38932,192.168.3.105*,2,242,1,153,1,89
44:3D:54:BE:12:3C,ALL,udp:7638,192.168.3.1*,2,170,1,77,1,93
44:3D:54:BE:12:3C,ALL,udp:7638,192.168.3.105*,2,170,1,93,1,77
44:3D:54:BE:12:3C,ALL,udp:56603,192.168.3.1*,2,368,1,120,1,248
44:3D:54:BE:12:3C,ALL,udp:56603,192.168.3.105*,2,368,1,248,1,120
44:3D:54:BE:12:3C,ALL,udp:40039,192.168.3.1*,2,242,1,89,1,153
44:3D:54:BE:12:3C,ALL,udp:40039,192.168.3.105*,2,242,1,153,1,89
44:3D:54:BE:12:3C,ALL,udp:12091,192.168.3.1*,2,242,1,89,1,153
44:3D:54:BE:12:3C,ALL,udp:12091,192.168.3.105*,2,242,1,153,1,89
44:3D:54:BE:12:3C,ALL,udp:24848,192.168.3.1*,2,164,1,74,1,90
44:3D:54:BE:12:3C,ALL,udp:24848,192.168.3.105*,2,164,1,90,1,74
44:3D:54:BE:12:3C,ALL,udp:15002,192.168.3.1*,2,253,1,79,1,174
44:3D:54:BE:12:3C,ALL,udp:15002,192.168.3.105*,2,253,1,174,1,79
44:3D:54:BE:12:3C,ALL,udp:39909,192.168.3.1*,2,242,1,89,1,153
44:3D:54:BE:12:3C,ALL,udp:39909,192.168.3.105*,2,242,1,153,1,89
44:3D:54:BE:12:3C,ALL,udp:44158,192.168.3.1*,2,170,1,77,1,93
44:3D:54:BE:12:3C,ALL,udp:44158,192.168.3.105*,2,170,1,93,1,77
44:3D:54:BE:12:3C,ALL,udp:52656,192.168.3.1*,2,228,1,90,1,138
44:3D:54:BE:12:3C,ALL,udp:52656,192.168.3.105*,2,228,1,138,1,90
44:3D:54:BE:12:3C,ALL,udp:13931,192.168.3.1*,2,253,1,79,1,174
44:3D:54:BE:12:3C,ALL,udp:13931,192.168.3.105*,2,253,1,174,1,79
44:3D:54:BE:12:3C,ALL,udp:29243,192.168.3.1*,2,253,1,79,1,174
44:3D:54:BE:12:3C,ALL,udp:29243,192.168.3.105*,2,253,1,174,1,79
44:3D:54:BE:12:3C,ALL,udp:12539,192.168.3.1*,2,242,1,89,1,153
44:3D:54:BE:12:3C,ALL,udp:12539,192.168.3.105*,2,242,1,153,1,89
44:3D:54:BE:12:3C,ALL,udp:10259,192.168.3.1*,2,253,1,79,1,174
44:3D:54:BE:12:3C,ALL,udp:10259,192.168.3.105*,2,253,1,174,1,79
44:3D:54:BE:12:3C,ALL,udp:40530,192.168.3.1*,2,242,1,89,1,153
44:3D:54:BE:12:3C,ALL,udp:40530,192.168.3.105*,2,242,1,153,1,89
44:3D:54:BE:12:3C,ALL,udp:44352,192.168.3.1*,2,253,1,79,1,174
44:3D:54:BE:12:3C,ALL,udp:44352,192.168.3.105*,2,253,1,174,1,79
44:3D:54:BE:12:3C,ALL,udp:41188,192.168.3.1*,2,253,1,79,1,174
44:3D:54:BE:12:3C,ALL,udp:41188,192.168.3.105*,2,253,1,174,1,79
44:3D:54:BE:12:3C,ALL,udp:19946,192.168.3.1*,2,242,1,89,1,153
44:3D:54:BE:12:3C,ALL,udp:19946,192.168.3.105*,2,242,1,153,1,89
44:3D:54:BE:12:3C,ALL,udp:6552,192.168.3.1*,2,170,1,77,1,93
44:3D:54:BE:12:3C,ALL,udp:6552,192.168.3.105*,2,170,1,93,1,77
44:3D:54:BE:12:3C,ALL,udp:49903,192.168.3.1*,2,368,1,120,1,248
44:3D:54:BE:12:3C,ALL,udp:49903,192.168.3.105*,2,368,1,248,1,120
44:3D:54:BE:12:3C,ALL,udp:1889,192.168.3.1*,2,242,1,89,1,153
44:3D:54:BE:12:3C,ALL,udp:1889,192.168.3.105*,2,242,1,153,1,89
44:3D:54:BE:12:3C,ALL,udp:28234,192.168.3.1*,2,242,1,89,1,153
44:3D:54:BE:12:3C,ALL,udp:28234,192.168.3.105*,2,242,1,153,1,89
44:3D:54:BE:12:3C,ALL,udp:19746,192.168.3.1*,2,253,1,79,1,174
44:3D:54:BE:12:3C,ALL,udp:19746,192.168.3.105*,2,253,1,174,1,79
44:3D:54:BE:12:3C,ALL,udp:4601,192.168.3.1*,2,253,1,79,1,174
44:3D:54:BE:12:3C,ALL,udp:4601,192.168.3.105*,2,253,1,174,1,79
44:3D:54:BE:12:3C,ALL,udp:54040,192.168.3.1*,2,253,1,79,1,174
44:3D:54:BE:12:3C,ALL,udp:54040,192.168.3.105*,2,253,1,174,1,79
44:3D:54:BE:12:3C,ALL,udp:57439,192.168.3.1*,2,242,1,89,1,153
44:3D:54:BE:12:3C,ALL,udp:57439,192.168.3.105*,2,242,1,153,1,89
44:3D:54:BE:12:3C,ALL,udp:56375,192.168.3.1*,2,228,1,90,1,138
44:3D:54:BE:12:3C,ALL,udp:56375,192.168.3.105*,2,228,1,138,1,90
44:3D:54:BE:12:3C,ALL,udp:4012,192.168.3.1*,2,253,1,79,1,174
44:3D:54:BE:12:3C,ALL,udp:4012,192.168.3.105*,2,253,1,174,1,79
44:3D:54:BE:12:3C,ALL,udp:9836,192.168.3.1*,2,242,1,89,1,153
44:3D:54:BE:12:3C,ALL,udp:9836,192.168.3.105*,2,242,1,153,1,89
44:3D:54:BE:12:3C,ALL,udp:52821,192.168.3.1*,2,253,1,79,1,174
44:3D:54:BE:12:3C,ALL,udp:52821,192.168.3.105*,2,253,1,174,1,79
44:3D:54:BE:12:3C,ALL,udp:51679,192.168.3.1*,2,242,1,89,1,153
44:3D:54:BE:12:3C,ALL,udp:51679,192.168.3.105*,2,242,1,153,1,89
44:3D:54:BE:12:3C,ALL,udp:4003,192.168.3.1*,2,242,1,89,1,153
44:3D:54:BE:12:3C,ALL,udp:4003,192.168.3.105*,2,242,1,153,1,89
44:3D:54:BE:12:3C,ALL,udp:30900,192.168.3.1*,2,170,1,77,1,93
44:3D:54:BE:12:3C,ALL,udp:30900,192.168.3.105*,2,170,1,93,1,77
44:3D:54:BE:12:3C,ALL,udp:28023,192.168.3.1*,2,253,1,79,1,174
44:3D:54:BE:12:3C,ALL,udp:28023,192.168.3.105*,2,253,1,174,1,79
44:3D:54:BE:12:3C,ALL,udp:39769,192.168.3.1*,2,368,1,120,1,248
44:3D:54:BE:12:3C,ALL,udp:39769,192.168.3.105*,2,368,1,248,1,120
44:3D:54:BE:12:3C,ALL,udp:5351,192.168.3.1*,2,164,1,74,1,90
44:3D:54:BE:12:3C,ALL,udp:5351,192.168.3.105*,2,164,1,90,1,74
44:3D:54:BE:12:3C,ALL,udp:28480,192.168.3.1*,2,242,1,89,1,153
44:3D:54:BE:12:3C,ALL,udp:28480,192.168.3.105*,2,242,1,153,1,89
44:3D:54:BE:12:3C,ALL,udp:39936,192.168.3.1*,2,253,1,79,1,174
44:3D:54:BE:12:3C,ALL,udp:39936,192.168.3.105*,2,253,1,174,1,79
44:3D:54:BE:12:3C,ALL,udp:41943,192.168.3.1*,2,228,1,90,1,138
44:3D:54:BE:12:3C,ALL,udp:41943,192.168.3.105*,2,228,1,138,1,90
44:3D:54:BE:12:3C,ALL,udp:48608,192.168.3.1*,2,242,1,89,1,153
44:3D:54:BE:12:3C,ALL,udp:48608,192.168.3.105*,2,242,1,153,1,89
44:3D:54:BE:12:3C,ALL,udp:41074,192.168.3.1*,2,170,1,77,1,93
44:3D:54:BE:12:3C,ALL,udp:41074,192.168.3.105*,2,170,1,93,1,77
44:3D:54:BE:12:3C,ALL,udp:63910,192.168.3.1*,2,253,1,79,1,174
44:3D:54:BE:12:3C,ALL,udp:63910,192.168.3.105*,2,253,1,174,1,79
44:3D:54:BE:12:3C,ALL,udp:56464,192.168.3.1*,2,242,1,89,1,153
44:3D:54:BE:12:3C,ALL,udp:56464,192.168.3.105*,2,242,1,153,1,89
44:3D:54:BE:12:3C,ALL,udp:42860,192.168.3.1*,2,253,1,79,1,174
44:3D:54:BE:12:3C,ALL,udp:42860,192.168.3.105*,2,253,1,174,1,79
44:3D:54:BE:12:3C,ALL,udp:27180,192.168.3.1*,2,253,1,79,1,174
44:3D:54:BE:12:3C,ALL,udp:27180,192.168.3.105*,2,253,1,174,1,79
44:3D:54:BE:12:3C,ALL,udp:24695,192.168.3.1*,2,253,1,79,1,174
44:3D:54:BE:12:3C,ALL,udp:24695,192.168.3.105*,2,253,1,174,1,79
44:3D:54:BE:12:3C,ALL,udp:3935,192.168.3.1*,2,242,1,89,1,153
44:3D:54:BE:12:3C,ALL,udp:3935,192.168.3.105*,2,242,1,153,1,89
44:3D:54:BE:12:3C,ALL,udp:24052,192.168.3.1*,2,170,1,77,1,93
44:3D:54:BE:12:3C,ALL,udp:24052,192.168.3.105*,2,170,1,93,1,77
44:3D:54:BE:12:3C,ALL,udp:51692,192.168.3.1*,2,368,1,120,1,248
44:3D:54:BE:12:3C,ALL,udp:51692,192.168.3.105*,2,368,1,248,1,120
44:3D:54:BE:12:3C,ALL,udp:36148,192.168.3.1*,2,253,1,79,1,174
44:3D:54:BE:12:3C,ALL,udp:36148,192.168.3.105*,2,253,1,174,1,79
44:3D:54:BE:12:3C,ALL,udp:1910,192.168.3.1*,2,242,1,89,1,153
44:3D:54:BE:12:3C,ALL,udp:1910,192.168.3.105*,2,242,1,153,1,89
44:3D:54:BE:12:3C,ALL,udp:4146,192.168.3.1*,2,253,1,79,1,174
44:3D:54:BE:12:3C,ALL,udp:4146,192.168.3.105*,2,253,1,174,1,79
44:3D:54:BE:12:3C,ALL,udp:25056,192.168.3.1*,2,242,1,89,1,153
44:3D:54:BE:12:3C,ALL,udp:25056,192.168.3.105*,2,242,1,153,1,89
44:3D:54:BE:12:3C,ALL,udp:26913,192.168.3.1*,2,253,1,79,1,174
44:3D:54:BE:12:3C,ALL,udp:26913,192.168.3.105*,2,253,1,174,1,79
44:3D:54:BE:12:3C,ALL,udp:41607,192.168.3.1*,2,253,1,79,1,174
44:3D:54:BE:12:3C,ALL,udp:41607,192.168.3.105*,2,253,1,174,1,79
44:3D:54:BE:12:3C,ALL,udp:46203,192.168.3.1*,2,228,1,90,1,138
44:3D:54:BE:12:3C,ALL,udp:46203,192.168.3.105*,2,228,1,138,1,90
44:3D:54:BE:12:3C,ALL,udp:38509,192.168.3.1*,2,242,1,89,1,153
44:3D:54:BE:12:3C,ALL,udp:38509,192.168.3.105*,2,242,1,153,1,89
44:3D:54:BE:12:3C,ALL,udp:63448,192.168.3.1*,2,170,1,77,1,93
44:3D:54:BE:12:3C,ALL,udp:63448,192.168.3.105*,2,170,1,93,1,77
44:3D:54:BE:12:3C,ALL,udp:8617,192.168.3.1*,2,253,1,79,1,174
44:3D:54:BE:12:3C,ALL,udp:8617,192.168.3.105*,2,253,1,174,1,79
44:3D:54:BE:12:3C,ALL,udp:59721,192.168.3.1*,2,242,1,89,1,153
44:3D:54:BE:12:3C,ALL,udp:59721,192.168.3.105*,2,242,1,153,1,89
44:3D:54:BE:12:3C,ALL,udp:63244,192.168.3.1*,2,253,1,79,1,174
44:3D:54:BE:12:3C,ALL,udp:63244,192.168.3.105*,2,253,1,174,1,79
44:3D:54:BE:12:3C,ALL,udp:10810,192.168.3.1*,2,242,1,89,1,153
44:3D:54:BE:12:3C,ALL,udp:10810,192.168.3.105*,2,242,1,153,1,89
44:3D:54:BE:12:3C,ALL,udp:43139,192.168.3.1*,2,253,1,79,1,174
44:3D:54:BE:12:3C,ALL,udp:43139,192.168.3.105*,2,253,1,174,1,79
44:3D:54:BE:12:3C,ALL,udp:51943,192.168.3.1*,2,242,1,89,1,153
44:3D:54:BE:12:3C,ALL,udp:51943,192.168.3.105*,2,242,1,153,1,89
44:3D:54:BE:12:3C,ALL,udp:50758,192.168.3.1*,2,170,1,77,1,93
44:3D:54:BE:12:3C,ALL,udp:50758,192.168.3.105*,2,170,1,93,1,77
44:3D:54:BE:12:3C,ALL,udp:18324,192.168.3.1*,2,253,1,79,1,174
44:3D:54:BE:12:3C,ALL,udp:18324,192.168.3.105*,2,253,1,174,1,79
44:3D:54:BE:12:3C,ALL,udp:16533,192.168.3.1*,2,242,1,89,1,153
44:3D:54:BE:12:3C,ALL,udp:16533,192.168.3.105*,2,242,1,153,1,89
44:3D:54:BE:12:3C,ALL,udp:40865,192.168.3.1*,2,164,1,74,1,90
44:3D:54:BE:12:3C,ALL,udp:40865,192.168.3.105*,2,164,1,90,1,74
44:3D:54:BE:12:3C,ALL,udp:36557,192.168.3.1*,2,242,1,89,1,153
44:3D:54:BE:12:3C,ALL,udp:36557,192.168.3.105*,2,242,1,153,1,89
44:3D:54:BE:12:3C,ALL,udp:7108,192.168.3.1*,2,253,1,79,1,174
44:3D:54:BE:12:3C,ALL,udp:7108,192.168.3.105*,2,253,1,174,1,79
44:3D:54:BE:12:3C,ALL,udp:3917,192.168.3.1*,2,228,1,90,1,138
44:3D:54:BE:12:3C,ALL,udp:3917,192.168.3.105*,2,228,1,138,1,90
44:3D:54:BE:12:3C,ALL,udp:41464,192.168.3.1*,2,242,1,89,1,153
44:3D:54:BE:12:3C,ALL,udp:41464,192.168.3.105*,2,242,1,153,1,89
44:3D:54:BE:12:3C,ALL,udp:51443,192.168.3.1*,2,170,1,77,1,93
44:3D:54:BE:12:3C,ALL,udp:51443,192.168.3.105*,2,170,1,93,1,77
44:3D:54:BE:12:3C,ALL,udp:35620,192.168.3.1*,2,253,1,79,1,174
44:3D:54:BE:12:3C,ALL,udp:35620,192.168.3.105*,2,253,1,174,1,79
44:3D:54:BE:12:3C,ALL,udp:30200,192.168.3.1*,2,253,1,79,1,174
44:3D:54:BE:12:3C,ALL,udp:30200,192.168.3.105*,2,253,1,174,1,79
44:3D:54:BE:12:3C,ALL,udp:5435,192.168.3.1*,2,242,1,89,1,153
44:3D:54:BE:12:3C,ALL,udp:5435,192.168.3.105*,2,242,1,153,1,89
44:3D:54:BE:12:3C,ALL,udp:48886,192.168.3.1*,2,228,1,90,1,138
44:3D:54:BE:12:3C,ALL,udp:48886,192.168.3.105*,2,228,1,138,1,90
44:3D:54:BE:12:3C,ALL,udp:49679,192.168.3.1*,2,242,1,89,1,153
44:3D:54:BE:12:3C,ALL,udp:49679,192.168.3.105*,2,242,1,153,1,89
44:3D:54:BE:12:3C,ALL,udp:33891,192.168.3.1*,2,253,1,79,1,174
44:3D:54:BE:12:3C,ALL,udp:33891,192.168.3.105*,2,253,1,174,1,79
44:3D:54:BE:12:3C,ALL,udp:21285,192.168.3.1*,2,253,1,79,1,174
44:3D:54:BE:12:3C,ALL,udp:21285,192.168.3.105*,2,253,1,174,1,79
44:3D:54:BE:12:3C,ALL,udp:30462,192.168.3.1*,2,242,1,89,1,153
44:3D:54:BE:12:3C,ALL,udp:30462,192.168.3.105*,2,242,1,153,1,89
44:3D:54:BE:12:3C,ALL,udp:55286,192.168.3.1*,2,170,1,77,1,93
44:3D:54:BE:12:3C,ALL,udp:55286,192.168.3.105*,2,170,1,93,1,77
44:3D:54:BE:12:3C,ALL,udp:4883,192.168.3.1*,2,368,1,120,1,248
44:3D:54:BE:12:3C,ALL,udp:4883,192.168.3.105*,2,368,1,248,1,120
44:3D:54:BE:12:3C,ALL,udp:8327,192.168.3.1*,2,242,1,89,1,153
44:3D:54:BE:12:3C,ALL,udp:8327,192.168.3.105*,2,242,1,153,1,89
44:3D:54:BE:12:3C,ALL,udp:14740,192.168.3.1*,2,253,1,79,1,174
44:3D:54:BE:12:3C,ALL,udp:14740,192.168.3.105*,2,253,1,174,1,79
44:3D:54:BE:12:3C,ALL,udp:34028,192.168.3.1*,2,242,1,89,1,153
44:3D:54:BE:12:3C,ALL,udp:34028,192.168.3.105*,2,242,1,153,1,89
44:3D:54:BE:12:3C,ALL,udp:1990,192.168.3.1*,2,228,1,90,1,138
44:3D:54:BE:12:3C,ALL,udp:1990,192.168.3.105*,2,228,1,138,1,90
44:3D:54:BE:12:3C,ALL,udp:4863,192.168.3.1*,2,242,1,89,1,153
44:3D:54:BE:12:3C,ALL,udp:4863,192.168.3.105*,2,242,1,153,1,89
44:3D:54:BE:12:3C,ALL,udp:25652,192.168.3.1*,2,170,1,77,1,93
44:3D:54:BE:12:3C,ALL,udp:25652,192.168.3.105*,2,170,1,93,1,77
44:3D:54:BE:12:3C,ALL,udp:26722,192.168.3.1*,2,253,1,79,1,174
44:3D:54:BE:12:3C,ALL,udp:26722,192.168.3.105*,2,253,1,174,1,79
44:3D:54:BE:12:3C,ALL,udp:48562,192.168.3.1*,2,253,1,79,1,174
44:3D:54:BE:12:3C,ALL,udp:48562,192.168.3.105*,2,253,1,174,1,79
44:3D:54:BE:12:3C,ALL,udp:39732,192.168.3.1*,2,242,1,89,1,153
44:3D:54:BE:12:3C,ALL,udp:39732,192.168.3.105*,2,242,1,153,1,89
44:3D:54:BE:12:3C,ALL,udp:58718,192.168.3.1*,2,253,1,79,1,174
44:3D:54:BE:12:3C,ALL,udp:58718,192.168.3.105*,2,253,1,174,1,79
44:3D:54:BE:12:3C,ALL,udp:59118,192.168.3.1*,2,253,1,79,1,174
44:3D:54:BE:12:3C,ALL,udp:59118,192.168.3.105*,2,253,1,174,1,79
44:3D:54:BE:12:3C,ALL,udp:1565,192.168.3.1*,2,242,1,89,1,153
44:3D:54:BE:12:3C,ALL,udp:1565,192.168.3.105*,2,242,1,153,1,89
44:3D:54:BE:12:3C,ALL,udp:53347,192.168.3.1*,2,242,1,89,1,153
44:3D:54:BE:12:3C,ALL,udp:53347,192.168.3.105*,2,242,1,153,1,89
44:3D:54:BE:12:3C,ALL,udp:48946,192.168.3.1*,2,170,1,77,1,93
44:3D:54:BE:12:3C,ALL,udp:48946,192.168.3.105*,2,170,1,93,1,77
44:3D:54:BE:12:3C,ALL,udp:16461,192.168.3.1*,2,253,1,79,1,174
44:3D:54:BE:12:3C,ALL,udp:16461,192.168.3.105*,2,253,1,174,1,79
44:3D:54:BE:12:3C,ALL,udp:27545,192.168.3.1*,2,368,1,120,1,248
44:3D:54:BE:12:3C,ALL,udp:27545,192.168.3.105*,2,368,1,248,1,120
44:3D:54:BE:12:3C,ALL,udp:18905,192.168.3.1*,2,242,1,89,1,153
44:3D:54:BE:12:3C,ALL,udp:18905,192.168.3.105*,2,242,1,153,1,89
44:3D:54:BE:12:3C,ALL,udp:12200,192.168.3.1*,2,164,1,74,1,90
44:3D:54:BE:12:3C,ALL,udp:12200,192.168.3.105*,2,164,1,90,1,74
44:3D:54:BE:12:3C,ALL,udp:34046,192.168.3.1*,2,253,1,79,1,174
44:3D:54:BE:12:3C,ALL,udp:34046,192.168.3.105*,2,253,1,174,1,79
44:3D:54:BE:12:3C,ALL,udp:34773,192.168.3.1*,2,242,1,89,1,153
44:3D:54:BE:12:3C,ALL,udp:34773,192.168.3.105*,2,242,1,153,1,89
44:3D:54:BE:12:3C,ALL,udp:33857,192.168.3.1*,2,228,1,90,1,138
44:3D:54:BE:12:3C,ALL,udp:33857,192.168.3.105*,2,228,1,138,1,90
44:3D:54:BE:12:3C,ALL,udp:21720,192.168.3.1*,2,253,1,79,1,174
44:3D:54:BE:12:3C,ALL,udp:21720,192.168.3.105*,2,253,1,174,1,79
44:3D:54:BE:12:3C,ALL,udp:16368,192.168.3.1*,2,253,1,79,1,174
44:3D:54:BE:12:3C,ALL,udp:16368,192.168.3.105*,2,253,1,174,1,79
44:3D:54:BE:12:3C,ALL,udp:28949,192.168.3.1*,2,253,1,79,1,174
44:3D:54:BE:12:3C,ALL,udp:28949,192.168.3.105*,2,253,1,174,1,79
44:3D:54:BE:12:3C,ALL,udp:34489,192.168.3.1*,2,242,1,89,1,153
44:3D:54:BE:12:3C,ALL,udp:34489,192.168.3.105*,2,242,1,153,1,89
44:3D:54:BE:12:3C,ALL,udp:52366,192.168.3.1*,2,170,1,77,1,93
44:3D:54:BE:12:3C,ALL,udp:52366,192.168.3.105*,2,170,1,93,1,77
44:3D:54:BE:12:3C,ALL,udp:22390,192.168.3.1*,2,242,1,89,1,153
44:3D:54:BE:12:3C,ALL,udp:22390,192.168.3.105*,2,242,1,153,1,89
44:3D:54:BE:12:3C,ALL,udp:9429,192.168.3.1*,2,253,1,79,1,174
44:3D:54:BE:12:3C,ALL,udp:9429,192.168.3.105*,2,253,1,174,1,79
44:3D:54:BE:12:3C,ALL,udp:46654,192.168.3.1*,2,242,1,89,1,153
44:3D:54:BE:12:3C,ALL,udp:46654,192.168.3.105*,2,242,1,153,1,89
44:3D:54:BE:12:3C,ALL,udp:11200,192.168.3.1*,2,253,1,79,1,174
44:3D:54:BE:12:3C,ALL,udp:11200,192.168.3.105*,2,253,1,174,1,79
44:3D:54:BE:12:3C,ALL,udp:16076,192.168.3.1*,2,170,1,77,1,93
44:3D:54:BE:12:3C,ALL,udp:16076,192.168.3.105*,2,170,1,93,1,77
44:3D:54:BE:12:3C,ALL,udp:41193,192.168.3.1*,2,368,1,120,1,248
44:3D:54:BE:12:3C,ALL,udp:41193,192.168.3.105*,2,368,1,248,1,120
44:3D:54:BE:12:3C,ALL,udp:60945,192.168.3.1*,2,253,1,79,1,174
44:3D:54:BE:12:3C,ALL,udp:60945,192.168.3.105*,2,253,1,174,1,79
44:3D:54:BE:12:3C,ALL,udp:63635,192.168.3.1*,2,242,1,89,1,153
44:3D:54:BE:12:3C,ALL,udp:63635,192.168.3.105*,2,242,1,153,1,89
44:3D:54:BE:12:3C,ALL,udp:4317,192.168.3.1*,2,228,1,90,1,138
44:3D:54:BE:12:3C,ALL,udp:4317,192.168.3.105*,2,228,1,138,1,90
44:3D:54:BE:12:3C,ALL,udp:7434,192.168.3.1*,2,242,1,89,1,153
44:3D:54:BE:12:3C,ALL,udp:7434,192.168.3.105*,2,242,1,153,1,89
44:3D:54:BE:12:3C,ALL,udp:35636,192.168.3.1*,2,242,1,89,1,153
44:3D:54:BE:12:3C,ALL,udp:35636,192.168.3.105*,2,242,1,153,1,89
44:3D:54:BE:12:3C,ALL,udp:45387,192.168.3.1*,2,170,1,77,1,93
44:3D:54:BE:12:3C,ALL,udp:45387,192.168.3.105*,2,170,1,93,1,77
44:3D:54:BE:12:3C,ALL,udp:13235,192.168.3.1*,2,242,1,89,1,153
44:3D:54:BE:12:3C,ALL,udp:13235,192.168.3.105*,2,242,1,153,1,89
44:3D:54:BE:12:3C,ALL,udp:11335,192.168.3.1*,2,253,1,79,1,174
44:3D:54:BE:12:3C,ALL,udp:11335,192.168.3.105*,2,253,1,174,1,79
44:3D:54:BE:12:3C,ALL,udp:24433,192.168.3.1*,2,253,1,79,1,174
44:3D:54:BE:12:3C,ALL,udp:24433,192.168.3.105*,2,253,1,174,1,79
44:3D:54:BE:12:3C,ALL,udp:18050,192.168.3.1*,2,253,1,79,1,174
44:3D:54:BE:12:3C,ALL,udp:18050,192.168.3.105*,2,253,1,174,1,79
44:3D:54:BE:12:3C,ALL,udp:63844,192.168.3.1*,2,253,1,79,1,174
44:3D:54:BE:12:3C,ALL,udp:63844,192.168.3.105*,2,253,1,174,1,79
44:3D:54:BE:12:3C,ALL,udp:37073,192.168.3.1*,2,242,1,89,1,153
44:3D:54:BE:12:3C,ALL,udp:37073,192.168.3.105*,2,242,1,153,1,89
44:3D:54:BE:12:3C,ALL,udp:38086,192.168.3.1*,2,253,1,79,1,174
44:3D:54:BE:12:3C,ALL,udp:38086,192.168.3.105*,2,253,1,174,1,79
44:3D:54:BE:12:3C,ALL,udp:18902,192.168.3.1*,2,242,1,89,1,153
44:3D:54:BE:12:3C,ALL,udp:18902,192.168.3.105*,2,242,1,153,1,89
44:3D:54:BE:12:3C,ALL,udp:4520,192.168.3.1*,2,170,1,77,1,93
44:3D:54:BE:12:3C,ALL,udp:4520,192.168.3.105*,2,170,1,93,1,77
44:3D:54:BE:12:3C,ALL,udp:46201,192.168.3.1*,2,368,1,120,1,248
44:3D:54:BE:12:3C,ALL,udp:46201,192.168.3.105*,2,368,1,248,1,120
44:3D:54:BE:12:3C,ALL,udp:40967,192.168.3.1*,2,164,1,74,1,90
44:3D:54:BE:12:3C,ALL,udp:40967,192.168.3.105*,2,164,1,90,1,74
44:3D:54:BE:12:3C,ALL,udp:47016,192.168.3.1*,2,253,1,79,1,174
44:3D:54:BE:12:3C,ALL,udp:47016,192.168.3.105*,2,253,1,174,1,79
44:3D:54:BE:12:3C,ALL,udp:64346,192.168.3.1*,2,242,1,89,1,153
44:3D:54:BE:12:3C,ALL,udp:64346,192.168.3.105*,2,242,1,153,1,89
44:3D:54:BE:12:3C,ALL,udp:21000,192.168.3.1*,2,253,1,79,1,174
44:3D:54:BE:12:3C,ALL,udp:21000,192.168.3.105*,2,253,1,174,1,79
44:3D:54:BE:12:3C,ALL,udp:4049,192.168.3.1*,2,242,1,89,1,153
44:3D:54:BE:12:3C,ALL,udp:4049,192.168.3.105*,2,242,1,153,1,89
44:3D:54:BE:12:3C,ALL,udp:7501,192.168.3.1*,2,164,1,74,1,90
44:3D:54:BE:12:3C,ALL,udp:7501,192.168.3.105*,2,164,1,90,1,74
44:3D:54:BE:12:3C,ALL,udp:37061,192.168.3.1*,2,253,1,79,1,174
44:3D:54:BE:12:3C,ALL,udp:37061,192.168.3.105*,2,253,1,174,1,79
44:3D:54:BE:12:3C,ALL,udp:57832,192.168.3.1*,2,242,1,89,1,153
44:3D:54:BE:12:3C,ALL,udp:57832,192.168.3.105*,2,242,1,153,1,89
44:3D:54:BE:12:3C,ALL,udp:53793,192.168.3.1*,2,170,1,77,1,93
44:3D:54:BE:12:3C,ALL,udp:53793,192.168.3.105*,2,170,1,93,1,77
44:3D:54:BE:12:3C,ALL,udp:14691,192.168.3.1*,2,401,1,86,1,315
44:3D:54:BE:12:3C,ALL,udp:14691,192.168.3.105*,2,401,1,315,1,86
44:3D:54:BE:12:3C,ALL,udp:5393,192.168.3.1*,2,253,1,79,1,174
44:3D:54:BE:12:3C,ALL,udp:5393,192.168.3.105*,2,253,1,174,1,79
44:3D:54:BE:12:3C,ALL,udp:1930,192.168.3.1*,2,242,1,89,1,153
44:3D:54:BE:12:3C,ALL,udp:1930,192.168.3.105*,2,242,1,153,1,89
44:3D:54:BE:12:3C,ALL,udp:24022,192.168.3.1*,2,242,1,89,1,153
44:3D:54:BE:12:3C,ALL,udp:24022,192.168.3.105*,2,242,1,153,1,89
44:3D:54:BE:12:3C,ALL,udp:14235,192.168.3.1*,2,253,1,79,1,174
44:3D:54:BE:12:3C,ALL,udp:14235,192.168.3.105*,2,253,1,174,1,79
44:3D:54:BE:12:3C,ALL,udp:25314,192.168.3.1*,2,253,1,79,1,174
44:3D:54:BE:12:3C,ALL,udp:25314,192.168.3.105*,2,253,1,174,1,79
44:3D:54:BE:12:3C,ALL,udp:34783,192.168.3.1*,2,242,1,89,1,153
44:3D:54:BE:12:3C,ALL,udp:34783,192.168.3.105*,2,242,1,153,1,89
44:3D:54:BE:12:3C,ALL,udp:61553,192.168.3.1*,2,170,1,77,1,93
44:3D:54:BE:12:3C,ALL,udp:61553,192.168.3.105*,2,170,1,93,1,77
44:3D:54:BE:12:3C,ALL,udp:8620,192.168.3.1*,2,253,1,79,1,174
44:3D:54:BE:12:3C,ALL,udp:8620,192.168.3.105*,2,253,1,174,1,79
44:3D:54:BE:12:3C,ALL,udp:11773,192.168.3.1*,2,368,1,120,1,248
44:3D:54:BE:12:3C,ALL,udp:11773,192.168.3.105*,2,368,1,248,1,120
44:3D:54:BE:12:3C,ALL,udp:8611,192.168.3.1*,2,253,1,79,1,174
44:3D:54:BE:12:3C,ALL,udp:8611,192.168.3.105*,2,253,1,174,1,79
44:3D:54:BE:12:3C,ALL,udp:12738,192.168.3.1*,2,242,1,89,1,153
44:3D:54:BE:12:3C,ALL,udp:12738,192.168.3.105*,2,242,1,153,1,89
44:3D:54:BE:12:3C,ALL,udp:33984,192.168.3.1*,2,228,1,90,1,138
44:3D:54:BE:12:3C,ALL,udp:33984,192.168.3.105*,2,228,1,138,1,90
44:3D:54:BE:12:3C,ALL,udp:57810,192.168.3.1*,2,242,1,89,1,153
44:3D:54:BE:12:3C,ALL,udp:57810,192.168.3.105*,2,242,1,153,1,89
44:3D:54:BE:12:3C,ALL,udp:11783,192.168.3.1*,2,253,1,79,1,174
44:3D:54:BE:12:3C,ALL,udp:11783,192.168.3.105*,2,253,1,174,1,79
44:3D:54:BE:12:3C,ALL,udp:16632,192.168.3.1*,2,242,1,89,1,153
44:3D:54:BE:12:3C,ALL,udp:16632,192.168.3.105*,2,242,1,153,1,89
44:3D:54:BE:12:3C,ALL,udp:17855,192.168.3.1*,2,253,1,79,1,174
44:3D:54:BE:12:3C,ALL,udp:17855,192.168.3.105*,2,253,1,174,1,79
44:3D:54:BE:12:3C,ALL,udp:27731,192.168.3.1*,2,170,1,77,1,93
44:3D:54:BE:12:3C,ALL,udp:27731,192.168.3.105*,2,170,1,93,1,77
44:3D:54:BE:12:3C,ALL,udp:47499,192.168.3.1*,2,253,1,79,1,174
44:3D:54:BE:12:3C,ALL,udp:47499,192.168.3.105*,2,253,1,174,1,79
44:3D:54:BE:12:3C,ALL,udp:64031,192.168.3.1*,2,242,1,89,1,153
44:3D:54:BE:12:3C,ALL,udp:64031,192.168.3.105*,2,242,1,153,1,89
44:3D:54:BE:12:3C,ALL,udp:8538,192.168.3.1*,2,253,1,79,1,174
44:3D:54:BE:12:3C,ALL,udp:8538,192.168.3.105*,2,253,1,174,1,79
44:3D:54:BE:12:3C,ALL,udp:6149,192.168.3.1*,2,253,1,79,1,174
44:3D:54:BE:12:3C,ALL,udp:6149,192.168.3.105*,2,253,1,174,1,79
44:3D:54:BE:12:3C,ALL,udp:47727,192.168.3.1*,2,242,1,89,1,153
44:3D:54:BE:12:3C,ALL,udp:47727,192.168.3.105*,2,242,1,153,1,89
44:3D:54:BE:12:3C,ALL,udp:24916,192.168.3.1*,2,253,1,79,1,174
44:3D:54:BE:12:3C,ALL,udp:24916,192.168.3.105*,2,253,1,174,1,79
44:3D:54:BE:12:3C,ALL,udp:13053,192.168.3.1*,2,242,1,89,1,153
44:3D:54:BE:12:3C,ALL,udp:13053,192.168.3.105*,2,242,1,153,1,89
44:3D:54:BE:12:3C,ALL,udp:5547,192.168.3.1*,2,242,1,89,1,153
44:3D:54:BE:12:3C,ALL,udp:5547,192.168.3.105*,2,242,1,153,1,89
44:3D:54:BE:12:3C,ALL,udp:31926,192.168.3.1*,2,170,1,77,1,93
44:3D:54:BE:12:3C,ALL,udp:31926,192.168.3.105*,2,170,1,93,1,77
44:3D:54:BE:12:3C,ALL,udp:60581,192.168.3.1*,2,253,1,79,1,174
44:3D:54:BE:12:3C,ALL,udp:60581,192.168.3.105*,2,253,1,174,1,79
44:3D:54:BE:12:3C,ALL,udp:52356,192.168.3.1*,2,164,1,74,1,90
44:3D:54:BE:12:3C,ALL,udp:52356,192.168.3.105*,2,164,1,90,1,74
44:3D:54:BE:12:3C,ALL,udp:53995,192.168.3.1*,2,253,1,79,1,174
44:3D:54:BE:12:3C,ALL,udp:53995,192.168.3.105*,2,253,1,174,1,79
44:3D:54:BE:12:3C,ALL,udp:38110,192.168.3.1*,2,368,1,120,1,248
44:3D:54:BE:12:3C,ALL,udp:38110,192.168.3.105*,2,368,1,248,1,120
44:3D:54:BE:12:3C,ALL,udp:36045,192.168.3.1*,2,258,1,97,1,161
44:3D:54:BE:12:3C,ALL,udp:36045,192.168.3.105*,2,258,1,161,1,97
44:3D:54:BE:12:3C,ALL,udp:34960,192.168.3.1*,2,170,1,77,1,93
44:3D:54:BE:12:3C,ALL,udp:34960,192.168.3.105*,2,170,1,93,1,77
44:3D:54:BE:12:3C,ALL,udp:31562,192.168.3.1*,2,242,1,89,1,153
44:3D:54:BE:12:3C,ALL,udp:31562,192.168.3.105*,2,242,1,153,1,89
44:3D:54:BE:12:3C,ALL,udp:25078,192.168.3.1*,2,228,1,90,1,138
44:3D:54:BE:12:3C,ALL,udp:25078,192.168.3.105*,2,228,1,138,1,90
44:3D:54:BE:12:3C,ALL,udp:1738,192.168.3.1*,2,253,1,79,1,174
44:3D:54:BE:12:3C,ALL,udp:1738,192.168.3.105*,2,253,1,174,1,79
44:3D:54:BE:12:3C,ALL,udp:8893,192.168.3.1*,2,180,1,82,1,98
44:3D:54:BE:12:3C,ALL,udp:8893,192.168.3.105*,2,180,1,98,1,82
44:3D:54:BE:12:3C,ALL,udp:63251,192.168.3.1*,2,253,1,79,1,174
44:3D:54:BE:12:3C,ALL,udp:63251,192.168.3.105*,2,253,1,174,1,79
44:3D:54:BE:12:3C,ALL,udp:45484,192.168.3.1*,2,242,1,89,1,153
44:3D:54:BE:12:3C,ALL,udp:45484,192.168.3.105*,2,242,1,153,1,89
44:3D:54:BE:12:3C,ALL,udp:35456,192.168.3.1*,2,253,1,79,1,174
44:3D:54:BE:12:3C,ALL,udp:35456,192.168.3.105*,2,253,1,174,1,79
44:3D:54:BE:12:3C,ALL,udp:14435,192.168.3.1*,2,242,1,89,1,153
44:3D:54:BE:12:3C,ALL,udp:14435,192.168.3.105*,2,242,1,153,1,89
44:3D:54:BE:12:3C,ALL,udp:29353,192.168.3.1*,2,170,1,77,1,93
44:3D:54:BE:12:3C,ALL,udp:29353,192.168.3.105*,2,170,1,93,1,77
44:3D:54:BE:12:3C,ALL,udp:31140,192.168.3.1*,2,253,1,79,1,174
44:3D:54:BE:12:3C,ALL,udp:31140,192.168.3.105*,2,253,1,174,1,79
44:3D:54:BE:12:3C,ALL,udp:43367,192.168.3.1*,2,253,1,79,1,174
44:3D:54:BE:12:3C,ALL,udp:43367,192.168.3.105*,2,253,1,174,1,79
44:3D:54:BE:12:3C,ALL,udp:50594,192.168.3.1*,2,242,1,89,1,153
44:3D:54:BE:12:3C,ALL,udp:50594,192.168.3.105*,2,242,1,153,1,89
44:3D:54:BE:12:3C,ALL,udp:17750,192.168.3.1*,2,242,1,89,1,153
44:3D:54:BE:12:3C,ALL,udp:17750,192.168.3.105*,2,242,1,153,1,89
44:3D:54:BE:12:3C,ALL,udp:56678,192.168.3.1*,2,242,1,89,1,153
44:3D:54:BE:12:3C,ALL,udp:56678,192.168.3.105*,2,242,1,153,1,89
44:3D:54:BE:12:3C,ALL,udp:34139,192.168.3.1*,2,170,1,77,1,93
44:3D:54:BE:12:3C,ALL,udp:34139,192.168.3.105*,2,170,1,93,1,77
44:3D:54:BE:12:3C,ALL,udp:19774,192.168.3.1*,2,368,1,120,1,248
44:3D:54:BE:12:3C,ALL,udp:19774,192.168.3.105*,2,368,1,248,1,120
44:3D:54:BE:12:3C,ALL,udp:21682,192.168.3.1*,2,253,1,79,1,174
44:3D:54:BE:12:3C,ALL,udp:21682,192.168.3.105*,2,253,1,174,1,79
44:3D:54:BE:12:3C,ALL,udp:5186,192.168.3.1*,2,228,1,90,1,138
44:3D:54:BE:12:3C,ALL,udp:5186,192.168.3.105*,2,228,1,138,1,90
44:3D:54:BE:12:3C,ALL,udp:6764,192.168.3.1*,2,253,1,79,1,174
44:3D:54:BE:12:3C,ALL,udp:6764,192.168.3.105*,2,253,1,174,1,79
44:3D:54:BE:12:3C,ALL,udp:50119,192.168.3.1*,2,242,1,89,1,153
44:3D:54:BE:12:3C,ALL,udp:50119,192.168.3.105*,2,242,1,153,1,89
44:3D:54:BE:12:3C,ALL,udp:61986,192.168.3.1*,2,253,1,79,1,174
44:3D:54:BE:12:3C,ALL,udp:61986,192.168.3.105*,2,253,1,174,1,79
44:3D:54:BE:12:3C,ALL,udp:4507,192.168.3.1*,2,242,1,89,1,153
44:3D:54:BE:12:3C,ALL,udp:4507,192.168.3.105*,2,242,1,153,1,89
44:3D:54:BE:12:3C,ALL,udp:31599,192.168.3.1*,2,253,1,79,1,174
44:3D:54:BE:12:3C,ALL,udp:31599,192.168.3.105*,2,253,1,174,1,79
44:3D:54:BE:12:3C,ALL,udp:16726,192.168.3.1*,2,170,1,77,1,93
44:3D:54:BE:12:3C,ALL,udp:16726,192.168.3.105*,2,170,1,93,1,77
44:3D:54:BE:12:3C,ALL,udp:2625,192.168.3.105*,2,170,1,93,1,77
44:3D:54:BE:12:3C,ALL,udp:2625,8.8.8.8*,2,170,1,77,1,93
44:3D:54:BE:12:3C,ALL,udp:17791,192.168.3.1*,2,253,1,79,1,174
44:3D:54:BE:12:3C,ALL,udp:17791,192.168.3.105*,2,253,1,174,1,79
44:3D:54:BE:12:3C,ALL,udp:25938,192.168.3.1*,2,253,1,79,1,174
44:3D:54:BE:12:3C,ALL,udp:25938,192.168.3.105*,2,253,1,174,1,79
44:3D:54:BE:12:3C,ALL,udp:42020,192.168.3.1*,2,242,1,89,1,153
44:3D:54:BE:12:3C,ALL,udp:42020,192.168.3.105*,2,242,1,153,1,89
44:3D:54:BE:12:3C,ALL,udp:39942,192.168.3.1*,2,253,1,79,1,174
44:3D:54:BE:12:3C,ALL,udp:39942,192.168.3.105*,2,253,1,174,1,79
44:3D:54:BE:12:3C,ALL,udp:27496,192.168.3.1*,2,242,1,89,1,153
44:3D:54:BE:12:3C,ALL,udp:27496,192.168.3.105*,2,242,1,153,1,89
44:3D:54:BE:12:3C,ALL,udp:1658,192.168.3.1*,2,242,1,89,1,153
44:3D:54:BE:12:3C,ALL,udp:1658,192.168.3.105*,2,242,1,153,1,89
44:3D:54:BE:12:3C,ALL,udp:56469,192.168.3.1*,2,170,1,77,1,93
44:3D:54:BE:12:3C,ALL,udp:56469,192.168.3.105*,2,170,1,93,1,77
44:3D:54:BE:12:3C,ALL,udp:41564,192.168.3.1*,2,164,1,74,1,90
44:3D:54:BE:12:3C,ALL,udp:41564,192.168.3.105*,2,164,1,90,1,74
44:3D:54:BE:12:3C,ALL,udp:24882,192.168.3.1*,2,368,1,120,1,248
44:3D:54:BE:12:3C,ALL,udp:24882,192.168.3.105*,2,368,1,248,1,120
44:3D:54:BE:12:3C,ALL,udp:10161,192.168.3.1*,2,172,1,78,1,94
44:3D:54:BE:12:3C,ALL,udp:10161,192.168.3.105*,2,172,1,94,1,78
44:3D:54:BE:12:3C,ALL,udp:27920,192.168.3.1*,2,230,1,83,1,147
44:3D:54:BE:12:3C,ALL,udp:27920,192.168.3.105*,2,230,1,147,1,83
44:3D:54:BE:12:3C,ALL,udp:26801,192.168.3.1*,2,253,1,79,1,174
44:3D:54:BE:12:3C,ALL,udp:26801,192.168.3.105*,2,253,1,174,1,79
44:3D:54:BE:12:3C,ALL,udp:33408,192.168.3.1*,2,237,1,83,1,154
44:3D:54:BE:12:3C,ALL,udp:33408,192.168.3.105*,2,237,1,154,1,83
44:3D:54:BE:12:3C,ALL,udp:19031,192.168.3.1*,2,230,1,83,1,147
44:3D:54:BE:12:3C,ALL,udp:19031,192.168.3.105*,2,230,1,147,1,83
44:3D:54:BE:12:3C,ALL,udp:24894,192.168.3.1*,2,228,1,90,1,138
44:3D:54:BE:12:3C,ALL,udp:24894,192.168.3.105*,2,228,1,138,1,90
44:3D:54:BE:12:3C,ALL,udp:3396,192.168.3.1*,2,253,1,79,1,174
44:3D:54:BE:12:3C,ALL,udp:3396,192.168.3.105*,2,253,1,174,1,79
44:3D:54:BE:12:3C,ALL,udp:33766,192.168.3.1*,2,242,1,89,1,153
44:3D:54:BE:12:3C,ALL,udp:33766,192.168.3.105*,2,242,1,153,1,89
44:3D:54:BE:12:3C,ALL,udp:38761,192.168.3.1*,2,253,1,79,1,174
44:3D:54:BE:12:3C,ALL,udp:38761,192.168.3.105*,2,253,1,174,1,79
44:3D:54:BE:12:3C,ALL,udp:47579,192.168.3.1*,2,242,1,89,1,153
44:3D:54:BE:12:3C,ALL,udp:47579,192.168.3.105*,2,242,1,153,1,89
44:3D:54:BE:12:3C,ALL,udp:27667,192.168.3.1*,2,253,1,79,1,174
44:3D:54:BE:12:3C,ALL,udp:27667,192.168.3.105*,2,253,1,174,1,79
44:3D:54:BE:12:3C,ALL,udp:22177,192.168.3.1*,2,230,1,83,1,147
44:3D:54:BE:12:3C,ALL,udp:22177,192.168.3.105*,2,230,1,147,1,83
44:3D:54:BE:12:3C,ALL,udp:5883,192.168.3.1*,2,242,1,89,1,153
44:3D:54:BE:12:3C,ALL,udp:5883,192.168.3.105*,2,242,1,153,1,89
44:3D:54:BE:12:3C,ALL,udp:11651,192.168.3.1*,2,170,1,77,1,93
44:3D:54:BE:12:3C,ALL,udp:11651,192.168.3.105*,2,170,1,93,1,77
44:3D:54:BE:12:3C,ALL,udp:59081,192.168.3.1*,2,242,1,89,1,153
44:3D:54:BE:12:3C,ALL,udp:59081,192.168.3.105*,2,242,1,153,1,89
44:3D:54:BE:12:3C,ALL,udp:41259,192.168.3.1*,2,253,1,79,1,174
44:3D:54:BE:12:3C,ALL,udp:41259,192.168.3.105*,2,253,1,174,1,79
44:3D:54:BE:12:3C,ALL,udp:5823,192.168.3.1*,2,242,1,89,1,153
44:3D:54:BE:12:3C,ALL,udp:5823,192.168.3.105*,2,242,1,153,1,89
44:3D:54:BE:12:3C,ALL,udp:58166,192.168.3.1*,2,242,1,89,1,153
44:3D:54:BE:12:3C,ALL,udp:58166,192.168.3.105*,2,242,1,153,1,89
44:3D:54:BE:12:3C,ALL,udp:50476,192.168.3.1*,2,170,1,77,1,93
44:3D:54:BE:12:3C,ALL,udp:50476,192.168.3.105*,2,170,1,93,1,77
44:3D:54:BE:12:3C,ALL,udp:50311,192.168.3.1*,2,253,1,79,1,174
44:3D:54:BE:12:3C,ALL,udp:50311,192.168.3.105*,2,253,1,174,1,79
44:3D:54:BE:12:3C,ALL,udp:31006,192.168.3.1*,2,368,1,120,1,248
44:3D:54:BE:12:3C,ALL,udp:31006,192.168.3.105*,2,368,1,248,1,120
44:3D:54:BE:12:3C,ALL,udp:12576,192.168.3.1*,2,228,1,90,1,138
44:3D:54:BE:12:3C,ALL,udp:12576,192.168.3.105*,2,228,1,138,1,90
44:3D:54:BE:12:3C,ALL,udp:4908,192.168.3.1*,2,242,1,89,1,153
44:3D:54:BE:12:3C,ALL,udp:4908,192.168.3.105*,2,242,1,153,1,89
44:3D:54:BE:12:3C,ALL,udp:31722,192.168.3.1*,2,253,1,79,1,174
44:3D:54:BE:12:3C,ALL,udp:31722,192.168.3.105*,2,253,1,174,1,79
44:3D:54:BE:12:3C,ALL,udp:10313,192.168.3.1*,2,253,1,79,1,174
44:3D:54:BE:12:3C,ALL,udp:10313,192.168.3.105*,2,253,1,174,1,79
44:3D:54:BE:12:3C,ALL,udp:42038,192.168.3.1*,2,253,1,79,1,174
44:3D:54:BE:12:3C,ALL,udp:42038,192.168.3.105*,2,253,1,174,1,79
44:3D:54:BE:12:3C,ALL,udp:38902,192.168.3.1*,2,253,1,79,1,174
44:3D:54:BE:12:3C,ALL,udp:38902,192.168.3.105*,2,253,1,174,1,79
44:3D:54:BE:12:3C,ALL,udp:50004,192.168.3.1*,2,242,1,89,1,153
44:3D:54:BE:12:3C,ALL,udp:50004,192.168.3.105*,2,242,1,153,1,89
44:3D:54:BE:12:3C,ALL,udp:5330,192.168.3.1*,2,242,1,89,1,153
44:3D:54:BE:12:3C,ALL,udp:5330,192.168.3.105*,2,242,1,153,1,89
44:3D:54:BE:12:3C,ALL,udp:32411,192.168.3.1*,2,170,1,77,1,93
44:3D:54:BE:12:3C,ALL,udp:32411,192.168.3.105*,2,170,1,93,1,77
44:3D:54:BE:12:3C,ALL,udp:6651,192.168.3.1*,2,253,1,79,1,174
44:3D:54:BE:12:3C,ALL,udp:6651,192.168.3.105*,2,253,1,174,1,79
44:3D:54:BE:12:3C,ALL,udp:62406,192.168.3.1*,2,242,1,89,1,153
44:3D:54:BE:12:3C,ALL,udp:62406,192.168.3.105*,2,242,1,153,1,89
44:3D:54:BE:12:3C,ALL,udp:64482,192.168.3.1*,2,253,1,79,1,174
44:3D:54:BE:12:3C,ALL,udp:64482,192.168.3.105*,2,253,1,174,1,79
44:3D:54:BE:12:3C,ALL,udp:8998,192.168.3.1*,2,242,1,89,1,153
44:3D:54:BE:12:3C,ALL,udp:8998,192.168.3.105*,2,242,1,153,1,89
44:3D:54:BE:12:3C,ALL,udp:11243,192.168.3.1*,2,253,1,79,1,174
44:3D:54:BE:12:3C,ALL,udp:11243,192.168.3.105*,2,253,1,174,1,79
44:3D:54:BE:12:3C,ALL,udp:63698,192.168.3.1*,2,253,1,79,1,174
44:3D:54:BE:12:3C,ALL,udp:63698,192.168.3.105*,2,253,1,174,1,79
44:3D:54:BE:12:3C,ALL,udp:52411,192.168.3.1*,2,164,1,74,1,90
44:3D:54:BE:12:3C,ALL,udp:52411,192.168.3.105*,2,164,1,90,1,74
44:3D:54:BE:12:3C,ALL,udp:41704,192.168.3.1*,2,242,1,89,1,153
44:3D:54:BE:12:3C,ALL,udp:41704,192.168.3.105*,2,242,1,153,1,89
44:3D:54:BE:12:3C,ALL,udp:56350,192.168.3.1*,2,253,1,79,1,174
44:3D:54:BE:12:3C,ALL,udp:56350,192.168.3.105*,2,253,1,174,1,79
44:3D:54:BE:12:3C,ALL,udp:51740,192.168.3.1*,2,170,1,77,1,93
44:3D:54:BE:12:3C,ALL,udp:51740,192.168.3.105*,2,170,1,93,1,77
44:3D:54:BE:12:3C,ALL,udp:31271,192.168.3.1*,2,228,1,90,1,138
44:3D:54:BE:12:3C,ALL,udp:31271,192.168.3.105*,2,228,1,138,1,90
44:3D:54:BE:12:3C,ALL,udp:13904,192.168.3.1*,2,368,1,120,1,248
44:3D:54:BE:12:3C,ALL,udp:13904,192.168.3.105*,2,368,1,248,1,120
44:3D:54:BE:12:3C,ALL,udp:1468,192.168.3.1*,2,242,1,89,1,153
44:3D:54:BE:12:3C,ALL,udp:1468,192.168.3.105*,2,242,1,153,1,89
44:3D:54:BE:12:3C,ALL,udp:54807,192.168.3.1*,2,253,1,79,1,174
44:3D:54:BE:12:3C,ALL,udp:54807,192.168.3.105*,2,253,1,174,1,79
44:3D:54:BE:12:3C,ALL,udp:55724,192.168.3.1*,2,242,1,89,1,153
44:3D:54:BE:12:3C,ALL,udp:55724,192.168.3.105*,2,242,1,153,1,89
44:3D:54:BE:12:3C,ALL,udp:1927,192.168.3.1*,2,253,1,79,1,174
44:3D:54:BE:12:3C,ALL,udp:1927,192.168.3.105*,2,253,1,174,1,79
44:3D:54:BE:12:3C,ALL,udp:13450,192.168.3.1*,2,242,1,89,1,153
44:3D:54:BE:12:3C,ALL,udp:13450,192.168.3.105*,2,242,1,153,1,89
44:3D:54:BE:12:3C,ALL,udp:31413,192.168.3.1*,2,170,1,77,1,93
44:3D:54:BE:12:3C,ALL,udp:31413,192.168.3.105*,2,170,1,93,1,77
44:3D:54:BE:12:3C,ALL,udp:55466,192.168.3.1*,2,253,1,79,1,174
44:3D:54:BE:12:3C,ALL,udp:55466,192.168.3.105*,2,253,1,174,1,79
44:3D:54:BE:12:3C,ALL,udp:27972,192.168.3.1*,2,242,1,89,1,153
44:3D:54:BE:12:3C,ALL,udp:27972,192.168.3.105*,2,242,1,153,1,89
44:3D:54:BE:12:3C,ALL,udp:32466,192.168.3.1*,2,253,1,79,1,174
44:3D:54:BE:12:3C,ALL,udp:32466,192.168.3.105*,2,253,1,174,1,79
44:3D:54:BE:12:3C,ALL,udp:35829,192.168.3.1*,2,242,1,89,1,153
44:3D:54:BE:12:3C,ALL,udp:35829,192.168.3.105*,2,242,1,153,1,89
44:3D:54:BE:12:3C,ALL,udp:56455,192.168.3.1*,2,170,1,77,1,93
44:3D:54:BE:12:3C,ALL,udp:56455,192.168.3.105*,2,170,1,93,1,77
44:3D:54:BE:12:3C,ALL,udp:65510,192.168.3.1*,2,228,1,90,1,138
44:3D:54:BE:12:3C,ALL,udp:65510,192.168.3.105*,2,228,1,138,1,90
44:3D:54:BE:12:3C,ALL,udp:25265,192.168.3.1*,2,368,1,120,1,248
44:3D:54:BE:12:3C,ALL,udp:25265,192.168.3.105*,2,368,1,248,1,120
44:3D:54:BE:12:3C,ALL,udp:9250,192.168.3.1*,2,242,1,89,1,153
44:3D:54:BE:12:3C,ALL,udp:9250,192.168.3.105*,2,242,1,153,1,89
44:3D:54:BE:12:3C,ALL,udp:28130,192.168.3.1*,2,253,1,79,1,174
44:3D:54:BE:12:3C,ALL,udp:28130,192.168.3.105*,2,253,1,174,1,79
44:3D:54:BE:12:3C,ALL,udp:48058,192.168.3.1*,2,253,1,79,1,174
44:3D:54:BE:12:3C,ALL,udp:48058,192.168.3.105*,2,253,1,174,1,79
44:3D:54:BE:12:3C,ALL,udp:45299,192.168.3.1*,2,253,1,79,1,174
44:3D:54:BE:12:3C,ALL,udp:45299,192.168.3.105*,2,253,1,174,1,79
44:3D:54:BE:12:3C,ALL,udp:16651,192.168.3.1*,2,242,1,89,1,153
44:3D:54:BE:12:3C,ALL,udp:16651,192.168.3.105*,2,242,1,153,1,89
44:3D:54:BE:12:3C,ALL,udp:30032,192.168.3.1*,2,170,1,77,1,93
44:3D:54:BE:12:3C,ALL,udp:30032,192.168.3.105*,2,170,1,93,1,77
44:3D:54:BE:12:3C,ALL,udp:14857,192.168.3.1*,2,253,1,79,1,174
44:3D:54:BE:12:3C,ALL,udp:14857,192.168.3.105*,2,253,1,174,1,79
44:3D:54:BE:12:3C,ALL,udp:5719,192.168.3.1*,2,253,1,79,1,174
44:3D:54:BE:12:3C,ALL,udp:5719,192.168.3.105*,2,253,1,174,1,79
44:3D:54:BE:12:3C,ALL,udp:1129,192.168.3.1*,2,253,1,79,1,174
44:3D:54:BE:12:3C,ALL,udp:1129,192.168.3.105*,2,253,1,174,1,79
44:3D:54:BE:12:3C,ALL,udp:60659,192.168.3.1*,2,253,1,79,1,174
44:3D:54:BE:12:3C,ALL,udp:60659,192.168.3.105*,2,253,1,174,1,79
44:3D:54:BE:12:3C,ALL,udp:33837,192.168.3.1*,2,242,1,89,1,153
44:3D:54:BE:12:3C,ALL,udp:33837,192.168.3.105*,2,242,1,153,1,89
44:3D:54:BE:12:3C,ALL,udp:6291,192.168.3.1*,2,253,1,79,1,174
44:3D:54:BE:12:3C,ALL,udp:6291,192.168.3.105*,2,253,1,174,1,79
44:3D:54:BE:12:3C,ALL,udp:16649,192.168.3.1*,2,253,1,79,1,174
44:3D:54:BE:12:3C,ALL,udp:16649,192.168.3.105*,2,253,1,174,1,79
44:3D:54:BE:12:3C,ALL,udp:39666,192.168.3.1*,2,242,1,89,1,153
44:3D:54:BE:12:3C,ALL,udp:39666,192.168.3.105*,2,242,1,153,1,89
44:3D:54:BE:12:3C,ALL,udp:38914,192.168.3.1*,2,164,1,74,1,90
44:3D:54:BE:12:3C,ALL,udp:38914,192.168.3.105*,2,164,1,90,1,74
44:3D:54:BE:12:3C,ALL,udp:20314,192.168.3.1*,2,253,1,79,1,174
44:3D:54:BE:12:3C,ALL,udp:20314,192.168.3.105*,2,253,1,174,1,79
44:3D:54:BE:12:3C,ALL,udp:32302,192.168.3.1*,2,242,1,89,1,153
44:3D:54:BE:12:3C,ALL,udp:32302,192.168.3.105*,2,242,1,153,1,89
44:3D:54:BE:12:3C,ALL,udp:6979,192.168.3.1*,2,170,1,77,1,93
44:3D:54:BE:12:3C,ALL,udp:6979,192.168.3.105*,2,170,1,93,1,77
44:3D:54:BE:12:3C,ALL,udp:9845,192.168.3.1*,2,228,1,90,1,138
44:3D:54:BE:12:3C,ALL,udp:9845,192.168.3.105*,2,228,1,138,1,90
44:3D:54:BE:12:3C,ALL,udp:23337,192.168.3.1*,2,253,1,79,1,174
44:3D:54:BE:12:3C,ALL,udp:23337,192.168.3.105*,2,253,1,174,1,79
44:3D:54:BE:12:3C,ALL,udp:58464,192.168.3.1*,2,253,1,79,1,174
44:3D:54:BE:12:3C,ALL,udp:58464,192.168.3.105*,2,253,1,174,1,79
44:3D:54:BE:12:3C,ALL,udp:57550,192.168.3.1*,2,253,1,79,1,174
44:3D:54:BE:12:3C,ALL,udp:57550,192.168.3.105*,2,253,1,174,1,79
44:3D:54:BE:12:3C,ALL,udp:55645,192.168.3.1*,2,368,1,120,1,248
44:3D:54:BE:12:3C,ALL,udp:55645,192.168.3.105*,2,368,1,248,1,120
44:3D:54:BE:12:3C,ALL,udp:33480,192.168.3.1*,2,242,1,89,1,153
44:3D:54:BE:12:3C,ALL,udp:33480,192.168.3.105*,2,242,1,153,1,89
44:3D:54:BE:12:3C,ALL,udp:60296,192.168.3.1*,2,253,1,79,1,174
44:3D:54:BE:12:3C,ALL,udp:60296,192.168.3.105*,2,253,1,174,1,79
44:3D:54:BE:12:3C,ALL,udp:42014,192.168.3.1*,2,242,1,89,1,153
44:3D:54:BE:12:3C,ALL,udp:42014,192.168.3.105*,2,242,1,153,1,89
44:3D:54:BE:12:3C,ALL,udp:4743,192.168.3.1*,2,242,1,89,1,153
44:3D:54:BE:12:3C,ALL,udp:4743,192.168.3.105*,2,242,1,153,1,89
44:3D:54:BE:12:3C,ALL,udp:2300,192.168.3.1*,2,170,1,77,1,93
44:3D:54:BE:12:3C,ALL,udp:2300,192.168.3.105*,2,170,1,93,1,77
44:3D:54:BE:12:3C,ALL,udp:13119,192.168.3.1*,2,253,1,79,1,174
44:3D:54:BE:12:3C,ALL,udp:13119,192.168.3.105*,2,253,1,174,1,79
44:3D:54:BE:12:3C,ALL,udp:57660,192.168.3.1*,2,242,1,89,1,153
44:3D:54:BE:12:3C,ALL,udp:57660,192.168.3.105*,2,242,1,153,1,89
44:3D:54:BE:12:3C,ALL,udp:51850,192.168.3.1*,2,164,1,74,1,90
44:3D:54:BE:12:3C,ALL,udp:51850,192.168.3.105*,2,164,1,90,1,74
44:3D:54:BE:12:3C,ALL,udp:32044,192.168.3.1*,2,242,1,89,1,153
44:3D:54:BE:12:3C,ALL,udp:32044,192.168.3.105*,2,242,1,153,1,89
44:3D:54:BE:12:3C,ALL,udp:57452,192.168.3.1*,2,228,1,90,1,138
44:3D:54:BE:12:3C,ALL,udp:57452,192.168.3.105*,2,228,1,138,1,90
44:3D:54:BE:12:3C,ALL,udp:52620,192.168.3.1*,2,242,1,89,1,153
44:3D:54:BE:12:3C,ALL,udp:52620,192.168.3.105*,2,242,1,153,1,89
44:3D:54:BE:12:3C,ALL,udp:33046,192.168.3.1*,2,368,1,120,1,248
44:3D:54:BE:12:3C,ALL,udp:33046,192.168.3.105*,2,368,1,248,1,120
44:3D:54:BE:12:3C,ALL,udp:10551,192.168.3.1*,2,242,1,89,1,153
44:3D:54:BE:12:3C,ALL,udp:10551,192.168.3.105*,2,242,1,153,1,89
44:3D:54:BE:12:3C,ALL,udp:17217,192.168.3.1*,2,253,1,79,1,174
44:3D:54:BE:12:3C,ALL,udp:17217,192.168.3.105*,2,253,1,174,1,79
44:3D:54:BE:12:3C,ALL,udp:35013,192.168.3.1*,2,253,1,79,1,174
44:3D:54:BE:12:3C,ALL,udp:35013,192.168.3.105*,2,253,1,174,1,79
44:3D:54:BE:12:3C,ALL,udp:34132,192.168.3.1*,2,242,1,89,1,153
44:3D:54:BE:12:3C,ALL,udp:34132,192.168.3.105*,2,242,1,153,1,89
44:3D:54:BE:12:3C,ALL,udp:21620,192.168.3.1*,2,253,1,79,1,174
44:3D:54:BE:12:3C,ALL,udp:21620,192.168.3.105*,2,253,1,174,1,79
44:3D:54:BE:12:3C,ALL,udp:31969,192.168.3.1*,2,242,1,89,1,153
44:3D:54:BE:12:3C,ALL,udp:31969,192.168.3.105*,2,242,1,153,1,89
44:3D:54:BE:12:3C,ALL,udp:4038,192.168.3.1*,2,170,1,77,1,93
44:3D:54:BE:12:3C,ALL,udp:4038,192.168.3.105*,2,170,1,93,1,77
44:3D:54:BE:12:3C,ALL,udp:36186,192.168.3.1*,2,253,1,79,1,174
44:3D:54:BE:12:3C,ALL,udp:36186,192.168.3.105*,2,253,1,174,1,79
44:3D:54:BE:12:3C,ALL,udp:56612,192.168.3.1*,2,242,1,89,1,153
44:3D:54:BE:12:3C,ALL,udp:56612,192.168.3.105*,2,242,1,153,1,89
44:3D:54:BE:12:3C,ALL,udp:11379,192.168.3.1*,2,253,1,79,1,174
44:3D:54:BE:12:3C,ALL,udp:11379,192.168.3.105*,2,253,1,174,1,79
44:3D:54:BE:12:3C,ALL,udp:38151,192.168.3.1*,2,242,1,89,1,153
44:3D:54:BE:12:3C,ALL,udp:38151,192.168.3.105*,2,242,1,153,1,89
44:3D:54:BE:12:3C,ALL,udp:35360,192.168.3.1*,2,164,1,74,1,90
44:3D:54:BE:12:3C,ALL,udp:35360,192.168.3.105*,2,164,1,90,1,74
44:3D:54:BE:12:3C,ALL,udp:53648,192.168.3.1*,2,253,1,79,1,174
44:3D:54:BE:12:3C,ALL,udp:53648,192.168.3.105*,2,253,1,174,1,79
44:3D:54:BE:12:3C,ALL,udp:28659,192.168.3.1*,2,253,1,79,1,174
44:3D:54:BE:12:3C,ALL,udp:28659,192.168.3.105*,2,253,1,174,1,79
44:3D:54:BE:12:3C,ALL,udp:11016,192.168.3.1*,2,228,1,90,1,138
44:3D:54:BE:12:3C,ALL,udp:11016,192.168.3.105*,2,228,1,138,1,90
44:3D:54:BE:12:3C,ALL,udp:3947,192.168.3.1*,2,242,1,89,1,153
44:3D:54:BE:12:3C,ALL,udp:3947,192.168.3.105*,2,242,1,153,1,89
44:3D:54:BE:12:3C,ALL,udp:33359,192.168.3.1*,2,170,1,77,1,93
44:3D:54:BE:12:3C,ALL,udp:33359,192.168.3.105*,2,170,1,93,1,77
44:3D:54:BE:12:3C,ALL,udp:55097,192.168.3.1*,2,253,1,79,1,174
44:3D:54:BE:12:3C,ALL,udp:55097,192.168.3.105*,2,253,1,174,1,79
44:3D:54:BE:12:3C,ALL,udp:52285,192.168.3.1*,2,368,1,120,1,248
44:3D:54:BE:12:3C,ALL,udp:52285,192.168.3.105*,2,368,1,248,1,120
44:3D:54:BE:12:3C,ALL,udp:62973,192.168.3.1*,2,242,1,89,1,153
44:3D:54:BE:12:3C,ALL,udp:62973,192.168.3.105*,2,242,1,153,1,89
44:3D:54:BE:12:3C,ALL,udp:32400,192.168.3.1*,2,253,1,79,1,174
44:3D:54:BE:12:3C,ALL,udp:32400,192.168.3.105*,2,253,1,174,1,79
44:3D:54:BE:12:3C,ALL,udp:8506,192.168.3.1*,2,242,1,89,1,153
44:3D:54:BE:12:3C,ALL,udp:8506,192.168.3.105*,2,242,1,153,1,89
44:3D:54:BE:12:3C,ALL,udp:61697,192.168.3.1*,2,242,1,89,1,153
44:3D:54:BE:12:3C,ALL,udp:61697,192.168.3.105*,2,242,1,153,1,89
44:3D:54:BE:12:3C,ALL,udp:38603,192.168.3.1*,2,170,1,77,1,93
44:3D:54:BE:12:3C,ALL,udp:38603,192.168.3.105*,2,170,1,93,1,77
44:3D:54:BE:12:3C,ALL,udp:57629,192.168.3.1*,2,253,1,79,1,174
44:3D:54:BE:12:3C,ALL,udp:57629,192.168.3.105*,2,253,1,174,1,79
44:3D:54:BE:12:3C,ALL,udp:41409,192.168.3.1*,2,242,1,89,1,153
44:3D:54:BE:12:3C,ALL,udp:41409,192.168.3.105*,2,242,1,153,1,89
44:3D:54:BE:12:3C,ALL,udp:40012,192.168.3.1*,2,228,1,90,1,138
44:3D:54:BE:12:3C,ALL,udp:40012,192.168.3.105*,2,228,1,138,1,90
44:3D:54:BE:12:3C,ALL,udp:15614,192.168.3.1*,2,242,1,89,1,153
44:3D:54:BE:12:3C,ALL,udp:15614,192.168.3.105*,2,242,1,153,1,89
44:3D:54:BE:12:3C,ALL,udp:11047,192.168.3.1*,2,170,1,77,1,93
44:3D:54:BE:12:3C,ALL,udp:11047,192.168.3.105*,2,170,1,93,1,77
44:3D:54:BE:12:3C,ALL,udp:3103,192.168.3.1*,2,253,1,79,1,174
44:3D:54:BE:12:3C,ALL,udp:3103,192.168.3.105*,2,253,1,174,1,79
44:3D:54:BE:12:3C,ALL,udp:45694,192.168.3.1*,2,368,1,120,1,248
44:3D:54:BE:12:3C,ALL,udp:45694,192.168.3.105*,2,368,1,248,1,120
44:3D:54:BE:12:3C,ALL,udp:57657,192.168.3.1*,2,242,1,89,1,153
44:3D:54:BE:12:3C,ALL,udp:57657,192.168.3.105*,2,242,1,153,1,89
44:3D:54:BE:12:3C,ALL,udp:31023,192.168.3.1*,2,253,1,79,1,174
44:3D:54:BE:12:3C,ALL,udp:31023,192.168.3.105*,2,253,1,174,1,79
44:3D:54:BE:12:3C,ALL,udp:22261,192.168.3.1*,2,242,1,89,1,153
44:3D:54:BE:12:3C,ALL,udp:22261,192.168.3.105*,2,242,1,153,1,89
44:3D:54:BE:12:3C,ALL,udp:51945,192.168.3.1*,2,164,1,74,1,90
44:3D:54:BE:12:3C,ALL,udp:51945,192.168.3.105*,2,164,1,90,1,74
44:3D:54:BE:12:3C,ALL,udp:63012,192.168.3.1*,2,253,1,79,1,174
44:3D:54:BE:12:3C,ALL,udp:63012,192.168.3.105*,2,253,1,174,1,79
44:3D:54:BE:12:3C,ALL,udp:51830,192.168.3.1*,2,242,1,89,1,153
44:3D:54:BE:12:3C,ALL,udp:51830,192.168.3.105*,2,242,1,153,1,89
44:3D:54:BE:12:3C,ALL,udp:40152,192.168.3.1*,2,170,1,77,1,93
44:3D:54:BE:12:3C,ALL,udp:40152,192.168.3.105*,2,170,1,93,1,77
44:3D:54:BE:12:3C,ALL,udp:23235,192.168.3.1*,2,253,1,79,1,174
44:3D:54:BE:12:3C,ALL,udp:23235,192.168.3.105*,2,253,1,174,1,79
44:3D:54:BE:12:3C,ALL,udp:3481,192.168.3.1*,2,242,1,89,1,153
44:3D:54:BE:12:3C,ALL,udp:3481,192.168.3.105*,2,242,1,153,1,89
44:3D:54:BE:12:3C,ALL,udp:45197,192.168.3.1*,2,253,1,79,1,174
44:3D:54:BE:12:3C,ALL,udp:45197,192.168.3.105*,2,253,1,174,1,79
44:3D:54:BE:12:3C,ALL,udp:59624,192.168.3.1*,2,164,1,74,1,90
44:3D:54:BE:12:3C,ALL,udp:59624,192.168.3.105*,2,164,1,90,1,74
44:3D:54:BE:12:3C,ALL,udp:37048,192.168.3.1*,2,242,1,89,1,153
44:3D:54:BE:12:3C,ALL,udp:37048,192.168.3.105*,2,242,1,153,1,89
44:3D:54:BE:12:3C,ALL,udp:12089,192.168.3.1*,2,228,1,90,1,138
44:3D:54:BE:12:3C,ALL,udp:12089,192.168.3.105*,2,228,1,138,1,90
44:3D:54:BE:12:3C,ALL,udp:16698,192.168.3.1*,2,253,1,79,1,174
44:3D:54:BE:12:3C,ALL,udp:16698,192.168.3.105*,2,253,1,174,1,79
44:3D:54:BE:12:3C,ALL,udp:39131,192.168.3.1*,2,242,1,89,1,153
44:3D:54:BE:12:3C,ALL,udp:39131,192.168.3.105*,2,242,1,153,1,89
44:3D:54:BE:12:3C,ALL,udp:60999,192.168.3.1*,2,170,1,77,1,93
44:3D:54:BE:12:3C,ALL,udp:60999,192.168.3.105*,2,170,1,93,1,77
44:3D:54:BE:12:3C,ALL,udp:38129,192.168.3.1*,2,253,1,79,1,174
44:3D:54:BE:12:3C,ALL,udp:38129,192.168.3.105*,2,253,1,174,1,79
44:3D:54:BE:12:3C,ALL,udp:12502,192.168.3.1*,2,368,1,120,1,248
44:3D:54:BE:12:3C,ALL,udp:12502,192.168.3.105*,2,368,1,248,1,120
44:3D:54:BE:12:3C,ALL,udp:5208,192.168.3.1*,2,242,1,89,1,153
44:3D:54:BE:12:3C,ALL,udp:5208,192.168.3.105*,2,242,1,153,1,89
44:3D:54:BE:12:3C,ALL,udp:56275,192.168.3.1*,2,242,1,89,1,153
44:3D:54:BE:12:3C,ALL,udp:56275,192.168.3.105*,2,242,1,153,1,89
44:3D:54:BE:12:3C,ALL,udp:55076,192.168.3.1*,2,253,1,79,1,174
44:3D:54:BE:12:3C,ALL,udp:55076,192.168.3.105*,2,253,1,174,1,79
44:3D:54:BE:12:3C,ALL,udp:29912,192.168.3.1*,2,253,1,79,1,174
44:3D:54:BE:12:3C,ALL,udp:29912,192.168.3.105*,2,253,1,174,1,79
44:3D:54:BE:12:3C,ALL,udp:24639,192.168.3.1*,2,242,1,89,1,153
44:3D:54:BE:12:3C,ALL,udp:24639,192.168.3.105*,2,242,1,153,1,89
44:3D:54:BE:12:3C,ALL,udp:27245,192.168.3.1*,2,170,1,77,1,93
44:3D:54:BE:12:3C,ALL,udp:27245,192.168.3.105*,2,170,1,93,1,77
44:3D:54:BE:12:3C,ALL,udp:49088,192.168.3.1*,2,253,1,79,1,174
44:3D:54:BE:12:3C,ALL,udp:49088,192.168.3.105*,2,253,1,174,1,79
44:3D:54:BE:12:3C,ALL,udp:48991,192.168.3.1*,2,242,1,89,1,153
44:3D:54:BE:12:3C,ALL,udp:48991,192.168.3.105*,2,242,1,153,1,89
44:3D:54:BE:12:3C,ALL,udp:58852,192.168.3.1*,2,253,1,79,1,174
44:3D:54:BE:12:3C,ALL,udp:58852,192.168.3.105*,2,253,1,174,1,79
44:3D:54:BE:12:3C,ALL,udp:43651,192.168.3.1*,2,253,1,79,1,174
44:3D:54:BE:12:3C,ALL,udp:43651,192.168.3.105*,2,253,1,174,1,79
44:3D:54:BE:12:3C,ALL,udp:8151,192.168.3.1*,2,242,1,89,1,153
44:3D:54:BE:12:3C,ALL,udp:8151,192.168.3.105*,2,242,1,153,1,89
44:3D:54:BE:12:3C,ALL,udp:11079,192.168.3.1*,2,253,1,79,1,174
44:3D:54:BE:12:3C,ALL,udp:11079,192.168.3.105*,2,253,1,174,1,79
44:3D:54:BE:12:3C,ALL,udp:51467,192.168.3.1*,2,242,1,89,1,153
44:3D:54:BE:12:3C,ALL,udp:51467,192.168.3.105*,2,242,1,153,1,89
44:3D:54:BE:12:3C,ALL,udp:1527,192.168.3.1*,2,170,1,77,1,93
44:3D:54:BE:12:3C,ALL,udp:1527,192.168.3.105*,2,170,1,93,1,77
44:3D:54:BE:12:3C,ALL,udp:42838,192.168.3.1*,2,253,1,79,1,174
44:3D:54:BE:12:3C,ALL,udp:42838,192.168.3.105*,2,253,1,174,1,79
44:3D:54:BE:12:3C,ALL,udp:62095,192.168.3.1*,2,253,1,79,1,174
44:3D:54:BE:12:3C,ALL,udp:62095,192.168.3.105*,2,253,1,174,1,79
44:3D:54:BE:12:3C,ALL,udp:28393,192.168.3.1*,2,368,1,120,1,248
44:3D:54:BE:12:3C,ALL,udp:28393,192.168.3.105*,2,368,1,248,1,120
44:3D:54:BE:12:3C,ALL,udp:20376,192.168.3.1*,2,242,1,89,1,153
44:3D:54:BE:12:3C,ALL,udp:20376,192.168.3.105*,2,242,1,153,1,89
44:3D:54:BE:12:3C,ALL,udp:3507,192.168.3.1*,2,253,1,79,1,174
44:3D:54:BE:12:3C,ALL,udp:3507,192.168.3.105*,2,253,1,174,1,79
44:3D:54:BE:12:3C,ALL,udp:18259,192.168.3.1*,2,210,1,86,1,124
44:3D:54:BE:12:3C,ALL,udp:18259,192.168.3.105*,2,210,1,124,1,86
44:3D:54:BE:12:3C,ALL,udp:22451,192.168.3.1*,2,274,1,109,1,165
44:3D:54:BE:12:3C,ALL,udp:22451,192.168.3.105*,2,274,1,165,1,109
44:3D:54:BE:12:3C,ALL,udp:37431,192.168.3.1*,2,164,1,74,1,90
44:3D:54:BE:12:3C,ALL,udp:37431,192.168.3.105*,2,164,1,90,1,74
44:3D:54:BE:12:3C,ALL,udp:52311,192.168.3.1*,2,164,1,74,1,90
44:3D:54:BE:12:3C,ALL,udp:52311,192.168.3.105*,2,164,1,90,1,74
44:3D:54:BE:12:3C,ALL,udp:34465,192.168.3.1*,2,216,1,84,1,132
44:3D:54:BE:12:3C,ALL,udp:34465,192.168.3.105*,2,216,1,132,1,84
44:3D:54:BE:12:3C,ALL,udp:49775,192.168.3.1*,2,216,1,84,1,132
44:3D:54:BE:12:3C,ALL,udp:49775,192.168.3.105*,2,216,1,132,1,84
44:3D:54:BE:12:3C,ALL,udp:45232,192.168.3.1*,2,258,1,97,1,161
44:3D:54:BE:12:3C,ALL,udp:45232,192.168.3.105*,2,258,1,161,1,97
44:3D:54:BE:12:3C,ALL,udp:54776,192.168.3.1*,2,172,1,78,1,94
44:3D:54:BE:12:3C,ALL,udp:54776,192.168.3.105*,2,172,1,94,1,78
44:3D:54:BE:12:3C,ALL,udp:37640,192.168.3.1*,2,170,1,77,1,93
44:3D:54:BE:12:3C,ALL,udp:37640,192.168.3.105*,2,170,1,93,1,77
44:3D:54:BE:12:3C,ALL,udp:41620,192.168.3.1*,2,253,1,79,1,174
44:3D:54:BE:12:3C,ALL,udp:41620,192.168.3.105*,2,253,1,174,1,79
44:3D:54:BE:12:3C,ALL,udp:62499,192.168.3.1*,2,164,1,74,1,90
44:3D:54:BE:12:3C,ALL,udp:62499,192.168.3.105*,2,164,1,90,1,74
44:3D:54:BE:12:3C,ALL,udp:52060,192.168.3.1*,2,174,1,79,1,95
44:3D:54:BE:12:3C,ALL,udp:52060,192.168.3.105*,2,174,1,95,1,79
44:3D:54:BE:12:3C,ALL,udp:34881,192.168.3.1*,2,242,1,89,1,153
44:3D:54:BE:12:3C,ALL,udp:34881,192.168.3.105*,2,242,1,153,1,89
44:3D:54:BE:12:3C,ALL,udp:40124,192.168.3.1*,2,180,1,82,1,98
44:3D:54:BE:12:3C,ALL,udp:40124,192.168.3.105*,2,180,1,98,1,82
44:3D:54:BE:12:3C,ALL,udp:45746,192.168.3.1*,2,216,1,84,1,132
44:3D:54:BE:12:3C,ALL,udp:45746,192.168.3.105*,2,216,1,132,1,84
44:3D:54:BE:12:3C,ALL,udp:37828,192.168.3.1*,2,401,1,86,1,315
44:3D:54:BE:12:3C,ALL,udp:37828,192.168.3.105*,2,401,1,315,1,86
44:3D:54:BE:12:3C,ALL,udp:46375,192.168.3.1*,2,237,1,83,1,154
44:3D:54:BE:12:3C,ALL,udp:46375,192.168.3.105*,2,237,1,154,1,83
44:3D:54:BE:12:3C,ALL,udp:55708,192.168.3.1*,2,230,1,83,1,147
44:3D:54:BE:12:3C,ALL,udp:55708,192.168.3.105*,2,230,1,147,1,83
44:3D:54:BE:12:3C,ALL,udp:60187,192.168.3.1,2,296,1,88,1,208
44:3D:54:BE:12:3C,ALL,udp:60187,8.8.8.8,2,296,1,88,1,208
44:3D:54:BE:12:3C,ALL,udp:39923,192.168.3.1*,2,262,1,107,1,155
44:3D:54:BE:12:3C,ALL,udp:39923,192.168.3.105*,2,262,1,155,1,107
44:3D:54:BE:12:3C,ALL,udp:62590,192.168.3.1*,2,170,1,77,1,93
44:3D:54:BE:12:3C,ALL,udp:62590,192.168.3.105*,2,170,1,93,1,77
44:3D:54:BE:12:3C,ALL,udp:33865,192.168.3.1*,2,253,1,79,1,174
44:3D:54:BE:12:3C,ALL,udp:33865,192.168.3.105*,2,253,1,174,1,79
44:3D:54:BE:12:3C,ALL,udp:59210,192.168.3.1*,2,253,1,79,1,174
44:3D:54:BE:12:3C,ALL,udp:59210,192.168.3.105*,2,253,1,174,1,79
44:3D:54:BE:12:3C,ALL,udp:32179,192.168.3.1*,2,242,1,89,1,153
44:3D:54:BE:12:3C,ALL,udp:32179,192.168.3.105*,2,242,1,153,1,89
44:3D:54:BE:12:3C,ALL,udp:29471,192.168.3.1*,2,170,1,77,1,93
44:3D:54:BE:12:3C,ALL,udp:29471,192.168.3.105*,2,170,1,93,1,77
44:3D:54:BE:12:3C,ALL,udp:23277,192.168.3.1*,2,210,1,86,1,124
44:3D:54:BE:12:3C,ALL,udp:23277,192.168.3.105*,2,210,1,124,1,86
44:3D:54:BE:12:3C,ALL,udp:1956,192.168.3.1*,2,210,1,86,1,124
44:3D:54:BE:12:3C,ALL,udp:1956,192.168.3.105*,2,210,1,124,1,86
44:3D:54:BE:12:3C,ALL,udp:58518,192.168.3.1*,2,242,1,89,1,153
44:3D:54:BE:12:3C,ALL,udp:58518,192.168.3.105*,2,242,1,153,1,89
44:3D:54:BE:12:3C,ALL,udp:58413,192.168.3.1*,2,164,1,74,1,90
44:3D:54:BE:12:3C,ALL,udp:58413,192.168.3.105*,2,164,1,90,1,74
44:3D:54:BE:12:3C,ALL,udp:11198,192.168.3.1*,2,253,1,79,1,174
44:3D:54:BE:12:3C,ALL,udp:11198,192.168.3.105*,2,253,1,174,1,79
44:3D:54:BE:12:3C,ALL,udp:24661,192.168.3.1*,2,253,1,79,1,174
44:3D:54:BE:12:3C,ALL,udp:24661,192.168.3.105*,2,253,1,174,1,79
44:3D:54:BE:12:3C,ALL,udp:6082,192.168.3.1*,2,242,1,89,1,153
44:3D:54:BE:12:3C,ALL,udp:6082,192.168.3.105*,2,242,1,153,1,89
44:3D:54:BE:12:3C,ALL,udp:18585,192.168.3.1*,2,210,1,86,1,124
44:3D:54:BE:12:3C,ALL,udp:18585,192.168.3.105*,2,210,1,124,1,86
44:3D:54:BE:12:3C,ALL,udp:52126,192.168.3.1*,2,253,1,79,1,174
44:3D:54:BE:12:3C,ALL,udp:52126,192.168.3.105*,2,253,1,174,1,79
44:3D:54:BE:12:3C,ALL,udp:6381,192.168.3.1*,2,242,1,89,1,153
44:3D:54:BE:12:3C,ALL,udp:6381,192.168.3.105*,2,242,1,153,1,89
44:3D:54:BE:12:3C,ALL,udp:18011,192.168.3.1*,2,253,1,79,1,174
44:3D:54:BE:12:3C,ALL,udp:18011,192.168.3.105*,2,253,1,174,1,79
44:3D:54:BE:12:3C,ALL,udp:14101,192.168.3.1*,2,170,1,77,1,93
44:3D:54:BE:12:3C,ALL,udp:14101,192.168.3.105*,2,170,1,93,1,77
44:3D:54:BE:12:3C,ALL,udp:23035,192.168.3.1*,2,228,1,90,1,138
44:3D:54:BE:12:3C,ALL,udp:23035,192.168.3.105*,2,228,1,138,1,90
44:3D:54:BE:12:3C,ALL,udp:63517,192.168.3.1*,2,242,1,89,1,153
44:3D:54:BE:12:3C,ALL,udp:63517,192.168.3.105*,2,242,1,153,1,89
44:3D:54:BE:12:3C,ALL,udp:25545,192.168.3.1*,2,230,1,83,1,147
44:3D:54:BE:12:3C,ALL,udp:25545,192.168.3.105*,2,230,1,147,1,83
44:3D:54:BE:12:3C,ALL,udp:16925,192.168.3.1*,2,253,1,79,1,174
44:3D:54:BE:12:3C,ALL,udp:16925,192.168.3.105*,2,253,1,174,1,79
44:3D:54:BE:12:3C,ALL,udp:15605,192.168.3.1*,2,368,1,120,1,248
44:3D:54:BE:12:3C,ALL,udp:15605,192.168.3.105*,2,368,1,248,1,120
44:3D:54:BE:12:3C,ALL,udp:32254,192.168.3.1*,2,242,1,89,1,153
44:3D:54:BE:12:3C,ALL,udp:32254,192.168.3.105*,2,242,1,153,1,89
44:3D:54:BE:12:3C,ALL,udp:63450,192.168.3.1*,2,164,1,74,1,90
44:3D:54:BE:12:3C,ALL,udp:63450,192.168.3.105*,2,164,1,90,1,74
44:3D:54:BE:12:3C,ALL,udp:48139,192.168.3.1*,2,242,1,89,1,153
44:3D:54:BE:12:3C,ALL,udp:48139,192.168.3.105*,2,242,1,153,1,89
44:3D:54:BE:12:3C,ALL,udp:10426,192.168.3.1*,2,170,1,77,1,93
44:3D:54:BE:12:3C,ALL,udp:10426,192.168.3.105*,2,170,1,93,1,77
44:3D:54:BE:12:3C,ALL,udp:18737,192.168.3.1*,2,242,1,89,1,153
44:3D:54:BE:12:3C,ALL,udp:18737,192.168.3.105*,2,242,1,153,1,89
44:3D:54:BE:12:3C,ALL,udp:61787,192.168.3.1*,2,228,1,90,1,138
44:3D:54:BE:12:3C,ALL,udp:61787,192.168.3.105*,2,228,1,138,1,90
44:3D:54:BE:12:3C,ALL,udp:42561,192.168.3.1*,2,253,1,79,1,174
44:3D:54:BE:12:3C,ALL,udp:42561,192.168.3.105*,2,253,1,174,1,79
44:3D:54:BE:12:3C,ALL,udp:1034,192.168.3.1*,2,242,1,89,1,153
44:3D:54:BE:12:3C,ALL,udp:1034,192.168.3.105*,2,242,1,153,1,89
44:3D:54:BE:12:3C,ALL,udp:59582,192.168.3.1*,2,242,1,89,1,153
44:3D:54:BE:12:3C,ALL,udp:59582,192.168.3.105*,2,242,1,153,1,89
44:3D:54:BE:12:3C,ALL,udp:57000,192.168.3.1*,2,170,1,77,1,93
44:3D:54:BE:12:3C,ALL,udp:57000,192.168.3.105*,2,170,1,93,1,77
44:3D:54:BE:12:3C,ALL,udp:10365,192.168.3.1*,2,253,1,79,1,174
44:3D:54:BE:12:3C,ALL,udp:10365,192.168.3.105*,2,253,1,174,1,79
44:3D:54:BE:12:3C,ALL,udp:12450,192.168.3.1*,2,228,1,90,1,138
44:3D:54:BE:12:3C,ALL,udp:12450,192.168.3.105*,2,228,1,138,1,90
44:3D:54:BE:12:3C,ALL,udp:12264,192.168.3.1*,2,253,1,79,1,174
44:3D:54:BE:12:3C,ALL,udp:12264,192.168.3.105*,2,253,1,174,1,79
44:3D:54:BE:12:3C,ALL,udp:55339,192.168.3.1*,2,164,1,74,1,90
44:3D:54:BE:12:3C,ALL,udp:55339,192.168.3.105*,2,164,1,90,1,74
44:3D:54:BE:12:3C,ALL,udp:39295,192.168.3.1*,2,253,1,79,1,174
44:3D:54:BE:12:3C,ALL,udp:39295,192.168.3.105*,2,253,1,174,1,79
44:3D:54:BE:12:3C,ALL,udp:49026,192.168.3.1*,2,368,1,120,1,248
44:3D:54:BE:12:3C,ALL,udp:49026,192.168.3.105*,2,368,1,248,1,120
44:3D:54:BE:12:3C,ALL,udp:50281,192.168.3.1*,2,226,1,81,1,145
44:3D:54:BE:12:3C,ALL,udp:50281,192.168.3.105*,2,226,1,145,1,81
44:3D:54:BE:12:3C,ALL,udp:52723,192.168.3.1*,2,242,1,89,1,153
44:3D:54:BE:12:3C,ALL,udp:52723,192.168.3.105*,2,242,1,153,1,89
44:3D:54:BE:12:3C,ALL,udp:39230,192.168.3.1*,2,253,1,79,1,174
44:3D:54:BE:12:3C,ALL,udp:39230,192.168.3.105*,2,253,1,174,1,79
44:3D:54:BE:12:3C,ALL,udp:3961,192.168.3.1*,2,253,1,79,1,174
44:3D:54:BE:12:3C,ALL,udp:3961,192.168.3.105*,2,253,1,174,1,79
44:3D:54:BE:12:3C,ALL,udp:6154,192.168.3.1*,2,242,1,89,1,153
44:3D:54:BE:12:3C,ALL,udp:6154,192.168.3.105*,2,242,1,153,1,89
44:3D:54:BE:12:3C,ALL,udp:35286,192.168.3.1*,2,170,1,77,1,93
44:3D:54:BE:12:3C,ALL,udp:35286,192.168.3.105*,2,170,1,93,1,77
44:3D:54:BE:12:3C,ALL,udp:41683,192.168.3.1*,2,253,1,79,1,174
44:3D:54:BE:12:3C,ALL,udp:41683,192.168.3.105*,2,253,1,174,1,79
44:3D:54:BE:12:3C,ALL,udp:57149,192.168.3.1*,2,242,1,89,1,153
44:3D:54:BE:12:3C,ALL,udp:57149,192.168.3.105*,2,242,1,153,1,89
44:3D:54:BE:12:3C,ALL,udp:14176,192.168.3.1*,2,253,1,79,1,174
44:3D:54:BE:12:3C,ALL,udp:14176,192.168.3.105*,2,253,1,174,1,79
44:3D:54:BE:12:3C,ALL,udp:3088,192.168.3.1*,2,253,1,79,1,174
44:3D:54:BE:12:3C,ALL,udp:3088,192.168.3.105*,2,253,1,174,1,79
44:3D:54:BE:12:3C,ALL,udp:1169,192.168.3.1*,2,242,1,89,1,153
44:3D:54:BE:12:3C,ALL,udp:1169,192.168.3.105*,2,242,1,153,1,89
44:3D:54:BE:12:3C,ALL,udp:23563,192.168.3.1*,2,253,1,79,1,174
44:3D:54:BE:12:3C,ALL,udp:23563,192.168.3.105*,2,253,1,174,1,79
44:3D:54:BE:12:3C,ALL,udp:5100,192.168.3.1*,2,242,1,89,1,153
44:3D:54:BE:12:3C,ALL,udp:5100,192.168.3.105*,2,242,1,153,1,89
44:3D:54:BE:12:3C,ALL,udp:20109,192.168.3.1*,2,170,1,77,1,93
44:3D:54:BE:12:3C,ALL,udp:20109,192.168.3.105*,2,170,1,93,1,77
44:3D:54:BE:12:3C,ALL,udp:57658,192.168.3.1*,2,242,1,89,1,153
44:3D:54:BE:12:3C,ALL,udp:57658,192.168.3.105*,2,242,1,153,1,89
44:3D:54:BE:12:3C,ALL,udp:60003,192.168.3.1*,2,228,1,90,1,138
44:3D:54:BE:12:3C,ALL,udp:60003,192.168.3.105*,2,228,1,138,1,90
44:3D:54:BE:12:3C,ALL,udp:26928,192.168.3.1*,2,253,1,79,1,174
44:3D:54:BE:12:3C,ALL,udp:26928,192.168.3.105*,2,253,1,174,1,79
44:3D:54:BE:12:3C,ALL,udp:1921,192.168.3.1*,2,382,1,102,1,280
44:3D:54:BE:12:3C,ALL,udp:1921,192.168.3.105*,2,382,1,280,1,102
44:3D:54:BE:12:3C,ALL,udp:30639,192.168.3.1*,2,242,1,89,1,153
44:3D:54:BE:12:3C,ALL,udp:30639,192.168.3.105*,2,242,1,153,1,89
44:3D:54:BE:12:3C,ALL,udp:1135,192.168.3.1*,2,242,1,89,1,153
44:3D:54:BE:12:3C,ALL,udp:1135,192.168.3.105*,2,242,1,153,1,89
44:3D:54:BE:12:3C,ALL,udp:49364,192.168.3.1*,2,170,1,77,1,93
44:3D:54:BE:12:3C,ALL,udp:49364,192.168.3.105*,2,170,1,93,1,77
44:3D:54:BE:12:3C,ALL,udp:1615,192.168.3.1*,2,242,1,89,1,153
44:3D:54:BE:12:3C,ALL,udp:1615,192.168.3.105*,2,242,1,153,1,89
44:3D:54:BE:12:3C,ALL,udp:21320,192.168.3.1*,2,253,1,79,1,174
44:3D:54:BE:12:3C,ALL,udp:21320,192.168.3.105*,2,253,1,174,1,79
44:3D:54:BE:12:3C,ALL,udp:39466,192.168.3.1*,2,242,1,89,1,153
44:3D:54:BE:12:3C,ALL,udp:39466,192.168.3.105*,2,242,1,153,1,89
44:3D:54:BE:12:3C,ALL,udp:38718,192.168.3.1*,2,253,1,79,1,174
44:3D:54:BE:12:3C,ALL,udp:38718,192.168.3.105*,2,253,1,174,1,79
44:3D:54:BE:12:3C,ALL,udp:1162,192.168.3.1*,2,242,1,89,1,153
44:3D:54:BE:12:3C,ALL,udp:1162,192.168.3.105*,2,242,1,153,1,89
44:3D:54:BE:12:3C,ALL,udp:10240,192.168.3.1*,2,253,1,79,1,174
44:3D:54:BE:12:3C,ALL,udp:10240,192.168.3.105*,2,253,1,174,1,79
44:3D:54:BE:12:3C,ALL,udp:27502,192.168.3.1*,2,170,1,77,1,93
44:3D:54:BE:12:3C,ALL,udp:27502,192.168.3.105*,2,170,1,93,1,77
44:3D:54:BE:12:3C,ALL,udp:8252,192.168.3.1*,2,253,1,79,1,174
44:3D:54:BE:12:3C,ALL,udp:8252,192.168.3.105*,2,253,1,174,1,79
44:3D:54:BE:12:3C,ALL,udp:55142,192.168.3.1*,2,253,1,79,1,174
44:3D:54:BE:12:3C,ALL,udp:55142,192.168.3.105*,2,253,1,174,1,79
44:3D:54:BE:12:3C,ALL,udp:58208,192.168.3.1*,2,242,1,89,1,153
44:3D:54:BE:12:3C,ALL,udp:58208,192.168.3.105*,2,242,1,153,1,89
44:3D:54:BE:12:3C,ALL,udp:56397,192.168.3.1*,2,228,1,90,1,138
44:3D:54:BE:12:3C,ALL,udp:56397,192.168.3.105*,2,228,1,138,1,90
44:3D:54:BE:12:3C,ALL,udp:38935,192.168.3.1*,2,164,1,74,1,90
44:3D:54:BE:12:3C,ALL,udp:38935,192.168.3.105*,2,164,1,90,1,74
44:3D:54:BE:12:3C,ALL,udp:1314,192.168.3.1*,2,253,1,79,1,174
44:3D:54:BE:12:3C,ALL,udp:1314,192.168.3.105*,2,253,1,174,1,79
44:3D:54:BE:12:3C,ALL,udp:3549,192.168.3.1*,2,368,1,120,1,248
44:3D:54:BE:12:3C,ALL,udp:3549,192.168.3.105*,2,368,1,248,1,120
44:3D:54:BE:12:3C,ALL,udp:25213,192.168.3.1*,2,242,1,89,1,153
44:3D:54:BE:12:3C,ALL,udp:25213,192.168.3.105*,2,242,1,153,1,89
44:3D:54:BE:12:3C,ALL,udp:48202,192.168.3.1*,2,253,1,79,1,174
44:3D:54:BE:12:3C,ALL,udp:48202,192.168.3.105*,2,253,1,174,1,79
44:3D:54:BE:12:3C,ALL,udp:40206,192.168.3.1*,2,253,1,79,1,174
44:3D:54:BE:12:3C,ALL,udp:40206,192.168.3.105*,2,253,1,174,1,79
44:3D:54:BE:12:3C,ALL,udp:46575,192.168.3.1*,2,242,1,89,1,153
44:3D:54:BE:12:3C,ALL,udp:46575,192.168.3.105*,2,242,1,153,1,89
44:3D:54:BE:12:3C,ALL,udp:22850,192.168.3.1*,2,170,1,77,1,93
44:3D:54:BE:12:3C,ALL,udp:22850,192.168.3.105*,2,170,1,93,1,77
44:3D:54:BE:12:3C,ALL,udp:1559,192.168.3.1*,2,253,1,79,1,174
44:3D:54:BE:12:3C,ALL,udp:1559,192.168.3.105*,2,253,1,174,1,79
44:3D:54:BE:12:3C,ALL,udp:11559,192.168.3.1*,2,242,1,89,1,153
44:3D:54:BE:12:3C,ALL,udp:11559,192.168.3.105*,2,242,1,153,1,89
44:3D:54:BE:12:3C,ALL,udp:61143,192.168.3.1*,2,253,1,79,1,174
44:3D:54:BE:12:3C,ALL,udp:61143,192.168.3.105*,2,253,1,174,1,79
44:3D:54:BE:12:3C,ALL,udp:1780,192.168.3.1*,2,242,1,89,1,153
44:3D:54:BE:12:3C,ALL,udp:1780,192.168.3.105*,2,242,1,153,1,89
44:3D:54:BE:12:3C,ALL,udp:6033,192.168.3.1*,2,253,1,79,1,174
44:3D:54:BE:12:3C,ALL,udp:6033,192.168.3.105*,2,253,1,174,1,79
44:3D:54:BE:12:3C,ALL,udp:33630,192.168.3.1*,2,242,1,89,1,153
44:3D:54:BE:12:3C,ALL,udp:33630,192.168.3.105*,2,242,1,153,1,89
44:3D:54:BE:12:3C,ALL,udp:36880,192.168.3.1*,2,170,1,77,1,93
44:3D:54:BE:12:3C,ALL,udp:36880,192.168.3.105*,2,170,1,93,1,77
44:3D:54:BE:12:3C,ALL,udp:34611,192.168.3.1*,2,228,1,90,1,138
44:3D:54:BE:12:3C,ALL,udp:34611,192.168.3.105*,2,228,1,138,1,90
44:3D:54:BE:12:3C,ALL,udp:58695,192.168.3.1*,2,242,1,89,1,153
44:3D:54:BE:12:3C,ALL,udp:58695,192.168.3.105*,2,242,1,153,1,89
44:3D:54:BE:12:3C,ALL,udp:30585,192.168.3.1*,2,368,1,120,1,248
44:3D:54:BE:12:3C,ALL,udp:30585,192.168.3.105*,2,368,1,248,1,120
44:3D:54:BE:12:3C,ALL,udp:3424,192.168.3.1*,2,242,1,89,1,153
44:3D:54:BE:12:3C,ALL,udp:3424,192.168.3.105*,2,242,1,153,1,89
44:3D:54:BE:12:3C,ALL,udp:18224,192.168.3.1*,2,253,1,79,1,174
44:3D:54:BE:12:3C,ALL,udp:18224,192.168.3.105*,2,253,1,174,1,79
44:3D:54:BE:12:3C,ALL,udp:38927,192.168.3.1*,2,242,1,89,1,153
44:3D:54:BE:12:3C,ALL,udp:38927,192.168.3.105*,2,242,1,153,1,89
44:3D:54:BE:12:3C,ALL,udp:55095,192.168.3.1*,2,170,1,77,1,93
44:3D:54:BE:12:3C,ALL,udp:55095,192.168.3.105*,2,170,1,93,1,77
44:3D:54:BE:12:3C,ALL,udp:2824,192.168.3.1*,2,242,1,89,1,153
44:3D:54:BE:12:3C,ALL,udp:2824,192.168.3.105*,2,242,1,153,1,89
44:3D:54:BE:12:3C,ALL,udp:17357,192.168.3.1*,2,253,1,79,1,174
44:3D:54:BE:12:3C,ALL,udp:17357,192.168.3.105*,2,253,1,174,1,79
44:3D:54:BE:12:3C,ALL,udp:54578,192.168.3.1*,2,253,1,79,1,174
44:3D:54:BE:12:3C,ALL,udp:54578,192.168.3.105*,2,253,1,174,1,79
44:3D:54:BE:12:3C,ALL,udp:37586,192.168.3.1*,2,242,1,89,1,153
44:3D:54:BE:12:3C,ALL,udp:37586,192.168.3.105*,2,242,1,153,1,89
44:3D:54:BE:12:3C,ALL,udp:49240,192.168.3.1*,2,253,1,79,1,174
44:3D:54:BE:12:3C,ALL,udp:49240,192.168.3.105*,2,253,1,174,1,79
44:3D:54:BE:12:3C,ALL,udp:10591,192.168.3.1*,2,242,1,89,1,153
44:3D:54:BE:12:3C,ALL,udp:10591,192.168.3.105*,2,242,1,153,1,89
44:3D:54:BE:12:3C,ALL,udp:21832,192.168.3.1*,2,170,1,77,1,93
44:3D:54:BE:12:3C,ALL,udp:21832,192.168.3.105*,2,170,1,93,1,77
44:3D:54:BE:12:3C,ALL,udp:29978,192.168.3.1*,2,253,1,79,1,174
44:3D:54:BE:12:3C,ALL,udp:29978,192.168.3.105*,2,253,1,174,1,79
44:3D:54:BE:12:3C,ALL,udp:41414,192.168.3.1*,2,228,1,90,1,138
44:3D:54:BE:12:3C,ALL,udp:41414,192.168.3.105*,2,228,1,138,1,90
44:3D:54:BE:12:3C,ALL,udp:59037,192.168.3.1*,2,253,1,79,1,174
44:3D:54:BE:12:3C,ALL,udp:59037,192.168.3.105*,2,253,1,174,1,79
44:3D:54:BE:12:3C,ALL,udp:51114,192.168.3.1*,2,164,1,74,1,90
44:3D:54:BE:12:3C,ALL,udp:51114,192.168.3.105*,2,164,1,90,1,74
44:3D:54:BE:12:3C,ALL,udp:59783,192.168.3.1*,2,242,1,89,1,153
44:3D:54:BE:12:3C,ALL,udp:59783,192.168.3.105*,2,242,1,153,1,89
44:3D:54:BE:12:3C,ALL,udp:11740,192.168.3.1*,2,368,1,120,1,248
44:3D:54:BE:12:3C,ALL,udp:11740,192.168.3.105*,2,368,1,248,1,120
44:3D:54:BE:12:3C,ALL,udp:3382,192.168.3.1*,2,242,1,89,1,153
44:3D:54:BE:12:3C,ALL,udp:3382,192.168.3.105*,2,242,1,153,1,89
44:3D:54:BE:12:3C,ALL,udp:15515,192.168.3.1*,2,253,1,79,1,174
44:3D:54:BE:12:3C,ALL,udp:15515,192.168.3.105*,2,253,1,174,1,79
44:3D:54:BE:12:3C,ALL,udp:44667,192.168.3.1*,2,253,1,79,1,174
44:3D:54:BE:12:3C,ALL,udp:44667,192.168.3.105*,2,253,1,174,1,79
44:3D:54:BE:12:3C,ALL,udp:46104,192.168.3.1*,2,242,1,89,1,153
44:3D:54:BE:12:3C,ALL,udp:46104,192.168.3.105*,2,242,1,153,1,89
44:3D:54:BE:12:3C,ALL,udp:15452,192.168.3.1*,2,170,1,77,1,93
44:3D:54:BE:12:3C,ALL,udp:15452,192.168.3.105*,2,170,1,93,1,77
44:3D:54:BE:12:3C,ALL,udp:25922,192.168.3.1*,2,253,1,79,1,174
44:3D:54:BE:12:3C,ALL,udp:25922,192.168.3.105*,2,253,1,174,1,79
44:3D:54:BE:12:3C,ALL,udp:9395,192.168.3.1*,2,242,1,89,1,153
44:3D:54:BE:12:3C,ALL,udp:9395,192.168.3.105*,2,242,1,153,1,89
44:3D:54:BE:12:3C,ALL,udp:52188,192.168.3.1*,2,253,1,79,1,174
44:3D:54:BE:12:3C,ALL,udp:52188,192.168.3.105*,2,253,1,174,1,79
44:3D:54:BE:12:3C,ALL,udp:49181,192.168.3.1*,2,242,1,89,1,153
44:3D:54:BE:12:3C,ALL,udp:49181,192.168.3.105*,2,242,1,153,1,89
44:3D:54:BE:12:3C,ALL,udp:12909,192.168.3.1*,2,253,1,79,1,174
44:3D:54:BE:12:3C,ALL,udp:12909,192.168.3.105*,2,253,1,174,1,79
44:3D:54:BE:12:3C,ALL,udp:5779,192.168.3.1*,2,253,1,79,1,174
44:3D:54:BE:12:3C,ALL,udp:5779,192.168.3.105*,2,253,1,174,1,79
44:3D:54:BE:12:3C,ALL,udp:57339,192.168.3.1*,2,170,1,77,1,93
44:3D:54:BE:12:3C,ALL,udp:57339,192.168.3.105*,2,170,1,93,1,77
44:3D:54:BE:12:3C,ALL,udp:41379,192.168.3.1*,2,228,1,90,1,138
44:3D:54:BE:12:3C,ALL,udp:41379,192.168.3.105*,2,228,1,138,1,90
44:3D:54:BE:12:3C,ALL,udp:4946,192.168.3.1*,2,242,1,89,1,153
44:3D:54:BE:12:3C,ALL,udp:4946,192.168.3.105*,2,242,1,153,1,89
44:3D:54:BE:12:3C,ALL,udp:24725,192.168.3.1*,2,253,1,79,1,174
44:3D:54:BE:12:3C,ALL,udp:24725,192.168.3.105*,2,253,1,174,1,79
44:3D:54:BE:12:3C,ALL,udp:1032,192.168.3.1*,2,368,1,120,1,248
44:3D:54:BE:12:3C,ALL,udp:1032,192.168.3.105*,2,368,1,248,1,120
44:3D:54:BE:12:3C,ALL,udp:44267,192.168.3.1*,2,242,1,89,1,153
44:3D:54:BE:12:3C,ALL,udp:44267,192.168.3.105*,2,242,1,153,1,89
44:3D:54:BE:12:3C,ALL,udp:42602,192.168.3.1*,2,253,1,79,1,174
44:3D:54:BE:12:3C,ALL,udp:42602,192.168.3.105*,2,253,1,174,1,79
44:3D:54:BE:12:3C,ALL,udp:14339,192.168.3.1*,2,242,1,89,1,153
44:3D:54:BE:12:3C,ALL,udp:14339,192.168.3.105*,2,242,1,153,1,89
44:3D:54:BE:12:3C,ALL,udp:11253,192.168.3.1*,2,170,1,77,1,93
44:3D:54:BE:12:3C,ALL,udp:11253,192.168.3.105*,2,170,1,93,1,77
44:3D:54:BE:12:3C,ALL,udp:21690,192.168.3.1*,2,253,1,79,1,174
44:3D:54:BE:12:3C,ALL,udp:21690,192.168.3.105*,2,253,1,174,1,79
44:3D:54:BE:12:3C,ALL,udp:57448,192.168.3.1*,2,242,1,89,1,153
44:3D:54:BE:12:3C,ALL,udp:57448,192.168.3.105*,2,242,1,153,1,89
44:3D:54:BE:12:3C,ALL,udp:38599,192.168.3.1*,2,253,1,79,1,174
44:3D:54:BE:12:3C,ALL,udp:38599,192.168.3.105*,2,253,1,174,1,79
44:3D:54:BE:12:3C,ALL,udp:24988,192.168.3.1*,2,253,1,79,1,174
44:3D:54:BE:12:3C,ALL,udp:24988,192.168.3.105*,2,253,1,174,1,79
44:3D:54:BE:12:3C,ALL,udp:25022,192.168.3.1*,2,242,1,89,1,153
44:3D:54:BE:12:3C,ALL,udp:25022,192.168.3.105*,2,242,1,153,1,89
44:3D:54:BE:12:3C,ALL,udp:34523,192.168.3.1*,2,253,1,79,1,174
44:3D:54:BE:12:3C,ALL,udp:34523,192.168.3.105*,2,253,1,174,1,79
44:3D:54:BE:12:3C,ALL,udp:35720,192.168.3.1*,2,242,1,89,1,153
44:3D:54:BE:12:3C,ALL,udp:35720,192.168.3.105*,2,242,1,153,1,89
44:3D:54:BE:12:3C,ALL,udp:61649,192.168.3.1*,2,228,1,90,1,138
44:3D:54:BE:12:3C,ALL,udp:61649,192.168.3.105*,2,228,1,138,1,90
44:3D:54:BE:12:3C,ALL,udp:56261,192.168.3.1*,2,170,1,77,1,93
44:3D:54:BE:12:3C,ALL,udp:56261,192.168.3.105*,2,170,1,93,1,77
44:3D:54:BE:12:3C,ALL,udp:17921,192.168.3.1*,2,164,1,74,1,90
44:3D:54:BE:12:3C,ALL,udp:17921,192.168.3.105*,2,164,1,90,1,74
44:3D:54:BE:12:3C,ALL,udp:13864,192.168.3.1*,2,242,1,89,1,153
44:3D:54:BE:12:3C,ALL,udp:13864,192.168.3.105*,2,242,1,153,1,89
44:3D:54:BE:12:3C,ALL,udp:38554,192.168.3.1*,2,253,1,79,1,174
44:3D:54:BE:12:3C,ALL,udp:38554,192.168.3.105*,2,253,1,174,1,79
44:3D:54:BE:12:3C,ALL,udp:60776,192.168.3.1*,2,368,1,120,1,248
44:3D:54:BE:12:3C,ALL,udp:60776,192.168.3.105*,2,368,1,248,1,120
44:3D:54:BE:12:3C,ALL,udp:59671,192.168.3.1*,2,242,1,89,1,153
44:3D:54:BE:12:3C,ALL,udp:59671,192.168.3.105*,2,242,1,153,1,89
44:3D:54:BE:12:3C,ALL,udp:22113,192.168.3.1*,2,242,1,89,1,153
44:3D:54:BE:12:3C,ALL,udp:22113,192.168.3.105*,2,242,1,153,1,89
44:3D:54:BE:12:3C,ALL,udp:12629,192.168.3.1*,2,253,1,79,1,174
44:3D:54:BE:12:3C,ALL,udp:12629,192.168.3.105*,2,253,1,174,1,79
44:3D:54:BE:12:3C,ALL,udp:30542,192.168.3.1*,2,170,1,77,1,93
44:3D:54:BE:12:3C,ALL,udp:30542,192.168.3.105*,2,170,1,93,1,77
44:3D:54:BE:12:3C,ALL,udp:34093,192.168.3.1*,2,242,1,89,1,153
44:3D:54:BE:12:3C,ALL,udp:34093,192.168.3.105*,2,242,1,153,1,89
44:3D:54:BE:12:3C,ALL,udp:46114,192.168.3.1*,2,253,1,79,1,174
44:3D:54:BE:12:3C,ALL,udp:46114,192.168.3.105*,2,253,1,174,1,79
44:3D:54:BE:12:3C,ALL,udp:18760,192.168.3.1*,2,253,1,79,1,174
44:3D:54:BE:12:3C,ALL,udp:18760,192.168.3.105*,2,253,1,174,1,79
44:3D:54:BE:12:3C,ALL,udp:9027,192.168.3.1*,2,253,1,79,1,174
44:3D:54:BE:12:3C,ALL,udp:9027,192.168.3.105*,2,253,1,174,1,79
44:3D:54:BE:12:3C,ALL,udp:19680,192.168.3.1*,2,242,1,89,1,153
44:3D:54:BE:12:3C,ALL,udp:19680,192.168.3.105*,2,242,1,153,1,89
44:3D:54:BE:12:3C,ALL,udp:33780,192.168.3.1*,2,253,1,79,1,174
44:3D:54:BE:12:3C,ALL,udp:33780,192.168.3.105*,2,253,1,174,1,79
44:3D:54:BE:12:3C,ALL,udp:58394,192.168.3.1*,2,164,1,74,1,90
44:3D:54:BE:12:3C,ALL,udp:58394,192.168.3.105*,2,164,1,90,1,74
44:3D:54:BE:12:3C,ALL,udp:47194,192.168.3.1*,2,253,1,79,1,174
44:3D:54:BE:12:3C,ALL,udp:47194,192.168.3.105*,2,253,1,174,1,79
44:3D:54:BE:12:3C,ALL,udp:62540,192.168.3.1*,2,242,1,89,1,153
44:3D:54:BE:12:3C,ALL,udp:62540,192.168.3.105*,2,242,1,153,1,89
44:3D:54:BE:12:3C,ALL,udp:1329,192.168.3.1*,2,228,1,90,1,138
44:3D:54:BE:12:3C,ALL,udp:1329,192.168.3.105*,2,228,1,138,1,90
44:3D:54:BE:12:3C,ALL,udp:45513,192.168.3.1*,2,170,1,77,1,93
44:3D:54:BE:12:3C,ALL,udp:45513,192.168.3.105*,2,170,1,93,1,77
44:3D:54:BE:12:3C,ALL,udp:10995,192.168.3.1*,2,242,1,89,1,153
44:3D:54:BE:12:3C,ALL,udp:10995,192.168.3.105*,2,242,1,153,1,89
44:3D:54:BE:12:3C,ALL,udp:46706,192.168.3.1*,2,368,1,120,1,248
44:3D:54:BE:12:3C,ALL,udp:46706,192.168.3.105*,2,368,1,248,1,120
44:3D:54:BE:12:3C,ALL,udp:58988,192.168.3.1*,2,242,1,89,1,153
44:3D:54:BE:12:3C,ALL,udp:58988,192.168.3.105*,2,242,1,153,1,89
44:3D:54:BE:12:3C,ALL,udp:32097,192.168.3.1*,2,253,1,79,1,174
44:3D:54:BE:12:3C,ALL,udp:32097,192.168.3.105*,2,253,1,174,1,79
44:3D:54:BE:12:3C,ALL,udp:6555,192.168.3.1*,2,242,1,89,1,153
44:3D:54:BE:12:3C,ALL,udp:6555,192.168.3.105*,2,242,1,153,1,89
44:3D:54:BE:12:3C,ALL,udp:8271,192.168.3.1*,2,253,1,79,1,174
44:3D:54:BE:12:3C,ALL,udp:8271,192.168.3.105*,2,253,1,174,1,79
44:3D:54:BE:12:3C,ALL,udp:36648,192.168.3.1*,2,253,1,79,1,174
44:3D:54:BE:12:3C,ALL,udp:36648,192.168.3.105*,2,253,1,174,1,79
44:3D:54:BE:12:3C,ALL,udp:37365,192.168.3.1*,2,170,1,77,1,93
44:3D:54:BE:12:3C,ALL,udp:37365,192.168.3.105*,2,170,1,93,1,77
44:3D:54:BE:12:3C,ALL,udp:30086,192.168.3.1*,2,242,1,89,1,153
44:3D:54:BE:12:3C,ALL,udp:30086,192.168.3.105*,2,242,1,153,1,89
44:3D:54:BE:12:3C,ALL,udp:3163,192.168.3.1*,2,253,1,79,1,174
44:3D:54:BE:12:3C,ALL,udp:3163,192.168.3.105*,2,253,1,174,1,79
44:3D:54:BE:12:3C,ALL,udp:55546,192.168.3.1*,2,253,1,79,1,174
44:3D:54:BE:12:3C,ALL,udp:55546,192.168.3.105*,2,253,1,174,1,79
44:3D:54:BE:12:3C,ALL,udp:55222,192.168.3.1*,2,242,1,89,1,153
44:3D:54:BE:12:3C,ALL,udp:55222,192.168.3.105*,2,242,1,153,1,89
44:3D:54:BE:12:3C,ALL,udp:23280,192.168.3.1*,2,253,1,79,1,174
44:3D:54:BE:12:3C,ALL,udp:23280,192.168.3.105*,2,253,1,174,1,79
44:3D:54:BE:12:3C,ALL,udp:15773,192.168.3.1*,2,228,1,90,1,138
44:3D:54:BE:12:3C,ALL,udp:15773,192.168.3.105*,2,228,1,138,1,90
44:3D:54:BE:12:3C,ALL,udp:6927,192.168.3.1*,2,242,1,89,1,153
44:3D:54:BE:12:3C,ALL,udp:6927,192.168.3.105*,2,242,1,153,1,89
44:3D:54:BE:12:3C,ALL,udp:63694,192.168.3.1*,2,164,1,74,1,90
44:3D:54:BE:12:3C,ALL,udp:63694,192.168.3.105*,2,164,1,90,1,74
44:3D:54:BE:12:3C,ALL,udp:8175,192.168.3.1*,2,242,1,89,1,153
44:3D:54:BE:12:3C,ALL,udp:8175,192.168.3.105*,2,242,1,153,1,89
44:3D:54:BE:12:3C,ALL,udp:30916,192.168.3.1*,2,253,1,79,1,174
44:3D:54:BE:12:3C,ALL,udp:30916,192.168.3.105*,2,253,1,174,1,79
44:3D:54:BE:12:3C,ALL,udp:65286,192.168.3.1*,2,368,1,120,1,248
44:3D:54:BE:12:3C,ALL,udp:65286,192.168.3.105*,2,368,1,248,1,120
44:3D:54:BE:12:3C,ALL,udp:36005,192.168.3.1*,2,253,1,79,1,174
44:3D:54:BE:12:3C,ALL,udp:36005,192.168.3.105*,2,253,1,174,1,79
44:3D:54:BE:12:3C,ALL,udp:50015,192.168.3.1*,2,242,1,89,1,153
44:3D:54:BE:12:3C,ALL,udp:50015,192.168.3.105*,2,242,1,153,1,89
44:3D:54:BE:12:3C,ALL,udp:6436,192.168.3.1*,2,242,1,89,1,153
44:3D:54:BE:12:3C,ALL,udp:6436,192.168.3.105*,2,242,1,153,1,89
44:3D:54:BE:12:3C,ALL,udp:15547,192.168.3.1*,2,170,1,77,1,93
44:3D:54:BE:12:3C,ALL,udp:15547,192.168.3.105*,2,170,1,93,1,77
44:3D:54:BE:12:3C,ALL,udp:52491,192.168.3.1*,2,242,1,89,1,153
44:3D:54:BE:12:3C,ALL,udp:52491,192.168.3.105*,2,242,1,153,1,89
44:3D:54:BE:12:3C,ALL,udp:12207,192.168.3.1*,2,242,1,89,1,153
44:3D:54:BE:12:3C,ALL,udp:12207,192.168.3.105*,2,242,1,153,1,89
44:3D:54:BE:12:3C,ALL,udp:25043,192.168.3.1*,2,253,1,79,1,174
44:3D:54:BE:12:3C,ALL,udp:25043,192.168.3.105*,2,253,1,174,1,79
44:3D:54:BE:12:3C,ALL,udp:45923,192.168.3.1*,2,228,1,90,1,138
44:3D:54:BE:12:3C,ALL,udp:45923,192.168.3.105*,2,228,1,138,1,90
44:3D:54:BE:12:3C,ALL,udp:43734,192.168.3.1*,2,242,1,89,1,153
44:3D:54:BE:12:3C,ALL,udp:43734,192.168.3.105*,2,242,1,153,1,89
44:3D:54:BE:12:3C,ALL,udp:47066,192.168.3.1*,2,253,1,79,1,174
44:3D:54:BE:12:3C,ALL,udp:47066,192.168.3.105*,2,253,1,174,1,79
44:3D:54:BE:12:3C,ALL,udp:32588,192.168.3.1*,2,170,1,77,1,93
44:3D:54:BE:12:3C,ALL,udp:32588,192.168.3.105*,2,170,1,93,1,77
44:3D:54:BE:12:3C,ALL,udp:1796,192.168.3.1*,2,253,1,79,1,174
44:3D:54:BE:12:3C,ALL,udp:1796,192.168.3.105*,2,253,1,174,1,79
44:3D:54:BE:12:3C,ALL,udp:2395,192.168.3.1*,2,242,1,89,1,153
44:3D:54:BE:12:3C,ALL,udp:2395,192.168.3.105*,2,242,1,153,1,89
44:3D:54:BE:12:3C,ALL,udp:45198,192.168.3.1*,2,253,1,79,1,174
44:3D:54:BE:12:3C,ALL,udp:45198,192.168.3.105*,2,253,1,174,1,79
44:3D:54:BE:12:3C,ALL,udp:35551,192.168.3.1*,2,253,1,79,1,174
44:3D:54:BE:12:3C,ALL,udp:35551,192.168.3.105*,2,253,1,174,1,79
44:3D:54:BE:12:3C,ALL,udp:37100,192.168.3.1*,2,253,1,79,1,174
44:3D:54:BE:12:3C,ALL,udp:37100,192.168.3.105*,2,253,1,174,1,79
44:3D:54:BE:12:3C,ALL,udp:1746,192.168.3.1*,2,242,1,89,1,153
44:3D:54:BE:12:3C,ALL,udp:1746,192.168.3.105*,2,242,1,153,1,89
44:3D:54:BE:12:3C,ALL,udp:11719,192.168.3.1*,2,253,1,79,1,174
44:3D:54:BE:12:3C,ALL,udp:11719,192.168.3.105*,2,253,1,174,1,79
44:3D:54:BE:12:3C,ALL,udp:45857,192.168.3.1*,2,242,1,89,1,153
44:3D:54:BE:12:3C,ALL,udp:45857,192.168.3.105*,2,242,1,153,1,89
44:3D:54:BE:12:3C,ALL,udp:61640,192.168.3.1*,2,253,1,79,1,174
44:3D:54:BE:12:3C,ALL,udp:61640,192.168.3.105*,2,253,1,174,1,79
44:3D:54:BE:12:3C,ALL,udp:62029,192.168.3.1*,2,170,1,77,1,93
44:3D:54:BE:12:3C,ALL,udp:62029,192.168.3.105*,2,170,1,93,1,77
44:3D:54:BE:12:3C,ALL,udp:14782,192.168.3.1*,2,242,1,89,1,153
44:3D:54:BE:12:3C,ALL,udp:14782,192.168.3.105*,2,242,1,153,1,89
44:3D:54:BE:12:3C,ALL,udp:1128,192.168.3.1*,2,253,1,79,1,174
44:3D:54:BE:12:3C,ALL,udp:1128,192.168.3.105*,2,253,1,174,1,79
44:3D:54:BE:12:3C,ALL,udp:52440,192.168.3.1*,2,253,1,79,1,174
44:3D:54:BE:12:3C,ALL,udp:52440,192.168.3.105*,2,253,1,174,1,79
44:3D:54:BE:12:3C,ALL,udp:45144,192.168.3.1*,2,242,1,89,1,153
44:3D:54:BE:12:3C,ALL,udp:45144,192.168.3.105*,2,242,1,153,1,89
44:3D:54:BE:12:3C,ALL,udp:17992,192.168.3.1*,2,228,1,90,1,138
44:3D:54:BE:12:3C,ALL,udp:17992,192.168.3.105*,2,228,1,138,1,90
44:3D:54:BE:12:3C,ALL,udp:20768,192.168.3.1*,2,253,1,79,1,174
44:3D:54:BE:12:3C,ALL,udp:20768,192.168.3.105*,2,253,1,174,1,79
44:3D:54:BE:12:3C,ALL,udp:4866,192.168.3.1*,2,164,1,74,1,90
44:3D:54:BE:12:3C,ALL,udp:4866,192.168.3.105*,2,164,1,90,1,74
44:3D:54:BE:12:3C,ALL,udp:33140,192.168.3.1*,2,242,1,89,1,153
44:3D:54:BE:12:3C,ALL,udp:33140,192.168.3.105*,2,242,1,153,1,89
44:3D:54:BE:12:3C,ALL,udp:58779,192.168.3.1*,2,170,1,77,1,93
44:3D:54:BE:12:3C,ALL,udp:58779,192.168.3.105*,2,170,1,93,1,77
44:3D:54:BE:12:3C,ALL,udp:39186,192.168.3.1*,2,242,1,89,1,153
44:3D:54:BE:12:3C,ALL,udp:39186,192.168.3.105*,2,242,1,153,1,89
44:3D:54:BE:12:3C,ALL,udp:12011,192.168.3.1*,2,368,1,120,1,248
44:3D:54:BE:12:3C,ALL,udp:12011,192.168.3.105*,2,368,1,248,1,120
44:3D:54:BE:12:3C,ALL,udp:33560,192.168.3.1*,2,242,1,89,1,153
44:3D:54:BE:12:3C,ALL,udp:33560,192.168.3.105*,2,242,1,153,1,89
44:3D:54:BE:12:3C,ALL,udp:43503,192.168.3.1*,2,253,1,79,1,174
44:3D:54:BE:12:3C,ALL,udp:43503,192.168.3.105*,2,253,1,174,1,79
44:3D:54:BE:12:3C,ALL,udp:58861,192.168.3.1*,2,242,1,89,1,153
44:3D:54:BE:12:3C,ALL,udp:58861,192.168.3.105*,2,242,1,153,1,89
44:3D:54:BE:12:3C,ALL,udp:22947,192.168.3.1*,2,170,1,77,1,93
44:3D:54:BE:12:3C,ALL,udp:22947,192.168.3.105*,2,170,1,93,1,77
44:3D:54:BE:12:3C,ALL,udp:9201,192.168.3.1*,2,242,1,89,1,153
44:3D:54:BE:12:3C,ALL,udp:9201,192.168.3.105*,2,242,1,153,1,89
44:3D:54:BE:12:3C,ALL,udp:61379,192.168.3.1*,2,253,1,79,1,174
44:3D:54:BE:12:3C,ALL,udp:61379,192.168.3.105*,2,253,1,174,1,79
44:3D:54:BE:12:3C,ALL,udp:20493,192.168.3.1*,2,242,1,89,1,153
44:3D:54:BE:12:3C,ALL,udp:20493,192.168.3.105*,2,242,1,153,1,89
44:3D:54:BE:12:3C,ALL,udp:18983,192.168.3.1*,2,253,1,79,1,174
44:3D:54:BE:12:3C,ALL,udp:18983,192.168.3.105*,2,253,1,174,1,79
44:3D:54:BE:12:3C,ALL,udp:14386,192.168.3.1*,2,228,1,90,1,138
44:3D:54:BE:12:3C,ALL,udp:14386,192.168.3.105*,2,228,1,138,1,90
44:3D:54:BE:12:3C,ALL,udp:4667,192.168.3.1*,2,253,1,79,1,174
44:3D:54:BE:12:3C,ALL,udp:4667,192.168.3.105*,2,253,1,174,1,79
44:3D:54:BE:12:3C,ALL,udp:53568,192.168.3.1*,2,242,1,89,1,153
44:3D:54:BE:12:3C,ALL,udp:53568,192.168.3.105*,2,242,1,153,1,89
44:3D:54:BE:12:3C,ALL,udp:48463,192.168.3.1*,2,170,1,77,1,93
44:3D:54:BE:12:3C,ALL,udp:48463,192.168.3.105*,2,170,1,93,1,77
44:3D:54:BE:12:3C,ALL,udp:5052,192.168.3.1*,2,242,1,89,1,153
44:3D:54:BE:12:3C,ALL,udp:5052,192.168.3.105*,2,242,1,153,1,89
44:3D:54:BE:12:3C,ALL,udp:61475,192.168.3.1*,2,368,1,120,1,248
44:3D:54:BE:12:3C,ALL,udp:61475,192.168.3.105*,2,368,1,248,1,120
44:3D:54:BE:12:3C,ALL,udp:63199,192.168.3.1*,2,242,1,89,1,153
44:3D:54:BE:12:3C,ALL,udp:63199,192.168.3.105*,2,242,1,153,1,89
44:3D:54:BE:12:3C,ALL,udp:4029,192.168.3.1*,2,253,1,79,1,174
44:3D:54:BE:12:3C,ALL,udp:4029,192.168.3.105*,2,253,1,174,1,79
44:3D:54:BE:12:3C,ALL,udp:5528,192.168.3.1*,2,242,1,89,1,153
44:3D:54:BE:12:3C,ALL,udp:5528,192.168.3.105*,2,242,1,153,1,89
44:3D:54:BE:12:3C,ALL,udp:60243,192.168.3.1*,2,170,1,77,1,93
44:3D:54:BE:12:3C,ALL,udp:60243,192.168.3.105*,2,170,1,93,1,77
44:3D:54:BE:12:3C,ALL,udp:40576,192.168.3.1*,2,253,1,79,1,174
44:3D:54:BE:12:3C,ALL,udp:40576,192.168.3.105*,2,253,1,174,1,79
44:3D:54:BE:12:3C,ALL,udp:26300,192.168.3.1*,2,242,1,89,1,153
44:3D:54:BE:12:3C,ALL,udp:26300,192.168.3.105*,2,242,1,153,1,89
44:3D:54:BE:12:3C,ALL,udp:45125,192.168.3.1*,2,242,1,89,1,153
44:3D:54:BE:12:3C,ALL,udp:45125,192.168.3.105*,2,242,1,153,1,89
44:3D:54:BE:12:3C,ALL,udp:38396,192.168.3.1*,2,228,1,90,1,138
44:3D:54:BE:12:3C,ALL,udp:38396,192.168.3.105*,2,228,1,138,1,90
44:3D:54:BE:12:3C,ALL,udp:20482,192.168.3.1*,2,253,1,79,1,174
44:3D:54:BE:12:3C,ALL,udp:20482,192.168.3.105*,2,253,1,174,1,79
44:3D:54:BE:12:3C,ALL,udp:8555,192.168.3.1*,2,164,1,74,1,90
44:3D:54:BE:12:3C,ALL,udp:8555,192.168.3.105*,2,164,1,90,1,74
44:3D:54:BE:12:3C,ALL,udp:15878,192.168.3.1*,2,242,1,89,1,153
44:3D:54:BE:12:3C,ALL,udp:15878,192.168.3.105*,2,242,1,153,1,89
44:3D:54:BE:12:3C,ALL,udp:61582,192.168.3.1*,2,253,1,79,1,174
44:3D:54:BE:12:3C,ALL,udp:61582,192.168.3.105*,2,253,1,174,1,79
44:3D:54:BE:12:3C,ALL,udp:51486,192.168.3.1*,2,170,1,77,1,93
44:3D:54:BE:12:3C,ALL,udp:51486,192.168.3.105*,2,170,1,93,1,77
44:3D:54:BE:12:3C,ALL,udp:46498,192.168.3.1*,2,253,1,79,1,174
44:3D:54:BE:12:3C,ALL,udp:46498,192.168.3.105*,2,253,1,174,1,79
44:3D:54:BE:12:3C,ALL,udp:21353,192.168.3.1*,2,242,1,89,1,153
44:3D:54:BE:12:3C,ALL,udp:21353,192.168.3.105*,2,242,1,153,1,89
44:3D:54:BE:12:3C,ALL,udp:27840,192.168.3.1*,2,253,1,79,1,174
44:3D:54:BE:12:3C,ALL,udp:27840,192.168.3.105*,2,253,1,174,1,79
44:3D:54:BE:12:3C,ALL,udp:61051,192.168.3.1*,2,368,1,120,1,248
44:3D:54:BE:12:3C,ALL,udp:61051,192.168.3.105*,2,368,1,248,1,120
44:3D:54:BE:12:3C,ALL,udp:39228,192.168.3.1*,2,242,1,89,1,153
44:3D:54:BE:12:3C,ALL,udp:39228,192.168.3.105*,2,242,1,153,1,89
44:3D:54:BE:12:3C,ALL,udp:38931,192.168.3.1*,2,253,1,79,1,174
44:3D:54:BE:12:3C,ALL,udp:38931,192.168.3.105*,2,253,1,174,1,79
44:3D:54:BE:12:3C,ALL,udp:24749,192.168.3.1*,2,242,1,89,1,153
44:3D:54:BE:12:3C,ALL,udp:24749,192.168.3.105*,2,242,1,153,1,89
44:3D:54:BE:12:3C,ALL,udp:2014,192.168.3.1*,2,253,1,79,1,174
44:3D:54:BE:12:3C,ALL,udp:2014,192.168.3.105*,2,253,1,174,1,79
44:3D:54:BE:12:3C,ALL,udp:21511,192.168.3.1*,2,253,1,79,1,174
44:3D:54:BE:12:3C,ALL,udp:21511,192.168.3.105*,2,253,1,174,1,79
44:3D:54:BE:12:3C,ALL,udp:11409,192.168.3.1*,2,170,1,77,1,93
44:3D:54:BE:12:3C,ALL,udp:11409,192.168.3.105*,2,170,1,93,1,77
44:3D:54:BE:12:3C,ALL,udp:25207,192.168.3.1*,2,401,1,86,1,315
44:3D:54:BE:12:3C,ALL,udp:25207,192.168.3.105*,2,401,1,315,1,86
44:3D:54:BE:12:3C,ALL,udp:1804,192.168.3.1*,2,242,1,89,1,153
44:3D:54:BE:12:3C,ALL,udp:1804,192.168.3.105*,2,242,1,153,1,89
44:3D:54:BE:12:3C,ALL,udp:59211,192.168.3.1*,2,253,1,79,1,174
44:3D:54:BE:12:3C,ALL,udp:59211,192.168.3.105*,2,253,1,174,1,79
44:3D:54:BE:12:3C,ALL,udp:51726,192.168.3.1*,2,242,1,89,1,153
44:3D:54:BE:12:3C,ALL,udp:51726,192.168.3.105*,2,242,1,153,1,89
44:3D:54:BE:12:3C,ALL,udp:21227,192.168.3.1*,2,228,1,90,1,138
44:3D:54:BE:12:3C,ALL,udp:21227,192.168.3.105*,2,228,1,138,1,90
44:3D:54:BE:12:3C,ALL,udp:6313,192.168.3.1*,2,253,1,79,1,174
44:3D:54:BE:12:3C,ALL,udp:6313,192.168.3.105*,2,253,1,174,1,79
44:3D:54:BE:12:3C,ALL,udp:17621,192.168.3.1*,2,253,1,79,1,174
44:3D:54:BE:12:3C,ALL,udp:17621,192.168.3.105*,2,253,1,174,1,79
44:3D:54:BE:12:3C,ALL,udp:53581,192.168.3.1*,2,253,1,79,1,174
44:3D:54:BE:12:3C,ALL,udp:53581,192.168.3.105*,2,253,1,174,1,79
44:3D:54:BE:12:3C,ALL,udp:61858,192.168.3.1*,2,253,1,79,1,174
44:3D:54:BE:12:3C,ALL,udp:61858,192.168.3.105*,2,253,1,174,1,79
44:3D:54:BE:12:3C,ALL,udp:43601,192.168.3.1*,2,242,1,89,1,153
44:3D:54:BE:12:3C,ALL,udp:43601,192.168.3.105*,2,242,1,153,1,89
44:3D:54:BE:12:3C,ALL,udp:34194,192.168.3.1*,2,253,1,79,1,174
44:3D:54:BE:12:3C,ALL,udp:34194,192.168.3.105*,2,253,1,174,1,79
44:3D:54:BE:12:3C,ALL,udp:10974,192.168.3.1*,2,170,1,77,1,93
44:3D:54:BE:12:3C,ALL,udp:10974,192.168.3.105*,2,170,1,93,1,77
44:3D:54:BE:12:3C,ALL,udp:24154,192.168.3.1*,2,242,1,89,1,153
44:3D:54:BE:12:3C,ALL,udp:24154,192.168.3.105*,2,242,1,153,1,89
44:3D:54:BE:12:3C,ALL,udp:44947,192.168.3.1*,2,253,1,79,1,174
44:3D:54:BE:12:3C,ALL,udp:44947,192.168.3.105*,2,253,1,174,1,79
44:3D:54:BE:12:3C,ALL,udp:59020,192.168.3.1*,2,368,1,120,1,248
44:3D:54:BE:12:3C,ALL,udp:59020,192.168.3.105*,2,368,1,248,1,120
44:3D:54:BE:12:3C,ALL,udp:40906,192.168.3.1*,2,242,1,89,1,153
44:3D:54:BE:12:3C,ALL,udp:40906,192.168.3.105*,2,242,1,153,1,89
44:3D:54:BE:12:3C,ALL,udp:29592,192.168.3.1*,2,242,1,89,1,153
44:3D:54:BE:12:3C,ALL,udp:29592,192.168.3.105*,2,242,1,153,1,89
44:3D:54:BE:12:3C,ALL,udp:33262,192.168.3.1*,2,253,1,79,1,174
44:3D:54:BE:12:3C,ALL,udp:33262,192.168.3.105*,2,253,1,174,1,79
44:3D:54:BE:12:3C,ALL,udp:29848,192.168.3.1*,2,170,1,77,1,93
44:3D:54:BE:12:3C,ALL,udp:29848,192.168.3.105*,2,170,1,93,1,77
44:3D:54:BE:12:3C,ALL,udp:60484,192.168.3.1*,2,242,1,89,1,153
44:3D:54:BE:12:3C,ALL,udp:60484,192.168.3.105*,2,242,1,153,1,89
44:3D:54:BE:12:3C,ALL,udp:2943,192.168.3.1*,2,228,1,90,1,138
44:3D:54:BE:12:3C,ALL,udp:2943,192.168.3.105*,2,228,1,138,1,90
44:3D:54:BE:12:3C,ALL,udp:14149,192.168.3.1*,2,196,1,90,1,106
44:3D:54:BE:12:3C,ALL,udp:14149,192.168.3.105*,2,196,1,106,1,90
44:3D:54:BE:12:3C,ALL,udp:14781,192.168.3.1*,2,242,1,89,1,153
44:3D:54:BE:12:3C,ALL,udp:14781,192.168.3.105*,2,242,1,153,1,89
44:3D:54:BE:12:3C,ALL,udp:12478,192.168.3.1*,2,164,1,74,1,90
44:3D:54:BE:12:3C,ALL,udp:12478,192.168.3.105*,2,164,1,90,1,74
44:3D:54:BE:12:3C,ALL,udp:39462,192.168.3.1*,2,242,1,89,1,153
44:3D:54:BE:12:3C,ALL,udp:39462,192.168.3.105*,2,242,1,153,1,89
44:3D:54:BE:12:3C,ALL,udp:46234,192.168.3.1*,2,253,1,79,1,174
44:3D:54:BE:12:3C,ALL,udp:46234,192.168.3.105*,2,253,1,174,1,79
44:3D:54:BE:12:3C,ALL,udp:3684,192.168.3.1*,2,170,1,77,1,93
44:3D:54:BE:12:3C,ALL,udp:3684,192.168.3.105*,2,170,1,93,1,77
44:3D:54:BE:12:3C,ALL,udp:2083,192.168.3.1*,2,253,1,79,1,174
44:3D:54:BE:12:3C,ALL,udp:2083,192.168.3.105*,2,253,1,174,1,79
44:3D:54:BE:12:3C,ALL,udp:59113,192.168.3.1*,2,242,1,89,1,153
44:3D:54:BE:12:3C,ALL,udp:59113,192.168.3.105*,2,242,1,153,1,89
44:3D:54:BE:12:3C,ALL,udp:43363,192.168.3.1*,2,253,1,79,1,174
44:3D:54:BE:12:3C,ALL,udp:43363,192.168.3.105*,2,253,1,174,1,79
44:3D:54:BE:12:3C,ALL,udp:20991,192.168.3.1*,2,368,1,120,1,248
44:3D:54:BE:12:3C,ALL,udp:20991,192.168.3.105*,2,368,1,248,1,120
44:3D:54:BE:12:3C,ALL,udp:18127,192.168.3.1*,2,242,1,89,1,153
44:3D:54:BE:12:3C,ALL,udp:18127,192.168.3.105*,2,242,1,153,1,89
44:3D:54:BE:12:3C,ALL,udp:59457,192.168.3.1*,2,253,1,79,1,174
44:3D:54:BE:12:3C,ALL,udp:59457,192.168.3.105*,2,253,1,174,1,79
44:3D:54:BE:12:3C,ALL,udp:37089,192.168.3.1*,2,170,1,77,1,93
44:3D:54:BE:12:3C,ALL,udp:37089,192.168.3.105*,2,170,1,93,1,77
44:3D:54:BE:12:3C,ALL,udp:2544,192.168.3.1*,2,242,1,89,1,153
44:3D:54:BE:12:3C,ALL,udp:2544,192.168.3.105*,2,242,1,153,1,89
44:3D:54:BE:12:3C,ALL,udp:7067,192.168.3.1*,2,253,1,79,1,174
44:3D:54:BE:12:3C,ALL,udp:7067,192.168.3.105*,2,253,1,174,1,79
44:3D:54:BE:12:3C,ALL,udp:14955,192.168.3.1*,2,253,1,79,1,174
44:3D:54:BE:12:3C,ALL,udp:14955,192.168.3.105*,2,253,1,174,1,79
44:3D:54:BE:12:3C,ALL,udp:18384,192.168.3.1*,2,228,1,90,1,138
44:3D:54:BE:12:3C,ALL,udp:18384,192.168.3.105*,2,228,1,138,1,90
44:3D:54:BE:12:3C,ALL,udp:55332,192.168.3.1*,2,253,1,79,1,174
44:3D:54:BE:12:3C,ALL,udp:55332,192.168.3.105*,2,253,1,174,1,79
44:3D:54:BE:12:3C,ALL,udp:58665,192.168.3.1*,2,242,1,89,1,153
44:3D:54:BE:12:3C,ALL,udp:58665,192.168.3.105*,2,242,1,153,1,89
44:3D:54:BE:12:3C,ALL,udp:17616,192.168.3.1*,2,253,1,79,1,174
44:3D:54:BE:12:3C,ALL,udp:17616,192.168.3.105*,2,253,1,174,1,79
44:3D:54:BE:12:3C,ALL,udp:31506,192.168.3.1*,2,242,1,89,1,153
44:3D:54:BE:12:3C,ALL,udp:31506,192.168.3.105*,2,242,1,153,1,89
44:3D:54:BE:12:3C,ALL,udp:17918,192.168.3.1*,2,253,1,79,1,174
44:3D:54:BE:12:3C,ALL,udp:17918,192.168.3.105*,2,253,1,174,1,79
44:3D:54:BE:12:3C,ALL,udp:63223,192.168.3.1*,2,170,1,77,1,93
44:3D:54:BE:12:3C,ALL,udp:63223,192.168.3.105*,2,170,1,93,1,77
44:3D:54:BE:12:3C,ALL,udp:10820,192.168.3.1*,2,242,1,89,1,153
44:3D:54:BE:12:3C,ALL,udp:10820,192.168.3.105*,2,242,1,153,1,89
44:3D:54:BE:12:3C,ALL,udp:16675,192.168.3.1*,2,253,1,79,1,174
44:3D:54:BE:12:3C,ALL,udp:16675,192.168.3.105*,2,253,1,174,1,79
44:3D:54:BE:12:3C,ALL,udp:53160,192.168.3.1*,2,164,1,74,1,90
44:3D:54:BE:12:3C,ALL,udp:53160,192.168.3.105*,2,164,1,90,1,74
44:3D:54:BE:12:3C,ALL,udp:44465,192.168.3.1*,2,242,1,89,1,153
44:3D:54:BE:12:3C,ALL,udp:44465,192.168.3.105*,2,242,1,153,1,89
44:3D:54:BE:12:3C,ALL,udp:11035,192.168.3.1*,2,253,1,79,1,174
44:3D:54:BE:12:3C,ALL,udp:11035,192.168.3.105*,2,253,1,174,1,79
44:3D:54:BE:12:3C,ALL,udp:9884,192.168.3.1*,2,253,1,79,1,174
44:3D:54:BE:12:3C,ALL,udp:9884,192.168.3.105*,2,253,1,174,1,79
44:3D:54:BE:12:3C,ALL,udp:40936,192.168.3.1*,2,242,1,89,1,153
44:3D:54:BE:12:3C,ALL,udp:40936,192.168.3.105*,2,242,1,153,1,89
44:3D:54:BE:12:3C,ALL,udp:28555,192.168.3.1*,2,242,1,89,1,153
44:3D:54:BE:12:3C,ALL,udp:28555,192.168.3.105*,2,242,1,153,1,89
44:3D:54:BE:12:3C,ALL,udp:9480,192.168.3.1*,2,228,1,90,1,138
44:3D:54:BE:12:3C,ALL,udp:9480,192.168.3.105*,2,228,1,138,1,90
44:3D:54:BE:12:3C,ALL,udp:63769,192.168.3.1*,2,164,1,74,1,90
44:3D:54:BE:12:3C,ALL,udp:63769,192.168.3.105*,2,164,1,90,1,74
44:3D:54:BE:12:3C,ALL,udp:62544,192.168.3.1*,2,242,1,89,1,153
44:3D:54:BE:12:3C,ALL,udp:62544,192.168.3.105*,2,242,1,153,1,89
44:3D:54:BE:12:3C,ALL,udp:40935,192.168.3.1*,2,253,1,79,1,174
44:3D:54:BE:12:3C,ALL,udp:40935,192.168.3.105*,2,253,1,174,1,79
44:3D:54:BE:12:3C,ALL,udp:11385,192.168.3.1*,2,242,1,89,1,153
44:3D:54:BE:12:3C,ALL,udp:11385,192.168.3.105*,2,242,1,153,1,89
44:3D:54:BE:12:3C,ALL,udp:5295,192.168.3.1*,2,253,1,79,1,174
44:3D:54:BE:12:3C,ALL,udp:5295,192.168.3.105*,2,253,1,174,1,79
44:3D:54:BE:12:3C,ALL,udp:47489,192.168.3.1*,2,242,1,89,1,153
44:3D:54:BE:12:3C,ALL,udp:47489,192.168.3.105*,2,242,1,153,1,89
44:3D:54:BE:12:3C,ALL,udp:55511,192.168.3.1*,2,253,1,79,1,174
44:3D:54:BE:12:3C,ALL,udp:55511,192.168.3.105*,2,253,1,174,1,79
44:3D:54:BE:12:3C,ALL,udp:16919,192.168.3.1*,2,368,1,120,1,248
44:3D:54:BE:12:3C,ALL,udp:16919,192.168.3.105*,2,368,1,248,1,120
44:3D:54:BE:12:3C,ALL,udp:26012,192.168.3.1*,2,242,1,89,1,153
44:3D:54:BE:12:3C,ALL,udp:26012,192.168.3.105*,2,242,1,153,1,89
44:3D:54:BE:12:3C,ALL,udp:9686,192.168.3.1*,2,253,1,79,1,174
44:3D:54:BE:12:3C,ALL,udp:9686,192.168.3.105*,2,253,1,174,1,79
44:3D:54:BE:12:3C,ALL,udp:8636,192.168.3.1*,2,253,1,79,1,174
44:3D:54:BE:12:3C,ALL,udp:8636,192.168.3.105*,2,253,1,174,1,79
44:3D:54:BE:12:3C,ALL,udp:62865,192.168.3.1*,2,242,1,89,1,153
44:3D:54:BE:12:3C,ALL,udp:62865,192.168.3.105*,2,242,1,153,1,89
44:3D:54:BE:12:3C,ALL,udp:52622,192.168.3.1*,2,170,1,77,1,93
44:3D:54:BE:12:3C,ALL,udp:52622,192.168.3.105*,2,170,1,93,1,77
44:3D:54:BE:12:3C,ALL,udp:2262,192.168.3.1*,2,253,1,79,1,174
44:3D:54:BE:12:3C,ALL,udp:2262,192.168.3.105*,2,253,1,174,1,79
44:3D:54:BE:12:3C,ALL,udp:17713,192.168.3.1*,2,242,1,89,1,153
44:3D:54:BE:12:3C,ALL,udp:17713,192.168.3.105*,2,242,1,153,1,89
44:3D:54:BE:12:3C,ALL,udp:31469,192.168.3.1*,2,228,1,90,1,138
44:3D:54:BE:12:3C,ALL,udp:31469,192.168.3.105*,2,228,1,138,1,90
44:3D:54:BE:12:3C,ALL,udp:50195,192.168.3.1*,2,242,1,89,1,153
44:3D:54:BE:12:3C,ALL,udp:50195,192.168.3.105*,2,242,1,153,1,89
44:3D:54:BE:12:3C,ALL,udp:64553,192.168.3.1*,2,253,1,79,1,174
44:3D:54:BE:12:3C,ALL,udp:64553,192.168.3.105*,2,253,1,174,1,79
44:3D:54:BE:12:3C,ALL,udp:7922,192.168.3.1*,2,242,1,89,1,153
44:3D:54:BE:12:3C,ALL,udp:7922,192.168.3.105*,2,242,1,153,1,89
44:3D:54:BE:12:3C,ALL,udp:18982,192.168.3.1*,2,253,1,79,1,174
44:3D:54:BE:12:3C,ALL,udp:18982,192.168.3.105*,2,253,1,174,1,79
44:3D:54:BE:12:3C,ALL,udp:14278,192.168.3.1*,2,253,1,79,1,174
44:3D:54:BE:12:3C,ALL,udp:14278,192.168.3.105*,2,253,1,174,1,79
44:3D:54:BE:12:3C,ALL,udp:5257,192.168.3.1*,2,170,1,77,1,93
44:3D:54:BE:12:3C,ALL,udp:5257,192.168.3.105*,2,170,1,93,1,77
44:3D:54:BE:12:3C,ALL,udp:4844,192.168.3.1*,2,253,1,79,1,174
44:3D:54:BE:12:3C,ALL,udp:4844,192.168.3.105*,2,253,1,174,1,79
44:3D:54:BE:12:3C,ALL,udp:56746,192.168.3.1*,2,242,1,89,1,153
44:3D:54:BE:12:3C,ALL,udp:56746,192.168.3.105*,2,242,1,153,1,89
44:3D:54:BE:12:3C,ALL,udp:29533,192.168.3.1*,2,368,1,120,1,248
44:3D:54:BE:12:3C,ALL,udp:29533,192.168.3.105*,2,368,1,248,1,120
44:3D:54:BE:12:3C,ALL,udp:18520,192.168.3.1*,2,253,1,79,1,174
44:3D:54:BE:12:3C,ALL,udp:18520,192.168.3.105*,2,253,1,174,1,79
44:3D:54:BE:12:3C,ALL,udp:24655,192.168.3.1*,2,242,1,89,1,153
44:3D:54:BE:12:3C,ALL,udp:24655,192.168.3.105*,2,242,1,153,1,89
44:3D:54:BE:12:3C,ALL,udp:45782,192.168.3.1*,2,242,1,89,1,153
44:3D:54:BE:12:3C,ALL,udp:45782,192.168.3.105*,2,242,1,153,1,89
44:3D:54:BE:12:3C,ALL,udp:49369,192.168.3.1*,2,253,1,79,1,174
44:3D:54:BE:12:3C,ALL,udp:49369,192.168.3.105*,2,253,1,174,1,79
44:3D:54:BE:12:3C,ALL,udp:39164,192.168.3.1*,2,170,1,77,1,93
44:3D:54:BE:12:3C,ALL,udp:39164,192.168.3.105*,2,170,1,93,1,77
44:3D:54:BE:12:3C,ALL,udp:5409,192.168.3.1*,2,228,1,90,1,138
44:3D:54:BE:12:3C,ALL,udp:5409,192.168.3.105*,2,228,1,138,1,90
44:3D:54:BE:12:3C,ALL,udp:1160,192.168.3.1*,2,242,1,89,1,153
44:3D:54:BE:12:3C,ALL,udp:1160,192.168.3.105*,2,242,1,153,1,89
44:3D:54:BE:12:3C,ALL,udp:54408,192.168.3.1*,2,164,1,74,1,90
44:3D:54:BE:12:3C,ALL,udp:54408,192.168.3.105*,2,164,1,90,1,74
44:3D:54:BE:12:3C,ALL,udp:39779,192.168.3.1*,2,253,1,79,1,174
44:3D:54:BE:12:3C,ALL,udp:39779,192.168.3.105*,2,253,1,174,1,79
44:3D:54:BE:12:3C,ALL,udp:44510,192.168.3.1*,2,242,1,89,1,153
44:3D:54:BE:12:3C,ALL,udp:44510,192.168.3.105*,2,242,1,153,1,89
44:3D:54:BE:12:3C,ALL,udp:2238,192.168.3.1*,2,253,1,79,1,174
44:3D:54:BE:12:3C,ALL,udp:2238,192.168.3.105*,2,253,1,174,1,79
44:3D:54:BE:12:3C,ALL,udp:1582,192.168.3.1*,2,242,1,89,1,153
44:3D:54:BE:12:3C,ALL,udp:1582,192.168.3.105*,2,242,1,153,1,89
44:3D:54:BE:12:3C,ALL,udp:48957,192.168.3.1*,2,170,1,77,1,93
44:3D:54:BE:12:3C,ALL,udp:48957,192.168.3.105*,2,170,1,93,1,77
44:3D:54:BE:12:3C,ALL,udp:50066,192.168.3.1*,2,253,1,79,1,174
44:3D:54:BE:12:3C,ALL,udp:50066,192.168.3.105*,2,253,1,174,1,79
44:3D:54:BE:12:3C,ALL,udp:59560,192.168.3.1*,2,253,1,79,1,174
44:3D:54:BE:12:3C,ALL,udp:59560,192.168.3.105*,2,253,1,174,1,79
44:3D:54:BE:12:3C,ALL,udp:8322,192.168.3.1*,2,242,1,89,1,153
44:3D:54:BE:12:3C,ALL,udp:8322,192.168.3.105*,2,242,1,153,1,89
44:3D:54:BE:12:3C,ALL,udp:7377,192.168.3.1*,2,253,1,79,1,174
44:3D:54:BE:12:3C,ALL,udp:7377,192.168.3.105*,2,253,1,174,1,79
44:3D:54:BE:12:3C,ALL,udp:35761,192.168.3.1*,2,253,1,79,1,174
44:3D:54:BE:12:3C,ALL,udp:35761,192.168.3.105*,2,253,1,174,1,79
44:3D:54:BE:12:3C,ALL,udp:57129,192.168.3.1*,2,368,1,120,1,248
44:3D:54:BE:12:3C,ALL,udp:57129,192.168.3.105*,2,368,1,248,1,120
44:3D:54:BE:12:3C,ALL,udp:63773,192.168.3.1*,2,242,1,89,1,153
44:3D:54:BE:12:3C,ALL,udp:63773,192.168.3.105*,2,242,1,153,1,89
44:3D:54:BE:12:3C,ALL,udp:6279,192.168.3.1*,2,242,1,89,1,153
44:3D:54:BE:12:3C,ALL,udp:6279,192.168.3.105*,2,242,1,153,1,89
44:3D:54:BE:12:3C,ALL,udp:19371,192.168.3.1*,2,170,1,77,1,93
44:3D:54:BE:12:3C,ALL,udp:19371,192.168.3.105*,2,170,1,93,1,77
44:3D:54:BE:12:3C,ALL,udp:57844,192.168.3.1*,2,253,1,79,1,174
44:3D:54:BE:12:3C,ALL,udp:57844,192.168.3.105*,2,253,1,174,1,79
44:3D:54:BE:12:3C,ALL,udp:42195,192.168.3.1*,2,242,1,89,1,153
44:3D:54:BE:12:3C,ALL,udp:42195,192.168.3.105*,2,242,1,153,1,89
44:3D:54:BE:12:3C,ALL,udp:25304,192.168.3.1*,2,253,1,79,1,174
44:3D:54:BE:12:3C,ALL,udp:25304,192.168.3.105*,2,253,1,174,1,79
44:3D:54:BE:12:3C,ALL,udp:16046,192.168.3.1*,2,253,1,79,1,174
44:3D:54:BE:12:3C,ALL,udp:16046,192.168.3.105*,2,253,1,174,1,79
44:3D:54:BE:12:3C,ALL,udp:31192,192.168.3.1*,2,253,1,79,1,174
44:3D:54:BE:12:3C,ALL,udp:31192,192.168.3.105*,2,253,1,174,1,79
44:3D:54:BE:12:3C,ALL,udp:32376,192.168.3.1*,2,242,1,89,1,153
44:3D:54:BE:12:3C,ALL,udp:32376,192.168.3.105*,2,242,1,153,1,89
44:3D:54:BE:12:3C,ALL,udp:62958,192.168.3.1*,2,242,1,89,1,153
44:3D:54:BE:12:3C,ALL,udp:62958,192.168.3.105*,2,242,1,153,1,89
44:3D:54:BE:12:3C,ALL,udp:36304,192.168.3.1*,2,170,1,77,1,93
44:3D:54:BE:12:3C,ALL,udp:36304,192.168.3.105*,2,170,1,93,1,77
44:3D:54:BE:12:3C,ALL,udp:33458,192.168.3.1*,2,242,1,89,1,153
44:3D:54:BE:12:3C,ALL,udp:33458,192.168.3.105*,2,242,1,153,1,89
44:3D:54:BE:12:3C,ALL,udp:28228,192.168.3.1*,2,253,1,79,1,174
44:3D:54:BE:12:3C,ALL,udp:28228,192.168.3.105*,2,253,1,174,1,79
44:3D:54:BE:12:3C,ALL,udp:1324,192.168.3.1*,2,253,1,79,1,174
44:3D:54:BE:12:3C,ALL,udp:1324,192.168.3.105*,2,253,1,174,1,79
44:3D:54:BE:12:3C,ALL,udp:35256,192.168.3.1*,2,368,1,120,1,248
44:3D:54:BE:12:3C,ALL,udp:35256,192.168.3.105*,2,368,1,248,1,120
44:3D:54:BE:12:3C,ALL,udp:50027,192.168.3.1,2,242,1,89,1,153
44:3D:54:BE:12:3C,ALL,udp:50027,239.255.255.250,3,411,3,411,0,0
44:3D:54:BE:12:3C,ALL,udp:50027,255.255.255.255,24,1704,24,1704,0,0
44:3D:54:BE:12:3C,ALL,udp:63688,192.168.3.1*,2,253,1,79,1,174
44:3D:54:BE:12:3C,ALL,udp:63688,192.168.3.105*,2,253,1,174,1,79
44:3D:54:BE:12:3C,ALL,udp:10347,192.168.3.1*,2,242,1,89,1,153
44:3D:54:BE:12:3C,ALL,udp:10347,192.168.3.105*,2,242,1,153,1,89
44:3D:54:BE:12:3C,ALL,udp:28184,192.168.3.1*,2,170,1,77,1,93
44:3D:54:BE:12:3C,ALL,udp:28184,192.168.3.105*,2,170,1,93,1,77
44:3D:54:BE:12:3C,ALL,udp:63400,192.168.3.1*,2,242,1,89,1,153
44:3D:54:BE:12:3C,ALL,udp:63400,192.168.3.105*,2,242,1,153,1,89
44:3D:54:BE:12:3C,ALL,udp:48976,192.168.3.1*,2,164,1,74,1,90
44:3D:54:BE:12:3C,ALL,udp:48976,192.168.3.105*,2,164,1,90,1,74
44:3D:54:BE:12:3C,ALL,udp:42916,192.168.3.1*,2,253,1,79,1,174
44:3D:54:BE:12:3C,ALL,udp:42916,192.168.3.105*,2,253,1,174,1,79
44:3D:54:BE:12:3C,ALL,udp:48915,192.168.3.1*,2,242,1,89,1,153
44:3D:54:BE:12:3C,ALL,udp:48915,192.168.3.105*,2,242,1,153,1,89
44:3D:54:BE:12:3C,ALL,udp:49904,192.168.3.1*,2,253,1,79,1,174
44:3D:54:BE:12:3C,ALL,udp:49904,192.168.3.105*,2,253,1,174,1,79
44:3D:54:BE:12:3C,ALL,udp:61528,192.168.3.1*,2,253,1,79,1,174
44:3D:54:BE:12:3C,ALL,udp:61528,192.168.3.105*,2,253,1,174,1,79
44:3D:54:BE:12:3C,ALL,udp:54605,192.168.3.1*,2,170,1,77,1,93
44:3D:54:BE:12:3C,ALL,udp:54605,192.168.3.105*,2,170,1,93,1,77
44:3D:54:BE:12:3C,ALL,udp:16583,192.168.3.1*,2,253,1,79,1,174
44:3D:54:BE:12:3C,ALL,udp:16583,192.168.3.105*,2,253,1,174,1,79
44:3D:54:BE:12:3C,ALL,udp:1687,192.168.3.1*,2,242,1,89,1,153
44:3D:54:BE:12:3C,ALL,udp:1687,192.168.3.105*,2,242,1,153,1,89
44:3D:54:BE:12:3C,ALL,udp:34603,192.168.3.1*,2,368,1,120,1,248
44:3D:54:BE:12:3C,ALL,udp:34603,192.168.3.105*,2,368,1,248,1,120
44:3D:54:BE:12:3C,ALL,udp:64219,192.168.3.1*,2,242,1,89,1,153
44:3D:54:BE:12:3C,ALL,udp:64219,192.168.3.105*,2,242,1,153,1,89
44:3D:54:BE:12:3C,ALL,udp:43112,192.168.3.1*,2,253,1,79,1,174
44:3D:54:BE:12:3C,ALL,udp:43112,192.168.3.105*,2,253,1,174,1,79
44:3D:54:BE:12:3C,ALL,udp:27908,192.168.3.1*,2,253,1,79,1,174
44:3D:54:BE:12:3C,ALL,udp:27908,192.168.3.105*,2,253,1,174,1,79
44:3D:54:BE:12:3C,ALL,udp:29809,192.168.3.1*,2,228,1,90,1,138
44:3D:54:BE:12:3C,ALL,udp:29809,192.168.3.105*,2,228,1,138,1,90
44:3D:54:BE:12:3C,ALL,udp:25228,192.168.3.1*,2,170,1,77,1,93
44:3D:54:BE:12:3C,ALL,udp:25228,192.168.3.105*,2,170,1,93,1,77
44:3D:54:BE:12:3C,ALL,udp:34265,192.168.3.1*,2,242,1,89,1,153
44:3D:54:BE:12:3C,ALL,udp:34265,192.168.3.105*,2,242,1,153,1,89
44:3D:54:BE:12:3C,ALL,udp:53288,192.168.3.1*,2,253,1,79,1,174
44:3D:54:BE:12:3C,ALL,udp:53288,192.168.3.105*,2,253,1,174,1,79
44:3D:54:BE:12:3C,ALL,udp:18254,192.168.3.1*,2,242,1,89,1,153
44:3D:54:BE:12:3C,ALL,udp:18254,192.168.3.105*,2,242,1,153,1,89
44:3D:54:BE:12:3C,ALL,udp:12561,192.168.3.1*,2,253,1,79,1,174
44:3D:54:BE:12:3C,ALL,udp:12561,192.168.3.105*,2,253,1,174,1,79
44:3D:54:BE:12:3C,ALL,udp:33678,192.168.3.1*,2,253,1,79,1,174
44:3D:54:BE:12:3C,ALL,udp:33678,192.168.3.105*,2,253,1,174,1,79
44:3D:54:BE:12:3C,ALL,udp:42404,192.168.3.1*,2,242,1,89,1,153
44:3D:54:BE:12:3C,ALL,udp:42404,192.168.3.105*,2,242,1,153,1,89
44:3D:54:BE:12:3C,ALL,udp:53267,192.168.3.1*,2,253,1,79,1,174
44:3D:54:BE:12:3C,ALL,udp:53267,192.168.3.105*,2,253,1,174,1,79
44:3D:54:BE:12:3C,ALL,udp:54078,192.168.3.1*,2,170,1,77,1,93
44:3D:54:BE:12:3C,ALL,udp:54078,192.168.3.105*,2,170,1,93,1,77
44:3D:54:BE:12:3C,ALL,udp:41818,192.168.3.1*,2,253,1,79,1,174
44:3D:54:BE:12:3C,ALL,udp:41818,192.168.3.105*,2,253,1,174,1,79
44:3D:54:BE:12:3C,ALL,udp:27989,192.168.3.1*,2,242,1,89,1,153
44:3D:54:BE:12:3C,ALL,udp:27989,192.168.3.105*,2,242,1,153,1,89
44:3D:54:BE:12:3C,ALL,udp:48798,192.168.3.1*,2,253,1,79,1,174
44:3D:54:BE:12:3C,ALL,udp:48798,192.168.3.105*,2,253,1,174,1,79
44:3D:54:BE:12:3C,ALL,udp:58986,192.168.3.1*,2,368,1,120,1,248
44:3D:54:BE:12:3C,ALL,udp:58986,192.168.3.105*,2,368,1,248,1,120
44:3D:54:BE:12:3C,ALL,udp:65050,192.168.3.1*,2,242,1,89,1,153
44:3D:54:BE:12:3C,ALL,udp:65050,192.168.3.105*,2,242,1,153,1,89
44:3D:54:BE:12:3C,ALL,udp:31768,192.168.3.1*,2,253,1,79,1,174
44:3D:54:BE:12:3C,ALL,udp:31768,192.168.3.105*,2,253,1,174,1,79
44:3D:54:BE:12:3C,ALL,udp:26458,192.168.3.1*,2,253,1,79,1,174
44:3D:54:BE:12:3C,ALL,udp:26458,192.168.3.105*,2,253,1,174,1,79
44:3D:54:BE:12:3C,ALL,udp:31095,192.168.3.1*,2,242,1,89,1,153
44:3D:54:BE:12:3C,ALL,udp:31095,192.168.3.105*,2,242,1,153,1,89
44:3D:54:BE:12:3C,ALL,udp:40625,192.168.3.1*,2,228,1,90,1,138
44:3D:54:BE:12:3C,ALL,udp:40625,192.168.3.105*,2,228,1,138,1,90
44:3D:54:BE:12:3C,ALL,udp:55883,192.168.3.1*,2,170,1,77,1,93
44:3D:54:BE:12:3C,ALL,udp:55883,192.168.3.105*,2,170,1,93,1,77
44:3D:54:BE:12:3C,ALL,udp:6504,192.168.3.1*,2,401,1,86,1,315
44:3D:54:BE:12:3C,ALL,udp:6504,192.168.3.105*,2,401,1,315,1,86
44:3D:54:BE:12:3C,ALL,udp:15513,192.168.3.1*,2,164,1,74,1,90
44:3D:54:BE:12:3C,ALL,udp:15513,192.168.3.105*,2,164,1,90,1,74
44:3D:54:BE:12:3C,ALL,udp:29606,192.168.3.1*,2,242,1,89,1,153
44:3D:54:BE:12:3C,ALL,udp:29606,192.168.3.105*,2,242,1,153,1,89
44:3D:54:BE:12:3C,ALL,udp:9411,192.168.3.1*,2,253,1,79,1,174
44:3D:54:BE:12:3C,ALL,udp:9411,192.168.3.105*,2,253,1,174,1,79
44:3D:54:BE:12:3C,ALL,udp:43217,192.168.3.1*,2,242,1,89,1,153
44:3D:54:BE:12:3C,ALL,udp:43217,192.168.3.105*,2,242,1,153,1,89
44:3D:54:BE:12:3C,ALL,udp:6378,192.168.3.1*,2,242,1,89,1,153
44:3D:54:BE:12:3C,ALL,udp:6378,192.168.3.105*,2,242,1,153,1,89
44:3D:54:BE:12:3C,ALL,udp:17677,192.168.3.1*,2,170,1,77,1,93
44:3D:54:BE:12:3C,ALL,udp:17677,192.168.3.105*,2,170,1,93,1,77
44:3D:54:BE:12:3C,ALL,udp:45423,192.168.3.1*,2,253,1,79,1,174
44:3D:54:BE:12:3C,ALL,udp:45423,192.168.3.105*,2,253,1,174,1,79
44:3D:54:BE:12:3C,ALL,udp:41665,192.168.3.1*,2,242,1,89,1,153
44:3D:54:BE:12:3C,ALL,udp:41665,192.168.3.105*,2,242,1,153,1,89
44:3D:54:BE:12:3C,ALL,udp:8557,192.168.3.1*,2,242,1,89,1,153
44:3D:54:BE:12:3C,ALL,udp:8557,192.168.3.105*,2,242,1,153,1,89
44:3D:54:BE:12:3C,ALL,udp:10994,192.168.3.1*,2,253,1,79,1,174
44:3D:54:BE:12:3C,ALL,udp:10994,192.168.3.105*,2,253,1,174,1,79
44:3D:54:BE:12:3C,ALL,udp:53992,192.168.3.1*,2,228,1,90,1,138
44:3D:54:BE:12:3C,ALL,udp:53992,192.168.3.105*,2,228,1,138,1,90
44:3D:54:BE:12:3C,ALL,udp:43837,192.168.3.1*,2,242,1,89,1,153
44:3D:54:BE:12:3C,ALL,udp:43837,192.168.3.105*,2,242,1,153,1,89
44:3D:54:BE:12:3C,ALL,udp:65358,192.168.3.1*,2,170,1,77,1,93
44:3D:54:BE:12:3C,ALL,udp:65358,192.168.3.105*,2,170,1,93,1,77
44:3D:54:BE:12:3C,ALL,udp:5826,192.168.3.1*,2,253,1,79,1,174
44:3D:54:BE:12:3C,ALL,udp:5826,192.168.3.105*,2,253,1,174,1,79
44:3D:54:BE:12:3C,ALL,udp:17098,192.168.3.1*,2,253,1,79,1,174
44:3D:54:BE:12:3C,ALL,udp:17098,192.168.3.105*,2,253,1,174,1,79
44:3D:54:BE:12:3C,ALL,udp:59101,192.168.3.1*,2,253,1,79,1,174
44:3D:54:BE:12:3C,ALL,udp:59101,192.168.3.105*,2,253,1,174,1,79
44:3D:54:BE:12:3C,ALL,udp:63983,192.168.3.1*,2,242,1,89,1,153
44:3D:54:BE:12:3C,ALL,udp:63983,192.168.3.105*,2,242,1,153,1,89
44:3D:54:BE:12:3C,ALL,udp:11582,192.168.3.1*,2,253,1,79,1,174
44:3D:54:BE:12:3C,ALL,udp:11582,192.168.3.105*,2,253,1,174,1,79
44:3D:54:BE:12:3C,ALL,udp:26397,192.168.3.1*,2,242,1,89,1,153
44:3D:54:BE:12:3C,ALL,udp:26397,192.168.3.105*,2,242,1,153,1,89
44:3D:54:BE:12:3C,ALL,udp:18288,192.168.3.1*,2,253,1,79,1,174
44:3D:54:BE:12:3C,ALL,udp:18288,192.168.3.105*,2,253,1,174,1,79
44:3D:54:BE:12:3C,ALL,udp:14060,192.168.3.1*,2,253,1,79,1,174
44:3D:54:BE:12:3C,ALL,udp:14060,192.168.3.105*,2,253,1,174,1,79
44:3D:54:BE:12:3C,ALL,udp:44942,192.168.3.1*,2,170,1,77,1,93
44:3D:54:BE:12:3C,ALL,udp:44942,192.168.3.105*,2,170,1,93,1,77
44:3D:54:BE:12:3C,ALL,udp:39070,192.168.3.1*,2,253,1,79,1,174
44:3D:54:BE:12:3C,ALL,udp:39070,192.168.3.105*,2,253,1,174,1,79
44:3D:54:BE:12:3C,ALL,udp:7637,192.168.3.1*,2,242,1,89,1,153
44:3D:54:BE:12:3C,ALL,udp:7637,192.168.3.105*,2,242,1,153,1,89
44:3D:54:BE:12:3C,ALL,udp:51879,192.168.3.1*,2,253,1,79,1,174
44:3D:54:BE:12:3C,ALL,udp:51879,192.168.3.105*,2,253,1,174,1,79
44:3D:54:BE:12:3C,ALL,udp:52595,192.168.3.1*,2,164,1,74,1,90
44:3D:54:BE:12:3C,ALL,udp:52595,192.168.3.105*,2,164,1,90,1,74
44:3D:54:BE:12:3C,ALL,udp:58874,192.168.3.1*,2,368,1,120,1,248
44:3D:54:BE:12:3C,ALL,udp:58874,192.168.3.105*,2,368,1,248,1,120
44:3D:54:BE:12:3C,ALL,udp:33866,192.168.3.1*,2,242,1,89,1,153
44:3D:54:BE:12:3C,ALL,udp:33866,192.168.3.105*,2,242,1,153,1,89
44:3D:54:BE:12:3C,ALL,udp:6166,192.168.3.1*,2,253,1,79,1,174
44:3D:54:BE:12:3C,ALL,udp:6166,192.168.3.105*,2,253,1,174,1,79
44:3D:54:BE:12:3C,ALL,udp:33521,192.168.3.1*,2,228,1,90,1,138
44:3D:54:BE:12:3C,ALL,udp:33521,192.168.3.105*,2,228,1,138,1,90
44:3D:54:BE:12:3C,ALL,udp:20408,192.168.3.1*,2,253,1,79,1,174
44:3D:54:BE:12:3C,ALL,udp:20408,192.168.3.105*,2,253,1,174,1,79
44:3D:54:BE:12:3C,ALL,udp:16660,192.168.3.1*,2,242,1,89,1,153
44:3D:54:BE:12:3C,ALL,udp:16660,192.168.3.105*,2,242,1,153,1,89
44:3D:54:BE:12:3C,ALL,udp:59232,192.168.3.1*,2,253,1,79,1,174
44:3D:54:BE:12:3C,ALL,udp:59232,192.168.3.105*,2,253,1,174,1,79
44:3D:54:BE:12:3C,ALL,udp:42203,192.168.3.1*,2,170,1,77,1,93
44:3D:54:BE:12:3C,ALL,udp:42203,192.168.3.105*,2,170,1,93,1,77
44:3D:54:BE:12:3C,ALL,udp:42358,192.168.3.1*,2,164,1,74,1,90
44:3D:54:BE:12:3C,ALL,udp:42358,192.168.3.105*,2,164,1,90,1,74
44:3D:54:BE:12:3C,ALL,udp:25450,192.168.3.1*,2,242,1,89,1,153
44:3D:54:BE:12:3C,ALL,udp:25450,192.168.3.105*,2,242,1,153,1,89
44:3D:54:BE:12:3C,ALL,udp:54474,192.168.3.1*,2,242,1,89,1,153
44:3D:54:BE:12:3C,ALL,udp:54474,192.168.3.105*,2,242,1,153,1,89
44:3D:54:BE:12:3C,ALL,udp:14648,192.168.3.1*,2,242,1,89,1,153
44:3D:54:BE:12:3C,ALL,udp:14648,192.168.3.105*,2,242,1,153,1,89
44:3D:54:BE:12:3C,ALL,udp:21862,192.168.3.1*,2,253,1,79,1,174
44:3D:54:BE:12:3C,ALL,udp:21862,192.168.3.105*,2,253,1,174,1,79
44:3D:54:BE:12:3C,ALL,udp:16435,192.168.3.1*,2,170,1,77,1,93
44:3D:54:BE:12:3C,ALL,udp:16435,192.168.3.105*,2,170,1,93,1,77
44:3D:54:BE:12:3C,ALL,udp:49746,192.168.3.1*,2,253,1,79,1,174
44:3D:54:BE:12:3C,ALL,udp:49746,192.168.3.105*,2,253,1,174,1,79
44:3D:54:BE:12:3C,ALL,udp:38008,192.168.3.1*,2,242,1,89,1,153
44:3D:54:BE:12:3C,ALL,udp:38008,192.168.3.105*,2,242,1,153,1,89
44:3D:54:BE:12:3C,ALL,udp:15911,192.168.3.1*,2,253,1,79,1,174
44:3D:54:BE:12:3C,ALL,udp:15911,192.168.3.105*,2,253,1,174,1,79
44:3D:54:BE:12:3C,ALL,udp:21461,192.168.3.1*,2,368,1,120,1,248
44:3D:54:BE:12:3C,ALL,udp:21461,192.168.3.105*,2,368,1,248,1,120
44:3D:54:BE:12:3C,ALL,udp:12991,192.168.3.1*,2,242,1,89,1,153
44:3D:54:BE:12:3C,ALL,udp:12991,192.168.3.105*,2,242,1,153,1,89
44:3D:54:BE:12:3C,ALL,udp:44322,192.168.3.1*,2,228,1,90,1,138
44:3D:54:BE:12:3C,ALL,udp:44322,192.168.3.105*,2,228,1,138,1,90
44:3D:54:BE:12:3C,ALL,udp:59159,192.168.3.1*,2,242,1,89,1,153
44:3D:54:BE:12:3C,ALL,udp:59159,192.168.3.105*,2,242,1,153,1,89
44:3D:54:BE:12:3C,ALL,udp:11261,192.168.3.1*,2,253,1,79,1,174
44:3D:54:BE:12:3C,ALL,udp:11261,192.168.3.105*,2,253,1,174,1,79
44:3D:54:BE:12:3C,ALL,udp:41065,192.168.3.1*,2,242,1,89,1,153
44:3D:54:BE:12:3C,ALL,udp:41065,192.168.3.105*,2,242,1,153,1,89
44:3D:54:BE:12:3C,ALL,udp:39017,192.168.3.1*,2,164,1,74,1,90
44:3D:54:BE:12:3C,ALL,udp:39017,192.168.3.105*,2,164,1,90,1,74
44:3D:54:BE:12:3C,ALL,udp:7752,192.168.3.1*,2,253,1,79,1,174
44:3D:54:BE:12:3C,ALL,udp:7752,192.168.3.105*,2,253,1,174,1,79
44:3D:54:BE:12:3C,ALL,udp:17465,192.168.3.1*,2,242,1,89,1,153
44:3D:54:BE:12:3C,ALL,udp:17465,192.168.3.105*,2,242,1,153,1,89
44:3D:54:BE:12:3C,ALL,udp:1564,192.168.3.1*,2,253,1,79,1,174
44:3D:54:BE:12:3C,ALL,udp:1564,192.168.3.105*,2,253,1,174,1,79
44:3D:54:BE:12:3C,ALL,udp:63299,192.168.3.1*,2,242,1,89,1,153
44:3D:54:BE:12:3C,ALL,udp:63299,192.168.3.105*,2,242,1,153,1,89
44:3D:54:BE:12:3C,ALL,udp:64576,192.168.3.1*,2,170,1,77,1,93
44:3D:54:BE:12:3C,ALL,udp:64576,192.168.3.105*,2,170,1,93,1,77
44:3D:54:BE:12:3C,ALL,udp:3133,192.168.3.1*,2,253,1,79,1,174
44:3D:54:BE:12:3C,ALL,udp:3133,192.168.3.105*,2,253,1,174,1,79
44:3D:54:BE:12:3C,ALL,udp:14791,192.168.3.1*,2,253,1,79,1,174
44:3D:54:BE:12:3C,ALL,udp:14791,192.168.3.105*,2,253,1,174,1,79
44:3D:54:BE:12:3C,ALL,udp:21907,192.168.3.1*,2,242,1,89,1,153
44:3D:54:BE:12:3C,ALL,udp:21907,192.168.3.105*,2,242,1,153,1,89
44:3D:54:BE:12:3C,ALL,udp:60924,192.168.3.1*,2,368,1,120,1,248
44:3D:54:BE:12:3C,ALL,udp:60924,192.168.3.105*,2,368,1,248,1,120
44:3D:54:BE:12:3C,ALL,udp:53117,192.168.3.1*,2,242,1,89,1,153
44:3D:54:BE:12:3C,ALL,udp:53117,192.168.3.105*,2,242,1,153,1,89
44:3D:54:BE:12:3C,ALL,udp:1969,192.168.3.1*,2,228,1,90,1,138
44:3D:54:BE:12:3C,ALL,udp:1969,192.168.3.105*,2,228,1,138,1,90
44:3D:54:BE:12:3C,ALL,udp:7449,192.168.3.1*,2,242,1,89,1,153
44:3D:54:BE:12:3C,ALL,udp:7449,192.168.3.105*,2,242,1,153,1,89
44:3D:54:BE:12:3C,ALL,udp:3398,192.168.3.1*,2,164,1,74,1,90
44:3D:54:BE:12:3C,ALL,udp:3398,192.168.3.105*,2,164,1,90,1,74
44:3D:54:BE:12:3C,ALL,udp:29603,192.168.3.1*,2,170,1,77,1,93
44:3D:54:BE:12:3C,ALL,udp:29603,192.168.3.105*,2,170,1,93,1,77
44:3D:54:BE:12:3C,ALL,udp:37913,192.168.3.1*,2,253,1,79,1,174
44:3D:54:BE:12:3C,ALL,udp:37913,192.168.3.105*,2,253,1,174,1,79
44:3D:54:BE:12:3C,ALL,udp:56525,192.168.3.1*,2,242,1,89,1,153
44:3D:54:BE:12:3C,ALL,udp:56525,192.168.3.105*,2,242,1,153,1,89
44:3D:54:BE:12:3C,ALL,udp:11020,192.168.3.1*,2,242,1,89,1,153
44:3D:54:BE:12:3C,ALL,udp:11020,192.168.3.105*,2,242,1,153,1,89
44:3D:54:BE:12:3C,ALL,udp:27408,192.168.3.1*,2,253,1,79,1,174
44:3D:54:BE:12:3C,ALL,udp:27408,192.168.3.105*,2,253,1,174,1,79
44:3D:54:BE:12:3C,ALL,udp:55379,192.168.3.1*,2,242,1,89,1,153
44:3D:54:BE:12:3C,ALL,udp:55379,192.168.3.105*,2,242,1,153,1,89
44:3D:54:BE:12:3C,ALL,udp:47855,192.168.3.1*,2,170,1,77,1,93
44:3D:54:BE:12:3C,ALL,udp:47855,192.168.3.105*,2,170,1,93,1,77
44:3D:54:BE:12:3C,ALL,udp:20317,192.168.3.1*,2,253,1,79,1,174
44:3D:54:BE:12:3C,ALL,udp:20317,192.168.3.105*,2,253,1,174,1,79
44:3D:54:BE:12:3C,ALL,udp:61406,192.168.3.1*,2,368,1,120,1,248
44:3D:54:BE:12:3C,ALL,udp:61406,192.168.3.105*,2,368,1,248,1,120
44:3D:54:BE:12:3C,ALL,udp:62614,192.168.3.1*,2,242,1,89,1,153
44:3D:54:BE:12:3C,ALL,udp:62614,192.168.3.105*,2,242,1,153,1,89
44:3D:54:BE:12:3C,ALL,udp:64663,192.168.3.1*,2,228,1,90,1,138
44:3D:54:BE:12:3C,ALL,udp:64663,192.168.3.105*,2,228,1,138,1,90
44:3D:54:BE:12:3C,ALL,udp:23046,192.168.3.1*,2,253,1,79,1,174
44:3D:54:BE:12:3C,ALL,udp:23046,192.168.3.105*,2,253,1,174,1,79
44:3D:54:BE:12:3C,ALL,udp:16656,192.168.3.1*,2,253,1,79,1,174
44:3D:54:BE:12:3C,ALL,udp:16656,192.168.3.105*,2,253,1,174,1,79
44:3D:54:BE:12:3C,ALL,udp:23079,192.168.3.1*,2,242,1,89,1,153
44:3D:54:BE:12:3C,ALL,udp:23079,192.168.3.105*,2,242,1,153,1,89
44:3D:54:BE:12:3C,ALL,udp:65192,192.168.3.1*,2,170,1,77,1,93
44:3D:54:BE:12:3C,ALL,udp:65192,192.168.3.105*,2,170,1,93,1,77
44:3D:54:BE:12:3C,ALL,udp:31619,192.168.3.1*,2,242,1,89,1,153
44:3D:54:BE:12:3C,ALL,udp:31619,192.168.3.105*,2,242,1,153,1,89
44:3D:54:BE:12:3C,ALL,udp:13074,192.168.3.1*,2,253,1,79,1,174
44:3D:54:BE:12:3C,ALL,udp:13074,192.168.3.105*,2,253,1,174,1,79
44:3D:54:BE:12:3C,ALL,udp:19766,192.168.3.1*,2,253,1,79,1,174
44:3D:54:BE:12:3C,ALL,udp:19766,192.168.3.105*,2,253,1,174,1,79
44:3D:54:BE:12:3C,ALL,udp:41230,192.168.3.1*,2,253,1,79,1,174
44:3D:54:BE:12:3C,ALL,udp:41230,192.168.3.105*,2,253,1,174,1,79
44:3D:54:BE:12:3C,ALL,udp:5840,192.168.3.1*,2,242,1,89,1,153
44:3D:54:BE:12:3C,ALL,udp:5840,192.168.3.105*,2,242,1,153,1,89
44:3D:54:BE:12:3C,ALL,udp:23908,192.168.3.1*,2,170,1,77,1,93
44:3D:54:BE:12:3C,ALL,udp:23908,192.168.3.105*,2,170,1,93,1,77
44:3D:54:BE:12:3C,ALL,udp:20876,192.168.3.1*,2,253,1,79,1,174
44:3D:54:BE:12:3C,ALL,udp:20876,192.168.3.105*,2,253,1,174,1,79
44:3D:54:BE:12:3C,ALL,udp:56052,192.168.3.1*,2,242,1,89,1,153
44:3D:54:BE:12:3C,ALL,udp:56052,192.168.3.105*,2,242,1,153,1,89
44:3D:54:BE:12:3C,ALL,udp:13629,192.168.3.1*,2,253,1,79,1,174
44:3D:54:BE:12:3C,ALL,udp:13629,192.168.3.105*,2,253,1,174,1,79
44:3D:54:BE:12:3C,ALL,udp:16388,192.168.3.1*,2,368,1,120,1,248
44:3D:54:BE:12:3C,ALL,udp:16388,192.168.3.105*,2,368,1,248,1,120
44:3D:54:BE:12:3C,ALL,udp:26236,192.168.3.1*,2,242,1,89,1,153
44:3D:54:BE:12:3C,ALL,udp:26236,192.168.3.105*,2,242,1,153,1,89
44:3D:54:BE:12:3C,ALL,udp:10335,192.168.3.1*,2,253,1,79,1,174
44:3D:54:BE:12:3C,ALL,udp:10335,192.168.3.105*,2,253,1,174,1,79
44:3D:54:BE:12:3C,ALL,udp:58913,192.168.3.1*,2,164,1,74,1,90
44:3D:54:BE:12:3C,ALL,udp:58913,192.168.3.105*,2,164,1,90,1,74
44:3D:54:BE:12:3C,ALL,udp:34683,192.168.3.1*,2,242,1,89,1,153
44:3D:54:BE:12:3C,ALL,udp:34683,192.168.3.105*,2,242,1,153,1,89
44:3D:54:BE:12:3C,ALL,udp:38405,192.168.3.1*,2,170,1,77,1,93
44:3D:54:BE:12:3C,ALL,udp:38405,192.168.3.105*,2,170,1,93,1,77
44:3D:54:BE:12:3C,ALL,udp:29068,192.168.3.1*,2,253,1,79,1,174
44:3D:54:BE:12:3C,ALL,udp:29068,192.168.3.105*,2,253,1,174,1,79
44:3D:54:BE:12:3C,ALL,udp:26343,192.168.3.1*,2,242,1,89,1,153
44:3D:54:BE:12:3C,ALL,udp:26343,192.168.3.105*,2,242,1,153,1,89
44:3D:54:BE:12:3C,ALL,udp:26213,192.168.3.1*,2,253,1,79,1,174
44:3D:54:BE:12:3C,ALL,udp:26213,192.168.3.105*,2,253,1,174,1,79
44:3D:54:BE:12:3C,ALL,udp:46167,192.168.3.1*,2,242,1,89,1,153
44:3D:54:BE:12:3C,ALL,udp:46167,192.168.3.105*,2,242,1,153,1,89
44:3D:54:BE:12:3C,ALL,udp:64073,192.168.3.1*,2,253,1,79,1,174
44:3D:54:BE:12:3C,ALL,udp:64073,192.168.3.105*,2,253,1,174,1,79
44:3D:54:BE:12:3C,ALL,udp:63140,192.168.3.1*,2,253,1,79,1,174
44:3D:54:BE:12:3C,ALL,udp:63140,192.168.3.105*,2,253,1,174,1,79
44:3D:54:BE:12:3C,ALL,udp:9722,192.168.3.1*,2,242,1,89,1,153
44:3D:54:BE:12:3C,ALL,udp:9722,192.168.3.105*,2,242,1,153,1,89
44:3D:54:BE:12:3C,ALL,udp:25092,192.168.3.1*,2,170,1,77,1,93
44:3D:54:BE:12:3C,ALL,udp:25092,192.168.3.105*,2,170,1,93,1,77
44:3D:54:BE:12:3C,ALL,udp:38655,192.168.3.1*,2,253,1,79,1,174
44:3D:54:BE:12:3C,ALL,udp:38655,192.168.3.105*,2,253,1,174,1,79
44:3D:54:BE:12:3C,ALL,udp:63239,192.168.3.1*,2,253,1,79,1,174
44:3D:54:BE:12:3C,ALL,udp:63239,192.168.3.105*,2,253,1,174,1,79
44:3D:54:BE:12:3C,ALL,udp:48559,192.168.3.1*,2,242,1,89,1,153
44:3D:54:BE:12:3C,ALL,udp:48559,192.168.3.105*,2,242,1,153,1,89
44:3D:54:BE:12:3C,ALL,udp:39962,192.168.3.1*,2,253,1,79,1,174
44:3D:54:BE:12:3C,ALL,udp:39962,192.168.3.105*,2,253,1,174,1,79
44:3D:54:BE:12:3C,ALL,udp:21127,192.168.3.1*,2,368,1,120,1,248
44:3D:54:BE:12:3C,ALL,udp:21127,192.168.3.105*,2,368,1,248,1,120
44:3D:54:BE:12:3C,ALL,udp:26325,192.168.3.1*,2,242,1,89,1,153
44:3D:54:BE:12:3C,ALL,udp:26325,192.168.3.105*,2,242,1,153,1,89
44:3D:54:BE:12:3C,ALL,udp:58782,192.168.3.1*,2,253,1,79,1,174
44:3D:54:BE:12:3C,ALL,udp:58782,192.168.3.105*,2,253,1,174,1,79
44:3D:54:BE:12:3C,ALL,udp:11751,192.168.3.1*,2,170,1,77,1,93
44:3D:54:BE:12:3C,ALL,udp:11751,192.168.3.105*,2,170,1,93,1,77
44:3D:54:BE:12:3C,ALL,udp:25306,192.168.3.1*,2,253,1,79,1,174
44:3D:54:BE:12:3C,ALL,udp:25306,192.168.3.105*,2,253,1,174,1,79
44:3D:54:BE:12:3C,ALL,udp:33937,192.168.3.1*,2,242,1,89,1,153
44:3D:54:BE:12:3C,ALL,udp:33937,192.168.3.105*,2,242,1,153,1,89
44:3D:54:BE:12:3C,ALL,udp:5184,192.168.3.1*,2,253,1,79,1,174
44:3D:54:BE:12:3C,ALL,udp:5184,192.168.3.105*,2,253,1,174,1,79
44:3D:54:BE:12:3C,ALL,udp:1873,192.168.3.1*,2,242,1,89,1,153
44:3D:54:BE:12:3C,ALL,udp:1873,192.168.3.105*,2,242,1,153,1,89
44:3D:54:BE:12:3C,ALL,udp:36965,192.168.3.1*,2,253,1,79,1,174
44:3D:54:BE:12:3C,ALL,udp:36965,192.168.3.105*,2,253,1,174,1,79
44:3D:54:BE:12:3C,ALL,udp:63264,192.168.3.1*,2,242,1,89,1,153
44:3D:54:BE:12:3C,ALL,udp:63264,192.168.3.105*,2,242,1,153,1,89
44:3D:54:BE:12:3C,ALL,udp:8509,192.168.3.1*,2,170,1,77,1,93
44:3D:54:BE:12:3C,ALL,udp:8509,192.168.3.105*,2,170,1,93,1,77
44:3D:54:BE:12:3C,ALL,udp:24419,192.168.3.1*,2,253,1,79,1,174
44:3D:54:BE:12:3C,ALL,udp:24419,192.168.3.105*,2,253,1,174,1,79
44:3D:54:BE:12:3C,ALL,udp:62793,192.168.3.1*,2,242,1,89,1,153
44:3D:54:BE:12:3C,ALL,udp:62793,192.168.3.105*,2,242,1,153,1,89
44:3D:54:BE:12:3C,ALL,udp:59468,192.168.3.1*,2,253,1,79,1,174
44:3D:54:BE:12:3C,ALL,udp:59468,192.168.3.105*,2,253,1,174,1,79
44:3D:54:BE:12:3C,ALL,udp:64587,192.168.3.1*,2,228,1,90,1,138
44:3D:54:BE:12:3C,ALL,udp:64587,192.168.3.105*,2,228,1,138,1,90
44:3D:54:BE:12:3C,ALL,udp:24616,192.168.3.1*,2,368,1,120,1,248
44:3D:54:BE:12:3C,ALL,udp:24616,192.168.3.105*,2,368,1,248,1,120
44:3D:54:BE:12:3C,ALL,udp:13109,192.168.3.1*,2,242,1,89,1,153
44:3D:54:BE:12:3C,ALL,udp:13109,192.168.3.105*,2,242,1,153,1,89
44:3D:54:BE:12:3C,ALL,udp:15749,192.168.3.1*,2,253,1,79,1,174
44:3D:54:BE:12:3C,ALL,udp:15749,192.168.3.105*,2,253,1,174,1,79
44:3D:54:BE:12:3C,ALL,udp:14512,192.168.3.1*,2,242,1,89,1,153
44:3D:54:BE:12:3C,ALL,udp:14512,192.168.3.105*,2,242,1,153,1,89
44:3D:54:BE:12:3C,ALL,udp:56806,192.168.3.1*,2,253,1,79,1,174
44:3D:54:BE:12:3C,ALL,udp:56806,192.168.3.105*,2,253,1,174,1,79
44:3D:54:BE:12:3C,ALL,udp:38766,192.168.3.1*,2,164,1,74,1,90
44:3D:54:BE:12:3C,ALL,udp:38766,192.168.3.105*,2,164,1,90,1,74
44:3D:54:BE:12:3C,ALL,udp:35329,192.168.3.1*,2,242,1,89,1,153
44:3D:54:BE:12:3C,ALL,udp:35329,192.168.3.105*,2,242,1,153,1,89
44:3D:54:BE:12:3C,ALL,udp:50408,192.168.3.1*,2,253,1,79,1,174
44:3D:54:BE:12:3C,ALL,udp:50408,192.168.3.105*,2,253,1,174,1,79
44:3D:54:BE:12:3C,ALL,udp:30795,192.168.3.1*,2,170,1,77,1,93
44:3D:54:BE:12:3C,ALL,udp:30795,192.168.3.105*,2,170,1,93,1,77
44:3D:54:BE:12:3C,ALL,udp:29199,192.168.3.1*,2,253,1,79,1,174
44:3D:54:BE:12:3C,ALL,udp:29199,192.168.3.105*,2,253,1,174,1,79
44:3D:54:BE:12:3C,ALL,udp:55585,192.168.3.1*,2,242,1,89,1,153
44:3D:54:BE:12:3C,ALL,udp:55585,192.168.3.105*,2,242,1,153,1,89
44:3D:54:BE:12:3C,ALL,udp:7276,192.168.3.1*,2,242,1,89,1,153
44:3D:54:BE:12:3C,ALL,udp:7276,192.168.3.105*,2,242,1,153,1,89
44:3D:54:BE:12:3C,ALL,udp:30449,192.168.3.1*,2,253,1,79,1,174
44:3D:54:BE:12:3C,ALL,udp:30449,192.168.3.105*,2,253,1,174,1,79
44:3D:54:BE:12:3C,ALL,udp:63759,192.168.3.1*,2,253,1,79,1,174
44:3D:54:BE:12:3C,ALL,udp:63759,192.168.3.105*,2,253,1,174,1,79
44:3D:54:BE:12:3C,ALL,udp:50678,192.168.3.1*,2,242,1,89,1,153
44:3D:54:BE:12:3C,ALL,udp:50678,192.168.3.105*,2,242,1,153,1,89
44:3D:54:BE:12:3C,ALL,udp:59490,192.168.3.1*,2,253,1,79,1,174
44:3D:54:BE:12:3C,ALL,udp:59490,192.168.3.105*,2,253,1,174,1,79
44:3D:54:BE:12:3C,ALL,udp:41481,192.168.3.1*,2,170,1,77,1,93
44:3D:54:BE:12:3C,ALL,udp:41481,192.168.3.105*,2,170,1,93,1,77
44:3D:54:BE:12:3C,ALL,udp:21910,192.168.3.1*,2,253,1,79,1,174
44:3D:54:BE:12:3C,ALL,udp:21910,192.168.3.105*,2,253,1,174,1,79
44:3D:54:BE:12:3C,ALL,udp:31245,192.168.3.1*,2,242,1,89,1,153
44:3D:54:BE:12:3C,ALL,udp:31245,192.168.3.105*,2,242,1,153,1,89
44:3D:54:BE:12:3C,ALL,udp:10797,192.168.3.1*,2,228,1,90,1,138
44:3D:54:BE:12:3C,ALL,udp:10797,192.168.3.105*,2,228,1,138,1,90
44:3D:54:BE:12:3C,ALL,udp:37007,192.168.3.1*,2,368,1,120,1,248
44:3D:54:BE:12:3C,ALL,udp:37007,192.168.3.105*,2,368,1,248,1,120
44:3D:54:BE:12:3C,ALL,udp:59325,192.168.3.1*,2,242,1,89,1,153
44:3D:54:BE:12:3C,ALL,udp:59325,192.168.3.105*,2,242,1,153,1,89
44:3D:54:BE:12:3C,ALL,udp:38963,192.168.3.1*,2,253,1,79,1,174
44:3D:54:BE:12:3C,ALL,udp:38963,192.168.3.105*,2,253,1,174,1,79
44:3D:54:BE:12:3C,ALL,udp:21899,192.168.3.1*,2,242,1,89,1,153
44:3D:54:BE:12:3C,ALL,udp:21899,192.168.3.105*,2,242,1,153,1,89
44:3D:54:BE:12:3C,ALL,udp:5179,192.168.3.1*,2,170,1,77,1,93
44:3D:54:BE:12:3C,ALL,udp:5179,192.168.3.105*,2,170,1,93,1,77
44:3D:54:BE:12:3C,ALL,udp:19828,192.168.3.1*,2,253,1,79,1,174
44:3D:54:BE:12:3C,ALL,udp:19828,192.168.3.105*,2,253,1,174,1,79
44:3D:54:BE:12:3C,ALL,udp:44796,192.168.3.1*,2,253,1,79,1,174
44:3D:54:BE:12:3C,ALL,udp:44796,192.168.3.105*,2,253,1,174,1,79
44:3D:54:BE:12:3C,ALL,udp:50182,192.168.3.1*,2,242,1,89,1,153
44:3D:54:BE:12:3C,ALL,udp:50182,192.168.3.105*,2,242,1,153,1,89
44:3D:54:BE:12:3C,ALL,udp:16160,192.168.3.1*,2,242,1,89,1,153
44:3D:54:BE:12:3C,ALL,udp:16160,192.168.3.105*,2,242,1,153,1,89
44:3D:54:BE:12:3C,ALL,udp:42749,192.168.3.1*,2,242,1,89,1,153
44:3D:54:BE:12:3C,ALL,udp:42749,192.168.3.105*,2,242,1,153,1,89
44:3D:54:BE:12:3C,ALL,udp:54511,192.168.3.1*,2,253,1,79,1,174
44:3D:54:BE:12:3C,ALL,udp:54511,192.168.3.105*,2,253,1,174,1,79
44:3D:54:BE:12:3C,ALL,udp:43774,192.168.3.1*,2,253,1,79,1,174
44:3D:54:BE:12:3C,ALL,udp:43774,192.168.3.105*,2,253,1,174,1,79
44:3D:54:BE:12:3C,ALL,udp:41834,192.168.3.1*,2,170,1,77,1,93
44:3D:54:BE:12:3C,ALL,udp:41834,192.168.3.105*,2,170,1,93,1,77
44:3D:54:BE:12:3C,ALL,udp:11187,192.168.3.1*,2,253,1,79,1,174
44:3D:54:BE:12:3C,ALL,udp:11187,192.168.3.105*,2,253,1,174,1,79
44:3D:54:BE:12:3C,ALL,udp:30055,192.168.3.1*,2,228,1,90,1,138
44:3D:54:BE:12:3C,ALL,udp:30055,192.168.3.105*,2,228,1,138,1,90
44:3D:54:BE:12:3C,ALL,udp:4586,192.168.3.1*,2,242,1,89,1,153
44:3D:54:BE:12:3C,ALL,udp:4586,192.168.3.105*,2,242,1,153,1,89
44:3D:54:BE:12:3C,ALL,udp:21765,192.168.3.1*,2,228,1,90,1,138
44:3D:54:BE:12:3C,ALL,udp:21765,192.168.3.105*,2,228,1,138,1,90
44:3D:54:BE:12:3C,ALL,udp:31621,192.168.3.1*,2,253,1,79,1,174
44:3D:54:BE:12:3C,ALL,udp:31621,192.168.3.105*,2,253,1,174,1,79
44:3D:54:BE:12:3C,ALL,udp:44326,192.168.3.1*,2,368,1,120,1,248
44:3D:54:BE:12:3C,ALL,udp:44326,192.168.3.105*,2,368,1,248,1,120
44:3D:54:BE:12:3C,ALL,udp:37087,192.168.3.1*,2,242,1,89,1,153
44:3D:54:BE:12:3C,ALL,udp:37087,192.168.3.105*,2,242,1,153,1,89
44:3D:54:BE:12:3C,ALL,udp:47887,192.168.3.1*,2,164,1,74,1,90
44:3D:54:BE:12:3C,ALL,udp:47887,192.168.3.105*,2,164,1,90,1,74
44:3D:54:BE:12:3C,ALL,udp:57650,192.168.3.1*,2,401,1,86,1,315
44:3D:54:BE:12:3C,ALL,udp:57650,192.168.3.105*,2,401,1,315,1,86
44:3D:54:BE:12:3C,ALL,udp:63595,192.168.3.1*,2,253,1,79,1,174
44:3D:54:BE:12:3C,ALL,udp:63595,192.168.3.105*,2,253,1,174,1,79
44:3D:54:BE:12:3C,ALL,udp:18940,192.168.3.1*,2,253,1,79,1,174
44:3D:54:BE:12:3C,ALL,udp:18940,192.168.3.105*,2,253,1,174,1,79
44:3D:54:BE:12:3C,ALL,udp:22385,192.168.3.1*,2,170,1,77,1,93
44:3D:54:BE:12:3C,ALL,udp:22385,192.168.3.105*,2,170,1,93,1,77
44:3D:54:BE:12:3C,ALL,udp:49218,192.168.3.1*,2,242,1,89,1,153
44:3D:54:BE:12:3C,ALL,udp:49218,192.168.3.105*,2,242,1,153,1,89
44:3D:54:BE:12:3C,ALL,udp:39304,192.168.3.1*,2,253,1,79,1,174
44:3D:54:BE:12:3C,ALL,udp:39304,192.168.3.105*,2,253,1,174,1,79
44:3D:54:BE:12:3C,ALL,udp:14506,192.168.3.1*,2,242,1,89,1,153
44:3D:54:BE:12:3C,ALL,udp:14506,192.168.3.105*,2,242,1,153,1,89
44:3D:54:BE:12:3C,ALL,udp:58547,192.168.3.1*,2,242,1,89,1,153
44:3D:54:BE:12:3C,ALL,udp:58547,192.168.3.105*,2,242,1,153,1,89
44:3D:54:BE:12:3C,ALL,udp:48050,192.168.3.1*,2,253,1,79,1,174
44:3D:54:BE:12:3C,ALL,udp:48050,192.168.3.105*,2,253,1,174,1,79
44:3D:54:BE:12:3C,ALL,udp:40035,192.168.3.1*,2,170,1,77,1,93
44:3D:54:BE:12:3C,ALL,udp:40035,192.168.3.105*,2,170,1,93,1,77
44:3D:54:BE:12:3C,ALL,udp:31019,192.168.3.1*,2,228,1,90,1,138
44:3D:54:BE:12:3C,ALL,udp:31019,192.168.3.105*,2,228,1,138,1,90
44:3D:54:BE:12:3C,ALL,udp:19999,192.168.3.1*,2,242,1,89,1,153
44:3D:54:BE:12:3C,ALL,udp:19999,192.168.3.105*,2,242,1,153,1,89
44:3D:54:BE:12:3C,ALL,udp:41584,192.168.3.1*,2,253,1,79,1,174
44:3D:54:BE:12:3C,ALL,udp:41584,192.168.3.105*,2,253,1,174,1,79
44:3D:54:BE:12:3C,ALL,udp:61601,192.168.3.1*,2,368,1,120,1,248
44:3D:54:BE:12:3C,ALL,udp:61601,192.168.3.105*,2,368,1,248,1,120
44:3D:54:BE:12:3C,ALL,udp:45796,192.168.3.1*,2,242,1,89,1,153
44:3D:54:BE:12:3C,ALL,udp:45796,192.168.3.105*,2,242,1,153,1,89
44:3D:54:BE:12:3C,ALL,udp:32658,192.168.3.1*,2,242,1,89,1,153
44:3D:54:BE:12:3C,ALL,udp:32658,192.168.3.105*,2,242,1,153,1,89
44:3D:54:BE:12:3C,ALL,udp:16775,192.168.3.1*,2,170,1,77,1,93
44:3D:54:BE:12:3C,ALL,udp:16775,192.168.3.105*,2,170,1,93,1,77
44:3D:54:BE:12:3C,ALL,udp:55089,192.168.3.1*,2,253,1,79,1,174
44:3D:54:BE:12:3C,ALL,udp:55089,192.168.3.105*,2,253,1,174,1,79
44:3D:54:BE:12:3C,ALL,udp:45616,192.168.3.1*,2,253,1,79,1,174
44:3D:54:BE:12:3C,ALL,udp:45616,192.168.3.105*,2,253,1,174,1,79
44:3D:54:BE:12:3C,ALL,udp:57942,192.168.3.1*,2,242,1,89,1,153
44:3D:54:BE:12:3C,ALL,udp:57942,192.168.3.105*,2,242,1,153,1,89
44:3D:54:BE:12:3C,ALL,udp:7732,192.168.3.1*,2,253,1,79,1,174
44:3D:54:BE:12:3C,ALL,udp:7732,192.168.3.105*,2,253,1,174,1,79
44:3D:54:BE:12:3C,ALL,udp:3314,192.168.3.1*,2,253,1,79,1,174
44:3D:54:BE:12:3C,ALL,udp:3314,192.168.3.105*,2,253,1,174,1,79
44:3D:54:BE:12:3C,ALL,udp:2781,192.168.3.1*,2,242,1,89,1,153
44:3D:54:BE:12:3C,ALL,udp:2781,192.168.3.105*,2,242,1,153,1,89
44:3D:54:BE:12:3C,ALL,udp:2863,192.168.3.1*,2,253,1,79,1,174
44:3D:54:BE:12:3C,ALL,udp:2863,192.168.3.105*,2,253,1,174,1,79
44:3D:54:BE:12:3C,ALL,udp:59391,192.168.3.1*,2,242,1,89,1,153
44:3D:54:BE:12:3C,ALL,udp:59391,192.168.3.105*,2,242,1,153,1,89
44:3D:54:BE:12:3C,ALL,udp:52295,192.168.3.1*,2,253,1,79,1,174
44:3D:54:BE:12:3C,ALL,udp:52295,192.168.3.105*,2,253,1,174,1,79
44:3D:54:BE:12:3C,ALL,udp:46330,192.168.3.1*,2,170,1,77,1,93
44:3D:54:BE:12:3C,ALL,udp:46330,192.168.3.105*,2,170,1,93,1,77
44:3D:54:BE:12:3C,ALL,udp:2913,192.168.3.1*,2,253,1,79,1,174
44:3D:54:BE:12:3C,ALL,udp:2913,192.168.3.105*,2,253,1,174,1,79
44:3D:54:BE:12:3C,ALL,udp:21083,192.168.3.1*,2,228,1,90,1,138
44:3D:54:BE:12:3C,ALL,udp:21083,192.168.3.105*,2,228,1,138,1,90
44:3D:54:BE:12:3C,ALL,udp:8496,192.168.3.1*,2,242,1,89,1,153
44:3D:54:BE:12:3C,ALL,udp:8496,192.168.3.105*,2,242,1,153,1,89
44:3D:54:BE:12:3C,ALL,udp:61463,192.168.3.1*,2,253,1,79,1,174
44:3D:54:BE:12:3C,ALL,udp:61463,192.168.3.105*,2,253,1,174,1,79
44:3D:54:BE:12:3C,ALL,udp:55610,192.168.3.1*,2,368,1,120,1,248
44:3D:54:BE:12:3C,ALL,udp:55610,192.168.3.105*,2,368,1,248,1,120
44:3D:54:BE:12:3C,ALL,udp:46348,192.168.3.1*,2,164,1,74,1,90
44:3D:54:BE:12:3C,ALL,udp:46348,192.168.3.105*,2,164,1,90,1,74
44:3D:54:BE:12:3C,ALL,udp:60910,192.168.3.1*,2,242,1,89,1,153
44:3D:54:BE:12:3C,ALL,udp:60910,192.168.3.105*,2,242,1,153,1,89
44:3D:54:BE:12:3C,ALL,udp:42601,192.168.3.1*,2,253,1,79,1,174
44:3D:54:BE:12:3C,ALL,udp:42601,192.168.3.105*,2,253,1,174,1,79
44:3D:54:BE:12:3C,ALL,udp:6150,192.168.3.1*,2,242,1,89,1,153
44:3D:54:BE:12:3C,ALL,udp:6150,192.168.3.105*,2,242,1,153,1,89
44:3D:54:BE:12:3C,ALL,udp:26479,192.168.3.1*,2,253,1,79,1,174
44:3D:54:BE:12:3C,ALL,udp:26479,192.168.3.105*,2,253,1,174,1,79
44:3D:54:BE:12:3C,ALL,udp:27017,192.168.3.1*,2,170,1,77,1,93
44:3D:54:BE:12:3C,ALL,udp:27017,192.168.3.105*,2,170,1,93,1,77
44:3D:54:BE:12:3C,ALL,udp:45561,192.168.3.1*,2,242,1,89,1,153
44:3D:54:BE:12:3C,ALL,udp:45561,192.168.3.105*,2,242,1,153,1,89
44:3D:54:BE:12:3C,ALL,udp:57578,192.168.3.1*,2,253,1,79,1,174
44:3D:54:BE:12:3C,ALL,udp:57578,192.168.3.105*,2,253,1,174,1,79
44:3D:54:BE:12:3C,ALL,udp:29069,192.168.3.1*,2,242,1,89,1,153
44:3D:54:BE:12:3C,ALL,udp:29069,192.168.3.105*,2,242,1,153,1,89
44:3D:54:BE:12:3C,ALL,udp:23676,192.168.3.1*,2,253,1,79,1,174
44:3D:54:BE:12:3C,ALL,udp:23676,192.168.3.105*,2,253,1,174,1,79
44:3D:54:BE:12:3C,ALL,udp:51145,192.168.3.1*,2,242,1,89,1,153
44:3D:54:BE:12:3C,ALL,udp:51145,192.168.3.105*,2,242,1,153,1,89
44:3D:54:BE:12:3C,ALL,udp:51812,192.168.3.1*,2,170,1,77,1,93
44:3D:54:BE:12:3C,ALL,udp:51812,192.168.3.105*,2,170,1,93,1,77
44:3D:54:BE:12:3C,ALL,udp:56128,192.168.3.1*,2,253,1,79,1,174
44:3D:54:BE:12:3C,ALL,udp:56128,192.168.3.105*,2,253,1,174,1,79
44:3D:54:BE:12:3C,ALL,udp:34162,192.168.3.1*,2,228,1,90,1,138
44:3D:54:BE:12:3C,ALL,udp:34162,192.168.3.105*,2,228,1,138,1,90
44:3D:54:BE:12:3C,ALL,udp:3896,192.168.3.1*,2,242,1,89,1,153
44:3D:54:BE:12:3C,ALL,udp:3896,192.168.3.105*,2,242,1,153,1,89
44:3D:54:BE:12:3C,ALL,udp:40956,192.168.3.1*,2,368,1,120,1,248
44:3D:54:BE:12:3C,ALL,udp:40956,192.168.3.105*,2,368,1,248,1,120
44:3D:54:BE:12:3C,ALL,udp:50104,192.168.3.1*,2,253,1,79,1,174
44:3D:54:BE:12:3C,ALL,udp:50104,192.168.3.105*,2,253,1,174,1,79
44:3D:54:BE:12:3C,ALL,udp:35125,192.168.3.1*,2,242,1,89,1,153
44:3D:54:BE:12:3C,ALL,udp:35125,192.168.3.105*,2,242,1,153,1,89
44:3D:54:BE:12:3C,ALL,udp:57462,192.168.3.1*,2,253,1,79,1,174
44:3D:54:BE:12:3C,ALL,udp:57462,192.168.3.105*,2,253,1,174,1,79
44:3D:54:BE:12:3C,ALL,udp:49285,192.168.3.1*,2,253,1,79,1,174
44:3D:54:BE:12:3C,ALL,udp:49285,192.168.3.105*,2,253,1,174,1,79
44:3D:54:BE:12:3C,ALL,udp:25200,192.168.3.1*,2,253,1,79,1,174
44:3D:54:BE:12:3C,ALL,udp:25200,192.168.3.105*,2,253,1,174,1,79
44:3D:54:BE:12:3C,ALL,udp:7270,192.168.3.1*,2,242,1,89,1,153
44:3D:54:BE:12:3C,ALL,udp:7270,192.168.3.105*,2,242,1,153,1,89
44:3D:54:BE:12:3C,ALL,udp:17993,192.168.3.1*,2,170,1,77,1,93
44:3D:54:BE:12:3C,ALL,udp:17993,192.168.3.105*,2,170,1,93,1,77
44:3D:54:BE:12:3C,ALL,udp:55387,192.168.3.1*,2,253,1,79,1,174
44:3D:54:BE:12:3C,ALL,udp:55387,192.168.3.105*,2,253,1,174,1,79
44:3D:54:BE:12:3C,ALL,udp:48706,192.168.3.1*,2,242,1,89,1,153
44:3D:54:BE:12:3C,ALL,udp:48706,192.168.3.105*,2,242,1,153,1,89
44:3D:54:BE:12:3C,ALL,udp:38904,192.168.3.1*,2,253,1,79,1,174
44:3D:54:BE:12:3C,ALL,udp:38904,192.168.3.105*,2,253,1,174,1,79
44:3D:54:BE:12:3C,ALL,udp:4175,192.168.3.1*,2,242,1,89,1,153
44:3D:54:BE:12:3C,ALL,udp:4175,192.168.3.105*,2,242,1,153,1,89
44:3D:54:BE:12:3C,ALL,udp:23062,192.168.3.1*,2,253,1,79,1,174
44:3D:54:BE:12:3C,ALL,udp:23062,192.168.3.105*,2,253,1,174,1,79
44:3D:54:BE:12:3C,ALL,udp:40008,192.168.3.1*,2,242,1,89,1,153
44:3D:54:BE:12:3C,ALL,udp:40008,192.168.3.105*,2,242,1,153,1,89
44:3D:54:BE:12:3C,ALL,udp:1593,192.168.3.1*,2,228,1,90,1,138
44:3D:54:BE:12:3C,ALL,udp:1593,192.168.3.105*,2,228,1,138,1,90
44:3D:54:BE:12:3C,ALL,udp:36608,192.168.3.1*,2,170,1,77,1,93
44:3D:54:BE:12:3C,ALL,udp:36608,192.168.3.105*,2,170,1,93,1,77
44:3D:54:BE:12:3C,ALL,udp:17630,192.168.3.1*,2,253,1,79,1,174
44:3D:54:BE:12:3C,ALL,udp:17630,192.168.3.105*,2,253,1,174,1,79
44:3D:54:BE:12:3C,ALL,udp:33536,192.168.3.1*,2,242,1,89,1,153
44:3D:54:BE:12:3C,ALL,udp:33536,192.168.3.105*,2,242,1,153,1,89
44:3D:54:BE:12:3C,ALL,udp:51669,192.168.3.1*,2,164,1,74,1,90
44:3D:54:BE:12:3C,ALL,udp:51669,192.168.3.105*,2,164,1,90,1,74
44:3D:54:BE:12:3C,ALL,udp:41081,192.168.3.1*,2,253,1,79,1,174
44:3D:54:BE:12:3C,ALL,udp:41081,192.168.3.105*,2,253,1,174,1,79
44:3D:54:BE:12:3C,ALL,udp:1178,192.168.3.1*,2,242,1,89,1,153
44:3D:54:BE:12:3C,ALL,udp:1178,192.168.3.105*,2,242,1,153,1,89
44:3D:54:BE:12:3C,ALL,udp:32371,192.168.3.1*,2,253,1,79,1,174
44:3D:54:BE:12:3C,ALL,udp:32371,192.168.3.105*,2,253,1,174,1,79
44:3D:54:BE:12:3C,ALL,udp:32114,192.168.3.1*,2,242,1,89,1,153
44:3D:54:BE:12:3C,ALL,udp:32114,192.168.3.105*,2,242,1,153,1,89
44:3D:54:BE:12:3C,ALL,udp:60412,192.168.3.1*,2,170,1,77,1,93
44:3D:54:BE:12:3C,ALL,udp:60412,192.168.3.105*,2,170,1,93,1,77
44:3D:54:BE:12:3C,ALL,udp:30577,192.168.3.1*,2,242,1,89,1,153
44:3D:54:BE:12:3C,ALL,udp:30577,192.168.3.105*,2,242,1,153,1,89
44:3D:54:BE:12:3C,ALL,udp:50782,192.168.3.1*,2,242,1,89,1,153
44:3D:54:BE:12:3C,ALL,udp:50782,192.168.3.105*,2,242,1,153,1,89
44:3D:54:BE:12:3C,ALL,udp:51609,192.168.3.1*,2,253,1,79,1,174
44:3D:54:BE:12:3C,ALL,udp:51609,192.168.3.105*,2,253,1,174,1,79
44:3D:54:BE:12:3C,ALL,udp:32867,192.168.3.1*,2,242,1,89,1,153
44:3D:54:BE:12:3C,ALL,udp:32867,192.168.3.105*,2,242,1,153,1,89
44:3D:54:BE:12:3C,ALL,udp:14143,192.168.3.1*,2,228,1,90,1,138
44:3D:54:BE:12:3C,ALL,udp:14143,192.168.3.105*,2,228,1,138,1,90
44:3D:54:BE:12:3C,ALL,udp:15910,192.168.3.1*,2,170,1,77,1,93
44:3D:54:BE:12:3C,ALL,udp:15910,192.168.3.105*,2,170,1,93,1,77
44:3D:54:BE:12:3C,ALL,udp:58237,192.168.3.1*,2,253,1,79,1,174
44:3D:54:BE:12:3C,ALL,udp:58237,192.168.3.105*,2,253,1,174,1,79
44:3D:54:BE:12:3C,ALL,udp:63083,192.168.3.1*,2,242,1,89,1,153
44:3D:54:BE:12:3C,ALL,udp:63083,192.168.3.105*,2,242,1,153,1,89
44:3D:54:BE:12:3C,ALL,udp:21396,192.168.3.1*,2,253,1,79,1,174
44:3D:54:BE:12:3C,ALL,udp:21396,192.168.3.105*,2,253,1,174,1,79
44:3D:54:BE:12:3C,ALL,udp:25033,192.168.3.1*,2,368,1,120,1,248
44:3D:54:BE:12:3C,ALL,udp:25033,192.168.3.105*,2,368,1,248,1,120
44:3D:54:BE:12:3C,ALL,udp:7331,192.168.3.1*,2,242,1,89,1,153
44:3D:54:BE:12:3C,ALL,udp:7331,192.168.3.105*,2,242,1,153,1,89
44:3D:54:BE:12:3C,ALL,udp:49342,192.168.3.1*,2,253,1,79,1,174
44:3D:54:BE:12:3C,ALL,udp:49342,192.168.3.105*,2,253,1,174,1,79
44:3D:54:BE:12:3C,ALL,udp:48852,192.168.3.1*,2,242,1,89,1,153
44:3D:54:BE:12:3C,ALL,udp:48852,192.168.3.105*,2,242,1,153,1,89
44:3D:54:BE:12:3C,ALL,udp:7273,192.168.3.1*,2,170,1,77,1,93
44:3D:54:BE:12:3C,ALL,udp:7273,192.168.3.105*,2,170,1,93,1,77
44:3D:54:BE:12:3C,ALL,udp:11068,192.168.3.1*,2,253,1,79,1,174
44:3D:54:BE:12:3C,ALL,udp:11068,192.168.3.105*,2,253,1,174,1,79
44:3D:54:BE:12:3C,ALL,udp:10007,192.168.3.1*,2,253,1,79,1,174
44:3D:54:BE:12:3C,ALL,udp:10007,192.168.3.105*,2,253,1,174,1,79
44:3D:54:BE:12:3C,ALL,udp:54677,192.168.3.1*,2,242,1,89,1,153
44:3D:54:BE:12:3C,ALL,udp:54677,192.168.3.105*,2,242,1,153,1,89
44:3D:54:BE:12:3C,ALL,udp:15687,192.168.3.1*,2,253,1,79,1,174
44:3D:54:BE:12:3C,ALL,udp:15687,192.168.3.105*,2,253,1,174,1,79
44:3D:54:BE:12:3C,ALL,udp:14163,192.168.3.1*,2,242,1,89,1,153
44:3D:54:BE:12:3C,ALL,udp:14163,192.168.3.105*,2,242,1,153,1,89
44:3D:54:BE:12:3C,ALL,udp:27468,192.168.3.1*,2,253,1,79,1,174
44:3D:54:BE:12:3C,ALL,udp:27468,192.168.3.105*,2,253,1,174,1,79
44:3D:54:BE:12:3C,ALL,udp:52863,192.168.3.1*,2,253,1,79,1,174
44:3D:54:BE:12:3C,ALL,udp:52863,192.168.3.105*,2,253,1,174,1,79
44:3D:54:BE:12:3C,ALL,udp:62791,192.168.3.1*,2,228,1,90,1,138
44:3D:54:BE:12:3C,ALL,udp:62791,192.168.3.105*,2,228,1,138,1,90
44:3D:54:BE:12:3C,ALL,udp:36356,192.168.3.1*,2,170,1,77,1,93
44:3D:54:BE:12:3C,ALL,udp:36356,192.168.3.105*,2,170,1,93,1,77
44:3D:54:BE:12:3C,ALL,udp:26279,192.168.3.1*,2,242,1,89,1,153
44:3D:54:BE:12:3C,ALL,udp:26279,192.168.3.105*,2,242,1,153,1,89
44:3D:54:BE:12:3C,ALL,udp:8650,192.168.3.1*,2,164,1,74,1,90
44:3D:54:BE:12:3C,ALL,udp:8650,192.168.3.105*,2,164,1,90,1,74
44:3D:54:BE:12:3C,ALL,udp:35123,192.168.3.1*,2,368,1,120,1,248
44:3D:54:BE:12:3C,ALL,udp:35123,192.168.3.105*,2,368,1,248,1,120
44:3D:54:BE:12:3C,ALL,udp:57671,192.168.3.1*,2,242,1,89,1,153
44:3D:54:BE:12:3C,ALL,udp:57671,192.168.3.105*,2,242,1,153,1,89
44:3D:54:BE:12:3C,ALL,udp:13356,192.168.3.1*,2,253,1,79,1,174
44:3D:54:BE:12:3C,ALL,udp:13356,192.168.3.105*,2,253,1,174,1,79
44:3D:54:BE:12:3C,ALL,udp:18364,192.168.3.1*,2,242,1,89,1,153
44:3D:54:BE:12:3C,ALL,udp:18364,192.168.3.105*,2,242,1,153,1,89
44:3D:54:BE:12:3C,ALL,udp:42708,192.168.3.1*,2,170,1,77,1,93
44:3D:54:BE:12:3C,ALL,udp:42708,192.168.3.105*,2,170,1,93,1,77
44:3D:54:BE:12:3C,ALL,udp:44530,192.168.3.1*,2,253,1,79,1,174
44:3D:54:BE:12:3C,ALL,udp:44530,192.168.3.105*,2,253,1,174,1,79
44:3D:54:BE:12:3C,ALL,udp:13929,192.168.3.1*,2,242,1,89,1,153
44:3D:54:BE:12:3C,ALL,udp:13929,192.168.3.105*,2,242,1,153,1,89
44:3D:54:BE:12:3C,ALL,udp:58094,192.168.3.1*,2,253,1,79,1,174
44:3D:54:BE:12:3C,ALL,udp:58094,192.168.3.105*,2,253,1,174,1,79
44:3D:54:BE:12:3C,ALL,udp:40982,192.168.3.1*,2,253,1,79,1,174
44:3D:54:BE:12:3C,ALL,udp:40982,192.168.3.105*,2,253,1,174,1,79
44:3D:54:BE:12:3C,ALL,udp:64065,192.168.3.1*,2,242,1,89,1,153
44:3D:54:BE:12:3C,ALL,udp:64065,192.168.3.105*,2,242,1,153,1,89
44:3D:54:BE:12:3C,ALL,udp:35363,192.168.3.1*,2,253,1,79,1,174
44:3D:54:BE:12:3C,ALL,udp:35363,192.168.3.105*,2,253,1,174,1,79
44:3D:54:BE:12:3C,ALL,udp:15451,192.168.3.1*,2,253,1,79,1,174
44:3D:54:BE:12:3C,ALL,udp:15451,192.168.3.105*,2,253,1,174,1,79
44:3D:54:BE:12:3C,ALL,udp:3586,192.168.3.1*,2,228,1,90,1,138
44:3D:54:BE:12:3C,ALL,udp:3586,192.168.3.105*,2,228,1,138,1,90
44:3D:54:BE:12:3C,ALL,udp:21860,192.168.3.1*,2,242,1,89,1,153
44:3D:54:BE:12:3C,ALL,udp:21860,192.168.3.105*,2,242,1,153,1,89
44:3D:54:BE:12:3C,ALL,udp:62506,192.168.3.1*,2,170,1,77,1,93
44:3D:54:BE:12:3C,ALL,udp:62506,192.168.3.105*,2,170,1,93,1,77
44:3D:54:BE:12:3C,ALL,udp:40288,192.168.3.1*,2,253,1,79,1,174
44:3D:54:BE:12:3C,ALL,udp:40288,192.168.3.105*,2,253,1,174,1,79
44:3D:54:BE:12:3C,ALL,udp:33577,192.168.3.1*,2,242,1,89,1,153
44:3D:54:BE:12:3C,ALL,udp:33577,192.168.3.105*,2,242,1,153,1,89
44:3D:54:BE:12:3C,ALL,udp:47826,192.168.3.1*,2,253,1,79,1,174
44:3D:54:BE:12:3C,ALL,udp:47826,192.168.3.105*,2,253,1,174,1,79
44:3D:54:BE:12:3C,ALL,udp:52661,192.168.3.1*,2,368,1,120,1,248
44:3D:54:BE:12:3C,ALL,udp:52661,192.168.3.105*,2,368,1,248,1,120
44:3D:54:BE:12:3C,ALL,udp:37077,192.168.3.1*,2,253,1,79,1,174
44:3D:54:BE:12:3C,ALL,udp:37077,192.168.3.105*,2,253,1,174,1,79
44:3D:54:BE:12:3C,ALL,udp:59467,192.168.3.1*,2,242,1,89,1,153
44:3D:54:BE:12:3C,ALL,udp:59467,192.168.3.105*,2,242,1,153,1,89
44:3D:54:BE:12:3C,ALL,udp:6240,192.168.3.1*,2,242,1,89,1,153
44:3D:54:BE:12:3C,ALL,udp:6240,192.168.3.105*,2,242,1,153,1,89
44:3D:54:BE:12:3C,ALL,udp:32052,192.168.3.1*,2,253,1,79,1,174
44:3D:54:BE:12:3C,ALL,udp:32052,192.168.3.105*,2,253,1,174,1,79
44:3D:54:BE:12:3C,ALL,udp:15386,192.168.3.1*,2,170,1,77,1,93
44:3D:54:BE:12:3C,ALL,udp:15386,192.168.3.105*,2,170,1,93,1,77
44:3D:54:BE:12:3C,ALL,udp:47151,192.168.3.1*,2,242,1,89,1,153
44:3D:54:BE:12:3C,ALL,udp:47151,192.168.3.105*,2,242,1,153,1,89
44:3D:54:BE:12:3C,ALL,udp:11548,192.168.3.1*,2,253,1,79,1,174
44:3D:54:BE:12:3C,ALL,udp:11548,192.168.3.105*,2,253,1,174,1,79
44:3D:54:BE:12:3C,ALL,udp:8851,192.168.3.1*,2,242,1,89,1,153
44:3D:54:BE:12:3C,ALL,udp:8851,192.168.3.105*,2,242,1,153,1,89
44:3D:54:BE:12:3C,ALL,udp:30053,192.168.3.1*,2,253,1,79,1,174
44:3D:54:BE:12:3C,ALL,udp:30053,192.168.3.105*,2,253,1,174,1,79
44:3D:54:BE:12:3C,ALL,udp:48403,192.168.3.1*,2,228,1,90,1,138
44:3D:54:BE:12:3C,ALL,udp:48403,192.168.3.105*,2,228,1,138,1,90
44:3D:54:BE:12:3C,ALL,udp:47958,192.168.3.1*,2,242,1,89,1,153
44:3D:54:BE:12:3C,ALL,udp:47958,192.168.3.105*,2,242,1,153,1,89
44:3D:54:BE:12:3C,ALL,udp:56665,192.168.3.1*,2,253,1,79,1,174
44:3D:54:BE:12:3C,ALL,udp:56665,192.168.3.105*,2,253,1,174,1,79
44:3D:54:BE:12:3C,ALL,udp:30808,192.168.3.1*,2,170,1,77,1,93
44:3D:54:BE:12:3C,ALL,udp:30808,192.168.3.105*,2,170,1,93,1,77
44:3D:54:BE:12:3C,ALL,udp:32971,192.168.3.1*,2,164,1,74,1,90
44:3D:54:BE:12:3C,ALL,udp:32971,192.168.3.105*,2,164,1,90,1,74
44:3D:54:BE:12:3C,ALL,udp:46904,192.168.3.1*,2,242,1,89,1,153
44:3D:54:BE:12:3C,ALL,udp:46904,192.168.3.105*,2,242,1,153,1,89
44:3D:54:BE:12:3C,ALL,udp:28718,192.168.3.1*,2,368,1,120,1,248
44:3D:54:BE:12:3C,ALL,udp:28718,192.168.3.105*,2,368,1,248,1,120
44:3D:54:BE:12:3C,ALL,udp:32328,192.168.3.1*,2,242,1,89,1,153
44:3D:54:BE:12:3C,ALL,udp:32328,192.168.3.105*,2,242,1,153,1,89
44:3D:54:BE:12:3C,ALL,udp:43735,192.168.3.1*,2,253,1,79,1,174
44:3D:54:BE:12:3C,ALL,udp:43735,192.168.3.105*,2,253,1,174,1,79
44:3D:54:BE:12:3C,ALL,udp:38112,192.168.3.1*,2,242,1,89,1,153
44:3D:54:BE:12:3C,ALL,udp:38112,192.168.3.105*,2,242,1,153,1,89
44:3D:54:BE:12:3C,ALL,udp:32143,192.168.3.1*,2,170,1,77,1,93
44:3D:54:BE:12:3C,ALL,udp:32143,192.168.3.105*,2,170,1,93,1,77
44:3D:54:BE:12:3C,ALL,udp:10429,192.168.3.1*,2,164,1,74,1,90
44:3D:54:BE:12:3C,ALL,udp:10429,192.168.3.105*,2,164,1,90,1,74
44:3D:54:BE:12:3C,ALL,udp:57474,192.168.3.1*,2,242,1,89,1,153
44:3D:54:BE:12:3C,ALL,udp:57474,192.168.3.105*,2,242,1,153,1,89
44:3D:54:BE:12:3C,ALL,udp:45687,192.168.3.1*,2,253,1,79,1,174
44:3D:54:BE:12:3C,ALL,udp:45687,192.168.3.105*,2,253,1,174,1,79
44:3D:54:BE:12:3C,ALL,udp:31798,192.168.3.1*,2,242,1,89,1,153
44:3D:54:BE:12:3C,ALL,udp:31798,192.168.3.105*,2,242,1,153,1,89
44:3D:54:BE:12:3C,ALL,udp:23341,192.168.3.1*,2,228,1,90,1,138
44:3D:54:BE:12:3C,ALL,udp:23341,192.168.3.105*,2,228,1,138,1,90
44:3D:54:BE:12:3C,ALL,udp:51704,192.168.3.1*,2,253,1,79,1,174
44:3D:54:BE:12:3C,ALL,udp:51704,192.168.3.105*,2,253,1,174,1,79
44:3D:54:BE:12:3C,ALL,udp:53041,192.168.3.1*,2,242,1,89,1,153
44:3D:54:BE:12:3C,ALL,udp:53041,192.168.3.105*,2,242,1,153,1,89
44:3D:54:BE:12:3C,ALL,udp:64442,192.168.3.1*,2,170,1,77,1,93
44:3D:54:BE:12:3C,ALL,udp:64442,192.168.3.105*,2,170,1,93,1,77
44:3D:54:BE:12:3C,ALL,udp:3901,192.168.3.1*,2,253,1,79,1,174
44:3D:54:BE:12:3C,ALL,udp:3901,192.168.3.105*,2,253,1,174,1,79
44:3D:54:BE:12:3C,ALL,udp:2178,192.168.3.1*,2,242,1,89,1,153
44:3D:54:BE:12:3C,ALL,udp:2178,192.168.3.105*,2,242,1,153,1,89
44:3D:54:BE:12:3C,ALL,udp:33496,192.168.3.1*,2,253,1,79,1,174
44:3D:54:BE:12:3C,ALL,udp:33496,192.168.3.105*,2,253,1,174,1,79
44:3D:54:BE:12:3C,ALL,udp:58008,192.168.3.1*,2,253,1,79,1,174
44:3D:54:BE:12:3C,ALL,udp:58008,192.168.3.105*,2,253,1,174,1,79
44:3D:54:BE:12:3C,ALL,udp:42344,192.168.3.1*,2,253,1,79,1,174
44:3D:54:BE:12:3C,ALL,udp:42344,192.168.3.105*,2,253,1,174,1,79
44:3D:54:BE:12:3C,ALL,udp:33941,192.168.3.1*,2,368,1,120,1,248
44:3D:54:BE:12:3C,ALL,udp:33941,192.168.3.105*,2,368,1,248,1,120
44:3D:54:BE:12:3C,ALL,udp:41033,192.168.3.1*,2,242,1,89,1,153
44:3D:54:BE:12:3C,ALL,udp:41033,192.168.3.105*,2,242,1,153,1,89
44:3D:54:BE:12:3C,ALL,udp:12192,192.168.3.1*,2,253,1,79,1,174
44:3D:54:BE:12:3C,ALL,udp:12192,192.168.3.105*,2,253,1,174,1,79
44:3D:54:BE:12:3C,ALL,udp:16093,192.168.3.1*,2,253,1,79,1,174
44:3D:54:BE:12:3C,ALL,udp:16093,192.168.3.105*,2,253,1,174,1,79
44:3D:54:BE:12:3C,ALL,udp:43933,192.168.3.1*,2,242,1,89,1,153
44:3D:54:BE:12:3C,ALL,udp:43933,192.168.3.105*,2,242,1,153,1,89
44:3D:54:BE:12:3C,ALL,udp:49412,192.168.3.1*,2,170,1,77,1,93
44:3D:54:BE:12:3C,ALL,udp:49412,192.168.3.105*,2,170,1,93,1,77
44:3D:54:BE:12:3C,ALL,udp:32092,192.168.3.1*,2,242,1,89,1,153
44:3D:54:BE:12:3C,ALL,udp:32092,192.168.3.105*,2,242,1,153,1,89
44:3D:54:BE:12:3C,ALL,udp:53287,192.168.3.1*,2,253,1,79,1,174
44:3D:54:BE:12:3C,ALL,udp:53287,192.168.3.105*,2,253,1,174,1,79
44:3D:54:BE:12:3C,ALL,udp:59369,192.168.3.1*,2,242,1,89,1,153
44:3D:54:BE:12:3C,ALL,udp:59369,192.168.3.105*,2,242,1,153,1,89
44:3D:54:BE:12:3C,ALL,udp:44509,192.168.3.1*,2,228,1,90,1,138
44:3D:54:BE:12:3C,ALL,udp:44509,192.168.3.105*,2,228,1,138,1,90
44:3D:54:BE:12:3C,ALL,udp:63591,192.168.3.1*,2,253,1,79,1,174
44:3D:54:BE:12:3C,ALL,udp:63591,192.168.3.105*,2,253,1,174,1,79
44:3D:54:BE:12:3C,ALL,udp:31356,192.168.3.1*,2,242,1,89,1,153
44:3D:54:BE:12:3C,ALL,udp:31356,192.168.3.105*,2,242,1,153,1,89
44:3D:54:BE:12:3C,ALL,udp:15907,192.168.3.1*,2,170,1,77,1,93
44:3D:54:BE:12:3C,ALL,udp:15907,192.168.3.105*,2,170,1,93,1,77
44:3D:54:BE:12:3C,ALL,udp:18732,192.168.3.1*,2,164,1,74,1,90
44:3D:54:BE:12:3C,ALL,udp:18732,192.168.3.105*,2,164,1,90,1,74
44:3D:54:BE:12:3C,ALL,udp:47314,192.168.3.1*,2,242,1,89,1,153
44:3D:54:BE:12:3C,ALL,udp:47314,192.168.3.105*,2,242,1,153,1,89
44:3D:54:BE:12:3C,ALL,udp:43114,192.168.3.1*,2,253,1,79,1,174
44:3D:54:BE:12:3C,ALL,udp:43114,192.168.3.105*,2,253,1,174,1,79
44:3D:54:BE:12:3C,ALL,udp:31525,192.168.3.1*,2,368,1,120,1,248
44:3D:54:BE:12:3C,ALL,udp:31525,192.168.3.105*,2,368,1,248,1,120
44:3D:54:BE:12:3C,ALL,udp:14640,192.168.3.1*,2,242,1,89,1,153
44:3D:54:BE:12:3C,ALL,udp:14640,192.168.3.105*,2,242,1,153,1,89
44:3D:54:BE:12:3C,ALL,udp:27000,192.168.3.1*,2,253,1,79,1,174
44:3D:54:BE:12:3C,ALL,udp:27000,192.168.3.105*,2,253,1,174,1,79
44:3D:54:BE:12:3C,ALL,udp:21117,192.168.3.1*,2,253,1,79,1,174
44:3D:54:BE:12:3C,ALL,udp:21117,192.168.3.105*,2,253,1,174,1,79
44:3D:54:BE:12:3C,ALL,udp:39410,192.168.3.1*,2,242,1,89,1,153
44:3D:54:BE:12:3C,ALL,udp:39410,192.168.3.105*,2,242,1,153,1,89
44:3D:54:BE:12:3C,ALL,udp:46014,192.168.3.1*,2,170,1,77,1,93
44:3D:54:BE:12:3C,ALL,udp:46014,192.168.3.105*,2,170,1,93,1,77
44:3D:54:BE:12:3C,ALL,udp:18419,192.168.3.1*,2,253,1,79,1,174
44:3D:54:BE:12:3C,ALL,udp:18419,192.168.3.105*,2,253,1,174,1,79
44:3D:54:BE:12:3C,ALL,udp:45838,192.168.3.1*,2,253,1,79,1,174
44:3D:54:BE:12:3C,ALL,udp:45838,192.168.3.105*,2,253,1,174,1,79
44:3D:54:BE:12:3C,ALL,udp:50900,192.168.3.1*,2,228,1,90,1,138
44:3D:54:BE:12:3C,ALL,udp:50900,192.168.3.105*,2,228,1,138,1,90
44:3D:54:BE:12:3C,ALL,udp:49962,192.168.3.1*,2,242,1,89,1,153
44:3D:54:BE:12:3C,ALL,udp:49962,192.168.3.105*,2,242,1,153,1,89
44:3D:54:BE:12:3C,ALL,udp:17700,192.168.3.1*,2,242,1,89,1,153
44:3D:54:BE:12:3C,ALL,udp:17700,192.168.3.105*,2,242,1,153,1,89
44:3D:54:BE:12:3C,ALL,udp:31487,192.168.3.1*,2,170,1,77,1,93
44:3D:54:BE:12:3C,ALL,udp:31487,192.168.3.105*,2,170,1,93,1,77
44:3D:54:BE:12:3C,ALL,udp:59171,192.168.3.1*,2,242,1,89,1,153
44:3D:54:BE:12:3C,ALL,udp:59171,192.168.3.105*,2,242,1,153,1,89
44:3D:54:BE:12:3C,ALL,udp:27061,192.168.3.1*,2,368,1,120,1,248
44:3D:54:BE:12:3C,ALL,udp:27061,192.168.3.105*,2,368,1,248,1,120
44:3D:54:BE:12:3C,ALL,udp:21944,192.168.3.1*,2,253,1,79,1,174
44:3D:54:BE:12:3C,ALL,udp:21944,192.168.3.105*,2,253,1,174,1,79
44:3D:54:BE:12:3C,ALL,udp:4736,192.168.3.1*,2,253,1,79,1,174
44:3D:54:BE:12:3C,ALL,udp:4736,192.168.3.105*,2,253,1,174,1,79
44:3D:54:BE:12:3C,ALL,udp:55970,192.168.3.1*,2,242,1,89,1,153
44:3D:54:BE:12:3C,ALL,udp:55970,192.168.3.105*,2,242,1,153,1,89
44:3D:54:BE:12:3C,ALL,udp:62169,192.168.3.1*,2,170,1,77,1,93
44:3D:54:BE:12:3C,ALL,udp:62169,192.168.3.105*,2,170,1,93,1,77
44:3D:54:BE:12:3C,ALL,udp:13820,192.168.3.1*,2,253,1,79,1,174
44:3D:54:BE:12:3C,ALL,udp:13820,192.168.3.105*,2,253,1,174,1,79
44:3D:54:BE:12:3C,ALL,udp:5647,192.168.3.1*,2,253,1,79,1,174
44:3D:54:BE:12:3C,ALL,udp:5647,192.168.3.105*,2,253,1,174,1,79
44:3D:54:BE:12:3C,ALL,udp:20594,192.168.3.1*,2,242,1,89,1,153
44:3D:54:BE:12:3C,ALL,udp:20594,192.168.3.105*,2,242,1,153,1,89
44:3D:54:BE:12:3C,ALL,udp:41691,192.168.3.1*,2,228,1,90,1,138
44:3D:54:BE:12:3C,ALL,udp:41691,192.168.3.105*,2,228,1,138,1,90
44:3D:54:BE:12:3C,ALL,udp:53045,192.168.3.1*,2,242,1,89,1,153
44:3D:54:BE:12:3C,ALL,udp:53045,192.168.3.105*,2,242,1,153,1,89
44:3D:54:BE:12:3C,ALL,udp:9273,192.168.3.1*,2,253,1,79,1,174
44:3D:54:BE:12:3C,ALL,udp:9273,192.168.3.105*,2,253,1,174,1,79
44:3D:54:BE:12:3C,ALL,udp:8261,192.168.3.1*,2,242,1,89,1,153
44:3D:54:BE:12:3C,ALL,udp:8261,192.168.3.105*,2,242,1,153,1,89
44:3D:54:BE:12:3C,ALL,udp:1058,192.168.3.1*,2,253,1,79,1,174
44:3D:54:BE:12:3C,ALL,udp:1058,192.168.3.105*,2,253,1,174,1,79
44:3D:54:BE:12:3C,ALL,udp:38562,192.168.3.1*,2,164,1,74,1,90
44:3D:54:BE:12:3C,ALL,udp:38562,192.168.3.105*,2,164,1,90,1,74
44:3D:54:BE:12:3C,ALL,udp:49725,192.168.3.1*,2,170,1,77,1,93
44:3D:54:BE:12:3C,ALL,udp:49725,192.168.3.105*,2,170,1,93,1,77
44:3D:54:BE:12:3C,ALL,udp:24017,192.168.3.1*,2,242,1,89,1,153
44:3D:54:BE:12:3C,ALL,udp:24017,192.168.3.105*,2,242,1,153,1,89
44:3D:54:BE:12:3C,ALL,udp:58941,192.168.3.1*,2,368,1,120,1,248
44:3D:54:BE:12:3C,ALL,udp:58941,192.168.3.105*,2,368,1,248,1,120
44:3D:54:BE:12:3C,ALL,udp:61930,192.168.3.1*,2,242,1,89,1,153
44:3D:54:BE:12:3C,ALL,udp:61930,192.168.3.105*,2,242,1,153,1,89
44:3D:54:BE:12:3C,ALL,udp:50877,192.168.3.1*,2,253,1,79,1,174
44:3D:54:BE:12:3C,ALL,udp:50877,192.168.3.105*,2,253,1,174,1,79
44:3D:54:BE:12:3C,ALL,udp:5960,192.168.3.1*,2,253,1,79,1,174
44:3D:54:BE:12:3C,ALL,udp:5960,192.168.3.105*,2,253,1,174,1,79
44:3D:54:BE:12:3C,ALL,udp:27572,192.168.3.1*,2,242,1,89,1,153
44:3D:54:BE:12:3C,ALL,udp:27572,192.168.3.105*,2,242,1,153,1,89
44:3D:54:BE:12:3C,ALL,udp:18236,192.168.3.1*,2,170,1,77,1,93
44:3D:54:BE:12:3C,ALL,udp:18236,192.168.3.105*,2,170,1,93,1,77
44:3D:54:BE:12:3C,ALL,udp:33803,192.168.3.1*,2,242,1,89,1,153
44:3D:54:BE:12:3C,ALL,udp:33803,192.168.3.105*,2,242,1,153,1,89
44:3D:54:BE:12:3C,ALL,udp:17662,192.168.3.1*,2,253,1,79,1,174
44:3D:54:BE:12:3C,ALL,udp:17662,192.168.3.105*,2,253,1,174,1,79
44:3D:54:BE:12:3C,ALL,udp:9595,192.168.3.1*,2,228,1,90,1,138
44:3D:54:BE:12:3C,ALL,udp:9595,192.168.3.105*,2,228,1,138,1,90
44:3D:54:BE:12:3C,ALL,udp:58947,192.168.3.1*,2,253,1,79,1,174
44:3D:54:BE:12:3C,ALL,udp:58947,192.168.3.105*,2,253,1,174,1,79
44:3D:54:BE:12:3C,ALL,udp:29125,192.168.3.1*,2,242,1,89,1,153
44:3D:54:BE:12:3C,ALL,udp:29125,192.168.3.105*,2,242,1,153,1,89
44:3D:54:BE:12:3C,ALL,udp:32004,192.168.3.1*,2,253,1,79,1,174
44:3D:54:BE:12:3C,ALL,udp:32004,192.168.3.105*,2,253,1,174,1,79
44:3D:54:BE:12:3C,ALL,udp:28028,192.168.3.1*,2,253,1,79,1,174
44:3D:54:BE:12:3C,ALL,udp:28028,192.168.3.105*,2,253,1,174,1,79
44:3D:54:BE:12:3C,ALL,udp:11305,192.168.3.1*,2,170,1,77,1,93
44:3D:54:BE:12:3C,ALL,udp:11305,192.168.3.105*,2,170,1,93,1,77
44:3D:54:BE:12:3C,ALL,udp:61896,192.168.3.1*,2,253,1,79,1,174
44:3D:54:BE:12:3C,ALL,udp:61896,192.168.3.105*,2,253,1,174,1,79
44:3D:54:BE:12:3C,ALL,udp:46591,192.168.3.1*,2,242,1,89,1,153
44:3D:54:BE:12:3C,ALL,udp:46591,192.168.3.105*,2,242,1,153,1,89
44:3D:54:BE:12:3C,ALL,udp:2766,192.168.3.1*,2,258,1,97,1,161
44:3D:54:BE:12:3C,ALL,udp:2766,192.168.3.105*,2,258,1,161,1,97
44:3D:54:BE:12:3C,ALL,udp:15691,192.168.3.1*,2,170,1,77,1,93
44:3D:54:BE:12:3C,ALL,udp:15691,192.168.3.105*,2,170,1,93,1,77
44:3D:54:BE:12:3C,ALL,udp:10682,192.168.3.1*,2,242,1,89,1,153
44:3D:54:BE:12:3C,ALL,udp:10682,192.168.3.105*,2,242,1,153,1,89
44:3D:54:BE:12:3C,ALL,udp:44820,192.168.3.1*,2,253,1,79,1,174
44:3D:54:BE:12:3C,ALL,udp:44820,192.168.3.105*,2,253,1,174,1,79
44:3D:54:BE:12:3C,ALL,udp:63288,192.168.3.1*,2,170,1,77,1,93
44:3D:54:BE:12:3C,ALL,udp:63288,192.168.3.105*,2,170,1,93,1,77
44:3D:54:BE:12:3C,ALL,udp:49004,192.168.3.1*,2,253,1,79,1,174
44:3D:54:BE:12:3C,ALL,udp:49004,192.168.3.105*,2,253,1,174,1,79
44:3D:54:BE:12:3C,ALL,udp:12101,192.168.3.1*,2,253,1,79,1,174
44:3D:54:BE:12:3C,ALL,udp:12101,192.168.3.105*,2,253,1,174,1,79
44:3D:54:BE:12:3C,ALL,udp:20910,192.168.3.1*,2,242,1,89,1,153
44:3D:54:BE:12:3C,ALL,udp:20910,192.168.3.105*,2,242,1,153,1,89
44:3D:54:BE:12:3C,ALL,udp:33062,192.168.3.1*,2,228,1,90,1,138
44:3D:54:BE:12:3C,ALL,udp:33062,192.168.3.105*,2,228,1,138,1,90
44:3D:54:BE:12:3C,ALL,udp:50018,192.168.3.1*,2,253,1,79,1,174
44:3D:54:BE:12:3C,ALL,udp:50018,192.168.3.105*,2,253,1,174,1,79
44:3D:54:BE:12:3C,ALL,udp:64061,192.168.3.1*,2,242,1,89,1,153
44:3D:54:BE:12:3C,ALL,udp:64061,192.168.3.105*,2,242,1,153,1,89
44:3D:54:BE:12:3C,ALL,udp:29172,192.168.3.1*,2,164,1,74,1,90
44:3D:54:BE:12:3C,ALL,udp:29172,192.168.3.105*,2,164,1,90,1,74
44:3D:54:BE:12:3C,ALL,udp:24660,192.168.3.1*,2,242,1,89,1,153
44:3D:54:BE:12:3C,ALL,udp:24660,192.168.3.105*,2,242,1,153,1,89
44:3D:54:BE:12:3C,ALL,udp:4241,192.168.3.1*,2,170,1,77,1,93
44:3D:54:BE:12:3C,ALL,udp:4241,192.168.3.105*,2,170,1,93,1,77
44:3D:54:BE:12:3C,ALL,udp:24743,192.168.3.1*,2,253,1,79,1,174
44:3D:54:BE:12:3C,ALL,udp:24743,192.168.3.105*,2,253,1,174,1,79
44:3D:54:BE:12:3C,ALL,udp:55065,192.168.3.1*,2,253,1,79,1,174
44:3D:54:BE:12:3C,ALL,udp:55065,192.168.3.105*,2,253,1,174,1,79
44:3D:54:BE:12:3C,ALL,udp:42536,192.168.3.1*,2,242,1,89,1,153
44:3D:54:BE:12:3C,ALL,udp:42536,192.168.3.105*,2,242,1,153,1,89
44:3D:54:BE:12:3C,ALL,udp:1512,192.168.3.1*,2,180,1,82,1,98
44:3D:54:BE:12:3C,ALL,udp:1512,192.168.3.105*,2,180,1,98,1,82
44:3D:54:BE:12:3C,ALL,udp:10933,192.168.3.1*,2,253,1,79,1,174
44:3D:54:BE:12:3C,ALL,udp:10933,192.168.3.105*,2,253,1,174,1,79
44:3D:54:BE:12:3C,ALL,udp:19835,192.168.3.1*,2,368,1,120,1,248
44:3D:54:BE:12:3C,ALL,udp:19835,192.168.3.105*,2,368,1,248,1,120
44:3D:54:BE:12:3C,ALL,udp:15463,192.168.3.1*,2,242,1,89,1,153
44:3D:54:BE:12:3C,ALL,udp:15463,192.168.3.105*,2,242,1,153,1,89
44:3D:54:BE:12:3C,ALL,udp:46534,192.168.3.1*,2,253,1,79,1,174
44:3D:54:BE:12:3C,ALL,udp:46534,192.168.3.105*,2,253,1,174,1,79
44:3D:54:BE:12:3C,ALL,udp:41473,192.168.3.1*,2,242,1,89,1,153
44:3D:54:BE:12:3C,ALL,udp:41473,192.168.3.105*,2,242,1,153,1,89
44:3D:54:BE:12:3C,ALL,udp:49258,192.168.3.1*,2,253,1,79,1,174
44:3D:54:BE:12:3C,ALL,udp:49258,192.168.3.105*,2,253,1,174,1,79
44:3D:54:BE:12:3C,ALL,udp:12903,192.168.3.1*,2,170,1,77,1,93
44:3D:54:BE:12:3C,ALL,udp:12903,192.168.3.105*,2,170,1,93,1,77
44:3D:54:BE:12:3C,ALL,udp:27674,192.168.3.1*,2,253,1,79,1,174
44:3D:54:BE:12:3C,ALL,udp:27674,192.168.3.105*,2,253,1,174,1,79
44:3D:54:BE:12:3C,ALL,udp:46978,192.168.3.1*,2,242,1,89,1,153
44:3D:54:BE:12:3C,ALL,udp:46978,192.168.3.105*,2,242,1,153,1,89
44:3D:54:BE:12:3C,ALL,udp:46787,192.168.3.1*,2,228,1,90,1,138
44:3D:54:BE:12:3C,ALL,udp:46787,192.168.3.105*,2,228,1,138,1,90
44:3D:54:BE:12:3C,ALL,udp:3861,192.168.3.1*,2,242,1,89,1,153
44:3D:54:BE:12:3C,ALL,udp:3861,192.168.3.105*,2,242,1,153,1,89
44:3D:54:BE:12:3C,ALL,udp:51344,192.168.3.1*,2,401,1,86,1,315
44:3D:54:BE:12:3C,ALL,udp:51344,192.168.3.105*,2,401,1,315,1,86
44:3D:54:BE:12:3C,ALL,udp:35963,192.168.3.1*,2,242,1,89,1,153
44:3D:54:BE:12:3C,ALL,udp:35963,192.168.3.105*,2,242,1,153,1,89
44:3D:54:BE:12:3C,ALL,udp:37047,192.168.3.1*,2,253,1,79,1,174
44:3D:54:BE:12:3C,ALL,udp:37047,192.168.3.105*,2,253,1,174,1,79
44:3D:54:BE:12:3C,ALL,udp:1042,192.168.3.1*,2,242,1,89,1,153
44:3D:54:BE:12:3C,ALL,udp:1042,192.168.3.105*,2,242,1,153,1,89
44:3D:54:BE:12:3C,ALL,udp:10140,192.168.3.1*,2,170,1,77,1,93
44:3D:54:BE:12:3C,ALL,udp:10140,192.168.3.105*,2,170,1,93,1,77
44:3D:54:BE:12:3C,ALL,udp:10850,192.168.3.1*,2,253,1,79,1,174
44:3D:54:BE:12:3C,ALL,udp:10850,192.168.3.105*,2,253,1,174,1,79
44:3D:54:BE:12:3C,ALL,udp:31479,192.168.3.1*,2,253,1,79,1,174
44:3D:54:BE:12:3C,ALL,udp:31479,192.168.3.105*,2,253,1,174,1,79
44:3D:54:BE:12:3C,ALL,udp:57243,192.168.3.1*,2,242,1,89,1,153
44:3D:54:BE:12:3C,ALL,udp:57243,192.168.3.105*,2,242,1,153,1,89
44:3D:54:BE:12:3C,ALL,udp:21653,192.168.3.1*,2,230,1,83,1,147
44:3D:54:BE:12:3C,ALL,udp:21653,192.168.3.105*,2,230,1,147,1,83
44:3D:54:BE:12:3C,ALL,udp:18222,192.168.3.1*,2,368,1,120,1,248
44:3D:54:BE:12:3C,ALL,udp:18222,192.168.3.105*,2,368,1,248,1,120
44:3D:54:BE:12:3C,ALL,udp:17773,192.168.3.1*,2,172,1,78,1,94
44:3D:54:BE:12:3C,ALL,udp:17773,192.168.3.105*,2,172,1,94,1,78
44:3D:54:BE:12:3C,ALL,udp:11495,192.168.3.1*,2,237,1,83,1,154
44:3D:54:BE:12:3C,ALL,udp:11495,192.168.3.105*,2,237,1,154,1,83
44:3D:54:BE:12:3C,ALL,udp:4700,192.168.3.1*,2,230,1,83,1,147
44:3D:54:BE:12:3C,ALL,udp:4700,192.168.3.105*,2,230,1,147,1,83
44:3D:54:BE:12:3C,ALL,udp:29826,192.168.3.1*,2,242,1,89,1,153
44:3D:54:BE:12:3C,ALL,udp:29826,192.168.3.105*,2,242,1,153,1,89
44:3D:54:BE:12:3C,ALL,udp:3136,192.168.3.1*,2,253,1,79,1,174
44:3D:54:BE:12:3C,ALL,udp:3136,192.168.3.105*,2,253,1,174,1,79
44:3D:54:BE:12:3C,ALL,udp:49479,192.168.3.1*,2,242,1,89,1,153
44:3D:54:BE:12:3C,ALL,udp:49479,192.168.3.105*,2,242,1,153,1,89
44:3D:54:BE:12:3C,ALL,udp:42239,192.168.3.1*,2,253,1,79,1,174
44:3D:54:BE:12:3C,ALL,udp:42239,192.168.3.105*,2,253,1,174,1,79
44:3D:54:BE:12:3C,ALL,udp:35385,192.168.3.1*,2,253,1,79,1,174
44:3D:54:BE:12:3C,ALL,udp:35385,192.168.3.105*,2,253,1,174,1,79
44:3D:54:BE:12:3C,ALL,udp:65330,192.168.3.1*,2,170,1,77,1,93
44:3D:54:BE:12:3C,ALL,udp:65330,192.168.3.105*,2,170,1,93,1,77
44:3D:54:BE:12:3C,ALL,udp:8632,192.168.3.1*,2,228,1,90,1,138
44:3D:54:BE:12:3C,ALL,udp:8632,192.168.3.105*,2,228,1,138,1,90
44:3D:54:BE:12:3C,ALL,udp:1037,192.168.3.1*,2,242,1,89,1,153
44:3D:54:BE:12:3C,ALL,udp:1037,192.168.3.105*,2,242,1,153,1,89
44:3D:54:BE:12:3C,ALL,udp:62529,192.168.3.1*,2,242,1,89,1,153
44:3D:54:BE:12:3C,ALL,udp:62529,192.168.3.105*,2,242,1,153,1,89
44:3D:54:BE:12:3C,ALL,udp:52489,192.168.3.1*,2,164,1,74,1,90
44:3D:54:BE:12:3C,ALL,udp:52489,192.168.3.105*,2,164,1,90,1,74
44:3D:54:BE:12:3C,ALL,udp:3530,192.168.3.1*,2,242,1,89,1,153
44:3D:54:BE:12:3C,ALL,udp:3530,192.168.3.105*,2,242,1,153,1,89
44:3D:54:BE:12:3C,ALL,udp:2840,192.168.3.1*,2,253,1,79,1,174
44:3D:54:BE:12:3C,ALL,udp:2840,192.168.3.105*,2,253,1,174,1,79
44:3D:54:BE:12:3C,ALL,udp:24879,192.168.3.1*,2,170,1,77,1,93
44:3D:54:BE:12:3C,ALL,udp:24879,192.168.3.105*,2,170,1,93,1,77
44:3D:54:BE:12:3C,ALL,udp:59230,192.168.3.1*,2,253,1,79,1,174
44:3D:54:BE:12:3C,ALL,udp:59230,192.168.3.105*,2,253,1,174,1,79
44:3D:54:BE:12:3C,ALL,udp:41517,192.168.3.1*,2,242,1,89,1,153
44:3D:54:BE:12:3C,ALL,udp:41517,192.168.3.105*,2,242,1,153,1,89
44:3D:54:BE:12:3C,ALL,udp:30078,192.168.3.1*,2,253,1,79,1,174
44:3D:54:BE:12:3C,ALL,udp:30078,192.168.3.105*,2,253,1,174,1,79
44:3D:54:BE:12:3C,ALL,udp:29724,192.168.3.1*,2,230,1,83,1,147
44:3D:54:BE:12:3C,ALL,udp:29724,192.168.3.105*,2,230,1,147,1,83
44:3D:54:BE:12:3C,ALL,udp:31756,192.168.3.1*,2,368,1,120,1,248
44:3D:54:BE:12:3C,ALL,udp:31756,192.168.3.105*,2,368,1,248,1,120
44:3D:54:BE:12:3C,ALL,udp:1224,192.168.3.1*,2,242,1,89,1,153
44:3D:54:BE:12:3C,ALL,udp:1224,192.168.3.105*,2,242,1,153,1,89
44:3D:54:BE:12:3C,ALL,udp:59324,192.168.3.1*,2,242,1,89,1,153
44:3D:54:BE:12:3C,ALL,udp:59324,192.168.3.105*,2,242,1,153,1,89
44:3D:54:BE:12:3C,ALL,udp:51127,192.168.3.1*,2,253,1,79,1,174
44:3D:54:BE:12:3C,ALL,udp:51127,192.168.3.105*,2,253,1,174,1,79
44:3D:54:BE:12:3C,ALL,udp:1547,192.168.3.1*,2,253,1,79,1,174
44:3D:54:BE:12:3C,ALL,udp:1547,192.168.3.105*,2,253,1,174,1,79
44:3D:54:BE:12:3C,ALL,udp:51442,192.168.3.1*,2,170,1,77,1,93
44:3D:54:BE:12:3C,ALL,udp:51442,192.168.3.105*,2,170,1,93,1,77
44:3D:54:BE:12:3C,ALL,udp:60893,192.168.3.1*,2,253,1,79,1,174
44:3D:54:BE:12:3C,ALL,udp:60893,192.168.3.105*,2,253,1,174,1,79
44:3D:54:BE:12:3C,ALL,udp:10281,192.168.3.1*,2,242,1,89,1,153
44:3D:54:BE:12:3C,ALL,udp:10281,192.168.3.105*,2,242,1,153,1,89
44:3D:54:BE:12:3C,ALL,udp:48584,192.168.3.1*,2,253,1,79,1,174
44:3D:54:BE:12:3C,ALL,udp:48584,192.168.3.105*,2,253,1,174,1,79
44:3D:54:BE:12:3C,ALL,udp:64771,192.168.3.1*,2,242,1,89,1,153
44:3D:54:BE:12:3C,ALL,udp:64771,192.168.3.105*,2,242,1,153,1,89
44:3D:54:BE:12:3C,ALL,udp:8107,192.168.3.1*,2,253,1,79,1,174
44:3D:54:BE:12:3C,ALL,udp:8107,192.168.3.105*,2,253,1,174,1,79
44:3D:54:BE:12:3C,ALL,udp:16286,192.168.3.1*,2,164,1,74,1,90
44:3D:54:BE:12:3C,ALL,udp:16286,192.168.3.105*,2,164,1,90,1,74
44:3D:54:BE:12:3C,ALL,udp:37004,192.168.3.1*,2,253,1,79,1,174
44:3D:54:BE:12:3C,ALL,udp:37004,192.168.3.105*,2,253,1,174,1,79
44:3D:54:BE:12:3C,ALL,udp:56151,192.168.3.1*,2,242,1,89,1,153
44:3D:54:BE:12:3C,ALL,udp:56151,192.168.3.105*,2,242,1,153,1,89
44:3D:54:BE:12:3C,ALL,udp:43720,192.168.3.1*,2,170,1,77,1,93
44:3D:54:BE:12:3C,ALL,udp:43720,192.168.3.105*,2,170,1,93,1,77
44:3D:54:BE:12:3C,ALL,udp:2296,192.168.3.1*,2,253,1,79,1,174
44:3D:54:BE:12:3C,ALL,udp:2296,192.168.3.105*,2,253,1,174,1,79
44:3D:54:BE:12:3C,ALL,udp:21764,192.168.3.1*,2,242,1,89,1,153
44:3D:54:BE:12:3C,ALL,udp:21764,192.168.3.105*,2,242,1,153,1,89
44:3D:54:BE:12:3C,ALL,udp:1783,192.168.3.1*,2,368,1,120,1,248
44:3D:54:BE:12:3C,ALL,udp:1783,192.168.3.105*,2,368,1,248,1,120
44:3D:54:BE:12:3C,ALL,udp:53847,192.168.3.1*,2,242,1,89,1,153
44:3D:54:BE:12:3C,ALL,udp:53847,192.168.3.105*,2,242,1,153,1,89
44:3D:54:BE:12:3C,ALL,udp:18986,192.168.3.1*,2,253,1,79,1,174
44:3D:54:BE:12:3C,ALL,udp:18986,192.168.3.105*,2,253,1,174,1,79
44:3D:54:BE:12:3C,ALL,udp:5531,192.168.3.1*,2,242,1,89,1,153
44:3D:54:BE:12:3C,ALL,udp:5531,192.168.3.105*,2,242,1,153,1,89
44:3D:54:BE:12:3C,ALL,udp:21033,192.168.3.1*,2,170,1,77,1,93
44:3D:54:BE:12:3C,ALL,udp:21033,192.168.3.105*,2,170,1,93,1,77
44:3D:54:BE:12:3C,ALL,udp:16589,192.168.3.1*,2,228,1,90,1,138
44:3D:54:BE:12:3C,ALL,udp:16589,192.168.3.105*,2,228,1,138,1,90
44:3D:54:BE:12:3C,ALL,udp:48867,192.168.3.1*,2,253,1,79,1,174
44:3D:54:BE:12:3C,ALL,udp:48867,192.168.3.105*,2,253,1,174,1,79
44:3D:54:BE:12:3C,ALL,udp:58772,192.168.3.1*,2,242,1,89,1,153
44:3D:54:BE:12:3C,ALL,udp:58772,192.168.3.105*,2,242,1,153,1,89
44:3D:54:BE:12:3C,ALL,udp:57378,192.168.3.1*,2,253,1,79,1,174
44:3D:54:BE:12:3C,ALL,udp:57378,192.168.3.105*,2,253,1,174,1,79
44:3D:54:BE:12:3C,ALL,udp:8134,192.168.3.1*,2,253,1,79,1,174
44:3D:54:BE:12:3C,ALL,udp:8134,192.168.3.105*,2,253,1,174,1,79
44:3D:54:BE:12:3C,ALL,udp:6118,192.168.3.1*,2,242,1,89,1,153
44:3D:54:BE:12:3C,ALL,udp:6118,192.168.3.105*,2,242,1,153,1,89
44:3D:54:BE:12:3C,ALL,udp:48437,192.168.3.1*,2,164,1,74,1,90
44:3D:54:BE:12:3C,ALL,udp:48437,192.168.3.105*,2,164,1,90,1,74
44:3D:54:BE:12:3C,ALL,udp:34763,192.168.3.1*,2,253,1,79,1,174
44:3D:54:BE:12:3C,ALL,udp:34763,192.168.3.105*,2,253,1,174,1,79
44:3D:54:BE:12:3C,ALL,udp:26173,192.168.3.1*,2,242,1,89,1,153
44:3D:54:BE:12:3C,ALL,udp:26173,192.168.3.105*,2,242,1,153,1,89
44:3D:54:BE:12:3C,ALL,udp:26721,192.168.3.1*,2,164,1,74,1,90
44:3D:54:BE:12:3C,ALL,udp:26721,192.168.3.105*,2,164,1,90,1,74
44:3D:54:BE:12:3C,ALL,udp:9654,192.168.3.1*,2,170,1,77,1,93
44:3D:54:BE:12:3C,ALL,udp:9654,192.168.3.105*,2,170,1,93,1,77
44:3D:54:BE:12:3C,ALL,udp:53947,192.168.3.1*,2,242,1,89,1,153
44:3D:54:BE:12:3C,ALL,udp:53947,192.168.3.105*,2,242,1,153,1,89
44:3D:54:BE:12:3C,ALL,udp:36390,192.168.3.1*,2,253,1,79,1,174
44:3D:54:BE:12:3C,ALL,udp:36390,192.168.3.105*,2,253,1,174,1,79
44:3D:54:BE:12:3C,ALL,udp:12806,192.168.3.1*,2,368,1,120,1,248
44:3D:54:BE:12:3C,ALL,udp:12806,192.168.3.105*,2,368,1,248,1,120
44:3D:54:BE:12:3C,ALL,udp:23225,192.168.3.1*,2,242,1,89,1,153
44:3D:54:BE:12:3C,ALL,udp:23225,192.168.3.105*,2,242,1,153,1,89
44:3D:54:BE:12:3C,ALL,udp:30477,192.168.3.1*,2,253,1,79,1,174
44:3D:54:BE:12:3C,ALL,udp:30477,192.168.3.105*,2,253,1,174,1,79
44:3D:54:BE:12:3C,ALL,udp:42386,192.168.3.1*,2,253,1,79,1,174
44:3D:54:BE:12:3C,ALL,udp:42386,192.168.3.105*,2,253,1,174,1,79
44:3D:54:BE:12:3C,ALL,udp:34283,192.168.3.1*,2,242,1,89,1,153
44:3D:54:BE:12:3C,ALL,udp:34283,192.168.3.105*,2,242,1,153,1,89
44:3D:54:BE:12:3C,ALL,udp:4737,192.168.3.1*,2,228,1,90,1,138
44:3D:54:BE:12:3C,ALL,udp:4737,192.168.3.105*,2,228,1,138,1,90
44:3D:54:BE:12:3C,ALL,udp:31233,192.168.3.1*,2,170,1,77,1,93
44:3D:54:BE:12:3C,ALL,udp:31233,192.168.3.105*,2,170,1,93,1,77
44:3D:54:BE:12:3C,ALL,udp:50526,192.168.3.1*,2,242,1,89,1,153
44:3D:54:BE:12:3C,ALL,udp:50526,192.168.3.105*,2,242,1,153,1,89
44:3D:54:BE:12:3C,ALL,udp:62736,192.168.3.1*,2,253,1,79,1,174
44:3D:54:BE:12:3C,ALL,udp:62736,192.168.3.105*,2,253,1,174,1,79
44:3D:54:BE:12:3C,ALL,udp:2165,192.168.3.1*,2,210,1,86,1,124
44:3D:54:BE:12:3C,ALL,udp:2165,192.168.3.105*,2,210,1,124,1,86
44:3D:54:BE:12:3C,ALL,udp:51038,192.168.3.1*,2,253,1,79,1,174
44:3D:54:BE:12:3C,ALL,udp:51038,192.168.3.105*,2,253,1,174,1,79
44:3D:54:BE:12:3C,ALL,udp:6734,192.168.3.1*,2,242,1,89,1,153
44:3D:54:BE:12:3C,ALL,udp:6734,192.168.3.105*,2,242,1,153,1,89
44:3D:54:BE:12:3C,ALL,udp:8965,192.168.3.1*,2,170,1,77,1,93
44:3D:54:BE:12:3C,ALL,udp:8965,192.168.3.105*,2,170,1,93,1,77
44:3D:54:BE:12:3C,ALL,udp:5816,192.168.3.1*,2,253,1,79,1,174
44:3D:54:BE:12:3C,ALL,udp:5816,192.168.3.105*,2,253,1,174,1,79
44:3D:54:BE:12:3C,ALL,udp:27756,192.168.3.1*,2,253,1,79,1,174
44:3D:54:BE:12:3C,ALL,udp:27756,192.168.3.105*,2,253,1,174,1,79
44:3D:54:BE:12:3C,ALL,udp:62853,192.168.3.1*,2,253,1,79,1,174
44:3D:54:BE:12:3C,ALL,udp:62853,192.168.3.105*,2,253,1,174,1,79
44:3D:54:BE:12:3C,ALL,udp:49437,192.168.3.1*,2,242,1,89,1,153
44:3D:54:BE:12:3C,ALL,udp:49437,192.168.3.105*,2,242,1,153,1,89
44:3D:54:BE:12:3C,ALL,udp:23120,192.168.3.1*,2,253,1,79,1,174
44:3D:54:BE:12:3C,ALL,udp:23120,192.168.3.105*,2,253,1,174,1,79
44:3D:54:BE:12:3C,ALL,udp:26249,192.168.3.1*,2,368,1,120,1,248
44:3D:54:BE:12:3C,ALL,udp:26249,192.168.3.105*,2,368,1,248,1,120
44:3D:54:BE:12:3C,ALL,udp:15518,192.168.3.1*,2,242,1,89,1,153
44:3D:54:BE:12:3C,ALL,udp:15518,192.168.3.105*,2,242,1,153,1,89
44:3D:54:BE:12:3C,ALL,udp:59556,192.168.3.1*,2,253,1,79,1,174
44:3D:54:BE:12:3C,ALL,udp:59556,192.168.3.105*,2,253,1,174,1,79
44:3D:54:BE:12:3C,ALL,udp:54151,192.168.3.1*,2,242,1,89,1,153
44:3D:54:BE:12:3C,ALL,udp:54151,192.168.3.105*,2,242,1,153,1,89
44:3D:54:BE:12:3C,ALL,udp:61095,192.168.3.1*,2,228,1,90,1,138
44:3D:54:BE:12:3C,ALL,udp:61095,192.168.3.105*,2,228,1,138,1,90
44:3D:54:BE:12:3C,ALL,udp:35023,192.168.3.1*,2,170,1,77,1,93
44:3D:54:BE:12:3C,ALL,udp:35023,192.168.3.105*,2,170,1,93,1,77
44:3D:54:BE:12:3C,ALL,udp:10061,192.168.3.1*,2,253,1,79,1,174
44:3D:54:BE:12:3C,ALL,udp:10061,192.168.3.105*,2,253,1,174,1,79
44:3D:54:BE:12:3C,ALL,udp:7965,192.168.3.1*,2,242,1,89,1,153
44:3D:54:BE:12:3C,ALL,udp:7965,192.168.3.105*,2,242,1,153,1,89
44:3D:54:BE:12:3C,ALL,udp:49162,192.168.3.1*,2,253,1,79,1,174
44:3D:54:BE:12:3C,ALL,udp:49162,192.168.3.105*,2,253,1,174,1,79
44:3D:54:BE:12:3C,ALL,udp:37175,192.168.3.1*,2,164,1,74,1,90
44:3D:54:BE:12:3C,ALL,udp:37175,192.168.3.105*,2,164,1,90,1,74
44:3D:54:BE:12:3C,ALL,udp:46695,192.168.3.1*,2,242,1,89,1,153
44:3D:54:BE:12:3C,ALL,udp:46695,192.168.3.105*,2,242,1,153,1,89
44:3D:54:BE:12:3C,ALL,udp:20740,192.168.3.1*,2,242,1,89,1,153
44:3D:54:BE:12:3C,ALL,udp:20740,192.168.3.105*,2,242,1,153,1,89
44:3D:54:BE:12:3C,ALL,udp:10798,192.168.3.1*,2,170,1,77,1,93
44:3D:54:BE:12:3C,ALL,udp:10798,192.168.3.105*,2,170,1,93,1,77
44:3D:54:BE:12:3C,ALL,udp:14065,192.168.3.1*,2,253,1,79,1,174
44:3D:54:BE:12:3C,ALL,udp:14065,192.168.3.105*,2,253,1,174,1,79
44:3D:54:BE:12:3C,ALL,udp:58658,192.168.3.1*,2,242,1,89,1,153
44:3D:54:BE:12:3C,ALL,udp:58658,192.168.3.105*,2,242,1,153,1,89
44:3D:54:BE:12:3C,ALL,udp:37301,192.168.3.1*,2,253,1,79,1,174
44:3D:54:BE:12:3C,ALL,udp:37301,192.168.3.105*,2,253,1,174,1,79
44:3D:54:BE:12:3C,ALL,udp:46687,192.168.3.1*,2,382,1,102,1,280
44:3D:54:BE:12:3C,ALL,udp:46687,192.168.3.105*,2,382,1,280,1,102
44:3D:54:BE:12:3C,ALL,udp:26973,192.168.3.1*,2,368,1,120,1,248
44:3D:54:BE:12:3C,ALL,udp:26973,192.168.3.105*,2,368,1,248,1,120
44:3D:54:BE:12:3C,ALL,udp:17103,192.168.3.1*,2,242,1,89,1,153
44:3D:54:BE:12:3C,ALL,udp:17103,192.168.3.105*,2,242,1,153,1,89
44:3D:54:BE:12:3C,ALL,udp:60200,192.168.3.1*,2,228,1,90,1,138
44:3D:54:BE:12:3C,ALL,udp:60200,192.168.3.105*,2,228,1,138,1,90
44:3D:54:BE:12:3C,ALL,udp:64943,192.168.3.1*,2,242,1,89,1,153
44:3D:54:BE:12:3C,ALL,udp:64943,192.168.3.105*,2,242,1,153,1,89
44:3D:54:BE:12:3C,ALL,udp:43584,192.168.3.1*,2,170,1,77,1,93
44:3D:54:BE:12:3C,ALL,udp:43584,192.168.3.105*,2,170,1,93,1,77
44:3D:54:BE:12:3C,ALL,udp:26743,192.168.3.1*,2,253,1,79,1,174
44:3D:54:BE:12:3C,ALL,udp:26743,192.168.3.105*,2,253,1,174,1,79
44:3D:54:BE:12:3C,ALL,udp:12124,192.168.3.1*,2,253,1,79,1,174
44:3D:54:BE:12:3C,ALL,udp:12124,192.168.3.105*,2,253,1,174,1,79
44:3D:54:BE:12:3C,ALL,udp:28251,192.168.3.1*,2,242,1,89,1,153
44:3D:54:BE:12:3C,ALL,udp:28251,192.168.3.105*,2,242,1,153,1,89
44:3D:54:BE:12:3C,ALL,udp:41460,192.168.3.1*,2,253,1,79,1,174
44:3D:54:BE:12:3C,ALL,udp:41460,192.168.3.105*,2,253,1,174,1,79
44:3D:54:BE:12:3C,ALL,udp:53035,192.168.3.1*,2,253,1,79,1,174
44:3D:54:BE:12:3C,ALL,udp:53035,192.168.3.105*,2,253,1,174,1,79
44:3D:54:BE:12:3C,ALL,udp:38658,192.168.3.1*,2,242,1,89,1,153
44:3D:54:BE:12:3C,ALL,udp:38658,192.168.3.105*,2,242,1,153,1,89
44:3D:54:BE:12:3C,ALL,udp:23401,192.168.3.1*,2,242,1,89,1,153
44:3D:54:BE:12:3C,ALL,udp:23401,192.168.3.105*,2,242,1,153,1,89
44:3D:54:BE:12:3C,ALL,udp:24897,192.168.3.1*,2,170,1,77,1,93
44:3D:54:BE:12:3C,ALL,udp:24897,192.168.3.105*,2,170,1,93,1,77
44:3D:54:BE:12:3C,ALL,udp:31196,192.168.3.1*,2,253,1,79,1,174
44:3D:54:BE:12:3C,ALL,udp:31196,192.168.3.105*,2,253,1,174,1,79
44:3D:54:BE:12:3C,ALL,udp:34853,192.168.3.1*,2,253,1,79,1,174
44:3D:54:BE:12:3C,ALL,udp:34853,192.168.3.105*,2,253,1,174,1,79
44:3D:54:BE:12:3C,ALL,udp:64295,192.168.3.1*,2,242,1,89,1,153
44:3D:54:BE:12:3C,ALL,udp:64295,192.168.3.105*,2,242,1,153,1,89
44:3D:54:BE:12:3C,ALL,udp:19593,192.168.3.1*,2,253,1,79,1,174
44:3D:54:BE:12:3C,ALL,udp:19593,192.168.3.105*,2,253,1,174,1,79
44:3D:54:BE:12:3C,ALL,udp:1497,192.168.3.1*,2,368,1,120,1,248
44:3D:54:BE:12:3C,ALL,udp:1497,192.168.3.105*,2,368,1,248,1,120
44:3D:54:BE:12:3C,ALL,udp:47130,192.168.3.1*,2,228,1,90,1,138
44:3D:54:BE:12:3C,ALL,udp:47130,192.168.3.105*,2,228,1,138,1,90
44:3D:54:BE:12:3C,ALL,udp:45013,192.168.3.1*,2,242,1,89,1,153
44:3D:54:BE:12:3C,ALL,udp:45013,192.168.3.105*,2,242,1,153,1,89
44:3D:54:BE:12:3C,ALL,udp:36933,192.168.3.1*,2,253,1,79,1,174
44:3D:54:BE:12:3C,ALL,udp:36933,192.168.3.105*,2,253,1,174,1,79
44:3D:54:BE:12:3C,ALL,udp:37363,192.168.3.1*,2,253,1,79,1,174
44:3D:54:BE:12:3C,ALL,udp:37363,192.168.3.105*,2,253,1,174,1,79
44:3D:54:BE:12:3C,ALL,udp:32398,192.168.3.1*,2,170,1,77,1,93
44:3D:54:BE:12:3C,ALL,udp:32398,192.168.3.105*,2,170,1,93,1,77
44:3D:54:BE:12:3C,ALL,udp:59266,192.168.3.1*,2,242,1,89,1,153
44:3D:54:BE:12:3C,ALL,udp:59266,192.168.3.105*,2,242,1,153,1,89
44:3D:54:BE:12:3C,ALL,udp:57406,192.168.3.1*,2,164,1,74,1,90
44:3D:54:BE:12:3C,ALL,udp:57406,192.168.3.105*,2,164,1,90,1,74
44:3D:54:BE:12:3C,ALL,udp:21669,192.168.3.1*,2,242,1,89,1,153
44:3D:54:BE:12:3C,ALL,udp:21669,192.168.3.105*,2,242,1,153,1,89
44:3D:54:BE:12:3C,ALL,udp:52763,192.168.3.1*,2,242,1,89,1,153
44:3D:54:BE:12:3C,ALL,udp:52763,192.168.3.105*,2,242,1,153,1,89
44:3D:54:BE:12:3C,ALL,udp:43534,192.168.3.1*,2,170,1,77,1,93
44:3D:54:BE:12:3C,ALL,udp:43534,192.168.3.105*,2,170,1,93,1,77
44:3D:54:BE:12:3C,ALL,udp:9643,192.168.3.1*,2,253,1,79,1,174
44:3D:54:BE:12:3C,ALL,udp:9643,192.168.3.105*,2,253,1,174,1,79
44:3D:54:BE:12:3C,ALL,udp:12793,192.168.3.1*,2,242,1,89,1,153
44:3D:54:BE:12:3C,ALL,udp:12793,192.168.3.105*,2,242,1,153,1,89
44:3D:54:BE:12:3C,ALL,udp:28032,192.168.3.1*,2,253,1,79,1,174
44:3D:54:BE:12:3C,ALL,udp:28032,192.168.3.105*,2,253,1,174,1,79
44:3D:54:BE:12:3C,ALL,udp:41567,192.168.3.1*,2,368,1,120,1,248
44:3D:54:BE:12:3C,ALL,udp:41567,192.168.3.105*,2,368,1,248,1,120
44:3D:54:BE:12:3C,ALL,udp:42849,192.168.3.1*,2,253,1,79,1,174
44:3D:54:BE:12:3C,ALL,udp:42849,192.168.3.105*,2,253,1,174,1,79
44:3D:54:BE:12:3C,ALL,udp:8109,192.168.3.1*,2,228,1,90,1,138
44:3D:54:BE:12:3C,ALL,udp:8109,192.168.3.105*,2,228,1,138,1,90
44:3D:54:BE:12:3C,ALL,udp:8482,192.168.3.1*,2,253,1,79,1,174
44:3D:54:BE:12:3C,ALL,udp:8482,192.168.3.105*,2,253,1,174,1,79
44:3D:54:BE:12:3C,ALL,udp:20088,192.168.3.1*,2,242,1,89,1,153
44:3D:54:BE:12:3C,ALL,udp:20088,192.168.3.105*,2,242,1,153,1,89
44:3D:54:BE:12:3C,ALL,udp:58877,192.168.3.1*,2,253,1,79,1,174
44:3D:54:BE:12:3C,ALL,udp:58877,192.168.3.105*,2,253,1,174,1,79
44:3D:54:BE:12:3C,ALL,udp:64196,192.168.3.1*,2,253,1,79,1,174
44:3D:54:BE:12:3C,ALL,udp:64196,192.168.3.105*,2,253,1,174,1,79
44:3D:54:BE:12:3C,ALL,udp:7744,192.168.3.1*,2,242,1,89,1,153
44:3D:54:BE:12:3C,ALL,udp:7744,192.168.3.105*,2,242,1,153,1,89
44:3D:54:BE:12:3C,ALL,udp:40721,192.168.3.1*,2,242,1,89,1,153
44:3D:54:BE:12:3C,ALL,udp:40721,192.168.3.105*,2,242,1,153,1,89
44:3D:54:BE:12:3C,ALL,udp:43285,192.168.3.1*,2,253,1,79,1,174
44:3D:54:BE:12:3C,ALL,udp:43285,192.168.3.105*,2,253,1,174,1,79
44:3D:54:BE:12:3C,ALL,udp:21043,192.168.3.1*,2,242,1,89,1,153
44:3D:54:BE:12:3C,ALL,udp:21043,192.168.3.105*,2,242,1,153,1,89
44:3D:54:BE:12:3C,ALL,udp:28276,192.168.3.1*,2,170,1,77,1,93
44:3D:54:BE:12:3C,ALL,udp:28276,192.168.3.105*,2,170,1,93,1,77
44:3D:54:BE:12:3C,ALL,udp:41748,192.168.3.1*,2,253,1,79,1,174
44:3D:54:BE:12:3C,ALL,udp:41748,192.168.3.105*,2,253,1,174,1,79
44:3D:54:BE:12:3C,ALL,udp:39662,192.168.3.1*,2,242,1,89,1,153
44:3D:54:BE:12:3C,ALL,udp:39662,192.168.3.105*,2,242,1,153,1,89
44:3D:54:BE:12:3C,ALL,udp:13518,192.168.3.1*,2,368,1,120,1,248
44:3D:54:BE:12:3C,ALL,udp:13518,192.168.3.105*,2,368,1,248,1,120
44:3D:54:BE:12:3C,ALL,udp:6386,192.168.3.1*,2,242,1,89,1,153
44:3D:54:BE:12:3C,ALL,udp:6386,192.168.3.105*,2,242,1,153,1,89
44:3D:54:BE:12:3C,ALL,udp:11476,192.168.3.1*,2,228,1,90,1,138
44:3D:54:BE:12:3C,ALL,udp:11476,192.168.3.105*,2,228,1,138,1,90
44:3D:54:BE:12:3C,ALL,udp:40161,192.168.3.1*,2,242,1,89,1,153
44:3D:54:BE:12:3C,ALL,udp:40161,192.168.3.105*,2,242,1,153,1,89
44:3D:54:BE:12:3C,ALL,udp:62322,192.168.3.1*,2,170,1,77,1,93
44:3D:54:BE:12:3C,ALL,udp:62322,192.168.3.105*,2,170,1,93,1,77
44:3D:54:BE:12:3C,ALL,udp:24500,192.168.3.1*,2,242,1,89,1,153
44:3D:54:BE:12:3C,ALL,udp:24500,192.168.3.105*,2,242,1,153,1,89
44:3D:54:BE:12:3C,ALL,udp:18790,192.168.3.1*,2,253,1,79,1,174
44:3D:54:BE:12:3C,ALL,udp:18790,192.168.3.105*,2,253,1,174,1,79
44:3D:54:BE:12:3C,ALL,udp:1941,192.168.3.1*,2,164,1,74,1,90
44:3D:54:BE:12:3C,ALL,udp:1941,192.168.3.105*,2,164,1,90,1,74
44:3D:54:BE:12:3C,ALL,udp:16069,192.168.3.1*,2,253,1,79,1,174
44:3D:54:BE:12:3C,ALL,udp:16069,192.168.3.105*,2,253,1,174,1,79
44:3D:54:BE:12:3C,ALL,udp:41977,192.168.3.1*,2,253,1,79,1,174
44:3D:54:BE:12:3C,ALL,udp:41977,192.168.3.105*,2,253,1,174,1,79
44:3D:54:BE:12:3C,ALL,udp:61000,192.168.3.1*,2,242,1,89,1,153
44:3D:54:BE:12:3C,ALL,udp:61000,192.168.3.105*,2,242,1,153,1,89
44:3D:54:BE:12:3C,ALL,udp:20838,192.168.3.1*,2,242,1,89,1,153
44:3D:54:BE:12:3C,ALL,udp:20838,192.168.3.105*,2,242,1,153,1,89
44:3D:54:BE:12:3C,ALL,udp:62078,192.168.3.1*,2,170,1,77,1,93
44:3D:54:BE:12:3C,ALL,udp:62078,192.168.3.105*,2,170,1,93,1,77
44:3D:54:BE:12:3C,ALL,udp:42840,192.168.3.1*,2,253,1,79,1,174
44:3D:54:BE:12:3C,ALL,udp:42840,192.168.3.105*,2,253,1,174,1,79
44:3D:54:BE:12:3C,ALL,udp:49255,192.168.3.1*,2,253,1,79,1,174
44:3D:54:BE:12:3C,ALL,udp:49255,192.168.3.105*,2,253,1,174,1,79
44:3D:54:BE:12:3C,ALL,udp:8328,192.168.3.1*,2,242,1,89,1,153
44:3D:54:BE:12:3C,ALL,udp:8328,192.168.3.105*,2,242,1,153,1,89
44:3D:54:BE:12:3C,ALL,udp:19011,192.168.3.1*,2,253,1,79,1,174
44:3D:54:BE:12:3C,ALL,udp:19011,192.168.3.105*,2,253,1,174,1,79
44:3D:54:BE:12:3C,ALL,udp:38398,192.168.3.1*,2,368,1,120,1,248
44:3D:54:BE:12:3C,ALL,udp:38398,192.168.3.105*,2,368,1,248,1,120
44:3D:54:BE:12:3C,ALL,udp:62503,192.168.3.1*,2,242,1,89,1,153
44:3D:54:BE:12:3C,ALL,udp:62503,192.168.3.105*,2,242,1,153,1,89
44:3D:54:BE:12:3C,ALL,udp:57156,192.168.3.1*,2,228,1,90,1,138
44:3D:54:BE:12:3C,ALL,udp:57156,192.168.3.105*,2,228,1,138,1,90
44:3D:54:BE:12:3C,ALL,udp:15433,192.168.3.1*,2,242,1,89,1,153
44:3D:54:BE:12:3C,ALL,udp:15433,192.168.3.105*,2,242,1,153,1,89
44:3D:54:BE:12:3C,ALL,udp:25705,192.168.3.1*,2,253,1,79,1,174
44:3D:54:BE:12:3C,ALL,udp:25705,192.168.3.105*,2,253,1,174,1,79
44:3D:54:BE:12:3C,ALL,udp:41614,192.168.3.1*,2,242,1,89,1,153
44:3D:54:BE:12:3C,ALL,udp:41614,192.168.3.105*,2,242,1,153,1,89
44:3D:54:BE:12:3C,ALL,udp:64491,192.168.3.1*,2,253,1,79,1,174
44:3D:54:BE:12:3C,ALL,udp:64491,192.168.3.105*,2,253,1,174,1,79
44:3D:54:BE:12:3C,ALL,udp:46552,192.168.3.1*,2,253,1,79,1,174
44:3D:54:BE:12:3C,ALL,udp:46552,192.168.3.105*,2,253,1,174,1,79
44:3D:54:BE:12:3C,ALL,udp:6943,192.168.3.1*,2,242,1,89,1,153
44:3D:54:BE:12:3C,ALL,udp:6943,192.168.3.105*,2,242,1,153,1,89
44:3D:54:BE:12:3C,ALL,udp:54680,192.168.3.1*,2,253,1,79,1,174
44:3D:54:BE:12:3C,ALL,udp:54680,192.168.3.105*,2,253,1,174,1,79
44:3D:54:BE:12:3C,ALL,udp:54715,192.168.3.1*,2,242,1,89,1,153
44:3D:54:BE:12:3C,ALL,udp:54715,192.168.3.105*,2,242,1,153,1,89
44:3D:54:BE:12:3C,ALL,udp:20307,192.168.3.1*,2,170,1,77,1,93
44:3D:54:BE:12:3C,ALL,udp:20307,192.168.3.105*,2,170,1,93,1,77
44:3D:54:BE:12:3C,ALL,udp:46646,192.168.3.1*,2,253,1,79,1,174
44:3D:54:BE:12:3C,ALL,udp:46646,192.168.3.105*,2,253,1,174,1,79
44:3D:54:BE:12:3C,ALL,udp:42651,192.168.3.1*,2,242,1,89,1,153
44:3D:54:BE:12:3C,ALL,udp:42651,192.168.3.105*,2,242,1,153,1,89
44:3D:54:BE:12:3C,ALL,udp:50150,192.168.3.1*,2,253,1,79,1,174
44:3D:54:BE:12:3C,ALL,udp:50150,192.168.3.105*,2,253,1,174,1,79
44:3D:54:BE:12:3C,ALL,udp:53449,192.168.3.1*,2,253,1,79,1,174
44:3D:54:BE:12:3C,ALL,udp:53449,192.168.3.105*,2,253,1,174,1,79
44:3D:54:BE:12:3C,ALL,udp:28329,192.168.3.1*,2,368,1,120,1,248
44:3D:54:BE:12:3C,ALL,udp:28329,192.168.3.105*,2,368,1,248,1,120
44:3D:54:BE:12:3C,ALL,udp:19328,192.168.3.1*,2,253,1,79,1,174
44:3D:54:BE:12:3C,ALL,udp:19328,192.168.3.105*,2,253,1,174,1,79
44:3D:54:BE:12:3C,ALL,udp:14718,192.168.3.1*,2,228,1,90,1,138
44:3D:54:BE:12:3C,ALL,udp:14718,192.168.3.105*,2,228,1,138,1,90
44:3D:54:BE:12:3C,ALL,udp:25861,192.168.3.1*,2,242,1,89,1,153
44:3D:54:BE:12:3C,ALL,udp:25861,192.168.3.105*,2,242,1,153,1,89
44:3D:54:BE:12:3C,ALL,udp:18928,192.168.3.1*,2,164,1,74,1,90
44:3D:54:BE:12:3C,ALL,udp:18928,192.168.3.105*,2,164,1,90,1,74
44:3D:54:BE:12:3C,ALL,udp:57285,192.168.3.1*,2,242,1,89,1,153
44:3D:54:BE:12:3C,ALL,udp:57285,192.168.3.105*,2,242,1,153,1,89
44:3D:54:BE:12:3C,ALL,udp:36969,192.168.3.1*,2,170,1,77,1,93
44:3D:54:BE:12:3C,ALL,udp:36969,192.168.3.105*,2,170,1,93,1,77
44:3D:54:BE:12:3C,ALL,udp:47563,192.168.3.1*,2,253,1,79,1,174
44:3D:54:BE:12:3C,ALL,udp:47563,192.168.3.105*,2,253,1,174,1,79
44:3D:54:BE:12:3C,ALL,udp:15736,192.168.3.1*,2,164,1,74,1,90
44:3D:54:BE:12:3C,ALL,udp:15736,192.168.3.105*,2,164,1,90,1,74
44:3D:54:BE:12:3C,ALL,udp:28863,192.168.3.1*,2,242,1,89,1,153
44:3D:54:BE:12:3C,ALL,udp:28863,192.168.3.105*,2,242,1,153,1,89
44:3D:54:BE:12:3C,ALL,udp:6716,192.168.3.1*,2,253,1,79,1,174
44:3D:54:BE:12:3C,ALL,udp:6716,192.168.3.105*,2,253,1,174,1,79
44:3D:54:BE:12:3C,ALL,udp:46089,192.168.3.1*,2,242,1,89,1,153
44:3D:54:BE:12:3C,ALL,udp:46089,192.168.3.105*,2,242,1,153,1,89
44:3D:54:BE:12:3C,ALL,udp:8553,192.168.3.1*,2,253,1,79,1,174
44:3D:54:BE:12:3C,ALL,udp:8553,192.168.3.105*,2,253,1,174,1,79
44:3D:54:BE:12:3C,ALL,udp:22356,192.168.3.1*,2,242,1,89,1,153
44:3D:54:BE:12:3C,ALL,udp:22356,192.168.3.105*,2,242,1,153,1,89
44:3D:54:BE:12:3C,ALL,udp:1307,192.168.3.1*,2,253,1,79,1,174
44:3D:54:BE:12:3C,ALL,udp:1307,192.168.3.105*,2,253,1,174,1,79
44:3D:54:BE:12:3C,ALL,udp:59215,192.168.3.1*,2,170,1,77,1,93
44:3D:54:BE:12:3C,ALL,udp:59215,192.168.3.105*,2,170,1,93,1,77
44:3D:54:BE:12:3C,ALL,udp:44790,192.168.3.1*,2,253,1,79,1,174
44:3D:54:BE:12:3C,ALL,udp:44790,192.168.3.105*,2,253,1,174,1,79
44:3D:54:BE:12:3C,ALL,udp:56666,192.168.3.1*,2,253,1,79,1,174
44:3D:54:BE:12:3C,ALL,udp:56666,192.168.3.105*,2,253,1,174,1,79
44:3D:54:BE:12:3C,ALL,udp:15987,192.168.3.1*,2,242,1,89,1,153
44:3D:54:BE:12:3C,ALL,udp:15987,192.168.3.105*,2,242,1,153,1,89
44:3D:54:BE:12:3C,ALL,udp:25535,192.168.3.1*,2,253,1,79,1,174
44:3D:54:BE:12:3C,ALL,udp:25535,192.168.3.105*,2,253,1,174,1,79
44:3D:54:BE:12:3C,ALL,udp:39274,192.168.3.1*,2,228,1,90,1,138
44:3D:54:BE:12:3C,ALL,udp:39274,192.168.3.105*,2,228,1,138,1,90
44:3D:54:BE:12:3C,ALL,udp:59505,192.168.3.1*,2,253,1,79,1,174
44:3D:54:BE:12:3C,ALL,udp:59505,192.168.3.105*,2,253,1,174,1,79
44:3D:54:BE:12:3C,ALL,udp:46681,192.168.3.1*,2,368,1,120,1,248
44:3D:54:BE:12:3C,ALL,udp:46681,192.168.3.105*,2,368,1,248,1,120
44:3D:54:BE:12:3C,ALL,udp:2139,192.168.3.1*,2,242,1,89,1,153
44:3D:54:BE:12:3C,ALL,udp:2139,192.168.3.105*,2,242,1,153,1,89
44:3D:54:BE:12:3C,ALL,udp:26223,192.168.3.1*,2,253,1,79,1,174
44:3D:54:BE:12:3C,ALL,udp:26223,192.168.3.105*,2,253,1,174,1,79
44:3D:54:BE:12:3C,ALL,udp:15207,192.168.3.1*,2,170,1,77,1,93
44:3D:54:BE:12:3C,ALL,udp:15207,192.168.3.105*,2,170,1,93,1,77
44:3D:54:BE:12:3C,ALL,udp:54796,192.168.3.1*,2,253,1,79,1,174
44:3D:54:BE:12:3C,ALL,udp:54796,192.168.3.105*,2,253,1,174,1,79
44:3D:54:BE:12:3C,ALL,udp:58840,192.168.3.1*,2,242,1,89,1,153
44:3D:54:BE:12:3C,ALL,udp:58840,192.168.3.105*,2,242,1,153,1,89
44:3D:54:BE:12:3C,ALL,udp:10947,192.168.3.1*,2,242,1,89,1,153
44:3D:54:BE:12:3C,ALL,udp:10947,192.168.3.105*,2,242,1,153,1,89
44:3D:54:BE:12:3C,ALL,udp:43901,192.168.3.1*,2,242,1,89,1,153
44:3D:54:BE:12:3C,ALL,udp:43901,192.168.3.105*,2,242,1,153,1,89
44:3D:54:BE:12:3C,ALL,udp:48875,192.168.3.1*,2,253,1,79,1,174
44:3D:54:BE:12:3C,ALL,udp:48875,192.168.3.105*,2,253,1,174,1,79
44:3D:54:BE:12:3C,ALL,udp:56840,192.168.3.1*,2,253,1,79,1,174
44:3D:54:BE:12:3C,ALL,udp:56840,192.168.3.105*,2,253,1,174,1,79
44:3D:54:BE:12:3C,ALL,udp:63194,192.168.3.1*,2,170,1,77,1,93
44:3D:54:BE:12:3C,ALL,udp:63194,192.168.3.105*,2,170,1,93,1,77
44:3D:54:BE:12:3C,ALL,udp:27850,192.168.3.1*,2,253,1,79,1,174
44:3D:54:BE:12:3C,ALL,udp:27850,192.168.3.105*,2,253,1,174,1,79
44:3D:54:BE:12:3C,ALL,udp:25428,192.168.3.1*,2,253,1,79,1,174
44:3D:54:BE:12:3C,ALL,udp:25428,192.168.3.105*,2,253,1,174,1,79
44:3D:54:BE:12:3C,ALL,udp:38878,192.168.3.1*,2,253,1,79,1,174
44:3D:54:BE:12:3C,ALL,udp:38878,192.168.3.105*,2,253,1,174,1,79
44:3D:54:BE:12:3C,ALL,udp:48245,192.168.3.1*,2,228,1,90,1,138
44:3D:54:BE:12:3C,ALL,udp:48245,192.168.3.105*,2,228,1,138,1,90
44:3D:54:BE:12:3C,ALL,udp:51341,192.168.3.1*,2,253,1,79,1,174
44:3D:54:BE:12:3C,ALL,udp:51341,192.168.3.105*,2,253,1,174,1,79
44:3D:54:BE:12:3C,ALL,udp:62835,192.168.3.1*,2,368,1,120,1,248
44:3D:54:BE:12:3C,ALL,udp:62835,192.168.3.105*,2,368,1,248,1,120
44:3D:54:BE:12:3C,ALL,udp:41949,192.168.3.1*,2,242,1,89,1,153
44:3D:54:BE:12:3C,ALL,udp:41949,192.168.3.105*,2,242,1,153,1,89
44:3D:54:BE:12:3C,ALL,udp:24634,192.168.3.1*,2,253,1,79,1,174
44:3D:54:BE:12:3C,ALL,udp:24634,192.168.3.105*,2,253,1,174,1,79
44:3D:54:BE:12:3C,ALL,udp:65177,192.168.3.1*,2,242,1,89,1,153
44:3D:54:BE:12:3C,ALL,udp:65177,192.168.3.105*,2,242,1,153,1,89
44:3D:54:BE:12:3C,ALL,udp:63590,192.168.3.1*,2,253,1,79,1,174
44:3D:54:BE:12:3C,ALL,udp:63590,192.168.3.105*,2,253,1,174,1,79
44:3D:54:BE:12:3C,ALL,udp:54200,192.168.3.1*,2,170,1,77,1,93
44:3D:54:BE:12:3C,ALL,udp:54200,192.168.3.105*,2,170,1,93,1,77
44:3D:54:BE:12:3C,ALL,udp:50658,192.168.3.1*,2,164,1,74,1,90
44:3D:54:BE:12:3C,ALL,udp:50658,192.168.3.105*,2,164,1,90,1,74
44:3D:54:BE:12:3C,ALL,udp:22461,192.168.3.1*,2,253,1,79,1,174
44:3D:54:BE:12:3C,ALL,udp:22461,192.168.3.105*,2,253,1,174,1,79
44:3D:54:BE:12:3C,ALL,udp:17930,192.168.3.1*,2,242,1,89,1,153
44:3D:54:BE:12:3C,ALL,udp:17930,192.168.3.105*,2,242,1,153,1,89
44:3D:54:BE:12:3C,ALL,udp:5267,192.168.3.1*,2,253,1,79,1,174
44:3D:54:BE:12:3C,ALL,udp:5267,192.168.3.105*,2,253,1,174,1,79
44:3D:54:BE:12:3C,ALL,udp:62107,192.168.3.1*,2,242,1,89,1,153
44:3D:54:BE:12:3C,ALL,udp:62107,192.168.3.105*,2,242,1,153,1,89
44:3D:54:BE:12:3C,ALL,udp:43474,192.168.3.1*,2,253,1,79,1,174
44:3D:54:BE:12:3C,ALL,udp:43474,192.168.3.105*,2,253,1,174,1,79
44:3D:54:BE:12:3C,ALL,udp:17353,192.168.3.1*,2,253,1,79,1,174
44:3D:54:BE:12:3C,ALL,udp:17353,192.168.3.105*,2,253,1,174,1,79
44:3D:54:BE:12:3C,ALL,udp:17946,192.168.3.1*,2,242,1,89,1,153
44:3D:54:BE:12:3C,ALL,udp:17946,192.168.3.105*,2,242,1,153,1,89
44:3D:54:BE:12:3C,ALL,udp:6003,192.168.3.1*,2,253,1,79,1,174
44:3D:54:BE:12:3C,ALL,udp:6003,192.168.3.105*,2,253,1,174,1,79
44:3D:54:BE:12:3C,ALL,udp:9627,192.168.3.1*,2,170,1,77,1,93
44:3D:54:BE:12:3C,ALL,udp:9627,192.168.3.105*,2,170,1,93,1,77
44:3D:54:BE:12:3C,ALL,udp:49101,192.168.3.1*,2,401,1,86,1,315
44:3D:54:BE:12:3C,ALL,udp:49101,192.168.3.105*,2,401,1,315,1,86
44:3D:54:BE:12:3C,ALL,udp:58213,192.168.3.1*,2,401,1,86,1,315
44:3D:54:BE:12:3C,ALL,udp:58213,192.168.3.105*,2,401,1,315,1,86
44:3D:54:BE:12:3C,ALL,udp:1144,192.168.3.1*,2,242,1,89,1,153
44:3D:54:BE:12:3C,ALL,udp:1144,192.168.3.105*,2,242,1,153,1,89
44:3D:54:BE:12:3C,ALL,udp:39964,192.168.3.1*,2,253,1,79,1,174
44:3D:54:BE:12:3C,ALL,udp:39964,192.168.3.105*,2,253,1,174,1,79
44:3D:54:BE:12:3C,ALL,udp:52922,192.168.3.1*,2,228,1,90,1,138
44:3D:54:BE:12:3C,ALL,udp:52922,192.168.3.105*,2,228,1,138,1,90
44:3D:54:BE:12:3C,ALL,udp:29683,192.168.3.1*,2,253,1,79,1,174
44:3D:54:BE:12:3C,ALL,udp:29683,192.168.3.105*,2,253,1,174,1,79
44:3D:54:BE:12:3C,ALL,udp:8076,192.168.3.1*,2,368,1,120,1,248
44:3D:54:BE:12:3C,ALL,udp:8076,192.168.3.105*,2,368,1,248,1,120
44:3D:54:BE:12:3C,ALL,udp:30226,192.168.3.1*,2,242,1,89,1,153
44:3D:54:BE:12:3C,ALL,udp:30226,192.168.3.105*,2,242,1,153,1,89
44:3D:54:BE:12:3C,ALL,udp:43061,192.168.3.1*,2,253,1,79,1,174
44:3D:54:BE:12:3C,ALL,udp:43061,192.168.3.105*,2,253,1,174,1,79
44:3D:54:BE:12:3C,ALL,udp:48767,192.168.3.1*,2,242,1,89,1,153
44:3D:54:BE:12:3C,ALL,udp:48767,192.168.3.105*,2,242,1,153,1,89
44:3D:54:BE:12:3C,ALL,udp:60090,192.168.3.1*,2,253,1,79,1,174
44:3D:54:BE:12:3C,ALL,udp:60090,192.168.3.105*,2,253,1,174,1,79
44:3D:54:BE:12:3C,ALL,udp:20354,192.168.3.1*,2,170,1,77,1,93
44:3D:54:BE:12:3C,ALL,udp:20354,192.168.3.105*,2,170,1,93,1,77
44:3D:54:BE:12:3C,ALL,udp:35068,192.168.3.1*,2,253,1,79,1,174
44:3D:54:BE:12:3C,ALL,udp:35068,192.168.3.105*,2,253,1,174,1,79
44:3D:54:BE:12:3C,ALL,udp:44475,192.168.3.1*,2,242,1,89,1,153
44:3D:54:BE:12:3C,ALL,udp:44475,192.168.3.105*,2,242,1,153,1,89
44:3D:54:BE:12:3C,ALL,udp:50117,192.168.3.1*,2,253,1,79,1,174
44:3D:54:BE:12:3C,ALL,udp:50117,192.168.3.105*,2,253,1,174,1,79
44:3D:54:BE:12:3C,ALL,udp:7246,192.168.3.1*,2,253,1,79,1,174
44:3D:54:BE:12:3C,ALL,udp:7246,192.168.3.105*,2,253,1,174,1,79
44:3D:54:BE:12:3C,ALL,udp:14725,192.168.3.1*,2,242,1,89,1,153
44:3D:54:BE:12:3C,ALL,udp:14725,192.168.3.105*,2,242,1,153,1,89
44:3D:54:BE:12:3C,ALL,udp:44180,192.168.3.1*,2,253,1,79,1,174
44:3D:54:BE:12:3C,ALL,udp:44180,192.168.3.105*,2,253,1,174,1,79
44:3D:54:BE:12:3C,ALL,udp:42035,192.168.3.1*,2,253,1,79,1,174
44:3D:54:BE:12:3C,ALL,udp:42035,192.168.3.105*,2,253,1,174,1,79
44:3D:54:BE:12:3C,ALL,udp:11359,192.168.3.1*,2,242,1,89,1,153
44:3D:54:BE:12:3C,ALL,udp:11359,192.168.3.105*,2,242,1,153,1,89
44:3D:54:BE:12:3C,ALL,udp:3827,192.168.3.1*,2,170,1,77,1,93
44:3D:54:BE:12:3C,ALL,udp:3827,192.168.3.105*,2,170,1,93,1,77
44:3D:54:BE:12:3C,ALL,udp:49286,192.168.3.1*,2,253,1,79,1,174
44:3D:54:BE:12:3C,ALL,udp:49286,192.168.3.105*,2,253,1,174,1,79
44:3D:54:BE:12:3C,ALL,udp:55072,192.168.3.1*,2,242,1,89,1,153
44:3D:54:BE:12:3C,ALL,udp:55072,192.168.3.105*,2,242,1,153,1,89
44:3D:54:BE:12:3C,ALL,udp:62864,192.168.3.1*,2,228,1,90,1,138
44:3D:54:BE:12:3C,ALL,udp:62864,192.168.3.105*,2,228,1,138,1,90
44:3D:54:BE:12:3C,ALL,udp:11159,192.168.3.1*,2,253,1,79,1,174
44:3D:54:BE:12:3C,ALL,udp:11159,192.168.3.105*,2,253,1,174,1,79
44:3D:54:BE:12:3C,ALL,udp:24918,192.168.3.1*,2,368,1,120,1,248
44:3D:54:BE:12:3C,ALL,udp:24918,192.168.3.105*,2,368,1,248,1,120
44:3D:54:BE:12:3C,ALL,udp:23896,192.168.3.1*,2,242,1,89,1,153
44:3D:54:BE:12:3C,ALL,udp:23896,192.168.3.105*,2,242,1,153,1,89
44:3D:54:BE:12:3C,ALL,udp:34641,192.168.3.1*,2,253,1,79,1,174
44:3D:54:BE:12:3C,ALL,udp:34641,192.168.3.105*,2,253,1,174,1,79
44:3D:54:BE:12:3C,ALL,udp:15775,192.168.3.1*,2,242,1,89,1,153
44:3D:54:BE:12:3C,ALL,udp:15775,192.168.3.105*,2,242,1,153,1,89
44:3D:54:BE:12:3C,ALL,udp:9514,192.168.3.1*,2,164,1,74,1,90
44:3D:54:BE:12:3C,ALL,udp:9514,192.168.3.105*,2,164,1,90,1,74
44:3D:54:BE:12:3C,ALL,udp:10582,192.168.3.1*,2,170,1,77,1,93
44:3D:54:BE:12:3C,ALL,udp:10582,192.168.3.105*,2,170,1,93,1,77
44:3D:54:BE:12:3C,ALL,udp:5121,192.168.3.1*,2,242,1,89,1,153
44:3D:54:BE:12:3C,ALL,udp:5121,192.168.3.105*,2,242,1,153,1,89
44:3D:54:BE:12:3C,ALL,udp:56827,192.168.3.1*,2,253,1,79,1,174
44:3D:54:BE:12:3C,ALL,udp:56827,192.168.3.105*,2,253,1,174,1,79
44:3D:54:BE:12:3C,ALL,udp:50374,192.168.3.1*,2,242,1,89,1,153
44:3D:54:BE:12:3C,ALL,udp:50374,192.168.3.105*,2,242,1,153,1,89
44:3D:54:BE:12:3C,ALL,udp:63599,192.168.3.1*,2,170,1,77,1,93
44:3D:54:BE:12:3C,ALL,udp:63599,192.168.3.105*,2,170,1,93,1,77
44:3D:54:BE:12:3C,ALL,udp:30203,192.168.3.1*,2,253,1,79,1,174
44:3D:54:BE:12:3C,ALL,udp:30203,192.168.3.105*,2,253,1,174,1,79
44:3D:54:BE:12:3C,ALL,udp:25513,192.168.3.1*,2,253,1,79,1,174
44:3D:54:BE:12:3C,ALL,udp:25513,192.168.3.105*,2,253,1,174,1,79
44:3D:54:BE:12:3C,ALL,udp:6685,192.168.3.1*,2,228,1,90,1,138
44:3D:54:BE:12:3C,ALL,udp:6685,192.168.3.105*,2,228,1,138,1,90
44:3D:54:BE:12:3C,ALL,udp:10147,192.168.3.1*,2,253,1,79,1,174
44:3D:54:BE:12:3C,ALL,udp:10147,192.168.3.105*,2,253,1,174,1,79
44:3D:54:BE:12:3C,ALL,udp:6509,192.168.3.1*,2,242,1,89,1,153
44:3D:54:BE:12:3C,ALL,udp:6509,192.168.3.105*,2,242,1,153,1,89
44:3D:54:BE:12:3C,ALL,udp:61684,192.168.3.1*,2,253,1,79,1,174
44:3D:54:BE:12:3C,ALL,udp:61684,192.168.3.105*,2,253,1,174,1,79
44:3D:54:BE:12:3C,ALL,udp:64162,192.168.3.1*,2,368,1,120,1,248
44:3D:54:BE:12:3C,ALL,udp:64162,192.168.3.105*,2,368,1,248,1,120
44:3D:54:BE:12:3C,ALL,udp:59906,192.168.3.1*,2,242,1,89,1,153
44:3D:54:BE:12:3C,ALL,udp:59906,192.168.3.105*,2,242,1,153,1,89
44:3D:54:BE:12:3C,ALL,udp:23715,192.168.3.1*,2,242,1,89,1,153
44:3D:54:BE:12:3C,ALL,udp:23715,192.168.3.105*,2,242,1,153,1,89
44:3D:54:BE:12:3C,ALL,udp:8004,192.168.3.1*,2,253,1,79,1,174
44:3D:54:BE:12:3C,ALL,udp:8004,192.168.3.105*,2,253,1,174,1,79
44:3D:54:BE:12:3C,ALL,udp:31573,192.168.3.1*,2,253,1,79,1,174
44:3D:54:BE:12:3C,ALL,udp:31573,192.168.3.105*,2,253,1,174,1,79
44:3D:54:BE:12:3C,ALL,udp:29122,192.168.3.1*,2,170,1,77,1,93
44:3D:54:BE:12:3C,ALL,udp:29122,192.168.3.105*,2,170,1,93,1,77
44:3D:54:BE:12:3C,ALL,udp:63877,192.168.3.1*,2,242,1,89,1,153
44:3D:54:BE:12:3C,ALL,udp:63877,192.168.3.105*,2,242,1,153,1,89
44:3D:54:BE:12:3C,ALL,udp:9687,192.168.3.1*,2,196,1,90,1,106
44:3D:54:BE:12:3C,ALL,udp:9687,192.168.3.105*,2,196,1,106,1,90
44:3D:54:BE:12:3C,ALL,udp:7810,192.168.3.1*,2,242,1,89,1,153
44:3D:54:BE:12:3C,ALL,udp:7810,192.168.3.105*,2,242,1,153,1,89
44:3D:54:BE:12:3C,ALL,udp:46032,192.168.3.1*,2,253,1,79,1,174
44:3D:54:BE:12:3C,ALL,udp:46032,192.168.3.105*,2,253,1,174,1,79
44:3D:54:BE:12:3C,ALL,udp:42706,192.168.3.1*,2,242,1,89,1,153
44:3D:54:BE:12:3C,ALL,udp:42706,192.168.3.105*,2,242,1,153,1,89
44:3D:54:BE:12:3C,ALL,udp:55239,192.168.3.1*,2,253,1,79,1,174
44:3D:54:BE:12:3C,ALL,udp:55239,192.168.3.105*,2,253,1,174,1,79
44:3D:54:BE:12:3C,ALL,udp:34081,192.168.3.1*,2,170,1,77,1,93
44:3D:54:BE:12:3C,ALL,udp:34081,192.168.3.105*,2,170,1,93,1,77
44:3D:54:BE:12:3C,ALL,udp:26350,192.168.3.1*,2,228,1,90,1,138
44:3D:54:BE:12:3C,ALL,udp:26350,192.168.3.105*,2,228,1,138,1,90
44:3D:54:BE:12:3C,ALL,udp:33135,192.168.3.1*,2,242,1,89,1,153
44:3D:54:BE:12:3C,ALL,udp:33135,192.168.3.105*,2,242,1,153,1,89
44:3D:54:BE:12:3C,ALL,udp:9001,192.168.3.1*,2,253,1,79,1,174
44:3D:54:BE:12:3C,ALL,udp:9001,192.168.3.105*,2,253,1,174,1,79
44:3D:54:BE:12:3C,ALL,udp:46331,192.168.3.1*,2,368,1,120,1,248
44:3D:54:BE:12:3C,ALL,udp:46331,192.168.3.105*,2,368,1,248,1,120
44:3D:54:BE:12:3C,ALL,udp:42295,192.168.3.1*,2,242,1,89,1,153
44:3D:54:BE:12:3C,ALL,udp:42295,192.168.3.105*,2,242,1,153,1,89
44:3D:54:BE:12:3C,ALL,udp:30383,192.168.3.1*,2,253,1,79,1,174
44:3D:54:BE:12:3C,ALL,udp:30383,192.168.3.105*,2,253,1,174,1,79
44:3D:54:BE:12:3C,ALL,udp:13785,192.168.3.1*,2,242,1,89,1,153
44:3D:54:BE:12:3C,ALL,udp:13785,192.168.3.105*,2,242,1,153,1,89
44:3D:54:BE:12:3C,ALL,udp:23734,192.168.3.1*,2,164,1,74,1,90
44:3D:54:BE:12:3C,ALL,udp:23734,192.168.3.105*,2,164,1,90,1,74
44:3D:54:BE:12:3C,ALL,udp:9162,192.168.3.1*,2,242,1,89,1,153
44:3D:54:BE:12:3C,ALL,udp:9162,192.168.3.105*,2,242,1,153,1,89
44:3D:54:BE:12:3C,ALL,udp:47869,192.168.3.1*,2,170,1,77,1,93
44:3D:54:BE:12:3C,ALL,udp:47869,192.168.3.105*,2,170,1,93,1,77
44:3D:54:BE:12:3C,ALL,udp:58431,192.168.3.1*,2,253,1,79,1,174
44:3D:54:BE:12:3C,ALL,udp:58431,192.168.3.105*,2,253,1,174,1,79
44:3D:54:BE:12:3C,ALL,udp:62360,192.168.3.1*,2,253,1,79,1,174
44:3D:54:BE:12:3C,ALL,udp:62360,192.168.3.105*,2,253,1,174,1,79
44:3D:54:BE:12:3C,ALL,udp:15772,192.168.3.1*,2,242,1,89,1,153
44:3D:54:BE:12:3C,ALL,udp:15772,192.168.3.105*,2,242,1,153,1,89
44:3D:54:BE:12:3C,ALL,udp:2859,192.168.3.1*,2,253,1,79,1,174
44:3D:54:BE:12:3C,ALL,udp:2859,192.168.3.105*,2,253,1,174,1,79
44:3D:54:BE:12:3C,ALL,udp:3460,192.168.3.1*,2,253,1,79,1,174
44:3D:54:BE:12:3C,ALL,udp:3460,192.168.3.105*,2,253,1,174,1,79
44:3D:54:BE:12:3C,ALL,udp:8950,192.168.3.1*,2,253,1,79,1,174
44:3D:54:BE:12:3C,ALL,udp:8950,192.168.3.105*,2,253,1,174,1,79
44:3D:54:BE:12:3C,ALL,udp:54698,192.168.3.1*,2,253,1,79,1,174
44:3D:54:BE:12:3C,ALL,udp:54698,192.168.3.105*,2,253,1,174,1,79
44:3D:54:BE:12:3C,ALL,udp:61306,192.168.3.1*,2,242,1,89,1,153
44:3D:54:BE:12:3C,ALL,udp:61306,192.168.3.105*,2,242,1,153,1,89
44:3D:54:BE:12:3C,ALL,udp:21280,192.168.3.1*,2,253,1,79,1,174
44:3D:54:BE:12:3C,ALL,udp:21280,192.168.3.105*,2,253,1,174,1,79
44:3D:54:BE:12:3C,ALL,udp:10942,192.168.3.1*,2,242,1,89,1,153
44:3D:54:BE:12:3C,ALL,udp:10942,192.168.3.105*,2,242,1,153,1,89
44:3D:54:BE:12:3C,ALL,udp:1454,192.168.3.1*,2,253,1,79,1,174
44:3D:54:BE:12:3C,ALL,udp:1454,192.168.3.105*,2,253,1,174,1,79
44:3D:54:BE:12:3C,ALL,udp:48338,192.168.3.1*,2,253,1,79,1,174
44:3D:54:BE:12:3C,ALL,udp:48338,192.168.3.105*,2,253,1,174,1,79
44:3D:54:BE:12:3C,ALL,udp:44292,192.168.3.1*,2,170,1,77,1,93
44:3D:54:BE:12:3C,ALL,udp:44292,192.168.3.105*,2,170,1,93,1,77
44:3D:54:BE:12:3C,ALL,udp:51271,192.168.3.1*,2,228,1,90,1,138
44:3D:54:BE:12:3C,ALL,udp:51271,192.168.3.105*,2,228,1,138,1,90
44:3D:54:BE:12:3C,ALL,udp:31187,192.168.3.1*,2,242,1,89,1,153
44:3D:54:BE:12:3C,ALL,udp:31187,192.168.3.105*,2,242,1,153,1,89
44:3D:54:BE:12:3C,ALL,udp:49892,192.168.3.1*,2,368,1,120,1,248
44:3D:54:BE:12:3C,ALL,udp:49892,192.168.3.105*,2,368,1,248,1,120
44:3D:54:BE:12:3C,ALL,udp:63261,192.168.3.1*,2,242,1,89,1,153
44:3D:54:BE:12:3C,ALL,udp:63261,192.168.3.105*,2,242,1,153,1,89
44:3D:54:BE:12:3C,ALL,udp:13482,192.168.3.1*,2,253,1,79,1,174
44:3D:54:BE:12:3C,ALL,udp:13482,192.168.3.105*,2,253,1,174,1,79
44:3D:54:BE:12:3C,ALL,udp:7081,192.168.3.1*,2,242,1,89,1,153
44:3D:54:BE:12:3C,ALL,udp:7081,192.168.3.105*,2,242,1,153,1,89
44:3D:54:BE:12:3C,ALL,udp:63267,192.168.3.1*,2,170,1,77,1,93
44:3D:54:BE:12:3C,ALL,udp:63267,192.168.3.105*,2,170,1,93,1,77
44:3D:54:BE:12:3C,ALL,udp:46909,192.168.3.1*,2,253,1,79,1,174
44:3D:54:BE:12:3C,ALL,udp:46909,192.168.3.105*,2,253,1,174,1,79
44:3D:54:BE:12:3C,ALL,udp:61578,192.168.3.1*,2,253,1,79,1,174
44:3D:54:BE:12:3C,ALL,udp:61578,192.168.3.105*,2,253,1,174,1,79
44:3D:54:BE:12:3C,ALL,udp:27290,192.168.3.1*,2,242,1,89,1,153
44:3D:54:BE:12:3C,ALL,udp:27290,192.168.3.105*,2,242,1,153,1,89
44:3D:54:BE:12:3C,ALL,udp:52428,192.168.3.1*,2,242,1,89,1,153
44:3D:54:BE:12:3C,ALL,udp:52428,192.168.3.105*,2,242,1,153,1,89
44:3D:54:BE:12:3C,ALL,udp:36931,192.168.3.1*,2,253,1,79,1,174
44:3D:54:BE:12:3C,ALL,udp:36931,192.168.3.105*,2,253,1,174,1,79
44:3D:54:BE:12:3C,ALL,udp:18914,192.168.3.1*,2,242,1,89,1,153
44:3D:54:BE:12:3C,ALL,udp:18914,192.168.3.105*,2,242,1,153,1,89
44:3D:54:BE:12:3C,ALL,udp:8662,192.168.3.1*,2,253,1,79,1,174
44:3D:54:BE:12:3C,ALL,udp:8662,192.168.3.105*,2,253,1,174,1,79
44:3D:54:BE:12:3C,ALL,udp:22807,192.168.3.1*,2,228,1,90,1,138
44:3D:54:BE:12:3C,ALL,udp:22807,192.168.3.105*,2,228,1,138,1,90
44:3D:54:BE:12:3C,ALL,udp:23781,192.168.3.1*,2,170,1,77,1,93
44:3D:54:BE:12:3C,ALL,udp:23781,192.168.3.105*,2,170,1,93,1,77
44:3D:54:BE:12:3C,ALL,udp:64628,192.168.3.1*,2,242,1,89,1,153
44:3D:54:BE:12:3C,ALL,udp:64628,192.168.3.105*,2,242,1,153,1,89
44:3D:54:BE:12:3C,ALL,udp:43395,192.168.3.1*,2,253,1,79,1,174
44:3D:54:BE:12:3C,ALL,udp:43395,192.168.3.105*,2,253,1,174,1,79
44:3D:54:BE:12:3C,ALL,udp:9635,192.168.3.1*,2,368,1,120,1,248
44:3D:54:BE:12:3C,ALL,udp:9635,192.168.3.105*,2,368,1,248,1,120
44:3D:54:BE:12:3C,ALL,udp:2415,192.168.3.1*,2,253,1,79,1,174
44:3D:54:BE:12:3C,ALL,udp:2415,192.168.3.105*,2,253,1,174,1,79
44:3D:54:BE:12:3C,ALL,udp:10861,192.168.3.1*,2,242,1,89,1,153
44:3D:54:BE:12:3C,ALL,udp:10861,192.168.3.105*,2,242,1,153,1,89
44:3D:54:BE:12:3C,ALL,udp:33444,192.168.3.1*,2,253,1,79,1,174
44:3D:54:BE:12:3C,ALL,udp:33444,192.168.3.105*,2,253,1,174,1,79
44:3D:54:BE:12:3C,ALL,udp:65199,192.168.3.1*,2,164,1,74,1,90
44:3D:54:BE:12:3C,ALL,udp:65199,192.168.3.105*,2,164,1,90,1,74
44:3D:54:BE:12:3C,ALL,udp:60360,192.168.3.1*,2,253,1,79,1,174
44:3D:54:BE:12:3C,ALL,udp:60360,192.168.3.105*,2,253,1,174,1,79
44:3D:54:BE:12:3C,ALL,udp:34819,192.168.3.1*,2,242,1,89,1,153
44:3D:54:BE:12:3C,ALL,udp:34819,192.168.3.105*,2,242,1,153,1,89
44:3D:54:BE:12:3C,ALL,udp:11377,192.168.3.1*,2,170,1,77,1,93
44:3D:54:BE:12:3C,ALL,udp:11377,192.168.3.105*,2,170,1,93,1,77
44:3D:54:BE:12:3C,ALL,udp:1807,192.168.3.1*,2,253,1,79,1,174
44:3D:54:BE:12:3C,ALL,udp:1807,192.168.3.105*,2,253,1,174,1,79
44:3D:54:BE:12:3C,ALL,udp:24517,192.168.3.1*,2,253,1,79,1,174
44:3D:54:BE:12:3C,ALL,udp:24517,192.168.3.105*,2,253,1,174,1,79
44:3D:54:BE:12:3C,ALL,udp:63168,192.168.3.1*,2,242,1,89,1,153
44:3D:54:BE:12:3C,ALL,udp:63168,192.168.3.105*,2,242,1,153,1,89
44:3D:54:BE:12:3C,ALL,udp:49480,192.168.3.1*,2,164,1,74,1,90
44:3D:54:BE:12:3C,ALL,udp:49480,192.168.3.105*,2,164,1,90,1,74
44:3D:54:BE:12:3C,ALL,udp:2777,192.168.3.1*,2,253,1,79,1,174
44:3D:54:BE:12:3C,ALL,udp:2777,192.168.3.105*,2,253,1,174,1,79
44:3D:54:BE:12:3C,ALL,udp:30060,192.168.3.1*,2,242,1,89,1,153
44:3D:54:BE:12:3C,ALL,udp:30060,192.168.3.105*,2,242,1,153,1,89
44:3D:54:BE:12:3C,ALL,udp:37824,192.168.3.1*,2,253,1,79,1,174
44:3D:54:BE:12:3C,ALL,udp:37824,192.168.3.105*,2,253,1,174,1,79
44:3D:54:BE:12:3C,ALL,udp:58845,192.168.3.1*,2,242,1,89,1,153
44:3D:54:BE:12:3C,ALL,udp:58845,192.168.3.105*,2,242,1,153,1,89
44:3D:54:BE:12:3C,ALL,udp:40470,192.168.3.1*,2,228,1,90,1,138
44:3D:54:BE:12:3C,ALL,udp:40470,192.168.3.105*,2,228,1,138,1,90
44:3D:54:BE:12:3C,ALL,udp:20554,192.168.3.1*,2,170,1,77,1,93
44:3D:54:BE:12:3C,ALL,udp:20554,192.168.3.105*,2,170,1,93,1,77
44:3D:54:BE:12:3C,ALL,udp:64108,192.168.3.1*,2,242,1,89,1,153
44:3D:54:BE:12:3C,ALL,udp:64108,192.168.3.105*,2,242,1,153,1,89
44:3D:54:BE:12:3C,ALL,udp:41641,192.168.3.1*,2,253,1,79,1,174
44:3D:54:BE:12:3C,ALL,udp:41641,192.168.3.105*,2,253,1,174,1,79
44:3D:54:BE:12:3C,ALL,udp:28054,192.168.3.1*,2,253,1,79,1,174
44:3D:54:BE:12:3C,ALL,udp:28054,192.168.3.105*,2,253,1,174,1,79
44:3D:54:BE:12:3C,ALL,udp:31407,192.168.3.1*,2,368,1,120,1,248
44:3D:54:BE:12:3C,ALL,udp:31407,192.168.3.105*,2,368,1,248,1,120
44:3D:54:BE:12:3C,ALL,udp:5259,192.168.3.1*,2,242,1,89,1,153
44:3D:54:BE:12:3C,ALL,udp:5259,192.168.3.105*,2,242,1,153,1,89
44:3D:54:BE:12:3C,ALL,udp:52504,192.168.3.1*,2,253,1,79,1,174
44:3D:54:BE:12:3C,ALL,udp:52504,192.168.3.105*,2,253,1,174,1,79
44:3D:54:BE:12:3C,ALL,udp:65152,192.168.3.1*,2,242,1,89,1,153
44:3D:54:BE:12:3C,ALL,udp:65152,192.168.3.105*,2,242,1,153,1,89
44:3D:54:BE:12:3C,ALL,udp:51093,192.168.3.1*,2,170,1,77,1,93
44:3D:54:BE:12:3C,ALL,udp:51093,192.168.3.105*,2,170,1,93,1,77
44:3D:54:BE:12:3C,ALL,udp:17879,192.168.3.1*,2,253,1,79,1,174
44:3D:54:BE:12:3C,ALL,udp:17879,192.168.3.105*,2,253,1,174,1,79
44:3D:54:BE:12:3C,ALL,udp:23229,192.168.3.1*,2,242,1,89,1,153
44:3D:54:BE:12:3C,ALL,udp:23229,192.168.3.105*,2,242,1,153,1,89
44:3D:54:BE:12:3C,ALL,udp:35106,192.168.3.1*,2,242,1,89,1,153
44:3D:54:BE:12:3C,ALL,udp:35106,192.168.3.105*,2,242,1,153,1,89
44:3D:54:BE:12:3C,ALL,udp:42922,192.168.3.1*,2,253,1,79,1,174
44:3D:54:BE:12:3C,ALL,udp:42922,192.168.3.105*,2,253,1,174,1,79
44:3D:54:BE:12:3C,ALL,udp:22606,192.168.3.1*,2,253,1,79,1,174
44:3D:54:BE:12:3C,ALL,udp:22606,192.168.3.105*,2,253,1,174,1,79
44:3D:54:BE:12:3C,ALL,udp:22537,192.168.3.1*,2,228,1,90,1,138
44:3D:54:BE:12:3C,ALL,udp:22537,192.168.3.105*,2,228,1,138,1,90
44:3D:54:BE:12:3C,ALL,udp:20970,192.168.3.1*,2,253,1,79,1,174
44:3D:54:BE:12:3C,ALL,udp:20970,192.168.3.105*,2,253,1,174,1,79
44:3D:54:BE:12:3C,ALL,udp:25094,192.168.3.1*,2,242,1,89,1,153
44:3D:54:BE:12:3C,ALL,udp:25094,192.168.3.105*,2,242,1,153,1,89
44:3D:54:BE:12:3C,ALL,udp:18025,192.168.3.1*,2,170,1,77,1,93
44:3D:54:BE:12:3C,ALL,udp:18025,192.168.3.105*,2,170,1,93,1,77
44:3D:54:BE:12:3C,ALL,udp:45789,192.168.3.1*,2,242,1,89,1,153
44:3D:54:BE:12:3C,ALL,udp:45789,192.168.3.105*,2,242,1,153,1,89
44:3D:54:BE:12:3C,ALL,udp:24047,192.168.3.1*,2,368,1,120,1,248
44:3D:54:BE:12:3C,ALL,udp:24047,192.168.3.105*,2,368,1,248,1,120
44:3D:54:BE:12:3C,ALL,udp:28479,192.168.3.1*,2,253,1,79,1,174
44:3D:54:BE:12:3C,ALL,udp:28479,192.168.3.105*,2,253,1,174,1,79
44:3D:54:BE:12:3C,ALL,udp:9865,192.168.3.1*,2,253,1,79,1,174
44:3D:54:BE:12:3C,ALL,udp:9865,192.168.3.105*,2,253,1,174,1,79
44:3D:54:BE:12:3C,ALL,udp:4519,192.168.3.1*,2,164,1,74,1,90
44:3D:54:BE:12:3C,ALL,udp:4519,192.168.3.105*,2,164,1,90,1,74
44:3D:54:BE:12:3C,ALL,udp:42740,192.168.3.1*,2,253,1,79,1,174
44:3D:54:BE:12:3C,ALL,udp:42740,192.168.3.105*,2,253,1,174,1,79
44:3D:54:BE:12:3C,ALL,udp:49319,192.168.3.1*,2,242,1,89,1,153
44:3D:54:BE:12:3C,ALL,udp:49319,192.168.3.105*,2,242,1,153,1,89
44:3D:54:BE:12:3C,ALL,udp:25355,192.168.3.1*,2,170,1,77,1,93
44:3D:54:BE:12:3C,ALL,udp:25355,192.168.3.105*,2,170,1,93,1,77
44:3D:54:BE:12:3C,ALL,udp:56780,192.168.3.1*,2,242,1,89,1,153
44:3D:54:BE:12:3C,ALL,udp:56780,192.168.3.105*,2,242,1,153,1,89
44:3D:54:BE:12:3C,ALL,udp:64996,192.168.3.1*,2,253,1,79,1,174
44:3D:54:BE:12:3C,ALL,udp:64996,192.168.3.105*,2,253,1,174,1,79
44:3D:54:BE:12:3C,ALL,udp:3596,192.168.3.1*,2,242,1,89,1,153
44:3D:54:BE:12:3C,ALL,udp:3596,192.168.3.105*,2,242,1,153,1,89
44:3D:54:BE:12:3C,ALL,udp:9539,192.168.3.1*,2,253,1,79,1,174
44:3D:54:BE:12:3C,ALL,udp:9539,192.168.3.105*,2,253,1,174,1,79
44:3D:54:BE:12:3C,ALL,udp:38198,192.168.3.1*,2,228,1,90,1,138
44:3D:54:BE:12:3C,ALL,udp:38198,192.168.3.105*,2,228,1,138,1,90
44:3D:54:BE:12:3C,ALL,udp:40069,192.168.3.1*,2,253,1,79,1,174
44:3D:54:BE:12:3C,ALL,udp:40069,192.168.3.105*,2,253,1,174,1,79
44:3D:54:BE:12:3C,ALL,udp:38317,192.168.3.1*,2,242,1,89,1,153
44:3D:54:BE:12:3C,ALL,udp:38317,192.168.3.105*,2,242,1,153,1,89
44:3D:54:BE:12:3C,ALL,udp:24859,192.168.3.1*,2,170,1,77,1,93
44:3D:54:BE:12:3C,ALL,udp:24859,192.168.3.105*,2,170,1,93,1,77
44:3D:54:BE:12:3C,ALL,udp:36617,192.168.3.1*,2,242,1,89,1,153
44:3D:54:BE:12:3C,ALL,udp:36617,192.168.3.105*,2,242,1,153,1,89
44:3D:54:BE:12:3C,ALL,udp:14009,192.168.3.1*,2,368,1,120,1,248
44:3D:54:BE:12:3C,ALL,udp:14009,192.168.3.105*,2,368,1,248,1,120
44:3D:54:BE:12:3C,ALL,udp:12575,192.168.3.1*,2,242,1,89,1,153
44:3D:54:BE:12:3C,ALL,udp:12575,192.168.3.105*,2,242,1,153,1,89
44:3D:54:BE:12:3C,ALL,udp:36153,192.168.3.1*,2,253,1,79,1,174
44:3D:54:BE:12:3C,ALL,udp:36153,192.168.3.105*,2,253,1,174,1,79
44:3D:54:BE:12:3C,ALL,udp:1333,192.168.3.1*,2,242,1,89,1,153
44:3D:54:BE:12:3C,ALL,udp:1333,192.168.3.105*,2,242,1,153,1,89
44:3D:54:BE:12:3C,ALL,udp:36333,192.168.3.1*,2,253,1,79,1,174
44:3D:54:BE:12:3C,ALL,udp:36333,192.168.3.105*,2,253,1,174,1,79
44:3D:54:BE:12:3C,ALL,udp:31142,192.168.3.1*,2,253,1,79,1,174
44:3D:54:BE:12:3C,ALL,udp:31142,192.168.3.105*,2,253,1,174,1,79
44:3D:54:BE:12:3C,ALL,udp:33593,192.168.3.1*,2,242,1,89,1,153
44:3D:54:BE:12:3C,ALL,udp:33593,192.168.3.105*,2,242,1,153,1,89
44:3D:54:BE:12:3C,ALL,udp:4677,192.168.3.1*,2,228,1,90,1,138
44:3D:54:BE:12:3C,ALL,udp:4677,192.168.3.105*,2,228,1,138,1,90
44:3D:54:BE:12:3C,ALL,udp:45973,192.168.3.1*,2,253,1,79,1,174
44:3D:54:BE:12:3C,ALL,udp:45973,192.168.3.105*,2,253,1,174,1,79
44:3D:54:BE:12:3C,ALL,udp:39282,192.168.3.1*,2,242,1,89,1,153
44:3D:54:BE:12:3C,ALL,udp:39282,192.168.3.105*,2,242,1,153,1,89
44:3D:54:BE:12:3C,ALL,udp:48117,192.168.3.1*,2,253,1,79,1,174
44:3D:54:BE:12:3C,ALL,udp:48117,192.168.3.105*,2,253,1,174,1,79
44:3D:54:BE:12:3C,ALL,udp:63942,192.168.3.1*,2,170,1,77,1,93
44:3D:54:BE:12:3C,ALL,udp:63942,192.168.3.105*,2,170,1,93,1,77
44:3D:54:BE:12:3C,ALL,udp:19643,192.168.3.1*,2,242,1,89,1,153
44:3D:54:BE:12:3C,ALL,udp:19643,192.168.3.105*,2,242,1,153,1,89
44:3D:54:BE:12:3C,ALL,udp:3219,192.168.3.1*,2,253,1,79,1,174
44:3D:54:BE:12:3C,ALL,udp:3219,192.168.3.105*,2,253,1,174,1,79
44:3D:54:BE:12:3C,ALL,udp:52657,192.168.3.1*,2,368,1,120,1,248
44:3D:54:BE:12:3C,ALL,udp:52657,192.168.3.105*,2,368,1,248,1,120
44:3D:54:BE:12:3C,ALL,udp:36838,192.168.3.1*,2,164,1,74,1,90
44:3D:54:BE:12:3C,ALL,udp:36838,192.168.3.105*,2,164,1,90,1,74
44:3D:54:BE:12:3C,ALL,udp:45023,192.168.3.1*,2,253,1,79,1,174
44:3D:54:BE:12:3C,ALL,udp:45023,192.168.3.105*,2,253,1,174,1,79
44:3D:54:BE:12:3C,ALL,udp:35506,192.168.3.1*,2,242,1,89,1,153
44:3D:54:BE:12:3C,ALL,udp:35506,192.168.3.105*,2,242,1,153,1,89
44:3D:54:BE:12:3C,ALL,udp:6290,192.168.3.1*,2,253,1,79,1,174
44:3D:54:BE:12:3C,ALL,udp:6290,192.168.3.105*,2,253,1,174,1,79
44:3D:54:BE:12:3C,ALL,udp:21388,192.168.3.1*,2,253,1,79,1,174
44:3D:54:BE:12:3C,ALL,udp:21388,192.168.3.105*,2,253,1,174,1,79
44:3D:54:BE:12:3C,ALL,udp:8984,192.168.3.1*,2,242,1,89,1,153
44:3D:54:BE:12:3C,ALL,udp:8984,192.168.3.105*,2,242,1,153,1,89
44:3D:54:BE:12:3C,ALL,udp:7977,192.168.3.1*,2,170,1,77,1,93
44:3D:54:BE:12:3C,ALL,udp:7977,192.168.3.105*,2,170,1,93,1,77
44:3D:54:BE:12:3C,ALL,udp:48980,192.168.3.1*,2,242,1,89,1,153
44:3D:54:BE:12:3C,ALL,udp:48980,192.168.3.105*,2,242,1,153,1,89
44:3D:54:BE:12:3C,ALL,udp:42726,192.168.3.1*,2,253,1,79,1,174
44:3D:54:BE:12:3C,ALL,udp:42726,192.168.3.105*,2,253,1,174,1,79
44:3D:54:BE:12:3C,ALL,udp:18822,192.168.3.1*,2,253,1,79,1,174
44:3D:54:BE:12:3C,ALL,udp:18822,192.168.3.105*,2,253,1,174,1,79
44:3D:54:BE:12:3C,ALL,udp:10650,192.168.3.1*,2,242,1,89,1,153
44:3D:54:BE:12:3C,ALL,udp:10650,192.168.3.105*,2,242,1,153,1,89
44:3D:54:BE:12:3C,ALL,udp:25503,192.168.3.1*,2,228,1,90,1,138
44:3D:54:BE:12:3C,ALL,udp:25503,192.168.3.105*,2,228,1,138,1,90
44:3D:54:BE:12:3C,ALL,udp:50394,192.168.3.1*,2,253,1,79,1,174
44:3D:54:BE:12:3C,ALL,udp:50394,192.168.3.105*,2,253,1,174,1,79
44:3D:54:BE:12:3C,ALL,udp:51400,192.168.3.1*,2,242,1,89,1,153
44:3D:54:BE:12:3C,ALL,udp:51400,192.168.3.105*,2,242,1,153,1,89
44:3D:54:BE:12:3C,ALL,udp:54973,192.168.3.1*,2,170,1,77,1,93
44:3D:54:BE:12:3C,ALL,udp:54973,192.168.3.105*,2,170,1,93,1,77
44:3D:54:BE:12:3C,ALL,udp:19192,192.168.3.1*,2,242,1,89,1,153
44:3D:54:BE:12:3C,ALL,udp:19192,192.168.3.105*,2,242,1,153,1,89
44:3D:54:BE:12:3C,ALL,udp:29455,192.168.3.1*,2,253,1,79,1,174
44:3D:54:BE:12:3C,ALL,udp:29455,192.168.3.105*,2,253,1,174,1,79
44:3D:54:BE:12:3C,ALL,udp:36019,192.168.3.1*,2,368,1,120,1,248
44:3D:54:BE:12:3C,ALL,udp:36019,192.168.3.105*,2,368,1,248,1,120
44:3D:54:BE:12:3C,ALL,udp:46645,192.168.3.1*,2,242,1,89,1,153
44:3D:54:BE:12:3C,ALL,udp:46645,192.168.3.105*,2,242,1,153,1,89
44:3D:54:BE:12:3C,ALL,udp:64869,192.168.3.1*,2,253,1,79,1,174
44:3D:54:BE:12:3C,ALL,udp:64869,192.168.3.105*,2,253,1,174,1,79
44:3D:54:BE:12:3C,ALL,udp:10376,192.168.3.1*,2,242,1,89,1,153
44:3D:54:BE:12:3C,ALL,udp:10376,192.168.3.105*,2,242,1,153,1,89
44:3D:54:BE:12:3C,ALL,udp:15198,192.168.3.1*,2,253,1,79,1,174
44:3D:54:BE:12:3C,ALL,udp:15198,192.168.3.105*,2,253,1,174,1,79
44:3D:54:BE:12:3C,ALL,udp:25723,192.168.3.1*,2,170,1,77,1,93
44:3D:54:BE:12:3C,ALL,udp:25723,192.168.3.105*,2,170,1,93,1,77
44:3D:54:BE:12:3C,ALL,udp:47309,192.168.3.1*,2,242,1,89,1,153
44:3D:54:BE:12:3C,ALL,udp:47309,192.168.3.105*,2,242,1,153,1,89
44:3D:54:BE:12:3C,ALL,udp:13060,192.168.3.1*,2,242,1,89,1,153
44:3D:54:BE:12:3C,ALL,udp:13060,192.168.3.105*,2,242,1,153,1,89
44:3D:54:BE:12:3C,ALL,udp:15236,192.168.3.1*,2,228,1,90,1,138
44:3D:54:BE:12:3C,ALL,udp:15236,192.168.3.105*,2,228,1,138,1,90
44:3D:54:BE:12:3C,ALL,udp:14652,192.168.3.1*,2,253,1,79,1,174
44:3D:54:BE:12:3C,ALL,udp:14652,192.168.3.105*,2,253,1,174,1,79
44:3D:54:BE:12:3C,ALL,udp:30075,192.168.3.1*,2,253,1,79,1,174
44:3D:54:BE:12:3C,ALL,udp:30075,192.168.3.105*,2,253,1,174,1,79
44:3D:54:BE:12:3C,ALL,udp:64256,192.168.3.1*,2,242,1,89,1,153
44:3D:54:BE:12:3C,ALL,udp:64256,192.168.3.105*,2,242,1,153,1,89
44:3D:54:BE:12:3C,ALL,udp:46349,192.168.3.1*,2,253,1,79,1,174
44:3D:54:BE:12:3C,ALL,udp:46349,192.168.3.105*,2,253,1,174,1,79
44:3D:54:BE:12:3C,ALL,udp:42160,192.168.3.1*,2,170,1,77,1,93
44:3D:54:BE:12:3C,ALL,udp:42160,192.168.3.105*,2,170,1,93,1,77
44:3D:54:BE:12:3C,ALL,udp:7263,192.168.3.1*,2,253,1,79,1,174
44:3D:54:BE:12:3C,ALL,udp:7263,192.168.3.105*,2,253,1,174,1,79
44:3D:54:BE:12:3C,ALL,udp:2635,192.168.3.1*,2,242,1,89,1,153
44:3D:54:BE:12:3C,ALL,udp:2635,192.168.3.105*,2,242,1,153,1,89
44:3D:54:BE:12:3C,ALL,udp:40145,192.168.3.1*,2,164,1,74,1,90
44:3D:54:BE:12:3C,ALL,udp:40145,192.168.3.105*,2,164,1,90,1,74
44:3D:54:BE:12:3C,ALL,udp:62102,192.168.3.1*,2,368,1,120,1,248
44:3D:54:BE:12:3C,ALL,udp:62102,192.168.3.105*,2,368,1,248,1,120
44:3D:54:BE:12:3C,ALL,udp:60378,192.168.3.1*,2,253,1,79,1,174
44:3D:54:BE:12:3C,ALL,udp:60378,192.168.3.105*,2,253,1,174,1,79
44:3D:54:BE:12:3C,ALL,udp:55245,192.168.3.1*,2,242,1,89,1,153
44:3D:54:BE:12:3C,ALL,udp:55245,192.168.3.105*,2,242,1,153,1,89
44:3D:54:BE:12:3C,ALL,udp:2773,192.168.3.1*,2,253,1,79,1,174
44:3D:54:BE:12:3C,ALL,udp:2773,192.168.3.105*,2,253,1,174,1,79
44:3D:54:BE:12:3C,ALL,udp:4546,192.168.3.1*,2,253,1,79,1,174
44:3D:54:BE:12:3C,ALL,udp:4546,192.168.3.105*,2,253,1,174,1,79
44:3D:54:BE:12:3C,ALL,udp:28689,192.168.3.1*,2,253,1,79,1,174
44:3D:54:BE:12:3C,ALL,udp:28689,192.168.3.105*,2,253,1,174,1,79
44:3D:54:BE:12:3C,ALL,udp:51090,192.168.3.1*,2,242,1,89,1,153
44:3D:54:BE:12:3C,ALL,udp:51090,192.168.3.105*,2,242,1,153,1,89
44:3D:54:BE:12:3C,ALL,udp:48492,192.168.3.1*,2,170,1,77,1,93
44:3D:54:BE:12:3C,ALL,udp:48492,192.168.3.105*,2,170,1,93,1,77
44:3D:54:BE:12:3C,ALL,udp:10660,192.168.3.1*,2,242,1,89,1,153
44:3D:54:BE:12:3C,ALL,udp:10660,192.168.3.105*,2,242,1,153,1,89
44:3D:54:BE:12:3C,ALL,udp:43433,192.168.3.1*,2,242,1,89,1,153
44:3D:54:BE:12:3C,ALL,udp:43433,192.168.3.105*,2,242,1,153,1,89
44:3D:54:BE:12:3C,ALL,udp:51686,192.168.3.1*,2,253,1,79,1,174
44:3D:54:BE:12:3C,ALL,udp:51686,192.168.3.105*,2,253,1,174,1,79
44:3D:54:BE:12:3C,ALL,udp:15818,192.168.3.1*,2,253,1,79,1,174
44:3D:54:BE:12:3C,ALL,udp:15818,192.168.3.105*,2,253,1,174,1,79
44:3D:54:BE:12:3C,ALL,udp:14775,192.168.3.1*,2,242,1,89,1,153
44:3D:54:BE:12:3C,ALL,udp:14775,192.168.3.105*,2,242,1,153,1,89
44:3D:54:BE:12:3C,ALL,udp:1276,192.168.3.1*,2,170,1,77,1,93
44:3D:54:BE:12:3C,ALL,udp:1276,192.168.3.105*,2,170,1,93,1,77
44:3D:54:BE:12:3C,ALL,udp:1108,192.168.3.1*,2,242,1,89,1,153
44:3D:54:BE:12:3C,ALL,udp:1108,192.168.3.105*,2,242,1,153,1,89
44:3D:54:BE:12:3C,ALL,udp:17890,192.168.3.1*,2,253,1,79,1,174
44:3D:54:BE:12:3C,ALL,udp:17890,192.168.3.105*,2,253,1,174,1,79
44:3D:54:BE:12:3C,ALL,udp:59791,192.168.3.1*,2,253,1,79,1,174
44:3D:54:BE:12:3C,ALL,udp:59791,192.168.3.105*,2,253,1,174,1,79
44:3D:54:BE:12:3C,ALL,udp:14545,192.168.3.1*,2,253,1,79,1,174
44:3D:54:BE:12:3C,ALL,udp:14545,192.168.3.105*,2,253,1,174,1,79
44:3D:54:BE:12:3C,ALL,udp:15224,192.168.3.1*,2,253,1,79,1,174
44:3D:54:BE:12:3C,ALL,udp:15224,192.168.3.105*,2,253,1,174,1,79
44:3D:54:BE:12:3C,ALL,udp:4153,192.168.3.1*,2,242,1,89,1,153
44:3D:54:BE:12:3C,ALL,udp:4153,192.168.3.105*,2,242,1,153,1,89
44:3D:54:BE:12:3C,ALL,udp:50232,192.168.3.1*,2,253,1,79,1,174
44:3D:54:BE:12:3C,ALL,udp:50232,192.168.3.105*,2,253,1,174,1,79
44:3D:54:BE:12:3C,ALL,udp:46265,192.168.3.1*,2,170,1,77,1,93
44:3D:54:BE:12:3C,ALL,udp:46265,192.168.3.105*,2,170,1,93,1,77
44:3D:54:BE:12:3C,ALL,udp:43024,192.168.3.105*,2,170,1,93,1,77
44:3D:54:BE:12:3C,ALL,udp:43024,8.8.8.8*,2,170,1,77,1,93
44:3D:54:BE:12:3C,ALL,udp:28743,192.168.3.1*,2,242,1,89,1,153
44:3D:54:BE:12:3C,ALL,udp:28743,192.168.3.105*,2,242,1,153,1,89
44:3D:54:BE:12:3C,ALL,udp:1621,192.168.3.1*,2,253,1,79,1,174
44:3D:54:BE:12:3C,ALL,udp:1621,192.168.3.105*,2,253,1,174,1,79
44:3D:54:BE:12:3C,ALL,udp:47803,192.168.3.1*,2,242,1,89,1,153
44:3D:54:BE:12:3C,ALL,udp:47803,192.168.3.105*,2,242,1,153,1,89
44:3D:54:BE:12:3C,ALL,udp:16200,192.168.3.1*,2,253,1,79,1,174
44:3D:54:BE:12:3C,ALL,udp:16200,192.168.3.105*,2,253,1,174,1,79
44:3D:54:BE:12:3C,ALL,udp:28939,192.168.3.1*,2,253,1,79,1,174
44:3D:54:BE:12:3C,ALL,udp:28939,192.168.3.105*,2,253,1,174,1,79
44:3D:54:BE:12:3C,ALL,udp:22780,192.168.3.1*,2,242,1,89,1,153
44:3D:54:BE:12:3C,ALL,udp:22780,192.168.3.105*,2,242,1,153,1,89
44:3D:54:BE:12:3C,ALL,udp:17899,192.168.3.1*,2,170,1,77,1,93
44:3D:54:BE:12:3C,ALL,udp:17899,192.168.3.105*,2,170,1,93,1,77
44:3D:54:BE:12:3C,ALL,udp:59590,192.168.3.1*,2,253,1,79,1,174
44:3D:54:BE:12:3C,ALL,udp:59590,192.168.3.105*,2,253,1,174,1,79
44:3D:54:BE:12:3C,ALL,udp:57756,192.168.3.1*,2,242,1,89,1,153
44:3D:54:BE:12:3C,ALL,udp:57756,192.168.3.105*,2,242,1,153,1,89
44:3D:54:BE:12:3C,ALL,udp:58830,192.168.3.1*,2,164,1,74,1,90
44:3D:54:BE:12:3C,ALL,udp:58830,192.168.3.105*,2,164,1,90,1,74
44:3D:54:BE:12:3C,ALL,udp:8411,192.168.3.1*,2,368,1,120,1,248
44:3D:54:BE:12:3C,ALL,udp:8411,192.168.3.105*,2,368,1,248,1,120
44:3D:54:BE:12:3C,ALL,udp:16376,192.168.3.1*,2,242,1,89,1,153
44:3D:54:BE:12:3C,ALL,udp:16376,192.168.3.105*,2,242,1,153,1,89
44:3D:54:BE:12:3C,ALL,udp:56905,192.168.3.1*,2,242,1,89,1,153
44:3D:54:BE:12:3C,ALL,udp:56905,192.168.3.105*,2,242,1,153,1,89
44:3D:54:BE:12:3C,ALL,udp:53895,192.168.3.1*,2,170,1,77,1,93
44:3D:54:BE:12:3C,ALL,udp:53895,192.168.3.105*,2,170,1,93,1,77
44:3D:54:BE:12:3C,ALL,udp:48525,192.168.3.1*,2,253,1,79,1,174
44:3D:54:BE:12:3C,ALL,udp:48525,192.168.3.105*,2,253,1,174,1,79
44:3D:54:BE:12:3C,ALL,udp:20020,192.168.3.1*,2,253,1,79,1,174
44:3D:54:BE:12:3C,ALL,udp:20020,192.168.3.105*,2,253,1,174,1,79
44:3D:54:BE:12:3C,ALL,udp:12810,192.168.3.1*,2,242,1,89,1,153
44:3D:54:BE:12:3C,ALL,udp:12810,192.168.3.105*,2,242,1,153,1,89
44:3D:54:BE:12:3C,ALL,udp:13220,192.168.3.1*,2,253,1,79,1,174
44:3D:54:BE:12:3C,ALL,udp:13220,192.168.3.105*,2,253,1,174,1,79
44:3D:54:BE:12:3C,ALL,udp:32902,192.168.3.1*,2,228,1,90,1,138
44:3D:54:BE:12:3C,ALL,udp:32902,192.168.3.105*,2,228,1,138,1,90
44:3D:54:BE:12:3C,ALL,udp:55176,192.168.3.1*,2,242,1,89,1,153
44:3D:54:BE:12:3C,ALL,udp:55176,192.168.3.105*,2,242,1,153,1,89
44:3D:54:BE:12:3C,ALL,udp:47612,192.168.3.1*,2,253,1,79,1,174
44:3D:54:BE:12:3C,ALL,udp:47612,192.168.3.105*,2,253,1,174,1,79
44:3D:54:BE:12:3C,ALL,udp:16001,192.168.3.1*,2,242,1,89,1,153
44:3D:54:BE:12:3C,ALL,udp:16001,192.168.3.105*,2,242,1,153,1,89
44:3D:54:BE:12:3C,ALL,udp:14961,192.168.3.1*,2,170,1,77,1,93
44:3D:54:BE:12:3C,ALL,udp:14961,192.168.3.105*,2,170,1,93,1,77
44:3D:54:BE:12:3C,ALL,udp:40191,192.168.3.1*,2,253,1,79,1,174
44:3D:54:BE:12:3C,ALL,udp:40191,192.168.3.105*,2,253,1,174,1,79
44:3D:54:BE:12:3C,ALL,udp:60810,192.168.3.1*,2,242,1,89,1,153
44:3D:54:BE:12:3C,ALL,udp:60810,192.168.3.105*,2,242,1,153,1,89
44:3D:54:BE:12:3C,ALL,udp:22237,192.168.3.1*,2,164,1,74,1,90
44:3D:54:BE:12:3C,ALL,udp:22237,192.168.3.105*,2,164,1,90,1,74
44:3D:54:BE:12:3C,ALL,udp:19283,192.168.3.1*,2,368,1,120,1,248
44:3D:54:BE:12:3C,ALL,udp:19283,192.168.3.105*,2,368,1,248,1,120
44:3D:54:BE:12:3C,ALL,udp:2906,192.168.3.1*,2,242,1,89,1,153
44:3D:54:BE:12:3C,ALL,udp:2906,192.168.3.105*,2,242,1,153,1,89
44:3D:54:BE:12:3C,ALL,udp:36009,192.168.3.1*,2,253,1,79,1,174
44:3D:54:BE:12:3C,ALL,udp:36009,192.168.3.105*,2,253,1,174,1,79
44:3D:54:BE:12:3C,ALL,udp:63631,192.168.3.1*,2,242,1,89,1,153
44:3D:54:BE:12:3C,ALL,udp:63631,192.168.3.105*,2,242,1,153,1,89
44:3D:54:BE:12:3C,ALL,udp:9085,192.168.3.1*,2,253,1,79,1,174
44:3D:54:BE:12:3C,ALL,udp:9085,192.168.3.105*,2,253,1,174,1,79
44:3D:54:BE:12:3C,ALL,udp:5835,192.168.3.1*,2,170,1,77,1,93
44:3D:54:BE:12:3C,ALL,udp:5835,192.168.3.105*,2,170,1,93,1,77
44:3D:54:BE:12:3C,ALL,udp:19875,192.168.3.1*,2,253,1,79,1,174
44:3D:54:BE:12:3C,ALL,udp:19875,192.168.3.105*,2,253,1,174,1,79
44:3D:54:BE:12:3C,ALL,udp:36742,192.168.3.1*,2,242,1,89,1,153
44:3D:54:BE:12:3C,ALL,udp:36742,192.168.3.105*,2,242,1,153,1,89
44:3D:54:BE:12:3C,ALL,udp:38788,192.168.3.1*,2,228,1,90,1,138
44:3D:54:BE:12:3C,ALL,udp:38788,192.168.3.105*,2,228,1,138,1,90
44:3D:54:BE:12:3C,ALL,udp:53529,192.168.3.1*,2,253,1,79,1,174
44:3D:54:BE:12:3C,ALL,udp:53529,192.168.3.105*,2,253,1,174,1,79
44:3D:54:BE:12:3C,ALL,udp:10360,192.168.3.1*,2,242,1,89,1,153
44:3D:54:BE:12:3C,ALL,udp:10360,192.168.3.105*,2,242,1,153,1,89
44:3D:54:BE:12:3C,ALL,udp:18863,192.168.3.1*,2,253,1,79,1,174
44:3D:54:BE:12:3C,ALL,udp:18863,192.168.3.105*,2,253,1,174,1,79
44:3D:54:BE:12:3C,ALL,udp:55677,192.168.3.1*,2,242,1,89,1,153
44:3D:54:BE:12:3C,ALL,udp:55677,192.168.3.105*,2,242,1,153,1,89
44:3D:54:BE:12:3C,ALL,udp:56794,192.168.3.1*,2,253,1,79,1,174
44:3D:54:BE:12:3C,ALL,udp:56794,192.168.3.105*,2,253,1,174,1,79
44:3D:54:BE:12:3C,ALL,udp:63977,192.168.3.1*,2,170,1,77,1,93
44:3D:54:BE:12:3C,ALL,udp:63977,192.168.3.105*,2,170,1,93,1,77
44:3D:54:BE:12:3C,ALL,udp:9211,192.168.3.1*,2,164,1,74,1,90
44:3D:54:BE:12:3C,ALL,udp:9211,192.168.3.105*,2,164,1,90,1,74
44:3D:54:BE:12:3C,ALL,udp:27564,192.168.3.1*,2,242,1,89,1,153
44:3D:54:BE:12:3C,ALL,udp:27564,192.168.3.105*,2,242,1,153,1,89
44:3D:54:BE:12:3C,ALL,udp:60961,192.168.3.1*,2,253,1,79,1,174
44:3D:54:BE:12:3C,ALL,udp:60961,192.168.3.105*,2,253,1,174,1,79
44:3D:54:BE:12:3C,ALL,udp:34952,192.168.3.1*,2,253,1,79,1,174
44:3D:54:BE:12:3C,ALL,udp:34952,192.168.3.105*,2,253,1,174,1,79
44:3D:54:BE:12:3C,ALL,udp:36799,192.168.3.1*,2,368,1,120,1,248
44:3D:54:BE:12:3C,ALL,udp:36799,192.168.3.105*,2,368,1,248,1,120
44:3D:54:BE:12:3C,ALL,udp:47339,192.168.3.1*,2,253,1,79,1,174
44:3D:54:BE:12:3C,ALL,udp:47339,192.168.3.105*,2,253,1,174,1,79
44:3D:54:BE:12:3C,ALL,udp:50819,192.168.3.1*,2,242,1,89,1,153
44:3D:54:BE:12:3C,ALL,udp:50819,192.168.3.105*,2,242,1,153,1,89
44:3D:54:BE:12:3C,ALL,udp:32089,192.168.3.1*,2,164,1,74,1,90
44:3D:54:BE:12:3C,ALL,udp:32089,192.168.3.105*,2,164,1,90,1,74
44:3D:54:BE:12:3C,ALL,udp:16938,192.168.3.1*,2,242,1,89,1,153
44:3D:54:BE:12:3C,ALL,udp:16938,192.168.3.105*,2,242,1,153,1,89
44:3D:54:BE:12:3C,ALL,udp:30657,192.168.3.1*,2,253,1,79,1,174
44:3D:54:BE:12:3C,ALL,udp:30657,192.168.3.105*,2,253,1,174,1,79
44:3D:54:BE:12:3C,ALL,udp:62313,192.168.3.1*,2,170,1,77,1,93
44:3D:54:BE:12:3C,ALL,udp:62313,192.168.3.105*,2,170,1,93,1,77
44:3D:54:BE:12:3C,ALL,udp:8517,192.168.3.1*,2,242,1,89,1,153
44:3D:54:BE:12:3C,ALL,udp:8517,192.168.3.105*,2,242,1,153,1,89
44:3D:54:BE:12:3C,ALL,udp:16784,192.168.3.1*,2,228,1,90,1,138
44:3D:54:BE:12:3C,ALL,udp:16784,192.168.3.105*,2,228,1,138,1,90
44:3D:54:BE:12:3C,ALL,udp:53815,192.168.3.1*,2,242,1,89,1,153
44:3D:54:BE:12:3C,ALL,udp:53815,192.168.3.105*,2,242,1,153,1,89
44:3D:54:BE:12:3C,ALL,udp:53073,192.168.3.1*,2,253,1,79,1,174
44:3D:54:BE:12:3C,ALL,udp:53073,192.168.3.105*,2,253,1,174,1,79
44:3D:54:BE:12:3C,ALL,udp:7415,192.168.3.1*,2,253,1,79,1,174
44:3D:54:BE:12:3C,ALL,udp:7415,192.168.3.105*,2,253,1,174,1,79
44:3D:54:BE:12:3C,ALL,udp:13367,192.168.3.1*,2,242,1,89,1,153
44:3D:54:BE:12:3C,ALL,udp:13367,192.168.3.105*,2,242,1,153,1,89
44:3D:54:BE:12:3C,ALL,udp:65151,192.168.3.1*,2,253,1,79,1,174
44:3D:54:BE:12:3C,ALL,udp:65151,192.168.3.105*,2,253,1,174,1,79
44:3D:54:BE:12:3C,ALL,udp:21490,192.168.3.1*,2,242,1,89,1,153
44:3D:54:BE:12:3C,ALL,udp:21490,192.168.3.105*,2,242,1,153,1,89
44:3D:54:BE:12:3C,ALL,udp:59519,192.168.3.1*,2,368,1,120,1,248
44:3D:54:BE:12:3C,ALL,udp:59519,192.168.3.105*,2,368,1,248,1,120
44:3D:54:BE:12:3C,ALL,udp:56652,192.168.3.1*,2,242,1,89,1,153
44:3D:54:BE:12:3C,ALL,udp:56652,192.168.3.105*,2,242,1,153,1,89
44:3D:54:BE:12:3C,ALL,udp:15975,192.168.3.1*,2,253,1,79,1,174
44:3D:54:BE:12:3C,ALL,udp:15975,192.168.3.105*,2,253,1,174,1,79
44:3D:54:BE:12:3C,ALL,udp:18666,192.168.3.1*,2,242,1,89,1,153
44:3D:54:BE:12:3C,ALL,udp:18666,192.168.3.105*,2,242,1,153,1,89
44:3D:54:BE:12:3C,ALL,udp:34507,192.168.3.1*,2,170,1,77,1,93
44:3D:54:BE:12:3C,ALL,udp:34507,192.168.3.105*,2,170,1,93,1,77
44:3D:54:BE:12:3C,ALL,udp:17250,192.168.3.1*,2,242,1,89,1,153
44:3D:54:BE:12:3C,ALL,udp:17250,192.168.3.105*,2,242,1,153,1,89
44:3D:54:BE:12:3C,ALL,udp:40193,192.168.3.1*,2,242,1,89,1,153
44:3D:54:BE:12:3C,ALL,udp:40193,192.168.3.105*,2,242,1,153,1,89
44:3D:54:BE:12:3C,ALL,udp:53748,192.168.3.1*,2,253,1,79,1,174
44:3D:54:BE:12:3C,ALL,udp:53748,192.168.3.105*,2,253,1,174,1,79
44:3D:54:BE:12:3C,ALL,udp:32521,192.168.3.1*,2,253,1,79,1,174
44:3D:54:BE:12:3C,ALL,udp:32521,192.168.3.105*,2,253,1,174,1,79
44:3D:54:BE:12:3C,ALL,udp:2832,192.168.3.1*,2,242,1,89,1,153
44:3D:54:BE:12:3C,ALL,udp:2832,192.168.3.105*,2,242,1,153,1,89
44:3D:54:BE:12:3C,ALL,udp:24747,192.168.3.1*,2,253,1,79,1,174
44:3D:54:BE:12:3C,ALL,udp:24747,192.168.3.105*,2,253,1,174,1,79
44:3D:54:BE:12:3C,ALL,udp:9292,192.168.3.1*,2,170,1,77,1,93
44:3D:54:BE:12:3C,ALL,udp:9292,192.168.3.105*,2,170,1,93,1,77
44:3D:54:BE:12:3C,ALL,udp:62938,192.168.3.1*,2,164,1,74,1,90
44:3D:54:BE:12:3C,ALL,udp:62938,192.168.3.105*,2,164,1,90,1,74
44:3D:54:BE:12:3C,ALL,udp:56946,192.168.3.1*,2,242,1,89,1,153
44:3D:54:BE:12:3C,ALL,udp:56946,192.168.3.105*,2,242,1,153,1,89
44:3D:54:BE:12:3C,ALL,udp:4121,192.168.3.1*,2,253,1,79,1,174
44:3D:54:BE:12:3C,ALL,udp:4121,192.168.3.105*,2,253,1,174,1,79
44:3D:54:BE:12:3C,ALL,udp:16764,192.168.3.1*,2,253,1,79,1,174
44:3D:54:BE:12:3C,ALL,udp:16764,192.168.3.105*,2,253,1,174,1,79
44:3D:54:BE:12:3C,ALL,udp:26180,192.168.3.1*,2,368,1,120,1,248
44:3D:54:BE:12:3C,ALL,udp:26180,192.168.3.105*,2,368,1,248,1,120
44:3D:54:BE:12:3C,ALL,udp:7991,192.168.3.1*,2,253,1,79,1,174
44:3D:54:BE:12:3C,ALL,udp:7991,192.168.3.105*,2,253,1,174,1,79
44:3D:54:BE:12:3C,ALL,udp:20615,192.168.3.1*,2,242,1,89,1,153
44:3D:54:BE:12:3C,ALL,udp:20615,192.168.3.105*,2,242,1,153,1,89
44:3D:54:BE:12:3C,ALL,udp:34090,192.168.3.1*,2,253,1,79,1,174
44:3D:54:BE:12:3C,ALL,udp:34090,192.168.3.105*,2,253,1,174,1,79
44:3D:54:BE:12:3C,ALL,udp:56819,192.168.3.1*,2,242,1,89,1,153
44:3D:54:BE:12:3C,ALL,udp:56819,192.168.3.105*,2,242,1,153,1,89
44:3D:54:BE:12:3C,ALL,udp:28584,192.168.3.1*,2,170,1,77,1,93
44:3D:54:BE:12:3C,ALL,udp:28584,192.168.3.105*,2,170,1,93,1,77
44:3D:54:BE:12:3C,ALL,udp:28692,192.168.3.1*,2,253,1,79,1,174
44:3D:54:BE:12:3C,ALL,udp:28692,192.168.3.105*,2,253,1,174,1,79
44:3D:54:BE:12:3C,ALL,udp:33650,192.168.3.1*,2,228,1,90,1,138
44:3D:54:BE:12:3C,ALL,udp:33650,192.168.3.105*,2,228,1,138,1,90
44:3D:54:BE:12:3C,ALL,udp:40908,192.168.3.1*,2,242,1,89,1,153
44:3D:54:BE:12:3C,ALL,udp:40908,192.168.3.105*,2,242,1,153,1,89
44:3D:54:BE:12:3C,ALL,udp:42977,192.168.3.1*,2,253,1,79,1,174
44:3D:54:BE:12:3C,ALL,udp:42977,192.168.3.105*,2,253,1,174,1,79
44:3D:54:BE:12:3C,ALL,udp:12002,192.168.3.1*,2,253,1,79,1,174
44:3D:54:BE:12:3C,ALL,udp:12002,192.168.3.105*,2,253,1,174,1,79
44:3D:54:BE:12:3C,ALL,udp:33442,192.168.3.1*,2,242,1,89,1,153
44:3D:54:BE:12:3C,ALL,udp:33442,192.168.3.105*,2,242,1,153,1,89
44:3D:54:BE:12:3C,ALL,udp:41471,192.168.3.1*,2,253,1,79,1,174
44:3D:54:BE:12:3C,ALL,udp:41471,192.168.3.105*,2,253,1,174,1,79
44:3D:54:BE:12:3C,ALL,udp:34873,192.168.3.1*,2,242,1,89,1,153
44:3D:54:BE:12:3C,ALL,udp:34873,192.168.3.105*,2,242,1,153,1,89
44:3D:54:BE:12:3C,ALL,udp:28910,192.168.3.1*,2,170,1,77,1,93
44:3D:54:BE:12:3C,ALL,udp:28910,192.168.3.105*,2,170,1,93,1,77
44:3D:54:BE:12:3C,ALL,udp:60772,192.168.3.1*,2,253,1,79,1,174
44:3D:54:BE:12:3C,ALL,udp:60772,192.168.3.105*,2,253,1,174,1,79
44:3D:54:BE:12:3C,ALL,udp:56335,192.168.3.1*,2,242,1,89,1,153
44:3D:54:BE:12:3C,ALL,udp:56335,192.168.3.105*,2,242,1,153,1,89
44:3D:54:BE:12:3C,ALL,udp:20490,192.168.3.1*,2,368,1,120,1,248
44:3D:54:BE:12:3C,ALL,udp:20490,192.168.3.105*,2,368,1,248,1,120
44:3D:54:BE:12:3C,ALL,udp:23998,192.168.3.1*,2,242,1,89,1,153
44:3D:54:BE:12:3C,ALL,udp:23998,192.168.3.105*,2,242,1,153,1,89
44:3D:54:BE:12:3C,ALL,udp:60539,192.168.3.1*,2,242,1,89,1,153
44:3D:54:BE:12:3C,ALL,udp:60539,192.168.3.105*,2,242,1,153,1,89
44:3D:54:BE:12:3C,ALL,udp:46817,192.168.3.1*,2,170,1,77,1,93
44:3D:54:BE:12:3C,ALL,udp:46817,192.168.3.105*,2,170,1,93,1,77
44:3D:54:BE:12:3C,ALL,udp:53040,192.168.3.1*,2,228,1,90,1,138
44:3D:54:BE:12:3C,ALL,udp:53040,192.168.3.105*,2,228,1,138,1,90
44:3D:54:BE:12:3C,ALL,udp:8130,192.168.3.1*,2,253,1,79,1,174
44:3D:54:BE:12:3C,ALL,udp:8130,192.168.3.105*,2,253,1,174,1,79
44:3D:54:BE:12:3C,ALL,udp:19538,192.168.3.1*,2,253,1,79,1,174
44:3D:54:BE:12:3C,ALL,udp:19538,192.168.3.105*,2,253,1,174,1,79
44:3D:54:BE:12:3C,ALL,udp:4288,192.168.3.1*,2,242,1,89,1,153
44:3D:54:BE:12:3C,ALL,udp:4288,192.168.3.105*,2,242,1,153,1,89
44:3D:54:BE:12:3C,ALL,udp:1734,192.168.3.1*,2,253,1,79,1,174
44:3D:54:BE:12:3C,ALL,udp:1734,192.168.3.105*,2,253,1,174,1,79
44:3D:54:BE:12:3C,ALL,udp:40677,192.168.3.1*,2,242,1,89,1,153
44:3D:54:BE:12:3C,ALL,udp:40677,192.168.3.105*,2,242,1,153,1,89
44:3D:54:BE:12:3C,ALL,udp:23970,192.168.3.1*,2,242,1,89,1,153
44:3D:54:BE:12:3C,ALL,udp:23970,192.168.3.105*,2,242,1,153,1,89
44:3D:54:BE:12:3C,ALL,udp:5154,192.168.3.1*,2,164,1,74,1,90
44:3D:54:BE:12:3C,ALL,udp:5154,192.168.3.105*,2,164,1,90,1,74
44:3D:54:BE:12:3C,ALL,udp:14904,192.168.3.1*,2,170,1,77,1,93
44:3D:54:BE:12:3C,ALL,udp:14904,192.168.3.105*,2,170,1,93,1,77
44:3D:54:BE:12:3C,ALL,udp:59287,192.168.3.1*,2,253,1,79,1,174
44:3D:54:BE:12:3C,ALL,udp:59287,192.168.3.105*,2,253,1,174,1,79
44:3D:54:BE:12:3C,ALL,udp:46037,192.168.3.1*,2,242,1,89,1,153
44:3D:54:BE:12:3C,ALL,udp:46037,192.168.3.105*,2,242,1,153,1,89
44:3D:54:BE:12:3C,ALL,udp:9876,192.168.3.1*,2,368,1,120,1,248
44:3D:54:BE:12:3C,ALL,udp:9876,192.168.3.105*,2,368,1,248,1,120
44:3D:54:BE:12:3C,ALL,udp:3692,192.168.3.1*,2,242,1,89,1,153
44:3D:54:BE:12:3C,ALL,udp:3692,192.168.3.105*,2,242,1,153,1,89
44:3D:54:BE:12:3C,ALL,udp:32226,192.168.3.1*,2,253,1,79,1,174
44:3D:54:BE:12:3C,ALL,udp:32226,192.168.3.105*,2,253,1,174,1,79
44:3D:54:BE:12:3C,ALL,udp:43742,192.168.3.1*,2,242,1,89,1,153
44:3D:54:BE:12:3C,ALL,udp:43742,192.168.3.105*,2,242,1,153,1,89
44:3D:54:BE:12:3C,ALL,udp:48735,192.168.3.1*,2,253,1,79,1,174
44:3D:54:BE:12:3C,ALL,udp:48735,192.168.3.105*,2,253,1,174,1,79
44:3D:54:BE:12:3C,ALL,udp:52310,192.168.3.1*,2,228,1,90,1,138
44:3D:54:BE:12:3C,ALL,udp:52310,192.168.3.105*,2,228,1,138,1,90
44:3D:54:BE:12:3C,ALL,udp:44806,192.168.3.1*,2,170,1,77,1,93
44:3D:54:BE:12:3C,ALL,udp:44806,192.168.3.105*,2,170,1,93,1,77
44:3D:54:BE:12:3C,ALL,udp:36285,192.168.3.1*,2,253,1,79,1,174
44:3D:54:BE:12:3C,ALL,udp:36285,192.168.3.105*,2,253,1,174,1,79
44:3D:54:BE:12:3C,ALL,udp:14029,192.168.3.1*,2,253,1,79,1,174
44:3D:54:BE:12:3C,ALL,udp:14029,192.168.3.105*,2,253,1,174,1,79
44:3D:54:BE:12:3C,ALL,udp:32899,192.168.3.1*,2,242,1,89,1,153
44:3D:54:BE:12:3C,ALL,udp:32899,192.168.3.105*,2,242,1,153,1,89
44:3D:54:BE:12:3C,ALL,udp:7949,192.168.3.1*,2,253,1,79,1,174
44:3D:54:BE:12:3C,ALL,udp:7949,192.168.3.105*,2,253,1,174,1,79
44:3D:54:BE:12:3C,ALL,udp:18944,192.168.3.1*,2,242,1,89,1,153
44:3D:54:BE:12:3C,ALL,udp:18944,192.168.3.105*,2,242,1,153,1,89
44:3D:54:BE:12:3C,ALL,udp:42737,192.168.3.1*,2,242,1,89,1,153
44:3D:54:BE:12:3C,ALL,udp:42737,192.168.3.105*,2,242,1,153,1,89
44:3D:54:BE:12:3C,ALL,udp:40332,192.168.3.1*,2,253,1,79,1,174
44:3D:54:BE:12:3C,ALL,udp:40332,192.168.3.105*,2,253,1,174,1,79
44:3D:54:BE:12:3C,ALL,udp:65473,192.168.3.1*,2,401,1,86,1,315
44:3D:54:BE:12:3C,ALL,udp:65473,192.168.3.105*,2,401,1,315,1,86
44:3D:54:BE:12:3C,ALL,udp:44344,192.168.3.1*,2,253,1,79,1,174
44:3D:54:BE:12:3C,ALL,udp:44344,192.168.3.105*,2,253,1,174,1,79
44:3D:54:BE:12:3C,ALL,udp:11393,192.168.3.1*,2,242,1,89,1,153
44:3D:54:BE:12:3C,ALL,udp:11393,192.168.3.105*,2,242,1,153,1,89
44:3D:54:BE:12:3C,ALL,udp:27762,192.168.3.1*,2,170,1,77,1,93
44:3D:54:BE:12:3C,ALL,udp:27762,192.168.3.105*,2,170,1,93,1,77
44:3D:54:BE:12:3C,ALL,udp:59255,192.168.3.1*,2,253,1,79,1,174
44:3D:54:BE:12:3C,ALL,udp:59255,192.168.3.105*,2,253,1,174,1,79
44:3D:54:BE:12:3C,ALL,udp:43479,192.168.3.1*,2,253,1,79,1,174
44:3D:54:BE:12:3C,ALL,udp:43479,192.168.3.105*,2,253,1,174,1,79
44:3D:54:BE:12:3C,ALL,udp:65320,192.168.3.1*,2,242,1,89,1,153
44:3D:54:BE:12:3C,ALL,udp:65320,192.168.3.105*,2,242,1,153,1,89
44:3D:54:BE:12:3C,ALL,udp:29883,192.168.3.1*,2,368,1,120,1,248
44:3D:54:BE:12:3C,ALL,udp:29883,192.168.3.105*,2,368,1,248,1,120
44:3D:54:BE:12:3C,ALL,udp:22592,192.168.3.1*,2,253,1,79,1,174
44:3D:54:BE:12:3C,ALL,udp:22592,192.168.3.105*,2,253,1,174,1,79
44:3D:54:BE:12:3C,ALL,udp:38361,192.168.3.1*,2,242,1,89,1,153
44:3D:54:BE:12:3C,ALL,udp:38361,192.168.3.105*,2,242,1,153,1,89
44:3D:54:BE:12:3C,ALL,udp:61940,192.168.3.1*,2,228,1,90,1,138
44:3D:54:BE:12:3C,ALL,udp:61940,192.168.3.105*,2,228,1,138,1,90
44:3D:54:BE:12:3C,ALL,udp:37382,192.168.3.1*,2,170,1,77,1,93
44:3D:54:BE:12:3C,ALL,udp:37382,192.168.3.105*,2,170,1,93,1,77
44:3D:54:BE:12:3C,ALL,udp:17432,192.168.3.1*,2,253,1,79,1,174
44:3D:54:BE:12:3C,ALL,udp:17432,192.168.3.105*,2,253,1,174,1,79
44:3D:54:BE:12:3C,ALL,udp:30068,192.168.3.1*,2,242,1,89,1,153
44:3D:54:BE:12:3C,ALL,udp:30068,192.168.3.105*,2,242,1,153,1,89
44:3D:54:BE:12:3C,ALL,udp:50652,192.168.3.1*,2,242,1,89,1,153
44:3D:54:BE:12:3C,ALL,udp:50652,192.168.3.105*,2,242,1,153,1,89
44:3D:54:BE:12:3C,ALL,udp:44643,192.168.3.1*,2,253,1,79,1,174
44:3D:54:BE:12:3C,ALL,udp:44643,192.168.3.105*,2,253,1,174,1,79
44:3D:54:BE:12:3C,ALL,udp:18833,192.168.3.1*,2,164,1,74,1,90
44:3D:54:BE:12:3C,ALL,udp:18833,192.168.3.105*,2,164,1,90,1,74
44:3D:54:BE:12:3C,ALL,udp:16290,192.168.3.1*,2,242,1,89,1,153
44:3D:54:BE:12:3C,ALL,udp:16290,192.168.3.105*,2,242,1,153,1,89
44:3D:54:BE:12:3C,ALL,udp:24593,192.168.3.1*,2,170,1,77,1,93
44:3D:54:BE:12:3C,ALL,udp:24593,192.168.3.105*,2,170,1,93,1,77
44:3D:54:BE:12:3C,ALL,udp:44856,192.168.3.1*,2,253,1,79,1,174
44:3D:54:BE:12:3C,ALL,udp:44856,192.168.3.105*,2,253,1,174,1,79
44:3D:54:BE:12:3C,ALL,udp:36299,192.168.3.1*,2,253,1,79,1,174
44:3D:54:BE:12:3C,ALL,udp:36299,192.168.3.105*,2,253,1,174,1,79
44:3D:54:BE:12:3C,ALL,udp:19806,192.168.3.1*,2,368,1,120,1,248
44:3D:54:BE:12:3C,ALL,udp:19806,192.168.3.105*,2,368,1,248,1,120
44:3D:54:BE:12:3C,ALL,udp:8367,192.168.3.1*,2,228,1,90,1,138
44:3D:54:BE:12:3C,ALL,udp:8367,192.168.3.105*,2,228,1,138,1,90
44:3D:54:BE:12:3C,ALL,udp:23862,192.168.3.1*,2,242,1,89,1,153
44:3D:54:BE:12:3C,ALL,udp:23862,192.168.3.105*,2,242,1,153,1,89
44:3D:54:BE:12:3C,ALL,udp:6947,192.168.3.1*,2,253,1,79,1,174
44:3D:54:BE:12:3C,ALL,udp:6947,192.168.3.105*,2,253,1,174,1,79
44:3D:54:BE:12:3C,ALL,udp:57079,192.168.3.1*,2,228,1,90,1,138
44:3D:54:BE:12:3C,ALL,udp:57079,192.168.3.105*,2,228,1,138,1,90
44:3D:54:BE:12:3C,ALL,udp:55229,192.168.3.1*,2,242,1,89,1,153
44:3D:54:BE:12:3C,ALL,udp:55229,192.168.3.105*,2,242,1,153,1,89
44:3D:54:BE:12:3C,ALL,udp:44480,192.168.3.1*,2,170,1,77,1,93
44:3D:54:BE:12:3C,ALL,udp:44480,192.168.3.105*,2,170,1,93,1,77
44:3D:54:BE:12:3C,ALL,udp:62141,192.168.3.1*,2,253,1,79,1,174
44:3D:54:BE:12:3C,ALL,udp:62141,192.168.3.105*,2,253,1,174,1,79
44:3D:54:BE:12:3C,ALL,udp:18332,192.168.3.1*,2,253,1,79,1,174
44:3D:54:BE:12:3C,ALL,udp:18332,192.168.3.105*,2,253,1,174,1,79
44:3D:54:BE:12:3C,ALL,udp:10446,192.168.3.1*,2,242,1,89,1,153
44:3D:54:BE:12:3C,ALL,udp:10446,192.168.3.105*,2,242,1,153,1,89
44:3D:54:BE:12:3C,ALL,udp:50276,192.168.3.1*,2,253,1,79,1,174
44:3D:54:BE:12:3C,ALL,udp:50276,192.168.3.105*,2,253,1,174,1,79
44:3D:54:BE:12:3C,ALL,udp:40855,192.168.3.1*,2,242,1,89,1,153
44:3D:54:BE:12:3C,ALL,udp:40855,192.168.3.105*,2,242,1,153,1,89
44:3D:54:BE:12:3C,ALL,udp:15884,192.168.3.1*,2,253,1,79,1,174
44:3D:54:BE:12:3C,ALL,udp:15884,192.168.3.105*,2,253,1,174,1,79
44:3D:54:BE:12:3C,ALL,udp:10537,192.168.3.1*,2,242,1,89,1,153
44:3D:54:BE:12:3C,ALL,udp:10537,192.168.3.105*,2,242,1,153,1,89
44:3D:54:BE:12:3C,ALL,udp:63676,192.168.3.1*,2,170,1,77,1,93
44:3D:54:BE:12:3C,ALL,udp:63676,192.168.3.105*,2,170,1,93,1,77
44:3D:54:BE:12:3C,ALL,udp:27214,192.168.3.1*,2,242,1,89,1,153
44:3D:54:BE:12:3C,ALL,udp:27214,192.168.3.105*,2,242,1,153,1,89
44:3D:54:BE:12:3C,ALL,udp:62227,192.168.3.1*,2,368,1,120,1,248
44:3D:54:BE:12:3C,ALL,udp:62227,192.168.3.105*,2,368,1,248,1,120
44:3D:54:BE:12:3C,ALL,udp:55642,192.168.3.1*,2,164,1,74,1,90
44:3D:54:BE:12:3C,ALL,udp:55642,192.168.3.105*,2,164,1,90,1,74
44:3D:54:BE:12:3C,ALL,udp:58930,192.168.3.1*,2,242,1,89,1,153
44:3D:54:BE:12:3C,ALL,udp:58930,192.168.3.105*,2,242,1,153,1,89
44:3D:54:BE:12:3C,ALL,udp:29866,192.168.3.1*,2,253,1,79,1,174
44:3D:54:BE:12:3C,ALL,udp:29866,192.168.3.105*,2,253,1,174,1,79
44:3D:54:BE:12:3C,ALL,udp:31561,192.168.3.1*,2,228,1,90,1,138
44:3D:54:BE:12:3C,ALL,udp:31561,192.168.3.105*,2,228,1,138,1,90
44:3D:54:BE:12:3C,ALL,udp:30627,192.168.3.1*,2,242,1,89,1,153
44:3D:54:BE:12:3C,ALL,udp:30627,192.168.3.105*,2,242,1,153,1,89
44:3D:54:BE:12:3C,ALL,udp:34748,192.168.3.1*,2,170,1,77,1,93
44:3D:54:BE:12:3C,ALL,udp:34748,192.168.3.105*,2,170,1,93,1,77
44:3D:54:BE:12:3C,ALL,udp:8056,192.168.3.1*,1,89,1,89,0,0
44:3D:54:BE:12:3C,ALL,udp:8056,192.168.3.105*,1,89,0,0,1,89
44:3D:54:BE:12:3C,ALL,udp:1360,192.168.3.105*,1,77,0,0,1,77
44:3D:54:BE:12:3C,ALL,udp:1360,8.8.8.8*,1,77,1,77,0,0
44:3D:54:BE:12:3C,ALL,udp:35461,192.168.3.1*,1,89,1,89,0,0
44:3D:54:BE:12:3C,ALL,udp:35461,192.168.3.105*,1,89,0,0,1,89
44:3D:54:BE:12:3C,ALL,udp:56700,192.168.3.105*,174,13572,0,0,174,13572
44:3D:54:BE:12:3C,ALL,udp:56700,255.255.255.255*,174,13572,174,13572,0,0
44:3D:54:BE:12:3C,ALL,udp:1982,192.168.3.105*,174,23838,0,0,174,23838
44:3D:54:BE:12:3C,ALL,udp:1982,239.255.255.250*,174,23838,174,23838,0,0
44:3D:54:BE:12:3C,ALL,https,100.24.229.171,430,339559,279,298005,151,41554
44:3D:54:BE:12:3C,ALL,https,100.25.237.111,303,228401,192,196523,111,31878
44:3D:54:BE:12:3C,ALL,https,107.20.107.11,237,161818,152,137794,85,24024
44:3D:54:BE:12:3C,ALL,https,107.20.42.3,185,128284,120,105580,65,22704
44:3D:54:BE:12:3C,ALL,https,107.23.125.234,201,141620,132,118652,69,22968
44:3D:54:BE:12:3C,ALL,https,108.138.105.27,409,146660,234,32769,175,113891
44:3D:54:BE:12:3C,ALL,https,108.138.123.164,167,55484,94,13174,73,42310
44:3D:54:BE:12:3C,ALL,https,108.138.63.186,605,203184,346,49546,259,153638
44:3D:54:BE:12:3C,ALL,https,108.138.78.184,7281,2456413,4214,597182,3067,1859231
44:3D:54:BE:12:3C,ALL,https,108.139.36.72,1116,373715,643,91076,473,282639
44:3D:54:BE:12:3C,ALL,https,108.139.45.164,1340,451199,769,107767,571,343432
44:3D:54:BE:12:3C,ALL,https,13.249.39.10,24,8753,14,1946,10,6807
44:3D:54:BE:12:3C,ALL,https,13.249.39.48,22,8621,14,1946,8,6675
44:3D:54:BE:12:3C,ALL,https,13.249.86.39,352,118355,205,29429,147,88926
44:3D:54:BE:12:3C,ALL,https,13.32.207.108,68,40062,46,5315,22,34747
44:3D:54:BE:12:3C,ALL,https,13.32.207.122,36,20160,23,2656,13,17504
44:3D:54:BE:12:3C,ALL,https,13.32.207.48,216,120995,139,16010,77,104985
44:3D:54:BE:12:3C,ALL,https,13.32.207.83,72,40373,47,5410,25,34963
44:3D:54:BE:12:3C,ALL,https,13.35.99.41,968,336778,557,76841,411,259937
44:3D:54:BE:12:3C,ALL,https,16.182.106.105,28,8270,16,1674,12,6596
44:3D:54:BE:12:3C,ALL,https,16.182.38.121,33,8552,20,1902,13,6650
44:3D:54:BE:12:3C,ALL,https,176.32.101.46,30,10621,18,3815,12,6806
44:3D:54:BE:12:3C,ALL,https,176.32.98.108,87,31589,52,11225,35,20364
44:3D:54:BE:12:3C,ALL,https,18.160.1.36,5339,1818889,3090,436891,2249,1381998
44:3D:54:BE:12:3C,ALL,https,18.160.21.25,796,280871,463,64676,333,216195
44:3D:54:BE:12:3C,ALL,https,18.160.30.54,1025,343902,595,85826,430,258076
44:3D:54:BE:12:3C,ALL,https,18.160.54.214,2225,756693,1288,180845,937,575848
44:3D:54:BE:12:3C,ALL,https,18.164.113.65,72,23928,40,5230,32,18698
44:3D:54:BE:12:3C,ALL,https,18.164.127.194,648,219882,384,53948,264,165934
44:3D:54:BE:12:3C,ALL,https,18.164.92.70,34,11305,19,2520,15,8785
44:3D:54:BE:12:3C,ALL,https,18.165.84.92,134,44305,77,10903,57,33402
44:3D:54:BE:12:3C,ALL,https,18.165.95.38,1307,452676,743,104309,564,348367
44:3D:54:BE:12:3C,ALL,https,18.173.130.120,107,60418,69,7968,38,52450
44:3D:54:BE:12:3C,ALL,https,18.173.139.97,656,221261,380,53705,276,167556
44:3D:54:BE:12:3C,ALL,https,18.173.240.126,1584,530978,913,129495,671,401483
44:3D:54:BE:12:3C,ALL,https,18.205.122.134,229,155719,147,131893,82,23826
44:3D:54:BE:12:3C,ALL,https,18.205.142.173,220,159376,141,135748,79,23628
44:3D:54:BE:12:3C,ALL,https,18.211.125.121,206,155301,129,131805,77,23496
44:3D:54:BE:12:3C,ALL,https,18.211.169.114,222,164264,143,140636,79,23628
44:3D:54:BE:12:3C,ALL,https,18.211.175.70,248,194233,161,170077,87,24156
44:3D:54:BE:12:3C,ALL,https,18.213.165.47,423,310815,277,264351,146,46464
44:3D:54:BE:12:3C,ALL,https,18.214.180.6,537,147434,313,47326,224,100108
44:3D:54:BE:12:3C,ALL,https,18.214.19.184,534,402197,333,351975,201,50222
44:3D:54:BE:12:3C,ALL,https,18.214.2.241,229,147247,147,123421,82,23826
44:3D:54:BE:12:3C,ALL,https,18.214.246.8,432,318517,275,271130,157,47387
44:3D:54:BE:12:3C,ALL,https,18.215.120.100,212,152774,137,129410,75,23364
44:3D:54:BE:12:3C,ALL,https,18.234.8.50,373,311969,282,301455,91,10514
44:3D:54:BE:12:3C,ALL,https,18.238.63.137,497,167899,287,40327,210,127572
44:3D:54:BE:12:3C,ALL,https,18.238.72.167,28,9485,18,2617,10,6868
44:3D:54:BE:12:3C,ALL,https,18.67.77.136,3872,1299344,2227,316705,1645,982639
44:3D:54:BE:12:3C,ALL,https,184.72.208.19,223,140079,133,115725,90,24354
44:3D:54:BE:12:3C,ALL,https,209.54.177.114,57,17370,32,4246,25,13124
44:3D:54:BE:12:3C,ALL,https,209.54.177.117,28,8658,16,2123,12,6535
44:3D:54:BE:12:3C,ALL,https,209.54.177.153,52,17100,30,4138,22,12962
44:3D:54:BE:12:3C,ALL,https,209.54.177.157,112,34632,64,8492,48,26140
44:3D:54:BE:12:3C,ALL,https,209.54.178.134,58,17436,33,4312,25,13124
44:3D:54:BE:12:3C,ALL,https,209.54.178.164,30,8795,17,2177,13,6618
44:3D:54:BE:12:3C,ALL,https,209.54.178.166,84,25974,48,6369,36,19605
44:3D:54:BE:12:3C,ALL,https,209.54.179.227,28,12072,17,2321,11,9751
44:3D:54:BE:12:3C,ALL,https,209.54.179.230,94,36447,59,7103,35,29344
44:3D:54:BE:12:3C,ALL,https,209.54.179.231,27,12042,16,2291,11,9751
44:3D:54:BE:12:3C,ALL,https,209.54.179.233,23,8179,14,1594,9,6585
44:3D:54:BE:12:3C,ALL,https,209.54.179.88,195,60552,111,14807,84,45745
44:3D:54:BE:12:3C,ALL,https,209.54.179.93,53,17154,30,4138,23,13016
44:3D:54:BE:12:3C,ALL,https,209.54.180.2,52,20334,32,3969,20,16365
44:3D:54:BE:12:3C,ALL,https,209.54.180.25,56,17316,32,4246,24,13070
44:3D:54:BE:12:3C,ALL,https,209.54.180.27,26,8550,15,2069,11,6481
44:3D:54:BE:12:3C,ALL,https,209.54.180.44,29,8712,17,2177,12,6535
44:3D:54:BE:12:3C,ALL,https,209.54.181.4,28,8658,16,2123,12,6535
44:3D:54:BE:12:3C,ALL,https,209.54.181.98,56,17316,32,4246,24,13070
44:3D:54:BE:12:3C,ALL,https,209.54.183.176,50,20197,31,3915,19,16282
44:3D:54:BE:12:3C,ALL,https,209.54.183.178,23,8179,14,1594,9,6585
44:3D:54:BE:12:3C,ALL,https,209.54.183.185,25,8316,15,1648,10,6668
44:3D:54:BE:12:3C,ALL,https,209.54.183.194,49,20143,31,3915,18,16228
44:3D:54:BE:12:3C,ALL,https,209.54.183.200,44,16250,28,3188,16,13062
44:3D:54:BE:12:3C,ALL,https,23.21.143.244,250,191568,165,167544,85,24024
44:3D:54:BE:12:3C,ALL,https,23.23.9.60,681,473227,446,402475,235,70752
44:3D:54:BE:12:3C,ALL,https,3.162.110.52,5209,1771863,2987,419478,2222,1352385
44:3D:54:BE:12:3C,ALL,https,3.162.126.195,7125,2405271,4123,579812,3002,1825459
44:3D:54:BE:12:3C,ALL,https,3.162.97.56,161,52477,93,13425,68,39052
44:3D:54:BE:12:3C,ALL,https,3.167.117.39,36,11477,19,2554,17,8923
44:3D:54:BE:12:3C,ALL,https,3.167.35.39,541,177282,302,43576,239,133706
44:3D:54:BE:12:3C,ALL,https,3.167.52.61,58054,128263252,14852,981638,43202,127281614
44:3D:54:BE:12:3C,ALL,https,3.167.54.34,66,67627,42,3685,24,63942
44:3D:54:BE:12:3C,ALL,https,3.167.72.39,7079,2356479,3997,564085,3082,1792394
44:3D:54:BE:12:3C,ALL,https,3.167.89.37,5267,1749987,2946,415150,2321,1334837
44:3D:54:BE:12:3C,ALL,https,3.167.96.38,317,117545,179,24803,138,92742
44:3D:54:BE:12:3C,ALL,https,3.168.120.39,29,9536,18,2603,11,6933
44:3D:54:BE:12:3C,ALL,https,3.171.136.38,1787,587384,1011,143732,776,443652
44:3D:54:BE:12:3C,ALL,https,3.209.64.137,408,283123,261,236593,147,46530
44:3D:54:BE:12:3C,ALL,https,3.210.46.249,230,177170,151,153542,79,23628
44:3D:54:BE:12:3C,ALL,https,3.213.186.136,492,324088,318,269638,174,54450
44:3D:54:BE:12:3C,ALL,https,3.215.100.225,264,179908,169,155224,95,24684
44:3D:54:BE:12:3C,ALL,https,3.216.196.251,244,187170,156,162948,88,24222
44:3D:54:BE:12:3C,ALL,https,3.216.34.89,231,172140,152,148512,79,23628
44:3D:54:BE:12:3C,ALL,https,3.217.147.217,8465,1006087,3468,452072,4997,554015
44:3D:54:BE:12:3C,ALL,https,3.217.156.173,431,310183,265,262159,166,48024
44:3D:54:BE:12:3C,ALL,https,3.218.18.11,215,144884,137,121322,78,23562
44:3D:54:BE:12:3C,ALL,https,3.218.39.140,415,279577,265,232849,150,46728
44:3D:54:BE:12:3C,ALL,https,3.219.64.172,216,162915,139,139419,77,23496
44:3D:54:BE:12:3C,ALL,https,3.219.89.253,228,171596,144,147638,84,23958
44:3D:54:BE:12:3C,ALL,https,3.220.101.208,318,242497,203,210010,115,32487
44:3D:54:BE:12:3C,ALL,https,3.220.6.175,231,147138,157,123840,74,23298
44:3D:54:BE:12:3C,ALL,https,3.221.235.214,233,163305,152,139545,81,23760
44:3D:54:BE:12:3C,ALL,https,3.223.181.245,22242,2693764,9157,1219653,13085,1474111
44:3D:54:BE:12:3C,ALL,https,3.223.237.71,245,198476,165,174782,80,23694
44:3D:54:BE:12:3C,ALL,https,3.223.88.139,232,176194,152,152500,80,23694
44:3D:54:BE:12:3C,ALL,https,3.224.0.142,400,284258,261,238256,139,46002
44:3D:54:BE:12:3C,ALL,https,3.224.7.48,476,346713,311,298995,165,47718
44:3D:54:BE:12:3C,ALL,https,3.225.154.199,416,311264,264,270542,152,40722
44:3D:54:BE:12:3C,ALL,https,3.225.204.30,237,164166,155,140340,82,23826
44:3D:54:BE:12:3C,ALL,https,3.225.215.111,232,172989,155,149493,77,23496
44:3D:54:BE:12:3C,ALL,https,3.225.52.36,225,167394,147,143832,78,23562
44:3D:54:BE:12:3C,ALL,https,3.226.129.220,227,167672,151,144242,76,23430
44:3D:54:BE:12:3C,ALL,https,3.226.165.18,210,148235,136,124925,74,23310
44:3D:54:BE:12:3C,ALL,https,3.226.212.217,227,175447,151,152017,76,23430
44:3D:54:BE:12:3C,ALL,https,3.227.83.236,203,55380,118,17778,85,37602
44:3D:54:BE:12:3C,ALL,https,3.228.122.11,250,189890,163,165734,87,24156
44:3D:54:BE:12:3C,ALL,https,3.228.91.102,234,175430,152,151604,82,23826
44:3D:54:BE:12:3C,ALL,https,3.229.159.163,208,151864,137,128764,71,23100
44:3D:54:BE:12:3C,ALL,https,3.229.160.128,229,165707,147,141881,82,23826
44:3D:54:BE:12:3C,ALL,https,3.229.211.55,461,322144,296,274426,165,47718
44:3D:54:BE:12:3C,ALL,https,3.229.244.36,239,184889,155,160931,84,23958
44:3D:54:BE:12:3C,ALL,https,3.231.65.199,232,171191,151,147431,81,23760
44:3D:54:BE:12:3C,ALL,https,3.232.200.74,572,428574,370,366138,202,62436
44:3D:54:BE:12:3C,ALL,https,3.232.62.20,258,180837,162,155949,96,24888
44:3D:54:BE:12:3C,ALL,https,3.233.206.1,246,198125,160,174023,86,24102
44:3D:54:BE:12:3C,ALL,https,3.90.193.148,1539,1207586,1012,1072384,527,135202
44:3D:54:BE:12:3C,ALL,https,3.90.93.237,215,144496,140,121132,75,23364
44:3D:54:BE:12:3C,ALL,https,3.93.95.161,250,177266,159,146708,91,30558
44:3D:54:BE:12:3C,ALL,https,3.95.118.55,238,176653,156,152827,82,23826
44:3D:54:BE:12:3C,ALL,https,3.95.77.191,237,179570,155,155744,82,23826
44:3D:54:BE:12:3C,ALL,https,34.193.121.152,505,368460,330,320082,175,48378
44:3D:54:BE:12:3C,ALL,https,34.193.70.72,239,183920,150,159632,89,24288
44:3D:54:BE:12:3C,ALL,https,34.194.30.73,220,174771,142,151081,78,23690
44:3D:54:BE:12:3C,ALL,https,34.195.175.66,376,102172,221,33290,155,68882
44:3D:54:BE:12:3C,ALL,https,34.195.62.213,213,161512,137,138082,76,23430
44:3D:54:BE:12:3C,ALL,https,34.196.63.235,248,168302,159,144014,89,24288
44:3D:54:BE:12:3C,ALL,https,34.197.138.74,263,192625,167,161737,96,30888
44:3D:54:BE:12:3C,ALL,https,34.197.184.235,242,164853,161,141093,81,23760
44:3D:54:BE:12:3C,ALL,https,34.197.203.148,457,346802,298,299480,159,47322
44:3D:54:BE:12:3C,ALL,https,34.198.78.104,577,392587,376,336124,201,56463
44:3D:54:BE:12:3C,ALL,https,34.199.149.113,493,380466,318,332088,175,48378
44:3D:54:BE:12:3C,ALL,https,34.199.159.124,332,192674,219,166525,113,26149
44:3D:54:BE:12:3C,ALL,https,34.199.246.5,214,144343,136,120653,78,23690
44:3D:54:BE:12:3C,ALL,https,34.199.88.168,155,116791,101,100951,54,15840
44:3D:54:BE:12:3C,ALL,https,34.200.107.64,240,165331,154,135103,86,30228
44:3D:54:BE:12:3C,ALL,https,34.200.96.179,226,166639,142,142681,84,23958
44:3D:54:BE:12:3C,ALL,https,34.201.189.27,253,193120,166,168964,87,24156
44:3D:54:BE:12:3C,ALL,https,34.203.52.61,221,160038,143,136476,78,23562
44:3D:54:BE:12:3C,ALL,https,34.205.108.34,236,190804,158,167242,78,23562
44:3D:54:BE:12:3C,ALL,https,34.205.186.68,425,319564,280,273166,145,46398
44:3D:54:BE:12:3C,ALL,https,34.205.61.248,225,149259,154,126159,71,23100
44:3D:54:BE:12:3C,ALL,https,34.206.138.70,243,165726,150,141174,93,24552
44:3D:54:BE:12:3C,ALL,https,34.206.197.93,230,166520,147,142628,83,23892
44:3D:54:BE:12:3C,ALL,https,34.224.103.154,246,177030,159,152874,87,24156
44:3D:54:BE:12:3C,ALL,https,34.225.135.247,231,158185,147,134215,84,23970
44:3D:54:BE:12:3C,ALL,https,34.225.146.231,207,151497,134,128265,73,23232
44:3D:54:BE:12:3C,ALL,https,34.227.121.68,237,180860,158,157232,79,23628
44:3D:54:BE:12:3C,ALL,https,34.228.175.93,238,171241,150,147019,88,24222
44:3D:54:BE:12:3C,ALL,https,34.230.103.194,232,149653,152,125959,80,23694
44:3D:54:BE:12:3C,ALL,https,34.230.126.114,443,331471,277,283687,166,47784
44:3D:54:BE:12:3C,ALL,https,34.230.150.226,343,256811,218,224009,125,32802
44:3D:54:BE:12:3C,ALL,https,34.233.144.19,219,160225,142,136729,77,23496
44:3D:54:BE:12:3C,ALL,https,34.233.202.64,236,190440,155,166680,81,23760
44:3D:54:BE:12:3C,ALL,https,34.233.215.20,304,225052,193,193174,111,31878
44:3D:54:BE:12:3C,ALL,https,34.233.77.245,264,189179,170,158423,94,30756
44:3D:54:BE:12:3C,ALL,https,34.235.66.225,223,151629,144,127989,79,23640
44:3D:54:BE:12:3C,ALL,https,34.235.86.56,573,469009,378,413173,195,55836
44:3D:54:BE:12:3C,ALL,https,34.237.111.59,434,120822,259,39956,175,80866
44:3D:54:BE:12:3C,ALL,https,34.237.179.28,107,86300,72,77852,35,8448
44:3D:54:BE:12:3C,ALL,https,34.237.199.118,344,280490,228,248282,116,32208
44:3D:54:BE:12:3C,ALL,https,34.237.23.188,474,342263,306,294347,168,47916
44:3D:54:BE:12:3C,ALL,https,35.155.9.57,66,17874,38,4352,28,13522
44:3D:54:BE:12:3C,ALL,https,35.167.225.196,34,9003,20,2242,14,6761
44:3D:54:BE:12:3C,ALL,https,35.169.21.72,224,183791,141,159899,83,23892
44:3D:54:BE:12:3C,ALL,https,35.170.94.57,230,160866,148,130902,82,29964
44:3D:54:BE:12:3C,ALL,https,35.171.36.224,22,8091,13,1632,9,6459
44:3D:54:BE:12:3C,ALL,https,35.172.2.224,5950,490873,2974,294426,2976,196447
44:3D:54:BE:12:3C,ALL,https,35.173.163.27,214,167956,134,144262,80,23694
44:3D:54:BE:12:3C,ALL,https,35.174.133.135,240,193914,163,170418,77,23496
44:3D:54:BE:12:3C,ALL,https,35.174.217.7,555,412088,363,356450,192,55638
44:3D:54:BE:12:3C,ALL,https,35.174.66.136,408,309077,272,269411,136,39666
44:3D:54:BE:12:3C,ALL,https,35.175.71.102,8392,1077604,3472,504051,4920,573553
44:3D:54:BE:12:3C,ALL,https,44.193.236.65,676,186302,396,61170,280,125132
44:3D:54:BE:12:3C,ALL,https,44.193.246.225,228,164879,147,141119,81,23760
44:3D:54:BE:12:3C,ALL,https,44.193.70.199,251,168839,164,144683,87,24156
44:3D:54:BE:12:3C,ALL,https,44.198.146.26,226,174369,149,150873,77,23496
44:3D:54:BE:12:3C,ALL,https,44.198.224.47,647,175649,376,56455,271,119194
44:3D:54:BE:12:3C,ALL,https,44.199.138.71,514,139275,299,45093,215,94182
44:3D:54:BE:12:3C,ALL,https,44.199.42.139,276,208029,170,181720,106,26309
44:3D:54:BE:12:3C,ALL,https,44.199.52.214,643,175481,376,56551,267,118930
44:3D:54:BE:12:3C,ALL,https,44.199.66.1,225,148467,147,124905,78,23562
44:3D:54:BE:12:3C,ALL,https,44.199.80.228,16901,2257490,7009,1096013,9892,1161477
44:3D:54:BE:12:3C,ALL,https,44.207.10.190,3350,285446,1677,167719,1673,117727
44:3D:54:BE:12:3C,ALL,https,44.207.157.32,203,149169,127,125739,76,23430
44:3D:54:BE:12:3C,ALL,https,44.207.21.144,266,174242,167,149294,99,24948
44:3D:54:BE:12:3C,ALL,https,44.207.238.135,296,224966,196,193814,100,31152
44:3D:54:BE:12:3C,ALL,https,44.208.12.189,508,378241,337,323989,171,54252
44:3D:54:BE:12:3C,ALL,https,44.212.253.145,235,188975,153,165149,82,23826
44:3D:54:BE:12:3C,ALL,https,44.213.224.232,219,148012,141,124381,78,23631
44:3D:54:BE:12:3C,ALL,https,44.214.235.38,436,330669,282,283677,154,46992
44:3D:54:BE:12:3C,ALL,https,44.215.115.150,3743,1512084,2328,383663,1415,1128421
44:3D:54:BE:12:3C,ALL,https,44.215.115.210,82,23814,46,6135,36,17679
44:3D:54:BE:12:3C,ALL,https,44.215.129.154,56,17028,32,5094,24,11934
44:3D:54:BE:12:3C,ALL,https,44.215.129.169,3321,1355051,2075,344431,1246,1010620
44:3D:54:BE:12:3C,ALL,https,44.215.132.234,29,8077,16,2089,13,5988
44:3D:54:BE:12:3C,ALL,https,44.215.132.72,28,9664,16,3659,12,6005
44:3D:54:BE:12:3C,ALL,https,44.215.133.149,54,15832,30,4046,24,11786
44:3D:54:BE:12:3C,ALL,https,44.215.133.95,3884,1572728,2416,399941,1468,1172787
44:3D:54:BE:12:3C,ALL,https,44.215.134.182,84,25542,48,7641,36,17901
44:3D:54:BE:12:3C,ALL,https,44.215.138.245,58,18239,33,5184,25,13055
44:3D:54:BE:12:3C,ALL,https,44.216.139.251,472,345064,308,296514,164,48550
44:3D:54:BE:12:3C,ALL,https,44.216.140.245,229,173191,150,149563,79,23628
44:3D:54:BE:12:3C,ALL,https,44.217.216.196,225,151652,143,127826,82,23826
44:3D:54:BE:12:3C,ALL,https,44.218.115.167,243,165394,165,141832,78,23562
44:3D:54:BE:12:3C,ALL,https,44.218.40.123,207,149722,132,126358,75,23364
44:3D:54:BE:12:3C,ALL,https,44.218.89.189,200,152312,132,129410,68,22902
44:3D:54:BE:12:3C,ALL,https,44.219.35.92,258,174850,170,150628,88,24222
44:3D:54:BE:12:3C,ALL,https,44.220.100.69,497,340681,320,292171,177,48510
44:3D:54:BE:12:3C,ALL,https,44.220.13.195,219,167065,144,143701,75,23364
44:3D:54:BE:12:3C,ALL,https,44.221.182.152,690,486542,444,415064,246,71478
44:3D:54:BE:12:3C,ALL,https,44.225.45.107,37,9755,21,2468,16,7287
44:3D:54:BE:12:3C,ALL,https,44.226.67.213,71,18466,42,4859,29,13607
44:3D:54:BE:12:3C,ALL,https,44.240.184.205,37,9463,22,2617,15,6846
44:3D:54:BE:12:3C,ALL,https,50.16.58.247,317,234845,204,202490,113,32355
44:3D:54:BE:12:3C,ALL,https,50.19.221.32,213,143297,139,119999,74,23298
44:3D:54:BE:12:3C,ALL,https,52.0.87.56,238,173555,159,149927,79,23628
44:3D:54:BE:12:3C,ALL,https,52.119.196.31,85,26028,48,6369,37,19659
44:3D:54:BE:12:3C,ALL,https,52.119.198.101,56,17316,32,4246,24,13070
44:3D:54:BE:12:3C,ALL,https,52.119.198.106,223,69210,127,16930,96,52280
44:3D:54:BE:12:3C,ALL,https,52.119.198.109,222,69156,127,16930,95,52226
44:3D:54:BE:12:3C,ALL,https,52.119.198.118,84,25974,48,6369,36,19605
44:3D:54:BE:12:3C,ALL,https,52.119.198.186,170,52056,97,12792,73,39264
44:3D:54:BE:12:3C,ALL,https,52.119.198.189,140,43290,80,10615,60,32675
44:3D:54:BE:12:3C,ALL,https,52.119.198.2,108,34416,62,8384,46,26032
44:3D:54:BE:12:3C,ALL,https,52.20.206.121,441,120462,257,39002,184,81460
44:3D:54:BE:12:3C,ALL,https,52.20.206.49,262,200487,171,176067,91,24420
44:3D:54:BE:12:3C,ALL,https,52.20.90.234,340,243296,226,211220,114,32076
44:3D:54:BE:12:3C,ALL,https,52.200.103.55,240,164426,156,140468,84,23958
44:3D:54:BE:12:3C,ALL,https,52.200.248.145,196,144915,128,122013,68,22902
44:3D:54:BE:12:3C,ALL,https,52.201.35.208,235,161929,152,138037,83,23892
44:3D:54:BE:12:3C,ALL,https,52.201.91.158,490,366377,319,312125,171,54252
44:3D:54:BE:12:3C,ALL,https,52.202.2.34,441,120221,258,38815,183,81406
44:3D:54:BE:12:3C,ALL,https,52.203.112.125,129,82338,80,66828,49,15510
44:3D:54:BE:12:3C,ALL,https,52.203.242.245,195,138927,126,115959,69,22968
44:3D:54:BE:12:3C,ALL,https,52.203.9.9,226,162142,146,138448,80,23694
44:3D:54:BE:12:3C,ALL,https,52.21.43.192,239,171311,154,147287,85,24024
44:3D:54:BE:12:3C,ALL,https,52.216.217.185,31,8431,18,1781,13,6650
44:3D:54:BE:12:3C,ALL,https,52.217.75.116,31,8431,19,1835,12,6596
44:3D:54:BE:12:3C,ALL,https,52.22.159.169,418,277046,271,230516,147,46530
44:3D:54:BE:12:3C,ALL,https,52.27.163.92,36,9397,20,2485,16,6912
44:3D:54:BE:12:3C,ALL,https,52.3.38.37,227,171476,145,147650,82,23826
44:3D:54:BE:12:3C,ALL,https,52.36.138.241,33,8937,19,2176,14,6761
44:3D:54:BE:12:3C,ALL,https,52.37.30.201,34,9003,20,2242,14,6761
44:3D:54:BE:12:3C,ALL,https,52.39.190.49,36,9123,21,2296,15,6827
44:3D:54:BE:12:3C,ALL,https,52.4.90.203,229,169340,149,145646,80,23694
44:3D:54:BE:12:3C,ALL,https,52.42.206.78,37,9463,22,2617,15,6846
44:3D:54:BE:12:3C,ALL,https,52.44.129.250,483,338036,310,283652,173,54384
44:3D:54:BE:12:3C,ALL,https,52.46.128.80,22,8125,13,1540,9,6585
44:3D:54:BE:12:3C,ALL,https,52.46.128.81,112,34632,63,8438,49,26194
44:3D:54:BE:12:3C,ALL,https,52.46.131.169,83,25920,47,6315,36,19605
44:3D:54:BE:12:3C,ALL,https,52.46.131.184,112,34632,64,8492,48,26140
44:3D:54:BE:12:3C,ALL,https,52.46.131.209,114,34740,65,8546,49,26194
44:3D:54:BE:12:3C,ALL,https,52.46.133.103,31,10623,19,3817,12,6806
44:3D:54:BE:12:3C,ALL,https,52.46.141.207,25,8316,15,1648,10,6668
44:3D:54:BE:12:3C,ALL,https,52.46.141.254,49,20143,31,3915,18,16228
44:3D:54:BE:12:3C,ALL,https,52.46.142.156,25,8316,15,1648,10,6668
44:3D:54:BE:12:3C,ALL,https,52.46.143.123,112,34632,64,8492,48,26140
44:3D:54:BE:12:3C,ALL,https,52.46.144.254,24,8262,15,1648,9,6614
44:3D:54:BE:12:3C,ALL,https,52.46.145.14,24,8262,15,1648,9,6614
44:3D:54:BE:12:3C,ALL,https,52.46.146.126,140,43290,80,10615,60,32675
44:3D:54:BE:12:3C,ALL,https,52.46.147.250,92,32774,57,6430,35,26344
44:3D:54:BE:12:3C,ALL,https,52.46.149.29,84,25974,48,6369,36,19605
44:3D:54:BE:12:3C,ALL,https,52.46.149.57,114,34740,64,8492,50,26248
44:3D:54:BE:12:3C,ALL,https,52.46.155.112,112,34632,64,8492,48,26140
44:3D:54:BE:12:3C,ALL,https,52.5.156.58,224,152979,145,129351,79,23628
44:3D:54:BE:12:3C,ALL,https,52.6.206.210,255,185561,165,161207,90,24354
44:3D:54:BE:12:3C,ALL,https,52.6.21.157,272,185787,176,154899,96,30888
44:3D:54:BE:12:3C,ALL,https,52.70.217.64,211,152468,135,129038,76,23430
44:3D:54:BE:12:3C,ALL,https,52.70.221.93,468,322797,305,275211,163,47586
44:3D:54:BE:12:3C,ALL,https,52.73.231.60,222,152853,137,128829,85,24024
44:3D:54:BE:12:3C,ALL,https,52.85.151.15,22,8621,14,1946,8,6675
44:3D:54:BE:12:3C,ALL,https,52.85.61.116,45,16998,28,3582,17,13416
44:3D:54:BE:12:3C,ALL,https,52.86.105.41,205,145018,131,121720,74,23298
44:3D:54:BE:12:3C,ALL,https,52.94.225.227,73,28376,45,5509,28,22867
44:3D:54:BE:12:3C,ALL,https,52.94.231.169,28,8670,16,2123,12,6547
44:3D:54:BE:12:3C,ALL,https,52.94.233.34,23,8179,14,1594,9,6585
44:3D:54:BE:12:3C,ALL,https,52.94.233.94,25,11881,16,2267,9,9614
44:3D:54:BE:12:3C,ALL,https,52.94.236.199,70,24693,43,4873,27,19820
44:3D:54:BE:12:3C,ALL,https,52.94.240.240,197,60660,112,14861,85,45799
44:3D:54:BE:12:3C,ALL,https,52.94.241.146,54,17208,31,4192,23,13016
44:3D:54:BE:12:3C,ALL,https,52.94.242.236,28,8658,16,2123,12,6535
44:3D:54:BE:12:3C,ALL,https,54.144.110.71,252,177651,161,153231,91,24420
44:3D:54:BE:12:3C,ALL,https,54.145.62.134,203,147091,133,124057,70,23034
44:3D:54:BE:12:3C,ALL,https,54.146.164.150,243,183600,157,159510,86,24090
44:3D:54:BE:12:3C,ALL,https,54.157.203.98,493,141503,289,53391,204,88112
44:3D:54:BE:12:3C,ALL,https,54.158.218.26,261,198644,172,174356,89,24288
44:3D:54:BE:12:3C,ALL,https,54.159.177.207,436,313224,285,266361,151,46863
44:3D:54:BE:12:3C,ALL,https,54.159.213.160,218,144957,140,121395,78,23562
44:3D:54:BE:12:3C,ALL,https,54.159.236.217,489,328166,315,273716,174,54450
44:3D:54:BE:12:3C,ALL,https,54.161.156.117,250,198822,166,174864,84,23958
44:3D:54:BE:12:3C,ALL,https,54.164.163.115,204,55437,120,17901,84,37536
44:3D:54:BE:12:3C,ALL,https,54.166.125.119,460,331878,303,284688,157,47190
44:3D:54:BE:12:3C,ALL,https,54.166.21.152,339,93567,198,30941,141,62626
44:3D:54:BE:12:3C,ALL,https,54.167.177.211,675,84995,284,35670,391,49325
44:3D:54:BE:12:3C,ALL,https,54.172.251.131,245,166489,156,136063,89,30426
44:3D:54:BE:12:3C,ALL,https,54.173.238.251,379,268042,241,222106,138,45936
44:3D:54:BE:12:3C,ALL,https,54.196.171.111,208,168509,133,145145,75,23364
44:3D:54:BE:12:3C,ALL,https,54.197.138.201,221,165308,146,141944,75,23364
44:3D:54:BE:12:3C,ALL,https,54.197.89.233,232,161201,152,137507,80,23694
44:3D:54:BE:12:3C,ALL,https,54.201.253.231,39,9595,22,2617,17,6978
44:3D:54:BE:12:3C,ALL,https,54.204.238.145,470,331237,308,282807,162,48430
44:3D:54:BE:12:3C,ALL,https,54.205.167.4,225,145437,146,121809,79,23628
44:3D:54:BE:12:3C,ALL,https,54.205.211.253,271,180227,174,149273,97,30954
44:3D:54:BE:12:3C,ALL,https,54.205.215.245,248,171761,165,147869,83,23892
44:3D:54:BE:12:3C,ALL,https,54.205.24.65,511,140395,299,46423,212,93972
44:3D:54:BE:12:3C,ALL,https,54.208.116.134,216,144116,139,120620,77,23496
44:3D:54:BE:12:3C,ALL,https,54.208.137.145,455,344407,293,296887,162,47520
44:3D:54:BE:12:3C,ALL,https,54.209.215.9,237,178856,157,155024,80,23832
44:3D:54:BE:12:3C,ALL,https,54.209.235.182,448,338419,293,291361,155,47058
44:3D:54:BE:12:3C,ALL,https,54.209.28.133,202,145356,130,122190,72,23166
44:3D:54:BE:12:3C,ALL,https,54.210.25.83,233,178975,158,155483,75,23492
44:3D:54:BE:12:3C,ALL,https,54.211.160.158,211,146066,133,122504,78,23562
44:3D:54:BE:12:3C,ALL,https,54.211.233.120,225,167972,151,144674,74,23298
44:3D:54:BE:12:3C,ALL,https,54.221.114.1,427,321764,275,286282,152,35482
44:3D:54:BE:12:3C,ALL,https,54.221.200.137,404,110613,237,35607,167,75006
44:3D:54:BE:12:3C,ALL,https,54.221.231.72,519,363847,329,308341,190,55506
44:3D:54:BE:12:3C,ALL,https,54.234.138.101,453,329778,297,282654,156,47124
44:3D:54:BE:12:3C,ALL,https,54.239.27.82,84,25974,48,6369,36,19605
44:3D:54:BE:12:3C,ALL,https,54.242.128.35,333,92840,197,30544,136,62296
44:3D:54:BE:12:3C,ALL,https,54.243.119.13,209,147271,136,124039,73,23232
44:3D:54:BE:12:3C,ALL,https,54.243.58.104,718,194304,415,62334,303,131970
44:3D:54:BE:12:3C,ALL,https,54.243.96.31,268,199726,179,175162,89,24564
44:3D:54:BE:12:3C,ALL,https,54.71.86.13,68,17994,39,4406,29,13588
44:3D:54:BE:12:3C,ALL,https,54.80.225.70,513,369108,331,314130,182,54978
44:3D:54:BE:12:3C,ALL,https,54.80.65.241,226,169043,148,145481,78,23562
44:3D:54:BE:12:3C,ALL,https,54.82.116.110,231,170161,146,146137,85,24024
44:3D:54:BE:12:3C,ALL,https,54.84.134.169,272,163136,181,138716,91,24420
44:3D:54:BE:12:3C,ALL,https,54.84.191.124,223,150146,144,126518,79,23628
44:3D:54:BE:12:3C,ALL,https,54.84.203.117,197,142103,129,119201,68,22902
44:3D:54:BE:12:3C,ALL,https,54.86.104.133,239,176497,152,152341,87,24156
44:3D:54:BE:12:3C,ALL,https,54.88.215.66,198,150794,129,127826,69,22968
44:3D:54:BE:12:3C,ALL,https,54.89.30.90,225,167560,143,143734,82,23826
44:3D:54:BE:12:3C,ALL,https,54.91.103.251,1681,669836,1026,413326,655,256510
44:3D:54:BE:12:3C,ALL,https,54.91.132.159,217,155330,140,131834,77,23496
44:3D:54:BE:12:3C,ALL,https,67.220.240.103,48,20089,30,3861,18,16228
44:3D:54:BE:12:3C,ALL,https,67.220.240.26,22,8125,14,1594,8,6531
44:3D:54:BE:12:3C,ALL,https,67.220.240.35,45,16304,28,3188,17,13116
44:3D:54:BE:12:3C,ALL,https,72.21.207.143,84,25974,48,6369,36,19605
44:3D:54:BE:12:3C,ALL,https,75.101.225.105,209,158686,138,135586,71,23100
44:3D:54:BE:12:3C,ALL,tcp:57948,192.168.3.105*,2411,272471,1431,150718,980,121753
44:3D:54:BE:12:3C,ALL,tcp:57948,3.223.181.245*,2411,272471,980,121753,1431,150718
