MAC,WAN/LAN,Protocol,IP,TotalPackets,TotalBytes,TxPackets,TxBytes,RxPackets,RxBytes
90:31:4B:71:8E:B6,ALL,ip,192.168.3.1,278203,62259862,139339,21546526,138864,40713336
90:31:4B:71:8E:B6,ALL,ip,192.168.3.114,220826,46634355,90183,7517301,130643,39117054
90:31:4B:71:8E:B6,ALL,ip,239.255.255.250,6773,1211739,6773,1211739,0,0
90:31:4B:71:8E:B6,ALL,udp,192.168.3.1,7115,3254682,171,13222,6944,3241460
90:31:4B:71:8E:B6,ALL,udp,192.168.3.114,40638,13735644,0,0,40638,13735644
90:31:4B:71:8E:B6,ALL,udp,239.255.255.250,6773,1211739,6773,1211739,0,0
90:31:4B:71:8E:B6,ALL,tcp,192.168.3.1,271088,59005180,139168,21533304,131920,37471876
90:31:4B:71:8E:B6,ALL,tcp,192.168.3.114,180188,32898711,90183,7517301,90005,25381410
90:31:4B:71:8E:B6,ALL,ssdp,192.168.3.1,6773,3215919,0,0,6773,3215919
90:31:4B:71:8E:B6,ALL,ssdp,192.168.3.114,40638,13735644,0,0,40638,13735644
90:31:4B:71:8E:B6,ALL,ssdp,239.255.255.250,6773,1211739,6773,1211739,0,0
90:31:4B:71:8E:B6,ALL,http,192.168.3.1,52740,44141150,26370,13869906,26370,30271244
90:31:4B:71:8E:B6,ALL,http,192.168.3.114,36002,4338241,18001,3258181,18001,1080060
90:31:4B:71:8E:B6,ALL,udp:53,192.168.3.1*,342,38763,171,13222,171,25541
90:31:4B:71:8E:B6,ALL,udp:53,192.168.3.120*,342,38763,171,25541,171,13222
90:31:4B:71:8E:B6,ALL,udp:32829,192.168.3.1,2,950,0,0,2,950
90:31:4B:71:8E:B6,ALL,udp:32829,192.168.3.114,12,4056,0,0,12,4056
90:31:4B:71:8E:B6,ALL,udp:32829,239.255.255.250,2,358,2,358,0,0
90:31:4B:71:8E:B6,ALL,udp:43042,192.168.3.1*,2,184,1,76,1,108
90:31:4B:71:8E:B6,ALL,udp:43042,192.168.3.120*,2,184,1,108,1,76
90:31:4B:71:8E:B6,ALL,udp:39887,192.168.3.1,2,950,0,0,2,950
90:31:4B:71:8E:B6,ALL,udp:39887,192.168.3.114,12,4056,0,0,12,4056
90:31:4B:71:8E:B6,ALL,udp:39887,239.255.255.250,2,358,2,358,0,0
90:31:4B:71:8E:B6,ALL,udp:52099,192.168.3.1,3,659,1,76,2,583
90:31:4B:71:8E:B6,ALL,udp:52099,192.168.3.114,6,2028,0,0,6,2028
90:31:4B:71:8E:B6,ALL,udp:52099,239.255.255.250,1,179,1,179,0,0
90:31:4B:71:8E:B6,ALL,udp:57681,192.168.3.1,1,475,0,0,1,475
90:31:4B:71:8E:B6,ALL,udp:57681,192.168.3.114,6,2028,0,0,6,2028
90:31:4B:71:8E:B6,ALL,udp:57681,239.255.255.250,1,179,1,179,0,0
90:31:4B:71:8E:B6,ALL,udp:52628,192.168.3.1*,2,184,1,76,1,108
90:31:4B:71:8E:B6,ALL,udp:52628,192.168.3.120*,2,184,1,108,1,76
90:31:4B:71:8E:B6,ALL,udp:42596,192.168.3.1,2,950,0,0,2,950
90:31:4B:71:8E:B6,ALL,udp:42596,192.168.3.114,12,4056,0,0,12,4056
90:31:4B:71:8E:B6,ALL,udp:42596,239.255.255.250,2,358,2,358,0,0
90:31:4B:71:8E:B6,ALL,udp:42620,192.168.3.1,2,950,0,0,2,950
90:31:4B:71:8E:B6,ALL,udp:42620,192.168.3.114,12,4056,0,0,12,4056
90:31:4B:71:8E:B6,ALL,udp:42620,239.255.255.250,2,358,2,358,0,0
90:31:4B:71:8E:B6,ALL,udp:33290,192.168.3.1,1,475,0,0,1,475
90:31:4B:71:8E:B6,ALL,udp:33290,192.168.3.114,6,2028,0,0,6,2028
90:31:4B:71:8E:B6,ALL,udp:33290,239.255.255.250,1,179,1,179,0,0
90:31:4B:71:8E:B6,ALL,udp:53084,192.168.3.1,2,950,0,0,2,950
90:31:4B:71:8E:B6,ALL,udp:53084,192.168.3.114,12,4056,0,0,12,4056
90:31:4B:71:8E:B6,ALL,udp:53084,239.255.255.250,2,358,2,358,0,0
90:31:4B:71:8E:B6,ALL,udp:60519,192.168.3.1,1,475,0,0,1,475
90:31:4B:71:8E:B6,ALL,udp:60519,192.168.3.114,6,2028,0,0,6,2028
90:31:4B:71:8E:B6,ALL,udp:60519,239.255.255.250,1,179,1,179,0,0
90:31:4B:71:8E:B6,ALL,udp:43230,192.168.3.1*,2,300,1,86,1,214
90:31:4B:71:8E:B6,ALL,udp:43230,192.168.3.120*,2,300,1,214,1,86
90:31:4B:71:8E:B6,ALL,udp:41749,192.168.3.1,1,475,0,0,1,475
90:31:4B:71:8E:B6,ALL,udp:41749,192.168.3.114,6,2028,0,0,6,2028
90:31:4B:71:8E:B6,ALL,udp:41749,239.255.255.250,1,179,1,179,0,0
90:31:4B:71:8E:B6,ALL,udp:52271,192.168.3.1,1,475,0,0,1,475
90:31:4B:71:8E:B6,ALL,udp:52271,192.168.3.114,6,2028,0,0,6,2028
90:31:4B:71:8E:B6,ALL,udp:52271,239.255.255.250,1,179,1,179,0,0
90:31:4B:71:8E:B6,ALL,udp:55788,192.168.3.1,1,475,0,0,1,475
90:31:4B:71:8E:B6,ALL,udp:55788,192.168.3.114,6,2028,0,0,6,2028
90:31:4B:71:8E:B6,ALL,udp:55788,239.255.255.250,1,179,1,179,0,0
90:31:4B:71:8E:B6,ALL,udp:47240,192.168.3.1,1,475,0,0,1,475
90:31:4B:71:8E:B6,ALL,udp:47240,192.168.3.114,6,2028,0,0,6,2028
90:31:4B:71:8E:B6,ALL,udp:47240,239.255.255.250,1,179,1,179,0,0
90:31:4B:71:8E:B6,ALL,udp:41347,192.168.3.1,1,475,0,0,1,475
90:31:4B:71:8E:B6,ALL,udp:41347,192.168.3.114,6,2028,0,0,6,2028
90:31:4B:71:8E:B6,ALL,udp:41347,239.255.255.250,1,179,1,179,0,0
90:31:4B:71:8E:B6,ALL,udp:33111,192.168.3.1,1,475,0,0,1,475
90:31:4B:71:8E:B6,ALL,udp:33111,192.168.3.114,6,2028,0,0,6,2028
90:31:4B:71:8E:B6,ALL,udp:33111,239.255.255.250,1,179,1,179,0,0
90:31:4B:71:8E:B6,ALL,udp:40439,192.168.3.1,1,475,0,0,1,475
90:31:4B:71:8E:B6,ALL,udp:40439,192.168.3.114,6,2028,0,0,6,2028
90:31:4B:71:8E:B6,ALL,udp:40439,239.255.255.250,1,179,1,179,0,0
90:31:4B:71:8E:B6,ALL,udp:50493,192.168.3.1,1,475,0,0,1,475
90:31:4B:71:8E:B6,ALL,udp:50493,192.168.3.114,6,2028,0,0,6,2028
90:31:4B:71:8E:B6,ALL,udp:50493,239.255.255.250,1,179,1,179,0,0
90:31:4B:71:8E:B6,ALL,udp:35706,192.168.3.1,2,950,0,0,2,950
90:31:4B:71:8E:B6,ALL,udp:35706,192.168.3.114,12,4056,0,0,12,4056
90:31:4B:71:8E:B6,ALL,udp:35706,239.255.255.250,2,358,2,358,0,0
90:31:4B:71:8E:B6,ALL,udp:44337,192.168.3.1,1,475,0,0,1,475
90:31:4B:71:8E:B6,ALL,udp:44337,192.168.3.114,6,2028,0,0,6,2028
90:31:4B:71:8E:B6,ALL,udp:44337,239.255.255.250,1,179,1,179,0,0
90:31:4B:71:8E:B6,ALL,udp:51547,192.168.3.1,1,475,0,0,1,475
90:31:4B:71:8E:B6,ALL,udp:51547,192.168.3.114,6,2028,0,0,6,2028
90:31:4B:71:8E:B6,ALL,udp:51547,239.255.255.250,1,179,1,179,0,0
90:31:4B:71:8E:B6,ALL,udp:57657,192.168.3.1,1,475,0,0,1,475
90:31:4B:71:8E:B6,ALL,udp:57657,192.168.3.114,6,2028,0,0,6,2028
90:31:4B:71:8E:B6,ALL,udp:57657,239.255.255.250,1,179,1,179,0,0
90:31:4B:71:8E:B6,ALL,udp:46503,192.168.3.1,1,475,0,0,1,475
90:31:4B:71:8E:B6,ALL,udp:46503,192.168.3.114,6,2028,0,0,6,2028
90:31:4B:71:8E:B6,ALL,udp:46503,239.255.255.250,1,179,1,179,0,0
90:31:4B:71:8E:B6,ALL,udp:57202,192.168.3.1,1,475,0,0,1,475
90:31:4B:71:8E:B6,ALL,udp:57202,192.168.3.114,6,2028,0,0,6,2028
90:31:4B:71:8E:B6,ALL,udp:57202,239.255.255.250,1,179,1,179,0,0
90:31:4B:71:8E:B6,ALL,udp:39323,192.168.3.1,1,475,0,0,1,475
90:31:4B:71:8E:B6,ALL,udp:39323,192.168.3.114,6,2028,0,0,6,2028
90:31:4B:71:8E:B6,ALL,udp:39323,239.255.255.250,1,179,1,179,0,0
90:31:4B:71:8E:B6,ALL,udp:48138,192.168.3.1,1,475,0,0,1,475
90:31:4B:71:8E:B6,ALL,udp:48138,192.168.3.114,6,2028,0,0,6,2028
90:31:4B:71:8E:B6,ALL,udp:48138,239.255.255.250,1,179,1,179,0,0
90:31:4B:71:8E:B6,ALL,udp:37076,192.168.3.1,1,475,0,0,1,475
90:31:4B:71:8E:B6,ALL,udp:37076,192.168.3.114,6,2028,0,0,6,2028
90:31:4B:71:8E:B6,ALL,udp:37076,239.255.255.250,1,179,1,179,0,0
90:31:4B:71:8E:B6,ALL,udp:52411,192.168.3.1,1,475,0,0,1,475
90:31:4B:71:8E:B6,ALL,udp:52411,192.168.3.114,6,2028,0,0,6,2028
90:31:4B:71:8E:B6,ALL,udp:52411,239.255.255.250,1,179,1,179,0,0
90:31:4B:71:8E:B6,ALL,udp:54511,192.168.3.1,2,950,0,0,2,950
90:31:4B:71:8E:B6,ALL,udp:54511,192.168.3.114,12,4056,0,0,12,4056
90:31:4B:71:8E:B6,ALL,udp:54511,239.255.255.250,2,358,2,358,0,0
90:31:4B:71:8E:B6,ALL,udp:57184,192.168.3.1,1,475,0,0,1,475
90:31:4B:71:8E:B6,ALL,udp:57184,192.168.3.114,6,2028,0,0,6,2028
90:31:4B:71:8E:B6,ALL,udp:57184,239.255.255.250,1,179,1,179,0,0
90:31:4B:71:8E:B6,ALL,udp:37629,192.168.3.1*,2,300,1,86,1,214
90:31:4B:71:8E:B6,ALL,udp:37629,192.168.3.120*,2,300,1,214,1,86
90:31:4B:71:8E:B6,ALL,udp:48010,192.168.3.1,1,475,0,0,1,475
90:31:4B:71:8E:B6,ALL,udp:48010,192.168.3.114,6,2028,0,0,6,2028
90:31:4B:71:8E:B6,ALL,udp:48010,239.255.255.250,1,179,1,179,0,0
90:31:4B:71:8E:B6,ALL,udp:51986,192.168.3.1*,2,184,1,76,1,108
90:31:4B:71:8E:B6,ALL,udp:51986,192.168.3.120*,2,184,1,108,1,76
90:31:4B:71:8E:B6,ALL,udp:50501,192.168.3.1*,2,184,1,76,1,108
90:31:4B:71:8E:B6,ALL,udp:50501,192.168.3.120*,2,184,1,108,1,76
90:31:4B:71:8E:B6,ALL,udp:43670,192.168.3.1*,2,184,1,76,1,108
90:31:4B:71:8E:B6,ALL,udp:43670,192.168.3.120*,2,184,1,108,1,76
90:31:4B:71:8E:B6,ALL,udp:48696,192.168.3.1*,2,184,1,76,1,108
90:31:4B:71:8E:B6,ALL,udp:48696,192.168.3.120*,2,184,1,108,1,76
90:31:4B:71:8E:B6,ALL,udp:34581,192.168.3.1,1,475,0,0,1,475
90:31:4B:71:8E:B6,ALL,udp:34581,192.168.3.114,6,2028,0,0,6,2028
90:31:4B:71:8E:B6,ALL,udp:34581,239.255.255.250,1,179,1,179,0,0
90:31:4B:71:8E:B6,ALL,udp:49116,192.168.3.1*,2,184,1,76,1,108
90:31:4B:71:8E:B6,ALL,udp:49116,192.168.3.120*,2,184,1,108,1,76
90:31:4B:71:8E:B6,ALL,udp:46693,192.168.3.1,1,475,0,0,1,475
90:31:4B:71:8E:B6,ALL,udp:46693,192.168.3.114,6,2028,0,0,6,2028
90:31:4B:71:8E:B6,ALL,udp:46693,239.255.255.250,1,179,1,179,0,0
90:31:4B:71:8E:B6,ALL,udp:49022,192.168.3.1,3,659,1,76,2,583
90:31:4B:71:8E:B6,ALL,udp:49022,192.168.3.114,6,2028,0,0,6,2028
90:31:4B:71:8E:B6,ALL,udp:49022,239.255.255.250,1,179,1,179,0,0
90:31:4B:71:8E:B6,ALL,udp:50941,192.168.3.1,1,475,0,0,1,475
90:31:4B:71:8E:B6,ALL,udp:50941,192.168.3.114,6,2028,0,0,6,2028
90:31:4B:71:8E:B6,ALL,udp:50941,239.255.255.250,1,179,1,179,0,0
90:31:4B:71:8E:B6,ALL,udp:46778,192.168.3.1,1,475,0,0,1,475
90:31:4B:71:8E:B6,ALL,udp:46778,192.168.3.114,6,2028,0,0,6,2028
90:31:4B:71:8E:B6,ALL,udp:46778,239.255.255.250,1,179,1,179,0,0
90:31:4B:71:8E:B6,ALL,udp:45083,192.168.3.1*,2,319,1,72,1,247
90:31:4B:71:8E:B6,ALL,udp:45083,192.168.3.120*,2,319,1,247,1,72
90:31:4B:71:8E:B6,ALL,udp:45428,192.168.3.1*,2,319,1,72,1,247
90:31:4B:71:8E:B6,ALL,udp:45428,192.168.3.120*,2,319,1,247,1,72
90:31:4B:71:8E:B6,ALL,udp:55360,192.168.3.1*,2,244,1,76,1,168
90:31:4B:71:8E:B6,ALL,udp:55360,192.168.3.120*,2,244,1,168,1,76
90:31:4B:71:8E:B6,ALL,udp:60389,192.168.3.1*,2,244,1,76,1,168
90:31:4B:71:8E:B6,ALL,udp:60389,192.168.3.120*,2,244,1,168,1,76
90:31:4B:71:8E:B6,ALL,udp:33053,192.168.3.1*,2,309,1,80,1,229
90:31:4B:71:8E:B6,ALL,udp:33053,192.168.3.120*,2,309,1,229,1,80
90:31:4B:71:8E:B6,ALL,udp:47061,192.168.3.1*,2,210,1,72,1,138
90:31:4B:71:8E:B6,ALL,udp:47061,192.168.3.120*,2,210,1,138,1,72
90:31:4B:71:8E:B6,ALL,udp:60312,192.168.3.1,3,685,1,72,2,613
90:31:4B:71:8E:B6,ALL,udp:60312,192.168.3.114,6,2028,0,0,6,2028
90:31:4B:71:8E:B6,ALL,udp:60312,239.255.255.250,1,179,1,179,0,0
90:31:4B:71:8E:B6,ALL,udp:38497,192.168.3.1*,2,215,1,89,1,126
90:31:4B:71:8E:B6,ALL,udp:38497,192.168.3.120*,2,215,1,126,1,89
90:31:4B:71:8E:B6,ALL,udp:50879,192.168.3.1,3,666,1,79,2,587
90:31:4B:71:8E:B6,ALL,udp:50879,192.168.3.114,6,2028,0,0,6,2028
90:31:4B:71:8E:B6,ALL,udp:50879,239.255.255.250,1,179,1,179,0,0
90:31:4B:71:8E:B6,ALL,udp:48228,192.168.3.1*,2,166,1,83,1,83
90:31:4B:71:8E:B6,ALL,udp:48228,192.168.3.120*,2,166,1,83,1,83
90:31:4B:71:8E:B6,ALL,udp:40258,192.168.3.1*,2,158,1,79,1,79
90:31:4B:71:8E:B6,ALL,udp:40258,192.168.3.120*,2,158,1,79,1,79
90:31:4B:71:8E:B6,ALL,udp:55167,192.168.3.1*,2,272,1,80,1,192
90:31:4B:71:8E:B6,ALL,udp:55167,192.168.3.120*,2,272,1,192,1,80
90:31:4B:71:8E:B6,ALL,udp:44423,192.168.3.1,3,773,1,72,2,701
90:31:4B:71:8E:B6,ALL,udp:44423,192.168.3.114,6,2028,0,0,6,2028
90:31:4B:71:8E:B6,ALL,udp:44423,239.255.255.250,1,179,1,179,0,0
90:31:4B:71:8E:B6,ALL,udp:34057,192.168.3.1,1,475,0,0,1,475
90:31:4B:71:8E:B6,ALL,udp:34057,192.168.3.114,6,2028,0,0,6,2028
90:31:4B:71:8E:B6,ALL,udp:34057,239.255.255.250,1,179,1,179,0,0
90:31:4B:71:8E:B6,ALL,udp:60158,192.168.3.1,1,475,0,0,1,475
90:31:4B:71:8E:B6,ALL,udp:60158,192.168.3.114,6,2028,0,0,6,2028
90:31:4B:71:8E:B6,ALL,udp:60158,239.255.255.250,1,179,1,179,0,0
90:31:4B:71:8E:B6,ALL,udp:37896,192.168.3.1,1,475,0,0,1,475
90:31:4B:71:8E:B6,ALL,udp:37896,192.168.3.114,6,2028,0,0,6,2028
90:31:4B:71:8E:B6,ALL,udp:37896,239.255.255.250,1,179,1,179,0,0
90:31:4B:71:8E:B6,ALL,udp:60127,192.168.3.1,1,475,0,0,1,475
90:31:4B:71:8E:B6,ALL,udp:60127,192.168.3.114,6,2028,0,0,6,2028
90:31:4B:71:8E:B6,ALL,udp:60127,239.255.255.250,1,179,1,179,0,0
90:31:4B:71:8E:B6,ALL,udp:57273,192.168.3.1,1,475,0,0,1,475
90:31:4B:71:8E:B6,ALL,udp:57273,192.168.3.114,6,2028,0,0,6,2028
90:31:4B:71:8E:B6,ALL,udp:57273,239.255.255.250,1,179,1,179,0,0
90:31:4B:71:8E:B6,ALL,udp:56171,192.168.3.1,1,475,0,0,1,475
90:31:4B:71:8E:B6,ALL,udp:56171,192.168.3.114,6,2028,0,0,6,2028
90:31:4B:71:8E:B6,ALL,udp:56171,239.255.255.250,1,179,1,179,0,0
90:31:4B:71:8E:B6,ALL,udp:36923,192.168.3.1,1,475,0,0,1,475
90:31:4B:71:8E:B6,ALL,udp:36923,192.168.3.114,6,2028,0,0,6,2028
90:31:4B:71:8E:B6,ALL,udp:36923,239.255.255.250,1,179,1,179,0,0
90:31:4B:71:8E:B6,ALL,udp:47900,192.168.3.1,1,475,0,0,1,475
90:31:4B:71:8E:B6,ALL,udp:47900,192.168.3.114,6,2028,0,0,6,2028
90:31:4B:71:8E:B6,ALL,udp:47900,239.255.255.250,1,179,1,179,0,0
90:31:4B:71:8E:B6,ALL,udp:38787,192.168.3.1,2,940,0,0,2,940
90:31:4B:71:8E:B6,ALL,udp:38787,192.168.3.114,12,4056,0,0,12,4056
90:31:4B:71:8E:B6,ALL,udp:38787,239.255.255.250,2,353,2,353,0,0
90:31:4B:71:8E:B6,ALL,udp:55929,192.168.3.1,1,475,0,0,1,475
90:31:4B:71:8E:B6,ALL,udp:55929,192.168.3.114,6,2028,0,0,6,2028
90:31:4B:71:8E:B6,ALL,udp:55929,239.255.255.250,1,179,1,179,0,0
90:31:4B:71:8E:B6,ALL,udp:33283,192.168.3.1,1,475,0,0,1,475
90:31:4B:71:8E:B6,ALL,udp:33283,192.168.3.114,6,2028,0,0,6,2028
90:31:4B:71:8E:B6,ALL,udp:33283,239.255.255.250,1,179,1,179,0,0
90:31:4B:71:8E:B6,ALL,udp:36167,192.168.3.1,1,475,0,0,1,475
90:31:4B:71:8E:B6,ALL,udp:36167,192.168.3.114,6,2028,0,0,6,2028
90:31:4B:71:8E:B6,ALL,udp:36167,239.255.255.250,1,179,1,179,0,0
90:31:4B:71:8E:B6,ALL,udp:59924,192.168.3.1,2,950,0,0,2,950
90:31:4B:71:8E:B6,ALL,udp:59924,192.168.3.114,12,4056,0,0,12,4056
90:31:4B:71:8E:B6,ALL,udp:59924,239.255.255.250,2,358,2,358,0,0
90:31:4B:71:8E:B6,ALL,udp:44385,192.168.3.1,1,475,0,0,1,475
90:31:4B:71:8E:B6,ALL,udp:44385,192.168.3.114,6,2028,0,0,6,2028
90:31:4B:71:8E:B6,ALL,udp:44385,239.255.255.250,1,179,1,179,0,0
90:31:4B:71:8E:B6,ALL,udp:39865,192.168.3.1,1,475,0,0,1,475
90:31:4B:71:8E:B6,ALL,udp:39865,192.168.3.114,6,2028,0,0,6,2028
90:31:4B:71:8E:B6,ALL,udp:39865,239.255.255.250,1,179,1,179,0,0
90:31:4B:71:8E:B6,ALL,udp:58615,192.168.3.1,1,475,0,0,1,475
90:31:4B:71:8E:B6,ALL,udp:58615,192.168.3.114,6,2028,0,0,6,2028
90:31:4B:71:8E:B6,ALL,udp:58615,239.255.255.250,1,179,1,179,0,0
90:31:4B:71:8E:B6,ALL,udp:32774,192.168.3.1,1,475,0,0,1,475
90:31:4B:71:8E:B6,ALL,udp:32774,192.168.3.114,6,2028,0,0,6,2028
90:31:4B:71:8E:B6,ALL,udp:32774,239.255.255.250,1,179,1,179,0,0
90:31:4B:71:8E:B6,ALL,udp:34188,192.168.3.1,2,950,0,0,2,950
90:31:4B:71:8E:B6,ALL,udp:34188,192.168.3.114,12,4056,0,0,12,4056
90:31:4B:71:8E:B6,ALL,udp:34188,239.255.255.250,2,358,2,358,0,0
90:31:4B:71:8E:B6,ALL,udp:48477,192.168.3.1,3,794,1,72,2,722
90:31:4B:71:8E:B6,ALL,udp:48477,192.168.3.114,6,2028,0,0,6,2028
90:31:4B:71:8E:B6,ALL,udp:48477,239.255.255.250,1,179,1,179,0,0
90:31:4B:71:8E:B6,ALL,udp:54309,192.168.3.1,3,794,1,72,2,722
90:31:4B:71:8E:B6,ALL,udp:54309,192.168.3.114,6,2028,0,0,6,2028
90:31:4B:71:8E:B6,ALL,udp:54309,239.255.255.250,1,179,1,179,0,0
90:31:4B:71:8E:B6,ALL,udp:57880,192.168.3.1*,2,244,1,76,1,168
90:31:4B:71:8E:B6,ALL,udp:57880,192.168.3.120*,2,244,1,168,1,76
90:31:4B:71:8E:B6,ALL,udp:54001,192.168.3.1,3,719,1,76,2,643
90:31:4B:71:8E:B6,ALL,udp:54001,192.168.3.114,6,2028,0,0,6,2028
90:31:4B:71:8E:B6,ALL,udp:54001,239.255.255.250,1,179,1,179,0,0
90:31:4B:71:8E:B6,ALL,udp:34864,192.168.3.1*,2,210,1,72,1,138
90:31:4B:71:8E:B6,ALL,udp:34864,192.168.3.120*,2,210,1,138,1,72
90:31:4B:71:8E:B6,ALL,udp:44219,192.168.3.1*,2,210,1,72,1,138
90:31:4B:71:8E:B6,ALL,udp:44219,192.168.3.120*,2,210,1,138,1,72
90:31:4B:71:8E:B6,ALL,udp:57728,192.168.3.1*,2,191,1,79,1,112
90:31:4B:71:8E:B6,ALL,udp:57728,192.168.3.120*,2,191,1,112,1,79
90:31:4B:71:8E:B6,ALL,udp:41977,192.168.3.1*,2,191,1,79,1,112
90:31:4B:71:8E:B6,ALL,udp:41977,192.168.3.120*,2,191,1,112,1,79
90:31:4B:71:8E:B6,ALL,udp:53123,192.168.3.1*,2,158,1,79,1,79
90:31:4B:71:8E:B6,ALL,udp:53123,192.168.3.120*,2,158,1,79,1,79
90:31:4B:71:8E:B6,ALL,udp:45352,192.168.3.1*,2,158,1,79,1,79
90:31:4B:71:8E:B6,ALL,udp:45352,192.168.3.120*,2,158,1,79,1,79
90:31:4B:71:8E:B6,ALL,udp:35202,192.168.3.1,3,773,1,72,2,701
90:31:4B:71:8E:B6,ALL,udp:35202,192.168.3.114,6,2028,0,0,6,2028
90:31:4B:71:8E:B6,ALL,udp:35202,239.255.255.250,1,179,1,179,0,0
90:31:4B:71:8E:B6,ALL,udp:55944,192.168.3.1*,2,298,1,72,1,226
90:31:4B:71:8E:B6,ALL,udp:55944,192.168.3.120*,2,298,1,226,1,72
90:31:4B:71:8E:B6,ALL,udp:58035,192.168.3.1,3,784,1,80,2,704
90:31:4B:71:8E:B6,ALL,udp:58035,192.168.3.114,6,2028,0,0,6,2028
90:31:4B:71:8E:B6,ALL,udp:58035,239.255.255.250,1,179,1,179,0,0
90:31:4B:71:8E:B6,ALL,udp:35129,192.168.3.1*,2,215,1,89,1,126
90:31:4B:71:8E:B6,ALL,udp:35129,192.168.3.120*,2,215,1,126,1,89
90:31:4B:71:8E:B6,ALL,udp:42831,192.168.3.1,3,641,1,83,2,558
90:31:4B:71:8E:B6,ALL,udp:42831,192.168.3.114,6,2028,0,0,6,2028
90:31:4B:71:8E:B6,ALL,udp:42831,239.255.255.250,1,179,1,179,0,0
90:31:4B:71:8E:B6,ALL,udp:36158,192.168.3.1*,2,272,1,80,1,192
90:31:4B:71:8E:B6,ALL,udp:36158,192.168.3.120*,2,272,1,192,1,80
90:31:4B:71:8E:B6,ALL,udp:34595,192.168.3.1*,2,300,1,86,1,214
90:31:4B:71:8E:B6,ALL,udp:34595,192.168.3.120*,2,300,1,214,1,86
90:31:4B:71:8E:B6,ALL,udp:33214,192.168.3.1*,2,178,1,73,1,105
90:31:4B:71:8E:B6,ALL,udp:33214,192.168.3.120*,2,178,1,105,1,73
90:31:4B:71:8E:B6,ALL,udp:54729,192.168.3.1,3,739,1,77,2,662
90:31:4B:71:8E:B6,ALL,udp:54729,192.168.3.114,6,2028,0,0,6,2028
90:31:4B:71:8E:B6,ALL,udp:54729,239.255.255.250,1,179,1,179,0,0
90:31:4B:71:8E:B6,ALL,udp:50861,192.168.3.1*,2,184,1,76,1,108
90:31:4B:71:8E:B6,ALL,udp:50861,192.168.3.120*,2,184,1,108,1,76
90:31:4B:71:8E:B6,ALL,udp:35610,192.168.3.1*,2,178,1,73,1,105
90:31:4B:71:8E:B6,ALL,udp:35610,192.168.3.120*,2,178,1,105,1,73
90:31:4B:71:8E:B6,ALL,udp:40791,192.168.3.1*,2,184,1,76,1,108
90:31:4B:71:8E:B6,ALL,udp:40791,192.168.3.120*,2,184,1,108,1,76
90:31:4B:71:8E:B6,ALL,udp:35928,192.168.3.1*,2,300,1,86,1,214
90:31:4B:71:8E:B6,ALL,udp:35928,192.168.3.120*,2,300,1,214,1,86
90:31:4B:71:8E:B6,ALL,udp:53840,192.168.3.1*,2,178,1,73,1,105
90:31:4B:71:8E:B6,ALL,udp:53840,192.168.3.120*,2,178,1,105,1,73
90:31:4B:71:8E:B6,ALL,udp:49266,192.168.3.1*,2,264,1,77,1,187
90:31:4B:71:8E:B6,ALL,udp:49266,192.168.3.120*,2,264,1,187,1,77
90:31:4B:71:8E:B6,ALL,udp:41870,192.168.3.1,3,653,1,73,2,580
90:31:4B:71:8E:B6,ALL,udp:41870,192.168.3.114,6,2028,0,0,6,2028
90:31:4B:71:8E:B6,ALL,udp:41870,239.255.255.250,1,179,1,179,0,0
90:31:4B:71:8E:B6,ALL,udp:57716,192.168.3.1*,2,184,1,76,1,108
90:31:4B:71:8E:B6,ALL,udp:57716,192.168.3.120*,2,184,1,108,1,76
90:31:4B:71:8E:B6,ALL,udp:36848,192.168.3.1*,2,300,1,86,1,214
90:31:4B:71:8E:B6,ALL,udp:36848,192.168.3.120*,2,300,1,214,1,86
90:31:4B:71:8E:B6,ALL,udp:56388,192.168.3.1*,2,178,1,73,1,105
90:31:4B:71:8E:B6,ALL,udp:56388,192.168.3.120*,2,178,1,105,1,73
90:31:4B:71:8E:B6,ALL,udp:53458,192.168.3.1*,2,264,1,77,1,187
90:31:4B:71:8E:B6,ALL,udp:53458,192.168.3.120*,2,264,1,187,1,77
90:31:4B:71:8E:B6,ALL,udp:60066,192.168.3.1*,2,178,1,73,1,105
90:31:4B:71:8E:B6,ALL,udp:60066,192.168.3.120*,2,178,1,105,1,73
90:31:4B:71:8E:B6,ALL,udp:56748,192.168.3.1*,2,184,1,76,1,108
90:31:4B:71:8E:B6,ALL,udp:56748,192.168.3.120*,2,184,1,108,1,76
90:31:4B:71:8E:B6,ALL,udp:47837,192.168.3.1*,2,178,1,73,1,105
90:31:4B:71:8E:B6,ALL,udp:47837,192.168.3.120*,2,178,1,105,1,73
90:31:4B:71:8E:B6,ALL,udp:48459,192.168.3.1,2,950,0,0,2,950
90:31:4B:71:8E:B6,ALL,udp:48459,192.168.3.114,12,4056,0,0,12,4056
90:31:4B:71:8E:B6,ALL,udp:48459,239.255.255.250,2,358,2,358,0,0
90:31:4B:71:8E:B6,ALL,udp:52769,192.168.3.1,1,475,0,0,1,475
90:31:4B:71:8E:B6,ALL,udp:52769,192.168.3.114,6,2028,0,0,6,2028
90:31:4B:71:8E:B6,ALL,udp:52769,239.255.255.250,1,179,1,179,0,0
90:31:4B:71:8E:B6,ALL,udp:51219,192.168.3.1,1,475,0,0,1,475
90:31:4B:71:8E:B6,ALL,udp:51219,192.168.3.114,6,2028,0,0,6,2028
90:31:4B:71:8E:B6,ALL,udp:51219,239.255.255.250,1,179,1,179,0,0
90:31:4B:71:8E:B6,ALL,udp:33360,192.168.3.1,1,475,0,0,1,475
90:31:4B:71:8E:B6,ALL,udp:33360,192.168.3.114,6,2028,0,0,6,2028
90:31:4B:71:8E:B6,ALL,udp:33360,239.255.255.250,1,179,1,179,0,0
90:31:4B:71:8E:B6,ALL,udp:59314,192.168.3.1,1,475,0,0,1,475
90:31:4B:71:8E:B6,ALL,udp:59314,192.168.3.114,6,2028,0,0,6,2028
90:31:4B:71:8E:B6,ALL,udp:59314,239.255.255.250,1,179,1,179,0,0
90:31:4B:71:8E:B6,ALL,udp:52059,192.168.3.1,1,475,0,0,1,475
90:31:4B:71:8E:B6,ALL,udp:52059,192.168.3.114,6,2028,0,0,6,2028
90:31:4B:71:8E:B6,ALL,udp:52059,239.255.255.250,1,179,1,179,0,0
90:31:4B:71:8E:B6,ALL,udp:32784,192.168.3.1,1,475,0,0,1,475
90:31:4B:71:8E:B6,ALL,udp:32784,192.168.3.114,6,2028,0,0,6,2028
90:31:4B:71:8E:B6,ALL,udp:32784,239.255.255.250,1,179,1,179,0,0
90:31:4B:71:8E:B6,ALL,udp:49347,192.168.3.1,1,475,0,0,1,475
90:31:4B:71:8E:B6,ALL,udp:49347,192.168.3.114,6,2028,0,0,6,2028
90:31:4B:71:8E:B6,ALL,udp:49347,239.255.255.250,1,179,1,179,0,0
90:31:4B:71:8E:B6,ALL,udp:44969,192.168.3.1,1,475,0,0,1,475
90:31:4B:71:8E:B6,ALL,udp:44969,192.168.3.114,6,2028,0,0,6,2028
90:31:4B:71:8E:B6,ALL,udp:44969,239.255.255.250,1,179,1,179,0,0
90:31:4B:71:8E:B6,ALL,udp:50677,192.168.3.1,2,950,0,0,2,950
90:31:4B:71:8E:B6,ALL,udp:50677,192.168.3.114,12,4056,0,0,12,4056
90:31:4B:71:8E:B6,ALL,udp:50677,239.255.255.250,2,358,2,358,0,0
90:31:4B:71:8E:B6,ALL,udp:57362,192.168.3.1,1,475,0,0,1,475
90:31:4B:71:8E:B6,ALL,udp:57362,192.168.3.114,6,2028,0,0,6,2028
90:31:4B:71:8E:B6,ALL,udp:57362,239.255.255.250,1,179,1,179,0,0
90:31:4B:71:8E:B6,ALL,udp:36280,192.168.3.1,2,940,0,0,2,940
90:31:4B:71:8E:B6,ALL,udp:36280,192.168.3.114,12,4056,0,0,12,4056
90:31:4B:71:8E:B6,ALL,udp:36280,239.255.255.250,2,353,2,353,0,0
90:31:4B:71:8E:B6,ALL,udp:50168,192.168.3.1,1,475,0,0,1,475
90:31:4B:71:8E:B6,ALL,udp:50168,192.168.3.114,6,2028,0,0,6,2028
90:31:4B:71:8E:B6,ALL,udp:50168,239.255.255.250,1,179,1,179,0,0
90:31:4B:71:8E:B6,ALL,udp:53728,192.168.3.1*,2,178,1,73,1,105
90:31:4B:71:8E:B6,ALL,udp:53728,192.168.3.120*,2,178,1,105,1,73
90:31:4B:71:8E:B6,ALL,udp:34144,192.168.3.1,1,475,0,0,1,475
90:31:4B:71:8E:B6,ALL,udp:34144,192.168.3.114,6,2028,0,0,6,2028
90:31:4B:71:8E:B6,ALL,udp:34144,239.255.255.250,1,179,1,179,0,0
90:31:4B:71:8E:B6,ALL,udp:34083,192.168.3.1,1,475,0,0,1,475
90:31:4B:71:8E:B6,ALL,udp:34083,192.168.3.114,6,2028,0,0,6,2028
90:31:4B:71:8E:B6,ALL,udp:34083,239.255.255.250,1,179,1,179,0,0
90:31:4B:71:8E:B6,ALL,udp:34140,192.168.3.1,1,475,0,0,1,475
90:31:4B:71:8E:B6,ALL,udp:34140,192.168.3.114,6,2028,0,0,6,2028
90:31:4B:71:8E:B6,ALL,udp:34140,239.255.255.250,1,179,1,179,0,0
90:31:4B:71:8E:B6,ALL,udp:39559,192.168.3.1,1,475,0,0,1,475
90:31:4B:71:8E:B6,ALL,udp:39559,192.168.3.114,6,2028,0,0,6,2028
90:31:4B:71:8E:B6,ALL,udp:39559,239.255.255.250,1,179,1,179,0,0
90:31:4B:71:8E:B6,ALL,udp:55093,192.168.3.1,1,475,0,0,1,475
90:31:4B:71:8E:B6,ALL,udp:55093,192.168.3.114,6,2028,0,0,6,2028
90:31:4B:71:8E:B6,ALL,udp:55093,239.255.255.250,1,179,1,179,0,0
90:31:4B:71:8E:B6,ALL,udp:59794,192.168.3.1,1,475,0,0,1,475
90:31:4B:71:8E:B6,ALL,udp:59794,192.168.3.114,6,2028,0,0,6,2028
90:31:4B:71:8E:B6,ALL,udp:59794,239.255.255.250,1,179,1,179,0,0
90:31:4B:71:8E:B6,ALL,udp:50312,192.168.3.1,1,475,0,0,1,475
90:31:4B:71:8E:B6,ALL,udp:50312,192.168.3.114,6,2028,0,0,6,2028
90:31:4B:71:8E:B6,ALL,udp:50312,239.255.255.250,1,179,1,179,0,0
90:31:4B:71:8E:B6,ALL,udp:38434,192.168.3.1,1,475,0,0,1,475
90:31:4B:71:8E:B6,ALL,udp:38434,192.168.3.114,6,2028,0,0,6,2028
90:31:4B:71:8E:B6,ALL,udp:38434,239.255.255.250,1,179,1,179,0,0
90:31:4B:71:8E:B6,ALL,udp:52064,192.168.3.1,1,475,0,0,1,475
90:31:4B:71:8E:B6,ALL,udp:52064,192.168.3.114,6,2028,0,0,6,2028
90:31:4B:71:8E:B6,ALL,udp:52064,239.255.255.250,1,179,1,179,0,0
90:31:4B:71:8E:B6,ALL,udp:55027,192.168.3.1,1,475,0,0,1,475
90:31:4B:71:8E:B6,ALL,udp:55027,192.168.3.114,6,2028,0,0,6,2028
90:31:4B:71:8E:B6,ALL,udp:55027,239.255.255.250,1,179,1,179,0,0
90:31:4B:71:8E:B6,ALL,udp:39582,192.168.3.1,1,475,0,0,1,475
90:31:4B:71:8E:B6,ALL,udp:39582,192.168.3.114,6,2028,0,0,6,2028
90:31:4B:71:8E:B6,ALL,udp:39582,239.255.255.250,1,179,1,179,0,0
90:31:4B:71:8E:B6,ALL,udp:57494,192.168.3.1,1,475,0,0,1,475
90:31:4B:71:8E:B6,ALL,udp:57494,192.168.3.114,6,2028,0,0,6,2028
90:31:4B:71:8E:B6,ALL,udp:57494,239.255.255.250,1,179,1,179,0,0
90:31:4B:71:8E:B6,ALL,udp:33823,192.168.3.1,1,475,0,0,1,475
90:31:4B:71:8E:B6,ALL,udp:33823,192.168.3.114,6,2028,0,0,6,2028
90:31:4B:71:8E:B6,ALL,udp:33823,239.255.255.250,1,179,1,179,0,0
90:31:4B:71:8E:B6,ALL,udp:51531,192.168.3.1,1,475,0,0,1,475
90:31:4B:71:8E:B6,ALL,udp:51531,192.168.3.114,6,2028,0,0,6,2028
90:31:4B:71:8E:B6,ALL,udp:51531,239.255.255.250,1,179,1,179,0,0
90:31:4B:71:8E:B6,ALL,udp:45769,192.168.3.1*,2,300,1,86,1,214
90:31:4B:71:8E:B6,ALL,udp:45769,192.168.3.120*,2,300,1,214,1,86
90:31:4B:71:8E:B6,ALL,udp:40624,192.168.3.1,3,739,1,77,2,662
90:31:4B:71:8E:B6,ALL,udp:40624,192.168.3.114,6,2028,0,0,6,2028
90:31:4B:71:8E:B6,ALL,udp:40624,239.255.255.250,1,179,1,179,0,0
90:31:4B:71:8E:B6,ALL,udp:36409,192.168.3.1*,2,178,1,73,1,105
90:31:4B:71:8E:B6,ALL,udp:36409,192.168.3.120*,2,178,1,105,1,73
90:31:4B:71:8E:B6,ALL,udp:44048,192.168.3.1*,2,178,1,73,1,105
90:31:4B:71:8E:B6,ALL,udp:44048,192.168.3.120*,2,178,1,105,1,73
90:31:4B:71:8E:B6,ALL,udp:60937,192.168.3.1*,2,178,1,73,1,105
90:31:4B:71:8E:B6,ALL,udp:60937,192.168.3.120*,2,178,1,105,1,73
90:31:4B:71:8E:B6,ALL,udp:46013,192.168.3.1*,2,300,1,86,1,214
90:31:4B:71:8E:B6,ALL,udp:46013,192.168.3.120*,2,300,1,214,1,86
90:31:4B:71:8E:B6,ALL,udp:53864,192.168.3.1*,2,264,1,77,1,187
90:31:4B:71:8E:B6,ALL,udp:53864,192.168.3.120*,2,264,1,187,1,77
90:31:4B:71:8E:B6,ALL,udp:59168,192.168.3.1*,2,178,1,73,1,105
90:31:4B:71:8E:B6,ALL,udp:59168,192.168.3.120*,2,178,1,105,1,73
90:31:4B:71:8E:B6,ALL,udp:50138,192.168.3.1*,2,178,1,73,1,105
90:31:4B:71:8E:B6,ALL,udp:50138,192.168.3.120*,2,178,1,105,1,73
90:31:4B:71:8E:B6,ALL,udp:35534,192.168.3.1*,2,178,1,73,1,105
90:31:4B:71:8E:B6,ALL,udp:35534,192.168.3.120*,2,178,1,105,1,73
90:31:4B:71:8E:B6,ALL,udp:45061,192.168.3.1*,2,264,1,77,1,187
90:31:4B:71:8E:B6,ALL,udp:45061,192.168.3.120*,2,264,1,187,1,77
90:31:4B:71:8E:B6,ALL,udp:54521,192.168.3.1*,2,178,1,73,1,105
90:31:4B:71:8E:B6,ALL,udp:54521,192.168.3.120*,2,178,1,105,1,73
90:31:4B:71:8E:B6,ALL,udp:40527,192.168.3.1*,2,300,1,86,1,214
90:31:4B:71:8E:B6,ALL,udp:40527,192.168.3.120*,2,300,1,214,1,86
90:31:4B:71:8E:B6,ALL,udp:59884,192.168.3.1*,2,178,1,73,1,105
90:31:4B:71:8E:B6,ALL,udp:59884,192.168.3.120*,2,178,1,105,1,73
90:31:4B:71:8E:B6,ALL,udp:52734,192.168.3.1*,2,264,1,77,1,187
90:31:4B:71:8E:B6,ALL,udp:52734,192.168.3.120*,2,264,1,187,1,77
90:31:4B:71:8E:B6,ALL,udp:33270,192.168.3.1*,2,178,1,73,1,105
90:31:4B:71:8E:B6,ALL,udp:33270,192.168.3.120*,2,178,1,105,1,73
90:31:4B:71:8E:B6,ALL,udp:37029,192.168.3.1*,2,178,1,73,1,105
90:31:4B:71:8E:B6,ALL,udp:37029,192.168.3.120*,2,178,1,105,1,73
90:31:4B:71:8E:B6,ALL,udp:55126,192.168.3.1*,2,300,1,86,1,214
90:31:4B:71:8E:B6,ALL,udp:55126,192.168.3.120*,2,300,1,214,1,86
90:31:4B:71:8E:B6,ALL,udp:41587,192.168.3.1*,2,264,1,77,1,187
90:31:4B:71:8E:B6,ALL,udp:41587,192.168.3.120*,2,264,1,187,1,77
90:31:4B:71:8E:B6,ALL,udp:54738,192.168.3.1*,2,178,1,73,1,105
90:31:4B:71:8E:B6,ALL,udp:54738,192.168.3.120*,2,178,1,105,1,73
90:31:4B:71:8E:B6,ALL,udp:36986,192.168.3.1*,2,178,1,73,1,105
90:31:4B:71:8E:B6,ALL,udp:36986,192.168.3.120*,2,178,1,105,1,73
90:31:4B:71:8E:B6,ALL,udp:34114,192.168.3.1,3,784,1,80,2,704
90:31:4B:71:8E:B6,ALL,udp:34114,192.168.3.114,6,2028,0,0,6,2028
90:31:4B:71:8E:B6,ALL,udp:34114,239.255.255.250,1,179,1,179,0,0
90:31:4B:71:8E:B6,ALL,udp:35401,192.168.3.1*,2,215,1,89,1,126
90:31:4B:71:8E:B6,ALL,udp:35401,192.168.3.120*,2,215,1,126,1,89
90:31:4B:71:8E:B6,ALL,udp:54222,192.168.3.1*,2,166,1,83,1,83
90:31:4B:71:8E:B6,ALL,udp:54222,192.168.3.120*,2,166,1,83,1,83
90:31:4B:71:8E:B6,ALL,udp:40289,192.168.3.1*,2,272,1,80,1,192
90:31:4B:71:8E:B6,ALL,udp:40289,192.168.3.120*,2,272,1,192,1,80
90:31:4B:71:8E:B6,ALL,udp:53111,192.168.3.1,4,1250,1,86,3,1164
90:31:4B:71:8E:B6,ALL,udp:53111,192.168.3.114,12,4056,0,0,12,4056
90:31:4B:71:8E:B6,ALL,udp:53111,239.255.255.250,2,358,2,358,0,0
90:31:4B:71:8E:B6,ALL,udp:42657,192.168.3.1*,2,178,1,73,1,105
90:31:4B:71:8E:B6,ALL,udp:42657,192.168.3.120*,2,178,1,105,1,73
90:31:4B:71:8E:B6,ALL,udp:50132,192.168.3.1*,2,264,1,77,1,187
90:31:4B:71:8E:B6,ALL,udp:50132,192.168.3.120*,2,264,1,187,1,77
90:31:4B:71:8E:B6,ALL,udp:33528,192.168.3.1*,2,178,1,73,1,105
90:31:4B:71:8E:B6,ALL,udp:33528,192.168.3.120*,2,178,1,105,1,73
90:31:4B:71:8E:B6,ALL,udp:42440,192.168.3.1*,2,178,1,73,1,105
90:31:4B:71:8E:B6,ALL,udp:42440,192.168.3.120*,2,178,1,105,1,73
90:31:4B:71:8E:B6,ALL,udp:59616,192.168.3.1*,2,300,1,86,1,214
90:31:4B:71:8E:B6,ALL,udp:59616,192.168.3.120*,2,300,1,214,1,86
90:31:4B:71:8E:B6,ALL,udp:43892,192.168.3.1*,2,264,1,77,1,187
90:31:4B:71:8E:B6,ALL,udp:43892,192.168.3.120*,2,264,1,187,1,77
90:31:4B:71:8E:B6,ALL,udp:40740,192.168.3.1*,2,178,1,73,1,105
90:31:4B:71:8E:B6,ALL,udp:40740,192.168.3.120*,2,178,1,105,1,73
90:31:4B:71:8E:B6,ALL,udp:32802,192.168.3.1*,2,178,1,73,1,105
90:31:4B:71:8E:B6,ALL,udp:32802,192.168.3.120*,2,178,1,105,1,73
90:31:4B:71:8E:B6,ALL,udp:39150,192.168.3.1*,2,264,1,77,1,187
90:31:4B:71:8E:B6,ALL,udp:39150,192.168.3.120*,2,264,1,187,1,77
90:31:4B:71:8E:B6,ALL,udp:56015,192.168.3.1*,2,300,1,86,1,214
90:31:4B:71:8E:B6,ALL,udp:56015,192.168.3.120*,2,300,1,214,1,86
90:31:4B:71:8E:B6,ALL,udp:36712,192.168.3.1*,2,178,1,73,1,105
90:31:4B:71:8E:B6,ALL,udp:36712,192.168.3.120*,2,178,1,105,1,73
90:31:4B:71:8E:B6,ALL,udp:49301,192.168.3.1,3,653,1,73,2,580
90:31:4B:71:8E:B6,ALL,udp:49301,192.168.3.114,6,2028,0,0,6,2028
90:31:4B:71:8E:B6,ALL,udp:49301,239.255.255.250,1,179,1,179,0,0
90:31:4B:71:8E:B6,ALL,udp:50219,192.168.3.1,3,739,1,77,2,662
90:31:4B:71:8E:B6,ALL,udp:50219,192.168.3.114,6,2028,0,0,6,2028
90:31:4B:71:8E:B6,ALL,udp:50219,239.255.255.250,1,179,1,179,0,0
90:31:4B:71:8E:B6,ALL,udp:40106,192.168.3.1*,2,300,1,86,1,214
90:31:4B:71:8E:B6,ALL,udp:40106,192.168.3.120*,2,300,1,214,1,86
90:31:4B:71:8E:B6,ALL,udp:39676,192.168.3.1*,2,178,1,73,1,105
90:31:4B:71:8E:B6,ALL,udp:39676,192.168.3.120*,2,178,1,105,1,73
90:31:4B:71:8E:B6,ALL,udp:37864,192.168.3.1*,2,178,1,73,1,105
90:31:4B:71:8E:B6,ALL,udp:37864,192.168.3.120*,2,178,1,105,1,73
90:31:4B:71:8E:B6,ALL,udp:41104,192.168.3.1,3,739,1,77,2,662
90:31:4B:71:8E:B6,ALL,udp:41104,192.168.3.114,6,2028,0,0,6,2028
90:31:4B:71:8E:B6,ALL,udp:41104,239.255.255.250,1,179,1,179,0,0
90:31:4B:71:8E:B6,ALL,udp:44316,192.168.3.1*,2,300,1,86,1,214
90:31:4B:71:8E:B6,ALL,udp:44316,192.168.3.120*,2,300,1,214,1,86
90:31:4B:71:8E:B6,ALL,udp:35974,192.168.3.1*,2,178,1,73,1,105
90:31:4B:71:8E:B6,ALL,udp:35974,192.168.3.120*,2,178,1,105,1,73
90:31:4B:71:8E:B6,ALL,udp:50584,192.168.3.1*,2,178,1,73,1,105
90:31:4B:71:8E:B6,ALL,udp:50584,192.168.3.120*,2,178,1,105,1,73
90:31:4B:71:8E:B6,ALL,udp:34272,192.168.3.1*,2,264,1,77,1,187
90:31:4B:71:8E:B6,ALL,udp:34272,192.168.3.120*,2,264,1,187,1,77
90:31:4B:71:8E:B6,ALL,udp:41048,192.168.3.1*,2,178,1,73,1,105
90:31:4B:71:8E:B6,ALL,udp:41048,192.168.3.120*,2,178,1,105,1,73
90:31:4B:71:8E:B6,ALL,udp:34515,192.168.3.1*,2,178,1,73,1,105
90:31:4B:71:8E:B6,ALL,udp:34515,192.168.3.120*,2,178,1,105,1,73
90:31:4B:71:8E:B6,ALL,udp:43264,192.168.3.1*,2,264,1,77,1,187
90:31:4B:71:8E:B6,ALL,udp:43264,192.168.3.120*,2,264,1,187,1,77
90:31:4B:71:8E:B6,ALL,udp:52899,192.168.3.1*,2,309,1,80,1,229
90:31:4B:71:8E:B6,ALL,udp:52899,192.168.3.120*,2,309,1,229,1,80
90:31:4B:71:8E:B6,ALL,udp:51348,192.168.3.1*,2,215,1,89,1,126
90:31:4B:71:8E:B6,ALL,udp:51348,192.168.3.120*,2,215,1,126,1,89
90:31:4B:71:8E:B6,ALL,udp:54209,192.168.3.1*,2,166,1,83,1,83
90:31:4B:71:8E:B6,ALL,udp:54209,192.168.3.120*,2,166,1,83,1,83
90:31:4B:71:8E:B6,ALL,udp:35111,192.168.3.1*,2,272,1,80,1,192
90:31:4B:71:8E:B6,ALL,udp:35111,192.168.3.120*,2,272,1,192,1,80
90:31:4B:71:8E:B6,ALL,udp:52836,192.168.3.1*,2,300,1,86,1,214
90:31:4B:71:8E:B6,ALL,udp:52836,192.168.3.120*,2,300,1,214,1,86
90:31:4B:71:8E:B6,ALL,udp:56612,192.168.3.1*,2,178,1,73,1,105
90:31:4B:71:8E:B6,ALL,udp:56612,192.168.3.120*,2,178,1,105,1,73
90:31:4B:71:8E:B6,ALL,udp:35334,192.168.3.1*,2,178,1,73,1,105
90:31:4B:71:8E:B6,ALL,udp:35334,192.168.3.120*,2,178,1,105,1,73
90:31:4B:71:8E:B6,ALL,udp:40635,192.168.3.1*,2,264,1,77,1,187
90:31:4B:71:8E:B6,ALL,udp:40635,192.168.3.120*,2,264,1,187,1,77
90:31:4B:71:8E:B6,ALL,udp:59494,192.168.3.1*,2,178,1,73,1,105
90:31:4B:71:8E:B6,ALL,udp:59494,192.168.3.120*,2,178,1,105,1,73
90:31:4B:71:8E:B6,ALL,udp:58534,192.168.3.1,3,775,1,86,2,689
90:31:4B:71:8E:B6,ALL,udp:58534,192.168.3.114,6,2028,0,0,6,2028
90:31:4B:71:8E:B6,ALL,udp:58534,239.255.255.250,1,179,1,179,0,0
90:31:4B:71:8E:B6,ALL,udp:44602,192.168.3.1*,2,178,1,73,1,105
90:31:4B:71:8E:B6,ALL,udp:44602,192.168.3.120*,2,178,1,105,1,73
90:31:4B:71:8E:B6,ALL,udp:58655,192.168.3.1*,2,178,1,73,1,105
90:31:4B:71:8E:B6,ALL,udp:58655,192.168.3.120*,2,178,1,105,1,73
90:31:4B:71:8E:B6,ALL,udp:42786,192.168.3.1,3,739,1,77,2,662
90:31:4B:71:8E:B6,ALL,udp:42786,192.168.3.114,6,2028,0,0,6,2028
90:31:4B:71:8E:B6,ALL,udp:42786,239.255.255.250,1,179,1,179,0,0
90:31:4B:71:8E:B6,ALL,udp:39362,192.168.3.1*,2,300,1,86,1,214
90:31:4B:71:8E:B6,ALL,udp:39362,192.168.3.120*,2,300,1,214,1,86
90:31:4B:71:8E:B6,ALL,udp:58604,192.168.3.1,3,653,1,73,2,580
90:31:4B:71:8E:B6,ALL,udp:58604,192.168.3.114,6,2028,0,0,6,2028
90:31:4B:71:8E:B6,ALL,udp:58604,239.255.255.250,1,179,1,179,0,0
90:31:4B:71:8E:B6,ALL,udp:56878,192.168.3.1*,2,178,1,73,1,105
90:31:4B:71:8E:B6,ALL,udp:56878,192.168.3.120*,2,178,1,105,1,73
90:31:4B:71:8E:B6,ALL,udp:46071,192.168.3.1*,2,264,1,77,1,187
90:31:4B:71:8E:B6,ALL,udp:46071,192.168.3.120*,2,264,1,187,1,77
90:31:4B:71:8E:B6,ALL,udp:55846,192.168.3.1*,2,178,1,73,1,105
90:31:4B:71:8E:B6,ALL,udp:55846,192.168.3.120*,2,178,1,105,1,73
90:31:4B:71:8E:B6,ALL,udp:50964,192.168.3.1*,2,300,1,86,1,214
90:31:4B:71:8E:B6,ALL,udp:50964,192.168.3.120*,2,300,1,214,1,86
90:31:4B:71:8E:B6,ALL,udp:48233,192.168.3.1*,2,178,1,73,1,105
90:31:4B:71:8E:B6,ALL,udp:48233,192.168.3.120*,2,178,1,105,1,73
90:31:4B:71:8E:B6,ALL,udp:36327,192.168.3.1*,2,178,1,73,1,105
90:31:4B:71:8E:B6,ALL,udp:36327,192.168.3.120*,2,178,1,105,1,73
90:31:4B:71:8E:B6,ALL,udp:56465,192.168.3.1,3,739,1,77,2,662
90:31:4B:71:8E:B6,ALL,udp:56465,192.168.3.114,6,2028,0,0,6,2028
90:31:4B:71:8E:B6,ALL,udp:56465,239.255.255.250,1,179,1,179,0,0
90:31:4B:71:8E:B6,ALL,udp:51213,192.168.3.1*,2,300,1,86,1,214
90:31:4B:71:8E:B6,ALL,udp:51213,192.168.3.120*,2,300,1,214,1,86
90:31:4B:71:8E:B6,ALL,udp:44274,192.168.3.1*,2,178,1,73,1,105
90:31:4B:71:8E:B6,ALL,udp:44274,192.168.3.120*,2,178,1,105,1,73
90:31:4B:71:8E:B6,ALL,udp:59617,192.168.3.1*,2,178,1,73,1,105
90:31:4B:71:8E:B6,ALL,udp:59617,192.168.3.120*,2,178,1,105,1,73
90:31:4B:71:8E:B6,ALL,udp:40567,192.168.3.1,1,475,0,0,1,475
90:31:4B:71:8E:B6,ALL,udp:40567,192.168.3.114,6,2028,0,0,6,2028
90:31:4B:71:8E:B6,ALL,udp:40567,239.255.255.250,1,179,1,179,0,0
90:31:4B:71:8E:B6,ALL,udp:46932,192.168.3.1*,2,264,1,77,1,187
90:31:4B:71:8E:B6,ALL,udp:46932,192.168.3.120*,2,264,1,187,1,77
90:31:4B:71:8E:B6,ALL,udp:52176,192.168.3.1*,2,178,1,73,1,105
90:31:4B:71:8E:B6,ALL,udp:52176,192.168.3.120*,2,178,1,105,1,73
90:31:4B:71:8E:B6,ALL,udp:51804,192.168.3.1*,2,300,1,86,1,214
90:31:4B:71:8E:B6,ALL,udp:51804,192.168.3.120*,2,300,1,214,1,86
90:31:4B:71:8E:B6,ALL,udp:45488,192.168.3.1,1,475,0,0,1,475
90:31:4B:71:8E:B6,ALL,udp:45488,192.168.3.114,6,2028,0,0,6,2028
90:31:4B:71:8E:B6,ALL,udp:45488,239.255.255.250,1,179,1,179,0,0
90:31:4B:71:8E:B6,ALL,udp:44928,192.168.3.1*,2,178,1,73,1,105
90:31:4B:71:8E:B6,ALL,udp:44928,192.168.3.120*,2,178,1,105,1,73
90:31:4B:71:8E:B6,ALL,udp:35658,192.168.3.1*,2,178,1,73,1,105
90:31:4B:71:8E:B6,ALL,udp:35658,192.168.3.120*,2,178,1,105,1,73
90:31:4B:71:8E:B6,ALL,udp:44677,192.168.3.1*,2,264,1,77,1,187
90:31:4B:71:8E:B6,ALL,udp:44677,192.168.3.120*,2,264,1,187,1,77
90:31:4B:71:8E:B6,ALL,udp:35703,192.168.3.1*,2,309,1,80,1,229
90:31:4B:71:8E:B6,ALL,udp:35703,192.168.3.120*,2,309,1,229,1,80
90:31:4B:71:8E:B6,ALL,udp:47297,192.168.3.1*,2,215,1,89,1,126
90:31:4B:71:8E:B6,ALL,udp:47297,192.168.3.120*,2,215,1,126,1,89
90:31:4B:71:8E:B6,ALL,udp:42924,192.168.3.1*,2,166,1,83,1,83
90:31:4B:71:8E:B6,ALL,udp:42924,192.168.3.120*,2,166,1,83,1,83
90:31:4B:71:8E:B6,ALL,udp:47971,192.168.3.1,3,747,1,80,2,667
90:31:4B:71:8E:B6,ALL,udp:47971,192.168.3.114,6,2028,0,0,6,2028
90:31:4B:71:8E:B6,ALL,udp:47971,239.255.255.250,1,179,1,179,0,0
90:31:4B:71:8E:B6,ALL,udp:43751,192.168.3.1*,2,300,1,86,1,214
90:31:4B:71:8E:B6,ALL,udp:43751,192.168.3.120*,2,300,1,214,1,86
90:31:4B:71:8E:B6,ALL,udp:48308,192.168.3.1*,2,178,1,73,1,105
90:31:4B:71:8E:B6,ALL,udp:48308,192.168.3.120*,2,178,1,105,1,73
90:31:4B:71:8E:B6,ALL,udp:53551,192.168.3.1*,2,264,1,77,1,187
90:31:4B:71:8E:B6,ALL,udp:53551,192.168.3.120*,2,264,1,187,1,77
90:31:4B:71:8E:B6,ALL,udp:44050,192.168.3.1*,2,178,1,73,1,105
90:31:4B:71:8E:B6,ALL,udp:44050,192.168.3.120*,2,178,1,105,1,73
90:31:4B:71:8E:B6,ALL,udp:39569,192.168.3.1*,2,300,1,86,1,214
90:31:4B:71:8E:B6,ALL,udp:39569,192.168.3.120*,2,300,1,214,1,86
90:31:4B:71:8E:B6,ALL,udp:45124,192.168.3.1,3,653,1,73,2,580
90:31:4B:71:8E:B6,ALL,udp:45124,192.168.3.114,6,2028,0,0,6,2028
90:31:4B:71:8E:B6,ALL,udp:45124,239.255.255.250,1,179,1,179,0,0
90:31:4B:71:8E:B6,ALL,udp:43795,192.168.3.1*,2,178,1,73,1,105
90:31:4B:71:8E:B6,ALL,udp:43795,192.168.3.120*,2,178,1,105,1,73
90:31:4B:71:8E:B6,ALL,udp:54881,192.168.3.1,3,739,1,77,2,662
90:31:4B:71:8E:B6,ALL,udp:54881,192.168.3.114,6,2028,0,0,6,2028
90:31:4B:71:8E:B6,ALL,udp:54881,239.255.255.250,1,179,1,179,0,0
90:31:4B:71:8E:B6,ALL,udp:34680,192.168.3.1*,2,178,1,73,1,105
90:31:4B:71:8E:B6,ALL,udp:34680,192.168.3.120*,2,178,1,105,1,73
90:31:4B:71:8E:B6,ALL,udp:41448,192.168.3.1,3,775,1,86,2,689
90:31:4B:71:8E:B6,ALL,udp:41448,192.168.3.114,6,2028,0,0,6,2028
90:31:4B:71:8E:B6,ALL,udp:41448,239.255.255.250,1,179,1,179,0,0
90:31:4B:71:8E:B6,ALL,udp:45978,192.168.3.1*,2,178,1,73,1,105
90:31:4B:71:8E:B6,ALL,udp:45978,192.168.3.120*,2,178,1,105,1,73
90:31:4B:71:8E:B6,ALL,udp:35287,192.168.3.1*,2,178,1,73,1,105
90:31:4B:71:8E:B6,ALL,udp:35287,192.168.3.120*,2,178,1,105,1,73
90:31:4B:71:8E:B6,ALL,udp:42255,192.168.3.1*,2,264,1,77,1,187
90:31:4B:71:8E:B6,ALL,udp:42255,192.168.3.120*,2,264,1,187,1,77
90:31:4B:71:8E:B6,ALL,udp:36353,192.168.3.1,3,653,1,73,2,580
90:31:4B:71:8E:B6,ALL,udp:36353,192.168.3.114,6,2028,0,0,6,2028
90:31:4B:71:8E:B6,ALL,udp:36353,239.255.255.250,1,179,1,179,0,0
90:31:4B:71:8E:B6,ALL,udp:44099,192.168.3.1,3,775,1,86,2,689
90:31:4B:71:8E:B6,ALL,udp:44099,192.168.3.114,6,2028,0,0,6,2028
90:31:4B:71:8E:B6,ALL,udp:44099,239.255.255.250,1,179,1,179,0,0
90:31:4B:71:8E:B6,ALL,udp:40098,192.168.3.1*,2,178,1,73,1,105
90:31:4B:71:8E:B6,ALL,udp:40098,192.168.3.120*,2,178,1,105,1,73
90:31:4B:71:8E:B6,ALL,udp:50136,192.168.3.1*,2,264,1,77,1,187
90:31:4B:71:8E:B6,ALL,udp:50136,192.168.3.120*,2,264,1,187,1,77
90:31:4B:71:8E:B6,ALL,udp:46388,192.168.3.1,3,653,1,73,2,580
90:31:4B:71:8E:B6,ALL,udp:46388,192.168.3.114,6,2028,0,0,6,2028
90:31:4B:71:8E:B6,ALL,udp:46388,239.255.255.250,1,179,1,179,0,0
90:31:4B:71:8E:B6,ALL,udp:33941,192.168.3.1*,2,300,1,86,1,214
90:31:4B:71:8E:B6,ALL,udp:33941,192.168.3.120*,2,300,1,214,1,86
90:31:4B:71:8E:B6,ALL,udp:46741,192.168.3.1,3,653,1,73,2,580
90:31:4B:71:8E:B6,ALL,udp:46741,192.168.3.114,6,2028,0,0,6,2028
90:31:4B:71:8E:B6,ALL,udp:46741,239.255.255.250,1,179,1,179,0,0
90:31:4B:71:8E:B6,ALL,udp:46525,192.168.3.1*,2,264,1,77,1,187
90:31:4B:71:8E:B6,ALL,udp:46525,192.168.3.120*,2,264,1,187,1,77
90:31:4B:71:8E:B6,ALL,udp:46271,192.168.3.1,3,653,1,73,2,580
90:31:4B:71:8E:B6,ALL,udp:46271,192.168.3.114,6,2028,0,0,6,2028
90:31:4B:71:8E:B6,ALL,udp:46271,239.255.255.250,1,179,1,179,0,0
90:31:4B:71:8E:B6,ALL,udp:44098,192.168.3.1,1,475,0,0,1,475
90:31:4B:71:8E:B6,ALL,udp:44098,192.168.3.114,6,2028,0,0,6,2028
90:31:4B:71:8E:B6,ALL,udp:44098,239.255.255.250,1,179,1,179,0,0
90:31:4B:71:8E:B6,ALL,udp:58505,192.168.3.1,1,475,0,0,1,475
90:31:4B:71:8E:B6,ALL,udp:58505,192.168.3.114,6,2028,0,0,6,2028
90:31:4B:71:8E:B6,ALL,udp:58505,239.255.255.250,1,179,1,179,0,0
90:31:4B:71:8E:B6,ALL,udp:56796,192.168.3.1,1,475,0,0,1,475
90:31:4B:71:8E:B6,ALL,udp:56796,192.168.3.114,6,2028,0,0,6,2028
90:31:4B:71:8E:B6,ALL,udp:56796,239.255.255.250,1,179,1,179,0,0
90:31:4B:71:8E:B6,ALL,udp:48980,192.168.3.1,1,475,0,0,1,475
90:31:4B:71:8E:B6,ALL,udp:48980,192.168.3.114,6,2028,0,0,6,2028
90:31:4B:71:8E:B6,ALL,udp:48980,239.255.255.250,1,179,1,179,0,0
90:31:4B:71:8E:B6,ALL,udp:46139,192.168.3.1,1,475,0,0,1,475
90:31:4B:71:8E:B6,ALL,udp:46139,192.168.3.114,6,2028,0,0,6,2028
90:31:4B:71:8E:B6,ALL,udp:46139,239.255.255.250,1,179,1,179,0,0
90:31:4B:71:8E:B6,ALL,udp:36429,192.168.3.1,1,475,0,0,1,475
90:31:4B:71:8E:B6,ALL,udp:36429,192.168.3.114,6,2028,0,0,6,2028
90:31:4B:71:8E:B6,ALL,udp:36429,239.255.255.250,1,179,1,179,0,0
90:31:4B:71:8E:B6,ALL,udp:59721,192.168.3.1,2,940,0,0,2,940
90:31:4B:71:8E:B6,ALL,udp:59721,192.168.3.114,12,4056,0,0,12,4056
90:31:4B:71:8E:B6,ALL,udp:59721,239.255.255.250,2,353,2,353,0,0
90:31:4B:71:8E:B6,ALL,udp:51170,192.168.3.1,1,475,0,0,1,475
90:31:4B:71:8E:B6,ALL,udp:51170,192.168.3.114,6,2028,0,0,6,2028
90:31:4B:71:8E:B6,ALL,udp:51170,239.255.255.250,1,179,1,179,0,0
90:31:4B:71:8E:B6,ALL,udp:33036,192.168.3.1,1,475,0,0,1,475
90:31:4B:71:8E:B6,ALL,udp:33036,192.168.3.114,6,2028,0,0,6,2028
90:31:4B:71:8E:B6,ALL,udp:33036,239.255.255.250,1,179,1,179,0,0
90:31:4B:71:8E:B6,ALL,udp:50725,192.168.3.1,1,475,0,0,1,475
90:31:4B:71:8E:B6,ALL,udp:50725,192.168.3.114,6,2028,0,0,6,2028
90:31:4B:71:8E:B6,ALL,udp:50725,239.255.255.250,1,179,1,179,0,0
90:31:4B:71:8E:B6,ALL,udp:41671,192.168.3.1,1,475,0,0,1,475
90:31:4B:71:8E:B6,ALL,udp:41671,192.168.3.114,6,2028,0,0,6,2028
90:31:4B:71:8E:B6,ALL,udp:41671,239.255.255.250,1,179,1,179,0,0
90:31:4B:71:8E:B6,ALL,udp:33396,192.168.3.1,1,475,0,0,1,475
90:31:4B:71:8E:B6,ALL,udp:33396,192.168.3.114,6,2028,0,0,6,2028
90:31:4B:71:8E:B6,ALL,udp:33396,239.255.255.250,1,179,1,179,0,0
90:31:4B:71:8E:B6,ALL,udp:58426,192.168.3.1,1,475,0,0,1,475
90:31:4B:71:8E:B6,ALL,udp:58426,192.168.3.114,6,2028,0,0,6,2028
90:31:4B:71:8E:B6,ALL,udp:58426,239.255.255.250,1,179,1,179,0,0
90:31:4B:71:8E:B6,ALL,udp:46794,192.168.3.1*,2,300,1,86,1,214
90:31:4B:71:8E:B6,ALL,udp:46794,192.168.3.120*,2,300,1,214,1,86
90:31:4B:71:8E:B6,ALL,udp:38594,192.168.3.1*,2,264,1,77,1,187
90:31:4B:71:8E:B6,ALL,udp:38594,192.168.3.120*,2,264,1,187,1,77
90:31:4B:71:8E:B6,ALL,udp:32819,192.168.3.1*,2,178,1,73,1,105
90:31:4B:71:8E:B6,ALL,udp:32819,192.168.3.120*,2,178,1,105,1,73
90:31:4B:71:8E:B6,ALL,udp:55163,192.168.3.1*,2,178,1,73,1,105
90:31:4B:71:8E:B6,ALL,udp:55163,192.168.3.120*,2,178,1,105,1,73
90:31:4B:71:8E:B6,ALL,udp:51788,192.168.3.1*,2,264,1,77,1,187
90:31:4B:71:8E:B6,ALL,udp:51788,192.168.3.120*,2,264,1,187,1,77
90:31:4B:71:8E:B6,ALL,udp:46380,192.168.3.1*,2,300,1,86,1,214
90:31:4B:71:8E:B6,ALL,udp:46380,192.168.3.120*,2,300,1,214,1,86
90:31:4B:71:8E:B6,ALL,udp:41012,192.168.3.1,1,475,0,0,1,475
90:31:4B:71:8E:B6,ALL,udp:41012,192.168.3.114,6,2028,0,0,6,2028
90:31:4B:71:8E:B6,ALL,udp:41012,239.255.255.250,1,179,1,179,0,0
90:31:4B:71:8E:B6,ALL,tcp:5000,192.168.3.1*,271088,59005180,139168,21533304,131920,37471876
90:31:4B:71:8E:B6,ALL,tcp:5000,192.168.3.120*,271088,59005180,131920,37471876,139168,21533304
90:31:4B:71:8E:B6,ALL,tcp:34980,192.168.3.1,20,3516,10,1834,10,1682
90:31:4B:71:8E:B6,ALL,tcp:34980,192.168.3.114,10,1827,5,417,5,1410
