MAC,WAN/LAN,Protocol,IP,TotalPackets,TotalBytes,TxPackets,TxBytes,RxPackets,RxBytes
AC:84:C6:20:FE:4B,ALL,ip,129.250.35.250,4,360,2,180,2,180
AC:84:C6:20:FE:4B,ALL,ip,129.250.35.251,2,180,1,90,1,90
AC:84:C6:20:FE:4B,ALL,ip,130.159.196.118,2,180,1,90,1,90
AC:84:C6:20:FE:4B,ALL,ip,131.111.8.60,8,720,4,360,4,360
AC:84:C6:20:FE:4B,ALL,ip,131.111.8.61,10,900,5,450,5,450
AC:84:C6:20:FE:4B,ALL,ip,131.111.8.63,6,540,3,270,3,270
AC:84:C6:20:FE:4B,ALL,ip,132.226.210.133,2,180,1,90,1,90
AC:84:C6:20:FE:4B,ALL,ip,139.143.5.30,4,360,2,180,2,180
AC:84:C6:20:FE:4B,ALL,ip,139.143.5.31,2,180,1,90,1,90
AC:84:C6:20:FE:4B,ALL,ip,139.162.219.252,6,540,3,270,3,270
AC:84:C6:20:FE:4B,ALL,ip,152.67.150.30,2,180,1,90,1,90
AC:84:C6:20:FE:4B,ALL,ip,162.159.200.1,14,1260,7,630,7,630
AC:84:C6:20:FE:4B,ALL,ip,162.159.200.123,24,2160,12,1080,12,1080
AC:84:C6:20:FE:4B,ALL,ip,176.58.109.199,4,360,2,180,2,180
AC:84:C6:20:FE:4B,ALL,ip,178.215.228.24,14,1260,7,630,7,630
AC:84:C6:20:FE:4B,ALL,ip,178.62.68.79,4,360,2,180,2,180
AC:84:C6:20:FE:4B,ALL,ip,178.79.155.116,3,270,3,270,0,0
AC:84:C6:20:FE:4B,ALL,ip,185.103.119.60,2,180,1,90,1,90
AC:84:C6:20:FE:4B,ALL,ip,185.16.161.37,4,360,2,180,2,180
AC:84:C6:20:FE:4B,ALL,ip,185.53.45.4,4,360,2,180,2,180
AC:84:C6:20:FE:4B,ALL,ip,185.53.45.5,2,180,1,90,1,90
AC:84:C6:20:FE:4B,ALL,ip,192.168.3.1,240,25680,120,9000,120,16680
AC:84:C6:20:FE:4B,ALL,ip,193.150.34.2,6,540,3,270,3,270
AC:84:C6:20:FE:4B,ALL,ip,193.57.144.50,12,1080,6,540,6,540
AC:84:C6:20:FE:4B,ALL,ip,194.146.161.122,2,180,1,90,1,90
AC:84:C6:20:FE:4B,ALL,ip,194.164.96.170,4,360,2,180,2,180
AC:84:C6:20:FE:4B,ALL,ip,195.171.43.10,2,180,1,90,1,90
AC:84:C6:20:FE:4B,ALL,ip,213.5.132.231,2,180,1,90,1,90
AC:84:C6:20:FE:4B,ALL,ip,217.114.59.3,2,180,1,90,1,90
AC:84:C6:20:FE:4B,ALL,ip,217.114.59.66,2,180,1,90,1,90
AC:84:C6:20:FE:4B,ALL,ip,44.31.52.36,5,450,4,360,1,90
AC:84:C6:20:FE:4B,ALL,ip,46.101.52.249,8,720,4,360,4,360
AC:84:C6:20:FE:4B,ALL,ip,46.17.88.210,2,180,1,90,1,90
AC:84:C6:20:FE:4B,ALL,ip,51.15.182.163,3,270,2,180,1,90
AC:84:C6:20:FE:4B,ALL,ip,51.89.151.183,14,1260,7,630,7,630
AC:84:C6:20:FE:4B,ALL,ip,52.45.116.228,5371,572166,3544,348060,1827,224106
AC:84:C6:20:FE:4B,ALL,ip,77.104.162.218,4,360,2,180,2,180
AC:84:C6:20:FE:4B,ALL,ip,77.68.29.174,2,180,1,90,1,90
AC:84:C6:20:FE:4B,ALL,ip,80.82.244.120,2,180,1,90,1,90
AC:84:C6:20:FE:4B,ALL,ip,81.128.218.110,4,360,2,180,2,180
AC:84:C6:20:FE:4B,ALL,ip,81.179.123.60,2,180,1,90,1,90
AC:84:C6:20:FE:4B,ALL,ip,81.187.5.51,2,180,1,90,1,90
AC:84:C6:20:FE:4B,ALL,ip,81.2.125.2,4,360,2,180,2,180
AC:84:C6:20:FE:4B,ALL,ip,82.219.4.30,2,180,1,90,1,90
AC:84:C6:20:FE:4B,ALL,ip,82.64.247.11,2,180,1,90,1,90
AC:84:C6:20:FE:4B,ALL,ip,83.151.207.133,2,180,1,90,1,90
AC:84:C6:20:FE:4B,ALL,ip,85.199.214.101,6,540,3,270,3,270
AC:84:C6:20:FE:4B,ALL,ip,85.199.214.102,4,360,2,180,2,180
AC:84:C6:20:FE:4B,ALL,ip,85.199.214.98,2,180,1,90,1,90
AC:84:C6:20:FE:4B,ALL,ip,85.199.214.99,2,180,1,90,1,90
AC:84:C6:20:FE:4B,ALL,ip,88.80.189.24,5,450,4,360,1,90
AC:84:C6:20:FE:4B,ALL,ip,93.93.131.118,4,360,2,180,2,180
AC:84:C6:20:FE:4B,ALL,ip,94.237.52.57,3,270,2,180,1,90
AC:84:C6:20:FE:4B,ALL,ip,95.215.175.2,6,540,3,270,3,270
AC:84:C6:20:FE:4B,ALL,tcp,192.168.3.116*,5371,572166,1827,224106,3544,348060
AC:84:C6:20:FE:4B,ALL,tcp,52.45.116.228*,5371,572166,3544,348060,1827,224106
AC:84:C6:20:FE:4B,ALL,udp,129.250.35.250,4,360,2,180,2,180
AC:84:C6:20:FE:4B,ALL,udp,129.250.35.251,2,180,1,90,1,90
AC:84:C6:20:FE:4B,ALL,udp,130.159.196.118,2,180,1,90,1,90
AC:84:C6:20:FE:4B,ALL,udp,131.111.8.60,8,720,4,360,4,360
AC:84:C6:20:FE:4B,ALL,udp,131.111.8.61,10,900,5,450,5,450
AC:84:C6:20:FE:4B,ALL,udp,131.111.8.63,6,540,3,270,3,270
AC:84:C6:20:FE:4B,ALL,udp,132.226.210.133,2,180,1,90,1,90
AC:84:C6:20:FE:4B,ALL,udp,139.143.5.30,4,360,2,180,2,180
AC:84:C6:20:FE:4B,ALL,udp,139.143.5.31,2,180,1,90,1,90
AC:84:C6:20:FE:4B,ALL,udp,139.162.219.252,6,540,3,270,3,270
AC:84:C6:20:FE:4B,ALL,udp,152.67.150.30,2,180,1,90,1,90
AC:84:C6:20:FE:4B,ALL,udp,162.159.200.1,14,1260,7,630,7,630
AC:84:C6:20:FE:4B,ALL,udp,162.159.200.123,24,2160,12,1080,12,1080
AC:84:C6:20:FE:4B,ALL,udp,176.58.109.199,4,360,2,180,2,180
AC:84:C6:20:FE:4B,ALL,udp,178.215.228.24,14,1260,7,630,7,630
AC:84:C6:20:FE:4B,ALL,udp,178.62.68.79,4,360,2,180,2,180
AC:84:C6:20:FE:4B,ALL,udp,178.79.155.116,3,270,3,270,0,0
AC:84:C6:20:FE:4B,ALL,udp,185.103.119.60,2,180,1,90,1,90
AC:84:C6:20:FE:4B,ALL,udp,185.16.161.37,4,360,2,180,2,180
AC:84:C6:20:FE:4B,ALL,udp,185.53.45.4,4,360,2,180,2,180
AC:84:C6:20:FE:4B,ALL,udp,185.53.45.5,2,180,1,90,1,90
AC:84:C6:20:FE:4B,ALL,udp,192.168.3.1,240,25680,120,9000,120,16680
AC:84:C6:20:FE:4B,ALL,udp,193.150.34.2,6,540,3,270,3,270
AC:84:C6:20:FE:4B,ALL,udp,193.57.144.50,12,1080,6,540,6,540
AC:84:C6:20:FE:4B,ALL,udp,194.146.161.122,2,180,1,90,1,90
AC:84:C6:20:FE:4B,ALL,udp,194.164.96.170,4,360,2,180,2,180
AC:84:C6:20:FE:4B,ALL,udp,195.171.43.10,2,180,1,90,1,90
AC:84:C6:20:FE:4B,ALL,udp,213.5.132.231,2,180,1,90,1,90
AC:84:C6:20:FE:4B,ALL,udp,217.114.59.3,2,180,1,90,1,90
AC:84:C6:20:FE:4B,ALL,udp,217.114.59.66,2,180,1,90,1,90
AC:84:C6:20:FE:4B,ALL,udp,44.31.52.36,5,450,4,360,1,90
AC:84:C6:20:FE:4B,ALL,udp,46.101.52.249,8,720,4,360,4,360
AC:84:C6:20:FE:4B,ALL,udp,46.17.88.210,2,180,1,90,1,90
AC:84:C6:20:FE:4B,ALL,udp,51.15.182.163,3,270,2,180,1,90
AC:84:C6:20:FE:4B,ALL,udp,51.89.151.183,14,1260,7,630,7,630
AC:84:C6:20:FE:4B,ALL,udp,77.104.162.218,4,360,2,180,2,180
AC:84:C6:20:FE:4B,ALL,udp,77.68.29.174,2,180,1,90,1,90
AC:84:C6:20:FE:4B,ALL,udp,80.82.244.120,2,180,1,90,1,90
AC:84:C6:20:FE:4B,ALL,udp,81.128.218.110,4,360,2,180,2,180
AC:84:C6:20:FE:4B,ALL,udp,81.179.123.60,2,180,1,90,1,90
AC:84:C6:20:FE:4B,ALL,udp,81.187.5.51,2,180,1,90,1,90
AC:84:C6:20:FE:4B,ALL,udp,81.2.125.2,4,360,2,180,2,180
AC:84:C6:20:FE:4B,ALL,udp,82.219.4.30,2,180,1,90,1,90
AC:84:C6:20:FE:4B,ALL,udp,82.64.247.11,2,180,1,90,1,90
AC:84:C6:20:FE:4B,ALL,udp,83.151.207.133,2,180,1,90,1,90
AC:84:C6:20:FE:4B,ALL,udp,85.199.214.101,6,540,3,270,3,270
AC:84:C6:20:FE:4B,ALL,udp,85.199.214.102,4,360,2,180,2,180
AC:84:C6:20:FE:4B,ALL,udp,85.199.214.98,2,180,1,90,1,90
AC:84:C6:20:FE:4B,ALL,udp,85.199.214.99,2,180,1,90,1,90
AC:84:C6:20:FE:4B,ALL,udp,88.80.189.24,5,450,4,360,1,90
AC:84:C6:20:FE:4B,ALL,udp,93.93.131.118,4,360,2,180,2,180
AC:84:C6:20:FE:4B,ALL,udp,94.237.52.57,3,270,2,180,1,90
AC:84:C6:20:FE:4B,ALL,udp,95.215.175.2,6,540,3,270,3,270
AC:84:C6:20:FE:4B,ALL,tls,192.168.3.116*,3544,451584,1772,220476,1772,231108
AC:84:C6:20:FE:4B,ALL,tls,52.45.116.228*,3544,451584,1772,231108,1772,220476
AC:84:C6:20:FE:4B,ALL,ntp,129.250.35.250,4,360,2,180,2,180
AC:84:C6:20:FE:4B,ALL,ntp,129.250.35.251,2,180,1,90,1,90
AC:84:C6:20:FE:4B,ALL,ntp,130.159.196.118,2,180,1,90,1,90
AC:84:C6:20:FE:4B,ALL,ntp,131.111.8.60,8,720,4,360,4,360
AC:84:C6:20:FE:4B,ALL,ntp,131.111.8.61,10,900,5,450,5,450
AC:84:C6:20:FE:4B,ALL,ntp,131.111.8.63,6,540,3,270,3,270
AC:84:C6:20:FE:4B,ALL,ntp,132.226.210.133,2,180,1,90,1,90
AC:84:C6:20:FE:4B,ALL,ntp,139.143.5.30,4,360,2,180,2,180
AC:84:C6:20:FE:4B,ALL,ntp,139.143.5.31,2,180,1,90,1,90
AC:84:C6:20:FE:4B,ALL,ntp,139.162.219.252,6,540,3,270,3,270
AC:84:C6:20:FE:4B,ALL,ntp,152.67.150.30,2,180,1,90,1,90
AC:84:C6:20:FE:4B,ALL,ntp,162.159.200.1,14,1260,7,630,7,630
AC:84:C6:20:FE:4B,ALL,ntp,162.159.200.123,24,2160,12,1080,12,1080
AC:84:C6:20:FE:4B,ALL,ntp,176.58.109.199,4,360,2,180,2,180
AC:84:C6:20:FE:4B,ALL,ntp,178.215.228.24,14,1260,7,630,7,630
AC:84:C6:20:FE:4B,ALL,ntp,178.62.68.79,4,360,2,180,2,180
AC:84:C6:20:FE:4B,ALL,ntp,178.79.155.116,3,270,3,270,0,0
AC:84:C6:20:FE:4B,ALL,ntp,185.103.119.60,2,180,1,90,1,90
AC:84:C6:20:FE:4B,ALL,ntp,185.16.161.37,4,360,2,180,2,180
AC:84:C6:20:FE:4B,ALL,ntp,185.53.45.4,4,360,2,180,2,180
AC:84:C6:20:FE:4B,ALL,ntp,185.53.45.5,2,180,1,90,1,90
AC:84:C6:20:FE:4B,ALL,ntp,193.150.34.2,6,540,3,270,3,270
AC:84:C6:20:FE:4B,ALL,ntp,193.57.144.50,12,1080,6,540,6,540
AC:84:C6:20:FE:4B,ALL,ntp,194.146.161.122,2,180,1,90,1,90
AC:84:C6:20:FE:4B,ALL,ntp,194.164.96.170,4,360,2,180,2,180
AC:84:C6:20:FE:4B,ALL,ntp,195.171.43.10,2,180,1,90,1,90
AC:84:C6:20:FE:4B,ALL,ntp,213.5.132.231,2,180,1,90,1,90
AC:84:C6:20:FE:4B,ALL,ntp,217.114.59.3,2,180,1,90,1,90
AC:84:C6:20:FE:4B,ALL,ntp,217.114.59.66,2,180,1,90,1,90
AC:84:C6:20:FE:4B,ALL,ntp,44.31.52.36,5,450,4,360,1,90
AC:84:C6:20:FE:4B,ALL,ntp,46.101.52.249,8,720,4,360,4,360
AC:84:C6:20:FE:4B,ALL,ntp,46.17.88.210,2,180,1,90,1,90
AC:84:C6:20:FE:4B,ALL,ntp,51.15.182.163,3,270,2,180,1,90
AC:84:C6:20:FE:4B,ALL,ntp,51.89.151.183,14,1260,7,630,7,630
AC:84:C6:20:FE:4B,ALL,ntp,77.104.162.218,4,360,2,180,2,180
AC:84:C6:20:FE:4B,ALL,ntp,77.68.29.174,2,180,1,90,1,90
AC:84:C6:20:FE:4B,ALL,ntp,80.82.244.120,2,180,1,90,1,90
AC:84:C6:20:FE:4B,ALL,ntp,81.128.218.110,4,360,2,180,2,180
AC:84:C6:20:FE:4B,ALL,ntp,81.179.123.60,2,180,1,90,1,90
AC:84:C6:20:FE:4B,ALL,ntp,81.187.5.51,2,180,1,90,1,90
AC:84:C6:20:FE:4B,ALL,ntp,81.2.125.2,4,360,2,180,2,180
AC:84:C6:20:FE:4B,ALL,ntp,82.219.4.30,2,180,1,90,1,90
AC:84:C6:20:FE:4B,ALL,ntp,82.64.247.11,2,180,1,90,1,90
AC:84:C6:20:FE:4B,ALL,ntp,83.151.207.133,2,180,1,90,1,90
AC:84:C6:20:FE:4B,ALL,ntp,85.199.214.101,6,540,3,270,3,270
AC:84:C6:20:FE:4B,ALL,ntp,85.199.214.102,4,360,2,180,2,180
AC:84:C6:20:FE:4B,ALL,ntp,85.199.214.98,2,180,1,90,1,90
AC:84:C6:20:FE:4B,ALL,ntp,85.199.214.99,2,180,1,90,1,90
AC:84:C6:20:FE:4B,ALL,ntp,88.80.189.24,5,450,4,360,1,90
AC:84:C6:20:FE:4B,ALL,ntp,93.93.131.118,4,360,2,180,2,180
AC:84:C6:20:FE:4B,ALL,ntp,94.237.52.57,3,270,2,180,1,90
AC:84:C6:20:FE:4B,ALL,ntp,95.215.175.2,6,540,3,270,3,270
AC:84:C6:20:FE:4B,ALL,udp:53,192.168.3.1*,240,25680,120,9000,120,16680
AC:84:C6:20:FE:4B,ALL,udp:53,192.168.3.116*,240,25680,120,16680,120,9000
AC:84:C6:20:FE:4B,ALL,udp:45518,192.168.3.1*,2,214,1,75,1,139
AC:84:C6:20:FE:4B,ALL,udp:45518,192.168.3.116*,2,214,1,139,1,75
AC:84:C6:20:FE:4B,ALL,udp:48361,192.168.3.1*,2,214,1,75,1,139
AC:84:C6:20:FE:4B,ALL,udp:48361,192.168.3.116*,2,214,1,139,1,75
AC:84:C6:20:FE:4B,ALL,udp:52279,192.168.3.1*,2,214,1,75,1,139
AC:84:C6:20:FE:4B,ALL,udp:52279,192.168.3.116*,2,214,1,139,1,75
AC:84:C6:20:FE:4B,ALL,udp:39911,192.168.3.1*,2,214,1,75,1,139
AC:84:C6:20:FE:4B,ALL,udp:39911,192.168.3.116*,2,214,1,139,1,75
AC:84:C6:20:FE:4B,ALL,udp:51006,192.168.3.1*,2,214,1,75,1,139
AC:84:C6:20:FE:4B,ALL,udp:51006,192.168.3.116*,2,214,1,139,1,75
AC:84:C6:20:FE:4B,ALL,udp:42731,192.168.3.1*,2,214,1,75,1,139
AC:84:C6:20:FE:4B,ALL,udp:42731,192.168.3.116*,2,214,1,139,1,75
AC:84:C6:20:FE:4B,ALL,udp:55819,192.168.3.1*,2,214,1,75,1,139
AC:84:C6:20:FE:4B,ALL,udp:55819,192.168.3.116*,2,214,1,139,1,75
AC:84:C6:20:FE:4B,ALL,udp:51537,192.168.3.1*,2,214,1,75,1,139
AC:84:C6:20:FE:4B,ALL,udp:51537,192.168.3.116*,2,214,1,139,1,75
AC:84:C6:20:FE:4B,ALL,udp:36173,192.168.3.1*,2,214,1,75,1,139
AC:84:C6:20:FE:4B,ALL,udp:36173,192.168.3.116*,2,214,1,139,1,75
AC:84:C6:20:FE:4B,ALL,udp:54867,192.168.3.1*,2,214,1,75,1,139
AC:84:C6:20:FE:4B,ALL,udp:54867,192.168.3.116*,2,214,1,139,1,75
AC:84:C6:20:FE:4B,ALL,udp:50185,192.168.3.1*,2,214,1,75,1,139
AC:84:C6:20:FE:4B,ALL,udp:50185,192.168.3.116*,2,214,1,139,1,75
AC:84:C6:20:FE:4B,ALL,udp:39549,192.168.3.1*,2,214,1,75,1,139
AC:84:C6:20:FE:4B,ALL,udp:39549,192.168.3.116*,2,214,1,139,1,75
AC:84:C6:20:FE:4B,ALL,udp:51480,192.168.3.1*,2,214,1,75,1,139
AC:84:C6:20:FE:4B,ALL,udp:51480,192.168.3.116*,2,214,1,139,1,75
AC:84:C6:20:FE:4B,ALL,udp:60009,192.168.3.1*,2,214,1,75,1,139
AC:84:C6:20:FE:4B,ALL,udp:60009,192.168.3.116*,2,214,1,139,1,75
AC:84:C6:20:FE:4B,ALL,udp:47024,192.168.3.1*,2,214,1,75,1,139
AC:84:C6:20:FE:4B,ALL,udp:47024,192.168.3.116*,2,214,1,139,1,75
AC:84:C6:20:FE:4B,ALL,udp:53922,192.168.3.1*,2,214,1,75,1,139
AC:84:C6:20:FE:4B,ALL,udp:53922,192.168.3.116*,2,214,1,139,1,75
AC:84:C6:20:FE:4B,ALL,udp:56368,192.168.3.1*,2,214,1,75,1,139
AC:84:C6:20:FE:4B,ALL,udp:56368,192.168.3.116*,2,214,1,139,1,75
AC:84:C6:20:FE:4B,ALL,udp:34562,192.168.3.1*,2,214,1,75,1,139
AC:84:C6:20:FE:4B,ALL,udp:34562,192.168.3.116*,2,214,1,139,1,75
AC:84:C6:20:FE:4B,ALL,udp:50625,192.168.3.1*,2,214,1,75,1,139
AC:84:C6:20:FE:4B,ALL,udp:50625,192.168.3.116*,2,214,1,139,1,75
AC:84:C6:20:FE:4B,ALL,udp:41063,192.168.3.1*,2,214,1,75,1,139
AC:84:C6:20:FE:4B,ALL,udp:41063,192.168.3.116*,2,214,1,139,1,75
AC:84:C6:20:FE:4B,ALL,udp:38997,192.168.3.1*,2,214,1,75,1,139
AC:84:C6:20:FE:4B,ALL,udp:38997,192.168.3.116*,2,214,1,139,1,75
AC:84:C6:20:FE:4B,ALL,udp:40092,192.168.3.1*,2,214,1,75,1,139
AC:84:C6:20:FE:4B,ALL,udp:40092,192.168.3.116*,2,214,1,139,1,75
AC:84:C6:20:FE:4B,ALL,udp:39811,192.168.3.1*,2,214,1,75,1,139
AC:84:C6:20:FE:4B,ALL,udp:39811,192.168.3.116*,2,214,1,139,1,75
AC:84:C6:20:FE:4B,ALL,udp:59912,192.168.3.1*,2,214,1,75,1,139
AC:84:C6:20:FE:4B,ALL,udp:59912,192.168.3.116*,2,214,1,139,1,75
AC:84:C6:20:FE:4B,ALL,udp:34893,192.168.3.1*,2,214,1,75,1,139
AC:84:C6:20:FE:4B,ALL,udp:34893,192.168.3.116*,2,214,1,139,1,75
AC:84:C6:20:FE:4B,ALL,udp:39266,192.168.3.1*,2,214,1,75,1,139
AC:84:C6:20:FE:4B,ALL,udp:39266,192.168.3.116*,2,214,1,139,1,75
AC:84:C6:20:FE:4B,ALL,udp:58198,192.168.3.1*,2,214,1,75,1,139
AC:84:C6:20:FE:4B,ALL,udp:58198,192.168.3.116*,2,214,1,139,1,75
AC:84:C6:20:FE:4B,ALL,udp:39610,192.168.3.1*,2,214,1,75,1,139
AC:84:C6:20:FE:4B,ALL,udp:39610,192.168.3.116*,2,214,1,139,1,75
AC:84:C6:20:FE:4B,ALL,udp:59987,192.168.3.1*,2,214,1,75,1,139
AC:84:C6:20:FE:4B,ALL,udp:59987,192.168.3.116*,2,214,1,139,1,75
AC:84:C6:20:FE:4B,ALL,udp:48500,192.168.3.1*,2,214,1,75,1,139
AC:84:C6:20:FE:4B,ALL,udp:48500,192.168.3.116*,2,214,1,139,1,75
AC:84:C6:20:FE:4B,ALL,udp:37002,192.168.3.1*,2,214,1,75,1,139
AC:84:C6:20:FE:4B,ALL,udp:37002,192.168.3.116*,2,214,1,139,1,75
AC:84:C6:20:FE:4B,ALL,udp:38988,192.168.3.1*,2,214,1,75,1,139
AC:84:C6:20:FE:4B,ALL,udp:38988,192.168.3.116*,2,214,1,139,1,75
AC:84:C6:20:FE:4B,ALL,udp:43414,192.168.3.1*,2,214,1,75,1,139
AC:84:C6:20:FE:4B,ALL,udp:43414,192.168.3.116*,2,214,1,139,1,75
AC:84:C6:20:FE:4B,ALL,udp:47770,192.168.3.1*,2,214,1,75,1,139
AC:84:C6:20:FE:4B,ALL,udp:47770,192.168.3.116*,2,214,1,139,1,75
AC:84:C6:20:FE:4B,ALL,udp:56882,192.168.3.1*,2,214,1,75,1,139
AC:84:C6:20:FE:4B,ALL,udp:56882,192.168.3.116*,2,214,1,139,1,75
AC:84:C6:20:FE:4B,ALL,udp:47962,192.168.3.1*,2,214,1,75,1,139
AC:84:C6:20:FE:4B,ALL,udp:47962,192.168.3.116*,2,214,1,139,1,75
AC:84:C6:20:FE:4B,ALL,udp:53026,192.168.3.1*,2,214,1,75,1,139
AC:84:C6:20:FE:4B,ALL,udp:53026,192.168.3.116*,2,214,1,139,1,75
AC:84:C6:20:FE:4B,ALL,udp:49484,192.168.3.1*,2,214,1,75,1,139
AC:84:C6:20:FE:4B,ALL,udp:49484,192.168.3.116*,2,214,1,139,1,75
AC:84:C6:20:FE:4B,ALL,udp:42979,192.168.3.1*,2,214,1,75,1,139
AC:84:C6:20:FE:4B,ALL,udp:42979,192.168.3.116*,2,214,1,139,1,75
AC:84:C6:20:FE:4B,ALL,udp:35077,192.168.3.1*,2,214,1,75,1,139
AC:84:C6:20:FE:4B,ALL,udp:35077,192.168.3.116*,2,214,1,139,1,75
AC:84:C6:20:FE:4B,ALL,udp:40486,192.168.3.1*,2,214,1,75,1,139
AC:84:C6:20:FE:4B,ALL,udp:40486,192.168.3.116*,2,214,1,139,1,75
AC:84:C6:20:FE:4B,ALL,udp:43657,192.168.3.1*,2,214,1,75,1,139
AC:84:C6:20:FE:4B,ALL,udp:43657,192.168.3.116*,2,214,1,139,1,75
AC:84:C6:20:FE:4B,ALL,udp:40280,192.168.3.1*,2,214,1,75,1,139
AC:84:C6:20:FE:4B,ALL,udp:40280,192.168.3.116*,2,214,1,139,1,75
AC:84:C6:20:FE:4B,ALL,udp:40906,192.168.3.1*,2,214,1,75,1,139
AC:84:C6:20:FE:4B,ALL,udp:40906,192.168.3.116*,2,214,1,139,1,75
AC:84:C6:20:FE:4B,ALL,udp:47905,192.168.3.1*,2,214,1,75,1,139
AC:84:C6:20:FE:4B,ALL,udp:47905,192.168.3.116*,2,214,1,139,1,75
AC:84:C6:20:FE:4B,ALL,udp:49116,192.168.3.1*,2,214,1,75,1,139
AC:84:C6:20:FE:4B,ALL,udp:49116,192.168.3.116*,2,214,1,139,1,75
AC:84:C6:20:FE:4B,ALL,udp:53244,192.168.3.1*,2,214,1,75,1,139
AC:84:C6:20:FE:4B,ALL,udp:53244,192.168.3.116*,2,214,1,139,1,75
AC:84:C6:20:FE:4B,ALL,udp:47697,192.168.3.1*,2,214,1,75,1,139
AC:84:C6:20:FE:4B,ALL,udp:47697,192.168.3.116*,2,214,1,139,1,75
AC:84:C6:20:FE:4B,ALL,udp:40598,192.168.3.1*,2,214,1,75,1,139
AC:84:C6:20:FE:4B,ALL,udp:40598,192.168.3.116*,2,214,1,139,1,75
AC:84:C6:20:FE:4B,ALL,udp:52386,192.168.3.1*,2,214,1,75,1,139
AC:84:C6:20:FE:4B,ALL,udp:52386,192.168.3.116*,2,214,1,139,1,75
AC:84:C6:20:FE:4B,ALL,udp:52892,192.168.3.1*,2,214,1,75,1,139
AC:84:C6:20:FE:4B,ALL,udp:52892,192.168.3.116*,2,214,1,139,1,75
AC:84:C6:20:FE:4B,ALL,udp:48032,192.168.3.1*,2,214,1,75,1,139
AC:84:C6:20:FE:4B,ALL,udp:48032,192.168.3.116*,2,214,1,139,1,75
AC:84:C6:20:FE:4B,ALL,udp:51109,192.168.3.1*,2,214,1,75,1,139
AC:84:C6:20:FE:4B,ALL,udp:51109,192.168.3.116*,2,214,1,139,1,75
AC:84:C6:20:FE:4B,ALL,udp:52355,192.168.3.1*,2,214,1,75,1,139
AC:84:C6:20:FE:4B,ALL,udp:52355,192.168.3.116*,2,214,1,139,1,75
AC:84:C6:20:FE:4B,ALL,udp:38808,192.168.3.1*,2,214,1,75,1,139
AC:84:C6:20:FE:4B,ALL,udp:38808,192.168.3.116*,2,214,1,139,1,75
AC:84:C6:20:FE:4B,ALL,udp:43012,192.168.3.1*,2,214,1,75,1,139
AC:84:C6:20:FE:4B,ALL,udp:43012,192.168.3.116*,2,214,1,139,1,75
AC:84:C6:20:FE:4B,ALL,udp:49796,192.168.3.1*,2,214,1,75,1,139
AC:84:C6:20:FE:4B,ALL,udp:49796,192.168.3.116*,2,214,1,139,1,75
AC:84:C6:20:FE:4B,ALL,udp:41122,192.168.3.1*,2,214,1,75,1,139
AC:84:C6:20:FE:4B,ALL,udp:41122,192.168.3.116*,2,214,1,139,1,75
AC:84:C6:20:FE:4B,ALL,udp:33632,192.168.3.1*,2,214,1,75,1,139
AC:84:C6:20:FE:4B,ALL,udp:33632,192.168.3.116*,2,214,1,139,1,75
AC:84:C6:20:FE:4B,ALL,udp:48878,192.168.3.1*,2,214,1,75,1,139
AC:84:C6:20:FE:4B,ALL,udp:48878,192.168.3.116*,2,214,1,139,1,75
AC:84:C6:20:FE:4B,ALL,udp:37657,192.168.3.1*,2,214,1,75,1,139
AC:84:C6:20:FE:4B,ALL,udp:37657,192.168.3.116*,2,214,1,139,1,75
AC:84:C6:20:FE:4B,ALL,udp:49612,192.168.3.1*,2,214,1,75,1,139
AC:84:C6:20:FE:4B,ALL,udp:49612,192.168.3.116*,2,214,1,139,1,75
AC:84:C6:20:FE:4B,ALL,udp:58233,192.168.3.1*,2,214,1,75,1,139
AC:84:C6:20:FE:4B,ALL,udp:58233,192.168.3.116*,2,214,1,139,1,75
AC:84:C6:20:FE:4B,ALL,udp:35882,192.168.3.1*,2,214,1,75,1,139
AC:84:C6:20:FE:4B,ALL,udp:35882,192.168.3.116*,2,214,1,139,1,75
AC:84:C6:20:FE:4B,ALL,udp:45802,192.168.3.1*,2,214,1,75,1,139
AC:84:C6:20:FE:4B,ALL,udp:45802,192.168.3.116*,2,214,1,139,1,75
AC:84:C6:20:FE:4B,ALL,udp:48657,192.168.3.1*,2,214,1,75,1,139
AC:84:C6:20:FE:4B,ALL,udp:48657,192.168.3.116*,2,214,1,139,1,75
AC:84:C6:20:FE:4B,ALL,udp:39102,192.168.3.1*,2,214,1,75,1,139
AC:84:C6:20:FE:4B,ALL,udp:39102,192.168.3.116*,2,214,1,139,1,75
AC:84:C6:20:FE:4B,ALL,udp:51071,192.168.3.1*,2,214,1,75,1,139
AC:84:C6:20:FE:4B,ALL,udp:51071,192.168.3.116*,2,214,1,139,1,75
AC:84:C6:20:FE:4B,ALL,udp:50150,192.168.3.1*,2,214,1,75,1,139
AC:84:C6:20:FE:4B,ALL,udp:50150,192.168.3.116*,2,214,1,139,1,75
AC:84:C6:20:FE:4B,ALL,udp:38660,192.168.3.1*,2,214,1,75,1,139
AC:84:C6:20:FE:4B,ALL,udp:38660,192.168.3.116*,2,214,1,139,1,75
AC:84:C6:20:FE:4B,ALL,udp:46175,192.168.3.1*,2,214,1,75,1,139
AC:84:C6:20:FE:4B,ALL,udp:46175,192.168.3.116*,2,214,1,139,1,75
AC:84:C6:20:FE:4B,ALL,udp:50543,192.168.3.1*,2,214,1,75,1,139
AC:84:C6:20:FE:4B,ALL,udp:50543,192.168.3.116*,2,214,1,139,1,75
AC:84:C6:20:FE:4B,ALL,udp:57833,192.168.3.1*,2,214,1,75,1,139
AC:84:C6:20:FE:4B,ALL,udp:57833,192.168.3.116*,2,214,1,139,1,75
AC:84:C6:20:FE:4B,ALL,udp:41234,192.168.3.1*,2,214,1,75,1,139
AC:84:C6:20:FE:4B,ALL,udp:41234,192.168.3.116*,2,214,1,139,1,75
AC:84:C6:20:FE:4B,ALL,udp:47808,192.168.3.1*,2,214,1,75,1,139
AC:84:C6:20:FE:4B,ALL,udp:47808,192.168.3.116*,2,214,1,139,1,75
AC:84:C6:20:FE:4B,ALL,udp:40572,192.168.3.1*,2,214,1,75,1,139
AC:84:C6:20:FE:4B,ALL,udp:40572,192.168.3.116*,2,214,1,139,1,75
AC:84:C6:20:FE:4B,ALL,udp:43108,192.168.3.1*,2,214,1,75,1,139
AC:84:C6:20:FE:4B,ALL,udp:43108,192.168.3.116*,2,214,1,139,1,75
AC:84:C6:20:FE:4B,ALL,udp:35590,192.168.3.1*,2,214,1,75,1,139
AC:84:C6:20:FE:4B,ALL,udp:35590,192.168.3.116*,2,214,1,139,1,75
AC:84:C6:20:FE:4B,ALL,udp:56582,192.168.3.1*,2,214,1,75,1,139
AC:84:C6:20:FE:4B,ALL,udp:56582,192.168.3.116*,2,214,1,139,1,75
AC:84:C6:20:FE:4B,ALL,udp:53295,192.168.3.1*,2,214,1,75,1,139
AC:84:C6:20:FE:4B,ALL,udp:53295,192.168.3.116*,2,214,1,139,1,75
AC:84:C6:20:FE:4B,ALL,udp:43981,192.168.3.1*,2,214,1,75,1,139
AC:84:C6:20:FE:4B,ALL,udp:43981,192.168.3.116*,2,214,1,139,1,75
AC:84:C6:20:FE:4B,ALL,udp:60105,192.168.3.1*,2,214,1,75,1,139
AC:84:C6:20:FE:4B,ALL,udp:60105,192.168.3.116*,2,214,1,139,1,75
AC:84:C6:20:FE:4B,ALL,udp:43589,192.168.3.1*,2,214,1,75,1,139
AC:84:C6:20:FE:4B,ALL,udp:43589,192.168.3.116*,2,214,1,139,1,75
AC:84:C6:20:FE:4B,ALL,udp:39898,192.168.3.1*,2,214,1,75,1,139
AC:84:C6:20:FE:4B,ALL,udp:39898,192.168.3.116*,2,214,1,139,1,75
AC:84:C6:20:FE:4B,ALL,udp:32810,192.168.3.1*,2,214,1,75,1,139
AC:84:C6:20:FE:4B,ALL,udp:32810,192.168.3.116*,2,214,1,139,1,75
AC:84:C6:20:FE:4B,ALL,udp:41745,192.168.3.1*,2,214,1,75,1,139
AC:84:C6:20:FE:4B,ALL,udp:41745,192.168.3.116*,2,214,1,139,1,75
AC:84:C6:20:FE:4B,ALL,udp:40530,192.168.3.1*,2,214,1,75,1,139
AC:84:C6:20:FE:4B,ALL,udp:40530,192.168.3.116*,2,214,1,139,1,75
AC:84:C6:20:FE:4B,ALL,udp:45018,192.168.3.1*,2,214,1,75,1,139
AC:84:C6:20:FE:4B,ALL,udp:45018,192.168.3.116*,2,214,1,139,1,75
AC:84:C6:20:FE:4B,ALL,udp:51884,192.168.3.1*,2,214,1,75,1,139
AC:84:C6:20:FE:4B,ALL,udp:51884,192.168.3.116*,2,214,1,139,1,75
AC:84:C6:20:FE:4B,ALL,udp:44738,192.168.3.1*,2,214,1,75,1,139
AC:84:C6:20:FE:4B,ALL,udp:44738,192.168.3.116*,2,214,1,139,1,75
AC:84:C6:20:FE:4B,ALL,udp:45376,192.168.3.1*,2,214,1,75,1,139
AC:84:C6:20:FE:4B,ALL,udp:45376,192.168.3.116*,2,214,1,139,1,75
AC:84:C6:20:FE:4B,ALL,udp:49873,192.168.3.1*,2,214,1,75,1,139
AC:84:C6:20:FE:4B,ALL,udp:49873,192.168.3.116*,2,214,1,139,1,75
AC:84:C6:20:FE:4B,ALL,udp:41107,192.168.3.1*,2,214,1,75,1,139
AC:84:C6:20:FE:4B,ALL,udp:41107,192.168.3.116*,2,214,1,139,1,75
AC:84:C6:20:FE:4B,ALL,udp:34926,192.168.3.1*,2,214,1,75,1,139
AC:84:C6:20:FE:4B,ALL,udp:34926,192.168.3.116*,2,214,1,139,1,75
AC:84:C6:20:FE:4B,ALL,udp:44445,192.168.3.1*,2,214,1,75,1,139
AC:84:C6:20:FE:4B,ALL,udp:44445,192.168.3.116*,2,214,1,139,1,75
AC:84:C6:20:FE:4B,ALL,udp:39950,192.168.3.1*,2,214,1,75,1,139
AC:84:C6:20:FE:4B,ALL,udp:39950,192.168.3.116*,2,214,1,139,1,75
AC:84:C6:20:FE:4B,ALL,udp:44638,192.168.3.1*,2,214,1,75,1,139
AC:84:C6:20:FE:4B,ALL,udp:44638,192.168.3.116*,2,214,1,139,1,75
AC:84:C6:20:FE:4B,ALL,udp:59316,192.168.3.1*,2,214,1,75,1,139
AC:84:C6:20:FE:4B,ALL,udp:59316,192.168.3.116*,2,214,1,139,1,75
AC:84:C6:20:FE:4B,ALL,udp:60366,192.168.3.1*,2,214,1,75,1,139
AC:84:C6:20:FE:4B,ALL,udp:60366,192.168.3.116*,2,214,1,139,1,75
AC:84:C6:20:FE:4B,ALL,udp:46904,192.168.3.1*,2,214,1,75,1,139
AC:84:C6:20:FE:4B,ALL,udp:46904,192.168.3.116*,2,214,1,139,1,75
AC:84:C6:20:FE:4B,ALL,udp:52794,192.168.3.1*,2,214,1,75,1,139
AC:84:C6:20:FE:4B,ALL,udp:52794,192.168.3.116*,2,214,1,139,1,75
AC:84:C6:20:FE:4B,ALL,udp:53938,192.168.3.1*,2,214,1,75,1,139
AC:84:C6:20:FE:4B,ALL,udp:53938,192.168.3.116*,2,214,1,139,1,75
AC:84:C6:20:FE:4B,ALL,udp:59136,192.168.3.1*,2,214,1,75,1,139
AC:84:C6:20:FE:4B,ALL,udp:59136,192.168.3.116*,2,214,1,139,1,75
AC:84:C6:20:FE:4B,ALL,udp:50991,192.168.3.1*,2,214,1,75,1,139
AC:84:C6:20:FE:4B,ALL,udp:50991,192.168.3.116*,2,214,1,139,1,75
AC:84:C6:20:FE:4B,ALL,udp:33976,192.168.3.1*,2,214,1,75,1,139
AC:84:C6:20:FE:4B,ALL,udp:33976,192.168.3.116*,2,214,1,139,1,75
AC:84:C6:20:FE:4B,ALL,udp:57629,192.168.3.1*,2,214,1,75,1,139
AC:84:C6:20:FE:4B,ALL,udp:57629,192.168.3.116*,2,214,1,139,1,75
AC:84:C6:20:FE:4B,ALL,udp:57614,192.168.3.1*,2,214,1,75,1,139
AC:84:C6:20:FE:4B,ALL,udp:57614,192.168.3.116*,2,214,1,139,1,75
AC:84:C6:20:FE:4B,ALL,udp:44421,192.168.3.1*,2,214,1,75,1,139
AC:84:C6:20:FE:4B,ALL,udp:44421,192.168.3.116*,2,214,1,139,1,75
AC:84:C6:20:FE:4B,ALL,udp:43336,192.168.3.1*,2,214,1,75,1,139
AC:84:C6:20:FE:4B,ALL,udp:43336,192.168.3.116*,2,214,1,139,1,75
AC:84:C6:20:FE:4B,ALL,udp:41389,192.168.3.1*,2,214,1,75,1,139
AC:84:C6:20:FE:4B,ALL,udp:41389,192.168.3.116*,2,214,1,139,1,75
AC:84:C6:20:FE:4B,ALL,udp:38707,192.168.3.1*,2,214,1,75,1,139
AC:84:C6:20:FE:4B,ALL,udp:38707,192.168.3.116*,2,214,1,139,1,75
AC:84:C6:20:FE:4B,ALL,udp:40999,192.168.3.1*,2,214,1,75,1,139
AC:84:C6:20:FE:4B,ALL,udp:40999,192.168.3.116*,2,214,1,139,1,75
AC:84:C6:20:FE:4B,ALL,udp:46215,192.168.3.1*,2,214,1,75,1,139
AC:84:C6:20:FE:4B,ALL,udp:46215,192.168.3.116*,2,214,1,139,1,75
AC:84:C6:20:FE:4B,ALL,udp:41449,192.168.3.1*,2,214,1,75,1,139
AC:84:C6:20:FE:4B,ALL,udp:41449,192.168.3.116*,2,214,1,139,1,75
AC:84:C6:20:FE:4B,ALL,udp:46691,192.168.3.1*,2,214,1,75,1,139
AC:84:C6:20:FE:4B,ALL,udp:46691,192.168.3.116*,2,214,1,139,1,75
AC:84:C6:20:FE:4B,ALL,udp:41206,192.168.3.1*,2,214,1,75,1,139
AC:84:C6:20:FE:4B,ALL,udp:41206,192.168.3.116*,2,214,1,139,1,75
AC:84:C6:20:FE:4B,ALL,udp:52203,192.168.3.1*,2,214,1,75,1,139
AC:84:C6:20:FE:4B,ALL,udp:52203,192.168.3.116*,2,214,1,139,1,75
AC:84:C6:20:FE:4B,ALL,udp:58125,192.168.3.1*,2,214,1,75,1,139
AC:84:C6:20:FE:4B,ALL,udp:58125,192.168.3.116*,2,214,1,139,1,75
AC:84:C6:20:FE:4B,ALL,udp:54884,192.168.3.1*,2,214,1,75,1,139
AC:84:C6:20:FE:4B,ALL,udp:54884,192.168.3.116*,2,214,1,139,1,75
AC:84:C6:20:FE:4B,ALL,udp:48696,192.168.3.1*,2,214,1,75,1,139
AC:84:C6:20:FE:4B,ALL,udp:48696,192.168.3.116*,2,214,1,139,1,75
AC:84:C6:20:FE:4B,ALL,https,192.168.3.116*,5371,572166,1827,224106,3544,348060
AC:84:C6:20:FE:4B,ALL,https,52.45.116.228*,5371,572166,3544,348060,1827,224106
