MAC,WAN/LAN,Protocol,IP,TotalPackets,TotalBytes,TxPackets,TxBytes,RxPackets,RxBytes
44:3D:54:BE:12:3C,ALL,ip,192.168.3.1,11473,2326399,4537,385078,6936,1941321
44:3D:54:BE:12:3C,ALL,ip,192.168.3.114,7924,1596380,2900,241802,5024,1354578
44:3D:54:BE:12:3C,ALL,ip,224.0.0.251,1698,159052,1698,159052,0,0
44:3D:54:BE:12:3C,ALL,ip,239.255.255.250,528,78780,528,78780,0,0
44:3D:54:BE:12:3C,ALL,ip,255.255.255.255,348,25926,348,25926,0,0
44:3D:54:BE:12:3C,ALL,udp,192.168.3.1,10817,2117571,4171,354716,6646,1762855
44:3D:54:BE:12:3C,ALL,udp,192.168.3.114,2124,717912,0,0,2124,717912
44:3D:54:BE:12:3C,ALL,udp,224.0.0.251,1698,159052,1698,159052,0,0
44:3D:54:BE:12:3C,ALL,udp,239.255.255.250,528,78780,528,78780,0,0
44:3D:54:BE:12:3C,ALL,udp,255.255.255.255,348,25926,348,25926,0,0
44:3D:54:BE:12:3C,ALL,tcp,192.168.3.1,656,208828,366,30362,290,178466
44:3D:54:BE:12:3C,ALL,tcp,192.168.3.114,5800,878468,2900,241802,2900,636666
44:3D:54:BE:12:3C,ALL,mdns,192.168.3.105*,1698,159052,0,0,1698,159052
44:3D:54:BE:12:3C,ALL,mdns,224.0.0.251*,1698,159052,1698,159052,0,0
44:3D:54:BE:12:3C,ALL,ssdp,192.168.3.1,2478,1109259,0,0,2478,1109259
44:3D:54:BE:12:3C,ALL,ssdp,192.168.3.114,2124,717912,0,0,2124,717912
44:3D:54:BE:12:3C,ALL,ssdp,239.255.255.250,354,54942,354,54942,0,0
44:3D:54:BE:12:3C,ALL,tplink-smarthome,192.168.3.105*,174,12354,0,0,174,12354
44:3D:54:BE:12:3C,ALL,tplink-smarthome,255.255.255.255*,174,12354,174,12354,0,0
44:3D:54:BE:12:3C,ALL,http,192.168.3.1,116,172260,58,9570,58,162690
44:3D:54:BE:12:3C,ALL,http,192.168.3.114,1160,139722,580,104922,580,34800
44:3D:54:BE:12:3C,ALL,udp:53,192.168.3.1*,8339,1008312,4171,354716,4168,653596
44:3D:54:BE:12:3C,ALL,udp:53,192.168.3.105*,8339,1008312,4168,653596,4171,354716
44:3D:54:BE:12:3C,ALL,udp:10613,192.168.3.1*,6,759,3,237,3,522
44:3D:54:BE:12:3C,ALL,udp:10613,192.168.3.105*,6,759,3,522,3,237
44:3D:54:BE:12:3C,ALL,udp:35052,192.168.3.1*,4,412,2,166,2,246
44:3D:54:BE:12:3C,ALL,udp:35052,192.168.3.105*,4,412,2,246,2,166
44:3D:54:BE:12:3C,ALL,udp:45645,192.168.3.1*,4,394,2,157,2,237
44:3D:54:BE:12:3C,ALL,udp:45645,192.168.3.105*,4,394,2,237,2,157
44:3D:54:BE:12:3C,ALL,udp:35701,192.168.3.1*,4,484,2,178,2,306
44:3D:54:BE:12:3C,ALL,udp:35701,192.168.3.105*,4,484,2,306,2,178
44:3D:54:BE:12:3C,ALL,udp:6021,192.168.3.1*,4,506,2,158,2,348
44:3D:54:BE:12:3C,ALL,udp:6021,192.168.3.105*,4,506,2,348,2,158
44:3D:54:BE:12:3C,ALL,udp:64610,192.168.3.1*,4,470,2,179,2,291
44:3D:54:BE:12:3C,ALL,udp:64610,192.168.3.105*,4,470,2,291,2,179
44:3D:54:BE:12:3C,ALL,udp:56386,192.168.3.1*,4,484,2,178,2,306
44:3D:54:BE:12:3C,ALL,udp:56386,192.168.3.105*,4,484,2,306,2,178
44:3D:54:BE:12:3C,ALL,udp:52053,192.168.3.1*,4,506,2,158,2,348
44:3D:54:BE:12:3C,ALL,udp:52053,192.168.3.105*,4,506,2,348,2,158
44:3D:54:BE:12:3C,ALL,udp:45713,192.168.3.1*,4,423,2,156,2,267
44:3D:54:BE:12:3C,ALL,udp:45713,192.168.3.105*,4,423,2,267,2,156
44:3D:54:BE:12:3C,ALL,udp:39916,192.168.3.1*,4,495,2,168,2,327
44:3D:54:BE:12:3C,ALL,udp:39916,192.168.3.105*,4,495,2,327,2,168
44:3D:54:BE:12:3C,ALL,udp:63528,192.168.3.1*,4,769,2,206,2,563
44:3D:54:BE:12:3C,ALL,udp:63528,192.168.3.105*,4,769,2,563,2,206
44:3D:54:BE:12:3C,ALL,udp:42500,192.168.3.1*,4,532,2,194,2,338
44:3D:54:BE:12:3C,ALL,udp:42500,192.168.3.105*,4,532,2,338,2,194
44:3D:54:BE:12:3C,ALL,udp:58993,192.168.3.1*,4,495,2,168,2,327
44:3D:54:BE:12:3C,ALL,udp:58993,192.168.3.105*,4,495,2,327,2,168
44:3D:54:BE:12:3C,ALL,udp:6152,192.168.3.1*,4,470,2,179,2,291
44:3D:54:BE:12:3C,ALL,udp:6152,192.168.3.105*,4,470,2,291,2,179
44:3D:54:BE:12:3C,ALL,udp:36696,192.168.3.1*,4,506,2,158,2,348
44:3D:54:BE:12:3C,ALL,udp:36696,192.168.3.105*,4,506,2,348,2,158
44:3D:54:BE:12:3C,ALL,udp:16592,192.168.3.1*,4,481,2,169,2,312
44:3D:54:BE:12:3C,ALL,udp:16592,192.168.3.105*,4,481,2,312,2,169
44:3D:54:BE:12:3C,ALL,udp:65011,192.168.3.1*,4,506,2,158,2,348
44:3D:54:BE:12:3C,ALL,udp:65011,192.168.3.105*,4,506,2,348,2,158
44:3D:54:BE:12:3C,ALL,udp:32724,192.168.3.1*,4,398,2,167,2,231
44:3D:54:BE:12:3C,ALL,udp:32724,192.168.3.105*,4,398,2,231,2,167
44:3D:54:BE:12:3C,ALL,udp:35060,192.168.3.1*,4,412,2,166,2,246
44:3D:54:BE:12:3C,ALL,udp:35060,192.168.3.105*,4,412,2,246,2,166
44:3D:54:BE:12:3C,ALL,udp:33821,192.168.3.1*,4,417,2,153,2,264
44:3D:54:BE:12:3C,ALL,udp:33821,192.168.3.105*,4,417,2,264,2,153
44:3D:54:BE:12:3C,ALL,udp:60016,192.168.3.1*,4,495,2,168,2,327
44:3D:54:BE:12:3C,ALL,udp:60016,192.168.3.105*,4,495,2,327,2,168
44:3D:54:BE:12:3C,ALL,udp:5976,192.168.3.1*,4,506,2,158,2,348
44:3D:54:BE:12:3C,ALL,udp:5976,192.168.3.105*,4,506,2,348,2,158
44:3D:54:BE:12:3C,ALL,udp:59473,192.168.3.1*,4,495,2,168,2,327
44:3D:54:BE:12:3C,ALL,udp:59473,192.168.3.105*,4,495,2,327,2,168
44:3D:54:BE:12:3C,ALL,udp:48392,192.168.3.1*,4,506,2,158,2,348
44:3D:54:BE:12:3C,ALL,udp:48392,192.168.3.105*,4,506,2,348,2,158
44:3D:54:BE:12:3C,ALL,udp:55924,192.168.3.1*,4,506,2,158,2,348
44:3D:54:BE:12:3C,ALL,udp:55924,192.168.3.105*,4,506,2,348,2,158
44:3D:54:BE:12:3C,ALL,udp:14351,192.168.3.1*,4,406,2,163,2,243
44:3D:54:BE:12:3C,ALL,udp:14351,192.168.3.105*,4,406,2,243,2,163
44:3D:54:BE:12:3C,ALL,udp:11555,192.168.3.1*,4,412,2,166,2,246
44:3D:54:BE:12:3C,ALL,udp:11555,192.168.3.105*,4,412,2,246,2,166
44:3D:54:BE:12:3C,ALL,udp:22314,192.168.3.1*,4,484,2,178,2,306
44:3D:54:BE:12:3C,ALL,udp:22314,192.168.3.105*,4,484,2,306,2,178
44:3D:54:BE:12:3C,ALL,udp:53503,192.168.3.1*,4,484,2,178,2,306
44:3D:54:BE:12:3C,ALL,udp:53503,192.168.3.105*,4,484,2,306,2,178
44:3D:54:BE:12:3C,ALL,udp:31855,192.168.3.1*,4,481,2,169,2,312
44:3D:54:BE:12:3C,ALL,udp:31855,192.168.3.105*,4,481,2,312,2,169
44:3D:54:BE:12:3C,ALL,udp:51937,192.168.3.1*,4,506,2,158,2,348
44:3D:54:BE:12:3C,ALL,udp:51937,192.168.3.105*,4,506,2,348,2,158
44:3D:54:BE:12:3C,ALL,udp:18785,192.168.3.1*,4,495,2,168,2,327
44:3D:54:BE:12:3C,ALL,udp:18785,192.168.3.105*,4,495,2,327,2,168
44:3D:54:BE:12:3C,ALL,udp:20998,192.168.3.1*,4,406,2,163,2,243
44:3D:54:BE:12:3C,ALL,udp:20998,192.168.3.105*,4,406,2,243,2,163
44:3D:54:BE:12:3C,ALL,udp:11518,192.168.3.1*,4,417,2,153,2,264
44:3D:54:BE:12:3C,ALL,udp:11518,192.168.3.105*,4,417,2,264,2,153
44:3D:54:BE:12:3C,ALL,udp:50971,192.168.3.1*,4,481,2,169,2,312
44:3D:54:BE:12:3C,ALL,udp:50971,192.168.3.105*,4,481,2,312,2,169
44:3D:54:BE:12:3C,ALL,udp:35980,192.168.3.1*,4,398,2,167,2,231
44:3D:54:BE:12:3C,ALL,udp:35980,192.168.3.105*,4,398,2,231,2,167
44:3D:54:BE:12:3C,ALL,udp:47534,192.168.3.1*,4,423,2,156,2,267
44:3D:54:BE:12:3C,ALL,udp:47534,192.168.3.105*,4,423,2,267,2,156
44:3D:54:BE:12:3C,ALL,udp:35886,192.168.3.1*,4,412,2,166,2,246
44:3D:54:BE:12:3C,ALL,udp:35886,192.168.3.105*,4,412,2,246,2,166
44:3D:54:BE:12:3C,ALL,udp:17889,192.168.3.1*,4,506,2,158,2,348
44:3D:54:BE:12:3C,ALL,udp:17889,192.168.3.105*,4,506,2,348,2,158
44:3D:54:BE:12:3C,ALL,udp:40660,192.168.3.1*,4,470,2,179,2,291
44:3D:54:BE:12:3C,ALL,udp:40660,192.168.3.105*,4,470,2,291,2,179
44:3D:54:BE:12:3C,ALL,udp:64007,192.168.3.1*,4,610,2,209,2,401
44:3D:54:BE:12:3C,ALL,udp:64007,192.168.3.105*,4,610,2,401,2,209
44:3D:54:BE:12:3C,ALL,udp:63780,192.168.3.1*,4,470,2,179,2,291
44:3D:54:BE:12:3C,ALL,udp:63780,192.168.3.105*,4,470,2,291,2,179
44:3D:54:BE:12:3C,ALL,udp:61593,192.168.3.1*,4,506,2,158,2,348
44:3D:54:BE:12:3C,ALL,udp:61593,192.168.3.105*,4,506,2,348,2,158
44:3D:54:BE:12:3C,ALL,udp:5494,192.168.3.1*,4,506,2,158,2,348
44:3D:54:BE:12:3C,ALL,udp:5494,192.168.3.105*,4,506,2,348,2,158
44:3D:54:BE:12:3C,ALL,udp:27154,192.168.3.1*,4,621,2,199,2,422
44:3D:54:BE:12:3C,ALL,udp:27154,192.168.3.105*,4,621,2,422,2,199
44:3D:54:BE:12:3C,ALL,udp:20779,192.168.3.1*,4,484,2,178,2,306
44:3D:54:BE:12:3C,ALL,udp:20779,192.168.3.105*,4,484,2,306,2,178
44:3D:54:BE:12:3C,ALL,udp:1292,192.168.3.1*,4,736,2,240,2,496
44:3D:54:BE:12:3C,ALL,udp:1292,192.168.3.105*,4,736,2,496,2,240
44:3D:54:BE:12:3C,ALL,udp:7078,192.168.3.1*,4,484,2,178,2,306
44:3D:54:BE:12:3C,ALL,udp:7078,192.168.3.105*,4,484,2,306,2,178
44:3D:54:BE:12:3C,ALL,udp:22907,192.168.3.1*,4,506,2,158,2,348
44:3D:54:BE:12:3C,ALL,udp:22907,192.168.3.105*,4,506,2,348,2,158
44:3D:54:BE:12:3C,ALL,udp:54373,192.168.3.1*,4,484,2,178,2,306
44:3D:54:BE:12:3C,ALL,udp:54373,192.168.3.105*,4,484,2,306,2,178
44:3D:54:BE:12:3C,ALL,udp:50966,192.168.3.1*,4,406,2,163,2,243
44:3D:54:BE:12:3C,ALL,udp:50966,192.168.3.105*,4,406,2,243,2,163
44:3D:54:BE:12:3C,ALL,udp:43998,192.168.3.1*,4,495,2,168,2,327
44:3D:54:BE:12:3C,ALL,udp:43998,192.168.3.105*,4,495,2,327,2,168
44:3D:54:BE:12:3C,ALL,udp:6008,192.168.3.1*,4,481,2,169,2,312
44:3D:54:BE:12:3C,ALL,udp:6008,192.168.3.105*,4,481,2,312,2,169
44:3D:54:BE:12:3C,ALL,udp:17010,192.168.3.1*,4,495,2,168,2,327
44:3D:54:BE:12:3C,ALL,udp:17010,192.168.3.105*,4,495,2,327,2,168
44:3D:54:BE:12:3C,ALL,udp:39172,192.168.3.1*,4,506,2,158,2,348
44:3D:54:BE:12:3C,ALL,udp:39172,192.168.3.105*,4,506,2,348,2,158
44:3D:54:BE:12:3C,ALL,udp:22324,192.168.3.1*,4,412,2,166,2,246
44:3D:54:BE:12:3C,ALL,udp:22324,192.168.3.105*,4,412,2,246,2,166
44:3D:54:BE:12:3C,ALL,udp:50051,192.168.3.1*,4,470,2,179,2,291
44:3D:54:BE:12:3C,ALL,udp:50051,192.168.3.105*,4,470,2,291,2,179
44:3D:54:BE:12:3C,ALL,udp:40252,192.168.3.1*,4,621,2,199,2,422
44:3D:54:BE:12:3C,ALL,udp:40252,192.168.3.105*,4,621,2,422,2,199
44:3D:54:BE:12:3C,ALL,udp:3569,192.168.3.1*,4,495,2,168,2,327
44:3D:54:BE:12:3C,ALL,udp:3569,192.168.3.105*,4,495,2,327,2,168
44:3D:54:BE:12:3C,ALL,udp:9564,192.168.3.1*,4,495,2,168,2,327
44:3D:54:BE:12:3C,ALL,udp:9564,192.168.3.105*,4,495,2,327,2,168
44:3D:54:BE:12:3C,ALL,udp:29405,192.168.3.1*,4,495,2,168,2,327
44:3D:54:BE:12:3C,ALL,udp:29405,192.168.3.105*,4,495,2,327,2,168
44:3D:54:BE:12:3C,ALL,udp:37186,192.168.3.1*,4,417,2,153,2,264
44:3D:54:BE:12:3C,ALL,udp:37186,192.168.3.105*,4,417,2,264,2,153
44:3D:54:BE:12:3C,ALL,udp:51084,192.168.3.1*,4,654,2,165,2,489
44:3D:54:BE:12:3C,ALL,udp:51084,192.168.3.105*,4,654,2,489,2,165
44:3D:54:BE:12:3C,ALL,udp:10233,192.168.3.1*,4,506,2,158,2,348
44:3D:54:BE:12:3C,ALL,udp:10233,192.168.3.105*,4,506,2,348,2,158
44:3D:54:BE:12:3C,ALL,udp:9838,192.168.3.1*,4,495,2,168,2,327
44:3D:54:BE:12:3C,ALL,udp:9838,192.168.3.105*,4,495,2,327,2,168
44:3D:54:BE:12:3C,ALL,udp:24352,192.168.3.1*,4,495,2,168,2,327
44:3D:54:BE:12:3C,ALL,udp:24352,192.168.3.105*,4,495,2,327,2,168
44:3D:54:BE:12:3C,ALL,udp:29844,192.168.3.1*,4,610,2,209,2,401
44:3D:54:BE:12:3C,ALL,udp:29844,192.168.3.105*,4,610,2,401,2,209
44:3D:54:BE:12:3C,ALL,udp:52872,192.168.3.1*,4,495,2,168,2,327
44:3D:54:BE:12:3C,ALL,udp:52872,192.168.3.105*,4,495,2,327,2,168
44:3D:54:BE:12:3C,ALL,udp:19678,192.168.3.1*,4,481,2,169,2,312
44:3D:54:BE:12:3C,ALL,udp:19678,192.168.3.105*,4,481,2,312,2,169
44:3D:54:BE:12:3C,ALL,udp:1598,192.168.3.1*,4,506,2,158,2,348
44:3D:54:BE:12:3C,ALL,udp:1598,192.168.3.105*,4,506,2,348,2,158
44:3D:54:BE:12:3C,ALL,udp:5682,192.168.3.1*,4,423,2,156,2,267
44:3D:54:BE:12:3C,ALL,udp:5682,192.168.3.105*,4,423,2,267,2,156
44:3D:54:BE:12:3C,ALL,udp:13702,192.168.3.1*,4,340,2,154,2,186
44:3D:54:BE:12:3C,ALL,udp:13702,192.168.3.105*,4,340,2,186,2,154
44:3D:54:BE:12:3C,ALL,udp:44380,192.168.3.1*,4,495,2,168,2,327
44:3D:54:BE:12:3C,ALL,udp:44380,192.168.3.105*,4,495,2,327,2,168
44:3D:54:BE:12:3C,ALL,udp:63669,192.168.3.1*,4,417,2,153,2,264
44:3D:54:BE:12:3C,ALL,udp:63669,192.168.3.105*,4,417,2,264,2,153
44:3D:54:BE:12:3C,ALL,udp:60293,192.168.3.1*,4,495,2,168,2,327
44:3D:54:BE:12:3C,ALL,udp:60293,192.168.3.105*,4,495,2,327,2,168
44:3D:54:BE:12:3C,ALL,udp:1123,192.168.3.1*,4,506,2,158,2,348
44:3D:54:BE:12:3C,ALL,udp:1123,192.168.3.105*,4,506,2,348,2,158
44:3D:54:BE:12:3C,ALL,udp:7456,192.168.3.1*,4,495,2,168,2,327
44:3D:54:BE:12:3C,ALL,udp:7456,192.168.3.105*,4,495,2,327,2,168
44:3D:54:BE:12:3C,ALL,udp:44608,192.168.3.1*,4,456,2,180,2,276
44:3D:54:BE:12:3C,ALL,udp:44608,192.168.3.105*,4,456,2,276,2,180
44:3D:54:BE:12:3C,ALL,udp:27555,192.168.3.1*,4,412,2,166,2,246
44:3D:54:BE:12:3C,ALL,udp:27555,192.168.3.105*,4,412,2,246,2,166
44:3D:54:BE:12:3C,ALL,udp:22589,192.168.3.1*,4,495,2,168,2,327
44:3D:54:BE:12:3C,ALL,udp:22589,192.168.3.105*,4,495,2,327,2,168
44:3D:54:BE:12:3C,ALL,udp:10058,192.168.3.1*,4,484,2,178,2,306
44:3D:54:BE:12:3C,ALL,udp:10058,192.168.3.105*,4,484,2,306,2,178
44:3D:54:BE:12:3C,ALL,udp:28199,192.168.3.1*,4,423,2,156,2,267
44:3D:54:BE:12:3C,ALL,udp:28199,192.168.3.105*,4,423,2,267,2,156
44:3D:54:BE:12:3C,ALL,udp:1466,192.168.3.1*,4,495,2,168,2,327
44:3D:54:BE:12:3C,ALL,udp:1466,192.168.3.105*,4,495,2,327,2,168
44:3D:54:BE:12:3C,ALL,udp:65307,192.168.3.1*,4,484,2,178,2,306
44:3D:54:BE:12:3C,ALL,udp:65307,192.168.3.105*,4,484,2,306,2,178
44:3D:54:BE:12:3C,ALL,udp:3691,192.168.3.1*,4,484,2,178,2,306
44:3D:54:BE:12:3C,ALL,udp:3691,192.168.3.105*,4,484,2,306,2,178
44:3D:54:BE:12:3C,ALL,udp:53363,192.168.3.1*,4,495,2,168,2,327
44:3D:54:BE:12:3C,ALL,udp:53363,192.168.3.105*,4,495,2,327,2,168
44:3D:54:BE:12:3C,ALL,udp:30039,192.168.3.1*,4,621,2,199,2,422
44:3D:54:BE:12:3C,ALL,udp:30039,192.168.3.105*,4,621,2,422,2,199
44:3D:54:BE:12:3C,ALL,udp:65017,192.168.3.1*,4,398,2,167,2,231
44:3D:54:BE:12:3C,ALL,udp:65017,192.168.3.105*,4,398,2,231,2,167
44:3D:54:BE:12:3C,ALL,udp:60338,192.168.3.1*,4,506,2,158,2,348
44:3D:54:BE:12:3C,ALL,udp:60338,192.168.3.105*,4,506,2,348,2,158
44:3D:54:BE:12:3C,ALL,udp:11104,192.168.3.1*,4,423,2,156,2,267
44:3D:54:BE:12:3C,ALL,udp:11104,192.168.3.105*,4,423,2,267,2,156
44:3D:54:BE:12:3C,ALL,udp:23602,192.168.3.1*,4,484,2,178,2,306
44:3D:54:BE:12:3C,ALL,udp:23602,192.168.3.105*,4,484,2,306,2,178
44:3D:54:BE:12:3C,ALL,udp:41284,192.168.3.1*,4,334,2,151,2,183
44:3D:54:BE:12:3C,ALL,udp:41284,192.168.3.105*,4,334,2,183,2,151
44:3D:54:BE:12:3C,ALL,udp:6896,192.168.3.1*,4,506,2,158,2,348
44:3D:54:BE:12:3C,ALL,udp:6896,192.168.3.105*,4,506,2,348,2,158
44:3D:54:BE:12:3C,ALL,udp:46763,192.168.3.1*,4,495,2,168,2,327
44:3D:54:BE:12:3C,ALL,udp:46763,192.168.3.105*,4,495,2,327,2,168
44:3D:54:BE:12:3C,ALL,udp:40907,192.168.3.1*,4,406,2,163,2,243
44:3D:54:BE:12:3C,ALL,udp:40907,192.168.3.105*,4,406,2,243,2,163
44:3D:54:BE:12:3C,ALL,udp:20372,192.168.3.1*,4,495,2,168,2,327
44:3D:54:BE:12:3C,ALL,udp:20372,192.168.3.105*,4,495,2,327,2,168
44:3D:54:BE:12:3C,ALL,udp:13156,192.168.3.1*,4,398,2,167,2,231
44:3D:54:BE:12:3C,ALL,udp:13156,192.168.3.105*,4,398,2,231,2,167
44:3D:54:BE:12:3C,ALL,udp:24906,192.168.3.1*,4,506,2,158,2,348
44:3D:54:BE:12:3C,ALL,udp:24906,192.168.3.105*,4,506,2,348,2,158
44:3D:54:BE:12:3C,ALL,udp:43626,192.168.3.1*,4,481,2,169,2,312
44:3D:54:BE:12:3C,ALL,udp:43626,192.168.3.105*,4,481,2,312,2,169
44:3D:54:BE:12:3C,ALL,udp:4280,192.168.3.1*,4,423,2,156,2,267
44:3D:54:BE:12:3C,ALL,udp:4280,192.168.3.105*,4,423,2,267,2,156
44:3D:54:BE:12:3C,ALL,udp:1424,192.168.3.1*,4,495,2,168,2,327
44:3D:54:BE:12:3C,ALL,udp:1424,192.168.3.105*,4,495,2,327,2,168
44:3D:54:BE:12:3C,ALL,udp:63361,192.168.3.1*,4,621,2,199,2,422
44:3D:54:BE:12:3C,ALL,udp:63361,192.168.3.105*,4,621,2,422,2,199
44:3D:54:BE:12:3C,ALL,udp:24684,192.168.3.1*,4,495,2,168,2,327
44:3D:54:BE:12:3C,ALL,udp:24684,192.168.3.105*,4,495,2,327,2,168
44:3D:54:BE:12:3C,ALL,udp:46774,192.168.3.1*,4,481,2,169,2,312
44:3D:54:BE:12:3C,ALL,udp:46774,192.168.3.105*,4,481,2,312,2,169
44:3D:54:BE:12:3C,ALL,udp:7771,192.168.3.1*,4,621,2,199,2,422
44:3D:54:BE:12:3C,ALL,udp:7771,192.168.3.105*,4,621,2,422,2,199
44:3D:54:BE:12:3C,ALL,udp:56708,192.168.3.1*,4,610,2,209,2,401
44:3D:54:BE:12:3C,ALL,udp:56708,192.168.3.105*,4,610,2,401,2,209
44:3D:54:BE:12:3C,ALL,udp:39122,192.168.3.1*,4,495,2,168,2,327
44:3D:54:BE:12:3C,ALL,udp:39122,192.168.3.105*,4,495,2,327,2,168
44:3D:54:BE:12:3C,ALL,udp:9800,192.168.3.1*,4,484,2,178,2,306
44:3D:54:BE:12:3C,ALL,udp:9800,192.168.3.105*,4,484,2,306,2,178
44:3D:54:BE:12:3C,ALL,udp:49039,192.168.3.1*,4,495,2,168,2,327
44:3D:54:BE:12:3C,ALL,udp:49039,192.168.3.105*,4,495,2,327,2,168
44:3D:54:BE:12:3C,ALL,udp:12533,192.168.3.1*,4,495,2,168,2,327
44:3D:54:BE:12:3C,ALL,udp:12533,192.168.3.105*,4,495,2,327,2,168
44:3D:54:BE:12:3C,ALL,udp:34918,192.168.3.1*,4,423,2,156,2,267
44:3D:54:BE:12:3C,ALL,udp:34918,192.168.3.105*,4,423,2,267,2,156
44:3D:54:BE:12:3C,ALL,udp:22633,192.168.3.1*,4,506,2,158,2,348
44:3D:54:BE:12:3C,ALL,udp:22633,192.168.3.105*,4,506,2,348,2,158
44:3D:54:BE:12:3C,ALL,udp:16042,192.168.3.1*,4,610,2,209,2,401
44:3D:54:BE:12:3C,ALL,udp:16042,192.168.3.105*,4,610,2,401,2,209
44:3D:54:BE:12:3C,ALL,udp:4533,192.168.3.1*,4,596,2,210,2,386
44:3D:54:BE:12:3C,ALL,udp:4533,192.168.3.105*,4,596,2,386,2,210
44:3D:54:BE:12:3C,ALL,udp:57848,192.168.3.1*,4,521,2,158,2,363
44:3D:54:BE:12:3C,ALL,udp:57848,192.168.3.105*,4,521,2,363,2,158
44:3D:54:BE:12:3C,ALL,udp:61297,192.168.3.1*,4,495,2,168,2,327
44:3D:54:BE:12:3C,ALL,udp:61297,192.168.3.105*,4,495,2,327,2,168
44:3D:54:BE:12:3C,ALL,udp:58297,192.168.3.1*,4,423,2,156,2,267
44:3D:54:BE:12:3C,ALL,udp:58297,192.168.3.105*,4,423,2,267,2,156
44:3D:54:BE:12:3C,ALL,udp:55318,192.168.3.1*,4,506,2,158,2,348
44:3D:54:BE:12:3C,ALL,udp:55318,192.168.3.105*,4,506,2,348,2,158
44:3D:54:BE:12:3C,ALL,udp:52719,192.168.3.1*,4,621,2,199,2,422
44:3D:54:BE:12:3C,ALL,udp:52719,192.168.3.105*,4,621,2,422,2,199
44:3D:54:BE:12:3C,ALL,udp:14344,192.168.3.1*,4,506,2,158,2,348
44:3D:54:BE:12:3C,ALL,udp:14344,192.168.3.105*,4,506,2,348,2,158
44:3D:54:BE:12:3C,ALL,udp:55398,192.168.3.1*,4,412,2,166,2,246
44:3D:54:BE:12:3C,ALL,udp:55398,192.168.3.105*,4,412,2,246,2,166
44:3D:54:BE:12:3C,ALL,udp:61667,192.168.3.1*,4,470,2,179,2,291
44:3D:54:BE:12:3C,ALL,udp:61667,192.168.3.105*,4,470,2,291,2,179
44:3D:54:BE:12:3C,ALL,udp:7820,192.168.3.1*,4,538,2,197,2,341
44:3D:54:BE:12:3C,ALL,udp:7820,192.168.3.105*,4,538,2,341,2,197
44:3D:54:BE:12:3C,ALL,udp:7597,192.168.3.1*,4,484,2,178,2,306
44:3D:54:BE:12:3C,ALL,udp:7597,192.168.3.105*,4,484,2,306,2,178
44:3D:54:BE:12:3C,ALL,udp:16054,192.168.3.1*,4,484,2,178,2,306
44:3D:54:BE:12:3C,ALL,udp:16054,192.168.3.105*,4,484,2,306,2,178
44:3D:54:BE:12:3C,ALL,udp:40488,192.168.3.1*,4,495,2,168,2,327
44:3D:54:BE:12:3C,ALL,udp:40488,192.168.3.105*,4,495,2,327,2,168
44:3D:54:BE:12:3C,ALL,udp:53641,192.168.3.1*,4,423,2,156,2,267
44:3D:54:BE:12:3C,ALL,udp:53641,192.168.3.105*,4,423,2,267,2,156
44:3D:54:BE:12:3C,ALL,udp:35019,192.168.3.1*,4,484,2,178,2,306
44:3D:54:BE:12:3C,ALL,udp:35019,192.168.3.105*,4,484,2,306,2,178
44:3D:54:BE:12:3C,ALL,udp:55368,192.168.3.1*,4,506,2,158,2,348
44:3D:54:BE:12:3C,ALL,udp:55368,192.168.3.105*,4,506,2,348,2,158
44:3D:54:BE:12:3C,ALL,udp:56726,192.168.3.1*,4,495,2,168,2,327
44:3D:54:BE:12:3C,ALL,udp:56726,192.168.3.105*,4,495,2,327,2,168
44:3D:54:BE:12:3C,ALL,udp:28565,192.168.3.1*,4,423,2,156,2,267
44:3D:54:BE:12:3C,ALL,udp:28565,192.168.3.105*,4,423,2,267,2,156
44:3D:54:BE:12:3C,ALL,udp:10129,192.168.3.1*,3,247,2,154,1,93
44:3D:54:BE:12:3C,ALL,udp:10129,192.168.3.105*,3,247,1,93,2,154
44:3D:54:BE:12:3C,ALL,udp:9111,192.168.3.1*,2,253,1,79,1,174
44:3D:54:BE:12:3C,ALL,udp:9111,192.168.3.105*,2,253,1,174,1,79
44:3D:54:BE:12:3C,ALL,udp:7768,192.168.3.1*,2,242,1,89,1,153
44:3D:54:BE:12:3C,ALL,udp:7768,192.168.3.105*,2,242,1,153,1,89
44:3D:54:BE:12:3C,ALL,udp:5459,192.168.3.1*,2,253,1,79,1,174
44:3D:54:BE:12:3C,ALL,udp:5459,192.168.3.105*,2,253,1,174,1,79
44:3D:54:BE:12:3C,ALL,udp:36424,192.168.3.1*,2,253,1,79,1,174
44:3D:54:BE:12:3C,ALL,udp:36424,192.168.3.105*,2,253,1,174,1,79
44:3D:54:BE:12:3C,ALL,udp:49397,192.168.3.1*,2,242,1,89,1,153
44:3D:54:BE:12:3C,ALL,udp:49397,192.168.3.105*,2,242,1,153,1,89
44:3D:54:BE:12:3C,ALL,udp:33398,192.168.3.1*,2,253,1,79,1,174
44:3D:54:BE:12:3C,ALL,udp:33398,192.168.3.105*,2,253,1,174,1,79
44:3D:54:BE:12:3C,ALL,udp:10556,192.168.3.1*,2,228,1,90,1,138
44:3D:54:BE:12:3C,ALL,udp:10556,192.168.3.105*,2,228,1,138,1,90
44:3D:54:BE:12:3C,ALL,udp:3513,192.168.3.1*,2,242,1,89,1,153
44:3D:54:BE:12:3C,ALL,udp:3513,192.168.3.105*,2,242,1,153,1,89
44:3D:54:BE:12:3C,ALL,udp:18664,192.168.3.1*,2,253,1,79,1,174
44:3D:54:BE:12:3C,ALL,udp:18664,192.168.3.105*,2,253,1,174,1,79
44:3D:54:BE:12:3C,ALL,udp:62135,192.168.3.1*,2,170,1,77,1,93
44:3D:54:BE:12:3C,ALL,udp:62135,192.168.3.105*,2,170,1,93,1,77
44:3D:54:BE:12:3C,ALL,udp:2241,192.168.3.1*,2,368,1,120,1,248
44:3D:54:BE:12:3C,ALL,udp:2241,192.168.3.105*,2,368,1,248,1,120
44:3D:54:BE:12:3C,ALL,udp:6107,192.168.3.1*,2,242,1,89,1,153
44:3D:54:BE:12:3C,ALL,udp:6107,192.168.3.105*,2,242,1,153,1,89
44:3D:54:BE:12:3C,ALL,udp:4865,192.168.3.1*,2,253,1,79,1,174
44:3D:54:BE:12:3C,ALL,udp:4865,192.168.3.105*,2,253,1,174,1,79
44:3D:54:BE:12:3C,ALL,udp:36342,192.168.3.1*,2,242,1,89,1,153
44:3D:54:BE:12:3C,ALL,udp:36342,192.168.3.105*,2,242,1,153,1,89
44:3D:54:BE:12:3C,ALL,udp:6858,192.168.3.1*,2,242,1,89,1,153
44:3D:54:BE:12:3C,ALL,udp:6858,192.168.3.105*,2,242,1,153,1,89
44:3D:54:BE:12:3C,ALL,udp:8713,192.168.3.1*,2,170,1,77,1,93
44:3D:54:BE:12:3C,ALL,udp:8713,192.168.3.105*,2,170,1,93,1,77
44:3D:54:BE:12:3C,ALL,udp:44616,192.168.3.1*,2,242,1,89,1,153
44:3D:54:BE:12:3C,ALL,udp:44616,192.168.3.105*,2,242,1,153,1,89
44:3D:54:BE:12:3C,ALL,udp:62585,192.168.3.1*,2,253,1,79,1,174
44:3D:54:BE:12:3C,ALL,udp:62585,192.168.3.105*,2,253,1,174,1,79
44:3D:54:BE:12:3C,ALL,udp:8474,192.168.3.1*,2,242,1,89,1,153
44:3D:54:BE:12:3C,ALL,udp:8474,192.168.3.105*,2,242,1,153,1,89
44:3D:54:BE:12:3C,ALL,udp:47134,192.168.3.1*,2,228,1,90,1,138
44:3D:54:BE:12:3C,ALL,udp:47134,192.168.3.105*,2,228,1,138,1,90
44:3D:54:BE:12:3C,ALL,udp:49265,192.168.3.1*,2,253,1,79,1,174
44:3D:54:BE:12:3C,ALL,udp:49265,192.168.3.105*,2,253,1,174,1,79
44:3D:54:BE:12:3C,ALL,udp:48227,192.168.3.1*,2,164,1,74,1,90
44:3D:54:BE:12:3C,ALL,udp:48227,192.168.3.105*,2,164,1,90,1,74
44:3D:54:BE:12:3C,ALL,udp:49219,192.168.3.1*,2,253,1,79,1,174
44:3D:54:BE:12:3C,ALL,udp:49219,192.168.3.105*,2,253,1,174,1,79
44:3D:54:BE:12:3C,ALL,udp:43155,192.168.3.1*,2,170,1,77,1,93
44:3D:54:BE:12:3C,ALL,udp:43155,192.168.3.105*,2,170,1,93,1,77
44:3D:54:BE:12:3C,ALL,udp:17123,192.168.3.1*,2,368,1,120,1,248
44:3D:54:BE:12:3C,ALL,udp:17123,192.168.3.105*,2,368,1,248,1,120
44:3D:54:BE:12:3C,ALL,udp:10277,192.168.3.1*,2,242,1,89,1,153
44:3D:54:BE:12:3C,ALL,udp:10277,192.168.3.105*,2,242,1,153,1,89
44:3D:54:BE:12:3C,ALL,udp:22602,192.168.3.1*,2,253,1,79,1,174
44:3D:54:BE:12:3C,ALL,udp:22602,192.168.3.105*,2,253,1,174,1,79
44:3D:54:BE:12:3C,ALL,udp:7588,192.168.3.1*,2,253,1,79,1,174
44:3D:54:BE:12:3C,ALL,udp:7588,192.168.3.105*,2,253,1,174,1,79
44:3D:54:BE:12:3C,ALL,udp:44392,192.168.3.1*,2,253,1,79,1,174
44:3D:54:BE:12:3C,ALL,udp:44392,192.168.3.105*,2,253,1,174,1,79
44:3D:54:BE:12:3C,ALL,udp:43845,192.168.3.1*,2,242,1,89,1,153
44:3D:54:BE:12:3C,ALL,udp:43845,192.168.3.105*,2,242,1,153,1,89
44:3D:54:BE:12:3C,ALL,udp:32591,192.168.3.1*,2,242,1,89,1,153
44:3D:54:BE:12:3C,ALL,udp:32591,192.168.3.105*,2,242,1,153,1,89
44:3D:54:BE:12:3C,ALL,udp:20901,192.168.3.1*,2,170,1,77,1,93
44:3D:54:BE:12:3C,ALL,udp:20901,192.168.3.105*,2,170,1,93,1,77
44:3D:54:BE:12:3C,ALL,udp:62150,192.168.3.1*,2,242,1,89,1,153
44:3D:54:BE:12:3C,ALL,udp:62150,192.168.3.105*,2,242,1,153,1,89
44:3D:54:BE:12:3C,ALL,udp:42743,192.168.3.1*,2,253,1,79,1,174
44:3D:54:BE:12:3C,ALL,udp:42743,192.168.3.105*,2,253,1,174,1,79
44:3D:54:BE:12:3C,ALL,udp:15488,192.168.3.1*,2,242,1,89,1,153
44:3D:54:BE:12:3C,ALL,udp:15488,192.168.3.105*,2,242,1,153,1,89
44:3D:54:BE:12:3C,ALL,udp:28541,192.168.3.1*,2,228,1,90,1,138
44:3D:54:BE:12:3C,ALL,udp:28541,192.168.3.105*,2,228,1,138,1,90
44:3D:54:BE:12:3C,ALL,udp:45813,192.168.3.1*,2,242,1,89,1,153
44:3D:54:BE:12:3C,ALL,udp:45813,192.168.3.105*,2,242,1,153,1,89
44:3D:54:BE:12:3C,ALL,udp:35427,192.168.3.1*,2,170,1,77,1,93
44:3D:54:BE:12:3C,ALL,udp:35427,192.168.3.105*,2,170,1,93,1,77
44:3D:54:BE:12:3C,ALL,udp:51748,192.168.3.1*,2,253,1,79,1,174
44:3D:54:BE:12:3C,ALL,udp:51748,192.168.3.105*,2,253,1,174,1,79
44:3D:54:BE:12:3C,ALL,udp:27879,192.168.3.1*,2,253,1,79,1,174
44:3D:54:BE:12:3C,ALL,udp:27879,192.168.3.105*,2,253,1,174,1,79
44:3D:54:BE:12:3C,ALL,udp:21284,192.168.3.1*,2,368,1,120,1,248
44:3D:54:BE:12:3C,ALL,udp:21284,192.168.3.105*,2,368,1,248,1,120
44:3D:54:BE:12:3C,ALL,udp:12661,192.168.3.1*,2,242,1,89,1,153
44:3D:54:BE:12:3C,ALL,udp:12661,192.168.3.105*,2,242,1,153,1,89
44:3D:54:BE:12:3C,ALL,udp:45628,192.168.3.1*,2,242,1,89,1,153
44:3D:54:BE:12:3C,ALL,udp:45628,192.168.3.105*,2,242,1,153,1,89
44:3D:54:BE:12:3C,ALL,udp:21541,192.168.3.1*,2,253,1,79,1,174
44:3D:54:BE:12:3C,ALL,udp:21541,192.168.3.105*,2,253,1,174,1,79
44:3D:54:BE:12:3C,ALL,udp:27766,192.168.3.1*,2,242,1,89,1,153
44:3D:54:BE:12:3C,ALL,udp:27766,192.168.3.105*,2,242,1,153,1,89
44:3D:54:BE:12:3C,ALL,udp:6364,192.168.3.1*,2,170,1,77,1,93
44:3D:54:BE:12:3C,ALL,udp:6364,192.168.3.105*,2,170,1,93,1,77
44:3D:54:BE:12:3C,ALL,udp:40756,192.168.3.1*,2,242,1,89,1,153
44:3D:54:BE:12:3C,ALL,udp:40756,192.168.3.105*,2,242,1,153,1,89
44:3D:54:BE:12:3C,ALL,udp:43065,192.168.3.1*,2,253,1,79,1,174
44:3D:54:BE:12:3C,ALL,udp:43065,192.168.3.105*,2,253,1,174,1,79
44:3D:54:BE:12:3C,ALL,udp:37411,192.168.3.1*,2,253,1,79,1,174
44:3D:54:BE:12:3C,ALL,udp:37411,192.168.3.105*,2,253,1,174,1,79
44:3D:54:BE:12:3C,ALL,udp:16479,192.168.3.1*,2,242,1,89,1,153
44:3D:54:BE:12:3C,ALL,udp:16479,192.168.3.105*,2,242,1,153,1,89
44:3D:54:BE:12:3C,ALL,udp:8867,192.168.3.1*,2,228,1,90,1,138
44:3D:54:BE:12:3C,ALL,udp:8867,192.168.3.105*,2,228,1,138,1,90
44:3D:54:BE:12:3C,ALL,udp:41996,192.168.3.1*,2,164,1,74,1,90
44:3D:54:BE:12:3C,ALL,udp:41996,192.168.3.105*,2,164,1,90,1,74
44:3D:54:BE:12:3C,ALL,udp:43213,192.168.3.1*,2,242,1,89,1,153
44:3D:54:BE:12:3C,ALL,udp:43213,192.168.3.105*,2,242,1,153,1,89
44:3D:54:BE:12:3C,ALL,udp:3995,192.168.3.1*,2,170,1,77,1,93
44:3D:54:BE:12:3C,ALL,udp:3995,192.168.3.105*,2,170,1,93,1,77
44:3D:54:BE:12:3C,ALL,udp:30554,192.168.3.1*,2,253,1,79,1,174
44:3D:54:BE:12:3C,ALL,udp:30554,192.168.3.105*,2,253,1,174,1,79
44:3D:54:BE:12:3C,ALL,udp:1937,192.168.3.1*,2,253,1,79,1,174
44:3D:54:BE:12:3C,ALL,udp:1937,192.168.3.105*,2,253,1,174,1,79
44:3D:54:BE:12:3C,ALL,udp:10448,192.168.3.1*,2,253,1,79,1,174
44:3D:54:BE:12:3C,ALL,udp:10448,192.168.3.105*,2,253,1,174,1,79
44:3D:54:BE:12:3C,ALL,udp:49462,192.168.3.1*,2,368,1,120,1,248
44:3D:54:BE:12:3C,ALL,udp:49462,192.168.3.105*,2,368,1,248,1,120
44:3D:54:BE:12:3C,ALL,udp:55177,192.168.3.1*,2,242,1,89,1,153
44:3D:54:BE:12:3C,ALL,udp:55177,192.168.3.105*,2,242,1,153,1,89
44:3D:54:BE:12:3C,ALL,udp:14020,192.168.3.1*,2,242,1,89,1,153
44:3D:54:BE:12:3C,ALL,udp:14020,192.168.3.105*,2,242,1,153,1,89
44:3D:54:BE:12:3C,ALL,udp:9613,192.168.3.1*,2,164,1,74,1,90
44:3D:54:BE:12:3C,ALL,udp:9613,192.168.3.105*,2,164,1,90,1,74
44:3D:54:BE:12:3C,ALL,udp:50297,192.168.3.1*,2,242,1,89,1,153
44:3D:54:BE:12:3C,ALL,udp:50297,192.168.3.105*,2,242,1,153,1,89
44:3D:54:BE:12:3C,ALL,udp:39735,192.168.3.1*,2,253,1,79,1,174
44:3D:54:BE:12:3C,ALL,udp:39735,192.168.3.105*,2,253,1,174,1,79
44:3D:54:BE:12:3C,ALL,udp:57726,192.168.3.1*,2,170,1,77,1,93
44:3D:54:BE:12:3C,ALL,udp:57726,192.168.3.105*,2,170,1,93,1,77
44:3D:54:BE:12:3C,ALL,udp:58273,192.168.3.1*,2,253,1,79,1,174
44:3D:54:BE:12:3C,ALL,udp:58273,192.168.3.105*,2,253,1,174,1,79
44:3D:54:BE:12:3C,ALL,udp:1154,192.168.3.1*,2,242,1,89,1,153
44:3D:54:BE:12:3C,ALL,udp:1154,192.168.3.105*,2,242,1,153,1,89
44:3D:54:BE:12:3C,ALL,udp:58730,192.168.3.1*,2,253,1,79,1,174
44:3D:54:BE:12:3C,ALL,udp:58730,192.168.3.105*,2,253,1,174,1,79
44:3D:54:BE:12:3C,ALL,udp:46899,192.168.3.1*,2,228,1,90,1,138
44:3D:54:BE:12:3C,ALL,udp:46899,192.168.3.105*,2,228,1,138,1,90
44:3D:54:BE:12:3C,ALL,udp:4691,192.168.3.1*,2,253,1,79,1,174
44:3D:54:BE:12:3C,ALL,udp:4691,192.168.3.105*,2,253,1,174,1,79
44:3D:54:BE:12:3C,ALL,udp:14401,192.168.3.1*,2,242,1,89,1,153
44:3D:54:BE:12:3C,ALL,udp:14401,192.168.3.105*,2,242,1,153,1,89
44:3D:54:BE:12:3C,ALL,udp:28601,192.168.3.1*,2,170,1,77,1,93
44:3D:54:BE:12:3C,ALL,udp:28601,192.168.3.105*,2,170,1,93,1,77
44:3D:54:BE:12:3C,ALL,udp:60308,192.168.3.1*,2,368,1,120,1,248
44:3D:54:BE:12:3C,ALL,udp:60308,192.168.3.105*,2,368,1,248,1,120
44:3D:54:BE:12:3C,ALL,udp:38330,192.168.3.1*,2,242,1,89,1,153
44:3D:54:BE:12:3C,ALL,udp:38330,192.168.3.105*,2,242,1,153,1,89
44:3D:54:BE:12:3C,ALL,udp:4047,192.168.3.1*,2,242,1,89,1,153
44:3D:54:BE:12:3C,ALL,udp:4047,192.168.3.105*,2,242,1,153,1,89
44:3D:54:BE:12:3C,ALL,udp:56274,192.168.3.1*,2,253,1,79,1,174
44:3D:54:BE:12:3C,ALL,udp:56274,192.168.3.105*,2,253,1,174,1,79
44:3D:54:BE:12:3C,ALL,udp:59812,192.168.3.1*,2,242,1,89,1,153
44:3D:54:BE:12:3C,ALL,udp:59812,192.168.3.105*,2,242,1,153,1,89
44:3D:54:BE:12:3C,ALL,udp:56684,192.168.3.1*,2,170,1,77,1,93
44:3D:54:BE:12:3C,ALL,udp:56684,192.168.3.105*,2,170,1,93,1,77
44:3D:54:BE:12:3C,ALL,udp:32549,192.168.3.1*,2,253,1,79,1,174
44:3D:54:BE:12:3C,ALL,udp:32549,192.168.3.105*,2,253,1,174,1,79
44:3D:54:BE:12:3C,ALL,udp:3307,192.168.3.1*,2,242,1,89,1,153
44:3D:54:BE:12:3C,ALL,udp:3307,192.168.3.105*,2,242,1,153,1,89
44:3D:54:BE:12:3C,ALL,udp:28293,192.168.3.1*,2,253,1,79,1,174
44:3D:54:BE:12:3C,ALL,udp:28293,192.168.3.105*,2,253,1,174,1,79
44:3D:54:BE:12:3C,ALL,udp:62831,192.168.3.1*,2,228,1,90,1,138
44:3D:54:BE:12:3C,ALL,udp:62831,192.168.3.105*,2,228,1,138,1,90
44:3D:54:BE:12:3C,ALL,udp:48983,192.168.3.1*,2,242,1,89,1,153
44:3D:54:BE:12:3C,ALL,udp:48983,192.168.3.105*,2,242,1,153,1,89
44:3D:54:BE:12:3C,ALL,udp:58308,192.168.3.1*,2,253,1,79,1,174
44:3D:54:BE:12:3C,ALL,udp:58308,192.168.3.105*,2,253,1,174,1,79
44:3D:54:BE:12:3C,ALL,udp:38120,192.168.3.1*,2,164,1,74,1,90
44:3D:54:BE:12:3C,ALL,udp:38120,192.168.3.105*,2,164,1,90,1,74
44:3D:54:BE:12:3C,ALL,udp:48565,192.168.3.1*,2,253,1,79,1,174
44:3D:54:BE:12:3C,ALL,udp:48565,192.168.3.105*,2,253,1,174,1,79
44:3D:54:BE:12:3C,ALL,udp:2805,192.168.3.1*,2,253,1,79,1,174
44:3D:54:BE:12:3C,ALL,udp:2805,192.168.3.105*,2,253,1,174,1,79
44:3D:54:BE:12:3C,ALL,udp:22727,192.168.3.1*,2,242,1,89,1,153
44:3D:54:BE:12:3C,ALL,udp:22727,192.168.3.105*,2,242,1,153,1,89
44:3D:54:BE:12:3C,ALL,udp:31743,192.168.3.1*,2,253,1,79,1,174
44:3D:54:BE:12:3C,ALL,udp:31743,192.168.3.105*,2,253,1,174,1,79
44:3D:54:BE:12:3C,ALL,udp:29430,192.168.3.1*,2,170,1,77,1,93
44:3D:54:BE:12:3C,ALL,udp:29430,192.168.3.105*,2,170,1,93,1,77
44:3D:54:BE:12:3C,ALL,udp:37645,192.168.3.1*,2,253,1,79,1,174
44:3D:54:BE:12:3C,ALL,udp:37645,192.168.3.105*,2,253,1,174,1,79
44:3D:54:BE:12:3C,ALL,udp:62302,192.168.3.1*,2,368,1,120,1,248
44:3D:54:BE:12:3C,ALL,udp:62302,192.168.3.105*,2,368,1,248,1,120
44:3D:54:BE:12:3C,ALL,udp:11788,192.168.3.1*,2,253,1,79,1,174
44:3D:54:BE:12:3C,ALL,udp:11788,192.168.3.105*,2,253,1,174,1,79
44:3D:54:BE:12:3C,ALL,udp:18041,192.168.3.1*,2,242,1,89,1,153
44:3D:54:BE:12:3C,ALL,udp:18041,192.168.3.105*,2,242,1,153,1,89
44:3D:54:BE:12:3C,ALL,udp:13279,192.168.3.1*,2,253,1,79,1,174
44:3D:54:BE:12:3C,ALL,udp:13279,192.168.3.105*,2,253,1,174,1,79
44:3D:54:BE:12:3C,ALL,udp:48860,192.168.3.1*,2,242,1,89,1,153
44:3D:54:BE:12:3C,ALL,udp:48860,192.168.3.105*,2,242,1,153,1,89
44:3D:54:BE:12:3C,ALL,udp:45586,192.168.3.1*,2,170,1,77,1,93
44:3D:54:BE:12:3C,ALL,udp:45586,192.168.3.105*,2,170,1,93,1,77
44:3D:54:BE:12:3C,ALL,udp:24785,192.168.3.1*,2,253,1,79,1,174
44:3D:54:BE:12:3C,ALL,udp:24785,192.168.3.105*,2,253,1,174,1,79
44:3D:54:BE:12:3C,ALL,udp:15733,192.168.3.1*,2,242,1,89,1,153
44:3D:54:BE:12:3C,ALL,udp:15733,192.168.3.105*,2,242,1,153,1,89
44:3D:54:BE:12:3C,ALL,udp:58597,192.168.3.1*,2,228,1,90,1,138
44:3D:54:BE:12:3C,ALL,udp:58597,192.168.3.105*,2,228,1,138,1,90
44:3D:54:BE:12:3C,ALL,udp:35138,192.168.3.1*,2,242,1,89,1,153
44:3D:54:BE:12:3C,ALL,udp:35138,192.168.3.105*,2,242,1,153,1,89
44:3D:54:BE:12:3C,ALL,udp:2765,192.168.3.1*,2,242,1,89,1,153
44:3D:54:BE:12:3C,ALL,udp:2765,192.168.3.105*,2,242,1,153,1,89
44:3D:54:BE:12:3C,ALL,udp:6023,192.168.3.1*,2,253,1,79,1,174
44:3D:54:BE:12:3C,ALL,udp:6023,192.168.3.105*,2,253,1,174,1,79
44:3D:54:BE:12:3C,ALL,udp:26912,192.168.3.1*,2,170,1,77,1,93
44:3D:54:BE:12:3C,ALL,udp:26912,192.168.3.105*,2,170,1,93,1,77
44:3D:54:BE:12:3C,ALL,udp:60710,192.168.3.1*,2,368,1,120,1,248
44:3D:54:BE:12:3C,ALL,udp:60710,192.168.3.105*,2,368,1,248,1,120
44:3D:54:BE:12:3C,ALL,udp:57483,192.168.3.1*,2,242,1,89,1,153
44:3D:54:BE:12:3C,ALL,udp:57483,192.168.3.105*,2,242,1,153,1,89
44:3D:54:BE:12:3C,ALL,udp:21116,192.168.3.1*,2,382,1,102,1,280
44:3D:54:BE:12:3C,ALL,udp:21116,192.168.3.105*,2,382,1,280,1,102
44:3D:54:BE:12:3C,ALL,udp:1036,192.168.3.1*,2,242,1,89,1,153
44:3D:54:BE:12:3C,ALL,udp:1036,192.168.3.105*,2,242,1,153,1,89
44:3D:54:BE:12:3C,ALL,udp:57300,192.168.3.1*,2,253,1,79,1,174
44:3D:54:BE:12:3C,ALL,udp:57300,192.168.3.105*,2,253,1,174,1,79
44:3D:54:BE:12:3C,ALL,udp:44567,192.168.3.1*,2,242,1,89,1,153
44:3D:54:BE:12:3C,ALL,udp:44567,192.168.3.105*,2,242,1,153,1,89
44:3D:54:BE:12:3C,ALL,udp:43852,192.168.3.1*,2,170,1,77,1,93
44:3D:54:BE:12:3C,ALL,udp:43852,192.168.3.105*,2,170,1,93,1,77
44:3D:54:BE:12:3C,ALL,udp:11127,192.168.3.1*,2,253,1,79,1,174
44:3D:54:BE:12:3C,ALL,udp:11127,192.168.3.105*,2,253,1,174,1,79
44:3D:54:BE:12:3C,ALL,udp:15114,192.168.3.1*,2,242,1,89,1,153
44:3D:54:BE:12:3C,ALL,udp:15114,192.168.3.105*,2,242,1,153,1,89
44:3D:54:BE:12:3C,ALL,udp:48524,192.168.3.1*,2,253,1,79,1,174
44:3D:54:BE:12:3C,ALL,udp:48524,192.168.3.105*,2,253,1,174,1,79
44:3D:54:BE:12:3C,ALL,udp:40552,192.168.3.1*,2,228,1,90,1,138
44:3D:54:BE:12:3C,ALL,udp:40552,192.168.3.105*,2,228,1,138,1,90
44:3D:54:BE:12:3C,ALL,udp:4393,192.168.3.1*,2,164,1,74,1,90
44:3D:54:BE:12:3C,ALL,udp:4393,192.168.3.105*,2,164,1,90,1,74
44:3D:54:BE:12:3C,ALL,udp:20759,192.168.3.1*,2,242,1,89,1,153
44:3D:54:BE:12:3C,ALL,udp:20759,192.168.3.105*,2,242,1,153,1,89
44:3D:54:BE:12:3C,ALL,udp:46811,192.168.3.1*,2,253,1,79,1,174
44:3D:54:BE:12:3C,ALL,udp:46811,192.168.3.105*,2,253,1,174,1,79
44:3D:54:BE:12:3C,ALL,udp:50277,192.168.3.1*,2,253,1,79,1,174
44:3D:54:BE:12:3C,ALL,udp:50277,192.168.3.105*,2,253,1,174,1,79
44:3D:54:BE:12:3C,ALL,udp:56528,192.168.3.1*,2,242,1,89,1,153
44:3D:54:BE:12:3C,ALL,udp:56528,192.168.3.105*,2,242,1,153,1,89
44:3D:54:BE:12:3C,ALL,udp:3226,192.168.3.1*,2,253,1,79,1,174
44:3D:54:BE:12:3C,ALL,udp:3226,192.168.3.105*,2,253,1,174,1,79
44:3D:54:BE:12:3C,ALL,udp:25852,192.168.3.1*,2,170,1,77,1,93
44:3D:54:BE:12:3C,ALL,udp:25852,192.168.3.105*,2,170,1,93,1,77
44:3D:54:BE:12:3C,ALL,udp:52691,192.168.3.1*,2,368,1,120,1,248
44:3D:54:BE:12:3C,ALL,udp:52691,192.168.3.105*,2,368,1,248,1,120
44:3D:54:BE:12:3C,ALL,udp:51394,192.168.3.1*,2,242,1,89,1,153
44:3D:54:BE:12:3C,ALL,udp:51394,192.168.3.105*,2,242,1,153,1,89
44:3D:54:BE:12:3C,ALL,udp:35697,192.168.3.1*,2,253,1,79,1,174
44:3D:54:BE:12:3C,ALL,udp:35697,192.168.3.105*,2,253,1,174,1,79
44:3D:54:BE:12:3C,ALL,udp:27275,192.168.3.1*,2,253,1,79,1,174
44:3D:54:BE:12:3C,ALL,udp:27275,192.168.3.105*,2,253,1,174,1,79
44:3D:54:BE:12:3C,ALL,udp:17923,192.168.3.1*,2,242,1,89,1,153
44:3D:54:BE:12:3C,ALL,udp:17923,192.168.3.105*,2,242,1,153,1,89
44:3D:54:BE:12:3C,ALL,udp:6495,192.168.3.1*,2,253,1,79,1,174
44:3D:54:BE:12:3C,ALL,udp:6495,192.168.3.105*,2,253,1,174,1,79
44:3D:54:BE:12:3C,ALL,udp:4033,192.168.3.1*,2,253,1,79,1,174
44:3D:54:BE:12:3C,ALL,udp:4033,192.168.3.105*,2,253,1,174,1,79
44:3D:54:BE:12:3C,ALL,udp:34949,192.168.3.1*,2,242,1,89,1,153
44:3D:54:BE:12:3C,ALL,udp:34949,192.168.3.105*,2,242,1,153,1,89
44:3D:54:BE:12:3C,ALL,udp:41108,192.168.3.1*,2,170,1,77,1,93
44:3D:54:BE:12:3C,ALL,udp:41108,192.168.3.105*,2,170,1,93,1,77
44:3D:54:BE:12:3C,ALL,udp:33767,192.168.3.1*,2,253,1,79,1,174
44:3D:54:BE:12:3C,ALL,udp:33767,192.168.3.105*,2,253,1,174,1,79
44:3D:54:BE:12:3C,ALL,udp:4957,192.168.3.1*,2,242,1,89,1,153
44:3D:54:BE:12:3C,ALL,udp:4957,192.168.3.105*,2,242,1,153,1,89
44:3D:54:BE:12:3C,ALL,udp:55962,192.168.3.1*,2,228,1,90,1,138
44:3D:54:BE:12:3C,ALL,udp:55962,192.168.3.105*,2,228,1,138,1,90
44:3D:54:BE:12:3C,ALL,udp:15472,192.168.3.1*,2,242,1,89,1,153
44:3D:54:BE:12:3C,ALL,udp:15472,192.168.3.105*,2,242,1,153,1,89
44:3D:54:BE:12:3C,ALL,udp:57932,192.168.3.1*,2,242,1,89,1,153
44:3D:54:BE:12:3C,ALL,udp:57932,192.168.3.105*,2,242,1,153,1,89
44:3D:54:BE:12:3C,ALL,udp:64209,192.168.3.1*,2,170,1,77,1,93
44:3D:54:BE:12:3C,ALL,udp:64209,192.168.3.105*,2,170,1,93,1,77
44:3D:54:BE:12:3C,ALL,udp:2574,192.168.3.1*,2,368,1,120,1,248
44:3D:54:BE:12:3C,ALL,udp:2574,192.168.3.105*,2,368,1,248,1,120
44:3D:54:BE:12:3C,ALL,udp:12861,192.168.3.1*,2,242,1,89,1,153
44:3D:54:BE:12:3C,ALL,udp:12861,192.168.3.105*,2,242,1,153,1,89
44:3D:54:BE:12:3C,ALL,udp:59291,192.168.3.1*,2,242,1,89,1,153
44:3D:54:BE:12:3C,ALL,udp:59291,192.168.3.105*,2,242,1,153,1,89
44:3D:54:BE:12:3C,ALL,udp:13706,192.168.3.1*,2,242,1,89,1,153
44:3D:54:BE:12:3C,ALL,udp:13706,192.168.3.105*,2,242,1,153,1,89
44:3D:54:BE:12:3C,ALL,udp:31266,192.168.3.1*,2,253,1,79,1,174
44:3D:54:BE:12:3C,ALL,udp:31266,192.168.3.105*,2,253,1,174,1,79
44:3D:54:BE:12:3C,ALL,udp:29264,192.168.3.1*,2,170,1,77,1,93
44:3D:54:BE:12:3C,ALL,udp:29264,192.168.3.105*,2,170,1,93,1,77
44:3D:54:BE:12:3C,ALL,udp:48955,192.168.3.1*,2,242,1,89,1,153
44:3D:54:BE:12:3C,ALL,udp:48955,192.168.3.105*,2,242,1,153,1,89
44:3D:54:BE:12:3C,ALL,udp:1250,192.168.3.1*,2,228,1,90,1,138
44:3D:54:BE:12:3C,ALL,udp:1250,192.168.3.105*,2,228,1,138,1,90
44:3D:54:BE:12:3C,ALL,udp:27695,192.168.3.1*,2,164,1,74,1,90
44:3D:54:BE:12:3C,ALL,udp:27695,192.168.3.105*,2,164,1,90,1,74
44:3D:54:BE:12:3C,ALL,udp:5997,192.168.3.1*,2,253,1,79,1,174
44:3D:54:BE:12:3C,ALL,udp:5997,192.168.3.105*,2,253,1,174,1,79
44:3D:54:BE:12:3C,ALL,udp:5218,192.168.3.1*,2,242,1,89,1,153
44:3D:54:BE:12:3C,ALL,udp:5218,192.168.3.105*,2,242,1,153,1,89
44:3D:54:BE:12:3C,ALL,udp:63119,192.168.3.1*,2,242,1,89,1,153
44:3D:54:BE:12:3C,ALL,udp:63119,192.168.3.105*,2,242,1,153,1,89
44:3D:54:BE:12:3C,ALL,udp:45141,192.168.3.1*,2,253,1,79,1,174
44:3D:54:BE:12:3C,ALL,udp:45141,192.168.3.105*,2,253,1,174,1,79
44:3D:54:BE:12:3C,ALL,udp:42941,192.168.3.1*,2,253,1,79,1,174
44:3D:54:BE:12:3C,ALL,udp:42941,192.168.3.105*,2,253,1,174,1,79
44:3D:54:BE:12:3C,ALL,udp:63514,192.168.3.1*,2,170,1,77,1,93
44:3D:54:BE:12:3C,ALL,udp:63514,192.168.3.105*,2,170,1,93,1,77
44:3D:54:BE:12:3C,ALL,udp:3841,192.168.3.1*,2,253,1,79,1,174
44:3D:54:BE:12:3C,ALL,udp:3841,192.168.3.105*,2,253,1,174,1,79
44:3D:54:BE:12:3C,ALL,udp:6235,192.168.3.1*,2,368,1,120,1,248
44:3D:54:BE:12:3C,ALL,udp:6235,192.168.3.105*,2,368,1,248,1,120
44:3D:54:BE:12:3C,ALL,udp:7271,192.168.3.1*,2,242,1,89,1,153
44:3D:54:BE:12:3C,ALL,udp:7271,192.168.3.105*,2,242,1,153,1,89
44:3D:54:BE:12:3C,ALL,udp:35223,192.168.3.1*,2,253,1,79,1,174
44:3D:54:BE:12:3C,ALL,udp:35223,192.168.3.105*,2,253,1,174,1,79
44:3D:54:BE:12:3C,ALL,udp:60343,192.168.3.1*,2,242,1,89,1,153
44:3D:54:BE:12:3C,ALL,udp:60343,192.168.3.105*,2,242,1,153,1,89
44:3D:54:BE:12:3C,ALL,udp:16467,192.168.3.1*,2,242,1,89,1,153
44:3D:54:BE:12:3C,ALL,udp:16467,192.168.3.105*,2,242,1,153,1,89
44:3D:54:BE:12:3C,ALL,udp:9314,192.168.3.1*,2,170,1,77,1,93
44:3D:54:BE:12:3C,ALL,udp:9314,192.168.3.105*,2,170,1,93,1,77
44:3D:54:BE:12:3C,ALL,udp:7268,192.168.3.1*,2,253,1,79,1,174
44:3D:54:BE:12:3C,ALL,udp:7268,192.168.3.105*,2,253,1,174,1,79
44:3D:54:BE:12:3C,ALL,udp:60059,192.168.3.1*,2,228,1,90,1,138
44:3D:54:BE:12:3C,ALL,udp:60059,192.168.3.105*,2,228,1,138,1,90
44:3D:54:BE:12:3C,ALL,udp:38245,192.168.3.1*,2,242,1,89,1,153
44:3D:54:BE:12:3C,ALL,udp:38245,192.168.3.105*,2,242,1,153,1,89
44:3D:54:BE:12:3C,ALL,udp:31103,192.168.3.1*,2,253,1,79,1,174
44:3D:54:BE:12:3C,ALL,udp:31103,192.168.3.105*,2,253,1,174,1,79
44:3D:54:BE:12:3C,ALL,udp:2600,192.168.3.1*,2,242,1,89,1,153
44:3D:54:BE:12:3C,ALL,udp:2600,192.168.3.105*,2,242,1,153,1,89
44:3D:54:BE:12:3C,ALL,udp:22346,192.168.3.1*,2,401,1,86,1,315
44:3D:54:BE:12:3C,ALL,udp:22346,192.168.3.105*,2,401,1,315,1,86
44:3D:54:BE:12:3C,ALL,udp:4158,192.168.3.1*,2,253,1,79,1,174
44:3D:54:BE:12:3C,ALL,udp:4158,192.168.3.105*,2,253,1,174,1,79
44:3D:54:BE:12:3C,ALL,udp:5953,192.168.3.1*,2,242,1,89,1,153
44:3D:54:BE:12:3C,ALL,udp:5953,192.168.3.105*,2,242,1,153,1,89
44:3D:54:BE:12:3C,ALL,udp:16212,192.168.3.1*,2,170,1,77,1,93
44:3D:54:BE:12:3C,ALL,udp:16212,192.168.3.105*,2,170,1,93,1,77
44:3D:54:BE:12:3C,ALL,udp:14210,192.168.3.1*,2,242,1,89,1,153
44:3D:54:BE:12:3C,ALL,udp:14210,192.168.3.105*,2,242,1,153,1,89
44:3D:54:BE:12:3C,ALL,udp:15584,192.168.3.1*,2,253,1,79,1,174
44:3D:54:BE:12:3C,ALL,udp:15584,192.168.3.105*,2,253,1,174,1,79
44:3D:54:BE:12:3C,ALL,udp:38771,192.168.3.1*,2,242,1,89,1,153
44:3D:54:BE:12:3C,ALL,udp:38771,192.168.3.105*,2,242,1,153,1,89
44:3D:54:BE:12:3C,ALL,udp:56252,192.168.3.1*,2,170,1,77,1,93
44:3D:54:BE:12:3C,ALL,udp:56252,192.168.3.105*,2,170,1,93,1,77
44:3D:54:BE:12:3C,ALL,udp:24189,192.168.3.1*,2,253,1,79,1,174
44:3D:54:BE:12:3C,ALL,udp:24189,192.168.3.105*,2,253,1,174,1,79
44:3D:54:BE:12:3C,ALL,udp:1122,192.168.3.1*,2,228,1,90,1,138
44:3D:54:BE:12:3C,ALL,udp:1122,192.168.3.105*,2,228,1,138,1,90
44:3D:54:BE:12:3C,ALL,udp:13293,192.168.3.1*,2,242,1,89,1,153
44:3D:54:BE:12:3C,ALL,udp:13293,192.168.3.105*,2,242,1,153,1,89
44:3D:54:BE:12:3C,ALL,udp:58163,192.168.3.1*,2,164,1,74,1,90
44:3D:54:BE:12:3C,ALL,udp:58163,192.168.3.105*,2,164,1,90,1,74
44:3D:54:BE:12:3C,ALL,udp:39360,192.168.3.1*,2,253,1,79,1,174
44:3D:54:BE:12:3C,ALL,udp:39360,192.168.3.105*,2,253,1,174,1,79
44:3D:54:BE:12:3C,ALL,udp:60635,192.168.3.1*,2,196,1,90,1,106
44:3D:54:BE:12:3C,ALL,udp:60635,192.168.3.105*,2,196,1,106,1,90
44:3D:54:BE:12:3C,ALL,udp:9659,192.168.3.1*,2,242,1,89,1,153
44:3D:54:BE:12:3C,ALL,udp:9659,192.168.3.105*,2,242,1,153,1,89
44:3D:54:BE:12:3C,ALL,udp:22007,192.168.3.1*,2,253,1,79,1,174
44:3D:54:BE:12:3C,ALL,udp:22007,192.168.3.105*,2,253,1,174,1,79
44:3D:54:BE:12:3C,ALL,udp:53779,192.168.3.1*,2,253,1,79,1,174
44:3D:54:BE:12:3C,ALL,udp:53779,192.168.3.105*,2,253,1,174,1,79
44:3D:54:BE:12:3C,ALL,udp:64516,192.168.3.1*,2,242,1,89,1,153
44:3D:54:BE:12:3C,ALL,udp:64516,192.168.3.105*,2,242,1,153,1,89
44:3D:54:BE:12:3C,ALL,udp:60986,192.168.3.1*,2,170,1,77,1,93
44:3D:54:BE:12:3C,ALL,udp:60986,192.168.3.105*,2,170,1,93,1,77
44:3D:54:BE:12:3C,ALL,udp:31617,192.168.3.1*,2,253,1,79,1,174
44:3D:54:BE:12:3C,ALL,udp:31617,192.168.3.105*,2,253,1,174,1,79
44:3D:54:BE:12:3C,ALL,udp:50908,192.168.3.1*,2,242,1,89,1,153
44:3D:54:BE:12:3C,ALL,udp:50908,192.168.3.105*,2,242,1,153,1,89
44:3D:54:BE:12:3C,ALL,udp:56419,192.168.3.1*,2,253,1,79,1,174
44:3D:54:BE:12:3C,ALL,udp:56419,192.168.3.105*,2,253,1,174,1,79
44:3D:54:BE:12:3C,ALL,udp:35721,192.168.3.1*,2,253,1,79,1,174
44:3D:54:BE:12:3C,ALL,udp:35721,192.168.3.105*,2,253,1,174,1,79
44:3D:54:BE:12:3C,ALL,udp:42833,192.168.3.1*,2,253,1,79,1,174
44:3D:54:BE:12:3C,ALL,udp:42833,192.168.3.105*,2,253,1,174,1,79
44:3D:54:BE:12:3C,ALL,udp:22282,192.168.3.1*,2,253,1,79,1,174
44:3D:54:BE:12:3C,ALL,udp:22282,192.168.3.105*,2,253,1,174,1,79
44:3D:54:BE:12:3C,ALL,udp:15643,192.168.3.1*,2,242,1,89,1,153
44:3D:54:BE:12:3C,ALL,udp:15643,192.168.3.105*,2,242,1,153,1,89
44:3D:54:BE:12:3C,ALL,udp:45822,192.168.3.1*,2,253,1,79,1,174
44:3D:54:BE:12:3C,ALL,udp:45822,192.168.3.105*,2,253,1,174,1,79
44:3D:54:BE:12:3C,ALL,udp:52080,192.168.3.1*,2,242,1,89,1,153
44:3D:54:BE:12:3C,ALL,udp:52080,192.168.3.105*,2,242,1,153,1,89
44:3D:54:BE:12:3C,ALL,udp:51689,192.168.3.1*,2,170,1,77,1,93
44:3D:54:BE:12:3C,ALL,udp:51689,192.168.3.105*,2,170,1,93,1,77
44:3D:54:BE:12:3C,ALL,udp:7555,192.168.3.1*,2,228,1,90,1,138
44:3D:54:BE:12:3C,ALL,udp:7555,192.168.3.105*,2,228,1,138,1,90
44:3D:54:BE:12:3C,ALL,udp:21065,192.168.3.1*,2,242,1,89,1,153
44:3D:54:BE:12:3C,ALL,udp:21065,192.168.3.105*,2,242,1,153,1,89
44:3D:54:BE:12:3C,ALL,udp:40611,192.168.3.1*,2,164,1,74,1,90
44:3D:54:BE:12:3C,ALL,udp:40611,192.168.3.105*,2,164,1,90,1,74
44:3D:54:BE:12:3C,ALL,udp:19361,192.168.3.1*,2,242,1,89,1,153
44:3D:54:BE:12:3C,ALL,udp:19361,192.168.3.105*,2,242,1,153,1,89
44:3D:54:BE:12:3C,ALL,udp:38150,192.168.3.1*,2,242,1,89,1,153
44:3D:54:BE:12:3C,ALL,udp:38150,192.168.3.105*,2,242,1,153,1,89
44:3D:54:BE:12:3C,ALL,udp:52355,192.168.3.1*,2,253,1,79,1,174
44:3D:54:BE:12:3C,ALL,udp:52355,192.168.3.105*,2,253,1,174,1,79
44:3D:54:BE:12:3C,ALL,udp:54324,192.168.3.1*,2,170,1,77,1,93
44:3D:54:BE:12:3C,ALL,udp:54324,192.168.3.105*,2,170,1,93,1,77
44:3D:54:BE:12:3C,ALL,udp:22240,192.168.3.1*,2,368,1,120,1,248
44:3D:54:BE:12:3C,ALL,udp:22240,192.168.3.105*,2,368,1,248,1,120
44:3D:54:BE:12:3C,ALL,udp:50014,192.168.3.1*,2,242,1,89,1,153
44:3D:54:BE:12:3C,ALL,udp:50014,192.168.3.105*,2,242,1,153,1,89
44:3D:54:BE:12:3C,ALL,udp:29099,192.168.3.1*,2,253,1,79,1,174
44:3D:54:BE:12:3C,ALL,udp:29099,192.168.3.105*,2,253,1,174,1,79
44:3D:54:BE:12:3C,ALL,udp:10733,192.168.3.1*,2,242,1,89,1,153
44:3D:54:BE:12:3C,ALL,udp:10733,192.168.3.105*,2,242,1,153,1,89
44:3D:54:BE:12:3C,ALL,udp:26787,192.168.3.1*,2,170,1,77,1,93
44:3D:54:BE:12:3C,ALL,udp:26787,192.168.3.105*,2,170,1,93,1,77
44:3D:54:BE:12:3C,ALL,udp:39608,192.168.3.1*,2,228,1,90,1,138
44:3D:54:BE:12:3C,ALL,udp:39608,192.168.3.105*,2,228,1,138,1,90
44:3D:54:BE:12:3C,ALL,udp:17560,192.168.3.1*,2,164,1,74,1,90
44:3D:54:BE:12:3C,ALL,udp:17560,192.168.3.105*,2,164,1,90,1,74
44:3D:54:BE:12:3C,ALL,udp:1562,192.168.3.1*,2,242,1,89,1,153
44:3D:54:BE:12:3C,ALL,udp:1562,192.168.3.105*,2,242,1,153,1,89
44:3D:54:BE:12:3C,ALL,udp:27185,192.168.3.1*,2,253,1,79,1,174
44:3D:54:BE:12:3C,ALL,udp:27185,192.168.3.105*,2,253,1,174,1,79
44:3D:54:BE:12:3C,ALL,udp:46925,192.168.3.1*,2,253,1,79,1,174
44:3D:54:BE:12:3C,ALL,udp:46925,192.168.3.105*,2,253,1,174,1,79
44:3D:54:BE:12:3C,ALL,udp:41055,192.168.3.1*,2,242,1,89,1,153
44:3D:54:BE:12:3C,ALL,udp:41055,192.168.3.105*,2,242,1,153,1,89
44:3D:54:BE:12:3C,ALL,udp:40189,192.168.3.1*,2,253,1,79,1,174
44:3D:54:BE:12:3C,ALL,udp:40189,192.168.3.105*,2,253,1,174,1,79
44:3D:54:BE:12:3C,ALL,udp:1377,192.168.3.1*,2,253,1,79,1,174
44:3D:54:BE:12:3C,ALL,udp:1377,192.168.3.105*,2,253,1,174,1,79
44:3D:54:BE:12:3C,ALL,udp:25928,192.168.3.1*,2,242,1,89,1,153
44:3D:54:BE:12:3C,ALL,udp:25928,192.168.3.105*,2,242,1,153,1,89
44:3D:54:BE:12:3C,ALL,udp:9648,192.168.3.1*,2,170,1,77,1,93
44:3D:54:BE:12:3C,ALL,udp:9648,192.168.3.105*,2,170,1,93,1,77
44:3D:54:BE:12:3C,ALL,udp:56897,192.168.3.1*,2,253,1,79,1,174
44:3D:54:BE:12:3C,ALL,udp:56897,192.168.3.105*,2,253,1,174,1,79
44:3D:54:BE:12:3C,ALL,udp:45365,192.168.3.1*,2,253,1,79,1,174
44:3D:54:BE:12:3C,ALL,udp:45365,192.168.3.105*,2,253,1,174,1,79
44:3D:54:BE:12:3C,ALL,udp:52554,192.168.3.1*,2,368,1,120,1,248
44:3D:54:BE:12:3C,ALL,udp:52554,192.168.3.105*,2,368,1,248,1,120
44:3D:54:BE:12:3C,ALL,udp:47700,192.168.3.1*,2,242,1,89,1,153
44:3D:54:BE:12:3C,ALL,udp:47700,192.168.3.105*,2,242,1,153,1,89
44:3D:54:BE:12:3C,ALL,udp:40613,192.168.3.1*,2,253,1,79,1,174
44:3D:54:BE:12:3C,ALL,udp:40613,192.168.3.105*,2,253,1,174,1,79
44:3D:54:BE:12:3C,ALL,udp:31664,192.168.3.1*,2,253,1,79,1,174
44:3D:54:BE:12:3C,ALL,udp:31664,192.168.3.105*,2,253,1,174,1,79
44:3D:54:BE:12:3C,ALL,udp:4711,192.168.3.1*,2,242,1,89,1,153
44:3D:54:BE:12:3C,ALL,udp:4711,192.168.3.105*,2,242,1,153,1,89
44:3D:54:BE:12:3C,ALL,udp:9389,192.168.3.1*,2,253,1,79,1,174
44:3D:54:BE:12:3C,ALL,udp:9389,192.168.3.105*,2,253,1,174,1,79
44:3D:54:BE:12:3C,ALL,udp:39185,192.168.3.1*,2,242,1,89,1,153
44:3D:54:BE:12:3C,ALL,udp:39185,192.168.3.105*,2,242,1,153,1,89
44:3D:54:BE:12:3C,ALL,udp:49276,192.168.3.1*,2,228,1,90,1,138
44:3D:54:BE:12:3C,ALL,udp:49276,192.168.3.105*,2,228,1,138,1,90
44:3D:54:BE:12:3C,ALL,udp:37199,192.168.3.1*,2,170,1,77,1,93
44:3D:54:BE:12:3C,ALL,udp:37199,192.168.3.105*,2,170,1,93,1,77
44:3D:54:BE:12:3C,ALL,udp:3169,192.168.3.1*,2,242,1,89,1,153
44:3D:54:BE:12:3C,ALL,udp:3169,192.168.3.105*,2,242,1,153,1,89
44:3D:54:BE:12:3C,ALL,udp:1050,192.168.3.1*,2,253,1,79,1,174
44:3D:54:BE:12:3C,ALL,udp:1050,192.168.3.105*,2,253,1,174,1,79
44:3D:54:BE:12:3C,ALL,udp:51106,192.168.3.1*,2,242,1,89,1,153
44:3D:54:BE:12:3C,ALL,udp:51106,192.168.3.105*,2,242,1,153,1,89
44:3D:54:BE:12:3C,ALL,udp:8593,192.168.3.1*,2,253,1,79,1,174
44:3D:54:BE:12:3C,ALL,udp:8593,192.168.3.105*,2,253,1,174,1,79
44:3D:54:BE:12:3C,ALL,udp:13597,192.168.3.1*,2,242,1,89,1,153
44:3D:54:BE:12:3C,ALL,udp:13597,192.168.3.105*,2,242,1,153,1,89
44:3D:54:BE:12:3C,ALL,udp:35831,192.168.3.1*,2,170,1,77,1,93
44:3D:54:BE:12:3C,ALL,udp:35831,192.168.3.105*,2,170,1,93,1,77
44:3D:54:BE:12:3C,ALL,udp:57556,192.168.3.1*,2,253,1,79,1,174
44:3D:54:BE:12:3C,ALL,udp:57556,192.168.3.105*,2,253,1,174,1,79
44:3D:54:BE:12:3C,ALL,udp:13142,192.168.3.1*,2,368,1,120,1,248
44:3D:54:BE:12:3C,ALL,udp:13142,192.168.3.105*,2,368,1,248,1,120
44:3D:54:BE:12:3C,ALL,udp:25882,192.168.3.1*,2,242,1,89,1,153
44:3D:54:BE:12:3C,ALL,udp:25882,192.168.3.105*,2,242,1,153,1,89
44:3D:54:BE:12:3C,ALL,udp:35337,192.168.3.1*,2,253,1,79,1,174
44:3D:54:BE:12:3C,ALL,udp:35337,192.168.3.105*,2,253,1,174,1,79
44:3D:54:BE:12:3C,ALL,udp:33845,192.168.3.1*,2,242,1,89,1,153
44:3D:54:BE:12:3C,ALL,udp:33845,192.168.3.105*,2,242,1,153,1,89
44:3D:54:BE:12:3C,ALL,udp:18351,192.168.3.1*,2,242,1,89,1,153
44:3D:54:BE:12:3C,ALL,udp:18351,192.168.3.105*,2,242,1,153,1,89
44:3D:54:BE:12:3C,ALL,udp:10876,192.168.3.1*,2,253,1,79,1,174
44:3D:54:BE:12:3C,ALL,udp:10876,192.168.3.105*,2,253,1,174,1,79
44:3D:54:BE:12:3C,ALL,udp:13533,192.168.3.1*,2,170,1,77,1,93
44:3D:54:BE:12:3C,ALL,udp:13533,192.168.3.105*,2,170,1,93,1,77
44:3D:54:BE:12:3C,ALL,udp:47505,192.168.3.1*,2,253,1,79,1,174
44:3D:54:BE:12:3C,ALL,udp:47505,192.168.3.105*,2,253,1,174,1,79
44:3D:54:BE:12:3C,ALL,udp:36141,192.168.3.1*,2,242,1,89,1,153
44:3D:54:BE:12:3C,ALL,udp:36141,192.168.3.105*,2,242,1,153,1,89
44:3D:54:BE:12:3C,ALL,udp:32756,192.168.3.1*,2,253,1,79,1,174
44:3D:54:BE:12:3C,ALL,udp:32756,192.168.3.105*,2,253,1,174,1,79
44:3D:54:BE:12:3C,ALL,udp:3955,192.168.3.1*,2,242,1,89,1,153
44:3D:54:BE:12:3C,ALL,udp:3955,192.168.3.105*,2,242,1,153,1,89
44:3D:54:BE:12:3C,ALL,udp:51712,192.168.3.1*,2,253,1,79,1,174
44:3D:54:BE:12:3C,ALL,udp:51712,192.168.3.105*,2,253,1,174,1,79
44:3D:54:BE:12:3C,ALL,udp:37551,192.168.3.1*,2,242,1,89,1,153
44:3D:54:BE:12:3C,ALL,udp:37551,192.168.3.105*,2,242,1,153,1,89
44:3D:54:BE:12:3C,ALL,udp:59887,192.168.3.1*,2,170,1,77,1,93
44:3D:54:BE:12:3C,ALL,udp:59887,192.168.3.105*,2,170,1,93,1,77
44:3D:54:BE:12:3C,ALL,udp:18930,192.168.3.1*,2,368,1,120,1,248
44:3D:54:BE:12:3C,ALL,udp:18930,192.168.3.105*,2,368,1,248,1,120
44:3D:54:BE:12:3C,ALL,udp:1420,192.168.3.1*,2,242,1,89,1,153
44:3D:54:BE:12:3C,ALL,udp:1420,192.168.3.105*,2,242,1,153,1,89
44:3D:54:BE:12:3C,ALL,udp:23396,192.168.3.1*,2,253,1,79,1,174
44:3D:54:BE:12:3C,ALL,udp:23396,192.168.3.105*,2,253,1,174,1,79
44:3D:54:BE:12:3C,ALL,udp:11071,192.168.3.1*,2,253,1,79,1,174
44:3D:54:BE:12:3C,ALL,udp:11071,192.168.3.105*,2,253,1,174,1,79
44:3D:54:BE:12:3C,ALL,udp:55453,192.168.3.1*,2,253,1,79,1,174
44:3D:54:BE:12:3C,ALL,udp:55453,192.168.3.105*,2,253,1,174,1,79
44:3D:54:BE:12:3C,ALL,udp:36778,192.168.3.1*,2,253,1,79,1,174
44:3D:54:BE:12:3C,ALL,udp:36778,192.168.3.105*,2,253,1,174,1,79
44:3D:54:BE:12:3C,ALL,udp:49333,192.168.3.1*,2,242,1,89,1,153
44:3D:54:BE:12:3C,ALL,udp:49333,192.168.3.105*,2,242,1,153,1,89
44:3D:54:BE:12:3C,ALL,udp:3166,192.168.3.1*,2,228,1,90,1,138
44:3D:54:BE:12:3C,ALL,udp:3166,192.168.3.105*,2,228,1,138,1,90
44:3D:54:BE:12:3C,ALL,udp:31285,192.168.3.1*,2,242,1,89,1,153
44:3D:54:BE:12:3C,ALL,udp:31285,192.168.3.105*,2,242,1,153,1,89
44:3D:54:BE:12:3C,ALL,udp:30996,192.168.3.1*,2,170,1,77,1,93
44:3D:54:BE:12:3C,ALL,udp:30996,192.168.3.105*,2,170,1,93,1,77
44:3D:54:BE:12:3C,ALL,udp:49941,192.168.3.1*,2,253,1,79,1,174
44:3D:54:BE:12:3C,ALL,udp:49941,192.168.3.105*,2,253,1,174,1,79
44:3D:54:BE:12:3C,ALL,udp:40406,192.168.3.1*,2,253,1,79,1,174
44:3D:54:BE:12:3C,ALL,udp:40406,192.168.3.105*,2,253,1,174,1,79
44:3D:54:BE:12:3C,ALL,udp:14553,192.168.3.1*,2,242,1,89,1,153
44:3D:54:BE:12:3C,ALL,udp:14553,192.168.3.105*,2,242,1,153,1,89
44:3D:54:BE:12:3C,ALL,udp:18412,192.168.3.1*,2,253,1,79,1,174
44:3D:54:BE:12:3C,ALL,udp:18412,192.168.3.105*,2,253,1,174,1,79
44:3D:54:BE:12:3C,ALL,udp:64724,192.168.3.1*,2,242,1,89,1,153
44:3D:54:BE:12:3C,ALL,udp:64724,192.168.3.105*,2,242,1,153,1,89
44:3D:54:BE:12:3C,ALL,udp:35908,192.168.3.1*,2,253,1,79,1,174
44:3D:54:BE:12:3C,ALL,udp:35908,192.168.3.105*,2,253,1,174,1,79
44:3D:54:BE:12:3C,ALL,udp:4750,192.168.3.1*,2,242,1,89,1,153
44:3D:54:BE:12:3C,ALL,udp:4750,192.168.3.105*,2,242,1,153,1,89
44:3D:54:BE:12:3C,ALL,udp:52750,192.168.3.1*,2,368,1,120,1,248
44:3D:54:BE:12:3C,ALL,udp:52750,192.168.3.105*,2,368,1,248,1,120
44:3D:54:BE:12:3C,ALL,udp:50767,192.168.3.1*,2,242,1,89,1,153
44:3D:54:BE:12:3C,ALL,udp:50767,192.168.3.105*,2,242,1,153,1,89
44:3D:54:BE:12:3C,ALL,udp:26002,192.168.3.1*,2,253,1,79,1,174
44:3D:54:BE:12:3C,ALL,udp:26002,192.168.3.105*,2,253,1,174,1,79
44:3D:54:BE:12:3C,ALL,udp:17985,192.168.3.1*,2,242,1,89,1,153
44:3D:54:BE:12:3C,ALL,udp:17985,192.168.3.105*,2,242,1,153,1,89
44:3D:54:BE:12:3C,ALL,udp:64222,192.168.3.1*,2,253,1,79,1,174
44:3D:54:BE:12:3C,ALL,udp:64222,192.168.3.105*,2,253,1,174,1,79
44:3D:54:BE:12:3C,ALL,udp:58598,192.168.3.1*,2,228,1,90,1,138
44:3D:54:BE:12:3C,ALL,udp:58598,192.168.3.105*,2,228,1,138,1,90
44:3D:54:BE:12:3C,ALL,udp:39546,192.168.3.1*,2,253,1,79,1,174
44:3D:54:BE:12:3C,ALL,udp:39546,192.168.3.105*,2,253,1,174,1,79
44:3D:54:BE:12:3C,ALL,udp:17456,192.168.3.1*,2,242,1,89,1,153
44:3D:54:BE:12:3C,ALL,udp:17456,192.168.3.105*,2,242,1,153,1,89
44:3D:54:BE:12:3C,ALL,udp:31244,192.168.3.1*,2,170,1,77,1,93
44:3D:54:BE:12:3C,ALL,udp:31244,192.168.3.105*,2,170,1,93,1,77
44:3D:54:BE:12:3C,ALL,udp:25775,192.168.3.1*,2,164,1,74,1,90
44:3D:54:BE:12:3C,ALL,udp:25775,192.168.3.105*,2,164,1,90,1,74
44:3D:54:BE:12:3C,ALL,udp:60177,192.168.3.1*,2,253,1,79,1,174
44:3D:54:BE:12:3C,ALL,udp:60177,192.168.3.105*,2,253,1,174,1,79
44:3D:54:BE:12:3C,ALL,udp:44633,192.168.3.1*,2,242,1,89,1,153
44:3D:54:BE:12:3C,ALL,udp:44633,192.168.3.105*,2,242,1,153,1,89
44:3D:54:BE:12:3C,ALL,udp:61680,192.168.3.1*,2,253,1,79,1,174
44:3D:54:BE:12:3C,ALL,udp:61680,192.168.3.105*,2,253,1,174,1,79
44:3D:54:BE:12:3C,ALL,udp:20380,192.168.3.1*,2,253,1,79,1,174
44:3D:54:BE:12:3C,ALL,udp:20380,192.168.3.105*,2,253,1,174,1,79
44:3D:54:BE:12:3C,ALL,udp:20281,192.168.3.1*,2,242,1,89,1,153
44:3D:54:BE:12:3C,ALL,udp:20281,192.168.3.105*,2,242,1,153,1,89
44:3D:54:BE:12:3C,ALL,udp:53224,192.168.3.1*,2,242,1,89,1,153
44:3D:54:BE:12:3C,ALL,udp:53224,192.168.3.105*,2,242,1,153,1,89
44:3D:54:BE:12:3C,ALL,udp:44299,192.168.3.1*,2,170,1,77,1,93
44:3D:54:BE:12:3C,ALL,udp:44299,192.168.3.105*,2,170,1,93,1,77
44:3D:54:BE:12:3C,ALL,udp:57304,192.168.3.1*,2,253,1,79,1,174
44:3D:54:BE:12:3C,ALL,udp:57304,192.168.3.105*,2,253,1,174,1,79
44:3D:54:BE:12:3C,ALL,udp:18326,192.168.3.1*,2,368,1,120,1,248
44:3D:54:BE:12:3C,ALL,udp:18326,192.168.3.105*,2,368,1,248,1,120
44:3D:54:BE:12:3C,ALL,udp:21465,192.168.3.1*,2,242,1,89,1,153
44:3D:54:BE:12:3C,ALL,udp:21465,192.168.3.105*,2,242,1,153,1,89
44:3D:54:BE:12:3C,ALL,udp:4369,192.168.3.1*,2,253,1,79,1,174
44:3D:54:BE:12:3C,ALL,udp:4369,192.168.3.105*,2,253,1,174,1,79
44:3D:54:BE:12:3C,ALL,udp:58634,192.168.3.1*,2,253,1,79,1,174
44:3D:54:BE:12:3C,ALL,udp:58634,192.168.3.105*,2,253,1,174,1,79
44:3D:54:BE:12:3C,ALL,udp:57464,192.168.3.1*,2,253,1,79,1,174
44:3D:54:BE:12:3C,ALL,udp:57464,192.168.3.105*,2,253,1,174,1,79
44:3D:54:BE:12:3C,ALL,udp:43727,192.168.3.1*,2,242,1,89,1,153
44:3D:54:BE:12:3C,ALL,udp:43727,192.168.3.105*,2,242,1,153,1,89
44:3D:54:BE:12:3C,ALL,udp:22022,192.168.3.1*,2,228,1,90,1,138
44:3D:54:BE:12:3C,ALL,udp:22022,192.168.3.105*,2,228,1,138,1,90
44:3D:54:BE:12:3C,ALL,udp:48159,192.168.3.1*,2,242,1,89,1,153
44:3D:54:BE:12:3C,ALL,udp:48159,192.168.3.105*,2,242,1,153,1,89
44:3D:54:BE:12:3C,ALL,udp:49567,192.168.3.1*,2,170,1,77,1,93
44:3D:54:BE:12:3C,ALL,udp:49567,192.168.3.105*,2,170,1,93,1,77
44:3D:54:BE:12:3C,ALL,udp:29245,192.168.3.1*,2,242,1,89,1,153
44:3D:54:BE:12:3C,ALL,udp:29245,192.168.3.105*,2,242,1,153,1,89
44:3D:54:BE:12:3C,ALL,udp:9954,192.168.3.1*,2,253,1,79,1,174
44:3D:54:BE:12:3C,ALL,udp:9954,192.168.3.105*,2,253,1,174,1,79
44:3D:54:BE:12:3C,ALL,udp:10580,192.168.3.1*,2,253,1,79,1,174
44:3D:54:BE:12:3C,ALL,udp:10580,192.168.3.105*,2,253,1,174,1,79
44:3D:54:BE:12:3C,ALL,udp:64297,192.168.3.1*,2,242,1,89,1,153
44:3D:54:BE:12:3C,ALL,udp:64297,192.168.3.105*,2,242,1,153,1,89
44:3D:54:BE:12:3C,ALL,udp:2002,192.168.3.1*,2,253,1,79,1,174
44:3D:54:BE:12:3C,ALL,udp:2002,192.168.3.105*,2,253,1,174,1,79
44:3D:54:BE:12:3C,ALL,udp:27615,192.168.3.1*,2,242,1,89,1,153
44:3D:54:BE:12:3C,ALL,udp:27615,192.168.3.105*,2,242,1,153,1,89
44:3D:54:BE:12:3C,ALL,udp:1181,192.168.3.1*,2,170,1,77,1,93
44:3D:54:BE:12:3C,ALL,udp:1181,192.168.3.105*,2,170,1,93,1,77
44:3D:54:BE:12:3C,ALL,udp:45519,192.168.3.1*,2,253,1,79,1,174
44:3D:54:BE:12:3C,ALL,udp:45519,192.168.3.105*,2,253,1,174,1,79
44:3D:54:BE:12:3C,ALL,udp:63302,192.168.3.1*,2,368,1,120,1,248
44:3D:54:BE:12:3C,ALL,udp:63302,192.168.3.105*,2,368,1,248,1,120
44:3D:54:BE:12:3C,ALL,udp:52505,192.168.3.1*,2,242,1,89,1,153
44:3D:54:BE:12:3C,ALL,udp:52505,192.168.3.105*,2,242,1,153,1,89
44:3D:54:BE:12:3C,ALL,udp:30166,192.168.3.1*,2,253,1,79,1,174
44:3D:54:BE:12:3C,ALL,udp:30166,192.168.3.105*,2,253,1,174,1,79
44:3D:54:BE:12:3C,ALL,udp:13765,192.168.3.1*,2,242,1,89,1,153
44:3D:54:BE:12:3C,ALL,udp:13765,192.168.3.105*,2,242,1,153,1,89
44:3D:54:BE:12:3C,ALL,udp:2769,192.168.3.1*,2,253,1,79,1,174
44:3D:54:BE:12:3C,ALL,udp:2769,192.168.3.105*,2,253,1,174,1,79
44:3D:54:BE:12:3C,ALL,udp:4083,192.168.3.1*,2,228,1,90,1,138
44:3D:54:BE:12:3C,ALL,udp:4083,192.168.3.105*,2,228,1,138,1,90
44:3D:54:BE:12:3C,ALL,udp:44210,192.168.3.1*,2,164,1,74,1,90
44:3D:54:BE:12:3C,ALL,udp:44210,192.168.3.105*,2,164,1,90,1,74
44:3D:54:BE:12:3C,ALL,udp:34191,192.168.3.1*,2,242,1,89,1,153
44:3D:54:BE:12:3C,ALL,udp:34191,192.168.3.105*,2,242,1,153,1,89
44:3D:54:BE:12:3C,ALL,udp:49515,192.168.3.1*,2,170,1,77,1,93
44:3D:54:BE:12:3C,ALL,udp:49515,192.168.3.105*,2,170,1,93,1,77
44:3D:54:BE:12:3C,ALL,udp:2126,192.168.3.1*,2,253,1,79,1,174
44:3D:54:BE:12:3C,ALL,udp:2126,192.168.3.105*,2,253,1,174,1,79
44:3D:54:BE:12:3C,ALL,udp:30894,192.168.3.1*,2,242,1,89,1,153
44:3D:54:BE:12:3C,ALL,udp:30894,192.168.3.105*,2,242,1,153,1,89
44:3D:54:BE:12:3C,ALL,udp:41049,192.168.3.1*,2,242,1,89,1,153
44:3D:54:BE:12:3C,ALL,udp:41049,192.168.3.105*,2,242,1,153,1,89
44:3D:54:BE:12:3C,ALL,udp:47965,192.168.3.1*,2,253,1,79,1,174
44:3D:54:BE:12:3C,ALL,udp:47965,192.168.3.105*,2,253,1,174,1,79
44:3D:54:BE:12:3C,ALL,udp:61581,192.168.3.1*,2,253,1,79,1,174
44:3D:54:BE:12:3C,ALL,udp:61581,192.168.3.105*,2,253,1,174,1,79
44:3D:54:BE:12:3C,ALL,udp:25964,192.168.3.1*,2,242,1,89,1,153
44:3D:54:BE:12:3C,ALL,udp:25964,192.168.3.105*,2,242,1,153,1,89
44:3D:54:BE:12:3C,ALL,udp:5959,192.168.3.1*,2,170,1,77,1,93
44:3D:54:BE:12:3C,ALL,udp:5959,192.168.3.105*,2,170,1,93,1,77
44:3D:54:BE:12:3C,ALL,udp:33760,192.168.3.1*,2,253,1,79,1,174
44:3D:54:BE:12:3C,ALL,udp:33760,192.168.3.105*,2,253,1,174,1,79
44:3D:54:BE:12:3C,ALL,udp:58474,192.168.3.1*,2,253,1,79,1,174
44:3D:54:BE:12:3C,ALL,udp:58474,192.168.3.105*,2,253,1,174,1,79
44:3D:54:BE:12:3C,ALL,udp:58209,192.168.3.1*,2,368,1,120,1,248
44:3D:54:BE:12:3C,ALL,udp:58209,192.168.3.105*,2,368,1,248,1,120
44:3D:54:BE:12:3C,ALL,udp:63120,192.168.3.1*,2,242,1,89,1,153
44:3D:54:BE:12:3C,ALL,udp:63120,192.168.3.105*,2,242,1,153,1,89
44:3D:54:BE:12:3C,ALL,udp:58756,192.168.3.1*,2,253,1,79,1,174
44:3D:54:BE:12:3C,ALL,udp:58756,192.168.3.105*,2,253,1,174,1,79
44:3D:54:BE:12:3C,ALL,udp:11175,192.168.3.1*,2,228,1,90,1,138
44:3D:54:BE:12:3C,ALL,udp:11175,192.168.3.105*,2,228,1,138,1,90
44:3D:54:BE:12:3C,ALL,udp:19046,192.168.3.1*,2,242,1,89,1,153
44:3D:54:BE:12:3C,ALL,udp:19046,192.168.3.105*,2,242,1,153,1,89
44:3D:54:BE:12:3C,ALL,udp:7924,192.168.3.1*,2,253,1,79,1,174
44:3D:54:BE:12:3C,ALL,udp:7924,192.168.3.105*,2,253,1,174,1,79
44:3D:54:BE:12:3C,ALL,udp:60218,192.168.3.1*,2,242,1,89,1,153
44:3D:54:BE:12:3C,ALL,udp:60218,192.168.3.105*,2,242,1,153,1,89
44:3D:54:BE:12:3C,ALL,udp:32462,192.168.3.1*,2,242,1,89,1,153
44:3D:54:BE:12:3C,ALL,udp:32462,192.168.3.105*,2,242,1,153,1,89
44:3D:54:BE:12:3C,ALL,udp:2616,192.168.3.1*,2,253,1,79,1,174
44:3D:54:BE:12:3C,ALL,udp:2616,192.168.3.105*,2,253,1,174,1,79
44:3D:54:BE:12:3C,ALL,udp:60437,192.168.3.1*,2,164,1,74,1,90
44:3D:54:BE:12:3C,ALL,udp:60437,192.168.3.105*,2,164,1,90,1,74
44:3D:54:BE:12:3C,ALL,udp:63018,192.168.3.1*,2,242,1,89,1,153
44:3D:54:BE:12:3C,ALL,udp:63018,192.168.3.105*,2,242,1,153,1,89
44:3D:54:BE:12:3C,ALL,udp:46378,192.168.3.1*,2,253,1,79,1,174
44:3D:54:BE:12:3C,ALL,udp:46378,192.168.3.105*,2,253,1,174,1,79
44:3D:54:BE:12:3C,ALL,udp:18399,192.168.3.1*,2,253,1,79,1,174
44:3D:54:BE:12:3C,ALL,udp:18399,192.168.3.105*,2,253,1,174,1,79
44:3D:54:BE:12:3C,ALL,udp:7196,192.168.3.1*,2,253,1,79,1,174
44:3D:54:BE:12:3C,ALL,udp:7196,192.168.3.105*,2,253,1,174,1,79
44:3D:54:BE:12:3C,ALL,udp:12516,192.168.3.1*,2,242,1,89,1,153
44:3D:54:BE:12:3C,ALL,udp:12516,192.168.3.105*,2,242,1,153,1,89
44:3D:54:BE:12:3C,ALL,udp:4626,192.168.3.1*,2,170,1,77,1,93
44:3D:54:BE:12:3C,ALL,udp:4626,192.168.3.105*,2,170,1,93,1,77
44:3D:54:BE:12:3C,ALL,udp:47082,192.168.3.1*,2,253,1,79,1,174
44:3D:54:BE:12:3C,ALL,udp:47082,192.168.3.105*,2,253,1,174,1,79
44:3D:54:BE:12:3C,ALL,udp:34134,192.168.3.1*,2,368,1,120,1,248
44:3D:54:BE:12:3C,ALL,udp:34134,192.168.3.105*,2,368,1,248,1,120
44:3D:54:BE:12:3C,ALL,udp:38003,192.168.3.1*,2,253,1,79,1,174
44:3D:54:BE:12:3C,ALL,udp:38003,192.168.3.105*,2,253,1,174,1,79
44:3D:54:BE:12:3C,ALL,udp:38455,192.168.3.1*,2,242,1,89,1,153
44:3D:54:BE:12:3C,ALL,udp:38455,192.168.3.105*,2,242,1,153,1,89
44:3D:54:BE:12:3C,ALL,udp:13971,192.168.3.1*,2,228,1,90,1,138
44:3D:54:BE:12:3C,ALL,udp:13971,192.168.3.105*,2,228,1,138,1,90
44:3D:54:BE:12:3C,ALL,udp:5805,192.168.3.1*,2,242,1,89,1,153
44:3D:54:BE:12:3C,ALL,udp:5805,192.168.3.105*,2,242,1,153,1,89
44:3D:54:BE:12:3C,ALL,udp:40508,192.168.3.1*,2,164,1,74,1,90
44:3D:54:BE:12:3C,ALL,udp:40508,192.168.3.105*,2,164,1,90,1,74
44:3D:54:BE:12:3C,ALL,udp:42807,192.168.3.1*,2,253,1,79,1,174
44:3D:54:BE:12:3C,ALL,udp:42807,192.168.3.105*,2,253,1,174,1,79
44:3D:54:BE:12:3C,ALL,udp:35798,192.168.3.1*,2,242,1,89,1,153
44:3D:54:BE:12:3C,ALL,udp:35798,192.168.3.105*,2,242,1,153,1,89
44:3D:54:BE:12:3C,ALL,udp:20826,192.168.3.1*,2,170,1,77,1,93
44:3D:54:BE:12:3C,ALL,udp:20826,192.168.3.105*,2,170,1,93,1,77
44:3D:54:BE:12:3C,ALL,udp:2815,192.168.3.1*,2,253,1,79,1,174
44:3D:54:BE:12:3C,ALL,udp:2815,192.168.3.105*,2,253,1,174,1,79
44:3D:54:BE:12:3C,ALL,udp:58110,192.168.3.1*,2,242,1,89,1,153
44:3D:54:BE:12:3C,ALL,udp:58110,192.168.3.105*,2,242,1,153,1,89
44:3D:54:BE:12:3C,ALL,udp:16471,192.168.3.1*,2,242,1,89,1,153
44:3D:54:BE:12:3C,ALL,udp:16471,192.168.3.105*,2,242,1,153,1,89
44:3D:54:BE:12:3C,ALL,udp:44041,192.168.3.1*,2,242,1,89,1,153
44:3D:54:BE:12:3C,ALL,udp:44041,192.168.3.105*,2,242,1,153,1,89
44:3D:54:BE:12:3C,ALL,udp:1496,192.168.3.1*,2,170,1,77,1,93
44:3D:54:BE:12:3C,ALL,udp:1496,192.168.3.105*,2,170,1,93,1,77
44:3D:54:BE:12:3C,ALL,udp:12438,192.168.3.1*,2,368,1,120,1,248
44:3D:54:BE:12:3C,ALL,udp:12438,192.168.3.105*,2,368,1,248,1,120
44:3D:54:BE:12:3C,ALL,udp:25641,192.168.3.1*,2,253,1,79,1,174
44:3D:54:BE:12:3C,ALL,udp:25641,192.168.3.105*,2,253,1,174,1,79
44:3D:54:BE:12:3C,ALL,udp:4456,192.168.3.1*,2,242,1,89,1,153
44:3D:54:BE:12:3C,ALL,udp:4456,192.168.3.105*,2,242,1,153,1,89
44:3D:54:BE:12:3C,ALL,udp:15525,192.168.3.1*,2,253,1,79,1,174
44:3D:54:BE:12:3C,ALL,udp:15525,192.168.3.105*,2,253,1,174,1,79
44:3D:54:BE:12:3C,ALL,udp:44078,192.168.3.1*,2,228,1,90,1,138
44:3D:54:BE:12:3C,ALL,udp:44078,192.168.3.105*,2,228,1,138,1,90
44:3D:54:BE:12:3C,ALL,udp:42512,192.168.3.1*,2,242,1,89,1,153
44:3D:54:BE:12:3C,ALL,udp:42512,192.168.3.105*,2,242,1,153,1,89
44:3D:54:BE:12:3C,ALL,udp:3869,192.168.3.1*,2,164,1,74,1,90
44:3D:54:BE:12:3C,ALL,udp:3869,192.168.3.105*,2,164,1,90,1,74
44:3D:54:BE:12:3C,ALL,udp:4213,192.168.3.1*,2,253,1,79,1,174
44:3D:54:BE:12:3C,ALL,udp:4213,192.168.3.105*,2,253,1,174,1,79
44:3D:54:BE:12:3C,ALL,udp:4251,192.168.3.1*,2,242,1,89,1,153
44:3D:54:BE:12:3C,ALL,udp:4251,192.168.3.105*,2,242,1,153,1,89
44:3D:54:BE:12:3C,ALL,udp:26544,192.168.3.1*,2,170,1,77,1,93
44:3D:54:BE:12:3C,ALL,udp:26544,192.168.3.105*,2,170,1,93,1,77
44:3D:54:BE:12:3C,ALL,udp:39427,192.168.3.1*,2,253,1,79,1,174
44:3D:54:BE:12:3C,ALL,udp:39427,192.168.3.105*,2,253,1,174,1,79
44:3D:54:BE:12:3C,ALL,udp:41757,192.168.3.1*,2,253,1,79,1,174
44:3D:54:BE:12:3C,ALL,udp:41757,192.168.3.105*,2,253,1,174,1,79
44:3D:54:BE:12:3C,ALL,udp:61118,192.168.3.1*,2,242,1,89,1,153
44:3D:54:BE:12:3C,ALL,udp:61118,192.168.3.105*,2,242,1,153,1,89
44:3D:54:BE:12:3C,ALL,udp:6388,192.168.3.1*,2,242,1,89,1,153
44:3D:54:BE:12:3C,ALL,udp:6388,192.168.3.105*,2,242,1,153,1,89
44:3D:54:BE:12:3C,ALL,udp:12190,192.168.3.1*,2,253,1,79,1,174
44:3D:54:BE:12:3C,ALL,udp:12190,192.168.3.105*,2,253,1,174,1,79
44:3D:54:BE:12:3C,ALL,udp:32241,192.168.3.1*,2,242,1,89,1,153
44:3D:54:BE:12:3C,ALL,udp:32241,192.168.3.105*,2,242,1,153,1,89
44:3D:54:BE:12:3C,ALL,udp:45270,192.168.3.1*,2,242,1,89,1,153
44:3D:54:BE:12:3C,ALL,udp:45270,192.168.3.105*,2,242,1,153,1,89
44:3D:54:BE:12:3C,ALL,udp:48342,192.168.3.1*,2,170,1,77,1,93
44:3D:54:BE:12:3C,ALL,udp:48342,192.168.3.105*,2,170,1,93,1,77
44:3D:54:BE:12:3C,ALL,udp:6457,192.168.3.1*,2,253,1,79,1,174
44:3D:54:BE:12:3C,ALL,udp:6457,192.168.3.105*,2,253,1,174,1,79
44:3D:54:BE:12:3C,ALL,udp:25791,192.168.3.1*,2,368,1,120,1,248
44:3D:54:BE:12:3C,ALL,udp:25791,192.168.3.105*,2,368,1,248,1,120
44:3D:54:BE:12:3C,ALL,udp:26215,192.168.3.1*,2,242,1,89,1,153
44:3D:54:BE:12:3C,ALL,udp:26215,192.168.3.105*,2,242,1,153,1,89
44:3D:54:BE:12:3C,ALL,udp:23778,192.168.3.1*,2,253,1,79,1,174
44:3D:54:BE:12:3C,ALL,udp:23778,192.168.3.105*,2,253,1,174,1,79
44:3D:54:BE:12:3C,ALL,udp:13924,192.168.3.1*,2,228,1,90,1,138
44:3D:54:BE:12:3C,ALL,udp:13924,192.168.3.105*,2,228,1,138,1,90
44:3D:54:BE:12:3C,ALL,udp:58871,192.168.3.1*,2,242,1,89,1,153
44:3D:54:BE:12:3C,ALL,udp:58871,192.168.3.105*,2,242,1,153,1,89
44:3D:54:BE:12:3C,ALL,udp:63624,192.168.3.1*,2,164,1,74,1,90
44:3D:54:BE:12:3C,ALL,udp:63624,192.168.3.105*,2,164,1,90,1,74
44:3D:54:BE:12:3C,ALL,udp:12617,192.168.3.1*,2,242,1,89,1,153
44:3D:54:BE:12:3C,ALL,udp:12617,192.168.3.105*,2,242,1,153,1,89
44:3D:54:BE:12:3C,ALL,udp:8761,192.168.3.1*,2,170,1,77,1,93
44:3D:54:BE:12:3C,ALL,udp:8761,192.168.3.105*,2,170,1,93,1,77
44:3D:54:BE:12:3C,ALL,udp:33814,192.168.3.1*,2,253,1,79,1,174
44:3D:54:BE:12:3C,ALL,udp:33814,192.168.3.105*,2,253,1,174,1,79
44:3D:54:BE:12:3C,ALL,udp:30034,192.168.3.1*,2,242,1,89,1,153
44:3D:54:BE:12:3C,ALL,udp:30034,192.168.3.105*,2,242,1,153,1,89
44:3D:54:BE:12:3C,ALL,udp:48516,192.168.3.1*,2,253,1,79,1,174
44:3D:54:BE:12:3C,ALL,udp:48516,192.168.3.105*,2,253,1,174,1,79
44:3D:54:BE:12:3C,ALL,udp:55849,192.168.3.1*,2,242,1,89,1,153
44:3D:54:BE:12:3C,ALL,udp:55849,192.168.3.105*,2,242,1,153,1,89
44:3D:54:BE:12:3C,ALL,udp:45994,192.168.3.1*,2,170,1,77,1,93
44:3D:54:BE:12:3C,ALL,udp:45994,192.168.3.105*,2,170,1,93,1,77
44:3D:54:BE:12:3C,ALL,udp:32714,192.168.3.1*,2,253,1,79,1,174
44:3D:54:BE:12:3C,ALL,udp:32714,192.168.3.105*,2,253,1,174,1,79
44:3D:54:BE:12:3C,ALL,udp:22035,192.168.3.1*,2,368,1,120,1,248
44:3D:54:BE:12:3C,ALL,udp:22035,192.168.3.105*,2,368,1,248,1,120
44:3D:54:BE:12:3C,ALL,udp:18131,192.168.3.1*,2,253,1,79,1,174
44:3D:54:BE:12:3C,ALL,udp:18131,192.168.3.105*,2,253,1,174,1,79
44:3D:54:BE:12:3C,ALL,udp:24044,192.168.3.1*,2,242,1,89,1,153
44:3D:54:BE:12:3C,ALL,udp:24044,192.168.3.105*,2,242,1,153,1,89
44:3D:54:BE:12:3C,ALL,udp:63657,192.168.3.1*,2,228,1,90,1,138
44:3D:54:BE:12:3C,ALL,udp:63657,192.168.3.105*,2,228,1,138,1,90
44:3D:54:BE:12:3C,ALL,udp:25072,192.168.3.1*,2,253,1,79,1,174
44:3D:54:BE:12:3C,ALL,udp:25072,192.168.3.105*,2,253,1,174,1,79
44:3D:54:BE:12:3C,ALL,udp:16058,192.168.3.1*,2,242,1,89,1,153
44:3D:54:BE:12:3C,ALL,udp:16058,192.168.3.105*,2,242,1,153,1,89
44:3D:54:BE:12:3C,ALL,udp:50998,192.168.3.1*,2,242,1,89,1,153
44:3D:54:BE:12:3C,ALL,udp:50998,192.168.3.105*,2,242,1,153,1,89
44:3D:54:BE:12:3C,ALL,udp:39058,192.168.3.1*,2,170,1,77,1,93
44:3D:54:BE:12:3C,ALL,udp:39058,192.168.3.105*,2,170,1,93,1,77
44:3D:54:BE:12:3C,ALL,udp:20141,192.168.3.1*,2,242,1,89,1,153
44:3D:54:BE:12:3C,ALL,udp:20141,192.168.3.105*,2,242,1,153,1,89
44:3D:54:BE:12:3C,ALL,udp:64699,192.168.3.1*,2,242,1,89,1,153
44:3D:54:BE:12:3C,ALL,udp:64699,192.168.3.105*,2,242,1,153,1,89
44:3D:54:BE:12:3C,ALL,udp:65001,192.168.3.1*,2,253,1,79,1,174
44:3D:54:BE:12:3C,ALL,udp:65001,192.168.3.105*,2,253,1,174,1,79
44:3D:54:BE:12:3C,ALL,udp:29276,192.168.3.1*,2,242,1,89,1,153
44:3D:54:BE:12:3C,ALL,udp:29276,192.168.3.105*,2,242,1,153,1,89
44:3D:54:BE:12:3C,ALL,udp:3990,192.168.3.1*,2,170,1,77,1,93
44:3D:54:BE:12:3C,ALL,udp:3990,192.168.3.105*,2,170,1,93,1,77
44:3D:54:BE:12:3C,ALL,udp:63547,192.168.3.1*,2,253,1,79,1,174
44:3D:54:BE:12:3C,ALL,udp:63547,192.168.3.105*,2,253,1,174,1,79
44:3D:54:BE:12:3C,ALL,udp:36169,192.168.3.1*,2,368,1,120,1,248
44:3D:54:BE:12:3C,ALL,udp:36169,192.168.3.105*,2,368,1,248,1,120
44:3D:54:BE:12:3C,ALL,udp:40123,192.168.3.1*,2,228,1,90,1,138
44:3D:54:BE:12:3C,ALL,udp:40123,192.168.3.105*,2,228,1,138,1,90
44:3D:54:BE:12:3C,ALL,udp:37519,192.168.3.1*,2,401,1,86,1,315
44:3D:54:BE:12:3C,ALL,udp:37519,192.168.3.105*,2,401,1,315,1,86
44:3D:54:BE:12:3C,ALL,udp:57817,192.168.3.1*,2,242,1,89,1,153
44:3D:54:BE:12:3C,ALL,udp:57817,192.168.3.105*,2,242,1,153,1,89
44:3D:54:BE:12:3C,ALL,udp:24993,192.168.3.1*,2,253,1,79,1,174
44:3D:54:BE:12:3C,ALL,udp:24993,192.168.3.105*,2,253,1,174,1,79
44:3D:54:BE:12:3C,ALL,udp:26344,192.168.3.1*,2,164,1,74,1,90
44:3D:54:BE:12:3C,ALL,udp:26344,192.168.3.105*,2,164,1,90,1,74
44:3D:54:BE:12:3C,ALL,udp:55369,192.168.3.1*,2,253,1,79,1,174
44:3D:54:BE:12:3C,ALL,udp:55369,192.168.3.105*,2,253,1,174,1,79
44:3D:54:BE:12:3C,ALL,udp:57946,192.168.3.1*,2,242,1,89,1,153
44:3D:54:BE:12:3C,ALL,udp:57946,192.168.3.105*,2,242,1,153,1,89
44:3D:54:BE:12:3C,ALL,udp:27967,192.168.3.1*,2,253,1,79,1,174
44:3D:54:BE:12:3C,ALL,udp:27967,192.168.3.105*,2,253,1,174,1,79
44:3D:54:BE:12:3C,ALL,udp:3880,192.168.3.1*,2,170,1,77,1,93
44:3D:54:BE:12:3C,ALL,udp:3880,192.168.3.105*,2,170,1,93,1,77
44:3D:54:BE:12:3C,ALL,udp:42223,192.168.3.1*,2,242,1,89,1,153
44:3D:54:BE:12:3C,ALL,udp:42223,192.168.3.105*,2,242,1,153,1,89
44:3D:54:BE:12:3C,ALL,udp:42205,192.168.3.1*,2,253,1,79,1,174
44:3D:54:BE:12:3C,ALL,udp:42205,192.168.3.105*,2,253,1,174,1,79
44:3D:54:BE:12:3C,ALL,udp:2035,192.168.3.1*,2,253,1,79,1,174
44:3D:54:BE:12:3C,ALL,udp:2035,192.168.3.105*,2,253,1,174,1,79
44:3D:54:BE:12:3C,ALL,udp:20165,192.168.3.1*,2,242,1,89,1,153
44:3D:54:BE:12:3C,ALL,udp:20165,192.168.3.105*,2,242,1,153,1,89
44:3D:54:BE:12:3C,ALL,udp:52006,192.168.3.1*,2,242,1,89,1,153
44:3D:54:BE:12:3C,ALL,udp:52006,192.168.3.105*,2,242,1,153,1,89
44:3D:54:BE:12:3C,ALL,udp:37466,192.168.3.1*,2,170,1,77,1,93
44:3D:54:BE:12:3C,ALL,udp:37466,192.168.3.105*,2,170,1,93,1,77
44:3D:54:BE:12:3C,ALL,udp:57062,192.168.3.1*,2,253,1,79,1,174
44:3D:54:BE:12:3C,ALL,udp:57062,192.168.3.105*,2,253,1,174,1,79
44:3D:54:BE:12:3C,ALL,udp:4803,192.168.3.1*,2,228,1,90,1,138
44:3D:54:BE:12:3C,ALL,udp:4803,192.168.3.105*,2,228,1,138,1,90
44:3D:54:BE:12:3C,ALL,udp:33705,192.168.3.1*,2,368,1,120,1,248
44:3D:54:BE:12:3C,ALL,udp:33705,192.168.3.105*,2,368,1,248,1,120
44:3D:54:BE:12:3C,ALL,udp:31792,192.168.3.1*,2,242,1,89,1,153
44:3D:54:BE:12:3C,ALL,udp:31792,192.168.3.105*,2,242,1,153,1,89
44:3D:54:BE:12:3C,ALL,udp:56486,192.168.3.1*,2,253,1,79,1,174
44:3D:54:BE:12:3C,ALL,udp:56486,192.168.3.105*,2,253,1,174,1,79
44:3D:54:BE:12:3C,ALL,udp:39839,192.168.3.1*,2,253,1,79,1,174
44:3D:54:BE:12:3C,ALL,udp:39839,192.168.3.105*,2,253,1,174,1,79
44:3D:54:BE:12:3C,ALL,udp:17281,192.168.3.1*,2,242,1,89,1,153
44:3D:54:BE:12:3C,ALL,udp:17281,192.168.3.105*,2,242,1,153,1,89
44:3D:54:BE:12:3C,ALL,udp:53784,192.168.3.1*,2,253,1,79,1,174
44:3D:54:BE:12:3C,ALL,udp:53784,192.168.3.105*,2,253,1,174,1,79
44:3D:54:BE:12:3C,ALL,udp:53737,192.168.3.1*,2,242,1,89,1,153
44:3D:54:BE:12:3C,ALL,udp:53737,192.168.3.105*,2,242,1,153,1,89
44:3D:54:BE:12:3C,ALL,udp:51466,192.168.3.1*,2,253,1,79,1,174
44:3D:54:BE:12:3C,ALL,udp:51466,192.168.3.105*,2,253,1,174,1,79
44:3D:54:BE:12:3C,ALL,udp:34526,192.168.3.1*,2,170,1,77,1,93
44:3D:54:BE:12:3C,ALL,udp:34526,192.168.3.105*,2,170,1,93,1,77
44:3D:54:BE:12:3C,ALL,udp:53335,192.168.3.1*,2,253,1,79,1,174
44:3D:54:BE:12:3C,ALL,udp:53335,192.168.3.105*,2,253,1,174,1,79
44:3D:54:BE:12:3C,ALL,udp:31162,192.168.3.1*,2,242,1,89,1,153
44:3D:54:BE:12:3C,ALL,udp:31162,192.168.3.105*,2,242,1,153,1,89
44:3D:54:BE:12:3C,ALL,udp:56400,192.168.3.1*,2,253,1,79,1,174
44:3D:54:BE:12:3C,ALL,udp:56400,192.168.3.105*,2,253,1,174,1,79
44:3D:54:BE:12:3C,ALL,udp:37710,192.168.3.1*,2,242,1,89,1,153
44:3D:54:BE:12:3C,ALL,udp:37710,192.168.3.105*,2,242,1,153,1,89
44:3D:54:BE:12:3C,ALL,udp:56176,192.168.3.1*,2,253,1,79,1,174
44:3D:54:BE:12:3C,ALL,udp:56176,192.168.3.105*,2,253,1,174,1,79
44:3D:54:BE:12:3C,ALL,udp:27075,192.168.3.1*,2,242,1,89,1,153
44:3D:54:BE:12:3C,ALL,udp:27075,192.168.3.105*,2,242,1,153,1,89
44:3D:54:BE:12:3C,ALL,udp:7401,192.168.3.1*,2,228,1,90,1,138
44:3D:54:BE:12:3C,ALL,udp:7401,192.168.3.105*,2,228,1,138,1,90
44:3D:54:BE:12:3C,ALL,udp:35180,192.168.3.1*,2,253,1,79,1,174
44:3D:54:BE:12:3C,ALL,udp:35180,192.168.3.105*,2,253,1,174,1,79
44:3D:54:BE:12:3C,ALL,udp:51795,192.168.3.1*,2,368,1,120,1,248
44:3D:54:BE:12:3C,ALL,udp:51795,192.168.3.105*,2,368,1,248,1,120
44:3D:54:BE:12:3C,ALL,udp:45738,192.168.3.1*,2,242,1,89,1,153
44:3D:54:BE:12:3C,ALL,udp:45738,192.168.3.105*,2,242,1,153,1,89
44:3D:54:BE:12:3C,ALL,udp:8667,192.168.3.1*,2,164,1,74,1,90
44:3D:54:BE:12:3C,ALL,udp:8667,192.168.3.105*,2,164,1,90,1,74
44:3D:54:BE:12:3C,ALL,udp:19194,192.168.3.1*,2,242,1,89,1,153
44:3D:54:BE:12:3C,ALL,udp:19194,192.168.3.105*,2,242,1,153,1,89
44:3D:54:BE:12:3C,ALL,udp:60085,192.168.3.1*,2,242,1,89,1,153
44:3D:54:BE:12:3C,ALL,udp:60085,192.168.3.105*,2,242,1,153,1,89
44:3D:54:BE:12:3C,ALL,udp:45486,192.168.3.1*,2,170,1,77,1,93
44:3D:54:BE:12:3C,ALL,udp:45486,192.168.3.105*,2,170,1,93,1,77
44:3D:54:BE:12:3C,ALL,udp:11550,192.168.3.1*,2,253,1,79,1,174
44:3D:54:BE:12:3C,ALL,udp:11550,192.168.3.105*,2,253,1,174,1,79
44:3D:54:BE:12:3C,ALL,udp:10608,192.168.3.1*,2,253,1,79,1,174
44:3D:54:BE:12:3C,ALL,udp:10608,192.168.3.105*,2,253,1,174,1,79
44:3D:54:BE:12:3C,ALL,udp:65417,192.168.3.1*,2,253,1,79,1,174
44:3D:54:BE:12:3C,ALL,udp:65417,192.168.3.105*,2,253,1,174,1,79
44:3D:54:BE:12:3C,ALL,udp:21334,192.168.3.1*,2,253,1,79,1,174
44:3D:54:BE:12:3C,ALL,udp:21334,192.168.3.105*,2,253,1,174,1,79
44:3D:54:BE:12:3C,ALL,udp:38520,192.168.3.1*,2,242,1,89,1,153
44:3D:54:BE:12:3C,ALL,udp:38520,192.168.3.105*,2,242,1,153,1,89
44:3D:54:BE:12:3C,ALL,udp:35549,192.168.3.1*,2,228,1,90,1,138
44:3D:54:BE:12:3C,ALL,udp:35549,192.168.3.105*,2,228,1,138,1,90
44:3D:54:BE:12:3C,ALL,udp:28341,192.168.3.1*,2,368,1,120,1,248
44:3D:54:BE:12:3C,ALL,udp:28341,192.168.3.105*,2,368,1,248,1,120
44:3D:54:BE:12:3C,ALL,udp:19620,192.168.3.1*,2,242,1,89,1,153
44:3D:54:BE:12:3C,ALL,udp:19620,192.168.3.105*,2,242,1,153,1,89
44:3D:54:BE:12:3C,ALL,udp:13734,192.168.3.1*,2,253,1,79,1,174
44:3D:54:BE:12:3C,ALL,udp:13734,192.168.3.105*,2,253,1,174,1,79
44:3D:54:BE:12:3C,ALL,udp:55625,192.168.3.1*,2,253,1,79,1,174
44:3D:54:BE:12:3C,ALL,udp:55625,192.168.3.105*,2,253,1,174,1,79
44:3D:54:BE:12:3C,ALL,udp:34044,192.168.3.1*,2,242,1,89,1,153
44:3D:54:BE:12:3C,ALL,udp:34044,192.168.3.105*,2,242,1,153,1,89
44:3D:54:BE:12:3C,ALL,udp:13377,192.168.3.1*,2,253,1,79,1,174
44:3D:54:BE:12:3C,ALL,udp:13377,192.168.3.105*,2,253,1,174,1,79
44:3D:54:BE:12:3C,ALL,udp:3019,192.168.3.1*,2,242,1,89,1,153
44:3D:54:BE:12:3C,ALL,udp:3019,192.168.3.105*,2,242,1,153,1,89
44:3D:54:BE:12:3C,ALL,udp:8777,192.168.3.1*,2,170,1,77,1,93
44:3D:54:BE:12:3C,ALL,udp:8777,192.168.3.105*,2,170,1,93,1,77
44:3D:54:BE:12:3C,ALL,udp:9032,192.168.3.1*,2,253,1,79,1,174
44:3D:54:BE:12:3C,ALL,udp:9032,192.168.3.105*,2,253,1,174,1,79
44:3D:54:BE:12:3C,ALL,udp:36619,192.168.3.1*,2,242,1,89,1,153
44:3D:54:BE:12:3C,ALL,udp:36619,192.168.3.105*,2,242,1,153,1,89
44:3D:54:BE:12:3C,ALL,udp:4842,192.168.3.1*,2,253,1,79,1,174
44:3D:54:BE:12:3C,ALL,udp:4842,192.168.3.105*,2,253,1,174,1,79
44:3D:54:BE:12:3C,ALL,udp:38837,192.168.3.1*,2,242,1,89,1,153
44:3D:54:BE:12:3C,ALL,udp:38837,192.168.3.105*,2,242,1,153,1,89
44:3D:54:BE:12:3C,ALL,udp:41732,192.168.3.1*,2,228,1,90,1,138
44:3D:54:BE:12:3C,ALL,udp:41732,192.168.3.105*,2,228,1,138,1,90
44:3D:54:BE:12:3C,ALL,udp:43642,192.168.3.1*,2,170,1,77,1,93
44:3D:54:BE:12:3C,ALL,udp:43642,192.168.3.105*,2,170,1,93,1,77
44:3D:54:BE:12:3C,ALL,udp:2219,192.168.3.1*,2,368,1,120,1,248
44:3D:54:BE:12:3C,ALL,udp:2219,192.168.3.105*,2,368,1,248,1,120
44:3D:54:BE:12:3C,ALL,udp:4329,192.168.3.1*,2,242,1,89,1,153
44:3D:54:BE:12:3C,ALL,udp:4329,192.168.3.105*,2,242,1,153,1,89
44:3D:54:BE:12:3C,ALL,udp:58999,192.168.3.1*,2,253,1,79,1,174
44:3D:54:BE:12:3C,ALL,udp:58999,192.168.3.105*,2,253,1,174,1,79
44:3D:54:BE:12:3C,ALL,udp:53314,192.168.3.1*,2,253,1,79,1,174
44:3D:54:BE:12:3C,ALL,udp:53314,192.168.3.105*,2,253,1,174,1,79
44:3D:54:BE:12:3C,ALL,udp:45165,192.168.3.1*,2,242,1,89,1,153
44:3D:54:BE:12:3C,ALL,udp:45165,192.168.3.105*,2,242,1,153,1,89
44:3D:54:BE:12:3C,ALL,udp:21562,192.168.3.1*,2,242,1,89,1,153
44:3D:54:BE:12:3C,ALL,udp:21562,192.168.3.105*,2,242,1,153,1,89
44:3D:54:BE:12:3C,ALL,udp:32203,192.168.3.1*,2,170,1,77,1,93
44:3D:54:BE:12:3C,ALL,udp:32203,192.168.3.105*,2,170,1,93,1,77
44:3D:54:BE:12:3C,ALL,udp:56036,192.168.3.1*,2,242,1,89,1,153
44:3D:54:BE:12:3C,ALL,udp:56036,192.168.3.105*,2,242,1,153,1,89
44:3D:54:BE:12:3C,ALL,udp:63211,192.168.3.1*,2,253,1,79,1,174
44:3D:54:BE:12:3C,ALL,udp:63211,192.168.3.105*,2,253,1,174,1,79
44:3D:54:BE:12:3C,ALL,udp:25267,192.168.3.1*,2,242,1,89,1,153
44:3D:54:BE:12:3C,ALL,udp:25267,192.168.3.105*,2,242,1,153,1,89
44:3D:54:BE:12:3C,ALL,udp:30424,192.168.3.1*,2,253,1,79,1,174
44:3D:54:BE:12:3C,ALL,udp:30424,192.168.3.105*,2,253,1,174,1,79
44:3D:54:BE:12:3C,ALL,udp:36672,192.168.3.1*,2,242,1,89,1,153
44:3D:54:BE:12:3C,ALL,udp:36672,192.168.3.105*,2,242,1,153,1,89
44:3D:54:BE:12:3C,ALL,udp:15367,192.168.3.1*,2,368,1,120,1,248
44:3D:54:BE:12:3C,ALL,udp:15367,192.168.3.105*,2,368,1,248,1,120
44:3D:54:BE:12:3C,ALL,udp:11435,192.168.3.1*,2,242,1,89,1,153
44:3D:54:BE:12:3C,ALL,udp:11435,192.168.3.105*,2,242,1,153,1,89
44:3D:54:BE:12:3C,ALL,udp:30806,192.168.3.1*,2,253,1,79,1,174
44:3D:54:BE:12:3C,ALL,udp:30806,192.168.3.105*,2,253,1,174,1,79
44:3D:54:BE:12:3C,ALL,udp:7994,192.168.3.1*,2,253,1,79,1,174
44:3D:54:BE:12:3C,ALL,udp:7994,192.168.3.105*,2,253,1,174,1,79
44:3D:54:BE:12:3C,ALL,udp:57469,192.168.3.1*,2,242,1,89,1,153
44:3D:54:BE:12:3C,ALL,udp:57469,192.168.3.105*,2,242,1,153,1,89
44:3D:54:BE:12:3C,ALL,udp:62249,192.168.3.1*,2,253,1,79,1,174
44:3D:54:BE:12:3C,ALL,udp:62249,192.168.3.105*,2,253,1,174,1,79
44:3D:54:BE:12:3C,ALL,udp:44974,192.168.3.1*,2,253,1,79,1,174
44:3D:54:BE:12:3C,ALL,udp:44974,192.168.3.105*,2,253,1,174,1,79
44:3D:54:BE:12:3C,ALL,udp:30659,192.168.3.1*,2,242,1,89,1,153
44:3D:54:BE:12:3C,ALL,udp:30659,192.168.3.105*,2,242,1,153,1,89
44:3D:54:BE:12:3C,ALL,udp:29150,192.168.3.1*,2,170,1,77,1,93
44:3D:54:BE:12:3C,ALL,udp:29150,192.168.3.105*,2,170,1,93,1,77
44:3D:54:BE:12:3C,ALL,udp:23195,192.168.3.1*,2,253,1,79,1,174
44:3D:54:BE:12:3C,ALL,udp:23195,192.168.3.105*,2,253,1,174,1,79
44:3D:54:BE:12:3C,ALL,udp:33288,192.168.3.1*,2,253,1,79,1,174
44:3D:54:BE:12:3C,ALL,udp:33288,192.168.3.105*,2,253,1,174,1,79
44:3D:54:BE:12:3C,ALL,udp:36959,192.168.3.1*,2,253,1,79,1,174
44:3D:54:BE:12:3C,ALL,udp:36959,192.168.3.105*,2,253,1,174,1,79
44:3D:54:BE:12:3C,ALL,udp:40408,192.168.3.1*,2,242,1,89,1,153
44:3D:54:BE:12:3C,ALL,udp:40408,192.168.3.105*,2,242,1,153,1,89
44:3D:54:BE:12:3C,ALL,udp:2922,192.168.3.1*,2,253,1,79,1,174
44:3D:54:BE:12:3C,ALL,udp:2922,192.168.3.105*,2,253,1,174,1,79
44:3D:54:BE:12:3C,ALL,udp:30905,192.168.3.1*,2,242,1,89,1,153
44:3D:54:BE:12:3C,ALL,udp:30905,192.168.3.105*,2,242,1,153,1,89
44:3D:54:BE:12:3C,ALL,udp:48530,192.168.3.1*,2,228,1,90,1,138
44:3D:54:BE:12:3C,ALL,udp:48530,192.168.3.105*,2,228,1,138,1,90
44:3D:54:BE:12:3C,ALL,udp:47042,192.168.3.1*,2,242,1,89,1,153
44:3D:54:BE:12:3C,ALL,udp:47042,192.168.3.105*,2,242,1,153,1,89
44:3D:54:BE:12:3C,ALL,udp:1553,192.168.3.1*,2,170,1,77,1,93
44:3D:54:BE:12:3C,ALL,udp:1553,192.168.3.105*,2,170,1,93,1,77
44:3D:54:BE:12:3C,ALL,udp:21958,192.168.3.1*,2,368,1,120,1,248
44:3D:54:BE:12:3C,ALL,udp:21958,192.168.3.105*,2,368,1,248,1,120
44:3D:54:BE:12:3C,ALL,udp:22723,192.168.3.1*,2,164,1,74,1,90
44:3D:54:BE:12:3C,ALL,udp:22723,192.168.3.105*,2,164,1,90,1,74
44:3D:54:BE:12:3C,ALL,udp:16856,192.168.3.1*,2,242,1,89,1,153
44:3D:54:BE:12:3C,ALL,udp:16856,192.168.3.105*,2,242,1,153,1,89
44:3D:54:BE:12:3C,ALL,udp:38617,192.168.3.1*,2,253,1,79,1,174
44:3D:54:BE:12:3C,ALL,udp:38617,192.168.3.105*,2,253,1,174,1,79
44:3D:54:BE:12:3C,ALL,udp:62199,192.168.3.1*,2,242,1,89,1,153
44:3D:54:BE:12:3C,ALL,udp:62199,192.168.3.105*,2,242,1,153,1,89
44:3D:54:BE:12:3C,ALL,udp:11433,192.168.3.1*,2,242,1,89,1,153
44:3D:54:BE:12:3C,ALL,udp:11433,192.168.3.105*,2,242,1,153,1,89
44:3D:54:BE:12:3C,ALL,udp:16440,192.168.3.1*,2,170,1,77,1,93
44:3D:54:BE:12:3C,ALL,udp:16440,192.168.3.105*,2,170,1,93,1,77
44:3D:54:BE:12:3C,ALL,udp:1817,192.168.3.1*,2,242,1,89,1,153
44:3D:54:BE:12:3C,ALL,udp:1817,192.168.3.105*,2,242,1,153,1,89
44:3D:54:BE:12:3C,ALL,udp:62686,192.168.3.1*,2,253,1,79,1,174
44:3D:54:BE:12:3C,ALL,udp:62686,192.168.3.105*,2,253,1,174,1,79
44:3D:54:BE:12:3C,ALL,udp:63999,192.168.3.1*,2,253,1,79,1,174
44:3D:54:BE:12:3C,ALL,udp:63999,192.168.3.105*,2,253,1,174,1,79
44:3D:54:BE:12:3C,ALL,udp:55679,192.168.3.1*,2,253,1,79,1,174
44:3D:54:BE:12:3C,ALL,udp:55679,192.168.3.105*,2,253,1,174,1,79
44:3D:54:BE:12:3C,ALL,udp:1610,192.168.3.1*,2,253,1,79,1,174
44:3D:54:BE:12:3C,ALL,udp:1610,192.168.3.105*,2,253,1,174,1,79
44:3D:54:BE:12:3C,ALL,udp:26091,192.168.3.1*,2,242,1,89,1,153
44:3D:54:BE:12:3C,ALL,udp:26091,192.168.3.105*,2,242,1,153,1,89
44:3D:54:BE:12:3C,ALL,udp:58444,192.168.3.1*,2,228,1,90,1,138
44:3D:54:BE:12:3C,ALL,udp:58444,192.168.3.105*,2,228,1,138,1,90
44:3D:54:BE:12:3C,ALL,udp:60282,192.168.3.1*,2,253,1,79,1,174
44:3D:54:BE:12:3C,ALL,udp:60282,192.168.3.105*,2,253,1,174,1,79
44:3D:54:BE:12:3C,ALL,udp:52296,192.168.3.1*,2,242,1,89,1,153
44:3D:54:BE:12:3C,ALL,udp:52296,192.168.3.105*,2,242,1,153,1,89
44:3D:54:BE:12:3C,ALL,udp:11440,192.168.3.1*,2,170,1,77,1,93
44:3D:54:BE:12:3C,ALL,udp:11440,192.168.3.105*,2,170,1,93,1,77
44:3D:54:BE:12:3C,ALL,udp:17546,192.168.3.1*,2,253,1,79,1,174
44:3D:54:BE:12:3C,ALL,udp:17546,192.168.3.105*,2,253,1,174,1,79
44:3D:54:BE:12:3C,ALL,udp:38220,192.168.3.1*,2,368,1,120,1,248
44:3D:54:BE:12:3C,ALL,udp:38220,192.168.3.105*,2,368,1,248,1,120
44:3D:54:BE:12:3C,ALL,udp:65349,192.168.3.1*,2,242,1,89,1,153
44:3D:54:BE:12:3C,ALL,udp:65349,192.168.3.105*,2,242,1,153,1,89
44:3D:54:BE:12:3C,ALL,udp:55131,192.168.3.1*,2,253,1,79,1,174
44:3D:54:BE:12:3C,ALL,udp:55131,192.168.3.105*,2,253,1,174,1,79
44:3D:54:BE:12:3C,ALL,udp:18070,192.168.3.1*,2,242,1,89,1,153
44:3D:54:BE:12:3C,ALL,udp:18070,192.168.3.105*,2,242,1,153,1,89
44:3D:54:BE:12:3C,ALL,udp:1107,192.168.3.1*,2,253,1,79,1,174
44:3D:54:BE:12:3C,ALL,udp:1107,192.168.3.105*,2,253,1,174,1,79
44:3D:54:BE:12:3C,ALL,udp:64707,192.168.3.1*,2,253,1,79,1,174
44:3D:54:BE:12:3C,ALL,udp:64707,192.168.3.105*,2,253,1,174,1,79
44:3D:54:BE:12:3C,ALL,udp:57443,192.168.3.1*,2,242,1,89,1,153
44:3D:54:BE:12:3C,ALL,udp:57443,192.168.3.105*,2,242,1,153,1,89
44:3D:54:BE:12:3C,ALL,udp:56947,192.168.3.1*,2,170,1,77,1,93
44:3D:54:BE:12:3C,ALL,udp:56947,192.168.3.105*,2,170,1,93,1,77
44:3D:54:BE:12:3C,ALL,udp:7763,192.168.3.1*,2,242,1,89,1,153
44:3D:54:BE:12:3C,ALL,udp:7763,192.168.3.105*,2,242,1,153,1,89
44:3D:54:BE:12:3C,ALL,udp:11287,192.168.3.1*,2,253,1,79,1,174
44:3D:54:BE:12:3C,ALL,udp:11287,192.168.3.105*,2,253,1,174,1,79
44:3D:54:BE:12:3C,ALL,udp:56962,192.168.3.1*,2,253,1,79,1,174
44:3D:54:BE:12:3C,ALL,udp:56962,192.168.3.105*,2,253,1,174,1,79
44:3D:54:BE:12:3C,ALL,udp:59273,192.168.3.1*,2,242,1,89,1,153
44:3D:54:BE:12:3C,ALL,udp:59273,192.168.3.105*,2,242,1,153,1,89
44:3D:54:BE:12:3C,ALL,udp:57332,192.168.3.1*,2,253,1,79,1,174
44:3D:54:BE:12:3C,ALL,udp:57332,192.168.3.105*,2,253,1,174,1,79
44:3D:54:BE:12:3C,ALL,udp:20031,192.168.3.1*,2,228,1,90,1,138
44:3D:54:BE:12:3C,ALL,udp:20031,192.168.3.105*,2,228,1,138,1,90
44:3D:54:BE:12:3C,ALL,udp:37097,192.168.3.1*,2,242,1,89,1,153
44:3D:54:BE:12:3C,ALL,udp:37097,192.168.3.105*,2,242,1,153,1,89
44:3D:54:BE:12:3C,ALL,udp:24175,192.168.3.1*,2,164,1,74,1,90
44:3D:54:BE:12:3C,ALL,udp:24175,192.168.3.105*,2,164,1,90,1,74
44:3D:54:BE:12:3C,ALL,udp:28380,192.168.3.1*,2,368,1,120,1,248
44:3D:54:BE:12:3C,ALL,udp:28380,192.168.3.105*,2,368,1,248,1,120
44:3D:54:BE:12:3C,ALL,udp:2177,192.168.3.1*,2,242,1,89,1,153
44:3D:54:BE:12:3C,ALL,udp:2177,192.168.3.105*,2,242,1,153,1,89
44:3D:54:BE:12:3C,ALL,udp:8820,192.168.3.1*,2,253,1,79,1,174
44:3D:54:BE:12:3C,ALL,udp:8820,192.168.3.105*,2,253,1,174,1,79
44:3D:54:BE:12:3C,ALL,udp:42089,192.168.3.1*,2,242,1,89,1,153
44:3D:54:BE:12:3C,ALL,udp:42089,192.168.3.105*,2,242,1,153,1,89
44:3D:54:BE:12:3C,ALL,udp:15653,192.168.3.1*,2,242,1,89,1,153
44:3D:54:BE:12:3C,ALL,udp:15653,192.168.3.105*,2,242,1,153,1,89
44:3D:54:BE:12:3C,ALL,udp:10683,192.168.3.1*,2,170,1,77,1,93
44:3D:54:BE:12:3C,ALL,udp:10683,192.168.3.105*,2,170,1,93,1,77
44:3D:54:BE:12:3C,ALL,udp:40880,192.168.3.1*,2,253,1,79,1,174
44:3D:54:BE:12:3C,ALL,udp:40880,192.168.3.105*,2,253,1,174,1,79
44:3D:54:BE:12:3C,ALL,udp:37904,192.168.3.1*,2,253,1,79,1,174
44:3D:54:BE:12:3C,ALL,udp:37904,192.168.3.105*,2,253,1,174,1,79
44:3D:54:BE:12:3C,ALL,udp:62573,192.168.3.1*,2,242,1,89,1,153
44:3D:54:BE:12:3C,ALL,udp:62573,192.168.3.105*,2,242,1,153,1,89
44:3D:54:BE:12:3C,ALL,udp:36568,192.168.3.1*,2,253,1,79,1,174
44:3D:54:BE:12:3C,ALL,udp:36568,192.168.3.105*,2,253,1,174,1,79
44:3D:54:BE:12:3C,ALL,udp:22984,192.168.3.1*,2,242,1,89,1,153
44:3D:54:BE:12:3C,ALL,udp:22984,192.168.3.105*,2,242,1,153,1,89
44:3D:54:BE:12:3C,ALL,udp:21132,192.168.3.1*,2,253,1,79,1,174
44:3D:54:BE:12:3C,ALL,udp:21132,192.168.3.105*,2,253,1,174,1,79
44:3D:54:BE:12:3C,ALL,udp:2976,192.168.3.1*,2,228,1,90,1,138
44:3D:54:BE:12:3C,ALL,udp:2976,192.168.3.105*,2,228,1,138,1,90
44:3D:54:BE:12:3C,ALL,udp:36525,192.168.3.1*,2,253,1,79,1,174
44:3D:54:BE:12:3C,ALL,udp:36525,192.168.3.105*,2,253,1,174,1,79
44:3D:54:BE:12:3C,ALL,udp:40766,192.168.3.1*,2,242,1,89,1,153
44:3D:54:BE:12:3C,ALL,udp:40766,192.168.3.105*,2,242,1,153,1,89
44:3D:54:BE:12:3C,ALL,udp:41491,192.168.3.1*,2,170,1,77,1,93
44:3D:54:BE:12:3C,ALL,udp:41491,192.168.3.105*,2,170,1,93,1,77
44:3D:54:BE:12:3C,ALL,udp:9416,192.168.3.1*,2,253,1,79,1,174
44:3D:54:BE:12:3C,ALL,udp:9416,192.168.3.105*,2,253,1,174,1,79
44:3D:54:BE:12:3C,ALL,udp:10555,192.168.3.1*,2,368,1,120,1,248
44:3D:54:BE:12:3C,ALL,udp:10555,192.168.3.105*,2,368,1,248,1,120
44:3D:54:BE:12:3C,ALL,udp:3397,192.168.3.1*,2,242,1,89,1,153
44:3D:54:BE:12:3C,ALL,udp:3397,192.168.3.105*,2,242,1,153,1,89
44:3D:54:BE:12:3C,ALL,udp:48931,192.168.3.1*,2,253,1,79,1,174
44:3D:54:BE:12:3C,ALL,udp:48931,192.168.3.105*,2,253,1,174,1,79
44:3D:54:BE:12:3C,ALL,udp:38776,192.168.3.1*,2,242,1,89,1,153
44:3D:54:BE:12:3C,ALL,udp:38776,192.168.3.105*,2,242,1,153,1,89
44:3D:54:BE:12:3C,ALL,udp:56895,192.168.3.1*,2,253,1,79,1,174
44:3D:54:BE:12:3C,ALL,udp:56895,192.168.3.105*,2,253,1,174,1,79
44:3D:54:BE:12:3C,ALL,udp:33461,192.168.3.1*,2,242,1,89,1,153
44:3D:54:BE:12:3C,ALL,udp:33461,192.168.3.105*,2,242,1,153,1,89
44:3D:54:BE:12:3C,ALL,udp:1494,192.168.3.1*,2,170,1,77,1,93
44:3D:54:BE:12:3C,ALL,udp:1494,192.168.3.105*,2,170,1,93,1,77
44:3D:54:BE:12:3C,ALL,udp:12227,192.168.3.1*,2,253,1,79,1,174
44:3D:54:BE:12:3C,ALL,udp:12227,192.168.3.105*,2,253,1,174,1,79
44:3D:54:BE:12:3C,ALL,udp:27693,192.168.3.1*,2,253,1,79,1,174
44:3D:54:BE:12:3C,ALL,udp:27693,192.168.3.105*,2,253,1,174,1,79
44:3D:54:BE:12:3C,ALL,udp:63533,192.168.3.1*,2,242,1,89,1,153
44:3D:54:BE:12:3C,ALL,udp:63533,192.168.3.105*,2,242,1,153,1,89
44:3D:54:BE:12:3C,ALL,udp:14873,192.168.3.1*,2,228,1,90,1,138
44:3D:54:BE:12:3C,ALL,udp:14873,192.168.3.105*,2,228,1,138,1,90
44:3D:54:BE:12:3C,ALL,udp:14231,192.168.3.1*,2,242,1,89,1,153
44:3D:54:BE:12:3C,ALL,udp:14231,192.168.3.105*,2,242,1,153,1,89
44:3D:54:BE:12:3C,ALL,udp:59797,192.168.3.1*,2,253,1,79,1,174
44:3D:54:BE:12:3C,ALL,udp:59797,192.168.3.105*,2,253,1,174,1,79
44:3D:54:BE:12:3C,ALL,udp:59781,192.168.3.1*,2,170,1,77,1,93
44:3D:54:BE:12:3C,ALL,udp:59781,192.168.3.105*,2,170,1,93,1,77
44:3D:54:BE:12:3C,ALL,udp:50370,192.168.3.1*,2,253,1,79,1,174
44:3D:54:BE:12:3C,ALL,udp:50370,192.168.3.105*,2,253,1,174,1,79
44:3D:54:BE:12:3C,ALL,udp:31738,192.168.3.1*,2,368,1,120,1,248
44:3D:54:BE:12:3C,ALL,udp:31738,192.168.3.105*,2,368,1,248,1,120
44:3D:54:BE:12:3C,ALL,udp:6128,192.168.3.1*,2,242,1,89,1,153
44:3D:54:BE:12:3C,ALL,udp:6128,192.168.3.105*,2,242,1,153,1,89
44:3D:54:BE:12:3C,ALL,udp:48237,192.168.3.1*,2,242,1,89,1,153
44:3D:54:BE:12:3C,ALL,udp:48237,192.168.3.105*,2,242,1,153,1,89
44:3D:54:BE:12:3C,ALL,udp:37732,192.168.3.1*,2,253,1,79,1,174
44:3D:54:BE:12:3C,ALL,udp:37732,192.168.3.105*,2,253,1,174,1,79
44:3D:54:BE:12:3C,ALL,udp:62525,192.168.3.1*,2,253,1,79,1,174
44:3D:54:BE:12:3C,ALL,udp:62525,192.168.3.105*,2,253,1,174,1,79
44:3D:54:BE:12:3C,ALL,udp:32059,192.168.3.1*,2,242,1,89,1,153
44:3D:54:BE:12:3C,ALL,udp:32059,192.168.3.105*,2,242,1,153,1,89
44:3D:54:BE:12:3C,ALL,udp:28643,192.168.3.1*,2,170,1,77,1,93
44:3D:54:BE:12:3C,ALL,udp:28643,192.168.3.105*,2,170,1,93,1,77
44:3D:54:BE:12:3C,ALL,udp:7636,192.168.3.1*,2,253,1,79,1,174
44:3D:54:BE:12:3C,ALL,udp:7636,192.168.3.105*,2,253,1,174,1,79
44:3D:54:BE:12:3C,ALL,udp:51685,192.168.3.1*,2,253,1,79,1,174
44:3D:54:BE:12:3C,ALL,udp:51685,192.168.3.105*,2,253,1,174,1,79
44:3D:54:BE:12:3C,ALL,udp:39331,192.168.3.1*,2,242,1,89,1,153
44:3D:54:BE:12:3C,ALL,udp:39331,192.168.3.105*,2,242,1,153,1,89
44:3D:54:BE:12:3C,ALL,udp:21558,192.168.3.1*,2,228,1,90,1,138
44:3D:54:BE:12:3C,ALL,udp:21558,192.168.3.105*,2,228,1,138,1,90
44:3D:54:BE:12:3C,ALL,udp:10562,192.168.3.1*,2,253,1,79,1,174
44:3D:54:BE:12:3C,ALL,udp:10562,192.168.3.105*,2,253,1,174,1,79
44:3D:54:BE:12:3C,ALL,udp:32957,192.168.3.1*,2,242,1,89,1,153
44:3D:54:BE:12:3C,ALL,udp:32957,192.168.3.105*,2,242,1,153,1,89
44:3D:54:BE:12:3C,ALL,udp:62568,192.168.3.1*,2,253,1,79,1,174
44:3D:54:BE:12:3C,ALL,udp:62568,192.168.3.105*,2,253,1,174,1,79
44:3D:54:BE:12:3C,ALL,udp:44534,192.168.3.1*,2,242,1,89,1,153
44:3D:54:BE:12:3C,ALL,udp:44534,192.168.3.105*,2,242,1,153,1,89
44:3D:54:BE:12:3C,ALL,udp:36409,192.168.3.1*,2,170,1,77,1,93
44:3D:54:BE:12:3C,ALL,udp:36409,192.168.3.105*,2,170,1,93,1,77
44:3D:54:BE:12:3C,ALL,udp:18839,192.168.3.1*,2,253,1,79,1,174
44:3D:54:BE:12:3C,ALL,udp:18839,192.168.3.105*,2,253,1,174,1,79
44:3D:54:BE:12:3C,ALL,udp:23170,192.168.3.1*,2,253,1,79,1,174
44:3D:54:BE:12:3C,ALL,udp:23170,192.168.3.105*,2,253,1,174,1,79
44:3D:54:BE:12:3C,ALL,udp:10934,192.168.3.1*,2,368,1,120,1,248
44:3D:54:BE:12:3C,ALL,udp:10934,192.168.3.105*,2,368,1,248,1,120
44:3D:54:BE:12:3C,ALL,udp:54982,192.168.3.1*,2,242,1,89,1,153
44:3D:54:BE:12:3C,ALL,udp:54982,192.168.3.105*,2,242,1,153,1,89
44:3D:54:BE:12:3C,ALL,udp:16341,192.168.3.1*,2,253,1,79,1,174
44:3D:54:BE:12:3C,ALL,udp:16341,192.168.3.105*,2,253,1,174,1,79
44:3D:54:BE:12:3C,ALL,udp:3956,192.168.3.1*,2,242,1,89,1,153
44:3D:54:BE:12:3C,ALL,udp:3956,192.168.3.105*,2,242,1,153,1,89
44:3D:54:BE:12:3C,ALL,udp:49360,192.168.3.1*,2,253,1,79,1,174
44:3D:54:BE:12:3C,ALL,udp:49360,192.168.3.105*,2,253,1,174,1,79
44:3D:54:BE:12:3C,ALL,udp:54111,192.168.3.1*,2,242,1,89,1,153
44:3D:54:BE:12:3C,ALL,udp:54111,192.168.3.105*,2,242,1,153,1,89
44:3D:54:BE:12:3C,ALL,udp:59170,192.168.3.1*,2,253,1,79,1,174
44:3D:54:BE:12:3C,ALL,udp:59170,192.168.3.105*,2,253,1,174,1,79
44:3D:54:BE:12:3C,ALL,udp:50794,192.168.3.1*,2,170,1,77,1,93
44:3D:54:BE:12:3C,ALL,udp:50794,192.168.3.105*,2,170,1,93,1,77
44:3D:54:BE:12:3C,ALL,udp:1125,192.168.3.1*,2,242,1,89,1,153
44:3D:54:BE:12:3C,ALL,udp:1125,192.168.3.105*,2,242,1,153,1,89
44:3D:54:BE:12:3C,ALL,udp:7951,192.168.3.1*,2,253,1,79,1,174
44:3D:54:BE:12:3C,ALL,udp:7951,192.168.3.105*,2,253,1,174,1,79
44:3D:54:BE:12:3C,ALL,udp:18319,192.168.3.1*,2,228,1,90,1,138
44:3D:54:BE:12:3C,ALL,udp:18319,192.168.3.105*,2,228,1,138,1,90
44:3D:54:BE:12:3C,ALL,udp:59746,192.168.3.1*,2,242,1,89,1,153
44:3D:54:BE:12:3C,ALL,udp:59746,192.168.3.105*,2,242,1,153,1,89
44:3D:54:BE:12:3C,ALL,udp:7886,192.168.3.1*,2,253,1,79,1,174
44:3D:54:BE:12:3C,ALL,udp:7886,192.168.3.105*,2,253,1,174,1,79
44:3D:54:BE:12:3C,ALL,udp:14126,192.168.3.1*,2,164,1,74,1,90
44:3D:54:BE:12:3C,ALL,udp:14126,192.168.3.105*,2,164,1,90,1,74
44:3D:54:BE:12:3C,ALL,udp:28670,192.168.3.1*,2,242,1,89,1,153
44:3D:54:BE:12:3C,ALL,udp:28670,192.168.3.105*,2,242,1,153,1,89
44:3D:54:BE:12:3C,ALL,udp:16580,192.168.3.1*,2,170,1,77,1,93
44:3D:54:BE:12:3C,ALL,udp:16580,192.168.3.105*,2,170,1,93,1,77
44:3D:54:BE:12:3C,ALL,udp:52868,192.168.3.1*,2,164,1,74,1,90
44:3D:54:BE:12:3C,ALL,udp:52868,192.168.3.105*,2,164,1,90,1,74
44:3D:54:BE:12:3C,ALL,udp:65066,192.168.3.1*,2,368,1,120,1,248
44:3D:54:BE:12:3C,ALL,udp:65066,192.168.3.105*,2,368,1,248,1,120
44:3D:54:BE:12:3C,ALL,udp:59056,192.168.3.1*,2,228,1,90,1,138
44:3D:54:BE:12:3C,ALL,udp:59056,192.168.3.105*,2,228,1,138,1,90
44:3D:54:BE:12:3C,ALL,udp:35924,192.168.3.1*,2,242,1,89,1,153
44:3D:54:BE:12:3C,ALL,udp:35924,192.168.3.105*,2,242,1,153,1,89
44:3D:54:BE:12:3C,ALL,udp:31543,192.168.3.1*,2,242,1,89,1,153
44:3D:54:BE:12:3C,ALL,udp:31543,192.168.3.105*,2,242,1,153,1,89
44:3D:54:BE:12:3C,ALL,udp:43782,192.168.3.1*,2,253,1,79,1,174
44:3D:54:BE:12:3C,ALL,udp:43782,192.168.3.105*,2,253,1,174,1,79
44:3D:54:BE:12:3C,ALL,udp:60689,192.168.3.1*,2,253,1,79,1,174
44:3D:54:BE:12:3C,ALL,udp:60689,192.168.3.105*,2,253,1,174,1,79
44:3D:54:BE:12:3C,ALL,udp:53174,192.168.3.1*,2,242,1,89,1,153
44:3D:54:BE:12:3C,ALL,udp:53174,192.168.3.105*,2,242,1,153,1,89
44:3D:54:BE:12:3C,ALL,udp:44804,192.168.3.1*,2,170,1,77,1,93
44:3D:54:BE:12:3C,ALL,udp:44804,192.168.3.105*,2,170,1,93,1,77
44:3D:54:BE:12:3C,ALL,udp:23686,192.168.3.1*,2,253,1,79,1,174
44:3D:54:BE:12:3C,ALL,udp:23686,192.168.3.105*,2,253,1,174,1,79
44:3D:54:BE:12:3C,ALL,udp:33684,192.168.3.1*,2,242,1,89,1,153
44:3D:54:BE:12:3C,ALL,udp:33684,192.168.3.105*,2,242,1,153,1,89
44:3D:54:BE:12:3C,ALL,udp:38309,192.168.3.1*,2,228,1,90,1,138
44:3D:54:BE:12:3C,ALL,udp:38309,192.168.3.105*,2,228,1,138,1,90
44:3D:54:BE:12:3C,ALL,udp:12246,192.168.3.1*,2,242,1,89,1,153
44:3D:54:BE:12:3C,ALL,udp:12246,192.168.3.105*,2,242,1,153,1,89
44:3D:54:BE:12:3C,ALL,udp:34188,192.168.3.1*,2,253,1,79,1,174
44:3D:54:BE:12:3C,ALL,udp:34188,192.168.3.105*,2,253,1,174,1,79
44:3D:54:BE:12:3C,ALL,udp:52281,192.168.3.1*,2,242,1,89,1,153
44:3D:54:BE:12:3C,ALL,udp:52281,192.168.3.105*,2,242,1,153,1,89
44:3D:54:BE:12:3C,ALL,udp:40267,192.168.3.1*,2,253,1,79,1,174
44:3D:54:BE:12:3C,ALL,udp:40267,192.168.3.105*,2,253,1,174,1,79
44:3D:54:BE:12:3C,ALL,udp:65302,192.168.3.1*,2,170,1,77,1,93
44:3D:54:BE:12:3C,ALL,udp:65302,192.168.3.105*,2,170,1,93,1,77
44:3D:54:BE:12:3C,ALL,udp:31867,192.168.3.1*,2,368,1,120,1,248
44:3D:54:BE:12:3C,ALL,udp:31867,192.168.3.105*,2,368,1,248,1,120
44:3D:54:BE:12:3C,ALL,udp:19465,192.168.3.1*,2,242,1,89,1,153
44:3D:54:BE:12:3C,ALL,udp:19465,192.168.3.105*,2,242,1,153,1,89
44:3D:54:BE:12:3C,ALL,udp:7697,192.168.3.1*,2,253,1,79,1,174
44:3D:54:BE:12:3C,ALL,udp:7697,192.168.3.105*,2,253,1,174,1,79
44:3D:54:BE:12:3C,ALL,udp:48776,192.168.3.1*,2,242,1,89,1,153
44:3D:54:BE:12:3C,ALL,udp:48776,192.168.3.105*,2,242,1,153,1,89
44:3D:54:BE:12:3C,ALL,udp:40732,192.168.3.1*,2,253,1,79,1,174
44:3D:54:BE:12:3C,ALL,udp:40732,192.168.3.105*,2,253,1,174,1,79
44:3D:54:BE:12:3C,ALL,udp:9784,192.168.3.1*,2,242,1,89,1,153
44:3D:54:BE:12:3C,ALL,udp:9784,192.168.3.105*,2,242,1,153,1,89
44:3D:54:BE:12:3C,ALL,udp:8207,192.168.3.1*,2,253,1,79,1,174
44:3D:54:BE:12:3C,ALL,udp:8207,192.168.3.105*,2,253,1,174,1,79
44:3D:54:BE:12:3C,ALL,udp:26844,192.168.3.1*,2,170,1,77,1,93
44:3D:54:BE:12:3C,ALL,udp:26844,192.168.3.105*,2,170,1,93,1,77
44:3D:54:BE:12:3C,ALL,udp:5159,192.168.3.1*,2,253,1,79,1,174
44:3D:54:BE:12:3C,ALL,udp:5159,192.168.3.105*,2,253,1,174,1,79
44:3D:54:BE:12:3C,ALL,udp:41233,192.168.3.1*,2,242,1,89,1,153
44:3D:54:BE:12:3C,ALL,udp:41233,192.168.3.105*,2,242,1,153,1,89
44:3D:54:BE:12:3C,ALL,udp:6322,192.168.3.1*,2,242,1,89,1,153
44:3D:54:BE:12:3C,ALL,udp:6322,192.168.3.105*,2,242,1,153,1,89
44:3D:54:BE:12:3C,ALL,udp:53865,192.168.3.1*,2,164,1,74,1,90
44:3D:54:BE:12:3C,ALL,udp:53865,192.168.3.105*,2,164,1,90,1,74
44:3D:54:BE:12:3C,ALL,udp:35063,192.168.3.1*,2,242,1,89,1,153
44:3D:54:BE:12:3C,ALL,udp:35063,192.168.3.105*,2,242,1,153,1,89
44:3D:54:BE:12:3C,ALL,udp:12622,192.168.3.1*,2,170,1,77,1,93
44:3D:54:BE:12:3C,ALL,udp:12622,192.168.3.105*,2,170,1,93,1,77
44:3D:54:BE:12:3C,ALL,udp:32377,192.168.3.1*,2,253,1,79,1,174
44:3D:54:BE:12:3C,ALL,udp:32377,192.168.3.105*,2,253,1,174,1,79
44:3D:54:BE:12:3C,ALL,udp:49383,192.168.3.1*,2,368,1,120,1,248
44:3D:54:BE:12:3C,ALL,udp:49383,192.168.3.105*,2,368,1,248,1,120
44:3D:54:BE:12:3C,ALL,udp:62631,192.168.3.1*,2,242,1,89,1,153
44:3D:54:BE:12:3C,ALL,udp:62631,192.168.3.105*,2,242,1,153,1,89
44:3D:54:BE:12:3C,ALL,udp:21051,192.168.3.1*,2,253,1,79,1,174
44:3D:54:BE:12:3C,ALL,udp:21051,192.168.3.105*,2,253,1,174,1,79
44:3D:54:BE:12:3C,ALL,udp:15627,192.168.3.1*,2,242,1,89,1,153
44:3D:54:BE:12:3C,ALL,udp:15627,192.168.3.105*,2,242,1,153,1,89
44:3D:54:BE:12:3C,ALL,udp:24239,192.168.3.1*,2,253,1,79,1,174
44:3D:54:BE:12:3C,ALL,udp:24239,192.168.3.105*,2,253,1,174,1,79
44:3D:54:BE:12:3C,ALL,udp:4577,192.168.3.1*,2,242,1,89,1,153
44:3D:54:BE:12:3C,ALL,udp:4577,192.168.3.105*,2,242,1,153,1,89
44:3D:54:BE:12:3C,ALL,udp:37647,192.168.3.1*,2,253,1,79,1,174
44:3D:54:BE:12:3C,ALL,udp:37647,192.168.3.105*,2,253,1,174,1,79
44:3D:54:BE:12:3C,ALL,udp:37001,192.168.3.1*,2,242,1,89,1,153
44:3D:54:BE:12:3C,ALL,udp:37001,192.168.3.105*,2,242,1,153,1,89
44:3D:54:BE:12:3C,ALL,udp:30478,192.168.3.1*,2,170,1,77,1,93
44:3D:54:BE:12:3C,ALL,udp:30478,192.168.3.105*,2,170,1,93,1,77
44:3D:54:BE:12:3C,ALL,udp:7437,192.168.3.1*,2,253,1,79,1,174
44:3D:54:BE:12:3C,ALL,udp:7437,192.168.3.105*,2,253,1,174,1,79
44:3D:54:BE:12:3C,ALL,udp:51832,192.168.3.1*,2,228,1,90,1,138
44:3D:54:BE:12:3C,ALL,udp:51832,192.168.3.105*,2,228,1,138,1,90
44:3D:54:BE:12:3C,ALL,udp:37248,192.168.3.1*,2,242,1,89,1,153
44:3D:54:BE:12:3C,ALL,udp:37248,192.168.3.105*,2,242,1,153,1,89
44:3D:54:BE:12:3C,ALL,udp:24556,192.168.3.1*,2,253,1,79,1,174
44:3D:54:BE:12:3C,ALL,udp:24556,192.168.3.105*,2,253,1,174,1,79
44:3D:54:BE:12:3C,ALL,udp:9347,192.168.3.1*,2,253,1,79,1,174
44:3D:54:BE:12:3C,ALL,udp:9347,192.168.3.105*,2,253,1,174,1,79
44:3D:54:BE:12:3C,ALL,udp:11191,192.168.3.1*,2,253,1,79,1,174
44:3D:54:BE:12:3C,ALL,udp:11191,192.168.3.105*,2,253,1,174,1,79
44:3D:54:BE:12:3C,ALL,udp:37424,192.168.3.1*,2,242,1,89,1,153
44:3D:54:BE:12:3C,ALL,udp:37424,192.168.3.105*,2,242,1,153,1,89
44:3D:54:BE:12:3C,ALL,udp:36488,192.168.3.1*,2,170,1,77,1,93
44:3D:54:BE:12:3C,ALL,udp:36488,192.168.3.105*,2,170,1,93,1,77
44:3D:54:BE:12:3C,ALL,udp:48474,192.168.3.1*,2,253,1,79,1,174
44:3D:54:BE:12:3C,ALL,udp:48474,192.168.3.105*,2,253,1,174,1,79
44:3D:54:BE:12:3C,ALL,udp:51661,192.168.3.1*,2,253,1,79,1,174
44:3D:54:BE:12:3C,ALL,udp:51661,192.168.3.105*,2,253,1,174,1,79
44:3D:54:BE:12:3C,ALL,udp:34722,192.168.3.1*,2,253,1,79,1,174
44:3D:54:BE:12:3C,ALL,udp:34722,192.168.3.105*,2,253,1,174,1,79
44:3D:54:BE:12:3C,ALL,udp:33624,192.168.3.1*,2,253,1,79,1,174
44:3D:54:BE:12:3C,ALL,udp:33624,192.168.3.105*,2,253,1,174,1,79
44:3D:54:BE:12:3C,ALL,udp:28858,192.168.3.1*,2,368,1,120,1,248
44:3D:54:BE:12:3C,ALL,udp:28858,192.168.3.105*,2,368,1,248,1,120
44:3D:54:BE:12:3C,ALL,udp:8624,192.168.3.1*,2,258,1,97,1,161
44:3D:54:BE:12:3C,ALL,udp:8624,192.168.3.105*,2,258,1,161,1,97
44:3D:54:BE:12:3C,ALL,udp:5844,192.168.3.1*,2,170,1,77,1,93
44:3D:54:BE:12:3C,ALL,udp:5844,192.168.3.105*,2,170,1,93,1,77
44:3D:54:BE:12:3C,ALL,udp:29923,192.168.3.1*,2,242,1,89,1,153
44:3D:54:BE:12:3C,ALL,udp:29923,192.168.3.105*,2,242,1,153,1,89
44:3D:54:BE:12:3C,ALL,udp:56737,192.168.3.1*,2,253,1,79,1,174
44:3D:54:BE:12:3C,ALL,udp:56737,192.168.3.105*,2,253,1,174,1,79
44:3D:54:BE:12:3C,ALL,udp:56299,192.168.3.1*,2,242,1,89,1,153
44:3D:54:BE:12:3C,ALL,udp:56299,192.168.3.105*,2,242,1,153,1,89
44:3D:54:BE:12:3C,ALL,udp:7066,192.168.3.1*,2,401,1,86,1,315
44:3D:54:BE:12:3C,ALL,udp:7066,192.168.3.105*,2,401,1,315,1,86
44:3D:54:BE:12:3C,ALL,udp:29833,192.168.3.1*,2,242,1,89,1,153
44:3D:54:BE:12:3C,ALL,udp:29833,192.168.3.105*,2,242,1,153,1,89
44:3D:54:BE:12:3C,ALL,udp:57659,192.168.3.1*,2,170,1,77,1,93
44:3D:54:BE:12:3C,ALL,udp:57659,192.168.3.105*,2,170,1,93,1,77
44:3D:54:BE:12:3C,ALL,udp:36631,192.168.3.1*,2,253,1,79,1,174
44:3D:54:BE:12:3C,ALL,udp:36631,192.168.3.105*,2,253,1,174,1,79
44:3D:54:BE:12:3C,ALL,udp:46791,192.168.3.1*,2,228,1,90,1,138
44:3D:54:BE:12:3C,ALL,udp:46791,192.168.3.105*,2,228,1,138,1,90
44:3D:54:BE:12:3C,ALL,udp:19562,192.168.3.1*,2,242,1,89,1,153
44:3D:54:BE:12:3C,ALL,udp:19562,192.168.3.105*,2,242,1,153,1,89
44:3D:54:BE:12:3C,ALL,udp:25331,192.168.3.1*,2,253,1,79,1,174
44:3D:54:BE:12:3C,ALL,udp:25331,192.168.3.105*,2,253,1,174,1,79
44:3D:54:BE:12:3C,ALL,udp:50103,192.168.3.1*,2,242,1,89,1,153
44:3D:54:BE:12:3C,ALL,udp:50103,192.168.3.105*,2,242,1,153,1,89
44:3D:54:BE:12:3C,ALL,udp:54472,192.168.3.1*,2,253,1,79,1,174
44:3D:54:BE:12:3C,ALL,udp:54472,192.168.3.105*,2,253,1,174,1,79
44:3D:54:BE:12:3C,ALL,udp:55770,192.168.3.1*,2,164,1,74,1,90
44:3D:54:BE:12:3C,ALL,udp:55770,192.168.3.105*,2,164,1,90,1,74
44:3D:54:BE:12:3C,ALL,udp:16835,192.168.3.1*,2,242,1,89,1,153
44:3D:54:BE:12:3C,ALL,udp:16835,192.168.3.105*,2,242,1,153,1,89
44:3D:54:BE:12:3C,ALL,udp:8510,192.168.3.1*,2,170,1,77,1,93
44:3D:54:BE:12:3C,ALL,udp:8510,192.168.3.105*,2,170,1,93,1,77
44:3D:54:BE:12:3C,ALL,udp:42488,192.168.3.1*,2,242,1,89,1,153
44:3D:54:BE:12:3C,ALL,udp:42488,192.168.3.105*,2,242,1,153,1,89
44:3D:54:BE:12:3C,ALL,udp:16397,192.168.3.1*,2,242,1,89,1,153
44:3D:54:BE:12:3C,ALL,udp:16397,192.168.3.105*,2,242,1,153,1,89
44:3D:54:BE:12:3C,ALL,udp:42568,192.168.3.1*,2,242,1,89,1,153
44:3D:54:BE:12:3C,ALL,udp:42568,192.168.3.105*,2,242,1,153,1,89
44:3D:54:BE:12:3C,ALL,udp:42368,192.168.3.1*,2,253,1,79,1,174
44:3D:54:BE:12:3C,ALL,udp:42368,192.168.3.105*,2,253,1,174,1,79
44:3D:54:BE:12:3C,ALL,udp:50951,192.168.3.1*,2,170,1,77,1,93
44:3D:54:BE:12:3C,ALL,udp:50951,192.168.3.105*,2,170,1,93,1,77
44:3D:54:BE:12:3C,ALL,udp:57247,192.168.3.1*,2,228,1,90,1,138
44:3D:54:BE:12:3C,ALL,udp:57247,192.168.3.105*,2,228,1,138,1,90
44:3D:54:BE:12:3C,ALL,udp:13790,192.168.3.1*,2,253,1,79,1,174
44:3D:54:BE:12:3C,ALL,udp:13790,192.168.3.105*,2,253,1,174,1,79
44:3D:54:BE:12:3C,ALL,udp:6376,192.168.3.1*,2,242,1,89,1,153
44:3D:54:BE:12:3C,ALL,udp:6376,192.168.3.105*,2,242,1,153,1,89
44:3D:54:BE:12:3C,ALL,udp:24206,192.168.3.1*,2,253,1,79,1,174
44:3D:54:BE:12:3C,ALL,udp:24206,192.168.3.105*,2,253,1,174,1,79
44:3D:54:BE:12:3C,ALL,udp:52419,192.168.3.1*,2,242,1,89,1,153
44:3D:54:BE:12:3C,ALL,udp:52419,192.168.3.105*,2,242,1,153,1,89
44:3D:54:BE:12:3C,ALL,udp:56659,192.168.3.1*,2,253,1,79,1,174
44:3D:54:BE:12:3C,ALL,udp:56659,192.168.3.105*,2,253,1,174,1,79
44:3D:54:BE:12:3C,ALL,udp:50145,192.168.3.1*,2,253,1,79,1,174
44:3D:54:BE:12:3C,ALL,udp:50145,192.168.3.105*,2,253,1,174,1,79
44:3D:54:BE:12:3C,ALL,udp:13418,192.168.3.1*,2,253,1,79,1,174
44:3D:54:BE:12:3C,ALL,udp:13418,192.168.3.105*,2,253,1,174,1,79
44:3D:54:BE:12:3C,ALL,udp:26347,192.168.3.1*,2,242,1,89,1,153
44:3D:54:BE:12:3C,ALL,udp:26347,192.168.3.105*,2,242,1,153,1,89
44:3D:54:BE:12:3C,ALL,udp:24643,192.168.3.1*,2,170,1,77,1,93
44:3D:54:BE:12:3C,ALL,udp:24643,192.168.3.105*,2,170,1,93,1,77
44:3D:54:BE:12:3C,ALL,udp:37106,192.168.3.1*,2,368,1,120,1,248
44:3D:54:BE:12:3C,ALL,udp:37106,192.168.3.105*,2,368,1,248,1,120
44:3D:54:BE:12:3C,ALL,udp:28729,192.168.3.1*,2,242,1,89,1,153
44:3D:54:BE:12:3C,ALL,udp:28729,192.168.3.105*,2,242,1,153,1,89
44:3D:54:BE:12:3C,ALL,udp:38392,192.168.3.1*,2,242,1,89,1,153
44:3D:54:BE:12:3C,ALL,udp:38392,192.168.3.105*,2,242,1,153,1,89
44:3D:54:BE:12:3C,ALL,udp:39932,192.168.3.1*,2,170,1,77,1,93
44:3D:54:BE:12:3C,ALL,udp:39932,192.168.3.105*,2,170,1,93,1,77
44:3D:54:BE:12:3C,ALL,udp:39169,192.168.3.1*,2,228,1,90,1,138
44:3D:54:BE:12:3C,ALL,udp:39169,192.168.3.105*,2,228,1,138,1,90
44:3D:54:BE:12:3C,ALL,udp:14200,192.168.3.1*,2,253,1,79,1,174
44:3D:54:BE:12:3C,ALL,udp:14200,192.168.3.105*,2,253,1,174,1,79
44:3D:54:BE:12:3C,ALL,udp:23708,192.168.3.1*,2,242,1,89,1,153
44:3D:54:BE:12:3C,ALL,udp:23708,192.168.3.105*,2,242,1,153,1,89
44:3D:54:BE:12:3C,ALL,udp:62239,192.168.3.1*,2,164,1,74,1,90
44:3D:54:BE:12:3C,ALL,udp:62239,192.168.3.105*,2,164,1,90,1,74
44:3D:54:BE:12:3C,ALL,udp:60358,192.168.3.1*,2,242,1,89,1,153
44:3D:54:BE:12:3C,ALL,udp:60358,192.168.3.105*,2,242,1,153,1,89
44:3D:54:BE:12:3C,ALL,udp:41155,192.168.3.1*,2,253,1,79,1,174
44:3D:54:BE:12:3C,ALL,udp:41155,192.168.3.105*,2,253,1,174,1,79
44:3D:54:BE:12:3C,ALL,udp:32837,192.168.3.1*,2,242,1,89,1,153
44:3D:54:BE:12:3C,ALL,udp:32837,192.168.3.105*,2,242,1,153,1,89
44:3D:54:BE:12:3C,ALL,udp:22565,192.168.3.1*,2,170,1,77,1,93
44:3D:54:BE:12:3C,ALL,udp:22565,192.168.3.105*,2,170,1,93,1,77
44:3D:54:BE:12:3C,ALL,udp:38457,192.168.3.1*,2,368,1,120,1,248
44:3D:54:BE:12:3C,ALL,udp:38457,192.168.3.105*,2,368,1,248,1,120
44:3D:54:BE:12:3C,ALL,udp:51431,192.168.3.1*,2,242,1,89,1,153
44:3D:54:BE:12:3C,ALL,udp:51431,192.168.3.105*,2,242,1,153,1,89
44:3D:54:BE:12:3C,ALL,udp:55834,192.168.3.1*,2,253,1,79,1,174
44:3D:54:BE:12:3C,ALL,udp:55834,192.168.3.105*,2,253,1,174,1,79
44:3D:54:BE:12:3C,ALL,udp:15919,192.168.3.1*,2,242,1,89,1,153
44:3D:54:BE:12:3C,ALL,udp:15919,192.168.3.105*,2,242,1,153,1,89
44:3D:54:BE:12:3C,ALL,udp:54780,192.168.3.1*,2,242,1,89,1,153
44:3D:54:BE:12:3C,ALL,udp:54780,192.168.3.105*,2,242,1,153,1,89
44:3D:54:BE:12:3C,ALL,udp:51647,192.168.3.1*,2,253,1,79,1,174
44:3D:54:BE:12:3C,ALL,udp:51647,192.168.3.105*,2,253,1,174,1,79
44:3D:54:BE:12:3C,ALL,udp:36357,192.168.3.1*,2,228,1,90,1,138
44:3D:54:BE:12:3C,ALL,udp:36357,192.168.3.105*,2,228,1,138,1,90
44:3D:54:BE:12:3C,ALL,udp:62175,192.168.3.1*,2,180,1,82,1,98
44:3D:54:BE:12:3C,ALL,udp:62175,192.168.3.105*,2,180,1,98,1,82
44:3D:54:BE:12:3C,ALL,udp:36369,192.168.3.1*,2,170,1,77,1,93
44:3D:54:BE:12:3C,ALL,udp:36369,192.168.3.105*,2,170,1,93,1,77
44:3D:54:BE:12:3C,ALL,udp:37784,192.168.3.1*,2,253,1,79,1,174
44:3D:54:BE:12:3C,ALL,udp:37784,192.168.3.105*,2,253,1,174,1,79
44:3D:54:BE:12:3C,ALL,udp:12130,192.168.3.1*,2,242,1,89,1,153
44:3D:54:BE:12:3C,ALL,udp:12130,192.168.3.105*,2,242,1,153,1,89
44:3D:54:BE:12:3C,ALL,udp:3800,192.168.3.1*,2,253,1,79,1,174
44:3D:54:BE:12:3C,ALL,udp:3800,192.168.3.105*,2,253,1,174,1,79
44:3D:54:BE:12:3C,ALL,udp:44020,192.168.3.1*,2,253,1,79,1,174
44:3D:54:BE:12:3C,ALL,udp:44020,192.168.3.105*,2,253,1,174,1,79
44:3D:54:BE:12:3C,ALL,udp:55812,192.168.3.1*,2,242,1,89,1,153
44:3D:54:BE:12:3C,ALL,udp:55812,192.168.3.105*,2,242,1,153,1,89
44:3D:54:BE:12:3C,ALL,udp:8519,192.168.3.1*,2,253,1,79,1,174
44:3D:54:BE:12:3C,ALL,udp:8519,192.168.3.105*,2,253,1,174,1,79
44:3D:54:BE:12:3C,ALL,udp:11184,192.168.3.1*,2,253,1,79,1,174
44:3D:54:BE:12:3C,ALL,udp:11184,192.168.3.105*,2,253,1,174,1,79
44:3D:54:BE:12:3C,ALL,udp:7799,192.168.3.1*,2,242,1,89,1,153
44:3D:54:BE:12:3C,ALL,udp:7799,192.168.3.105*,2,242,1,153,1,89
44:3D:54:BE:12:3C,ALL,udp:55764,192.168.3.1*,2,253,1,79,1,174
44:3D:54:BE:12:3C,ALL,udp:55764,192.168.3.105*,2,253,1,174,1,79
44:3D:54:BE:12:3C,ALL,udp:58808,192.168.3.1*,2,170,1,77,1,93
44:3D:54:BE:12:3C,ALL,udp:58808,192.168.3.105*,2,170,1,93,1,77
44:3D:54:BE:12:3C,ALL,udp:2155,192.168.3.1*,2,172,1,78,1,94
44:3D:54:BE:12:3C,ALL,udp:2155,192.168.3.105*,2,172,1,94,1,78
44:3D:54:BE:12:3C,ALL,udp:11667,192.168.3.1*,2,230,1,83,1,147
44:3D:54:BE:12:3C,ALL,udp:11667,192.168.3.105*,2,230,1,147,1,83
44:3D:54:BE:12:3C,ALL,udp:14102,192.168.3.1*,2,237,1,83,1,154
44:3D:54:BE:12:3C,ALL,udp:14102,192.168.3.105*,2,237,1,154,1,83
44:3D:54:BE:12:3C,ALL,udp:21703,192.168.3.1*,2,230,1,83,1,147
44:3D:54:BE:12:3C,ALL,udp:21703,192.168.3.105*,2,230,1,147,1,83
44:3D:54:BE:12:3C,ALL,udp:25581,192.168.3.1*,2,242,1,89,1,153
44:3D:54:BE:12:3C,ALL,udp:25581,192.168.3.105*,2,242,1,153,1,89
44:3D:54:BE:12:3C,ALL,udp:25079,192.168.3.1*,2,253,1,79,1,174
44:3D:54:BE:12:3C,ALL,udp:25079,192.168.3.105*,2,253,1,174,1,79
44:3D:54:BE:12:3C,ALL,udp:42544,192.168.3.1*,2,242,1,89,1,153
44:3D:54:BE:12:3C,ALL,udp:42544,192.168.3.105*,2,242,1,153,1,89
44:3D:54:BE:12:3C,ALL,udp:39704,192.168.3.1*,2,253,1,79,1,174
44:3D:54:BE:12:3C,ALL,udp:39704,192.168.3.105*,2,253,1,174,1,79
44:3D:54:BE:12:3C,ALL,udp:8622,192.168.3.1*,2,253,1,79,1,174
44:3D:54:BE:12:3C,ALL,udp:8622,192.168.3.105*,2,253,1,174,1,79
44:3D:54:BE:12:3C,ALL,udp:9280,192.168.3.1*,2,228,1,90,1,138
44:3D:54:BE:12:3C,ALL,udp:9280,192.168.3.105*,2,228,1,138,1,90
44:3D:54:BE:12:3C,ALL,udp:25555,192.168.3.1*,2,253,1,79,1,174
44:3D:54:BE:12:3C,ALL,udp:25555,192.168.3.105*,2,253,1,174,1,79
44:3D:54:BE:12:3C,ALL,udp:33363,192.168.3.1*,2,230,1,83,1,147
44:3D:54:BE:12:3C,ALL,udp:33363,192.168.3.105*,2,230,1,147,1,83
44:3D:54:BE:12:3C,ALL,udp:33027,192.168.3.1*,2,170,1,77,1,93
44:3D:54:BE:12:3C,ALL,udp:33027,192.168.3.105*,2,170,1,93,1,77
44:3D:54:BE:12:3C,ALL,udp:45537,192.168.3.1*,2,242,1,89,1,153
44:3D:54:BE:12:3C,ALL,udp:45537,192.168.3.105*,2,242,1,153,1,89
44:3D:54:BE:12:3C,ALL,udp:43850,192.168.3.1*,2,253,1,79,1,174
44:3D:54:BE:12:3C,ALL,udp:43850,192.168.3.105*,2,253,1,174,1,79
44:3D:54:BE:12:3C,ALL,udp:28912,192.168.3.1*,2,164,1,74,1,90
44:3D:54:BE:12:3C,ALL,udp:28912,192.168.3.105*,2,164,1,90,1,74
44:3D:54:BE:12:3C,ALL,udp:1874,192.168.3.1*,2,242,1,89,1,153
44:3D:54:BE:12:3C,ALL,udp:1874,192.168.3.105*,2,242,1,153,1,89
44:3D:54:BE:12:3C,ALL,udp:52291,192.168.3.1*,2,253,1,79,1,174
44:3D:54:BE:12:3C,ALL,udp:52291,192.168.3.105*,2,253,1,174,1,79
44:3D:54:BE:12:3C,ALL,udp:1601,192.168.3.1*,2,253,1,79,1,174
44:3D:54:BE:12:3C,ALL,udp:1601,192.168.3.105*,2,253,1,174,1,79
44:3D:54:BE:12:3C,ALL,udp:7837,192.168.3.1*,2,242,1,89,1,153
44:3D:54:BE:12:3C,ALL,udp:7837,192.168.3.105*,2,242,1,153,1,89
44:3D:54:BE:12:3C,ALL,udp:13586,192.168.3.1*,2,253,1,79,1,174
44:3D:54:BE:12:3C,ALL,udp:13586,192.168.3.105*,2,253,1,174,1,79
44:3D:54:BE:12:3C,ALL,udp:20340,192.168.3.1*,2,170,1,77,1,93
44:3D:54:BE:12:3C,ALL,udp:20340,192.168.3.105*,2,170,1,93,1,77
44:3D:54:BE:12:3C,ALL,udp:3057,192.168.3.1*,2,253,1,79,1,174
44:3D:54:BE:12:3C,ALL,udp:3057,192.168.3.105*,2,253,1,174,1,79
44:3D:54:BE:12:3C,ALL,udp:37020,192.168.3.1*,2,242,1,89,1,153
44:3D:54:BE:12:3C,ALL,udp:37020,192.168.3.105*,2,242,1,153,1,89
44:3D:54:BE:12:3C,ALL,udp:41738,192.168.3.1*,2,164,1,74,1,90
44:3D:54:BE:12:3C,ALL,udp:41738,192.168.3.105*,2,164,1,90,1,74
44:3D:54:BE:12:3C,ALL,udp:62706,192.168.3.1*,2,228,1,90,1,138
44:3D:54:BE:12:3C,ALL,udp:62706,192.168.3.105*,2,228,1,138,1,90
44:3D:54:BE:12:3C,ALL,udp:38192,192.168.3.1*,2,253,1,79,1,174
44:3D:54:BE:12:3C,ALL,udp:38192,192.168.3.105*,2,253,1,174,1,79
44:3D:54:BE:12:3C,ALL,udp:46547,192.168.3.1*,2,242,1,89,1,153
44:3D:54:BE:12:3C,ALL,udp:46547,192.168.3.105*,2,242,1,153,1,89
44:3D:54:BE:12:3C,ALL,udp:51436,192.168.3.1*,2,253,1,79,1,174
44:3D:54:BE:12:3C,ALL,udp:51436,192.168.3.105*,2,253,1,174,1,79
44:3D:54:BE:12:3C,ALL,udp:53717,192.168.3.1*,2,253,1,79,1,174
44:3D:54:BE:12:3C,ALL,udp:53717,192.168.3.105*,2,253,1,174,1,79
44:3D:54:BE:12:3C,ALL,udp:45703,192.168.3.1*,2,170,1,77,1,93
44:3D:54:BE:12:3C,ALL,udp:45703,192.168.3.105*,2,170,1,93,1,77
44:3D:54:BE:12:3C,ALL,udp:21034,192.168.3.1*,2,253,1,79,1,174
44:3D:54:BE:12:3C,ALL,udp:21034,192.168.3.105*,2,253,1,174,1,79
44:3D:54:BE:12:3C,ALL,udp:28572,192.168.3.1*,2,242,1,89,1,153
44:3D:54:BE:12:3C,ALL,udp:28572,192.168.3.105*,2,242,1,153,1,89
44:3D:54:BE:12:3C,ALL,udp:31492,192.168.3.1*,2,253,1,79,1,174
44:3D:54:BE:12:3C,ALL,udp:31492,192.168.3.105*,2,253,1,174,1,79
44:3D:54:BE:12:3C,ALL,udp:60317,192.168.3.1*,2,242,1,89,1,153
44:3D:54:BE:12:3C,ALL,udp:60317,192.168.3.105*,2,242,1,153,1,89
44:3D:54:BE:12:3C,ALL,udp:29615,192.168.3.1*,2,253,1,79,1,174
44:3D:54:BE:12:3C,ALL,udp:29615,192.168.3.105*,2,253,1,174,1,79
44:3D:54:BE:12:3C,ALL,udp:5572,192.168.3.1*,2,242,1,89,1,153
44:3D:54:BE:12:3C,ALL,udp:5572,192.168.3.105*,2,242,1,153,1,89
44:3D:54:BE:12:3C,ALL,udp:1767,192.168.3.1*,2,170,1,77,1,93
44:3D:54:BE:12:3C,ALL,udp:1767,192.168.3.105*,2,170,1,93,1,77
44:3D:54:BE:12:3C,ALL,udp:35613,192.168.3.1*,2,253,1,79,1,174
44:3D:54:BE:12:3C,ALL,udp:35613,192.168.3.105*,2,253,1,174,1,79
44:3D:54:BE:12:3C,ALL,udp:37517,192.168.3.1*,2,368,1,120,1,248
44:3D:54:BE:12:3C,ALL,udp:37517,192.168.3.105*,2,368,1,248,1,120
44:3D:54:BE:12:3C,ALL,udp:61726,192.168.3.1*,2,242,1,89,1,153
44:3D:54:BE:12:3C,ALL,udp:61726,192.168.3.105*,2,242,1,153,1,89
44:3D:54:BE:12:3C,ALL,udp:26623,192.168.3.1*,2,242,1,89,1,153
44:3D:54:BE:12:3C,ALL,udp:26623,192.168.3.105*,2,242,1,153,1,89
44:3D:54:BE:12:3C,ALL,udp:17569,192.168.3.1*,2,228,1,90,1,138
44:3D:54:BE:12:3C,ALL,udp:17569,192.168.3.105*,2,228,1,138,1,90
44:3D:54:BE:12:3C,ALL,udp:50258,192.168.3.1*,2,253,1,79,1,174
44:3D:54:BE:12:3C,ALL,udp:50258,192.168.3.105*,2,253,1,174,1,79
44:3D:54:BE:12:3C,ALL,udp:49518,192.168.3.1*,2,170,1,77,1,93
44:3D:54:BE:12:3C,ALL,udp:49518,192.168.3.105*,2,170,1,93,1,77
44:3D:54:BE:12:3C,ALL,udp:1574,192.168.3.1*,2,253,1,79,1,174
44:3D:54:BE:12:3C,ALL,udp:1574,192.168.3.105*,2,253,1,174,1,79
44:3D:54:BE:12:3C,ALL,udp:30070,192.168.3.1*,2,253,1,79,1,174
44:3D:54:BE:12:3C,ALL,udp:30070,192.168.3.105*,2,253,1,174,1,79
44:3D:54:BE:12:3C,ALL,udp:24269,192.168.3.1*,2,242,1,89,1,153
44:3D:54:BE:12:3C,ALL,udp:24269,192.168.3.105*,2,242,1,153,1,89
44:3D:54:BE:12:3C,ALL,udp:30007,192.168.3.1*,2,164,1,74,1,90
44:3D:54:BE:12:3C,ALL,udp:30007,192.168.3.105*,2,164,1,90,1,74
44:3D:54:BE:12:3C,ALL,udp:26069,192.168.3.1*,2,253,1,79,1,174
44:3D:54:BE:12:3C,ALL,udp:26069,192.168.3.105*,2,253,1,174,1,79
44:3D:54:BE:12:3C,ALL,udp:16669,192.168.3.1*,2,242,1,89,1,153
44:3D:54:BE:12:3C,ALL,udp:16669,192.168.3.105*,2,242,1,153,1,89
44:3D:54:BE:12:3C,ALL,udp:12273,192.168.3.1*,2,170,1,77,1,93
44:3D:54:BE:12:3C,ALL,udp:12273,192.168.3.105*,2,170,1,93,1,77
44:3D:54:BE:12:3C,ALL,udp:54625,192.168.3.1*,2,253,1,79,1,174
44:3D:54:BE:12:3C,ALL,udp:54625,192.168.3.105*,2,253,1,174,1,79
44:3D:54:BE:12:3C,ALL,udp:39369,192.168.3.1*,2,288,1,120,1,168
44:3D:54:BE:12:3C,ALL,udp:39369,192.168.3.105*,2,288,1,168,1,120
44:3D:54:BE:12:3C,ALL,udp:38084,192.168.3.1*,2,242,1,89,1,153
44:3D:54:BE:12:3C,ALL,udp:38084,192.168.3.105*,2,242,1,153,1,89
44:3D:54:BE:12:3C,ALL,udp:1650,192.168.3.1*,2,253,1,79,1,174
44:3D:54:BE:12:3C,ALL,udp:1650,192.168.3.105*,2,253,1,174,1,79
44:3D:54:BE:12:3C,ALL,udp:10178,192.168.3.1*,2,242,1,89,1,153
44:3D:54:BE:12:3C,ALL,udp:10178,192.168.3.105*,2,242,1,153,1,89
44:3D:54:BE:12:3C,ALL,udp:23334,192.168.3.1*,2,210,1,86,1,124
44:3D:54:BE:12:3C,ALL,udp:23334,192.168.3.105*,2,210,1,124,1,86
44:3D:54:BE:12:3C,ALL,udp:15861,192.168.3.1*,2,253,1,79,1,174
44:3D:54:BE:12:3C,ALL,udp:15861,192.168.3.105*,2,253,1,174,1,79
44:3D:54:BE:12:3C,ALL,udp:22701,192.168.3.1*,2,228,1,90,1,138
44:3D:54:BE:12:3C,ALL,udp:22701,192.168.3.105*,2,228,1,138,1,90
44:3D:54:BE:12:3C,ALL,udp:37975,192.168.3.1*,2,253,1,79,1,174
44:3D:54:BE:12:3C,ALL,udp:37975,192.168.3.105*,2,253,1,174,1,79
44:3D:54:BE:12:3C,ALL,udp:36117,192.168.3.1*,2,242,1,89,1,153
44:3D:54:BE:12:3C,ALL,udp:36117,192.168.3.105*,2,242,1,153,1,89
44:3D:54:BE:12:3C,ALL,udp:43059,192.168.3.1*,2,170,1,77,1,93
44:3D:54:BE:12:3C,ALL,udp:43059,192.168.3.105*,2,170,1,93,1,77
44:3D:54:BE:12:3C,ALL,udp:25828,192.168.3.1*,2,253,1,79,1,174
44:3D:54:BE:12:3C,ALL,udp:25828,192.168.3.105*,2,253,1,174,1,79
44:3D:54:BE:12:3C,ALL,udp:30116,192.168.3.1*,2,242,1,89,1,153
44:3D:54:BE:12:3C,ALL,udp:30116,192.168.3.105*,2,242,1,153,1,89
44:3D:54:BE:12:3C,ALL,udp:1234,192.168.3.1*,2,164,1,74,1,90
44:3D:54:BE:12:3C,ALL,udp:1234,192.168.3.105*,2,164,1,90,1,74
44:3D:54:BE:12:3C,ALL,udp:65137,192.168.3.1*,2,242,1,89,1,153
44:3D:54:BE:12:3C,ALL,udp:65137,192.168.3.105*,2,242,1,153,1,89
44:3D:54:BE:12:3C,ALL,udp:11329,192.168.3.1*,2,253,1,79,1,174
44:3D:54:BE:12:3C,ALL,udp:11329,192.168.3.105*,2,253,1,174,1,79
44:3D:54:BE:12:3C,ALL,udp:28556,192.168.3.1*,2,242,1,89,1,153
44:3D:54:BE:12:3C,ALL,udp:28556,192.168.3.105*,2,242,1,153,1,89
44:3D:54:BE:12:3C,ALL,udp:15728,192.168.3.1*,2,170,1,77,1,93
44:3D:54:BE:12:3C,ALL,udp:15728,192.168.3.105*,2,170,1,93,1,77
44:3D:54:BE:12:3C,ALL,udp:63362,192.168.3.1*,2,368,1,120,1,248
44:3D:54:BE:12:3C,ALL,udp:63362,192.168.3.105*,2,368,1,248,1,120
44:3D:54:BE:12:3C,ALL,udp:26989,192.168.3.1*,2,242,1,89,1,153
44:3D:54:BE:12:3C,ALL,udp:26989,192.168.3.105*,2,242,1,153,1,89
44:3D:54:BE:12:3C,ALL,udp:9863,192.168.3.1*,2,228,1,90,1,138
44:3D:54:BE:12:3C,ALL,udp:9863,192.168.3.105*,2,228,1,138,1,90
44:3D:54:BE:12:3C,ALL,udp:61890,192.168.3.1*,2,253,1,79,1,174
44:3D:54:BE:12:3C,ALL,udp:61890,192.168.3.105*,2,253,1,174,1,79
44:3D:54:BE:12:3C,ALL,udp:44843,192.168.3.1*,2,253,1,79,1,174
44:3D:54:BE:12:3C,ALL,udp:44843,192.168.3.105*,2,253,1,174,1,79
44:3D:54:BE:12:3C,ALL,udp:46607,192.168.3.1*,2,242,1,89,1,153
44:3D:54:BE:12:3C,ALL,udp:46607,192.168.3.105*,2,242,1,153,1,89
44:3D:54:BE:12:3C,ALL,udp:25153,192.168.3.1*,2,170,1,77,1,93
44:3D:54:BE:12:3C,ALL,udp:25153,192.168.3.105*,2,170,1,93,1,77
44:3D:54:BE:12:3C,ALL,udp:34821,192.168.3.1*,2,164,1,74,1,90
44:3D:54:BE:12:3C,ALL,udp:34821,192.168.3.105*,2,164,1,90,1,74
44:3D:54:BE:12:3C,ALL,udp:41507,192.168.3.1*,2,242,1,89,1,153
44:3D:54:BE:12:3C,ALL,udp:41507,192.168.3.105*,2,242,1,153,1,89
44:3D:54:BE:12:3C,ALL,udp:47168,192.168.3.1*,2,253,1,79,1,174
44:3D:54:BE:12:3C,ALL,udp:47168,192.168.3.105*,2,253,1,174,1,79
44:3D:54:BE:12:3C,ALL,udp:2597,192.168.3.1*,2,242,1,89,1,153
44:3D:54:BE:12:3C,ALL,udp:2597,192.168.3.105*,2,242,1,153,1,89
44:3D:54:BE:12:3C,ALL,udp:12758,192.168.3.1*,2,253,1,79,1,174
44:3D:54:BE:12:3C,ALL,udp:12758,192.168.3.105*,2,253,1,174,1,79
44:3D:54:BE:12:3C,ALL,udp:42812,192.168.3.1*,2,242,1,89,1,153
44:3D:54:BE:12:3C,ALL,udp:42812,192.168.3.105*,2,242,1,153,1,89
44:3D:54:BE:12:3C,ALL,udp:62486,192.168.3.1*,2,170,1,77,1,93
44:3D:54:BE:12:3C,ALL,udp:62486,192.168.3.105*,2,170,1,93,1,77
44:3D:54:BE:12:3C,ALL,udp:13037,192.168.3.1*,2,368,1,120,1,248
44:3D:54:BE:12:3C,ALL,udp:13037,192.168.3.105*,2,368,1,248,1,120
44:3D:54:BE:12:3C,ALL,udp:26167,192.168.3.1*,2,242,1,89,1,153
44:3D:54:BE:12:3C,ALL,udp:26167,192.168.3.105*,2,242,1,153,1,89
44:3D:54:BE:12:3C,ALL,udp:44121,192.168.3.1*,2,253,1,79,1,174
44:3D:54:BE:12:3C,ALL,udp:44121,192.168.3.105*,2,253,1,174,1,79
44:3D:54:BE:12:3C,ALL,udp:64474,192.168.3.1*,2,228,1,90,1,138
44:3D:54:BE:12:3C,ALL,udp:64474,192.168.3.105*,2,228,1,138,1,90
44:3D:54:BE:12:3C,ALL,udp:60460,192.168.3.1*,2,253,1,79,1,174
44:3D:54:BE:12:3C,ALL,udp:60460,192.168.3.105*,2,253,1,174,1,79
44:3D:54:BE:12:3C,ALL,udp:57933,192.168.3.1*,2,242,1,89,1,153
44:3D:54:BE:12:3C,ALL,udp:57933,192.168.3.105*,2,242,1,153,1,89
44:3D:54:BE:12:3C,ALL,udp:21629,192.168.3.1*,2,253,1,79,1,174
44:3D:54:BE:12:3C,ALL,udp:21629,192.168.3.105*,2,253,1,174,1,79
44:3D:54:BE:12:3C,ALL,udp:5891,192.168.3.1*,2,242,1,89,1,153
44:3D:54:BE:12:3C,ALL,udp:5891,192.168.3.105*,2,242,1,153,1,89
44:3D:54:BE:12:3C,ALL,udp:44115,192.168.3.1*,2,170,1,77,1,93
44:3D:54:BE:12:3C,ALL,udp:44115,192.168.3.105*,2,170,1,93,1,77
44:3D:54:BE:12:3C,ALL,udp:52703,192.168.3.1*,2,253,1,79,1,174
44:3D:54:BE:12:3C,ALL,udp:52703,192.168.3.105*,2,253,1,174,1,79
44:3D:54:BE:12:3C,ALL,udp:51380,192.168.3.1*,2,253,1,79,1,174
44:3D:54:BE:12:3C,ALL,udp:51380,192.168.3.105*,2,253,1,174,1,79
44:3D:54:BE:12:3C,ALL,udp:62375,192.168.3.1*,2,253,1,79,1,174
44:3D:54:BE:12:3C,ALL,udp:62375,192.168.3.105*,2,253,1,174,1,79
44:3D:54:BE:12:3C,ALL,udp:19363,192.168.3.1*,2,242,1,89,1,153
44:3D:54:BE:12:3C,ALL,udp:19363,192.168.3.105*,2,242,1,153,1,89
44:3D:54:BE:12:3C,ALL,udp:25681,192.168.3.1*,2,253,1,79,1,174
44:3D:54:BE:12:3C,ALL,udp:25681,192.168.3.105*,2,253,1,174,1,79
44:3D:54:BE:12:3C,ALL,udp:41885,192.168.3.1*,2,242,1,89,1,153
44:3D:54:BE:12:3C,ALL,udp:41885,192.168.3.105*,2,242,1,153,1,89
44:3D:54:BE:12:3C,ALL,udp:45642,192.168.3.1*,2,253,1,79,1,174
44:3D:54:BE:12:3C,ALL,udp:45642,192.168.3.105*,2,253,1,174,1,79
44:3D:54:BE:12:3C,ALL,udp:28166,192.168.3.1*,2,253,1,79,1,174
44:3D:54:BE:12:3C,ALL,udp:28166,192.168.3.105*,2,253,1,174,1,79
44:3D:54:BE:12:3C,ALL,udp:2000,192.168.3.1*,2,242,1,89,1,153
44:3D:54:BE:12:3C,ALL,udp:2000,192.168.3.105*,2,242,1,153,1,89
44:3D:54:BE:12:3C,ALL,udp:8976,192.168.3.1*,2,170,1,77,1,93
44:3D:54:BE:12:3C,ALL,udp:8976,192.168.3.105*,2,170,1,93,1,77
44:3D:54:BE:12:3C,ALL,udp:38234,192.168.3.1*,2,368,1,120,1,248
44:3D:54:BE:12:3C,ALL,udp:38234,192.168.3.105*,2,368,1,248,1,120
44:3D:54:BE:12:3C,ALL,udp:43814,192.168.3.1*,2,242,1,89,1,153
44:3D:54:BE:12:3C,ALL,udp:43814,192.168.3.105*,2,242,1,153,1,89
44:3D:54:BE:12:3C,ALL,udp:4028,192.168.3.1*,2,228,1,90,1,138
44:3D:54:BE:12:3C,ALL,udp:4028,192.168.3.105*,2,228,1,138,1,90
44:3D:54:BE:12:3C,ALL,udp:25743,192.168.3.1*,2,242,1,89,1,153
44:3D:54:BE:12:3C,ALL,udp:25743,192.168.3.105*,2,242,1,153,1,89
44:3D:54:BE:12:3C,ALL,udp:7685,192.168.3.1*,2,253,1,79,1,174
44:3D:54:BE:12:3C,ALL,udp:7685,192.168.3.105*,2,253,1,174,1,79
44:3D:54:BE:12:3C,ALL,udp:34879,192.168.3.1*,2,242,1,89,1,153
44:3D:54:BE:12:3C,ALL,udp:34879,192.168.3.105*,2,242,1,153,1,89
44:3D:54:BE:12:3C,ALL,udp:56686,192.168.3.1*,2,170,1,77,1,93
44:3D:54:BE:12:3C,ALL,udp:56686,192.168.3.105*,2,170,1,93,1,77
44:3D:54:BE:12:3C,ALL,udp:42685,192.168.3.1*,2,164,1,74,1,90
44:3D:54:BE:12:3C,ALL,udp:42685,192.168.3.105*,2,164,1,90,1,74
44:3D:54:BE:12:3C,ALL,udp:26958,192.168.3.1*,2,242,1,89,1,153
44:3D:54:BE:12:3C,ALL,udp:26958,192.168.3.105*,2,242,1,153,1,89
44:3D:54:BE:12:3C,ALL,udp:45820,192.168.3.1*,2,242,1,89,1,153
44:3D:54:BE:12:3C,ALL,udp:45820,192.168.3.105*,2,242,1,153,1,89
44:3D:54:BE:12:3C,ALL,udp:53544,192.168.3.1*,2,253,1,79,1,174
44:3D:54:BE:12:3C,ALL,udp:53544,192.168.3.105*,2,253,1,174,1,79
44:3D:54:BE:12:3C,ALL,udp:18005,192.168.3.1*,2,253,1,79,1,174
44:3D:54:BE:12:3C,ALL,udp:18005,192.168.3.105*,2,253,1,174,1,79
44:3D:54:BE:12:3C,ALL,udp:13618,192.168.3.1*,2,242,1,89,1,153
44:3D:54:BE:12:3C,ALL,udp:13618,192.168.3.105*,2,242,1,153,1,89
44:3D:54:BE:12:3C,ALL,udp:27362,192.168.3.1*,2,170,1,77,1,93
44:3D:54:BE:12:3C,ALL,udp:27362,192.168.3.105*,2,170,1,93,1,77
44:3D:54:BE:12:3C,ALL,udp:48952,192.168.3.1*,2,368,1,120,1,248
44:3D:54:BE:12:3C,ALL,udp:48952,192.168.3.105*,2,368,1,248,1,120
44:3D:54:BE:12:3C,ALL,udp:64644,192.168.3.1*,2,253,1,79,1,174
44:3D:54:BE:12:3C,ALL,udp:64644,192.168.3.105*,2,253,1,174,1,79
44:3D:54:BE:12:3C,ALL,udp:48076,192.168.3.1*,2,242,1,89,1,153
44:3D:54:BE:12:3C,ALL,udp:48076,192.168.3.105*,2,242,1,153,1,89
44:3D:54:BE:12:3C,ALL,udp:65335,192.168.3.1*,2,253,1,79,1,174
44:3D:54:BE:12:3C,ALL,udp:65335,192.168.3.105*,2,253,1,174,1,79
44:3D:54:BE:12:3C,ALL,udp:43636,192.168.3.1*,2,253,1,79,1,174
44:3D:54:BE:12:3C,ALL,udp:43636,192.168.3.105*,2,253,1,174,1,79
44:3D:54:BE:12:3C,ALL,udp:23604,192.168.3.1*,2,228,1,90,1,138
44:3D:54:BE:12:3C,ALL,udp:23604,192.168.3.105*,2,228,1,138,1,90
44:3D:54:BE:12:3C,ALL,udp:25103,192.168.3.1*,2,253,1,79,1,174
44:3D:54:BE:12:3C,ALL,udp:25103,192.168.3.105*,2,253,1,174,1,79
44:3D:54:BE:12:3C,ALL,udp:17520,192.168.3.1*,2,242,1,89,1,153
44:3D:54:BE:12:3C,ALL,udp:17520,192.168.3.105*,2,242,1,153,1,89
44:3D:54:BE:12:3C,ALL,udp:38108,192.168.3.1*,2,253,1,79,1,174
44:3D:54:BE:12:3C,ALL,udp:38108,192.168.3.105*,2,253,1,174,1,79
44:3D:54:BE:12:3C,ALL,udp:48420,192.168.3.1*,2,242,1,89,1,153
44:3D:54:BE:12:3C,ALL,udp:48420,192.168.3.105*,2,242,1,153,1,89
44:3D:54:BE:12:3C,ALL,udp:4282,192.168.3.1*,2,170,1,77,1,93
44:3D:54:BE:12:3C,ALL,udp:4282,192.168.3.105*,2,170,1,93,1,77
44:3D:54:BE:12:3C,ALL,udp:4061,192.168.3.1*,2,253,1,79,1,174
44:3D:54:BE:12:3C,ALL,udp:4061,192.168.3.105*,2,253,1,174,1,79
44:3D:54:BE:12:3C,ALL,udp:45089,192.168.3.1*,2,242,1,89,1,153
44:3D:54:BE:12:3C,ALL,udp:45089,192.168.3.105*,2,242,1,153,1,89
44:3D:54:BE:12:3C,ALL,udp:34415,192.168.3.1*,2,253,1,79,1,174
44:3D:54:BE:12:3C,ALL,udp:34415,192.168.3.105*,2,253,1,174,1,79
44:3D:54:BE:12:3C,ALL,udp:13521,192.168.3.1*,2,253,1,79,1,174
44:3D:54:BE:12:3C,ALL,udp:13521,192.168.3.105*,2,253,1,174,1,79
44:3D:54:BE:12:3C,ALL,udp:23400,192.168.3.1*,2,242,1,89,1,153
44:3D:54:BE:12:3C,ALL,udp:23400,192.168.3.105*,2,242,1,153,1,89
44:3D:54:BE:12:3C,ALL,udp:37233,192.168.3.1*,2,242,1,89,1,153
44:3D:54:BE:12:3C,ALL,udp:37233,192.168.3.105*,2,242,1,153,1,89
44:3D:54:BE:12:3C,ALL,udp:42876,192.168.3.1*,2,253,1,79,1,174
44:3D:54:BE:12:3C,ALL,udp:42876,192.168.3.105*,2,253,1,174,1,79
44:3D:54:BE:12:3C,ALL,udp:56470,192.168.3.1*,2,170,1,77,1,93
44:3D:54:BE:12:3C,ALL,udp:56470,192.168.3.105*,2,170,1,93,1,77
44:3D:54:BE:12:3C,ALL,udp:24174,192.168.3.1*,2,368,1,120,1,248
44:3D:54:BE:12:3C,ALL,udp:24174,192.168.3.105*,2,368,1,248,1,120
44:3D:54:BE:12:3C,ALL,udp:4822,192.168.3.1*,2,242,1,89,1,153
44:3D:54:BE:12:3C,ALL,udp:4822,192.168.3.105*,2,242,1,153,1,89
44:3D:54:BE:12:3C,ALL,udp:17262,192.168.3.1*,2,228,1,90,1,138
44:3D:54:BE:12:3C,ALL,udp:17262,192.168.3.105*,2,228,1,138,1,90
44:3D:54:BE:12:3C,ALL,udp:48089,192.168.3.1*,2,253,1,79,1,174
44:3D:54:BE:12:3C,ALL,udp:48089,192.168.3.105*,2,253,1,174,1,79
44:3D:54:BE:12:3C,ALL,udp:48430,192.168.3.1*,2,253,1,79,1,174
44:3D:54:BE:12:3C,ALL,udp:48430,192.168.3.105*,2,253,1,174,1,79
44:3D:54:BE:12:3C,ALL,udp:1147,192.168.3.1*,2,242,1,89,1,153
44:3D:54:BE:12:3C,ALL,udp:1147,192.168.3.105*,2,242,1,153,1,89
44:3D:54:BE:12:3C,ALL,udp:5343,192.168.3.1*,2,242,1,89,1,153
44:3D:54:BE:12:3C,ALL,udp:5343,192.168.3.105*,2,242,1,153,1,89
44:3D:54:BE:12:3C,ALL,udp:14347,192.168.3.1*,2,170,1,77,1,93
44:3D:54:BE:12:3C,ALL,udp:14347,192.168.3.105*,2,170,1,93,1,77
44:3D:54:BE:12:3C,ALL,udp:27424,192.168.3.1*,2,164,1,74,1,90
44:3D:54:BE:12:3C,ALL,udp:27424,192.168.3.105*,2,164,1,90,1,74
44:3D:54:BE:12:3C,ALL,udp:64871,192.168.3.1*,2,242,1,89,1,153
44:3D:54:BE:12:3C,ALL,udp:64871,192.168.3.105*,2,242,1,153,1,89
44:3D:54:BE:12:3C,ALL,udp:29768,192.168.3.1*,2,253,1,79,1,174
44:3D:54:BE:12:3C,ALL,udp:29768,192.168.3.105*,2,253,1,174,1,79
44:3D:54:BE:12:3C,ALL,udp:21282,192.168.3.1*,2,242,1,89,1,153
44:3D:54:BE:12:3C,ALL,udp:21282,192.168.3.105*,2,242,1,153,1,89
44:3D:54:BE:12:3C,ALL,udp:22829,192.168.3.1*,2,253,1,79,1,174
44:3D:54:BE:12:3C,ALL,udp:22829,192.168.3.105*,2,253,1,174,1,79
44:3D:54:BE:12:3C,ALL,udp:52497,192.168.3.1*,2,242,1,89,1,153
44:3D:54:BE:12:3C,ALL,udp:52497,192.168.3.105*,2,242,1,153,1,89
44:3D:54:BE:12:3C,ALL,udp:40045,192.168.3.1*,2,170,1,77,1,93
44:3D:54:BE:12:3C,ALL,udp:40045,192.168.3.105*,2,170,1,93,1,77
44:3D:54:BE:12:3C,ALL,udp:16361,192.168.3.1*,2,368,1,120,1,248
44:3D:54:BE:12:3C,ALL,udp:16361,192.168.3.105*,2,368,1,248,1,120
44:3D:54:BE:12:3C,ALL,udp:15062,192.168.3.1*,2,242,1,89,1,153
44:3D:54:BE:12:3C,ALL,udp:15062,192.168.3.105*,2,242,1,153,1,89
44:3D:54:BE:12:3C,ALL,udp:12087,192.168.3.1*,2,228,1,90,1,138
44:3D:54:BE:12:3C,ALL,udp:12087,192.168.3.105*,2,228,1,138,1,90
44:3D:54:BE:12:3C,ALL,udp:56039,192.168.3.1*,2,253,1,79,1,174
44:3D:54:BE:12:3C,ALL,udp:56039,192.168.3.105*,2,253,1,174,1,79
44:3D:54:BE:12:3C,ALL,udp:60275,192.168.3.1*,2,253,1,79,1,174
44:3D:54:BE:12:3C,ALL,udp:60275,192.168.3.105*,2,253,1,174,1,79
44:3D:54:BE:12:3C,ALL,udp:36580,192.168.3.1*,2,242,1,89,1,153
44:3D:54:BE:12:3C,ALL,udp:36580,192.168.3.105*,2,242,1,153,1,89
44:3D:54:BE:12:3C,ALL,udp:16671,192.168.3.1*,2,253,1,79,1,174
44:3D:54:BE:12:3C,ALL,udp:16671,192.168.3.105*,2,253,1,174,1,79
44:3D:54:BE:12:3C,ALL,udp:14516,192.168.3.1*,2,164,1,74,1,90
44:3D:54:BE:12:3C,ALL,udp:14516,192.168.3.105*,2,164,1,90,1,74
44:3D:54:BE:12:3C,ALL,udp:36314,192.168.3.1*,2,242,1,89,1,153
44:3D:54:BE:12:3C,ALL,udp:36314,192.168.3.105*,2,242,1,153,1,89
44:3D:54:BE:12:3C,ALL,udp:64788,192.168.3.1*,2,253,1,79,1,174
44:3D:54:BE:12:3C,ALL,udp:64788,192.168.3.105*,2,253,1,174,1,79
44:3D:54:BE:12:3C,ALL,udp:57617,192.168.3.1*,2,170,1,77,1,93
44:3D:54:BE:12:3C,ALL,udp:57617,192.168.3.105*,2,170,1,93,1,77
44:3D:54:BE:12:3C,ALL,udp:12410,192.168.3.1*,2,253,1,79,1,174
44:3D:54:BE:12:3C,ALL,udp:12410,192.168.3.105*,2,253,1,174,1,79
44:3D:54:BE:12:3C,ALL,udp:4290,192.168.3.1*,2,253,1,79,1,174
44:3D:54:BE:12:3C,ALL,udp:4290,192.168.3.105*,2,253,1,174,1,79
44:3D:54:BE:12:3C,ALL,udp:22467,192.168.3.1*,2,242,1,89,1,153
44:3D:54:BE:12:3C,ALL,udp:22467,192.168.3.105*,2,242,1,153,1,89
44:3D:54:BE:12:3C,ALL,udp:11062,192.168.3.1*,2,253,1,79,1,174
44:3D:54:BE:12:3C,ALL,udp:11062,192.168.3.105*,2,253,1,174,1,79
44:3D:54:BE:12:3C,ALL,udp:57533,192.168.3.1*,2,253,1,79,1,174
44:3D:54:BE:12:3C,ALL,udp:57533,192.168.3.105*,2,253,1,174,1,79
44:3D:54:BE:12:3C,ALL,udp:1177,192.168.3.1*,2,242,1,89,1,153
44:3D:54:BE:12:3C,ALL,udp:1177,192.168.3.105*,2,242,1,153,1,89
44:3D:54:BE:12:3C,ALL,udp:26820,192.168.3.1*,2,253,1,79,1,174
44:3D:54:BE:12:3C,ALL,udp:26820,192.168.3.105*,2,253,1,174,1,79
44:3D:54:BE:12:3C,ALL,udp:14117,192.168.3.1*,2,242,1,89,1,153
44:3D:54:BE:12:3C,ALL,udp:14117,192.168.3.105*,2,242,1,153,1,89
44:3D:54:BE:12:3C,ALL,udp:4579,192.168.3.1*,2,170,1,77,1,93
44:3D:54:BE:12:3C,ALL,udp:4579,192.168.3.105*,2,170,1,93,1,77
44:3D:54:BE:12:3C,ALL,udp:58660,192.168.3.1*,2,368,1,120,1,248
44:3D:54:BE:12:3C,ALL,udp:58660,192.168.3.105*,2,368,1,248,1,120
44:3D:54:BE:12:3C,ALL,udp:60065,192.168.3.1*,2,228,1,90,1,138
44:3D:54:BE:12:3C,ALL,udp:60065,192.168.3.105*,2,228,1,138,1,90
44:3D:54:BE:12:3C,ALL,udp:50853,192.168.3.1*,2,242,1,89,1,153
44:3D:54:BE:12:3C,ALL,udp:50853,192.168.3.105*,2,242,1,153,1,89
44:3D:54:BE:12:3C,ALL,udp:20257,192.168.3.1*,2,253,1,79,1,174
44:3D:54:BE:12:3C,ALL,udp:20257,192.168.3.105*,2,253,1,174,1,79
44:3D:54:BE:12:3C,ALL,udp:16190,192.168.3.1*,2,242,1,89,1,153
44:3D:54:BE:12:3C,ALL,udp:16190,192.168.3.105*,2,242,1,153,1,89
44:3D:54:BE:12:3C,ALL,udp:47528,192.168.3.1*,2,164,1,74,1,90
44:3D:54:BE:12:3C,ALL,udp:47528,192.168.3.105*,2,164,1,90,1,74
44:3D:54:BE:12:3C,ALL,udp:48222,192.168.3.1*,2,242,1,89,1,153
44:3D:54:BE:12:3C,ALL,udp:48222,192.168.3.105*,2,242,1,153,1,89
44:3D:54:BE:12:3C,ALL,udp:47403,192.168.3.1*,2,170,1,77,1,93
44:3D:54:BE:12:3C,ALL,udp:47403,192.168.3.105*,2,170,1,93,1,77
44:3D:54:BE:12:3C,ALL,udp:8211,192.168.3.1*,2,242,1,89,1,153
44:3D:54:BE:12:3C,ALL,udp:8211,192.168.3.105*,2,242,1,153,1,89
44:3D:54:BE:12:3C,ALL,udp:37938,192.168.3.1*,2,253,1,79,1,174
44:3D:54:BE:12:3C,ALL,udp:37938,192.168.3.105*,2,253,1,174,1,79
44:3D:54:BE:12:3C,ALL,udp:61276,192.168.3.1*,2,242,1,89,1,153
44:3D:54:BE:12:3C,ALL,udp:61276,192.168.3.105*,2,242,1,153,1,89
44:3D:54:BE:12:3C,ALL,udp:19258,192.168.3.1*,2,242,1,89,1,153
44:3D:54:BE:12:3C,ALL,udp:19258,192.168.3.105*,2,242,1,153,1,89
44:3D:54:BE:12:3C,ALL,udp:8418,192.168.3.1*,2,253,1,79,1,174
44:3D:54:BE:12:3C,ALL,udp:8418,192.168.3.105*,2,253,1,174,1,79
44:3D:54:BE:12:3C,ALL,udp:26773,192.168.3.1*,2,253,1,79,1,174
44:3D:54:BE:12:3C,ALL,udp:26773,192.168.3.105*,2,253,1,174,1,79
44:3D:54:BE:12:3C,ALL,udp:50572,192.168.3.1*,2,228,1,90,1,138
44:3D:54:BE:12:3C,ALL,udp:50572,192.168.3.105*,2,228,1,138,1,90
44:3D:54:BE:12:3C,ALL,udp:35536,192.168.3.1*,2,368,1,120,1,248
44:3D:54:BE:12:3C,ALL,udp:35536,192.168.3.105*,2,368,1,248,1,120
44:3D:54:BE:12:3C,ALL,udp:53020,192.168.3.1*,2,242,1,89,1,153
44:3D:54:BE:12:3C,ALL,udp:53020,192.168.3.105*,2,242,1,153,1,89
44:3D:54:BE:12:3C,ALL,udp:19698,192.168.3.1*,2,253,1,79,1,174
44:3D:54:BE:12:3C,ALL,udp:19698,192.168.3.105*,2,253,1,174,1,79
44:3D:54:BE:12:3C,ALL,udp:9218,192.168.3.1*,2,253,1,79,1,174
44:3D:54:BE:12:3C,ALL,udp:9218,192.168.3.105*,2,253,1,174,1,79
44:3D:54:BE:12:3C,ALL,udp:32482,192.168.3.1*,2,242,1,89,1,153
44:3D:54:BE:12:3C,ALL,udp:32482,192.168.3.105*,2,242,1,153,1,89
44:3D:54:BE:12:3C,ALL,udp:23436,192.168.3.1*,2,242,1,89,1,153
44:3D:54:BE:12:3C,ALL,udp:23436,192.168.3.105*,2,242,1,153,1,89
44:3D:54:BE:12:3C,ALL,udp:34619,192.168.3.1*,2,253,1,79,1,174
44:3D:54:BE:12:3C,ALL,udp:34619,192.168.3.105*,2,253,1,174,1,79
44:3D:54:BE:12:3C,ALL,udp:62198,192.168.3.1*,2,253,1,79,1,174
44:3D:54:BE:12:3C,ALL,udp:62198,192.168.3.105*,2,253,1,174,1,79
44:3D:54:BE:12:3C,ALL,udp:60685,192.168.3.1*,2,242,1,89,1,153
44:3D:54:BE:12:3C,ALL,udp:60685,192.168.3.105*,2,242,1,153,1,89
44:3D:54:BE:12:3C,ALL,udp:58769,192.168.3.1*,2,253,1,79,1,174
44:3D:54:BE:12:3C,ALL,udp:58769,192.168.3.105*,2,253,1,174,1,79
44:3D:54:BE:12:3C,ALL,udp:2743,192.168.3.1*,2,170,1,77,1,93
44:3D:54:BE:12:3C,ALL,udp:2743,192.168.3.105*,2,170,1,93,1,77
44:3D:54:BE:12:3C,ALL,udp:14130,192.168.3.1*,2,401,1,86,1,315
44:3D:54:BE:12:3C,ALL,udp:14130,192.168.3.105*,2,401,1,315,1,86
44:3D:54:BE:12:3C,ALL,udp:36680,192.168.3.1*,2,242,1,89,1,153
44:3D:54:BE:12:3C,ALL,udp:36680,192.168.3.105*,2,242,1,153,1,89
44:3D:54:BE:12:3C,ALL,udp:31946,192.168.3.1*,2,253,1,79,1,174
44:3D:54:BE:12:3C,ALL,udp:31946,192.168.3.105*,2,253,1,174,1,79
44:3D:54:BE:12:3C,ALL,udp:6450,192.168.3.1*,2,242,1,89,1,153
44:3D:54:BE:12:3C,ALL,udp:6450,192.168.3.105*,2,242,1,153,1,89
44:3D:54:BE:12:3C,ALL,udp:19726,192.168.3.1*,2,253,1,79,1,174
44:3D:54:BE:12:3C,ALL,udp:19726,192.168.3.105*,2,253,1,174,1,79
44:3D:54:BE:12:3C,ALL,udp:1471,192.168.3.1*,2,253,1,79,1,174
44:3D:54:BE:12:3C,ALL,udp:1471,192.168.3.105*,2,253,1,174,1,79
44:3D:54:BE:12:3C,ALL,udp:1663,192.168.3.1*,2,242,1,89,1,153
44:3D:54:BE:12:3C,ALL,udp:1663,192.168.3.105*,2,242,1,153,1,89
44:3D:54:BE:12:3C,ALL,udp:54371,192.168.3.1*,2,170,1,77,1,93
44:3D:54:BE:12:3C,ALL,udp:54371,192.168.3.105*,2,170,1,93,1,77
44:3D:54:BE:12:3C,ALL,udp:23007,192.168.3.1*,2,253,1,79,1,174
44:3D:54:BE:12:3C,ALL,udp:23007,192.168.3.105*,2,253,1,174,1,79
44:3D:54:BE:12:3C,ALL,udp:9335,192.168.3.1*,2,368,1,120,1,248
44:3D:54:BE:12:3C,ALL,udp:9335,192.168.3.105*,2,368,1,248,1,120
44:3D:54:BE:12:3C,ALL,udp:13230,192.168.3.1*,2,242,1,89,1,153
44:3D:54:BE:12:3C,ALL,udp:13230,192.168.3.105*,2,242,1,153,1,89
44:3D:54:BE:12:3C,ALL,udp:22560,192.168.3.1*,2,253,1,79,1,174
44:3D:54:BE:12:3C,ALL,udp:22560,192.168.3.105*,2,253,1,174,1,79
44:3D:54:BE:12:3C,ALL,udp:58989,192.168.3.1*,2,253,1,79,1,174
44:3D:54:BE:12:3C,ALL,udp:58989,192.168.3.105*,2,253,1,174,1,79
44:3D:54:BE:12:3C,ALL,udp:48629,192.168.3.1*,2,242,1,89,1,153
44:3D:54:BE:12:3C,ALL,udp:48629,192.168.3.105*,2,242,1,153,1,89
44:3D:54:BE:12:3C,ALL,udp:22791,192.168.3.1*,2,253,1,79,1,174
44:3D:54:BE:12:3C,ALL,udp:22791,192.168.3.105*,2,253,1,174,1,79
44:3D:54:BE:12:3C,ALL,udp:8547,192.168.3.1*,2,253,1,79,1,174
44:3D:54:BE:12:3C,ALL,udp:8547,192.168.3.105*,2,253,1,174,1,79
44:3D:54:BE:12:3C,ALL,udp:14750,192.168.3.1*,2,253,1,79,1,174
44:3D:54:BE:12:3C,ALL,udp:14750,192.168.3.105*,2,253,1,174,1,79
44:3D:54:BE:12:3C,ALL,udp:13545,192.168.3.1*,2,164,1,74,1,90
44:3D:54:BE:12:3C,ALL,udp:13545,192.168.3.105*,2,164,1,90,1,74
44:3D:54:BE:12:3C,ALL,udp:28788,192.168.3.1*,2,253,1,79,1,174
44:3D:54:BE:12:3C,ALL,udp:28788,192.168.3.105*,2,253,1,174,1,79
44:3D:54:BE:12:3C,ALL,udp:45610,192.168.3.1*,2,242,1,89,1,153
44:3D:54:BE:12:3C,ALL,udp:45610,192.168.3.105*,2,242,1,153,1,89
44:3D:54:BE:12:3C,ALL,udp:51676,192.168.3.1*,2,170,1,77,1,93
44:3D:54:BE:12:3C,ALL,udp:51676,192.168.3.105*,2,170,1,93,1,77
44:3D:54:BE:12:3C,ALL,udp:61091,192.168.3.1*,2,382,1,102,1,280
44:3D:54:BE:12:3C,ALL,udp:61091,192.168.3.105*,2,382,1,280,1,102
44:3D:54:BE:12:3C,ALL,udp:19161,192.168.3.1*,2,242,1,89,1,153
44:3D:54:BE:12:3C,ALL,udp:19161,192.168.3.105*,2,242,1,153,1,89
44:3D:54:BE:12:3C,ALL,udp:12165,192.168.3.1*,2,253,1,79,1,174
44:3D:54:BE:12:3C,ALL,udp:12165,192.168.3.105*,2,253,1,174,1,79
44:3D:54:BE:12:3C,ALL,udp:11028,192.168.3.1*,2,253,1,79,1,174
44:3D:54:BE:12:3C,ALL,udp:11028,192.168.3.105*,2,253,1,174,1,79
44:3D:54:BE:12:3C,ALL,udp:51332,192.168.3.1*,2,242,1,89,1,153
44:3D:54:BE:12:3C,ALL,udp:51332,192.168.3.105*,2,242,1,153,1,89
44:3D:54:BE:12:3C,ALL,udp:51536,192.168.3.1*,2,253,1,79,1,174
44:3D:54:BE:12:3C,ALL,udp:51536,192.168.3.105*,2,253,1,174,1,79
44:3D:54:BE:12:3C,ALL,udp:5601,192.168.3.1*,2,242,1,89,1,153
44:3D:54:BE:12:3C,ALL,udp:5601,192.168.3.105*,2,242,1,153,1,89
44:3D:54:BE:12:3C,ALL,udp:21948,192.168.3.1*,2,170,1,77,1,93
44:3D:54:BE:12:3C,ALL,udp:21948,192.168.3.105*,2,170,1,93,1,77
44:3D:54:BE:12:3C,ALL,udp:7812,192.168.3.1*,2,228,1,90,1,138
44:3D:54:BE:12:3C,ALL,udp:7812,192.168.3.105*,2,228,1,138,1,90
44:3D:54:BE:12:3C,ALL,udp:50893,192.168.3.1*,2,253,1,79,1,174
44:3D:54:BE:12:3C,ALL,udp:50893,192.168.3.105*,2,253,1,174,1,79
44:3D:54:BE:12:3C,ALL,udp:38847,192.168.3.1*,2,368,1,120,1,248
44:3D:54:BE:12:3C,ALL,udp:38847,192.168.3.105*,2,368,1,248,1,120
44:3D:54:BE:12:3C,ALL,udp:39785,192.168.3.1*,2,242,1,89,1,153
44:3D:54:BE:12:3C,ALL,udp:39785,192.168.3.105*,2,242,1,153,1,89
44:3D:54:BE:12:3C,ALL,udp:20445,192.168.3.1*,2,253,1,79,1,174
44:3D:54:BE:12:3C,ALL,udp:20445,192.168.3.105*,2,253,1,174,1,79
44:3D:54:BE:12:3C,ALL,udp:8434,192.168.3.1*,2,253,1,79,1,174
44:3D:54:BE:12:3C,ALL,udp:8434,192.168.3.105*,2,253,1,174,1,79
44:3D:54:BE:12:3C,ALL,udp:33654,192.168.3.1*,2,242,1,89,1,153
44:3D:54:BE:12:3C,ALL,udp:33654,192.168.3.105*,2,242,1,153,1,89
44:3D:54:BE:12:3C,ALL,udp:1850,192.168.3.1*,2,242,1,89,1,153
44:3D:54:BE:12:3C,ALL,udp:1850,192.168.3.105*,2,242,1,153,1,89
44:3D:54:BE:12:3C,ALL,udp:58169,192.168.3.1*,2,170,1,77,1,93
44:3D:54:BE:12:3C,ALL,udp:58169,192.168.3.105*,2,170,1,93,1,77
44:3D:54:BE:12:3C,ALL,udp:11274,192.168.3.1*,2,242,1,89,1,153
44:3D:54:BE:12:3C,ALL,udp:11274,192.168.3.105*,2,242,1,153,1,89
44:3D:54:BE:12:3C,ALL,udp:43714,192.168.3.1*,2,242,1,89,1,153
44:3D:54:BE:12:3C,ALL,udp:43714,192.168.3.105*,2,242,1,153,1,89
44:3D:54:BE:12:3C,ALL,udp:40567,192.168.3.1*,2,253,1,79,1,174
44:3D:54:BE:12:3C,ALL,udp:40567,192.168.3.105*,2,253,1,174,1,79
44:3D:54:BE:12:3C,ALL,udp:13126,192.168.3.1*,2,253,1,79,1,174
44:3D:54:BE:12:3C,ALL,udp:13126,192.168.3.105*,2,253,1,174,1,79
44:3D:54:BE:12:3C,ALL,udp:8709,192.168.3.1*,2,242,1,89,1,153
44:3D:54:BE:12:3C,ALL,udp:8709,192.168.3.105*,2,242,1,153,1,89
44:3D:54:BE:12:3C,ALL,udp:26985,192.168.3.1*,2,228,1,90,1,138
44:3D:54:BE:12:3C,ALL,udp:26985,192.168.3.105*,2,228,1,138,1,90
44:3D:54:BE:12:3C,ALL,udp:27661,192.168.3.1*,2,170,1,77,1,93
44:3D:54:BE:12:3C,ALL,udp:27661,192.168.3.105*,2,170,1,93,1,77
44:3D:54:BE:12:3C,ALL,udp:33892,192.168.3.1*,2,368,1,120,1,248
44:3D:54:BE:12:3C,ALL,udp:33892,192.168.3.105*,2,368,1,248,1,120
44:3D:54:BE:12:3C,ALL,udp:56821,192.168.3.1*,2,253,1,79,1,174
44:3D:54:BE:12:3C,ALL,udp:56821,192.168.3.105*,2,253,1,174,1,79
44:3D:54:BE:12:3C,ALL,udp:5687,192.168.3.1*,2,242,1,89,1,153
44:3D:54:BE:12:3C,ALL,udp:5687,192.168.3.105*,2,242,1,153,1,89
44:3D:54:BE:12:3C,ALL,udp:3063,192.168.3.1*,2,164,1,74,1,90
44:3D:54:BE:12:3C,ALL,udp:3063,192.168.3.105*,2,164,1,90,1,74
44:3D:54:BE:12:3C,ALL,udp:11082,192.168.3.1*,2,253,1,79,1,174
44:3D:54:BE:12:3C,ALL,udp:11082,192.168.3.105*,2,253,1,174,1,79
44:3D:54:BE:12:3C,ALL,udp:49243,192.168.3.1*,2,253,1,79,1,174
44:3D:54:BE:12:3C,ALL,udp:49243,192.168.3.105*,2,253,1,174,1,79
44:3D:54:BE:12:3C,ALL,udp:43789,192.168.3.1*,2,242,1,89,1,153
44:3D:54:BE:12:3C,ALL,udp:43789,192.168.3.105*,2,242,1,153,1,89
44:3D:54:BE:12:3C,ALL,udp:1737,192.168.3.1*,2,253,1,79,1,174
44:3D:54:BE:12:3C,ALL,udp:1737,192.168.3.105*,2,253,1,174,1,79
44:3D:54:BE:12:3C,ALL,udp:41308,192.168.3.1*,2,170,1,77,1,93
44:3D:54:BE:12:3C,ALL,udp:41308,192.168.3.105*,2,170,1,93,1,77
44:3D:54:BE:12:3C,ALL,udp:57746,192.168.3.1*,2,253,1,79,1,174
44:3D:54:BE:12:3C,ALL,udp:57746,192.168.3.105*,2,253,1,174,1,79
44:3D:54:BE:12:3C,ALL,udp:51506,192.168.3.1*,2,253,1,79,1,174
44:3D:54:BE:12:3C,ALL,udp:51506,192.168.3.105*,2,253,1,174,1,79
44:3D:54:BE:12:3C,ALL,udp:13841,192.168.3.1*,2,253,1,79,1,174
44:3D:54:BE:12:3C,ALL,udp:13841,192.168.3.105*,2,253,1,174,1,79
44:3D:54:BE:12:3C,ALL,udp:30839,192.168.3.1*,2,242,1,89,1,153
44:3D:54:BE:12:3C,ALL,udp:30839,192.168.3.105*,2,242,1,153,1,89
44:3D:54:BE:12:3C,ALL,udp:12745,192.168.3.1*,2,253,1,79,1,174
44:3D:54:BE:12:3C,ALL,udp:12745,192.168.3.105*,2,253,1,174,1,79
44:3D:54:BE:12:3C,ALL,udp:9369,192.168.3.1*,2,253,1,79,1,174
44:3D:54:BE:12:3C,ALL,udp:9369,192.168.3.105*,2,253,1,174,1,79
44:3D:54:BE:12:3C,ALL,udp:38895,192.168.3.1*,2,242,1,89,1,153
44:3D:54:BE:12:3C,ALL,udp:38895,192.168.3.105*,2,242,1,153,1,89
44:3D:54:BE:12:3C,ALL,udp:52341,192.168.3.1*,2,253,1,79,1,174
44:3D:54:BE:12:3C,ALL,udp:52341,192.168.3.105*,2,253,1,174,1,79
44:3D:54:BE:12:3C,ALL,udp:61766,192.168.3.1*,2,253,1,79,1,174
44:3D:54:BE:12:3C,ALL,udp:61766,192.168.3.105*,2,253,1,174,1,79
44:3D:54:BE:12:3C,ALL,udp:13334,192.168.3.1*,2,228,1,90,1,138
44:3D:54:BE:12:3C,ALL,udp:13334,192.168.3.105*,2,228,1,138,1,90
44:3D:54:BE:12:3C,ALL,udp:26136,192.168.3.1*,2,242,1,89,1,153
44:3D:54:BE:12:3C,ALL,udp:26136,192.168.3.105*,2,242,1,153,1,89
44:3D:54:BE:12:3C,ALL,udp:7578,192.168.3.1*,2,170,1,77,1,93
44:3D:54:BE:12:3C,ALL,udp:7578,192.168.3.105*,2,170,1,93,1,77
44:3D:54:BE:12:3C,ALL,udp:58605,192.168.3.1*,2,368,1,120,1,248
44:3D:54:BE:12:3C,ALL,udp:58605,192.168.3.105*,2,368,1,248,1,120
44:3D:54:BE:12:3C,ALL,udp:54727,192.168.3.1*,2,242,1,89,1,153
44:3D:54:BE:12:3C,ALL,udp:54727,192.168.3.105*,2,242,1,153,1,89
44:3D:54:BE:12:3C,ALL,udp:58061,192.168.3.1*,2,253,1,79,1,174
44:3D:54:BE:12:3C,ALL,udp:58061,192.168.3.105*,2,253,1,174,1,79
44:3D:54:BE:12:3C,ALL,udp:22112,192.168.3.1*,2,242,1,89,1,153
44:3D:54:BE:12:3C,ALL,udp:22112,192.168.3.105*,2,242,1,153,1,89
44:3D:54:BE:12:3C,ALL,udp:6037,192.168.3.1*,2,253,1,79,1,174
44:3D:54:BE:12:3C,ALL,udp:6037,192.168.3.105*,2,253,1,174,1,79
44:3D:54:BE:12:3C,ALL,udp:44304,192.168.3.1*,2,242,1,89,1,153
44:3D:54:BE:12:3C,ALL,udp:44304,192.168.3.105*,2,242,1,153,1,89
44:3D:54:BE:12:3C,ALL,udp:40922,192.168.3.1*,2,170,1,77,1,93
44:3D:54:BE:12:3C,ALL,udp:40922,192.168.3.105*,2,170,1,93,1,77
44:3D:54:BE:12:3C,ALL,udp:5990,192.168.3.1*,2,242,1,89,1,153
44:3D:54:BE:12:3C,ALL,udp:5990,192.168.3.105*,2,242,1,153,1,89
44:3D:54:BE:12:3C,ALL,udp:19927,192.168.3.1*,2,196,1,90,1,106
44:3D:54:BE:12:3C,ALL,udp:19927,192.168.3.105*,2,196,1,106,1,90
44:3D:54:BE:12:3C,ALL,udp:50198,192.168.3.1*,2,242,1,89,1,153
44:3D:54:BE:12:3C,ALL,udp:50198,192.168.3.105*,2,242,1,153,1,89
44:3D:54:BE:12:3C,ALL,udp:64017,192.168.3.1*,2,253,1,79,1,174
44:3D:54:BE:12:3C,ALL,udp:64017,192.168.3.105*,2,253,1,174,1,79
44:3D:54:BE:12:3C,ALL,udp:24284,192.168.3.1*,2,228,1,90,1,138
44:3D:54:BE:12:3C,ALL,udp:24284,192.168.3.105*,2,228,1,138,1,90
44:3D:54:BE:12:3C,ALL,udp:29744,192.168.3.1*,2,253,1,79,1,174
44:3D:54:BE:12:3C,ALL,udp:29744,192.168.3.105*,2,253,1,174,1,79
44:3D:54:BE:12:3C,ALL,udp:28216,192.168.3.1*,2,242,1,89,1,153
44:3D:54:BE:12:3C,ALL,udp:28216,192.168.3.105*,2,242,1,153,1,89
44:3D:54:BE:12:3C,ALL,udp:24034,192.168.3.1*,2,170,1,77,1,93
44:3D:54:BE:12:3C,ALL,udp:24034,192.168.3.105*,2,170,1,93,1,77
44:3D:54:BE:12:3C,ALL,udp:57785,192.168.3.1*,2,368,1,120,1,248
44:3D:54:BE:12:3C,ALL,udp:57785,192.168.3.105*,2,368,1,248,1,120
44:3D:54:BE:12:3C,ALL,udp:57293,192.168.3.1*,2,242,1,89,1,153
44:3D:54:BE:12:3C,ALL,udp:57293,192.168.3.105*,2,242,1,153,1,89
44:3D:54:BE:12:3C,ALL,udp:16092,192.168.3.1*,2,253,1,79,1,174
44:3D:54:BE:12:3C,ALL,udp:16092,192.168.3.105*,2,253,1,174,1,79
44:3D:54:BE:12:3C,ALL,udp:21062,192.168.3.1*,2,164,1,74,1,90
44:3D:54:BE:12:3C,ALL,udp:21062,192.168.3.105*,2,164,1,90,1,74
44:3D:54:BE:12:3C,ALL,udp:52639,192.168.3.1*,2,253,1,79,1,174
44:3D:54:BE:12:3C,ALL,udp:52639,192.168.3.105*,2,253,1,174,1,79
44:3D:54:BE:12:3C,ALL,udp:37169,192.168.3.1*,2,242,1,89,1,153
44:3D:54:BE:12:3C,ALL,udp:37169,192.168.3.105*,2,242,1,153,1,89
44:3D:54:BE:12:3C,ALL,udp:21432,192.168.3.1*,2,170,1,77,1,93
44:3D:54:BE:12:3C,ALL,udp:21432,192.168.3.105*,2,170,1,93,1,77
44:3D:54:BE:12:3C,ALL,udp:23329,192.168.3.1*,2,253,1,79,1,174
44:3D:54:BE:12:3C,ALL,udp:23329,192.168.3.105*,2,253,1,174,1,79
44:3D:54:BE:12:3C,ALL,udp:16865,192.168.3.1*,2,253,1,79,1,174
44:3D:54:BE:12:3C,ALL,udp:16865,192.168.3.105*,2,253,1,174,1,79
44:3D:54:BE:12:3C,ALL,udp:37058,192.168.3.1*,2,253,1,79,1,174
44:3D:54:BE:12:3C,ALL,udp:37058,192.168.3.105*,2,253,1,174,1,79
44:3D:54:BE:12:3C,ALL,udp:59539,192.168.3.1*,2,242,1,89,1,153
44:3D:54:BE:12:3C,ALL,udp:59539,192.168.3.105*,2,242,1,153,1,89
44:3D:54:BE:12:3C,ALL,udp:19625,192.168.3.1*,2,253,1,79,1,174
44:3D:54:BE:12:3C,ALL,udp:19625,192.168.3.105*,2,253,1,174,1,79
44:3D:54:BE:12:3C,ALL,udp:28342,192.168.3.1*,2,242,1,89,1,153
44:3D:54:BE:12:3C,ALL,udp:28342,192.168.3.105*,2,242,1,153,1,89
44:3D:54:BE:12:3C,ALL,udp:58071,192.168.3.1*,2,228,1,90,1,138
44:3D:54:BE:12:3C,ALL,udp:58071,192.168.3.105*,2,228,1,138,1,90
44:3D:54:BE:12:3C,ALL,udp:38694,192.168.3.1*,2,242,1,89,1,153
44:3D:54:BE:12:3C,ALL,udp:38694,192.168.3.105*,2,242,1,153,1,89
44:3D:54:BE:12:3C,ALL,udp:2778,192.168.3.1*,2,170,1,77,1,93
44:3D:54:BE:12:3C,ALL,udp:2778,192.168.3.105*,2,170,1,93,1,77
44:3D:54:BE:12:3C,ALL,udp:10430,192.168.3.1*,2,253,1,79,1,174
44:3D:54:BE:12:3C,ALL,udp:10430,192.168.3.105*,2,253,1,174,1,79
44:3D:54:BE:12:3C,ALL,udp:9894,192.168.3.1*,2,253,1,79,1,174
44:3D:54:BE:12:3C,ALL,udp:9894,192.168.3.105*,2,253,1,174,1,79
44:3D:54:BE:12:3C,ALL,udp:56363,192.168.3.1*,2,368,1,120,1,248
44:3D:54:BE:12:3C,ALL,udp:56363,192.168.3.105*,2,368,1,248,1,120
44:3D:54:BE:12:3C,ALL,udp:36925,192.168.3.1*,2,242,1,89,1,153
44:3D:54:BE:12:3C,ALL,udp:36925,192.168.3.105*,2,242,1,153,1,89
44:3D:54:BE:12:3C,ALL,udp:14958,192.168.3.1*,2,253,1,79,1,174
44:3D:54:BE:12:3C,ALL,udp:14958,192.168.3.105*,2,253,1,174,1,79
44:3D:54:BE:12:3C,ALL,udp:33414,192.168.3.1*,2,242,1,89,1,153
44:3D:54:BE:12:3C,ALL,udp:33414,192.168.3.105*,2,242,1,153,1,89
44:3D:54:BE:12:3C,ALL,udp:20791,192.168.3.1*,2,253,1,79,1,174
44:3D:54:BE:12:3C,ALL,udp:20791,192.168.3.105*,2,253,1,174,1,79
44:3D:54:BE:12:3C,ALL,udp:27772,192.168.3.1*,2,242,1,89,1,153
44:3D:54:BE:12:3C,ALL,udp:27772,192.168.3.105*,2,242,1,153,1,89
44:3D:54:BE:12:3C,ALL,udp:7925,192.168.3.1*,2,253,1,79,1,174
44:3D:54:BE:12:3C,ALL,udp:7925,192.168.3.105*,2,253,1,174,1,79
44:3D:54:BE:12:3C,ALL,udp:25487,192.168.3.1*,2,170,1,77,1,93
44:3D:54:BE:12:3C,ALL,udp:25487,192.168.3.105*,2,170,1,93,1,77
44:3D:54:BE:12:3C,ALL,udp:61345,192.168.3.1*,2,242,1,89,1,153
44:3D:54:BE:12:3C,ALL,udp:61345,192.168.3.105*,2,242,1,153,1,89
44:3D:54:BE:12:3C,ALL,udp:54946,192.168.3.1*,2,164,1,74,1,90
44:3D:54:BE:12:3C,ALL,udp:54946,192.168.3.105*,2,164,1,90,1,74
44:3D:54:BE:12:3C,ALL,udp:2052,192.168.3.1*,2,228,1,90,1,138
44:3D:54:BE:12:3C,ALL,udp:2052,192.168.3.105*,2,228,1,138,1,90
44:3D:54:BE:12:3C,ALL,udp:60765,192.168.3.1*,2,253,1,79,1,174
44:3D:54:BE:12:3C,ALL,udp:60765,192.168.3.105*,2,253,1,174,1,79
44:3D:54:BE:12:3C,ALL,udp:38620,192.168.3.1*,2,242,1,89,1,153
44:3D:54:BE:12:3C,ALL,udp:38620,192.168.3.105*,2,242,1,153,1,89
44:3D:54:BE:12:3C,ALL,udp:40665,192.168.3.1*,2,170,1,77,1,93
44:3D:54:BE:12:3C,ALL,udp:40665,192.168.3.105*,2,170,1,93,1,77
44:3D:54:BE:12:3C,ALL,udp:31381,192.168.3.1*,2,242,1,89,1,153
44:3D:54:BE:12:3C,ALL,udp:31381,192.168.3.105*,2,242,1,153,1,89
44:3D:54:BE:12:3C,ALL,udp:1691,192.168.3.1*,2,253,1,79,1,174
44:3D:54:BE:12:3C,ALL,udp:1691,192.168.3.105*,2,253,1,174,1,79
44:3D:54:BE:12:3C,ALL,udp:43335,192.168.3.1*,2,164,1,74,1,90
44:3D:54:BE:12:3C,ALL,udp:43335,192.168.3.105*,2,164,1,90,1,74
44:3D:54:BE:12:3C,ALL,udp:38653,192.168.3.1*,2,242,1,89,1,153
44:3D:54:BE:12:3C,ALL,udp:38653,192.168.3.105*,2,242,1,153,1,89
44:3D:54:BE:12:3C,ALL,udp:29193,192.168.3.1*,2,253,1,79,1,174
44:3D:54:BE:12:3C,ALL,udp:29193,192.168.3.105*,2,253,1,174,1,79
44:3D:54:BE:12:3C,ALL,udp:49646,192.168.3.1*,2,242,1,89,1,153
44:3D:54:BE:12:3C,ALL,udp:49646,192.168.3.105*,2,242,1,153,1,89
44:3D:54:BE:12:3C,ALL,udp:53592,192.168.3.1*,2,170,1,77,1,93
44:3D:54:BE:12:3C,ALL,udp:53592,192.168.3.105*,2,170,1,93,1,77
44:3D:54:BE:12:3C,ALL,udp:23950,192.168.3.1*,2,242,1,89,1,153
44:3D:54:BE:12:3C,ALL,udp:23950,192.168.3.105*,2,242,1,153,1,89
44:3D:54:BE:12:3C,ALL,udp:10639,192.168.3.1*,2,253,1,79,1,174
44:3D:54:BE:12:3C,ALL,udp:10639,192.168.3.105*,2,253,1,174,1,79
44:3D:54:BE:12:3C,ALL,udp:60370,192.168.3.1*,2,253,1,79,1,174
44:3D:54:BE:12:3C,ALL,udp:60370,192.168.3.105*,2,253,1,174,1,79
44:3D:54:BE:12:3C,ALL,udp:44189,192.168.3.1*,2,242,1,89,1,153
44:3D:54:BE:12:3C,ALL,udp:44189,192.168.3.105*,2,242,1,153,1,89
44:3D:54:BE:12:3C,ALL,udp:36227,192.168.3.1*,2,228,1,90,1,138
44:3D:54:BE:12:3C,ALL,udp:36227,192.168.3.105*,2,228,1,138,1,90
44:3D:54:BE:12:3C,ALL,udp:9571,192.168.3.1*,2,242,1,89,1,153
44:3D:54:BE:12:3C,ALL,udp:9571,192.168.3.105*,2,242,1,153,1,89
44:3D:54:BE:12:3C,ALL,udp:19409,192.168.3.1*,2,170,1,77,1,93
44:3D:54:BE:12:3C,ALL,udp:19409,192.168.3.105*,2,170,1,93,1,77
44:3D:54:BE:12:3C,ALL,udp:10066,192.168.3.1*,2,253,1,79,1,174
44:3D:54:BE:12:3C,ALL,udp:10066,192.168.3.105*,2,253,1,174,1,79
44:3D:54:BE:12:3C,ALL,udp:62330,192.168.3.1*,2,368,1,120,1,248
44:3D:54:BE:12:3C,ALL,udp:62330,192.168.3.105*,2,368,1,248,1,120
44:3D:54:BE:12:3C,ALL,udp:39706,192.168.3.1*,2,253,1,79,1,174
44:3D:54:BE:12:3C,ALL,udp:39706,192.168.3.105*,2,253,1,174,1,79
44:3D:54:BE:12:3C,ALL,udp:30027,192.168.3.1*,2,242,1,89,1,153
44:3D:54:BE:12:3C,ALL,udp:30027,192.168.3.105*,2,242,1,153,1,89
44:3D:54:BE:12:3C,ALL,udp:6437,192.168.3.1*,2,253,1,79,1,174
44:3D:54:BE:12:3C,ALL,udp:6437,192.168.3.105*,2,253,1,174,1,79
44:3D:54:BE:12:3C,ALL,udp:22279,192.168.3.1*,2,253,1,79,1,174
44:3D:54:BE:12:3C,ALL,udp:22279,192.168.3.105*,2,253,1,174,1,79
44:3D:54:BE:12:3C,ALL,udp:1713,192.168.3.1*,2,242,1,89,1,153
44:3D:54:BE:12:3C,ALL,udp:1713,192.168.3.105*,2,242,1,153,1,89
44:3D:54:BE:12:3C,ALL,udp:41444,192.168.3.1*,2,170,1,77,1,93
44:3D:54:BE:12:3C,ALL,udp:41444,192.168.3.105*,2,170,1,93,1,77
44:3D:54:BE:12:3C,ALL,udp:23388,192.168.3.1*,2,242,1,89,1,153
44:3D:54:BE:12:3C,ALL,udp:23388,192.168.3.105*,2,242,1,153,1,89
44:3D:54:BE:12:3C,ALL,udp:27230,192.168.3.1*,2,253,1,79,1,174
44:3D:54:BE:12:3C,ALL,udp:27230,192.168.3.105*,2,253,1,174,1,79
44:3D:54:BE:12:3C,ALL,udp:17603,192.168.3.1*,2,253,1,79,1,174
44:3D:54:BE:12:3C,ALL,udp:17603,192.168.3.105*,2,253,1,174,1,79
44:3D:54:BE:12:3C,ALL,udp:52945,192.168.3.1*,2,228,1,90,1,138
44:3D:54:BE:12:3C,ALL,udp:52945,192.168.3.105*,2,228,1,138,1,90
44:3D:54:BE:12:3C,ALL,udp:61814,192.168.3.1*,2,253,1,79,1,174
44:3D:54:BE:12:3C,ALL,udp:61814,192.168.3.105*,2,253,1,174,1,79
44:3D:54:BE:12:3C,ALL,udp:50589,192.168.3.1*,2,242,1,89,1,153
44:3D:54:BE:12:3C,ALL,udp:50589,192.168.3.105*,2,242,1,153,1,89
44:3D:54:BE:12:3C,ALL,udp:60943,192.168.3.1*,2,253,1,79,1,174
44:3D:54:BE:12:3C,ALL,udp:60943,192.168.3.105*,2,253,1,174,1,79
44:3D:54:BE:12:3C,ALL,udp:27365,192.168.3.1*,2,242,1,89,1,153
44:3D:54:BE:12:3C,ALL,udp:27365,192.168.3.105*,2,242,1,153,1,89
44:3D:54:BE:12:3C,ALL,udp:8610,192.168.3.1*,2,170,1,77,1,93
44:3D:54:BE:12:3C,ALL,udp:8610,192.168.3.105*,2,170,1,93,1,77
44:3D:54:BE:12:3C,ALL,udp:1906,192.168.3.1*,2,368,1,120,1,248
44:3D:54:BE:12:3C,ALL,udp:1906,192.168.3.105*,2,368,1,248,1,120
44:3D:54:BE:12:3C,ALL,udp:62070,192.168.3.1*,2,242,1,89,1,153
44:3D:54:BE:12:3C,ALL,udp:62070,192.168.3.105*,2,242,1,153,1,89
44:3D:54:BE:12:3C,ALL,udp:62120,192.168.3.1*,2,164,1,74,1,90
44:3D:54:BE:12:3C,ALL,udp:62120,192.168.3.105*,2,164,1,90,1,74
44:3D:54:BE:12:3C,ALL,udp:12184,192.168.3.1*,2,253,1,79,1,174
44:3D:54:BE:12:3C,ALL,udp:12184,192.168.3.105*,2,253,1,174,1,79
44:3D:54:BE:12:3C,ALL,udp:8442,192.168.3.1*,2,242,1,89,1,153
44:3D:54:BE:12:3C,ALL,udp:8442,192.168.3.105*,2,242,1,153,1,89
44:3D:54:BE:12:3C,ALL,udp:25846,192.168.3.1*,2,253,1,79,1,174
44:3D:54:BE:12:3C,ALL,udp:25846,192.168.3.105*,2,253,1,174,1,79
44:3D:54:BE:12:3C,ALL,udp:62186,192.168.3.1*,2,242,1,89,1,153
44:3D:54:BE:12:3C,ALL,udp:62186,192.168.3.105*,2,242,1,153,1,89
44:3D:54:BE:12:3C,ALL,udp:41382,192.168.3.1*,2,170,1,77,1,93
44:3D:54:BE:12:3C,ALL,udp:41382,192.168.3.105*,2,170,1,93,1,77
44:3D:54:BE:12:3C,ALL,udp:46816,192.168.3.1*,2,253,1,79,1,174
44:3D:54:BE:12:3C,ALL,udp:46816,192.168.3.105*,2,253,1,174,1,79
44:3D:54:BE:12:3C,ALL,udp:11333,192.168.3.1*,2,253,1,79,1,174
44:3D:54:BE:12:3C,ALL,udp:11333,192.168.3.105*,2,253,1,174,1,79
44:3D:54:BE:12:3C,ALL,udp:13254,192.168.3.1*,2,253,1,79,1,174
44:3D:54:BE:12:3C,ALL,udp:13254,192.168.3.105*,2,253,1,174,1,79
44:3D:54:BE:12:3C,ALL,udp:29813,192.168.3.1*,2,242,1,89,1,153
44:3D:54:BE:12:3C,ALL,udp:29813,192.168.3.105*,2,242,1,153,1,89
44:3D:54:BE:12:3C,ALL,udp:58486,192.168.3.1*,2,228,1,90,1,138
44:3D:54:BE:12:3C,ALL,udp:58486,192.168.3.105*,2,228,1,138,1,90
44:3D:54:BE:12:3C,ALL,udp:35182,192.168.3.1*,2,242,1,89,1,153
44:3D:54:BE:12:3C,ALL,udp:35182,192.168.3.105*,2,242,1,153,1,89
44:3D:54:BE:12:3C,ALL,udp:5062,192.168.3.1*,2,253,1,79,1,174
44:3D:54:BE:12:3C,ALL,udp:5062,192.168.3.105*,2,253,1,174,1,79
44:3D:54:BE:12:3C,ALL,udp:10100,192.168.3.1*,2,253,1,79,1,174
44:3D:54:BE:12:3C,ALL,udp:10100,192.168.3.105*,2,253,1,174,1,79
44:3D:54:BE:12:3C,ALL,udp:8630,192.168.3.1*,2,242,1,89,1,153
44:3D:54:BE:12:3C,ALL,udp:8630,192.168.3.105*,2,242,1,153,1,89
44:3D:54:BE:12:3C,ALL,udp:44731,192.168.3.1*,2,170,1,77,1,93
44:3D:54:BE:12:3C,ALL,udp:44731,192.168.3.105*,2,170,1,93,1,77
44:3D:54:BE:12:3C,ALL,udp:16340,192.168.3.1*,2,368,1,120,1,248
44:3D:54:BE:12:3C,ALL,udp:16340,192.168.3.105*,2,368,1,248,1,120
44:3D:54:BE:12:3C,ALL,udp:25930,192.168.3.1*,2,242,1,89,1,153
44:3D:54:BE:12:3C,ALL,udp:25930,192.168.3.105*,2,242,1,153,1,89
44:3D:54:BE:12:3C,ALL,udp:46056,192.168.3.1*,2,242,1,89,1,153
44:3D:54:BE:12:3C,ALL,udp:46056,192.168.3.105*,2,242,1,153,1,89
44:3D:54:BE:12:3C,ALL,udp:59032,192.168.3.1*,2,253,1,79,1,174
44:3D:54:BE:12:3C,ALL,udp:59032,192.168.3.105*,2,253,1,174,1,79
44:3D:54:BE:12:3C,ALL,udp:15555,192.168.3.1*,2,253,1,79,1,174
44:3D:54:BE:12:3C,ALL,udp:15555,192.168.3.105*,2,253,1,174,1,79
44:3D:54:BE:12:3C,ALL,udp:25418,192.168.3.1*,2,242,1,89,1,153
44:3D:54:BE:12:3C,ALL,udp:25418,192.168.3.105*,2,242,1,153,1,89
44:3D:54:BE:12:3C,ALL,udp:23198,192.168.3.1*,2,253,1,79,1,174
44:3D:54:BE:12:3C,ALL,udp:23198,192.168.3.105*,2,253,1,174,1,79
44:3D:54:BE:12:3C,ALL,udp:9002,192.168.3.1*,2,170,1,77,1,93
44:3D:54:BE:12:3C,ALL,udp:9002,192.168.3.105*,2,170,1,93,1,77
44:3D:54:BE:12:3C,ALL,udp:61572,192.168.3.1*,2,253,1,79,1,174
44:3D:54:BE:12:3C,ALL,udp:61572,192.168.3.105*,2,253,1,174,1,79
44:3D:54:BE:12:3C,ALL,udp:45546,192.168.3.1*,2,242,1,89,1,153
44:3D:54:BE:12:3C,ALL,udp:45546,192.168.3.105*,2,242,1,153,1,89
44:3D:54:BE:12:3C,ALL,udp:39306,192.168.3.1*,2,228,1,90,1,138
44:3D:54:BE:12:3C,ALL,udp:39306,192.168.3.105*,2,228,1,138,1,90
44:3D:54:BE:12:3C,ALL,udp:1272,192.168.3.1*,2,242,1,89,1,153
44:3D:54:BE:12:3C,ALL,udp:1272,192.168.3.105*,2,242,1,153,1,89
44:3D:54:BE:12:3C,ALL,udp:3775,192.168.3.1*,2,253,1,79,1,174
44:3D:54:BE:12:3C,ALL,udp:3775,192.168.3.105*,2,253,1,174,1,79
44:3D:54:BE:12:3C,ALL,udp:16298,192.168.3.1*,2,253,1,79,1,174
44:3D:54:BE:12:3C,ALL,udp:16298,192.168.3.105*,2,253,1,174,1,79
44:3D:54:BE:12:3C,ALL,udp:48570,192.168.3.1*,2,253,1,79,1,174
44:3D:54:BE:12:3C,ALL,udp:48570,192.168.3.105*,2,253,1,174,1,79
44:3D:54:BE:12:3C,ALL,udp:48526,192.168.3.1*,2,242,1,89,1,153
44:3D:54:BE:12:3C,ALL,udp:48526,192.168.3.105*,2,242,1,153,1,89
44:3D:54:BE:12:3C,ALL,udp:39012,192.168.3.1*,2,170,1,77,1,93
44:3D:54:BE:12:3C,ALL,udp:39012,192.168.3.105*,2,170,1,93,1,77
44:3D:54:BE:12:3C,ALL,udp:14605,192.168.3.1*,2,368,1,120,1,248
44:3D:54:BE:12:3C,ALL,udp:14605,192.168.3.105*,2,368,1,248,1,120
44:3D:54:BE:12:3C,ALL,udp:10909,192.168.3.1*,2,164,1,74,1,90
44:3D:54:BE:12:3C,ALL,udp:10909,192.168.3.105*,2,164,1,90,1,74
44:3D:54:BE:12:3C,ALL,udp:3089,192.168.3.1*,2,242,1,89,1,153
44:3D:54:BE:12:3C,ALL,udp:3089,192.168.3.105*,2,242,1,153,1,89
44:3D:54:BE:12:3C,ALL,udp:35627,192.168.3.1*,2,242,1,89,1,153
44:3D:54:BE:12:3C,ALL,udp:35627,192.168.3.105*,2,242,1,153,1,89
44:3D:54:BE:12:3C,ALL,udp:51875,192.168.3.1*,2,253,1,79,1,174
44:3D:54:BE:12:3C,ALL,udp:51875,192.168.3.105*,2,253,1,174,1,79
44:3D:54:BE:12:3C,ALL,udp:63992,192.168.3.1*,2,253,1,79,1,174
44:3D:54:BE:12:3C,ALL,udp:63992,192.168.3.105*,2,253,1,174,1,79
44:3D:54:BE:12:3C,ALL,udp:26674,192.168.3.1*,2,242,1,89,1,153
44:3D:54:BE:12:3C,ALL,udp:26674,192.168.3.105*,2,242,1,153,1,89
44:3D:54:BE:12:3C,ALL,udp:21578,192.168.3.1*,2,170,1,77,1,93
44:3D:54:BE:12:3C,ALL,udp:21578,192.168.3.105*,2,170,1,93,1,77
44:3D:54:BE:12:3C,ALL,udp:50755,192.168.3.1*,2,242,1,89,1,153
44:3D:54:BE:12:3C,ALL,udp:50755,192.168.3.105*,2,242,1,153,1,89
44:3D:54:BE:12:3C,ALL,udp:39773,192.168.3.1*,2,228,1,90,1,138
44:3D:54:BE:12:3C,ALL,udp:39773,192.168.3.105*,2,228,1,138,1,90
44:3D:54:BE:12:3C,ALL,udp:19577,192.168.3.1*,2,242,1,89,1,153
44:3D:54:BE:12:3C,ALL,udp:19577,192.168.3.105*,2,242,1,153,1,89
44:3D:54:BE:12:3C,ALL,udp:1711,192.168.3.1*,2,253,1,79,1,174
44:3D:54:BE:12:3C,ALL,udp:1711,192.168.3.105*,2,253,1,174,1,79
44:3D:54:BE:12:3C,ALL,udp:1069,192.168.3.1*,2,242,1,89,1,153
44:3D:54:BE:12:3C,ALL,udp:1069,192.168.3.105*,2,242,1,153,1,89
44:3D:54:BE:12:3C,ALL,udp:63748,192.168.3.1*,2,170,1,77,1,93
44:3D:54:BE:12:3C,ALL,udp:63748,192.168.3.105*,2,170,1,93,1,77
44:3D:54:BE:12:3C,ALL,udp:39556,192.168.3.1*,2,253,1,79,1,174
44:3D:54:BE:12:3C,ALL,udp:39556,192.168.3.105*,2,253,1,174,1,79
44:3D:54:BE:12:3C,ALL,udp:46734,192.168.3.1*,2,253,1,79,1,174
44:3D:54:BE:12:3C,ALL,udp:46734,192.168.3.105*,2,253,1,174,1,79
44:3D:54:BE:12:3C,ALL,udp:4164,192.168.3.1*,2,368,1,120,1,248
44:3D:54:BE:12:3C,ALL,udp:4164,192.168.3.105*,2,368,1,248,1,120
44:3D:54:BE:12:3C,ALL,udp:28475,192.168.3.1*,2,242,1,89,1,153
44:3D:54:BE:12:3C,ALL,udp:28475,192.168.3.105*,2,242,1,153,1,89
44:3D:54:BE:12:3C,ALL,udp:35377,192.168.3.1*,2,242,1,89,1,153
44:3D:54:BE:12:3C,ALL,udp:35377,192.168.3.105*,2,242,1,153,1,89
44:3D:54:BE:12:3C,ALL,udp:16744,192.168.3.1*,2,242,1,89,1,153
44:3D:54:BE:12:3C,ALL,udp:16744,192.168.3.105*,2,242,1,153,1,89
44:3D:54:BE:12:3C,ALL,udp:9674,192.168.3.1*,2,253,1,79,1,174
44:3D:54:BE:12:3C,ALL,udp:9674,192.168.3.105*,2,253,1,174,1,79
44:3D:54:BE:12:3C,ALL,udp:18482,192.168.3.1*,2,170,1,77,1,93
44:3D:54:BE:12:3C,ALL,udp:18482,192.168.3.105*,2,170,1,93,1,77
44:3D:54:BE:12:3C,ALL,udp:15889,192.168.3.1*,2,253,1,79,1,174
44:3D:54:BE:12:3C,ALL,udp:15889,192.168.3.105*,2,253,1,174,1,79
44:3D:54:BE:12:3C,ALL,udp:31533,192.168.3.1*,2,253,1,79,1,174
44:3D:54:BE:12:3C,ALL,udp:31533,192.168.3.105*,2,253,1,174,1,79
44:3D:54:BE:12:3C,ALL,udp:38964,192.168.3.1*,2,242,1,89,1,153
44:3D:54:BE:12:3C,ALL,udp:38964,192.168.3.105*,2,242,1,153,1,89
44:3D:54:BE:12:3C,ALL,udp:64922,192.168.3.1*,2,228,1,90,1,138
44:3D:54:BE:12:3C,ALL,udp:64922,192.168.3.105*,2,228,1,138,1,90
44:3D:54:BE:12:3C,ALL,udp:33265,192.168.3.1*,2,242,1,89,1,153
44:3D:54:BE:12:3C,ALL,udp:33265,192.168.3.105*,2,242,1,153,1,89
44:3D:54:BE:12:3C,ALL,udp:53838,192.168.3.1*,2,253,1,79,1,174
44:3D:54:BE:12:3C,ALL,udp:53838,192.168.3.105*,2,253,1,174,1,79
44:3D:54:BE:12:3C,ALL,udp:51331,192.168.3.1*,2,242,1,89,1,153
44:3D:54:BE:12:3C,ALL,udp:51331,192.168.3.105*,2,242,1,153,1,89
44:3D:54:BE:12:3C,ALL,udp:45433,192.168.3.1*,2,170,1,77,1,93
44:3D:54:BE:12:3C,ALL,udp:45433,192.168.3.105*,2,170,1,93,1,77
44:3D:54:BE:12:3C,ALL,udp:45322,192.168.3.1*,2,253,1,79,1,174
44:3D:54:BE:12:3C,ALL,udp:45322,192.168.3.105*,2,253,1,174,1,79
44:3D:54:BE:12:3C,ALL,udp:3757,192.168.3.1*,2,164,1,74,1,90
44:3D:54:BE:12:3C,ALL,udp:3757,192.168.3.105*,2,164,1,90,1,74
44:3D:54:BE:12:3C,ALL,udp:7969,192.168.3.1*,2,368,1,120,1,248
44:3D:54:BE:12:3C,ALL,udp:7969,192.168.3.105*,2,368,1,248,1,120
44:3D:54:BE:12:3C,ALL,udp:6971,192.168.3.1*,2,242,1,89,1,153
44:3D:54:BE:12:3C,ALL,udp:6971,192.168.3.105*,2,242,1,153,1,89
44:3D:54:BE:12:3C,ALL,udp:60716,192.168.3.1*,2,253,1,79,1,174
44:3D:54:BE:12:3C,ALL,udp:60716,192.168.3.105*,2,253,1,174,1,79
44:3D:54:BE:12:3C,ALL,udp:51891,192.168.3.1*,2,242,1,89,1,153
44:3D:54:BE:12:3C,ALL,udp:51891,192.168.3.105*,2,242,1,153,1,89
44:3D:54:BE:12:3C,ALL,udp:20829,192.168.3.1*,2,242,1,89,1,153
44:3D:54:BE:12:3C,ALL,udp:20829,192.168.3.105*,2,242,1,153,1,89
44:3D:54:BE:12:3C,ALL,udp:19220,192.168.3.1*,2,170,1,77,1,93
44:3D:54:BE:12:3C,ALL,udp:19220,192.168.3.105*,2,170,1,93,1,77
44:3D:54:BE:12:3C,ALL,udp:7701,192.168.3.1*,2,253,1,79,1,174
44:3D:54:BE:12:3C,ALL,udp:7701,192.168.3.105*,2,253,1,174,1,79
44:3D:54:BE:12:3C,ALL,udp:1337,192.168.3.1*,2,242,1,89,1,153
44:3D:54:BE:12:3C,ALL,udp:1337,192.168.3.105*,2,242,1,153,1,89
44:3D:54:BE:12:3C,ALL,udp:21839,192.168.3.1*,2,242,1,89,1,153
44:3D:54:BE:12:3C,ALL,udp:21839,192.168.3.105*,2,242,1,153,1,89
44:3D:54:BE:12:3C,ALL,udp:60315,192.168.3.1*,2,242,1,89,1,153
44:3D:54:BE:12:3C,ALL,udp:60315,192.168.3.105*,2,242,1,153,1,89
44:3D:54:BE:12:3C,ALL,udp:55159,192.168.3.1*,2,170,1,77,1,93
44:3D:54:BE:12:3C,ALL,udp:55159,192.168.3.105*,2,170,1,93,1,77
44:3D:54:BE:12:3C,ALL,udp:63065,192.168.3.1*,2,253,1,79,1,174
44:3D:54:BE:12:3C,ALL,udp:63065,192.168.3.105*,2,253,1,174,1,79
44:3D:54:BE:12:3C,ALL,udp:20500,192.168.3.1*,2,368,1,120,1,248
44:3D:54:BE:12:3C,ALL,udp:20500,192.168.3.105*,2,368,1,248,1,120
44:3D:54:BE:12:3C,ALL,udp:17008,192.168.3.1*,2,242,1,89,1,153
44:3D:54:BE:12:3C,ALL,udp:17008,192.168.3.105*,2,242,1,153,1,89
44:3D:54:BE:12:3C,ALL,udp:38260,192.168.3.1*,2,253,1,79,1,174
44:3D:54:BE:12:3C,ALL,udp:38260,192.168.3.105*,2,253,1,174,1,79
44:3D:54:BE:12:3C,ALL,udp:50570,192.168.3.1*,2,253,1,79,1,174
44:3D:54:BE:12:3C,ALL,udp:50570,192.168.3.105*,2,253,1,174,1,79
44:3D:54:BE:12:3C,ALL,udp:25899,192.168.3.1*,2,242,1,89,1,153
44:3D:54:BE:12:3C,ALL,udp:25899,192.168.3.105*,2,242,1,153,1,89
44:3D:54:BE:12:3C,ALL,udp:30557,192.168.3.1*,2,253,1,79,1,174
44:3D:54:BE:12:3C,ALL,udp:30557,192.168.3.105*,2,253,1,174,1,79
44:3D:54:BE:12:3C,ALL,udp:41722,192.168.3.1*,2,228,1,90,1,138
44:3D:54:BE:12:3C,ALL,udp:41722,192.168.3.105*,2,228,1,138,1,90
44:3D:54:BE:12:3C,ALL,udp:60612,192.168.3.1*,2,253,1,79,1,174
44:3D:54:BE:12:3C,ALL,udp:60612,192.168.3.105*,2,253,1,174,1,79
44:3D:54:BE:12:3C,ALL,udp:38822,192.168.3.1*,2,242,1,89,1,153
44:3D:54:BE:12:3C,ALL,udp:38822,192.168.3.105*,2,242,1,153,1,89
44:3D:54:BE:12:3C,ALL,udp:4000,192.168.3.1*,2,164,1,74,1,90
44:3D:54:BE:12:3C,ALL,udp:4000,192.168.3.105*,2,164,1,90,1,74
44:3D:54:BE:12:3C,ALL,udp:18589,192.168.3.1*,2,242,1,89,1,153
44:3D:54:BE:12:3C,ALL,udp:18589,192.168.3.105*,2,242,1,153,1,89
44:3D:54:BE:12:3C,ALL,udp:1053,192.168.3.1*,2,253,1,79,1,174
44:3D:54:BE:12:3C,ALL,udp:1053,192.168.3.105*,2,253,1,174,1,79
44:3D:54:BE:12:3C,ALL,udp:57347,192.168.3.1*,2,242,1,89,1,153
44:3D:54:BE:12:3C,ALL,udp:57347,192.168.3.105*,2,242,1,153,1,89
44:3D:54:BE:12:3C,ALL,udp:65275,192.168.3.1*,2,170,1,77,1,93
44:3D:54:BE:12:3C,ALL,udp:65275,192.168.3.105*,2,170,1,93,1,77
44:3D:54:BE:12:3C,ALL,udp:1500,192.168.3.1*,2,164,1,74,1,90
44:3D:54:BE:12:3C,ALL,udp:1500,192.168.3.105*,2,164,1,90,1,74
44:3D:54:BE:12:3C,ALL,udp:10778,192.168.3.1*,2,401,1,86,1,315
44:3D:54:BE:12:3C,ALL,udp:10778,192.168.3.105*,2,401,1,315,1,86
44:3D:54:BE:12:3C,ALL,udp:14736,192.168.3.1*,2,368,1,120,1,248
44:3D:54:BE:12:3C,ALL,udp:14736,192.168.3.105*,2,368,1,248,1,120
44:3D:54:BE:12:3C,ALL,udp:11922,192.168.3.1*,2,253,1,79,1,174
44:3D:54:BE:12:3C,ALL,udp:11922,192.168.3.105*,2,253,1,174,1,79
44:3D:54:BE:12:3C,ALL,udp:17594,192.168.3.1*,2,242,1,89,1,153
44:3D:54:BE:12:3C,ALL,udp:17594,192.168.3.105*,2,242,1,153,1,89
44:3D:54:BE:12:3C,ALL,udp:41537,192.168.3.1*,2,242,1,89,1,153
44:3D:54:BE:12:3C,ALL,udp:41537,192.168.3.105*,2,242,1,153,1,89
44:3D:54:BE:12:3C,ALL,udp:13181,192.168.3.1*,2,253,1,79,1,174
44:3D:54:BE:12:3C,ALL,udp:13181,192.168.3.105*,2,253,1,174,1,79
44:3D:54:BE:12:3C,ALL,udp:11383,192.168.3.1*,2,253,1,79,1,174
44:3D:54:BE:12:3C,ALL,udp:11383,192.168.3.105*,2,253,1,174,1,79
44:3D:54:BE:12:3C,ALL,udp:18736,192.168.3.1*,2,170,1,77,1,93
44:3D:54:BE:12:3C,ALL,udp:18736,192.168.3.105*,2,170,1,93,1,77
44:3D:54:BE:12:3C,ALL,udp:65166,192.168.3.1*,2,228,1,90,1,138
44:3D:54:BE:12:3C,ALL,udp:65166,192.168.3.105*,2,228,1,138,1,90
44:3D:54:BE:12:3C,ALL,udp:43099,192.168.3.1*,2,253,1,79,1,174
44:3D:54:BE:12:3C,ALL,udp:43099,192.168.3.105*,2,253,1,174,1,79
44:3D:54:BE:12:3C,ALL,udp:53304,192.168.3.1*,2,242,1,89,1,153
44:3D:54:BE:12:3C,ALL,udp:53304,192.168.3.105*,2,242,1,153,1,89
44:3D:54:BE:12:3C,ALL,udp:21448,192.168.3.1*,2,253,1,79,1,174
44:3D:54:BE:12:3C,ALL,udp:21448,192.168.3.105*,2,253,1,174,1,79
44:3D:54:BE:12:3C,ALL,udp:60821,192.168.3.1*,2,242,1,89,1,153
44:3D:54:BE:12:3C,ALL,udp:60821,192.168.3.105*,2,242,1,153,1,89
44:3D:54:BE:12:3C,ALL,udp:24425,192.168.3.1*,2,242,1,89,1,153
44:3D:54:BE:12:3C,ALL,udp:24425,192.168.3.105*,2,242,1,153,1,89
44:3D:54:BE:12:3C,ALL,udp:5131,192.168.3.1*,2,253,1,79,1,174
44:3D:54:BE:12:3C,ALL,udp:5131,192.168.3.105*,2,253,1,174,1,79
44:3D:54:BE:12:3C,ALL,udp:64401,192.168.3.1*,2,368,1,120,1,248
44:3D:54:BE:12:3C,ALL,udp:64401,192.168.3.105*,2,368,1,248,1,120
44:3D:54:BE:12:3C,ALL,udp:38497,192.168.3.1*,2,242,1,89,1,153
44:3D:54:BE:12:3C,ALL,udp:38497,192.168.3.105*,2,242,1,153,1,89
44:3D:54:BE:12:3C,ALL,udp:61704,192.168.3.1*,2,253,1,79,1,174
44:3D:54:BE:12:3C,ALL,udp:61704,192.168.3.105*,2,253,1,174,1,79
44:3D:54:BE:12:3C,ALL,udp:2713,192.168.3.1*,2,242,1,89,1,153
44:3D:54:BE:12:3C,ALL,udp:2713,192.168.3.105*,2,242,1,153,1,89
44:3D:54:BE:12:3C,ALL,udp:3717,192.168.3.1*,2,253,1,79,1,174
44:3D:54:BE:12:3C,ALL,udp:3717,192.168.3.105*,2,253,1,174,1,79
44:3D:54:BE:12:3C,ALL,udp:43797,192.168.3.1*,2,253,1,79,1,174
44:3D:54:BE:12:3C,ALL,udp:43797,192.168.3.105*,2,253,1,174,1,79
44:3D:54:BE:12:3C,ALL,udp:44271,192.168.3.1*,2,242,1,89,1,153
44:3D:54:BE:12:3C,ALL,udp:44271,192.168.3.105*,2,242,1,153,1,89
44:3D:54:BE:12:3C,ALL,udp:52294,192.168.3.1*,2,170,1,77,1,93
44:3D:54:BE:12:3C,ALL,udp:52294,192.168.3.105*,2,170,1,93,1,77
44:3D:54:BE:12:3C,ALL,udp:1586,192.168.3.1*,2,228,1,90,1,138
44:3D:54:BE:12:3C,ALL,udp:1586,192.168.3.105*,2,228,1,138,1,90
44:3D:54:BE:12:3C,ALL,udp:24470,192.168.3.1*,2,253,1,79,1,174
44:3D:54:BE:12:3C,ALL,udp:24470,192.168.3.105*,2,253,1,174,1,79
44:3D:54:BE:12:3C,ALL,udp:34647,192.168.3.1*,2,242,1,89,1,153
44:3D:54:BE:12:3C,ALL,udp:34647,192.168.3.105*,2,242,1,153,1,89
44:3D:54:BE:12:3C,ALL,udp:63799,192.168.3.1*,2,253,1,79,1,174
44:3D:54:BE:12:3C,ALL,udp:63799,192.168.3.105*,2,253,1,174,1,79
44:3D:54:BE:12:3C,ALL,udp:4759,192.168.3.1*,2,242,1,89,1,153
44:3D:54:BE:12:3C,ALL,udp:4759,192.168.3.105*,2,242,1,153,1,89
44:3D:54:BE:12:3C,ALL,udp:29414,192.168.3.1*,2,253,1,79,1,174
44:3D:54:BE:12:3C,ALL,udp:29414,192.168.3.105*,2,253,1,174,1,79
44:3D:54:BE:12:3C,ALL,udp:45699,192.168.3.1*,2,164,1,74,1,90
44:3D:54:BE:12:3C,ALL,udp:45699,192.168.3.105*,2,164,1,90,1,74
44:3D:54:BE:12:3C,ALL,udp:35711,192.168.3.1*,2,164,1,74,1,90
44:3D:54:BE:12:3C,ALL,udp:35711,192.168.3.105*,2,164,1,90,1,74
44:3D:54:BE:12:3C,ALL,udp:41549,192.168.3.1*,2,242,1,89,1,153
44:3D:54:BE:12:3C,ALL,udp:41549,192.168.3.105*,2,242,1,153,1,89
44:3D:54:BE:12:3C,ALL,udp:34765,192.168.3.1*,2,170,1,77,1,93
44:3D:54:BE:12:3C,ALL,udp:34765,192.168.3.105*,2,170,1,93,1,77
44:3D:54:BE:12:3C,ALL,udp:50415,192.168.3.1*,2,253,1,79,1,174
44:3D:54:BE:12:3C,ALL,udp:50415,192.168.3.105*,2,253,1,174,1,79
44:3D:54:BE:12:3C,ALL,udp:22905,192.168.3.1*,2,253,1,79,1,174
44:3D:54:BE:12:3C,ALL,udp:22905,192.168.3.105*,2,253,1,174,1,79
44:3D:54:BE:12:3C,ALL,udp:12885,192.168.3.1*,2,242,1,89,1,153
44:3D:54:BE:12:3C,ALL,udp:12885,192.168.3.105*,2,242,1,153,1,89
44:3D:54:BE:12:3C,ALL,udp:11401,192.168.3.1*,2,253,1,79,1,174
44:3D:54:BE:12:3C,ALL,udp:11401,192.168.3.105*,2,253,1,174,1,79
44:3D:54:BE:12:3C,ALL,udp:26294,192.168.3.1*,2,368,1,120,1,248
44:3D:54:BE:12:3C,ALL,udp:26294,192.168.3.105*,2,368,1,248,1,120
44:3D:54:BE:12:3C,ALL,udp:18838,192.168.3.1*,2,242,1,89,1,153
44:3D:54:BE:12:3C,ALL,udp:18838,192.168.3.105*,2,242,1,153,1,89
44:3D:54:BE:12:3C,ALL,udp:64705,192.168.3.1*,2,242,1,89,1,153
44:3D:54:BE:12:3C,ALL,udp:64705,192.168.3.105*,2,242,1,153,1,89
44:3D:54:BE:12:3C,ALL,udp:58863,192.168.3.1*,2,253,1,79,1,174
44:3D:54:BE:12:3C,ALL,udp:58863,192.168.3.105*,2,253,1,174,1,79
44:3D:54:BE:12:3C,ALL,udp:27297,192.168.3.1*,2,242,1,89,1,153
44:3D:54:BE:12:3C,ALL,udp:27297,192.168.3.105*,2,242,1,153,1,89
44:3D:54:BE:12:3C,ALL,udp:9739,192.168.3.1*,2,228,1,90,1,138
44:3D:54:BE:12:3C,ALL,udp:9739,192.168.3.105*,2,228,1,138,1,90
44:3D:54:BE:12:3C,ALL,udp:1714,192.168.3.1*,2,170,1,77,1,93
44:3D:54:BE:12:3C,ALL,udp:1714,192.168.3.105*,2,170,1,93,1,77
44:3D:54:BE:12:3C,ALL,udp:35543,192.168.3.1*,2,253,1,79,1,174
44:3D:54:BE:12:3C,ALL,udp:35543,192.168.3.105*,2,253,1,174,1,79
44:3D:54:BE:12:3C,ALL,udp:58833,192.168.3.1*,2,242,1,89,1,153
44:3D:54:BE:12:3C,ALL,udp:58833,192.168.3.105*,2,242,1,153,1,89
44:3D:54:BE:12:3C,ALL,udp:31945,192.168.3.1*,2,242,1,89,1,153
44:3D:54:BE:12:3C,ALL,udp:31945,192.168.3.105*,2,242,1,153,1,89
44:3D:54:BE:12:3C,ALL,udp:24121,192.168.3.1*,2,253,1,79,1,174
44:3D:54:BE:12:3C,ALL,udp:24121,192.168.3.105*,2,253,1,174,1,79
44:3D:54:BE:12:3C,ALL,udp:57744,192.168.3.1*,2,253,1,79,1,174
44:3D:54:BE:12:3C,ALL,udp:57744,192.168.3.105*,2,253,1,174,1,79
44:3D:54:BE:12:3C,ALL,udp:40643,192.168.3.1*,2,242,1,89,1,153
44:3D:54:BE:12:3C,ALL,udp:40643,192.168.3.105*,2,242,1,153,1,89
44:3D:54:BE:12:3C,ALL,udp:47559,192.168.3.1*,2,170,1,77,1,93
44:3D:54:BE:12:3C,ALL,udp:47559,192.168.3.105*,2,170,1,93,1,77
44:3D:54:BE:12:3C,ALL,udp:50161,192.168.3.1*,2,253,1,79,1,174
44:3D:54:BE:12:3C,ALL,udp:50161,192.168.3.105*,2,253,1,174,1,79
44:3D:54:BE:12:3C,ALL,udp:12999,192.168.3.1*,2,253,1,79,1,174
44:3D:54:BE:12:3C,ALL,udp:12999,192.168.3.105*,2,253,1,174,1,79
44:3D:54:BE:12:3C,ALL,udp:3209,192.168.3.1*,2,368,1,120,1,248
44:3D:54:BE:12:3C,ALL,udp:3209,192.168.3.105*,2,368,1,248,1,120
44:3D:54:BE:12:3C,ALL,udp:16985,192.168.3.1*,2,242,1,89,1,153
44:3D:54:BE:12:3C,ALL,udp:16985,192.168.3.105*,2,242,1,153,1,89
44:3D:54:BE:12:3C,ALL,udp:1695,192.168.3.1*,2,253,1,79,1,174
44:3D:54:BE:12:3C,ALL,udp:1695,192.168.3.105*,2,253,1,174,1,79
44:3D:54:BE:12:3C,ALL,udp:27900,192.168.3.1*,2,242,1,89,1,153
44:3D:54:BE:12:3C,ALL,udp:27900,192.168.3.105*,2,242,1,153,1,89
44:3D:54:BE:12:3C,ALL,udp:52123,192.168.3.1*,2,228,1,90,1,138
44:3D:54:BE:12:3C,ALL,udp:52123,192.168.3.105*,2,228,1,138,1,90
44:3D:54:BE:12:3C,ALL,udp:41551,192.168.3.1*,2,242,1,89,1,153
44:3D:54:BE:12:3C,ALL,udp:41551,192.168.3.105*,2,242,1,153,1,89
44:3D:54:BE:12:3C,ALL,udp:52712,192.168.3.1*,2,253,1,79,1,174
44:3D:54:BE:12:3C,ALL,udp:52712,192.168.3.105*,2,253,1,174,1,79
44:3D:54:BE:12:3C,ALL,udp:50702,192.168.3.1*,2,170,1,77,1,93
44:3D:54:BE:12:3C,ALL,udp:50702,192.168.3.105*,2,170,1,93,1,77
44:3D:54:BE:12:3C,ALL,udp:17428,192.168.3.1*,2,253,1,79,1,174
44:3D:54:BE:12:3C,ALL,udp:17428,192.168.3.105*,2,253,1,174,1,79
44:3D:54:BE:12:3C,ALL,udp:5505,192.168.3.1*,2,253,1,79,1,174
44:3D:54:BE:12:3C,ALL,udp:5505,192.168.3.105*,2,253,1,174,1,79
44:3D:54:BE:12:3C,ALL,udp:4647,192.168.3.1*,2,242,1,89,1,153
44:3D:54:BE:12:3C,ALL,udp:4647,192.168.3.105*,2,242,1,153,1,89
44:3D:54:BE:12:3C,ALL,udp:49527,192.168.3.1*,2,253,1,79,1,174
44:3D:54:BE:12:3C,ALL,udp:49527,192.168.3.105*,2,253,1,174,1,79
44:3D:54:BE:12:3C,ALL,udp:21481,192.168.3.1*,2,242,1,89,1,153
44:3D:54:BE:12:3C,ALL,udp:21481,192.168.3.105*,2,242,1,153,1,89
44:3D:54:BE:12:3C,ALL,udp:2050,192.168.3.1*,2,253,1,79,1,174
44:3D:54:BE:12:3C,ALL,udp:2050,192.168.3.105*,2,253,1,174,1,79
44:3D:54:BE:12:3C,ALL,udp:41503,192.168.3.1*,2,253,1,79,1,174
44:3D:54:BE:12:3C,ALL,udp:41503,192.168.3.105*,2,253,1,174,1,79
44:3D:54:BE:12:3C,ALL,udp:39366,192.168.3.1*,2,242,1,89,1,153
44:3D:54:BE:12:3C,ALL,udp:39366,192.168.3.105*,2,242,1,153,1,89
44:3D:54:BE:12:3C,ALL,udp:54599,192.168.3.1*,2,170,1,77,1,93
44:3D:54:BE:12:3C,ALL,udp:54599,192.168.3.105*,2,170,1,93,1,77
44:3D:54:BE:12:3C,ALL,udp:22928,192.168.3.1*,2,368,1,120,1,248
44:3D:54:BE:12:3C,ALL,udp:22928,192.168.3.105*,2,368,1,248,1,120
44:3D:54:BE:12:3C,ALL,udp:28161,192.168.3.1*,2,242,1,89,1,153
44:3D:54:BE:12:3C,ALL,udp:28161,192.168.3.105*,2,242,1,153,1,89
44:3D:54:BE:12:3C,ALL,udp:19410,192.168.3.1*,2,253,1,79,1,174
44:3D:54:BE:12:3C,ALL,udp:19410,192.168.3.105*,2,253,1,174,1,79
44:3D:54:BE:12:3C,ALL,udp:49785,192.168.3.1*,2,242,1,89,1,153
44:3D:54:BE:12:3C,ALL,udp:49785,192.168.3.105*,2,242,1,153,1,89
44:3D:54:BE:12:3C,ALL,udp:5577,192.168.3.1*,2,228,1,90,1,138
44:3D:54:BE:12:3C,ALL,udp:5577,192.168.3.105*,2,228,1,138,1,90
44:3D:54:BE:12:3C,ALL,udp:28209,192.168.3.1*,2,253,1,79,1,174
44:3D:54:BE:12:3C,ALL,udp:28209,192.168.3.105*,2,253,1,174,1,79
44:3D:54:BE:12:3C,ALL,udp:16563,192.168.3.1*,2,242,1,89,1,153
44:3D:54:BE:12:3C,ALL,udp:16563,192.168.3.105*,2,242,1,153,1,89
44:3D:54:BE:12:3C,ALL,udp:17472,192.168.3.1*,2,170,1,77,1,93
44:3D:54:BE:12:3C,ALL,udp:17472,192.168.3.105*,2,170,1,93,1,77
44:3D:54:BE:12:3C,ALL,udp:51630,192.168.3.1*,2,253,1,79,1,174
44:3D:54:BE:12:3C,ALL,udp:51630,192.168.3.105*,2,253,1,174,1,79
44:3D:54:BE:12:3C,ALL,udp:27658,192.168.3.1*,2,242,1,89,1,153
44:3D:54:BE:12:3C,ALL,udp:27658,192.168.3.105*,2,242,1,153,1,89
44:3D:54:BE:12:3C,ALL,udp:61535,192.168.3.1*,2,253,1,79,1,174
44:3D:54:BE:12:3C,ALL,udp:61535,192.168.3.105*,2,253,1,174,1,79
44:3D:54:BE:12:3C,ALL,udp:57424,192.168.3.1*,2,242,1,89,1,153
44:3D:54:BE:12:3C,ALL,udp:57424,192.168.3.105*,2,242,1,153,1,89
44:3D:54:BE:12:3C,ALL,udp:31298,192.168.3.1*,2,253,1,79,1,174
44:3D:54:BE:12:3C,ALL,udp:31298,192.168.3.105*,2,253,1,174,1,79
44:3D:54:BE:12:3C,ALL,udp:11033,192.168.3.1*,2,242,1,89,1,153
44:3D:54:BE:12:3C,ALL,udp:11033,192.168.3.105*,2,242,1,153,1,89
44:3D:54:BE:12:3C,ALL,udp:41783,192.168.3.1*,2,170,1,77,1,93
44:3D:54:BE:12:3C,ALL,udp:41783,192.168.3.105*,2,170,1,93,1,77
44:3D:54:BE:12:3C,ALL,udp:58990,192.168.3.1*,2,253,1,79,1,174
44:3D:54:BE:12:3C,ALL,udp:58990,192.168.3.105*,2,253,1,174,1,79
44:3D:54:BE:12:3C,ALL,udp:27853,192.168.3.1*,2,368,1,120,1,248
44:3D:54:BE:12:3C,ALL,udp:27853,192.168.3.105*,2,368,1,248,1,120
44:3D:54:BE:12:3C,ALL,udp:18769,192.168.3.1*,2,253,1,79,1,174
44:3D:54:BE:12:3C,ALL,udp:18769,192.168.3.105*,2,253,1,174,1,79
44:3D:54:BE:12:3C,ALL,udp:23989,192.168.3.1*,2,242,1,89,1,153
44:3D:54:BE:12:3C,ALL,udp:23989,192.168.3.105*,2,242,1,153,1,89
44:3D:54:BE:12:3C,ALL,udp:39489,192.168.3.1*,2,242,1,89,1,153
44:3D:54:BE:12:3C,ALL,udp:39489,192.168.3.105*,2,242,1,153,1,89
44:3D:54:BE:12:3C,ALL,udp:38313,192.168.3.1*,2,253,1,79,1,174
44:3D:54:BE:12:3C,ALL,udp:38313,192.168.3.105*,2,253,1,174,1,79
44:3D:54:BE:12:3C,ALL,udp:51646,192.168.3.1*,2,253,1,79,1,174
44:3D:54:BE:12:3C,ALL,udp:51646,192.168.3.105*,2,253,1,174,1,79
44:3D:54:BE:12:3C,ALL,udp:62828,192.168.3.1*,2,228,1,90,1,138
44:3D:54:BE:12:3C,ALL,udp:62828,192.168.3.105*,2,228,1,138,1,90
44:3D:54:BE:12:3C,ALL,udp:4085,192.168.3.1*,2,242,1,89,1,153
44:3D:54:BE:12:3C,ALL,udp:4085,192.168.3.105*,2,242,1,153,1,89
44:3D:54:BE:12:3C,ALL,udp:8692,192.168.3.1*,2,253,1,79,1,174
44:3D:54:BE:12:3C,ALL,udp:8692,192.168.3.105*,2,253,1,174,1,79
44:3D:54:BE:12:3C,ALL,udp:6264,192.168.3.1*,2,170,1,77,1,93
44:3D:54:BE:12:3C,ALL,udp:6264,192.168.3.105*,2,170,1,93,1,77
44:3D:54:BE:12:3C,ALL,udp:51483,192.168.3.1*,2,242,1,89,1,153
44:3D:54:BE:12:3C,ALL,udp:51483,192.168.3.105*,2,242,1,153,1,89
44:3D:54:BE:12:3C,ALL,udp:65377,192.168.3.1*,2,253,1,79,1,174
44:3D:54:BE:12:3C,ALL,udp:65377,192.168.3.105*,2,253,1,174,1,79
44:3D:54:BE:12:3C,ALL,udp:32778,192.168.3.1*,2,242,1,89,1,153
44:3D:54:BE:12:3C,ALL,udp:32778,192.168.3.105*,2,242,1,153,1,89
44:3D:54:BE:12:3C,ALL,udp:16410,192.168.3.1*,2,164,1,74,1,90
44:3D:54:BE:12:3C,ALL,udp:16410,192.168.3.105*,2,164,1,90,1,74
44:3D:54:BE:12:3C,ALL,udp:59067,192.168.3.1*,2,253,1,79,1,174
44:3D:54:BE:12:3C,ALL,udp:59067,192.168.3.105*,2,253,1,174,1,79
44:3D:54:BE:12:3C,ALL,udp:64121,192.168.3.1*,2,242,1,89,1,153
44:3D:54:BE:12:3C,ALL,udp:64121,192.168.3.105*,2,242,1,153,1,89
44:3D:54:BE:12:3C,ALL,udp:34813,192.168.3.1*,2,170,1,77,1,93
44:3D:54:BE:12:3C,ALL,udp:34813,192.168.3.105*,2,170,1,93,1,77
44:3D:54:BE:12:3C,ALL,udp:45980,192.168.3.1*,2,253,1,79,1,174
44:3D:54:BE:12:3C,ALL,udp:45980,192.168.3.105*,2,253,1,174,1,79
44:3D:54:BE:12:3C,ALL,udp:27862,192.168.3.1*,2,253,1,79,1,174
44:3D:54:BE:12:3C,ALL,udp:27862,192.168.3.105*,2,253,1,174,1,79
44:3D:54:BE:12:3C,ALL,udp:10154,192.168.3.1*,2,253,1,79,1,174
44:3D:54:BE:12:3C,ALL,udp:10154,192.168.3.105*,2,253,1,174,1,79
44:3D:54:BE:12:3C,ALL,udp:6363,192.168.3.1*,2,368,1,120,1,248
44:3D:54:BE:12:3C,ALL,udp:6363,192.168.3.105*,2,368,1,248,1,120
44:3D:54:BE:12:3C,ALL,udp:57024,192.168.3.1*,2,242,1,89,1,153
44:3D:54:BE:12:3C,ALL,udp:57024,192.168.3.105*,2,242,1,153,1,89
44:3D:54:BE:12:3C,ALL,udp:13299,192.168.3.1*,2,242,1,89,1,153
44:3D:54:BE:12:3C,ALL,udp:13299,192.168.3.105*,2,242,1,153,1,89
44:3D:54:BE:12:3C,ALL,udp:13569,192.168.3.1*,2,228,1,90,1,138
44:3D:54:BE:12:3C,ALL,udp:13569,192.168.3.105*,2,228,1,138,1,90
44:3D:54:BE:12:3C,ALL,udp:14170,192.168.3.1*,2,253,1,79,1,174
44:3D:54:BE:12:3C,ALL,udp:14170,192.168.3.105*,2,253,1,174,1,79
44:3D:54:BE:12:3C,ALL,udp:45326,192.168.3.1*,2,242,1,89,1,153
44:3D:54:BE:12:3C,ALL,udp:45326,192.168.3.105*,2,242,1,153,1,89
44:3D:54:BE:12:3C,ALL,udp:62723,192.168.3.1*,2,170,1,77,1,93
44:3D:54:BE:12:3C,ALL,udp:62723,192.168.3.105*,2,170,1,93,1,77
44:3D:54:BE:12:3C,ALL,udp:38919,192.168.3.1*,2,253,1,79,1,174
44:3D:54:BE:12:3C,ALL,udp:38919,192.168.3.105*,2,253,1,174,1,79
44:3D:54:BE:12:3C,ALL,udp:2152,192.168.3.1*,2,253,1,79,1,174
44:3D:54:BE:12:3C,ALL,udp:2152,192.168.3.105*,2,253,1,174,1,79
44:3D:54:BE:12:3C,ALL,udp:4272,192.168.3.1*,2,242,1,89,1,153
44:3D:54:BE:12:3C,ALL,udp:4272,192.168.3.105*,2,242,1,153,1,89
44:3D:54:BE:12:3C,ALL,udp:43978,192.168.3.1*,2,242,1,89,1,153
44:3D:54:BE:12:3C,ALL,udp:43978,192.168.3.105*,2,242,1,153,1,89
44:3D:54:BE:12:3C,ALL,udp:33859,192.168.3.1*,2,253,1,79,1,174
44:3D:54:BE:12:3C,ALL,udp:33859,192.168.3.105*,2,253,1,174,1,79
44:3D:54:BE:12:3C,ALL,udp:34608,192.168.3.1*,2,253,1,79,1,174
44:3D:54:BE:12:3C,ALL,udp:34608,192.168.3.105*,2,253,1,174,1,79
44:3D:54:BE:12:3C,ALL,udp:3570,192.168.3.1*,2,253,1,79,1,174
44:3D:54:BE:12:3C,ALL,udp:3570,192.168.3.105*,2,253,1,174,1,79
44:3D:54:BE:12:3C,ALL,udp:15809,192.168.3.1*,2,253,1,79,1,174
44:3D:54:BE:12:3C,ALL,udp:15809,192.168.3.105*,2,253,1,174,1,79
44:3D:54:BE:12:3C,ALL,udp:11212,192.168.3.1*,2,242,1,89,1,153
44:3D:54:BE:12:3C,ALL,udp:11212,192.168.3.105*,2,242,1,153,1,89
44:3D:54:BE:12:3C,ALL,udp:28294,192.168.3.1*,2,170,1,77,1,93
44:3D:54:BE:12:3C,ALL,udp:28294,192.168.3.105*,2,170,1,93,1,77
44:3D:54:BE:12:3C,ALL,udp:55777,192.168.3.1*,2,242,1,89,1,153
44:3D:54:BE:12:3C,ALL,udp:55777,192.168.3.105*,2,242,1,153,1,89
44:3D:54:BE:12:3C,ALL,udp:49127,192.168.3.1*,2,368,1,120,1,248
44:3D:54:BE:12:3C,ALL,udp:49127,192.168.3.105*,2,368,1,248,1,120
44:3D:54:BE:12:3C,ALL,udp:10636,192.168.3.1*,2,242,1,89,1,153
44:3D:54:BE:12:3C,ALL,udp:10636,192.168.3.105*,2,242,1,153,1,89
44:3D:54:BE:12:3C,ALL,udp:51346,192.168.3.1*,2,228,1,90,1,138
44:3D:54:BE:12:3C,ALL,udp:51346,192.168.3.105*,2,228,1,138,1,90
44:3D:54:BE:12:3C,ALL,udp:38675,192.168.3.1*,2,253,1,79,1,174
44:3D:54:BE:12:3C,ALL,udp:38675,192.168.3.105*,2,253,1,174,1,79
44:3D:54:BE:12:3C,ALL,udp:17842,192.168.3.1*,2,242,1,89,1,153
44:3D:54:BE:12:3C,ALL,udp:17842,192.168.3.105*,2,242,1,153,1,89
44:3D:54:BE:12:3C,ALL,udp:26217,192.168.3.1*,2,170,1,77,1,93
44:3D:54:BE:12:3C,ALL,udp:26217,192.168.3.105*,2,170,1,93,1,77
44:3D:54:BE:12:3C,ALL,udp:62902,192.168.3.1*,2,242,1,89,1,153
44:3D:54:BE:12:3C,ALL,udp:62902,192.168.3.105*,2,242,1,153,1,89
44:3D:54:BE:12:3C,ALL,udp:46801,192.168.3.1*,2,253,1,79,1,174
44:3D:54:BE:12:3C,ALL,udp:46801,192.168.3.105*,2,253,1,174,1,79
44:3D:54:BE:12:3C,ALL,udp:32780,192.168.3.1*,2,164,1,74,1,90
44:3D:54:BE:12:3C,ALL,udp:32780,192.168.3.105*,2,164,1,90,1,74
44:3D:54:BE:12:3C,ALL,udp:5677,192.168.3.1*,2,242,1,89,1,153
44:3D:54:BE:12:3C,ALL,udp:5677,192.168.3.105*,2,242,1,153,1,89
44:3D:54:BE:12:3C,ALL,udp:52469,192.168.3.1*,2,253,1,79,1,174
44:3D:54:BE:12:3C,ALL,udp:52469,192.168.3.105*,2,253,1,174,1,79
44:3D:54:BE:12:3C,ALL,udp:39692,192.168.3.1*,2,170,1,77,1,93
44:3D:54:BE:12:3C,ALL,udp:39692,192.168.3.105*,2,170,1,93,1,77
44:3D:54:BE:12:3C,ALL,udp:8943,192.168.3.1*,2,253,1,79,1,174
44:3D:54:BE:12:3C,ALL,udp:8943,192.168.3.105*,2,253,1,174,1,79
44:3D:54:BE:12:3C,ALL,udp:13033,192.168.3.1*,2,368,1,120,1,248
44:3D:54:BE:12:3C,ALL,udp:13033,192.168.3.105*,2,368,1,248,1,120
44:3D:54:BE:12:3C,ALL,udp:8689,192.168.3.1*,2,242,1,89,1,153
44:3D:54:BE:12:3C,ALL,udp:8689,192.168.3.105*,2,242,1,153,1,89
44:3D:54:BE:12:3C,ALL,udp:7747,192.168.3.1*,2,164,1,74,1,90
44:3D:54:BE:12:3C,ALL,udp:7747,192.168.3.105*,2,164,1,90,1,74
44:3D:54:BE:12:3C,ALL,udp:54990,192.168.3.1*,2,253,1,79,1,174
44:3D:54:BE:12:3C,ALL,udp:54990,192.168.3.105*,2,253,1,174,1,79
44:3D:54:BE:12:3C,ALL,udp:48538,192.168.3.1*,2,228,1,90,1,138
44:3D:54:BE:12:3C,ALL,udp:48538,192.168.3.105*,2,228,1,138,1,90
44:3D:54:BE:12:3C,ALL,udp:39710,192.168.3.1*,2,242,1,89,1,153
44:3D:54:BE:12:3C,ALL,udp:39710,192.168.3.105*,2,242,1,153,1,89
44:3D:54:BE:12:3C,ALL,udp:15344,192.168.3.1*,2,253,1,79,1,174
44:3D:54:BE:12:3C,ALL,udp:15344,192.168.3.105*,2,253,1,174,1,79
44:3D:54:BE:12:3C,ALL,udp:15012,192.168.3.1*,2,242,1,89,1,153
44:3D:54:BE:12:3C,ALL,udp:15012,192.168.3.105*,2,242,1,153,1,89
44:3D:54:BE:12:3C,ALL,udp:10321,192.168.3.1*,2,253,1,79,1,174
44:3D:54:BE:12:3C,ALL,udp:10321,192.168.3.105*,2,253,1,174,1,79
44:3D:54:BE:12:3C,ALL,udp:34126,192.168.3.1*,2,170,1,77,1,93
44:3D:54:BE:12:3C,ALL,udp:34126,192.168.3.105*,2,170,1,93,1,77
44:3D:54:BE:12:3C,ALL,udp:52660,192.168.3.1*,2,253,1,79,1,174
44:3D:54:BE:12:3C,ALL,udp:52660,192.168.3.105*,2,253,1,174,1,79
44:3D:54:BE:12:3C,ALL,udp:41228,192.168.3.1*,2,253,1,79,1,174
44:3D:54:BE:12:3C,ALL,udp:41228,192.168.3.105*,2,253,1,174,1,79
44:3D:54:BE:12:3C,ALL,udp:10180,192.168.3.1*,2,242,1,89,1,153
44:3D:54:BE:12:3C,ALL,udp:10180,192.168.3.105*,2,242,1,153,1,89
44:3D:54:BE:12:3C,ALL,udp:61926,192.168.3.1*,2,242,1,89,1,153
44:3D:54:BE:12:3C,ALL,udp:61926,192.168.3.105*,2,242,1,153,1,89
44:3D:54:BE:12:3C,ALL,udp:51581,192.168.3.1*,2,253,1,79,1,174
44:3D:54:BE:12:3C,ALL,udp:51581,192.168.3.105*,2,253,1,174,1,79
44:3D:54:BE:12:3C,ALL,udp:16007,192.168.3.1*,2,242,1,89,1,153
44:3D:54:BE:12:3C,ALL,udp:16007,192.168.3.105*,2,242,1,153,1,89
44:3D:54:BE:12:3C,ALL,udp:4575,192.168.3.1*,2,170,1,77,1,93
44:3D:54:BE:12:3C,ALL,udp:4575,192.168.3.105*,2,170,1,93,1,77
44:3D:54:BE:12:3C,ALL,udp:2833,192.168.3.1*,2,253,1,79,1,174
44:3D:54:BE:12:3C,ALL,udp:2833,192.168.3.105*,2,253,1,174,1,79
44:3D:54:BE:12:3C,ALL,udp:40363,192.168.3.1*,2,368,1,120,1,248
44:3D:54:BE:12:3C,ALL,udp:40363,192.168.3.105*,2,368,1,248,1,120
44:3D:54:BE:12:3C,ALL,udp:53990,192.168.3.1*,2,253,1,79,1,174
44:3D:54:BE:12:3C,ALL,udp:53990,192.168.3.105*,2,253,1,174,1,79
44:3D:54:BE:12:3C,ALL,udp:41529,192.168.3.1*,2,242,1,89,1,153
44:3D:54:BE:12:3C,ALL,udp:41529,192.168.3.105*,2,242,1,153,1,89
44:3D:54:BE:12:3C,ALL,udp:26053,192.168.3.1*,2,228,1,90,1,138
44:3D:54:BE:12:3C,ALL,udp:26053,192.168.3.105*,2,228,1,138,1,90
44:3D:54:BE:12:3C,ALL,udp:20914,192.168.3.1*,2,253,1,79,1,174
44:3D:54:BE:12:3C,ALL,udp:20914,192.168.3.105*,2,253,1,174,1,79
44:3D:54:BE:12:3C,ALL,udp:28539,192.168.3.1*,2,242,1,89,1,153
44:3D:54:BE:12:3C,ALL,udp:28539,192.168.3.105*,2,242,1,153,1,89
44:3D:54:BE:12:3C,ALL,udp:42937,192.168.3.1*,2,253,1,79,1,174
44:3D:54:BE:12:3C,ALL,udp:42937,192.168.3.105*,2,253,1,174,1,79
44:3D:54:BE:12:3C,ALL,udp:47135,192.168.3.1*,2,242,1,89,1,153
44:3D:54:BE:12:3C,ALL,udp:47135,192.168.3.105*,2,242,1,153,1,89
44:3D:54:BE:12:3C,ALL,udp:50310,192.168.3.1*,2,170,1,77,1,93
44:3D:54:BE:12:3C,ALL,udp:50310,192.168.3.105*,2,170,1,93,1,77
44:3D:54:BE:12:3C,ALL,udp:15995,192.168.3.1*,2,242,1,89,1,153
44:3D:54:BE:12:3C,ALL,udp:15995,192.168.3.105*,2,242,1,153,1,89
44:3D:54:BE:12:3C,ALL,udp:6262,192.168.3.1*,2,164,1,74,1,90
44:3D:54:BE:12:3C,ALL,udp:6262,192.168.3.105*,2,164,1,90,1,74
44:3D:54:BE:12:3C,ALL,udp:45294,192.168.3.1*,2,242,1,89,1,153
44:3D:54:BE:12:3C,ALL,udp:45294,192.168.3.105*,2,242,1,153,1,89
44:3D:54:BE:12:3C,ALL,udp:52284,192.168.3.1*,2,253,1,79,1,174
44:3D:54:BE:12:3C,ALL,udp:52284,192.168.3.105*,2,253,1,174,1,79
44:3D:54:BE:12:3C,ALL,udp:58816,192.168.3.1*,2,253,1,79,1,174
44:3D:54:BE:12:3C,ALL,udp:58816,192.168.3.105*,2,253,1,174,1,79
44:3D:54:BE:12:3C,ALL,udp:1616,192.168.3.1*,2,242,1,89,1,153
44:3D:54:BE:12:3C,ALL,udp:1616,192.168.3.105*,2,242,1,153,1,89
44:3D:54:BE:12:3C,ALL,udp:25435,192.168.3.1*,2,253,1,79,1,174
44:3D:54:BE:12:3C,ALL,udp:25435,192.168.3.105*,2,253,1,174,1,79
44:3D:54:BE:12:3C,ALL,udp:29472,192.168.3.1*,2,170,1,77,1,93
44:3D:54:BE:12:3C,ALL,udp:29472,192.168.3.105*,2,170,1,93,1,77
44:3D:54:BE:12:3C,ALL,udp:37804,192.168.3.1*,2,368,1,120,1,248
44:3D:54:BE:12:3C,ALL,udp:37804,192.168.3.105*,2,368,1,248,1,120
44:3D:54:BE:12:3C,ALL,udp:35449,192.168.3.1*,2,253,1,79,1,174
44:3D:54:BE:12:3C,ALL,udp:35449,192.168.3.105*,2,253,1,174,1,79
44:3D:54:BE:12:3C,ALL,udp:42370,192.168.3.1*,2,242,1,89,1,153
44:3D:54:BE:12:3C,ALL,udp:42370,192.168.3.105*,2,242,1,153,1,89
44:3D:54:BE:12:3C,ALL,udp:39634,192.168.3.1*,2,253,1,79,1,174
44:3D:54:BE:12:3C,ALL,udp:39634,192.168.3.105*,2,253,1,174,1,79
44:3D:54:BE:12:3C,ALL,udp:2117,192.168.3.1*,2,228,1,90,1,138
44:3D:54:BE:12:3C,ALL,udp:2117,192.168.3.105*,2,228,1,138,1,90
44:3D:54:BE:12:3C,ALL,udp:18626,192.168.3.1*,2,242,1,89,1,153
44:3D:54:BE:12:3C,ALL,udp:18626,192.168.3.105*,2,242,1,153,1,89
44:3D:54:BE:12:3C,ALL,udp:46121,192.168.3.1*,2,253,1,79,1,174
44:3D:54:BE:12:3C,ALL,udp:46121,192.168.3.105*,2,253,1,174,1,79
44:3D:54:BE:12:3C,ALL,udp:28486,192.168.3.1*,2,242,1,89,1,153
44:3D:54:BE:12:3C,ALL,udp:28486,192.168.3.105*,2,242,1,153,1,89
44:3D:54:BE:12:3C,ALL,udp:10946,192.168.3.1*,2,170,1,77,1,93
44:3D:54:BE:12:3C,ALL,udp:10946,192.168.3.105*,2,170,1,93,1,77
44:3D:54:BE:12:3C,ALL,udp:23306,192.168.3.1*,2,253,1,79,1,174
44:3D:54:BE:12:3C,ALL,udp:23306,192.168.3.105*,2,253,1,174,1,79
44:3D:54:BE:12:3C,ALL,udp:57356,192.168.3.1*,2,253,1,79,1,174
44:3D:54:BE:12:3C,ALL,udp:57356,192.168.3.105*,2,253,1,174,1,79
44:3D:54:BE:12:3C,ALL,udp:46087,192.168.3.1*,2,242,1,89,1,153
44:3D:54:BE:12:3C,ALL,udp:46087,192.168.3.105*,2,242,1,153,1,89
44:3D:54:BE:12:3C,ALL,udp:2235,192.168.3.1*,2,253,1,79,1,174
44:3D:54:BE:12:3C,ALL,udp:2235,192.168.3.105*,2,253,1,174,1,79
44:3D:54:BE:12:3C,ALL,udp:33075,192.168.3.1*,2,253,1,79,1,174
44:3D:54:BE:12:3C,ALL,udp:33075,192.168.3.105*,2,253,1,174,1,79
44:3D:54:BE:12:3C,ALL,udp:5042,192.168.3.1*,2,242,1,89,1,153
44:3D:54:BE:12:3C,ALL,udp:5042,192.168.3.105*,2,242,1,153,1,89
44:3D:54:BE:12:3C,ALL,udp:62194,192.168.3.1*,2,253,1,79,1,174
44:3D:54:BE:12:3C,ALL,udp:62194,192.168.3.105*,2,253,1,174,1,79
44:3D:54:BE:12:3C,ALL,udp:53034,192.168.3.1*,2,253,1,79,1,174
44:3D:54:BE:12:3C,ALL,udp:53034,192.168.3.105*,2,253,1,174,1,79
44:3D:54:BE:12:3C,ALL,udp:37306,192.168.3.1*,2,242,1,89,1,153
44:3D:54:BE:12:3C,ALL,udp:37306,192.168.3.105*,2,242,1,153,1,89
44:3D:54:BE:12:3C,ALL,udp:24753,192.168.3.1*,2,170,1,77,1,93
44:3D:54:BE:12:3C,ALL,udp:24753,192.168.3.105*,2,170,1,93,1,77
44:3D:54:BE:12:3C,ALL,udp:45956,192.168.3.1*,2,368,1,120,1,248
44:3D:54:BE:12:3C,ALL,udp:45956,192.168.3.105*,2,368,1,248,1,120
44:3D:54:BE:12:3C,ALL,udp:61456,192.168.3.1*,2,242,1,89,1,153
44:3D:54:BE:12:3C,ALL,udp:61456,192.168.3.105*,2,242,1,153,1,89
44:3D:54:BE:12:3C,ALL,udp:12079,192.168.3.1*,2,242,1,89,1,153
44:3D:54:BE:12:3C,ALL,udp:12079,192.168.3.105*,2,242,1,153,1,89
44:3D:54:BE:12:3C,ALL,udp:32605,192.168.3.1*,2,253,1,79,1,174
44:3D:54:BE:12:3C,ALL,udp:32605,192.168.3.105*,2,253,1,174,1,79
44:3D:54:BE:12:3C,ALL,udp:2638,192.168.3.1*,2,253,1,79,1,174
44:3D:54:BE:12:3C,ALL,udp:2638,192.168.3.105*,2,253,1,174,1,79
44:3D:54:BE:12:3C,ALL,udp:40237,192.168.3.1*,2,242,1,89,1,153
44:3D:54:BE:12:3C,ALL,udp:40237,192.168.3.105*,2,242,1,153,1,89
44:3D:54:BE:12:3C,ALL,udp:43323,192.168.3.1*,2,170,1,77,1,93
44:3D:54:BE:12:3C,ALL,udp:43323,192.168.3.105*,2,170,1,93,1,77
44:3D:54:BE:12:3C,ALL,udp:20963,192.168.3.1*,2,242,1,89,1,153
44:3D:54:BE:12:3C,ALL,udp:20963,192.168.3.105*,2,242,1,153,1,89
44:3D:54:BE:12:3C,ALL,udp:30302,192.168.3.1*,2,164,1,74,1,90
44:3D:54:BE:12:3C,ALL,udp:30302,192.168.3.105*,2,164,1,90,1,74
44:3D:54:BE:12:3C,ALL,udp:63975,192.168.3.1*,2,253,1,79,1,174
44:3D:54:BE:12:3C,ALL,udp:63975,192.168.3.105*,2,253,1,174,1,79
44:3D:54:BE:12:3C,ALL,udp:59967,192.168.3.1*,2,242,1,89,1,153
44:3D:54:BE:12:3C,ALL,udp:59967,192.168.3.105*,2,242,1,153,1,89
44:3D:54:BE:12:3C,ALL,udp:63345,192.168.3.1*,2,253,1,79,1,174
44:3D:54:BE:12:3C,ALL,udp:63345,192.168.3.105*,2,253,1,174,1,79
44:3D:54:BE:12:3C,ALL,udp:45096,192.168.3.1*,2,401,1,86,1,315
44:3D:54:BE:12:3C,ALL,udp:45096,192.168.3.105*,2,401,1,315,1,86
44:3D:54:BE:12:3C,ALL,udp:14326,192.168.3.1*,2,242,1,89,1,153
44:3D:54:BE:12:3C,ALL,udp:14326,192.168.3.105*,2,242,1,153,1,89
44:3D:54:BE:12:3C,ALL,udp:59224,192.168.3.1*,2,368,1,120,1,248
44:3D:54:BE:12:3C,ALL,udp:59224,192.168.3.105*,2,368,1,248,1,120
44:3D:54:BE:12:3C,ALL,udp:60845,192.168.3.1*,2,253,1,79,1,174
44:3D:54:BE:12:3C,ALL,udp:60845,192.168.3.105*,2,253,1,174,1,79
44:3D:54:BE:12:3C,ALL,udp:52316,192.168.3.1*,2,242,1,89,1,153
44:3D:54:BE:12:3C,ALL,udp:52316,192.168.3.105*,2,242,1,153,1,89
44:3D:54:BE:12:3C,ALL,udp:50911,192.168.3.1*,2,228,1,90,1,138
44:3D:54:BE:12:3C,ALL,udp:50911,192.168.3.105*,2,228,1,138,1,90
44:3D:54:BE:12:3C,ALL,udp:58802,192.168.3.1*,2,253,1,79,1,174
44:3D:54:BE:12:3C,ALL,udp:58802,192.168.3.105*,2,253,1,174,1,79
44:3D:54:BE:12:3C,ALL,udp:18569,192.168.3.1*,2,253,1,79,1,174
44:3D:54:BE:12:3C,ALL,udp:18569,192.168.3.105*,2,253,1,174,1,79
44:3D:54:BE:12:3C,ALL,udp:14055,192.168.3.1*,2,253,1,79,1,174
44:3D:54:BE:12:3C,ALL,udp:14055,192.168.3.105*,2,253,1,174,1,79
44:3D:54:BE:12:3C,ALL,udp:18230,192.168.3.1*,2,242,1,89,1,153
44:3D:54:BE:12:3C,ALL,udp:18230,192.168.3.105*,2,242,1,153,1,89
44:3D:54:BE:12:3C,ALL,udp:51876,192.168.3.1*,2,242,1,89,1,153
44:3D:54:BE:12:3C,ALL,udp:51876,192.168.3.105*,2,242,1,153,1,89
44:3D:54:BE:12:3C,ALL,udp:33802,192.168.3.1*,2,170,1,77,1,93
44:3D:54:BE:12:3C,ALL,udp:33802,192.168.3.105*,2,170,1,93,1,77
44:3D:54:BE:12:3C,ALL,udp:44161,192.168.3.1*,2,253,1,79,1,174
44:3D:54:BE:12:3C,ALL,udp:44161,192.168.3.105*,2,253,1,174,1,79
44:3D:54:BE:12:3C,ALL,udp:11233,192.168.3.1*,2,242,1,89,1,153
44:3D:54:BE:12:3C,ALL,udp:11233,192.168.3.105*,2,242,1,153,1,89
44:3D:54:BE:12:3C,ALL,udp:17381,192.168.3.1*,2,253,1,79,1,174
44:3D:54:BE:12:3C,ALL,udp:17381,192.168.3.105*,2,253,1,174,1,79
44:3D:54:BE:12:3C,ALL,udp:52825,192.168.3.1*,2,253,1,79,1,174
44:3D:54:BE:12:3C,ALL,udp:52825,192.168.3.105*,2,253,1,174,1,79
44:3D:54:BE:12:3C,ALL,udp:42317,192.168.3.1*,2,242,1,89,1,153
44:3D:54:BE:12:3C,ALL,udp:42317,192.168.3.105*,2,242,1,153,1,89
44:3D:54:BE:12:3C,ALL,udp:28286,192.168.3.1*,2,253,1,79,1,174
44:3D:54:BE:12:3C,ALL,udp:28286,192.168.3.105*,2,253,1,174,1,79
44:3D:54:BE:12:3C,ALL,udp:5339,192.168.3.1*,2,253,1,79,1,174
44:3D:54:BE:12:3C,ALL,udp:5339,192.168.3.105*,2,253,1,174,1,79
44:3D:54:BE:12:3C,ALL,udp:19849,192.168.3.1*,2,242,1,89,1,153
44:3D:54:BE:12:3C,ALL,udp:19849,192.168.3.105*,2,242,1,153,1,89
44:3D:54:BE:12:3C,ALL,udp:14005,192.168.3.1*,2,253,1,79,1,174
44:3D:54:BE:12:3C,ALL,udp:14005,192.168.3.105*,2,253,1,174,1,79
44:3D:54:BE:12:3C,ALL,udp:24974,192.168.3.1*,2,170,1,77,1,93
44:3D:54:BE:12:3C,ALL,udp:24974,192.168.3.105*,2,170,1,93,1,77
44:3D:54:BE:12:3C,ALL,udp:34299,192.168.3.1*,2,253,1,79,1,174
44:3D:54:BE:12:3C,ALL,udp:34299,192.168.3.105*,2,253,1,174,1,79
44:3D:54:BE:12:3C,ALL,udp:43994,192.168.3.1*,2,368,1,120,1,248
44:3D:54:BE:12:3C,ALL,udp:43994,192.168.3.105*,2,368,1,248,1,120
44:3D:54:BE:12:3C,ALL,udp:46805,192.168.3.1*,2,228,1,90,1,138
44:3D:54:BE:12:3C,ALL,udp:46805,192.168.3.105*,2,228,1,138,1,90
44:3D:54:BE:12:3C,ALL,udp:46982,192.168.3.1*,2,242,1,89,1,153
44:3D:54:BE:12:3C,ALL,udp:46982,192.168.3.105*,2,242,1,153,1,89
44:3D:54:BE:12:3C,ALL,udp:17194,192.168.3.1*,2,242,1,89,1,153
44:3D:54:BE:12:3C,ALL,udp:17194,192.168.3.105*,2,242,1,153,1,89
44:3D:54:BE:12:3C,ALL,udp:45173,192.168.3.1*,2,242,1,89,1,153
44:3D:54:BE:12:3C,ALL,udp:45173,192.168.3.105*,2,242,1,153,1,89
44:3D:54:BE:12:3C,ALL,udp:59227,192.168.3.1*,2,170,1,77,1,93
44:3D:54:BE:12:3C,ALL,udp:59227,192.168.3.105*,2,170,1,93,1,77
44:3D:54:BE:12:3C,ALL,udp:19534,192.168.3.1*,2,164,1,74,1,90
44:3D:54:BE:12:3C,ALL,udp:19534,192.168.3.105*,2,164,1,90,1,74
44:3D:54:BE:12:3C,ALL,udp:22707,192.168.3.1*,2,242,1,89,1,153
44:3D:54:BE:12:3C,ALL,udp:22707,192.168.3.105*,2,242,1,153,1,89
44:3D:54:BE:12:3C,ALL,udp:37415,192.168.3.1*,2,242,1,89,1,153
44:3D:54:BE:12:3C,ALL,udp:37415,192.168.3.105*,2,242,1,153,1,89
44:3D:54:BE:12:3C,ALL,udp:41728,192.168.3.1*,2,253,1,79,1,174
44:3D:54:BE:12:3C,ALL,udp:41728,192.168.3.105*,2,253,1,174,1,79
44:3D:54:BE:12:3C,ALL,udp:22410,192.168.3.1*,2,253,1,79,1,174
44:3D:54:BE:12:3C,ALL,udp:22410,192.168.3.105*,2,253,1,174,1,79
44:3D:54:BE:12:3C,ALL,udp:19987,192.168.3.1*,2,242,1,89,1,153
44:3D:54:BE:12:3C,ALL,udp:19987,192.168.3.105*,2,242,1,153,1,89
44:3D:54:BE:12:3C,ALL,udp:26915,192.168.3.1*,2,253,1,79,1,174
44:3D:54:BE:12:3C,ALL,udp:26915,192.168.3.105*,2,253,1,174,1,79
44:3D:54:BE:12:3C,ALL,udp:7676,192.168.3.1*,2,170,1,77,1,93
44:3D:54:BE:12:3C,ALL,udp:7676,192.168.3.105*,2,170,1,93,1,77
44:3D:54:BE:12:3C,ALL,udp:48402,192.168.3.1*,2,228,1,90,1,138
44:3D:54:BE:12:3C,ALL,udp:48402,192.168.3.105*,2,228,1,138,1,90
44:3D:54:BE:12:3C,ALL,udp:52911,192.168.3.1*,2,368,1,120,1,248
44:3D:54:BE:12:3C,ALL,udp:52911,192.168.3.105*,2,368,1,248,1,120
44:3D:54:BE:12:3C,ALL,udp:59269,192.168.3.1*,2,368,1,120,1,248
44:3D:54:BE:12:3C,ALL,udp:59269,192.168.3.105*,2,368,1,248,1,120
44:3D:54:BE:12:3C,ALL,udp:60432,192.168.3.1*,2,242,1,89,1,153
44:3D:54:BE:12:3C,ALL,udp:60432,192.168.3.105*,2,242,1,153,1,89
44:3D:54:BE:12:3C,ALL,udp:17812,192.168.3.1*,2,253,1,79,1,174
44:3D:54:BE:12:3C,ALL,udp:17812,192.168.3.105*,2,253,1,174,1,79
44:3D:54:BE:12:3C,ALL,udp:10916,192.168.3.1*,2,253,1,79,1,174
44:3D:54:BE:12:3C,ALL,udp:10916,192.168.3.105*,2,253,1,174,1,79
44:3D:54:BE:12:3C,ALL,udp:20384,192.168.3.1*,2,242,1,89,1,153
44:3D:54:BE:12:3C,ALL,udp:20384,192.168.3.105*,2,242,1,153,1,89
44:3D:54:BE:12:3C,ALL,udp:54989,192.168.3.1*,2,253,1,79,1,174
44:3D:54:BE:12:3C,ALL,udp:54989,192.168.3.105*,2,253,1,174,1,79
44:3D:54:BE:12:3C,ALL,udp:64821,192.168.3.1*,2,253,1,79,1,174
44:3D:54:BE:12:3C,ALL,udp:64821,192.168.3.105*,2,253,1,174,1,79
44:3D:54:BE:12:3C,ALL,udp:56940,192.168.3.1*,2,242,1,89,1,153
44:3D:54:BE:12:3C,ALL,udp:56940,192.168.3.105*,2,242,1,153,1,89
44:3D:54:BE:12:3C,ALL,udp:60813,192.168.3.1*,2,170,1,77,1,93
44:3D:54:BE:12:3C,ALL,udp:60813,192.168.3.105*,2,170,1,93,1,77
44:3D:54:BE:12:3C,ALL,udp:13102,192.168.3.1*,2,253,1,79,1,174
44:3D:54:BE:12:3C,ALL,udp:13102,192.168.3.105*,2,253,1,174,1,79
44:3D:54:BE:12:3C,ALL,udp:9186,192.168.3.1*,2,242,1,89,1,153
44:3D:54:BE:12:3C,ALL,udp:9186,192.168.3.105*,2,242,1,153,1,89
44:3D:54:BE:12:3C,ALL,udp:29584,192.168.3.1*,2,253,1,79,1,174
44:3D:54:BE:12:3C,ALL,udp:29584,192.168.3.105*,2,253,1,174,1,79
44:3D:54:BE:12:3C,ALL,udp:54037,192.168.3.1*,2,242,1,89,1,153
44:3D:54:BE:12:3C,ALL,udp:54037,192.168.3.105*,2,242,1,153,1,89
44:3D:54:BE:12:3C,ALL,udp:5882,192.168.3.1*,2,253,1,79,1,174
44:3D:54:BE:12:3C,ALL,udp:5882,192.168.3.105*,2,253,1,174,1,79
44:3D:54:BE:12:3C,ALL,udp:21288,192.168.3.1*,2,228,1,90,1,138
44:3D:54:BE:12:3C,ALL,udp:21288,192.168.3.105*,2,228,1,138,1,90
44:3D:54:BE:12:3C,ALL,udp:15169,192.168.3.1*,2,242,1,89,1,153
44:3D:54:BE:12:3C,ALL,udp:15169,192.168.3.105*,2,242,1,153,1,89
44:3D:54:BE:12:3C,ALL,udp:21761,192.168.3.1*,2,170,1,77,1,93
44:3D:54:BE:12:3C,ALL,udp:21761,192.168.3.105*,2,170,1,93,1,77
44:3D:54:BE:12:3C,ALL,udp:1760,192.168.3.1*,2,228,1,90,1,138
44:3D:54:BE:12:3C,ALL,udp:1760,192.168.3.105*,2,228,1,138,1,90
44:3D:54:BE:12:3C,ALL,udp:56164,192.168.3.1*,2,368,1,120,1,248
44:3D:54:BE:12:3C,ALL,udp:56164,192.168.3.105*,2,368,1,248,1,120
44:3D:54:BE:12:3C,ALL,udp:56636,192.168.3.1*,2,253,1,79,1,174
44:3D:54:BE:12:3C,ALL,udp:56636,192.168.3.105*,2,253,1,174,1,79
44:3D:54:BE:12:3C,ALL,udp:35749,192.168.3.1*,2,242,1,89,1,153
44:3D:54:BE:12:3C,ALL,udp:35749,192.168.3.105*,2,242,1,153,1,89
44:3D:54:BE:12:3C,ALL,udp:21072,192.168.3.1*,2,242,1,89,1,153
44:3D:54:BE:12:3C,ALL,udp:21072,192.168.3.105*,2,242,1,153,1,89
44:3D:54:BE:12:3C,ALL,udp:52994,192.168.3.1*,2,242,1,89,1,153
44:3D:54:BE:12:3C,ALL,udp:52994,192.168.3.105*,2,242,1,153,1,89
44:3D:54:BE:12:3C,ALL,udp:36370,192.168.3.1*,2,170,1,77,1,93
44:3D:54:BE:12:3C,ALL,udp:36370,192.168.3.105*,2,170,1,93,1,77
44:3D:54:BE:12:3C,ALL,udp:45465,192.168.3.1*,2,253,1,79,1,174
44:3D:54:BE:12:3C,ALL,udp:45465,192.168.3.105*,2,253,1,174,1,79
44:3D:54:BE:12:3C,ALL,udp:54808,192.168.3.1*,2,164,1,74,1,90
44:3D:54:BE:12:3C,ALL,udp:54808,192.168.3.105*,2,164,1,90,1,74
44:3D:54:BE:12:3C,ALL,udp:20024,192.168.3.1*,2,242,1,89,1,153
44:3D:54:BE:12:3C,ALL,udp:20024,192.168.3.105*,2,242,1,153,1,89
44:3D:54:BE:12:3C,ALL,udp:43019,192.168.3.1*,2,253,1,79,1,174
44:3D:54:BE:12:3C,ALL,udp:43019,192.168.3.105*,2,253,1,174,1,79
44:3D:54:BE:12:3C,ALL,udp:57649,192.168.3.1*,2,242,1,89,1,153
44:3D:54:BE:12:3C,ALL,udp:57649,192.168.3.105*,2,242,1,153,1,89
44:3D:54:BE:12:3C,ALL,udp:18577,192.168.3.1*,2,242,1,89,1,153
44:3D:54:BE:12:3C,ALL,udp:18577,192.168.3.105*,2,242,1,153,1,89
44:3D:54:BE:12:3C,ALL,udp:30710,192.168.3.1*,2,170,1,77,1,93
44:3D:54:BE:12:3C,ALL,udp:30710,192.168.3.105*,2,170,1,93,1,77
44:3D:54:BE:12:3C,ALL,udp:11989,192.168.3.1*,2,228,1,90,1,138
44:3D:54:BE:12:3C,ALL,udp:11989,192.168.3.105*,2,228,1,138,1,90
44:3D:54:BE:12:3C,ALL,udp:23630,192.168.3.1*,2,253,1,79,1,174
44:3D:54:BE:12:3C,ALL,udp:23630,192.168.3.105*,2,253,1,174,1,79
44:3D:54:BE:12:3C,ALL,udp:32155,192.168.3.1*,2,253,1,79,1,174
44:3D:54:BE:12:3C,ALL,udp:32155,192.168.3.105*,2,253,1,174,1,79
44:3D:54:BE:12:3C,ALL,udp:40764,192.168.3.1*,2,368,1,120,1,248
44:3D:54:BE:12:3C,ALL,udp:40764,192.168.3.105*,2,368,1,248,1,120
44:3D:54:BE:12:3C,ALL,udp:2782,192.168.3.1*,2,242,1,89,1,153
44:3D:54:BE:12:3C,ALL,udp:2782,192.168.3.105*,2,242,1,153,1,89
44:3D:54:BE:12:3C,ALL,udp:18900,192.168.3.1*,2,253,1,79,1,174
44:3D:54:BE:12:3C,ALL,udp:18900,192.168.3.105*,2,253,1,174,1,79
44:3D:54:BE:12:3C,ALL,udp:40899,192.168.3.1*,2,242,1,89,1,153
44:3D:54:BE:12:3C,ALL,udp:40899,192.168.3.105*,2,242,1,153,1,89
44:3D:54:BE:12:3C,ALL,udp:40656,192.168.3.1*,2,170,1,77,1,93
44:3D:54:BE:12:3C,ALL,udp:40656,192.168.3.105*,2,170,1,93,1,77
44:3D:54:BE:12:3C,ALL,udp:50388,192.168.3.1*,2,253,1,79,1,174
44:3D:54:BE:12:3C,ALL,udp:50388,192.168.3.105*,2,253,1,174,1,79
44:3D:54:BE:12:3C,ALL,udp:63772,192.168.3.1*,2,253,1,79,1,174
44:3D:54:BE:12:3C,ALL,udp:63772,192.168.3.105*,2,253,1,174,1,79
44:3D:54:BE:12:3C,ALL,udp:45533,192.168.3.1*,2,164,1,74,1,90
44:3D:54:BE:12:3C,ALL,udp:45533,192.168.3.105*,2,164,1,90,1,74
44:3D:54:BE:12:3C,ALL,udp:37027,192.168.3.1*,2,253,1,79,1,174
44:3D:54:BE:12:3C,ALL,udp:37027,192.168.3.105*,2,253,1,174,1,79
44:3D:54:BE:12:3C,ALL,udp:40380,192.168.3.1*,2,242,1,89,1,153
44:3D:54:BE:12:3C,ALL,udp:40380,192.168.3.105*,2,242,1,153,1,89
44:3D:54:BE:12:3C,ALL,udp:25410,192.168.3.1*,2,228,1,90,1,138
44:3D:54:BE:12:3C,ALL,udp:25410,192.168.3.105*,2,228,1,138,1,90
44:3D:54:BE:12:3C,ALL,udp:31759,192.168.3.1*,2,253,1,79,1,174
44:3D:54:BE:12:3C,ALL,udp:31759,192.168.3.105*,2,253,1,174,1,79
44:3D:54:BE:12:3C,ALL,udp:1716,192.168.3.1*,2,368,1,120,1,248
44:3D:54:BE:12:3C,ALL,udp:1716,192.168.3.105*,2,368,1,248,1,120
44:3D:54:BE:12:3C,ALL,udp:58012,192.168.3.1*,2,242,1,89,1,153
44:3D:54:BE:12:3C,ALL,udp:58012,192.168.3.105*,2,242,1,153,1,89
44:3D:54:BE:12:3C,ALL,udp:9536,192.168.3.1*,2,242,1,89,1,153
44:3D:54:BE:12:3C,ALL,udp:9536,192.168.3.105*,2,242,1,153,1,89
44:3D:54:BE:12:3C,ALL,udp:49482,192.168.3.1*,2,242,1,89,1,153
44:3D:54:BE:12:3C,ALL,udp:49482,192.168.3.105*,2,242,1,153,1,89
44:3D:54:BE:12:3C,ALL,udp:61062,192.168.3.1*,2,170,1,77,1,93
44:3D:54:BE:12:3C,ALL,udp:61062,192.168.3.105*,2,170,1,93,1,77
44:3D:54:BE:12:3C,ALL,udp:48989,192.168.3.1*,2,164,1,74,1,90
44:3D:54:BE:12:3C,ALL,udp:48989,192.168.3.105*,2,164,1,90,1,74
44:3D:54:BE:12:3C,ALL,udp:11602,192.168.3.1*,2,253,1,79,1,174
44:3D:54:BE:12:3C,ALL,udp:11602,192.168.3.105*,2,253,1,174,1,79
44:3D:54:BE:12:3C,ALL,udp:6811,192.168.3.1*,2,242,1,89,1,153
44:3D:54:BE:12:3C,ALL,udp:6811,192.168.3.105*,2,242,1,153,1,89
44:3D:54:BE:12:3C,ALL,udp:64908,192.168.3.1*,2,242,1,89,1,153
44:3D:54:BE:12:3C,ALL,udp:64908,192.168.3.105*,2,242,1,153,1,89
44:3D:54:BE:12:3C,ALL,udp:46388,192.168.3.1*,2,253,1,79,1,174
44:3D:54:BE:12:3C,ALL,udp:46388,192.168.3.105*,2,253,1,174,1,79
44:3D:54:BE:12:3C,ALL,udp:25004,192.168.3.1*,2,228,1,90,1,138
44:3D:54:BE:12:3C,ALL,udp:25004,192.168.3.105*,2,228,1,138,1,90
44:3D:54:BE:12:3C,ALL,udp:21639,192.168.3.1*,2,253,1,79,1,174
44:3D:54:BE:12:3C,ALL,udp:21639,192.168.3.105*,2,253,1,174,1,79
44:3D:54:BE:12:3C,ALL,udp:32769,192.168.3.1*,2,253,1,79,1,174
44:3D:54:BE:12:3C,ALL,udp:32769,192.168.3.105*,2,253,1,174,1,79
44:3D:54:BE:12:3C,ALL,udp:31627,192.168.3.1*,2,242,1,89,1,153
44:3D:54:BE:12:3C,ALL,udp:31627,192.168.3.105*,2,242,1,153,1,89
44:3D:54:BE:12:3C,ALL,udp:12314,192.168.3.1*,2,170,1,77,1,93
44:3D:54:BE:12:3C,ALL,udp:12314,192.168.3.105*,2,170,1,93,1,77
44:3D:54:BE:12:3C,ALL,udp:35062,192.168.3.1*,2,253,1,79,1,174
44:3D:54:BE:12:3C,ALL,udp:35062,192.168.3.105*,2,253,1,174,1,79
44:3D:54:BE:12:3C,ALL,udp:36746,192.168.3.1*,2,368,1,120,1,248
44:3D:54:BE:12:3C,ALL,udp:36746,192.168.3.105*,2,368,1,248,1,120
44:3D:54:BE:12:3C,ALL,udp:35717,192.168.3.1*,2,253,1,79,1,174
44:3D:54:BE:12:3C,ALL,udp:35717,192.168.3.105*,2,253,1,174,1,79
44:3D:54:BE:12:3C,ALL,udp:56399,192.168.3.1*,2,242,1,89,1,153
44:3D:54:BE:12:3C,ALL,udp:56399,192.168.3.105*,2,242,1,153,1,89
44:3D:54:BE:12:3C,ALL,udp:20448,192.168.3.1*,2,253,1,79,1,174
44:3D:54:BE:12:3C,ALL,udp:20448,192.168.3.105*,2,253,1,174,1,79
44:3D:54:BE:12:3C,ALL,udp:19633,192.168.3.1*,2,253,1,79,1,174
44:3D:54:BE:12:3C,ALL,udp:19633,192.168.3.105*,2,253,1,174,1,79
44:3D:54:BE:12:3C,ALL,udp:21875,192.168.3.1*,2,242,1,89,1,153
44:3D:54:BE:12:3C,ALL,udp:21875,192.168.3.105*,2,242,1,153,1,89
44:3D:54:BE:12:3C,ALL,udp:5391,192.168.3.1*,2,242,1,89,1,153
44:3D:54:BE:12:3C,ALL,udp:5391,192.168.3.105*,2,242,1,153,1,89
44:3D:54:BE:12:3C,ALL,udp:45814,192.168.3.1*,2,253,1,79,1,174
44:3D:54:BE:12:3C,ALL,udp:45814,192.168.3.105*,2,253,1,174,1,79
44:3D:54:BE:12:3C,ALL,udp:57829,192.168.3.1*,2,253,1,79,1,174
44:3D:54:BE:12:3C,ALL,udp:57829,192.168.3.105*,2,253,1,174,1,79
44:3D:54:BE:12:3C,ALL,udp:53354,192.168.3.1*,2,253,1,79,1,174
44:3D:54:BE:12:3C,ALL,udp:53354,192.168.3.105*,2,253,1,174,1,79
44:3D:54:BE:12:3C,ALL,udp:6367,192.168.3.1*,2,170,1,77,1,93
44:3D:54:BE:12:3C,ALL,udp:6367,192.168.3.105*,2,170,1,93,1,77
44:3D:54:BE:12:3C,ALL,udp:44414,192.168.3.1*,2,253,1,79,1,174
44:3D:54:BE:12:3C,ALL,udp:44414,192.168.3.105*,2,253,1,174,1,79
44:3D:54:BE:12:3C,ALL,udp:38222,192.168.3.1*,2,253,1,79,1,174
44:3D:54:BE:12:3C,ALL,udp:38222,192.168.3.105*,2,253,1,174,1,79
44:3D:54:BE:12:3C,ALL,udp:32541,192.168.3.1*,2,242,1,89,1,153
44:3D:54:BE:12:3C,ALL,udp:32541,192.168.3.105*,2,242,1,153,1,89
44:3D:54:BE:12:3C,ALL,udp:39948,192.168.3.1*,2,228,1,90,1,138
44:3D:54:BE:12:3C,ALL,udp:39948,192.168.3.105*,2,228,1,138,1,90
44:3D:54:BE:12:3C,ALL,udp:62964,192.168.3.1*,2,242,1,89,1,153
44:3D:54:BE:12:3C,ALL,udp:62964,192.168.3.105*,2,242,1,153,1,89
44:3D:54:BE:12:3C,ALL,udp:44092,192.168.3.1*,2,170,1,77,1,93
44:3D:54:BE:12:3C,ALL,udp:44092,192.168.3.105*,2,170,1,93,1,77
44:3D:54:BE:12:3C,ALL,udp:22742,192.168.3.1*,2,253,1,79,1,174
44:3D:54:BE:12:3C,ALL,udp:22742,192.168.3.105*,2,253,1,174,1,79
44:3D:54:BE:12:3C,ALL,udp:4510,192.168.3.1*,2,368,1,120,1,248
44:3D:54:BE:12:3C,ALL,udp:4510,192.168.3.105*,2,368,1,248,1,120
44:3D:54:BE:12:3C,ALL,udp:22338,192.168.3.1*,2,242,1,89,1,153
44:3D:54:BE:12:3C,ALL,udp:22338,192.168.3.105*,2,242,1,153,1,89
44:3D:54:BE:12:3C,ALL,udp:34295,192.168.3.1*,2,253,1,79,1,174
44:3D:54:BE:12:3C,ALL,udp:34295,192.168.3.105*,2,253,1,174,1,79
44:3D:54:BE:12:3C,ALL,udp:39049,192.168.3.1*,2,164,1,74,1,90
44:3D:54:BE:12:3C,ALL,udp:39049,192.168.3.105*,2,164,1,90,1,74
44:3D:54:BE:12:3C,ALL,udp:51156,192.168.3.1*,2,242,1,89,1,153
44:3D:54:BE:12:3C,ALL,udp:51156,192.168.3.105*,2,242,1,153,1,89
44:3D:54:BE:12:3C,ALL,udp:39576,192.168.3.1*,2,170,1,77,1,93
44:3D:54:BE:12:3C,ALL,udp:39576,192.168.3.105*,2,170,1,93,1,77
44:3D:54:BE:12:3C,ALL,udp:63350,192.168.3.1*,2,253,1,79,1,174
44:3D:54:BE:12:3C,ALL,udp:63350,192.168.3.105*,2,253,1,174,1,79
44:3D:54:BE:12:3C,ALL,udp:21145,192.168.3.1*,2,253,1,79,1,174
44:3D:54:BE:12:3C,ALL,udp:21145,192.168.3.105*,2,253,1,174,1,79
44:3D:54:BE:12:3C,ALL,udp:32171,192.168.3.1*,2,253,1,79,1,174
44:3D:54:BE:12:3C,ALL,udp:32171,192.168.3.105*,2,253,1,174,1,79
44:3D:54:BE:12:3C,ALL,udp:4383,192.168.3.1*,2,242,1,89,1,153
44:3D:54:BE:12:3C,ALL,udp:4383,192.168.3.105*,2,242,1,153,1,89
44:3D:54:BE:12:3C,ALL,udp:42511,192.168.3.1*,2,253,1,79,1,174
44:3D:54:BE:12:3C,ALL,udp:42511,192.168.3.105*,2,253,1,174,1,79
44:3D:54:BE:12:3C,ALL,udp:41295,192.168.3.1*,2,242,1,89,1,153
44:3D:54:BE:12:3C,ALL,udp:41295,192.168.3.105*,2,242,1,153,1,89
44:3D:54:BE:12:3C,ALL,udp:47934,192.168.3.1*,2,253,1,79,1,174
44:3D:54:BE:12:3C,ALL,udp:47934,192.168.3.105*,2,253,1,174,1,79
44:3D:54:BE:12:3C,ALL,udp:34508,192.168.3.1*,2,228,1,90,1,138
44:3D:54:BE:12:3C,ALL,udp:34508,192.168.3.105*,2,228,1,138,1,90
44:3D:54:BE:12:3C,ALL,udp:28330,192.168.3.1*,2,253,1,79,1,174
44:3D:54:BE:12:3C,ALL,udp:28330,192.168.3.105*,2,253,1,174,1,79
44:3D:54:BE:12:3C,ALL,udp:13141,192.168.3.1*,2,242,1,89,1,153
44:3D:54:BE:12:3C,ALL,udp:13141,192.168.3.105*,2,242,1,153,1,89
44:3D:54:BE:12:3C,ALL,udp:12769,192.168.3.1*,2,170,1,77,1,93
44:3D:54:BE:12:3C,ALL,udp:12769,192.168.3.105*,2,170,1,93,1,77
44:3D:54:BE:12:3C,ALL,udp:45773,192.168.3.1*,2,253,1,79,1,174
44:3D:54:BE:12:3C,ALL,udp:45773,192.168.3.105*,2,253,1,174,1,79
44:3D:54:BE:12:3C,ALL,udp:46380,192.168.3.1*,2,368,1,120,1,248
44:3D:54:BE:12:3C,ALL,udp:46380,192.168.3.105*,2,368,1,248,1,120
44:3D:54:BE:12:3C,ALL,udp:55692,192.168.3.1*,2,253,1,79,1,174
44:3D:54:BE:12:3C,ALL,udp:55692,192.168.3.105*,2,253,1,174,1,79
44:3D:54:BE:12:3C,ALL,udp:15193,192.168.3.1*,2,242,1,89,1,153
44:3D:54:BE:12:3C,ALL,udp:15193,192.168.3.105*,2,242,1,153,1,89
44:3D:54:BE:12:3C,ALL,udp:8453,192.168.3.1*,2,253,1,79,1,174
44:3D:54:BE:12:3C,ALL,udp:8453,192.168.3.105*,2,253,1,174,1,79
44:3D:54:BE:12:3C,ALL,udp:54885,192.168.3.1*,2,242,1,89,1,153
44:3D:54:BE:12:3C,ALL,udp:54885,192.168.3.105*,2,242,1,153,1,89
44:3D:54:BE:12:3C,ALL,udp:50234,192.168.3.1*,2,170,1,77,1,93
44:3D:54:BE:12:3C,ALL,udp:50234,192.168.3.105*,2,170,1,93,1,77
44:3D:54:BE:12:3C,ALL,udp:49144,192.168.3.1*,2,253,1,79,1,174
44:3D:54:BE:12:3C,ALL,udp:49144,192.168.3.105*,2,253,1,174,1,79
44:3D:54:BE:12:3C,ALL,udp:13925,192.168.3.1*,2,242,1,89,1,153
44:3D:54:BE:12:3C,ALL,udp:13925,192.168.3.105*,2,242,1,153,1,89
44:3D:54:BE:12:3C,ALL,udp:14677,192.168.3.1*,2,253,1,79,1,174
44:3D:54:BE:12:3C,ALL,udp:14677,192.168.3.105*,2,253,1,174,1,79
44:3D:54:BE:12:3C,ALL,udp:23186,192.168.3.1*,2,253,1,79,1,174
44:3D:54:BE:12:3C,ALL,udp:23186,192.168.3.105*,2,253,1,174,1,79
44:3D:54:BE:12:3C,ALL,udp:1690,192.168.3.1*,2,242,1,89,1,153
44:3D:54:BE:12:3C,ALL,udp:1690,192.168.3.105*,2,242,1,153,1,89
44:3D:54:BE:12:3C,ALL,udp:41726,192.168.3.1*,2,228,1,90,1,138
44:3D:54:BE:12:3C,ALL,udp:41726,192.168.3.105*,2,228,1,138,1,90
44:3D:54:BE:12:3C,ALL,udp:42699,192.168.3.1*,2,253,1,79,1,174
44:3D:54:BE:12:3C,ALL,udp:42699,192.168.3.105*,2,253,1,174,1,79
44:3D:54:BE:12:3C,ALL,udp:51470,192.168.3.1*,2,180,1,82,1,98
44:3D:54:BE:12:3C,ALL,udp:51470,192.168.3.105*,2,180,1,98,1,82
44:3D:54:BE:12:3C,ALL,udp:24063,192.168.3.1*,2,242,1,89,1,153
44:3D:54:BE:12:3C,ALL,udp:24063,192.168.3.105*,2,242,1,153,1,89
44:3D:54:BE:12:3C,ALL,udp:27109,192.168.3.1*,2,170,1,77,1,93
44:3D:54:BE:12:3C,ALL,udp:27109,192.168.3.105*,2,170,1,93,1,77
44:3D:54:BE:12:3C,ALL,udp:58430,192.168.3.1*,2,368,1,120,1,248
44:3D:54:BE:12:3C,ALL,udp:58430,192.168.3.105*,2,368,1,248,1,120
44:3D:54:BE:12:3C,ALL,udp:49192,192.168.3.1*,2,242,1,89,1,153
44:3D:54:BE:12:3C,ALL,udp:49192,192.168.3.105*,2,242,1,153,1,89
44:3D:54:BE:12:3C,ALL,udp:12707,192.168.3.1*,2,253,1,79,1,174
44:3D:54:BE:12:3C,ALL,udp:12707,192.168.3.105*,2,253,1,174,1,79
44:3D:54:BE:12:3C,ALL,udp:6060,192.168.3.1*,2,242,1,89,1,153
44:3D:54:BE:12:3C,ALL,udp:6060,192.168.3.105*,2,242,1,153,1,89
44:3D:54:BE:12:3C,ALL,udp:51238,192.168.3.1*,2,242,1,89,1,153
44:3D:54:BE:12:3C,ALL,udp:51238,192.168.3.105*,2,242,1,153,1,89
44:3D:54:BE:12:3C,ALL,udp:7183,192.168.3.1*,2,170,1,77,1,93
44:3D:54:BE:12:3C,ALL,udp:7183,192.168.3.105*,2,170,1,93,1,77
44:3D:54:BE:12:3C,ALL,udp:33261,192.168.3.1*,2,253,1,79,1,174
44:3D:54:BE:12:3C,ALL,udp:33261,192.168.3.105*,2,253,1,174,1,79
44:3D:54:BE:12:3C,ALL,udp:64302,192.168.3.1*,2,242,1,89,1,153
44:3D:54:BE:12:3C,ALL,udp:64302,192.168.3.105*,2,242,1,153,1,89
44:3D:54:BE:12:3C,ALL,udp:30720,192.168.3.1*,2,253,1,79,1,174
44:3D:54:BE:12:3C,ALL,udp:30720,192.168.3.105*,2,253,1,174,1,79
44:3D:54:BE:12:3C,ALL,udp:18817,192.168.3.1*,2,242,1,89,1,153
44:3D:54:BE:12:3C,ALL,udp:18817,192.168.3.105*,2,242,1,153,1,89
44:3D:54:BE:12:3C,ALL,udp:14895,192.168.3.1*,2,228,1,90,1,138
44:3D:54:BE:12:3C,ALL,udp:14895,192.168.3.105*,2,228,1,138,1,90
44:3D:54:BE:12:3C,ALL,udp:1366,192.168.3.1*,2,242,1,89,1,153
44:3D:54:BE:12:3C,ALL,udp:1366,192.168.3.105*,2,242,1,153,1,89
44:3D:54:BE:12:3C,ALL,udp:40031,192.168.3.1*,2,170,1,77,1,93
44:3D:54:BE:12:3C,ALL,udp:40031,192.168.3.105*,2,170,1,93,1,77
44:3D:54:BE:12:3C,ALL,udp:39600,192.168.3.1*,2,253,1,79,1,174
44:3D:54:BE:12:3C,ALL,udp:39600,192.168.3.105*,2,253,1,174,1,79
44:3D:54:BE:12:3C,ALL,udp:33473,192.168.3.1*,2,253,1,79,1,174
44:3D:54:BE:12:3C,ALL,udp:33473,192.168.3.105*,2,253,1,174,1,79
44:3D:54:BE:12:3C,ALL,udp:16319,192.168.3.1*,2,172,1,78,1,94
44:3D:54:BE:12:3C,ALL,udp:16319,192.168.3.105*,2,172,1,94,1,78
44:3D:54:BE:12:3C,ALL,udp:2818,192.168.3.1*,2,230,1,83,1,147
44:3D:54:BE:12:3C,ALL,udp:2818,192.168.3.105*,2,230,1,147,1,83
44:3D:54:BE:12:3C,ALL,udp:28198,192.168.3.1*,2,258,1,97,1,161
44:3D:54:BE:12:3C,ALL,udp:28198,192.168.3.105*,2,258,1,161,1,97
44:3D:54:BE:12:3C,ALL,udp:4227,192.168.3.1*,2,170,1,77,1,93
44:3D:54:BE:12:3C,ALL,udp:4227,192.168.3.105*,2,170,1,93,1,77
44:3D:54:BE:12:3C,ALL,udp:58888,192.168.3.1*,2,237,1,83,1,154
44:3D:54:BE:12:3C,ALL,udp:58888,192.168.3.105*,2,237,1,154,1,83
44:3D:54:BE:12:3C,ALL,udp:37451,192.168.3.1*,2,230,1,83,1,147
44:3D:54:BE:12:3C,ALL,udp:37451,192.168.3.105*,2,230,1,147,1,83
44:3D:54:BE:12:3C,ALL,udp:18281,192.168.3.1*,2,242,1,89,1,153
44:3D:54:BE:12:3C,ALL,udp:18281,192.168.3.105*,2,242,1,153,1,89
44:3D:54:BE:12:3C,ALL,udp:1845,192.168.3.1*,2,253,1,79,1,174
44:3D:54:BE:12:3C,ALL,udp:1845,192.168.3.105*,2,253,1,174,1,79
44:3D:54:BE:12:3C,ALL,udp:39114,192.168.3.1*,2,253,1,79,1,174
44:3D:54:BE:12:3C,ALL,udp:39114,192.168.3.105*,2,253,1,174,1,79
44:3D:54:BE:12:3C,ALL,udp:41592,192.168.3.1*,2,253,1,79,1,174
44:3D:54:BE:12:3C,ALL,udp:41592,192.168.3.105*,2,253,1,174,1,79
44:3D:54:BE:12:3C,ALL,udp:46193,192.168.3.1*,2,242,1,89,1,153
44:3D:54:BE:12:3C,ALL,udp:46193,192.168.3.105*,2,242,1,153,1,89
44:3D:54:BE:12:3C,ALL,udp:39384,192.168.3.1*,2,253,1,79,1,174
44:3D:54:BE:12:3C,ALL,udp:39384,192.168.3.105*,2,253,1,174,1,79
44:3D:54:BE:12:3C,ALL,udp:26830,192.168.3.1*,2,230,1,83,1,147
44:3D:54:BE:12:3C,ALL,udp:26830,192.168.3.105*,2,230,1,147,1,83
44:3D:54:BE:12:3C,ALL,udp:15325,192.168.3.1*,2,242,1,89,1,153
44:3D:54:BE:12:3C,ALL,udp:15325,192.168.3.105*,2,242,1,153,1,89
44:3D:54:BE:12:3C,ALL,udp:9422,192.168.3.1*,2,170,1,77,1,93
44:3D:54:BE:12:3C,ALL,udp:9422,192.168.3.105*,2,170,1,93,1,77
44:3D:54:BE:12:3C,ALL,udp:48275,192.168.3.1*,2,242,1,89,1,153
44:3D:54:BE:12:3C,ALL,udp:48275,192.168.3.105*,2,242,1,153,1,89
44:3D:54:BE:12:3C,ALL,udp:63502,192.168.3.1*,2,253,1,79,1,174
44:3D:54:BE:12:3C,ALL,udp:63502,192.168.3.105*,2,253,1,174,1,79
44:3D:54:BE:12:3C,ALL,udp:17538,192.168.3.1*,2,253,1,79,1,174
44:3D:54:BE:12:3C,ALL,udp:17538,192.168.3.105*,2,253,1,174,1,79
44:3D:54:BE:12:3C,ALL,udp:32944,192.168.3.1*,2,228,1,90,1,138
44:3D:54:BE:12:3C,ALL,udp:32944,192.168.3.105*,2,228,1,138,1,90
44:3D:54:BE:12:3C,ALL,udp:4562,192.168.3.1*,2,242,1,89,1,153
44:3D:54:BE:12:3C,ALL,udp:4562,192.168.3.105*,2,242,1,153,1,89
44:3D:54:BE:12:3C,ALL,udp:14072,192.168.3.1*,2,253,1,79,1,174
44:3D:54:BE:12:3C,ALL,udp:14072,192.168.3.105*,2,253,1,174,1,79
44:3D:54:BE:12:3C,ALL,udp:46472,192.168.3.1*,2,253,1,79,1,174
44:3D:54:BE:12:3C,ALL,udp:46472,192.168.3.105*,2,253,1,174,1,79
44:3D:54:BE:12:3C,ALL,udp:20435,192.168.3.1*,2,242,1,89,1,153
44:3D:54:BE:12:3C,ALL,udp:20435,192.168.3.105*,2,242,1,153,1,89
44:3D:54:BE:12:3C,ALL,udp:8024,192.168.3.1*,2,170,1,77,1,93
44:3D:54:BE:12:3C,ALL,udp:8024,192.168.3.105*,2,170,1,93,1,77
44:3D:54:BE:12:3C,ALL,udp:53134,192.168.3.1*,2,253,1,79,1,174
44:3D:54:BE:12:3C,ALL,udp:53134,192.168.3.105*,2,253,1,174,1,79
44:3D:54:BE:12:3C,ALL,udp:57774,192.168.3.1*,2,368,1,120,1,248
44:3D:54:BE:12:3C,ALL,udp:57774,192.168.3.105*,2,368,1,248,1,120
44:3D:54:BE:12:3C,ALL,udp:36221,192.168.3.1*,2,253,1,79,1,174
44:3D:54:BE:12:3C,ALL,udp:36221,192.168.3.105*,2,253,1,174,1,79
44:3D:54:BE:12:3C,ALL,udp:45955,192.168.3.1*,2,242,1,89,1,153
44:3D:54:BE:12:3C,ALL,udp:45955,192.168.3.105*,2,242,1,153,1,89
44:3D:54:BE:12:3C,ALL,udp:5020,192.168.3.1*,2,253,1,79,1,174
44:3D:54:BE:12:3C,ALL,udp:5020,192.168.3.105*,2,253,1,174,1,79
44:3D:54:BE:12:3C,ALL,udp:16663,192.168.3.1*,2,242,1,89,1,153
44:3D:54:BE:12:3C,ALL,udp:16663,192.168.3.105*,2,242,1,153,1,89
44:3D:54:BE:12:3C,ALL,udp:21972,192.168.3.1*,2,401,1,86,1,315
44:3D:54:BE:12:3C,ALL,udp:21972,192.168.3.105*,2,401,1,315,1,86
44:3D:54:BE:12:3C,ALL,udp:3583,192.168.3.1*,2,164,1,74,1,90
44:3D:54:BE:12:3C,ALL,udp:3583,192.168.3.105*,2,164,1,90,1,74
44:3D:54:BE:12:3C,ALL,udp:14360,192.168.3.1*,2,401,1,86,1,315
44:3D:54:BE:12:3C,ALL,udp:14360,192.168.3.105*,2,401,1,315,1,86
44:3D:54:BE:12:3C,ALL,udp:62574,192.168.3.1*,2,242,1,89,1,153
44:3D:54:BE:12:3C,ALL,udp:62574,192.168.3.105*,2,242,1,153,1,89
44:3D:54:BE:12:3C,ALL,udp:1186,192.168.3.1*,2,242,1,89,1,153
44:3D:54:BE:12:3C,ALL,udp:1186,192.168.3.105*,2,242,1,153,1,89
44:3D:54:BE:12:3C,ALL,udp:33782,192.168.3.1*,2,253,1,79,1,174
44:3D:54:BE:12:3C,ALL,udp:33782,192.168.3.105*,2,253,1,174,1,79
44:3D:54:BE:12:3C,ALL,udp:53211,192.168.3.1*,2,228,1,90,1,138
44:3D:54:BE:12:3C,ALL,udp:53211,192.168.3.105*,2,228,1,138,1,90
44:3D:54:BE:12:3C,ALL,udp:48021,192.168.3.1*,2,253,1,79,1,174
44:3D:54:BE:12:3C,ALL,udp:48021,192.168.3.105*,2,253,1,174,1,79
44:3D:54:BE:12:3C,ALL,udp:43306,192.168.3.1*,2,242,1,89,1,153
44:3D:54:BE:12:3C,ALL,udp:43306,192.168.3.105*,2,242,1,153,1,89
44:3D:54:BE:12:3C,ALL,udp:19590,192.168.3.1*,2,253,1,79,1,174
44:3D:54:BE:12:3C,ALL,udp:19590,192.168.3.105*,2,253,1,174,1,79
44:3D:54:BE:12:3C,ALL,udp:10721,192.168.3.1*,2,242,1,89,1,153
44:3D:54:BE:12:3C,ALL,udp:10721,192.168.3.105*,2,242,1,153,1,89
44:3D:54:BE:12:3C,ALL,udp:17082,192.168.3.1*,2,170,1,77,1,93
44:3D:54:BE:12:3C,ALL,udp:17082,192.168.3.105*,2,170,1,93,1,77
44:3D:54:BE:12:3C,ALL,udp:45693,192.168.3.1*,2,253,1,79,1,174
44:3D:54:BE:12:3C,ALL,udp:45693,192.168.3.105*,2,253,1,174,1,79
44:3D:54:BE:12:3C,ALL,udp:62225,192.168.3.1*,2,368,1,120,1,248
44:3D:54:BE:12:3C,ALL,udp:62225,192.168.3.105*,2,368,1,248,1,120
44:3D:54:BE:12:3C,ALL,udp:41139,192.168.3.1*,2,242,1,89,1,153
44:3D:54:BE:12:3C,ALL,udp:41139,192.168.3.105*,2,242,1,153,1,89
44:3D:54:BE:12:3C,ALL,udp:24356,192.168.3.1*,2,242,1,89,1,153
44:3D:54:BE:12:3C,ALL,udp:24356,192.168.3.105*,2,242,1,153,1,89
44:3D:54:BE:12:3C,ALL,udp:24332,192.168.3.1*,2,253,1,79,1,174
44:3D:54:BE:12:3C,ALL,udp:24332,192.168.3.105*,2,253,1,174,1,79
44:3D:54:BE:12:3C,ALL,udp:56860,192.168.3.1*,2,253,1,79,1,174
44:3D:54:BE:12:3C,ALL,udp:56860,192.168.3.105*,2,253,1,174,1,79
44:3D:54:BE:12:3C,ALL,udp:62402,192.168.3.1*,2,242,1,89,1,153
44:3D:54:BE:12:3C,ALL,udp:62402,192.168.3.105*,2,242,1,153,1,89
44:3D:54:BE:12:3C,ALL,udp:34966,192.168.3.1*,2,170,1,77,1,93
44:3D:54:BE:12:3C,ALL,udp:34966,192.168.3.105*,2,170,1,93,1,77
44:3D:54:BE:12:3C,ALL,udp:37780,192.168.3.1*,2,253,1,79,1,174
44:3D:54:BE:12:3C,ALL,udp:37780,192.168.3.105*,2,253,1,174,1,79
44:3D:54:BE:12:3C,ALL,udp:45920,192.168.3.1*,2,253,1,79,1,174
44:3D:54:BE:12:3C,ALL,udp:45920,192.168.3.105*,2,253,1,174,1,79
44:3D:54:BE:12:3C,ALL,udp:23912,192.168.3.1*,2,242,1,89,1,153
44:3D:54:BE:12:3C,ALL,udp:23912,192.168.3.105*,2,242,1,153,1,89
44:3D:54:BE:12:3C,ALL,udp:20352,192.168.3.1*,2,253,1,79,1,174
44:3D:54:BE:12:3C,ALL,udp:20352,192.168.3.105*,2,253,1,174,1,79
44:3D:54:BE:12:3C,ALL,udp:36282,192.168.3.1*,2,228,1,90,1,138
44:3D:54:BE:12:3C,ALL,udp:36282,192.168.3.105*,2,228,1,138,1,90
44:3D:54:BE:12:3C,ALL,udp:51645,192.168.3.1*,2,253,1,79,1,174
44:3D:54:BE:12:3C,ALL,udp:51645,192.168.3.105*,2,253,1,174,1,79
44:3D:54:BE:12:3C,ALL,udp:41572,192.168.3.1*,2,253,1,79,1,174
44:3D:54:BE:12:3C,ALL,udp:41572,192.168.3.105*,2,253,1,174,1,79
44:3D:54:BE:12:3C,ALL,udp:38459,192.168.3.1*,2,164,1,74,1,90
44:3D:54:BE:12:3C,ALL,udp:38459,192.168.3.105*,2,164,1,90,1,74
44:3D:54:BE:12:3C,ALL,udp:48051,192.168.3.1*,2,242,1,89,1,153
44:3D:54:BE:12:3C,ALL,udp:48051,192.168.3.105*,2,242,1,153,1,89
44:3D:54:BE:12:3C,ALL,udp:22408,192.168.3.1*,2,253,1,79,1,174
44:3D:54:BE:12:3C,ALL,udp:22408,192.168.3.105*,2,253,1,174,1,79
44:3D:54:BE:12:3C,ALL,udp:38063,192.168.3.1*,2,242,1,89,1,153
44:3D:54:BE:12:3C,ALL,udp:38063,192.168.3.105*,2,242,1,153,1,89
44:3D:54:BE:12:3C,ALL,udp:43130,192.168.3.1*,2,170,1,77,1,93
44:3D:54:BE:12:3C,ALL,udp:43130,192.168.3.105*,2,170,1,93,1,77
44:3D:54:BE:12:3C,ALL,udp:16400,192.168.3.1*,2,368,1,120,1,248
44:3D:54:BE:12:3C,ALL,udp:16400,192.168.3.105*,2,368,1,248,1,120
44:3D:54:BE:12:3C,ALL,udp:9806,192.168.3.1*,2,242,1,89,1,153
44:3D:54:BE:12:3C,ALL,udp:9806,192.168.3.105*,2,242,1,153,1,89
44:3D:54:BE:12:3C,ALL,udp:4350,192.168.3.1*,2,253,1,79,1,174
44:3D:54:BE:12:3C,ALL,udp:4350,192.168.3.105*,2,253,1,174,1,79
44:3D:54:BE:12:3C,ALL,udp:57699,192.168.3.1*,2,164,1,74,1,90
44:3D:54:BE:12:3C,ALL,udp:57699,192.168.3.105*,2,164,1,90,1,74
44:3D:54:BE:12:3C,ALL,udp:34558,192.168.3.1*,2,242,1,89,1,153
44:3D:54:BE:12:3C,ALL,udp:34558,192.168.3.105*,2,242,1,153,1,89
44:3D:54:BE:12:3C,ALL,udp:25149,192.168.3.1*,2,242,1,89,1,153
44:3D:54:BE:12:3C,ALL,udp:25149,192.168.3.105*,2,242,1,153,1,89
44:3D:54:BE:12:3C,ALL,udp:33459,192.168.3.1*,2,170,1,77,1,93
44:3D:54:BE:12:3C,ALL,udp:33459,192.168.3.105*,2,170,1,93,1,77
44:3D:54:BE:12:3C,ALL,udp:57883,192.168.3.1*,2,242,1,89,1,153
44:3D:54:BE:12:3C,ALL,udp:57883,192.168.3.105*,2,242,1,153,1,89
44:3D:54:BE:12:3C,ALL,udp:26853,192.168.3.1*,2,242,1,89,1,153
44:3D:54:BE:12:3C,ALL,udp:26853,192.168.3.105*,2,242,1,153,1,89
44:3D:54:BE:12:3C,ALL,udp:13941,192.168.3.1*,2,253,1,79,1,174
44:3D:54:BE:12:3C,ALL,udp:13941,192.168.3.105*,2,253,1,174,1,79
44:3D:54:BE:12:3C,ALL,udp:34020,192.168.3.1*,2,242,1,89,1,153
44:3D:54:BE:12:3C,ALL,udp:34020,192.168.3.105*,2,242,1,153,1,89
44:3D:54:BE:12:3C,ALL,udp:65176,192.168.3.1*,2,170,1,77,1,93
44:3D:54:BE:12:3C,ALL,udp:65176,192.168.3.105*,2,170,1,93,1,77
44:3D:54:BE:12:3C,ALL,udp:27790,192.168.3.1*,2,253,1,79,1,174
44:3D:54:BE:12:3C,ALL,udp:27790,192.168.3.105*,2,253,1,174,1,79
44:3D:54:BE:12:3C,ALL,udp:32381,192.168.3.1*,2,368,1,120,1,248
44:3D:54:BE:12:3C,ALL,udp:32381,192.168.3.105*,2,368,1,248,1,120
44:3D:54:BE:12:3C,ALL,udp:15999,192.168.3.1*,2,242,1,89,1,153
44:3D:54:BE:12:3C,ALL,udp:15999,192.168.3.105*,2,242,1,153,1,89
44:3D:54:BE:12:3C,ALL,udp:1121,192.168.3.1*,2,242,1,89,1,153
44:3D:54:BE:12:3C,ALL,udp:1121,192.168.3.105*,2,242,1,153,1,89
44:3D:54:BE:12:3C,ALL,udp:17526,192.168.3.1*,2,253,1,79,1,174
44:3D:54:BE:12:3C,ALL,udp:17526,192.168.3.105*,2,253,1,174,1,79
44:3D:54:BE:12:3C,ALL,udp:4739,192.168.3.1*,2,242,1,89,1,153
44:3D:54:BE:12:3C,ALL,udp:4739,192.168.3.105*,2,242,1,153,1,89
44:3D:54:BE:12:3C,ALL,udp:13158,192.168.3.1*,2,170,1,77,1,93
44:3D:54:BE:12:3C,ALL,udp:13158,192.168.3.105*,2,170,1,93,1,77
44:3D:54:BE:12:3C,ALL,udp:47305,192.168.3.1*,2,253,1,79,1,174
44:3D:54:BE:12:3C,ALL,udp:47305,192.168.3.105*,2,253,1,174,1,79
44:3D:54:BE:12:3C,ALL,udp:37648,192.168.3.1*,2,253,1,79,1,174
44:3D:54:BE:12:3C,ALL,udp:37648,192.168.3.105*,2,253,1,174,1,79
44:3D:54:BE:12:3C,ALL,udp:55632,192.168.3.1*,2,242,1,89,1,153
44:3D:54:BE:12:3C,ALL,udp:55632,192.168.3.105*,2,242,1,153,1,89
44:3D:54:BE:12:3C,ALL,udp:56697,192.168.3.1*,2,228,1,90,1,138
44:3D:54:BE:12:3C,ALL,udp:56697,192.168.3.105*,2,228,1,138,1,90
44:3D:54:BE:12:3C,ALL,udp:31180,192.168.3.1*,2,253,1,79,1,174
44:3D:54:BE:12:3C,ALL,udp:31180,192.168.3.105*,2,253,1,174,1,79
44:3D:54:BE:12:3C,ALL,udp:15912,192.168.3.1*,2,242,1,89,1,153
44:3D:54:BE:12:3C,ALL,udp:15912,192.168.3.105*,2,242,1,153,1,89
44:3D:54:BE:12:3C,ALL,udp:51385,192.168.3.1*,2,253,1,79,1,174
44:3D:54:BE:12:3C,ALL,udp:51385,192.168.3.105*,2,253,1,174,1,79
44:3D:54:BE:12:3C,ALL,udp:51969,192.168.3.1*,2,242,1,89,1,153
44:3D:54:BE:12:3C,ALL,udp:51969,192.168.3.105*,2,242,1,153,1,89
44:3D:54:BE:12:3C,ALL,udp:46756,192.168.3.1*,2,170,1,77,1,93
44:3D:54:BE:12:3C,ALL,udp:46756,192.168.3.105*,2,170,1,93,1,77
44:3D:54:BE:12:3C,ALL,udp:64249,192.168.3.1*,2,253,1,79,1,174
44:3D:54:BE:12:3C,ALL,udp:64249,192.168.3.105*,2,253,1,174,1,79
44:3D:54:BE:12:3C,ALL,udp:1640,192.168.3.1*,2,253,1,79,1,174
44:3D:54:BE:12:3C,ALL,udp:1640,192.168.3.105*,2,253,1,174,1,79
44:3D:54:BE:12:3C,ALL,udp:16780,192.168.3.1*,2,368,1,120,1,248
44:3D:54:BE:12:3C,ALL,udp:16780,192.168.3.105*,2,368,1,248,1,120
44:3D:54:BE:12:3C,ALL,udp:13447,192.168.3.1*,2,242,1,89,1,153
44:3D:54:BE:12:3C,ALL,udp:13447,192.168.3.105*,2,242,1,153,1,89
44:3D:54:BE:12:3C,ALL,udp:40001,192.168.3.1*,2,242,1,89,1,153
44:3D:54:BE:12:3C,ALL,udp:40001,192.168.3.105*,2,242,1,153,1,89
44:3D:54:BE:12:3C,ALL,udp:22250,192.168.3.1*,2,253,1,79,1,174
44:3D:54:BE:12:3C,ALL,udp:22250,192.168.3.105*,2,253,1,174,1,79
44:3D:54:BE:12:3C,ALL,udp:54261,192.168.3.1*,2,242,1,89,1,153
44:3D:54:BE:12:3C,ALL,udp:54261,192.168.3.105*,2,242,1,153,1,89
44:3D:54:BE:12:3C,ALL,udp:60424,192.168.3.1*,2,170,1,77,1,93
44:3D:54:BE:12:3C,ALL,udp:60424,192.168.3.105*,2,170,1,93,1,77
44:3D:54:BE:12:3C,ALL,udp:43915,192.168.3.1*,2,253,1,79,1,174
44:3D:54:BE:12:3C,ALL,udp:43915,192.168.3.105*,2,253,1,174,1,79
44:3D:54:BE:12:3C,ALL,udp:46522,192.168.3.1*,2,164,1,74,1,90
44:3D:54:BE:12:3C,ALL,udp:46522,192.168.3.105*,2,164,1,90,1,74
44:3D:54:BE:12:3C,ALL,udp:15722,192.168.3.1*,2,228,1,90,1,138
44:3D:54:BE:12:3C,ALL,udp:15722,192.168.3.105*,2,228,1,138,1,90
44:3D:54:BE:12:3C,ALL,udp:29935,192.168.3.1*,2,242,1,89,1,153
44:3D:54:BE:12:3C,ALL,udp:29935,192.168.3.105*,2,242,1,153,1,89
44:3D:54:BE:12:3C,ALL,udp:45379,192.168.3.1*,2,210,1,86,1,124
44:3D:54:BE:12:3C,ALL,udp:45379,192.168.3.105*,2,210,1,124,1,86
44:3D:54:BE:12:3C,ALL,udp:42866,192.168.3.1*,2,242,1,89,1,153
44:3D:54:BE:12:3C,ALL,udp:42866,192.168.3.105*,2,242,1,153,1,89
44:3D:54:BE:12:3C,ALL,udp:10482,192.168.3.1*,2,242,1,89,1,153
44:3D:54:BE:12:3C,ALL,udp:10482,192.168.3.105*,2,242,1,153,1,89
44:3D:54:BE:12:3C,ALL,udp:19814,192.168.3.1*,2,170,1,77,1,93
44:3D:54:BE:12:3C,ALL,udp:19814,192.168.3.105*,2,170,1,93,1,77
44:3D:54:BE:12:3C,ALL,udp:40308,192.168.3.1*,2,368,1,120,1,248
44:3D:54:BE:12:3C,ALL,udp:40308,192.168.3.105*,2,368,1,248,1,120
44:3D:54:BE:12:3C,ALL,udp:34222,192.168.3.1*,2,253,1,79,1,174
44:3D:54:BE:12:3C,ALL,udp:34222,192.168.3.105*,2,253,1,174,1,79
44:3D:54:BE:12:3C,ALL,udp:59997,192.168.3.1*,2,242,1,89,1,153
44:3D:54:BE:12:3C,ALL,udp:59997,192.168.3.105*,2,242,1,153,1,89
44:3D:54:BE:12:3C,ALL,udp:3561,192.168.3.1*,2,253,1,79,1,174
44:3D:54:BE:12:3C,ALL,udp:3561,192.168.3.105*,2,253,1,174,1,79
44:3D:54:BE:12:3C,ALL,udp:10603,192.168.3.1*,2,242,1,89,1,153
44:3D:54:BE:12:3C,ALL,udp:10603,192.168.3.105*,2,242,1,153,1,89
44:3D:54:BE:12:3C,ALL,udp:53638,192.168.3.1*,2,253,1,79,1,174
44:3D:54:BE:12:3C,ALL,udp:53638,192.168.3.105*,2,253,1,174,1,79
44:3D:54:BE:12:3C,ALL,udp:11709,192.168.3.1*,2,242,1,89,1,153
44:3D:54:BE:12:3C,ALL,udp:11709,192.168.3.105*,2,242,1,153,1,89
44:3D:54:BE:12:3C,ALL,udp:18681,192.168.3.1*,2,170,1,77,1,93
44:3D:54:BE:12:3C,ALL,udp:18681,192.168.3.105*,2,170,1,93,1,77
44:3D:54:BE:12:3C,ALL,udp:31194,192.168.3.1*,2,253,1,79,1,174
44:3D:54:BE:12:3C,ALL,udp:31194,192.168.3.105*,2,253,1,174,1,79
44:3D:54:BE:12:3C,ALL,udp:8651,192.168.3.1*,2,228,1,90,1,138
44:3D:54:BE:12:3C,ALL,udp:8651,192.168.3.105*,2,228,1,138,1,90
44:3D:54:BE:12:3C,ALL,udp:43299,192.168.3.1*,2,242,1,89,1,153
44:3D:54:BE:12:3C,ALL,udp:43299,192.168.3.105*,2,242,1,153,1,89
44:3D:54:BE:12:3C,ALL,udp:63933,192.168.3.1*,2,253,1,79,1,174
44:3D:54:BE:12:3C,ALL,udp:63933,192.168.3.105*,2,253,1,174,1,79
44:3D:54:BE:12:3C,ALL,udp:13814,192.168.3.1*,2,253,1,79,1,174
44:3D:54:BE:12:3C,ALL,udp:13814,192.168.3.105*,2,253,1,174,1,79
44:3D:54:BE:12:3C,ALL,udp:14766,192.168.3.1*,2,242,1,89,1,153
44:3D:54:BE:12:3C,ALL,udp:14766,192.168.3.105*,2,242,1,153,1,89
44:3D:54:BE:12:3C,ALL,udp:60266,192.168.3.1*,2,242,1,89,1,153
44:3D:54:BE:12:3C,ALL,udp:60266,192.168.3.105*,2,242,1,153,1,89
44:3D:54:BE:12:3C,ALL,udp:34466,192.168.3.1*,2,170,1,77,1,93
44:3D:54:BE:12:3C,ALL,udp:34466,192.168.3.105*,2,170,1,93,1,77
44:3D:54:BE:12:3C,ALL,udp:16894,192.168.3.1*,2,253,1,79,1,174
44:3D:54:BE:12:3C,ALL,udp:16894,192.168.3.105*,2,253,1,174,1,79
44:3D:54:BE:12:3C,ALL,udp:30199,192.168.3.1*,2,368,1,120,1,248
44:3D:54:BE:12:3C,ALL,udp:30199,192.168.3.105*,2,368,1,248,1,120
44:3D:54:BE:12:3C,ALL,udp:17819,192.168.3.1*,2,253,1,79,1,174
44:3D:54:BE:12:3C,ALL,udp:17819,192.168.3.105*,2,253,1,174,1,79
44:3D:54:BE:12:3C,ALL,udp:23909,192.168.3.1*,2,242,1,89,1,153
44:3D:54:BE:12:3C,ALL,udp:23909,192.168.3.105*,2,242,1,153,1,89
44:3D:54:BE:12:3C,ALL,udp:27052,192.168.3.1*,2,164,1,74,1,90
44:3D:54:BE:12:3C,ALL,udp:27052,192.168.3.105*,2,164,1,90,1,74
44:3D:54:BE:12:3C,ALL,udp:55329,192.168.3.1*,2,242,1,89,1,153
44:3D:54:BE:12:3C,ALL,udp:55329,192.168.3.105*,2,242,1,153,1,89
44:3D:54:BE:12:3C,ALL,udp:19386,192.168.3.1*,2,170,1,77,1,93
44:3D:54:BE:12:3C,ALL,udp:19386,192.168.3.105*,2,170,1,93,1,77
44:3D:54:BE:12:3C,ALL,udp:12143,192.168.3.1*,2,228,1,90,1,138
44:3D:54:BE:12:3C,ALL,udp:12143,192.168.3.105*,2,228,1,138,1,90
44:3D:54:BE:12:3C,ALL,udp:15372,192.168.3.1*,2,253,1,79,1,174
44:3D:54:BE:12:3C,ALL,udp:15372,192.168.3.105*,2,253,1,174,1,79
44:3D:54:BE:12:3C,ALL,udp:48390,192.168.3.1*,2,242,1,89,1,153
44:3D:54:BE:12:3C,ALL,udp:48390,192.168.3.105*,2,242,1,153,1,89
44:3D:54:BE:12:3C,ALL,udp:20503,192.168.3.1*,2,253,1,79,1,174
44:3D:54:BE:12:3C,ALL,udp:20503,192.168.3.105*,2,253,1,174,1,79
44:3D:54:BE:12:3C,ALL,udp:58968,192.168.3.1*,2,242,1,89,1,153
44:3D:54:BE:12:3C,ALL,udp:58968,192.168.3.105*,2,242,1,153,1,89
44:3D:54:BE:12:3C,ALL,udp:65185,192.168.3.1*,2,170,1,77,1,93
44:3D:54:BE:12:3C,ALL,udp:65185,192.168.3.105*,2,170,1,93,1,77
44:3D:54:BE:12:3C,ALL,udp:25403,192.168.3.1*,2,368,1,120,1,248
44:3D:54:BE:12:3C,ALL,udp:25403,192.168.3.105*,2,368,1,248,1,120
44:3D:54:BE:12:3C,ALL,udp:32194,192.168.3.1*,2,253,1,79,1,174
44:3D:54:BE:12:3C,ALL,udp:32194,192.168.3.105*,2,253,1,174,1,79
44:3D:54:BE:12:3C,ALL,udp:3833,192.168.3.1*,2,242,1,89,1,153
44:3D:54:BE:12:3C,ALL,udp:3833,192.168.3.105*,2,242,1,153,1,89
44:3D:54:BE:12:3C,ALL,udp:56808,192.168.3.1*,2,242,1,89,1,153
44:3D:54:BE:12:3C,ALL,udp:56808,192.168.3.105*,2,242,1,153,1,89
44:3D:54:BE:12:3C,ALL,udp:21074,192.168.3.1*,2,253,1,79,1,174
44:3D:54:BE:12:3C,ALL,udp:21074,192.168.3.105*,2,253,1,174,1,79
44:3D:54:BE:12:3C,ALL,udp:3373,192.168.3.1*,2,253,1,79,1,174
44:3D:54:BE:12:3C,ALL,udp:3373,192.168.3.105*,2,253,1,174,1,79
44:3D:54:BE:12:3C,ALL,udp:18429,192.168.3.1*,2,242,1,89,1,153
44:3D:54:BE:12:3C,ALL,udp:18429,192.168.3.105*,2,242,1,153,1,89
44:3D:54:BE:12:3C,ALL,udp:6850,192.168.3.1*,2,228,1,90,1,138
44:3D:54:BE:12:3C,ALL,udp:6850,192.168.3.105*,2,228,1,138,1,90
44:3D:54:BE:12:3C,ALL,udp:38244,192.168.3.1*,2,253,1,79,1,174
44:3D:54:BE:12:3C,ALL,udp:38244,192.168.3.105*,2,253,1,174,1,79
44:3D:54:BE:12:3C,ALL,udp:35236,192.168.3.1*,2,242,1,89,1,153
44:3D:54:BE:12:3C,ALL,udp:35236,192.168.3.105*,2,242,1,153,1,89
44:3D:54:BE:12:3C,ALL,udp:46789,192.168.3.1*,2,253,1,79,1,174
44:3D:54:BE:12:3C,ALL,udp:46789,192.168.3.105*,2,253,1,174,1,79
44:3D:54:BE:12:3C,ALL,udp:60018,192.168.3.1*,2,253,1,79,1,174
44:3D:54:BE:12:3C,ALL,udp:60018,192.168.3.105*,2,253,1,174,1,79
44:3D:54:BE:12:3C,ALL,udp:10576,192.168.3.1*,2,242,1,89,1,153
44:3D:54:BE:12:3C,ALL,udp:10576,192.168.3.105*,2,242,1,153,1,89
44:3D:54:BE:12:3C,ALL,udp:25826,192.168.3.1*,2,253,1,79,1,174
44:3D:54:BE:12:3C,ALL,udp:25826,192.168.3.105*,2,253,1,174,1,79
44:3D:54:BE:12:3C,ALL,udp:51509,192.168.3.1*,2,242,1,89,1,153
44:3D:54:BE:12:3C,ALL,udp:51509,192.168.3.105*,2,242,1,153,1,89
44:3D:54:BE:12:3C,ALL,udp:57428,192.168.3.1*,2,170,1,77,1,93
44:3D:54:BE:12:3C,ALL,udp:57428,192.168.3.105*,2,170,1,93,1,77
44:3D:54:BE:12:3C,ALL,udp:7184,192.168.3.1*,2,368,1,120,1,248
44:3D:54:BE:12:3C,ALL,udp:7184,192.168.3.105*,2,368,1,248,1,120
44:3D:54:BE:12:3C,ALL,udp:8284,192.168.3.1*,2,164,1,74,1,90
44:3D:54:BE:12:3C,ALL,udp:8284,192.168.3.105*,2,164,1,90,1,74
44:3D:54:BE:12:3C,ALL,udp:10955,192.168.3.1*,2,253,1,79,1,174
44:3D:54:BE:12:3C,ALL,udp:10955,192.168.3.105*,2,253,1,174,1,79
44:3D:54:BE:12:3C,ALL,udp:1151,192.168.3.1*,2,242,1,89,1,153
44:3D:54:BE:12:3C,ALL,udp:1151,192.168.3.105*,2,242,1,153,1,89
44:3D:54:BE:12:3C,ALL,udp:20674,192.168.3.1*,2,253,1,79,1,174
44:3D:54:BE:12:3C,ALL,udp:20674,192.168.3.105*,2,253,1,174,1,79
44:3D:54:BE:12:3C,ALL,udp:60449,192.168.3.1*,2,242,1,89,1,153
44:3D:54:BE:12:3C,ALL,udp:60449,192.168.3.105*,2,242,1,153,1,89
44:3D:54:BE:12:3C,ALL,udp:16880,192.168.3.1*,2,228,1,90,1,138
44:3D:54:BE:12:3C,ALL,udp:16880,192.168.3.105*,2,228,1,138,1,90
44:3D:54:BE:12:3C,ALL,udp:11772,192.168.3.1*,2,170,1,77,1,93
44:3D:54:BE:12:3C,ALL,udp:11772,192.168.3.105*,2,170,1,93,1,77
44:3D:54:BE:12:3C,ALL,udp:53473,192.168.3.1*,2,242,1,89,1,153
44:3D:54:BE:12:3C,ALL,udp:53473,192.168.3.105*,2,242,1,153,1,89
44:3D:54:BE:12:3C,ALL,udp:38148,192.168.3.1*,2,253,1,79,1,174
44:3D:54:BE:12:3C,ALL,udp:38148,192.168.3.105*,2,253,1,174,1,79
44:3D:54:BE:12:3C,ALL,udp:20836,192.168.3.1*,2,242,1,89,1,153
44:3D:54:BE:12:3C,ALL,udp:20836,192.168.3.105*,2,242,1,153,1,89
44:3D:54:BE:12:3C,ALL,udp:25703,192.168.3.1*,2,253,1,79,1,174
44:3D:54:BE:12:3C,ALL,udp:25703,192.168.3.105*,2,253,1,174,1,79
44:3D:54:BE:12:3C,ALL,udp:63165,192.168.3.1*,2,253,1,79,1,174
44:3D:54:BE:12:3C,ALL,udp:63165,192.168.3.105*,2,253,1,174,1,79
44:3D:54:BE:12:3C,ALL,udp:49748,192.168.3.1*,2,242,1,89,1,153
44:3D:54:BE:12:3C,ALL,udp:49748,192.168.3.105*,2,242,1,153,1,89
44:3D:54:BE:12:3C,ALL,udp:62894,192.168.3.1*,2,170,1,77,1,93
44:3D:54:BE:12:3C,ALL,udp:62894,192.168.3.105*,2,170,1,93,1,77
44:3D:54:BE:12:3C,ALL,udp:45233,192.168.3.1*,2,253,1,79,1,174
44:3D:54:BE:12:3C,ALL,udp:45233,192.168.3.105*,2,253,1,174,1,79
44:3D:54:BE:12:3C,ALL,udp:12446,192.168.3.1*,2,253,1,79,1,174
44:3D:54:BE:12:3C,ALL,udp:12446,192.168.3.105*,2,253,1,174,1,79
44:3D:54:BE:12:3C,ALL,udp:21957,192.168.3.1*,2,368,1,120,1,248
44:3D:54:BE:12:3C,ALL,udp:21957,192.168.3.105*,2,368,1,248,1,120
44:3D:54:BE:12:3C,ALL,udp:17547,192.168.3.1*,2,253,1,79,1,174
44:3D:54:BE:12:3C,ALL,udp:17547,192.168.3.105*,2,253,1,174,1,79
44:3D:54:BE:12:3C,ALL,udp:5406,192.168.3.1*,2,242,1,89,1,153
44:3D:54:BE:12:3C,ALL,udp:5406,192.168.3.105*,2,242,1,153,1,89
44:3D:54:BE:12:3C,ALL,udp:42963,192.168.3.1*,2,253,1,79,1,174
44:3D:54:BE:12:3C,ALL,udp:42963,192.168.3.105*,2,253,1,174,1,79
44:3D:54:BE:12:3C,ALL,udp:21973,192.168.3.1*,2,253,1,79,1,174
44:3D:54:BE:12:3C,ALL,udp:21973,192.168.3.105*,2,253,1,174,1,79
44:3D:54:BE:12:3C,ALL,udp:21664,192.168.3.1*,2,228,1,90,1,138
44:3D:54:BE:12:3C,ALL,udp:21664,192.168.3.105*,2,228,1,138,1,90
44:3D:54:BE:12:3C,ALL,udp:27501,192.168.3.1*,2,242,1,89,1,153
44:3D:54:BE:12:3C,ALL,udp:27501,192.168.3.105*,2,242,1,153,1,89
44:3D:54:BE:12:3C,ALL,udp:9817,192.168.3.1*,2,170,1,77,1,93
44:3D:54:BE:12:3C,ALL,udp:9817,192.168.3.105*,2,170,1,93,1,77
44:3D:54:BE:12:3C,ALL,udp:41672,192.168.3.1*,2,253,1,79,1,174
44:3D:54:BE:12:3C,ALL,udp:41672,192.168.3.105*,2,253,1,174,1,79
44:3D:54:BE:12:3C,ALL,udp:65334,192.168.3.1*,2,253,1,79,1,174
44:3D:54:BE:12:3C,ALL,udp:65334,192.168.3.105*,2,253,1,174,1,79
44:3D:54:BE:12:3C,ALL,udp:43632,192.168.3.1*,2,253,1,79,1,174
44:3D:54:BE:12:3C,ALL,udp:43632,192.168.3.105*,2,253,1,174,1,79
44:3D:54:BE:12:3C,ALL,udp:32799,192.168.3.1*,2,242,1,89,1,153
44:3D:54:BE:12:3C,ALL,udp:32799,192.168.3.105*,2,242,1,153,1,89
44:3D:54:BE:12:3C,ALL,udp:63225,192.168.3.1*,2,242,1,89,1,153
44:3D:54:BE:12:3C,ALL,udp:63225,192.168.3.105*,2,242,1,153,1,89
44:3D:54:BE:12:3C,ALL,udp:38531,192.168.3.1*,2,253,1,79,1,174
44:3D:54:BE:12:3C,ALL,udp:38531,192.168.3.105*,2,253,1,174,1,79
44:3D:54:BE:12:3C,ALL,udp:12073,192.168.3.1*,2,242,1,89,1,153
44:3D:54:BE:12:3C,ALL,udp:12073,192.168.3.105*,2,242,1,153,1,89
44:3D:54:BE:12:3C,ALL,udp:33565,192.168.3.1*,2,170,1,77,1,93
44:3D:54:BE:12:3C,ALL,udp:33565,192.168.3.105*,2,170,1,93,1,77
44:3D:54:BE:12:3C,ALL,udp:4438,192.168.3.1*,2,253,1,79,1,174
44:3D:54:BE:12:3C,ALL,udp:4438,192.168.3.105*,2,253,1,174,1,79
44:3D:54:BE:12:3C,ALL,udp:32911,192.168.3.1*,2,164,1,74,1,90
44:3D:54:BE:12:3C,ALL,udp:32911,192.168.3.105*,2,164,1,90,1,74
44:3D:54:BE:12:3C,ALL,udp:27060,192.168.3.1*,2,253,1,79,1,174
44:3D:54:BE:12:3C,ALL,udp:27060,192.168.3.105*,2,253,1,174,1,79
44:3D:54:BE:12:3C,ALL,udp:35975,192.168.3.1*,2,288,1,120,1,168
44:3D:54:BE:12:3C,ALL,udp:35975,192.168.3.105*,2,288,1,168,1,120
44:3D:54:BE:12:3C,ALL,udp:61687,192.168.3.1*,2,253,1,79,1,174
44:3D:54:BE:12:3C,ALL,udp:61687,192.168.3.105*,2,253,1,174,1,79
44:3D:54:BE:12:3C,ALL,udp:40631,192.168.3.1*,2,164,1,74,1,90
44:3D:54:BE:12:3C,ALL,udp:40631,192.168.3.105*,2,164,1,90,1,74
44:3D:54:BE:12:3C,ALL,udp:59571,192.168.3.1*,2,242,1,89,1,153
44:3D:54:BE:12:3C,ALL,udp:59571,192.168.3.105*,2,242,1,153,1,89
44:3D:54:BE:12:3C,ALL,udp:15126,192.168.3.1*,2,242,1,89,1,153
44:3D:54:BE:12:3C,ALL,udp:15126,192.168.3.105*,2,242,1,153,1,89
44:3D:54:BE:12:3C,ALL,udp:27121,192.168.3.1*,2,228,1,90,1,138
44:3D:54:BE:12:3C,ALL,udp:27121,192.168.3.105*,2,228,1,138,1,90
44:3D:54:BE:12:3C,ALL,udp:65492,192.168.3.1*,2,242,1,89,1,153
44:3D:54:BE:12:3C,ALL,udp:65492,192.168.3.105*,2,242,1,153,1,89
44:3D:54:BE:12:3C,ALL,udp:41181,192.168.3.1*,2,253,1,79,1,174
44:3D:54:BE:12:3C,ALL,udp:41181,192.168.3.105*,2,253,1,174,1,79
44:3D:54:BE:12:3C,ALL,udp:65432,192.168.3.1*,2,170,1,77,1,93
44:3D:54:BE:12:3C,ALL,udp:65432,192.168.3.105*,2,170,1,93,1,77
44:3D:54:BE:12:3C,ALL,udp:64957,192.168.3.1*,2,253,1,79,1,174
44:3D:54:BE:12:3C,ALL,udp:64957,192.168.3.105*,2,253,1,174,1,79
44:3D:54:BE:12:3C,ALL,udp:28503,192.168.3.1*,2,253,1,79,1,174
44:3D:54:BE:12:3C,ALL,udp:28503,192.168.3.105*,2,253,1,174,1,79
44:3D:54:BE:12:3C,ALL,udp:11544,192.168.3.1*,2,242,1,89,1,153
44:3D:54:BE:12:3C,ALL,udp:11544,192.168.3.105*,2,242,1,153,1,89
44:3D:54:BE:12:3C,ALL,udp:41318,192.168.3.1*,2,253,1,79,1,174
44:3D:54:BE:12:3C,ALL,udp:41318,192.168.3.105*,2,253,1,174,1,79
44:3D:54:BE:12:3C,ALL,udp:3677,192.168.3.1*,2,242,1,89,1,153
44:3D:54:BE:12:3C,ALL,udp:3677,192.168.3.105*,2,242,1,153,1,89
44:3D:54:BE:12:3C,ALL,udp:8576,192.168.3.1*,2,170,1,77,1,93
44:3D:54:BE:12:3C,ALL,udp:8576,192.168.3.105*,2,170,1,93,1,77
44:3D:54:BE:12:3C,ALL,udp:58111,192.168.3.1*,2,253,1,79,1,174
44:3D:54:BE:12:3C,ALL,udp:58111,192.168.3.105*,2,253,1,174,1,79
44:3D:54:BE:12:3C,ALL,udp:36797,192.168.3.1*,2,368,1,120,1,248
44:3D:54:BE:12:3C,ALL,udp:36797,192.168.3.105*,2,368,1,248,1,120
44:3D:54:BE:12:3C,ALL,udp:41735,192.168.3.1*,2,253,1,79,1,174
44:3D:54:BE:12:3C,ALL,udp:41735,192.168.3.105*,2,253,1,174,1,79
44:3D:54:BE:12:3C,ALL,udp:36934,192.168.3.1*,2,242,1,89,1,153
44:3D:54:BE:12:3C,ALL,udp:36934,192.168.3.105*,2,242,1,153,1,89
44:3D:54:BE:12:3C,ALL,udp:4479,192.168.3.1*,2,253,1,79,1,174
44:3D:54:BE:12:3C,ALL,udp:4479,192.168.3.105*,2,253,1,174,1,79
44:3D:54:BE:12:3C,ALL,udp:22322,192.168.3.1*,2,242,1,89,1,153
44:3D:54:BE:12:3C,ALL,udp:22322,192.168.3.105*,2,242,1,153,1,89
44:3D:54:BE:12:3C,ALL,udp:56025,192.168.3.1*,2,228,1,90,1,138
44:3D:54:BE:12:3C,ALL,udp:56025,192.168.3.105*,2,228,1,138,1,90
44:3D:54:BE:12:3C,ALL,udp:55531,192.168.3.1*,2,253,1,79,1,174
44:3D:54:BE:12:3C,ALL,udp:55531,192.168.3.105*,2,253,1,174,1,79
44:3D:54:BE:12:3C,ALL,udp:11122,192.168.3.1*,2,253,1,79,1,174
44:3D:54:BE:12:3C,ALL,udp:11122,192.168.3.105*,2,253,1,174,1,79
44:3D:54:BE:12:3C,ALL,udp:30138,192.168.3.1*,2,242,1,89,1,153
44:3D:54:BE:12:3C,ALL,udp:30138,192.168.3.105*,2,242,1,153,1,89
44:3D:54:BE:12:3C,ALL,udp:2838,192.168.3.1*,2,170,1,77,1,93
44:3D:54:BE:12:3C,ALL,udp:2838,192.168.3.105*,2,170,1,93,1,77
44:3D:54:BE:12:3C,ALL,udp:61382,192.168.3.1*,2,242,1,89,1,153
44:3D:54:BE:12:3C,ALL,udp:61382,192.168.3.105*,2,242,1,153,1,89
44:3D:54:BE:12:3C,ALL,udp:22068,192.168.3.1*,2,253,1,79,1,174
44:3D:54:BE:12:3C,ALL,udp:22068,192.168.3.105*,2,253,1,174,1,79
44:3D:54:BE:12:3C,ALL,udp:13278,192.168.3.1*,2,242,1,89,1,153
44:3D:54:BE:12:3C,ALL,udp:13278,192.168.3.105*,2,242,1,153,1,89
44:3D:54:BE:12:3C,ALL,udp:30787,192.168.3.1*,2,242,1,89,1,153
44:3D:54:BE:12:3C,ALL,udp:30787,192.168.3.105*,2,242,1,153,1,89
44:3D:54:BE:12:3C,ALL,udp:30613,192.168.3.1*,2,253,1,79,1,174
44:3D:54:BE:12:3C,ALL,udp:30613,192.168.3.105*,2,253,1,174,1,79
44:3D:54:BE:12:3C,ALL,udp:1856,192.168.3.1*,2,253,1,79,1,174
44:3D:54:BE:12:3C,ALL,udp:1856,192.168.3.105*,2,253,1,174,1,79
44:3D:54:BE:12:3C,ALL,udp:57112,192.168.3.1*,2,242,1,89,1,153
44:3D:54:BE:12:3C,ALL,udp:57112,192.168.3.105*,2,242,1,153,1,89
44:3D:54:BE:12:3C,ALL,udp:50289,192.168.3.1*,2,170,1,77,1,93
44:3D:54:BE:12:3C,ALL,udp:50289,192.168.3.105*,2,170,1,93,1,77
44:3D:54:BE:12:3C,ALL,udp:49900,192.168.3.1*,2,164,1,74,1,90
44:3D:54:BE:12:3C,ALL,udp:49900,192.168.3.105*,2,164,1,90,1,74
44:3D:54:BE:12:3C,ALL,udp:7932,192.168.3.1*,2,368,1,120,1,248
44:3D:54:BE:12:3C,ALL,udp:7932,192.168.3.105*,2,368,1,248,1,120
44:3D:54:BE:12:3C,ALL,udp:5810,192.168.3.1*,2,253,1,79,1,174
44:3D:54:BE:12:3C,ALL,udp:5810,192.168.3.105*,2,253,1,174,1,79
44:3D:54:BE:12:3C,ALL,udp:10336,192.168.3.1*,2,242,1,89,1,153
44:3D:54:BE:12:3C,ALL,udp:10336,192.168.3.105*,2,242,1,153,1,89
44:3D:54:BE:12:3C,ALL,udp:1838,192.168.3.1*,2,253,1,79,1,174
44:3D:54:BE:12:3C,ALL,udp:1838,192.168.3.105*,2,253,1,174,1,79
44:3D:54:BE:12:3C,ALL,udp:39118,192.168.3.1*,2,242,1,89,1,153
44:3D:54:BE:12:3C,ALL,udp:39118,192.168.3.105*,2,242,1,153,1,89
44:3D:54:BE:12:3C,ALL,udp:37255,192.168.3.1*,2,228,1,90,1,138
44:3D:54:BE:12:3C,ALL,udp:37255,192.168.3.105*,2,228,1,138,1,90
44:3D:54:BE:12:3C,ALL,udp:6148,192.168.3.1*,2,253,1,79,1,174
44:3D:54:BE:12:3C,ALL,udp:6148,192.168.3.105*,2,253,1,174,1,79
44:3D:54:BE:12:3C,ALL,udp:21571,192.168.3.1*,2,242,1,89,1,153
44:3D:54:BE:12:3C,ALL,udp:21571,192.168.3.105*,2,242,1,153,1,89
44:3D:54:BE:12:3C,ALL,udp:28080,192.168.3.1*,2,170,1,77,1,93
44:3D:54:BE:12:3C,ALL,udp:28080,192.168.3.105*,2,170,1,93,1,77
44:3D:54:BE:12:3C,ALL,udp:47221,192.168.3.1*,2,253,1,79,1,174
44:3D:54:BE:12:3C,ALL,udp:47221,192.168.3.105*,2,253,1,174,1,79
44:3D:54:BE:12:3C,ALL,udp:43997,192.168.3.1*,2,253,1,79,1,174
44:3D:54:BE:12:3C,ALL,udp:43997,192.168.3.105*,2,253,1,174,1,79
44:3D:54:BE:12:3C,ALL,udp:9055,192.168.3.1*,2,242,1,89,1,153
44:3D:54:BE:12:3C,ALL,udp:9055,192.168.3.105*,2,242,1,153,1,89
44:3D:54:BE:12:3C,ALL,udp:35713,192.168.3.1*,2,253,1,79,1,174
44:3D:54:BE:12:3C,ALL,udp:35713,192.168.3.105*,2,253,1,174,1,79
44:3D:54:BE:12:3C,ALL,udp:47430,192.168.3.1*,2,242,1,89,1,153
44:3D:54:BE:12:3C,ALL,udp:47430,192.168.3.105*,2,242,1,153,1,89
44:3D:54:BE:12:3C,ALL,udp:14551,192.168.3.1*,2,242,1,89,1,153
44:3D:54:BE:12:3C,ALL,udp:14551,192.168.3.105*,2,242,1,153,1,89
44:3D:54:BE:12:3C,ALL,udp:14595,192.168.3.1*,2,170,1,77,1,93
44:3D:54:BE:12:3C,ALL,udp:14595,192.168.3.105*,2,170,1,93,1,77
44:3D:54:BE:12:3C,ALL,udp:7909,192.168.3.1*,2,253,1,79,1,174
44:3D:54:BE:12:3C,ALL,udp:7909,192.168.3.105*,2,253,1,174,1,79
44:3D:54:BE:12:3C,ALL,udp:40844,192.168.3.1*,2,368,1,120,1,248
44:3D:54:BE:12:3C,ALL,udp:40844,192.168.3.105*,2,368,1,248,1,120
44:3D:54:BE:12:3C,ALL,udp:47298,192.168.3.1*,2,253,1,79,1,174
44:3D:54:BE:12:3C,ALL,udp:47298,192.168.3.105*,2,253,1,174,1,79
44:3D:54:BE:12:3C,ALL,udp:55401,192.168.3.1*,2,242,1,89,1,153
44:3D:54:BE:12:3C,ALL,udp:55401,192.168.3.105*,2,242,1,153,1,89
44:3D:54:BE:12:3C,ALL,udp:62245,192.168.3.1*,2,253,1,79,1,174
44:3D:54:BE:12:3C,ALL,udp:62245,192.168.3.105*,2,253,1,174,1,79
44:3D:54:BE:12:3C,ALL,udp:29400,192.168.3.1*,2,253,1,79,1,174
44:3D:54:BE:12:3C,ALL,udp:29400,192.168.3.105*,2,253,1,174,1,79
44:3D:54:BE:12:3C,ALL,udp:6072,192.168.3.1*,2,253,1,79,1,174
44:3D:54:BE:12:3C,ALL,udp:6072,192.168.3.105*,2,253,1,174,1,79
44:3D:54:BE:12:3C,ALL,udp:17045,192.168.3.1*,2,228,1,90,1,138
44:3D:54:BE:12:3C,ALL,udp:17045,192.168.3.105*,2,228,1,138,1,90
44:3D:54:BE:12:3C,ALL,udp:29664,192.168.3.1*,2,242,1,89,1,153
44:3D:54:BE:12:3C,ALL,udp:29664,192.168.3.105*,2,242,1,153,1,89
44:3D:54:BE:12:3C,ALL,udp:36995,192.168.3.1*,2,253,1,79,1,174
44:3D:54:BE:12:3C,ALL,udp:36995,192.168.3.105*,2,253,1,174,1,79
44:3D:54:BE:12:3C,ALL,udp:50725,192.168.3.1*,2,242,1,89,1,153
44:3D:54:BE:12:3C,ALL,udp:50725,192.168.3.105*,2,242,1,153,1,89
44:3D:54:BE:12:3C,ALL,udp:9636,192.168.3.1*,2,242,1,89,1,153
44:3D:54:BE:12:3C,ALL,udp:9636,192.168.3.105*,2,242,1,153,1,89
44:3D:54:BE:12:3C,ALL,udp:60982,192.168.3.1*,2,253,1,79,1,174
44:3D:54:BE:12:3C,ALL,udp:60982,192.168.3.105*,2,253,1,174,1,79
44:3D:54:BE:12:3C,ALL,udp:37863,192.168.3.1*,2,242,1,89,1,153
44:3D:54:BE:12:3C,ALL,udp:37863,192.168.3.105*,2,242,1,153,1,89
44:3D:54:BE:12:3C,ALL,udp:12036,192.168.3.1*,2,164,1,74,1,90
44:3D:54:BE:12:3C,ALL,udp:12036,192.168.3.105*,2,164,1,90,1,74
44:3D:54:BE:12:3C,ALL,udp:7717,192.168.3.1*,2,242,1,89,1,153
44:3D:54:BE:12:3C,ALL,udp:7717,192.168.3.105*,2,242,1,153,1,89
44:3D:54:BE:12:3C,ALL,udp:28348,192.168.3.1*,2,170,1,77,1,93
44:3D:54:BE:12:3C,ALL,udp:28348,192.168.3.105*,2,170,1,93,1,77
44:3D:54:BE:12:3C,ALL,udp:44160,192.168.3.1*,2,253,1,79,1,174
44:3D:54:BE:12:3C,ALL,udp:44160,192.168.3.105*,2,253,1,174,1,79
44:3D:54:BE:12:3C,ALL,udp:48046,192.168.3.1*,2,368,1,120,1,248
44:3D:54:BE:12:3C,ALL,udp:48046,192.168.3.105*,2,368,1,248,1,120
44:3D:54:BE:12:3C,ALL,udp:36815,192.168.3.1*,2,242,1,89,1,153
44:3D:54:BE:12:3C,ALL,udp:36815,192.168.3.105*,2,242,1,153,1,89
44:3D:54:BE:12:3C,ALL,udp:27692,192.168.3.1*,2,253,1,79,1,174
44:3D:54:BE:12:3C,ALL,udp:27692,192.168.3.105*,2,253,1,174,1,79
44:3D:54:BE:12:3C,ALL,udp:20893,192.168.3.1*,2,228,1,90,1,138
44:3D:54:BE:12:3C,ALL,udp:20893,192.168.3.105*,2,228,1,138,1,90
44:3D:54:BE:12:3C,ALL,udp:2198,192.168.3.1*,2,242,1,89,1,153
44:3D:54:BE:12:3C,ALL,udp:2198,192.168.3.105*,2,242,1,153,1,89
44:3D:54:BE:12:3C,ALL,udp:54381,192.168.3.1*,2,253,1,79,1,174
44:3D:54:BE:12:3C,ALL,udp:54381,192.168.3.105*,2,253,1,174,1,79
44:3D:54:BE:12:3C,ALL,udp:60089,192.168.3.1*,2,253,1,79,1,174
44:3D:54:BE:12:3C,ALL,udp:60089,192.168.3.105*,2,253,1,174,1,79
44:3D:54:BE:12:3C,ALL,udp:56027,192.168.3.1*,2,242,1,89,1,153
44:3D:54:BE:12:3C,ALL,udp:56027,192.168.3.105*,2,242,1,153,1,89
44:3D:54:BE:12:3C,ALL,udp:4077,192.168.3.1*,2,170,1,77,1,93
44:3D:54:BE:12:3C,ALL,udp:4077,192.168.3.105*,2,170,1,93,1,77
44:3D:54:BE:12:3C,ALL,udp:1061,192.168.3.1*,2,242,1,89,1,153
44:3D:54:BE:12:3C,ALL,udp:1061,192.168.3.105*,2,242,1,153,1,89
44:3D:54:BE:12:3C,ALL,udp:55402,192.168.3.1*,2,196,1,90,1,106
44:3D:54:BE:12:3C,ALL,udp:55402,192.168.3.105*,2,196,1,106,1,90
44:3D:54:BE:12:3C,ALL,udp:19085,192.168.3.1*,2,253,1,79,1,174
44:3D:54:BE:12:3C,ALL,udp:19085,192.168.3.105*,2,253,1,174,1,79
44:3D:54:BE:12:3C,ALL,udp:20469,192.168.3.1*,2,253,1,79,1,174
44:3D:54:BE:12:3C,ALL,udp:20469,192.168.3.105*,2,253,1,174,1,79
44:3D:54:BE:12:3C,ALL,udp:30422,192.168.3.1*,2,242,1,89,1,153
44:3D:54:BE:12:3C,ALL,udp:30422,192.168.3.105*,2,242,1,153,1,89
44:3D:54:BE:12:3C,ALL,udp:54937,192.168.3.1*,2,242,1,89,1,153
44:3D:54:BE:12:3C,ALL,udp:54937,192.168.3.105*,2,242,1,153,1,89
44:3D:54:BE:12:3C,ALL,udp:58055,192.168.3.1*,2,170,1,77,1,93
44:3D:54:BE:12:3C,ALL,udp:58055,192.168.3.105*,2,170,1,93,1,77
44:3D:54:BE:12:3C,ALL,udp:44527,192.168.3.1*,2,253,1,79,1,174
44:3D:54:BE:12:3C,ALL,udp:44527,192.168.3.105*,2,253,1,174,1,79
44:3D:54:BE:12:3C,ALL,udp:32703,192.168.3.1*,2,368,1,120,1,248
44:3D:54:BE:12:3C,ALL,udp:32703,192.168.3.105*,2,368,1,248,1,120
44:3D:54:BE:12:3C,ALL,udp:13730,192.168.3.1*,2,242,1,89,1,153
44:3D:54:BE:12:3C,ALL,udp:13730,192.168.3.105*,2,242,1,153,1,89
44:3D:54:BE:12:3C,ALL,udp:21425,192.168.3.1*,2,253,1,79,1,174
44:3D:54:BE:12:3C,ALL,udp:21425,192.168.3.105*,2,253,1,174,1,79
44:3D:54:BE:12:3C,ALL,udp:60856,192.168.3.1*,2,228,1,90,1,138
44:3D:54:BE:12:3C,ALL,udp:60856,192.168.3.105*,2,228,1,138,1,90
44:3D:54:BE:12:3C,ALL,udp:59533,192.168.3.1*,2,253,1,79,1,174
44:3D:54:BE:12:3C,ALL,udp:59533,192.168.3.105*,2,253,1,174,1,79
44:3D:54:BE:12:3C,ALL,udp:16643,192.168.3.1*,2,253,1,79,1,174
44:3D:54:BE:12:3C,ALL,udp:16643,192.168.3.105*,2,253,1,174,1,79
44:3D:54:BE:12:3C,ALL,udp:16089,192.168.3.1*,2,253,1,79,1,174
44:3D:54:BE:12:3C,ALL,udp:16089,192.168.3.105*,2,253,1,174,1,79
44:3D:54:BE:12:3C,ALL,udp:53446,192.168.3.1*,2,170,1,77,1,93
44:3D:54:BE:12:3C,ALL,udp:53446,192.168.3.105*,2,170,1,93,1,77
44:3D:54:BE:12:3C,ALL,udp:26505,192.168.3.1*,2,242,1,89,1,153
44:3D:54:BE:12:3C,ALL,udp:26505,192.168.3.105*,2,242,1,153,1,89
44:3D:54:BE:12:3C,ALL,udp:23885,192.168.3.1*,2,253,1,79,1,174
44:3D:54:BE:12:3C,ALL,udp:23885,192.168.3.105*,2,253,1,174,1,79
44:3D:54:BE:12:3C,ALL,udp:40272,192.168.3.1*,2,242,1,89,1,153
44:3D:54:BE:12:3C,ALL,udp:40272,192.168.3.105*,2,242,1,153,1,89
44:3D:54:BE:12:3C,ALL,udp:40788,192.168.3.1*,2,253,1,79,1,174
44:3D:54:BE:12:3C,ALL,udp:40788,192.168.3.105*,2,253,1,174,1,79
44:3D:54:BE:12:3C,ALL,udp:47748,192.168.3.1*,2,253,1,79,1,174
44:3D:54:BE:12:3C,ALL,udp:47748,192.168.3.105*,2,253,1,174,1,79
44:3D:54:BE:12:3C,ALL,udp:54105,192.168.3.1*,2,253,1,79,1,174
44:3D:54:BE:12:3C,ALL,udp:54105,192.168.3.105*,2,253,1,174,1,79
44:3D:54:BE:12:3C,ALL,udp:47757,192.168.3.1*,2,253,1,79,1,174
44:3D:54:BE:12:3C,ALL,udp:47757,192.168.3.105*,2,253,1,174,1,79
44:3D:54:BE:12:3C,ALL,udp:3105,192.168.3.1*,2,242,1,89,1,153
44:3D:54:BE:12:3C,ALL,udp:3105,192.168.3.105*,2,242,1,153,1,89
44:3D:54:BE:12:3C,ALL,udp:30363,192.168.3.1*,2,170,1,77,1,93
44:3D:54:BE:12:3C,ALL,udp:30363,192.168.3.105*,2,170,1,93,1,77
44:3D:54:BE:12:3C,ALL,udp:38942,192.168.3.1*,2,368,1,120,1,248
44:3D:54:BE:12:3C,ALL,udp:38942,192.168.3.105*,2,368,1,248,1,120
44:3D:54:BE:12:3C,ALL,udp:16357,192.168.3.1*,2,228,1,90,1,138
44:3D:54:BE:12:3C,ALL,udp:16357,192.168.3.105*,2,228,1,138,1,90
44:3D:54:BE:12:3C,ALL,udp:60773,192.168.3.1*,2,242,1,89,1,153
44:3D:54:BE:12:3C,ALL,udp:60773,192.168.3.105*,2,242,1,153,1,89
44:3D:54:BE:12:3C,ALL,udp:52435,192.168.3.1*,2,253,1,79,1,174
44:3D:54:BE:12:3C,ALL,udp:52435,192.168.3.105*,2,253,1,174,1,79
44:3D:54:BE:12:3C,ALL,udp:14128,192.168.3.1*,2,253,1,79,1,174
44:3D:54:BE:12:3C,ALL,udp:14128,192.168.3.105*,2,253,1,174,1,79
44:3D:54:BE:12:3C,ALL,udp:17356,192.168.3.1*,2,170,1,77,1,93
44:3D:54:BE:12:3C,ALL,udp:17356,192.168.3.105*,2,170,1,93,1,77
44:3D:54:BE:12:3C,ALL,udp:34042,192.168.3.1*,2,242,1,89,1,153
44:3D:54:BE:12:3C,ALL,udp:34042,192.168.3.105*,2,242,1,153,1,89
44:3D:54:BE:12:3C,ALL,udp:29224,192.168.3.1*,2,242,1,89,1,153
44:3D:54:BE:12:3C,ALL,udp:29224,192.168.3.105*,2,242,1,153,1,89
44:3D:54:BE:12:3C,ALL,udp:18430,192.168.3.1*,2,253,1,79,1,174
44:3D:54:BE:12:3C,ALL,udp:18430,192.168.3.105*,2,253,1,174,1,79
44:3D:54:BE:12:3C,ALL,udp:52074,192.168.3.1*,2,242,1,89,1,153
44:3D:54:BE:12:3C,ALL,udp:52074,192.168.3.105*,2,242,1,153,1,89
44:3D:54:BE:12:3C,ALL,udp:49465,192.168.3.1*,2,170,1,77,1,93
44:3D:54:BE:12:3C,ALL,udp:49465,192.168.3.105*,2,170,1,93,1,77
44:3D:54:BE:12:3C,ALL,udp:51432,192.168.3.1*,2,253,1,79,1,174
44:3D:54:BE:12:3C,ALL,udp:51432,192.168.3.105*,2,253,1,174,1,79
44:3D:54:BE:12:3C,ALL,udp:36043,192.168.3.1*,2,253,1,79,1,174
44:3D:54:BE:12:3C,ALL,udp:36043,192.168.3.105*,2,253,1,174,1,79
44:3D:54:BE:12:3C,ALL,udp:26667,192.168.3.1*,2,368,1,120,1,248
44:3D:54:BE:12:3C,ALL,udp:26667,192.168.3.105*,2,368,1,248,1,120
44:3D:54:BE:12:3C,ALL,udp:4599,192.168.3.1*,2,242,1,89,1,153
44:3D:54:BE:12:3C,ALL,udp:4599,192.168.3.105*,2,242,1,153,1,89
44:3D:54:BE:12:3C,ALL,udp:6827,192.168.3.1*,2,228,1,90,1,138
44:3D:54:BE:12:3C,ALL,udp:6827,192.168.3.105*,2,228,1,138,1,90
44:3D:54:BE:12:3C,ALL,udp:50462,192.168.3.1*,2,253,1,79,1,174
44:3D:54:BE:12:3C,ALL,udp:50462,192.168.3.105*,2,253,1,174,1,79
44:3D:54:BE:12:3C,ALL,udp:45993,192.168.3.1*,2,242,1,89,1,153
44:3D:54:BE:12:3C,ALL,udp:45993,192.168.3.105*,2,242,1,153,1,89
44:3D:54:BE:12:3C,ALL,udp:16059,192.168.3.1*,2,242,1,89,1,153
44:3D:54:BE:12:3C,ALL,udp:16059,192.168.3.105*,2,242,1,153,1,89
44:3D:54:BE:12:3C,ALL,udp:38657,192.168.3.1*,2,253,1,79,1,174
44:3D:54:BE:12:3C,ALL,udp:38657,192.168.3.105*,2,253,1,174,1,79
44:3D:54:BE:12:3C,ALL,udp:46582,192.168.3.1*,2,242,1,89,1,153
44:3D:54:BE:12:3C,ALL,udp:46582,192.168.3.105*,2,242,1,153,1,89
44:3D:54:BE:12:3C,ALL,udp:39971,192.168.3.1*,2,253,1,79,1,174
44:3D:54:BE:12:3C,ALL,udp:39971,192.168.3.105*,2,253,1,174,1,79
44:3D:54:BE:12:3C,ALL,udp:15211,192.168.3.1*,2,253,1,79,1,174
44:3D:54:BE:12:3C,ALL,udp:15211,192.168.3.105*,2,253,1,174,1,79
44:3D:54:BE:12:3C,ALL,udp:12691,192.168.3.1*,2,242,1,89,1,153
44:3D:54:BE:12:3C,ALL,udp:12691,192.168.3.105*,2,242,1,153,1,89
44:3D:54:BE:12:3C,ALL,udp:31131,192.168.3.1*,2,164,1,74,1,90
44:3D:54:BE:12:3C,ALL,udp:31131,192.168.3.105*,2,164,1,90,1,74
44:3D:54:BE:12:3C,ALL,udp:44799,192.168.3.1*,2,253,1,79,1,174
44:3D:54:BE:12:3C,ALL,udp:44799,192.168.3.105*,2,253,1,174,1,79
44:3D:54:BE:12:3C,ALL,udp:41983,192.168.3.1*,2,253,1,79,1,174
44:3D:54:BE:12:3C,ALL,udp:41983,192.168.3.105*,2,253,1,174,1,79
44:3D:54:BE:12:3C,ALL,udp:13255,192.168.3.1*,2,242,1,89,1,153
44:3D:54:BE:12:3C,ALL,udp:13255,192.168.3.105*,2,242,1,153,1,89
44:3D:54:BE:12:3C,ALL,udp:4402,192.168.3.1*,2,170,1,77,1,93
44:3D:54:BE:12:3C,ALL,udp:4402,192.168.3.105*,2,170,1,93,1,77
44:3D:54:BE:12:3C,ALL,udp:20175,192.168.3.1*,2,253,1,79,1,174
44:3D:54:BE:12:3C,ALL,udp:20175,192.168.3.105*,2,253,1,174,1,79
44:3D:54:BE:12:3C,ALL,udp:55974,192.168.3.1*,2,368,1,120,1,248
44:3D:54:BE:12:3C,ALL,udp:55974,192.168.3.105*,2,368,1,248,1,120
44:3D:54:BE:12:3C,ALL,udp:62669,192.168.3.1*,2,228,1,90,1,138
44:3D:54:BE:12:3C,ALL,udp:62669,192.168.3.105*,2,228,1,138,1,90
44:3D:54:BE:12:3C,ALL,udp:59407,192.168.3.1*,2,242,1,89,1,153
44:3D:54:BE:12:3C,ALL,udp:59407,192.168.3.105*,2,242,1,153,1,89
44:3D:54:BE:12:3C,ALL,udp:12163,192.168.3.1*,2,253,1,79,1,174
44:3D:54:BE:12:3C,ALL,udp:12163,192.168.3.105*,2,253,1,174,1,79
44:3D:54:BE:12:3C,ALL,udp:19217,192.168.3.1*,2,242,1,89,1,153
44:3D:54:BE:12:3C,ALL,udp:19217,192.168.3.105*,2,242,1,153,1,89
44:3D:54:BE:12:3C,ALL,udp:36881,192.168.3.1*,2,164,1,74,1,90
44:3D:54:BE:12:3C,ALL,udp:36881,192.168.3.105*,2,164,1,90,1,74
44:3D:54:BE:12:3C,ALL,udp:57622,192.168.3.1*,2,253,1,79,1,174
44:3D:54:BE:12:3C,ALL,udp:57622,192.168.3.105*,2,253,1,174,1,79
44:3D:54:BE:12:3C,ALL,udp:7328,192.168.3.1*,2,253,1,79,1,174
44:3D:54:BE:12:3C,ALL,udp:7328,192.168.3.105*,2,253,1,174,1,79
44:3D:54:BE:12:3C,ALL,udp:33329,192.168.3.1*,2,242,1,89,1,153
44:3D:54:BE:12:3C,ALL,udp:33329,192.168.3.105*,2,242,1,153,1,89
44:3D:54:BE:12:3C,ALL,udp:20055,192.168.3.1*,2,170,1,77,1,93
44:3D:54:BE:12:3C,ALL,udp:20055,192.168.3.105*,2,170,1,93,1,77
44:3D:54:BE:12:3C,ALL,udp:43888,192.168.3.1*,2,253,1,79,1,174
44:3D:54:BE:12:3C,ALL,udp:43888,192.168.3.105*,2,253,1,174,1,79
44:3D:54:BE:12:3C,ALL,udp:58452,192.168.3.1*,2,242,1,89,1,153
44:3D:54:BE:12:3C,ALL,udp:58452,192.168.3.105*,2,242,1,153,1,89
44:3D:54:BE:12:3C,ALL,udp:41946,192.168.3.1*,2,253,1,79,1,174
44:3D:54:BE:12:3C,ALL,udp:41946,192.168.3.105*,2,253,1,174,1,79
44:3D:54:BE:12:3C,ALL,udp:23777,192.168.3.1*,2,242,1,89,1,153
44:3D:54:BE:12:3C,ALL,udp:23777,192.168.3.105*,2,242,1,153,1,89
44:3D:54:BE:12:3C,ALL,udp:55684,192.168.3.1*,2,242,1,89,1,153
44:3D:54:BE:12:3C,ALL,udp:55684,192.168.3.105*,2,242,1,153,1,89
44:3D:54:BE:12:3C,ALL,udp:61721,192.168.3.1*,2,170,1,77,1,93
44:3D:54:BE:12:3C,ALL,udp:61721,192.168.3.105*,2,170,1,93,1,77
44:3D:54:BE:12:3C,ALL,udp:22698,192.168.3.1*,2,253,1,79,1,174
44:3D:54:BE:12:3C,ALL,udp:22698,192.168.3.105*,2,253,1,174,1,79
44:3D:54:BE:12:3C,ALL,udp:12563,192.168.3.1*,2,368,1,120,1,248
44:3D:54:BE:12:3C,ALL,udp:12563,192.168.3.105*,2,368,1,248,1,120
44:3D:54:BE:12:3C,ALL,udp:24585,192.168.3.1*,2,228,1,90,1,138
44:3D:54:BE:12:3C,ALL,udp:24585,192.168.3.105*,2,228,1,138,1,90
44:3D:54:BE:12:3C,ALL,udp:18757,192.168.3.1*,2,253,1,79,1,174
44:3D:54:BE:12:3C,ALL,udp:18757,192.168.3.105*,2,253,1,174,1,79
44:3D:54:BE:12:3C,ALL,udp:1563,192.168.3.1*,2,242,1,89,1,153
44:3D:54:BE:12:3C,ALL,udp:1563,192.168.3.105*,2,242,1,153,1,89
44:3D:54:BE:12:3C,ALL,udp:54889,192.168.3.1*,2,253,1,79,1,174
44:3D:54:BE:12:3C,ALL,udp:54889,192.168.3.105*,2,253,1,174,1,79
44:3D:54:BE:12:3C,ALL,udp:41516,192.168.3.1*,2,242,1,89,1,153
44:3D:54:BE:12:3C,ALL,udp:41516,192.168.3.105*,2,242,1,153,1,89
44:3D:54:BE:12:3C,ALL,udp:29312,192.168.3.1*,2,253,1,79,1,174
44:3D:54:BE:12:3C,ALL,udp:29312,192.168.3.105*,2,253,1,174,1,79
44:3D:54:BE:12:3C,ALL,udp:35044,192.168.3.1*,2,242,1,89,1,153
44:3D:54:BE:12:3C,ALL,udp:35044,192.168.3.105*,2,242,1,153,1,89
44:3D:54:BE:12:3C,ALL,udp:63469,192.168.3.1*,2,170,1,77,1,93
44:3D:54:BE:12:3C,ALL,udp:63469,192.168.3.105*,2,170,1,93,1,77
44:3D:54:BE:12:3C,ALL,udp:42781,192.168.3.1*,2,253,1,79,1,174
44:3D:54:BE:12:3C,ALL,udp:42781,192.168.3.105*,2,253,1,174,1,79
44:3D:54:BE:12:3C,ALL,udp:2984,192.168.3.1*,2,253,1,79,1,174
44:3D:54:BE:12:3C,ALL,udp:2984,192.168.3.105*,2,253,1,174,1,79
44:3D:54:BE:12:3C,ALL,udp:14816,192.168.3.1*,2,242,1,89,1,153
44:3D:54:BE:12:3C,ALL,udp:14816,192.168.3.105*,2,242,1,153,1,89
44:3D:54:BE:12:3C,ALL,udp:11718,192.168.3.1*,2,253,1,79,1,174
44:3D:54:BE:12:3C,ALL,udp:11718,192.168.3.105*,2,253,1,174,1,79
44:3D:54:BE:12:3C,ALL,udp:21515,192.168.3.1*,2,253,1,79,1,174
44:3D:54:BE:12:3C,ALL,udp:21515,192.168.3.105*,2,253,1,174,1,79
44:3D:54:BE:12:3C,ALL,udp:42326,192.168.3.1*,2,164,1,74,1,90
44:3D:54:BE:12:3C,ALL,udp:42326,192.168.3.105*,2,164,1,90,1,74
44:3D:54:BE:12:3C,ALL,udp:58775,192.168.3.1*,2,242,1,89,1,153
44:3D:54:BE:12:3C,ALL,udp:58775,192.168.3.105*,2,242,1,153,1,89
44:3D:54:BE:12:3C,ALL,udp:59761,192.168.3.1*,2,253,1,79,1,174
44:3D:54:BE:12:3C,ALL,udp:59761,192.168.3.105*,2,253,1,174,1,79
44:3D:54:BE:12:3C,ALL,udp:25580,192.168.3.1*,2,242,1,89,1,153
44:3D:54:BE:12:3C,ALL,udp:25580,192.168.3.105*,2,242,1,153,1,89
44:3D:54:BE:12:3C,ALL,udp:30990,192.168.3.1*,2,170,1,77,1,93
44:3D:54:BE:12:3C,ALL,udp:30990,192.168.3.105*,2,170,1,93,1,77
44:3D:54:BE:12:3C,ALL,udp:62767,192.168.3.1*,2,253,1,79,1,174
44:3D:54:BE:12:3C,ALL,udp:62767,192.168.3.105*,2,253,1,174,1,79
44:3D:54:BE:12:3C,ALL,udp:52035,192.168.3.1*,2,253,1,79,1,174
44:3D:54:BE:12:3C,ALL,udp:52035,192.168.3.105*,2,253,1,174,1,79
44:3D:54:BE:12:3C,ALL,udp:60563,192.168.3.1*,2,368,1,120,1,248
44:3D:54:BE:12:3C,ALL,udp:60563,192.168.3.105*,2,368,1,248,1,120
44:3D:54:BE:12:3C,ALL,udp:7704,192.168.3.1*,2,242,1,89,1,153
44:3D:54:BE:12:3C,ALL,udp:7704,192.168.3.105*,2,242,1,153,1,89
44:3D:54:BE:12:3C,ALL,udp:44323,192.168.3.1*,2,242,1,89,1,153
44:3D:54:BE:12:3C,ALL,udp:44323,192.168.3.105*,2,242,1,153,1,89
44:3D:54:BE:12:3C,ALL,udp:53129,192.168.3.1*,2,253,1,79,1,174
44:3D:54:BE:12:3C,ALL,udp:53129,192.168.3.105*,2,253,1,174,1,79
44:3D:54:BE:12:3C,ALL,udp:33728,192.168.3.1*,2,242,1,89,1,153
44:3D:54:BE:12:3C,ALL,udp:33728,192.168.3.105*,2,242,1,153,1,89
44:3D:54:BE:12:3C,ALL,udp:10904,192.168.3.1*,2,253,1,79,1,174
44:3D:54:BE:12:3C,ALL,udp:10904,192.168.3.105*,2,253,1,174,1,79
44:3D:54:BE:12:3C,ALL,udp:37995,192.168.3.1*,2,253,1,79,1,174
44:3D:54:BE:12:3C,ALL,udp:37995,192.168.3.105*,2,253,1,174,1,79
44:3D:54:BE:12:3C,ALL,udp:43364,192.168.3.1*,2,242,1,89,1,153
44:3D:54:BE:12:3C,ALL,udp:43364,192.168.3.105*,2,242,1,153,1,89
44:3D:54:BE:12:3C,ALL,udp:2695,192.168.3.1*,2,242,1,89,1,153
44:3D:54:BE:12:3C,ALL,udp:2695,192.168.3.105*,2,242,1,153,1,89
44:3D:54:BE:12:3C,ALL,udp:54561,192.168.3.1*,2,253,1,79,1,174
44:3D:54:BE:12:3C,ALL,udp:54561,192.168.3.105*,2,253,1,174,1,79
44:3D:54:BE:12:3C,ALL,udp:57768,192.168.3.1*,2,242,1,89,1,153
44:3D:54:BE:12:3C,ALL,udp:57768,192.168.3.105*,2,242,1,153,1,89
44:3D:54:BE:12:3C,ALL,udp:1935,192.168.3.1*,2,170,1,77,1,93
44:3D:54:BE:12:3C,ALL,udp:1935,192.168.3.105*,2,170,1,93,1,77
44:3D:54:BE:12:3C,ALL,udp:38287,192.168.3.1*,2,228,1,90,1,138
44:3D:54:BE:12:3C,ALL,udp:38287,192.168.3.105*,2,228,1,138,1,90
44:3D:54:BE:12:3C,ALL,udp:32396,192.168.3.1*,2,368,1,120,1,248
44:3D:54:BE:12:3C,ALL,udp:32396,192.168.3.105*,2,368,1,248,1,120
44:3D:54:BE:12:3C,ALL,udp:28900,192.168.3.1*,2,242,1,89,1,153
44:3D:54:BE:12:3C,ALL,udp:28900,192.168.3.105*,2,242,1,153,1,89
44:3D:54:BE:12:3C,ALL,udp:32356,192.168.3.1*,2,253,1,79,1,174
44:3D:54:BE:12:3C,ALL,udp:32356,192.168.3.105*,2,253,1,174,1,79
44:3D:54:BE:12:3C,ALL,udp:63375,192.168.3.1*,2,242,1,89,1,153
44:3D:54:BE:12:3C,ALL,udp:63375,192.168.3.105*,2,242,1,153,1,89
44:3D:54:BE:12:3C,ALL,udp:41366,192.168.3.1*,2,253,1,79,1,174
44:3D:54:BE:12:3C,ALL,udp:41366,192.168.3.105*,2,253,1,174,1,79
44:3D:54:BE:12:3C,ALL,udp:54358,192.168.3.1*,2,253,1,79,1,174
44:3D:54:BE:12:3C,ALL,udp:54358,192.168.3.105*,2,253,1,174,1,79
44:3D:54:BE:12:3C,ALL,udp:27797,192.168.3.1*,2,253,1,79,1,174
44:3D:54:BE:12:3C,ALL,udp:27797,192.168.3.105*,2,253,1,174,1,79
44:3D:54:BE:12:3C,ALL,udp:31224,192.168.3.1*,2,242,1,89,1,153
44:3D:54:BE:12:3C,ALL,udp:31224,192.168.3.105*,2,242,1,153,1,89
44:3D:54:BE:12:3C,ALL,udp:12555,192.168.3.1*,2,170,1,77,1,93
44:3D:54:BE:12:3C,ALL,udp:12555,192.168.3.105*,2,170,1,93,1,77
44:3D:54:BE:12:3C,ALL,udp:43268,192.168.3.1*,2,253,1,79,1,174
44:3D:54:BE:12:3C,ALL,udp:43268,192.168.3.105*,2,253,1,174,1,79
44:3D:54:BE:12:3C,ALL,udp:51790,192.168.3.1*,2,242,1,89,1,153
44:3D:54:BE:12:3C,ALL,udp:51790,192.168.3.105*,2,242,1,153,1,89
44:3D:54:BE:12:3C,ALL,udp:9226,192.168.3.1*,2,164,1,74,1,90
44:3D:54:BE:12:3C,ALL,udp:9226,192.168.3.105*,2,164,1,90,1,74
44:3D:54:BE:12:3C,ALL,udp:47167,192.168.3.1*,2,253,1,79,1,174
44:3D:54:BE:12:3C,ALL,udp:47167,192.168.3.105*,2,253,1,174,1,79
44:3D:54:BE:12:3C,ALL,udp:39748,192.168.3.1*,2,242,1,89,1,153
44:3D:54:BE:12:3C,ALL,udp:39748,192.168.3.105*,2,242,1,153,1,89
44:3D:54:BE:12:3C,ALL,udp:62605,192.168.3.1*,2,170,1,77,1,93
44:3D:54:BE:12:3C,ALL,udp:62605,192.168.3.105*,2,170,1,93,1,77
44:3D:54:BE:12:3C,ALL,udp:9466,192.168.3.1*,2,228,1,90,1,138
44:3D:54:BE:12:3C,ALL,udp:9466,192.168.3.105*,2,228,1,138,1,90
44:3D:54:BE:12:3C,ALL,udp:15827,192.168.3.1*,2,368,1,120,1,248
44:3D:54:BE:12:3C,ALL,udp:15827,192.168.3.105*,2,368,1,248,1,120
44:3D:54:BE:12:3C,ALL,udp:61862,192.168.3.1*,2,242,1,89,1,153
44:3D:54:BE:12:3C,ALL,udp:61862,192.168.3.105*,2,242,1,153,1,89
44:3D:54:BE:12:3C,ALL,udp:43667,192.168.3.1*,2,253,1,79,1,174
44:3D:54:BE:12:3C,ALL,udp:43667,192.168.3.105*,2,253,1,174,1,79
44:3D:54:BE:12:3C,ALL,udp:30154,192.168.3.1*,2,242,1,89,1,153
44:3D:54:BE:12:3C,ALL,udp:30154,192.168.3.105*,2,242,1,153,1,89
44:3D:54:BE:12:3C,ALL,udp:36396,192.168.3.1*,2,242,1,89,1,153
44:3D:54:BE:12:3C,ALL,udp:36396,192.168.3.105*,2,242,1,153,1,89
44:3D:54:BE:12:3C,ALL,udp:40062,192.168.3.1*,2,170,1,77,1,93
44:3D:54:BE:12:3C,ALL,udp:40062,192.168.3.105*,2,170,1,93,1,77
44:3D:54:BE:12:3C,ALL,udp:21411,192.168.3.1*,2,253,1,79,1,174
44:3D:54:BE:12:3C,ALL,udp:21411,192.168.3.105*,2,253,1,174,1,79
44:3D:54:BE:12:3C,ALL,udp:3680,192.168.3.1*,2,242,1,89,1,153
44:3D:54:BE:12:3C,ALL,udp:3680,192.168.3.105*,2,242,1,153,1,89
44:3D:54:BE:12:3C,ALL,udp:36380,192.168.3.1*,2,253,1,79,1,174
44:3D:54:BE:12:3C,ALL,udp:36380,192.168.3.105*,2,253,1,174,1,79
44:3D:54:BE:12:3C,ALL,udp:58318,192.168.3.1*,2,242,1,89,1,153
44:3D:54:BE:12:3C,ALL,udp:58318,192.168.3.105*,2,242,1,153,1,89
44:3D:54:BE:12:3C,ALL,udp:56841,192.168.3.1*,2,253,1,79,1,174
44:3D:54:BE:12:3C,ALL,udp:56841,192.168.3.105*,2,253,1,174,1,79
44:3D:54:BE:12:3C,ALL,udp:53658,192.168.3.1*,2,253,1,79,1,174
44:3D:54:BE:12:3C,ALL,udp:53658,192.168.3.105*,2,253,1,174,1,79
44:3D:54:BE:12:3C,ALL,udp:7385,192.168.3.1*,2,253,1,79,1,174
44:3D:54:BE:12:3C,ALL,udp:7385,192.168.3.105*,2,253,1,174,1,79
44:3D:54:BE:12:3C,ALL,udp:23571,192.168.3.1*,2,228,1,90,1,138
44:3D:54:BE:12:3C,ALL,udp:23571,192.168.3.105*,2,228,1,138,1,90
44:3D:54:BE:12:3C,ALL,udp:26922,192.168.3.1*,2,242,1,89,1,153
44:3D:54:BE:12:3C,ALL,udp:26922,192.168.3.105*,2,242,1,153,1,89
44:3D:54:BE:12:3C,ALL,udp:5605,192.168.3.1*,2,170,1,77,1,93
44:3D:54:BE:12:3C,ALL,udp:5605,192.168.3.105*,2,170,1,93,1,77
44:3D:54:BE:12:3C,ALL,udp:38215,192.168.3.1*,2,253,1,79,1,174
44:3D:54:BE:12:3C,ALL,udp:38215,192.168.3.105*,2,253,1,174,1,79
44:3D:54:BE:12:3C,ALL,udp:52231,192.168.3.1*,2,253,1,79,1,174
44:3D:54:BE:12:3C,ALL,udp:52231,192.168.3.105*,2,253,1,174,1,79
44:3D:54:BE:12:3C,ALL,udp:2757,192.168.3.1*,2,242,1,89,1,153
44:3D:54:BE:12:3C,ALL,udp:2757,192.168.3.105*,2,242,1,153,1,89
44:3D:54:BE:12:3C,ALL,udp:46536,192.168.3.1*,2,253,1,79,1,174
44:3D:54:BE:12:3C,ALL,udp:46536,192.168.3.105*,2,253,1,174,1,79
44:3D:54:BE:12:3C,ALL,udp:1463,192.168.3.1*,2,253,1,79,1,174
44:3D:54:BE:12:3C,ALL,udp:1463,192.168.3.105*,2,253,1,174,1,79
44:3D:54:BE:12:3C,ALL,udp:51563,192.168.3.1*,2,242,1,89,1,153
44:3D:54:BE:12:3C,ALL,udp:51563,192.168.3.105*,2,242,1,153,1,89
44:3D:54:BE:12:3C,ALL,udp:54080,192.168.3.1*,2,401,1,86,1,315
44:3D:54:BE:12:3C,ALL,udp:54080,192.168.3.105*,2,401,1,315,1,86
44:3D:54:BE:12:3C,ALL,udp:22207,192.168.3.1*,2,242,1,89,1,153
44:3D:54:BE:12:3C,ALL,udp:22207,192.168.3.105*,2,242,1,153,1,89
44:3D:54:BE:12:3C,ALL,udp:29273,192.168.3.1*,2,170,1,77,1,93
44:3D:54:BE:12:3C,ALL,udp:29273,192.168.3.105*,2,170,1,93,1,77
44:3D:54:BE:12:3C,ALL,udp:30083,192.168.3.1*,2,253,1,79,1,174
44:3D:54:BE:12:3C,ALL,udp:30083,192.168.3.105*,2,253,1,174,1,79
44:3D:54:BE:12:3C,ALL,udp:59687,192.168.3.1*,2,253,1,79,1,174
44:3D:54:BE:12:3C,ALL,udp:59687,192.168.3.105*,2,253,1,174,1,79
44:3D:54:BE:12:3C,ALL,udp:1585,192.168.3.1*,2,242,1,89,1,153
44:3D:54:BE:12:3C,ALL,udp:1585,192.168.3.105*,2,242,1,153,1,89
44:3D:54:BE:12:3C,ALL,udp:43974,192.168.3.1*,2,253,1,79,1,174
44:3D:54:BE:12:3C,ALL,udp:43974,192.168.3.105*,2,253,1,174,1,79
44:3D:54:BE:12:3C,ALL,udp:42134,192.168.3.1*,2,164,1,74,1,90
44:3D:54:BE:12:3C,ALL,udp:42134,192.168.3.105*,2,164,1,90,1,74
44:3D:54:BE:12:3C,ALL,udp:50992,192.168.3.1*,2,253,1,79,1,174
44:3D:54:BE:12:3C,ALL,udp:50992,192.168.3.105*,2,253,1,174,1,79
44:3D:54:BE:12:3C,ALL,udp:24683,192.168.3.1*,2,253,1,79,1,174
44:3D:54:BE:12:3C,ALL,udp:24683,192.168.3.105*,2,253,1,174,1,79
44:3D:54:BE:12:3C,ALL,udp:17723,192.168.3.1*,2,242,1,89,1,153
44:3D:54:BE:12:3C,ALL,udp:17723,192.168.3.105*,2,242,1,153,1,89
44:3D:54:BE:12:3C,ALL,udp:54257,192.168.3.1*,2,228,1,90,1,138
44:3D:54:BE:12:3C,ALL,udp:54257,192.168.3.105*,2,228,1,138,1,90
44:3D:54:BE:12:3C,ALL,udp:34199,192.168.3.1*,2,242,1,89,1,153
44:3D:54:BE:12:3C,ALL,udp:34199,192.168.3.105*,2,242,1,153,1,89
44:3D:54:BE:12:3C,ALL,udp:59942,192.168.3.1*,2,170,1,77,1,93
44:3D:54:BE:12:3C,ALL,udp:59942,192.168.3.105*,2,170,1,93,1,77
44:3D:54:BE:12:3C,ALL,udp:30698,192.168.3.1*,2,368,1,120,1,248
44:3D:54:BE:12:3C,ALL,udp:30698,192.168.3.105*,2,368,1,248,1,120
44:3D:54:BE:12:3C,ALL,udp:21020,192.168.3.1*,2,242,1,89,1,153
44:3D:54:BE:12:3C,ALL,udp:21020,192.168.3.105*,2,242,1,153,1,89
44:3D:54:BE:12:3C,ALL,udp:55781,192.168.3.1*,2,253,1,79,1,174
44:3D:54:BE:12:3C,ALL,udp:55781,192.168.3.105*,2,253,1,174,1,79
44:3D:54:BE:12:3C,ALL,udp:35175,192.168.3.1*,2,242,1,89,1,153
44:3D:54:BE:12:3C,ALL,udp:35175,192.168.3.105*,2,242,1,153,1,89
44:3D:54:BE:12:3C,ALL,udp:2936,192.168.3.1*,2,242,1,89,1,153
44:3D:54:BE:12:3C,ALL,udp:2936,192.168.3.105*,2,242,1,153,1,89
44:3D:54:BE:12:3C,ALL,udp:16890,192.168.3.1*,2,170,1,77,1,93
44:3D:54:BE:12:3C,ALL,udp:16890,192.168.3.105*,2,170,1,93,1,77
44:3D:54:BE:12:3C,ALL,udp:18103,192.168.3.1*,2,253,1,79,1,174
44:3D:54:BE:12:3C,ALL,udp:18103,192.168.3.105*,2,253,1,174,1,79
44:3D:54:BE:12:3C,ALL,udp:59300,192.168.3.1*,2,242,1,89,1,153
44:3D:54:BE:12:3C,ALL,udp:59300,192.168.3.105*,2,242,1,153,1,89
44:3D:54:BE:12:3C,ALL,udp:52195,192.168.3.1*,2,253,1,79,1,174
44:3D:54:BE:12:3C,ALL,udp:52195,192.168.3.105*,2,253,1,174,1,79
44:3D:54:BE:12:3C,ALL,udp:10334,192.168.3.1*,2,242,1,89,1,153
44:3D:54:BE:12:3C,ALL,udp:10334,192.168.3.105*,2,242,1,153,1,89
44:3D:54:BE:12:3C,ALL,udp:30963,192.168.3.1*,2,253,1,79,1,174
44:3D:54:BE:12:3C,ALL,udp:30963,192.168.3.105*,2,253,1,174,1,79
44:3D:54:BE:12:3C,ALL,udp:9137,192.168.3.1*,2,228,1,90,1,138
44:3D:54:BE:12:3C,ALL,udp:9137,192.168.3.105*,2,228,1,138,1,90
44:3D:54:BE:12:3C,ALL,udp:48265,192.168.3.1*,2,253,1,79,1,174
44:3D:54:BE:12:3C,ALL,udp:48265,192.168.3.105*,2,253,1,174,1,79
44:3D:54:BE:12:3C,ALL,udp:63191,192.168.3.1*,2,242,1,89,1,153
44:3D:54:BE:12:3C,ALL,udp:63191,192.168.3.105*,2,242,1,153,1,89
44:3D:54:BE:12:3C,ALL,udp:40309,192.168.3.1*,2,170,1,77,1,93
44:3D:54:BE:12:3C,ALL,udp:40309,192.168.3.105*,2,170,1,93,1,77
44:3D:54:BE:12:3C,ALL,udp:32217,192.168.3.1*,2,368,1,120,1,248
44:3D:54:BE:12:3C,ALL,udp:32217,192.168.3.105*,2,368,1,248,1,120
44:3D:54:BE:12:3C,ALL,udp:31760,192.168.3.1*,2,253,1,79,1,174
44:3D:54:BE:12:3C,ALL,udp:31760,192.168.3.105*,2,253,1,174,1,79
44:3D:54:BE:12:3C,ALL,udp:61031,192.168.3.1*,2,253,1,79,1,174
44:3D:54:BE:12:3C,ALL,udp:61031,192.168.3.105*,2,253,1,174,1,79
44:3D:54:BE:12:3C,ALL,udp:61080,192.168.3.1*,2,242,1,89,1,153
44:3D:54:BE:12:3C,ALL,udp:61080,192.168.3.105*,2,242,1,153,1,89
44:3D:54:BE:12:3C,ALL,udp:61053,192.168.3.1*,2,253,1,79,1,174
44:3D:54:BE:12:3C,ALL,udp:61053,192.168.3.105*,2,253,1,174,1,79
44:3D:54:BE:12:3C,ALL,udp:16087,192.168.3.1*,2,242,1,89,1,153
44:3D:54:BE:12:3C,ALL,udp:16087,192.168.3.105*,2,242,1,153,1,89
44:3D:54:BE:12:3C,ALL,udp:26369,192.168.3.1*,2,170,1,77,1,93
44:3D:54:BE:12:3C,ALL,udp:26369,192.168.3.105*,2,170,1,93,1,77
44:3D:54:BE:12:3C,ALL,udp:45189,192.168.3.1*,2,253,1,79,1,174
44:3D:54:BE:12:3C,ALL,udp:45189,192.168.3.105*,2,253,1,174,1,79
44:3D:54:BE:12:3C,ALL,udp:7937,192.168.3.1*,2,242,1,89,1,153
44:3D:54:BE:12:3C,ALL,udp:7937,192.168.3.105*,2,242,1,153,1,89
44:3D:54:BE:12:3C,ALL,udp:12519,192.168.3.1*,2,228,1,90,1,138
44:3D:54:BE:12:3C,ALL,udp:12519,192.168.3.105*,2,228,1,138,1,90
44:3D:54:BE:12:3C,ALL,udp:21221,192.168.3.1*,2,253,1,79,1,174
44:3D:54:BE:12:3C,ALL,udp:21221,192.168.3.105*,2,253,1,174,1,79
44:3D:54:BE:12:3C,ALL,udp:47121,192.168.3.1*,2,242,1,89,1,153
44:3D:54:BE:12:3C,ALL,udp:47121,192.168.3.105*,2,242,1,153,1,89
44:3D:54:BE:12:3C,ALL,udp:34702,192.168.3.1*,2,170,1,77,1,93
44:3D:54:BE:12:3C,ALL,udp:34702,192.168.3.105*,2,170,1,93,1,77
44:3D:54:BE:12:3C,ALL,udp:29462,192.168.3.1*,2,368,1,120,1,248
44:3D:54:BE:12:3C,ALL,udp:29462,192.168.3.105*,2,368,1,248,1,120
44:3D:54:BE:12:3C,ALL,udp:30793,192.168.3.1*,2,242,1,89,1,153
44:3D:54:BE:12:3C,ALL,udp:30793,192.168.3.105*,2,242,1,153,1,89
44:3D:54:BE:12:3C,ALL,udp:32434,192.168.3.1*,2,253,1,79,1,174
44:3D:54:BE:12:3C,ALL,udp:32434,192.168.3.105*,2,253,1,174,1,79
44:3D:54:BE:12:3C,ALL,udp:54786,192.168.3.1*,2,253,1,79,1,174
44:3D:54:BE:12:3C,ALL,udp:54786,192.168.3.105*,2,253,1,174,1,79
44:3D:54:BE:12:3C,ALL,udp:45992,192.168.3.1*,2,242,1,89,1,153
44:3D:54:BE:12:3C,ALL,udp:45992,192.168.3.105*,2,242,1,153,1,89
44:3D:54:BE:12:3C,ALL,udp:26424,192.168.3.1*,2,164,1,74,1,90
44:3D:54:BE:12:3C,ALL,udp:26424,192.168.3.105*,2,164,1,90,1,74
44:3D:54:BE:12:3C,ALL,udp:25565,192.168.3.1*,2,242,1,89,1,153
44:3D:54:BE:12:3C,ALL,udp:25565,192.168.3.105*,2,242,1,153,1,89
44:3D:54:BE:12:3C,ALL,udp:17905,192.168.3.1*,2,170,1,77,1,93
44:3D:54:BE:12:3C,ALL,udp:17905,192.168.3.105*,2,170,1,93,1,77
44:3D:54:BE:12:3C,ALL,udp:64867,192.168.3.1*,2,253,1,79,1,174
44:3D:54:BE:12:3C,ALL,udp:64867,192.168.3.105*,2,253,1,174,1,79
44:3D:54:BE:12:3C,ALL,udp:53192,192.168.3.1*,2,253,1,79,1,174
44:3D:54:BE:12:3C,ALL,udp:53192,192.168.3.105*,2,253,1,174,1,79
44:3D:54:BE:12:3C,ALL,udp:25415,192.168.3.1*,2,253,1,79,1,174
44:3D:54:BE:12:3C,ALL,udp:25415,192.168.3.105*,2,253,1,174,1,79
44:3D:54:BE:12:3C,ALL,udp:22981,192.168.3.1*,2,253,1,79,1,174
44:3D:54:BE:12:3C,ALL,udp:22981,192.168.3.105*,2,253,1,174,1,79
44:3D:54:BE:12:3C,ALL,udp:16429,192.168.3.1*,2,242,1,89,1,153
44:3D:54:BE:12:3C,ALL,udp:16429,192.168.3.105*,2,242,1,153,1,89
44:3D:54:BE:12:3C,ALL,udp:7931,192.168.3.1*,2,228,1,90,1,138
44:3D:54:BE:12:3C,ALL,udp:7931,192.168.3.105*,2,228,1,138,1,90
44:3D:54:BE:12:3C,ALL,udp:50916,192.168.3.1*,2,253,1,79,1,174
44:3D:54:BE:12:3C,ALL,udp:50916,192.168.3.105*,2,253,1,174,1,79
44:3D:54:BE:12:3C,ALL,udp:52897,192.168.3.1*,2,253,1,79,1,174
44:3D:54:BE:12:3C,ALL,udp:52897,192.168.3.105*,2,253,1,174,1,79
44:3D:54:BE:12:3C,ALL,udp:18490,192.168.3.1*,2,242,1,89,1,153
44:3D:54:BE:12:3C,ALL,udp:18490,192.168.3.105*,2,242,1,153,1,89
44:3D:54:BE:12:3C,ALL,udp:5685,192.168.3.1*,2,170,1,77,1,93
44:3D:54:BE:12:3C,ALL,udp:5685,192.168.3.105*,2,170,1,93,1,77
44:3D:54:BE:12:3C,ALL,udp:55578,192.168.3.1*,2,368,1,120,1,248
44:3D:54:BE:12:3C,ALL,udp:55578,192.168.3.105*,2,368,1,248,1,120
44:3D:54:BE:12:3C,ALL,udp:54917,192.168.3.1*,2,242,1,89,1,153
44:3D:54:BE:12:3C,ALL,udp:54917,192.168.3.105*,2,242,1,153,1,89
44:3D:54:BE:12:3C,ALL,udp:35430,192.168.3.1*,2,253,1,79,1,174
44:3D:54:BE:12:3C,ALL,udp:35430,192.168.3.105*,2,253,1,174,1,79
44:3D:54:BE:12:3C,ALL,udp:23233,192.168.3.1*,2,242,1,89,1,153
44:3D:54:BE:12:3C,ALL,udp:23233,192.168.3.105*,2,242,1,153,1,89
44:3D:54:BE:12:3C,ALL,udp:24225,192.168.3.1*,2,253,1,79,1,174
44:3D:54:BE:12:3C,ALL,udp:24225,192.168.3.105*,2,253,1,174,1,79
44:3D:54:BE:12:3C,ALL,udp:44632,192.168.3.1*,2,253,1,79,1,174
44:3D:54:BE:12:3C,ALL,udp:44632,192.168.3.105*,2,253,1,174,1,79
44:3D:54:BE:12:3C,ALL,udp:37484,192.168.3.1*,2,242,1,89,1,153
44:3D:54:BE:12:3C,ALL,udp:37484,192.168.3.105*,2,242,1,153,1,89
44:3D:54:BE:12:3C,ALL,udp:44688,192.168.3.1*,2,170,1,77,1,93
44:3D:54:BE:12:3C,ALL,udp:44688,192.168.3.105*,2,170,1,93,1,77
44:3D:54:BE:12:3C,ALL,udp:3384,192.168.3.1*,2,164,1,74,1,90
44:3D:54:BE:12:3C,ALL,udp:3384,192.168.3.105*,2,164,1,90,1,74
44:3D:54:BE:12:3C,ALL,udp:30098,192.168.3.1*,2,242,1,89,1,153
44:3D:54:BE:12:3C,ALL,udp:30098,192.168.3.105*,2,242,1,153,1,89
44:3D:54:BE:12:3C,ALL,udp:32020,192.168.3.1*,2,253,1,79,1,174
44:3D:54:BE:12:3C,ALL,udp:32020,192.168.3.105*,2,253,1,174,1,79
44:3D:54:BE:12:3C,ALL,udp:39485,192.168.3.1*,2,253,1,79,1,174
44:3D:54:BE:12:3C,ALL,udp:39485,192.168.3.105*,2,253,1,174,1,79
44:3D:54:BE:12:3C,ALL,udp:61009,192.168.3.1*,2,253,1,79,1,174
44:3D:54:BE:12:3C,ALL,udp:61009,192.168.3.105*,2,253,1,174,1,79
44:3D:54:BE:12:3C,ALL,udp:26312,192.168.3.1*,2,228,1,90,1,138
44:3D:54:BE:12:3C,ALL,udp:26312,192.168.3.105*,2,228,1,138,1,90
44:3D:54:BE:12:3C,ALL,udp:33393,192.168.3.1*,2,242,1,89,1,153
44:3D:54:BE:12:3C,ALL,udp:33393,192.168.3.105*,2,242,1,153,1,89
44:3D:54:BE:12:3C,ALL,udp:19509,192.168.3.1*,2,253,1,79,1,174
44:3D:54:BE:12:3C,ALL,udp:19509,192.168.3.105*,2,253,1,174,1,79
44:3D:54:BE:12:3C,ALL,udp:39302,192.168.3.1*,2,253,1,79,1,174
44:3D:54:BE:12:3C,ALL,udp:39302,192.168.3.105*,2,253,1,174,1,79
44:3D:54:BE:12:3C,ALL,udp:45302,192.168.3.1*,2,242,1,89,1,153
44:3D:54:BE:12:3C,ALL,udp:45302,192.168.3.105*,2,242,1,153,1,89
44:3D:54:BE:12:3C,ALL,udp:49588,192.168.3.1*,2,170,1,77,1,93
44:3D:54:BE:12:3C,ALL,udp:49588,192.168.3.105*,2,170,1,93,1,77
44:3D:54:BE:12:3C,ALL,udp:24300,192.168.3.1*,2,368,1,120,1,248
44:3D:54:BE:12:3C,ALL,udp:24300,192.168.3.105*,2,368,1,248,1,120
44:3D:54:BE:12:3C,ALL,udp:20205,192.168.3.1*,2,242,1,89,1,153
44:3D:54:BE:12:3C,ALL,udp:20205,192.168.3.105*,2,242,1,153,1,89
44:3D:54:BE:12:3C,ALL,udp:54706,192.168.3.1*,2,253,1,79,1,174
44:3D:54:BE:12:3C,ALL,udp:54706,192.168.3.105*,2,253,1,174,1,79
44:3D:54:BE:12:3C,ALL,udp:1076,192.168.3.1*,2,253,1,79,1,174
44:3D:54:BE:12:3C,ALL,udp:1076,192.168.3.105*,2,253,1,174,1,79
44:3D:54:BE:12:3C,ALL,udp:39392,192.168.3.1*,2,242,1,89,1,153
44:3D:54:BE:12:3C,ALL,udp:39392,192.168.3.105*,2,242,1,153,1,89
44:3D:54:BE:12:3C,ALL,udp:13636,192.168.3.1*,2,253,1,79,1,174
44:3D:54:BE:12:3C,ALL,udp:13636,192.168.3.105*,2,253,1,174,1,79
44:3D:54:BE:12:3C,ALL,udp:25955,192.168.3.1*,2,253,1,79,1,174
44:3D:54:BE:12:3C,ALL,udp:25955,192.168.3.105*,2,253,1,174,1,79
44:3D:54:BE:12:3C,ALL,udp:1066,192.168.3.1*,2,253,1,79,1,174
44:3D:54:BE:12:3C,ALL,udp:1066,192.168.3.105*,2,253,1,174,1,79
44:3D:54:BE:12:3C,ALL,udp:1136,192.168.3.1*,2,242,1,89,1,153
44:3D:54:BE:12:3C,ALL,udp:1136,192.168.3.105*,2,242,1,153,1,89
44:3D:54:BE:12:3C,ALL,udp:39733,192.168.3.1*,2,253,1,79,1,174
44:3D:54:BE:12:3C,ALL,udp:39733,192.168.3.105*,2,253,1,174,1,79
44:3D:54:BE:12:3C,ALL,udp:52976,192.168.3.1*,2,242,1,89,1,153
44:3D:54:BE:12:3C,ALL,udp:52976,192.168.3.105*,2,242,1,153,1,89
44:3D:54:BE:12:3C,ALL,udp:40809,192.168.3.1*,2,170,1,77,1,93
44:3D:54:BE:12:3C,ALL,udp:40809,192.168.3.105*,2,170,1,93,1,77
44:3D:54:BE:12:3C,ALL,udp:1539,192.168.3.1*,2,242,1,89,1,153
44:3D:54:BE:12:3C,ALL,udp:1539,192.168.3.105*,2,242,1,153,1,89
44:3D:54:BE:12:3C,ALL,udp:50245,192.168.3.1*,2,228,1,90,1,138
44:3D:54:BE:12:3C,ALL,udp:50245,192.168.3.105*,2,228,1,138,1,90
44:3D:54:BE:12:3C,ALL,udp:54239,192.168.3.1*,2,242,1,89,1,153
44:3D:54:BE:12:3C,ALL,udp:54239,192.168.3.105*,2,242,1,153,1,89
44:3D:54:BE:12:3C,ALL,udp:27024,192.168.3.1*,2,253,1,79,1,174
44:3D:54:BE:12:3C,ALL,udp:27024,192.168.3.105*,2,253,1,174,1,79
44:3D:54:BE:12:3C,ALL,udp:4410,192.168.3.1*,2,242,1,89,1,153
44:3D:54:BE:12:3C,ALL,udp:4410,192.168.3.105*,2,242,1,153,1,89
44:3D:54:BE:12:3C,ALL,udp:27715,192.168.3.1*,2,170,1,77,1,93
44:3D:54:BE:12:3C,ALL,udp:27715,192.168.3.105*,2,170,1,93,1,77
44:3D:54:BE:12:3C,ALL,udp:37906,192.168.3.1*,2,368,1,120,1,248
44:3D:54:BE:12:3C,ALL,udp:37906,192.168.3.105*,2,368,1,248,1,120
44:3D:54:BE:12:3C,ALL,udp:46709,192.168.3.1*,2,242,1,89,1,153
44:3D:54:BE:12:3C,ALL,udp:46709,192.168.3.105*,2,242,1,153,1,89
44:3D:54:BE:12:3C,ALL,udp:63256,192.168.3.1*,2,253,1,79,1,174
44:3D:54:BE:12:3C,ALL,udp:63256,192.168.3.105*,2,253,1,174,1,79
44:3D:54:BE:12:3C,ALL,udp:30914,192.168.3.1*,2,253,1,79,1,174
44:3D:54:BE:12:3C,ALL,udp:30914,192.168.3.105*,2,253,1,174,1,79
44:3D:54:BE:12:3C,ALL,udp:22055,192.168.3.1*,2,242,1,89,1,153
44:3D:54:BE:12:3C,ALL,udp:22055,192.168.3.105*,2,242,1,153,1,89
44:3D:54:BE:12:3C,ALL,udp:18489,192.168.3.1*,2,253,1,79,1,174
44:3D:54:BE:12:3C,ALL,udp:18489,192.168.3.105*,2,253,1,174,1,79
44:3D:54:BE:12:3C,ALL,udp:59803,192.168.3.1*,2,242,1,89,1,153
44:3D:54:BE:12:3C,ALL,udp:59803,192.168.3.105*,2,242,1,153,1,89
44:3D:54:BE:12:3C,ALL,udp:44802,192.168.3.1*,2,170,1,77,1,93
44:3D:54:BE:12:3C,ALL,udp:44802,192.168.3.105*,2,170,1,93,1,77
44:3D:54:BE:12:3C,ALL,udp:59885,192.168.3.1*,2,164,1,74,1,90
44:3D:54:BE:12:3C,ALL,udp:59885,192.168.3.105*,2,164,1,90,1,74
44:3D:54:BE:12:3C,ALL,udp:2285,192.168.3.1*,2,242,1,89,1,153
44:3D:54:BE:12:3C,ALL,udp:2285,192.168.3.105*,2,242,1,153,1,89
44:3D:54:BE:12:3C,ALL,udp:2649,192.168.3.1*,2,228,1,90,1,138
44:3D:54:BE:12:3C,ALL,udp:2649,192.168.3.105*,2,228,1,138,1,90
44:3D:54:BE:12:3C,ALL,udp:41340,192.168.3.1*,2,253,1,79,1,174
44:3D:54:BE:12:3C,ALL,udp:41340,192.168.3.105*,2,253,1,174,1,79
44:3D:54:BE:12:3C,ALL,udp:34065,192.168.3.1*,2,253,1,79,1,174
44:3D:54:BE:12:3C,ALL,udp:34065,192.168.3.105*,2,253,1,174,1,79
44:3D:54:BE:12:3C,ALL,udp:58336,192.168.3.1*,2,242,1,89,1,153
44:3D:54:BE:12:3C,ALL,udp:58336,192.168.3.105*,2,242,1,153,1,89
44:3D:54:BE:12:3C,ALL,udp:13911,192.168.3.1*,2,164,1,74,1,90
44:3D:54:BE:12:3C,ALL,udp:13911,192.168.3.105*,2,164,1,90,1,74
44:3D:54:BE:12:3C,ALL,udp:13663,192.168.3.1*,2,242,1,89,1,153
44:3D:54:BE:12:3C,ALL,udp:13663,192.168.3.105*,2,242,1,153,1,89
44:3D:54:BE:12:3C,ALL,udp:2966,192.168.3.1*,2,170,1,77,1,93
44:3D:54:BE:12:3C,ALL,udp:2966,192.168.3.105*,2,170,1,93,1,77
44:3D:54:BE:12:3C,ALL,udp:52323,192.168.3.1*,2,253,1,79,1,174
44:3D:54:BE:12:3C,ALL,udp:52323,192.168.3.105*,2,253,1,174,1,79
44:3D:54:BE:12:3C,ALL,udp:47746,192.168.3.1*,2,368,1,120,1,248
44:3D:54:BE:12:3C,ALL,udp:47746,192.168.3.105*,2,368,1,248,1,120
44:3D:54:BE:12:3C,ALL,udp:40411,192.168.3.1*,2,242,1,89,1,153
44:3D:54:BE:12:3C,ALL,udp:40411,192.168.3.105*,2,242,1,153,1,89
44:3D:54:BE:12:3C,ALL,udp:28297,192.168.3.1*,2,242,1,89,1,153
44:3D:54:BE:12:3C,ALL,udp:28297,192.168.3.105*,2,242,1,153,1,89
44:3D:54:BE:12:3C,ALL,udp:2051,192.168.3.1*,2,253,1,79,1,174
44:3D:54:BE:12:3C,ALL,udp:2051,192.168.3.105*,2,253,1,174,1,79
44:3D:54:BE:12:3C,ALL,udp:43023,192.168.3.1*,2,242,1,89,1,153
44:3D:54:BE:12:3C,ALL,udp:43023,192.168.3.105*,2,242,1,153,1,89
44:3D:54:BE:12:3C,ALL,udp:36973,192.168.3.1*,2,170,1,77,1,93
44:3D:54:BE:12:3C,ALL,udp:36973,192.168.3.105*,2,170,1,93,1,77
44:3D:54:BE:12:3C,ALL,udp:54747,192.168.3.1*,2,253,1,79,1,174
44:3D:54:BE:12:3C,ALL,udp:54747,192.168.3.105*,2,253,1,174,1,79
44:3D:54:BE:12:3C,ALL,udp:16940,192.168.3.1*,2,242,1,89,1,153
44:3D:54:BE:12:3C,ALL,udp:16940,192.168.3.105*,2,242,1,153,1,89
44:3D:54:BE:12:3C,ALL,udp:21104,192.168.3.1*,2,228,1,90,1,138
44:3D:54:BE:12:3C,ALL,udp:21104,192.168.3.105*,2,228,1,138,1,90
44:3D:54:BE:12:3C,ALL,udp:6705,192.168.3.1*,2,253,1,79,1,174
44:3D:54:BE:12:3C,ALL,udp:6705,192.168.3.105*,2,253,1,174,1,79
44:3D:54:BE:12:3C,ALL,udp:61142,192.168.3.1*,2,253,1,79,1,174
44:3D:54:BE:12:3C,ALL,udp:61142,192.168.3.105*,2,253,1,174,1,79
44:3D:54:BE:12:3C,ALL,udp:36430,192.168.3.1*,2,253,1,79,1,174
44:3D:54:BE:12:3C,ALL,udp:36430,192.168.3.105*,2,253,1,174,1,79
44:3D:54:BE:12:3C,ALL,udp:64739,192.168.3.1*,2,242,1,89,1,153
44:3D:54:BE:12:3C,ALL,udp:64739,192.168.3.105*,2,242,1,153,1,89
44:3D:54:BE:12:3C,ALL,udp:19497,192.168.3.1*,2,170,1,77,1,93
44:3D:54:BE:12:3C,ALL,udp:19497,192.168.3.105*,2,170,1,93,1,77
44:3D:54:BE:12:3C,ALL,udp:27523,192.168.3.1*,2,253,1,79,1,174
44:3D:54:BE:12:3C,ALL,udp:27523,192.168.3.105*,2,253,1,174,1,79
44:3D:54:BE:12:3C,ALL,udp:9473,192.168.3.1*,2,253,1,79,1,174
44:3D:54:BE:12:3C,ALL,udp:9473,192.168.3.105*,2,253,1,174,1,79
44:3D:54:BE:12:3C,ALL,udp:40339,192.168.3.1*,2,368,1,120,1,248
44:3D:54:BE:12:3C,ALL,udp:40339,192.168.3.105*,2,368,1,248,1,120
44:3D:54:BE:12:3C,ALL,udp:56131,192.168.3.1*,2,242,1,89,1,153
44:3D:54:BE:12:3C,ALL,udp:56131,192.168.3.105*,2,242,1,153,1,89
44:3D:54:BE:12:3C,ALL,udp:16159,192.168.3.1*,2,253,1,79,1,174
44:3D:54:BE:12:3C,ALL,udp:16159,192.168.3.105*,2,253,1,174,1,79
44:3D:54:BE:12:3C,ALL,udp:28498,192.168.3.1*,2,253,1,79,1,174
44:3D:54:BE:12:3C,ALL,udp:28498,192.168.3.105*,2,253,1,174,1,79
44:3D:54:BE:12:3C,ALL,udp:60901,192.168.3.1*,2,242,1,89,1,153
44:3D:54:BE:12:3C,ALL,udp:60901,192.168.3.105*,2,242,1,153,1,89
44:3D:54:BE:12:3C,ALL,udp:22777,192.168.3.1*,2,164,1,74,1,90
44:3D:54:BE:12:3C,ALL,udp:22777,192.168.3.105*,2,164,1,90,1,74
44:3D:54:BE:12:3C,ALL,udp:20702,192.168.3.1*,2,242,1,89,1,153
44:3D:54:BE:12:3C,ALL,udp:20702,192.168.3.105*,2,242,1,153,1,89
44:3D:54:BE:12:3C,ALL,udp:11178,192.168.3.1*,2,170,1,77,1,93
44:3D:54:BE:12:3C,ALL,udp:11178,192.168.3.105*,2,170,1,93,1,77
44:3D:54:BE:12:3C,ALL,udp:15447,192.168.3.1*,2,253,1,79,1,174
44:3D:54:BE:12:3C,ALL,udp:15447,192.168.3.105*,2,253,1,174,1,79
44:3D:54:BE:12:3C,ALL,udp:38624,192.168.3.1*,2,253,1,79,1,174
44:3D:54:BE:12:3C,ALL,udp:38624,192.168.3.105*,2,253,1,174,1,79
44:3D:54:BE:12:3C,ALL,udp:45104,192.168.3.1*,2,242,1,89,1,153
44:3D:54:BE:12:3C,ALL,udp:45104,192.168.3.105*,2,242,1,153,1,89
44:3D:54:BE:12:3C,ALL,udp:35558,192.168.3.1*,2,228,1,90,1,138
44:3D:54:BE:12:3C,ALL,udp:35558,192.168.3.105*,2,228,1,138,1,90
44:3D:54:BE:12:3C,ALL,udp:14928,192.168.3.1*,2,253,1,79,1,174
44:3D:54:BE:12:3C,ALL,udp:14928,192.168.3.105*,2,253,1,174,1,79
44:3D:54:BE:12:3C,ALL,udp:2042,192.168.3.1*,2,253,1,79,1,174
44:3D:54:BE:12:3C,ALL,udp:2042,192.168.3.105*,2,253,1,174,1,79
44:3D:54:BE:12:3C,ALL,udp:10701,192.168.3.1*,2,242,1,89,1,153
44:3D:54:BE:12:3C,ALL,udp:10701,192.168.3.105*,2,242,1,153,1,89
44:3D:54:BE:12:3C,ALL,udp:45893,192.168.3.1*,2,242,1,89,1,153
44:3D:54:BE:12:3C,ALL,udp:45893,192.168.3.105*,2,242,1,153,1,89
44:3D:54:BE:12:3C,ALL,udp:52788,192.168.3.1*,2,170,1,77,1,93
44:3D:54:BE:12:3C,ALL,udp:52788,192.168.3.105*,2,170,1,93,1,77
44:3D:54:BE:12:3C,ALL,udp:26251,192.168.3.1*,2,368,1,120,1,248
44:3D:54:BE:12:3C,ALL,udp:26251,192.168.3.105*,2,368,1,248,1,120
44:3D:54:BE:12:3C,ALL,udp:29105,192.168.3.1*,2,242,1,89,1,153
44:3D:54:BE:12:3C,ALL,udp:29105,192.168.3.105*,2,242,1,153,1,89
44:3D:54:BE:12:3C,ALL,udp:52463,192.168.3.1*,2,253,1,79,1,174
44:3D:54:BE:12:3C,ALL,udp:52463,192.168.3.105*,2,253,1,174,1,79
44:3D:54:BE:12:3C,ALL,udp:38432,192.168.3.1*,2,253,1,79,1,174
44:3D:54:BE:12:3C,ALL,udp:38432,192.168.3.105*,2,253,1,174,1,79
44:3D:54:BE:12:3C,ALL,udp:60455,192.168.3.1*,2,242,1,89,1,153
44:3D:54:BE:12:3C,ALL,udp:60455,192.168.3.105*,2,242,1,153,1,89
44:3D:54:BE:12:3C,ALL,udp:27941,192.168.3.1*,2,242,1,89,1,153
44:3D:54:BE:12:3C,ALL,udp:27941,192.168.3.105*,2,242,1,153,1,89
44:3D:54:BE:12:3C,ALL,udp:14991,192.168.3.1*,2,170,1,77,1,93
44:3D:54:BE:12:3C,ALL,udp:14991,192.168.3.105*,2,170,1,93,1,77
44:3D:54:BE:12:3C,ALL,udp:20191,192.168.3.1*,2,253,1,79,1,174
44:3D:54:BE:12:3C,ALL,udp:20191,192.168.3.105*,2,253,1,174,1,79
44:3D:54:BE:12:3C,ALL,udp:54395,192.168.3.1*,2,242,1,89,1,153
44:3D:54:BE:12:3C,ALL,udp:54395,192.168.3.105*,2,242,1,153,1,89
44:3D:54:BE:12:3C,ALL,udp:33456,192.168.3.1*,2,253,1,79,1,174
44:3D:54:BE:12:3C,ALL,udp:33456,192.168.3.105*,2,253,1,174,1,79
44:3D:54:BE:12:3C,ALL,udp:23307,192.168.3.1*,2,242,1,89,1,153
44:3D:54:BE:12:3C,ALL,udp:23307,192.168.3.105*,2,242,1,153,1,89
44:3D:54:BE:12:3C,ALL,udp:37891,192.168.3.1*,2,242,1,89,1,153
44:3D:54:BE:12:3C,ALL,udp:37891,192.168.3.105*,2,242,1,153,1,89
44:3D:54:BE:12:3C,ALL,udp:60841,192.168.3.1*,2,253,1,79,1,174
44:3D:54:BE:12:3C,ALL,udp:60841,192.168.3.105*,2,253,1,174,1,79
44:3D:54:BE:12:3C,ALL,udp:50246,192.168.3.1*,2,170,1,77,1,93
44:3D:54:BE:12:3C,ALL,udp:50246,192.168.3.105*,2,170,1,93,1,77
44:3D:54:BE:12:3C,ALL,udp:36187,192.168.3.1*,2,253,1,79,1,174
44:3D:54:BE:12:3C,ALL,udp:36187,192.168.3.105*,2,253,1,174,1,79
44:3D:54:BE:12:3C,ALL,udp:22762,192.168.3.1*,2,368,1,120,1,248
44:3D:54:BE:12:3C,ALL,udp:22762,192.168.3.105*,2,368,1,248,1,120
44:3D:54:BE:12:3C,ALL,udp:7648,192.168.3.1*,2,242,1,89,1,153
44:3D:54:BE:12:3C,ALL,udp:7648,192.168.3.105*,2,242,1,153,1,89
44:3D:54:BE:12:3C,ALL,udp:47898,192.168.3.1*,2,253,1,79,1,174
44:3D:54:BE:12:3C,ALL,udp:47898,192.168.3.105*,2,253,1,174,1,79
44:3D:54:BE:12:3C,ALL,udp:60306,192.168.3.1*,2,253,1,79,1,174
44:3D:54:BE:12:3C,ALL,udp:60306,192.168.3.105*,2,253,1,174,1,79
44:3D:54:BE:12:3C,ALL,udp:50453,192.168.3.1*,2,242,1,89,1,153
44:3D:54:BE:12:3C,ALL,udp:50453,192.168.3.105*,2,242,1,153,1,89
44:3D:54:BE:12:3C,ALL,udp:29445,192.168.3.1*,2,164,1,74,1,90
44:3D:54:BE:12:3C,ALL,udp:29445,192.168.3.105*,2,164,1,90,1,74
44:3D:54:BE:12:3C,ALL,udp:28472,192.168.3.1*,2,242,1,89,1,153
44:3D:54:BE:12:3C,ALL,udp:28472,192.168.3.105*,2,242,1,153,1,89
44:3D:54:BE:12:3C,ALL,udp:15091,192.168.3.1*,2,170,1,77,1,93
44:3D:54:BE:12:3C,ALL,udp:15091,192.168.3.105*,2,170,1,93,1,77
44:3D:54:BE:12:3C,ALL,udp:60599,192.168.3.1*,2,253,1,79,1,174
44:3D:54:BE:12:3C,ALL,udp:60599,192.168.3.105*,2,253,1,174,1,79
44:3D:54:BE:12:3C,ALL,udp:34859,192.168.3.1*,2,253,1,79,1,174
44:3D:54:BE:12:3C,ALL,udp:34859,192.168.3.105*,2,253,1,174,1,79
44:3D:54:BE:12:3C,ALL,udp:59776,192.168.3.1*,2,228,1,90,1,138
44:3D:54:BE:12:3C,ALL,udp:59776,192.168.3.105*,2,228,1,138,1,90
44:3D:54:BE:12:3C,ALL,udp:36023,192.168.3.1*,2,242,1,89,1,153
44:3D:54:BE:12:3C,ALL,udp:36023,192.168.3.105*,2,242,1,153,1,89
44:3D:54:BE:12:3C,ALL,udp:22550,192.168.3.1*,2,242,1,89,1,153
44:3D:54:BE:12:3C,ALL,udp:22550,192.168.3.105*,2,242,1,153,1,89
44:3D:54:BE:12:3C,ALL,udp:5744,192.168.3.1*,2,253,1,79,1,174
44:3D:54:BE:12:3C,ALL,udp:5744,192.168.3.105*,2,253,1,174,1,79
44:3D:54:BE:12:3C,ALL,udp:65080,192.168.3.1*,2,242,1,89,1,153
44:3D:54:BE:12:3C,ALL,udp:65080,192.168.3.105*,2,242,1,153,1,89
44:3D:54:BE:12:3C,ALL,udp:54812,192.168.3.1*,2,253,1,79,1,174
44:3D:54:BE:12:3C,ALL,udp:54812,192.168.3.105*,2,253,1,174,1,79
44:3D:54:BE:12:3C,ALL,udp:61046,192.168.3.1*,2,170,1,77,1,93
44:3D:54:BE:12:3C,ALL,udp:61046,192.168.3.105*,2,170,1,93,1,77
44:3D:54:BE:12:3C,ALL,udp:44716,192.168.3.1*,2,253,1,79,1,174
44:3D:54:BE:12:3C,ALL,udp:44716,192.168.3.105*,2,253,1,174,1,79
44:3D:54:BE:12:3C,ALL,udp:22501,192.168.3.1*,2,368,1,120,1,248
44:3D:54:BE:12:3C,ALL,udp:22501,192.168.3.105*,2,368,1,248,1,120
44:3D:54:BE:12:3C,ALL,udp:30030,192.168.3.1*,2,242,1,89,1,153
44:3D:54:BE:12:3C,ALL,udp:30030,192.168.3.105*,2,242,1,153,1,89
44:3D:54:BE:12:3C,ALL,udp:12135,192.168.3.1*,2,253,1,79,1,174
44:3D:54:BE:12:3C,ALL,udp:12135,192.168.3.105*,2,253,1,174,1,79
44:3D:54:BE:12:3C,ALL,udp:57299,192.168.3.1*,2,242,1,89,1,153
44:3D:54:BE:12:3C,ALL,udp:57299,192.168.3.105*,2,242,1,153,1,89
44:3D:54:BE:12:3C,ALL,udp:1717,192.168.3.1*,2,253,1,79,1,174
44:3D:54:BE:12:3C,ALL,udp:1717,192.168.3.105*,2,253,1,174,1,79
44:3D:54:BE:12:3C,ALL,udp:6779,192.168.3.1*,2,401,1,86,1,315
44:3D:54:BE:12:3C,ALL,udp:6779,192.168.3.105*,2,401,1,315,1,86
44:3D:54:BE:12:3C,ALL,udp:32198,192.168.3.1*,2,401,1,86,1,315
44:3D:54:BE:12:3C,ALL,udp:32198,192.168.3.105*,2,401,1,315,1,86
44:3D:54:BE:12:3C,ALL,udp:29104,192.168.3.1*,2,242,1,89,1,153
44:3D:54:BE:12:3C,ALL,udp:29104,192.168.3.105*,2,242,1,153,1,89
44:3D:54:BE:12:3C,ALL,udp:25818,192.168.3.1*,2,170,1,77,1,93
44:3D:54:BE:12:3C,ALL,udp:25818,192.168.3.105*,2,170,1,93,1,77
44:3D:54:BE:12:3C,ALL,udp:56699,192.168.3.1*,2,228,1,90,1,138
44:3D:54:BE:12:3C,ALL,udp:56699,192.168.3.105*,2,228,1,138,1,90
44:3D:54:BE:12:3C,ALL,udp:64294,192.168.3.1*,2,242,1,89,1,153
44:3D:54:BE:12:3C,ALL,udp:64294,192.168.3.105*,2,242,1,153,1,89
44:3D:54:BE:12:3C,ALL,udp:30054,192.168.3.1*,2,253,1,79,1,174
44:3D:54:BE:12:3C,ALL,udp:30054,192.168.3.105*,2,253,1,174,1,79
44:3D:54:BE:12:3C,ALL,udp:6731,192.168.3.1*,2,242,1,89,1,153
44:3D:54:BE:12:3C,ALL,udp:6731,192.168.3.105*,2,242,1,153,1,89
44:3D:54:BE:12:3C,ALL,udp:22718,192.168.3.1*,2,253,1,79,1,174
44:3D:54:BE:12:3C,ALL,udp:22718,192.168.3.105*,2,253,1,174,1,79
44:3D:54:BE:12:3C,ALL,udp:52093,192.168.3.1*,2,253,1,79,1,174
44:3D:54:BE:12:3C,ALL,udp:52093,192.168.3.105*,2,253,1,174,1,79
44:3D:54:BE:12:3C,ALL,udp:38127,192.168.3.1*,2,164,1,74,1,90
44:3D:54:BE:12:3C,ALL,udp:38127,192.168.3.105*,2,164,1,90,1,74
44:3D:54:BE:12:3C,ALL,udp:38932,192.168.3.1*,2,242,1,89,1,153
44:3D:54:BE:12:3C,ALL,udp:38932,192.168.3.105*,2,242,1,153,1,89
44:3D:54:BE:12:3C,ALL,udp:7638,192.168.3.1*,2,170,1,77,1,93
44:3D:54:BE:12:3C,ALL,udp:7638,192.168.3.105*,2,170,1,93,1,77
44:3D:54:BE:12:3C,ALL,udp:56603,192.168.3.1*,2,368,1,120,1,248
44:3D:54:BE:12:3C,ALL,udp:56603,192.168.3.105*,2,368,1,248,1,120
44:3D:54:BE:12:3C,ALL,udp:40039,192.168.3.1*,2,242,1,89,1,153
44:3D:54:BE:12:3C,ALL,udp:40039,192.168.3.105*,2,242,1,153,1,89
44:3D:54:BE:12:3C,ALL,udp:12091,192.168.3.1*,2,242,1,89,1,153
44:3D:54:BE:12:3C,ALL,udp:12091,192.168.3.105*,2,242,1,153,1,89
44:3D:54:BE:12:3C,ALL,udp:24848,192.168.3.1*,2,164,1,74,1,90
44:3D:54:BE:12:3C,ALL,udp:24848,192.168.3.105*,2,164,1,90,1,74
44:3D:54:BE:12:3C,ALL,udp:15002,192.168.3.1*,2,253,1,79,1,174
44:3D:54:BE:12:3C,ALL,udp:15002,192.168.3.105*,2,253,1,174,1,79
44:3D:54:BE:12:3C,ALL,udp:39909,192.168.3.1*,2,242,1,89,1,153
44:3D:54:BE:12:3C,ALL,udp:39909,192.168.3.105*,2,242,1,153,1,89
44:3D:54:BE:12:3C,ALL,udp:44158,192.168.3.1*,2,170,1,77,1,93
44:3D:54:BE:12:3C,ALL,udp:44158,192.168.3.105*,2,170,1,93,1,77
44:3D:54:BE:12:3C,ALL,udp:52656,192.168.3.1*,2,228,1,90,1,138
44:3D:54:BE:12:3C,ALL,udp:52656,192.168.3.105*,2,228,1,138,1,90
44:3D:54:BE:12:3C,ALL,udp:13931,192.168.3.1*,2,253,1,79,1,174
44:3D:54:BE:12:3C,ALL,udp:13931,192.168.3.105*,2,253,1,174,1,79
44:3D:54:BE:12:3C,ALL,udp:29243,192.168.3.1*,2,253,1,79,1,174
44:3D:54:BE:12:3C,ALL,udp:29243,192.168.3.105*,2,253,1,174,1,79
44:3D:54:BE:12:3C,ALL,udp:12539,192.168.3.1*,2,242,1,89,1,153
44:3D:54:BE:12:3C,ALL,udp:12539,192.168.3.105*,2,242,1,153,1,89
44:3D:54:BE:12:3C,ALL,udp:10259,192.168.3.1*,2,253,1,79,1,174
44:3D:54:BE:12:3C,ALL,udp:10259,192.168.3.105*,2,253,1,174,1,79
44:3D:54:BE:12:3C,ALL,udp:40530,192.168.3.1*,2,242,1,89,1,153
44:3D:54:BE:12:3C,ALL,udp:40530,192.168.3.105*,2,242,1,153,1,89
44:3D:54:BE:12:3C,ALL,udp:44352,192.168.3.1*,2,253,1,79,1,174
44:3D:54:BE:12:3C,ALL,udp:44352,192.168.3.105*,2,253,1,174,1,79
44:3D:54:BE:12:3C,ALL,udp:41188,192.168.3.1*,2,253,1,79,1,174
44:3D:54:BE:12:3C,ALL,udp:41188,192.168.3.105*,2,253,1,174,1,79
44:3D:54:BE:12:3C,ALL,udp:19946,192.168.3.1*,2,242,1,89,1,153
44:3D:54:BE:12:3C,ALL,udp:19946,192.168.3.105*,2,242,1,153,1,89
44:3D:54:BE:12:3C,ALL,udp:6552,192.168.3.1*,2,170,1,77,1,93
44:3D:54:BE:12:3C,ALL,udp:6552,192.168.3.105*,2,170,1,93,1,77
44:3D:54:BE:12:3C,ALL,udp:49903,192.168.3.1*,2,368,1,120,1,248
44:3D:54:BE:12:3C,ALL,udp:49903,192.168.3.105*,2,368,1,248,1,120
44:3D:54:BE:12:3C,ALL,udp:1889,192.168.3.1*,2,242,1,89,1,153
44:3D:54:BE:12:3C,ALL,udp:1889,192.168.3.105*,2,242,1,153,1,89
44:3D:54:BE:12:3C,ALL,udp:28234,192.168.3.1*,2,242,1,89,1,153
44:3D:54:BE:12:3C,ALL,udp:28234,192.168.3.105*,2,242,1,153,1,89
44:3D:54:BE:12:3C,ALL,udp:19746,192.168.3.1*,2,253,1,79,1,174
44:3D:54:BE:12:3C,ALL,udp:19746,192.168.3.105*,2,253,1,174,1,79
44:3D:54:BE:12:3C,ALL,udp:4601,192.168.3.1*,2,253,1,79,1,174
44:3D:54:BE:12:3C,ALL,udp:4601,192.168.3.105*,2,253,1,174,1,79
44:3D:54:BE:12:3C,ALL,udp:54040,192.168.3.1*,2,253,1,79,1,174
44:3D:54:BE:12:3C,ALL,udp:54040,192.168.3.105*,2,253,1,174,1,79
44:3D:54:BE:12:3C,ALL,udp:57439,192.168.3.1*,2,242,1,89,1,153
44:3D:54:BE:12:3C,ALL,udp:57439,192.168.3.105*,2,242,1,153,1,89
44:3D:54:BE:12:3C,ALL,udp:56375,192.168.3.1*,2,228,1,90,1,138
44:3D:54:BE:12:3C,ALL,udp:56375,192.168.3.105*,2,228,1,138,1,90
44:3D:54:BE:12:3C,ALL,udp:4012,192.168.3.1*,2,253,1,79,1,174
44:3D:54:BE:12:3C,ALL,udp:4012,192.168.3.105*,2,253,1,174,1,79
44:3D:54:BE:12:3C,ALL,udp:9836,192.168.3.1*,2,242,1,89,1,153
44:3D:54:BE:12:3C,ALL,udp:9836,192.168.3.105*,2,242,1,153,1,89
44:3D:54:BE:12:3C,ALL,udp:52821,192.168.3.1*,2,253,1,79,1,174
44:3D:54:BE:12:3C,ALL,udp:52821,192.168.3.105*,2,253,1,174,1,79
44:3D:54:BE:12:3C,ALL,udp:51679,192.168.3.1*,2,242,1,89,1,153
44:3D:54:BE:12:3C,ALL,udp:51679,192.168.3.105*,2,242,1,153,1,89
44:3D:54:BE:12:3C,ALL,udp:4003,192.168.3.1*,2,242,1,89,1,153
44:3D:54:BE:12:3C,ALL,udp:4003,192.168.3.105*,2,242,1,153,1,89
44:3D:54:BE:12:3C,ALL,udp:30900,192.168.3.1*,2,170,1,77,1,93
44:3D:54:BE:12:3C,ALL,udp:30900,192.168.3.105*,2,170,1,93,1,77
44:3D:54:BE:12:3C,ALL,udp:28023,192.168.3.1*,2,253,1,79,1,174
44:3D:54:BE:12:3C,ALL,udp:28023,192.168.3.105*,2,253,1,174,1,79
44:3D:54:BE:12:3C,ALL,udp:39769,192.168.3.1*,2,368,1,120,1,248
44:3D:54:BE:12:3C,ALL,udp:39769,192.168.3.105*,2,368,1,248,1,120
44:3D:54:BE:12:3C,ALL,udp:5351,192.168.3.1*,2,164,1,74,1,90
44:3D:54:BE:12:3C,ALL,udp:5351,192.168.3.105*,2,164,1,90,1,74
44:3D:54:BE:12:3C,ALL,udp:28480,192.168.3.1*,2,242,1,89,1,153
44:3D:54:BE:12:3C,ALL,udp:28480,192.168.3.105*,2,242,1,153,1,89
44:3D:54:BE:12:3C,ALL,udp:39936,192.168.3.1*,2,253,1,79,1,174
44:3D:54:BE:12:3C,ALL,udp:39936,192.168.3.105*,2,253,1,174,1,79
44:3D:54:BE:12:3C,ALL,udp:41943,192.168.3.1*,2,228,1,90,1,138
44:3D:54:BE:12:3C,ALL,udp:41943,192.168.3.105*,2,228,1,138,1,90
44:3D:54:BE:12:3C,ALL,udp:48608,192.168.3.1*,2,242,1,89,1,153
44:3D:54:BE:12:3C,ALL,udp:48608,192.168.3.105*,2,242,1,153,1,89
44:3D:54:BE:12:3C,ALL,udp:41074,192.168.3.1*,2,170,1,77,1,93
44:3D:54:BE:12:3C,ALL,udp:41074,192.168.3.105*,2,170,1,93,1,77
44:3D:54:BE:12:3C,ALL,udp:63910,192.168.3.1*,2,253,1,79,1,174
44:3D:54:BE:12:3C,ALL,udp:63910,192.168.3.105*,2,253,1,174,1,79
44:3D:54:BE:12:3C,ALL,udp:56464,192.168.3.1*,2,242,1,89,1,153
44:3D:54:BE:12:3C,ALL,udp:56464,192.168.3.105*,2,242,1,153,1,89
44:3D:54:BE:12:3C,ALL,udp:42860,192.168.3.1*,2,253,1,79,1,174
44:3D:54:BE:12:3C,ALL,udp:42860,192.168.3.105*,2,253,1,174,1,79
44:3D:54:BE:12:3C,ALL,udp:27180,192.168.3.1*,2,253,1,79,1,174
44:3D:54:BE:12:3C,ALL,udp:27180,192.168.3.105*,2,253,1,174,1,79
44:3D:54:BE:12:3C,ALL,udp:24695,192.168.3.1*,2,253,1,79,1,174
44:3D:54:BE:12:3C,ALL,udp:24695,192.168.3.105*,2,253,1,174,1,79
44:3D:54:BE:12:3C,ALL,udp:3935,192.168.3.1*,2,242,1,89,1,153
44:3D:54:BE:12:3C,ALL,udp:3935,192.168.3.105*,2,242,1,153,1,89
44:3D:54:BE:12:3C,ALL,udp:24052,192.168.3.1*,2,170,1,77,1,93
44:3D:54:BE:12:3C,ALL,udp:24052,192.168.3.105*,2,170,1,93,1,77
44:3D:54:BE:12:3C,ALL,udp:51692,192.168.3.1*,2,368,1,120,1,248
44:3D:54:BE:12:3C,ALL,udp:51692,192.168.3.105*,2,368,1,248,1,120
44:3D:54:BE:12:3C,ALL,udp:36148,192.168.3.1*,2,253,1,79,1,174
44:3D:54:BE:12:3C,ALL,udp:36148,192.168.3.105*,2,253,1,174,1,79
44:3D:54:BE:12:3C,ALL,udp:1910,192.168.3.1*,2,242,1,89,1,153
44:3D:54:BE:12:3C,ALL,udp:1910,192.168.3.105*,2,242,1,153,1,89
44:3D:54:BE:12:3C,ALL,udp:4146,192.168.3.1*,2,253,1,79,1,174
44:3D:54:BE:12:3C,ALL,udp:4146,192.168.3.105*,2,253,1,174,1,79
44:3D:54:BE:12:3C,ALL,udp:25056,192.168.3.1*,2,242,1,89,1,153
44:3D:54:BE:12:3C,ALL,udp:25056,192.168.3.105*,2,242,1,153,1,89
44:3D:54:BE:12:3C,ALL,udp:26913,192.168.3.1*,2,253,1,79,1,174
44:3D:54:BE:12:3C,ALL,udp:26913,192.168.3.105*,2,253,1,174,1,79
44:3D:54:BE:12:3C,ALL,udp:41607,192.168.3.1*,2,253,1,79,1,174
44:3D:54:BE:12:3C,ALL,udp:41607,192.168.3.105*,2,253,1,174,1,79
44:3D:54:BE:12:3C,ALL,udp:46203,192.168.3.1*,2,228,1,90,1,138
44:3D:54:BE:12:3C,ALL,udp:46203,192.168.3.105*,2,228,1,138,1,90
44:3D:54:BE:12:3C,ALL,udp:38509,192.168.3.1*,2,242,1,89,1,153
44:3D:54:BE:12:3C,ALL,udp:38509,192.168.3.105*,2,242,1,153,1,89
44:3D:54:BE:12:3C,ALL,udp:63448,192.168.3.1*,2,170,1,77,1,93
44:3D:54:BE:12:3C,ALL,udp:63448,192.168.3.105*,2,170,1,93,1,77
44:3D:54:BE:12:3C,ALL,udp:8617,192.168.3.1*,2,253,1,79,1,174
44:3D:54:BE:12:3C,ALL,udp:8617,192.168.3.105*,2,253,1,174,1,79
44:3D:54:BE:12:3C,ALL,udp:59721,192.168.3.1*,2,242,1,89,1,153
44:3D:54:BE:12:3C,ALL,udp:59721,192.168.3.105*,2,242,1,153,1,89
44:3D:54:BE:12:3C,ALL,udp:63244,192.168.3.1*,2,253,1,79,1,174
44:3D:54:BE:12:3C,ALL,udp:63244,192.168.3.105*,2,253,1,174,1,79
44:3D:54:BE:12:3C,ALL,udp:10810,192.168.3.1*,2,242,1,89,1,153
44:3D:54:BE:12:3C,ALL,udp:10810,192.168.3.105*,2,242,1,153,1,89
44:3D:54:BE:12:3C,ALL,udp:43139,192.168.3.1*,2,253,1,79,1,174
44:3D:54:BE:12:3C,ALL,udp:43139,192.168.3.105*,2,253,1,174,1,79
44:3D:54:BE:12:3C,ALL,udp:51943,192.168.3.1*,2,242,1,89,1,153
44:3D:54:BE:12:3C,ALL,udp:51943,192.168.3.105*,2,242,1,153,1,89
44:3D:54:BE:12:3C,ALL,udp:50758,192.168.3.1*,2,170,1,77,1,93
44:3D:54:BE:12:3C,ALL,udp:50758,192.168.3.105*,2,170,1,93,1,77
44:3D:54:BE:12:3C,ALL,udp:18324,192.168.3.1*,2,253,1,79,1,174
44:3D:54:BE:12:3C,ALL,udp:18324,192.168.3.105*,2,253,1,174,1,79
44:3D:54:BE:12:3C,ALL,udp:16533,192.168.3.1*,2,242,1,89,1,153
44:3D:54:BE:12:3C,ALL,udp:16533,192.168.3.105*,2,242,1,153,1,89
44:3D:54:BE:12:3C,ALL,udp:40865,192.168.3.1*,2,164,1,74,1,90
44:3D:54:BE:12:3C,ALL,udp:40865,192.168.3.105*,2,164,1,90,1,74
44:3D:54:BE:12:3C,ALL,udp:36557,192.168.3.1*,2,242,1,89,1,153
44:3D:54:BE:12:3C,ALL,udp:36557,192.168.3.105*,2,242,1,153,1,89
44:3D:54:BE:12:3C,ALL,udp:7108,192.168.3.1*,2,253,1,79,1,174
44:3D:54:BE:12:3C,ALL,udp:7108,192.168.3.105*,2,253,1,174,1,79
44:3D:54:BE:12:3C,ALL,udp:3917,192.168.3.1*,2,228,1,90,1,138
44:3D:54:BE:12:3C,ALL,udp:3917,192.168.3.105*,2,228,1,138,1,90
44:3D:54:BE:12:3C,ALL,udp:41464,192.168.3.1*,2,242,1,89,1,153
44:3D:54:BE:12:3C,ALL,udp:41464,192.168.3.105*,2,242,1,153,1,89
44:3D:54:BE:12:3C,ALL,udp:51443,192.168.3.1*,2,170,1,77,1,93
44:3D:54:BE:12:3C,ALL,udp:51443,192.168.3.105*,2,170,1,93,1,77
44:3D:54:BE:12:3C,ALL,udp:35620,192.168.3.1*,2,253,1,79,1,174
44:3D:54:BE:12:3C,ALL,udp:35620,192.168.3.105*,2,253,1,174,1,79
44:3D:54:BE:12:3C,ALL,udp:30200,192.168.3.1*,2,253,1,79,1,174
44:3D:54:BE:12:3C,ALL,udp:30200,192.168.3.105*,2,253,1,174,1,79
44:3D:54:BE:12:3C,ALL,udp:5435,192.168.3.1*,2,242,1,89,1,153
44:3D:54:BE:12:3C,ALL,udp:5435,192.168.3.105*,2,242,1,153,1,89
44:3D:54:BE:12:3C,ALL,udp:48886,192.168.3.1*,2,228,1,90,1,138
44:3D:54:BE:12:3C,ALL,udp:48886,192.168.3.105*,2,228,1,138,1,90
44:3D:54:BE:12:3C,ALL,udp:49679,192.168.3.1*,2,242,1,89,1,153
44:3D:54:BE:12:3C,ALL,udp:49679,192.168.3.105*,2,242,1,153,1,89
44:3D:54:BE:12:3C,ALL,udp:33891,192.168.3.1*,2,253,1,79,1,174
44:3D:54:BE:12:3C,ALL,udp:33891,192.168.3.105*,2,253,1,174,1,79
44:3D:54:BE:12:3C,ALL,udp:21285,192.168.3.1*,2,253,1,79,1,174
44:3D:54:BE:12:3C,ALL,udp:21285,192.168.3.105*,2,253,1,174,1,79
44:3D:54:BE:12:3C,ALL,udp:30462,192.168.3.1*,2,242,1,89,1,153
44:3D:54:BE:12:3C,ALL,udp:30462,192.168.3.105*,2,242,1,153,1,89
44:3D:54:BE:12:3C,ALL,udp:55286,192.168.3.1*,2,170,1,77,1,93
44:3D:54:BE:12:3C,ALL,udp:55286,192.168.3.105*,2,170,1,93,1,77
44:3D:54:BE:12:3C,ALL,udp:4883,192.168.3.1*,2,368,1,120,1,248
44:3D:54:BE:12:3C,ALL,udp:4883,192.168.3.105*,2,368,1,248,1,120
44:3D:54:BE:12:3C,ALL,udp:8327,192.168.3.1*,2,242,1,89,1,153
44:3D:54:BE:12:3C,ALL,udp:8327,192.168.3.105*,2,242,1,153,1,89
44:3D:54:BE:12:3C,ALL,udp:14740,192.168.3.1*,2,253,1,79,1,174
44:3D:54:BE:12:3C,ALL,udp:14740,192.168.3.105*,2,253,1,174,1,79
44:3D:54:BE:12:3C,ALL,udp:34028,192.168.3.1*,2,242,1,89,1,153
44:3D:54:BE:12:3C,ALL,udp:34028,192.168.3.105*,2,242,1,153,1,89
44:3D:54:BE:12:3C,ALL,udp:1990,192.168.3.1*,2,228,1,90,1,138
44:3D:54:BE:12:3C,ALL,udp:1990,192.168.3.105*,2,228,1,138,1,90
44:3D:54:BE:12:3C,ALL,udp:4863,192.168.3.1*,2,242,1,89,1,153
44:3D:54:BE:12:3C,ALL,udp:4863,192.168.3.105*,2,242,1,153,1,89
44:3D:54:BE:12:3C,ALL,udp:25652,192.168.3.1*,2,170,1,77,1,93
44:3D:54:BE:12:3C,ALL,udp:25652,192.168.3.105*,2,170,1,93,1,77
44:3D:54:BE:12:3C,ALL,udp:26722,192.168.3.1*,2,253,1,79,1,174
44:3D:54:BE:12:3C,ALL,udp:26722,192.168.3.105*,2,253,1,174,1,79
44:3D:54:BE:12:3C,ALL,udp:48562,192.168.3.1*,2,253,1,79,1,174
44:3D:54:BE:12:3C,ALL,udp:48562,192.168.3.105*,2,253,1,174,1,79
44:3D:54:BE:12:3C,ALL,udp:39732,192.168.3.1*,2,242,1,89,1,153
44:3D:54:BE:12:3C,ALL,udp:39732,192.168.3.105*,2,242,1,153,1,89
44:3D:54:BE:12:3C,ALL,udp:58718,192.168.3.1*,2,253,1,79,1,174
44:3D:54:BE:12:3C,ALL,udp:58718,192.168.3.105*,2,253,1,174,1,79
44:3D:54:BE:12:3C,ALL,udp:59118,192.168.3.1*,2,253,1,79,1,174
44:3D:54:BE:12:3C,ALL,udp:59118,192.168.3.105*,2,253,1,174,1,79
44:3D:54:BE:12:3C,ALL,udp:1565,192.168.3.1*,2,242,1,89,1,153
44:3D:54:BE:12:3C,ALL,udp:1565,192.168.3.105*,2,242,1,153,1,89
44:3D:54:BE:12:3C,ALL,udp:53347,192.168.3.1*,2,242,1,89,1,153
44:3D:54:BE:12:3C,ALL,udp:53347,192.168.3.105*,2,242,1,153,1,89
44:3D:54:BE:12:3C,ALL,udp:48946,192.168.3.1*,2,170,1,77,1,93
44:3D:54:BE:12:3C,ALL,udp:48946,192.168.3.105*,2,170,1,93,1,77
44:3D:54:BE:12:3C,ALL,udp:16461,192.168.3.1*,2,253,1,79,1,174
44:3D:54:BE:12:3C,ALL,udp:16461,192.168.3.105*,2,253,1,174,1,79
44:3D:54:BE:12:3C,ALL,udp:27545,192.168.3.1*,2,368,1,120,1,248
44:3D:54:BE:12:3C,ALL,udp:27545,192.168.3.105*,2,368,1,248,1,120
44:3D:54:BE:12:3C,ALL,udp:18905,192.168.3.1*,2,242,1,89,1,153
44:3D:54:BE:12:3C,ALL,udp:18905,192.168.3.105*,2,242,1,153,1,89
44:3D:54:BE:12:3C,ALL,udp:12200,192.168.3.1*,2,164,1,74,1,90
44:3D:54:BE:12:3C,ALL,udp:12200,192.168.3.105*,2,164,1,90,1,74
44:3D:54:BE:12:3C,ALL,udp:34046,192.168.3.1*,2,253,1,79,1,174
44:3D:54:BE:12:3C,ALL,udp:34046,192.168.3.105*,2,253,1,174,1,79
44:3D:54:BE:12:3C,ALL,udp:34773,192.168.3.1*,2,242,1,89,1,153
44:3D:54:BE:12:3C,ALL,udp:34773,192.168.3.105*,2,242,1,153,1,89
44:3D:54:BE:12:3C,ALL,udp:33857,192.168.3.1*,2,228,1,90,1,138
44:3D:54:BE:12:3C,ALL,udp:33857,192.168.3.105*,2,228,1,138,1,90
44:3D:54:BE:12:3C,ALL,udp:21720,192.168.3.1*,2,253,1,79,1,174
44:3D:54:BE:12:3C,ALL,udp:21720,192.168.3.105*,2,253,1,174,1,79
44:3D:54:BE:12:3C,ALL,udp:16368,192.168.3.1*,2,253,1,79,1,174
44:3D:54:BE:12:3C,ALL,udp:16368,192.168.3.105*,2,253,1,174,1,79
44:3D:54:BE:12:3C,ALL,udp:28949,192.168.3.1*,2,253,1,79,1,174
44:3D:54:BE:12:3C,ALL,udp:28949,192.168.3.105*,2,253,1,174,1,79
44:3D:54:BE:12:3C,ALL,udp:34489,192.168.3.1*,2,242,1,89,1,153
44:3D:54:BE:12:3C,ALL,udp:34489,192.168.3.105*,2,242,1,153,1,89
44:3D:54:BE:12:3C,ALL,udp:52366,192.168.3.1*,2,170,1,77,1,93
44:3D:54:BE:12:3C,ALL,udp:52366,192.168.3.105*,2,170,1,93,1,77
44:3D:54:BE:12:3C,ALL,udp:22390,192.168.3.1*,2,242,1,89,1,153
44:3D:54:BE:12:3C,ALL,udp:22390,192.168.3.105*,2,242,1,153,1,89
44:3D:54:BE:12:3C,ALL,udp:9429,192.168.3.1*,2,253,1,79,1,174
44:3D:54:BE:12:3C,ALL,udp:9429,192.168.3.105*,2,253,1,174,1,79
44:3D:54:BE:12:3C,ALL,udp:46654,192.168.3.1*,2,242,1,89,1,153
44:3D:54:BE:12:3C,ALL,udp:46654,192.168.3.105*,2,242,1,153,1,89
44:3D:54:BE:12:3C,ALL,udp:11200,192.168.3.1*,2,253,1,79,1,174
44:3D:54:BE:12:3C,ALL,udp:11200,192.168.3.105*,2,253,1,174,1,79
44:3D:54:BE:12:3C,ALL,udp:16076,192.168.3.1*,2,170,1,77,1,93
44:3D:54:BE:12:3C,ALL,udp:16076,192.168.3.105*,2,170,1,93,1,77
44:3D:54:BE:12:3C,ALL,udp:41193,192.168.3.1*,2,368,1,120,1,248
44:3D:54:BE:12:3C,ALL,udp:41193,192.168.3.105*,2,368,1,248,1,120
44:3D:54:BE:12:3C,ALL,udp:60945,192.168.3.1*,2,253,1,79,1,174
44:3D:54:BE:12:3C,ALL,udp:60945,192.168.3.105*,2,253,1,174,1,79
44:3D:54:BE:12:3C,ALL,udp:63635,192.168.3.1*,2,242,1,89,1,153
44:3D:54:BE:12:3C,ALL,udp:63635,192.168.3.105*,2,242,1,153,1,89
44:3D:54:BE:12:3C,ALL,udp:4317,192.168.3.1*,2,228,1,90,1,138
44:3D:54:BE:12:3C,ALL,udp:4317,192.168.3.105*,2,228,1,138,1,90
44:3D:54:BE:12:3C,ALL,udp:7434,192.168.3.1*,2,242,1,89,1,153
44:3D:54:BE:12:3C,ALL,udp:7434,192.168.3.105*,2,242,1,153,1,89
44:3D:54:BE:12:3C,ALL,udp:35636,192.168.3.1*,2,242,1,89,1,153
44:3D:54:BE:12:3C,ALL,udp:35636,192.168.3.105*,2,242,1,153,1,89
44:3D:54:BE:12:3C,ALL,udp:45387,192.168.3.1*,2,170,1,77,1,93
44:3D:54:BE:12:3C,ALL,udp:45387,192.168.3.105*,2,170,1,93,1,77
44:3D:54:BE:12:3C,ALL,udp:13235,192.168.3.1*,2,242,1,89,1,153
44:3D:54:BE:12:3C,ALL,udp:13235,192.168.3.105*,2,242,1,153,1,89
44:3D:54:BE:12:3C,ALL,udp:11335,192.168.3.1*,2,253,1,79,1,174
44:3D:54:BE:12:3C,ALL,udp:11335,192.168.3.105*,2,253,1,174,1,79
44:3D:54:BE:12:3C,ALL,udp:24433,192.168.3.1*,2,253,1,79,1,174
44:3D:54:BE:12:3C,ALL,udp:24433,192.168.3.105*,2,253,1,174,1,79
44:3D:54:BE:12:3C,ALL,udp:18050,192.168.3.1*,2,253,1,79,1,174
44:3D:54:BE:12:3C,ALL,udp:18050,192.168.3.105*,2,253,1,174,1,79
44:3D:54:BE:12:3C,ALL,udp:63844,192.168.3.1*,2,253,1,79,1,174
44:3D:54:BE:12:3C,ALL,udp:63844,192.168.3.105*,2,253,1,174,1,79
44:3D:54:BE:12:3C,ALL,udp:37073,192.168.3.1*,2,242,1,89,1,153
44:3D:54:BE:12:3C,ALL,udp:37073,192.168.3.105*,2,242,1,153,1,89
44:3D:54:BE:12:3C,ALL,udp:38086,192.168.3.1*,2,253,1,79,1,174
44:3D:54:BE:12:3C,ALL,udp:38086,192.168.3.105*,2,253,1,174,1,79
44:3D:54:BE:12:3C,ALL,udp:18902,192.168.3.1*,2,242,1,89,1,153
44:3D:54:BE:12:3C,ALL,udp:18902,192.168.3.105*,2,242,1,153,1,89
44:3D:54:BE:12:3C,ALL,udp:4520,192.168.3.1*,2,170,1,77,1,93
44:3D:54:BE:12:3C,ALL,udp:4520,192.168.3.105*,2,170,1,93,1,77
44:3D:54:BE:12:3C,ALL,udp:46201,192.168.3.1*,2,368,1,120,1,248
44:3D:54:BE:12:3C,ALL,udp:46201,192.168.3.105*,2,368,1,248,1,120
44:3D:54:BE:12:3C,ALL,udp:40967,192.168.3.1*,2,164,1,74,1,90
44:3D:54:BE:12:3C,ALL,udp:40967,192.168.3.105*,2,164,1,90,1,74
44:3D:54:BE:12:3C,ALL,udp:47016,192.168.3.1*,2,253,1,79,1,174
44:3D:54:BE:12:3C,ALL,udp:47016,192.168.3.105*,2,253,1,174,1,79
44:3D:54:BE:12:3C,ALL,udp:64346,192.168.3.1*,2,242,1,89,1,153
44:3D:54:BE:12:3C,ALL,udp:64346,192.168.3.105*,2,242,1,153,1,89
44:3D:54:BE:12:3C,ALL,udp:21000,192.168.3.1*,2,253,1,79,1,174
44:3D:54:BE:12:3C,ALL,udp:21000,192.168.3.105*,2,253,1,174,1,79
44:3D:54:BE:12:3C,ALL,udp:4049,192.168.3.1*,2,242,1,89,1,153
44:3D:54:BE:12:3C,ALL,udp:4049,192.168.3.105*,2,242,1,153,1,89
44:3D:54:BE:12:3C,ALL,udp:7501,192.168.3.1*,2,164,1,74,1,90
44:3D:54:BE:12:3C,ALL,udp:7501,192.168.3.105*,2,164,1,90,1,74
44:3D:54:BE:12:3C,ALL,udp:37061,192.168.3.1*,2,253,1,79,1,174
44:3D:54:BE:12:3C,ALL,udp:37061,192.168.3.105*,2,253,1,174,1,79
44:3D:54:BE:12:3C,ALL,udp:57832,192.168.3.1*,2,242,1,89,1,153
44:3D:54:BE:12:3C,ALL,udp:57832,192.168.3.105*,2,242,1,153,1,89
44:3D:54:BE:12:3C,ALL,udp:53793,192.168.3.1*,2,170,1,77,1,93
44:3D:54:BE:12:3C,ALL,udp:53793,192.168.3.105*,2,170,1,93,1,77
44:3D:54:BE:12:3C,ALL,udp:14691,192.168.3.1*,2,401,1,86,1,315
44:3D:54:BE:12:3C,ALL,udp:14691,192.168.3.105*,2,401,1,315,1,86
44:3D:54:BE:12:3C,ALL,udp:5393,192.168.3.1*,2,253,1,79,1,174
44:3D:54:BE:12:3C,ALL,udp:5393,192.168.3.105*,2,253,1,174,1,79
44:3D:54:BE:12:3C,ALL,udp:1930,192.168.3.1*,2,242,1,89,1,153
44:3D:54:BE:12:3C,ALL,udp:1930,192.168.3.105*,2,242,1,153,1,89
44:3D:54:BE:12:3C,ALL,udp:24022,192.168.3.1*,2,242,1,89,1,153
44:3D:54:BE:12:3C,ALL,udp:24022,192.168.3.105*,2,242,1,153,1,89
44:3D:54:BE:12:3C,ALL,udp:14235,192.168.3.1*,2,253,1,79,1,174
44:3D:54:BE:12:3C,ALL,udp:14235,192.168.3.105*,2,253,1,174,1,79
44:3D:54:BE:12:3C,ALL,udp:25314,192.168.3.1*,2,253,1,79,1,174
44:3D:54:BE:12:3C,ALL,udp:25314,192.168.3.105*,2,253,1,174,1,79
44:3D:54:BE:12:3C,ALL,udp:34783,192.168.3.1*,2,242,1,89,1,153
44:3D:54:BE:12:3C,ALL,udp:34783,192.168.3.105*,2,242,1,153,1,89
44:3D:54:BE:12:3C,ALL,udp:61553,192.168.3.1*,2,170,1,77,1,93
44:3D:54:BE:12:3C,ALL,udp:61553,192.168.3.105*,2,170,1,93,1,77
44:3D:54:BE:12:3C,ALL,udp:8620,192.168.3.1*,2,253,1,79,1,174
44:3D:54:BE:12:3C,ALL,udp:8620,192.168.3.105*,2,253,1,174,1,79
44:3D:54:BE:12:3C,ALL,udp:11773,192.168.3.1*,2,368,1,120,1,248
44:3D:54:BE:12:3C,ALL,udp:11773,192.168.3.105*,2,368,1,248,1,120
44:3D:54:BE:12:3C,ALL,udp:8611,192.168.3.1*,2,253,1,79,1,174
44:3D:54:BE:12:3C,ALL,udp:8611,192.168.3.105*,2,253,1,174,1,79
44:3D:54:BE:12:3C,ALL,udp:12738,192.168.3.1*,2,242,1,89,1,153
44:3D:54:BE:12:3C,ALL,udp:12738,192.168.3.105*,2,242,1,153,1,89
44:3D:54:BE:12:3C,ALL,udp:33984,192.168.3.1*,2,228,1,90,1,138
44:3D:54:BE:12:3C,ALL,udp:33984,192.168.3.105*,2,228,1,138,1,90
44:3D:54:BE:12:3C,ALL,udp:57810,192.168.3.1*,2,242,1,89,1,153
44:3D:54:BE:12:3C,ALL,udp:57810,192.168.3.105*,2,242,1,153,1,89
44:3D:54:BE:12:3C,ALL,udp:11783,192.168.3.1*,2,253,1,79,1,174
44:3D:54:BE:12:3C,ALL,udp:11783,192.168.3.105*,2,253,1,174,1,79
44:3D:54:BE:12:3C,ALL,udp:16632,192.168.3.1*,2,242,1,89,1,153
44:3D:54:BE:12:3C,ALL,udp:16632,192.168.3.105*,2,242,1,153,1,89
44:3D:54:BE:12:3C,ALL,udp:17855,192.168.3.1*,2,253,1,79,1,174
44:3D:54:BE:12:3C,ALL,udp:17855,192.168.3.105*,2,253,1,174,1,79
44:3D:54:BE:12:3C,ALL,udp:27731,192.168.3.1*,2,170,1,77,1,93
44:3D:54:BE:12:3C,ALL,udp:27731,192.168.3.105*,2,170,1,93,1,77
44:3D:54:BE:12:3C,ALL,udp:47499,192.168.3.1*,2,253,1,79,1,174
44:3D:54:BE:12:3C,ALL,udp:47499,192.168.3.105*,2,253,1,174,1,79
44:3D:54:BE:12:3C,ALL,udp:64031,192.168.3.1*,2,242,1,89,1,153
44:3D:54:BE:12:3C,ALL,udp:64031,192.168.3.105*,2,242,1,153,1,89
44:3D:54:BE:12:3C,ALL,udp:8538,192.168.3.1*,2,253,1,79,1,174
44:3D:54:BE:12:3C,ALL,udp:8538,192.168.3.105*,2,253,1,174,1,79
44:3D:54:BE:12:3C,ALL,udp:6149,192.168.3.1*,2,253,1,79,1,174
44:3D:54:BE:12:3C,ALL,udp:6149,192.168.3.105*,2,253,1,174,1,79
44:3D:54:BE:12:3C,ALL,udp:47727,192.168.3.1*,2,242,1,89,1,153
44:3D:54:BE:12:3C,ALL,udp:47727,192.168.3.105*,2,242,1,153,1,89
44:3D:54:BE:12:3C,ALL,udp:24916,192.168.3.1*,2,253,1,79,1,174
44:3D:54:BE:12:3C,ALL,udp:24916,192.168.3.105*,2,253,1,174,1,79
44:3D:54:BE:12:3C,ALL,udp:13053,192.168.3.1*,2,242,1,89,1,153
44:3D:54:BE:12:3C,ALL,udp:13053,192.168.3.105*,2,242,1,153,1,89
44:3D:54:BE:12:3C,ALL,udp:5547,192.168.3.1*,2,242,1,89,1,153
44:3D:54:BE:12:3C,ALL,udp:5547,192.168.3.105*,2,242,1,153,1,89
44:3D:54:BE:12:3C,ALL,udp:31926,192.168.3.1*,2,170,1,77,1,93
44:3D:54:BE:12:3C,ALL,udp:31926,192.168.3.105*,2,170,1,93,1,77
44:3D:54:BE:12:3C,ALL,udp:60581,192.168.3.1*,2,253,1,79,1,174
44:3D:54:BE:12:3C,ALL,udp:60581,192.168.3.105*,2,253,1,174,1,79
44:3D:54:BE:12:3C,ALL,udp:52356,192.168.3.1*,2,164,1,74,1,90
44:3D:54:BE:12:3C,ALL,udp:52356,192.168.3.105*,2,164,1,90,1,74
44:3D:54:BE:12:3C,ALL,udp:53995,192.168.3.1*,2,253,1,79,1,174
44:3D:54:BE:12:3C,ALL,udp:53995,192.168.3.105*,2,253,1,174,1,79
44:3D:54:BE:12:3C,ALL,udp:38110,192.168.3.1*,2,368,1,120,1,248
44:3D:54:BE:12:3C,ALL,udp:38110,192.168.3.105*,2,368,1,248,1,120
44:3D:54:BE:12:3C,ALL,udp:36045,192.168.3.1*,2,258,1,97,1,161
44:3D:54:BE:12:3C,ALL,udp:36045,192.168.3.105*,2,258,1,161,1,97
44:3D:54:BE:12:3C,ALL,udp:34960,192.168.3.1*,2,170,1,77,1,93
44:3D:54:BE:12:3C,ALL,udp:34960,192.168.3.105*,2,170,1,93,1,77
44:3D:54:BE:12:3C,ALL,udp:31562,192.168.3.1*,2,242,1,89,1,153
44:3D:54:BE:12:3C,ALL,udp:31562,192.168.3.105*,2,242,1,153,1,89
44:3D:54:BE:12:3C,ALL,udp:25078,192.168.3.1*,2,228,1,90,1,138
44:3D:54:BE:12:3C,ALL,udp:25078,192.168.3.105*,2,228,1,138,1,90
44:3D:54:BE:12:3C,ALL,udp:1738,192.168.3.1*,2,253,1,79,1,174
44:3D:54:BE:12:3C,ALL,udp:1738,192.168.3.105*,2,253,1,174,1,79
44:3D:54:BE:12:3C,ALL,udp:8893,192.168.3.1*,2,180,1,82,1,98
44:3D:54:BE:12:3C,ALL,udp:8893,192.168.3.105*,2,180,1,98,1,82
44:3D:54:BE:12:3C,ALL,udp:63251,192.168.3.1*,2,253,1,79,1,174
44:3D:54:BE:12:3C,ALL,udp:63251,192.168.3.105*,2,253,1,174,1,79
44:3D:54:BE:12:3C,ALL,udp:45484,192.168.3.1*,2,242,1,89,1,153
44:3D:54:BE:12:3C,ALL,udp:45484,192.168.3.105*,2,242,1,153,1,89
44:3D:54:BE:12:3C,ALL,udp:35456,192.168.3.1*,2,253,1,79,1,174
44:3D:54:BE:12:3C,ALL,udp:35456,192.168.3.105*,2,253,1,174,1,79
44:3D:54:BE:12:3C,ALL,udp:14435,192.168.3.1*,2,242,1,89,1,153
44:3D:54:BE:12:3C,ALL,udp:14435,192.168.3.105*,2,242,1,153,1,89
44:3D:54:BE:12:3C,ALL,udp:29353,192.168.3.1*,2,170,1,77,1,93
44:3D:54:BE:12:3C,ALL,udp:29353,192.168.3.105*,2,170,1,93,1,77
44:3D:54:BE:12:3C,ALL,udp:31140,192.168.3.1*,2,253,1,79,1,174
44:3D:54:BE:12:3C,ALL,udp:31140,192.168.3.105*,2,253,1,174,1,79
44:3D:54:BE:12:3C,ALL,udp:43367,192.168.3.1*,2,253,1,79,1,174
44:3D:54:BE:12:3C,ALL,udp:43367,192.168.3.105*,2,253,1,174,1,79
44:3D:54:BE:12:3C,ALL,udp:50594,192.168.3.1*,2,242,1,89,1,153
44:3D:54:BE:12:3C,ALL,udp:50594,192.168.3.105*,2,242,1,153,1,89
44:3D:54:BE:12:3C,ALL,udp:17750,192.168.3.1*,2,242,1,89,1,153
44:3D:54:BE:12:3C,ALL,udp:17750,192.168.3.105*,2,242,1,153,1,89
44:3D:54:BE:12:3C,ALL,udp:56678,192.168.3.1*,2,242,1,89,1,153
44:3D:54:BE:12:3C,ALL,udp:56678,192.168.3.105*,2,242,1,153,1,89
44:3D:54:BE:12:3C,ALL,udp:34139,192.168.3.1*,2,170,1,77,1,93
44:3D:54:BE:12:3C,ALL,udp:34139,192.168.3.105*,2,170,1,93,1,77
44:3D:54:BE:12:3C,ALL,udp:19774,192.168.3.1*,2,368,1,120,1,248
44:3D:54:BE:12:3C,ALL,udp:19774,192.168.3.105*,2,368,1,248,1,120
44:3D:54:BE:12:3C,ALL,udp:21682,192.168.3.1*,2,253,1,79,1,174
44:3D:54:BE:12:3C,ALL,udp:21682,192.168.3.105*,2,253,1,174,1,79
44:3D:54:BE:12:3C,ALL,udp:5186,192.168.3.1*,2,228,1,90,1,138
44:3D:54:BE:12:3C,ALL,udp:5186,192.168.3.105*,2,228,1,138,1,90
44:3D:54:BE:12:3C,ALL,udp:6764,192.168.3.1*,2,253,1,79,1,174
44:3D:54:BE:12:3C,ALL,udp:6764,192.168.3.105*,2,253,1,174,1,79
44:3D:54:BE:12:3C,ALL,udp:50119,192.168.3.1*,2,242,1,89,1,153
44:3D:54:BE:12:3C,ALL,udp:50119,192.168.3.105*,2,242,1,153,1,89
44:3D:54:BE:12:3C,ALL,udp:61986,192.168.3.1*,2,253,1,79,1,174
44:3D:54:BE:12:3C,ALL,udp:61986,192.168.3.105*,2,253,1,174,1,79
44:3D:54:BE:12:3C,ALL,udp:4507,192.168.3.1*,2,242,1,89,1,153
44:3D:54:BE:12:3C,ALL,udp:4507,192.168.3.105*,2,242,1,153,1,89
44:3D:54:BE:12:3C,ALL,udp:31599,192.168.3.1*,2,253,1,79,1,174
44:3D:54:BE:12:3C,ALL,udp:31599,192.168.3.105*,2,253,1,174,1,79
44:3D:54:BE:12:3C,ALL,udp:16726,192.168.3.1*,2,170,1,77,1,93
44:3D:54:BE:12:3C,ALL,udp:16726,192.168.3.105*,2,170,1,93,1,77
44:3D:54:BE:12:3C,ALL,udp:17791,192.168.3.1*,2,253,1,79,1,174
44:3D:54:BE:12:3C,ALL,udp:17791,192.168.3.105*,2,253,1,174,1,79
44:3D:54:BE:12:3C,ALL,udp:25938,192.168.3.1*,2,253,1,79,1,174
44:3D:54:BE:12:3C,ALL,udp:25938,192.168.3.105*,2,253,1,174,1,79
44:3D:54:BE:12:3C,ALL,udp:42020,192.168.3.1*,2,242,1,89,1,153
44:3D:54:BE:12:3C,ALL,udp:42020,192.168.3.105*,2,242,1,153,1,89
44:3D:54:BE:12:3C,ALL,udp:39942,192.168.3.1*,2,253,1,79,1,174
44:3D:54:BE:12:3C,ALL,udp:39942,192.168.3.105*,2,253,1,174,1,79
44:3D:54:BE:12:3C,ALL,udp:27496,192.168.3.1*,2,242,1,89,1,153
44:3D:54:BE:12:3C,ALL,udp:27496,192.168.3.105*,2,242,1,153,1,89
44:3D:54:BE:12:3C,ALL,udp:1658,192.168.3.1*,2,242,1,89,1,153
44:3D:54:BE:12:3C,ALL,udp:1658,192.168.3.105*,2,242,1,153,1,89
44:3D:54:BE:12:3C,ALL,udp:56469,192.168.3.1*,2,170,1,77,1,93
44:3D:54:BE:12:3C,ALL,udp:56469,192.168.3.105*,2,170,1,93,1,77
44:3D:54:BE:12:3C,ALL,udp:41564,192.168.3.1*,2,164,1,74,1,90
44:3D:54:BE:12:3C,ALL,udp:41564,192.168.3.105*,2,164,1,90,1,74
44:3D:54:BE:12:3C,ALL,udp:24882,192.168.3.1*,2,368,1,120,1,248
44:3D:54:BE:12:3C,ALL,udp:24882,192.168.3.105*,2,368,1,248,1,120
44:3D:54:BE:12:3C,ALL,udp:10161,192.168.3.1*,2,172,1,78,1,94
44:3D:54:BE:12:3C,ALL,udp:10161,192.168.3.105*,2,172,1,94,1,78
44:3D:54:BE:12:3C,ALL,udp:27920,192.168.3.1*,2,230,1,83,1,147
44:3D:54:BE:12:3C,ALL,udp:27920,192.168.3.105*,2,230,1,147,1,83
44:3D:54:BE:12:3C,ALL,udp:26801,192.168.3.1*,2,253,1,79,1,174
44:3D:54:BE:12:3C,ALL,udp:26801,192.168.3.105*,2,253,1,174,1,79
44:3D:54:BE:12:3C,ALL,udp:33408,192.168.3.1*,2,237,1,83,1,154
44:3D:54:BE:12:3C,ALL,udp:33408,192.168.3.105*,2,237,1,154,1,83
44:3D:54:BE:12:3C,ALL,udp:19031,192.168.3.1*,2,230,1,83,1,147
44:3D:54:BE:12:3C,ALL,udp:19031,192.168.3.105*,2,230,1,147,1,83
44:3D:54:BE:12:3C,ALL,udp:24894,192.168.3.1*,2,228,1,90,1,138
44:3D:54:BE:12:3C,ALL,udp:24894,192.168.3.105*,2,228,1,138,1,90
44:3D:54:BE:12:3C,ALL,udp:3396,192.168.3.1*,2,253,1,79,1,174
44:3D:54:BE:12:3C,ALL,udp:3396,192.168.3.105*,2,253,1,174,1,79
44:3D:54:BE:12:3C,ALL,udp:33766,192.168.3.1*,2,242,1,89,1,153
44:3D:54:BE:12:3C,ALL,udp:33766,192.168.3.105*,2,242,1,153,1,89
44:3D:54:BE:12:3C,ALL,udp:38761,192.168.3.1*,2,253,1,79,1,174
44:3D:54:BE:12:3C,ALL,udp:38761,192.168.3.105*,2,253,1,174,1,79
44:3D:54:BE:12:3C,ALL,udp:47579,192.168.3.1*,2,242,1,89,1,153
44:3D:54:BE:12:3C,ALL,udp:47579,192.168.3.105*,2,242,1,153,1,89
44:3D:54:BE:12:3C,ALL,udp:27667,192.168.3.1*,2,253,1,79,1,174
44:3D:54:BE:12:3C,ALL,udp:27667,192.168.3.105*,2,253,1,174,1,79
44:3D:54:BE:12:3C,ALL,udp:22177,192.168.3.1*,2,230,1,83,1,147
44:3D:54:BE:12:3C,ALL,udp:22177,192.168.3.105*,2,230,1,147,1,83
44:3D:54:BE:12:3C,ALL,udp:5883,192.168.3.1*,2,242,1,89,1,153
44:3D:54:BE:12:3C,ALL,udp:5883,192.168.3.105*,2,242,1,153,1,89
44:3D:54:BE:12:3C,ALL,udp:11651,192.168.3.1*,2,170,1,77,1,93
44:3D:54:BE:12:3C,ALL,udp:11651,192.168.3.105*,2,170,1,93,1,77
44:3D:54:BE:12:3C,ALL,udp:59081,192.168.3.1*,2,242,1,89,1,153
44:3D:54:BE:12:3C,ALL,udp:59081,192.168.3.105*,2,242,1,153,1,89
44:3D:54:BE:12:3C,ALL,udp:41259,192.168.3.1*,2,253,1,79,1,174
44:3D:54:BE:12:3C,ALL,udp:41259,192.168.3.105*,2,253,1,174,1,79
44:3D:54:BE:12:3C,ALL,udp:5823,192.168.3.1*,2,242,1,89,1,153
44:3D:54:BE:12:3C,ALL,udp:5823,192.168.3.105*,2,242,1,153,1,89
44:3D:54:BE:12:3C,ALL,udp:58166,192.168.3.1*,2,242,1,89,1,153
44:3D:54:BE:12:3C,ALL,udp:58166,192.168.3.105*,2,242,1,153,1,89
44:3D:54:BE:12:3C,ALL,udp:50476,192.168.3.1*,2,170,1,77,1,93
44:3D:54:BE:12:3C,ALL,udp:50476,192.168.3.105*,2,170,1,93,1,77
44:3D:54:BE:12:3C,ALL,udp:50311,192.168.3.1*,2,253,1,79,1,174
44:3D:54:BE:12:3C,ALL,udp:50311,192.168.3.105*,2,253,1,174,1,79
44:3D:54:BE:12:3C,ALL,udp:31006,192.168.3.1*,2,368,1,120,1,248
44:3D:54:BE:12:3C,ALL,udp:31006,192.168.3.105*,2,368,1,248,1,120
44:3D:54:BE:12:3C,ALL,udp:12576,192.168.3.1*,2,228,1,90,1,138
44:3D:54:BE:12:3C,ALL,udp:12576,192.168.3.105*,2,228,1,138,1,90
44:3D:54:BE:12:3C,ALL,udp:4908,192.168.3.1*,2,242,1,89,1,153
44:3D:54:BE:12:3C,ALL,udp:4908,192.168.3.105*,2,242,1,153,1,89
44:3D:54:BE:12:3C,ALL,udp:31722,192.168.3.1*,2,253,1,79,1,174
44:3D:54:BE:12:3C,ALL,udp:31722,192.168.3.105*,2,253,1,174,1,79
44:3D:54:BE:12:3C,ALL,udp:10313,192.168.3.1*,2,253,1,79,1,174
44:3D:54:BE:12:3C,ALL,udp:10313,192.168.3.105*,2,253,1,174,1,79
44:3D:54:BE:12:3C,ALL,udp:42038,192.168.3.1*,2,253,1,79,1,174
44:3D:54:BE:12:3C,ALL,udp:42038,192.168.3.105*,2,253,1,174,1,79
44:3D:54:BE:12:3C,ALL,udp:38902,192.168.3.1*,2,253,1,79,1,174
44:3D:54:BE:12:3C,ALL,udp:38902,192.168.3.105*,2,253,1,174,1,79
44:3D:54:BE:12:3C,ALL,udp:50004,192.168.3.1*,2,242,1,89,1,153
44:3D:54:BE:12:3C,ALL,udp:50004,192.168.3.105*,2,242,1,153,1,89
44:3D:54:BE:12:3C,ALL,udp:5330,192.168.3.1*,2,242,1,89,1,153
44:3D:54:BE:12:3C,ALL,udp:5330,192.168.3.105*,2,242,1,153,1,89
44:3D:54:BE:12:3C,ALL,udp:32411,192.168.3.1*,2,170,1,77,1,93
44:3D:54:BE:12:3C,ALL,udp:32411,192.168.3.105*,2,170,1,93,1,77
44:3D:54:BE:12:3C,ALL,udp:6651,192.168.3.1*,2,253,1,79,1,174
44:3D:54:BE:12:3C,ALL,udp:6651,192.168.3.105*,2,253,1,174,1,79
44:3D:54:BE:12:3C,ALL,udp:62406,192.168.3.1*,2,242,1,89,1,153
44:3D:54:BE:12:3C,ALL,udp:62406,192.168.3.105*,2,242,1,153,1,89
44:3D:54:BE:12:3C,ALL,udp:64482,192.168.3.1*,2,253,1,79,1,174
44:3D:54:BE:12:3C,ALL,udp:64482,192.168.3.105*,2,253,1,174,1,79
44:3D:54:BE:12:3C,ALL,udp:8998,192.168.3.1*,2,242,1,89,1,153
44:3D:54:BE:12:3C,ALL,udp:8998,192.168.3.105*,2,242,1,153,1,89
44:3D:54:BE:12:3C,ALL,udp:11243,192.168.3.1*,2,253,1,79,1,174
44:3D:54:BE:12:3C,ALL,udp:11243,192.168.3.105*,2,253,1,174,1,79
44:3D:54:BE:12:3C,ALL,udp:63698,192.168.3.1*,2,253,1,79,1,174
44:3D:54:BE:12:3C,ALL,udp:63698,192.168.3.105*,2,253,1,174,1,79
44:3D:54:BE:12:3C,ALL,udp:52411,192.168.3.1*,2,164,1,74,1,90
44:3D:54:BE:12:3C,ALL,udp:52411,192.168.3.105*,2,164,1,90,1,74
44:3D:54:BE:12:3C,ALL,udp:41704,192.168.3.1*,2,242,1,89,1,153
44:3D:54:BE:12:3C,ALL,udp:41704,192.168.3.105*,2,242,1,153,1,89
44:3D:54:BE:12:3C,ALL,udp:56350,192.168.3.1*,2,253,1,79,1,174
44:3D:54:BE:12:3C,ALL,udp:56350,192.168.3.105*,2,253,1,174,1,79
44:3D:54:BE:12:3C,ALL,udp:51740,192.168.3.1*,2,170,1,77,1,93
44:3D:54:BE:12:3C,ALL,udp:51740,192.168.3.105*,2,170,1,93,1,77
44:3D:54:BE:12:3C,ALL,udp:31271,192.168.3.1*,2,228,1,90,1,138
44:3D:54:BE:12:3C,ALL,udp:31271,192.168.3.105*,2,228,1,138,1,90
44:3D:54:BE:12:3C,ALL,udp:13904,192.168.3.1*,2,368,1,120,1,248
44:3D:54:BE:12:3C,ALL,udp:13904,192.168.3.105*,2,368,1,248,1,120
44:3D:54:BE:12:3C,ALL,udp:1468,192.168.3.1*,2,242,1,89,1,153
44:3D:54:BE:12:3C,ALL,udp:1468,192.168.3.105*,2,242,1,153,1,89
44:3D:54:BE:12:3C,ALL,udp:54807,192.168.3.1*,2,253,1,79,1,174
44:3D:54:BE:12:3C,ALL,udp:54807,192.168.3.105*,2,253,1,174,1,79
44:3D:54:BE:12:3C,ALL,udp:55724,192.168.3.1*,2,242,1,89,1,153
44:3D:54:BE:12:3C,ALL,udp:55724,192.168.3.105*,2,242,1,153,1,89
44:3D:54:BE:12:3C,ALL,udp:1927,192.168.3.1*,2,253,1,79,1,174
44:3D:54:BE:12:3C,ALL,udp:1927,192.168.3.105*,2,253,1,174,1,79
44:3D:54:BE:12:3C,ALL,udp:13450,192.168.3.1*,2,242,1,89,1,153
44:3D:54:BE:12:3C,ALL,udp:13450,192.168.3.105*,2,242,1,153,1,89
44:3D:54:BE:12:3C,ALL,udp:31413,192.168.3.1*,2,170,1,77,1,93
44:3D:54:BE:12:3C,ALL,udp:31413,192.168.3.105*,2,170,1,93,1,77
44:3D:54:BE:12:3C,ALL,udp:55466,192.168.3.1*,2,253,1,79,1,174
44:3D:54:BE:12:3C,ALL,udp:55466,192.168.3.105*,2,253,1,174,1,79
44:3D:54:BE:12:3C,ALL,udp:27972,192.168.3.1*,2,242,1,89,1,153
44:3D:54:BE:12:3C,ALL,udp:27972,192.168.3.105*,2,242,1,153,1,89
44:3D:54:BE:12:3C,ALL,udp:32466,192.168.3.1*,2,253,1,79,1,174
44:3D:54:BE:12:3C,ALL,udp:32466,192.168.3.105*,2,253,1,174,1,79
44:3D:54:BE:12:3C,ALL,udp:35829,192.168.3.1*,2,242,1,89,1,153
44:3D:54:BE:12:3C,ALL,udp:35829,192.168.3.105*,2,242,1,153,1,89
44:3D:54:BE:12:3C,ALL,udp:56455,192.168.3.1*,2,170,1,77,1,93
44:3D:54:BE:12:3C,ALL,udp:56455,192.168.3.105*,2,170,1,93,1,77
44:3D:54:BE:12:3C,ALL,udp:65510,192.168.3.1*,2,228,1,90,1,138
44:3D:54:BE:12:3C,ALL,udp:65510,192.168.3.105*,2,228,1,138,1,90
44:3D:54:BE:12:3C,ALL,udp:25265,192.168.3.1*,2,368,1,120,1,248
44:3D:54:BE:12:3C,ALL,udp:25265,192.168.3.105*,2,368,1,248,1,120
44:3D:54:BE:12:3C,ALL,udp:9250,192.168.3.1*,2,242,1,89,1,153
44:3D:54:BE:12:3C,ALL,udp:9250,192.168.3.105*,2,242,1,153,1,89
44:3D:54:BE:12:3C,ALL,udp:28130,192.168.3.1*,2,253,1,79,1,174
44:3D:54:BE:12:3C,ALL,udp:28130,192.168.3.105*,2,253,1,174,1,79
44:3D:54:BE:12:3C,ALL,udp:48058,192.168.3.1*,2,253,1,79,1,174
44:3D:54:BE:12:3C,ALL,udp:48058,192.168.3.105*,2,253,1,174,1,79
44:3D:54:BE:12:3C,ALL,udp:45299,192.168.3.1*,2,253,1,79,1,174
44:3D:54:BE:12:3C,ALL,udp:45299,192.168.3.105*,2,253,1,174,1,79
44:3D:54:BE:12:3C,ALL,udp:16651,192.168.3.1*,2,242,1,89,1,153
44:3D:54:BE:12:3C,ALL,udp:16651,192.168.3.105*,2,242,1,153,1,89
44:3D:54:BE:12:3C,ALL,udp:30032,192.168.3.1*,2,170,1,77,1,93
44:3D:54:BE:12:3C,ALL,udp:30032,192.168.3.105*,2,170,1,93,1,77
44:3D:54:BE:12:3C,ALL,udp:14857,192.168.3.1*,2,253,1,79,1,174
44:3D:54:BE:12:3C,ALL,udp:14857,192.168.3.105*,2,253,1,174,1,79
44:3D:54:BE:12:3C,ALL,udp:5719,192.168.3.1*,2,253,1,79,1,174
44:3D:54:BE:12:3C,ALL,udp:5719,192.168.3.105*,2,253,1,174,1,79
44:3D:54:BE:12:3C,ALL,udp:1129,192.168.3.1*,2,253,1,79,1,174
44:3D:54:BE:12:3C,ALL,udp:1129,192.168.3.105*,2,253,1,174,1,79
44:3D:54:BE:12:3C,ALL,udp:60659,192.168.3.1*,2,253,1,79,1,174
44:3D:54:BE:12:3C,ALL,udp:60659,192.168.3.105*,2,253,1,174,1,79
44:3D:54:BE:12:3C,ALL,udp:33837,192.168.3.1*,2,242,1,89,1,153
44:3D:54:BE:12:3C,ALL,udp:33837,192.168.3.105*,2,242,1,153,1,89
44:3D:54:BE:12:3C,ALL,udp:6291,192.168.3.1*,2,253,1,79,1,174
44:3D:54:BE:12:3C,ALL,udp:6291,192.168.3.105*,2,253,1,174,1,79
44:3D:54:BE:12:3C,ALL,udp:16649,192.168.3.1*,2,253,1,79,1,174
44:3D:54:BE:12:3C,ALL,udp:16649,192.168.3.105*,2,253,1,174,1,79
44:3D:54:BE:12:3C,ALL,udp:39666,192.168.3.1*,2,242,1,89,1,153
44:3D:54:BE:12:3C,ALL,udp:39666,192.168.3.105*,2,242,1,153,1,89
44:3D:54:BE:12:3C,ALL,udp:38914,192.168.3.1*,2,164,1,74,1,90
44:3D:54:BE:12:3C,ALL,udp:38914,192.168.3.105*,2,164,1,90,1,74
44:3D:54:BE:12:3C,ALL,udp:20314,192.168.3.1*,2,253,1,79,1,174
44:3D:54:BE:12:3C,ALL,udp:20314,192.168.3.105*,2,253,1,174,1,79
44:3D:54:BE:12:3C,ALL,udp:32302,192.168.3.1*,2,242,1,89,1,153
44:3D:54:BE:12:3C,ALL,udp:32302,192.168.3.105*,2,242,1,153,1,89
44:3D:54:BE:12:3C,ALL,udp:6979,192.168.3.1*,2,170,1,77,1,93
44:3D:54:BE:12:3C,ALL,udp:6979,192.168.3.105*,2,170,1,93,1,77
44:3D:54:BE:12:3C,ALL,udp:9845,192.168.3.1*,2,228,1,90,1,138
44:3D:54:BE:12:3C,ALL,udp:9845,192.168.3.105*,2,228,1,138,1,90
44:3D:54:BE:12:3C,ALL,udp:23337,192.168.3.1*,2,253,1,79,1,174
44:3D:54:BE:12:3C,ALL,udp:23337,192.168.3.105*,2,253,1,174,1,79
44:3D:54:BE:12:3C,ALL,udp:58464,192.168.3.1*,2,253,1,79,1,174
44:3D:54:BE:12:3C,ALL,udp:58464,192.168.3.105*,2,253,1,174,1,79
44:3D:54:BE:12:3C,ALL,udp:57550,192.168.3.1*,2,253,1,79,1,174
44:3D:54:BE:12:3C,ALL,udp:57550,192.168.3.105*,2,253,1,174,1,79
44:3D:54:BE:12:3C,ALL,udp:55645,192.168.3.1*,2,368,1,120,1,248
44:3D:54:BE:12:3C,ALL,udp:55645,192.168.3.105*,2,368,1,248,1,120
44:3D:54:BE:12:3C,ALL,udp:33480,192.168.3.1*,2,242,1,89,1,153
44:3D:54:BE:12:3C,ALL,udp:33480,192.168.3.105*,2,242,1,153,1,89
44:3D:54:BE:12:3C,ALL,udp:60296,192.168.3.1*,2,253,1,79,1,174
44:3D:54:BE:12:3C,ALL,udp:60296,192.168.3.105*,2,253,1,174,1,79
44:3D:54:BE:12:3C,ALL,udp:42014,192.168.3.1*,2,242,1,89,1,153
44:3D:54:BE:12:3C,ALL,udp:42014,192.168.3.105*,2,242,1,153,1,89
44:3D:54:BE:12:3C,ALL,udp:4743,192.168.3.1*,2,242,1,89,1,153
44:3D:54:BE:12:3C,ALL,udp:4743,192.168.3.105*,2,242,1,153,1,89
44:3D:54:BE:12:3C,ALL,udp:2300,192.168.3.1*,2,170,1,77,1,93
44:3D:54:BE:12:3C,ALL,udp:2300,192.168.3.105*,2,170,1,93,1,77
44:3D:54:BE:12:3C,ALL,udp:13119,192.168.3.1*,2,253,1,79,1,174
44:3D:54:BE:12:3C,ALL,udp:13119,192.168.3.105*,2,253,1,174,1,79
44:3D:54:BE:12:3C,ALL,udp:57660,192.168.3.1*,2,242,1,89,1,153
44:3D:54:BE:12:3C,ALL,udp:57660,192.168.3.105*,2,242,1,153,1,89
44:3D:54:BE:12:3C,ALL,udp:51850,192.168.3.1*,2,164,1,74,1,90
44:3D:54:BE:12:3C,ALL,udp:51850,192.168.3.105*,2,164,1,90,1,74
44:3D:54:BE:12:3C,ALL,udp:32044,192.168.3.1*,2,242,1,89,1,153
44:3D:54:BE:12:3C,ALL,udp:32044,192.168.3.105*,2,242,1,153,1,89
44:3D:54:BE:12:3C,ALL,udp:57452,192.168.3.1*,2,228,1,90,1,138
44:3D:54:BE:12:3C,ALL,udp:57452,192.168.3.105*,2,228,1,138,1,90
44:3D:54:BE:12:3C,ALL,udp:52620,192.168.3.1*,2,242,1,89,1,153
44:3D:54:BE:12:3C,ALL,udp:52620,192.168.3.105*,2,242,1,153,1,89
44:3D:54:BE:12:3C,ALL,udp:33046,192.168.3.1*,2,368,1,120,1,248
44:3D:54:BE:12:3C,ALL,udp:33046,192.168.3.105*,2,368,1,248,1,120
44:3D:54:BE:12:3C,ALL,udp:10551,192.168.3.1*,2,242,1,89,1,153
44:3D:54:BE:12:3C,ALL,udp:10551,192.168.3.105*,2,242,1,153,1,89
44:3D:54:BE:12:3C,ALL,udp:17217,192.168.3.1*,2,253,1,79,1,174
44:3D:54:BE:12:3C,ALL,udp:17217,192.168.3.105*,2,253,1,174,1,79
44:3D:54:BE:12:3C,ALL,udp:35013,192.168.3.1*,2,253,1,79,1,174
44:3D:54:BE:12:3C,ALL,udp:35013,192.168.3.105*,2,253,1,174,1,79
44:3D:54:BE:12:3C,ALL,udp:34132,192.168.3.1*,2,242,1,89,1,153
44:3D:54:BE:12:3C,ALL,udp:34132,192.168.3.105*,2,242,1,153,1,89
44:3D:54:BE:12:3C,ALL,udp:21620,192.168.3.1*,2,253,1,79,1,174
44:3D:54:BE:12:3C,ALL,udp:21620,192.168.3.105*,2,253,1,174,1,79
44:3D:54:BE:12:3C,ALL,udp:31969,192.168.3.1*,2,242,1,89,1,153
44:3D:54:BE:12:3C,ALL,udp:31969,192.168.3.105*,2,242,1,153,1,89
44:3D:54:BE:12:3C,ALL,udp:4038,192.168.3.1*,2,170,1,77,1,93
44:3D:54:BE:12:3C,ALL,udp:4038,192.168.3.105*,2,170,1,93,1,77
44:3D:54:BE:12:3C,ALL,udp:36186,192.168.3.1*,2,253,1,79,1,174
44:3D:54:BE:12:3C,ALL,udp:36186,192.168.3.105*,2,253,1,174,1,79
44:3D:54:BE:12:3C,ALL,udp:56612,192.168.3.1*,2,242,1,89,1,153
44:3D:54:BE:12:3C,ALL,udp:56612,192.168.3.105*,2,242,1,153,1,89
44:3D:54:BE:12:3C,ALL,udp:11379,192.168.3.1*,2,253,1,79,1,174
44:3D:54:BE:12:3C,ALL,udp:11379,192.168.3.105*,2,253,1,174,1,79
44:3D:54:BE:12:3C,ALL,udp:38151,192.168.3.1*,2,242,1,89,1,153
44:3D:54:BE:12:3C,ALL,udp:38151,192.168.3.105*,2,242,1,153,1,89
44:3D:54:BE:12:3C,ALL,udp:35360,192.168.3.1*,2,164,1,74,1,90
44:3D:54:BE:12:3C,ALL,udp:35360,192.168.3.105*,2,164,1,90,1,74
44:3D:54:BE:12:3C,ALL,udp:53648,192.168.3.1*,2,253,1,79,1,174
44:3D:54:BE:12:3C,ALL,udp:53648,192.168.3.105*,2,253,1,174,1,79
44:3D:54:BE:12:3C,ALL,udp:28659,192.168.3.1*,2,253,1,79,1,174
44:3D:54:BE:12:3C,ALL,udp:28659,192.168.3.105*,2,253,1,174,1,79
44:3D:54:BE:12:3C,ALL,udp:11016,192.168.3.1*,2,228,1,90,1,138
44:3D:54:BE:12:3C,ALL,udp:11016,192.168.3.105*,2,228,1,138,1,90
44:3D:54:BE:12:3C,ALL,udp:3947,192.168.3.1*,2,242,1,89,1,153
44:3D:54:BE:12:3C,ALL,udp:3947,192.168.3.105*,2,242,1,153,1,89
44:3D:54:BE:12:3C,ALL,udp:33359,192.168.3.1*,2,170,1,77,1,93
44:3D:54:BE:12:3C,ALL,udp:33359,192.168.3.105*,2,170,1,93,1,77
44:3D:54:BE:12:3C,ALL,udp:55097,192.168.3.1*,2,253,1,79,1,174
44:3D:54:BE:12:3C,ALL,udp:55097,192.168.3.105*,2,253,1,174,1,79
44:3D:54:BE:12:3C,ALL,udp:52285,192.168.3.1*,2,368,1,120,1,248
44:3D:54:BE:12:3C,ALL,udp:52285,192.168.3.105*,2,368,1,248,1,120
44:3D:54:BE:12:3C,ALL,udp:62973,192.168.3.1*,2,242,1,89,1,153
44:3D:54:BE:12:3C,ALL,udp:62973,192.168.3.105*,2,242,1,153,1,89
44:3D:54:BE:12:3C,ALL,udp:32400,192.168.3.1*,2,253,1,79,1,174
44:3D:54:BE:12:3C,ALL,udp:32400,192.168.3.105*,2,253,1,174,1,79
44:3D:54:BE:12:3C,ALL,udp:8506,192.168.3.1*,2,242,1,89,1,153
44:3D:54:BE:12:3C,ALL,udp:8506,192.168.3.105*,2,242,1,153,1,89
44:3D:54:BE:12:3C,ALL,udp:61697,192.168.3.1*,2,242,1,89,1,153
44:3D:54:BE:12:3C,ALL,udp:61697,192.168.3.105*,2,242,1,153,1,89
44:3D:54:BE:12:3C,ALL,udp:38603,192.168.3.1*,2,170,1,77,1,93
44:3D:54:BE:12:3C,ALL,udp:38603,192.168.3.105*,2,170,1,93,1,77
44:3D:54:BE:12:3C,ALL,udp:57629,192.168.3.1*,2,253,1,79,1,174
44:3D:54:BE:12:3C,ALL,udp:57629,192.168.3.105*,2,253,1,174,1,79
44:3D:54:BE:12:3C,ALL,udp:41409,192.168.3.1*,2,242,1,89,1,153
44:3D:54:BE:12:3C,ALL,udp:41409,192.168.3.105*,2,242,1,153,1,89
44:3D:54:BE:12:3C,ALL,udp:40012,192.168.3.1*,2,228,1,90,1,138
44:3D:54:BE:12:3C,ALL,udp:40012,192.168.3.105*,2,228,1,138,1,90
44:3D:54:BE:12:3C,ALL,udp:15614,192.168.3.1*,2,242,1,89,1,153
44:3D:54:BE:12:3C,ALL,udp:15614,192.168.3.105*,2,242,1,153,1,89
44:3D:54:BE:12:3C,ALL,udp:11047,192.168.3.1*,2,170,1,77,1,93
44:3D:54:BE:12:3C,ALL,udp:11047,192.168.3.105*,2,170,1,93,1,77
44:3D:54:BE:12:3C,ALL,udp:3103,192.168.3.1*,2,253,1,79,1,174
44:3D:54:BE:12:3C,ALL,udp:3103,192.168.3.105*,2,253,1,174,1,79
44:3D:54:BE:12:3C,ALL,udp:45694,192.168.3.1*,2,368,1,120,1,248
44:3D:54:BE:12:3C,ALL,udp:45694,192.168.3.105*,2,368,1,248,1,120
44:3D:54:BE:12:3C,ALL,udp:57657,192.168.3.1*,2,242,1,89,1,153
44:3D:54:BE:12:3C,ALL,udp:57657,192.168.3.105*,2,242,1,153,1,89
44:3D:54:BE:12:3C,ALL,udp:31023,192.168.3.1*,2,253,1,79,1,174
44:3D:54:BE:12:3C,ALL,udp:31023,192.168.3.105*,2,253,1,174,1,79
44:3D:54:BE:12:3C,ALL,udp:22261,192.168.3.1*,2,242,1,89,1,153
44:3D:54:BE:12:3C,ALL,udp:22261,192.168.3.105*,2,242,1,153,1,89
44:3D:54:BE:12:3C,ALL,udp:51945,192.168.3.1*,2,164,1,74,1,90
44:3D:54:BE:12:3C,ALL,udp:51945,192.168.3.105*,2,164,1,90,1,74
44:3D:54:BE:12:3C,ALL,udp:63012,192.168.3.1*,2,253,1,79,1,174
44:3D:54:BE:12:3C,ALL,udp:63012,192.168.3.105*,2,253,1,174,1,79
44:3D:54:BE:12:3C,ALL,udp:51830,192.168.3.1*,2,242,1,89,1,153
44:3D:54:BE:12:3C,ALL,udp:51830,192.168.3.105*,2,242,1,153,1,89
44:3D:54:BE:12:3C,ALL,udp:40152,192.168.3.1*,2,170,1,77,1,93
44:3D:54:BE:12:3C,ALL,udp:40152,192.168.3.105*,2,170,1,93,1,77
44:3D:54:BE:12:3C,ALL,udp:23235,192.168.3.1*,2,253,1,79,1,174
44:3D:54:BE:12:3C,ALL,udp:23235,192.168.3.105*,2,253,1,174,1,79
44:3D:54:BE:12:3C,ALL,udp:3481,192.168.3.1*,2,242,1,89,1,153
44:3D:54:BE:12:3C,ALL,udp:3481,192.168.3.105*,2,242,1,153,1,89
44:3D:54:BE:12:3C,ALL,udp:45197,192.168.3.1*,2,253,1,79,1,174
44:3D:54:BE:12:3C,ALL,udp:45197,192.168.3.105*,2,253,1,174,1,79
44:3D:54:BE:12:3C,ALL,udp:59624,192.168.3.1*,2,164,1,74,1,90
44:3D:54:BE:12:3C,ALL,udp:59624,192.168.3.105*,2,164,1,90,1,74
44:3D:54:BE:12:3C,ALL,udp:37048,192.168.3.1*,2,242,1,89,1,153
44:3D:54:BE:12:3C,ALL,udp:37048,192.168.3.105*,2,242,1,153,1,89
44:3D:54:BE:12:3C,ALL,udp:12089,192.168.3.1*,2,228,1,90,1,138
44:3D:54:BE:12:3C,ALL,udp:12089,192.168.3.105*,2,228,1,138,1,90
44:3D:54:BE:12:3C,ALL,udp:16698,192.168.3.1*,2,253,1,79,1,174
44:3D:54:BE:12:3C,ALL,udp:16698,192.168.3.105*,2,253,1,174,1,79
44:3D:54:BE:12:3C,ALL,udp:39131,192.168.3.1*,2,242,1,89,1,153
44:3D:54:BE:12:3C,ALL,udp:39131,192.168.3.105*,2,242,1,153,1,89
44:3D:54:BE:12:3C,ALL,udp:60999,192.168.3.1*,2,170,1,77,1,93
44:3D:54:BE:12:3C,ALL,udp:60999,192.168.3.105*,2,170,1,93,1,77
44:3D:54:BE:12:3C,ALL,udp:38129,192.168.3.1*,2,253,1,79,1,174
44:3D:54:BE:12:3C,ALL,udp:38129,192.168.3.105*,2,253,1,174,1,79
44:3D:54:BE:12:3C,ALL,udp:12502,192.168.3.1*,2,368,1,120,1,248
44:3D:54:BE:12:3C,ALL,udp:12502,192.168.3.105*,2,368,1,248,1,120
44:3D:54:BE:12:3C,ALL,udp:5208,192.168.3.1*,2,242,1,89,1,153
44:3D:54:BE:12:3C,ALL,udp:5208,192.168.3.105*,2,242,1,153,1,89
44:3D:54:BE:12:3C,ALL,udp:56275,192.168.3.1*,2,242,1,89,1,153
44:3D:54:BE:12:3C,ALL,udp:56275,192.168.3.105*,2,242,1,153,1,89
44:3D:54:BE:12:3C,ALL,udp:55076,192.168.3.1*,2,253,1,79,1,174
44:3D:54:BE:12:3C,ALL,udp:55076,192.168.3.105*,2,253,1,174,1,79
44:3D:54:BE:12:3C,ALL,udp:29912,192.168.3.1*,2,253,1,79,1,174
44:3D:54:BE:12:3C,ALL,udp:29912,192.168.3.105*,2,253,1,174,1,79
44:3D:54:BE:12:3C,ALL,udp:24639,192.168.3.1*,2,242,1,89,1,153
44:3D:54:BE:12:3C,ALL,udp:24639,192.168.3.105*,2,242,1,153,1,89
44:3D:54:BE:12:3C,ALL,udp:27245,192.168.3.1*,2,170,1,77,1,93
44:3D:54:BE:12:3C,ALL,udp:27245,192.168.3.105*,2,170,1,93,1,77
44:3D:54:BE:12:3C,ALL,udp:49088,192.168.3.1*,2,253,1,79,1,174
44:3D:54:BE:12:3C,ALL,udp:49088,192.168.3.105*,2,253,1,174,1,79
44:3D:54:BE:12:3C,ALL,udp:48991,192.168.3.1*,2,242,1,89,1,153
44:3D:54:BE:12:3C,ALL,udp:48991,192.168.3.105*,2,242,1,153,1,89
44:3D:54:BE:12:3C,ALL,udp:58852,192.168.3.1*,2,253,1,79,1,174
44:3D:54:BE:12:3C,ALL,udp:58852,192.168.3.105*,2,253,1,174,1,79
44:3D:54:BE:12:3C,ALL,udp:43651,192.168.3.1*,2,253,1,79,1,174
44:3D:54:BE:12:3C,ALL,udp:43651,192.168.3.105*,2,253,1,174,1,79
44:3D:54:BE:12:3C,ALL,udp:8151,192.168.3.1*,2,242,1,89,1,153
44:3D:54:BE:12:3C,ALL,udp:8151,192.168.3.105*,2,242,1,153,1,89
44:3D:54:BE:12:3C,ALL,udp:11079,192.168.3.1*,2,253,1,79,1,174
44:3D:54:BE:12:3C,ALL,udp:11079,192.168.3.105*,2,253,1,174,1,79
44:3D:54:BE:12:3C,ALL,udp:51467,192.168.3.1*,2,242,1,89,1,153
44:3D:54:BE:12:3C,ALL,udp:51467,192.168.3.105*,2,242,1,153,1,89
44:3D:54:BE:12:3C,ALL,udp:1527,192.168.3.1*,2,170,1,77,1,93
44:3D:54:BE:12:3C,ALL,udp:1527,192.168.3.105*,2,170,1,93,1,77
44:3D:54:BE:12:3C,ALL,udp:42838,192.168.3.1*,2,253,1,79,1,174
44:3D:54:BE:12:3C,ALL,udp:42838,192.168.3.105*,2,253,1,174,1,79
44:3D:54:BE:12:3C,ALL,udp:62095,192.168.3.1*,2,253,1,79,1,174
44:3D:54:BE:12:3C,ALL,udp:62095,192.168.3.105*,2,253,1,174,1,79
44:3D:54:BE:12:3C,ALL,udp:28393,192.168.3.1*,2,368,1,120,1,248
44:3D:54:BE:12:3C,ALL,udp:28393,192.168.3.105*,2,368,1,248,1,120
44:3D:54:BE:12:3C,ALL,udp:20376,192.168.3.1*,2,242,1,89,1,153
44:3D:54:BE:12:3C,ALL,udp:20376,192.168.3.105*,2,242,1,153,1,89
44:3D:54:BE:12:3C,ALL,udp:3507,192.168.3.1*,2,253,1,79,1,174
44:3D:54:BE:12:3C,ALL,udp:3507,192.168.3.105*,2,253,1,174,1,79
44:3D:54:BE:12:3C,ALL,udp:18259,192.168.3.1*,2,210,1,86,1,124
44:3D:54:BE:12:3C,ALL,udp:18259,192.168.3.105*,2,210,1,124,1,86
44:3D:54:BE:12:3C,ALL,udp:22451,192.168.3.1*,2,274,1,109,1,165
44:3D:54:BE:12:3C,ALL,udp:22451,192.168.3.105*,2,274,1,165,1,109
44:3D:54:BE:12:3C,ALL,udp:37431,192.168.3.1*,2,164,1,74,1,90
44:3D:54:BE:12:3C,ALL,udp:37431,192.168.3.105*,2,164,1,90,1,74
44:3D:54:BE:12:3C,ALL,udp:52311,192.168.3.1*,2,164,1,74,1,90
44:3D:54:BE:12:3C,ALL,udp:52311,192.168.3.105*,2,164,1,90,1,74
44:3D:54:BE:12:3C,ALL,udp:34465,192.168.3.1*,2,216,1,84,1,132
44:3D:54:BE:12:3C,ALL,udp:34465,192.168.3.105*,2,216,1,132,1,84
44:3D:54:BE:12:3C,ALL,udp:49775,192.168.3.1*,2,216,1,84,1,132
44:3D:54:BE:12:3C,ALL,udp:49775,192.168.3.105*,2,216,1,132,1,84
44:3D:54:BE:12:3C,ALL,udp:45232,192.168.3.1*,2,258,1,97,1,161
44:3D:54:BE:12:3C,ALL,udp:45232,192.168.3.105*,2,258,1,161,1,97
44:3D:54:BE:12:3C,ALL,udp:54776,192.168.3.1*,2,172,1,78,1,94
44:3D:54:BE:12:3C,ALL,udp:54776,192.168.3.105*,2,172,1,94,1,78
44:3D:54:BE:12:3C,ALL,udp:37640,192.168.3.1*,2,170,1,77,1,93
44:3D:54:BE:12:3C,ALL,udp:37640,192.168.3.105*,2,170,1,93,1,77
44:3D:54:BE:12:3C,ALL,udp:41620,192.168.3.1*,2,253,1,79,1,174
44:3D:54:BE:12:3C,ALL,udp:41620,192.168.3.105*,2,253,1,174,1,79
44:3D:54:BE:12:3C,ALL,udp:62499,192.168.3.1*,2,164,1,74,1,90
44:3D:54:BE:12:3C,ALL,udp:62499,192.168.3.105*,2,164,1,90,1,74
44:3D:54:BE:12:3C,ALL,udp:52060,192.168.3.1*,2,174,1,79,1,95
44:3D:54:BE:12:3C,ALL,udp:52060,192.168.3.105*,2,174,1,95,1,79
44:3D:54:BE:12:3C,ALL,udp:34881,192.168.3.1*,2,242,1,89,1,153
44:3D:54:BE:12:3C,ALL,udp:34881,192.168.3.105*,2,242,1,153,1,89
44:3D:54:BE:12:3C,ALL,udp:40124,192.168.3.1*,2,180,1,82,1,98
44:3D:54:BE:12:3C,ALL,udp:40124,192.168.3.105*,2,180,1,98,1,82
44:3D:54:BE:12:3C,ALL,udp:45746,192.168.3.1*,2,216,1,84,1,132
44:3D:54:BE:12:3C,ALL,udp:45746,192.168.3.105*,2,216,1,132,1,84
44:3D:54:BE:12:3C,ALL,udp:37828,192.168.3.1*,2,401,1,86,1,315
44:3D:54:BE:12:3C,ALL,udp:37828,192.168.3.105*,2,401,1,315,1,86
44:3D:54:BE:12:3C,ALL,udp:46375,192.168.3.1*,2,237,1,83,1,154
44:3D:54:BE:12:3C,ALL,udp:46375,192.168.3.105*,2,237,1,154,1,83
44:3D:54:BE:12:3C,ALL,udp:55708,192.168.3.1*,2,230,1,83,1,147
44:3D:54:BE:12:3C,ALL,udp:55708,192.168.3.105*,2,230,1,147,1,83
44:3D:54:BE:12:3C,ALL,udp:60187,192.168.3.1*,2,296,1,88,1,208
44:3D:54:BE:12:3C,ALL,udp:60187,192.168.3.105*,2,296,1,208,1,88
44:3D:54:BE:12:3C,ALL,udp:39923,192.168.3.1*,2,262,1,107,1,155
44:3D:54:BE:12:3C,ALL,udp:39923,192.168.3.105*,2,262,1,155,1,107
44:3D:54:BE:12:3C,ALL,udp:62590,192.168.3.1*,2,170,1,77,1,93
44:3D:54:BE:12:3C,ALL,udp:62590,192.168.3.105*,2,170,1,93,1,77
44:3D:54:BE:12:3C,ALL,udp:33865,192.168.3.1*,2,253,1,79,1,174
44:3D:54:BE:12:3C,ALL,udp:33865,192.168.3.105*,2,253,1,174,1,79
44:3D:54:BE:12:3C,ALL,udp:59210,192.168.3.1*,2,253,1,79,1,174
44:3D:54:BE:12:3C,ALL,udp:59210,192.168.3.105*,2,253,1,174,1,79
44:3D:54:BE:12:3C,ALL,udp:32179,192.168.3.1*,2,242,1,89,1,153
44:3D:54:BE:12:3C,ALL,udp:32179,192.168.3.105*,2,242,1,153,1,89
44:3D:54:BE:12:3C,ALL,udp:29471,192.168.3.1*,2,170,1,77,1,93
44:3D:54:BE:12:3C,ALL,udp:29471,192.168.3.105*,2,170,1,93,1,77
44:3D:54:BE:12:3C,ALL,udp:23277,192.168.3.1*,2,210,1,86,1,124
44:3D:54:BE:12:3C,ALL,udp:23277,192.168.3.105*,2,210,1,124,1,86
44:3D:54:BE:12:3C,ALL,udp:1956,192.168.3.1*,2,210,1,86,1,124
44:3D:54:BE:12:3C,ALL,udp:1956,192.168.3.105*,2,210,1,124,1,86
44:3D:54:BE:12:3C,ALL,udp:58518,192.168.3.1*,2,242,1,89,1,153
44:3D:54:BE:12:3C,ALL,udp:58518,192.168.3.105*,2,242,1,153,1,89
44:3D:54:BE:12:3C,ALL,udp:58413,192.168.3.1*,2,164,1,74,1,90
44:3D:54:BE:12:3C,ALL,udp:58413,192.168.3.105*,2,164,1,90,1,74
44:3D:54:BE:12:3C,ALL,udp:11198,192.168.3.1*,2,253,1,79,1,174
44:3D:54:BE:12:3C,ALL,udp:11198,192.168.3.105*,2,253,1,174,1,79
44:3D:54:BE:12:3C,ALL,udp:24661,192.168.3.1*,2,253,1,79,1,174
44:3D:54:BE:12:3C,ALL,udp:24661,192.168.3.105*,2,253,1,174,1,79
44:3D:54:BE:12:3C,ALL,udp:6082,192.168.3.1*,2,242,1,89,1,153
44:3D:54:BE:12:3C,ALL,udp:6082,192.168.3.105*,2,242,1,153,1,89
44:3D:54:BE:12:3C,ALL,udp:18585,192.168.3.1*,2,210,1,86,1,124
44:3D:54:BE:12:3C,ALL,udp:18585,192.168.3.105*,2,210,1,124,1,86
44:3D:54:BE:12:3C,ALL,udp:52126,192.168.3.1*,2,253,1,79,1,174
44:3D:54:BE:12:3C,ALL,udp:52126,192.168.3.105*,2,253,1,174,1,79
44:3D:54:BE:12:3C,ALL,udp:6381,192.168.3.1*,2,242,1,89,1,153
44:3D:54:BE:12:3C,ALL,udp:6381,192.168.3.105*,2,242,1,153,1,89
44:3D:54:BE:12:3C,ALL,udp:18011,192.168.3.1*,2,253,1,79,1,174
44:3D:54:BE:12:3C,ALL,udp:18011,192.168.3.105*,2,253,1,174,1,79
44:3D:54:BE:12:3C,ALL,udp:14101,192.168.3.1*,2,170,1,77,1,93
44:3D:54:BE:12:3C,ALL,udp:14101,192.168.3.105*,2,170,1,93,1,77
44:3D:54:BE:12:3C,ALL,udp:23035,192.168.3.1*,2,228,1,90,1,138
44:3D:54:BE:12:3C,ALL,udp:23035,192.168.3.105*,2,228,1,138,1,90
44:3D:54:BE:12:3C,ALL,udp:63517,192.168.3.1*,2,242,1,89,1,153
44:3D:54:BE:12:3C,ALL,udp:63517,192.168.3.105*,2,242,1,153,1,89
44:3D:54:BE:12:3C,ALL,udp:25545,192.168.3.1*,2,230,1,83,1,147
44:3D:54:BE:12:3C,ALL,udp:25545,192.168.3.105*,2,230,1,147,1,83
44:3D:54:BE:12:3C,ALL,udp:16925,192.168.3.1*,2,253,1,79,1,174
44:3D:54:BE:12:3C,ALL,udp:16925,192.168.3.105*,2,253,1,174,1,79
44:3D:54:BE:12:3C,ALL,udp:15605,192.168.3.1*,2,368,1,120,1,248
44:3D:54:BE:12:3C,ALL,udp:15605,192.168.3.105*,2,368,1,248,1,120
44:3D:54:BE:12:3C,ALL,udp:32254,192.168.3.1*,2,242,1,89,1,153
44:3D:54:BE:12:3C,ALL,udp:32254,192.168.3.105*,2,242,1,153,1,89
44:3D:54:BE:12:3C,ALL,udp:63450,192.168.3.1*,2,164,1,74,1,90
44:3D:54:BE:12:3C,ALL,udp:63450,192.168.3.105*,2,164,1,90,1,74
44:3D:54:BE:12:3C,ALL,udp:48139,192.168.3.1*,2,242,1,89,1,153
44:3D:54:BE:12:3C,ALL,udp:48139,192.168.3.105*,2,242,1,153,1,89
44:3D:54:BE:12:3C,ALL,udp:10426,192.168.3.1*,2,170,1,77,1,93
44:3D:54:BE:12:3C,ALL,udp:10426,192.168.3.105*,2,170,1,93,1,77
44:3D:54:BE:12:3C,ALL,udp:18737,192.168.3.1*,2,242,1,89,1,153
44:3D:54:BE:12:3C,ALL,udp:18737,192.168.3.105*,2,242,1,153,1,89
44:3D:54:BE:12:3C,ALL,udp:61787,192.168.3.1*,2,228,1,90,1,138
44:3D:54:BE:12:3C,ALL,udp:61787,192.168.3.105*,2,228,1,138,1,90
44:3D:54:BE:12:3C,ALL,udp:42561,192.168.3.1*,2,253,1,79,1,174
44:3D:54:BE:12:3C,ALL,udp:42561,192.168.3.105*,2,253,1,174,1,79
44:3D:54:BE:12:3C,ALL,udp:1034,192.168.3.1*,2,242,1,89,1,153
44:3D:54:BE:12:3C,ALL,udp:1034,192.168.3.105*,2,242,1,153,1,89
44:3D:54:BE:12:3C,ALL,udp:59582,192.168.3.1*,2,242,1,89,1,153
44:3D:54:BE:12:3C,ALL,udp:59582,192.168.3.105*,2,242,1,153,1,89
44:3D:54:BE:12:3C,ALL,udp:57000,192.168.3.1*,2,170,1,77,1,93
44:3D:54:BE:12:3C,ALL,udp:57000,192.168.3.105*,2,170,1,93,1,77
44:3D:54:BE:12:3C,ALL,udp:10365,192.168.3.1*,2,253,1,79,1,174
44:3D:54:BE:12:3C,ALL,udp:10365,192.168.3.105*,2,253,1,174,1,79
44:3D:54:BE:12:3C,ALL,udp:12450,192.168.3.1*,2,228,1,90,1,138
44:3D:54:BE:12:3C,ALL,udp:12450,192.168.3.105*,2,228,1,138,1,90
44:3D:54:BE:12:3C,ALL,udp:12264,192.168.3.1*,2,253,1,79,1,174
44:3D:54:BE:12:3C,ALL,udp:12264,192.168.3.105*,2,253,1,174,1,79
44:3D:54:BE:12:3C,ALL,udp:55339,192.168.3.1*,2,164,1,74,1,90
44:3D:54:BE:12:3C,ALL,udp:55339,192.168.3.105*,2,164,1,90,1,74
44:3D:54:BE:12:3C,ALL,udp:39295,192.168.3.1*,2,253,1,79,1,174
44:3D:54:BE:12:3C,ALL,udp:39295,192.168.3.105*,2,253,1,174,1,79
44:3D:54:BE:12:3C,ALL,udp:49026,192.168.3.1*,2,368,1,120,1,248
44:3D:54:BE:12:3C,ALL,udp:49026,192.168.3.105*,2,368,1,248,1,120
44:3D:54:BE:12:3C,ALL,udp:50281,192.168.3.1*,2,226,1,81,1,145
44:3D:54:BE:12:3C,ALL,udp:50281,192.168.3.105*,2,226,1,145,1,81
44:3D:54:BE:12:3C,ALL,udp:52723,192.168.3.1*,2,242,1,89,1,153
44:3D:54:BE:12:3C,ALL,udp:52723,192.168.3.105*,2,242,1,153,1,89
44:3D:54:BE:12:3C,ALL,udp:39230,192.168.3.1*,2,253,1,79,1,174
44:3D:54:BE:12:3C,ALL,udp:39230,192.168.3.105*,2,253,1,174,1,79
44:3D:54:BE:12:3C,ALL,udp:3961,192.168.3.1*,2,253,1,79,1,174
44:3D:54:BE:12:3C,ALL,udp:3961,192.168.3.105*,2,253,1,174,1,79
44:3D:54:BE:12:3C,ALL,udp:6154,192.168.3.1*,2,242,1,89,1,153
44:3D:54:BE:12:3C,ALL,udp:6154,192.168.3.105*,2,242,1,153,1,89
44:3D:54:BE:12:3C,ALL,udp:35286,192.168.3.1*,2,170,1,77,1,93
44:3D:54:BE:12:3C,ALL,udp:35286,192.168.3.105*,2,170,1,93,1,77
44:3D:54:BE:12:3C,ALL,udp:41683,192.168.3.1*,2,253,1,79,1,174
44:3D:54:BE:12:3C,ALL,udp:41683,192.168.3.105*,2,253,1,174,1,79
44:3D:54:BE:12:3C,ALL,udp:57149,192.168.3.1*,2,242,1,89,1,153
44:3D:54:BE:12:3C,ALL,udp:57149,192.168.3.105*,2,242,1,153,1,89
44:3D:54:BE:12:3C,ALL,udp:14176,192.168.3.1*,2,253,1,79,1,174
44:3D:54:BE:12:3C,ALL,udp:14176,192.168.3.105*,2,253,1,174,1,79
44:3D:54:BE:12:3C,ALL,udp:3088,192.168.3.1*,2,253,1,79,1,174
44:3D:54:BE:12:3C,ALL,udp:3088,192.168.3.105*,2,253,1,174,1,79
44:3D:54:BE:12:3C,ALL,udp:1169,192.168.3.1*,2,242,1,89,1,153
44:3D:54:BE:12:3C,ALL,udp:1169,192.168.3.105*,2,242,1,153,1,89
44:3D:54:BE:12:3C,ALL,udp:23563,192.168.3.1*,2,253,1,79,1,174
44:3D:54:BE:12:3C,ALL,udp:23563,192.168.3.105*,2,253,1,174,1,79
44:3D:54:BE:12:3C,ALL,udp:5100,192.168.3.1*,2,242,1,89,1,153
44:3D:54:BE:12:3C,ALL,udp:5100,192.168.3.105*,2,242,1,153,1,89
44:3D:54:BE:12:3C,ALL,udp:20109,192.168.3.1*,2,170,1,77,1,93
44:3D:54:BE:12:3C,ALL,udp:20109,192.168.3.105*,2,170,1,93,1,77
44:3D:54:BE:12:3C,ALL,udp:57658,192.168.3.1*,2,242,1,89,1,153
44:3D:54:BE:12:3C,ALL,udp:57658,192.168.3.105*,2,242,1,153,1,89
44:3D:54:BE:12:3C,ALL,udp:60003,192.168.3.1*,2,228,1,90,1,138
44:3D:54:BE:12:3C,ALL,udp:60003,192.168.3.105*,2,228,1,138,1,90
44:3D:54:BE:12:3C,ALL,udp:26928,192.168.3.1*,2,253,1,79,1,174
44:3D:54:BE:12:3C,ALL,udp:26928,192.168.3.105*,2,253,1,174,1,79
44:3D:54:BE:12:3C,ALL,udp:1921,192.168.3.1*,2,382,1,102,1,280
44:3D:54:BE:12:3C,ALL,udp:1921,192.168.3.105*,2,382,1,280,1,102
44:3D:54:BE:12:3C,ALL,udp:30639,192.168.3.1*,2,242,1,89,1,153
44:3D:54:BE:12:3C,ALL,udp:30639,192.168.3.105*,2,242,1,153,1,89
44:3D:54:BE:12:3C,ALL,udp:1135,192.168.3.1*,2,242,1,89,1,153
44:3D:54:BE:12:3C,ALL,udp:1135,192.168.3.105*,2,242,1,153,1,89
44:3D:54:BE:12:3C,ALL,udp:49364,192.168.3.1*,2,170,1,77,1,93
44:3D:54:BE:12:3C,ALL,udp:49364,192.168.3.105*,2,170,1,93,1,77
44:3D:54:BE:12:3C,ALL,udp:1615,192.168.3.1*,2,242,1,89,1,153
44:3D:54:BE:12:3C,ALL,udp:1615,192.168.3.105*,2,242,1,153,1,89
44:3D:54:BE:12:3C,ALL,udp:21320,192.168.3.1*,2,253,1,79,1,174
44:3D:54:BE:12:3C,ALL,udp:21320,192.168.3.105*,2,253,1,174,1,79
44:3D:54:BE:12:3C,ALL,udp:39466,192.168.3.1*,2,242,1,89,1,153
44:3D:54:BE:12:3C,ALL,udp:39466,192.168.3.105*,2,242,1,153,1,89
44:3D:54:BE:12:3C,ALL,udp:38718,192.168.3.1*,2,253,1,79,1,174
44:3D:54:BE:12:3C,ALL,udp:38718,192.168.3.105*,2,253,1,174,1,79
44:3D:54:BE:12:3C,ALL,udp:1162,192.168.3.1*,2,242,1,89,1,153
44:3D:54:BE:12:3C,ALL,udp:1162,192.168.3.105*,2,242,1,153,1,89
44:3D:54:BE:12:3C,ALL,udp:10240,192.168.3.1*,2,253,1,79,1,174
44:3D:54:BE:12:3C,ALL,udp:10240,192.168.3.105*,2,253,1,174,1,79
44:3D:54:BE:12:3C,ALL,udp:27502,192.168.3.1*,2,170,1,77,1,93
44:3D:54:BE:12:3C,ALL,udp:27502,192.168.3.105*,2,170,1,93,1,77
44:3D:54:BE:12:3C,ALL,udp:8252,192.168.3.1*,2,253,1,79,1,174
44:3D:54:BE:12:3C,ALL,udp:8252,192.168.3.105*,2,253,1,174,1,79
44:3D:54:BE:12:3C,ALL,udp:55142,192.168.3.1*,2,253,1,79,1,174
44:3D:54:BE:12:3C,ALL,udp:55142,192.168.3.105*,2,253,1,174,1,79
44:3D:54:BE:12:3C,ALL,udp:58208,192.168.3.1*,2,242,1,89,1,153
44:3D:54:BE:12:3C,ALL,udp:58208,192.168.3.105*,2,242,1,153,1,89
44:3D:54:BE:12:3C,ALL,udp:56397,192.168.3.1*,2,228,1,90,1,138
44:3D:54:BE:12:3C,ALL,udp:56397,192.168.3.105*,2,228,1,138,1,90
44:3D:54:BE:12:3C,ALL,udp:38935,192.168.3.1*,2,164,1,74,1,90
44:3D:54:BE:12:3C,ALL,udp:38935,192.168.3.105*,2,164,1,90,1,74
44:3D:54:BE:12:3C,ALL,udp:1314,192.168.3.1*,2,253,1,79,1,174
44:3D:54:BE:12:3C,ALL,udp:1314,192.168.3.105*,2,253,1,174,1,79
44:3D:54:BE:12:3C,ALL,udp:3549,192.168.3.1*,2,368,1,120,1,248
44:3D:54:BE:12:3C,ALL,udp:3549,192.168.3.105*,2,368,1,248,1,120
44:3D:54:BE:12:3C,ALL,udp:25213,192.168.3.1*,2,242,1,89,1,153
44:3D:54:BE:12:3C,ALL,udp:25213,192.168.3.105*,2,242,1,153,1,89
44:3D:54:BE:12:3C,ALL,udp:48202,192.168.3.1*,2,253,1,79,1,174
44:3D:54:BE:12:3C,ALL,udp:48202,192.168.3.105*,2,253,1,174,1,79
44:3D:54:BE:12:3C,ALL,udp:40206,192.168.3.1*,2,253,1,79,1,174
44:3D:54:BE:12:3C,ALL,udp:40206,192.168.3.105*,2,253,1,174,1,79
44:3D:54:BE:12:3C,ALL,udp:46575,192.168.3.1*,2,242,1,89,1,153
44:3D:54:BE:12:3C,ALL,udp:46575,192.168.3.105*,2,242,1,153,1,89
44:3D:54:BE:12:3C,ALL,udp:22850,192.168.3.1*,2,170,1,77,1,93
44:3D:54:BE:12:3C,ALL,udp:22850,192.168.3.105*,2,170,1,93,1,77
44:3D:54:BE:12:3C,ALL,udp:1559,192.168.3.1*,2,253,1,79,1,174
44:3D:54:BE:12:3C,ALL,udp:1559,192.168.3.105*,2,253,1,174,1,79
44:3D:54:BE:12:3C,ALL,udp:11559,192.168.3.1*,2,242,1,89,1,153
44:3D:54:BE:12:3C,ALL,udp:11559,192.168.3.105*,2,242,1,153,1,89
44:3D:54:BE:12:3C,ALL,udp:61143,192.168.3.1*,2,253,1,79,1,174
44:3D:54:BE:12:3C,ALL,udp:61143,192.168.3.105*,2,253,1,174,1,79
44:3D:54:BE:12:3C,ALL,udp:1780,192.168.3.1*,2,242,1,89,1,153
44:3D:54:BE:12:3C,ALL,udp:1780,192.168.3.105*,2,242,1,153,1,89
44:3D:54:BE:12:3C,ALL,udp:6033,192.168.3.1*,2,253,1,79,1,174
44:3D:54:BE:12:3C,ALL,udp:6033,192.168.3.105*,2,253,1,174,1,79
44:3D:54:BE:12:3C,ALL,udp:33630,192.168.3.1*,2,242,1,89,1,153
44:3D:54:BE:12:3C,ALL,udp:33630,192.168.3.105*,2,242,1,153,1,89
44:3D:54:BE:12:3C,ALL,udp:36880,192.168.3.1*,2,170,1,77,1,93
44:3D:54:BE:12:3C,ALL,udp:36880,192.168.3.105*,2,170,1,93,1,77
44:3D:54:BE:12:3C,ALL,udp:34611,192.168.3.1*,2,228,1,90,1,138
44:3D:54:BE:12:3C,ALL,udp:34611,192.168.3.105*,2,228,1,138,1,90
44:3D:54:BE:12:3C,ALL,udp:58695,192.168.3.1*,2,242,1,89,1,153
44:3D:54:BE:12:3C,ALL,udp:58695,192.168.3.105*,2,242,1,153,1,89
44:3D:54:BE:12:3C,ALL,udp:30585,192.168.3.1*,2,368,1,120,1,248
44:3D:54:BE:12:3C,ALL,udp:30585,192.168.3.105*,2,368,1,248,1,120
44:3D:54:BE:12:3C,ALL,udp:3424,192.168.3.1*,2,242,1,89,1,153
44:3D:54:BE:12:3C,ALL,udp:3424,192.168.3.105*,2,242,1,153,1,89
44:3D:54:BE:12:3C,ALL,udp:18224,192.168.3.1*,2,253,1,79,1,174
44:3D:54:BE:12:3C,ALL,udp:18224,192.168.3.105*,2,253,1,174,1,79
44:3D:54:BE:12:3C,ALL,udp:38927,192.168.3.1*,2,242,1,89,1,153
44:3D:54:BE:12:3C,ALL,udp:38927,192.168.3.105*,2,242,1,153,1,89
44:3D:54:BE:12:3C,ALL,udp:55095,192.168.3.1*,2,170,1,77,1,93
44:3D:54:BE:12:3C,ALL,udp:55095,192.168.3.105*,2,170,1,93,1,77
44:3D:54:BE:12:3C,ALL,udp:2824,192.168.3.1*,2,242,1,89,1,153
44:3D:54:BE:12:3C,ALL,udp:2824,192.168.3.105*,2,242,1,153,1,89
44:3D:54:BE:12:3C,ALL,udp:17357,192.168.3.1*,2,253,1,79,1,174
44:3D:54:BE:12:3C,ALL,udp:17357,192.168.3.105*,2,253,1,174,1,79
44:3D:54:BE:12:3C,ALL,udp:54578,192.168.3.1*,2,253,1,79,1,174
44:3D:54:BE:12:3C,ALL,udp:54578,192.168.3.105*,2,253,1,174,1,79
44:3D:54:BE:12:3C,ALL,udp:37586,192.168.3.1*,2,242,1,89,1,153
44:3D:54:BE:12:3C,ALL,udp:37586,192.168.3.105*,2,242,1,153,1,89
44:3D:54:BE:12:3C,ALL,udp:49240,192.168.3.1*,2,253,1,79,1,174
44:3D:54:BE:12:3C,ALL,udp:49240,192.168.3.105*,2,253,1,174,1,79
44:3D:54:BE:12:3C,ALL,udp:10591,192.168.3.1*,2,242,1,89,1,153
44:3D:54:BE:12:3C,ALL,udp:10591,192.168.3.105*,2,242,1,153,1,89
44:3D:54:BE:12:3C,ALL,udp:21832,192.168.3.1*,2,170,1,77,1,93
44:3D:54:BE:12:3C,ALL,udp:21832,192.168.3.105*,2,170,1,93,1,77
44:3D:54:BE:12:3C,ALL,udp:29978,192.168.3.1*,2,253,1,79,1,174
44:3D:54:BE:12:3C,ALL,udp:29978,192.168.3.105*,2,253,1,174,1,79
44:3D:54:BE:12:3C,ALL,udp:41414,192.168.3.1*,2,228,1,90,1,138
44:3D:54:BE:12:3C,ALL,udp:41414,192.168.3.105*,2,228,1,138,1,90
44:3D:54:BE:12:3C,ALL,udp:59037,192.168.3.1*,2,253,1,79,1,174
44:3D:54:BE:12:3C,ALL,udp:59037,192.168.3.105*,2,253,1,174,1,79
44:3D:54:BE:12:3C,ALL,udp:51114,192.168.3.1*,2,164,1,74,1,90
44:3D:54:BE:12:3C,ALL,udp:51114,192.168.3.105*,2,164,1,90,1,74
44:3D:54:BE:12:3C,ALL,udp:59783,192.168.3.1*,2,242,1,89,1,153
44:3D:54:BE:12:3C,ALL,udp:59783,192.168.3.105*,2,242,1,153,1,89
44:3D:54:BE:12:3C,ALL,udp:11740,192.168.3.1*,2,368,1,120,1,248
44:3D:54:BE:12:3C,ALL,udp:11740,192.168.3.105*,2,368,1,248,1,120
44:3D:54:BE:12:3C,ALL,udp:3382,192.168.3.1*,2,242,1,89,1,153
44:3D:54:BE:12:3C,ALL,udp:3382,192.168.3.105*,2,242,1,153,1,89
44:3D:54:BE:12:3C,ALL,udp:15515,192.168.3.1*,2,253,1,79,1,174
44:3D:54:BE:12:3C,ALL,udp:15515,192.168.3.105*,2,253,1,174,1,79
44:3D:54:BE:12:3C,ALL,udp:44667,192.168.3.1*,2,253,1,79,1,174
44:3D:54:BE:12:3C,ALL,udp:44667,192.168.3.105*,2,253,1,174,1,79
44:3D:54:BE:12:3C,ALL,udp:46104,192.168.3.1*,2,242,1,89,1,153
44:3D:54:BE:12:3C,ALL,udp:46104,192.168.3.105*,2,242,1,153,1,89
44:3D:54:BE:12:3C,ALL,udp:15452,192.168.3.1*,2,170,1,77,1,93
44:3D:54:BE:12:3C,ALL,udp:15452,192.168.3.105*,2,170,1,93,1,77
44:3D:54:BE:12:3C,ALL,udp:25922,192.168.3.1*,2,253,1,79,1,174
44:3D:54:BE:12:3C,ALL,udp:25922,192.168.3.105*,2,253,1,174,1,79
44:3D:54:BE:12:3C,ALL,udp:9395,192.168.3.1*,2,242,1,89,1,153
44:3D:54:BE:12:3C,ALL,udp:9395,192.168.3.105*,2,242,1,153,1,89
44:3D:54:BE:12:3C,ALL,udp:52188,192.168.3.1*,2,253,1,79,1,174
44:3D:54:BE:12:3C,ALL,udp:52188,192.168.3.105*,2,253,1,174,1,79
44:3D:54:BE:12:3C,ALL,udp:49181,192.168.3.1*,2,242,1,89,1,153
44:3D:54:BE:12:3C,ALL,udp:49181,192.168.3.105*,2,242,1,153,1,89
44:3D:54:BE:12:3C,ALL,udp:12909,192.168.3.1*,2,253,1,79,1,174
44:3D:54:BE:12:3C,ALL,udp:12909,192.168.3.105*,2,253,1,174,1,79
44:3D:54:BE:12:3C,ALL,udp:5779,192.168.3.1*,2,253,1,79,1,174
44:3D:54:BE:12:3C,ALL,udp:5779,192.168.3.105*,2,253,1,174,1,79
44:3D:54:BE:12:3C,ALL,udp:57339,192.168.3.1*,2,170,1,77,1,93
44:3D:54:BE:12:3C,ALL,udp:57339,192.168.3.105*,2,170,1,93,1,77
44:3D:54:BE:12:3C,ALL,udp:41379,192.168.3.1*,2,228,1,90,1,138
44:3D:54:BE:12:3C,ALL,udp:41379,192.168.3.105*,2,228,1,138,1,90
44:3D:54:BE:12:3C,ALL,udp:4946,192.168.3.1*,2,242,1,89,1,153
44:3D:54:BE:12:3C,ALL,udp:4946,192.168.3.105*,2,242,1,153,1,89
44:3D:54:BE:12:3C,ALL,udp:24725,192.168.3.1*,2,253,1,79,1,174
44:3D:54:BE:12:3C,ALL,udp:24725,192.168.3.105*,2,253,1,174,1,79
44:3D:54:BE:12:3C,ALL,udp:1032,192.168.3.1*,2,368,1,120,1,248
44:3D:54:BE:12:3C,ALL,udp:1032,192.168.3.105*,2,368,1,248,1,120
44:3D:54:BE:12:3C,ALL,udp:44267,192.168.3.1*,2,242,1,89,1,153
44:3D:54:BE:12:3C,ALL,udp:44267,192.168.3.105*,2,242,1,153,1,89
44:3D:54:BE:12:3C,ALL,udp:42602,192.168.3.1*,2,253,1,79,1,174
44:3D:54:BE:12:3C,ALL,udp:42602,192.168.3.105*,2,253,1,174,1,79
44:3D:54:BE:12:3C,ALL,udp:14339,192.168.3.1*,2,242,1,89,1,153
44:3D:54:BE:12:3C,ALL,udp:14339,192.168.3.105*,2,242,1,153,1,89
44:3D:54:BE:12:3C,ALL,udp:11253,192.168.3.1*,2,170,1,77,1,93
44:3D:54:BE:12:3C,ALL,udp:11253,192.168.3.105*,2,170,1,93,1,77
44:3D:54:BE:12:3C,ALL,udp:21690,192.168.3.1*,2,253,1,79,1,174
44:3D:54:BE:12:3C,ALL,udp:21690,192.168.3.105*,2,253,1,174,1,79
44:3D:54:BE:12:3C,ALL,udp:57448,192.168.3.1*,2,242,1,89,1,153
44:3D:54:BE:12:3C,ALL,udp:57448,192.168.3.105*,2,242,1,153,1,89
44:3D:54:BE:12:3C,ALL,udp:38599,192.168.3.1*,2,253,1,79,1,174
44:3D:54:BE:12:3C,ALL,udp:38599,192.168.3.105*,2,253,1,174,1,79
44:3D:54:BE:12:3C,ALL,udp:24988,192.168.3.1*,2,253,1,79,1,174
44:3D:54:BE:12:3C,ALL,udp:24988,192.168.3.105*,2,253,1,174,1,79
44:3D:54:BE:12:3C,ALL,udp:25022,192.168.3.1*,2,242,1,89,1,153
44:3D:54:BE:12:3C,ALL,udp:25022,192.168.3.105*,2,242,1,153,1,89
44:3D:54:BE:12:3C,ALL,udp:34523,192.168.3.1*,2,253,1,79,1,174
44:3D:54:BE:12:3C,ALL,udp:34523,192.168.3.105*,2,253,1,174,1,79
44:3D:54:BE:12:3C,ALL,udp:35720,192.168.3.1*,2,242,1,89,1,153
44:3D:54:BE:12:3C,ALL,udp:35720,192.168.3.105*,2,242,1,153,1,89
44:3D:54:BE:12:3C,ALL,udp:61649,192.168.3.1*,2,228,1,90,1,138
44:3D:54:BE:12:3C,ALL,udp:61649,192.168.3.105*,2,228,1,138,1,90
44:3D:54:BE:12:3C,ALL,udp:56261,192.168.3.1*,2,170,1,77,1,93
44:3D:54:BE:12:3C,ALL,udp:56261,192.168.3.105*,2,170,1,93,1,77
44:3D:54:BE:12:3C,ALL,udp:17921,192.168.3.1*,2,164,1,74,1,90
44:3D:54:BE:12:3C,ALL,udp:17921,192.168.3.105*,2,164,1,90,1,74
44:3D:54:BE:12:3C,ALL,udp:13864,192.168.3.1*,2,242,1,89,1,153
44:3D:54:BE:12:3C,ALL,udp:13864,192.168.3.105*,2,242,1,153,1,89
44:3D:54:BE:12:3C,ALL,udp:38554,192.168.3.1*,2,253,1,79,1,174
44:3D:54:BE:12:3C,ALL,udp:38554,192.168.3.105*,2,253,1,174,1,79
44:3D:54:BE:12:3C,ALL,udp:60776,192.168.3.1*,2,368,1,120,1,248
44:3D:54:BE:12:3C,ALL,udp:60776,192.168.3.105*,2,368,1,248,1,120
44:3D:54:BE:12:3C,ALL,udp:59671,192.168.3.1*,2,242,1,89,1,153
44:3D:54:BE:12:3C,ALL,udp:59671,192.168.3.105*,2,242,1,153,1,89
44:3D:54:BE:12:3C,ALL,udp:22113,192.168.3.1*,2,242,1,89,1,153
44:3D:54:BE:12:3C,ALL,udp:22113,192.168.3.105*,2,242,1,153,1,89
44:3D:54:BE:12:3C,ALL,udp:12629,192.168.3.1*,2,253,1,79,1,174
44:3D:54:BE:12:3C,ALL,udp:12629,192.168.3.105*,2,253,1,174,1,79
44:3D:54:BE:12:3C,ALL,udp:30542,192.168.3.1*,2,170,1,77,1,93
44:3D:54:BE:12:3C,ALL,udp:30542,192.168.3.105*,2,170,1,93,1,77
44:3D:54:BE:12:3C,ALL,udp:34093,192.168.3.1*,2,242,1,89,1,153
44:3D:54:BE:12:3C,ALL,udp:34093,192.168.3.105*,2,242,1,153,1,89
44:3D:54:BE:12:3C,ALL,udp:46114,192.168.3.1*,2,253,1,79,1,174
44:3D:54:BE:12:3C,ALL,udp:46114,192.168.3.105*,2,253,1,174,1,79
44:3D:54:BE:12:3C,ALL,udp:18760,192.168.3.1*,2,253,1,79,1,174
44:3D:54:BE:12:3C,ALL,udp:18760,192.168.3.105*,2,253,1,174,1,79
44:3D:54:BE:12:3C,ALL,udp:9027,192.168.3.1*,2,253,1,79,1,174
44:3D:54:BE:12:3C,ALL,udp:9027,192.168.3.105*,2,253,1,174,1,79
44:3D:54:BE:12:3C,ALL,udp:19680,192.168.3.1*,2,242,1,89,1,153
44:3D:54:BE:12:3C,ALL,udp:19680,192.168.3.105*,2,242,1,153,1,89
44:3D:54:BE:12:3C,ALL,udp:33780,192.168.3.1*,2,253,1,79,1,174
44:3D:54:BE:12:3C,ALL,udp:33780,192.168.3.105*,2,253,1,174,1,79
44:3D:54:BE:12:3C,ALL,udp:58394,192.168.3.1*,2,164,1,74,1,90
44:3D:54:BE:12:3C,ALL,udp:58394,192.168.3.105*,2,164,1,90,1,74
44:3D:54:BE:12:3C,ALL,udp:47194,192.168.3.1*,2,253,1,79,1,174
44:3D:54:BE:12:3C,ALL,udp:47194,192.168.3.105*,2,253,1,174,1,79
44:3D:54:BE:12:3C,ALL,udp:62540,192.168.3.1*,2,242,1,89,1,153
44:3D:54:BE:12:3C,ALL,udp:62540,192.168.3.105*,2,242,1,153,1,89
44:3D:54:BE:12:3C,ALL,udp:1329,192.168.3.1*,2,228,1,90,1,138
44:3D:54:BE:12:3C,ALL,udp:1329,192.168.3.105*,2,228,1,138,1,90
44:3D:54:BE:12:3C,ALL,udp:45513,192.168.3.1*,2,170,1,77,1,93
44:3D:54:BE:12:3C,ALL,udp:45513,192.168.3.105*,2,170,1,93,1,77
44:3D:54:BE:12:3C,ALL,udp:10995,192.168.3.1*,2,242,1,89,1,153
44:3D:54:BE:12:3C,ALL,udp:10995,192.168.3.105*,2,242,1,153,1,89
44:3D:54:BE:12:3C,ALL,udp:46706,192.168.3.1*,2,368,1,120,1,248
44:3D:54:BE:12:3C,ALL,udp:46706,192.168.3.105*,2,368,1,248,1,120
44:3D:54:BE:12:3C,ALL,udp:58988,192.168.3.1*,2,242,1,89,1,153
44:3D:54:BE:12:3C,ALL,udp:58988,192.168.3.105*,2,242,1,153,1,89
44:3D:54:BE:12:3C,ALL,udp:32097,192.168.3.1*,2,253,1,79,1,174
44:3D:54:BE:12:3C,ALL,udp:32097,192.168.3.105*,2,253,1,174,1,79
44:3D:54:BE:12:3C,ALL,udp:6555,192.168.3.1*,2,242,1,89,1,153
44:3D:54:BE:12:3C,ALL,udp:6555,192.168.3.105*,2,242,1,153,1,89
44:3D:54:BE:12:3C,ALL,udp:8271,192.168.3.1*,2,253,1,79,1,174
44:3D:54:BE:12:3C,ALL,udp:8271,192.168.3.105*,2,253,1,174,1,79
44:3D:54:BE:12:3C,ALL,udp:36648,192.168.3.1*,2,253,1,79,1,174
44:3D:54:BE:12:3C,ALL,udp:36648,192.168.3.105*,2,253,1,174,1,79
44:3D:54:BE:12:3C,ALL,udp:37365,192.168.3.1*,2,170,1,77,1,93
44:3D:54:BE:12:3C,ALL,udp:37365,192.168.3.105*,2,170,1,93,1,77
44:3D:54:BE:12:3C,ALL,udp:30086,192.168.3.1*,2,242,1,89,1,153
44:3D:54:BE:12:3C,ALL,udp:30086,192.168.3.105*,2,242,1,153,1,89
44:3D:54:BE:12:3C,ALL,udp:3163,192.168.3.1*,2,253,1,79,1,174
44:3D:54:BE:12:3C,ALL,udp:3163,192.168.3.105*,2,253,1,174,1,79
44:3D:54:BE:12:3C,ALL,udp:55546,192.168.3.1*,2,253,1,79,1,174
44:3D:54:BE:12:3C,ALL,udp:55546,192.168.3.105*,2,253,1,174,1,79
44:3D:54:BE:12:3C,ALL,udp:55222,192.168.3.1*,2,242,1,89,1,153
44:3D:54:BE:12:3C,ALL,udp:55222,192.168.3.105*,2,242,1,153,1,89
44:3D:54:BE:12:3C,ALL,udp:23280,192.168.3.1*,2,253,1,79,1,174
44:3D:54:BE:12:3C,ALL,udp:23280,192.168.3.105*,2,253,1,174,1,79
44:3D:54:BE:12:3C,ALL,udp:15773,192.168.3.1*,2,228,1,90,1,138
44:3D:54:BE:12:3C,ALL,udp:15773,192.168.3.105*,2,228,1,138,1,90
44:3D:54:BE:12:3C,ALL,udp:6927,192.168.3.1*,2,242,1,89,1,153
44:3D:54:BE:12:3C,ALL,udp:6927,192.168.3.105*,2,242,1,153,1,89
44:3D:54:BE:12:3C,ALL,udp:63694,192.168.3.1*,2,164,1,74,1,90
44:3D:54:BE:12:3C,ALL,udp:63694,192.168.3.105*,2,164,1,90,1,74
44:3D:54:BE:12:3C,ALL,udp:8175,192.168.3.1*,2,242,1,89,1,153
44:3D:54:BE:12:3C,ALL,udp:8175,192.168.3.105*,2,242,1,153,1,89
44:3D:54:BE:12:3C,ALL,udp:30916,192.168.3.1*,2,253,1,79,1,174
44:3D:54:BE:12:3C,ALL,udp:30916,192.168.3.105*,2,253,1,174,1,79
44:3D:54:BE:12:3C,ALL,udp:65286,192.168.3.1*,2,368,1,120,1,248
44:3D:54:BE:12:3C,ALL,udp:65286,192.168.3.105*,2,368,1,248,1,120
44:3D:54:BE:12:3C,ALL,udp:36005,192.168.3.1*,2,253,1,79,1,174
44:3D:54:BE:12:3C,ALL,udp:36005,192.168.3.105*,2,253,1,174,1,79
44:3D:54:BE:12:3C,ALL,udp:50015,192.168.3.1*,2,242,1,89,1,153
44:3D:54:BE:12:3C,ALL,udp:50015,192.168.3.105*,2,242,1,153,1,89
44:3D:54:BE:12:3C,ALL,udp:6436,192.168.3.1*,2,242,1,89,1,153
44:3D:54:BE:12:3C,ALL,udp:6436,192.168.3.105*,2,242,1,153,1,89
44:3D:54:BE:12:3C,ALL,udp:15547,192.168.3.1*,2,170,1,77,1,93
44:3D:54:BE:12:3C,ALL,udp:15547,192.168.3.105*,2,170,1,93,1,77
44:3D:54:BE:12:3C,ALL,udp:52491,192.168.3.1*,2,242,1,89,1,153
44:3D:54:BE:12:3C,ALL,udp:52491,192.168.3.105*,2,242,1,153,1,89
44:3D:54:BE:12:3C,ALL,udp:12207,192.168.3.1*,2,242,1,89,1,153
44:3D:54:BE:12:3C,ALL,udp:12207,192.168.3.105*,2,242,1,153,1,89
44:3D:54:BE:12:3C,ALL,udp:25043,192.168.3.1*,2,253,1,79,1,174
44:3D:54:BE:12:3C,ALL,udp:25043,192.168.3.105*,2,253,1,174,1,79
44:3D:54:BE:12:3C,ALL,udp:45923,192.168.3.1*,2,228,1,90,1,138
44:3D:54:BE:12:3C,ALL,udp:45923,192.168.3.105*,2,228,1,138,1,90
44:3D:54:BE:12:3C,ALL,udp:43734,192.168.3.1*,2,242,1,89,1,153
44:3D:54:BE:12:3C,ALL,udp:43734,192.168.3.105*,2,242,1,153,1,89
44:3D:54:BE:12:3C,ALL,udp:47066,192.168.3.1*,2,253,1,79,1,174
44:3D:54:BE:12:3C,ALL,udp:47066,192.168.3.105*,2,253,1,174,1,79
44:3D:54:BE:12:3C,ALL,udp:32588,192.168.3.1*,2,170,1,77,1,93
44:3D:54:BE:12:3C,ALL,udp:32588,192.168.3.105*,2,170,1,93,1,77
44:3D:54:BE:12:3C,ALL,udp:1796,192.168.3.1*,2,253,1,79,1,174
44:3D:54:BE:12:3C,ALL,udp:1796,192.168.3.105*,2,253,1,174,1,79
44:3D:54:BE:12:3C,ALL,udp:2395,192.168.3.1*,2,242,1,89,1,153
44:3D:54:BE:12:3C,ALL,udp:2395,192.168.3.105*,2,242,1,153,1,89
44:3D:54:BE:12:3C,ALL,udp:45198,192.168.3.1*,2,253,1,79,1,174
44:3D:54:BE:12:3C,ALL,udp:45198,192.168.3.105*,2,253,1,174,1,79
44:3D:54:BE:12:3C,ALL,udp:35551,192.168.3.1*,2,253,1,79,1,174
44:3D:54:BE:12:3C,ALL,udp:35551,192.168.3.105*,2,253,1,174,1,79
44:3D:54:BE:12:3C,ALL,udp:37100,192.168.3.1*,2,253,1,79,1,174
44:3D:54:BE:12:3C,ALL,udp:37100,192.168.3.105*,2,253,1,174,1,79
44:3D:54:BE:12:3C,ALL,udp:1746,192.168.3.1*,2,242,1,89,1,153
44:3D:54:BE:12:3C,ALL,udp:1746,192.168.3.105*,2,242,1,153,1,89
44:3D:54:BE:12:3C,ALL,udp:11719,192.168.3.1*,2,253,1,79,1,174
44:3D:54:BE:12:3C,ALL,udp:11719,192.168.3.105*,2,253,1,174,1,79
44:3D:54:BE:12:3C,ALL,udp:45857,192.168.3.1*,2,242,1,89,1,153
44:3D:54:BE:12:3C,ALL,udp:45857,192.168.3.105*,2,242,1,153,1,89
44:3D:54:BE:12:3C,ALL,udp:61640,192.168.3.1*,2,253,1,79,1,174
44:3D:54:BE:12:3C,ALL,udp:61640,192.168.3.105*,2,253,1,174,1,79
44:3D:54:BE:12:3C,ALL,udp:62029,192.168.3.1*,2,170,1,77,1,93
44:3D:54:BE:12:3C,ALL,udp:62029,192.168.3.105*,2,170,1,93,1,77
44:3D:54:BE:12:3C,ALL,udp:14782,192.168.3.1*,2,242,1,89,1,153
44:3D:54:BE:12:3C,ALL,udp:14782,192.168.3.105*,2,242,1,153,1,89
44:3D:54:BE:12:3C,ALL,udp:1128,192.168.3.1*,2,253,1,79,1,174
44:3D:54:BE:12:3C,ALL,udp:1128,192.168.3.105*,2,253,1,174,1,79
44:3D:54:BE:12:3C,ALL,udp:52440,192.168.3.1*,2,253,1,79,1,174
44:3D:54:BE:12:3C,ALL,udp:52440,192.168.3.105*,2,253,1,174,1,79
44:3D:54:BE:12:3C,ALL,udp:45144,192.168.3.1*,2,242,1,89,1,153
44:3D:54:BE:12:3C,ALL,udp:45144,192.168.3.105*,2,242,1,153,1,89
44:3D:54:BE:12:3C,ALL,udp:17992,192.168.3.1*,2,228,1,90,1,138
44:3D:54:BE:12:3C,ALL,udp:17992,192.168.3.105*,2,228,1,138,1,90
44:3D:54:BE:12:3C,ALL,udp:20768,192.168.3.1*,2,253,1,79,1,174
44:3D:54:BE:12:3C,ALL,udp:20768,192.168.3.105*,2,253,1,174,1,79
44:3D:54:BE:12:3C,ALL,udp:4866,192.168.3.1*,2,164,1,74,1,90
44:3D:54:BE:12:3C,ALL,udp:4866,192.168.3.105*,2,164,1,90,1,74
44:3D:54:BE:12:3C,ALL,udp:33140,192.168.3.1*,2,242,1,89,1,153
44:3D:54:BE:12:3C,ALL,udp:33140,192.168.3.105*,2,242,1,153,1,89
44:3D:54:BE:12:3C,ALL,udp:58779,192.168.3.1*,2,170,1,77,1,93
44:3D:54:BE:12:3C,ALL,udp:58779,192.168.3.105*,2,170,1,93,1,77
44:3D:54:BE:12:3C,ALL,udp:39186,192.168.3.1*,2,242,1,89,1,153
44:3D:54:BE:12:3C,ALL,udp:39186,192.168.3.105*,2,242,1,153,1,89
44:3D:54:BE:12:3C,ALL,udp:12011,192.168.3.1*,2,368,1,120,1,248
44:3D:54:BE:12:3C,ALL,udp:12011,192.168.3.105*,2,368,1,248,1,120
44:3D:54:BE:12:3C,ALL,udp:33560,192.168.3.1*,2,242,1,89,1,153
44:3D:54:BE:12:3C,ALL,udp:33560,192.168.3.105*,2,242,1,153,1,89
44:3D:54:BE:12:3C,ALL,udp:43503,192.168.3.1*,2,253,1,79,1,174
44:3D:54:BE:12:3C,ALL,udp:43503,192.168.3.105*,2,253,1,174,1,79
44:3D:54:BE:12:3C,ALL,udp:58861,192.168.3.1*,2,242,1,89,1,153
44:3D:54:BE:12:3C,ALL,udp:58861,192.168.3.105*,2,242,1,153,1,89
44:3D:54:BE:12:3C,ALL,udp:22947,192.168.3.1*,2,170,1,77,1,93
44:3D:54:BE:12:3C,ALL,udp:22947,192.168.3.105*,2,170,1,93,1,77
44:3D:54:BE:12:3C,ALL,udp:9201,192.168.3.1*,2,242,1,89,1,153
44:3D:54:BE:12:3C,ALL,udp:9201,192.168.3.105*,2,242,1,153,1,89
44:3D:54:BE:12:3C,ALL,udp:61379,192.168.3.1*,2,253,1,79,1,174
44:3D:54:BE:12:3C,ALL,udp:61379,192.168.3.105*,2,253,1,174,1,79
44:3D:54:BE:12:3C,ALL,udp:20493,192.168.3.1*,2,242,1,89,1,153
44:3D:54:BE:12:3C,ALL,udp:20493,192.168.3.105*,2,242,1,153,1,89
44:3D:54:BE:12:3C,ALL,udp:18983,192.168.3.1*,2,253,1,79,1,174
44:3D:54:BE:12:3C,ALL,udp:18983,192.168.3.105*,2,253,1,174,1,79
44:3D:54:BE:12:3C,ALL,udp:14386,192.168.3.1*,2,228,1,90,1,138
44:3D:54:BE:12:3C,ALL,udp:14386,192.168.3.105*,2,228,1,138,1,90
44:3D:54:BE:12:3C,ALL,udp:4667,192.168.3.1*,2,253,1,79,1,174
44:3D:54:BE:12:3C,ALL,udp:4667,192.168.3.105*,2,253,1,174,1,79
44:3D:54:BE:12:3C,ALL,udp:53568,192.168.3.1*,2,242,1,89,1,153
44:3D:54:BE:12:3C,ALL,udp:53568,192.168.3.105*,2,242,1,153,1,89
44:3D:54:BE:12:3C,ALL,udp:48463,192.168.3.1*,2,170,1,77,1,93
44:3D:54:BE:12:3C,ALL,udp:48463,192.168.3.105*,2,170,1,93,1,77
44:3D:54:BE:12:3C,ALL,udp:5052,192.168.3.1*,2,242,1,89,1,153
44:3D:54:BE:12:3C,ALL,udp:5052,192.168.3.105*,2,242,1,153,1,89
44:3D:54:BE:12:3C,ALL,udp:61475,192.168.3.1*,2,368,1,120,1,248
44:3D:54:BE:12:3C,ALL,udp:61475,192.168.3.105*,2,368,1,248,1,120
44:3D:54:BE:12:3C,ALL,udp:63199,192.168.3.1*,2,242,1,89,1,153
44:3D:54:BE:12:3C,ALL,udp:63199,192.168.3.105*,2,242,1,153,1,89
44:3D:54:BE:12:3C,ALL,udp:4029,192.168.3.1*,2,253,1,79,1,174
44:3D:54:BE:12:3C,ALL,udp:4029,192.168.3.105*,2,253,1,174,1,79
44:3D:54:BE:12:3C,ALL,udp:5528,192.168.3.1*,2,242,1,89,1,153
44:3D:54:BE:12:3C,ALL,udp:5528,192.168.3.105*,2,242,1,153,1,89
44:3D:54:BE:12:3C,ALL,udp:60243,192.168.3.1*,2,170,1,77,1,93
44:3D:54:BE:12:3C,ALL,udp:60243,192.168.3.105*,2,170,1,93,1,77
44:3D:54:BE:12:3C,ALL,udp:40576,192.168.3.1*,2,253,1,79,1,174
44:3D:54:BE:12:3C,ALL,udp:40576,192.168.3.105*,2,253,1,174,1,79
44:3D:54:BE:12:3C,ALL,udp:26300,192.168.3.1*,2,242,1,89,1,153
44:3D:54:BE:12:3C,ALL,udp:26300,192.168.3.105*,2,242,1,153,1,89
44:3D:54:BE:12:3C,ALL,udp:45125,192.168.3.1*,2,242,1,89,1,153
44:3D:54:BE:12:3C,ALL,udp:45125,192.168.3.105*,2,242,1,153,1,89
44:3D:54:BE:12:3C,ALL,udp:38396,192.168.3.1*,2,228,1,90,1,138
44:3D:54:BE:12:3C,ALL,udp:38396,192.168.3.105*,2,228,1,138,1,90
44:3D:54:BE:12:3C,ALL,udp:20482,192.168.3.1*,2,253,1,79,1,174
44:3D:54:BE:12:3C,ALL,udp:20482,192.168.3.105*,2,253,1,174,1,79
44:3D:54:BE:12:3C,ALL,udp:8555,192.168.3.1*,2,164,1,74,1,90
44:3D:54:BE:12:3C,ALL,udp:8555,192.168.3.105*,2,164,1,90,1,74
44:3D:54:BE:12:3C,ALL,udp:15878,192.168.3.1*,2,242,1,89,1,153
44:3D:54:BE:12:3C,ALL,udp:15878,192.168.3.105*,2,242,1,153,1,89
44:3D:54:BE:12:3C,ALL,udp:61582,192.168.3.1*,2,253,1,79,1,174
44:3D:54:BE:12:3C,ALL,udp:61582,192.168.3.105*,2,253,1,174,1,79
44:3D:54:BE:12:3C,ALL,udp:51486,192.168.3.1*,2,170,1,77,1,93
44:3D:54:BE:12:3C,ALL,udp:51486,192.168.3.105*,2,170,1,93,1,77
44:3D:54:BE:12:3C,ALL,udp:46498,192.168.3.1*,2,253,1,79,1,174
44:3D:54:BE:12:3C,ALL,udp:46498,192.168.3.105*,2,253,1,174,1,79
44:3D:54:BE:12:3C,ALL,udp:21353,192.168.3.1*,2,242,1,89,1,153
44:3D:54:BE:12:3C,ALL,udp:21353,192.168.3.105*,2,242,1,153,1,89
44:3D:54:BE:12:3C,ALL,udp:27840,192.168.3.1*,2,253,1,79,1,174
44:3D:54:BE:12:3C,ALL,udp:27840,192.168.3.105*,2,253,1,174,1,79
44:3D:54:BE:12:3C,ALL,udp:61051,192.168.3.1*,2,368,1,120,1,248
44:3D:54:BE:12:3C,ALL,udp:61051,192.168.3.105*,2,368,1,248,1,120
44:3D:54:BE:12:3C,ALL,udp:39228,192.168.3.1*,2,242,1,89,1,153
44:3D:54:BE:12:3C,ALL,udp:39228,192.168.3.105*,2,242,1,153,1,89
44:3D:54:BE:12:3C,ALL,udp:38931,192.168.3.1*,2,253,1,79,1,174
44:3D:54:BE:12:3C,ALL,udp:38931,192.168.3.105*,2,253,1,174,1,79
44:3D:54:BE:12:3C,ALL,udp:24749,192.168.3.1*,2,242,1,89,1,153
44:3D:54:BE:12:3C,ALL,udp:24749,192.168.3.105*,2,242,1,153,1,89
44:3D:54:BE:12:3C,ALL,udp:2014,192.168.3.1*,2,253,1,79,1,174
44:3D:54:BE:12:3C,ALL,udp:2014,192.168.3.105*,2,253,1,174,1,79
44:3D:54:BE:12:3C,ALL,udp:21511,192.168.3.1*,2,253,1,79,1,174
44:3D:54:BE:12:3C,ALL,udp:21511,192.168.3.105*,2,253,1,174,1,79
44:3D:54:BE:12:3C,ALL,udp:11409,192.168.3.1*,2,170,1,77,1,93
44:3D:54:BE:12:3C,ALL,udp:11409,192.168.3.105*,2,170,1,93,1,77
44:3D:54:BE:12:3C,ALL,udp:25207,192.168.3.1*,2,401,1,86,1,315
44:3D:54:BE:12:3C,ALL,udp:25207,192.168.3.105*,2,401,1,315,1,86
44:3D:54:BE:12:3C,ALL,udp:1804,192.168.3.1*,2,242,1,89,1,153
44:3D:54:BE:12:3C,ALL,udp:1804,192.168.3.105*,2,242,1,153,1,89
44:3D:54:BE:12:3C,ALL,udp:59211,192.168.3.1*,2,253,1,79,1,174
44:3D:54:BE:12:3C,ALL,udp:59211,192.168.3.105*,2,253,1,174,1,79
44:3D:54:BE:12:3C,ALL,udp:51726,192.168.3.1*,2,242,1,89,1,153
44:3D:54:BE:12:3C,ALL,udp:51726,192.168.3.105*,2,242,1,153,1,89
44:3D:54:BE:12:3C,ALL,udp:21227,192.168.3.1*,2,228,1,90,1,138
44:3D:54:BE:12:3C,ALL,udp:21227,192.168.3.105*,2,228,1,138,1,90
44:3D:54:BE:12:3C,ALL,udp:6313,192.168.3.1*,2,253,1,79,1,174
44:3D:54:BE:12:3C,ALL,udp:6313,192.168.3.105*,2,253,1,174,1,79
44:3D:54:BE:12:3C,ALL,udp:17621,192.168.3.1*,2,253,1,79,1,174
44:3D:54:BE:12:3C,ALL,udp:17621,192.168.3.105*,2,253,1,174,1,79
44:3D:54:BE:12:3C,ALL,udp:53581,192.168.3.1*,2,253,1,79,1,174
44:3D:54:BE:12:3C,ALL,udp:53581,192.168.3.105*,2,253,1,174,1,79
44:3D:54:BE:12:3C,ALL,udp:61858,192.168.3.1*,2,253,1,79,1,174
44:3D:54:BE:12:3C,ALL,udp:61858,192.168.3.105*,2,253,1,174,1,79
44:3D:54:BE:12:3C,ALL,udp:43601,192.168.3.1*,2,242,1,89,1,153
44:3D:54:BE:12:3C,ALL,udp:43601,192.168.3.105*,2,242,1,153,1,89
44:3D:54:BE:12:3C,ALL,udp:34194,192.168.3.1*,2,253,1,79,1,174
44:3D:54:BE:12:3C,ALL,udp:34194,192.168.3.105*,2,253,1,174,1,79
44:3D:54:BE:12:3C,ALL,udp:10974,192.168.3.1*,2,170,1,77,1,93
44:3D:54:BE:12:3C,ALL,udp:10974,192.168.3.105*,2,170,1,93,1,77
44:3D:54:BE:12:3C,ALL,udp:24154,192.168.3.1*,2,242,1,89,1,153
44:3D:54:BE:12:3C,ALL,udp:24154,192.168.3.105*,2,242,1,153,1,89
44:3D:54:BE:12:3C,ALL,udp:44947,192.168.3.1*,2,253,1,79,1,174
44:3D:54:BE:12:3C,ALL,udp:44947,192.168.3.105*,2,253,1,174,1,79
44:3D:54:BE:12:3C,ALL,udp:59020,192.168.3.1*,2,368,1,120,1,248
44:3D:54:BE:12:3C,ALL,udp:59020,192.168.3.105*,2,368,1,248,1,120
44:3D:54:BE:12:3C,ALL,udp:40906,192.168.3.1*,2,242,1,89,1,153
44:3D:54:BE:12:3C,ALL,udp:40906,192.168.3.105*,2,242,1,153,1,89
44:3D:54:BE:12:3C,ALL,udp:29592,192.168.3.1*,2,242,1,89,1,153
44:3D:54:BE:12:3C,ALL,udp:29592,192.168.3.105*,2,242,1,153,1,89
44:3D:54:BE:12:3C,ALL,udp:33262,192.168.3.1*,2,253,1,79,1,174
44:3D:54:BE:12:3C,ALL,udp:33262,192.168.3.105*,2,253,1,174,1,79
44:3D:54:BE:12:3C,ALL,udp:29848,192.168.3.1*,2,170,1,77,1,93
44:3D:54:BE:12:3C,ALL,udp:29848,192.168.3.105*,2,170,1,93,1,77
44:3D:54:BE:12:3C,ALL,udp:60484,192.168.3.1*,2,242,1,89,1,153
44:3D:54:BE:12:3C,ALL,udp:60484,192.168.3.105*,2,242,1,153,1,89
44:3D:54:BE:12:3C,ALL,udp:2943,192.168.3.1*,2,228,1,90,1,138
44:3D:54:BE:12:3C,ALL,udp:2943,192.168.3.105*,2,228,1,138,1,90
44:3D:54:BE:12:3C,ALL,udp:14149,192.168.3.1*,2,196,1,90,1,106
44:3D:54:BE:12:3C,ALL,udp:14149,192.168.3.105*,2,196,1,106,1,90
44:3D:54:BE:12:3C,ALL,udp:14781,192.168.3.1*,2,242,1,89,1,153
44:3D:54:BE:12:3C,ALL,udp:14781,192.168.3.105*,2,242,1,153,1,89
44:3D:54:BE:12:3C,ALL,udp:12478,192.168.3.1*,2,164,1,74,1,90
44:3D:54:BE:12:3C,ALL,udp:12478,192.168.3.105*,2,164,1,90,1,74
44:3D:54:BE:12:3C,ALL,udp:39462,192.168.3.1*,2,242,1,89,1,153
44:3D:54:BE:12:3C,ALL,udp:39462,192.168.3.105*,2,242,1,153,1,89
44:3D:54:BE:12:3C,ALL,udp:46234,192.168.3.1*,2,253,1,79,1,174
44:3D:54:BE:12:3C,ALL,udp:46234,192.168.3.105*,2,253,1,174,1,79
44:3D:54:BE:12:3C,ALL,udp:3684,192.168.3.1*,2,170,1,77,1,93
44:3D:54:BE:12:3C,ALL,udp:3684,192.168.3.105*,2,170,1,93,1,77
44:3D:54:BE:12:3C,ALL,udp:2083,192.168.3.1*,2,253,1,79,1,174
44:3D:54:BE:12:3C,ALL,udp:2083,192.168.3.105*,2,253,1,174,1,79
44:3D:54:BE:12:3C,ALL,udp:59113,192.168.3.1*,2,242,1,89,1,153
44:3D:54:BE:12:3C,ALL,udp:59113,192.168.3.105*,2,242,1,153,1,89
44:3D:54:BE:12:3C,ALL,udp:43363,192.168.3.1*,2,253,1,79,1,174
44:3D:54:BE:12:3C,ALL,udp:43363,192.168.3.105*,2,253,1,174,1,79
44:3D:54:BE:12:3C,ALL,udp:20991,192.168.3.1*,2,368,1,120,1,248
44:3D:54:BE:12:3C,ALL,udp:20991,192.168.3.105*,2,368,1,248,1,120
44:3D:54:BE:12:3C,ALL,udp:18127,192.168.3.1*,2,242,1,89,1,153
44:3D:54:BE:12:3C,ALL,udp:18127,192.168.3.105*,2,242,1,153,1,89
44:3D:54:BE:12:3C,ALL,udp:59457,192.168.3.1*,2,253,1,79,1,174
44:3D:54:BE:12:3C,ALL,udp:59457,192.168.3.105*,2,253,1,174,1,79
44:3D:54:BE:12:3C,ALL,udp:37089,192.168.3.1*,2,170,1,77,1,93
44:3D:54:BE:12:3C,ALL,udp:37089,192.168.3.105*,2,170,1,93,1,77
44:3D:54:BE:12:3C,ALL,udp:2544,192.168.3.1*,2,242,1,89,1,153
44:3D:54:BE:12:3C,ALL,udp:2544,192.168.3.105*,2,242,1,153,1,89
44:3D:54:BE:12:3C,ALL,udp:7067,192.168.3.1*,2,253,1,79,1,174
44:3D:54:BE:12:3C,ALL,udp:7067,192.168.3.105*,2,253,1,174,1,79
44:3D:54:BE:12:3C,ALL,udp:14955,192.168.3.1*,2,253,1,79,1,174
44:3D:54:BE:12:3C,ALL,udp:14955,192.168.3.105*,2,253,1,174,1,79
44:3D:54:BE:12:3C,ALL,udp:18384,192.168.3.1*,2,228,1,90,1,138
44:3D:54:BE:12:3C,ALL,udp:18384,192.168.3.105*,2,228,1,138,1,90
44:3D:54:BE:12:3C,ALL,udp:55332,192.168.3.1*,2,253,1,79,1,174
44:3D:54:BE:12:3C,ALL,udp:55332,192.168.3.105*,2,253,1,174,1,79
44:3D:54:BE:12:3C,ALL,udp:58665,192.168.3.1*,2,242,1,89,1,153
44:3D:54:BE:12:3C,ALL,udp:58665,192.168.3.105*,2,242,1,153,1,89
44:3D:54:BE:12:3C,ALL,udp:17616,192.168.3.1*,2,253,1,79,1,174
44:3D:54:BE:12:3C,ALL,udp:17616,192.168.3.105*,2,253,1,174,1,79
44:3D:54:BE:12:3C,ALL,udp:31506,192.168.3.1*,2,242,1,89,1,153
44:3D:54:BE:12:3C,ALL,udp:31506,192.168.3.105*,2,242,1,153,1,89
44:3D:54:BE:12:3C,ALL,udp:17918,192.168.3.1*,2,253,1,79,1,174
44:3D:54:BE:12:3C,ALL,udp:17918,192.168.3.105*,2,253,1,174,1,79
44:3D:54:BE:12:3C,ALL,udp:63223,192.168.3.1*,2,170,1,77,1,93
44:3D:54:BE:12:3C,ALL,udp:63223,192.168.3.105*,2,170,1,93,1,77
44:3D:54:BE:12:3C,ALL,udp:10820,192.168.3.1*,2,242,1,89,1,153
44:3D:54:BE:12:3C,ALL,udp:10820,192.168.3.105*,2,242,1,153,1,89
44:3D:54:BE:12:3C,ALL,udp:16675,192.168.3.1*,2,253,1,79,1,174
44:3D:54:BE:12:3C,ALL,udp:16675,192.168.3.105*,2,253,1,174,1,79
44:3D:54:BE:12:3C,ALL,udp:53160,192.168.3.1*,2,164,1,74,1,90
44:3D:54:BE:12:3C,ALL,udp:53160,192.168.3.105*,2,164,1,90,1,74
44:3D:54:BE:12:3C,ALL,udp:44465,192.168.3.1*,2,242,1,89,1,153
44:3D:54:BE:12:3C,ALL,udp:44465,192.168.3.105*,2,242,1,153,1,89
44:3D:54:BE:12:3C,ALL,udp:11035,192.168.3.1*,2,253,1,79,1,174
44:3D:54:BE:12:3C,ALL,udp:11035,192.168.3.105*,2,253,1,174,1,79
44:3D:54:BE:12:3C,ALL,udp:9884,192.168.3.1*,2,253,1,79,1,174
44:3D:54:BE:12:3C,ALL,udp:9884,192.168.3.105*,2,253,1,174,1,79
44:3D:54:BE:12:3C,ALL,udp:40936,192.168.3.1*,2,242,1,89,1,153
44:3D:54:BE:12:3C,ALL,udp:40936,192.168.3.105*,2,242,1,153,1,89
44:3D:54:BE:12:3C,ALL,udp:28555,192.168.3.1*,2,242,1,89,1,153
44:3D:54:BE:12:3C,ALL,udp:28555,192.168.3.105*,2,242,1,153,1,89
44:3D:54:BE:12:3C,ALL,udp:9480,192.168.3.1*,2,228,1,90,1,138
44:3D:54:BE:12:3C,ALL,udp:9480,192.168.3.105*,2,228,1,138,1,90
44:3D:54:BE:12:3C,ALL,udp:63769,192.168.3.1*,2,164,1,74,1,90
44:3D:54:BE:12:3C,ALL,udp:63769,192.168.3.105*,2,164,1,90,1,74
44:3D:54:BE:12:3C,ALL,udp:62544,192.168.3.1*,2,242,1,89,1,153
44:3D:54:BE:12:3C,ALL,udp:62544,192.168.3.105*,2,242,1,153,1,89
44:3D:54:BE:12:3C,ALL,udp:40935,192.168.3.1*,2,253,1,79,1,174
44:3D:54:BE:12:3C,ALL,udp:40935,192.168.3.105*,2,253,1,174,1,79
44:3D:54:BE:12:3C,ALL,udp:11385,192.168.3.1*,2,242,1,89,1,153
44:3D:54:BE:12:3C,ALL,udp:11385,192.168.3.105*,2,242,1,153,1,89
44:3D:54:BE:12:3C,ALL,udp:5295,192.168.3.1*,2,253,1,79,1,174
44:3D:54:BE:12:3C,ALL,udp:5295,192.168.3.105*,2,253,1,174,1,79
44:3D:54:BE:12:3C,ALL,udp:47489,192.168.3.1*,2,242,1,89,1,153
44:3D:54:BE:12:3C,ALL,udp:47489,192.168.3.105*,2,242,1,153,1,89
44:3D:54:BE:12:3C,ALL,udp:55511,192.168.3.1*,2,253,1,79,1,174
44:3D:54:BE:12:3C,ALL,udp:55511,192.168.3.105*,2,253,1,174,1,79
44:3D:54:BE:12:3C,ALL,udp:16919,192.168.3.1*,2,368,1,120,1,248
44:3D:54:BE:12:3C,ALL,udp:16919,192.168.3.105*,2,368,1,248,1,120
44:3D:54:BE:12:3C,ALL,udp:26012,192.168.3.1*,2,242,1,89,1,153
44:3D:54:BE:12:3C,ALL,udp:26012,192.168.3.105*,2,242,1,153,1,89
44:3D:54:BE:12:3C,ALL,udp:9686,192.168.3.1*,2,253,1,79,1,174
44:3D:54:BE:12:3C,ALL,udp:9686,192.168.3.105*,2,253,1,174,1,79
44:3D:54:BE:12:3C,ALL,udp:8636,192.168.3.1*,2,253,1,79,1,174
44:3D:54:BE:12:3C,ALL,udp:8636,192.168.3.105*,2,253,1,174,1,79
44:3D:54:BE:12:3C,ALL,udp:62865,192.168.3.1*,2,242,1,89,1,153
44:3D:54:BE:12:3C,ALL,udp:62865,192.168.3.105*,2,242,1,153,1,89
44:3D:54:BE:12:3C,ALL,udp:52622,192.168.3.1*,2,170,1,77,1,93
44:3D:54:BE:12:3C,ALL,udp:52622,192.168.3.105*,2,170,1,93,1,77
44:3D:54:BE:12:3C,ALL,udp:2262,192.168.3.1*,2,253,1,79,1,174
44:3D:54:BE:12:3C,ALL,udp:2262,192.168.3.105*,2,253,1,174,1,79
44:3D:54:BE:12:3C,ALL,udp:17713,192.168.3.1*,2,242,1,89,1,153
44:3D:54:BE:12:3C,ALL,udp:17713,192.168.3.105*,2,242,1,153,1,89
44:3D:54:BE:12:3C,ALL,udp:31469,192.168.3.1*,2,228,1,90,1,138
44:3D:54:BE:12:3C,ALL,udp:31469,192.168.3.105*,2,228,1,138,1,90
44:3D:54:BE:12:3C,ALL,udp:50195,192.168.3.1*,2,242,1,89,1,153
44:3D:54:BE:12:3C,ALL,udp:50195,192.168.3.105*,2,242,1,153,1,89
44:3D:54:BE:12:3C,ALL,udp:64553,192.168.3.1*,2,253,1,79,1,174
44:3D:54:BE:12:3C,ALL,udp:64553,192.168.3.105*,2,253,1,174,1,79
44:3D:54:BE:12:3C,ALL,udp:7922,192.168.3.1*,2,242,1,89,1,153
44:3D:54:BE:12:3C,ALL,udp:7922,192.168.3.105*,2,242,1,153,1,89
44:3D:54:BE:12:3C,ALL,udp:18982,192.168.3.1*,2,253,1,79,1,174
44:3D:54:BE:12:3C,ALL,udp:18982,192.168.3.105*,2,253,1,174,1,79
44:3D:54:BE:12:3C,ALL,udp:14278,192.168.3.1*,2,253,1,79,1,174
44:3D:54:BE:12:3C,ALL,udp:14278,192.168.3.105*,2,253,1,174,1,79
44:3D:54:BE:12:3C,ALL,udp:5257,192.168.3.1*,2,170,1,77,1,93
44:3D:54:BE:12:3C,ALL,udp:5257,192.168.3.105*,2,170,1,93,1,77
44:3D:54:BE:12:3C,ALL,udp:4844,192.168.3.1*,2,253,1,79,1,174
44:3D:54:BE:12:3C,ALL,udp:4844,192.168.3.105*,2,253,1,174,1,79
44:3D:54:BE:12:3C,ALL,udp:56746,192.168.3.1*,2,242,1,89,1,153
44:3D:54:BE:12:3C,ALL,udp:56746,192.168.3.105*,2,242,1,153,1,89
44:3D:54:BE:12:3C,ALL,udp:29533,192.168.3.1*,2,368,1,120,1,248
44:3D:54:BE:12:3C,ALL,udp:29533,192.168.3.105*,2,368,1,248,1,120
44:3D:54:BE:12:3C,ALL,udp:18520,192.168.3.1*,2,253,1,79,1,174
44:3D:54:BE:12:3C,ALL,udp:18520,192.168.3.105*,2,253,1,174,1,79
44:3D:54:BE:12:3C,ALL,udp:24655,192.168.3.1*,2,242,1,89,1,153
44:3D:54:BE:12:3C,ALL,udp:24655,192.168.3.105*,2,242,1,153,1,89
44:3D:54:BE:12:3C,ALL,udp:45782,192.168.3.1*,2,242,1,89,1,153
44:3D:54:BE:12:3C,ALL,udp:45782,192.168.3.105*,2,242,1,153,1,89
44:3D:54:BE:12:3C,ALL,udp:49369,192.168.3.1*,2,253,1,79,1,174
44:3D:54:BE:12:3C,ALL,udp:49369,192.168.3.105*,2,253,1,174,1,79
44:3D:54:BE:12:3C,ALL,udp:39164,192.168.3.1*,2,170,1,77,1,93
44:3D:54:BE:12:3C,ALL,udp:39164,192.168.3.105*,2,170,1,93,1,77
44:3D:54:BE:12:3C,ALL,udp:5409,192.168.3.1*,2,228,1,90,1,138
44:3D:54:BE:12:3C,ALL,udp:5409,192.168.3.105*,2,228,1,138,1,90
44:3D:54:BE:12:3C,ALL,udp:1160,192.168.3.1*,2,242,1,89,1,153
44:3D:54:BE:12:3C,ALL,udp:1160,192.168.3.105*,2,242,1,153,1,89
44:3D:54:BE:12:3C,ALL,udp:54408,192.168.3.1*,2,164,1,74,1,90
44:3D:54:BE:12:3C,ALL,udp:54408,192.168.3.105*,2,164,1,90,1,74
44:3D:54:BE:12:3C,ALL,udp:39779,192.168.3.1*,2,253,1,79,1,174
44:3D:54:BE:12:3C,ALL,udp:39779,192.168.3.105*,2,253,1,174,1,79
44:3D:54:BE:12:3C,ALL,udp:44510,192.168.3.1*,2,242,1,89,1,153
44:3D:54:BE:12:3C,ALL,udp:44510,192.168.3.105*,2,242,1,153,1,89
44:3D:54:BE:12:3C,ALL,udp:2238,192.168.3.1*,2,253,1,79,1,174
44:3D:54:BE:12:3C,ALL,udp:2238,192.168.3.105*,2,253,1,174,1,79
44:3D:54:BE:12:3C,ALL,udp:1582,192.168.3.1*,2,242,1,89,1,153
44:3D:54:BE:12:3C,ALL,udp:1582,192.168.3.105*,2,242,1,153,1,89
44:3D:54:BE:12:3C,ALL,udp:48957,192.168.3.1*,2,170,1,77,1,93
44:3D:54:BE:12:3C,ALL,udp:48957,192.168.3.105*,2,170,1,93,1,77
44:3D:54:BE:12:3C,ALL,udp:50066,192.168.3.1*,2,253,1,79,1,174
44:3D:54:BE:12:3C,ALL,udp:50066,192.168.3.105*,2,253,1,174,1,79
44:3D:54:BE:12:3C,ALL,udp:59560,192.168.3.1*,2,253,1,79,1,174
44:3D:54:BE:12:3C,ALL,udp:59560,192.168.3.105*,2,253,1,174,1,79
44:3D:54:BE:12:3C,ALL,udp:8322,192.168.3.1*,2,242,1,89,1,153
44:3D:54:BE:12:3C,ALL,udp:8322,192.168.3.105*,2,242,1,153,1,89
44:3D:54:BE:12:3C,ALL,udp:7377,192.168.3.1*,2,253,1,79,1,174
44:3D:54:BE:12:3C,ALL,udp:7377,192.168.3.105*,2,253,1,174,1,79
44:3D:54:BE:12:3C,ALL,udp:35761,192.168.3.1*,2,253,1,79,1,174
44:3D:54:BE:12:3C,ALL,udp:35761,192.168.3.105*,2,253,1,174,1,79
44:3D:54:BE:12:3C,ALL,udp:57129,192.168.3.1*,2,368,1,120,1,248
44:3D:54:BE:12:3C,ALL,udp:57129,192.168.3.105*,2,368,1,248,1,120
44:3D:54:BE:12:3C,ALL,udp:63773,192.168.3.1*,2,242,1,89,1,153
44:3D:54:BE:12:3C,ALL,udp:63773,192.168.3.105*,2,242,1,153,1,89
44:3D:54:BE:12:3C,ALL,udp:6279,192.168.3.1*,2,242,1,89,1,153
44:3D:54:BE:12:3C,ALL,udp:6279,192.168.3.105*,2,242,1,153,1,89
44:3D:54:BE:12:3C,ALL,udp:19371,192.168.3.1*,2,170,1,77,1,93
44:3D:54:BE:12:3C,ALL,udp:19371,192.168.3.105*,2,170,1,93,1,77
44:3D:54:BE:12:3C,ALL,udp:57844,192.168.3.1*,2,253,1,79,1,174
44:3D:54:BE:12:3C,ALL,udp:57844,192.168.3.105*,2,253,1,174,1,79
44:3D:54:BE:12:3C,ALL,udp:42195,192.168.3.1*,2,242,1,89,1,153
44:3D:54:BE:12:3C,ALL,udp:42195,192.168.3.105*,2,242,1,153,1,89
44:3D:54:BE:12:3C,ALL,udp:25304,192.168.3.1*,2,253,1,79,1,174
44:3D:54:BE:12:3C,ALL,udp:25304,192.168.3.105*,2,253,1,174,1,79
44:3D:54:BE:12:3C,ALL,udp:16046,192.168.3.1*,2,253,1,79,1,174
44:3D:54:BE:12:3C,ALL,udp:16046,192.168.3.105*,2,253,1,174,1,79
44:3D:54:BE:12:3C,ALL,udp:31192,192.168.3.1*,2,253,1,79,1,174
44:3D:54:BE:12:3C,ALL,udp:31192,192.168.3.105*,2,253,1,174,1,79
44:3D:54:BE:12:3C,ALL,udp:32376,192.168.3.1*,2,242,1,89,1,153
44:3D:54:BE:12:3C,ALL,udp:32376,192.168.3.105*,2,242,1,153,1,89
44:3D:54:BE:12:3C,ALL,udp:62958,192.168.3.1*,2,242,1,89,1,153
44:3D:54:BE:12:3C,ALL,udp:62958,192.168.3.105*,2,242,1,153,1,89
44:3D:54:BE:12:3C,ALL,udp:36304,192.168.3.1*,2,170,1,77,1,93
44:3D:54:BE:12:3C,ALL,udp:36304,192.168.3.105*,2,170,1,93,1,77
44:3D:54:BE:12:3C,ALL,udp:33458,192.168.3.1*,2,242,1,89,1,153
44:3D:54:BE:12:3C,ALL,udp:33458,192.168.3.105*,2,242,1,153,1,89
44:3D:54:BE:12:3C,ALL,udp:28228,192.168.3.1*,2,253,1,79,1,174
44:3D:54:BE:12:3C,ALL,udp:28228,192.168.3.105*,2,253,1,174,1,79
44:3D:54:BE:12:3C,ALL,udp:1324,192.168.3.1*,2,253,1,79,1,174
44:3D:54:BE:12:3C,ALL,udp:1324,192.168.3.105*,2,253,1,174,1,79
44:3D:54:BE:12:3C,ALL,udp:35256,192.168.3.1*,2,368,1,120,1,248
44:3D:54:BE:12:3C,ALL,udp:35256,192.168.3.105*,2,368,1,248,1,120
44:3D:54:BE:12:3C,ALL,udp:50027,192.168.3.1,2,242,1,89,1,153
44:3D:54:BE:12:3C,ALL,udp:50027,239.255.255.250,3,411,3,411,0,0
44:3D:54:BE:12:3C,ALL,udp:50027,255.255.255.255,24,1704,24,1704,0,0
44:3D:54:BE:12:3C,ALL,udp:63688,192.168.3.1*,2,253,1,79,1,174
44:3D:54:BE:12:3C,ALL,udp:63688,192.168.3.105*,2,253,1,174,1,79
44:3D:54:BE:12:3C,ALL,udp:10347,192.168.3.1*,2,242,1,89,1,153
44:3D:54:BE:12:3C,ALL,udp:10347,192.168.3.105*,2,242,1,153,1,89
44:3D:54:BE:12:3C,ALL,udp:28184,192.168.3.1*,2,170,1,77,1,93
44:3D:54:BE:12:3C,ALL,udp:28184,192.168.3.105*,2,170,1,93,1,77
44:3D:54:BE:12:3C,ALL,udp:63400,192.168.3.1*,2,242,1,89,1,153
44:3D:54:BE:12:3C,ALL,udp:63400,192.168.3.105*,2,242,1,153,1,89
44:3D:54:BE:12:3C,ALL,udp:48976,192.168.3.1*,2,164,1,74,1,90
44:3D:54:BE:12:3C,ALL,udp:48976,192.168.3.105*,2,164,1,90,1,74
44:3D:54:BE:12:3C,ALL,udp:42916,192.168.3.1*,2,253,1,79,1,174
44:3D:54:BE:12:3C,ALL,udp:42916,192.168.3.105*,2,253,1,174,1,79
44:3D:54:BE:12:3C,ALL,udp:48915,192.168.3.1*,2,242,1,89,1,153
44:3D:54:BE:12:3C,ALL,udp:48915,192.168.3.105*,2,242,1,153,1,89
44:3D:54:BE:12:3C,ALL,udp:49904,192.168.3.1*,2,253,1,79,1,174
44:3D:54:BE:12:3C,ALL,udp:49904,192.168.3.105*,2,253,1,174,1,79
44:3D:54:BE:12:3C,ALL,udp:61528,192.168.3.1*,2,253,1,79,1,174
44:3D:54:BE:12:3C,ALL,udp:61528,192.168.3.105*,2,253,1,174,1,79
44:3D:54:BE:12:3C,ALL,udp:54605,192.168.3.1*,2,170,1,77,1,93
44:3D:54:BE:12:3C,ALL,udp:54605,192.168.3.105*,2,170,1,93,1,77
44:3D:54:BE:12:3C,ALL,udp:16583,192.168.3.1*,2,253,1,79,1,174
44:3D:54:BE:12:3C,ALL,udp:16583,192.168.3.105*,2,253,1,174,1,79
44:3D:54:BE:12:3C,ALL,udp:1687,192.168.3.1*,2,242,1,89,1,153
44:3D:54:BE:12:3C,ALL,udp:1687,192.168.3.105*,2,242,1,153,1,89
44:3D:54:BE:12:3C,ALL,udp:34603,192.168.3.1*,2,368,1,120,1,248
44:3D:54:BE:12:3C,ALL,udp:34603,192.168.3.105*,2,368,1,248,1,120
44:3D:54:BE:12:3C,ALL,udp:64219,192.168.3.1*,2,242,1,89,1,153
44:3D:54:BE:12:3C,ALL,udp:64219,192.168.3.105*,2,242,1,153,1,89
44:3D:54:BE:12:3C,ALL,udp:43112,192.168.3.1*,2,253,1,79,1,174
44:3D:54:BE:12:3C,ALL,udp:43112,192.168.3.105*,2,253,1,174,1,79
44:3D:54:BE:12:3C,ALL,udp:27908,192.168.3.1*,2,253,1,79,1,174
44:3D:54:BE:12:3C,ALL,udp:27908,192.168.3.105*,2,253,1,174,1,79
44:3D:54:BE:12:3C,ALL,udp:29809,192.168.3.1*,2,228,1,90,1,138
44:3D:54:BE:12:3C,ALL,udp:29809,192.168.3.105*,2,228,1,138,1,90
44:3D:54:BE:12:3C,ALL,udp:25228,192.168.3.1*,2,170,1,77,1,93
44:3D:54:BE:12:3C,ALL,udp:25228,192.168.3.105*,2,170,1,93,1,77
44:3D:54:BE:12:3C,ALL,udp:34265,192.168.3.1*,2,242,1,89,1,153
44:3D:54:BE:12:3C,ALL,udp:34265,192.168.3.105*,2,242,1,153,1,89
44:3D:54:BE:12:3C,ALL,udp:53288,192.168.3.1*,2,253,1,79,1,174
44:3D:54:BE:12:3C,ALL,udp:53288,192.168.3.105*,2,253,1,174,1,79
44:3D:54:BE:12:3C,ALL,udp:18254,192.168.3.1*,2,242,1,89,1,153
44:3D:54:BE:12:3C,ALL,udp:18254,192.168.3.105*,2,242,1,153,1,89
44:3D:54:BE:12:3C,ALL,udp:12561,192.168.3.1*,2,253,1,79,1,174
44:3D:54:BE:12:3C,ALL,udp:12561,192.168.3.105*,2,253,1,174,1,79
44:3D:54:BE:12:3C,ALL,udp:33678,192.168.3.1*,2,253,1,79,1,174
44:3D:54:BE:12:3C,ALL,udp:33678,192.168.3.105*,2,253,1,174,1,79
44:3D:54:BE:12:3C,ALL,udp:42404,192.168.3.1*,2,242,1,89,1,153
44:3D:54:BE:12:3C,ALL,udp:42404,192.168.3.105*,2,242,1,153,1,89
44:3D:54:BE:12:3C,ALL,udp:53267,192.168.3.1*,2,253,1,79,1,174
44:3D:54:BE:12:3C,ALL,udp:53267,192.168.3.105*,2,253,1,174,1,79
44:3D:54:BE:12:3C,ALL,udp:54078,192.168.3.1*,2,170,1,77,1,93
44:3D:54:BE:12:3C,ALL,udp:54078,192.168.3.105*,2,170,1,93,1,77
44:3D:54:BE:12:3C,ALL,udp:41818,192.168.3.1*,2,253,1,79,1,174
44:3D:54:BE:12:3C,ALL,udp:41818,192.168.3.105*,2,253,1,174,1,79
44:3D:54:BE:12:3C,ALL,udp:27989,192.168.3.1*,2,242,1,89,1,153
44:3D:54:BE:12:3C,ALL,udp:27989,192.168.3.105*,2,242,1,153,1,89
44:3D:54:BE:12:3C,ALL,udp:48798,192.168.3.1*,2,253,1,79,1,174
44:3D:54:BE:12:3C,ALL,udp:48798,192.168.3.105*,2,253,1,174,1,79
44:3D:54:BE:12:3C,ALL,udp:58986,192.168.3.1*,2,368,1,120,1,248
44:3D:54:BE:12:3C,ALL,udp:58986,192.168.3.105*,2,368,1,248,1,120
44:3D:54:BE:12:3C,ALL,udp:65050,192.168.3.1*,2,242,1,89,1,153
44:3D:54:BE:12:3C,ALL,udp:65050,192.168.3.105*,2,242,1,153,1,89
44:3D:54:BE:12:3C,ALL,udp:31768,192.168.3.1*,2,253,1,79,1,174
44:3D:54:BE:12:3C,ALL,udp:31768,192.168.3.105*,2,253,1,174,1,79
44:3D:54:BE:12:3C,ALL,udp:26458,192.168.3.1*,2,253,1,79,1,174
44:3D:54:BE:12:3C,ALL,udp:26458,192.168.3.105*,2,253,1,174,1,79
44:3D:54:BE:12:3C,ALL,udp:31095,192.168.3.1*,2,242,1,89,1,153
44:3D:54:BE:12:3C,ALL,udp:31095,192.168.3.105*,2,242,1,153,1,89
44:3D:54:BE:12:3C,ALL,udp:40625,192.168.3.1*,2,228,1,90,1,138
44:3D:54:BE:12:3C,ALL,udp:40625,192.168.3.105*,2,228,1,138,1,90
44:3D:54:BE:12:3C,ALL,udp:55883,192.168.3.1*,2,170,1,77,1,93
44:3D:54:BE:12:3C,ALL,udp:55883,192.168.3.105*,2,170,1,93,1,77
44:3D:54:BE:12:3C,ALL,udp:6504,192.168.3.1*,2,401,1,86,1,315
44:3D:54:BE:12:3C,ALL,udp:6504,192.168.3.105*,2,401,1,315,1,86
44:3D:54:BE:12:3C,ALL,udp:15513,192.168.3.1*,2,164,1,74,1,90
44:3D:54:BE:12:3C,ALL,udp:15513,192.168.3.105*,2,164,1,90,1,74
44:3D:54:BE:12:3C,ALL,udp:29606,192.168.3.1*,2,242,1,89,1,153
44:3D:54:BE:12:3C,ALL,udp:29606,192.168.3.105*,2,242,1,153,1,89
44:3D:54:BE:12:3C,ALL,udp:9411,192.168.3.1*,2,253,1,79,1,174
44:3D:54:BE:12:3C,ALL,udp:9411,192.168.3.105*,2,253,1,174,1,79
44:3D:54:BE:12:3C,ALL,udp:43217,192.168.3.1*,2,242,1,89,1,153
44:3D:54:BE:12:3C,ALL,udp:43217,192.168.3.105*,2,242,1,153,1,89
44:3D:54:BE:12:3C,ALL,udp:6378,192.168.3.1*,2,242,1,89,1,153
44:3D:54:BE:12:3C,ALL,udp:6378,192.168.3.105*,2,242,1,153,1,89
44:3D:54:BE:12:3C,ALL,udp:17677,192.168.3.1*,2,170,1,77,1,93
44:3D:54:BE:12:3C,ALL,udp:17677,192.168.3.105*,2,170,1,93,1,77
44:3D:54:BE:12:3C,ALL,udp:45423,192.168.3.1*,2,253,1,79,1,174
44:3D:54:BE:12:3C,ALL,udp:45423,192.168.3.105*,2,253,1,174,1,79
44:3D:54:BE:12:3C,ALL,udp:41665,192.168.3.1*,2,242,1,89,1,153
44:3D:54:BE:12:3C,ALL,udp:41665,192.168.3.105*,2,242,1,153,1,89
44:3D:54:BE:12:3C,ALL,udp:8557,192.168.3.1*,2,242,1,89,1,153
44:3D:54:BE:12:3C,ALL,udp:8557,192.168.3.105*,2,242,1,153,1,89
44:3D:54:BE:12:3C,ALL,udp:10994,192.168.3.1*,2,253,1,79,1,174
44:3D:54:BE:12:3C,ALL,udp:10994,192.168.3.105*,2,253,1,174,1,79
44:3D:54:BE:12:3C,ALL,udp:53992,192.168.3.1*,2,228,1,90,1,138
44:3D:54:BE:12:3C,ALL,udp:53992,192.168.3.105*,2,228,1,138,1,90
44:3D:54:BE:12:3C,ALL,udp:43837,192.168.3.1*,2,242,1,89,1,153
44:3D:54:BE:12:3C,ALL,udp:43837,192.168.3.105*,2,242,1,153,1,89
44:3D:54:BE:12:3C,ALL,udp:65358,192.168.3.1*,2,170,1,77,1,93
44:3D:54:BE:12:3C,ALL,udp:65358,192.168.3.105*,2,170,1,93,1,77
44:3D:54:BE:12:3C,ALL,udp:5826,192.168.3.1*,2,253,1,79,1,174
44:3D:54:BE:12:3C,ALL,udp:5826,192.168.3.105*,2,253,1,174,1,79
44:3D:54:BE:12:3C,ALL,udp:17098,192.168.3.1*,2,253,1,79,1,174
44:3D:54:BE:12:3C,ALL,udp:17098,192.168.3.105*,2,253,1,174,1,79
44:3D:54:BE:12:3C,ALL,udp:59101,192.168.3.1*,2,253,1,79,1,174
44:3D:54:BE:12:3C,ALL,udp:59101,192.168.3.105*,2,253,1,174,1,79
44:3D:54:BE:12:3C,ALL,udp:63983,192.168.3.1*,2,242,1,89,1,153
44:3D:54:BE:12:3C,ALL,udp:63983,192.168.3.105*,2,242,1,153,1,89
44:3D:54:BE:12:3C,ALL,udp:11582,192.168.3.1*,2,253,1,79,1,174
44:3D:54:BE:12:3C,ALL,udp:11582,192.168.3.105*,2,253,1,174,1,79
44:3D:54:BE:12:3C,ALL,udp:26397,192.168.3.1*,2,242,1,89,1,153
44:3D:54:BE:12:3C,ALL,udp:26397,192.168.3.105*,2,242,1,153,1,89
44:3D:54:BE:12:3C,ALL,udp:18288,192.168.3.1*,2,253,1,79,1,174
44:3D:54:BE:12:3C,ALL,udp:18288,192.168.3.105*,2,253,1,174,1,79
44:3D:54:BE:12:3C,ALL,udp:14060,192.168.3.1*,2,253,1,79,1,174
44:3D:54:BE:12:3C,ALL,udp:14060,192.168.3.105*,2,253,1,174,1,79
44:3D:54:BE:12:3C,ALL,udp:44942,192.168.3.1*,2,170,1,77,1,93
44:3D:54:BE:12:3C,ALL,udp:44942,192.168.3.105*,2,170,1,93,1,77
44:3D:54:BE:12:3C,ALL,udp:39070,192.168.3.1*,2,253,1,79,1,174
44:3D:54:BE:12:3C,ALL,udp:39070,192.168.3.105*,2,253,1,174,1,79
44:3D:54:BE:12:3C,ALL,udp:7637,192.168.3.1*,2,242,1,89,1,153
44:3D:54:BE:12:3C,ALL,udp:7637,192.168.3.105*,2,242,1,153,1,89
44:3D:54:BE:12:3C,ALL,udp:51879,192.168.3.1*,2,253,1,79,1,174
44:3D:54:BE:12:3C,ALL,udp:51879,192.168.3.105*,2,253,1,174,1,79
44:3D:54:BE:12:3C,ALL,udp:52595,192.168.3.1*,2,164,1,74,1,90
44:3D:54:BE:12:3C,ALL,udp:52595,192.168.3.105*,2,164,1,90,1,74
44:3D:54:BE:12:3C,ALL,udp:58874,192.168.3.1*,2,368,1,120,1,248
44:3D:54:BE:12:3C,ALL,udp:58874,192.168.3.105*,2,368,1,248,1,120
44:3D:54:BE:12:3C,ALL,udp:33866,192.168.3.1*,2,242,1,89,1,153
44:3D:54:BE:12:3C,ALL,udp:33866,192.168.3.105*,2,242,1,153,1,89
44:3D:54:BE:12:3C,ALL,udp:6166,192.168.3.1*,2,253,1,79,1,174
44:3D:54:BE:12:3C,ALL,udp:6166,192.168.3.105*,2,253,1,174,1,79
44:3D:54:BE:12:3C,ALL,udp:33521,192.168.3.1*,2,228,1,90,1,138
44:3D:54:BE:12:3C,ALL,udp:33521,192.168.3.105*,2,228,1,138,1,90
44:3D:54:BE:12:3C,ALL,udp:20408,192.168.3.1*,2,253,1,79,1,174
44:3D:54:BE:12:3C,ALL,udp:20408,192.168.3.105*,2,253,1,174,1,79
44:3D:54:BE:12:3C,ALL,udp:16660,192.168.3.1*,2,242,1,89,1,153
44:3D:54:BE:12:3C,ALL,udp:16660,192.168.3.105*,2,242,1,153,1,89
44:3D:54:BE:12:3C,ALL,udp:59232,192.168.3.1*,2,253,1,79,1,174
44:3D:54:BE:12:3C,ALL,udp:59232,192.168.3.105*,2,253,1,174,1,79
44:3D:54:BE:12:3C,ALL,udp:42203,192.168.3.1*,2,170,1,77,1,93
44:3D:54:BE:12:3C,ALL,udp:42203,192.168.3.105*,2,170,1,93,1,77
44:3D:54:BE:12:3C,ALL,udp:42358,192.168.3.1*,2,164,1,74,1,90
44:3D:54:BE:12:3C,ALL,udp:42358,192.168.3.105*,2,164,1,90,1,74
44:3D:54:BE:12:3C,ALL,udp:25450,192.168.3.1*,2,242,1,89,1,153
44:3D:54:BE:12:3C,ALL,udp:25450,192.168.3.105*,2,242,1,153,1,89
44:3D:54:BE:12:3C,ALL,udp:54474,192.168.3.1*,2,242,1,89,1,153
44:3D:54:BE:12:3C,ALL,udp:54474,192.168.3.105*,2,242,1,153,1,89
44:3D:54:BE:12:3C,ALL,udp:14648,192.168.3.1*,2,242,1,89,1,153
44:3D:54:BE:12:3C,ALL,udp:14648,192.168.3.105*,2,242,1,153,1,89
44:3D:54:BE:12:3C,ALL,udp:21862,192.168.3.1*,2,253,1,79,1,174
44:3D:54:BE:12:3C,ALL,udp:21862,192.168.3.105*,2,253,1,174,1,79
44:3D:54:BE:12:3C,ALL,udp:16435,192.168.3.1*,2,170,1,77,1,93
44:3D:54:BE:12:3C,ALL,udp:16435,192.168.3.105*,2,170,1,93,1,77
44:3D:54:BE:12:3C,ALL,udp:49746,192.168.3.1*,2,253,1,79,1,174
44:3D:54:BE:12:3C,ALL,udp:49746,192.168.3.105*,2,253,1,174,1,79
44:3D:54:BE:12:3C,ALL,udp:38008,192.168.3.1*,2,242,1,89,1,153
44:3D:54:BE:12:3C,ALL,udp:38008,192.168.3.105*,2,242,1,153,1,89
44:3D:54:BE:12:3C,ALL,udp:15911,192.168.3.1*,2,253,1,79,1,174
44:3D:54:BE:12:3C,ALL,udp:15911,192.168.3.105*,2,253,1,174,1,79
44:3D:54:BE:12:3C,ALL,udp:21461,192.168.3.1*,2,368,1,120,1,248
44:3D:54:BE:12:3C,ALL,udp:21461,192.168.3.105*,2,368,1,248,1,120
44:3D:54:BE:12:3C,ALL,udp:12991,192.168.3.1*,2,242,1,89,1,153
44:3D:54:BE:12:3C,ALL,udp:12991,192.168.3.105*,2,242,1,153,1,89
44:3D:54:BE:12:3C,ALL,udp:44322,192.168.3.1*,2,228,1,90,1,138
44:3D:54:BE:12:3C,ALL,udp:44322,192.168.3.105*,2,228,1,138,1,90
44:3D:54:BE:12:3C,ALL,udp:59159,192.168.3.1*,2,242,1,89,1,153
44:3D:54:BE:12:3C,ALL,udp:59159,192.168.3.105*,2,242,1,153,1,89
44:3D:54:BE:12:3C,ALL,udp:11261,192.168.3.1*,2,253,1,79,1,174
44:3D:54:BE:12:3C,ALL,udp:11261,192.168.3.105*,2,253,1,174,1,79
44:3D:54:BE:12:3C,ALL,udp:41065,192.168.3.1*,2,242,1,89,1,153
44:3D:54:BE:12:3C,ALL,udp:41065,192.168.3.105*,2,242,1,153,1,89
44:3D:54:BE:12:3C,ALL,udp:39017,192.168.3.1*,2,164,1,74,1,90
44:3D:54:BE:12:3C,ALL,udp:39017,192.168.3.105*,2,164,1,90,1,74
44:3D:54:BE:12:3C,ALL,udp:7752,192.168.3.1*,2,253,1,79,1,174
44:3D:54:BE:12:3C,ALL,udp:7752,192.168.3.105*,2,253,1,174,1,79
44:3D:54:BE:12:3C,ALL,udp:17465,192.168.3.1*,2,242,1,89,1,153
44:3D:54:BE:12:3C,ALL,udp:17465,192.168.3.105*,2,242,1,153,1,89
44:3D:54:BE:12:3C,ALL,udp:1564,192.168.3.1*,2,253,1,79,1,174
44:3D:54:BE:12:3C,ALL,udp:1564,192.168.3.105*,2,253,1,174,1,79
44:3D:54:BE:12:3C,ALL,udp:63299,192.168.3.1*,2,242,1,89,1,153
44:3D:54:BE:12:3C,ALL,udp:63299,192.168.3.105*,2,242,1,153,1,89
44:3D:54:BE:12:3C,ALL,udp:64576,192.168.3.1*,2,170,1,77,1,93
44:3D:54:BE:12:3C,ALL,udp:64576,192.168.3.105*,2,170,1,93,1,77
44:3D:54:BE:12:3C,ALL,udp:3133,192.168.3.1*,2,253,1,79,1,174
44:3D:54:BE:12:3C,ALL,udp:3133,192.168.3.105*,2,253,1,174,1,79
44:3D:54:BE:12:3C,ALL,udp:14791,192.168.3.1*,2,253,1,79,1,174
44:3D:54:BE:12:3C,ALL,udp:14791,192.168.3.105*,2,253,1,174,1,79
44:3D:54:BE:12:3C,ALL,udp:21907,192.168.3.1*,2,242,1,89,1,153
44:3D:54:BE:12:3C,ALL,udp:21907,192.168.3.105*,2,242,1,153,1,89
44:3D:54:BE:12:3C,ALL,udp:60924,192.168.3.1*,2,368,1,120,1,248
44:3D:54:BE:12:3C,ALL,udp:60924,192.168.3.105*,2,368,1,248,1,120
44:3D:54:BE:12:3C,ALL,udp:53117,192.168.3.1*,2,242,1,89,1,153
44:3D:54:BE:12:3C,ALL,udp:53117,192.168.3.105*,2,242,1,153,1,89
44:3D:54:BE:12:3C,ALL,udp:1969,192.168.3.1*,2,228,1,90,1,138
44:3D:54:BE:12:3C,ALL,udp:1969,192.168.3.105*,2,228,1,138,1,90
44:3D:54:BE:12:3C,ALL,udp:7449,192.168.3.1*,2,242,1,89,1,153
44:3D:54:BE:12:3C,ALL,udp:7449,192.168.3.105*,2,242,1,153,1,89
44:3D:54:BE:12:3C,ALL,udp:3398,192.168.3.1*,2,164,1,74,1,90
44:3D:54:BE:12:3C,ALL,udp:3398,192.168.3.105*,2,164,1,90,1,74
44:3D:54:BE:12:3C,ALL,udp:29603,192.168.3.1*,2,170,1,77,1,93
44:3D:54:BE:12:3C,ALL,udp:29603,192.168.3.105*,2,170,1,93,1,77
44:3D:54:BE:12:3C,ALL,udp:37913,192.168.3.1*,2,253,1,79,1,174
44:3D:54:BE:12:3C,ALL,udp:37913,192.168.3.105*,2,253,1,174,1,79
44:3D:54:BE:12:3C,ALL,udp:56525,192.168.3.1*,2,242,1,89,1,153
44:3D:54:BE:12:3C,ALL,udp:56525,192.168.3.105*,2,242,1,153,1,89
44:3D:54:BE:12:3C,ALL,udp:11020,192.168.3.1*,2,242,1,89,1,153
44:3D:54:BE:12:3C,ALL,udp:11020,192.168.3.105*,2,242,1,153,1,89
44:3D:54:BE:12:3C,ALL,udp:27408,192.168.3.1*,2,253,1,79,1,174
44:3D:54:BE:12:3C,ALL,udp:27408,192.168.3.105*,2,253,1,174,1,79
44:3D:54:BE:12:3C,ALL,udp:55379,192.168.3.1*,2,242,1,89,1,153
44:3D:54:BE:12:3C,ALL,udp:55379,192.168.3.105*,2,242,1,153,1,89
44:3D:54:BE:12:3C,ALL,udp:47855,192.168.3.1*,2,170,1,77,1,93
44:3D:54:BE:12:3C,ALL,udp:47855,192.168.3.105*,2,170,1,93,1,77
44:3D:54:BE:12:3C,ALL,udp:20317,192.168.3.1*,2,253,1,79,1,174
44:3D:54:BE:12:3C,ALL,udp:20317,192.168.3.105*,2,253,1,174,1,79
44:3D:54:BE:12:3C,ALL,udp:61406,192.168.3.1*,2,368,1,120,1,248
44:3D:54:BE:12:3C,ALL,udp:61406,192.168.3.105*,2,368,1,248,1,120
44:3D:54:BE:12:3C,ALL,udp:62614,192.168.3.1*,2,242,1,89,1,153
44:3D:54:BE:12:3C,ALL,udp:62614,192.168.3.105*,2,242,1,153,1,89
44:3D:54:BE:12:3C,ALL,udp:64663,192.168.3.1*,2,228,1,90,1,138
44:3D:54:BE:12:3C,ALL,udp:64663,192.168.3.105*,2,228,1,138,1,90
44:3D:54:BE:12:3C,ALL,udp:23046,192.168.3.1*,2,253,1,79,1,174
44:3D:54:BE:12:3C,ALL,udp:23046,192.168.3.105*,2,253,1,174,1,79
44:3D:54:BE:12:3C,ALL,udp:16656,192.168.3.1*,2,253,1,79,1,174
44:3D:54:BE:12:3C,ALL,udp:16656,192.168.3.105*,2,253,1,174,1,79
44:3D:54:BE:12:3C,ALL,udp:23079,192.168.3.1*,2,242,1,89,1,153
44:3D:54:BE:12:3C,ALL,udp:23079,192.168.3.105*,2,242,1,153,1,89
44:3D:54:BE:12:3C,ALL,udp:65192,192.168.3.1*,2,170,1,77,1,93
44:3D:54:BE:12:3C,ALL,udp:65192,192.168.3.105*,2,170,1,93,1,77
44:3D:54:BE:12:3C,ALL,udp:31619,192.168.3.1*,2,242,1,89,1,153
44:3D:54:BE:12:3C,ALL,udp:31619,192.168.3.105*,2,242,1,153,1,89
44:3D:54:BE:12:3C,ALL,udp:13074,192.168.3.1*,2,253,1,79,1,174
44:3D:54:BE:12:3C,ALL,udp:13074,192.168.3.105*,2,253,1,174,1,79
44:3D:54:BE:12:3C,ALL,udp:19766,192.168.3.1*,2,253,1,79,1,174
44:3D:54:BE:12:3C,ALL,udp:19766,192.168.3.105*,2,253,1,174,1,79
44:3D:54:BE:12:3C,ALL,udp:41230,192.168.3.1*,2,253,1,79,1,174
44:3D:54:BE:12:3C,ALL,udp:41230,192.168.3.105*,2,253,1,174,1,79
44:3D:54:BE:12:3C,ALL,udp:5840,192.168.3.1*,2,242,1,89,1,153
44:3D:54:BE:12:3C,ALL,udp:5840,192.168.3.105*,2,242,1,153,1,89
44:3D:54:BE:12:3C,ALL,udp:23908,192.168.3.1*,2,170,1,77,1,93
44:3D:54:BE:12:3C,ALL,udp:23908,192.168.3.105*,2,170,1,93,1,77
44:3D:54:BE:12:3C,ALL,udp:20876,192.168.3.1*,2,253,1,79,1,174
44:3D:54:BE:12:3C,ALL,udp:20876,192.168.3.105*,2,253,1,174,1,79
44:3D:54:BE:12:3C,ALL,udp:56052,192.168.3.1*,2,242,1,89,1,153
44:3D:54:BE:12:3C,ALL,udp:56052,192.168.3.105*,2,242,1,153,1,89
44:3D:54:BE:12:3C,ALL,udp:13629,192.168.3.1*,2,253,1,79,1,174
44:3D:54:BE:12:3C,ALL,udp:13629,192.168.3.105*,2,253,1,174,1,79
44:3D:54:BE:12:3C,ALL,udp:16388,192.168.3.1*,2,368,1,120,1,248
44:3D:54:BE:12:3C,ALL,udp:16388,192.168.3.105*,2,368,1,248,1,120
44:3D:54:BE:12:3C,ALL,udp:26236,192.168.3.1*,2,242,1,89,1,153
44:3D:54:BE:12:3C,ALL,udp:26236,192.168.3.105*,2,242,1,153,1,89
44:3D:54:BE:12:3C,ALL,udp:10335,192.168.3.1*,2,253,1,79,1,174
44:3D:54:BE:12:3C,ALL,udp:10335,192.168.3.105*,2,253,1,174,1,79
44:3D:54:BE:12:3C,ALL,udp:58913,192.168.3.1*,2,164,1,74,1,90
44:3D:54:BE:12:3C,ALL,udp:58913,192.168.3.105*,2,164,1,90,1,74
44:3D:54:BE:12:3C,ALL,udp:34683,192.168.3.1*,2,242,1,89,1,153
44:3D:54:BE:12:3C,ALL,udp:34683,192.168.3.105*,2,242,1,153,1,89
44:3D:54:BE:12:3C,ALL,udp:38405,192.168.3.1*,2,170,1,77,1,93
44:3D:54:BE:12:3C,ALL,udp:38405,192.168.3.105*,2,170,1,93,1,77
44:3D:54:BE:12:3C,ALL,udp:29068,192.168.3.1*,2,253,1,79,1,174
44:3D:54:BE:12:3C,ALL,udp:29068,192.168.3.105*,2,253,1,174,1,79
44:3D:54:BE:12:3C,ALL,udp:26343,192.168.3.1*,2,242,1,89,1,153
44:3D:54:BE:12:3C,ALL,udp:26343,192.168.3.105*,2,242,1,153,1,89
44:3D:54:BE:12:3C,ALL,udp:26213,192.168.3.1*,2,253,1,79,1,174
44:3D:54:BE:12:3C,ALL,udp:26213,192.168.3.105*,2,253,1,174,1,79
44:3D:54:BE:12:3C,ALL,udp:46167,192.168.3.1*,2,242,1,89,1,153
44:3D:54:BE:12:3C,ALL,udp:46167,192.168.3.105*,2,242,1,153,1,89
44:3D:54:BE:12:3C,ALL,udp:64073,192.168.3.1*,2,253,1,79,1,174
44:3D:54:BE:12:3C,ALL,udp:64073,192.168.3.105*,2,253,1,174,1,79
44:3D:54:BE:12:3C,ALL,udp:63140,192.168.3.1*,2,253,1,79,1,174
44:3D:54:BE:12:3C,ALL,udp:63140,192.168.3.105*,2,253,1,174,1,79
44:3D:54:BE:12:3C,ALL,udp:9722,192.168.3.1*,2,242,1,89,1,153
44:3D:54:BE:12:3C,ALL,udp:9722,192.168.3.105*,2,242,1,153,1,89
44:3D:54:BE:12:3C,ALL,udp:25092,192.168.3.1*,2,170,1,77,1,93
44:3D:54:BE:12:3C,ALL,udp:25092,192.168.3.105*,2,170,1,93,1,77
44:3D:54:BE:12:3C,ALL,udp:38655,192.168.3.1*,2,253,1,79,1,174
44:3D:54:BE:12:3C,ALL,udp:38655,192.168.3.105*,2,253,1,174,1,79
44:3D:54:BE:12:3C,ALL,udp:63239,192.168.3.1*,2,253,1,79,1,174
44:3D:54:BE:12:3C,ALL,udp:63239,192.168.3.105*,2,253,1,174,1,79
44:3D:54:BE:12:3C,ALL,udp:48559,192.168.3.1*,2,242,1,89,1,153
44:3D:54:BE:12:3C,ALL,udp:48559,192.168.3.105*,2,242,1,153,1,89
44:3D:54:BE:12:3C,ALL,udp:39962,192.168.3.1*,2,253,1,79,1,174
44:3D:54:BE:12:3C,ALL,udp:39962,192.168.3.105*,2,253,1,174,1,79
44:3D:54:BE:12:3C,ALL,udp:21127,192.168.3.1*,2,368,1,120,1,248
44:3D:54:BE:12:3C,ALL,udp:21127,192.168.3.105*,2,368,1,248,1,120
44:3D:54:BE:12:3C,ALL,udp:26325,192.168.3.1*,2,242,1,89,1,153
44:3D:54:BE:12:3C,ALL,udp:26325,192.168.3.105*,2,242,1,153,1,89
44:3D:54:BE:12:3C,ALL,udp:58782,192.168.3.1*,2,253,1,79,1,174
44:3D:54:BE:12:3C,ALL,udp:58782,192.168.3.105*,2,253,1,174,1,79
44:3D:54:BE:12:3C,ALL,udp:11751,192.168.3.1*,2,170,1,77,1,93
44:3D:54:BE:12:3C,ALL,udp:11751,192.168.3.105*,2,170,1,93,1,77
44:3D:54:BE:12:3C,ALL,udp:25306,192.168.3.1*,2,253,1,79,1,174
44:3D:54:BE:12:3C,ALL,udp:25306,192.168.3.105*,2,253,1,174,1,79
44:3D:54:BE:12:3C,ALL,udp:33937,192.168.3.1*,2,242,1,89,1,153
44:3D:54:BE:12:3C,ALL,udp:33937,192.168.3.105*,2,242,1,153,1,89
44:3D:54:BE:12:3C,ALL,udp:5184,192.168.3.1*,2,253,1,79,1,174
44:3D:54:BE:12:3C,ALL,udp:5184,192.168.3.105*,2,253,1,174,1,79
44:3D:54:BE:12:3C,ALL,udp:1873,192.168.3.1*,2,242,1,89,1,153
44:3D:54:BE:12:3C,ALL,udp:1873,192.168.3.105*,2,242,1,153,1,89
44:3D:54:BE:12:3C,ALL,udp:36965,192.168.3.1*,2,253,1,79,1,174
44:3D:54:BE:12:3C,ALL,udp:36965,192.168.3.105*,2,253,1,174,1,79
44:3D:54:BE:12:3C,ALL,udp:63264,192.168.3.1*,2,242,1,89,1,153
44:3D:54:BE:12:3C,ALL,udp:63264,192.168.3.105*,2,242,1,153,1,89
44:3D:54:BE:12:3C,ALL,udp:8509,192.168.3.1*,2,170,1,77,1,93
44:3D:54:BE:12:3C,ALL,udp:8509,192.168.3.105*,2,170,1,93,1,77
44:3D:54:BE:12:3C,ALL,udp:24419,192.168.3.1*,2,253,1,79,1,174
44:3D:54:BE:12:3C,ALL,udp:24419,192.168.3.105*,2,253,1,174,1,79
44:3D:54:BE:12:3C,ALL,udp:62793,192.168.3.1*,2,242,1,89,1,153
44:3D:54:BE:12:3C,ALL,udp:62793,192.168.3.105*,2,242,1,153,1,89
44:3D:54:BE:12:3C,ALL,udp:59468,192.168.3.1*,2,253,1,79,1,174
44:3D:54:BE:12:3C,ALL,udp:59468,192.168.3.105*,2,253,1,174,1,79
44:3D:54:BE:12:3C,ALL,udp:64587,192.168.3.1*,2,228,1,90,1,138
44:3D:54:BE:12:3C,ALL,udp:64587,192.168.3.105*,2,228,1,138,1,90
44:3D:54:BE:12:3C,ALL,udp:24616,192.168.3.1*,2,368,1,120,1,248
44:3D:54:BE:12:3C,ALL,udp:24616,192.168.3.105*,2,368,1,248,1,120
44:3D:54:BE:12:3C,ALL,udp:13109,192.168.3.1*,2,242,1,89,1,153
44:3D:54:BE:12:3C,ALL,udp:13109,192.168.3.105*,2,242,1,153,1,89
44:3D:54:BE:12:3C,ALL,udp:15749,192.168.3.1*,2,253,1,79,1,174
44:3D:54:BE:12:3C,ALL,udp:15749,192.168.3.105*,2,253,1,174,1,79
44:3D:54:BE:12:3C,ALL,udp:14512,192.168.3.1*,2,242,1,89,1,153
44:3D:54:BE:12:3C,ALL,udp:14512,192.168.3.105*,2,242,1,153,1,89
44:3D:54:BE:12:3C,ALL,udp:56806,192.168.3.1*,2,253,1,79,1,174
44:3D:54:BE:12:3C,ALL,udp:56806,192.168.3.105*,2,253,1,174,1,79
44:3D:54:BE:12:3C,ALL,udp:38766,192.168.3.1*,2,164,1,74,1,90
44:3D:54:BE:12:3C,ALL,udp:38766,192.168.3.105*,2,164,1,90,1,74
44:3D:54:BE:12:3C,ALL,udp:35329,192.168.3.1*,2,242,1,89,1,153
44:3D:54:BE:12:3C,ALL,udp:35329,192.168.3.105*,2,242,1,153,1,89
44:3D:54:BE:12:3C,ALL,udp:50408,192.168.3.1*,2,253,1,79,1,174
44:3D:54:BE:12:3C,ALL,udp:50408,192.168.3.105*,2,253,1,174,1,79
44:3D:54:BE:12:3C,ALL,udp:30795,192.168.3.1*,2,170,1,77,1,93
44:3D:54:BE:12:3C,ALL,udp:30795,192.168.3.105*,2,170,1,93,1,77
44:3D:54:BE:12:3C,ALL,udp:29199,192.168.3.1*,2,253,1,79,1,174
44:3D:54:BE:12:3C,ALL,udp:29199,192.168.3.105*,2,253,1,174,1,79
44:3D:54:BE:12:3C,ALL,udp:55585,192.168.3.1*,2,242,1,89,1,153
44:3D:54:BE:12:3C,ALL,udp:55585,192.168.3.105*,2,242,1,153,1,89
44:3D:54:BE:12:3C,ALL,udp:7276,192.168.3.1*,2,242,1,89,1,153
44:3D:54:BE:12:3C,ALL,udp:7276,192.168.3.105*,2,242,1,153,1,89
44:3D:54:BE:12:3C,ALL,udp:30449,192.168.3.1*,2,253,1,79,1,174
44:3D:54:BE:12:3C,ALL,udp:30449,192.168.3.105*,2,253,1,174,1,79
44:3D:54:BE:12:3C,ALL,udp:63759,192.168.3.1*,2,253,1,79,1,174
44:3D:54:BE:12:3C,ALL,udp:63759,192.168.3.105*,2,253,1,174,1,79
44:3D:54:BE:12:3C,ALL,udp:50678,192.168.3.1*,2,242,1,89,1,153
44:3D:54:BE:12:3C,ALL,udp:50678,192.168.3.105*,2,242,1,153,1,89
44:3D:54:BE:12:3C,ALL,udp:59490,192.168.3.1*,2,253,1,79,1,174
44:3D:54:BE:12:3C,ALL,udp:59490,192.168.3.105*,2,253,1,174,1,79
44:3D:54:BE:12:3C,ALL,udp:41481,192.168.3.1*,2,170,1,77,1,93
44:3D:54:BE:12:3C,ALL,udp:41481,192.168.3.105*,2,170,1,93,1,77
44:3D:54:BE:12:3C,ALL,udp:21910,192.168.3.1*,2,253,1,79,1,174
44:3D:54:BE:12:3C,ALL,udp:21910,192.168.3.105*,2,253,1,174,1,79
44:3D:54:BE:12:3C,ALL,udp:31245,192.168.3.1*,2,242,1,89,1,153
44:3D:54:BE:12:3C,ALL,udp:31245,192.168.3.105*,2,242,1,153,1,89
44:3D:54:BE:12:3C,ALL,udp:10797,192.168.3.1*,2,228,1,90,1,138
44:3D:54:BE:12:3C,ALL,udp:10797,192.168.3.105*,2,228,1,138,1,90
44:3D:54:BE:12:3C,ALL,udp:37007,192.168.3.1*,2,368,1,120,1,248
44:3D:54:BE:12:3C,ALL,udp:37007,192.168.3.105*,2,368,1,248,1,120
44:3D:54:BE:12:3C,ALL,udp:59325,192.168.3.1*,2,242,1,89,1,153
44:3D:54:BE:12:3C,ALL,udp:59325,192.168.3.105*,2,242,1,153,1,89
44:3D:54:BE:12:3C,ALL,udp:38963,192.168.3.1*,2,253,1,79,1,174
44:3D:54:BE:12:3C,ALL,udp:38963,192.168.3.105*,2,253,1,174,1,79
44:3D:54:BE:12:3C,ALL,udp:21899,192.168.3.1*,2,242,1,89,1,153
44:3D:54:BE:12:3C,ALL,udp:21899,192.168.3.105*,2,242,1,153,1,89
44:3D:54:BE:12:3C,ALL,udp:5179,192.168.3.1*,2,170,1,77,1,93
44:3D:54:BE:12:3C,ALL,udp:5179,192.168.3.105*,2,170,1,93,1,77
44:3D:54:BE:12:3C,ALL,udp:19828,192.168.3.1*,2,253,1,79,1,174
44:3D:54:BE:12:3C,ALL,udp:19828,192.168.3.105*,2,253,1,174,1,79
44:3D:54:BE:12:3C,ALL,udp:44796,192.168.3.1*,2,253,1,79,1,174
44:3D:54:BE:12:3C,ALL,udp:44796,192.168.3.105*,2,253,1,174,1,79
44:3D:54:BE:12:3C,ALL,udp:50182,192.168.3.1*,2,242,1,89,1,153
44:3D:54:BE:12:3C,ALL,udp:50182,192.168.3.105*,2,242,1,153,1,89
44:3D:54:BE:12:3C,ALL,udp:16160,192.168.3.1*,2,242,1,89,1,153
44:3D:54:BE:12:3C,ALL,udp:16160,192.168.3.105*,2,242,1,153,1,89
44:3D:54:BE:12:3C,ALL,udp:42749,192.168.3.1*,2,242,1,89,1,153
44:3D:54:BE:12:3C,ALL,udp:42749,192.168.3.105*,2,242,1,153,1,89
44:3D:54:BE:12:3C,ALL,udp:54511,192.168.3.1*,2,253,1,79,1,174
44:3D:54:BE:12:3C,ALL,udp:54511,192.168.3.105*,2,253,1,174,1,79
44:3D:54:BE:12:3C,ALL,udp:43774,192.168.3.1*,2,253,1,79,1,174
44:3D:54:BE:12:3C,ALL,udp:43774,192.168.3.105*,2,253,1,174,1,79
44:3D:54:BE:12:3C,ALL,udp:41834,192.168.3.1*,2,170,1,77,1,93
44:3D:54:BE:12:3C,ALL,udp:41834,192.168.3.105*,2,170,1,93,1,77
44:3D:54:BE:12:3C,ALL,udp:11187,192.168.3.1*,2,253,1,79,1,174
44:3D:54:BE:12:3C,ALL,udp:11187,192.168.3.105*,2,253,1,174,1,79
44:3D:54:BE:12:3C,ALL,udp:30055,192.168.3.1*,2,228,1,90,1,138
44:3D:54:BE:12:3C,ALL,udp:30055,192.168.3.105*,2,228,1,138,1,90
44:3D:54:BE:12:3C,ALL,udp:4586,192.168.3.1*,2,242,1,89,1,153
44:3D:54:BE:12:3C,ALL,udp:4586,192.168.3.105*,2,242,1,153,1,89
44:3D:54:BE:12:3C,ALL,udp:21765,192.168.3.1*,2,228,1,90,1,138
44:3D:54:BE:12:3C,ALL,udp:21765,192.168.3.105*,2,228,1,138,1,90
44:3D:54:BE:12:3C,ALL,udp:31621,192.168.3.1*,2,253,1,79,1,174
44:3D:54:BE:12:3C,ALL,udp:31621,192.168.3.105*,2,253,1,174,1,79
44:3D:54:BE:12:3C,ALL,udp:44326,192.168.3.1*,2,368,1,120,1,248
44:3D:54:BE:12:3C,ALL,udp:44326,192.168.3.105*,2,368,1,248,1,120
44:3D:54:BE:12:3C,ALL,udp:37087,192.168.3.1*,2,242,1,89,1,153
44:3D:54:BE:12:3C,ALL,udp:37087,192.168.3.105*,2,242,1,153,1,89
44:3D:54:BE:12:3C,ALL,udp:47887,192.168.3.1*,2,164,1,74,1,90
44:3D:54:BE:12:3C,ALL,udp:47887,192.168.3.105*,2,164,1,90,1,74
44:3D:54:BE:12:3C,ALL,udp:57650,192.168.3.1*,2,401,1,86,1,315
44:3D:54:BE:12:3C,ALL,udp:57650,192.168.3.105*,2,401,1,315,1,86
44:3D:54:BE:12:3C,ALL,udp:63595,192.168.3.1*,2,253,1,79,1,174
44:3D:54:BE:12:3C,ALL,udp:63595,192.168.3.105*,2,253,1,174,1,79
44:3D:54:BE:12:3C,ALL,udp:18940,192.168.3.1*,2,253,1,79,1,174
44:3D:54:BE:12:3C,ALL,udp:18940,192.168.3.105*,2,253,1,174,1,79
44:3D:54:BE:12:3C,ALL,udp:22385,192.168.3.1*,2,170,1,77,1,93
44:3D:54:BE:12:3C,ALL,udp:22385,192.168.3.105*,2,170,1,93,1,77
44:3D:54:BE:12:3C,ALL,udp:49218,192.168.3.1*,2,242,1,89,1,153
44:3D:54:BE:12:3C,ALL,udp:49218,192.168.3.105*,2,242,1,153,1,89
44:3D:54:BE:12:3C,ALL,udp:39304,192.168.3.1*,2,253,1,79,1,174
44:3D:54:BE:12:3C,ALL,udp:39304,192.168.3.105*,2,253,1,174,1,79
44:3D:54:BE:12:3C,ALL,udp:14506,192.168.3.1*,2,242,1,89,1,153
44:3D:54:BE:12:3C,ALL,udp:14506,192.168.3.105*,2,242,1,153,1,89
44:3D:54:BE:12:3C,ALL,udp:58547,192.168.3.1*,2,242,1,89,1,153
44:3D:54:BE:12:3C,ALL,udp:58547,192.168.3.105*,2,242,1,153,1,89
44:3D:54:BE:12:3C,ALL,udp:48050,192.168.3.1*,2,253,1,79,1,174
44:3D:54:BE:12:3C,ALL,udp:48050,192.168.3.105*,2,253,1,174,1,79
44:3D:54:BE:12:3C,ALL,udp:40035,192.168.3.1*,2,170,1,77,1,93
44:3D:54:BE:12:3C,ALL,udp:40035,192.168.3.105*,2,170,1,93,1,77
44:3D:54:BE:12:3C,ALL,udp:31019,192.168.3.1*,2,228,1,90,1,138
44:3D:54:BE:12:3C,ALL,udp:31019,192.168.3.105*,2,228,1,138,1,90
44:3D:54:BE:12:3C,ALL,udp:19999,192.168.3.1*,2,242,1,89,1,153
44:3D:54:BE:12:3C,ALL,udp:19999,192.168.3.105*,2,242,1,153,1,89
44:3D:54:BE:12:3C,ALL,udp:41584,192.168.3.1*,2,253,1,79,1,174
44:3D:54:BE:12:3C,ALL,udp:41584,192.168.3.105*,2,253,1,174,1,79
44:3D:54:BE:12:3C,ALL,udp:61601,192.168.3.1*,2,368,1,120,1,248
44:3D:54:BE:12:3C,ALL,udp:61601,192.168.3.105*,2,368,1,248,1,120
44:3D:54:BE:12:3C,ALL,udp:45796,192.168.3.1*,2,242,1,89,1,153
44:3D:54:BE:12:3C,ALL,udp:45796,192.168.3.105*,2,242,1,153,1,89
44:3D:54:BE:12:3C,ALL,udp:32658,192.168.3.1*,2,242,1,89,1,153
44:3D:54:BE:12:3C,ALL,udp:32658,192.168.3.105*,2,242,1,153,1,89
44:3D:54:BE:12:3C,ALL,udp:16775,192.168.3.1*,2,170,1,77,1,93
44:3D:54:BE:12:3C,ALL,udp:16775,192.168.3.105*,2,170,1,93,1,77
44:3D:54:BE:12:3C,ALL,udp:55089,192.168.3.1*,2,253,1,79,1,174
44:3D:54:BE:12:3C,ALL,udp:55089,192.168.3.105*,2,253,1,174,1,79
44:3D:54:BE:12:3C,ALL,udp:45616,192.168.3.1*,2,253,1,79,1,174
44:3D:54:BE:12:3C,ALL,udp:45616,192.168.3.105*,2,253,1,174,1,79
44:3D:54:BE:12:3C,ALL,udp:57942,192.168.3.1*,2,242,1,89,1,153
44:3D:54:BE:12:3C,ALL,udp:57942,192.168.3.105*,2,242,1,153,1,89
44:3D:54:BE:12:3C,ALL,udp:7732,192.168.3.1*,2,253,1,79,1,174
44:3D:54:BE:12:3C,ALL,udp:7732,192.168.3.105*,2,253,1,174,1,79
44:3D:54:BE:12:3C,ALL,udp:3314,192.168.3.1*,2,253,1,79,1,174
44:3D:54:BE:12:3C,ALL,udp:3314,192.168.3.105*,2,253,1,174,1,79
44:3D:54:BE:12:3C,ALL,udp:2781,192.168.3.1*,2,242,1,89,1,153
44:3D:54:BE:12:3C,ALL,udp:2781,192.168.3.105*,2,242,1,153,1,89
44:3D:54:BE:12:3C,ALL,udp:2863,192.168.3.1*,2,253,1,79,1,174
44:3D:54:BE:12:3C,ALL,udp:2863,192.168.3.105*,2,253,1,174,1,79
44:3D:54:BE:12:3C,ALL,udp:59391,192.168.3.1*,2,242,1,89,1,153
44:3D:54:BE:12:3C,ALL,udp:59391,192.168.3.105*,2,242,1,153,1,89
44:3D:54:BE:12:3C,ALL,udp:52295,192.168.3.1*,2,253,1,79,1,174
44:3D:54:BE:12:3C,ALL,udp:52295,192.168.3.105*,2,253,1,174,1,79
44:3D:54:BE:12:3C,ALL,udp:46330,192.168.3.1*,2,170,1,77,1,93
44:3D:54:BE:12:3C,ALL,udp:46330,192.168.3.105*,2,170,1,93,1,77
44:3D:54:BE:12:3C,ALL,udp:2913,192.168.3.1*,2,253,1,79,1,174
44:3D:54:BE:12:3C,ALL,udp:2913,192.168.3.105*,2,253,1,174,1,79
44:3D:54:BE:12:3C,ALL,udp:21083,192.168.3.1*,2,228,1,90,1,138
44:3D:54:BE:12:3C,ALL,udp:21083,192.168.3.105*,2,228,1,138,1,90
44:3D:54:BE:12:3C,ALL,udp:8496,192.168.3.1*,2,242,1,89,1,153
44:3D:54:BE:12:3C,ALL,udp:8496,192.168.3.105*,2,242,1,153,1,89
44:3D:54:BE:12:3C,ALL,udp:61463,192.168.3.1*,2,253,1,79,1,174
44:3D:54:BE:12:3C,ALL,udp:61463,192.168.3.105*,2,253,1,174,1,79
44:3D:54:BE:12:3C,ALL,udp:55610,192.168.3.1*,2,368,1,120,1,248
44:3D:54:BE:12:3C,ALL,udp:55610,192.168.3.105*,2,368,1,248,1,120
44:3D:54:BE:12:3C,ALL,udp:46348,192.168.3.1*,2,164,1,74,1,90
44:3D:54:BE:12:3C,ALL,udp:46348,192.168.3.105*,2,164,1,90,1,74
44:3D:54:BE:12:3C,ALL,udp:60910,192.168.3.1*,2,242,1,89,1,153
44:3D:54:BE:12:3C,ALL,udp:60910,192.168.3.105*,2,242,1,153,1,89
44:3D:54:BE:12:3C,ALL,udp:42601,192.168.3.1*,2,253,1,79,1,174
44:3D:54:BE:12:3C,ALL,udp:42601,192.168.3.105*,2,253,1,174,1,79
44:3D:54:BE:12:3C,ALL,udp:6150,192.168.3.1*,2,242,1,89,1,153
44:3D:54:BE:12:3C,ALL,udp:6150,192.168.3.105*,2,242,1,153,1,89
44:3D:54:BE:12:3C,ALL,udp:26479,192.168.3.1*,2,253,1,79,1,174
44:3D:54:BE:12:3C,ALL,udp:26479,192.168.3.105*,2,253,1,174,1,79
44:3D:54:BE:12:3C,ALL,udp:27017,192.168.3.1*,2,170,1,77,1,93
44:3D:54:BE:12:3C,ALL,udp:27017,192.168.3.105*,2,170,1,93,1,77
44:3D:54:BE:12:3C,ALL,udp:45561,192.168.3.1*,2,242,1,89,1,153
44:3D:54:BE:12:3C,ALL,udp:45561,192.168.3.105*,2,242,1,153,1,89
44:3D:54:BE:12:3C,ALL,udp:57578,192.168.3.1*,2,253,1,79,1,174
44:3D:54:BE:12:3C,ALL,udp:57578,192.168.3.105*,2,253,1,174,1,79
44:3D:54:BE:12:3C,ALL,udp:29069,192.168.3.1*,2,242,1,89,1,153
44:3D:54:BE:12:3C,ALL,udp:29069,192.168.3.105*,2,242,1,153,1,89
44:3D:54:BE:12:3C,ALL,udp:23676,192.168.3.1*,2,253,1,79,1,174
44:3D:54:BE:12:3C,ALL,udp:23676,192.168.3.105*,2,253,1,174,1,79
44:3D:54:BE:12:3C,ALL,udp:51145,192.168.3.1*,2,242,1,89,1,153
44:3D:54:BE:12:3C,ALL,udp:51145,192.168.3.105*,2,242,1,153,1,89
44:3D:54:BE:12:3C,ALL,udp:51812,192.168.3.1*,2,170,1,77,1,93
44:3D:54:BE:12:3C,ALL,udp:51812,192.168.3.105*,2,170,1,93,1,77
44:3D:54:BE:12:3C,ALL,udp:56128,192.168.3.1*,2,253,1,79,1,174
44:3D:54:BE:12:3C,ALL,udp:56128,192.168.3.105*,2,253,1,174,1,79
44:3D:54:BE:12:3C,ALL,udp:34162,192.168.3.1*,2,228,1,90,1,138
44:3D:54:BE:12:3C,ALL,udp:34162,192.168.3.105*,2,228,1,138,1,90
44:3D:54:BE:12:3C,ALL,udp:3896,192.168.3.1*,2,242,1,89,1,153
44:3D:54:BE:12:3C,ALL,udp:3896,192.168.3.105*,2,242,1,153,1,89
44:3D:54:BE:12:3C,ALL,udp:40956,192.168.3.1*,2,368,1,120,1,248
44:3D:54:BE:12:3C,ALL,udp:40956,192.168.3.105*,2,368,1,248,1,120
44:3D:54:BE:12:3C,ALL,udp:50104,192.168.3.1*,2,253,1,79,1,174
44:3D:54:BE:12:3C,ALL,udp:50104,192.168.3.105*,2,253,1,174,1,79
44:3D:54:BE:12:3C,ALL,udp:35125,192.168.3.1*,2,242,1,89,1,153
44:3D:54:BE:12:3C,ALL,udp:35125,192.168.3.105*,2,242,1,153,1,89
44:3D:54:BE:12:3C,ALL,udp:57462,192.168.3.1*,2,253,1,79,1,174
44:3D:54:BE:12:3C,ALL,udp:57462,192.168.3.105*,2,253,1,174,1,79
44:3D:54:BE:12:3C,ALL,udp:49285,192.168.3.1*,2,253,1,79,1,174
44:3D:54:BE:12:3C,ALL,udp:49285,192.168.3.105*,2,253,1,174,1,79
44:3D:54:BE:12:3C,ALL,udp:25200,192.168.3.1*,2,253,1,79,1,174
44:3D:54:BE:12:3C,ALL,udp:25200,192.168.3.105*,2,253,1,174,1,79
44:3D:54:BE:12:3C,ALL,udp:7270,192.168.3.1*,2,242,1,89,1,153
44:3D:54:BE:12:3C,ALL,udp:7270,192.168.3.105*,2,242,1,153,1,89
44:3D:54:BE:12:3C,ALL,udp:17993,192.168.3.1*,2,170,1,77,1,93
44:3D:54:BE:12:3C,ALL,udp:17993,192.168.3.105*,2,170,1,93,1,77
44:3D:54:BE:12:3C,ALL,udp:55387,192.168.3.1*,2,253,1,79,1,174
44:3D:54:BE:12:3C,ALL,udp:55387,192.168.3.105*,2,253,1,174,1,79
44:3D:54:BE:12:3C,ALL,udp:48706,192.168.3.1*,2,242,1,89,1,153
44:3D:54:BE:12:3C,ALL,udp:48706,192.168.3.105*,2,242,1,153,1,89
44:3D:54:BE:12:3C,ALL,udp:38904,192.168.3.1*,2,253,1,79,1,174
44:3D:54:BE:12:3C,ALL,udp:38904,192.168.3.105*,2,253,1,174,1,79
44:3D:54:BE:12:3C,ALL,udp:4175,192.168.3.1*,2,242,1,89,1,153
44:3D:54:BE:12:3C,ALL,udp:4175,192.168.3.105*,2,242,1,153,1,89
44:3D:54:BE:12:3C,ALL,udp:23062,192.168.3.1*,2,253,1,79,1,174
44:3D:54:BE:12:3C,ALL,udp:23062,192.168.3.105*,2,253,1,174,1,79
44:3D:54:BE:12:3C,ALL,udp:40008,192.168.3.1*,2,242,1,89,1,153
44:3D:54:BE:12:3C,ALL,udp:40008,192.168.3.105*,2,242,1,153,1,89
44:3D:54:BE:12:3C,ALL,udp:1593,192.168.3.1*,2,228,1,90,1,138
44:3D:54:BE:12:3C,ALL,udp:1593,192.168.3.105*,2,228,1,138,1,90
44:3D:54:BE:12:3C,ALL,udp:36608,192.168.3.1*,2,170,1,77,1,93
44:3D:54:BE:12:3C,ALL,udp:36608,192.168.3.105*,2,170,1,93,1,77
44:3D:54:BE:12:3C,ALL,udp:17630,192.168.3.1*,2,253,1,79,1,174
44:3D:54:BE:12:3C,ALL,udp:17630,192.168.3.105*,2,253,1,174,1,79
44:3D:54:BE:12:3C,ALL,udp:33536,192.168.3.1*,2,242,1,89,1,153
44:3D:54:BE:12:3C,ALL,udp:33536,192.168.3.105*,2,242,1,153,1,89
44:3D:54:BE:12:3C,ALL,udp:51669,192.168.3.1*,2,164,1,74,1,90
44:3D:54:BE:12:3C,ALL,udp:51669,192.168.3.105*,2,164,1,90,1,74
44:3D:54:BE:12:3C,ALL,udp:41081,192.168.3.1*,2,253,1,79,1,174
44:3D:54:BE:12:3C,ALL,udp:41081,192.168.3.105*,2,253,1,174,1,79
44:3D:54:BE:12:3C,ALL,udp:1178,192.168.3.1*,2,242,1,89,1,153
44:3D:54:BE:12:3C,ALL,udp:1178,192.168.3.105*,2,242,1,153,1,89
44:3D:54:BE:12:3C,ALL,udp:32371,192.168.3.1*,2,253,1,79,1,174
44:3D:54:BE:12:3C,ALL,udp:32371,192.168.3.105*,2,253,1,174,1,79
44:3D:54:BE:12:3C,ALL,udp:32114,192.168.3.1*,2,242,1,89,1,153
44:3D:54:BE:12:3C,ALL,udp:32114,192.168.3.105*,2,242,1,153,1,89
44:3D:54:BE:12:3C,ALL,udp:60412,192.168.3.1*,2,170,1,77,1,93
44:3D:54:BE:12:3C,ALL,udp:60412,192.168.3.105*,2,170,1,93,1,77
44:3D:54:BE:12:3C,ALL,udp:30577,192.168.3.1*,2,242,1,89,1,153
44:3D:54:BE:12:3C,ALL,udp:30577,192.168.3.105*,2,242,1,153,1,89
44:3D:54:BE:12:3C,ALL,udp:50782,192.168.3.1*,2,242,1,89,1,153
44:3D:54:BE:12:3C,ALL,udp:50782,192.168.3.105*,2,242,1,153,1,89
44:3D:54:BE:12:3C,ALL,udp:51609,192.168.3.1*,2,253,1,79,1,174
44:3D:54:BE:12:3C,ALL,udp:51609,192.168.3.105*,2,253,1,174,1,79
44:3D:54:BE:12:3C,ALL,udp:32867,192.168.3.1*,2,242,1,89,1,153
44:3D:54:BE:12:3C,ALL,udp:32867,192.168.3.105*,2,242,1,153,1,89
44:3D:54:BE:12:3C,ALL,udp:14143,192.168.3.1*,2,228,1,90,1,138
44:3D:54:BE:12:3C,ALL,udp:14143,192.168.3.105*,2,228,1,138,1,90
44:3D:54:BE:12:3C,ALL,udp:15910,192.168.3.1*,2,170,1,77,1,93
44:3D:54:BE:12:3C,ALL,udp:15910,192.168.3.105*,2,170,1,93,1,77
44:3D:54:BE:12:3C,ALL,udp:58237,192.168.3.1*,2,253,1,79,1,174
44:3D:54:BE:12:3C,ALL,udp:58237,192.168.3.105*,2,253,1,174,1,79
44:3D:54:BE:12:3C,ALL,udp:63083,192.168.3.1*,2,242,1,89,1,153
44:3D:54:BE:12:3C,ALL,udp:63083,192.168.3.105*,2,242,1,153,1,89
44:3D:54:BE:12:3C,ALL,udp:21396,192.168.3.1*,2,253,1,79,1,174
44:3D:54:BE:12:3C,ALL,udp:21396,192.168.3.105*,2,253,1,174,1,79
44:3D:54:BE:12:3C,ALL,udp:25033,192.168.3.1*,2,368,1,120,1,248
44:3D:54:BE:12:3C,ALL,udp:25033,192.168.3.105*,2,368,1,248,1,120
44:3D:54:BE:12:3C,ALL,udp:7331,192.168.3.1*,2,242,1,89,1,153
44:3D:54:BE:12:3C,ALL,udp:7331,192.168.3.105*,2,242,1,153,1,89
44:3D:54:BE:12:3C,ALL,udp:49342,192.168.3.1*,2,253,1,79,1,174
44:3D:54:BE:12:3C,ALL,udp:49342,192.168.3.105*,2,253,1,174,1,79
44:3D:54:BE:12:3C,ALL,udp:48852,192.168.3.1*,2,242,1,89,1,153
44:3D:54:BE:12:3C,ALL,udp:48852,192.168.3.105*,2,242,1,153,1,89
44:3D:54:BE:12:3C,ALL,udp:7273,192.168.3.1*,2,170,1,77,1,93
44:3D:54:BE:12:3C,ALL,udp:7273,192.168.3.105*,2,170,1,93,1,77
44:3D:54:BE:12:3C,ALL,udp:11068,192.168.3.1*,2,253,1,79,1,174
44:3D:54:BE:12:3C,ALL,udp:11068,192.168.3.105*,2,253,1,174,1,79
44:3D:54:BE:12:3C,ALL,udp:10007,192.168.3.1*,2,253,1,79,1,174
44:3D:54:BE:12:3C,ALL,udp:10007,192.168.3.105*,2,253,1,174,1,79
44:3D:54:BE:12:3C,ALL,udp:54677,192.168.3.1*,2,242,1,89,1,153
44:3D:54:BE:12:3C,ALL,udp:54677,192.168.3.105*,2,242,1,153,1,89
44:3D:54:BE:12:3C,ALL,udp:15687,192.168.3.1*,2,253,1,79,1,174
44:3D:54:BE:12:3C,ALL,udp:15687,192.168.3.105*,2,253,1,174,1,79
44:3D:54:BE:12:3C,ALL,udp:14163,192.168.3.1*,2,242,1,89,1,153
44:3D:54:BE:12:3C,ALL,udp:14163,192.168.3.105*,2,242,1,153,1,89
44:3D:54:BE:12:3C,ALL,udp:27468,192.168.3.1*,2,253,1,79,1,174
44:3D:54:BE:12:3C,ALL,udp:27468,192.168.3.105*,2,253,1,174,1,79
44:3D:54:BE:12:3C,ALL,udp:52863,192.168.3.1*,2,253,1,79,1,174
44:3D:54:BE:12:3C,ALL,udp:52863,192.168.3.105*,2,253,1,174,1,79
44:3D:54:BE:12:3C,ALL,udp:62791,192.168.3.1*,2,228,1,90,1,138
44:3D:54:BE:12:3C,ALL,udp:62791,192.168.3.105*,2,228,1,138,1,90
44:3D:54:BE:12:3C,ALL,udp:36356,192.168.3.1*,2,170,1,77,1,93
44:3D:54:BE:12:3C,ALL,udp:36356,192.168.3.105*,2,170,1,93,1,77
44:3D:54:BE:12:3C,ALL,udp:26279,192.168.3.1*,2,242,1,89,1,153
44:3D:54:BE:12:3C,ALL,udp:26279,192.168.3.105*,2,242,1,153,1,89
44:3D:54:BE:12:3C,ALL,udp:8650,192.168.3.1*,2,164,1,74,1,90
44:3D:54:BE:12:3C,ALL,udp:8650,192.168.3.105*,2,164,1,90,1,74
44:3D:54:BE:12:3C,ALL,udp:35123,192.168.3.1*,2,368,1,120,1,248
44:3D:54:BE:12:3C,ALL,udp:35123,192.168.3.105*,2,368,1,248,1,120
44:3D:54:BE:12:3C,ALL,udp:57671,192.168.3.1*,2,242,1,89,1,153
44:3D:54:BE:12:3C,ALL,udp:57671,192.168.3.105*,2,242,1,153,1,89
44:3D:54:BE:12:3C,ALL,udp:13356,192.168.3.1*,2,253,1,79,1,174
44:3D:54:BE:12:3C,ALL,udp:13356,192.168.3.105*,2,253,1,174,1,79
44:3D:54:BE:12:3C,ALL,udp:18364,192.168.3.1*,2,242,1,89,1,153
44:3D:54:BE:12:3C,ALL,udp:18364,192.168.3.105*,2,242,1,153,1,89
44:3D:54:BE:12:3C,ALL,udp:42708,192.168.3.1*,2,170,1,77,1,93
44:3D:54:BE:12:3C,ALL,udp:42708,192.168.3.105*,2,170,1,93,1,77
44:3D:54:BE:12:3C,ALL,udp:44530,192.168.3.1*,2,253,1,79,1,174
44:3D:54:BE:12:3C,ALL,udp:44530,192.168.3.105*,2,253,1,174,1,79
44:3D:54:BE:12:3C,ALL,udp:13929,192.168.3.1*,2,242,1,89,1,153
44:3D:54:BE:12:3C,ALL,udp:13929,192.168.3.105*,2,242,1,153,1,89
44:3D:54:BE:12:3C,ALL,udp:58094,192.168.3.1*,2,253,1,79,1,174
44:3D:54:BE:12:3C,ALL,udp:58094,192.168.3.105*,2,253,1,174,1,79
44:3D:54:BE:12:3C,ALL,udp:40982,192.168.3.1*,2,253,1,79,1,174
44:3D:54:BE:12:3C,ALL,udp:40982,192.168.3.105*,2,253,1,174,1,79
44:3D:54:BE:12:3C,ALL,udp:64065,192.168.3.1*,2,242,1,89,1,153
44:3D:54:BE:12:3C,ALL,udp:64065,192.168.3.105*,2,242,1,153,1,89
44:3D:54:BE:12:3C,ALL,udp:35363,192.168.3.1*,2,253,1,79,1,174
44:3D:54:BE:12:3C,ALL,udp:35363,192.168.3.105*,2,253,1,174,1,79
44:3D:54:BE:12:3C,ALL,udp:15451,192.168.3.1*,2,253,1,79,1,174
44:3D:54:BE:12:3C,ALL,udp:15451,192.168.3.105*,2,253,1,174,1,79
44:3D:54:BE:12:3C,ALL,udp:3586,192.168.3.1*,2,228,1,90,1,138
44:3D:54:BE:12:3C,ALL,udp:3586,192.168.3.105*,2,228,1,138,1,90
44:3D:54:BE:12:3C,ALL,udp:21860,192.168.3.1*,2,242,1,89,1,153
44:3D:54:BE:12:3C,ALL,udp:21860,192.168.3.105*,2,242,1,153,1,89
44:3D:54:BE:12:3C,ALL,udp:62506,192.168.3.1*,2,170,1,77,1,93
44:3D:54:BE:12:3C,ALL,udp:62506,192.168.3.105*,2,170,1,93,1,77
44:3D:54:BE:12:3C,ALL,udp:40288,192.168.3.1*,2,253,1,79,1,174
44:3D:54:BE:12:3C,ALL,udp:40288,192.168.3.105*,2,253,1,174,1,79
44:3D:54:BE:12:3C,ALL,udp:33577,192.168.3.1*,2,242,1,89,1,153
44:3D:54:BE:12:3C,ALL,udp:33577,192.168.3.105*,2,242,1,153,1,89
44:3D:54:BE:12:3C,ALL,udp:47826,192.168.3.1*,2,253,1,79,1,174
44:3D:54:BE:12:3C,ALL,udp:47826,192.168.3.105*,2,253,1,174,1,79
44:3D:54:BE:12:3C,ALL,udp:52661,192.168.3.1*,2,368,1,120,1,248
44:3D:54:BE:12:3C,ALL,udp:52661,192.168.3.105*,2,368,1,248,1,120
44:3D:54:BE:12:3C,ALL,udp:37077,192.168.3.1*,2,253,1,79,1,174
44:3D:54:BE:12:3C,ALL,udp:37077,192.168.3.105*,2,253,1,174,1,79
44:3D:54:BE:12:3C,ALL,udp:59467,192.168.3.1*,2,242,1,89,1,153
44:3D:54:BE:12:3C,ALL,udp:59467,192.168.3.105*,2,242,1,153,1,89
44:3D:54:BE:12:3C,ALL,udp:6240,192.168.3.1*,2,242,1,89,1,153
44:3D:54:BE:12:3C,ALL,udp:6240,192.168.3.105*,2,242,1,153,1,89
44:3D:54:BE:12:3C,ALL,udp:32052,192.168.3.1*,2,253,1,79,1,174
44:3D:54:BE:12:3C,ALL,udp:32052,192.168.3.105*,2,253,1,174,1,79
44:3D:54:BE:12:3C,ALL,udp:15386,192.168.3.1*,2,170,1,77,1,93
44:3D:54:BE:12:3C,ALL,udp:15386,192.168.3.105*,2,170,1,93,1,77
44:3D:54:BE:12:3C,ALL,udp:47151,192.168.3.1*,2,242,1,89,1,153
44:3D:54:BE:12:3C,ALL,udp:47151,192.168.3.105*,2,242,1,153,1,89
44:3D:54:BE:12:3C,ALL,udp:11548,192.168.3.1*,2,253,1,79,1,174
44:3D:54:BE:12:3C,ALL,udp:11548,192.168.3.105*,2,253,1,174,1,79
44:3D:54:BE:12:3C,ALL,udp:8851,192.168.3.1*,2,242,1,89,1,153
44:3D:54:BE:12:3C,ALL,udp:8851,192.168.3.105*,2,242,1,153,1,89
44:3D:54:BE:12:3C,ALL,udp:30053,192.168.3.1*,2,253,1,79,1,174
44:3D:54:BE:12:3C,ALL,udp:30053,192.168.3.105*,2,253,1,174,1,79
44:3D:54:BE:12:3C,ALL,udp:48403,192.168.3.1*,2,228,1,90,1,138
44:3D:54:BE:12:3C,ALL,udp:48403,192.168.3.105*,2,228,1,138,1,90
44:3D:54:BE:12:3C,ALL,udp:47958,192.168.3.1*,2,242,1,89,1,153
44:3D:54:BE:12:3C,ALL,udp:47958,192.168.3.105*,2,242,1,153,1,89
44:3D:54:BE:12:3C,ALL,udp:56665,192.168.3.1*,2,253,1,79,1,174
44:3D:54:BE:12:3C,ALL,udp:56665,192.168.3.105*,2,253,1,174,1,79
44:3D:54:BE:12:3C,ALL,udp:30808,192.168.3.1*,2,170,1,77,1,93
44:3D:54:BE:12:3C,ALL,udp:30808,192.168.3.105*,2,170,1,93,1,77
44:3D:54:BE:12:3C,ALL,udp:32971,192.168.3.1*,2,164,1,74,1,90
44:3D:54:BE:12:3C,ALL,udp:32971,192.168.3.105*,2,164,1,90,1,74
44:3D:54:BE:12:3C,ALL,udp:46904,192.168.3.1*,2,242,1,89,1,153
44:3D:54:BE:12:3C,ALL,udp:46904,192.168.3.105*,2,242,1,153,1,89
44:3D:54:BE:12:3C,ALL,udp:28718,192.168.3.1*,2,368,1,120,1,248
44:3D:54:BE:12:3C,ALL,udp:28718,192.168.3.105*,2,368,1,248,1,120
44:3D:54:BE:12:3C,ALL,udp:32328,192.168.3.1*,2,242,1,89,1,153
44:3D:54:BE:12:3C,ALL,udp:32328,192.168.3.105*,2,242,1,153,1,89
44:3D:54:BE:12:3C,ALL,udp:43735,192.168.3.1*,2,253,1,79,1,174
44:3D:54:BE:12:3C,ALL,udp:43735,192.168.3.105*,2,253,1,174,1,79
44:3D:54:BE:12:3C,ALL,udp:38112,192.168.3.1*,2,242,1,89,1,153
44:3D:54:BE:12:3C,ALL,udp:38112,192.168.3.105*,2,242,1,153,1,89
44:3D:54:BE:12:3C,ALL,udp:32143,192.168.3.1*,2,170,1,77,1,93
44:3D:54:BE:12:3C,ALL,udp:32143,192.168.3.105*,2,170,1,93,1,77
44:3D:54:BE:12:3C,ALL,udp:10429,192.168.3.1*,2,164,1,74,1,90
44:3D:54:BE:12:3C,ALL,udp:10429,192.168.3.105*,2,164,1,90,1,74
44:3D:54:BE:12:3C,ALL,udp:57474,192.168.3.1*,2,242,1,89,1,153
44:3D:54:BE:12:3C,ALL,udp:57474,192.168.3.105*,2,242,1,153,1,89
44:3D:54:BE:12:3C,ALL,udp:45687,192.168.3.1*,2,253,1,79,1,174
44:3D:54:BE:12:3C,ALL,udp:45687,192.168.3.105*,2,253,1,174,1,79
44:3D:54:BE:12:3C,ALL,udp:31798,192.168.3.1*,2,242,1,89,1,153
44:3D:54:BE:12:3C,ALL,udp:31798,192.168.3.105*,2,242,1,153,1,89
44:3D:54:BE:12:3C,ALL,udp:23341,192.168.3.1*,2,228,1,90,1,138
44:3D:54:BE:12:3C,ALL,udp:23341,192.168.3.105*,2,228,1,138,1,90
44:3D:54:BE:12:3C,ALL,udp:51704,192.168.3.1*,2,253,1,79,1,174
44:3D:54:BE:12:3C,ALL,udp:51704,192.168.3.105*,2,253,1,174,1,79
44:3D:54:BE:12:3C,ALL,udp:53041,192.168.3.1*,2,242,1,89,1,153
44:3D:54:BE:12:3C,ALL,udp:53041,192.168.3.105*,2,242,1,153,1,89
44:3D:54:BE:12:3C,ALL,udp:64442,192.168.3.1*,2,170,1,77,1,93
44:3D:54:BE:12:3C,ALL,udp:64442,192.168.3.105*,2,170,1,93,1,77
44:3D:54:BE:12:3C,ALL,udp:3901,192.168.3.1*,2,253,1,79,1,174
44:3D:54:BE:12:3C,ALL,udp:3901,192.168.3.105*,2,253,1,174,1,79
44:3D:54:BE:12:3C,ALL,udp:2178,192.168.3.1*,2,242,1,89,1,153
44:3D:54:BE:12:3C,ALL,udp:2178,192.168.3.105*,2,242,1,153,1,89
44:3D:54:BE:12:3C,ALL,udp:33496,192.168.3.1*,2,253,1,79,1,174
44:3D:54:BE:12:3C,ALL,udp:33496,192.168.3.105*,2,253,1,174,1,79
44:3D:54:BE:12:3C,ALL,udp:58008,192.168.3.1*,2,253,1,79,1,174
44:3D:54:BE:12:3C,ALL,udp:58008,192.168.3.105*,2,253,1,174,1,79
44:3D:54:BE:12:3C,ALL,udp:42344,192.168.3.1*,2,253,1,79,1,174
44:3D:54:BE:12:3C,ALL,udp:42344,192.168.3.105*,2,253,1,174,1,79
44:3D:54:BE:12:3C,ALL,udp:33941,192.168.3.1*,2,368,1,120,1,248
44:3D:54:BE:12:3C,ALL,udp:33941,192.168.3.105*,2,368,1,248,1,120
44:3D:54:BE:12:3C,ALL,udp:41033,192.168.3.1*,2,242,1,89,1,153
44:3D:54:BE:12:3C,ALL,udp:41033,192.168.3.105*,2,242,1,153,1,89
44:3D:54:BE:12:3C,ALL,udp:12192,192.168.3.1*,2,253,1,79,1,174
44:3D:54:BE:12:3C,ALL,udp:12192,192.168.3.105*,2,253,1,174,1,79
44:3D:54:BE:12:3C,ALL,udp:16093,192.168.3.1*,2,253,1,79,1,174
44:3D:54:BE:12:3C,ALL,udp:16093,192.168.3.105*,2,253,1,174,1,79
44:3D:54:BE:12:3C,ALL,udp:43933,192.168.3.1*,2,242,1,89,1,153
44:3D:54:BE:12:3C,ALL,udp:43933,192.168.3.105*,2,242,1,153,1,89
44:3D:54:BE:12:3C,ALL,udp:49412,192.168.3.1*,2,170,1,77,1,93
44:3D:54:BE:12:3C,ALL,udp:49412,192.168.3.105*,2,170,1,93,1,77
44:3D:54:BE:12:3C,ALL,udp:32092,192.168.3.1*,2,242,1,89,1,153
44:3D:54:BE:12:3C,ALL,udp:32092,192.168.3.105*,2,242,1,153,1,89
44:3D:54:BE:12:3C,ALL,udp:53287,192.168.3.1*,2,253,1,79,1,174
44:3D:54:BE:12:3C,ALL,udp:53287,192.168.3.105*,2,253,1,174,1,79
44:3D:54:BE:12:3C,ALL,udp:59369,192.168.3.1*,2,242,1,89,1,153
44:3D:54:BE:12:3C,ALL,udp:59369,192.168.3.105*,2,242,1,153,1,89
44:3D:54:BE:12:3C,ALL,udp:44509,192.168.3.1*,2,228,1,90,1,138
44:3D:54:BE:12:3C,ALL,udp:44509,192.168.3.105*,2,228,1,138,1,90
44:3D:54:BE:12:3C,ALL,udp:63591,192.168.3.1*,2,253,1,79,1,174
44:3D:54:BE:12:3C,ALL,udp:63591,192.168.3.105*,2,253,1,174,1,79
44:3D:54:BE:12:3C,ALL,udp:31356,192.168.3.1*,2,242,1,89,1,153
44:3D:54:BE:12:3C,ALL,udp:31356,192.168.3.105*,2,242,1,153,1,89
44:3D:54:BE:12:3C,ALL,udp:15907,192.168.3.1*,2,170,1,77,1,93
44:3D:54:BE:12:3C,ALL,udp:15907,192.168.3.105*,2,170,1,93,1,77
44:3D:54:BE:12:3C,ALL,udp:18732,192.168.3.1*,2,164,1,74,1,90
44:3D:54:BE:12:3C,ALL,udp:18732,192.168.3.105*,2,164,1,90,1,74
44:3D:54:BE:12:3C,ALL,udp:47314,192.168.3.1*,2,242,1,89,1,153
44:3D:54:BE:12:3C,ALL,udp:47314,192.168.3.105*,2,242,1,153,1,89
44:3D:54:BE:12:3C,ALL,udp:43114,192.168.3.1*,2,253,1,79,1,174
44:3D:54:BE:12:3C,ALL,udp:43114,192.168.3.105*,2,253,1,174,1,79
44:3D:54:BE:12:3C,ALL,udp:31525,192.168.3.1*,2,368,1,120,1,248
44:3D:54:BE:12:3C,ALL,udp:31525,192.168.3.105*,2,368,1,248,1,120
44:3D:54:BE:12:3C,ALL,udp:14640,192.168.3.1*,2,242,1,89,1,153
44:3D:54:BE:12:3C,ALL,udp:14640,192.168.3.105*,2,242,1,153,1,89
44:3D:54:BE:12:3C,ALL,udp:27000,192.168.3.1*,2,253,1,79,1,174
44:3D:54:BE:12:3C,ALL,udp:27000,192.168.3.105*,2,253,1,174,1,79
44:3D:54:BE:12:3C,ALL,udp:21117,192.168.3.1*,2,253,1,79,1,174
44:3D:54:BE:12:3C,ALL,udp:21117,192.168.3.105*,2,253,1,174,1,79
44:3D:54:BE:12:3C,ALL,udp:39410,192.168.3.1*,2,242,1,89,1,153
44:3D:54:BE:12:3C,ALL,udp:39410,192.168.3.105*,2,242,1,153,1,89
44:3D:54:BE:12:3C,ALL,udp:46014,192.168.3.1*,2,170,1,77,1,93
44:3D:54:BE:12:3C,ALL,udp:46014,192.168.3.105*,2,170,1,93,1,77
44:3D:54:BE:12:3C,ALL,udp:18419,192.168.3.1*,2,253,1,79,1,174
44:3D:54:BE:12:3C,ALL,udp:18419,192.168.3.105*,2,253,1,174,1,79
44:3D:54:BE:12:3C,ALL,udp:45838,192.168.3.1*,2,253,1,79,1,174
44:3D:54:BE:12:3C,ALL,udp:45838,192.168.3.105*,2,253,1,174,1,79
44:3D:54:BE:12:3C,ALL,udp:50900,192.168.3.1*,2,228,1,90,1,138
44:3D:54:BE:12:3C,ALL,udp:50900,192.168.3.105*,2,228,1,138,1,90
44:3D:54:BE:12:3C,ALL,udp:49962,192.168.3.1*,2,242,1,89,1,153
44:3D:54:BE:12:3C,ALL,udp:49962,192.168.3.105*,2,242,1,153,1,89
44:3D:54:BE:12:3C,ALL,udp:17700,192.168.3.1*,2,242,1,89,1,153
44:3D:54:BE:12:3C,ALL,udp:17700,192.168.3.105*,2,242,1,153,1,89
44:3D:54:BE:12:3C,ALL,udp:31487,192.168.3.1*,2,170,1,77,1,93
44:3D:54:BE:12:3C,ALL,udp:31487,192.168.3.105*,2,170,1,93,1,77
44:3D:54:BE:12:3C,ALL,udp:59171,192.168.3.1*,2,242,1,89,1,153
44:3D:54:BE:12:3C,ALL,udp:59171,192.168.3.105*,2,242,1,153,1,89
44:3D:54:BE:12:3C,ALL,udp:27061,192.168.3.1*,2,368,1,120,1,248
44:3D:54:BE:12:3C,ALL,udp:27061,192.168.3.105*,2,368,1,248,1,120
44:3D:54:BE:12:3C,ALL,udp:21944,192.168.3.1*,2,253,1,79,1,174
44:3D:54:BE:12:3C,ALL,udp:21944,192.168.3.105*,2,253,1,174,1,79
44:3D:54:BE:12:3C,ALL,udp:4736,192.168.3.1*,2,253,1,79,1,174
44:3D:54:BE:12:3C,ALL,udp:4736,192.168.3.105*,2,253,1,174,1,79
44:3D:54:BE:12:3C,ALL,udp:55970,192.168.3.1*,2,242,1,89,1,153
44:3D:54:BE:12:3C,ALL,udp:55970,192.168.3.105*,2,242,1,153,1,89
44:3D:54:BE:12:3C,ALL,udp:62169,192.168.3.1*,2,170,1,77,1,93
44:3D:54:BE:12:3C,ALL,udp:62169,192.168.3.105*,2,170,1,93,1,77
44:3D:54:BE:12:3C,ALL,udp:13820,192.168.3.1*,2,253,1,79,1,174
44:3D:54:BE:12:3C,ALL,udp:13820,192.168.3.105*,2,253,1,174,1,79
44:3D:54:BE:12:3C,ALL,udp:5647,192.168.3.1*,2,253,1,79,1,174
44:3D:54:BE:12:3C,ALL,udp:5647,192.168.3.105*,2,253,1,174,1,79
44:3D:54:BE:12:3C,ALL,udp:20594,192.168.3.1*,2,242,1,89,1,153
44:3D:54:BE:12:3C,ALL,udp:20594,192.168.3.105*,2,242,1,153,1,89
44:3D:54:BE:12:3C,ALL,udp:41691,192.168.3.1*,2,228,1,90,1,138
44:3D:54:BE:12:3C,ALL,udp:41691,192.168.3.105*,2,228,1,138,1,90
44:3D:54:BE:12:3C,ALL,udp:53045,192.168.3.1*,2,242,1,89,1,153
44:3D:54:BE:12:3C,ALL,udp:53045,192.168.3.105*,2,242,1,153,1,89
44:3D:54:BE:12:3C,ALL,udp:9273,192.168.3.1*,2,253,1,79,1,174
44:3D:54:BE:12:3C,ALL,udp:9273,192.168.3.105*,2,253,1,174,1,79
44:3D:54:BE:12:3C,ALL,udp:8261,192.168.3.1*,2,242,1,89,1,153
44:3D:54:BE:12:3C,ALL,udp:8261,192.168.3.105*,2,242,1,153,1,89
44:3D:54:BE:12:3C,ALL,udp:1058,192.168.3.1*,2,253,1,79,1,174
44:3D:54:BE:12:3C,ALL,udp:1058,192.168.3.105*,2,253,1,174,1,79
44:3D:54:BE:12:3C,ALL,udp:38562,192.168.3.1*,2,164,1,74,1,90
44:3D:54:BE:12:3C,ALL,udp:38562,192.168.3.105*,2,164,1,90,1,74
44:3D:54:BE:12:3C,ALL,udp:49725,192.168.3.1*,2,170,1,77,1,93
44:3D:54:BE:12:3C,ALL,udp:49725,192.168.3.105*,2,170,1,93,1,77
44:3D:54:BE:12:3C,ALL,udp:24017,192.168.3.1*,2,242,1,89,1,153
44:3D:54:BE:12:3C,ALL,udp:24017,192.168.3.105*,2,242,1,153,1,89
44:3D:54:BE:12:3C,ALL,udp:58941,192.168.3.1*,2,368,1,120,1,248
44:3D:54:BE:12:3C,ALL,udp:58941,192.168.3.105*,2,368,1,248,1,120
44:3D:54:BE:12:3C,ALL,udp:61930,192.168.3.1*,2,242,1,89,1,153
44:3D:54:BE:12:3C,ALL,udp:61930,192.168.3.105*,2,242,1,153,1,89
44:3D:54:BE:12:3C,ALL,udp:50877,192.168.3.1*,2,253,1,79,1,174
44:3D:54:BE:12:3C,ALL,udp:50877,192.168.3.105*,2,253,1,174,1,79
44:3D:54:BE:12:3C,ALL,udp:5960,192.168.3.1*,2,253,1,79,1,174
44:3D:54:BE:12:3C,ALL,udp:5960,192.168.3.105*,2,253,1,174,1,79
44:3D:54:BE:12:3C,ALL,udp:27572,192.168.3.1*,2,242,1,89,1,153
44:3D:54:BE:12:3C,ALL,udp:27572,192.168.3.105*,2,242,1,153,1,89
44:3D:54:BE:12:3C,ALL,udp:18236,192.168.3.1*,2,170,1,77,1,93
44:3D:54:BE:12:3C,ALL,udp:18236,192.168.3.105*,2,170,1,93,1,77
44:3D:54:BE:12:3C,ALL,udp:33803,192.168.3.1*,2,242,1,89,1,153
44:3D:54:BE:12:3C,ALL,udp:33803,192.168.3.105*,2,242,1,153,1,89
44:3D:54:BE:12:3C,ALL,udp:17662,192.168.3.1*,2,253,1,79,1,174
44:3D:54:BE:12:3C,ALL,udp:17662,192.168.3.105*,2,253,1,174,1,79
44:3D:54:BE:12:3C,ALL,udp:9595,192.168.3.1*,2,228,1,90,1,138
44:3D:54:BE:12:3C,ALL,udp:9595,192.168.3.105*,2,228,1,138,1,90
44:3D:54:BE:12:3C,ALL,udp:58947,192.168.3.1*,2,253,1,79,1,174
44:3D:54:BE:12:3C,ALL,udp:58947,192.168.3.105*,2,253,1,174,1,79
44:3D:54:BE:12:3C,ALL,udp:29125,192.168.3.1*,2,242,1,89,1,153
44:3D:54:BE:12:3C,ALL,udp:29125,192.168.3.105*,2,242,1,153,1,89
44:3D:54:BE:12:3C,ALL,udp:32004,192.168.3.1*,2,253,1,79,1,174
44:3D:54:BE:12:3C,ALL,udp:32004,192.168.3.105*,2,253,1,174,1,79
44:3D:54:BE:12:3C,ALL,udp:28028,192.168.3.1*,2,253,1,79,1,174
44:3D:54:BE:12:3C,ALL,udp:28028,192.168.3.105*,2,253,1,174,1,79
44:3D:54:BE:12:3C,ALL,udp:11305,192.168.3.1*,2,170,1,77,1,93
44:3D:54:BE:12:3C,ALL,udp:11305,192.168.3.105*,2,170,1,93,1,77
44:3D:54:BE:12:3C,ALL,udp:61896,192.168.3.1*,2,253,1,79,1,174
44:3D:54:BE:12:3C,ALL,udp:61896,192.168.3.105*,2,253,1,174,1,79
44:3D:54:BE:12:3C,ALL,udp:46591,192.168.3.1*,2,242,1,89,1,153
44:3D:54:BE:12:3C,ALL,udp:46591,192.168.3.105*,2,242,1,153,1,89
44:3D:54:BE:12:3C,ALL,udp:2766,192.168.3.1*,2,258,1,97,1,161
44:3D:54:BE:12:3C,ALL,udp:2766,192.168.3.105*,2,258,1,161,1,97
44:3D:54:BE:12:3C,ALL,udp:15691,192.168.3.1*,2,170,1,77,1,93
44:3D:54:BE:12:3C,ALL,udp:15691,192.168.3.105*,2,170,1,93,1,77
44:3D:54:BE:12:3C,ALL,udp:10682,192.168.3.1*,2,242,1,89,1,153
44:3D:54:BE:12:3C,ALL,udp:10682,192.168.3.105*,2,242,1,153,1,89
44:3D:54:BE:12:3C,ALL,udp:44820,192.168.3.1*,2,253,1,79,1,174
44:3D:54:BE:12:3C,ALL,udp:44820,192.168.3.105*,2,253,1,174,1,79
44:3D:54:BE:12:3C,ALL,udp:63288,192.168.3.1*,2,170,1,77,1,93
44:3D:54:BE:12:3C,ALL,udp:63288,192.168.3.105*,2,170,1,93,1,77
44:3D:54:BE:12:3C,ALL,udp:49004,192.168.3.1*,2,253,1,79,1,174
44:3D:54:BE:12:3C,ALL,udp:49004,192.168.3.105*,2,253,1,174,1,79
44:3D:54:BE:12:3C,ALL,udp:12101,192.168.3.1*,2,253,1,79,1,174
44:3D:54:BE:12:3C,ALL,udp:12101,192.168.3.105*,2,253,1,174,1,79
44:3D:54:BE:12:3C,ALL,udp:20910,192.168.3.1*,2,242,1,89,1,153
44:3D:54:BE:12:3C,ALL,udp:20910,192.168.3.105*,2,242,1,153,1,89
44:3D:54:BE:12:3C,ALL,udp:33062,192.168.3.1*,2,228,1,90,1,138
44:3D:54:BE:12:3C,ALL,udp:33062,192.168.3.105*,2,228,1,138,1,90
44:3D:54:BE:12:3C,ALL,udp:50018,192.168.3.1*,2,253,1,79,1,174
44:3D:54:BE:12:3C,ALL,udp:50018,192.168.3.105*,2,253,1,174,1,79
44:3D:54:BE:12:3C,ALL,udp:64061,192.168.3.1*,2,242,1,89,1,153
44:3D:54:BE:12:3C,ALL,udp:64061,192.168.3.105*,2,242,1,153,1,89
44:3D:54:BE:12:3C,ALL,udp:29172,192.168.3.1*,2,164,1,74,1,90
44:3D:54:BE:12:3C,ALL,udp:29172,192.168.3.105*,2,164,1,90,1,74
44:3D:54:BE:12:3C,ALL,udp:24660,192.168.3.1*,2,242,1,89,1,153
44:3D:54:BE:12:3C,ALL,udp:24660,192.168.3.105*,2,242,1,153,1,89
44:3D:54:BE:12:3C,ALL,udp:4241,192.168.3.1*,2,170,1,77,1,93
44:3D:54:BE:12:3C,ALL,udp:4241,192.168.3.105*,2,170,1,93,1,77
44:3D:54:BE:12:3C,ALL,udp:24743,192.168.3.1*,2,253,1,79,1,174
44:3D:54:BE:12:3C,ALL,udp:24743,192.168.3.105*,2,253,1,174,1,79
44:3D:54:BE:12:3C,ALL,udp:55065,192.168.3.1*,2,253,1,79,1,174
44:3D:54:BE:12:3C,ALL,udp:55065,192.168.3.105*,2,253,1,174,1,79
44:3D:54:BE:12:3C,ALL,udp:42536,192.168.3.1*,2,242,1,89,1,153
44:3D:54:BE:12:3C,ALL,udp:42536,192.168.3.105*,2,242,1,153,1,89
44:3D:54:BE:12:3C,ALL,udp:1512,192.168.3.1*,2,180,1,82,1,98
44:3D:54:BE:12:3C,ALL,udp:1512,192.168.3.105*,2,180,1,98,1,82
44:3D:54:BE:12:3C,ALL,udp:10933,192.168.3.1*,2,253,1,79,1,174
44:3D:54:BE:12:3C,ALL,udp:10933,192.168.3.105*,2,253,1,174,1,79
44:3D:54:BE:12:3C,ALL,udp:19835,192.168.3.1*,2,368,1,120,1,248
44:3D:54:BE:12:3C,ALL,udp:19835,192.168.3.105*,2,368,1,248,1,120
44:3D:54:BE:12:3C,ALL,udp:15463,192.168.3.1*,2,242,1,89,1,153
44:3D:54:BE:12:3C,ALL,udp:15463,192.168.3.105*,2,242,1,153,1,89
44:3D:54:BE:12:3C,ALL,udp:46534,192.168.3.1*,2,253,1,79,1,174
44:3D:54:BE:12:3C,ALL,udp:46534,192.168.3.105*,2,253,1,174,1,79
44:3D:54:BE:12:3C,ALL,udp:41473,192.168.3.1*,2,242,1,89,1,153
44:3D:54:BE:12:3C,ALL,udp:41473,192.168.3.105*,2,242,1,153,1,89
44:3D:54:BE:12:3C,ALL,udp:49258,192.168.3.1*,2,253,1,79,1,174
44:3D:54:BE:12:3C,ALL,udp:49258,192.168.3.105*,2,253,1,174,1,79
44:3D:54:BE:12:3C,ALL,udp:12903,192.168.3.1*,2,170,1,77,1,93
44:3D:54:BE:12:3C,ALL,udp:12903,192.168.3.105*,2,170,1,93,1,77
44:3D:54:BE:12:3C,ALL,udp:27674,192.168.3.1*,2,253,1,79,1,174
44:3D:54:BE:12:3C,ALL,udp:27674,192.168.3.105*,2,253,1,174,1,79
44:3D:54:BE:12:3C,ALL,udp:46978,192.168.3.1*,2,242,1,89,1,153
44:3D:54:BE:12:3C,ALL,udp:46978,192.168.3.105*,2,242,1,153,1,89
44:3D:54:BE:12:3C,ALL,udp:46787,192.168.3.1*,2,228,1,90,1,138
44:3D:54:BE:12:3C,ALL,udp:46787,192.168.3.105*,2,228,1,138,1,90
44:3D:54:BE:12:3C,ALL,udp:3861,192.168.3.1*,2,242,1,89,1,153
44:3D:54:BE:12:3C,ALL,udp:3861,192.168.3.105*,2,242,1,153,1,89
44:3D:54:BE:12:3C,ALL,udp:51344,192.168.3.1*,2,401,1,86,1,315
44:3D:54:BE:12:3C,ALL,udp:51344,192.168.3.105*,2,401,1,315,1,86
44:3D:54:BE:12:3C,ALL,udp:35963,192.168.3.1*,2,242,1,89,1,153
44:3D:54:BE:12:3C,ALL,udp:35963,192.168.3.105*,2,242,1,153,1,89
44:3D:54:BE:12:3C,ALL,udp:37047,192.168.3.1*,2,253,1,79,1,174
44:3D:54:BE:12:3C,ALL,udp:37047,192.168.3.105*,2,253,1,174,1,79
44:3D:54:BE:12:3C,ALL,udp:1042,192.168.3.1*,2,242,1,89,1,153
44:3D:54:BE:12:3C,ALL,udp:1042,192.168.3.105*,2,242,1,153,1,89
44:3D:54:BE:12:3C,ALL,udp:10140,192.168.3.1*,2,170,1,77,1,93
44:3D:54:BE:12:3C,ALL,udp:10140,192.168.3.105*,2,170,1,93,1,77
44:3D:54:BE:12:3C,ALL,udp:10850,192.168.3.1*,2,253,1,79,1,174
44:3D:54:BE:12:3C,ALL,udp:10850,192.168.3.105*,2,253,1,174,1,79
44:3D:54:BE:12:3C,ALL,udp:31479,192.168.3.1*,2,253,1,79,1,174
44:3D:54:BE:12:3C,ALL,udp:31479,192.168.3.105*,2,253,1,174,1,79
44:3D:54:BE:12:3C,ALL,udp:57243,192.168.3.1*,2,242,1,89,1,153
44:3D:54:BE:12:3C,ALL,udp:57243,192.168.3.105*,2,242,1,153,1,89
44:3D:54:BE:12:3C,ALL,udp:21653,192.168.3.1*,2,230,1,83,1,147
44:3D:54:BE:12:3C,ALL,udp:21653,192.168.3.105*,2,230,1,147,1,83
44:3D:54:BE:12:3C,ALL,udp:18222,192.168.3.1*,2,368,1,120,1,248
44:3D:54:BE:12:3C,ALL,udp:18222,192.168.3.105*,2,368,1,248,1,120
44:3D:54:BE:12:3C,ALL,udp:17773,192.168.3.1*,2,172,1,78,1,94
44:3D:54:BE:12:3C,ALL,udp:17773,192.168.3.105*,2,172,1,94,1,78
44:3D:54:BE:12:3C,ALL,udp:11495,192.168.3.1*,2,237,1,83,1,154
44:3D:54:BE:12:3C,ALL,udp:11495,192.168.3.105*,2,237,1,154,1,83
44:3D:54:BE:12:3C,ALL,udp:4700,192.168.3.1*,2,230,1,83,1,147
44:3D:54:BE:12:3C,ALL,udp:4700,192.168.3.105*,2,230,1,147,1,83
44:3D:54:BE:12:3C,ALL,udp:29826,192.168.3.1*,2,242,1,89,1,153
44:3D:54:BE:12:3C,ALL,udp:29826,192.168.3.105*,2,242,1,153,1,89
44:3D:54:BE:12:3C,ALL,udp:3136,192.168.3.1*,2,253,1,79,1,174
44:3D:54:BE:12:3C,ALL,udp:3136,192.168.3.105*,2,253,1,174,1,79
44:3D:54:BE:12:3C,ALL,udp:49479,192.168.3.1*,2,242,1,89,1,153
44:3D:54:BE:12:3C,ALL,udp:49479,192.168.3.105*,2,242,1,153,1,89
44:3D:54:BE:12:3C,ALL,udp:42239,192.168.3.1*,2,253,1,79,1,174
44:3D:54:BE:12:3C,ALL,udp:42239,192.168.3.105*,2,253,1,174,1,79
44:3D:54:BE:12:3C,ALL,udp:35385,192.168.3.1*,2,253,1,79,1,174
44:3D:54:BE:12:3C,ALL,udp:35385,192.168.3.105*,2,253,1,174,1,79
44:3D:54:BE:12:3C,ALL,udp:65330,192.168.3.1*,2,170,1,77,1,93
44:3D:54:BE:12:3C,ALL,udp:65330,192.168.3.105*,2,170,1,93,1,77
44:3D:54:BE:12:3C,ALL,udp:8632,192.168.3.1*,2,228,1,90,1,138
44:3D:54:BE:12:3C,ALL,udp:8632,192.168.3.105*,2,228,1,138,1,90
44:3D:54:BE:12:3C,ALL,udp:1037,192.168.3.1*,2,242,1,89,1,153
44:3D:54:BE:12:3C,ALL,udp:1037,192.168.3.105*,2,242,1,153,1,89
44:3D:54:BE:12:3C,ALL,udp:62529,192.168.3.1*,2,242,1,89,1,153
44:3D:54:BE:12:3C,ALL,udp:62529,192.168.3.105*,2,242,1,153,1,89
44:3D:54:BE:12:3C,ALL,udp:52489,192.168.3.1*,2,164,1,74,1,90
44:3D:54:BE:12:3C,ALL,udp:52489,192.168.3.105*,2,164,1,90,1,74
44:3D:54:BE:12:3C,ALL,udp:3530,192.168.3.1*,2,242,1,89,1,153
44:3D:54:BE:12:3C,ALL,udp:3530,192.168.3.105*,2,242,1,153,1,89
44:3D:54:BE:12:3C,ALL,udp:2840,192.168.3.1*,2,253,1,79,1,174
44:3D:54:BE:12:3C,ALL,udp:2840,192.168.3.105*,2,253,1,174,1,79
44:3D:54:BE:12:3C,ALL,udp:24879,192.168.3.1*,2,170,1,77,1,93
44:3D:54:BE:12:3C,ALL,udp:24879,192.168.3.105*,2,170,1,93,1,77
44:3D:54:BE:12:3C,ALL,udp:59230,192.168.3.1*,2,253,1,79,1,174
44:3D:54:BE:12:3C,ALL,udp:59230,192.168.3.105*,2,253,1,174,1,79
44:3D:54:BE:12:3C,ALL,udp:41517,192.168.3.1*,2,242,1,89,1,153
44:3D:54:BE:12:3C,ALL,udp:41517,192.168.3.105*,2,242,1,153,1,89
44:3D:54:BE:12:3C,ALL,udp:30078,192.168.3.1*,2,253,1,79,1,174
44:3D:54:BE:12:3C,ALL,udp:30078,192.168.3.105*,2,253,1,174,1,79
44:3D:54:BE:12:3C,ALL,udp:29724,192.168.3.1*,2,230,1,83,1,147
44:3D:54:BE:12:3C,ALL,udp:29724,192.168.3.105*,2,230,1,147,1,83
44:3D:54:BE:12:3C,ALL,udp:31756,192.168.3.1*,2,368,1,120,1,248
44:3D:54:BE:12:3C,ALL,udp:31756,192.168.3.105*,2,368,1,248,1,120
44:3D:54:BE:12:3C,ALL,udp:1224,192.168.3.1*,2,242,1,89,1,153
44:3D:54:BE:12:3C,ALL,udp:1224,192.168.3.105*,2,242,1,153,1,89
44:3D:54:BE:12:3C,ALL,udp:59324,192.168.3.1*,2,242,1,89,1,153
44:3D:54:BE:12:3C,ALL,udp:59324,192.168.3.105*,2,242,1,153,1,89
44:3D:54:BE:12:3C,ALL,udp:51127,192.168.3.1*,2,253,1,79,1,174
44:3D:54:BE:12:3C,ALL,udp:51127,192.168.3.105*,2,253,1,174,1,79
44:3D:54:BE:12:3C,ALL,udp:1547,192.168.3.1*,2,253,1,79,1,174
44:3D:54:BE:12:3C,ALL,udp:1547,192.168.3.105*,2,253,1,174,1,79
44:3D:54:BE:12:3C,ALL,udp:51442,192.168.3.1*,2,170,1,77,1,93
44:3D:54:BE:12:3C,ALL,udp:51442,192.168.3.105*,2,170,1,93,1,77
44:3D:54:BE:12:3C,ALL,udp:60893,192.168.3.1*,2,253,1,79,1,174
44:3D:54:BE:12:3C,ALL,udp:60893,192.168.3.105*,2,253,1,174,1,79
44:3D:54:BE:12:3C,ALL,udp:10281,192.168.3.1*,2,242,1,89,1,153
44:3D:54:BE:12:3C,ALL,udp:10281,192.168.3.105*,2,242,1,153,1,89
44:3D:54:BE:12:3C,ALL,udp:48584,192.168.3.1*,2,253,1,79,1,174
44:3D:54:BE:12:3C,ALL,udp:48584,192.168.3.105*,2,253,1,174,1,79
44:3D:54:BE:12:3C,ALL,udp:64771,192.168.3.1*,2,242,1,89,1,153
44:3D:54:BE:12:3C,ALL,udp:64771,192.168.3.105*,2,242,1,153,1,89
44:3D:54:BE:12:3C,ALL,udp:8107,192.168.3.1*,2,253,1,79,1,174
44:3D:54:BE:12:3C,ALL,udp:8107,192.168.3.105*,2,253,1,174,1,79
44:3D:54:BE:12:3C,ALL,udp:16286,192.168.3.1*,2,164,1,74,1,90
44:3D:54:BE:12:3C,ALL,udp:16286,192.168.3.105*,2,164,1,90,1,74
44:3D:54:BE:12:3C,ALL,udp:37004,192.168.3.1*,2,253,1,79,1,174
44:3D:54:BE:12:3C,ALL,udp:37004,192.168.3.105*,2,253,1,174,1,79
44:3D:54:BE:12:3C,ALL,udp:56151,192.168.3.1*,2,242,1,89,1,153
44:3D:54:BE:12:3C,ALL,udp:56151,192.168.3.105*,2,242,1,153,1,89
44:3D:54:BE:12:3C,ALL,udp:43720,192.168.3.1*,2,170,1,77,1,93
44:3D:54:BE:12:3C,ALL,udp:43720,192.168.3.105*,2,170,1,93,1,77
44:3D:54:BE:12:3C,ALL,udp:2296,192.168.3.1*,2,253,1,79,1,174
44:3D:54:BE:12:3C,ALL,udp:2296,192.168.3.105*,2,253,1,174,1,79
44:3D:54:BE:12:3C,ALL,udp:21764,192.168.3.1*,2,242,1,89,1,153
44:3D:54:BE:12:3C,ALL,udp:21764,192.168.3.105*,2,242,1,153,1,89
44:3D:54:BE:12:3C,ALL,udp:1783,192.168.3.1*,2,368,1,120,1,248
44:3D:54:BE:12:3C,ALL,udp:1783,192.168.3.105*,2,368,1,248,1,120
44:3D:54:BE:12:3C,ALL,udp:53847,192.168.3.1*,2,242,1,89,1,153
44:3D:54:BE:12:3C,ALL,udp:53847,192.168.3.105*,2,242,1,153,1,89
44:3D:54:BE:12:3C,ALL,udp:18986,192.168.3.1*,2,253,1,79,1,174
44:3D:54:BE:12:3C,ALL,udp:18986,192.168.3.105*,2,253,1,174,1,79
44:3D:54:BE:12:3C,ALL,udp:5531,192.168.3.1*,2,242,1,89,1,153
44:3D:54:BE:12:3C,ALL,udp:5531,192.168.3.105*,2,242,1,153,1,89
44:3D:54:BE:12:3C,ALL,udp:21033,192.168.3.1*,2,170,1,77,1,93
44:3D:54:BE:12:3C,ALL,udp:21033,192.168.3.105*,2,170,1,93,1,77
44:3D:54:BE:12:3C,ALL,udp:16589,192.168.3.1*,2,228,1,90,1,138
44:3D:54:BE:12:3C,ALL,udp:16589,192.168.3.105*,2,228,1,138,1,90
44:3D:54:BE:12:3C,ALL,udp:48867,192.168.3.1*,2,253,1,79,1,174
44:3D:54:BE:12:3C,ALL,udp:48867,192.168.3.105*,2,253,1,174,1,79
44:3D:54:BE:12:3C,ALL,udp:58772,192.168.3.1*,2,242,1,89,1,153
44:3D:54:BE:12:3C,ALL,udp:58772,192.168.3.105*,2,242,1,153,1,89
44:3D:54:BE:12:3C,ALL,udp:57378,192.168.3.1*,2,253,1,79,1,174
44:3D:54:BE:12:3C,ALL,udp:57378,192.168.3.105*,2,253,1,174,1,79
44:3D:54:BE:12:3C,ALL,udp:8134,192.168.3.1*,2,253,1,79,1,174
44:3D:54:BE:12:3C,ALL,udp:8134,192.168.3.105*,2,253,1,174,1,79
44:3D:54:BE:12:3C,ALL,udp:6118,192.168.3.1*,2,242,1,89,1,153
44:3D:54:BE:12:3C,ALL,udp:6118,192.168.3.105*,2,242,1,153,1,89
44:3D:54:BE:12:3C,ALL,udp:48437,192.168.3.1*,2,164,1,74,1,90
44:3D:54:BE:12:3C,ALL,udp:48437,192.168.3.105*,2,164,1,90,1,74
44:3D:54:BE:12:3C,ALL,udp:34763,192.168.3.1*,2,253,1,79,1,174
44:3D:54:BE:12:3C,ALL,udp:34763,192.168.3.105*,2,253,1,174,1,79
44:3D:54:BE:12:3C,ALL,udp:26173,192.168.3.1*,2,242,1,89,1,153
44:3D:54:BE:12:3C,ALL,udp:26173,192.168.3.105*,2,242,1,153,1,89
44:3D:54:BE:12:3C,ALL,udp:26721,192.168.3.1*,2,164,1,74,1,90
44:3D:54:BE:12:3C,ALL,udp:26721,192.168.3.105*,2,164,1,90,1,74
44:3D:54:BE:12:3C,ALL,udp:9654,192.168.3.1*,2,170,1,77,1,93
44:3D:54:BE:12:3C,ALL,udp:9654,192.168.3.105*,2,170,1,93,1,77
44:3D:54:BE:12:3C,ALL,udp:53947,192.168.3.1*,2,242,1,89,1,153
44:3D:54:BE:12:3C,ALL,udp:53947,192.168.3.105*,2,242,1,153,1,89
44:3D:54:BE:12:3C,ALL,udp:36390,192.168.3.1*,2,253,1,79,1,174
44:3D:54:BE:12:3C,ALL,udp:36390,192.168.3.105*,2,253,1,174,1,79
44:3D:54:BE:12:3C,ALL,udp:12806,192.168.3.1*,2,368,1,120,1,248
44:3D:54:BE:12:3C,ALL,udp:12806,192.168.3.105*,2,368,1,248,1,120
44:3D:54:BE:12:3C,ALL,udp:23225,192.168.3.1*,2,242,1,89,1,153
44:3D:54:BE:12:3C,ALL,udp:23225,192.168.3.105*,2,242,1,153,1,89
44:3D:54:BE:12:3C,ALL,udp:30477,192.168.3.1*,2,253,1,79,1,174
44:3D:54:BE:12:3C,ALL,udp:30477,192.168.3.105*,2,253,1,174,1,79
44:3D:54:BE:12:3C,ALL,udp:42386,192.168.3.1*,2,253,1,79,1,174
44:3D:54:BE:12:3C,ALL,udp:42386,192.168.3.105*,2,253,1,174,1,79
44:3D:54:BE:12:3C,ALL,udp:34283,192.168.3.1*,2,242,1,89,1,153
44:3D:54:BE:12:3C,ALL,udp:34283,192.168.3.105*,2,242,1,153,1,89
44:3D:54:BE:12:3C,ALL,udp:4737,192.168.3.1*,2,228,1,90,1,138
44:3D:54:BE:12:3C,ALL,udp:4737,192.168.3.105*,2,228,1,138,1,90
44:3D:54:BE:12:3C,ALL,udp:31233,192.168.3.1*,2,170,1,77,1,93
44:3D:54:BE:12:3C,ALL,udp:31233,192.168.3.105*,2,170,1,93,1,77
44:3D:54:BE:12:3C,ALL,udp:50526,192.168.3.1*,2,242,1,89,1,153
44:3D:54:BE:12:3C,ALL,udp:50526,192.168.3.105*,2,242,1,153,1,89
44:3D:54:BE:12:3C,ALL,udp:62736,192.168.3.1*,2,253,1,79,1,174
44:3D:54:BE:12:3C,ALL,udp:62736,192.168.3.105*,2,253,1,174,1,79
44:3D:54:BE:12:3C,ALL,udp:2165,192.168.3.1*,2,210,1,86,1,124
44:3D:54:BE:12:3C,ALL,udp:2165,192.168.3.105*,2,210,1,124,1,86
44:3D:54:BE:12:3C,ALL,udp:51038,192.168.3.1*,2,253,1,79,1,174
44:3D:54:BE:12:3C,ALL,udp:51038,192.168.3.105*,2,253,1,174,1,79
44:3D:54:BE:12:3C,ALL,udp:6734,192.168.3.1*,2,242,1,89,1,153
44:3D:54:BE:12:3C,ALL,udp:6734,192.168.3.105*,2,242,1,153,1,89
44:3D:54:BE:12:3C,ALL,udp:8965,192.168.3.1*,2,170,1,77,1,93
44:3D:54:BE:12:3C,ALL,udp:8965,192.168.3.105*,2,170,1,93,1,77
44:3D:54:BE:12:3C,ALL,udp:5816,192.168.3.1*,2,253,1,79,1,174
44:3D:54:BE:12:3C,ALL,udp:5816,192.168.3.105*,2,253,1,174,1,79
44:3D:54:BE:12:3C,ALL,udp:27756,192.168.3.1*,2,253,1,79,1,174
44:3D:54:BE:12:3C,ALL,udp:27756,192.168.3.105*,2,253,1,174,1,79
44:3D:54:BE:12:3C,ALL,udp:62853,192.168.3.1*,2,253,1,79,1,174
44:3D:54:BE:12:3C,ALL,udp:62853,192.168.3.105*,2,253,1,174,1,79
44:3D:54:BE:12:3C,ALL,udp:49437,192.168.3.1*,2,242,1,89,1,153
44:3D:54:BE:12:3C,ALL,udp:49437,192.168.3.105*,2,242,1,153,1,89
44:3D:54:BE:12:3C,ALL,udp:23120,192.168.3.1*,2,253,1,79,1,174
44:3D:54:BE:12:3C,ALL,udp:23120,192.168.3.105*,2,253,1,174,1,79
44:3D:54:BE:12:3C,ALL,udp:26249,192.168.3.1*,2,368,1,120,1,248
44:3D:54:BE:12:3C,ALL,udp:26249,192.168.3.105*,2,368,1,248,1,120
44:3D:54:BE:12:3C,ALL,udp:15518,192.168.3.1*,2,242,1,89,1,153
44:3D:54:BE:12:3C,ALL,udp:15518,192.168.3.105*,2,242,1,153,1,89
44:3D:54:BE:12:3C,ALL,udp:59556,192.168.3.1*,2,253,1,79,1,174
44:3D:54:BE:12:3C,ALL,udp:59556,192.168.3.105*,2,253,1,174,1,79
44:3D:54:BE:12:3C,ALL,udp:54151,192.168.3.1*,2,242,1,89,1,153
44:3D:54:BE:12:3C,ALL,udp:54151,192.168.3.105*,2,242,1,153,1,89
44:3D:54:BE:12:3C,ALL,udp:61095,192.168.3.1*,2,228,1,90,1,138
44:3D:54:BE:12:3C,ALL,udp:61095,192.168.3.105*,2,228,1,138,1,90
44:3D:54:BE:12:3C,ALL,udp:35023,192.168.3.1*,2,170,1,77,1,93
44:3D:54:BE:12:3C,ALL,udp:35023,192.168.3.105*,2,170,1,93,1,77
44:3D:54:BE:12:3C,ALL,udp:10061,192.168.3.1*,2,253,1,79,1,174
44:3D:54:BE:12:3C,ALL,udp:10061,192.168.3.105*,2,253,1,174,1,79
44:3D:54:BE:12:3C,ALL,udp:7965,192.168.3.1*,2,242,1,89,1,153
44:3D:54:BE:12:3C,ALL,udp:7965,192.168.3.105*,2,242,1,153,1,89
44:3D:54:BE:12:3C,ALL,udp:49162,192.168.3.1*,2,253,1,79,1,174
44:3D:54:BE:12:3C,ALL,udp:49162,192.168.3.105*,2,253,1,174,1,79
44:3D:54:BE:12:3C,ALL,udp:37175,192.168.3.1*,2,164,1,74,1,90
44:3D:54:BE:12:3C,ALL,udp:37175,192.168.3.105*,2,164,1,90,1,74
44:3D:54:BE:12:3C,ALL,udp:46695,192.168.3.1*,2,242,1,89,1,153
44:3D:54:BE:12:3C,ALL,udp:46695,192.168.3.105*,2,242,1,153,1,89
44:3D:54:BE:12:3C,ALL,udp:20740,192.168.3.1*,2,242,1,89,1,153
44:3D:54:BE:12:3C,ALL,udp:20740,192.168.3.105*,2,242,1,153,1,89
44:3D:54:BE:12:3C,ALL,udp:10798,192.168.3.1*,2,170,1,77,1,93
44:3D:54:BE:12:3C,ALL,udp:10798,192.168.3.105*,2,170,1,93,1,77
44:3D:54:BE:12:3C,ALL,udp:14065,192.168.3.1*,2,253,1,79,1,174
44:3D:54:BE:12:3C,ALL,udp:14065,192.168.3.105*,2,253,1,174,1,79
44:3D:54:BE:12:3C,ALL,udp:58658,192.168.3.1*,2,242,1,89,1,153
44:3D:54:BE:12:3C,ALL,udp:58658,192.168.3.105*,2,242,1,153,1,89
44:3D:54:BE:12:3C,ALL,udp:37301,192.168.3.1*,2,253,1,79,1,174
44:3D:54:BE:12:3C,ALL,udp:37301,192.168.3.105*,2,253,1,174,1,79
44:3D:54:BE:12:3C,ALL,udp:46687,192.168.3.1*,2,382,1,102,1,280
44:3D:54:BE:12:3C,ALL,udp:46687,192.168.3.105*,2,382,1,280,1,102
44:3D:54:BE:12:3C,ALL,udp:26973,192.168.3.1*,2,368,1,120,1,248
44:3D:54:BE:12:3C,ALL,udp:26973,192.168.3.105*,2,368,1,248,1,120
44:3D:54:BE:12:3C,ALL,udp:17103,192.168.3.1*,2,242,1,89,1,153
44:3D:54:BE:12:3C,ALL,udp:17103,192.168.3.105*,2,242,1,153,1,89
44:3D:54:BE:12:3C,ALL,udp:60200,192.168.3.1*,2,228,1,90,1,138
44:3D:54:BE:12:3C,ALL,udp:60200,192.168.3.105*,2,228,1,138,1,90
44:3D:54:BE:12:3C,ALL,udp:64943,192.168.3.1*,2,242,1,89,1,153
44:3D:54:BE:12:3C,ALL,udp:64943,192.168.3.105*,2,242,1,153,1,89
44:3D:54:BE:12:3C,ALL,udp:43584,192.168.3.1*,2,170,1,77,1,93
44:3D:54:BE:12:3C,ALL,udp:43584,192.168.3.105*,2,170,1,93,1,77
44:3D:54:BE:12:3C,ALL,udp:26743,192.168.3.1*,2,253,1,79,1,174
44:3D:54:BE:12:3C,ALL,udp:26743,192.168.3.105*,2,253,1,174,1,79
44:3D:54:BE:12:3C,ALL,udp:12124,192.168.3.1*,2,253,1,79,1,174
44:3D:54:BE:12:3C,ALL,udp:12124,192.168.3.105*,2,253,1,174,1,79
44:3D:54:BE:12:3C,ALL,udp:28251,192.168.3.1*,2,242,1,89,1,153
44:3D:54:BE:12:3C,ALL,udp:28251,192.168.3.105*,2,242,1,153,1,89
44:3D:54:BE:12:3C,ALL,udp:41460,192.168.3.1*,2,253,1,79,1,174
44:3D:54:BE:12:3C,ALL,udp:41460,192.168.3.105*,2,253,1,174,1,79
44:3D:54:BE:12:3C,ALL,udp:53035,192.168.3.1*,2,253,1,79,1,174
44:3D:54:BE:12:3C,ALL,udp:53035,192.168.3.105*,2,253,1,174,1,79
44:3D:54:BE:12:3C,ALL,udp:38658,192.168.3.1*,2,242,1,89,1,153
44:3D:54:BE:12:3C,ALL,udp:38658,192.168.3.105*,2,242,1,153,1,89
44:3D:54:BE:12:3C,ALL,udp:23401,192.168.3.1*,2,242,1,89,1,153
44:3D:54:BE:12:3C,ALL,udp:23401,192.168.3.105*,2,242,1,153,1,89
44:3D:54:BE:12:3C,ALL,udp:24897,192.168.3.1*,2,170,1,77,1,93
44:3D:54:BE:12:3C,ALL,udp:24897,192.168.3.105*,2,170,1,93,1,77
44:3D:54:BE:12:3C,ALL,udp:31196,192.168.3.1*,2,253,1,79,1,174
44:3D:54:BE:12:3C,ALL,udp:31196,192.168.3.105*,2,253,1,174,1,79
44:3D:54:BE:12:3C,ALL,udp:34853,192.168.3.1*,2,253,1,79,1,174
44:3D:54:BE:12:3C,ALL,udp:34853,192.168.3.105*,2,253,1,174,1,79
44:3D:54:BE:12:3C,ALL,udp:64295,192.168.3.1*,2,242,1,89,1,153
44:3D:54:BE:12:3C,ALL,udp:64295,192.168.3.105*,2,242,1,153,1,89
44:3D:54:BE:12:3C,ALL,udp:19593,192.168.3.1*,2,253,1,79,1,174
44:3D:54:BE:12:3C,ALL,udp:19593,192.168.3.105*,2,253,1,174,1,79
44:3D:54:BE:12:3C,ALL,udp:1497,192.168.3.1*,2,368,1,120,1,248
44:3D:54:BE:12:3C,ALL,udp:1497,192.168.3.105*,2,368,1,248,1,120
44:3D:54:BE:12:3C,ALL,udp:47130,192.168.3.1*,2,228,1,90,1,138
44:3D:54:BE:12:3C,ALL,udp:47130,192.168.3.105*,2,228,1,138,1,90
44:3D:54:BE:12:3C,ALL,udp:45013,192.168.3.1*,2,242,1,89,1,153
44:3D:54:BE:12:3C,ALL,udp:45013,192.168.3.105*,2,242,1,153,1,89
44:3D:54:BE:12:3C,ALL,udp:36933,192.168.3.1*,2,253,1,79,1,174
44:3D:54:BE:12:3C,ALL,udp:36933,192.168.3.105*,2,253,1,174,1,79
44:3D:54:BE:12:3C,ALL,udp:37363,192.168.3.1*,2,253,1,79,1,174
44:3D:54:BE:12:3C,ALL,udp:37363,192.168.3.105*,2,253,1,174,1,79
44:3D:54:BE:12:3C,ALL,udp:32398,192.168.3.1*,2,170,1,77,1,93
44:3D:54:BE:12:3C,ALL,udp:32398,192.168.3.105*,2,170,1,93,1,77
44:3D:54:BE:12:3C,ALL,udp:59266,192.168.3.1*,2,242,1,89,1,153
44:3D:54:BE:12:3C,ALL,udp:59266,192.168.3.105*,2,242,1,153,1,89
44:3D:54:BE:12:3C,ALL,udp:57406,192.168.3.1*,2,164,1,74,1,90
44:3D:54:BE:12:3C,ALL,udp:57406,192.168.3.105*,2,164,1,90,1,74
44:3D:54:BE:12:3C,ALL,udp:21669,192.168.3.1*,2,242,1,89,1,153
44:3D:54:BE:12:3C,ALL,udp:21669,192.168.3.105*,2,242,1,153,1,89
44:3D:54:BE:12:3C,ALL,udp:52763,192.168.3.1*,2,242,1,89,1,153
44:3D:54:BE:12:3C,ALL,udp:52763,192.168.3.105*,2,242,1,153,1,89
44:3D:54:BE:12:3C,ALL,udp:43534,192.168.3.1*,2,170,1,77,1,93
44:3D:54:BE:12:3C,ALL,udp:43534,192.168.3.105*,2,170,1,93,1,77
44:3D:54:BE:12:3C,ALL,udp:9643,192.168.3.1*,2,253,1,79,1,174
44:3D:54:BE:12:3C,ALL,udp:9643,192.168.3.105*,2,253,1,174,1,79
44:3D:54:BE:12:3C,ALL,udp:12793,192.168.3.1*,2,242,1,89,1,153
44:3D:54:BE:12:3C,ALL,udp:12793,192.168.3.105*,2,242,1,153,1,89
44:3D:54:BE:12:3C,ALL,udp:28032,192.168.3.1*,2,253,1,79,1,174
44:3D:54:BE:12:3C,ALL,udp:28032,192.168.3.105*,2,253,1,174,1,79
44:3D:54:BE:12:3C,ALL,udp:41567,192.168.3.1*,2,368,1,120,1,248
44:3D:54:BE:12:3C,ALL,udp:41567,192.168.3.105*,2,368,1,248,1,120
44:3D:54:BE:12:3C,ALL,udp:42849,192.168.3.1*,2,253,1,79,1,174
44:3D:54:BE:12:3C,ALL,udp:42849,192.168.3.105*,2,253,1,174,1,79
44:3D:54:BE:12:3C,ALL,udp:8109,192.168.3.1*,2,228,1,90,1,138
44:3D:54:BE:12:3C,ALL,udp:8109,192.168.3.105*,2,228,1,138,1,90
44:3D:54:BE:12:3C,ALL,udp:8482,192.168.3.1*,2,253,1,79,1,174
44:3D:54:BE:12:3C,ALL,udp:8482,192.168.3.105*,2,253,1,174,1,79
44:3D:54:BE:12:3C,ALL,udp:20088,192.168.3.1*,2,242,1,89,1,153
44:3D:54:BE:12:3C,ALL,udp:20088,192.168.3.105*,2,242,1,153,1,89
44:3D:54:BE:12:3C,ALL,udp:58877,192.168.3.1*,2,253,1,79,1,174
44:3D:54:BE:12:3C,ALL,udp:58877,192.168.3.105*,2,253,1,174,1,79
44:3D:54:BE:12:3C,ALL,udp:64196,192.168.3.1*,2,253,1,79,1,174
44:3D:54:BE:12:3C,ALL,udp:64196,192.168.3.105*,2,253,1,174,1,79
44:3D:54:BE:12:3C,ALL,udp:7744,192.168.3.1*,2,242,1,89,1,153
44:3D:54:BE:12:3C,ALL,udp:7744,192.168.3.105*,2,242,1,153,1,89
44:3D:54:BE:12:3C,ALL,udp:40721,192.168.3.1*,2,242,1,89,1,153
44:3D:54:BE:12:3C,ALL,udp:40721,192.168.3.105*,2,242,1,153,1,89
44:3D:54:BE:12:3C,ALL,udp:43285,192.168.3.1*,2,253,1,79,1,174
44:3D:54:BE:12:3C,ALL,udp:43285,192.168.3.105*,2,253,1,174,1,79
44:3D:54:BE:12:3C,ALL,udp:21043,192.168.3.1*,2,242,1,89,1,153
44:3D:54:BE:12:3C,ALL,udp:21043,192.168.3.105*,2,242,1,153,1,89
44:3D:54:BE:12:3C,ALL,udp:28276,192.168.3.1*,2,170,1,77,1,93
44:3D:54:BE:12:3C,ALL,udp:28276,192.168.3.105*,2,170,1,93,1,77
44:3D:54:BE:12:3C,ALL,udp:41748,192.168.3.1*,2,253,1,79,1,174
44:3D:54:BE:12:3C,ALL,udp:41748,192.168.3.105*,2,253,1,174,1,79
44:3D:54:BE:12:3C,ALL,udp:39662,192.168.3.1*,2,242,1,89,1,153
44:3D:54:BE:12:3C,ALL,udp:39662,192.168.3.105*,2,242,1,153,1,89
44:3D:54:BE:12:3C,ALL,udp:13518,192.168.3.1*,2,368,1,120,1,248
44:3D:54:BE:12:3C,ALL,udp:13518,192.168.3.105*,2,368,1,248,1,120
44:3D:54:BE:12:3C,ALL,udp:6386,192.168.3.1*,2,242,1,89,1,153
44:3D:54:BE:12:3C,ALL,udp:6386,192.168.3.105*,2,242,1,153,1,89
44:3D:54:BE:12:3C,ALL,udp:11476,192.168.3.1*,2,228,1,90,1,138
44:3D:54:BE:12:3C,ALL,udp:11476,192.168.3.105*,2,228,1,138,1,90
44:3D:54:BE:12:3C,ALL,udp:40161,192.168.3.1*,2,242,1,89,1,153
44:3D:54:BE:12:3C,ALL,udp:40161,192.168.3.105*,2,242,1,153,1,89
44:3D:54:BE:12:3C,ALL,udp:62322,192.168.3.1*,2,170,1,77,1,93
44:3D:54:BE:12:3C,ALL,udp:62322,192.168.3.105*,2,170,1,93,1,77
44:3D:54:BE:12:3C,ALL,udp:24500,192.168.3.1*,2,242,1,89,1,153
44:3D:54:BE:12:3C,ALL,udp:24500,192.168.3.105*,2,242,1,153,1,89
44:3D:54:BE:12:3C,ALL,udp:18790,192.168.3.1*,2,253,1,79,1,174
44:3D:54:BE:12:3C,ALL,udp:18790,192.168.3.105*,2,253,1,174,1,79
44:3D:54:BE:12:3C,ALL,udp:1941,192.168.3.1*,2,164,1,74,1,90
44:3D:54:BE:12:3C,ALL,udp:1941,192.168.3.105*,2,164,1,90,1,74
44:3D:54:BE:12:3C,ALL,udp:16069,192.168.3.1*,2,253,1,79,1,174
44:3D:54:BE:12:3C,ALL,udp:16069,192.168.3.105*,2,253,1,174,1,79
44:3D:54:BE:12:3C,ALL,udp:41977,192.168.3.1*,2,253,1,79,1,174
44:3D:54:BE:12:3C,ALL,udp:41977,192.168.3.105*,2,253,1,174,1,79
44:3D:54:BE:12:3C,ALL,udp:61000,192.168.3.1*,2,242,1,89,1,153
44:3D:54:BE:12:3C,ALL,udp:61000,192.168.3.105*,2,242,1,153,1,89
44:3D:54:BE:12:3C,ALL,udp:20838,192.168.3.1*,2,242,1,89,1,153
44:3D:54:BE:12:3C,ALL,udp:20838,192.168.3.105*,2,242,1,153,1,89
44:3D:54:BE:12:3C,ALL,udp:62078,192.168.3.1*,2,170,1,77,1,93
44:3D:54:BE:12:3C,ALL,udp:62078,192.168.3.105*,2,170,1,93,1,77
44:3D:54:BE:12:3C,ALL,udp:42840,192.168.3.1*,2,253,1,79,1,174
44:3D:54:BE:12:3C,ALL,udp:42840,192.168.3.105*,2,253,1,174,1,79
44:3D:54:BE:12:3C,ALL,udp:49255,192.168.3.1*,2,253,1,79,1,174
44:3D:54:BE:12:3C,ALL,udp:49255,192.168.3.105*,2,253,1,174,1,79
44:3D:54:BE:12:3C,ALL,udp:8328,192.168.3.1*,2,242,1,89,1,153
44:3D:54:BE:12:3C,ALL,udp:8328,192.168.3.105*,2,242,1,153,1,89
44:3D:54:BE:12:3C,ALL,udp:19011,192.168.3.1*,2,253,1,79,1,174
44:3D:54:BE:12:3C,ALL,udp:19011,192.168.3.105*,2,253,1,174,1,79
44:3D:54:BE:12:3C,ALL,udp:38398,192.168.3.1*,2,368,1,120,1,248
44:3D:54:BE:12:3C,ALL,udp:38398,192.168.3.105*,2,368,1,248,1,120
44:3D:54:BE:12:3C,ALL,udp:62503,192.168.3.1*,2,242,1,89,1,153
44:3D:54:BE:12:3C,ALL,udp:62503,192.168.3.105*,2,242,1,153,1,89
44:3D:54:BE:12:3C,ALL,udp:57156,192.168.3.1*,2,228,1,90,1,138
44:3D:54:BE:12:3C,ALL,udp:57156,192.168.3.105*,2,228,1,138,1,90
44:3D:54:BE:12:3C,ALL,udp:15433,192.168.3.1*,2,242,1,89,1,153
44:3D:54:BE:12:3C,ALL,udp:15433,192.168.3.105*,2,242,1,153,1,89
44:3D:54:BE:12:3C,ALL,udp:25705,192.168.3.1*,2,253,1,79,1,174
44:3D:54:BE:12:3C,ALL,udp:25705,192.168.3.105*,2,253,1,174,1,79
44:3D:54:BE:12:3C,ALL,udp:41614,192.168.3.1*,2,242,1,89,1,153
44:3D:54:BE:12:3C,ALL,udp:41614,192.168.3.105*,2,242,1,153,1,89
44:3D:54:BE:12:3C,ALL,udp:64491,192.168.3.1*,2,253,1,79,1,174
44:3D:54:BE:12:3C,ALL,udp:64491,192.168.3.105*,2,253,1,174,1,79
44:3D:54:BE:12:3C,ALL,udp:46552,192.168.3.1*,2,253,1,79,1,174
44:3D:54:BE:12:3C,ALL,udp:46552,192.168.3.105*,2,253,1,174,1,79
44:3D:54:BE:12:3C,ALL,udp:6943,192.168.3.1*,2,242,1,89,1,153
44:3D:54:BE:12:3C,ALL,udp:6943,192.168.3.105*,2,242,1,153,1,89
44:3D:54:BE:12:3C,ALL,udp:54680,192.168.3.1*,2,253,1,79,1,174
44:3D:54:BE:12:3C,ALL,udp:54680,192.168.3.105*,2,253,1,174,1,79
44:3D:54:BE:12:3C,ALL,udp:54715,192.168.3.1*,2,242,1,89,1,153
44:3D:54:BE:12:3C,ALL,udp:54715,192.168.3.105*,2,242,1,153,1,89
44:3D:54:BE:12:3C,ALL,udp:20307,192.168.3.1*,2,170,1,77,1,93
44:3D:54:BE:12:3C,ALL,udp:20307,192.168.3.105*,2,170,1,93,1,77
44:3D:54:BE:12:3C,ALL,udp:46646,192.168.3.1*,2,253,1,79,1,174
44:3D:54:BE:12:3C,ALL,udp:46646,192.168.3.105*,2,253,1,174,1,79
44:3D:54:BE:12:3C,ALL,udp:42651,192.168.3.1*,2,242,1,89,1,153
44:3D:54:BE:12:3C,ALL,udp:42651,192.168.3.105*,2,242,1,153,1,89
44:3D:54:BE:12:3C,ALL,udp:50150,192.168.3.1*,2,253,1,79,1,174
44:3D:54:BE:12:3C,ALL,udp:50150,192.168.3.105*,2,253,1,174,1,79
44:3D:54:BE:12:3C,ALL,udp:53449,192.168.3.1*,2,253,1,79,1,174
44:3D:54:BE:12:3C,ALL,udp:53449,192.168.3.105*,2,253,1,174,1,79
44:3D:54:BE:12:3C,ALL,udp:28329,192.168.3.1*,2,368,1,120,1,248
44:3D:54:BE:12:3C,ALL,udp:28329,192.168.3.105*,2,368,1,248,1,120
44:3D:54:BE:12:3C,ALL,udp:19328,192.168.3.1*,2,253,1,79,1,174
44:3D:54:BE:12:3C,ALL,udp:19328,192.168.3.105*,2,253,1,174,1,79
44:3D:54:BE:12:3C,ALL,udp:14718,192.168.3.1*,2,228,1,90,1,138
44:3D:54:BE:12:3C,ALL,udp:14718,192.168.3.105*,2,228,1,138,1,90
44:3D:54:BE:12:3C,ALL,udp:25861,192.168.3.1*,2,242,1,89,1,153
44:3D:54:BE:12:3C,ALL,udp:25861,192.168.3.105*,2,242,1,153,1,89
44:3D:54:BE:12:3C,ALL,udp:18928,192.168.3.1*,2,164,1,74,1,90
44:3D:54:BE:12:3C,ALL,udp:18928,192.168.3.105*,2,164,1,90,1,74
44:3D:54:BE:12:3C,ALL,udp:57285,192.168.3.1*,2,242,1,89,1,153
44:3D:54:BE:12:3C,ALL,udp:57285,192.168.3.105*,2,242,1,153,1,89
44:3D:54:BE:12:3C,ALL,udp:36969,192.168.3.1*,2,170,1,77,1,93
44:3D:54:BE:12:3C,ALL,udp:36969,192.168.3.105*,2,170,1,93,1,77
44:3D:54:BE:12:3C,ALL,udp:47563,192.168.3.1*,2,253,1,79,1,174
44:3D:54:BE:12:3C,ALL,udp:47563,192.168.3.105*,2,253,1,174,1,79
44:3D:54:BE:12:3C,ALL,udp:15736,192.168.3.1*,2,164,1,74,1,90
44:3D:54:BE:12:3C,ALL,udp:15736,192.168.3.105*,2,164,1,90,1,74
44:3D:54:BE:12:3C,ALL,udp:28863,192.168.3.1*,2,242,1,89,1,153
44:3D:54:BE:12:3C,ALL,udp:28863,192.168.3.105*,2,242,1,153,1,89
44:3D:54:BE:12:3C,ALL,udp:6716,192.168.3.1*,2,253,1,79,1,174
44:3D:54:BE:12:3C,ALL,udp:6716,192.168.3.105*,2,253,1,174,1,79
44:3D:54:BE:12:3C,ALL,udp:46089,192.168.3.1*,2,242,1,89,1,153
44:3D:54:BE:12:3C,ALL,udp:46089,192.168.3.105*,2,242,1,153,1,89
44:3D:54:BE:12:3C,ALL,udp:8553,192.168.3.1*,2,253,1,79,1,174
44:3D:54:BE:12:3C,ALL,udp:8553,192.168.3.105*,2,253,1,174,1,79
44:3D:54:BE:12:3C,ALL,udp:22356,192.168.3.1*,2,242,1,89,1,153
44:3D:54:BE:12:3C,ALL,udp:22356,192.168.3.105*,2,242,1,153,1,89
44:3D:54:BE:12:3C,ALL,udp:1307,192.168.3.1*,2,253,1,79,1,174
44:3D:54:BE:12:3C,ALL,udp:1307,192.168.3.105*,2,253,1,174,1,79
44:3D:54:BE:12:3C,ALL,udp:59215,192.168.3.1*,2,170,1,77,1,93
44:3D:54:BE:12:3C,ALL,udp:59215,192.168.3.105*,2,170,1,93,1,77
44:3D:54:BE:12:3C,ALL,udp:44790,192.168.3.1*,2,253,1,79,1,174
44:3D:54:BE:12:3C,ALL,udp:44790,192.168.3.105*,2,253,1,174,1,79
44:3D:54:BE:12:3C,ALL,udp:56666,192.168.3.1*,2,253,1,79,1,174
44:3D:54:BE:12:3C,ALL,udp:56666,192.168.3.105*,2,253,1,174,1,79
44:3D:54:BE:12:3C,ALL,udp:15987,192.168.3.1*,2,242,1,89,1,153
44:3D:54:BE:12:3C,ALL,udp:15987,192.168.3.105*,2,242,1,153,1,89
44:3D:54:BE:12:3C,ALL,udp:25535,192.168.3.1*,2,253,1,79,1,174
44:3D:54:BE:12:3C,ALL,udp:25535,192.168.3.105*,2,253,1,174,1,79
44:3D:54:BE:12:3C,ALL,udp:39274,192.168.3.1*,2,228,1,90,1,138
44:3D:54:BE:12:3C,ALL,udp:39274,192.168.3.105*,2,228,1,138,1,90
44:3D:54:BE:12:3C,ALL,udp:59505,192.168.3.1*,2,253,1,79,1,174
44:3D:54:BE:12:3C,ALL,udp:59505,192.168.3.105*,2,253,1,174,1,79
44:3D:54:BE:12:3C,ALL,udp:46681,192.168.3.1*,2,368,1,120,1,248
44:3D:54:BE:12:3C,ALL,udp:46681,192.168.3.105*,2,368,1,248,1,120
44:3D:54:BE:12:3C,ALL,udp:2139,192.168.3.1*,2,242,1,89,1,153
44:3D:54:BE:12:3C,ALL,udp:2139,192.168.3.105*,2,242,1,153,1,89
44:3D:54:BE:12:3C,ALL,udp:26223,192.168.3.1*,2,253,1,79,1,174
44:3D:54:BE:12:3C,ALL,udp:26223,192.168.3.105*,2,253,1,174,1,79
44:3D:54:BE:12:3C,ALL,udp:15207,192.168.3.1*,2,170,1,77,1,93
44:3D:54:BE:12:3C,ALL,udp:15207,192.168.3.105*,2,170,1,93,1,77
44:3D:54:BE:12:3C,ALL,udp:54796,192.168.3.1*,2,253,1,79,1,174
44:3D:54:BE:12:3C,ALL,udp:54796,192.168.3.105*,2,253,1,174,1,79
44:3D:54:BE:12:3C,ALL,udp:58840,192.168.3.1*,2,242,1,89,1,153
44:3D:54:BE:12:3C,ALL,udp:58840,192.168.3.105*,2,242,1,153,1,89
44:3D:54:BE:12:3C,ALL,udp:10947,192.168.3.1*,2,242,1,89,1,153
44:3D:54:BE:12:3C,ALL,udp:10947,192.168.3.105*,2,242,1,153,1,89
44:3D:54:BE:12:3C,ALL,udp:43901,192.168.3.1*,2,242,1,89,1,153
44:3D:54:BE:12:3C,ALL,udp:43901,192.168.3.105*,2,242,1,153,1,89
44:3D:54:BE:12:3C,ALL,udp:48875,192.168.3.1*,2,253,1,79,1,174
44:3D:54:BE:12:3C,ALL,udp:48875,192.168.3.105*,2,253,1,174,1,79
44:3D:54:BE:12:3C,ALL,udp:56840,192.168.3.1*,2,253,1,79,1,174
44:3D:54:BE:12:3C,ALL,udp:56840,192.168.3.105*,2,253,1,174,1,79
44:3D:54:BE:12:3C,ALL,udp:63194,192.168.3.1*,2,170,1,77,1,93
44:3D:54:BE:12:3C,ALL,udp:63194,192.168.3.105*,2,170,1,93,1,77
44:3D:54:BE:12:3C,ALL,udp:27850,192.168.3.1*,2,253,1,79,1,174
44:3D:54:BE:12:3C,ALL,udp:27850,192.168.3.105*,2,253,1,174,1,79
44:3D:54:BE:12:3C,ALL,udp:25428,192.168.3.1*,2,253,1,79,1,174
44:3D:54:BE:12:3C,ALL,udp:25428,192.168.3.105*,2,253,1,174,1,79
44:3D:54:BE:12:3C,ALL,udp:38878,192.168.3.1*,2,253,1,79,1,174
44:3D:54:BE:12:3C,ALL,udp:38878,192.168.3.105*,2,253,1,174,1,79
44:3D:54:BE:12:3C,ALL,udp:48245,192.168.3.1*,2,228,1,90,1,138
44:3D:54:BE:12:3C,ALL,udp:48245,192.168.3.105*,2,228,1,138,1,90
44:3D:54:BE:12:3C,ALL,udp:51341,192.168.3.1*,2,253,1,79,1,174
44:3D:54:BE:12:3C,ALL,udp:51341,192.168.3.105*,2,253,1,174,1,79
44:3D:54:BE:12:3C,ALL,udp:62835,192.168.3.1*,2,368,1,120,1,248
44:3D:54:BE:12:3C,ALL,udp:62835,192.168.3.105*,2,368,1,248,1,120
44:3D:54:BE:12:3C,ALL,udp:41949,192.168.3.1*,2,242,1,89,1,153
44:3D:54:BE:12:3C,ALL,udp:41949,192.168.3.105*,2,242,1,153,1,89
44:3D:54:BE:12:3C,ALL,udp:24634,192.168.3.1*,2,253,1,79,1,174
44:3D:54:BE:12:3C,ALL,udp:24634,192.168.3.105*,2,253,1,174,1,79
44:3D:54:BE:12:3C,ALL,udp:65177,192.168.3.1*,2,242,1,89,1,153
44:3D:54:BE:12:3C,ALL,udp:65177,192.168.3.105*,2,242,1,153,1,89
44:3D:54:BE:12:3C,ALL,udp:63590,192.168.3.1*,2,253,1,79,1,174
44:3D:54:BE:12:3C,ALL,udp:63590,192.168.3.105*,2,253,1,174,1,79
44:3D:54:BE:12:3C,ALL,udp:54200,192.168.3.1*,2,170,1,77,1,93
44:3D:54:BE:12:3C,ALL,udp:54200,192.168.3.105*,2,170,1,93,1,77
44:3D:54:BE:12:3C,ALL,udp:50658,192.168.3.1*,2,164,1,74,1,90
44:3D:54:BE:12:3C,ALL,udp:50658,192.168.3.105*,2,164,1,90,1,74
44:3D:54:BE:12:3C,ALL,udp:22461,192.168.3.1*,2,253,1,79,1,174
44:3D:54:BE:12:3C,ALL,udp:22461,192.168.3.105*,2,253,1,174,1,79
44:3D:54:BE:12:3C,ALL,udp:17930,192.168.3.1*,2,242,1,89,1,153
44:3D:54:BE:12:3C,ALL,udp:17930,192.168.3.105*,2,242,1,153,1,89
44:3D:54:BE:12:3C,ALL,udp:5267,192.168.3.1*,2,253,1,79,1,174
44:3D:54:BE:12:3C,ALL,udp:5267,192.168.3.105*,2,253,1,174,1,79
44:3D:54:BE:12:3C,ALL,udp:62107,192.168.3.1*,2,242,1,89,1,153
44:3D:54:BE:12:3C,ALL,udp:62107,192.168.3.105*,2,242,1,153,1,89
44:3D:54:BE:12:3C,ALL,udp:43474,192.168.3.1*,2,253,1,79,1,174
44:3D:54:BE:12:3C,ALL,udp:43474,192.168.3.105*,2,253,1,174,1,79
44:3D:54:BE:12:3C,ALL,udp:17353,192.168.3.1*,2,253,1,79,1,174
44:3D:54:BE:12:3C,ALL,udp:17353,192.168.3.105*,2,253,1,174,1,79
44:3D:54:BE:12:3C,ALL,udp:17946,192.168.3.1*,2,242,1,89,1,153
44:3D:54:BE:12:3C,ALL,udp:17946,192.168.3.105*,2,242,1,153,1,89
44:3D:54:BE:12:3C,ALL,udp:6003,192.168.3.1*,2,253,1,79,1,174
44:3D:54:BE:12:3C,ALL,udp:6003,192.168.3.105*,2,253,1,174,1,79
44:3D:54:BE:12:3C,ALL,udp:9627,192.168.3.1*,2,170,1,77,1,93
44:3D:54:BE:12:3C,ALL,udp:9627,192.168.3.105*,2,170,1,93,1,77
44:3D:54:BE:12:3C,ALL,udp:49101,192.168.3.1*,2,401,1,86,1,315
44:3D:54:BE:12:3C,ALL,udp:49101,192.168.3.105*,2,401,1,315,1,86
44:3D:54:BE:12:3C,ALL,udp:58213,192.168.3.1*,2,401,1,86,1,315
44:3D:54:BE:12:3C,ALL,udp:58213,192.168.3.105*,2,401,1,315,1,86
44:3D:54:BE:12:3C,ALL,udp:1144,192.168.3.1*,2,242,1,89,1,153
44:3D:54:BE:12:3C,ALL,udp:1144,192.168.3.105*,2,242,1,153,1,89
44:3D:54:BE:12:3C,ALL,udp:39964,192.168.3.1*,2,253,1,79,1,174
44:3D:54:BE:12:3C,ALL,udp:39964,192.168.3.105*,2,253,1,174,1,79
44:3D:54:BE:12:3C,ALL,udp:52922,192.168.3.1*,2,228,1,90,1,138
44:3D:54:BE:12:3C,ALL,udp:52922,192.168.3.105*,2,228,1,138,1,90
44:3D:54:BE:12:3C,ALL,udp:29683,192.168.3.1*,2,253,1,79,1,174
44:3D:54:BE:12:3C,ALL,udp:29683,192.168.3.105*,2,253,1,174,1,79
44:3D:54:BE:12:3C,ALL,udp:8076,192.168.3.1*,2,368,1,120,1,248
44:3D:54:BE:12:3C,ALL,udp:8076,192.168.3.105*,2,368,1,248,1,120
44:3D:54:BE:12:3C,ALL,udp:30226,192.168.3.1*,2,242,1,89,1,153
44:3D:54:BE:12:3C,ALL,udp:30226,192.168.3.105*,2,242,1,153,1,89
44:3D:54:BE:12:3C,ALL,udp:43061,192.168.3.1*,2,253,1,79,1,174
44:3D:54:BE:12:3C,ALL,udp:43061,192.168.3.105*,2,253,1,174,1,79
44:3D:54:BE:12:3C,ALL,udp:48767,192.168.3.1*,2,242,1,89,1,153
44:3D:54:BE:12:3C,ALL,udp:48767,192.168.3.105*,2,242,1,153,1,89
44:3D:54:BE:12:3C,ALL,udp:60090,192.168.3.1*,2,253,1,79,1,174
44:3D:54:BE:12:3C,ALL,udp:60090,192.168.3.105*,2,253,1,174,1,79
44:3D:54:BE:12:3C,ALL,udp:20354,192.168.3.1*,2,170,1,77,1,93
44:3D:54:BE:12:3C,ALL,udp:20354,192.168.3.105*,2,170,1,93,1,77
44:3D:54:BE:12:3C,ALL,udp:35068,192.168.3.1*,2,253,1,79,1,174
44:3D:54:BE:12:3C,ALL,udp:35068,192.168.3.105*,2,253,1,174,1,79
44:3D:54:BE:12:3C,ALL,udp:44475,192.168.3.1*,2,242,1,89,1,153
44:3D:54:BE:12:3C,ALL,udp:44475,192.168.3.105*,2,242,1,153,1,89
44:3D:54:BE:12:3C,ALL,udp:50117,192.168.3.1*,2,253,1,79,1,174
44:3D:54:BE:12:3C,ALL,udp:50117,192.168.3.105*,2,253,1,174,1,79
44:3D:54:BE:12:3C,ALL,udp:7246,192.168.3.1*,2,253,1,79,1,174
44:3D:54:BE:12:3C,ALL,udp:7246,192.168.3.105*,2,253,1,174,1,79
44:3D:54:BE:12:3C,ALL,udp:14725,192.168.3.1*,2,242,1,89,1,153
44:3D:54:BE:12:3C,ALL,udp:14725,192.168.3.105*,2,242,1,153,1,89
44:3D:54:BE:12:3C,ALL,udp:44180,192.168.3.1*,2,253,1,79,1,174
44:3D:54:BE:12:3C,ALL,udp:44180,192.168.3.105*,2,253,1,174,1,79
44:3D:54:BE:12:3C,ALL,udp:42035,192.168.3.1*,2,253,1,79,1,174
44:3D:54:BE:12:3C,ALL,udp:42035,192.168.3.105*,2,253,1,174,1,79
44:3D:54:BE:12:3C,ALL,udp:11359,192.168.3.1*,2,242,1,89,1,153
44:3D:54:BE:12:3C,ALL,udp:11359,192.168.3.105*,2,242,1,153,1,89
44:3D:54:BE:12:3C,ALL,udp:3827,192.168.3.1*,2,170,1,77,1,93
44:3D:54:BE:12:3C,ALL,udp:3827,192.168.3.105*,2,170,1,93,1,77
44:3D:54:BE:12:3C,ALL,udp:49286,192.168.3.1*,2,253,1,79,1,174
44:3D:54:BE:12:3C,ALL,udp:49286,192.168.3.105*,2,253,1,174,1,79
44:3D:54:BE:12:3C,ALL,udp:55072,192.168.3.1*,2,242,1,89,1,153
44:3D:54:BE:12:3C,ALL,udp:55072,192.168.3.105*,2,242,1,153,1,89
44:3D:54:BE:12:3C,ALL,udp:62864,192.168.3.1*,2,228,1,90,1,138
44:3D:54:BE:12:3C,ALL,udp:62864,192.168.3.105*,2,228,1,138,1,90
44:3D:54:BE:12:3C,ALL,udp:11159,192.168.3.1*,2,253,1,79,1,174
44:3D:54:BE:12:3C,ALL,udp:11159,192.168.3.105*,2,253,1,174,1,79
44:3D:54:BE:12:3C,ALL,udp:24918,192.168.3.1*,2,368,1,120,1,248
44:3D:54:BE:12:3C,ALL,udp:24918,192.168.3.105*,2,368,1,248,1,120
44:3D:54:BE:12:3C,ALL,udp:23896,192.168.3.1*,2,242,1,89,1,153
44:3D:54:BE:12:3C,ALL,udp:23896,192.168.3.105*,2,242,1,153,1,89
44:3D:54:BE:12:3C,ALL,udp:34641,192.168.3.1*,2,253,1,79,1,174
44:3D:54:BE:12:3C,ALL,udp:34641,192.168.3.105*,2,253,1,174,1,79
44:3D:54:BE:12:3C,ALL,udp:15775,192.168.3.1*,2,242,1,89,1,153
44:3D:54:BE:12:3C,ALL,udp:15775,192.168.3.105*,2,242,1,153,1,89
44:3D:54:BE:12:3C,ALL,udp:9514,192.168.3.1*,2,164,1,74,1,90
44:3D:54:BE:12:3C,ALL,udp:9514,192.168.3.105*,2,164,1,90,1,74
44:3D:54:BE:12:3C,ALL,udp:10582,192.168.3.1*,2,170,1,77,1,93
44:3D:54:BE:12:3C,ALL,udp:10582,192.168.3.105*,2,170,1,93,1,77
44:3D:54:BE:12:3C,ALL,udp:5121,192.168.3.1*,2,242,1,89,1,153
44:3D:54:BE:12:3C,ALL,udp:5121,192.168.3.105*,2,242,1,153,1,89
44:3D:54:BE:12:3C,ALL,udp:56827,192.168.3.1*,2,253,1,79,1,174
44:3D:54:BE:12:3C,ALL,udp:56827,192.168.3.105*,2,253,1,174,1,79
44:3D:54:BE:12:3C,ALL,udp:50374,192.168.3.1*,2,242,1,89,1,153
44:3D:54:BE:12:3C,ALL,udp:50374,192.168.3.105*,2,242,1,153,1,89
44:3D:54:BE:12:3C,ALL,udp:63599,192.168.3.1*,2,170,1,77,1,93
44:3D:54:BE:12:3C,ALL,udp:63599,192.168.3.105*,2,170,1,93,1,77
44:3D:54:BE:12:3C,ALL,udp:30203,192.168.3.1*,2,253,1,79,1,174
44:3D:54:BE:12:3C,ALL,udp:30203,192.168.3.105*,2,253,1,174,1,79
44:3D:54:BE:12:3C,ALL,udp:25513,192.168.3.1*,2,253,1,79,1,174
44:3D:54:BE:12:3C,ALL,udp:25513,192.168.3.105*,2,253,1,174,1,79
44:3D:54:BE:12:3C,ALL,udp:6685,192.168.3.1*,2,228,1,90,1,138
44:3D:54:BE:12:3C,ALL,udp:6685,192.168.3.105*,2,228,1,138,1,90
44:3D:54:BE:12:3C,ALL,udp:10147,192.168.3.1*,2,253,1,79,1,174
44:3D:54:BE:12:3C,ALL,udp:10147,192.168.3.105*,2,253,1,174,1,79
44:3D:54:BE:12:3C,ALL,udp:6509,192.168.3.1*,2,242,1,89,1,153
44:3D:54:BE:12:3C,ALL,udp:6509,192.168.3.105*,2,242,1,153,1,89
44:3D:54:BE:12:3C,ALL,udp:61684,192.168.3.1*,2,253,1,79,1,174
44:3D:54:BE:12:3C,ALL,udp:61684,192.168.3.105*,2,253,1,174,1,79
44:3D:54:BE:12:3C,ALL,udp:64162,192.168.3.1*,2,368,1,120,1,248
44:3D:54:BE:12:3C,ALL,udp:64162,192.168.3.105*,2,368,1,248,1,120
44:3D:54:BE:12:3C,ALL,udp:59906,192.168.3.1*,2,242,1,89,1,153
44:3D:54:BE:12:3C,ALL,udp:59906,192.168.3.105*,2,242,1,153,1,89
44:3D:54:BE:12:3C,ALL,udp:23715,192.168.3.1*,2,242,1,89,1,153
44:3D:54:BE:12:3C,ALL,udp:23715,192.168.3.105*,2,242,1,153,1,89
44:3D:54:BE:12:3C,ALL,udp:8004,192.168.3.1*,2,253,1,79,1,174
44:3D:54:BE:12:3C,ALL,udp:8004,192.168.3.105*,2,253,1,174,1,79
44:3D:54:BE:12:3C,ALL,udp:31573,192.168.3.1*,2,253,1,79,1,174
44:3D:54:BE:12:3C,ALL,udp:31573,192.168.3.105*,2,253,1,174,1,79
44:3D:54:BE:12:3C,ALL,udp:29122,192.168.3.1*,2,170,1,77,1,93
44:3D:54:BE:12:3C,ALL,udp:29122,192.168.3.105*,2,170,1,93,1,77
44:3D:54:BE:12:3C,ALL,udp:63877,192.168.3.1*,2,242,1,89,1,153
44:3D:54:BE:12:3C,ALL,udp:63877,192.168.3.105*,2,242,1,153,1,89
44:3D:54:BE:12:3C,ALL,udp:9687,192.168.3.1*,2,196,1,90,1,106
44:3D:54:BE:12:3C,ALL,udp:9687,192.168.3.105*,2,196,1,106,1,90
44:3D:54:BE:12:3C,ALL,udp:7810,192.168.3.1*,2,242,1,89,1,153
44:3D:54:BE:12:3C,ALL,udp:7810,192.168.3.105*,2,242,1,153,1,89
44:3D:54:BE:12:3C,ALL,udp:46032,192.168.3.1*,2,253,1,79,1,174
44:3D:54:BE:12:3C,ALL,udp:46032,192.168.3.105*,2,253,1,174,1,79
44:3D:54:BE:12:3C,ALL,udp:42706,192.168.3.1*,2,242,1,89,1,153
44:3D:54:BE:12:3C,ALL,udp:42706,192.168.3.105*,2,242,1,153,1,89
44:3D:54:BE:12:3C,ALL,udp:55239,192.168.3.1*,2,253,1,79,1,174
44:3D:54:BE:12:3C,ALL,udp:55239,192.168.3.105*,2,253,1,174,1,79
44:3D:54:BE:12:3C,ALL,udp:34081,192.168.3.1*,2,170,1,77,1,93
44:3D:54:BE:12:3C,ALL,udp:34081,192.168.3.105*,2,170,1,93,1,77
44:3D:54:BE:12:3C,ALL,udp:26350,192.168.3.1*,2,228,1,90,1,138
44:3D:54:BE:12:3C,ALL,udp:26350,192.168.3.105*,2,228,1,138,1,90
44:3D:54:BE:12:3C,ALL,udp:33135,192.168.3.1*,2,242,1,89,1,153
44:3D:54:BE:12:3C,ALL,udp:33135,192.168.3.105*,2,242,1,153,1,89
44:3D:54:BE:12:3C,ALL,udp:9001,192.168.3.1*,2,253,1,79,1,174
44:3D:54:BE:12:3C,ALL,udp:9001,192.168.3.105*,2,253,1,174,1,79
44:3D:54:BE:12:3C,ALL,udp:46331,192.168.3.1*,2,368,1,120,1,248
44:3D:54:BE:12:3C,ALL,udp:46331,192.168.3.105*,2,368,1,248,1,120
44:3D:54:BE:12:3C,ALL,udp:42295,192.168.3.1*,2,242,1,89,1,153
44:3D:54:BE:12:3C,ALL,udp:42295,192.168.3.105*,2,242,1,153,1,89
44:3D:54:BE:12:3C,ALL,udp:30383,192.168.3.1*,2,253,1,79,1,174
44:3D:54:BE:12:3C,ALL,udp:30383,192.168.3.105*,2,253,1,174,1,79
44:3D:54:BE:12:3C,ALL,udp:13785,192.168.3.1*,2,242,1,89,1,153
44:3D:54:BE:12:3C,ALL,udp:13785,192.168.3.105*,2,242,1,153,1,89
44:3D:54:BE:12:3C,ALL,udp:23734,192.168.3.1*,2,164,1,74,1,90
44:3D:54:BE:12:3C,ALL,udp:23734,192.168.3.105*,2,164,1,90,1,74
44:3D:54:BE:12:3C,ALL,udp:9162,192.168.3.1*,2,242,1,89,1,153
44:3D:54:BE:12:3C,ALL,udp:9162,192.168.3.105*,2,242,1,153,1,89
44:3D:54:BE:12:3C,ALL,udp:47869,192.168.3.1*,2,170,1,77,1,93
44:3D:54:BE:12:3C,ALL,udp:47869,192.168.3.105*,2,170,1,93,1,77
44:3D:54:BE:12:3C,ALL,udp:58431,192.168.3.1*,2,253,1,79,1,174
44:3D:54:BE:12:3C,ALL,udp:58431,192.168.3.105*,2,253,1,174,1,79
44:3D:54:BE:12:3C,ALL,udp:62360,192.168.3.1*,2,253,1,79,1,174
44:3D:54:BE:12:3C,ALL,udp:62360,192.168.3.105*,2,253,1,174,1,79
44:3D:54:BE:12:3C,ALL,udp:15772,192.168.3.1*,2,242,1,89,1,153
44:3D:54:BE:12:3C,ALL,udp:15772,192.168.3.105*,2,242,1,153,1,89
44:3D:54:BE:12:3C,ALL,udp:2859,192.168.3.1*,2,253,1,79,1,174
44:3D:54:BE:12:3C,ALL,udp:2859,192.168.3.105*,2,253,1,174,1,79
44:3D:54:BE:12:3C,ALL,udp:3460,192.168.3.1*,2,253,1,79,1,174
44:3D:54:BE:12:3C,ALL,udp:3460,192.168.3.105*,2,253,1,174,1,79
44:3D:54:BE:12:3C,ALL,udp:8950,192.168.3.1*,2,253,1,79,1,174
44:3D:54:BE:12:3C,ALL,udp:8950,192.168.3.105*,2,253,1,174,1,79
44:3D:54:BE:12:3C,ALL,udp:54698,192.168.3.1*,2,253,1,79,1,174
44:3D:54:BE:12:3C,ALL,udp:54698,192.168.3.105*,2,253,1,174,1,79
44:3D:54:BE:12:3C,ALL,udp:61306,192.168.3.1*,2,242,1,89,1,153
44:3D:54:BE:12:3C,ALL,udp:61306,192.168.3.105*,2,242,1,153,1,89
44:3D:54:BE:12:3C,ALL,udp:21280,192.168.3.1*,2,253,1,79,1,174
44:3D:54:BE:12:3C,ALL,udp:21280,192.168.3.105*,2,253,1,174,1,79
44:3D:54:BE:12:3C,ALL,udp:10942,192.168.3.1*,2,242,1,89,1,153
44:3D:54:BE:12:3C,ALL,udp:10942,192.168.3.105*,2,242,1,153,1,89
44:3D:54:BE:12:3C,ALL,udp:1454,192.168.3.1*,2,253,1,79,1,174
44:3D:54:BE:12:3C,ALL,udp:1454,192.168.3.105*,2,253,1,174,1,79
44:3D:54:BE:12:3C,ALL,udp:48338,192.168.3.1*,2,253,1,79,1,174
44:3D:54:BE:12:3C,ALL,udp:48338,192.168.3.105*,2,253,1,174,1,79
44:3D:54:BE:12:3C,ALL,udp:44292,192.168.3.1*,2,170,1,77,1,93
44:3D:54:BE:12:3C,ALL,udp:44292,192.168.3.105*,2,170,1,93,1,77
44:3D:54:BE:12:3C,ALL,udp:51271,192.168.3.1*,2,228,1,90,1,138
44:3D:54:BE:12:3C,ALL,udp:51271,192.168.3.105*,2,228,1,138,1,90
44:3D:54:BE:12:3C,ALL,udp:31187,192.168.3.1*,2,242,1,89,1,153
44:3D:54:BE:12:3C,ALL,udp:31187,192.168.3.105*,2,242,1,153,1,89
44:3D:54:BE:12:3C,ALL,udp:49892,192.168.3.1*,2,368,1,120,1,248
44:3D:54:BE:12:3C,ALL,udp:49892,192.168.3.105*,2,368,1,248,1,120
44:3D:54:BE:12:3C,ALL,udp:63261,192.168.3.1*,2,242,1,89,1,153
44:3D:54:BE:12:3C,ALL,udp:63261,192.168.3.105*,2,242,1,153,1,89
44:3D:54:BE:12:3C,ALL,udp:13482,192.168.3.1*,2,253,1,79,1,174
44:3D:54:BE:12:3C,ALL,udp:13482,192.168.3.105*,2,253,1,174,1,79
44:3D:54:BE:12:3C,ALL,udp:7081,192.168.3.1*,2,242,1,89,1,153
44:3D:54:BE:12:3C,ALL,udp:7081,192.168.3.105*,2,242,1,153,1,89
44:3D:54:BE:12:3C,ALL,udp:63267,192.168.3.1*,2,170,1,77,1,93
44:3D:54:BE:12:3C,ALL,udp:63267,192.168.3.105*,2,170,1,93,1,77
44:3D:54:BE:12:3C,ALL,udp:46909,192.168.3.1*,2,253,1,79,1,174
44:3D:54:BE:12:3C,ALL,udp:46909,192.168.3.105*,2,253,1,174,1,79
44:3D:54:BE:12:3C,ALL,udp:61578,192.168.3.1*,2,253,1,79,1,174
44:3D:54:BE:12:3C,ALL,udp:61578,192.168.3.105*,2,253,1,174,1,79
44:3D:54:BE:12:3C,ALL,udp:27290,192.168.3.1*,2,242,1,89,1,153
44:3D:54:BE:12:3C,ALL,udp:27290,192.168.3.105*,2,242,1,153,1,89
44:3D:54:BE:12:3C,ALL,udp:52428,192.168.3.1*,2,242,1,89,1,153
44:3D:54:BE:12:3C,ALL,udp:52428,192.168.3.105*,2,242,1,153,1,89
44:3D:54:BE:12:3C,ALL,udp:36931,192.168.3.1*,2,253,1,79,1,174
44:3D:54:BE:12:3C,ALL,udp:36931,192.168.3.105*,2,253,1,174,1,79
44:3D:54:BE:12:3C,ALL,udp:18914,192.168.3.1*,2,242,1,89,1,153
44:3D:54:BE:12:3C,ALL,udp:18914,192.168.3.105*,2,242,1,153,1,89
44:3D:54:BE:12:3C,ALL,udp:8662,192.168.3.1*,2,253,1,79,1,174
44:3D:54:BE:12:3C,ALL,udp:8662,192.168.3.105*,2,253,1,174,1,79
44:3D:54:BE:12:3C,ALL,udp:22807,192.168.3.1*,2,228,1,90,1,138
44:3D:54:BE:12:3C,ALL,udp:22807,192.168.3.105*,2,228,1,138,1,90
44:3D:54:BE:12:3C,ALL,udp:23781,192.168.3.1*,2,170,1,77,1,93
44:3D:54:BE:12:3C,ALL,udp:23781,192.168.3.105*,2,170,1,93,1,77
44:3D:54:BE:12:3C,ALL,udp:64628,192.168.3.1*,2,242,1,89,1,153
44:3D:54:BE:12:3C,ALL,udp:64628,192.168.3.105*,2,242,1,153,1,89
44:3D:54:BE:12:3C,ALL,udp:43395,192.168.3.1*,2,253,1,79,1,174
44:3D:54:BE:12:3C,ALL,udp:43395,192.168.3.105*,2,253,1,174,1,79
44:3D:54:BE:12:3C,ALL,udp:9635,192.168.3.1*,2,368,1,120,1,248
44:3D:54:BE:12:3C,ALL,udp:9635,192.168.3.105*,2,368,1,248,1,120
44:3D:54:BE:12:3C,ALL,udp:2415,192.168.3.1*,2,253,1,79,1,174
44:3D:54:BE:12:3C,ALL,udp:2415,192.168.3.105*,2,253,1,174,1,79
44:3D:54:BE:12:3C,ALL,udp:10861,192.168.3.1*,2,242,1,89,1,153
44:3D:54:BE:12:3C,ALL,udp:10861,192.168.3.105*,2,242,1,153,1,89
44:3D:54:BE:12:3C,ALL,udp:33444,192.168.3.1*,2,253,1,79,1,174
44:3D:54:BE:12:3C,ALL,udp:33444,192.168.3.105*,2,253,1,174,1,79
44:3D:54:BE:12:3C,ALL,udp:65199,192.168.3.1*,2,164,1,74,1,90
44:3D:54:BE:12:3C,ALL,udp:65199,192.168.3.105*,2,164,1,90,1,74
44:3D:54:BE:12:3C,ALL,udp:60360,192.168.3.1*,2,253,1,79,1,174
44:3D:54:BE:12:3C,ALL,udp:60360,192.168.3.105*,2,253,1,174,1,79
44:3D:54:BE:12:3C,ALL,udp:34819,192.168.3.1*,2,242,1,89,1,153
44:3D:54:BE:12:3C,ALL,udp:34819,192.168.3.105*,2,242,1,153,1,89
44:3D:54:BE:12:3C,ALL,udp:11377,192.168.3.1*,2,170,1,77,1,93
44:3D:54:BE:12:3C,ALL,udp:11377,192.168.3.105*,2,170,1,93,1,77
44:3D:54:BE:12:3C,ALL,udp:1807,192.168.3.1*,2,253,1,79,1,174
44:3D:54:BE:12:3C,ALL,udp:1807,192.168.3.105*,2,253,1,174,1,79
44:3D:54:BE:12:3C,ALL,udp:24517,192.168.3.1*,2,253,1,79,1,174
44:3D:54:BE:12:3C,ALL,udp:24517,192.168.3.105*,2,253,1,174,1,79
44:3D:54:BE:12:3C,ALL,udp:63168,192.168.3.1*,2,242,1,89,1,153
44:3D:54:BE:12:3C,ALL,udp:63168,192.168.3.105*,2,242,1,153,1,89
44:3D:54:BE:12:3C,ALL,udp:49480,192.168.3.1*,2,164,1,74,1,90
44:3D:54:BE:12:3C,ALL,udp:49480,192.168.3.105*,2,164,1,90,1,74
44:3D:54:BE:12:3C,ALL,udp:2777,192.168.3.1*,2,253,1,79,1,174
44:3D:54:BE:12:3C,ALL,udp:2777,192.168.3.105*,2,253,1,174,1,79
44:3D:54:BE:12:3C,ALL,udp:30060,192.168.3.1*,2,242,1,89,1,153
44:3D:54:BE:12:3C,ALL,udp:30060,192.168.3.105*,2,242,1,153,1,89
44:3D:54:BE:12:3C,ALL,udp:37824,192.168.3.1*,2,253,1,79,1,174
44:3D:54:BE:12:3C,ALL,udp:37824,192.168.3.105*,2,253,1,174,1,79
44:3D:54:BE:12:3C,ALL,udp:58845,192.168.3.1*,2,242,1,89,1,153
44:3D:54:BE:12:3C,ALL,udp:58845,192.168.3.105*,2,242,1,153,1,89
44:3D:54:BE:12:3C,ALL,udp:40470,192.168.3.1*,2,228,1,90,1,138
44:3D:54:BE:12:3C,ALL,udp:40470,192.168.3.105*,2,228,1,138,1,90
44:3D:54:BE:12:3C,ALL,udp:20554,192.168.3.1*,2,170,1,77,1,93
44:3D:54:BE:12:3C,ALL,udp:20554,192.168.3.105*,2,170,1,93,1,77
44:3D:54:BE:12:3C,ALL,udp:64108,192.168.3.1*,2,242,1,89,1,153
44:3D:54:BE:12:3C,ALL,udp:64108,192.168.3.105*,2,242,1,153,1,89
44:3D:54:BE:12:3C,ALL,udp:41641,192.168.3.1*,2,253,1,79,1,174
44:3D:54:BE:12:3C,ALL,udp:41641,192.168.3.105*,2,253,1,174,1,79
44:3D:54:BE:12:3C,ALL,udp:28054,192.168.3.1*,2,253,1,79,1,174
44:3D:54:BE:12:3C,ALL,udp:28054,192.168.3.105*,2,253,1,174,1,79
44:3D:54:BE:12:3C,ALL,udp:31407,192.168.3.1*,2,368,1,120,1,248
44:3D:54:BE:12:3C,ALL,udp:31407,192.168.3.105*,2,368,1,248,1,120
44:3D:54:BE:12:3C,ALL,udp:5259,192.168.3.1*,2,242,1,89,1,153
44:3D:54:BE:12:3C,ALL,udp:5259,192.168.3.105*,2,242,1,153,1,89
44:3D:54:BE:12:3C,ALL,udp:52504,192.168.3.1*,2,253,1,79,1,174
44:3D:54:BE:12:3C,ALL,udp:52504,192.168.3.105*,2,253,1,174,1,79
44:3D:54:BE:12:3C,ALL,udp:65152,192.168.3.1*,2,242,1,89,1,153
44:3D:54:BE:12:3C,ALL,udp:65152,192.168.3.105*,2,242,1,153,1,89
44:3D:54:BE:12:3C,ALL,udp:51093,192.168.3.1*,2,170,1,77,1,93
44:3D:54:BE:12:3C,ALL,udp:51093,192.168.3.105*,2,170,1,93,1,77
44:3D:54:BE:12:3C,ALL,udp:17879,192.168.3.1*,2,253,1,79,1,174
44:3D:54:BE:12:3C,ALL,udp:17879,192.168.3.105*,2,253,1,174,1,79
44:3D:54:BE:12:3C,ALL,udp:23229,192.168.3.1*,2,242,1,89,1,153
44:3D:54:BE:12:3C,ALL,udp:23229,192.168.3.105*,2,242,1,153,1,89
44:3D:54:BE:12:3C,ALL,udp:35106,192.168.3.1*,2,242,1,89,1,153
44:3D:54:BE:12:3C,ALL,udp:35106,192.168.3.105*,2,242,1,153,1,89
44:3D:54:BE:12:3C,ALL,udp:42922,192.168.3.1*,2,253,1,79,1,174
44:3D:54:BE:12:3C,ALL,udp:42922,192.168.3.105*,2,253,1,174,1,79
44:3D:54:BE:12:3C,ALL,udp:22606,192.168.3.1*,2,253,1,79,1,174
44:3D:54:BE:12:3C,ALL,udp:22606,192.168.3.105*,2,253,1,174,1,79
44:3D:54:BE:12:3C,ALL,udp:22537,192.168.3.1*,2,228,1,90,1,138
44:3D:54:BE:12:3C,ALL,udp:22537,192.168.3.105*,2,228,1,138,1,90
44:3D:54:BE:12:3C,ALL,udp:20970,192.168.3.1*,2,253,1,79,1,174
44:3D:54:BE:12:3C,ALL,udp:20970,192.168.3.105*,2,253,1,174,1,79
44:3D:54:BE:12:3C,ALL,udp:25094,192.168.3.1*,2,242,1,89,1,153
44:3D:54:BE:12:3C,ALL,udp:25094,192.168.3.105*,2,242,1,153,1,89
44:3D:54:BE:12:3C,ALL,udp:18025,192.168.3.1*,2,170,1,77,1,93
44:3D:54:BE:12:3C,ALL,udp:18025,192.168.3.105*,2,170,1,93,1,77
44:3D:54:BE:12:3C,ALL,udp:45789,192.168.3.1*,2,242,1,89,1,153
44:3D:54:BE:12:3C,ALL,udp:45789,192.168.3.105*,2,242,1,153,1,89
44:3D:54:BE:12:3C,ALL,udp:24047,192.168.3.1*,2,368,1,120,1,248
44:3D:54:BE:12:3C,ALL,udp:24047,192.168.3.105*,2,368,1,248,1,120
44:3D:54:BE:12:3C,ALL,udp:28479,192.168.3.1*,2,253,1,79,1,174
44:3D:54:BE:12:3C,ALL,udp:28479,192.168.3.105*,2,253,1,174,1,79
44:3D:54:BE:12:3C,ALL,udp:9865,192.168.3.1*,2,253,1,79,1,174
44:3D:54:BE:12:3C,ALL,udp:9865,192.168.3.105*,2,253,1,174,1,79
44:3D:54:BE:12:3C,ALL,udp:4519,192.168.3.1*,2,164,1,74,1,90
44:3D:54:BE:12:3C,ALL,udp:4519,192.168.3.105*,2,164,1,90,1,74
44:3D:54:BE:12:3C,ALL,udp:42740,192.168.3.1*,2,253,1,79,1,174
44:3D:54:BE:12:3C,ALL,udp:42740,192.168.3.105*,2,253,1,174,1,79
44:3D:54:BE:12:3C,ALL,udp:49319,192.168.3.1*,2,242,1,89,1,153
44:3D:54:BE:12:3C,ALL,udp:49319,192.168.3.105*,2,242,1,153,1,89
44:3D:54:BE:12:3C,ALL,udp:25355,192.168.3.1*,2,170,1,77,1,93
44:3D:54:BE:12:3C,ALL,udp:25355,192.168.3.105*,2,170,1,93,1,77
44:3D:54:BE:12:3C,ALL,udp:56780,192.168.3.1*,2,242,1,89,1,153
44:3D:54:BE:12:3C,ALL,udp:56780,192.168.3.105*,2,242,1,153,1,89
44:3D:54:BE:12:3C,ALL,udp:64996,192.168.3.1*,2,253,1,79,1,174
44:3D:54:BE:12:3C,ALL,udp:64996,192.168.3.105*,2,253,1,174,1,79
44:3D:54:BE:12:3C,ALL,udp:3596,192.168.3.1*,2,242,1,89,1,153
44:3D:54:BE:12:3C,ALL,udp:3596,192.168.3.105*,2,242,1,153,1,89
44:3D:54:BE:12:3C,ALL,udp:9539,192.168.3.1*,2,253,1,79,1,174
44:3D:54:BE:12:3C,ALL,udp:9539,192.168.3.105*,2,253,1,174,1,79
44:3D:54:BE:12:3C,ALL,udp:38198,192.168.3.1*,2,228,1,90,1,138
44:3D:54:BE:12:3C,ALL,udp:38198,192.168.3.105*,2,228,1,138,1,90
44:3D:54:BE:12:3C,ALL,udp:40069,192.168.3.1*,2,253,1,79,1,174
44:3D:54:BE:12:3C,ALL,udp:40069,192.168.3.105*,2,253,1,174,1,79
44:3D:54:BE:12:3C,ALL,udp:38317,192.168.3.1*,2,242,1,89,1,153
44:3D:54:BE:12:3C,ALL,udp:38317,192.168.3.105*,2,242,1,153,1,89
44:3D:54:BE:12:3C,ALL,udp:24859,192.168.3.1*,2,170,1,77,1,93
44:3D:54:BE:12:3C,ALL,udp:24859,192.168.3.105*,2,170,1,93,1,77
44:3D:54:BE:12:3C,ALL,udp:36617,192.168.3.1*,2,242,1,89,1,153
44:3D:54:BE:12:3C,ALL,udp:36617,192.168.3.105*,2,242,1,153,1,89
44:3D:54:BE:12:3C,ALL,udp:14009,192.168.3.1*,2,368,1,120,1,248
44:3D:54:BE:12:3C,ALL,udp:14009,192.168.3.105*,2,368,1,248,1,120
44:3D:54:BE:12:3C,ALL,udp:12575,192.168.3.1*,2,242,1,89,1,153
44:3D:54:BE:12:3C,ALL,udp:12575,192.168.3.105*,2,242,1,153,1,89
44:3D:54:BE:12:3C,ALL,udp:36153,192.168.3.1*,2,253,1,79,1,174
44:3D:54:BE:12:3C,ALL,udp:36153,192.168.3.105*,2,253,1,174,1,79
44:3D:54:BE:12:3C,ALL,udp:1333,192.168.3.1*,2,242,1,89,1,153
44:3D:54:BE:12:3C,ALL,udp:1333,192.168.3.105*,2,242,1,153,1,89
44:3D:54:BE:12:3C,ALL,udp:36333,192.168.3.1*,2,253,1,79,1,174
44:3D:54:BE:12:3C,ALL,udp:36333,192.168.3.105*,2,253,1,174,1,79
44:3D:54:BE:12:3C,ALL,udp:31142,192.168.3.1*,2,253,1,79,1,174
44:3D:54:BE:12:3C,ALL,udp:31142,192.168.3.105*,2,253,1,174,1,79
44:3D:54:BE:12:3C,ALL,udp:33593,192.168.3.1*,2,242,1,89,1,153
44:3D:54:BE:12:3C,ALL,udp:33593,192.168.3.105*,2,242,1,153,1,89
44:3D:54:BE:12:3C,ALL,udp:4677,192.168.3.1*,2,228,1,90,1,138
44:3D:54:BE:12:3C,ALL,udp:4677,192.168.3.105*,2,228,1,138,1,90
44:3D:54:BE:12:3C,ALL,udp:45973,192.168.3.1*,2,253,1,79,1,174
44:3D:54:BE:12:3C,ALL,udp:45973,192.168.3.105*,2,253,1,174,1,79
44:3D:54:BE:12:3C,ALL,udp:39282,192.168.3.1*,2,242,1,89,1,153
44:3D:54:BE:12:3C,ALL,udp:39282,192.168.3.105*,2,242,1,153,1,89
44:3D:54:BE:12:3C,ALL,udp:48117,192.168.3.1*,2,253,1,79,1,174
44:3D:54:BE:12:3C,ALL,udp:48117,192.168.3.105*,2,253,1,174,1,79
44:3D:54:BE:12:3C,ALL,udp:63942,192.168.3.1*,2,170,1,77,1,93
44:3D:54:BE:12:3C,ALL,udp:63942,192.168.3.105*,2,170,1,93,1,77
44:3D:54:BE:12:3C,ALL,udp:19643,192.168.3.1*,2,242,1,89,1,153
44:3D:54:BE:12:3C,ALL,udp:19643,192.168.3.105*,2,242,1,153,1,89
44:3D:54:BE:12:3C,ALL,udp:3219,192.168.3.1*,2,253,1,79,1,174
44:3D:54:BE:12:3C,ALL,udp:3219,192.168.3.105*,2,253,1,174,1,79
44:3D:54:BE:12:3C,ALL,udp:52657,192.168.3.1*,2,368,1,120,1,248
44:3D:54:BE:12:3C,ALL,udp:52657,192.168.3.105*,2,368,1,248,1,120
44:3D:54:BE:12:3C,ALL,udp:36838,192.168.3.1*,2,164,1,74,1,90
44:3D:54:BE:12:3C,ALL,udp:36838,192.168.3.105*,2,164,1,90,1,74
44:3D:54:BE:12:3C,ALL,udp:45023,192.168.3.1*,2,253,1,79,1,174
44:3D:54:BE:12:3C,ALL,udp:45023,192.168.3.105*,2,253,1,174,1,79
44:3D:54:BE:12:3C,ALL,udp:35506,192.168.3.1*,2,242,1,89,1,153
44:3D:54:BE:12:3C,ALL,udp:35506,192.168.3.105*,2,242,1,153,1,89
44:3D:54:BE:12:3C,ALL,udp:6290,192.168.3.1*,2,253,1,79,1,174
44:3D:54:BE:12:3C,ALL,udp:6290,192.168.3.105*,2,253,1,174,1,79
44:3D:54:BE:12:3C,ALL,udp:21388,192.168.3.1*,2,253,1,79,1,174
44:3D:54:BE:12:3C,ALL,udp:21388,192.168.3.105*,2,253,1,174,1,79
44:3D:54:BE:12:3C,ALL,udp:8984,192.168.3.1*,2,242,1,89,1,153
44:3D:54:BE:12:3C,ALL,udp:8984,192.168.3.105*,2,242,1,153,1,89
44:3D:54:BE:12:3C,ALL,udp:7977,192.168.3.1*,2,170,1,77,1,93
44:3D:54:BE:12:3C,ALL,udp:7977,192.168.3.105*,2,170,1,93,1,77
44:3D:54:BE:12:3C,ALL,udp:48980,192.168.3.1*,2,242,1,89,1,153
44:3D:54:BE:12:3C,ALL,udp:48980,192.168.3.105*,2,242,1,153,1,89
44:3D:54:BE:12:3C,ALL,udp:42726,192.168.3.1*,2,253,1,79,1,174
44:3D:54:BE:12:3C,ALL,udp:42726,192.168.3.105*,2,253,1,174,1,79
44:3D:54:BE:12:3C,ALL,udp:18822,192.168.3.1*,2,253,1,79,1,174
44:3D:54:BE:12:3C,ALL,udp:18822,192.168.3.105*,2,253,1,174,1,79
44:3D:54:BE:12:3C,ALL,udp:10650,192.168.3.1*,2,242,1,89,1,153
44:3D:54:BE:12:3C,ALL,udp:10650,192.168.3.105*,2,242,1,153,1,89
44:3D:54:BE:12:3C,ALL,udp:25503,192.168.3.1*,2,228,1,90,1,138
44:3D:54:BE:12:3C,ALL,udp:25503,192.168.3.105*,2,228,1,138,1,90
44:3D:54:BE:12:3C,ALL,udp:50394,192.168.3.1*,2,253,1,79,1,174
44:3D:54:BE:12:3C,ALL,udp:50394,192.168.3.105*,2,253,1,174,1,79
44:3D:54:BE:12:3C,ALL,udp:51400,192.168.3.1*,2,242,1,89,1,153
44:3D:54:BE:12:3C,ALL,udp:51400,192.168.3.105*,2,242,1,153,1,89
44:3D:54:BE:12:3C,ALL,udp:54973,192.168.3.1*,2,170,1,77,1,93
44:3D:54:BE:12:3C,ALL,udp:54973,192.168.3.105*,2,170,1,93,1,77
44:3D:54:BE:12:3C,ALL,udp:19192,192.168.3.1*,2,242,1,89,1,153
44:3D:54:BE:12:3C,ALL,udp:19192,192.168.3.105*,2,242,1,153,1,89
44:3D:54:BE:12:3C,ALL,udp:29455,192.168.3.1*,2,253,1,79,1,174
44:3D:54:BE:12:3C,ALL,udp:29455,192.168.3.105*,2,253,1,174,1,79
44:3D:54:BE:12:3C,ALL,udp:36019,192.168.3.1*,2,368,1,120,1,248
44:3D:54:BE:12:3C,ALL,udp:36019,192.168.3.105*,2,368,1,248,1,120
44:3D:54:BE:12:3C,ALL,udp:46645,192.168.3.1*,2,242,1,89,1,153
44:3D:54:BE:12:3C,ALL,udp:46645,192.168.3.105*,2,242,1,153,1,89
44:3D:54:BE:12:3C,ALL,udp:64869,192.168.3.1*,2,253,1,79,1,174
44:3D:54:BE:12:3C,ALL,udp:64869,192.168.3.105*,2,253,1,174,1,79
44:3D:54:BE:12:3C,ALL,udp:10376,192.168.3.1*,2,242,1,89,1,153
44:3D:54:BE:12:3C,ALL,udp:10376,192.168.3.105*,2,242,1,153,1,89
44:3D:54:BE:12:3C,ALL,udp:15198,192.168.3.1*,2,253,1,79,1,174
44:3D:54:BE:12:3C,ALL,udp:15198,192.168.3.105*,2,253,1,174,1,79
44:3D:54:BE:12:3C,ALL,udp:25723,192.168.3.1*,2,170,1,77,1,93
44:3D:54:BE:12:3C,ALL,udp:25723,192.168.3.105*,2,170,1,93,1,77
44:3D:54:BE:12:3C,ALL,udp:47309,192.168.3.1*,2,242,1,89,1,153
44:3D:54:BE:12:3C,ALL,udp:47309,192.168.3.105*,2,242,1,153,1,89
44:3D:54:BE:12:3C,ALL,udp:13060,192.168.3.1*,2,242,1,89,1,153
44:3D:54:BE:12:3C,ALL,udp:13060,192.168.3.105*,2,242,1,153,1,89
44:3D:54:BE:12:3C,ALL,udp:15236,192.168.3.1*,2,228,1,90,1,138
44:3D:54:BE:12:3C,ALL,udp:15236,192.168.3.105*,2,228,1,138,1,90
44:3D:54:BE:12:3C,ALL,udp:14652,192.168.3.1*,2,253,1,79,1,174
44:3D:54:BE:12:3C,ALL,udp:14652,192.168.3.105*,2,253,1,174,1,79
44:3D:54:BE:12:3C,ALL,udp:30075,192.168.3.1*,2,253,1,79,1,174
44:3D:54:BE:12:3C,ALL,udp:30075,192.168.3.105*,2,253,1,174,1,79
44:3D:54:BE:12:3C,ALL,udp:64256,192.168.3.1*,2,242,1,89,1,153
44:3D:54:BE:12:3C,ALL,udp:64256,192.168.3.105*,2,242,1,153,1,89
44:3D:54:BE:12:3C,ALL,udp:46349,192.168.3.1*,2,253,1,79,1,174
44:3D:54:BE:12:3C,ALL,udp:46349,192.168.3.105*,2,253,1,174,1,79
44:3D:54:BE:12:3C,ALL,udp:42160,192.168.3.1*,2,170,1,77,1,93
44:3D:54:BE:12:3C,ALL,udp:42160,192.168.3.105*,2,170,1,93,1,77
44:3D:54:BE:12:3C,ALL,udp:7263,192.168.3.1*,2,253,1,79,1,174
44:3D:54:BE:12:3C,ALL,udp:7263,192.168.3.105*,2,253,1,174,1,79
44:3D:54:BE:12:3C,ALL,udp:2635,192.168.3.1*,2,242,1,89,1,153
44:3D:54:BE:12:3C,ALL,udp:2635,192.168.3.105*,2,242,1,153,1,89
44:3D:54:BE:12:3C,ALL,udp:40145,192.168.3.1*,2,164,1,74,1,90
44:3D:54:BE:12:3C,ALL,udp:40145,192.168.3.105*,2,164,1,90,1,74
44:3D:54:BE:12:3C,ALL,udp:62102,192.168.3.1*,2,368,1,120,1,248
44:3D:54:BE:12:3C,ALL,udp:62102,192.168.3.105*,2,368,1,248,1,120
44:3D:54:BE:12:3C,ALL,udp:60378,192.168.3.1*,2,253,1,79,1,174
44:3D:54:BE:12:3C,ALL,udp:60378,192.168.3.105*,2,253,1,174,1,79
44:3D:54:BE:12:3C,ALL,udp:55245,192.168.3.1*,2,242,1,89,1,153
44:3D:54:BE:12:3C,ALL,udp:55245,192.168.3.105*,2,242,1,153,1,89
44:3D:54:BE:12:3C,ALL,udp:2773,192.168.3.1*,2,253,1,79,1,174
44:3D:54:BE:12:3C,ALL,udp:2773,192.168.3.105*,2,253,1,174,1,79
44:3D:54:BE:12:3C,ALL,udp:4546,192.168.3.1*,2,253,1,79,1,174
44:3D:54:BE:12:3C,ALL,udp:4546,192.168.3.105*,2,253,1,174,1,79
44:3D:54:BE:12:3C,ALL,udp:28689,192.168.3.1*,2,253,1,79,1,174
44:3D:54:BE:12:3C,ALL,udp:28689,192.168.3.105*,2,253,1,174,1,79
44:3D:54:BE:12:3C,ALL,udp:51090,192.168.3.1*,2,242,1,89,1,153
44:3D:54:BE:12:3C,ALL,udp:51090,192.168.3.105*,2,242,1,153,1,89
44:3D:54:BE:12:3C,ALL,udp:48492,192.168.3.1*,2,170,1,77,1,93
44:3D:54:BE:12:3C,ALL,udp:48492,192.168.3.105*,2,170,1,93,1,77
44:3D:54:BE:12:3C,ALL,udp:10660,192.168.3.1*,2,242,1,89,1,153
44:3D:54:BE:12:3C,ALL,udp:10660,192.168.3.105*,2,242,1,153,1,89
44:3D:54:BE:12:3C,ALL,udp:43433,192.168.3.1*,2,242,1,89,1,153
44:3D:54:BE:12:3C,ALL,udp:43433,192.168.3.105*,2,242,1,153,1,89
44:3D:54:BE:12:3C,ALL,udp:51686,192.168.3.1*,2,253,1,79,1,174
44:3D:54:BE:12:3C,ALL,udp:51686,192.168.3.105*,2,253,1,174,1,79
44:3D:54:BE:12:3C,ALL,udp:15818,192.168.3.1*,2,253,1,79,1,174
44:3D:54:BE:12:3C,ALL,udp:15818,192.168.3.105*,2,253,1,174,1,79
44:3D:54:BE:12:3C,ALL,udp:14775,192.168.3.1*,2,242,1,89,1,153
44:3D:54:BE:12:3C,ALL,udp:14775,192.168.3.105*,2,242,1,153,1,89
44:3D:54:BE:12:3C,ALL,udp:1276,192.168.3.1*,2,170,1,77,1,93
44:3D:54:BE:12:3C,ALL,udp:1276,192.168.3.105*,2,170,1,93,1,77
44:3D:54:BE:12:3C,ALL,udp:1108,192.168.3.1*,2,242,1,89,1,153
44:3D:54:BE:12:3C,ALL,udp:1108,192.168.3.105*,2,242,1,153,1,89
44:3D:54:BE:12:3C,ALL,udp:17890,192.168.3.1*,2,253,1,79,1,174
44:3D:54:BE:12:3C,ALL,udp:17890,192.168.3.105*,2,253,1,174,1,79
44:3D:54:BE:12:3C,ALL,udp:59791,192.168.3.1*,2,253,1,79,1,174
44:3D:54:BE:12:3C,ALL,udp:59791,192.168.3.105*,2,253,1,174,1,79
44:3D:54:BE:12:3C,ALL,udp:14545,192.168.3.1*,2,253,1,79,1,174
44:3D:54:BE:12:3C,ALL,udp:14545,192.168.3.105*,2,253,1,174,1,79
44:3D:54:BE:12:3C,ALL,udp:15224,192.168.3.1*,2,253,1,79,1,174
44:3D:54:BE:12:3C,ALL,udp:15224,192.168.3.105*,2,253,1,174,1,79
44:3D:54:BE:12:3C,ALL,udp:4153,192.168.3.1*,2,242,1,89,1,153
44:3D:54:BE:12:3C,ALL,udp:4153,192.168.3.105*,2,242,1,153,1,89
44:3D:54:BE:12:3C,ALL,udp:50232,192.168.3.1*,2,253,1,79,1,174
44:3D:54:BE:12:3C,ALL,udp:50232,192.168.3.105*,2,253,1,174,1,79
44:3D:54:BE:12:3C,ALL,udp:46265,192.168.3.1*,2,170,1,77,1,93
44:3D:54:BE:12:3C,ALL,udp:46265,192.168.3.105*,2,170,1,93,1,77
44:3D:54:BE:12:3C,ALL,udp:28743,192.168.3.1*,2,242,1,89,1,153
44:3D:54:BE:12:3C,ALL,udp:28743,192.168.3.105*,2,242,1,153,1,89
44:3D:54:BE:12:3C,ALL,udp:1621,192.168.3.1*,2,253,1,79,1,174
44:3D:54:BE:12:3C,ALL,udp:1621,192.168.3.105*,2,253,1,174,1,79
44:3D:54:BE:12:3C,ALL,udp:47803,192.168.3.1*,2,242,1,89,1,153
44:3D:54:BE:12:3C,ALL,udp:47803,192.168.3.105*,2,242,1,153,1,89
44:3D:54:BE:12:3C,ALL,udp:16200,192.168.3.1*,2,253,1,79,1,174
44:3D:54:BE:12:3C,ALL,udp:16200,192.168.3.105*,2,253,1,174,1,79
44:3D:54:BE:12:3C,ALL,udp:28939,192.168.3.1*,2,253,1,79,1,174
44:3D:54:BE:12:3C,ALL,udp:28939,192.168.3.105*,2,253,1,174,1,79
44:3D:54:BE:12:3C,ALL,udp:22780,192.168.3.1*,2,242,1,89,1,153
44:3D:54:BE:12:3C,ALL,udp:22780,192.168.3.105*,2,242,1,153,1,89
44:3D:54:BE:12:3C,ALL,udp:17899,192.168.3.1*,2,170,1,77,1,93
44:3D:54:BE:12:3C,ALL,udp:17899,192.168.3.105*,2,170,1,93,1,77
44:3D:54:BE:12:3C,ALL,udp:59590,192.168.3.1*,2,253,1,79,1,174
44:3D:54:BE:12:3C,ALL,udp:59590,192.168.3.105*,2,253,1,174,1,79
44:3D:54:BE:12:3C,ALL,udp:57756,192.168.3.1*,2,242,1,89,1,153
44:3D:54:BE:12:3C,ALL,udp:57756,192.168.3.105*,2,242,1,153,1,89
44:3D:54:BE:12:3C,ALL,udp:58830,192.168.3.1*,2,164,1,74,1,90
44:3D:54:BE:12:3C,ALL,udp:58830,192.168.3.105*,2,164,1,90,1,74
44:3D:54:BE:12:3C,ALL,udp:8411,192.168.3.1*,2,368,1,120,1,248
44:3D:54:BE:12:3C,ALL,udp:8411,192.168.3.105*,2,368,1,248,1,120
44:3D:54:BE:12:3C,ALL,udp:16376,192.168.3.1*,2,242,1,89,1,153
44:3D:54:BE:12:3C,ALL,udp:16376,192.168.3.105*,2,242,1,153,1,89
44:3D:54:BE:12:3C,ALL,udp:56905,192.168.3.1*,2,242,1,89,1,153
44:3D:54:BE:12:3C,ALL,udp:56905,192.168.3.105*,2,242,1,153,1,89
44:3D:54:BE:12:3C,ALL,udp:53895,192.168.3.1*,2,170,1,77,1,93
44:3D:54:BE:12:3C,ALL,udp:53895,192.168.3.105*,2,170,1,93,1,77
44:3D:54:BE:12:3C,ALL,udp:48525,192.168.3.1*,2,253,1,79,1,174
44:3D:54:BE:12:3C,ALL,udp:48525,192.168.3.105*,2,253,1,174,1,79
44:3D:54:BE:12:3C,ALL,udp:20020,192.168.3.1*,2,253,1,79,1,174
44:3D:54:BE:12:3C,ALL,udp:20020,192.168.3.105*,2,253,1,174,1,79
44:3D:54:BE:12:3C,ALL,udp:12810,192.168.3.1*,2,242,1,89,1,153
44:3D:54:BE:12:3C,ALL,udp:12810,192.168.3.105*,2,242,1,153,1,89
44:3D:54:BE:12:3C,ALL,udp:13220,192.168.3.1*,2,253,1,79,1,174
44:3D:54:BE:12:3C,ALL,udp:13220,192.168.3.105*,2,253,1,174,1,79
44:3D:54:BE:12:3C,ALL,udp:32902,192.168.3.1*,2,228,1,90,1,138
44:3D:54:BE:12:3C,ALL,udp:32902,192.168.3.105*,2,228,1,138,1,90
44:3D:54:BE:12:3C,ALL,udp:55176,192.168.3.1*,2,242,1,89,1,153
44:3D:54:BE:12:3C,ALL,udp:55176,192.168.3.105*,2,242,1,153,1,89
44:3D:54:BE:12:3C,ALL,udp:47612,192.168.3.1*,2,253,1,79,1,174
44:3D:54:BE:12:3C,ALL,udp:47612,192.168.3.105*,2,253,1,174,1,79
44:3D:54:BE:12:3C,ALL,udp:16001,192.168.3.1*,2,242,1,89,1,153
44:3D:54:BE:12:3C,ALL,udp:16001,192.168.3.105*,2,242,1,153,1,89
44:3D:54:BE:12:3C,ALL,udp:14961,192.168.3.1*,2,170,1,77,1,93
44:3D:54:BE:12:3C,ALL,udp:14961,192.168.3.105*,2,170,1,93,1,77
44:3D:54:BE:12:3C,ALL,udp:40191,192.168.3.1*,2,253,1,79,1,174
44:3D:54:BE:12:3C,ALL,udp:40191,192.168.3.105*,2,253,1,174,1,79
44:3D:54:BE:12:3C,ALL,udp:60810,192.168.3.1*,2,242,1,89,1,153
44:3D:54:BE:12:3C,ALL,udp:60810,192.168.3.105*,2,242,1,153,1,89
44:3D:54:BE:12:3C,ALL,udp:22237,192.168.3.1*,2,164,1,74,1,90
44:3D:54:BE:12:3C,ALL,udp:22237,192.168.3.105*,2,164,1,90,1,74
44:3D:54:BE:12:3C,ALL,udp:19283,192.168.3.1*,2,368,1,120,1,248
44:3D:54:BE:12:3C,ALL,udp:19283,192.168.3.105*,2,368,1,248,1,120
44:3D:54:BE:12:3C,ALL,udp:2906,192.168.3.1*,2,242,1,89,1,153
44:3D:54:BE:12:3C,ALL,udp:2906,192.168.3.105*,2,242,1,153,1,89
44:3D:54:BE:12:3C,ALL,udp:36009,192.168.3.1*,2,253,1,79,1,174
44:3D:54:BE:12:3C,ALL,udp:36009,192.168.3.105*,2,253,1,174,1,79
44:3D:54:BE:12:3C,ALL,udp:63631,192.168.3.1*,2,242,1,89,1,153
44:3D:54:BE:12:3C,ALL,udp:63631,192.168.3.105*,2,242,1,153,1,89
44:3D:54:BE:12:3C,ALL,udp:9085,192.168.3.1*,2,253,1,79,1,174
44:3D:54:BE:12:3C,ALL,udp:9085,192.168.3.105*,2,253,1,174,1,79
44:3D:54:BE:12:3C,ALL,udp:5835,192.168.3.1*,2,170,1,77,1,93
44:3D:54:BE:12:3C,ALL,udp:5835,192.168.3.105*,2,170,1,93,1,77
44:3D:54:BE:12:3C,ALL,udp:19875,192.168.3.1*,2,253,1,79,1,174
44:3D:54:BE:12:3C,ALL,udp:19875,192.168.3.105*,2,253,1,174,1,79
44:3D:54:BE:12:3C,ALL,udp:36742,192.168.3.1*,2,242,1,89,1,153
44:3D:54:BE:12:3C,ALL,udp:36742,192.168.3.105*,2,242,1,153,1,89
44:3D:54:BE:12:3C,ALL,udp:38788,192.168.3.1*,2,228,1,90,1,138
44:3D:54:BE:12:3C,ALL,udp:38788,192.168.3.105*,2,228,1,138,1,90
44:3D:54:BE:12:3C,ALL,udp:53529,192.168.3.1*,2,253,1,79,1,174
44:3D:54:BE:12:3C,ALL,udp:53529,192.168.3.105*,2,253,1,174,1,79
44:3D:54:BE:12:3C,ALL,udp:10360,192.168.3.1*,2,242,1,89,1,153
44:3D:54:BE:12:3C,ALL,udp:10360,192.168.3.105*,2,242,1,153,1,89
44:3D:54:BE:12:3C,ALL,udp:18863,192.168.3.1*,2,253,1,79,1,174
44:3D:54:BE:12:3C,ALL,udp:18863,192.168.3.105*,2,253,1,174,1,79
44:3D:54:BE:12:3C,ALL,udp:55677,192.168.3.1*,2,242,1,89,1,153
44:3D:54:BE:12:3C,ALL,udp:55677,192.168.3.105*,2,242,1,153,1,89
44:3D:54:BE:12:3C,ALL,udp:56794,192.168.3.1*,2,253,1,79,1,174
44:3D:54:BE:12:3C,ALL,udp:56794,192.168.3.105*,2,253,1,174,1,79
44:3D:54:BE:12:3C,ALL,udp:63977,192.168.3.1*,2,170,1,77,1,93
44:3D:54:BE:12:3C,ALL,udp:63977,192.168.3.105*,2,170,1,93,1,77
44:3D:54:BE:12:3C,ALL,udp:9211,192.168.3.1*,2,164,1,74,1,90
44:3D:54:BE:12:3C,ALL,udp:9211,192.168.3.105*,2,164,1,90,1,74
44:3D:54:BE:12:3C,ALL,udp:27564,192.168.3.1*,2,242,1,89,1,153
44:3D:54:BE:12:3C,ALL,udp:27564,192.168.3.105*,2,242,1,153,1,89
44:3D:54:BE:12:3C,ALL,udp:60961,192.168.3.1*,2,253,1,79,1,174
44:3D:54:BE:12:3C,ALL,udp:60961,192.168.3.105*,2,253,1,174,1,79
44:3D:54:BE:12:3C,ALL,udp:34952,192.168.3.1*,2,253,1,79,1,174
44:3D:54:BE:12:3C,ALL,udp:34952,192.168.3.105*,2,253,1,174,1,79
44:3D:54:BE:12:3C,ALL,udp:36799,192.168.3.1*,2,368,1,120,1,248
44:3D:54:BE:12:3C,ALL,udp:36799,192.168.3.105*,2,368,1,248,1,120
44:3D:54:BE:12:3C,ALL,udp:47339,192.168.3.1*,2,253,1,79,1,174
44:3D:54:BE:12:3C,ALL,udp:47339,192.168.3.105*,2,253,1,174,1,79
44:3D:54:BE:12:3C,ALL,udp:50819,192.168.3.1*,2,242,1,89,1,153
44:3D:54:BE:12:3C,ALL,udp:50819,192.168.3.105*,2,242,1,153,1,89
44:3D:54:BE:12:3C,ALL,udp:32089,192.168.3.1*,2,164,1,74,1,90
44:3D:54:BE:12:3C,ALL,udp:32089,192.168.3.105*,2,164,1,90,1,74
44:3D:54:BE:12:3C,ALL,udp:16938,192.168.3.1*,2,242,1,89,1,153
44:3D:54:BE:12:3C,ALL,udp:16938,192.168.3.105*,2,242,1,153,1,89
44:3D:54:BE:12:3C,ALL,udp:30657,192.168.3.1*,2,253,1,79,1,174
44:3D:54:BE:12:3C,ALL,udp:30657,192.168.3.105*,2,253,1,174,1,79
44:3D:54:BE:12:3C,ALL,udp:62313,192.168.3.1*,2,170,1,77,1,93
44:3D:54:BE:12:3C,ALL,udp:62313,192.168.3.105*,2,170,1,93,1,77
44:3D:54:BE:12:3C,ALL,udp:8517,192.168.3.1*,2,242,1,89,1,153
44:3D:54:BE:12:3C,ALL,udp:8517,192.168.3.105*,2,242,1,153,1,89
44:3D:54:BE:12:3C,ALL,udp:16784,192.168.3.1*,2,228,1,90,1,138
44:3D:54:BE:12:3C,ALL,udp:16784,192.168.3.105*,2,228,1,138,1,90
44:3D:54:BE:12:3C,ALL,udp:53815,192.168.3.1*,2,242,1,89,1,153
44:3D:54:BE:12:3C,ALL,udp:53815,192.168.3.105*,2,242,1,153,1,89
44:3D:54:BE:12:3C,ALL,udp:53073,192.168.3.1*,2,253,1,79,1,174
44:3D:54:BE:12:3C,ALL,udp:53073,192.168.3.105*,2,253,1,174,1,79
44:3D:54:BE:12:3C,ALL,udp:7415,192.168.3.1*,2,253,1,79,1,174
44:3D:54:BE:12:3C,ALL,udp:7415,192.168.3.105*,2,253,1,174,1,79
44:3D:54:BE:12:3C,ALL,udp:13367,192.168.3.1*,2,242,1,89,1,153
44:3D:54:BE:12:3C,ALL,udp:13367,192.168.3.105*,2,242,1,153,1,89
44:3D:54:BE:12:3C,ALL,udp:65151,192.168.3.1*,2,253,1,79,1,174
44:3D:54:BE:12:3C,ALL,udp:65151,192.168.3.105*,2,253,1,174,1,79
44:3D:54:BE:12:3C,ALL,udp:21490,192.168.3.1*,2,242,1,89,1,153
44:3D:54:BE:12:3C,ALL,udp:21490,192.168.3.105*,2,242,1,153,1,89
44:3D:54:BE:12:3C,ALL,udp:59519,192.168.3.1*,2,368,1,120,1,248
44:3D:54:BE:12:3C,ALL,udp:59519,192.168.3.105*,2,368,1,248,1,120
44:3D:54:BE:12:3C,ALL,udp:56652,192.168.3.1*,2,242,1,89,1,153
44:3D:54:BE:12:3C,ALL,udp:56652,192.168.3.105*,2,242,1,153,1,89
44:3D:54:BE:12:3C,ALL,udp:15975,192.168.3.1*,2,253,1,79,1,174
44:3D:54:BE:12:3C,ALL,udp:15975,192.168.3.105*,2,253,1,174,1,79
44:3D:54:BE:12:3C,ALL,udp:18666,192.168.3.1*,2,242,1,89,1,153
44:3D:54:BE:12:3C,ALL,udp:18666,192.168.3.105*,2,242,1,153,1,89
44:3D:54:BE:12:3C,ALL,udp:34507,192.168.3.1*,2,170,1,77,1,93
44:3D:54:BE:12:3C,ALL,udp:34507,192.168.3.105*,2,170,1,93,1,77
44:3D:54:BE:12:3C,ALL,udp:17250,192.168.3.1*,2,242,1,89,1,153
44:3D:54:BE:12:3C,ALL,udp:17250,192.168.3.105*,2,242,1,153,1,89
44:3D:54:BE:12:3C,ALL,udp:40193,192.168.3.1*,2,242,1,89,1,153
44:3D:54:BE:12:3C,ALL,udp:40193,192.168.3.105*,2,242,1,153,1,89
44:3D:54:BE:12:3C,ALL,udp:53748,192.168.3.1*,2,253,1,79,1,174
44:3D:54:BE:12:3C,ALL,udp:53748,192.168.3.105*,2,253,1,174,1,79
44:3D:54:BE:12:3C,ALL,udp:32521,192.168.3.1*,2,253,1,79,1,174
44:3D:54:BE:12:3C,ALL,udp:32521,192.168.3.105*,2,253,1,174,1,79
44:3D:54:BE:12:3C,ALL,udp:2832,192.168.3.1*,2,242,1,89,1,153
44:3D:54:BE:12:3C,ALL,udp:2832,192.168.3.105*,2,242,1,153,1,89
44:3D:54:BE:12:3C,ALL,udp:24747,192.168.3.1*,2,253,1,79,1,174
44:3D:54:BE:12:3C,ALL,udp:24747,192.168.3.105*,2,253,1,174,1,79
44:3D:54:BE:12:3C,ALL,udp:9292,192.168.3.1*,2,170,1,77,1,93
44:3D:54:BE:12:3C,ALL,udp:9292,192.168.3.105*,2,170,1,93,1,77
44:3D:54:BE:12:3C,ALL,udp:62938,192.168.3.1*,2,164,1,74,1,90
44:3D:54:BE:12:3C,ALL,udp:62938,192.168.3.105*,2,164,1,90,1,74
44:3D:54:BE:12:3C,ALL,udp:56946,192.168.3.1*,2,242,1,89,1,153
44:3D:54:BE:12:3C,ALL,udp:56946,192.168.3.105*,2,242,1,153,1,89
44:3D:54:BE:12:3C,ALL,udp:4121,192.168.3.1*,2,253,1,79,1,174
44:3D:54:BE:12:3C,ALL,udp:4121,192.168.3.105*,2,253,1,174,1,79
44:3D:54:BE:12:3C,ALL,udp:16764,192.168.3.1*,2,253,1,79,1,174
44:3D:54:BE:12:3C,ALL,udp:16764,192.168.3.105*,2,253,1,174,1,79
44:3D:54:BE:12:3C,ALL,udp:26180,192.168.3.1*,2,368,1,120,1,248
44:3D:54:BE:12:3C,ALL,udp:26180,192.168.3.105*,2,368,1,248,1,120
44:3D:54:BE:12:3C,ALL,udp:7991,192.168.3.1*,2,253,1,79,1,174
44:3D:54:BE:12:3C,ALL,udp:7991,192.168.3.105*,2,253,1,174,1,79
44:3D:54:BE:12:3C,ALL,udp:20615,192.168.3.1*,2,242,1,89,1,153
44:3D:54:BE:12:3C,ALL,udp:20615,192.168.3.105*,2,242,1,153,1,89
44:3D:54:BE:12:3C,ALL,udp:34090,192.168.3.1*,2,253,1,79,1,174
44:3D:54:BE:12:3C,ALL,udp:34090,192.168.3.105*,2,253,1,174,1,79
44:3D:54:BE:12:3C,ALL,udp:56819,192.168.3.1*,2,242,1,89,1,153
44:3D:54:BE:12:3C,ALL,udp:56819,192.168.3.105*,2,242,1,153,1,89
44:3D:54:BE:12:3C,ALL,udp:28584,192.168.3.1*,2,170,1,77,1,93
44:3D:54:BE:12:3C,ALL,udp:28584,192.168.3.105*,2,170,1,93,1,77
44:3D:54:BE:12:3C,ALL,udp:28692,192.168.3.1*,2,253,1,79,1,174
44:3D:54:BE:12:3C,ALL,udp:28692,192.168.3.105*,2,253,1,174,1,79
44:3D:54:BE:12:3C,ALL,udp:33650,192.168.3.1*,2,228,1,90,1,138
44:3D:54:BE:12:3C,ALL,udp:33650,192.168.3.105*,2,228,1,138,1,90
44:3D:54:BE:12:3C,ALL,udp:40908,192.168.3.1*,2,242,1,89,1,153
44:3D:54:BE:12:3C,ALL,udp:40908,192.168.3.105*,2,242,1,153,1,89
44:3D:54:BE:12:3C,ALL,udp:42977,192.168.3.1*,2,253,1,79,1,174
44:3D:54:BE:12:3C,ALL,udp:42977,192.168.3.105*,2,253,1,174,1,79
44:3D:54:BE:12:3C,ALL,udp:12002,192.168.3.1*,2,253,1,79,1,174
44:3D:54:BE:12:3C,ALL,udp:12002,192.168.3.105*,2,253,1,174,1,79
44:3D:54:BE:12:3C,ALL,udp:33442,192.168.3.1*,2,242,1,89,1,153
44:3D:54:BE:12:3C,ALL,udp:33442,192.168.3.105*,2,242,1,153,1,89
44:3D:54:BE:12:3C,ALL,udp:41471,192.168.3.1*,2,253,1,79,1,174
44:3D:54:BE:12:3C,ALL,udp:41471,192.168.3.105*,2,253,1,174,1,79
44:3D:54:BE:12:3C,ALL,udp:34873,192.168.3.1*,2,242,1,89,1,153
44:3D:54:BE:12:3C,ALL,udp:34873,192.168.3.105*,2,242,1,153,1,89
44:3D:54:BE:12:3C,ALL,udp:28910,192.168.3.1*,2,170,1,77,1,93
44:3D:54:BE:12:3C,ALL,udp:28910,192.168.3.105*,2,170,1,93,1,77
44:3D:54:BE:12:3C,ALL,udp:60772,192.168.3.1*,2,253,1,79,1,174
44:3D:54:BE:12:3C,ALL,udp:60772,192.168.3.105*,2,253,1,174,1,79
44:3D:54:BE:12:3C,ALL,udp:56335,192.168.3.1*,2,242,1,89,1,153
44:3D:54:BE:12:3C,ALL,udp:56335,192.168.3.105*,2,242,1,153,1,89
44:3D:54:BE:12:3C,ALL,udp:20490,192.168.3.1*,2,368,1,120,1,248
44:3D:54:BE:12:3C,ALL,udp:20490,192.168.3.105*,2,368,1,248,1,120
44:3D:54:BE:12:3C,ALL,udp:23998,192.168.3.1*,2,242,1,89,1,153
44:3D:54:BE:12:3C,ALL,udp:23998,192.168.3.105*,2,242,1,153,1,89
44:3D:54:BE:12:3C,ALL,udp:60539,192.168.3.1*,2,242,1,89,1,153
44:3D:54:BE:12:3C,ALL,udp:60539,192.168.3.105*,2,242,1,153,1,89
44:3D:54:BE:12:3C,ALL,udp:46817,192.168.3.1*,2,170,1,77,1,93
44:3D:54:BE:12:3C,ALL,udp:46817,192.168.3.105*,2,170,1,93,1,77
44:3D:54:BE:12:3C,ALL,udp:53040,192.168.3.1*,2,228,1,90,1,138
44:3D:54:BE:12:3C,ALL,udp:53040,192.168.3.105*,2,228,1,138,1,90
44:3D:54:BE:12:3C,ALL,udp:8130,192.168.3.1*,2,253,1,79,1,174
44:3D:54:BE:12:3C,ALL,udp:8130,192.168.3.105*,2,253,1,174,1,79
44:3D:54:BE:12:3C,ALL,udp:19538,192.168.3.1*,2,253,1,79,1,174
44:3D:54:BE:12:3C,ALL,udp:19538,192.168.3.105*,2,253,1,174,1,79
44:3D:54:BE:12:3C,ALL,udp:4288,192.168.3.1*,2,242,1,89,1,153
44:3D:54:BE:12:3C,ALL,udp:4288,192.168.3.105*,2,242,1,153,1,89
44:3D:54:BE:12:3C,ALL,udp:1734,192.168.3.1*,2,253,1,79,1,174
44:3D:54:BE:12:3C,ALL,udp:1734,192.168.3.105*,2,253,1,174,1,79
44:3D:54:BE:12:3C,ALL,udp:40677,192.168.3.1*,2,242,1,89,1,153
44:3D:54:BE:12:3C,ALL,udp:40677,192.168.3.105*,2,242,1,153,1,89
44:3D:54:BE:12:3C,ALL,udp:23970,192.168.3.1*,2,242,1,89,1,153
44:3D:54:BE:12:3C,ALL,udp:23970,192.168.3.105*,2,242,1,153,1,89
44:3D:54:BE:12:3C,ALL,udp:5154,192.168.3.1*,2,164,1,74,1,90
44:3D:54:BE:12:3C,ALL,udp:5154,192.168.3.105*,2,164,1,90,1,74
44:3D:54:BE:12:3C,ALL,udp:14904,192.168.3.1*,2,170,1,77,1,93
44:3D:54:BE:12:3C,ALL,udp:14904,192.168.3.105*,2,170,1,93,1,77
44:3D:54:BE:12:3C,ALL,udp:59287,192.168.3.1*,2,253,1,79,1,174
44:3D:54:BE:12:3C,ALL,udp:59287,192.168.3.105*,2,253,1,174,1,79
44:3D:54:BE:12:3C,ALL,udp:46037,192.168.3.1*,2,242,1,89,1,153
44:3D:54:BE:12:3C,ALL,udp:46037,192.168.3.105*,2,242,1,153,1,89
44:3D:54:BE:12:3C,ALL,udp:9876,192.168.3.1*,2,368,1,120,1,248
44:3D:54:BE:12:3C,ALL,udp:9876,192.168.3.105*,2,368,1,248,1,120
44:3D:54:BE:12:3C,ALL,udp:3692,192.168.3.1*,2,242,1,89,1,153
44:3D:54:BE:12:3C,ALL,udp:3692,192.168.3.105*,2,242,1,153,1,89
44:3D:54:BE:12:3C,ALL,udp:32226,192.168.3.1*,2,253,1,79,1,174
44:3D:54:BE:12:3C,ALL,udp:32226,192.168.3.105*,2,253,1,174,1,79
44:3D:54:BE:12:3C,ALL,udp:43742,192.168.3.1*,2,242,1,89,1,153
44:3D:54:BE:12:3C,ALL,udp:43742,192.168.3.105*,2,242,1,153,1,89
44:3D:54:BE:12:3C,ALL,udp:48735,192.168.3.1*,2,253,1,79,1,174
44:3D:54:BE:12:3C,ALL,udp:48735,192.168.3.105*,2,253,1,174,1,79
44:3D:54:BE:12:3C,ALL,udp:52310,192.168.3.1*,2,228,1,90,1,138
44:3D:54:BE:12:3C,ALL,udp:52310,192.168.3.105*,2,228,1,138,1,90
44:3D:54:BE:12:3C,ALL,udp:44806,192.168.3.1*,2,170,1,77,1,93
44:3D:54:BE:12:3C,ALL,udp:44806,192.168.3.105*,2,170,1,93,1,77
44:3D:54:BE:12:3C,ALL,udp:36285,192.168.3.1*,2,253,1,79,1,174
44:3D:54:BE:12:3C,ALL,udp:36285,192.168.3.105*,2,253,1,174,1,79
44:3D:54:BE:12:3C,ALL,udp:14029,192.168.3.1*,2,253,1,79,1,174
44:3D:54:BE:12:3C,ALL,udp:14029,192.168.3.105*,2,253,1,174,1,79
44:3D:54:BE:12:3C,ALL,udp:32899,192.168.3.1*,2,242,1,89,1,153
44:3D:54:BE:12:3C,ALL,udp:32899,192.168.3.105*,2,242,1,153,1,89
44:3D:54:BE:12:3C,ALL,udp:7949,192.168.3.1*,2,253,1,79,1,174
44:3D:54:BE:12:3C,ALL,udp:7949,192.168.3.105*,2,253,1,174,1,79
44:3D:54:BE:12:3C,ALL,udp:18944,192.168.3.1*,2,242,1,89,1,153
44:3D:54:BE:12:3C,ALL,udp:18944,192.168.3.105*,2,242,1,153,1,89
44:3D:54:BE:12:3C,ALL,udp:42737,192.168.3.1*,2,242,1,89,1,153
44:3D:54:BE:12:3C,ALL,udp:42737,192.168.3.105*,2,242,1,153,1,89
44:3D:54:BE:12:3C,ALL,udp:40332,192.168.3.1*,2,253,1,79,1,174
44:3D:54:BE:12:3C,ALL,udp:40332,192.168.3.105*,2,253,1,174,1,79
44:3D:54:BE:12:3C,ALL,udp:65473,192.168.3.1*,2,401,1,86,1,315
44:3D:54:BE:12:3C,ALL,udp:65473,192.168.3.105*,2,401,1,315,1,86
44:3D:54:BE:12:3C,ALL,udp:44344,192.168.3.1*,2,253,1,79,1,174
44:3D:54:BE:12:3C,ALL,udp:44344,192.168.3.105*,2,253,1,174,1,79
44:3D:54:BE:12:3C,ALL,udp:11393,192.168.3.1*,2,242,1,89,1,153
44:3D:54:BE:12:3C,ALL,udp:11393,192.168.3.105*,2,242,1,153,1,89
44:3D:54:BE:12:3C,ALL,udp:27762,192.168.3.1*,2,170,1,77,1,93
44:3D:54:BE:12:3C,ALL,udp:27762,192.168.3.105*,2,170,1,93,1,77
44:3D:54:BE:12:3C,ALL,udp:59255,192.168.3.1*,2,253,1,79,1,174
44:3D:54:BE:12:3C,ALL,udp:59255,192.168.3.105*,2,253,1,174,1,79
44:3D:54:BE:12:3C,ALL,udp:43479,192.168.3.1*,2,253,1,79,1,174
44:3D:54:BE:12:3C,ALL,udp:43479,192.168.3.105*,2,253,1,174,1,79
44:3D:54:BE:12:3C,ALL,udp:65320,192.168.3.1*,2,242,1,89,1,153
44:3D:54:BE:12:3C,ALL,udp:65320,192.168.3.105*,2,242,1,153,1,89
44:3D:54:BE:12:3C,ALL,udp:29883,192.168.3.1*,2,368,1,120,1,248
44:3D:54:BE:12:3C,ALL,udp:29883,192.168.3.105*,2,368,1,248,1,120
44:3D:54:BE:12:3C,ALL,udp:22592,192.168.3.1*,2,253,1,79,1,174
44:3D:54:BE:12:3C,ALL,udp:22592,192.168.3.105*,2,253,1,174,1,79
44:3D:54:BE:12:3C,ALL,udp:38361,192.168.3.1*,2,242,1,89,1,153
44:3D:54:BE:12:3C,ALL,udp:38361,192.168.3.105*,2,242,1,153,1,89
44:3D:54:BE:12:3C,ALL,udp:61940,192.168.3.1*,2,228,1,90,1,138
44:3D:54:BE:12:3C,ALL,udp:61940,192.168.3.105*,2,228,1,138,1,90
44:3D:54:BE:12:3C,ALL,udp:37382,192.168.3.1*,2,170,1,77,1,93
44:3D:54:BE:12:3C,ALL,udp:37382,192.168.3.105*,2,170,1,93,1,77
44:3D:54:BE:12:3C,ALL,udp:17432,192.168.3.1*,2,253,1,79,1,174
44:3D:54:BE:12:3C,ALL,udp:17432,192.168.3.105*,2,253,1,174,1,79
44:3D:54:BE:12:3C,ALL,udp:30068,192.168.3.1*,2,242,1,89,1,153
44:3D:54:BE:12:3C,ALL,udp:30068,192.168.3.105*,2,242,1,153,1,89
44:3D:54:BE:12:3C,ALL,udp:50652,192.168.3.1*,2,242,1,89,1,153
44:3D:54:BE:12:3C,ALL,udp:50652,192.168.3.105*,2,242,1,153,1,89
44:3D:54:BE:12:3C,ALL,udp:44643,192.168.3.1*,2,253,1,79,1,174
44:3D:54:BE:12:3C,ALL,udp:44643,192.168.3.105*,2,253,1,174,1,79
44:3D:54:BE:12:3C,ALL,udp:18833,192.168.3.1*,2,164,1,74,1,90
44:3D:54:BE:12:3C,ALL,udp:18833,192.168.3.105*,2,164,1,90,1,74
44:3D:54:BE:12:3C,ALL,udp:16290,192.168.3.1*,2,242,1,89,1,153
44:3D:54:BE:12:3C,ALL,udp:16290,192.168.3.105*,2,242,1,153,1,89
44:3D:54:BE:12:3C,ALL,udp:24593,192.168.3.1*,2,170,1,77,1,93
44:3D:54:BE:12:3C,ALL,udp:24593,192.168.3.105*,2,170,1,93,1,77
44:3D:54:BE:12:3C,ALL,udp:44856,192.168.3.1*,2,253,1,79,1,174
44:3D:54:BE:12:3C,ALL,udp:44856,192.168.3.105*,2,253,1,174,1,79
44:3D:54:BE:12:3C,ALL,udp:36299,192.168.3.1*,2,253,1,79,1,174
44:3D:54:BE:12:3C,ALL,udp:36299,192.168.3.105*,2,253,1,174,1,79
44:3D:54:BE:12:3C,ALL,udp:19806,192.168.3.1*,2,368,1,120,1,248
44:3D:54:BE:12:3C,ALL,udp:19806,192.168.3.105*,2,368,1,248,1,120
44:3D:54:BE:12:3C,ALL,udp:8367,192.168.3.1*,2,228,1,90,1,138
44:3D:54:BE:12:3C,ALL,udp:8367,192.168.3.105*,2,228,1,138,1,90
44:3D:54:BE:12:3C,ALL,udp:23862,192.168.3.1*,2,242,1,89,1,153
44:3D:54:BE:12:3C,ALL,udp:23862,192.168.3.105*,2,242,1,153,1,89
44:3D:54:BE:12:3C,ALL,udp:6947,192.168.3.1*,2,253,1,79,1,174
44:3D:54:BE:12:3C,ALL,udp:6947,192.168.3.105*,2,253,1,174,1,79
44:3D:54:BE:12:3C,ALL,udp:57079,192.168.3.1*,2,228,1,90,1,138
44:3D:54:BE:12:3C,ALL,udp:57079,192.168.3.105*,2,228,1,138,1,90
44:3D:54:BE:12:3C,ALL,udp:55229,192.168.3.1*,2,242,1,89,1,153
44:3D:54:BE:12:3C,ALL,udp:55229,192.168.3.105*,2,242,1,153,1,89
44:3D:54:BE:12:3C,ALL,udp:44480,192.168.3.1*,2,170,1,77,1,93
44:3D:54:BE:12:3C,ALL,udp:44480,192.168.3.105*,2,170,1,93,1,77
44:3D:54:BE:12:3C,ALL,udp:62141,192.168.3.1*,2,253,1,79,1,174
44:3D:54:BE:12:3C,ALL,udp:62141,192.168.3.105*,2,253,1,174,1,79
44:3D:54:BE:12:3C,ALL,udp:18332,192.168.3.1*,2,253,1,79,1,174
44:3D:54:BE:12:3C,ALL,udp:18332,192.168.3.105*,2,253,1,174,1,79
44:3D:54:BE:12:3C,ALL,udp:10446,192.168.3.1*,2,242,1,89,1,153
44:3D:54:BE:12:3C,ALL,udp:10446,192.168.3.105*,2,242,1,153,1,89
44:3D:54:BE:12:3C,ALL,udp:50276,192.168.3.1*,2,253,1,79,1,174
44:3D:54:BE:12:3C,ALL,udp:50276,192.168.3.105*,2,253,1,174,1,79
44:3D:54:BE:12:3C,ALL,udp:40855,192.168.3.1*,2,242,1,89,1,153
44:3D:54:BE:12:3C,ALL,udp:40855,192.168.3.105*,2,242,1,153,1,89
44:3D:54:BE:12:3C,ALL,udp:15884,192.168.3.1*,2,253,1,79,1,174
44:3D:54:BE:12:3C,ALL,udp:15884,192.168.3.105*,2,253,1,174,1,79
44:3D:54:BE:12:3C,ALL,udp:10537,192.168.3.1*,2,242,1,89,1,153
44:3D:54:BE:12:3C,ALL,udp:10537,192.168.3.105*,2,242,1,153,1,89
44:3D:54:BE:12:3C,ALL,udp:63676,192.168.3.1*,2,170,1,77,1,93
44:3D:54:BE:12:3C,ALL,udp:63676,192.168.3.105*,2,170,1,93,1,77
44:3D:54:BE:12:3C,ALL,udp:27214,192.168.3.1*,2,242,1,89,1,153
44:3D:54:BE:12:3C,ALL,udp:27214,192.168.3.105*,2,242,1,153,1,89
44:3D:54:BE:12:3C,ALL,udp:62227,192.168.3.1*,2,368,1,120,1,248
44:3D:54:BE:12:3C,ALL,udp:62227,192.168.3.105*,2,368,1,248,1,120
44:3D:54:BE:12:3C,ALL,udp:55642,192.168.3.1*,2,164,1,74,1,90
44:3D:54:BE:12:3C,ALL,udp:55642,192.168.3.105*,2,164,1,90,1,74
44:3D:54:BE:12:3C,ALL,udp:58930,192.168.3.1*,2,242,1,89,1,153
44:3D:54:BE:12:3C,ALL,udp:58930,192.168.3.105*,2,242,1,153,1,89
44:3D:54:BE:12:3C,ALL,udp:29866,192.168.3.1*,2,253,1,79,1,174
44:3D:54:BE:12:3C,ALL,udp:29866,192.168.3.105*,2,253,1,174,1,79
44:3D:54:BE:12:3C,ALL,udp:31561,192.168.3.1*,2,228,1,90,1,138
44:3D:54:BE:12:3C,ALL,udp:31561,192.168.3.105*,2,228,1,138,1,90
44:3D:54:BE:12:3C,ALL,udp:30627,192.168.3.1*,2,242,1,89,1,153
44:3D:54:BE:12:3C,ALL,udp:30627,192.168.3.105*,2,242,1,153,1,89
44:3D:54:BE:12:3C,ALL,udp:34748,192.168.3.1*,2,170,1,77,1,93
44:3D:54:BE:12:3C,ALL,udp:34748,192.168.3.105*,2,170,1,93,1,77
44:3D:54:BE:12:3C,ALL,udp:8056,192.168.3.1*,1,89,1,89,0,0
44:3D:54:BE:12:3C,ALL,udp:8056,192.168.3.105*,1,89,0,0,1,89
44:3D:54:BE:12:3C,ALL,udp:35461,192.168.3.1*,1,89,1,89,0,0
44:3D:54:BE:12:3C,ALL,udp:35461,192.168.3.105*,1,89,0,0,1,89
44:3D:54:BE:12:3C,ALL,udp:56700,192.168.3.105*,174,13572,0,0,174,13572
44:3D:54:BE:12:3C,ALL,udp:56700,255.255.255.255*,174,13572,174,13572,0,0
44:3D:54:BE:12:3C,ALL,udp:1982,192.168.3.105*,174,23838,0,0,174,23838
44:3D:54:BE:12:3C,ALL,udp:1982,239.255.255.250*,174,23838,174,23838,0,0
