MAC,WAN/LAN,Protocol,IP,TotalPackets,TotalBytes,TxPackets,TxBytes,RxPackets,RxBytes
64:B7:08:A9:2B:20,ALL,ip,108.181.220.94,1,90,1,90,0,0
64:B7:08:A9:2B:20,ALL,ip,142.202.190.19,2,180,1,90,1,90
64:B7:08:A9:2B:20,ALL,ip,159.203.82.102,2,180,1,90,1,90
64:B7:08:A9:2B:20,ALL,ip,167.248.62.201,2,180,1,90,1,90
64:B7:08:A9:2B:20,ALL,ip,173.255.255.133,2,180,1,90,1,90
64:B7:08:A9:2B:20,ALL,ip,192.168.3.1,3116,390386,1567,121706,1549,268680
64:B7:08:A9:2B:20,ALL,ip,198.199.14.18,2,180,1,90,1,90
64:B7:08:A9:2B:20,ALL,ip,198.71.50.75,2,180,1,90,1,90
64:B7:08:A9:2B:20,ALL,ip,208.76.2.12,2,180,1,90,1,90
64:B7:08:A9:2B:20,ALL,ip,209.54.177.114,57,17118,31,3956,26,13162
64:B7:08:A9:2B:20,ALL,ip,209.54.177.117,84,25596,45,5853,39,19743
64:B7:08:A9:2B:20,ALL,ip,209.54.177.153,141,42743,76,9809,65,32934
64:B7:08:A9:2B:20,ALL,ip,209.54.177.154,139,42606,74,9701,65,32905
64:B7:08:A9:2B:20,ALL,ip,209.54.177.157,85,25650,45,5853,40,19797
64:B7:08:A9:2B:20,ALL,ip,209.54.178.134,28,8532,15,1951,13,6581
64:B7:08:A9:2B:20,ALL,ip,209.54.178.164,136,42444,73,9647,63,32797
64:B7:08:A9:2B:20,ALL,ip,209.54.178.166,29,8586,16,2005,13,6581
64:B7:08:A9:2B:20,ALL,ip,209.54.179.88,84,25625,45,5853,39,19772
64:B7:08:A9:2B:20,ALL,ip,209.54.179.93,28,8532,15,1951,13,6581
64:B7:08:A9:2B:20,ALL,ip,209.54.180.25,57,17118,31,3956,26,13162
64:B7:08:A9:2B:20,ALL,ip,209.54.180.27,166,51084,89,11652,77,39432
64:B7:08:A9:2B:20,ALL,ip,209.54.180.44,84,25596,45,5853,39,19743
64:B7:08:A9:2B:20,ALL,ip,209.54.181.4,56,17064,30,3902,26,13162
64:B7:08:A9:2B:20,ALL,ip,216.31.16.12,2,180,1,90,1,90
64:B7:08:A9:2B:20,ALL,ip,3.86.4.106,273,24570,138,12420,135,12150
64:B7:08:A9:2B:20,ALL,ip,3.87.127.143,288,25920,146,13140,142,12780
64:B7:08:A9:2B:20,ALL,ip,3.94.91.31,302,27180,152,13680,150,13500
64:B7:08:A9:2B:20,ALL,ip,44.201.148.133,259,23310,130,11700,129,11610
64:B7:08:A9:2B:20,ALL,ip,44.215.134.182,80,23559,44,6429,36,17130
64:B7:08:A9:2B:20,ALL,ip,44.215.138.245,26,7817,14,2107,12,5710
64:B7:08:A9:2B:20,ALL,ip,5.161.196.15,2,180,1,90,1,90
64:B7:08:A9:2B:20,ALL,ip,5.161.44.72,3,270,2,180,1,90
64:B7:08:A9:2B:20,ALL,ip,50.205.57.38,2,180,1,90,1,90
64:B7:08:A9:2B:20,ALL,ip,51.81.226.229,1,90,1,90,0,0
64:B7:08:A9:2B:20,ALL,ip,52.119.196.31,140,42660,75,9755,65,32905
64:B7:08:A9:2B:20,ALL,ip,52.119.198.101,198,59832,106,13711,92,46121
64:B7:08:A9:2B:20,ALL,ip,52.119.198.106,166,51084,89,11652,77,39432
64:B7:08:A9:2B:20,ALL,ip,52.119.198.109,56,17064,30,3902,26,13162
64:B7:08:A9:2B:20,ALL,ip,52.119.198.118,57,17118,30,3902,27,13216
64:B7:08:A9:2B:20,ALL,ip,52.119.198.186,83,25542,44,5799,39,19743
64:B7:08:A9:2B:20,ALL,ip,52.119.198.189,58,17172,31,3956,27,13216
64:B7:08:A9:2B:20,ALL,ip,52.119.198.2,57,17118,31,3956,26,13162
64:B7:08:A9:2B:20,ALL,ip,52.207.222.50,286,25740,143,12870,143,12870
64:B7:08:A9:2B:20,ALL,ip,52.46.128.81,83,25542,45,5853,38,19689
64:B7:08:A9:2B:20,ALL,ip,52.46.131.169,57,17118,31,3956,26,13162
64:B7:08:A9:2B:20,ALL,ip,52.46.131.184,138,42552,74,9701,64,32851
64:B7:08:A9:2B:20,ALL,ip,52.46.131.209,113,34182,61,7858,52,26324
64:B7:08:A9:2B:20,ALL,ip,52.46.143.123,28,8532,15,1951,13,6581
64:B7:08:A9:2B:20,ALL,ip,52.46.146.126,28,8532,15,1951,13,6581
64:B7:08:A9:2B:20,ALL,ip,52.46.149.20,28,8532,15,1951,13,6581
64:B7:08:A9:2B:20,ALL,ip,52.46.149.29,111,34074,59,7750,52,26324
64:B7:08:A9:2B:20,ALL,ip,52.46.149.57,142,42768,75,9755,67,33013
64:B7:08:A9:2B:20,ALL,ip,52.46.155.112,82,25488,44,5799,38,19689
64:B7:08:A9:2B:20,ALL,ip,52.46.158.193,85,25650,45,5853,40,19797
64:B7:08:A9:2B:20,ALL,ip,52.94.240.240,169,51246,91,11760,78,39486
64:B7:08:A9:2B:20,ALL,ip,52.94.241.146,28,8532,15,1951,13,6581
64:B7:08:A9:2B:20,ALL,ip,52.94.242.236,113,34182,60,7804,53,26378
64:B7:08:A9:2B:20,ALL,ip,54.161.254.100,299,26910,150,13500,149,13410
64:B7:08:A9:2B:20,ALL,ip,54.166.46.86,4541,447704,2886,312688,1655,135016
64:B7:08:A9:2B:20,ALL,ip,54.197.201.248,277,24930,139,12510,138,12420
64:B7:08:A9:2B:20,ALL,ip,54.210.225.137,273,24570,137,12330,136,12240
64:B7:08:A9:2B:20,ALL,ip,54.239.27.82,56,17064,30,3902,26,13162
64:B7:08:A9:2B:20,ALL,ip,54.81.127.33,266,23940,133,11970,133,11970
64:B7:08:A9:2B:20,ALL,ip,54.90.191.9,259,23310,130,11700,129,11610
64:B7:08:A9:2B:20,ALL,ip,69.89.207.99,2,180,1,90,1,90
64:B7:08:A9:2B:20,ALL,ip,72.21.207.143,85,25650,45,5853,40,19797
64:B7:08:A9:2B:20,ALL,tcp,209.54.177.114,57,17118,31,3956,26,13162
64:B7:08:A9:2B:20,ALL,tcp,209.54.177.117,84,25596,45,5853,39,19743
64:B7:08:A9:2B:20,ALL,tcp,209.54.177.153,141,42743,76,9809,65,32934
64:B7:08:A9:2B:20,ALL,tcp,209.54.177.154,139,42606,74,9701,65,32905
64:B7:08:A9:2B:20,ALL,tcp,209.54.177.157,85,25650,45,5853,40,19797
64:B7:08:A9:2B:20,ALL,tcp,209.54.178.134,28,8532,15,1951,13,6581
64:B7:08:A9:2B:20,ALL,tcp,209.54.178.164,136,42444,73,9647,63,32797
64:B7:08:A9:2B:20,ALL,tcp,209.54.178.166,29,8586,16,2005,13,6581
64:B7:08:A9:2B:20,ALL,tcp,209.54.179.88,84,25625,45,5853,39,19772
64:B7:08:A9:2B:20,ALL,tcp,209.54.179.93,28,8532,15,1951,13,6581
64:B7:08:A9:2B:20,ALL,tcp,209.54.180.25,57,17118,31,3956,26,13162
64:B7:08:A9:2B:20,ALL,tcp,209.54.180.27,166,51084,89,11652,77,39432
64:B7:08:A9:2B:20,ALL,tcp,209.54.180.44,84,25596,45,5853,39,19743
64:B7:08:A9:2B:20,ALL,tcp,209.54.181.4,56,17064,30,3902,26,13162
64:B7:08:A9:2B:20,ALL,tcp,44.215.134.182,80,23559,44,6429,36,17130
64:B7:08:A9:2B:20,ALL,tcp,44.215.138.245,26,7817,14,2107,12,5710
64:B7:08:A9:2B:20,ALL,tcp,52.119.196.31,140,42660,75,9755,65,32905
64:B7:08:A9:2B:20,ALL,tcp,52.119.198.101,198,59832,106,13711,92,46121
64:B7:08:A9:2B:20,ALL,tcp,52.119.198.106,166,51084,89,11652,77,39432
64:B7:08:A9:2B:20,ALL,tcp,52.119.198.109,56,17064,30,3902,26,13162
64:B7:08:A9:2B:20,ALL,tcp,52.119.198.118,57,17118,30,3902,27,13216
64:B7:08:A9:2B:20,ALL,tcp,52.119.198.186,83,25542,44,5799,39,19743
64:B7:08:A9:2B:20,ALL,tcp,52.119.198.189,58,17172,31,3956,27,13216
64:B7:08:A9:2B:20,ALL,tcp,52.119.198.2,57,17118,31,3956,26,13162
64:B7:08:A9:2B:20,ALL,tcp,52.46.128.81,83,25542,45,5853,38,19689
64:B7:08:A9:2B:20,ALL,tcp,52.46.131.169,57,17118,31,3956,26,13162
64:B7:08:A9:2B:20,ALL,tcp,52.46.131.184,138,42552,74,9701,64,32851
64:B7:08:A9:2B:20,ALL,tcp,52.46.131.209,113,34182,61,7858,52,26324
64:B7:08:A9:2B:20,ALL,tcp,52.46.143.123,28,8532,15,1951,13,6581
64:B7:08:A9:2B:20,ALL,tcp,52.46.146.126,28,8532,15,1951,13,6581
64:B7:08:A9:2B:20,ALL,tcp,52.46.149.20,28,8532,15,1951,13,6581
64:B7:08:A9:2B:20,ALL,tcp,52.46.149.29,111,34074,59,7750,52,26324
64:B7:08:A9:2B:20,ALL,tcp,52.46.149.57,142,42768,75,9755,67,33013
64:B7:08:A9:2B:20,ALL,tcp,52.46.155.112,82,25488,44,5799,38,19689
64:B7:08:A9:2B:20,ALL,tcp,52.46.158.193,85,25650,45,5853,40,19797
64:B7:08:A9:2B:20,ALL,tcp,52.94.240.240,169,51246,91,11760,78,39486
64:B7:08:A9:2B:20,ALL,tcp,52.94.241.146,28,8532,15,1951,13,6581
64:B7:08:A9:2B:20,ALL,tcp,52.94.242.236,113,34182,60,7804,53,26378
64:B7:08:A9:2B:20,ALL,tcp,54.166.46.86,4541,447704,2886,312688,1655,135016
64:B7:08:A9:2B:20,ALL,tcp,54.239.27.82,56,17064,30,3902,26,13162
64:B7:08:A9:2B:20,ALL,tcp,72.21.207.143,85,25650,45,5853,40,19797
64:B7:08:A9:2B:20,ALL,udp,108.181.220.94,1,90,1,90,0,0
64:B7:08:A9:2B:20,ALL,udp,142.202.190.19,2,180,1,90,1,90
64:B7:08:A9:2B:20,ALL,udp,159.203.82.102,2,180,1,90,1,90
64:B7:08:A9:2B:20,ALL,udp,167.248.62.201,2,180,1,90,1,90
64:B7:08:A9:2B:20,ALL,udp,173.255.255.133,2,180,1,90,1,90
64:B7:08:A9:2B:20,ALL,udp,192.168.3.1,3116,390386,1567,121706,1549,268680
64:B7:08:A9:2B:20,ALL,udp,198.199.14.18,2,180,1,90,1,90
64:B7:08:A9:2B:20,ALL,udp,198.71.50.75,2,180,1,90,1,90
64:B7:08:A9:2B:20,ALL,udp,208.76.2.12,2,180,1,90,1,90
64:B7:08:A9:2B:20,ALL,udp,216.31.16.12,2,180,1,90,1,90
64:B7:08:A9:2B:20,ALL,udp,3.86.4.106,273,24570,138,12420,135,12150
64:B7:08:A9:2B:20,ALL,udp,3.87.127.143,288,25920,146,13140,142,12780
64:B7:08:A9:2B:20,ALL,udp,3.94.91.31,302,27180,152,13680,150,13500
64:B7:08:A9:2B:20,ALL,udp,44.201.148.133,259,23310,130,11700,129,11610
64:B7:08:A9:2B:20,ALL,udp,5.161.196.15,2,180,1,90,1,90
64:B7:08:A9:2B:20,ALL,udp,5.161.44.72,3,270,2,180,1,90
64:B7:08:A9:2B:20,ALL,udp,50.205.57.38,2,180,1,90,1,90
64:B7:08:A9:2B:20,ALL,udp,51.81.226.229,1,90,1,90,0,0
64:B7:08:A9:2B:20,ALL,udp,52.207.222.50,286,25740,143,12870,143,12870
64:B7:08:A9:2B:20,ALL,udp,54.161.254.100,299,26910,150,13500,149,13410
64:B7:08:A9:2B:20,ALL,udp,54.197.201.248,277,24930,139,12510,138,12420
64:B7:08:A9:2B:20,ALL,udp,54.210.225.137,273,24570,137,12330,136,12240
64:B7:08:A9:2B:20,ALL,udp,54.81.127.33,266,23940,133,11970,133,11970
64:B7:08:A9:2B:20,ALL,udp,54.90.191.9,259,23310,130,11700,129,11610
64:B7:08:A9:2B:20,ALL,udp,69.89.207.99,2,180,1,90,1,90
64:B7:08:A9:2B:20,ALL,tls,209.54.177.114,22,12460,12,2922,10,9538
64:B7:08:A9:2B:20,ALL,tls,209.54.177.117,33,18690,18,4383,15,14307
64:B7:08:A9:2B:20,ALL,tls,209.54.177.153,56,31233,30,7305,26,23928
64:B7:08:A9:2B:20,ALL,tls,209.54.177.154,55,31150,30,7305,25,23845
64:B7:08:A9:2B:20,ALL,tls,209.54.177.157,33,17330,18,4383,15,12947
64:B7:08:A9:2B:20,ALL,tls,209.54.178.134,11,6230,6,1461,5,4769
64:B7:08:A9:2B:20,ALL,tls,209.54.178.164,55,31150,30,7305,25,23845
64:B7:08:A9:2B:20,ALL,tls,209.54.178.166,11,6230,6,1461,5,4769
64:B7:08:A9:2B:20,ALL,tls,209.54.179.88,34,18773,18,4383,16,14390
64:B7:08:A9:2B:20,ALL,tls,209.54.179.93,11,6230,6,1461,5,4769
64:B7:08:A9:2B:20,ALL,tls,209.54.180.25,22,12460,12,2922,10,9538
64:B7:08:A9:2B:20,ALL,tls,209.54.180.27,66,37380,36,8766,30,28614
64:B7:08:A9:2B:20,ALL,tls,209.54.180.44,33,18690,18,4383,15,14307
64:B7:08:A9:2B:20,ALL,tls,209.54.181.4,22,12460,12,2922,10,9538
64:B7:08:A9:2B:20,ALL,tls,44.215.134.182,33,17213,18,5013,15,12200
64:B7:08:A9:2B:20,ALL,tls,44.215.138.245,11,5731,6,1671,5,4060
64:B7:08:A9:2B:20,ALL,tls,52.119.196.31,55,31150,30,7305,25,23845
64:B7:08:A9:2B:20,ALL,tls,52.119.198.101,77,40890,42,10227,35,30663
64:B7:08:A9:2B:20,ALL,tls,52.119.198.106,66,37380,36,8766,30,28614
64:B7:08:A9:2B:20,ALL,tls,52.119.198.109,22,12460,12,2922,10,9538
64:B7:08:A9:2B:20,ALL,tls,52.119.198.118,22,11100,12,2922,10,8178
64:B7:08:A9:2B:20,ALL,tls,52.119.198.186,33,17330,18,4383,15,12947
64:B7:08:A9:2B:20,ALL,tls,52.119.198.189,22,11100,12,2922,10,8178
64:B7:08:A9:2B:20,ALL,tls,52.119.198.2,22,12460,12,2922,10,9538
64:B7:08:A9:2B:20,ALL,tls,52.46.128.81,33,18690,18,4383,15,14307
64:B7:08:A9:2B:20,ALL,tls,52.46.131.169,22,12460,12,2922,10,9538
64:B7:08:A9:2B:20,ALL,tls,52.46.131.184,55,31150,30,7305,25,23845
64:B7:08:A9:2B:20,ALL,tls,52.46.131.209,44,24920,24,5844,20,19076
64:B7:08:A9:2B:20,ALL,tls,52.46.143.123,11,6230,6,1461,5,4769
64:B7:08:A9:2B:20,ALL,tls,52.46.146.126,11,6230,6,1461,5,4769
64:B7:08:A9:2B:20,ALL,tls,52.46.149.20,11,6230,6,1461,5,4769
64:B7:08:A9:2B:20,ALL,tls,52.46.149.29,44,23560,24,5844,20,17716
64:B7:08:A9:2B:20,ALL,tls,52.46.149.57,55,27070,30,7305,25,19765
64:B7:08:A9:2B:20,ALL,tls,52.46.155.112,33,18690,18,4383,15,14307
64:B7:08:A9:2B:20,ALL,tls,52.46.158.193,33,17330,18,4383,15,12947
64:B7:08:A9:2B:20,ALL,tls,52.94.240.240,66,37380,36,8766,30,28614
64:B7:08:A9:2B:20,ALL,tls,52.94.241.146,11,6230,6,1461,5,4769
64:B7:08:A9:2B:20,ALL,tls,52.94.242.236,44,23560,24,5844,20,17716
64:B7:08:A9:2B:20,ALL,tls,54.166.46.86,2944,361466,1480,236764,1464,124702
64:B7:08:A9:2B:20,ALL,tls,54.239.27.82,22,12460,12,2922,10,9538
64:B7:08:A9:2B:20,ALL,tls,72.21.207.143,33,17330,18,4383,15,12947
64:B7:08:A9:2B:20,ALL,ntp,108.181.220.94,1,90,1,90,0,0
64:B7:08:A9:2B:20,ALL,ntp,142.202.190.19,2,180,1,90,1,90
64:B7:08:A9:2B:20,ALL,ntp,159.203.82.102,2,180,1,90,1,90
64:B7:08:A9:2B:20,ALL,ntp,167.248.62.201,2,180,1,90,1,90
64:B7:08:A9:2B:20,ALL,ntp,173.255.255.133,2,180,1,90,1,90
64:B7:08:A9:2B:20,ALL,ntp,198.199.14.18,2,180,1,90,1,90
64:B7:08:A9:2B:20,ALL,ntp,198.71.50.75,2,180,1,90,1,90
64:B7:08:A9:2B:20,ALL,ntp,208.76.2.12,2,180,1,90,1,90
64:B7:08:A9:2B:20,ALL,ntp,216.31.16.12,2,180,1,90,1,90
64:B7:08:A9:2B:20,ALL,ntp,3.86.4.106,273,24570,138,12420,135,12150
64:B7:08:A9:2B:20,ALL,ntp,3.87.127.143,288,25920,146,13140,142,12780
64:B7:08:A9:2B:20,ALL,ntp,3.94.91.31,302,27180,152,13680,150,13500
64:B7:08:A9:2B:20,ALL,ntp,44.201.148.133,259,23310,130,11700,129,11610
64:B7:08:A9:2B:20,ALL,ntp,5.161.196.15,2,180,1,90,1,90
64:B7:08:A9:2B:20,ALL,ntp,5.161.44.72,3,270,2,180,1,90
64:B7:08:A9:2B:20,ALL,ntp,50.205.57.38,2,180,1,90,1,90
64:B7:08:A9:2B:20,ALL,ntp,51.81.226.229,1,90,1,90,0,0
64:B7:08:A9:2B:20,ALL,ntp,52.207.222.50,286,25740,143,12870,143,12870
64:B7:08:A9:2B:20,ALL,ntp,54.161.254.100,299,26910,150,13500,149,13410
64:B7:08:A9:2B:20,ALL,ntp,54.197.201.248,277,24930,139,12510,138,12420
64:B7:08:A9:2B:20,ALL,ntp,54.210.225.137,273,24570,137,12330,136,12240
64:B7:08:A9:2B:20,ALL,ntp,54.81.127.33,266,23940,133,11970,133,11970
64:B7:08:A9:2B:20,ALL,ntp,54.90.191.9,259,23310,130,11700,129,11610
64:B7:08:A9:2B:20,ALL,ntp,69.89.207.99,2,180,1,90,1,90
64:B7:08:A9:2B:20,ALL,udp:53,192.168.3.1*,3116,390386,1567,121706,1549,268680
64:B7:08:A9:2B:20,ALL,udp:53,192.168.3.118*,3116,390386,1549,268680,1567,121706
64:B7:08:A9:2B:20,ALL,udp:38542,192.168.3.1*,4,518,2,156,2,362
64:B7:08:A9:2B:20,ALL,udp:38542,192.168.3.118*,4,518,2,362,2,156
64:B7:08:A9:2B:20,ALL,udp:46361,192.168.3.1*,4,521,2,156,2,365
64:B7:08:A9:2B:20,ALL,udp:46361,192.168.3.118*,4,521,2,365,2,156
64:B7:08:A9:2B:20,ALL,udp:24527,192.168.3.1*,4,521,2,156,2,365
64:B7:08:A9:2B:20,ALL,udp:24527,192.168.3.118*,4,521,2,365,2,156
64:B7:08:A9:2B:20,ALL,udp:16310,192.168.3.1*,4,518,2,156,2,362
64:B7:08:A9:2B:20,ALL,udp:16310,192.168.3.118*,4,518,2,362,2,156
64:B7:08:A9:2B:20,ALL,udp:57088,192.168.3.1*,4,423,2,152,2,271
64:B7:08:A9:2B:20,ALL,udp:57088,192.168.3.118*,4,423,2,271,2,152
64:B7:08:A9:2B:20,ALL,udp:33997,192.168.3.1*,4,521,2,156,2,365
64:B7:08:A9:2B:20,ALL,udp:33997,192.168.3.118*,4,521,2,365,2,156
64:B7:08:A9:2B:20,ALL,udp:34668,192.168.3.1*,4,521,2,156,2,365
64:B7:08:A9:2B:20,ALL,udp:34668,192.168.3.118*,4,521,2,365,2,156
64:B7:08:A9:2B:20,ALL,udp:62829,192.168.3.1*,4,518,2,156,2,362
64:B7:08:A9:2B:20,ALL,udp:62829,192.168.3.118*,4,518,2,362,2,156
64:B7:08:A9:2B:20,ALL,udp:50001,192.168.3.1*,4,521,2,156,2,365
64:B7:08:A9:2B:20,ALL,udp:50001,192.168.3.118*,4,521,2,365,2,156
64:B7:08:A9:2B:20,ALL,udp:3961,192.168.3.1*,4,521,2,156,2,365
64:B7:08:A9:2B:20,ALL,udp:3961,192.168.3.118*,4,521,2,365,2,156
64:B7:08:A9:2B:20,ALL,udp:5714,192.168.3.1*,4,518,2,156,2,362
64:B7:08:A9:2B:20,ALL,udp:5714,192.168.3.118*,4,518,2,362,2,156
64:B7:08:A9:2B:20,ALL,udp:43690,192.168.3.1*,4,518,2,156,2,362
64:B7:08:A9:2B:20,ALL,udp:43690,192.168.3.118*,4,518,2,362,2,156
64:B7:08:A9:2B:20,ALL,udp:42160,192.168.3.1*,4,521,2,156,2,365
64:B7:08:A9:2B:20,ALL,udp:42160,192.168.3.118*,4,521,2,365,2,156
64:B7:08:A9:2B:20,ALL,udp:17370,192.168.3.1*,4,518,2,156,2,362
64:B7:08:A9:2B:20,ALL,udp:17370,192.168.3.118*,4,518,2,362,2,156
64:B7:08:A9:2B:20,ALL,udp:43542,192.168.3.1*,4,518,2,156,2,362
64:B7:08:A9:2B:20,ALL,udp:43542,192.168.3.118*,4,518,2,362,2,156
64:B7:08:A9:2B:20,ALL,udp:4428,192.168.3.1*,4,518,2,156,2,362
64:B7:08:A9:2B:20,ALL,udp:4428,192.168.3.118*,4,518,2,362,2,156
64:B7:08:A9:2B:20,ALL,udp:1675,192.168.3.1*,4,521,2,156,2,365
64:B7:08:A9:2B:20,ALL,udp:1675,192.168.3.118*,4,521,2,365,2,156
64:B7:08:A9:2B:20,ALL,udp:3943,192.168.3.1*,4,518,2,156,2,362
64:B7:08:A9:2B:20,ALL,udp:3943,192.168.3.118*,4,518,2,362,2,156
64:B7:08:A9:2B:20,ALL,udp:61468,192.168.3.1*,4,521,2,156,2,365
64:B7:08:A9:2B:20,ALL,udp:61468,192.168.3.118*,4,521,2,365,2,156
64:B7:08:A9:2B:20,ALL,udp:26774,192.168.3.1*,4,521,2,156,2,365
64:B7:08:A9:2B:20,ALL,udp:26774,192.168.3.118*,4,521,2,365,2,156
64:B7:08:A9:2B:20,ALL,udp:62511,192.168.3.1*,4,518,2,156,2,362
64:B7:08:A9:2B:20,ALL,udp:62511,192.168.3.118*,4,518,2,362,2,156
64:B7:08:A9:2B:20,ALL,udp:13244,192.168.3.1*,4,518,2,156,2,362
64:B7:08:A9:2B:20,ALL,udp:13244,192.168.3.118*,4,518,2,362,2,156
64:B7:08:A9:2B:20,ALL,udp:24684,192.168.3.1*,4,518,2,156,2,362
64:B7:08:A9:2B:20,ALL,udp:24684,192.168.3.118*,4,518,2,362,2,156
64:B7:08:A9:2B:20,ALL,udp:64659,192.168.3.1*,4,521,2,156,2,365
64:B7:08:A9:2B:20,ALL,udp:64659,192.168.3.118*,4,521,2,365,2,156
64:B7:08:A9:2B:20,ALL,udp:63611,192.168.3.1*,4,430,2,172,2,258
64:B7:08:A9:2B:20,ALL,udp:63611,192.168.3.118*,4,430,2,258,2,172
64:B7:08:A9:2B:20,ALL,udp:39416,192.168.3.1*,4,521,2,156,2,365
64:B7:08:A9:2B:20,ALL,udp:39416,192.168.3.118*,4,521,2,365,2,156
64:B7:08:A9:2B:20,ALL,udp:40945,192.168.3.1*,4,521,2,156,2,365
64:B7:08:A9:2B:20,ALL,udp:40945,192.168.3.118*,4,521,2,365,2,156
64:B7:08:A9:2B:20,ALL,udp:34809,192.168.3.1*,4,521,2,156,2,365
64:B7:08:A9:2B:20,ALL,udp:34809,192.168.3.118*,4,521,2,365,2,156
64:B7:08:A9:2B:20,ALL,udp:4138,192.168.3.1*,3,337,2,156,1,181
64:B7:08:A9:2B:20,ALL,udp:4138,192.168.3.118*,3,337,1,181,2,156
64:B7:08:A9:2B:20,ALL,udp:8816,192.168.3.1*,3,337,2,156,1,181
64:B7:08:A9:2B:20,ALL,udp:8816,192.168.3.118*,3,337,1,181,2,156
64:B7:08:A9:2B:20,ALL,udp:2512,192.168.3.1*,3,337,2,156,1,181
64:B7:08:A9:2B:20,ALL,udp:2512,192.168.3.118*,3,337,1,181,2,156
64:B7:08:A9:2B:20,ALL,udp:22983,192.168.3.1*,3,337,2,156,1,181
64:B7:08:A9:2B:20,ALL,udp:22983,192.168.3.118*,3,337,1,181,2,156
64:B7:08:A9:2B:20,ALL,udp:2713,192.168.3.1*,3,337,2,156,1,181
64:B7:08:A9:2B:20,ALL,udp:2713,192.168.3.118*,3,337,1,181,2,156
64:B7:08:A9:2B:20,ALL,udp:7268,192.168.3.1*,3,337,2,156,1,181
64:B7:08:A9:2B:20,ALL,udp:7268,192.168.3.118*,3,337,1,181,2,156
64:B7:08:A9:2B:20,ALL,udp:59760,192.168.3.1,3,337,2,156,1,181
64:B7:08:A9:2B:20,ALL,udp:59760,3.86.4.106,2,180,1,90,1,90
64:B7:08:A9:2B:20,ALL,udp:10174,192.168.3.1*,3,337,2,156,1,181
64:B7:08:A9:2B:20,ALL,udp:10174,192.168.3.118*,3,337,1,181,2,156
64:B7:08:A9:2B:20,ALL,udp:48412,192.168.3.1*,3,337,2,156,1,181
64:B7:08:A9:2B:20,ALL,udp:48412,192.168.3.118*,3,337,1,181,2,156
64:B7:08:A9:2B:20,ALL,udp:59862,192.168.3.1,3,337,2,156,1,181
64:B7:08:A9:2B:20,ALL,udp:59862,54.197.201.248,2,180,1,90,1,90
64:B7:08:A9:2B:20,ALL,udp:2203,192.168.3.1*,3,337,2,156,1,181
64:B7:08:A9:2B:20,ALL,udp:2203,192.168.3.118*,3,337,1,181,2,156
64:B7:08:A9:2B:20,ALL,udp:17803,192.168.3.1*,3,337,2,156,1,181
64:B7:08:A9:2B:20,ALL,udp:17803,192.168.3.118*,3,337,1,181,2,156
64:B7:08:A9:2B:20,ALL,udp:34255,192.168.3.1*,3,337,2,156,1,181
64:B7:08:A9:2B:20,ALL,udp:34255,192.168.3.118*,3,337,1,181,2,156
64:B7:08:A9:2B:20,ALL,udp:25238,192.168.3.1*,3,337,2,156,1,181
64:B7:08:A9:2B:20,ALL,udp:25238,192.168.3.118*,3,337,1,181,2,156
64:B7:08:A9:2B:20,ALL,udp:12259,192.168.3.1*,3,337,2,156,1,181
64:B7:08:A9:2B:20,ALL,udp:12259,192.168.3.118*,3,337,1,181,2,156
64:B7:08:A9:2B:20,ALL,udp:23666,192.168.3.1*,3,337,2,156,1,181
64:B7:08:A9:2B:20,ALL,udp:23666,192.168.3.118*,3,337,1,181,2,156
64:B7:08:A9:2B:20,ALL,udp:23207,192.168.3.1*,3,337,2,156,1,181
64:B7:08:A9:2B:20,ALL,udp:23207,192.168.3.118*,3,337,1,181,2,156
64:B7:08:A9:2B:20,ALL,udp:33831,192.168.3.1*,3,337,2,156,1,181
64:B7:08:A9:2B:20,ALL,udp:33831,192.168.3.118*,3,337,1,181,2,156
64:B7:08:A9:2B:20,ALL,udp:52713,192.168.3.1*,2,259,1,78,1,181
64:B7:08:A9:2B:20,ALL,udp:52713,192.168.3.118*,2,259,1,181,1,78
64:B7:08:A9:2B:20,ALL,udp:4669,192.168.3.1*,2,259,1,78,1,181
64:B7:08:A9:2B:20,ALL,udp:4669,192.168.3.118*,2,259,1,181,1,78
64:B7:08:A9:2B:20,ALL,udp:60201,192.168.3.1*,2,259,1,78,1,181
64:B7:08:A9:2B:20,ALL,udp:60201,192.168.3.118*,2,259,1,181,1,78
64:B7:08:A9:2B:20,ALL,udp:47732,192.168.3.1*,2,259,1,78,1,181
64:B7:08:A9:2B:20,ALL,udp:47732,192.168.3.118*,2,259,1,181,1,78
64:B7:08:A9:2B:20,ALL,udp:33258,192.168.3.1*,2,259,1,78,1,181
64:B7:08:A9:2B:20,ALL,udp:33258,192.168.3.118*,2,259,1,181,1,78
64:B7:08:A9:2B:20,ALL,udp:3570,192.168.3.1*,2,259,1,78,1,181
64:B7:08:A9:2B:20,ALL,udp:3570,192.168.3.118*,2,259,1,181,1,78
64:B7:08:A9:2B:20,ALL,udp:34307,192.168.3.1*,2,259,1,78,1,181
64:B7:08:A9:2B:20,ALL,udp:34307,192.168.3.118*,2,259,1,181,1,78
64:B7:08:A9:2B:20,ALL,udp:17248,192.168.3.1*,2,259,1,78,1,181
64:B7:08:A9:2B:20,ALL,udp:17248,192.168.3.118*,2,259,1,181,1,78
64:B7:08:A9:2B:20,ALL,udp:26579,192.168.3.1*,2,259,1,78,1,181
64:B7:08:A9:2B:20,ALL,udp:26579,192.168.3.118*,2,259,1,181,1,78
64:B7:08:A9:2B:20,ALL,udp:25047,192.168.3.1*,2,164,1,74,1,90
64:B7:08:A9:2B:20,ALL,udp:25047,192.168.3.118*,2,164,1,90,1,74
64:B7:08:A9:2B:20,ALL,udp:46287,192.168.3.1*,2,259,1,78,1,181
64:B7:08:A9:2B:20,ALL,udp:46287,192.168.3.118*,2,259,1,181,1,78
64:B7:08:A9:2B:20,ALL,udp:49034,192.168.3.1*,2,208,1,72,1,136
64:B7:08:A9:2B:20,ALL,udp:49034,192.168.3.118*,2,208,1,136,1,72
64:B7:08:A9:2B:20,ALL,udp:46027,192.168.3.1*,2,259,1,78,1,181
64:B7:08:A9:2B:20,ALL,udp:46027,192.168.3.118*,2,259,1,181,1,78
64:B7:08:A9:2B:20,ALL,udp:56727,192.168.3.1*,2,259,1,78,1,181
64:B7:08:A9:2B:20,ALL,udp:56727,192.168.3.118*,2,259,1,181,1,78
64:B7:08:A9:2B:20,ALL,udp:27967,192.168.3.1*,2,259,1,78,1,181
64:B7:08:A9:2B:20,ALL,udp:27967,192.168.3.118*,2,259,1,181,1,78
64:B7:08:A9:2B:20,ALL,udp:61470,192.168.3.1*,2,259,1,78,1,181
64:B7:08:A9:2B:20,ALL,udp:61470,192.168.3.118*,2,259,1,181,1,78
64:B7:08:A9:2B:20,ALL,udp:25141,192.168.3.1*,2,259,1,78,1,181
64:B7:08:A9:2B:20,ALL,udp:25141,192.168.3.118*,2,259,1,181,1,78
64:B7:08:A9:2B:20,ALL,udp:26664,192.168.3.1*,2,259,1,78,1,181
64:B7:08:A9:2B:20,ALL,udp:26664,192.168.3.118*,2,259,1,181,1,78
64:B7:08:A9:2B:20,ALL,udp:7850,192.168.3.1*,2,259,1,78,1,181
64:B7:08:A9:2B:20,ALL,udp:7850,192.168.3.118*,2,259,1,181,1,78
64:B7:08:A9:2B:20,ALL,udp:24756,192.168.3.1*,2,259,1,78,1,181
64:B7:08:A9:2B:20,ALL,udp:24756,192.168.3.118*,2,259,1,181,1,78
64:B7:08:A9:2B:20,ALL,udp:47157,192.168.3.1*,2,259,1,78,1,181
64:B7:08:A9:2B:20,ALL,udp:47157,192.168.3.118*,2,259,1,181,1,78
64:B7:08:A9:2B:20,ALL,udp:53751,192.168.3.1*,2,259,1,78,1,181
64:B7:08:A9:2B:20,ALL,udp:53751,192.168.3.118*,2,259,1,181,1,78
64:B7:08:A9:2B:20,ALL,udp:11894,192.168.3.1*,2,164,1,74,1,90
64:B7:08:A9:2B:20,ALL,udp:11894,192.168.3.118*,2,164,1,90,1,74
64:B7:08:A9:2B:20,ALL,udp:46307,192.168.3.1*,2,259,1,78,1,181
64:B7:08:A9:2B:20,ALL,udp:46307,192.168.3.118*,2,259,1,181,1,78
64:B7:08:A9:2B:20,ALL,udp:33965,192.168.3.1*,2,259,1,78,1,181
64:B7:08:A9:2B:20,ALL,udp:33965,192.168.3.118*,2,259,1,181,1,78
64:B7:08:A9:2B:20,ALL,udp:11260,192.168.3.1*,2,259,1,78,1,181
64:B7:08:A9:2B:20,ALL,udp:11260,192.168.3.118*,2,259,1,181,1,78
64:B7:08:A9:2B:20,ALL,udp:18358,192.168.3.1*,2,259,1,78,1,181
64:B7:08:A9:2B:20,ALL,udp:18358,192.168.3.118*,2,259,1,181,1,78
64:B7:08:A9:2B:20,ALL,udp:4378,192.168.3.1*,2,259,1,78,1,181
64:B7:08:A9:2B:20,ALL,udp:4378,192.168.3.118*,2,259,1,181,1,78
64:B7:08:A9:2B:20,ALL,udp:50282,192.168.3.1*,2,259,1,78,1,181
64:B7:08:A9:2B:20,ALL,udp:50282,192.168.3.118*,2,259,1,181,1,78
64:B7:08:A9:2B:20,ALL,udp:56488,192.168.3.1*,2,259,1,78,1,181
64:B7:08:A9:2B:20,ALL,udp:56488,192.168.3.118*,2,259,1,181,1,78
64:B7:08:A9:2B:20,ALL,udp:40529,192.168.3.1*,2,259,1,78,1,181
64:B7:08:A9:2B:20,ALL,udp:40529,192.168.3.118*,2,259,1,181,1,78
64:B7:08:A9:2B:20,ALL,udp:16454,192.168.3.1*,2,259,1,78,1,181
64:B7:08:A9:2B:20,ALL,udp:16454,192.168.3.118*,2,259,1,181,1,78
64:B7:08:A9:2B:20,ALL,udp:3727,192.168.3.1*,2,259,1,78,1,181
64:B7:08:A9:2B:20,ALL,udp:3727,192.168.3.118*,2,259,1,181,1,78
64:B7:08:A9:2B:20,ALL,udp:42710,192.168.3.1*,2,259,1,78,1,181
64:B7:08:A9:2B:20,ALL,udp:42710,192.168.3.118*,2,259,1,181,1,78
64:B7:08:A9:2B:20,ALL,udp:14223,192.168.3.1*,2,164,1,74,1,90
64:B7:08:A9:2B:20,ALL,udp:14223,192.168.3.118*,2,164,1,90,1,74
64:B7:08:A9:2B:20,ALL,udp:60965,192.168.3.1*,2,259,1,78,1,181
64:B7:08:A9:2B:20,ALL,udp:60965,192.168.3.118*,2,259,1,181,1,78
64:B7:08:A9:2B:20,ALL,udp:15166,192.168.3.1*,2,259,1,78,1,181
64:B7:08:A9:2B:20,ALL,udp:15166,192.168.3.118*,2,259,1,181,1,78
64:B7:08:A9:2B:20,ALL,udp:47860,192.168.3.1*,2,259,1,78,1,181
64:B7:08:A9:2B:20,ALL,udp:47860,192.168.3.118*,2,259,1,181,1,78
64:B7:08:A9:2B:20,ALL,udp:59406,192.168.3.1,2,259,1,78,1,181
64:B7:08:A9:2B:20,ALL,udp:59406,54.197.201.248,2,180,1,90,1,90
64:B7:08:A9:2B:20,ALL,udp:23048,192.168.3.1*,2,259,1,78,1,181
64:B7:08:A9:2B:20,ALL,udp:23048,192.168.3.118*,2,259,1,181,1,78
64:B7:08:A9:2B:20,ALL,udp:61801,192.168.3.1*,2,259,1,78,1,181
64:B7:08:A9:2B:20,ALL,udp:61801,192.168.3.118*,2,259,1,181,1,78
64:B7:08:A9:2B:20,ALL,udp:29634,192.168.3.1*,2,259,1,78,1,181
64:B7:08:A9:2B:20,ALL,udp:29634,192.168.3.118*,2,259,1,181,1,78
64:B7:08:A9:2B:20,ALL,udp:37956,192.168.3.1*,2,208,1,72,1,136
64:B7:08:A9:2B:20,ALL,udp:37956,192.168.3.118*,2,208,1,136,1,72
64:B7:08:A9:2B:20,ALL,udp:16126,192.168.3.1*,2,259,1,78,1,181
64:B7:08:A9:2B:20,ALL,udp:16126,192.168.3.118*,2,259,1,181,1,78
64:B7:08:A9:2B:20,ALL,udp:37698,192.168.3.1*,2,259,1,78,1,181
64:B7:08:A9:2B:20,ALL,udp:37698,192.168.3.118*,2,259,1,181,1,78
64:B7:08:A9:2B:20,ALL,udp:50217,192.168.3.1*,2,259,1,78,1,181
64:B7:08:A9:2B:20,ALL,udp:50217,192.168.3.118*,2,259,1,181,1,78
64:B7:08:A9:2B:20,ALL,udp:43577,192.168.3.1*,2,259,1,78,1,181
64:B7:08:A9:2B:20,ALL,udp:43577,192.168.3.118*,2,259,1,181,1,78
64:B7:08:A9:2B:20,ALL,udp:34247,192.168.3.1*,2,259,1,78,1,181
64:B7:08:A9:2B:20,ALL,udp:34247,192.168.3.118*,2,259,1,181,1,78
64:B7:08:A9:2B:20,ALL,udp:34588,192.168.3.1*,2,164,1,74,1,90
64:B7:08:A9:2B:20,ALL,udp:34588,192.168.3.118*,2,164,1,90,1,74
64:B7:08:A9:2B:20,ALL,udp:12277,192.168.3.1*,2,259,1,78,1,181
64:B7:08:A9:2B:20,ALL,udp:12277,192.168.3.118*,2,259,1,181,1,78
64:B7:08:A9:2B:20,ALL,udp:9397,192.168.3.1*,2,259,1,78,1,181
64:B7:08:A9:2B:20,ALL,udp:9397,192.168.3.118*,2,259,1,181,1,78
64:B7:08:A9:2B:20,ALL,udp:47475,192.168.3.1*,2,259,1,78,1,181
64:B7:08:A9:2B:20,ALL,udp:47475,192.168.3.118*,2,259,1,181,1,78
64:B7:08:A9:2B:20,ALL,udp:55063,192.168.3.1*,2,259,1,78,1,181
64:B7:08:A9:2B:20,ALL,udp:55063,192.168.3.118*,2,259,1,181,1,78
64:B7:08:A9:2B:20,ALL,udp:49271,192.168.3.1*,2,259,1,78,1,181
64:B7:08:A9:2B:20,ALL,udp:49271,192.168.3.118*,2,259,1,181,1,78
64:B7:08:A9:2B:20,ALL,udp:47176,192.168.3.1*,2,259,1,78,1,181
64:B7:08:A9:2B:20,ALL,udp:47176,192.168.3.118*,2,259,1,181,1,78
64:B7:08:A9:2B:20,ALL,udp:58592,192.168.3.1,2,259,1,78,1,181
64:B7:08:A9:2B:20,ALL,udp:58592,52.207.222.50,2,180,1,90,1,90
64:B7:08:A9:2B:20,ALL,udp:53364,192.168.3.1*,2,259,1,78,1,181
64:B7:08:A9:2B:20,ALL,udp:53364,192.168.3.118*,2,259,1,181,1,78
64:B7:08:A9:2B:20,ALL,udp:2169,192.168.3.1*,2,259,1,78,1,181
64:B7:08:A9:2B:20,ALL,udp:2169,192.168.3.118*,2,259,1,181,1,78
64:B7:08:A9:2B:20,ALL,udp:65299,192.168.3.1*,2,259,1,78,1,181
64:B7:08:A9:2B:20,ALL,udp:65299,192.168.3.118*,2,259,1,181,1,78
64:B7:08:A9:2B:20,ALL,udp:48935,192.168.3.1*,2,164,1,74,1,90
64:B7:08:A9:2B:20,ALL,udp:48935,192.168.3.118*,2,164,1,90,1,74
64:B7:08:A9:2B:20,ALL,udp:3297,192.168.3.1*,2,259,1,78,1,181
64:B7:08:A9:2B:20,ALL,udp:3297,192.168.3.118*,2,259,1,181,1,78
64:B7:08:A9:2B:20,ALL,udp:63309,192.168.3.1*,2,259,1,78,1,181
64:B7:08:A9:2B:20,ALL,udp:63309,192.168.3.118*,2,259,1,181,1,78
64:B7:08:A9:2B:20,ALL,udp:10081,192.168.3.1*,2,259,1,78,1,181
64:B7:08:A9:2B:20,ALL,udp:10081,192.168.3.118*,2,259,1,181,1,78
64:B7:08:A9:2B:20,ALL,udp:54078,192.168.3.1*,2,259,1,78,1,181
64:B7:08:A9:2B:20,ALL,udp:54078,192.168.3.118*,2,259,1,181,1,78
64:B7:08:A9:2B:20,ALL,udp:30542,192.168.3.1*,2,259,1,78,1,181
64:B7:08:A9:2B:20,ALL,udp:30542,192.168.3.118*,2,259,1,181,1,78
64:B7:08:A9:2B:20,ALL,udp:61366,192.168.3.1*,2,259,1,78,1,181
64:B7:08:A9:2B:20,ALL,udp:61366,192.168.3.118*,2,259,1,181,1,78
64:B7:08:A9:2B:20,ALL,udp:54921,192.168.3.1*,2,259,1,78,1,181
64:B7:08:A9:2B:20,ALL,udp:54921,192.168.3.118*,2,259,1,181,1,78
64:B7:08:A9:2B:20,ALL,udp:35019,192.168.3.1*,2,259,1,78,1,181
64:B7:08:A9:2B:20,ALL,udp:35019,192.168.3.118*,2,259,1,181,1,78
64:B7:08:A9:2B:20,ALL,udp:62477,192.168.3.1*,2,259,1,78,1,181
64:B7:08:A9:2B:20,ALL,udp:62477,192.168.3.118*,2,259,1,181,1,78
64:B7:08:A9:2B:20,ALL,udp:36444,192.168.3.1*,2,259,1,78,1,181
64:B7:08:A9:2B:20,ALL,udp:36444,192.168.3.118*,2,259,1,181,1,78
64:B7:08:A9:2B:20,ALL,udp:20716,192.168.3.1*,2,259,1,78,1,181
64:B7:08:A9:2B:20,ALL,udp:20716,192.168.3.118*,2,259,1,181,1,78
64:B7:08:A9:2B:20,ALL,udp:21008,192.168.3.1*,2,259,1,78,1,181
64:B7:08:A9:2B:20,ALL,udp:21008,192.168.3.118*,2,259,1,181,1,78
64:B7:08:A9:2B:20,ALL,udp:16901,192.168.3.1*,2,164,1,74,1,90
64:B7:08:A9:2B:20,ALL,udp:16901,192.168.3.118*,2,164,1,90,1,74
64:B7:08:A9:2B:20,ALL,udp:22101,192.168.3.1*,2,259,1,78,1,181
64:B7:08:A9:2B:20,ALL,udp:22101,192.168.3.118*,2,259,1,181,1,78
64:B7:08:A9:2B:20,ALL,udp:25369,192.168.3.1*,2,259,1,78,1,181
64:B7:08:A9:2B:20,ALL,udp:25369,192.168.3.118*,2,259,1,181,1,78
64:B7:08:A9:2B:20,ALL,udp:18120,192.168.3.1*,2,259,1,78,1,181
64:B7:08:A9:2B:20,ALL,udp:18120,192.168.3.118*,2,259,1,181,1,78
64:B7:08:A9:2B:20,ALL,udp:47395,192.168.3.1*,2,259,1,78,1,181
64:B7:08:A9:2B:20,ALL,udp:47395,192.168.3.118*,2,259,1,181,1,78
64:B7:08:A9:2B:20,ALL,udp:54707,192.168.3.1*,2,259,1,78,1,181
64:B7:08:A9:2B:20,ALL,udp:54707,192.168.3.118*,2,259,1,181,1,78
64:B7:08:A9:2B:20,ALL,udp:37944,192.168.3.1*,2,259,1,78,1,181
64:B7:08:A9:2B:20,ALL,udp:37944,192.168.3.118*,2,259,1,181,1,78
64:B7:08:A9:2B:20,ALL,udp:53731,192.168.3.1*,2,259,1,78,1,181
64:B7:08:A9:2B:20,ALL,udp:53731,192.168.3.118*,2,259,1,181,1,78
64:B7:08:A9:2B:20,ALL,udp:28015,192.168.3.1*,2,259,1,78,1,181
64:B7:08:A9:2B:20,ALL,udp:28015,192.168.3.118*,2,259,1,181,1,78
64:B7:08:A9:2B:20,ALL,udp:8340,192.168.3.1*,2,259,1,78,1,181
64:B7:08:A9:2B:20,ALL,udp:8340,192.168.3.118*,2,259,1,181,1,78
64:B7:08:A9:2B:20,ALL,udp:9568,192.168.3.1*,2,259,1,78,1,181
64:B7:08:A9:2B:20,ALL,udp:9568,192.168.3.118*,2,259,1,181,1,78
64:B7:08:A9:2B:20,ALL,udp:55411,192.168.3.1*,2,259,1,78,1,181
64:B7:08:A9:2B:20,ALL,udp:55411,192.168.3.118*,2,259,1,181,1,78
64:B7:08:A9:2B:20,ALL,udp:46451,192.168.3.1*,2,164,1,74,1,90
64:B7:08:A9:2B:20,ALL,udp:46451,192.168.3.118*,2,164,1,90,1,74
64:B7:08:A9:2B:20,ALL,udp:27649,192.168.3.1*,2,259,1,78,1,181
64:B7:08:A9:2B:20,ALL,udp:27649,192.168.3.118*,2,259,1,181,1,78
64:B7:08:A9:2B:20,ALL,udp:43310,192.168.3.1*,2,259,1,78,1,181
64:B7:08:A9:2B:20,ALL,udp:43310,192.168.3.118*,2,259,1,181,1,78
64:B7:08:A9:2B:20,ALL,udp:8409,192.168.3.1*,2,259,1,78,1,181
64:B7:08:A9:2B:20,ALL,udp:8409,192.168.3.118*,2,259,1,181,1,78
64:B7:08:A9:2B:20,ALL,udp:44483,192.168.3.1*,2,259,1,78,1,181
64:B7:08:A9:2B:20,ALL,udp:44483,192.168.3.118*,2,259,1,181,1,78
64:B7:08:A9:2B:20,ALL,udp:53848,192.168.3.1*,2,259,1,78,1,181
64:B7:08:A9:2B:20,ALL,udp:53848,192.168.3.118*,2,259,1,181,1,78
64:B7:08:A9:2B:20,ALL,udp:25184,192.168.3.1*,2,259,1,78,1,181
64:B7:08:A9:2B:20,ALL,udp:25184,192.168.3.118*,2,259,1,181,1,78
64:B7:08:A9:2B:20,ALL,udp:15401,192.168.3.1*,2,259,1,78,1,181
64:B7:08:A9:2B:20,ALL,udp:15401,192.168.3.118*,2,259,1,181,1,78
64:B7:08:A9:2B:20,ALL,udp:63690,192.168.3.1*,2,259,1,78,1,181
64:B7:08:A9:2B:20,ALL,udp:63690,192.168.3.118*,2,259,1,181,1,78
64:B7:08:A9:2B:20,ALL,udp:14683,192.168.3.1*,2,259,1,78,1,181
64:B7:08:A9:2B:20,ALL,udp:14683,192.168.3.118*,2,259,1,181,1,78
64:B7:08:A9:2B:20,ALL,udp:44566,192.168.3.1*,2,259,1,78,1,181
64:B7:08:A9:2B:20,ALL,udp:44566,192.168.3.118*,2,259,1,181,1,78
64:B7:08:A9:2B:20,ALL,udp:55788,192.168.3.1*,2,164,1,74,1,90
64:B7:08:A9:2B:20,ALL,udp:55788,192.168.3.118*,2,164,1,90,1,74
64:B7:08:A9:2B:20,ALL,udp:34304,192.168.3.1*,2,259,1,78,1,181
64:B7:08:A9:2B:20,ALL,udp:34304,192.168.3.118*,2,259,1,181,1,78
64:B7:08:A9:2B:20,ALL,udp:11478,192.168.3.1*,2,259,1,78,1,181
64:B7:08:A9:2B:20,ALL,udp:11478,192.168.3.118*,2,259,1,181,1,78
64:B7:08:A9:2B:20,ALL,udp:55949,192.168.3.1*,2,259,1,78,1,181
64:B7:08:A9:2B:20,ALL,udp:55949,192.168.3.118*,2,259,1,181,1,78
64:B7:08:A9:2B:20,ALL,udp:65006,192.168.3.1*,2,259,1,78,1,181
64:B7:08:A9:2B:20,ALL,udp:65006,192.168.3.118*,2,259,1,181,1,78
64:B7:08:A9:2B:20,ALL,udp:32677,192.168.3.1*,2,259,1,78,1,181
64:B7:08:A9:2B:20,ALL,udp:32677,192.168.3.118*,2,259,1,181,1,78
64:B7:08:A9:2B:20,ALL,udp:11489,192.168.3.1*,2,259,1,78,1,181
64:B7:08:A9:2B:20,ALL,udp:11489,192.168.3.118*,2,259,1,181,1,78
64:B7:08:A9:2B:20,ALL,udp:36303,192.168.3.1*,2,259,1,78,1,181
64:B7:08:A9:2B:20,ALL,udp:36303,192.168.3.118*,2,259,1,181,1,78
64:B7:08:A9:2B:20,ALL,udp:11193,192.168.3.1*,2,259,1,78,1,181
64:B7:08:A9:2B:20,ALL,udp:11193,192.168.3.118*,2,259,1,181,1,78
64:B7:08:A9:2B:20,ALL,udp:32136,192.168.3.1*,2,259,1,78,1,181
64:B7:08:A9:2B:20,ALL,udp:32136,192.168.3.118*,2,259,1,181,1,78
64:B7:08:A9:2B:20,ALL,udp:59488,192.168.3.1,2,259,1,78,1,181
64:B7:08:A9:2B:20,ALL,udp:59488,3.86.4.106,2,180,1,90,1,90
64:B7:08:A9:2B:20,ALL,udp:32184,192.168.3.1*,2,259,1,78,1,181
64:B7:08:A9:2B:20,ALL,udp:32184,192.168.3.118*,2,259,1,181,1,78
64:B7:08:A9:2B:20,ALL,udp:39208,192.168.3.1*,2,164,1,74,1,90
64:B7:08:A9:2B:20,ALL,udp:39208,192.168.3.118*,2,164,1,90,1,74
64:B7:08:A9:2B:20,ALL,udp:21441,192.168.3.1*,2,259,1,78,1,181
64:B7:08:A9:2B:20,ALL,udp:21441,192.168.3.118*,2,259,1,181,1,78
64:B7:08:A9:2B:20,ALL,udp:40721,192.168.3.1*,2,259,1,78,1,181
64:B7:08:A9:2B:20,ALL,udp:40721,192.168.3.118*,2,259,1,181,1,78
64:B7:08:A9:2B:20,ALL,udp:36365,192.168.3.1*,2,259,1,78,1,181
64:B7:08:A9:2B:20,ALL,udp:36365,192.168.3.118*,2,259,1,181,1,78
64:B7:08:A9:2B:20,ALL,udp:11506,192.168.3.1*,2,259,1,78,1,181
64:B7:08:A9:2B:20,ALL,udp:11506,192.168.3.118*,2,259,1,181,1,78
64:B7:08:A9:2B:20,ALL,udp:44314,192.168.3.1*,2,259,1,78,1,181
64:B7:08:A9:2B:20,ALL,udp:44314,192.168.3.118*,2,259,1,181,1,78
64:B7:08:A9:2B:20,ALL,udp:30264,192.168.3.1*,2,259,1,78,1,181
64:B7:08:A9:2B:20,ALL,udp:30264,192.168.3.118*,2,259,1,181,1,78
64:B7:08:A9:2B:20,ALL,udp:52864,192.168.3.1*,2,259,1,78,1,181
64:B7:08:A9:2B:20,ALL,udp:52864,192.168.3.118*,2,259,1,181,1,78
64:B7:08:A9:2B:20,ALL,udp:58891,192.168.3.1,2,259,1,78,1,181
64:B7:08:A9:2B:20,ALL,udp:58891,52.207.222.50,2,180,1,90,1,90
64:B7:08:A9:2B:20,ALL,udp:51998,192.168.3.1*,2,259,1,78,1,181
64:B7:08:A9:2B:20,ALL,udp:51998,192.168.3.118*,2,259,1,181,1,78
64:B7:08:A9:2B:20,ALL,udp:62565,192.168.3.1*,2,259,1,78,1,181
64:B7:08:A9:2B:20,ALL,udp:62565,192.168.3.118*,2,259,1,181,1,78
64:B7:08:A9:2B:20,ALL,udp:1674,192.168.3.1*,2,259,1,78,1,181
64:B7:08:A9:2B:20,ALL,udp:1674,192.168.3.118*,2,259,1,181,1,78
64:B7:08:A9:2B:20,ALL,udp:11629,192.168.3.1*,2,259,1,78,1,181
64:B7:08:A9:2B:20,ALL,udp:11629,192.168.3.118*,2,259,1,181,1,78
64:B7:08:A9:2B:20,ALL,udp:28621,192.168.3.1*,2,164,1,74,1,90
64:B7:08:A9:2B:20,ALL,udp:28621,192.168.3.118*,2,164,1,90,1,74
64:B7:08:A9:2B:20,ALL,udp:40139,192.168.3.1*,2,259,1,78,1,181
64:B7:08:A9:2B:20,ALL,udp:40139,192.168.3.118*,2,259,1,181,1,78
64:B7:08:A9:2B:20,ALL,udp:24181,192.168.3.1*,2,259,1,78,1,181
64:B7:08:A9:2B:20,ALL,udp:24181,192.168.3.118*,2,259,1,181,1,78
64:B7:08:A9:2B:20,ALL,udp:16866,192.168.3.1*,2,259,1,78,1,181
64:B7:08:A9:2B:20,ALL,udp:16866,192.168.3.118*,2,259,1,181,1,78
64:B7:08:A9:2B:20,ALL,udp:62920,192.168.3.1*,2,259,1,78,1,181
64:B7:08:A9:2B:20,ALL,udp:62920,192.168.3.118*,2,259,1,181,1,78
64:B7:08:A9:2B:20,ALL,udp:60712,192.168.3.1*,2,259,1,78,1,181
64:B7:08:A9:2B:20,ALL,udp:60712,192.168.3.118*,2,259,1,181,1,78
64:B7:08:A9:2B:20,ALL,udp:4609,192.168.3.1*,2,259,1,78,1,181
64:B7:08:A9:2B:20,ALL,udp:4609,192.168.3.118*,2,259,1,181,1,78
64:B7:08:A9:2B:20,ALL,udp:9788,192.168.3.1*,2,259,1,78,1,181
64:B7:08:A9:2B:20,ALL,udp:9788,192.168.3.118*,2,259,1,181,1,78
64:B7:08:A9:2B:20,ALL,udp:36048,192.168.3.1*,2,259,1,78,1,181
64:B7:08:A9:2B:20,ALL,udp:36048,192.168.3.118*,2,259,1,181,1,78
64:B7:08:A9:2B:20,ALL,udp:16224,192.168.3.1*,2,259,1,78,1,181
64:B7:08:A9:2B:20,ALL,udp:16224,192.168.3.118*,2,259,1,181,1,78
64:B7:08:A9:2B:20,ALL,udp:39887,192.168.3.1*,2,259,1,78,1,181
64:B7:08:A9:2B:20,ALL,udp:39887,192.168.3.118*,2,259,1,181,1,78
64:B7:08:A9:2B:20,ALL,udp:58902,192.168.3.1,2,259,1,78,1,181
64:B7:08:A9:2B:20,ALL,udp:58902,54.161.254.100,2,180,1,90,1,90
64:B7:08:A9:2B:20,ALL,udp:63973,192.168.3.1*,2,164,1,74,1,90
64:B7:08:A9:2B:20,ALL,udp:63973,192.168.3.118*,2,164,1,90,1,74
64:B7:08:A9:2B:20,ALL,udp:62670,192.168.3.1*,2,259,1,78,1,181
64:B7:08:A9:2B:20,ALL,udp:62670,192.168.3.118*,2,259,1,181,1,78
64:B7:08:A9:2B:20,ALL,udp:23815,192.168.3.1*,2,259,1,78,1,181
64:B7:08:A9:2B:20,ALL,udp:23815,192.168.3.118*,2,259,1,181,1,78
64:B7:08:A9:2B:20,ALL,udp:61004,192.168.3.1*,2,259,1,78,1,181
64:B7:08:A9:2B:20,ALL,udp:61004,192.168.3.118*,2,259,1,181,1,78
64:B7:08:A9:2B:20,ALL,udp:52735,192.168.3.1*,2,259,1,78,1,181
64:B7:08:A9:2B:20,ALL,udp:52735,192.168.3.118*,2,259,1,181,1,78
64:B7:08:A9:2B:20,ALL,udp:29503,192.168.3.1*,2,259,1,78,1,181
64:B7:08:A9:2B:20,ALL,udp:29503,192.168.3.118*,2,259,1,181,1,78
64:B7:08:A9:2B:20,ALL,udp:7019,192.168.3.1*,2,259,1,78,1,181
64:B7:08:A9:2B:20,ALL,udp:7019,192.168.3.118*,2,259,1,181,1,78
64:B7:08:A9:2B:20,ALL,udp:58145,192.168.3.1*,2,259,1,78,1,181
64:B7:08:A9:2B:20,ALL,udp:58145,192.168.3.118*,2,259,1,181,1,78
64:B7:08:A9:2B:20,ALL,udp:23411,192.168.3.1*,2,259,1,78,1,181
64:B7:08:A9:2B:20,ALL,udp:23411,192.168.3.118*,2,259,1,181,1,78
64:B7:08:A9:2B:20,ALL,udp:43951,192.168.3.1*,2,259,1,78,1,181
64:B7:08:A9:2B:20,ALL,udp:43951,192.168.3.118*,2,259,1,181,1,78
64:B7:08:A9:2B:20,ALL,udp:1842,192.168.3.1*,2,259,1,78,1,181
64:B7:08:A9:2B:20,ALL,udp:1842,192.168.3.118*,2,259,1,181,1,78
64:B7:08:A9:2B:20,ALL,udp:10561,192.168.3.1*,2,259,1,78,1,181
64:B7:08:A9:2B:20,ALL,udp:10561,192.168.3.118*,2,259,1,181,1,78
64:B7:08:A9:2B:20,ALL,udp:27212,192.168.3.1*,2,259,1,78,1,181
64:B7:08:A9:2B:20,ALL,udp:27212,192.168.3.118*,2,259,1,181,1,78
64:B7:08:A9:2B:20,ALL,udp:46341,192.168.3.1*,2,164,1,74,1,90
64:B7:08:A9:2B:20,ALL,udp:46341,192.168.3.118*,2,164,1,90,1,74
64:B7:08:A9:2B:20,ALL,udp:36996,192.168.3.1*,2,259,1,78,1,181
64:B7:08:A9:2B:20,ALL,udp:36996,192.168.3.118*,2,259,1,181,1,78
64:B7:08:A9:2B:20,ALL,udp:57439,192.168.3.1*,2,259,1,78,1,181
64:B7:08:A9:2B:20,ALL,udp:57439,192.168.3.118*,2,259,1,181,1,78
64:B7:08:A9:2B:20,ALL,udp:3351,192.168.3.1*,2,259,1,78,1,181
64:B7:08:A9:2B:20,ALL,udp:3351,192.168.3.118*,2,259,1,181,1,78
64:B7:08:A9:2B:20,ALL,udp:10736,192.168.3.1*,2,259,1,78,1,181
64:B7:08:A9:2B:20,ALL,udp:10736,192.168.3.118*,2,259,1,181,1,78
64:B7:08:A9:2B:20,ALL,udp:5906,192.168.3.1*,2,259,1,78,1,181
64:B7:08:A9:2B:20,ALL,udp:5906,192.168.3.118*,2,259,1,181,1,78
64:B7:08:A9:2B:20,ALL,udp:41511,192.168.3.1*,2,259,1,78,1,181
64:B7:08:A9:2B:20,ALL,udp:41511,192.168.3.118*,2,259,1,181,1,78
64:B7:08:A9:2B:20,ALL,udp:52405,192.168.3.1*,2,259,1,78,1,181
64:B7:08:A9:2B:20,ALL,udp:52405,192.168.3.118*,2,259,1,181,1,78
64:B7:08:A9:2B:20,ALL,udp:7998,192.168.3.1*,2,259,1,78,1,181
64:B7:08:A9:2B:20,ALL,udp:7998,192.168.3.118*,2,259,1,181,1,78
64:B7:08:A9:2B:20,ALL,udp:10734,192.168.3.1*,2,259,1,78,1,181
64:B7:08:A9:2B:20,ALL,udp:10734,192.168.3.118*,2,259,1,181,1,78
64:B7:08:A9:2B:20,ALL,udp:4617,192.168.3.1*,2,259,1,78,1,181
64:B7:08:A9:2B:20,ALL,udp:4617,192.168.3.118*,2,259,1,181,1,78
64:B7:08:A9:2B:20,ALL,udp:65374,192.168.3.1*,2,259,1,78,1,181
64:B7:08:A9:2B:20,ALL,udp:65374,192.168.3.118*,2,259,1,181,1,78
64:B7:08:A9:2B:20,ALL,udp:51930,192.168.3.1*,2,259,1,78,1,181
64:B7:08:A9:2B:20,ALL,udp:51930,192.168.3.118*,2,259,1,181,1,78
64:B7:08:A9:2B:20,ALL,udp:27729,192.168.3.1*,2,164,1,74,1,90
64:B7:08:A9:2B:20,ALL,udp:27729,192.168.3.118*,2,164,1,90,1,74
64:B7:08:A9:2B:20,ALL,udp:3500,192.168.3.1*,2,259,1,78,1,181
64:B7:08:A9:2B:20,ALL,udp:3500,192.168.3.118*,2,259,1,181,1,78
64:B7:08:A9:2B:20,ALL,udp:65242,192.168.3.1*,2,259,1,78,1,181
64:B7:08:A9:2B:20,ALL,udp:65242,192.168.3.118*,2,259,1,181,1,78
64:B7:08:A9:2B:20,ALL,udp:64639,192.168.3.1*,2,259,1,78,1,181
64:B7:08:A9:2B:20,ALL,udp:64639,192.168.3.118*,2,259,1,181,1,78
64:B7:08:A9:2B:20,ALL,udp:5863,192.168.3.1*,2,259,1,78,1,181
64:B7:08:A9:2B:20,ALL,udp:5863,192.168.3.118*,2,259,1,181,1,78
64:B7:08:A9:2B:20,ALL,udp:41519,192.168.3.1*,2,259,1,78,1,181
64:B7:08:A9:2B:20,ALL,udp:41519,192.168.3.118*,2,259,1,181,1,78
64:B7:08:A9:2B:20,ALL,udp:55083,192.168.3.1*,2,259,1,78,1,181
64:B7:08:A9:2B:20,ALL,udp:55083,192.168.3.118*,2,259,1,181,1,78
64:B7:08:A9:2B:20,ALL,udp:38800,192.168.3.1*,2,259,1,78,1,181
64:B7:08:A9:2B:20,ALL,udp:38800,192.168.3.118*,2,259,1,181,1,78
64:B7:08:A9:2B:20,ALL,udp:64883,192.168.3.1*,2,259,1,78,1,181
64:B7:08:A9:2B:20,ALL,udp:64883,192.168.3.118*,2,259,1,181,1,78
64:B7:08:A9:2B:20,ALL,udp:25398,192.168.3.1*,2,259,1,78,1,181
64:B7:08:A9:2B:20,ALL,udp:25398,192.168.3.118*,2,259,1,181,1,78
64:B7:08:A9:2B:20,ALL,udp:3694,192.168.3.1*,2,164,1,74,1,90
64:B7:08:A9:2B:20,ALL,udp:3694,192.168.3.118*,2,164,1,90,1,74
64:B7:08:A9:2B:20,ALL,udp:44791,192.168.3.1*,2,259,1,78,1,181
64:B7:08:A9:2B:20,ALL,udp:44791,192.168.3.118*,2,259,1,181,1,78
64:B7:08:A9:2B:20,ALL,udp:31718,192.168.3.1*,2,259,1,78,1,181
64:B7:08:A9:2B:20,ALL,udp:31718,192.168.3.118*,2,259,1,181,1,78
64:B7:08:A9:2B:20,ALL,udp:10224,192.168.3.1*,2,259,1,78,1,181
64:B7:08:A9:2B:20,ALL,udp:10224,192.168.3.118*,2,259,1,181,1,78
64:B7:08:A9:2B:20,ALL,udp:11586,192.168.3.1*,2,259,1,78,1,181
64:B7:08:A9:2B:20,ALL,udp:11586,192.168.3.118*,2,259,1,181,1,78
64:B7:08:A9:2B:20,ALL,udp:34131,192.168.3.1*,2,259,1,78,1,181
64:B7:08:A9:2B:20,ALL,udp:34131,192.168.3.118*,2,259,1,181,1,78
64:B7:08:A9:2B:20,ALL,udp:26546,192.168.3.1*,2,259,1,78,1,181
64:B7:08:A9:2B:20,ALL,udp:26546,192.168.3.118*,2,259,1,181,1,78
64:B7:08:A9:2B:20,ALL,udp:62643,192.168.3.1*,2,259,1,78,1,181
64:B7:08:A9:2B:20,ALL,udp:62643,192.168.3.118*,2,259,1,181,1,78
64:B7:08:A9:2B:20,ALL,udp:10520,192.168.3.1*,2,259,1,78,1,181
64:B7:08:A9:2B:20,ALL,udp:10520,192.168.3.118*,2,259,1,181,1,78
64:B7:08:A9:2B:20,ALL,udp:14872,192.168.3.1*,2,259,1,78,1,181
64:B7:08:A9:2B:20,ALL,udp:14872,192.168.3.118*,2,259,1,181,1,78
64:B7:08:A9:2B:20,ALL,udp:57522,192.168.3.1*,2,259,1,78,1,181
64:B7:08:A9:2B:20,ALL,udp:57522,192.168.3.118*,2,259,1,181,1,78
64:B7:08:A9:2B:20,ALL,udp:24297,192.168.3.1*,2,259,1,78,1,181
64:B7:08:A9:2B:20,ALL,udp:24297,192.168.3.118*,2,259,1,181,1,78
64:B7:08:A9:2B:20,ALL,udp:5410,192.168.3.1*,2,259,1,78,1,181
64:B7:08:A9:2B:20,ALL,udp:5410,192.168.3.118*,2,259,1,181,1,78
64:B7:08:A9:2B:20,ALL,udp:35898,192.168.3.1*,2,164,1,74,1,90
64:B7:08:A9:2B:20,ALL,udp:35898,192.168.3.118*,2,164,1,90,1,74
64:B7:08:A9:2B:20,ALL,udp:42469,192.168.3.1*,2,259,1,78,1,181
64:B7:08:A9:2B:20,ALL,udp:42469,192.168.3.118*,2,259,1,181,1,78
64:B7:08:A9:2B:20,ALL,udp:58276,192.168.3.1*,2,259,1,78,1,181
64:B7:08:A9:2B:20,ALL,udp:58276,192.168.3.118*,2,259,1,181,1,78
64:B7:08:A9:2B:20,ALL,udp:33958,192.168.3.1*,2,259,1,78,1,181
64:B7:08:A9:2B:20,ALL,udp:33958,192.168.3.118*,2,259,1,181,1,78
64:B7:08:A9:2B:20,ALL,udp:60015,192.168.3.1*,2,259,1,78,1,181
64:B7:08:A9:2B:20,ALL,udp:60015,192.168.3.118*,2,259,1,181,1,78
64:B7:08:A9:2B:20,ALL,udp:24644,192.168.3.1*,2,259,1,78,1,181
64:B7:08:A9:2B:20,ALL,udp:24644,192.168.3.118*,2,259,1,181,1,78
64:B7:08:A9:2B:20,ALL,udp:33148,192.168.3.1*,2,259,1,78,1,181
64:B7:08:A9:2B:20,ALL,udp:33148,192.168.3.118*,2,259,1,181,1,78
64:B7:08:A9:2B:20,ALL,udp:29532,192.168.3.1*,2,259,1,78,1,181
64:B7:08:A9:2B:20,ALL,udp:29532,192.168.3.118*,2,259,1,181,1,78
64:B7:08:A9:2B:20,ALL,udp:15196,192.168.3.1*,2,259,1,78,1,181
64:B7:08:A9:2B:20,ALL,udp:15196,192.168.3.118*,2,259,1,181,1,78
64:B7:08:A9:2B:20,ALL,udp:31287,192.168.3.1*,2,259,1,78,1,181
64:B7:08:A9:2B:20,ALL,udp:31287,192.168.3.118*,2,259,1,181,1,78
64:B7:08:A9:2B:20,ALL,udp:50842,192.168.3.1*,2,259,1,78,1,181
64:B7:08:A9:2B:20,ALL,udp:50842,192.168.3.118*,2,259,1,181,1,78
64:B7:08:A9:2B:20,ALL,udp:20330,192.168.3.1*,2,259,1,78,1,181
64:B7:08:A9:2B:20,ALL,udp:20330,192.168.3.118*,2,259,1,181,1,78
64:B7:08:A9:2B:20,ALL,udp:39150,192.168.3.1*,2,259,1,78,1,181
64:B7:08:A9:2B:20,ALL,udp:39150,192.168.3.118*,2,259,1,181,1,78
64:B7:08:A9:2B:20,ALL,udp:17327,192.168.3.1*,2,259,1,78,1,181
64:B7:08:A9:2B:20,ALL,udp:17327,192.168.3.118*,2,259,1,181,1,78
64:B7:08:A9:2B:20,ALL,udp:16490,192.168.3.1*,2,259,1,78,1,181
64:B7:08:A9:2B:20,ALL,udp:16490,192.168.3.118*,2,259,1,181,1,78
64:B7:08:A9:2B:20,ALL,udp:50306,192.168.3.1*,2,208,1,72,1,136
64:B7:08:A9:2B:20,ALL,udp:50306,192.168.3.118*,2,208,1,136,1,72
64:B7:08:A9:2B:20,ALL,udp:29731,192.168.3.1*,2,259,1,78,1,181
64:B7:08:A9:2B:20,ALL,udp:29731,192.168.3.118*,2,259,1,181,1,78
64:B7:08:A9:2B:20,ALL,udp:54368,192.168.3.1*,2,259,1,78,1,181
64:B7:08:A9:2B:20,ALL,udp:54368,192.168.3.118*,2,259,1,181,1,78
64:B7:08:A9:2B:20,ALL,udp:26921,192.168.3.1*,2,259,1,78,1,181
64:B7:08:A9:2B:20,ALL,udp:26921,192.168.3.118*,2,259,1,181,1,78
64:B7:08:A9:2B:20,ALL,udp:11914,192.168.3.1*,2,259,1,78,1,181
64:B7:08:A9:2B:20,ALL,udp:11914,192.168.3.118*,2,259,1,181,1,78
64:B7:08:A9:2B:20,ALL,udp:60485,192.168.3.1*,2,259,1,78,1,181
64:B7:08:A9:2B:20,ALL,udp:60485,192.168.3.118*,2,259,1,181,1,78
64:B7:08:A9:2B:20,ALL,udp:3502,192.168.3.1*,2,259,1,78,1,181
64:B7:08:A9:2B:20,ALL,udp:3502,192.168.3.118*,2,259,1,181,1,78
64:B7:08:A9:2B:20,ALL,udp:13690,192.168.3.1*,2,259,1,78,1,181
64:B7:08:A9:2B:20,ALL,udp:13690,192.168.3.118*,2,259,1,181,1,78
64:B7:08:A9:2B:20,ALL,udp:20490,192.168.3.1*,2,259,1,78,1,181
64:B7:08:A9:2B:20,ALL,udp:20490,192.168.3.118*,2,259,1,181,1,78
64:B7:08:A9:2B:20,ALL,udp:24753,192.168.3.1*,2,259,1,78,1,181
64:B7:08:A9:2B:20,ALL,udp:24753,192.168.3.118*,2,259,1,181,1,78
64:B7:08:A9:2B:20,ALL,udp:51781,192.168.3.1*,2,164,1,74,1,90
64:B7:08:A9:2B:20,ALL,udp:51781,192.168.3.118*,2,164,1,90,1,74
64:B7:08:A9:2B:20,ALL,udp:25671,192.168.3.1*,2,259,1,78,1,181
64:B7:08:A9:2B:20,ALL,udp:25671,192.168.3.118*,2,259,1,181,1,78
64:B7:08:A9:2B:20,ALL,udp:44083,192.168.3.1*,2,259,1,78,1,181
64:B7:08:A9:2B:20,ALL,udp:44083,192.168.3.118*,2,259,1,181,1,78
64:B7:08:A9:2B:20,ALL,udp:10106,192.168.3.1*,2,259,1,78,1,181
64:B7:08:A9:2B:20,ALL,udp:10106,192.168.3.118*,2,259,1,181,1,78
64:B7:08:A9:2B:20,ALL,udp:37796,192.168.3.1*,2,259,1,78,1,181
64:B7:08:A9:2B:20,ALL,udp:37796,192.168.3.118*,2,259,1,181,1,78
64:B7:08:A9:2B:20,ALL,udp:20811,192.168.3.1*,2,259,1,78,1,181
64:B7:08:A9:2B:20,ALL,udp:20811,192.168.3.118*,2,259,1,181,1,78
64:B7:08:A9:2B:20,ALL,udp:40907,192.168.3.1*,2,259,1,78,1,181
64:B7:08:A9:2B:20,ALL,udp:40907,192.168.3.118*,2,259,1,181,1,78
64:B7:08:A9:2B:20,ALL,udp:54362,192.168.3.1*,2,259,1,78,1,181
64:B7:08:A9:2B:20,ALL,udp:54362,192.168.3.118*,2,259,1,181,1,78
64:B7:08:A9:2B:20,ALL,udp:51906,192.168.3.1*,2,259,1,78,1,181
64:B7:08:A9:2B:20,ALL,udp:51906,192.168.3.118*,2,259,1,181,1,78
64:B7:08:A9:2B:20,ALL,udp:21178,192.168.3.1*,2,259,1,78,1,181
64:B7:08:A9:2B:20,ALL,udp:21178,192.168.3.118*,2,259,1,181,1,78
64:B7:08:A9:2B:20,ALL,udp:45384,192.168.3.1*,2,259,1,78,1,181
64:B7:08:A9:2B:20,ALL,udp:45384,192.168.3.118*,2,259,1,181,1,78
64:B7:08:A9:2B:20,ALL,udp:7212,192.168.3.1*,2,259,1,78,1,181
64:B7:08:A9:2B:20,ALL,udp:7212,192.168.3.118*,2,259,1,181,1,78
64:B7:08:A9:2B:20,ALL,udp:40372,192.168.3.1*,2,259,1,78,1,181
64:B7:08:A9:2B:20,ALL,udp:40372,192.168.3.118*,2,259,1,181,1,78
64:B7:08:A9:2B:20,ALL,udp:22881,192.168.3.1*,2,164,1,74,1,90
64:B7:08:A9:2B:20,ALL,udp:22881,192.168.3.118*,2,164,1,90,1,74
64:B7:08:A9:2B:20,ALL,udp:60180,192.168.3.1*,2,259,1,78,1,181
64:B7:08:A9:2B:20,ALL,udp:60180,192.168.3.118*,2,259,1,181,1,78
64:B7:08:A9:2B:20,ALL,udp:49838,192.168.3.1*,2,259,1,78,1,181
64:B7:08:A9:2B:20,ALL,udp:49838,192.168.3.118*,2,259,1,181,1,78
64:B7:08:A9:2B:20,ALL,udp:36467,192.168.3.1*,2,259,1,78,1,181
64:B7:08:A9:2B:20,ALL,udp:36467,192.168.3.118*,2,259,1,181,1,78
64:B7:08:A9:2B:20,ALL,udp:33861,192.168.3.1*,2,259,1,78,1,181
64:B7:08:A9:2B:20,ALL,udp:33861,192.168.3.118*,2,259,1,181,1,78
64:B7:08:A9:2B:20,ALL,udp:59417,192.168.3.1,2,259,1,78,1,181
64:B7:08:A9:2B:20,ALL,udp:59417,3.86.4.106,2,180,1,90,1,90
64:B7:08:A9:2B:20,ALL,udp:5629,192.168.3.1*,2,259,1,78,1,181
64:B7:08:A9:2B:20,ALL,udp:5629,192.168.3.118*,2,259,1,181,1,78
64:B7:08:A9:2B:20,ALL,udp:21205,192.168.3.1*,2,259,1,78,1,181
64:B7:08:A9:2B:20,ALL,udp:21205,192.168.3.118*,2,259,1,181,1,78
64:B7:08:A9:2B:20,ALL,udp:5560,192.168.3.1*,2,259,1,78,1,181
64:B7:08:A9:2B:20,ALL,udp:5560,192.168.3.118*,2,259,1,181,1,78
64:B7:08:A9:2B:20,ALL,udp:56286,192.168.3.1*,2,259,1,78,1,181
64:B7:08:A9:2B:20,ALL,udp:56286,192.168.3.118*,2,259,1,181,1,78
64:B7:08:A9:2B:20,ALL,udp:40960,192.168.3.1*,2,259,1,78,1,181
64:B7:08:A9:2B:20,ALL,udp:40960,192.168.3.118*,2,259,1,181,1,78
64:B7:08:A9:2B:20,ALL,udp:42205,192.168.3.1*,2,259,1,78,1,181
64:B7:08:A9:2B:20,ALL,udp:42205,192.168.3.118*,2,259,1,181,1,78
64:B7:08:A9:2B:20,ALL,udp:8256,192.168.3.1*,2,164,1,74,1,90
64:B7:08:A9:2B:20,ALL,udp:8256,192.168.3.118*,2,164,1,90,1,74
64:B7:08:A9:2B:20,ALL,udp:53878,192.168.3.1*,2,259,1,78,1,181
64:B7:08:A9:2B:20,ALL,udp:53878,192.168.3.118*,2,259,1,181,1,78
64:B7:08:A9:2B:20,ALL,udp:50991,192.168.3.1*,2,259,1,78,1,181
64:B7:08:A9:2B:20,ALL,udp:50991,192.168.3.118*,2,259,1,181,1,78
64:B7:08:A9:2B:20,ALL,udp:11607,192.168.3.1*,2,259,1,78,1,181
64:B7:08:A9:2B:20,ALL,udp:11607,192.168.3.118*,2,259,1,181,1,78
64:B7:08:A9:2B:20,ALL,udp:21763,192.168.3.1*,2,259,1,78,1,181
64:B7:08:A9:2B:20,ALL,udp:21763,192.168.3.118*,2,259,1,181,1,78
64:B7:08:A9:2B:20,ALL,udp:46646,192.168.3.1*,2,259,1,78,1,181
64:B7:08:A9:2B:20,ALL,udp:46646,192.168.3.118*,2,259,1,181,1,78
64:B7:08:A9:2B:20,ALL,udp:4293,192.168.3.1*,2,259,1,78,1,181
64:B7:08:A9:2B:20,ALL,udp:4293,192.168.3.118*,2,259,1,181,1,78
64:B7:08:A9:2B:20,ALL,udp:62974,192.168.3.1*,2,259,1,78,1,181
64:B7:08:A9:2B:20,ALL,udp:62974,192.168.3.118*,2,259,1,181,1,78
64:B7:08:A9:2B:20,ALL,udp:17078,192.168.3.1*,2,259,1,78,1,181
64:B7:08:A9:2B:20,ALL,udp:17078,192.168.3.118*,2,259,1,181,1,78
64:B7:08:A9:2B:20,ALL,udp:58932,192.168.3.1,2,259,1,78,1,181
64:B7:08:A9:2B:20,ALL,udp:58932,54.81.127.33,2,180,1,90,1,90
64:B7:08:A9:2B:20,ALL,udp:49396,192.168.3.1*,2,259,1,78,1,181
64:B7:08:A9:2B:20,ALL,udp:49396,192.168.3.118*,2,259,1,181,1,78
64:B7:08:A9:2B:20,ALL,udp:5039,192.168.3.1*,2,164,1,74,1,90
64:B7:08:A9:2B:20,ALL,udp:5039,192.168.3.118*,2,164,1,90,1,74
64:B7:08:A9:2B:20,ALL,udp:13240,192.168.3.1*,2,259,1,78,1,181
64:B7:08:A9:2B:20,ALL,udp:13240,192.168.3.118*,2,259,1,181,1,78
64:B7:08:A9:2B:20,ALL,udp:16736,192.168.3.1*,2,259,1,78,1,181
64:B7:08:A9:2B:20,ALL,udp:16736,192.168.3.118*,2,259,1,181,1,78
64:B7:08:A9:2B:20,ALL,udp:44619,192.168.3.1*,2,259,1,78,1,181
64:B7:08:A9:2B:20,ALL,udp:44619,192.168.3.118*,2,259,1,181,1,78
64:B7:08:A9:2B:20,ALL,udp:13996,192.168.3.1*,2,259,1,78,1,181
64:B7:08:A9:2B:20,ALL,udp:13996,192.168.3.118*,2,259,1,181,1,78
64:B7:08:A9:2B:20,ALL,udp:44508,192.168.3.1*,2,259,1,78,1,181
64:B7:08:A9:2B:20,ALL,udp:44508,192.168.3.118*,2,259,1,181,1,78
64:B7:08:A9:2B:20,ALL,udp:13308,192.168.3.1*,2,259,1,78,1,181
64:B7:08:A9:2B:20,ALL,udp:13308,192.168.3.118*,2,259,1,181,1,78
64:B7:08:A9:2B:20,ALL,udp:54117,192.168.3.1*,2,259,1,78,1,181
64:B7:08:A9:2B:20,ALL,udp:54117,192.168.3.118*,2,259,1,181,1,78
64:B7:08:A9:2B:20,ALL,udp:42487,192.168.3.1*,2,259,1,78,1,181
64:B7:08:A9:2B:20,ALL,udp:42487,192.168.3.118*,2,259,1,181,1,78
64:B7:08:A9:2B:20,ALL,udp:5871,192.168.3.1*,2,259,1,78,1,181
64:B7:08:A9:2B:20,ALL,udp:5871,192.168.3.118*,2,259,1,181,1,78
64:B7:08:A9:2B:20,ALL,udp:9315,192.168.3.1*,2,259,1,78,1,181
64:B7:08:A9:2B:20,ALL,udp:9315,192.168.3.118*,2,259,1,181,1,78
64:B7:08:A9:2B:20,ALL,udp:22861,192.168.3.1*,2,259,1,78,1,181
64:B7:08:A9:2B:20,ALL,udp:22861,192.168.3.118*,2,259,1,181,1,78
64:B7:08:A9:2B:20,ALL,udp:17372,192.168.3.1*,2,259,1,78,1,181
64:B7:08:A9:2B:20,ALL,udp:17372,192.168.3.118*,2,259,1,181,1,78
64:B7:08:A9:2B:20,ALL,udp:21850,192.168.3.1*,2,164,1,74,1,90
64:B7:08:A9:2B:20,ALL,udp:21850,192.168.3.118*,2,164,1,90,1,74
64:B7:08:A9:2B:20,ALL,udp:49897,192.168.3.1*,2,259,1,78,1,181
64:B7:08:A9:2B:20,ALL,udp:49897,192.168.3.118*,2,259,1,181,1,78
64:B7:08:A9:2B:20,ALL,udp:63280,192.168.3.1*,2,259,1,78,1,181
64:B7:08:A9:2B:20,ALL,udp:63280,192.168.3.118*,2,259,1,181,1,78
64:B7:08:A9:2B:20,ALL,udp:49612,192.168.3.1*,2,259,1,78,1,181
64:B7:08:A9:2B:20,ALL,udp:49612,192.168.3.118*,2,259,1,181,1,78
64:B7:08:A9:2B:20,ALL,udp:44203,192.168.3.1*,2,259,1,78,1,181
64:B7:08:A9:2B:20,ALL,udp:44203,192.168.3.118*,2,259,1,181,1,78
64:B7:08:A9:2B:20,ALL,udp:6985,192.168.3.1*,2,259,1,78,1,181
64:B7:08:A9:2B:20,ALL,udp:6985,192.168.3.118*,2,259,1,181,1,78
64:B7:08:A9:2B:20,ALL,udp:34265,192.168.3.1*,2,259,1,78,1,181
64:B7:08:A9:2B:20,ALL,udp:34265,192.168.3.118*,2,259,1,181,1,78
64:B7:08:A9:2B:20,ALL,udp:52591,192.168.3.1*,2,259,1,78,1,181
64:B7:08:A9:2B:20,ALL,udp:52591,192.168.3.118*,2,259,1,181,1,78
64:B7:08:A9:2B:20,ALL,udp:45761,192.168.3.1*,2,259,1,78,1,181
64:B7:08:A9:2B:20,ALL,udp:45761,192.168.3.118*,2,259,1,181,1,78
64:B7:08:A9:2B:20,ALL,udp:63521,192.168.3.1*,2,259,1,78,1,181
64:B7:08:A9:2B:20,ALL,udp:63521,192.168.3.118*,2,259,1,181,1,78
64:B7:08:A9:2B:20,ALL,udp:49173,192.168.3.1*,2,259,1,78,1,181
64:B7:08:A9:2B:20,ALL,udp:49173,192.168.3.118*,2,259,1,181,1,78
64:B7:08:A9:2B:20,ALL,udp:34059,192.168.3.1*,2,259,1,78,1,181
64:B7:08:A9:2B:20,ALL,udp:34059,192.168.3.118*,2,259,1,181,1,78
64:B7:08:A9:2B:20,ALL,udp:53235,192.168.3.1*,2,259,1,78,1,181
64:B7:08:A9:2B:20,ALL,udp:53235,192.168.3.118*,2,259,1,181,1,78
64:B7:08:A9:2B:20,ALL,udp:51707,192.168.3.1*,2,164,1,74,1,90
64:B7:08:A9:2B:20,ALL,udp:51707,192.168.3.118*,2,164,1,90,1,74
64:B7:08:A9:2B:20,ALL,udp:55849,192.168.3.1*,2,259,1,78,1,181
64:B7:08:A9:2B:20,ALL,udp:55849,192.168.3.118*,2,259,1,181,1,78
64:B7:08:A9:2B:20,ALL,udp:5225,192.168.3.1*,2,259,1,78,1,181
64:B7:08:A9:2B:20,ALL,udp:5225,192.168.3.118*,2,259,1,181,1,78
64:B7:08:A9:2B:20,ALL,udp:39484,192.168.3.1*,2,259,1,78,1,181
64:B7:08:A9:2B:20,ALL,udp:39484,192.168.3.118*,2,259,1,181,1,78
64:B7:08:A9:2B:20,ALL,udp:34384,192.168.3.1*,2,259,1,78,1,181
64:B7:08:A9:2B:20,ALL,udp:34384,192.168.3.118*,2,259,1,181,1,78
64:B7:08:A9:2B:20,ALL,udp:64614,192.168.3.1*,2,259,1,78,1,181
64:B7:08:A9:2B:20,ALL,udp:64614,192.168.3.118*,2,259,1,181,1,78
64:B7:08:A9:2B:20,ALL,udp:46485,192.168.3.1*,2,259,1,78,1,181
64:B7:08:A9:2B:20,ALL,udp:46485,192.168.3.118*,2,259,1,181,1,78
64:B7:08:A9:2B:20,ALL,udp:61613,192.168.3.1*,2,259,1,78,1,181
64:B7:08:A9:2B:20,ALL,udp:61613,192.168.3.118*,2,259,1,181,1,78
64:B7:08:A9:2B:20,ALL,udp:37313,192.168.3.1*,2,259,1,78,1,181
64:B7:08:A9:2B:20,ALL,udp:37313,192.168.3.118*,2,259,1,181,1,78
64:B7:08:A9:2B:20,ALL,udp:64447,192.168.3.1*,2,259,1,78,1,181
64:B7:08:A9:2B:20,ALL,udp:64447,192.168.3.118*,2,259,1,181,1,78
64:B7:08:A9:2B:20,ALL,udp:62255,192.168.3.1*,2,259,1,78,1,181
64:B7:08:A9:2B:20,ALL,udp:62255,192.168.3.118*,2,259,1,181,1,78
64:B7:08:A9:2B:20,ALL,udp:27843,192.168.3.1*,2,259,1,78,1,181
64:B7:08:A9:2B:20,ALL,udp:27843,192.168.3.118*,2,259,1,181,1,78
64:B7:08:A9:2B:20,ALL,udp:43595,192.168.3.1*,2,164,1,74,1,90
64:B7:08:A9:2B:20,ALL,udp:43595,192.168.3.118*,2,164,1,90,1,74
64:B7:08:A9:2B:20,ALL,udp:27927,192.168.3.1*,2,259,1,78,1,181
64:B7:08:A9:2B:20,ALL,udp:27927,192.168.3.118*,2,259,1,181,1,78
64:B7:08:A9:2B:20,ALL,udp:54393,192.168.3.1*,2,208,1,72,1,136
64:B7:08:A9:2B:20,ALL,udp:54393,192.168.3.118*,2,208,1,136,1,72
64:B7:08:A9:2B:20,ALL,udp:49720,192.168.3.1*,2,259,1,78,1,181
64:B7:08:A9:2B:20,ALL,udp:49720,192.168.3.118*,2,259,1,181,1,78
64:B7:08:A9:2B:20,ALL,udp:18142,192.168.3.1*,2,259,1,78,1,181
64:B7:08:A9:2B:20,ALL,udp:18142,192.168.3.118*,2,259,1,181,1,78
64:B7:08:A9:2B:20,ALL,udp:52948,192.168.3.1*,2,259,1,78,1,181
64:B7:08:A9:2B:20,ALL,udp:52948,192.168.3.118*,2,259,1,181,1,78
64:B7:08:A9:2B:20,ALL,udp:47481,192.168.3.1*,2,259,1,78,1,181
64:B7:08:A9:2B:20,ALL,udp:47481,192.168.3.118*,2,259,1,181,1,78
64:B7:08:A9:2B:20,ALL,udp:58872,192.168.3.1,2,259,1,78,1,181
64:B7:08:A9:2B:20,ALL,udp:58872,54.210.225.137,2,180,1,90,1,90
64:B7:08:A9:2B:20,ALL,udp:26746,192.168.3.1*,2,259,1,78,1,181
64:B7:08:A9:2B:20,ALL,udp:26746,192.168.3.118*,2,259,1,181,1,78
64:B7:08:A9:2B:20,ALL,udp:60360,192.168.3.1*,2,259,1,78,1,181
64:B7:08:A9:2B:20,ALL,udp:60360,192.168.3.118*,2,259,1,181,1,78
64:B7:08:A9:2B:20,ALL,udp:23976,192.168.3.1*,2,259,1,78,1,181
64:B7:08:A9:2B:20,ALL,udp:23976,192.168.3.118*,2,259,1,181,1,78
64:B7:08:A9:2B:20,ALL,udp:42477,192.168.3.1*,2,210,1,86,1,124
64:B7:08:A9:2B:20,ALL,udp:42477,192.168.3.118*,2,210,1,124,1,86
64:B7:08:A9:2B:20,ALL,udp:52401,192.168.3.1*,2,259,1,78,1,181
64:B7:08:A9:2B:20,ALL,udp:52401,192.168.3.118*,2,259,1,181,1,78
64:B7:08:A9:2B:20,ALL,udp:61791,192.168.3.1*,2,164,1,74,1,90
64:B7:08:A9:2B:20,ALL,udp:61791,192.168.3.118*,2,164,1,90,1,74
64:B7:08:A9:2B:20,ALL,udp:25999,192.168.3.1*,2,259,1,78,1,181
64:B7:08:A9:2B:20,ALL,udp:25999,192.168.3.118*,2,259,1,181,1,78
64:B7:08:A9:2B:20,ALL,udp:49522,192.168.3.1*,2,259,1,78,1,181
64:B7:08:A9:2B:20,ALL,udp:49522,192.168.3.118*,2,259,1,181,1,78
64:B7:08:A9:2B:20,ALL,udp:54282,192.168.3.1*,2,259,1,78,1,181
64:B7:08:A9:2B:20,ALL,udp:54282,192.168.3.118*,2,259,1,181,1,78
64:B7:08:A9:2B:20,ALL,udp:19314,192.168.3.1*,2,259,1,78,1,181
64:B7:08:A9:2B:20,ALL,udp:19314,192.168.3.118*,2,259,1,181,1,78
64:B7:08:A9:2B:20,ALL,udp:45637,192.168.3.1*,2,259,1,78,1,181
64:B7:08:A9:2B:20,ALL,udp:45637,192.168.3.118*,2,259,1,181,1,78
64:B7:08:A9:2B:20,ALL,udp:1053,192.168.3.1*,2,259,1,78,1,181
64:B7:08:A9:2B:20,ALL,udp:1053,192.168.3.118*,2,259,1,181,1,78
64:B7:08:A9:2B:20,ALL,udp:51936,192.168.3.1*,2,259,1,78,1,181
64:B7:08:A9:2B:20,ALL,udp:51936,192.168.3.118*,2,259,1,181,1,78
64:B7:08:A9:2B:20,ALL,udp:35299,192.168.3.1*,2,259,1,78,1,181
64:B7:08:A9:2B:20,ALL,udp:35299,192.168.3.118*,2,259,1,181,1,78
64:B7:08:A9:2B:20,ALL,udp:26625,192.168.3.1*,2,259,1,78,1,181
64:B7:08:A9:2B:20,ALL,udp:26625,192.168.3.118*,2,259,1,181,1,78
64:B7:08:A9:2B:20,ALL,udp:18361,192.168.3.1*,2,259,1,78,1,181
64:B7:08:A9:2B:20,ALL,udp:18361,192.168.3.118*,2,259,1,181,1,78
64:B7:08:A9:2B:20,ALL,udp:20167,192.168.3.1*,2,259,1,78,1,181
64:B7:08:A9:2B:20,ALL,udp:20167,192.168.3.118*,2,259,1,181,1,78
64:B7:08:A9:2B:20,ALL,udp:42934,192.168.3.1*,2,164,1,74,1,90
64:B7:08:A9:2B:20,ALL,udp:42934,192.168.3.118*,2,164,1,90,1,74
64:B7:08:A9:2B:20,ALL,udp:14858,192.168.3.1*,2,259,1,78,1,181
64:B7:08:A9:2B:20,ALL,udp:14858,192.168.3.118*,2,259,1,181,1,78
64:B7:08:A9:2B:20,ALL,udp:6184,192.168.3.1*,2,259,1,78,1,181
64:B7:08:A9:2B:20,ALL,udp:6184,192.168.3.118*,2,259,1,181,1,78
64:B7:08:A9:2B:20,ALL,udp:42136,192.168.3.1*,2,259,1,78,1,181
64:B7:08:A9:2B:20,ALL,udp:42136,192.168.3.118*,2,259,1,181,1,78
64:B7:08:A9:2B:20,ALL,udp:52389,192.168.3.1*,2,259,1,78,1,181
64:B7:08:A9:2B:20,ALL,udp:52389,192.168.3.118*,2,259,1,181,1,78
64:B7:08:A9:2B:20,ALL,udp:23406,192.168.3.1*,2,259,1,78,1,181
64:B7:08:A9:2B:20,ALL,udp:23406,192.168.3.118*,2,259,1,181,1,78
64:B7:08:A9:2B:20,ALL,udp:62146,192.168.3.1*,2,259,1,78,1,181
64:B7:08:A9:2B:20,ALL,udp:62146,192.168.3.118*,2,259,1,181,1,78
64:B7:08:A9:2B:20,ALL,udp:9816,192.168.3.1*,2,259,1,78,1,181
64:B7:08:A9:2B:20,ALL,udp:9816,192.168.3.118*,2,259,1,181,1,78
64:B7:08:A9:2B:20,ALL,udp:48313,192.168.3.1*,2,259,1,78,1,181
64:B7:08:A9:2B:20,ALL,udp:48313,192.168.3.118*,2,259,1,181,1,78
64:B7:08:A9:2B:20,ALL,udp:40317,192.168.3.1*,2,259,1,78,1,181
64:B7:08:A9:2B:20,ALL,udp:40317,192.168.3.118*,2,259,1,181,1,78
64:B7:08:A9:2B:20,ALL,udp:46435,192.168.3.1*,2,259,1,78,1,181
64:B7:08:A9:2B:20,ALL,udp:46435,192.168.3.118*,2,259,1,181,1,78
64:B7:08:A9:2B:20,ALL,udp:24742,192.168.3.1*,2,259,1,78,1,181
64:B7:08:A9:2B:20,ALL,udp:24742,192.168.3.118*,2,259,1,181,1,78
64:B7:08:A9:2B:20,ALL,udp:9404,192.168.3.1*,2,259,1,78,1,181
64:B7:08:A9:2B:20,ALL,udp:9404,192.168.3.118*,2,259,1,181,1,78
64:B7:08:A9:2B:20,ALL,udp:35742,192.168.3.1*,2,164,1,74,1,90
64:B7:08:A9:2B:20,ALL,udp:35742,192.168.3.118*,2,164,1,90,1,74
64:B7:08:A9:2B:20,ALL,udp:15787,192.168.3.1*,2,259,1,78,1,181
64:B7:08:A9:2B:20,ALL,udp:15787,192.168.3.118*,2,259,1,181,1,78
64:B7:08:A9:2B:20,ALL,udp:50793,192.168.3.1*,2,259,1,78,1,181
64:B7:08:A9:2B:20,ALL,udp:50793,192.168.3.118*,2,259,1,181,1,78
64:B7:08:A9:2B:20,ALL,udp:13646,192.168.3.1*,2,259,1,78,1,181
64:B7:08:A9:2B:20,ALL,udp:13646,192.168.3.118*,2,259,1,181,1,78
64:B7:08:A9:2B:20,ALL,udp:53035,192.168.3.1*,2,259,1,78,1,181
64:B7:08:A9:2B:20,ALL,udp:53035,192.168.3.118*,2,259,1,181,1,78
64:B7:08:A9:2B:20,ALL,udp:47384,192.168.3.1*,2,259,1,78,1,181
64:B7:08:A9:2B:20,ALL,udp:47384,192.168.3.118*,2,259,1,181,1,78
64:B7:08:A9:2B:20,ALL,udp:3323,192.168.3.1*,2,259,1,78,1,181
64:B7:08:A9:2B:20,ALL,udp:3323,192.168.3.118*,2,259,1,181,1,78
64:B7:08:A9:2B:20,ALL,udp:6231,192.168.3.1*,2,259,1,78,1,181
64:B7:08:A9:2B:20,ALL,udp:6231,192.168.3.118*,2,259,1,181,1,78
64:B7:08:A9:2B:20,ALL,udp:25514,192.168.3.1*,2,259,1,78,1,181
64:B7:08:A9:2B:20,ALL,udp:25514,192.168.3.118*,2,259,1,181,1,78
64:B7:08:A9:2B:20,ALL,udp:7101,192.168.3.1*,2,259,1,78,1,181
64:B7:08:A9:2B:20,ALL,udp:7101,192.168.3.118*,2,259,1,181,1,78
64:B7:08:A9:2B:20,ALL,udp:54741,192.168.3.1*,2,259,1,78,1,181
64:B7:08:A9:2B:20,ALL,udp:54741,192.168.3.118*,2,259,1,181,1,78
64:B7:08:A9:2B:20,ALL,udp:34731,192.168.3.1*,2,259,1,78,1,181
64:B7:08:A9:2B:20,ALL,udp:34731,192.168.3.118*,2,259,1,181,1,78
64:B7:08:A9:2B:20,ALL,udp:1264,192.168.3.1*,2,164,1,74,1,90
64:B7:08:A9:2B:20,ALL,udp:1264,192.168.3.118*,2,164,1,90,1,74
64:B7:08:A9:2B:20,ALL,udp:20630,192.168.3.1*,2,259,1,78,1,181
64:B7:08:A9:2B:20,ALL,udp:20630,192.168.3.118*,2,259,1,181,1,78
64:B7:08:A9:2B:20,ALL,udp:36824,192.168.3.1*,2,259,1,78,1,181
64:B7:08:A9:2B:20,ALL,udp:36824,192.168.3.118*,2,259,1,181,1,78
64:B7:08:A9:2B:20,ALL,udp:2093,192.168.3.1*,2,259,1,78,1,181
64:B7:08:A9:2B:20,ALL,udp:2093,192.168.3.118*,2,259,1,181,1,78
64:B7:08:A9:2B:20,ALL,udp:58898,192.168.3.1,2,259,1,78,1,181
64:B7:08:A9:2B:20,ALL,udp:58898,54.90.191.9,2,180,1,90,1,90
64:B7:08:A9:2B:20,ALL,udp:37026,192.168.3.1*,2,259,1,78,1,181
64:B7:08:A9:2B:20,ALL,udp:37026,192.168.3.118*,2,259,1,181,1,78
64:B7:08:A9:2B:20,ALL,udp:39641,192.168.3.1*,2,259,1,78,1,181
64:B7:08:A9:2B:20,ALL,udp:39641,192.168.3.118*,2,259,1,181,1,78
64:B7:08:A9:2B:20,ALL,udp:3115,192.168.3.1*,2,259,1,78,1,181
64:B7:08:A9:2B:20,ALL,udp:3115,192.168.3.118*,2,259,1,181,1,78
64:B7:08:A9:2B:20,ALL,udp:23314,192.168.3.1*,2,259,1,78,1,181
64:B7:08:A9:2B:20,ALL,udp:23314,192.168.3.118*,2,259,1,181,1,78
64:B7:08:A9:2B:20,ALL,udp:9356,192.168.3.1*,2,259,1,78,1,181
64:B7:08:A9:2B:20,ALL,udp:9356,192.168.3.118*,2,259,1,181,1,78
64:B7:08:A9:2B:20,ALL,udp:41743,192.168.3.1*,2,259,1,78,1,181
64:B7:08:A9:2B:20,ALL,udp:41743,192.168.3.118*,2,259,1,181,1,78
64:B7:08:A9:2B:20,ALL,udp:51670,192.168.3.1*,2,259,1,78,1,181
64:B7:08:A9:2B:20,ALL,udp:51670,192.168.3.118*,2,259,1,181,1,78
64:B7:08:A9:2B:20,ALL,udp:15529,192.168.3.1*,2,164,1,74,1,90
64:B7:08:A9:2B:20,ALL,udp:15529,192.168.3.118*,2,164,1,90,1,74
64:B7:08:A9:2B:20,ALL,udp:3842,192.168.3.1*,2,259,1,78,1,181
64:B7:08:A9:2B:20,ALL,udp:3842,192.168.3.118*,2,259,1,181,1,78
64:B7:08:A9:2B:20,ALL,udp:32670,192.168.3.1*,2,259,1,78,1,181
64:B7:08:A9:2B:20,ALL,udp:32670,192.168.3.118*,2,259,1,181,1,78
64:B7:08:A9:2B:20,ALL,udp:17421,192.168.3.1*,2,259,1,78,1,181
64:B7:08:A9:2B:20,ALL,udp:17421,192.168.3.118*,2,259,1,181,1,78
64:B7:08:A9:2B:20,ALL,udp:60708,192.168.3.1*,2,259,1,78,1,181
64:B7:08:A9:2B:20,ALL,udp:60708,192.168.3.118*,2,259,1,181,1,78
64:B7:08:A9:2B:20,ALL,udp:20454,192.168.3.1*,2,259,1,78,1,181
64:B7:08:A9:2B:20,ALL,udp:20454,192.168.3.118*,2,259,1,181,1,78
64:B7:08:A9:2B:20,ALL,udp:37626,192.168.3.1*,2,259,1,78,1,181
64:B7:08:A9:2B:20,ALL,udp:37626,192.168.3.118*,2,259,1,181,1,78
64:B7:08:A9:2B:20,ALL,udp:9738,192.168.3.1*,2,259,1,78,1,181
64:B7:08:A9:2B:20,ALL,udp:9738,192.168.3.118*,2,259,1,181,1,78
64:B7:08:A9:2B:20,ALL,udp:64847,192.168.3.1*,2,259,1,78,1,181
64:B7:08:A9:2B:20,ALL,udp:64847,192.168.3.118*,2,259,1,181,1,78
64:B7:08:A9:2B:20,ALL,udp:29961,192.168.3.1*,2,259,1,78,1,181
64:B7:08:A9:2B:20,ALL,udp:29961,192.168.3.118*,2,259,1,181,1,78
64:B7:08:A9:2B:20,ALL,udp:37922,192.168.3.1*,2,259,1,78,1,181
64:B7:08:A9:2B:20,ALL,udp:37922,192.168.3.118*,2,259,1,181,1,78
64:B7:08:A9:2B:20,ALL,udp:20308,192.168.3.1*,2,259,1,78,1,181
64:B7:08:A9:2B:20,ALL,udp:20308,192.168.3.118*,2,259,1,181,1,78
64:B7:08:A9:2B:20,ALL,udp:8496,192.168.3.1*,2,164,1,74,1,90
64:B7:08:A9:2B:20,ALL,udp:8496,192.168.3.118*,2,164,1,90,1,74
64:B7:08:A9:2B:20,ALL,udp:64961,192.168.3.1*,2,259,1,78,1,181
64:B7:08:A9:2B:20,ALL,udp:64961,192.168.3.118*,2,259,1,181,1,78
64:B7:08:A9:2B:20,ALL,udp:51280,192.168.3.1*,2,259,1,78,1,181
64:B7:08:A9:2B:20,ALL,udp:51280,192.168.3.118*,2,259,1,181,1,78
64:B7:08:A9:2B:20,ALL,udp:42214,192.168.3.1*,2,259,1,78,1,181
64:B7:08:A9:2B:20,ALL,udp:42214,192.168.3.118*,2,259,1,181,1,78
64:B7:08:A9:2B:20,ALL,udp:13310,192.168.3.1*,2,259,1,78,1,181
64:B7:08:A9:2B:20,ALL,udp:13310,192.168.3.118*,2,259,1,181,1,78
64:B7:08:A9:2B:20,ALL,udp:11391,192.168.3.1*,2,259,1,78,1,181
64:B7:08:A9:2B:20,ALL,udp:11391,192.168.3.118*,2,259,1,181,1,78
64:B7:08:A9:2B:20,ALL,udp:59771,192.168.3.1,2,259,1,78,1,181
64:B7:08:A9:2B:20,ALL,udp:59771,44.201.148.133,2,180,1,90,1,90
64:B7:08:A9:2B:20,ALL,udp:18769,192.168.3.1*,2,259,1,78,1,181
64:B7:08:A9:2B:20,ALL,udp:18769,192.168.3.118*,2,259,1,181,1,78
64:B7:08:A9:2B:20,ALL,udp:63919,192.168.3.1*,2,259,1,78,1,181
64:B7:08:A9:2B:20,ALL,udp:63919,192.168.3.118*,2,259,1,181,1,78
64:B7:08:A9:2B:20,ALL,udp:36199,192.168.3.1*,2,259,1,78,1,181
64:B7:08:A9:2B:20,ALL,udp:36199,192.168.3.118*,2,259,1,181,1,78
64:B7:08:A9:2B:20,ALL,udp:11766,192.168.3.1*,2,259,1,78,1,181
64:B7:08:A9:2B:20,ALL,udp:11766,192.168.3.118*,2,259,1,181,1,78
64:B7:08:A9:2B:20,ALL,udp:52537,192.168.3.1*,2,259,1,78,1,181
64:B7:08:A9:2B:20,ALL,udp:52537,192.168.3.118*,2,259,1,181,1,78
64:B7:08:A9:2B:20,ALL,udp:61693,192.168.3.1*,2,164,1,74,1,90
64:B7:08:A9:2B:20,ALL,udp:61693,192.168.3.118*,2,164,1,90,1,74
64:B7:08:A9:2B:20,ALL,udp:60362,192.168.3.1*,2,259,1,78,1,181
64:B7:08:A9:2B:20,ALL,udp:60362,192.168.3.118*,2,259,1,181,1,78
64:B7:08:A9:2B:20,ALL,udp:7201,192.168.3.1*,2,259,1,78,1,181
64:B7:08:A9:2B:20,ALL,udp:7201,192.168.3.118*,2,259,1,181,1,78
64:B7:08:A9:2B:20,ALL,udp:46074,192.168.3.1*,2,259,1,78,1,181
64:B7:08:A9:2B:20,ALL,udp:46074,192.168.3.118*,2,259,1,181,1,78
64:B7:08:A9:2B:20,ALL,udp:52350,192.168.3.1*,2,259,1,78,1,181
64:B7:08:A9:2B:20,ALL,udp:52350,192.168.3.118*,2,259,1,181,1,78
64:B7:08:A9:2B:20,ALL,udp:59776,192.168.3.1,2,259,1,78,1,181
64:B7:08:A9:2B:20,ALL,udp:59776,3.86.4.106,2,180,1,90,1,90
64:B7:08:A9:2B:20,ALL,udp:41283,192.168.3.1*,2,259,1,78,1,181
64:B7:08:A9:2B:20,ALL,udp:41283,192.168.3.118*,2,259,1,181,1,78
64:B7:08:A9:2B:20,ALL,udp:25592,192.168.3.1*,2,259,1,78,1,181
64:B7:08:A9:2B:20,ALL,udp:25592,192.168.3.118*,2,259,1,181,1,78
64:B7:08:A9:2B:20,ALL,udp:7895,192.168.3.1*,2,259,1,78,1,181
64:B7:08:A9:2B:20,ALL,udp:7895,192.168.3.118*,2,259,1,181,1,78
64:B7:08:A9:2B:20,ALL,udp:63416,192.168.3.1*,2,259,1,78,1,181
64:B7:08:A9:2B:20,ALL,udp:63416,192.168.3.118*,2,259,1,181,1,78
64:B7:08:A9:2B:20,ALL,udp:24808,192.168.3.1*,2,259,1,78,1,181
64:B7:08:A9:2B:20,ALL,udp:24808,192.168.3.118*,2,259,1,181,1,78
64:B7:08:A9:2B:20,ALL,udp:42735,192.168.3.1*,2,259,1,78,1,181
64:B7:08:A9:2B:20,ALL,udp:42735,192.168.3.118*,2,259,1,181,1,78
64:B7:08:A9:2B:20,ALL,udp:36351,192.168.3.1*,2,164,1,74,1,90
64:B7:08:A9:2B:20,ALL,udp:36351,192.168.3.118*,2,164,1,90,1,74
64:B7:08:A9:2B:20,ALL,udp:16321,192.168.3.1*,2,259,1,78,1,181
64:B7:08:A9:2B:20,ALL,udp:16321,192.168.3.118*,2,259,1,181,1,78
64:B7:08:A9:2B:20,ALL,udp:12499,192.168.3.1*,2,259,1,78,1,181
64:B7:08:A9:2B:20,ALL,udp:12499,192.168.3.118*,2,259,1,181,1,78
64:B7:08:A9:2B:20,ALL,udp:38964,192.168.3.1*,2,259,1,78,1,181
64:B7:08:A9:2B:20,ALL,udp:38964,192.168.3.118*,2,259,1,181,1,78
64:B7:08:A9:2B:20,ALL,udp:47340,192.168.3.1*,2,259,1,78,1,181
64:B7:08:A9:2B:20,ALL,udp:47340,192.168.3.118*,2,259,1,181,1,78
64:B7:08:A9:2B:20,ALL,udp:39862,192.168.3.1*,2,259,1,78,1,181
64:B7:08:A9:2B:20,ALL,udp:39862,192.168.3.118*,2,259,1,181,1,78
64:B7:08:A9:2B:20,ALL,udp:4990,192.168.3.1*,2,259,1,78,1,181
64:B7:08:A9:2B:20,ALL,udp:4990,192.168.3.118*,2,259,1,181,1,78
64:B7:08:A9:2B:20,ALL,udp:10933,192.168.3.1*,2,259,1,78,1,181
64:B7:08:A9:2B:20,ALL,udp:10933,192.168.3.118*,2,259,1,181,1,78
64:B7:08:A9:2B:20,ALL,udp:29429,192.168.3.1*,2,259,1,78,1,181
64:B7:08:A9:2B:20,ALL,udp:29429,192.168.3.118*,2,259,1,181,1,78
64:B7:08:A9:2B:20,ALL,udp:18835,192.168.3.1*,2,259,1,78,1,181
64:B7:08:A9:2B:20,ALL,udp:18835,192.168.3.118*,2,259,1,181,1,78
64:B7:08:A9:2B:20,ALL,udp:29231,192.168.3.1*,2,259,1,78,1,181
64:B7:08:A9:2B:20,ALL,udp:29231,192.168.3.118*,2,259,1,181,1,78
64:B7:08:A9:2B:20,ALL,udp:52128,192.168.3.1*,2,259,1,78,1,181
64:B7:08:A9:2B:20,ALL,udp:52128,192.168.3.118*,2,259,1,181,1,78
64:B7:08:A9:2B:20,ALL,udp:43612,192.168.3.1*,2,164,1,74,1,90
64:B7:08:A9:2B:20,ALL,udp:43612,192.168.3.118*,2,164,1,90,1,74
64:B7:08:A9:2B:20,ALL,udp:33819,192.168.3.1*,2,259,1,78,1,181
64:B7:08:A9:2B:20,ALL,udp:33819,192.168.3.118*,2,259,1,181,1,78
64:B7:08:A9:2B:20,ALL,udp:37925,192.168.3.1*,2,259,1,78,1,181
64:B7:08:A9:2B:20,ALL,udp:37925,192.168.3.118*,2,259,1,181,1,78
64:B7:08:A9:2B:20,ALL,udp:30082,192.168.3.1*,2,259,1,78,1,181
64:B7:08:A9:2B:20,ALL,udp:30082,192.168.3.118*,2,259,1,181,1,78
64:B7:08:A9:2B:20,ALL,udp:63739,192.168.3.1*,2,259,1,78,1,181
64:B7:08:A9:2B:20,ALL,udp:63739,192.168.3.118*,2,259,1,181,1,78
64:B7:08:A9:2B:20,ALL,udp:64718,192.168.3.1*,2,259,1,78,1,181
64:B7:08:A9:2B:20,ALL,udp:64718,192.168.3.118*,2,259,1,181,1,78
64:B7:08:A9:2B:20,ALL,udp:11464,192.168.3.1*,2,259,1,78,1,181
64:B7:08:A9:2B:20,ALL,udp:11464,192.168.3.118*,2,259,1,181,1,78
64:B7:08:A9:2B:20,ALL,udp:18155,192.168.3.1*,2,259,1,78,1,181
64:B7:08:A9:2B:20,ALL,udp:18155,192.168.3.118*,2,259,1,181,1,78
64:B7:08:A9:2B:20,ALL,udp:9771,192.168.3.1*,2,259,1,78,1,181
64:B7:08:A9:2B:20,ALL,udp:9771,192.168.3.118*,2,259,1,181,1,78
64:B7:08:A9:2B:20,ALL,udp:42105,192.168.3.1*,2,259,1,78,1,181
64:B7:08:A9:2B:20,ALL,udp:42105,192.168.3.118*,2,259,1,181,1,78
64:B7:08:A9:2B:20,ALL,udp:12357,192.168.3.1*,2,259,1,78,1,181
64:B7:08:A9:2B:20,ALL,udp:12357,192.168.3.118*,2,259,1,181,1,78
64:B7:08:A9:2B:20,ALL,udp:24026,192.168.3.1*,2,259,1,78,1,181
64:B7:08:A9:2B:20,ALL,udp:24026,192.168.3.118*,2,259,1,181,1,78
64:B7:08:A9:2B:20,ALL,udp:24855,192.168.3.1*,2,259,1,78,1,181
64:B7:08:A9:2B:20,ALL,udp:24855,192.168.3.118*,2,259,1,181,1,78
64:B7:08:A9:2B:20,ALL,udp:53844,192.168.3.1*,2,164,1,74,1,90
64:B7:08:A9:2B:20,ALL,udp:53844,192.168.3.118*,2,164,1,90,1,74
64:B7:08:A9:2B:20,ALL,udp:5334,192.168.3.1*,2,259,1,78,1,181
64:B7:08:A9:2B:20,ALL,udp:5334,192.168.3.118*,2,259,1,181,1,78
64:B7:08:A9:2B:20,ALL,udp:59330,192.168.3.1,2,259,1,78,1,181
64:B7:08:A9:2B:20,ALL,udp:59330,54.210.225.137,2,180,1,90,1,90
64:B7:08:A9:2B:20,ALL,udp:38811,192.168.3.1*,2,259,1,78,1,181
64:B7:08:A9:2B:20,ALL,udp:38811,192.168.3.118*,2,259,1,181,1,78
64:B7:08:A9:2B:20,ALL,udp:48390,192.168.3.1*,2,259,1,78,1,181
64:B7:08:A9:2B:20,ALL,udp:48390,192.168.3.118*,2,259,1,181,1,78
64:B7:08:A9:2B:20,ALL,udp:40790,192.168.3.1*,2,259,1,78,1,181
64:B7:08:A9:2B:20,ALL,udp:40790,192.168.3.118*,2,259,1,181,1,78
64:B7:08:A9:2B:20,ALL,udp:50231,192.168.3.1*,2,259,1,78,1,181
64:B7:08:A9:2B:20,ALL,udp:50231,192.168.3.118*,2,259,1,181,1,78
64:B7:08:A9:2B:20,ALL,udp:15662,192.168.3.1*,2,259,1,78,1,181
64:B7:08:A9:2B:20,ALL,udp:15662,192.168.3.118*,2,259,1,181,1,78
64:B7:08:A9:2B:20,ALL,udp:15747,192.168.3.1*,2,259,1,78,1,181
64:B7:08:A9:2B:20,ALL,udp:15747,192.168.3.118*,2,259,1,181,1,78
64:B7:08:A9:2B:20,ALL,udp:53110,192.168.3.1*,2,259,1,78,1,181
64:B7:08:A9:2B:20,ALL,udp:53110,192.168.3.118*,2,259,1,181,1,78
64:B7:08:A9:2B:20,ALL,udp:11729,192.168.3.1*,2,259,1,78,1,181
64:B7:08:A9:2B:20,ALL,udp:11729,192.168.3.118*,2,259,1,181,1,78
64:B7:08:A9:2B:20,ALL,udp:52067,192.168.3.1*,2,259,1,78,1,181
64:B7:08:A9:2B:20,ALL,udp:52067,192.168.3.118*,2,259,1,181,1,78
64:B7:08:A9:2B:20,ALL,udp:39409,192.168.3.1*,2,259,1,78,1,181
64:B7:08:A9:2B:20,ALL,udp:39409,192.168.3.118*,2,259,1,181,1,78
64:B7:08:A9:2B:20,ALL,udp:62934,192.168.3.1*,2,164,1,74,1,90
64:B7:08:A9:2B:20,ALL,udp:62934,192.168.3.118*,2,164,1,90,1,74
64:B7:08:A9:2B:20,ALL,udp:35266,192.168.3.1*,2,259,1,78,1,181
64:B7:08:A9:2B:20,ALL,udp:35266,192.168.3.118*,2,259,1,181,1,78
64:B7:08:A9:2B:20,ALL,udp:11770,192.168.3.1*,2,259,1,78,1,181
64:B7:08:A9:2B:20,ALL,udp:11770,192.168.3.118*,2,259,1,181,1,78
64:B7:08:A9:2B:20,ALL,udp:21111,192.168.3.1*,2,259,1,78,1,181
64:B7:08:A9:2B:20,ALL,udp:21111,192.168.3.118*,2,259,1,181,1,78
64:B7:08:A9:2B:20,ALL,udp:27319,192.168.3.1*,2,259,1,78,1,181
64:B7:08:A9:2B:20,ALL,udp:27319,192.168.3.118*,2,259,1,181,1,78
64:B7:08:A9:2B:20,ALL,udp:55082,192.168.3.1*,2,259,1,78,1,181
64:B7:08:A9:2B:20,ALL,udp:55082,192.168.3.118*,2,259,1,181,1,78
64:B7:08:A9:2B:20,ALL,udp:43599,192.168.3.1*,2,259,1,78,1,181
64:B7:08:A9:2B:20,ALL,udp:43599,192.168.3.118*,2,259,1,181,1,78
64:B7:08:A9:2B:20,ALL,udp:43651,192.168.3.1*,2,259,1,78,1,181
64:B7:08:A9:2B:20,ALL,udp:43651,192.168.3.118*,2,259,1,181,1,78
64:B7:08:A9:2B:20,ALL,udp:30409,192.168.3.1*,2,259,1,78,1,181
64:B7:08:A9:2B:20,ALL,udp:30409,192.168.3.118*,2,259,1,181,1,78
64:B7:08:A9:2B:20,ALL,udp:8875,192.168.3.1*,2,259,1,78,1,181
64:B7:08:A9:2B:20,ALL,udp:8875,192.168.3.118*,2,259,1,181,1,78
64:B7:08:A9:2B:20,ALL,udp:19020,192.168.3.1*,2,259,1,78,1,181
64:B7:08:A9:2B:20,ALL,udp:19020,192.168.3.118*,2,259,1,181,1,78
64:B7:08:A9:2B:20,ALL,udp:33503,192.168.3.1*,2,259,1,78,1,181
64:B7:08:A9:2B:20,ALL,udp:33503,192.168.3.118*,2,259,1,181,1,78
64:B7:08:A9:2B:20,ALL,udp:7516,192.168.3.1*,2,164,1,74,1,90
64:B7:08:A9:2B:20,ALL,udp:7516,192.168.3.118*,2,164,1,90,1,74
64:B7:08:A9:2B:20,ALL,udp:42281,192.168.3.1*,2,259,1,78,1,181
64:B7:08:A9:2B:20,ALL,udp:42281,192.168.3.118*,2,259,1,181,1,78
64:B7:08:A9:2B:20,ALL,udp:53127,192.168.3.1*,2,259,1,78,1,181
64:B7:08:A9:2B:20,ALL,udp:53127,192.168.3.118*,2,259,1,181,1,78
64:B7:08:A9:2B:20,ALL,udp:12042,192.168.3.1*,2,259,1,78,1,181
64:B7:08:A9:2B:20,ALL,udp:12042,192.168.3.118*,2,259,1,181,1,78
64:B7:08:A9:2B:20,ALL,udp:62739,192.168.3.1*,2,259,1,78,1,181
64:B7:08:A9:2B:20,ALL,udp:62739,192.168.3.118*,2,259,1,181,1,78
64:B7:08:A9:2B:20,ALL,udp:8847,192.168.3.1*,2,259,1,78,1,181
64:B7:08:A9:2B:20,ALL,udp:8847,192.168.3.118*,2,259,1,181,1,78
64:B7:08:A9:2B:20,ALL,udp:46633,192.168.3.1*,2,259,1,78,1,181
64:B7:08:A9:2B:20,ALL,udp:46633,192.168.3.118*,2,259,1,181,1,78
64:B7:08:A9:2B:20,ALL,udp:7231,192.168.3.1*,2,259,1,78,1,181
64:B7:08:A9:2B:20,ALL,udp:7231,192.168.3.118*,2,259,1,181,1,78
64:B7:08:A9:2B:20,ALL,udp:28417,192.168.3.1*,2,259,1,78,1,181
64:B7:08:A9:2B:20,ALL,udp:28417,192.168.3.118*,2,259,1,181,1,78
64:B7:08:A9:2B:20,ALL,udp:55837,192.168.3.1*,2,259,1,78,1,181
64:B7:08:A9:2B:20,ALL,udp:55837,192.168.3.118*,2,259,1,181,1,78
64:B7:08:A9:2B:20,ALL,udp:45708,192.168.3.1*,2,259,1,78,1,181
64:B7:08:A9:2B:20,ALL,udp:45708,192.168.3.118*,2,259,1,181,1,78
64:B7:08:A9:2B:20,ALL,udp:20315,192.168.3.1*,2,259,1,78,1,181
64:B7:08:A9:2B:20,ALL,udp:20315,192.168.3.118*,2,259,1,181,1,78
64:B7:08:A9:2B:20,ALL,udp:27795,192.168.3.1*,2,259,1,78,1,181
64:B7:08:A9:2B:20,ALL,udp:27795,192.168.3.118*,2,259,1,181,1,78
64:B7:08:A9:2B:20,ALL,udp:40793,192.168.3.1*,2,164,1,74,1,90
64:B7:08:A9:2B:20,ALL,udp:40793,192.168.3.118*,2,164,1,90,1,74
64:B7:08:A9:2B:20,ALL,udp:11964,192.168.3.1*,2,259,1,78,1,181
64:B7:08:A9:2B:20,ALL,udp:11964,192.168.3.118*,2,259,1,181,1,78
64:B7:08:A9:2B:20,ALL,udp:24515,192.168.3.1*,2,259,1,78,1,181
64:B7:08:A9:2B:20,ALL,udp:24515,192.168.3.118*,2,259,1,181,1,78
64:B7:08:A9:2B:20,ALL,udp:5121,192.168.3.1*,2,259,1,78,1,181
64:B7:08:A9:2B:20,ALL,udp:5121,192.168.3.118*,2,259,1,181,1,78
64:B7:08:A9:2B:20,ALL,udp:22547,192.168.3.1*,2,259,1,78,1,181
64:B7:08:A9:2B:20,ALL,udp:22547,192.168.3.118*,2,259,1,181,1,78
64:B7:08:A9:2B:20,ALL,udp:21712,192.168.3.1*,2,259,1,78,1,181
64:B7:08:A9:2B:20,ALL,udp:21712,192.168.3.118*,2,259,1,181,1,78
64:B7:08:A9:2B:20,ALL,udp:41119,192.168.3.1*,2,259,1,78,1,181
64:B7:08:A9:2B:20,ALL,udp:41119,192.168.3.118*,2,259,1,181,1,78
64:B7:08:A9:2B:20,ALL,udp:29002,192.168.3.1*,2,259,1,78,1,181
64:B7:08:A9:2B:20,ALL,udp:29002,192.168.3.118*,2,259,1,181,1,78
64:B7:08:A9:2B:20,ALL,udp:45734,192.168.3.1*,2,259,1,78,1,181
64:B7:08:A9:2B:20,ALL,udp:45734,192.168.3.118*,2,259,1,181,1,78
64:B7:08:A9:2B:20,ALL,udp:27221,192.168.3.1*,2,259,1,78,1,181
64:B7:08:A9:2B:20,ALL,udp:27221,192.168.3.118*,2,259,1,181,1,78
64:B7:08:A9:2B:20,ALL,udp:42564,192.168.3.1*,2,259,1,78,1,181
64:B7:08:A9:2B:20,ALL,udp:42564,192.168.3.118*,2,259,1,181,1,78
64:B7:08:A9:2B:20,ALL,udp:4399,192.168.3.1*,2,164,1,74,1,90
64:B7:08:A9:2B:20,ALL,udp:4399,192.168.3.118*,2,164,1,90,1,74
64:B7:08:A9:2B:20,ALL,udp:22758,192.168.3.1*,2,259,1,78,1,181
64:B7:08:A9:2B:20,ALL,udp:22758,192.168.3.118*,2,259,1,181,1,78
64:B7:08:A9:2B:20,ALL,udp:26788,192.168.3.1*,2,259,1,78,1,181
64:B7:08:A9:2B:20,ALL,udp:26788,192.168.3.118*,2,259,1,181,1,78
64:B7:08:A9:2B:20,ALL,udp:61854,192.168.3.1*,2,259,1,78,1,181
64:B7:08:A9:2B:20,ALL,udp:61854,192.168.3.118*,2,259,1,181,1,78
64:B7:08:A9:2B:20,ALL,udp:21734,192.168.3.1*,2,259,1,78,1,181
64:B7:08:A9:2B:20,ALL,udp:21734,192.168.3.118*,2,259,1,181,1,78
64:B7:08:A9:2B:20,ALL,udp:51260,192.168.3.1*,2,259,1,78,1,181
64:B7:08:A9:2B:20,ALL,udp:51260,192.168.3.118*,2,259,1,181,1,78
64:B7:08:A9:2B:20,ALL,udp:37828,192.168.3.1*,2,259,1,78,1,181
64:B7:08:A9:2B:20,ALL,udp:37828,192.168.3.118*,2,259,1,181,1,78
64:B7:08:A9:2B:20,ALL,udp:23837,192.168.3.1*,2,259,1,78,1,181
64:B7:08:A9:2B:20,ALL,udp:23837,192.168.3.118*,2,259,1,181,1,78
64:B7:08:A9:2B:20,ALL,udp:38701,192.168.3.1*,2,259,1,78,1,181
64:B7:08:A9:2B:20,ALL,udp:38701,192.168.3.118*,2,259,1,181,1,78
64:B7:08:A9:2B:20,ALL,udp:61524,192.168.3.1*,2,259,1,78,1,181
64:B7:08:A9:2B:20,ALL,udp:61524,192.168.3.118*,2,259,1,181,1,78
64:B7:08:A9:2B:20,ALL,udp:21270,192.168.3.1*,2,259,1,78,1,181
64:B7:08:A9:2B:20,ALL,udp:21270,192.168.3.118*,2,259,1,181,1,78
64:B7:08:A9:2B:20,ALL,udp:33261,192.168.3.1*,2,259,1,78,1,181
64:B7:08:A9:2B:20,ALL,udp:33261,192.168.3.118*,2,259,1,181,1,78
64:B7:08:A9:2B:20,ALL,udp:15601,192.168.3.1*,2,164,1,74,1,90
64:B7:08:A9:2B:20,ALL,udp:15601,192.168.3.118*,2,164,1,90,1,74
64:B7:08:A9:2B:20,ALL,udp:17100,192.168.3.1*,2,259,1,78,1,181
64:B7:08:A9:2B:20,ALL,udp:17100,192.168.3.118*,2,259,1,181,1,78
64:B7:08:A9:2B:20,ALL,udp:27322,192.168.3.1*,2,259,1,78,1,181
64:B7:08:A9:2B:20,ALL,udp:27322,192.168.3.118*,2,259,1,181,1,78
64:B7:08:A9:2B:20,ALL,udp:9565,192.168.3.1*,2,259,1,78,1,181
64:B7:08:A9:2B:20,ALL,udp:9565,192.168.3.118*,2,259,1,181,1,78
64:B7:08:A9:2B:20,ALL,udp:38307,192.168.3.1*,2,259,1,78,1,181
64:B7:08:A9:2B:20,ALL,udp:38307,192.168.3.118*,2,259,1,181,1,78
64:B7:08:A9:2B:20,ALL,udp:32176,192.168.3.1*,2,259,1,78,1,181
64:B7:08:A9:2B:20,ALL,udp:32176,192.168.3.118*,2,259,1,181,1,78
64:B7:08:A9:2B:20,ALL,udp:19869,192.168.3.1*,2,259,1,78,1,181
64:B7:08:A9:2B:20,ALL,udp:19869,192.168.3.118*,2,259,1,181,1,78
64:B7:08:A9:2B:20,ALL,udp:15970,192.168.3.1*,2,259,1,78,1,181
64:B7:08:A9:2B:20,ALL,udp:15970,192.168.3.118*,2,259,1,181,1,78
64:B7:08:A9:2B:20,ALL,udp:62691,192.168.3.1*,2,259,1,78,1,181
64:B7:08:A9:2B:20,ALL,udp:62691,192.168.3.118*,2,259,1,181,1,78
64:B7:08:A9:2B:20,ALL,udp:23249,192.168.3.1*,2,259,1,78,1,181
64:B7:08:A9:2B:20,ALL,udp:23249,192.168.3.118*,2,259,1,181,1,78
64:B7:08:A9:2B:20,ALL,udp:43259,192.168.3.1*,2,259,1,78,1,181
64:B7:08:A9:2B:20,ALL,udp:43259,192.168.3.118*,2,259,1,181,1,78
64:B7:08:A9:2B:20,ALL,udp:36795,192.168.3.1*,2,259,1,78,1,181
64:B7:08:A9:2B:20,ALL,udp:36795,192.168.3.118*,2,259,1,181,1,78
64:B7:08:A9:2B:20,ALL,udp:48646,192.168.3.1*,2,259,1,78,1,181
64:B7:08:A9:2B:20,ALL,udp:48646,192.168.3.118*,2,259,1,181,1,78
64:B7:08:A9:2B:20,ALL,udp:61129,192.168.3.1*,2,164,1,74,1,90
64:B7:08:A9:2B:20,ALL,udp:61129,192.168.3.118*,2,164,1,90,1,74
64:B7:08:A9:2B:20,ALL,udp:19871,192.168.3.1*,2,259,1,78,1,181
64:B7:08:A9:2B:20,ALL,udp:19871,192.168.3.118*,2,259,1,181,1,78
64:B7:08:A9:2B:20,ALL,udp:49896,192.168.3.1*,2,259,1,78,1,181
64:B7:08:A9:2B:20,ALL,udp:49896,192.168.3.118*,2,259,1,181,1,78
64:B7:08:A9:2B:20,ALL,udp:1656,192.168.3.1*,2,259,1,78,1,181
64:B7:08:A9:2B:20,ALL,udp:1656,192.168.3.118*,2,259,1,181,1,78
64:B7:08:A9:2B:20,ALL,udp:39296,192.168.3.1*,2,259,1,78,1,181
64:B7:08:A9:2B:20,ALL,udp:39296,192.168.3.118*,2,259,1,181,1,78
64:B7:08:A9:2B:20,ALL,udp:63480,192.168.3.1*,2,259,1,78,1,181
64:B7:08:A9:2B:20,ALL,udp:63480,192.168.3.118*,2,259,1,181,1,78
64:B7:08:A9:2B:20,ALL,udp:6346,192.168.3.1*,2,259,1,78,1,181
64:B7:08:A9:2B:20,ALL,udp:6346,192.168.3.118*,2,259,1,181,1,78
64:B7:08:A9:2B:20,ALL,udp:5521,192.168.3.1*,2,259,1,78,1,181
64:B7:08:A9:2B:20,ALL,udp:5521,192.168.3.118*,2,259,1,181,1,78
64:B7:08:A9:2B:20,ALL,udp:25911,192.168.3.1*,2,259,1,78,1,181
64:B7:08:A9:2B:20,ALL,udp:25911,192.168.3.118*,2,259,1,181,1,78
64:B7:08:A9:2B:20,ALL,udp:26319,192.168.3.1*,2,259,1,78,1,181
64:B7:08:A9:2B:20,ALL,udp:26319,192.168.3.118*,2,259,1,181,1,78
64:B7:08:A9:2B:20,ALL,udp:57669,192.168.3.1*,2,259,1,78,1,181
64:B7:08:A9:2B:20,ALL,udp:57669,192.168.3.118*,2,259,1,181,1,78
64:B7:08:A9:2B:20,ALL,udp:46878,192.168.3.1*,2,259,1,78,1,181
64:B7:08:A9:2B:20,ALL,udp:46878,192.168.3.118*,2,259,1,181,1,78
64:B7:08:A9:2B:20,ALL,udp:63302,192.168.3.1*,2,164,1,74,1,90
64:B7:08:A9:2B:20,ALL,udp:63302,192.168.3.118*,2,164,1,90,1,74
64:B7:08:A9:2B:20,ALL,udp:27176,192.168.3.1*,2,259,1,78,1,181
64:B7:08:A9:2B:20,ALL,udp:27176,192.168.3.118*,2,259,1,181,1,78
64:B7:08:A9:2B:20,ALL,udp:14359,192.168.3.1*,2,259,1,78,1,181
64:B7:08:A9:2B:20,ALL,udp:14359,192.168.3.118*,2,259,1,181,1,78
64:B7:08:A9:2B:20,ALL,udp:29387,192.168.3.1*,2,259,1,78,1,181
64:B7:08:A9:2B:20,ALL,udp:29387,192.168.3.118*,2,259,1,181,1,78
64:B7:08:A9:2B:20,ALL,udp:24859,192.168.3.1*,2,259,1,78,1,181
64:B7:08:A9:2B:20,ALL,udp:24859,192.168.3.118*,2,259,1,181,1,78
64:B7:08:A9:2B:20,ALL,udp:57378,192.168.3.1*,2,259,1,78,1,181
64:B7:08:A9:2B:20,ALL,udp:57378,192.168.3.118*,2,259,1,181,1,78
64:B7:08:A9:2B:20,ALL,udp:35157,192.168.3.1*,2,259,1,78,1,181
64:B7:08:A9:2B:20,ALL,udp:35157,192.168.3.118*,2,259,1,181,1,78
64:B7:08:A9:2B:20,ALL,udp:29466,192.168.3.1*,2,259,1,78,1,181
64:B7:08:A9:2B:20,ALL,udp:29466,192.168.3.118*,2,259,1,181,1,78
64:B7:08:A9:2B:20,ALL,udp:22349,192.168.3.1*,2,259,1,78,1,181
64:B7:08:A9:2B:20,ALL,udp:22349,192.168.3.118*,2,259,1,181,1,78
64:B7:08:A9:2B:20,ALL,udp:21977,192.168.3.1*,2,259,1,78,1,181
64:B7:08:A9:2B:20,ALL,udp:21977,192.168.3.118*,2,259,1,181,1,78
64:B7:08:A9:2B:20,ALL,udp:4803,192.168.3.1*,2,259,1,78,1,181
64:B7:08:A9:2B:20,ALL,udp:4803,192.168.3.118*,2,259,1,181,1,78
64:B7:08:A9:2B:20,ALL,udp:59969,192.168.3.1*,2,259,1,78,1,181
64:B7:08:A9:2B:20,ALL,udp:59969,192.168.3.118*,2,259,1,181,1,78
64:B7:08:A9:2B:20,ALL,udp:60090,192.168.3.1*,2,164,1,74,1,90
64:B7:08:A9:2B:20,ALL,udp:60090,192.168.3.118*,2,164,1,90,1,74
64:B7:08:A9:2B:20,ALL,udp:47282,192.168.3.1*,2,259,1,78,1,181
64:B7:08:A9:2B:20,ALL,udp:47282,192.168.3.118*,2,259,1,181,1,78
64:B7:08:A9:2B:20,ALL,udp:5815,192.168.3.1*,2,259,1,78,1,181
64:B7:08:A9:2B:20,ALL,udp:5815,192.168.3.118*,2,259,1,181,1,78
64:B7:08:A9:2B:20,ALL,udp:9339,192.168.3.1*,2,259,1,78,1,181
64:B7:08:A9:2B:20,ALL,udp:9339,192.168.3.118*,2,259,1,181,1,78
64:B7:08:A9:2B:20,ALL,udp:49982,192.168.3.1*,2,259,1,78,1,181
64:B7:08:A9:2B:20,ALL,udp:49982,192.168.3.118*,2,259,1,181,1,78
64:B7:08:A9:2B:20,ALL,udp:11501,192.168.3.1*,2,259,1,78,1,181
64:B7:08:A9:2B:20,ALL,udp:11501,192.168.3.118*,2,259,1,181,1,78
64:B7:08:A9:2B:20,ALL,udp:13590,192.168.3.1*,2,259,1,78,1,181
64:B7:08:A9:2B:20,ALL,udp:13590,192.168.3.118*,2,259,1,181,1,78
64:B7:08:A9:2B:20,ALL,udp:42432,192.168.3.1*,2,259,1,78,1,181
64:B7:08:A9:2B:20,ALL,udp:42432,192.168.3.118*,2,259,1,181,1,78
64:B7:08:A9:2B:20,ALL,udp:8829,192.168.3.1*,2,259,1,78,1,181
64:B7:08:A9:2B:20,ALL,udp:8829,192.168.3.118*,2,259,1,181,1,78
64:B7:08:A9:2B:20,ALL,udp:43869,192.168.3.1*,2,259,1,78,1,181
64:B7:08:A9:2B:20,ALL,udp:43869,192.168.3.118*,2,259,1,181,1,78
64:B7:08:A9:2B:20,ALL,udp:56080,192.168.3.1*,2,259,1,78,1,181
64:B7:08:A9:2B:20,ALL,udp:56080,192.168.3.118*,2,259,1,181,1,78
64:B7:08:A9:2B:20,ALL,udp:29127,192.168.3.1*,2,259,1,78,1,181
64:B7:08:A9:2B:20,ALL,udp:29127,192.168.3.118*,2,259,1,181,1,78
64:B7:08:A9:2B:20,ALL,udp:23826,192.168.3.1*,2,259,1,78,1,181
64:B7:08:A9:2B:20,ALL,udp:23826,192.168.3.118*,2,259,1,181,1,78
64:B7:08:A9:2B:20,ALL,udp:28235,192.168.3.1*,2,164,1,74,1,90
64:B7:08:A9:2B:20,ALL,udp:28235,192.168.3.118*,2,164,1,90,1,74
64:B7:08:A9:2B:20,ALL,udp:48190,192.168.3.1*,2,259,1,78,1,181
64:B7:08:A9:2B:20,ALL,udp:48190,192.168.3.118*,2,259,1,181,1,78
64:B7:08:A9:2B:20,ALL,udp:13260,192.168.3.1*,2,259,1,78,1,181
64:B7:08:A9:2B:20,ALL,udp:13260,192.168.3.118*,2,259,1,181,1,78
64:B7:08:A9:2B:20,ALL,udp:44506,192.168.3.1*,2,259,1,78,1,181
64:B7:08:A9:2B:20,ALL,udp:44506,192.168.3.118*,2,259,1,181,1,78
64:B7:08:A9:2B:20,ALL,udp:44972,192.168.3.1*,2,259,1,78,1,181
64:B7:08:A9:2B:20,ALL,udp:44972,192.168.3.118*,2,259,1,181,1,78
64:B7:08:A9:2B:20,ALL,udp:51146,192.168.3.1*,2,259,1,78,1,181
64:B7:08:A9:2B:20,ALL,udp:51146,192.168.3.118*,2,259,1,181,1,78
64:B7:08:A9:2B:20,ALL,udp:30802,192.168.3.1*,2,259,1,78,1,181
64:B7:08:A9:2B:20,ALL,udp:30802,192.168.3.118*,2,259,1,181,1,78
64:B7:08:A9:2B:20,ALL,udp:51721,192.168.3.1*,2,259,1,78,1,181
64:B7:08:A9:2B:20,ALL,udp:51721,192.168.3.118*,2,259,1,181,1,78
64:B7:08:A9:2B:20,ALL,udp:38043,192.168.3.1*,2,259,1,78,1,181
64:B7:08:A9:2B:20,ALL,udp:38043,192.168.3.118*,2,259,1,181,1,78
64:B7:08:A9:2B:20,ALL,udp:6178,192.168.3.1*,2,259,1,78,1,181
64:B7:08:A9:2B:20,ALL,udp:6178,192.168.3.118*,2,259,1,181,1,78
64:B7:08:A9:2B:20,ALL,udp:19845,192.168.3.1*,2,259,1,78,1,181
64:B7:08:A9:2B:20,ALL,udp:19845,192.168.3.118*,2,259,1,181,1,78
64:B7:08:A9:2B:20,ALL,udp:48835,192.168.3.1*,2,164,1,74,1,90
64:B7:08:A9:2B:20,ALL,udp:48835,192.168.3.118*,2,164,1,90,1,74
64:B7:08:A9:2B:20,ALL,udp:44660,192.168.3.1*,2,259,1,78,1,181
64:B7:08:A9:2B:20,ALL,udp:44660,192.168.3.118*,2,259,1,181,1,78
64:B7:08:A9:2B:20,ALL,udp:10002,192.168.3.1*,2,259,1,78,1,181
64:B7:08:A9:2B:20,ALL,udp:10002,192.168.3.118*,2,259,1,181,1,78
64:B7:08:A9:2B:20,ALL,udp:47411,192.168.3.1*,2,259,1,78,1,181
64:B7:08:A9:2B:20,ALL,udp:47411,192.168.3.118*,2,259,1,181,1,78
64:B7:08:A9:2B:20,ALL,udp:23782,192.168.3.1*,2,259,1,78,1,181
64:B7:08:A9:2B:20,ALL,udp:23782,192.168.3.118*,2,259,1,181,1,78
64:B7:08:A9:2B:20,ALL,udp:65010,192.168.3.1*,2,259,1,78,1,181
64:B7:08:A9:2B:20,ALL,udp:65010,192.168.3.118*,2,259,1,181,1,78
64:B7:08:A9:2B:20,ALL,udp:64989,192.168.3.1*,2,259,1,78,1,181
64:B7:08:A9:2B:20,ALL,udp:64989,192.168.3.118*,2,259,1,181,1,78
64:B7:08:A9:2B:20,ALL,udp:19693,192.168.3.1*,2,259,1,78,1,181
64:B7:08:A9:2B:20,ALL,udp:19693,192.168.3.118*,2,259,1,181,1,78
64:B7:08:A9:2B:20,ALL,udp:16177,192.168.3.1*,2,259,1,78,1,181
64:B7:08:A9:2B:20,ALL,udp:16177,192.168.3.118*,2,259,1,181,1,78
64:B7:08:A9:2B:20,ALL,udp:64550,192.168.3.1*,2,259,1,78,1,181
64:B7:08:A9:2B:20,ALL,udp:64550,192.168.3.118*,2,259,1,181,1,78
64:B7:08:A9:2B:20,ALL,udp:25711,192.168.3.1*,2,259,1,78,1,181
64:B7:08:A9:2B:20,ALL,udp:25711,192.168.3.118*,2,259,1,181,1,78
64:B7:08:A9:2B:20,ALL,udp:31666,192.168.3.1*,2,259,1,78,1,181
64:B7:08:A9:2B:20,ALL,udp:31666,192.168.3.118*,2,259,1,181,1,78
64:B7:08:A9:2B:20,ALL,udp:55915,192.168.3.1*,2,164,1,74,1,90
64:B7:08:A9:2B:20,ALL,udp:55915,192.168.3.118*,2,164,1,90,1,74
64:B7:08:A9:2B:20,ALL,udp:49679,192.168.3.1*,2,259,1,78,1,181
64:B7:08:A9:2B:20,ALL,udp:49679,192.168.3.118*,2,259,1,181,1,78
64:B7:08:A9:2B:20,ALL,udp:36504,192.168.3.1*,2,259,1,78,1,181
64:B7:08:A9:2B:20,ALL,udp:36504,192.168.3.118*,2,259,1,181,1,78
64:B7:08:A9:2B:20,ALL,udp:53886,192.168.3.1*,2,259,1,78,1,181
64:B7:08:A9:2B:20,ALL,udp:53886,192.168.3.118*,2,259,1,181,1,78
64:B7:08:A9:2B:20,ALL,udp:21034,192.168.3.1*,2,259,1,78,1,181
64:B7:08:A9:2B:20,ALL,udp:21034,192.168.3.118*,2,259,1,181,1,78
64:B7:08:A9:2B:20,ALL,udp:60875,192.168.3.1*,2,259,1,78,1,181
64:B7:08:A9:2B:20,ALL,udp:60875,192.168.3.118*,2,259,1,181,1,78
64:B7:08:A9:2B:20,ALL,udp:43641,192.168.3.1*,2,259,1,78,1,181
64:B7:08:A9:2B:20,ALL,udp:43641,192.168.3.118*,2,259,1,181,1,78
64:B7:08:A9:2B:20,ALL,udp:64840,192.168.3.1*,2,259,1,78,1,181
64:B7:08:A9:2B:20,ALL,udp:64840,192.168.3.118*,2,259,1,181,1,78
64:B7:08:A9:2B:20,ALL,udp:23637,192.168.3.1*,2,259,1,78,1,181
64:B7:08:A9:2B:20,ALL,udp:23637,192.168.3.118*,2,259,1,181,1,78
64:B7:08:A9:2B:20,ALL,udp:26288,192.168.3.1*,2,259,1,78,1,181
64:B7:08:A9:2B:20,ALL,udp:26288,192.168.3.118*,2,259,1,181,1,78
64:B7:08:A9:2B:20,ALL,udp:24370,192.168.3.1*,2,259,1,78,1,181
64:B7:08:A9:2B:20,ALL,udp:24370,192.168.3.118*,2,259,1,181,1,78
64:B7:08:A9:2B:20,ALL,udp:34269,192.168.3.1*,2,259,1,78,1,181
64:B7:08:A9:2B:20,ALL,udp:34269,192.168.3.118*,2,259,1,181,1,78
64:B7:08:A9:2B:20,ALL,udp:33325,192.168.3.1*,2,259,1,78,1,181
64:B7:08:A9:2B:20,ALL,udp:33325,192.168.3.118*,2,259,1,181,1,78
64:B7:08:A9:2B:20,ALL,udp:48469,192.168.3.1*,2,164,1,74,1,90
64:B7:08:A9:2B:20,ALL,udp:48469,192.168.3.118*,2,164,1,90,1,74
64:B7:08:A9:2B:20,ALL,udp:10649,192.168.3.1*,2,259,1,78,1,181
64:B7:08:A9:2B:20,ALL,udp:10649,192.168.3.118*,2,259,1,181,1,78
64:B7:08:A9:2B:20,ALL,udp:6193,192.168.3.1*,2,259,1,78,1,181
64:B7:08:A9:2B:20,ALL,udp:6193,192.168.3.118*,2,259,1,181,1,78
64:B7:08:A9:2B:20,ALL,udp:25470,192.168.3.1*,2,259,1,78,1,181
64:B7:08:A9:2B:20,ALL,udp:25470,192.168.3.118*,2,259,1,181,1,78
64:B7:08:A9:2B:20,ALL,udp:37440,192.168.3.1*,2,259,1,78,1,181
64:B7:08:A9:2B:20,ALL,udp:37440,192.168.3.118*,2,259,1,181,1,78
64:B7:08:A9:2B:20,ALL,udp:61256,192.168.3.1*,2,259,1,78,1,181
64:B7:08:A9:2B:20,ALL,udp:61256,192.168.3.118*,2,259,1,181,1,78
64:B7:08:A9:2B:20,ALL,udp:20023,192.168.3.1*,2,259,1,78,1,181
64:B7:08:A9:2B:20,ALL,udp:20023,192.168.3.118*,2,259,1,181,1,78
64:B7:08:A9:2B:20,ALL,udp:7790,192.168.3.1*,2,259,1,78,1,181
64:B7:08:A9:2B:20,ALL,udp:7790,192.168.3.118*,2,259,1,181,1,78
64:B7:08:A9:2B:20,ALL,udp:31302,192.168.3.1*,2,259,1,78,1,181
64:B7:08:A9:2B:20,ALL,udp:31302,192.168.3.118*,2,259,1,181,1,78
64:B7:08:A9:2B:20,ALL,udp:54136,192.168.3.1*,2,259,1,78,1,181
64:B7:08:A9:2B:20,ALL,udp:54136,192.168.3.118*,2,259,1,181,1,78
64:B7:08:A9:2B:20,ALL,udp:64747,192.168.3.1*,2,259,1,78,1,181
64:B7:08:A9:2B:20,ALL,udp:64747,192.168.3.118*,2,259,1,181,1,78
64:B7:08:A9:2B:20,ALL,udp:19495,192.168.3.1*,2,259,1,78,1,181
64:B7:08:A9:2B:20,ALL,udp:19495,192.168.3.118*,2,259,1,181,1,78
64:B7:08:A9:2B:20,ALL,udp:58461,192.168.3.1*,2,164,1,74,1,90
64:B7:08:A9:2B:20,ALL,udp:58461,192.168.3.118*,2,164,1,90,1,74
64:B7:08:A9:2B:20,ALL,udp:38048,192.168.3.1*,2,259,1,78,1,181
64:B7:08:A9:2B:20,ALL,udp:38048,192.168.3.118*,2,259,1,181,1,78
64:B7:08:A9:2B:20,ALL,udp:38684,192.168.3.1*,2,259,1,78,1,181
64:B7:08:A9:2B:20,ALL,udp:38684,192.168.3.118*,2,259,1,181,1,78
64:B7:08:A9:2B:20,ALL,udp:38783,192.168.3.1*,2,259,1,78,1,181
64:B7:08:A9:2B:20,ALL,udp:38783,192.168.3.118*,2,259,1,181,1,78
64:B7:08:A9:2B:20,ALL,udp:7442,192.168.3.1*,2,259,1,78,1,181
64:B7:08:A9:2B:20,ALL,udp:7442,192.168.3.118*,2,259,1,181,1,78
64:B7:08:A9:2B:20,ALL,udp:4827,192.168.3.1*,2,259,1,78,1,181
64:B7:08:A9:2B:20,ALL,udp:4827,192.168.3.118*,2,259,1,181,1,78
64:B7:08:A9:2B:20,ALL,udp:53816,192.168.3.1*,2,259,1,78,1,181
64:B7:08:A9:2B:20,ALL,udp:53816,192.168.3.118*,2,259,1,181,1,78
64:B7:08:A9:2B:20,ALL,udp:34164,192.168.3.1*,2,259,1,78,1,181
64:B7:08:A9:2B:20,ALL,udp:34164,192.168.3.118*,2,259,1,181,1,78
64:B7:08:A9:2B:20,ALL,udp:51307,192.168.3.1*,2,259,1,78,1,181
64:B7:08:A9:2B:20,ALL,udp:51307,192.168.3.118*,2,259,1,181,1,78
64:B7:08:A9:2B:20,ALL,udp:35968,192.168.3.1*,2,259,1,78,1,181
64:B7:08:A9:2B:20,ALL,udp:35968,192.168.3.118*,2,259,1,181,1,78
64:B7:08:A9:2B:20,ALL,udp:5862,192.168.3.1*,2,259,1,78,1,181
64:B7:08:A9:2B:20,ALL,udp:5862,192.168.3.118*,2,259,1,181,1,78
64:B7:08:A9:2B:20,ALL,udp:54118,192.168.3.1*,2,164,1,74,1,90
64:B7:08:A9:2B:20,ALL,udp:54118,192.168.3.118*,2,164,1,90,1,74
64:B7:08:A9:2B:20,ALL,udp:43227,192.168.3.1*,2,259,1,78,1,181
64:B7:08:A9:2B:20,ALL,udp:43227,192.168.3.118*,2,259,1,181,1,78
64:B7:08:A9:2B:20,ALL,udp:28928,192.168.3.1*,2,259,1,78,1,181
64:B7:08:A9:2B:20,ALL,udp:28928,192.168.3.118*,2,259,1,181,1,78
64:B7:08:A9:2B:20,ALL,udp:27911,192.168.3.1*,2,259,1,78,1,181
64:B7:08:A9:2B:20,ALL,udp:27911,192.168.3.118*,2,259,1,181,1,78
64:B7:08:A9:2B:20,ALL,udp:36898,192.168.3.1*,2,259,1,78,1,181
64:B7:08:A9:2B:20,ALL,udp:36898,192.168.3.118*,2,259,1,181,1,78
64:B7:08:A9:2B:20,ALL,udp:46865,192.168.3.1*,2,259,1,78,1,181
64:B7:08:A9:2B:20,ALL,udp:46865,192.168.3.118*,2,259,1,181,1,78
64:B7:08:A9:2B:20,ALL,udp:55897,192.168.3.1*,2,259,1,78,1,181
64:B7:08:A9:2B:20,ALL,udp:55897,192.168.3.118*,2,259,1,181,1,78
64:B7:08:A9:2B:20,ALL,udp:4450,192.168.3.1*,2,259,1,78,1,181
64:B7:08:A9:2B:20,ALL,udp:4450,192.168.3.118*,2,259,1,181,1,78
64:B7:08:A9:2B:20,ALL,udp:29113,192.168.3.1*,2,259,1,78,1,181
64:B7:08:A9:2B:20,ALL,udp:29113,192.168.3.118*,2,259,1,181,1,78
64:B7:08:A9:2B:20,ALL,udp:59050,192.168.3.1,2,259,1,78,1,181
64:B7:08:A9:2B:20,ALL,udp:59050,3.87.127.143,2,180,1,90,1,90
64:B7:08:A9:2B:20,ALL,udp:4348,192.168.3.1*,2,259,1,78,1,181
64:B7:08:A9:2B:20,ALL,udp:4348,192.168.3.118*,2,259,1,181,1,78
64:B7:08:A9:2B:20,ALL,udp:61611,192.168.3.1*,2,259,1,78,1,181
64:B7:08:A9:2B:20,ALL,udp:61611,192.168.3.118*,2,259,1,181,1,78
64:B7:08:A9:2B:20,ALL,udp:64738,192.168.3.1*,2,259,1,78,1,181
64:B7:08:A9:2B:20,ALL,udp:64738,192.168.3.118*,2,259,1,181,1,78
64:B7:08:A9:2B:20,ALL,udp:46178,192.168.3.1*,2,164,1,74,1,90
64:B7:08:A9:2B:20,ALL,udp:46178,192.168.3.118*,2,164,1,90,1,74
64:B7:08:A9:2B:20,ALL,udp:61479,192.168.3.1*,2,259,1,78,1,181
64:B7:08:A9:2B:20,ALL,udp:61479,192.168.3.118*,2,259,1,181,1,78
64:B7:08:A9:2B:20,ALL,udp:60707,192.168.3.1*,2,259,1,78,1,181
64:B7:08:A9:2B:20,ALL,udp:60707,192.168.3.118*,2,259,1,181,1,78
64:B7:08:A9:2B:20,ALL,udp:47132,192.168.3.1*,2,259,1,78,1,181
64:B7:08:A9:2B:20,ALL,udp:47132,192.168.3.118*,2,259,1,181,1,78
64:B7:08:A9:2B:20,ALL,udp:35509,192.168.3.1*,2,259,1,78,1,181
64:B7:08:A9:2B:20,ALL,udp:35509,192.168.3.118*,2,259,1,181,1,78
64:B7:08:A9:2B:20,ALL,udp:33116,192.168.3.1*,2,259,1,78,1,181
64:B7:08:A9:2B:20,ALL,udp:33116,192.168.3.118*,2,259,1,181,1,78
64:B7:08:A9:2B:20,ALL,udp:10439,192.168.3.1*,2,259,1,78,1,181
64:B7:08:A9:2B:20,ALL,udp:10439,192.168.3.118*,2,259,1,181,1,78
64:B7:08:A9:2B:20,ALL,udp:50098,192.168.3.1*,2,259,1,78,1,181
64:B7:08:A9:2B:20,ALL,udp:50098,192.168.3.118*,2,259,1,181,1,78
64:B7:08:A9:2B:20,ALL,udp:44439,192.168.3.1*,2,259,1,78,1,181
64:B7:08:A9:2B:20,ALL,udp:44439,192.168.3.118*,2,259,1,181,1,78
64:B7:08:A9:2B:20,ALL,udp:31080,192.168.3.1*,2,259,1,78,1,181
64:B7:08:A9:2B:20,ALL,udp:31080,192.168.3.118*,2,259,1,181,1,78
64:B7:08:A9:2B:20,ALL,udp:39242,192.168.3.1*,2,259,1,78,1,181
64:B7:08:A9:2B:20,ALL,udp:39242,192.168.3.118*,2,259,1,181,1,78
64:B7:08:A9:2B:20,ALL,udp:20172,192.168.3.1*,2,259,1,78,1,181
64:B7:08:A9:2B:20,ALL,udp:20172,192.168.3.118*,2,259,1,181,1,78
64:B7:08:A9:2B:20,ALL,udp:55706,192.168.3.1*,2,164,1,74,1,90
64:B7:08:A9:2B:20,ALL,udp:55706,192.168.3.118*,2,164,1,90,1,74
64:B7:08:A9:2B:20,ALL,udp:53525,192.168.3.1*,2,259,1,78,1,181
64:B7:08:A9:2B:20,ALL,udp:53525,192.168.3.118*,2,259,1,181,1,78
64:B7:08:A9:2B:20,ALL,udp:20372,192.168.3.1*,2,259,1,78,1,181
64:B7:08:A9:2B:20,ALL,udp:20372,192.168.3.118*,2,259,1,181,1,78
64:B7:08:A9:2B:20,ALL,udp:65045,192.168.3.1*,2,259,1,78,1,181
64:B7:08:A9:2B:20,ALL,udp:65045,192.168.3.118*,2,259,1,181,1,78
64:B7:08:A9:2B:20,ALL,udp:61944,192.168.3.1*,2,259,1,78,1,181
64:B7:08:A9:2B:20,ALL,udp:61944,192.168.3.118*,2,259,1,181,1,78
64:B7:08:A9:2B:20,ALL,udp:19414,192.168.3.1*,2,259,1,78,1,181
64:B7:08:A9:2B:20,ALL,udp:19414,192.168.3.118*,2,259,1,181,1,78
64:B7:08:A9:2B:20,ALL,udp:9072,192.168.3.1*,2,259,1,78,1,181
64:B7:08:A9:2B:20,ALL,udp:9072,192.168.3.118*,2,259,1,181,1,78
64:B7:08:A9:2B:20,ALL,udp:37437,192.168.3.1*,2,259,1,78,1,181
64:B7:08:A9:2B:20,ALL,udp:37437,192.168.3.118*,2,259,1,181,1,78
64:B7:08:A9:2B:20,ALL,udp:50093,192.168.3.1*,2,259,1,78,1,181
64:B7:08:A9:2B:20,ALL,udp:50093,192.168.3.118*,2,259,1,181,1,78
64:B7:08:A9:2B:20,ALL,udp:33721,192.168.3.1*,2,259,1,78,1,181
64:B7:08:A9:2B:20,ALL,udp:33721,192.168.3.118*,2,259,1,181,1,78
64:B7:08:A9:2B:20,ALL,udp:40471,192.168.3.1*,2,259,1,78,1,181
64:B7:08:A9:2B:20,ALL,udp:40471,192.168.3.118*,2,259,1,181,1,78
64:B7:08:A9:2B:20,ALL,udp:2620,192.168.3.1*,2,259,1,78,1,181
64:B7:08:A9:2B:20,ALL,udp:2620,192.168.3.118*,2,259,1,181,1,78
64:B7:08:A9:2B:20,ALL,udp:5198,192.168.3.1*,2,210,1,86,1,124
64:B7:08:A9:2B:20,ALL,udp:5198,192.168.3.118*,2,210,1,124,1,86
64:B7:08:A9:2B:20,ALL,udp:25605,192.168.3.1*,2,164,1,74,1,90
64:B7:08:A9:2B:20,ALL,udp:25605,192.168.3.118*,2,164,1,90,1,74
64:B7:08:A9:2B:20,ALL,udp:55846,192.168.3.1*,2,259,1,78,1,181
64:B7:08:A9:2B:20,ALL,udp:55846,192.168.3.118*,2,259,1,181,1,78
64:B7:08:A9:2B:20,ALL,udp:53859,192.168.3.1*,2,259,1,78,1,181
64:B7:08:A9:2B:20,ALL,udp:53859,192.168.3.118*,2,259,1,181,1,78
64:B7:08:A9:2B:20,ALL,udp:46390,192.168.3.1*,2,259,1,78,1,181
64:B7:08:A9:2B:20,ALL,udp:46390,192.168.3.118*,2,259,1,181,1,78
64:B7:08:A9:2B:20,ALL,udp:39397,192.168.3.1*,2,259,1,78,1,181
64:B7:08:A9:2B:20,ALL,udp:39397,192.168.3.118*,2,259,1,181,1,78
64:B7:08:A9:2B:20,ALL,udp:24461,192.168.3.1*,2,259,1,78,1,181
64:B7:08:A9:2B:20,ALL,udp:24461,192.168.3.118*,2,259,1,181,1,78
64:B7:08:A9:2B:20,ALL,udp:24725,192.168.3.1*,2,259,1,78,1,181
64:B7:08:A9:2B:20,ALL,udp:24725,192.168.3.118*,2,259,1,181,1,78
64:B7:08:A9:2B:20,ALL,udp:32851,192.168.3.1*,2,259,1,78,1,181
64:B7:08:A9:2B:20,ALL,udp:32851,192.168.3.118*,2,259,1,181,1,78
64:B7:08:A9:2B:20,ALL,udp:62548,192.168.3.1*,2,259,1,78,1,181
64:B7:08:A9:2B:20,ALL,udp:62548,192.168.3.118*,2,259,1,181,1,78
64:B7:08:A9:2B:20,ALL,udp:47163,192.168.3.1*,2,259,1,78,1,181
64:B7:08:A9:2B:20,ALL,udp:47163,192.168.3.118*,2,259,1,181,1,78
64:B7:08:A9:2B:20,ALL,udp:61815,192.168.3.1*,2,259,1,78,1,181
64:B7:08:A9:2B:20,ALL,udp:61815,192.168.3.118*,2,259,1,181,1,78
64:B7:08:A9:2B:20,ALL,udp:34111,192.168.3.1*,2,259,1,78,1,181
64:B7:08:A9:2B:20,ALL,udp:34111,192.168.3.118*,2,259,1,181,1,78
64:B7:08:A9:2B:20,ALL,udp:58919,192.168.3.1,2,259,1,78,1,181
64:B7:08:A9:2B:20,ALL,udp:58919,52.207.222.50,2,180,1,90,1,90
64:B7:08:A9:2B:20,ALL,udp:44640,192.168.3.1*,2,164,1,74,1,90
64:B7:08:A9:2B:20,ALL,udp:44640,192.168.3.118*,2,164,1,90,1,74
64:B7:08:A9:2B:20,ALL,udp:59267,192.168.3.1,2,259,1,78,1,181
64:B7:08:A9:2B:20,ALL,udp:59267,54.81.127.33,2,180,1,90,1,90
64:B7:08:A9:2B:20,ALL,udp:34239,192.168.3.1*,2,259,1,78,1,181
64:B7:08:A9:2B:20,ALL,udp:34239,192.168.3.118*,2,259,1,181,1,78
64:B7:08:A9:2B:20,ALL,udp:63023,192.168.3.1*,2,259,1,78,1,181
64:B7:08:A9:2B:20,ALL,udp:63023,192.168.3.118*,2,259,1,181,1,78
64:B7:08:A9:2B:20,ALL,udp:39673,192.168.3.1*,2,259,1,78,1,181
64:B7:08:A9:2B:20,ALL,udp:39673,192.168.3.118*,2,259,1,181,1,78
64:B7:08:A9:2B:20,ALL,udp:21233,192.168.3.1*,2,259,1,78,1,181
64:B7:08:A9:2B:20,ALL,udp:21233,192.168.3.118*,2,259,1,181,1,78
64:B7:08:A9:2B:20,ALL,udp:42225,192.168.3.1*,2,259,1,78,1,181
64:B7:08:A9:2B:20,ALL,udp:42225,192.168.3.118*,2,259,1,181,1,78
64:B7:08:A9:2B:20,ALL,udp:61667,192.168.3.1*,2,259,1,78,1,181
64:B7:08:A9:2B:20,ALL,udp:61667,192.168.3.118*,2,259,1,181,1,78
64:B7:08:A9:2B:20,ALL,udp:23571,192.168.3.1*,2,259,1,78,1,181
64:B7:08:A9:2B:20,ALL,udp:23571,192.168.3.118*,2,259,1,181,1,78
64:B7:08:A9:2B:20,ALL,udp:11312,192.168.3.1*,2,259,1,78,1,181
64:B7:08:A9:2B:20,ALL,udp:11312,192.168.3.118*,2,259,1,181,1,78
64:B7:08:A9:2B:20,ALL,udp:17489,192.168.3.1*,2,259,1,78,1,181
64:B7:08:A9:2B:20,ALL,udp:17489,192.168.3.118*,2,259,1,181,1,78
64:B7:08:A9:2B:20,ALL,udp:30855,192.168.3.1*,2,259,1,78,1,181
64:B7:08:A9:2B:20,ALL,udp:30855,192.168.3.118*,2,259,1,181,1,78
64:B7:08:A9:2B:20,ALL,udp:41897,192.168.3.1*,2,164,1,74,1,90
64:B7:08:A9:2B:20,ALL,udp:41897,192.168.3.118*,2,164,1,90,1,74
64:B7:08:A9:2B:20,ALL,udp:15313,192.168.3.1*,2,259,1,78,1,181
64:B7:08:A9:2B:20,ALL,udp:15313,192.168.3.118*,2,259,1,181,1,78
64:B7:08:A9:2B:20,ALL,udp:45721,192.168.3.1*,2,259,1,78,1,181
64:B7:08:A9:2B:20,ALL,udp:45721,192.168.3.118*,2,259,1,181,1,78
64:B7:08:A9:2B:20,ALL,udp:31039,192.168.3.1*,2,259,1,78,1,181
64:B7:08:A9:2B:20,ALL,udp:31039,192.168.3.118*,2,259,1,181,1,78
64:B7:08:A9:2B:20,ALL,udp:25525,192.168.3.1*,2,259,1,78,1,181
64:B7:08:A9:2B:20,ALL,udp:25525,192.168.3.118*,2,259,1,181,1,78
64:B7:08:A9:2B:20,ALL,udp:29831,192.168.3.1*,2,259,1,78,1,181
64:B7:08:A9:2B:20,ALL,udp:29831,192.168.3.118*,2,259,1,181,1,78
64:B7:08:A9:2B:20,ALL,udp:2752,192.168.3.1*,2,259,1,78,1,181
64:B7:08:A9:2B:20,ALL,udp:2752,192.168.3.118*,2,259,1,181,1,78
64:B7:08:A9:2B:20,ALL,udp:5907,192.168.3.1*,2,259,1,78,1,181
64:B7:08:A9:2B:20,ALL,udp:5907,192.168.3.118*,2,259,1,181,1,78
64:B7:08:A9:2B:20,ALL,udp:55597,192.168.3.1*,2,259,1,78,1,181
64:B7:08:A9:2B:20,ALL,udp:55597,192.168.3.118*,2,259,1,181,1,78
64:B7:08:A9:2B:20,ALL,udp:21222,192.168.3.1*,2,259,1,78,1,181
64:B7:08:A9:2B:20,ALL,udp:21222,192.168.3.118*,2,259,1,181,1,78
64:B7:08:A9:2B:20,ALL,udp:38047,192.168.3.1*,2,259,1,78,1,181
64:B7:08:A9:2B:20,ALL,udp:38047,192.168.3.118*,2,259,1,181,1,78
64:B7:08:A9:2B:20,ALL,udp:1729,192.168.3.1*,2,259,1,78,1,181
64:B7:08:A9:2B:20,ALL,udp:1729,192.168.3.118*,2,259,1,181,1,78
64:B7:08:A9:2B:20,ALL,udp:28889,192.168.3.1*,2,164,1,74,1,90
64:B7:08:A9:2B:20,ALL,udp:28889,192.168.3.118*,2,164,1,90,1,74
64:B7:08:A9:2B:20,ALL,udp:4848,192.168.3.1*,2,259,1,78,1,181
64:B7:08:A9:2B:20,ALL,udp:4848,192.168.3.118*,2,259,1,181,1,78
64:B7:08:A9:2B:20,ALL,udp:20872,192.168.3.1*,2,259,1,78,1,181
64:B7:08:A9:2B:20,ALL,udp:20872,192.168.3.118*,2,259,1,181,1,78
64:B7:08:A9:2B:20,ALL,udp:33748,192.168.3.1*,2,259,1,78,1,181
64:B7:08:A9:2B:20,ALL,udp:33748,192.168.3.118*,2,259,1,181,1,78
64:B7:08:A9:2B:20,ALL,udp:24994,192.168.3.1*,2,259,1,78,1,181
64:B7:08:A9:2B:20,ALL,udp:24994,192.168.3.118*,2,259,1,181,1,78
64:B7:08:A9:2B:20,ALL,udp:13206,192.168.3.1*,2,259,1,78,1,181
64:B7:08:A9:2B:20,ALL,udp:13206,192.168.3.118*,2,259,1,181,1,78
64:B7:08:A9:2B:20,ALL,udp:58155,192.168.3.1*,2,259,1,78,1,181
64:B7:08:A9:2B:20,ALL,udp:58155,192.168.3.118*,2,259,1,181,1,78
64:B7:08:A9:2B:20,ALL,udp:62585,192.168.3.1*,2,259,1,78,1,181
64:B7:08:A9:2B:20,ALL,udp:62585,192.168.3.118*,2,259,1,181,1,78
64:B7:08:A9:2B:20,ALL,udp:58420,192.168.3.1*,2,259,1,78,1,181
64:B7:08:A9:2B:20,ALL,udp:58420,192.168.3.118*,2,259,1,181,1,78
64:B7:08:A9:2B:20,ALL,udp:64694,192.168.3.1*,2,259,1,78,1,181
64:B7:08:A9:2B:20,ALL,udp:64694,192.168.3.118*,2,259,1,181,1,78
64:B7:08:A9:2B:20,ALL,udp:5955,192.168.3.1*,2,259,1,78,1,181
64:B7:08:A9:2B:20,ALL,udp:5955,192.168.3.118*,2,259,1,181,1,78
64:B7:08:A9:2B:20,ALL,udp:62330,192.168.3.1*,2,259,1,78,1,181
64:B7:08:A9:2B:20,ALL,udp:62330,192.168.3.118*,2,259,1,181,1,78
64:B7:08:A9:2B:20,ALL,udp:36984,192.168.3.1*,2,259,1,78,1,181
64:B7:08:A9:2B:20,ALL,udp:36984,192.168.3.118*,2,259,1,181,1,78
64:B7:08:A9:2B:20,ALL,udp:62737,192.168.3.1*,2,164,1,74,1,90
64:B7:08:A9:2B:20,ALL,udp:62737,192.168.3.118*,2,164,1,90,1,74
64:B7:08:A9:2B:20,ALL,udp:21110,192.168.3.1*,2,259,1,78,1,181
64:B7:08:A9:2B:20,ALL,udp:21110,192.168.3.118*,2,259,1,181,1,78
64:B7:08:A9:2B:20,ALL,udp:64482,192.168.3.1*,2,259,1,78,1,181
64:B7:08:A9:2B:20,ALL,udp:64482,192.168.3.118*,2,259,1,181,1,78
64:B7:08:A9:2B:20,ALL,udp:36587,192.168.3.1*,2,259,1,78,1,181
64:B7:08:A9:2B:20,ALL,udp:36587,192.168.3.118*,2,259,1,181,1,78
64:B7:08:A9:2B:20,ALL,udp:33203,192.168.3.1*,2,259,1,78,1,181
64:B7:08:A9:2B:20,ALL,udp:33203,192.168.3.118*,2,259,1,181,1,78
64:B7:08:A9:2B:20,ALL,udp:38812,192.168.3.1*,2,259,1,78,1,181
64:B7:08:A9:2B:20,ALL,udp:38812,192.168.3.118*,2,259,1,181,1,78
64:B7:08:A9:2B:20,ALL,udp:52483,192.168.3.1*,2,259,1,78,1,181
64:B7:08:A9:2B:20,ALL,udp:52483,192.168.3.118*,2,259,1,181,1,78
64:B7:08:A9:2B:20,ALL,udp:7317,192.168.3.1*,2,259,1,78,1,181
64:B7:08:A9:2B:20,ALL,udp:7317,192.168.3.118*,2,259,1,181,1,78
64:B7:08:A9:2B:20,ALL,udp:62306,192.168.3.1*,2,259,1,78,1,181
64:B7:08:A9:2B:20,ALL,udp:62306,192.168.3.118*,2,259,1,181,1,78
64:B7:08:A9:2B:20,ALL,udp:39752,192.168.3.1*,2,259,1,78,1,181
64:B7:08:A9:2B:20,ALL,udp:39752,192.168.3.118*,2,259,1,181,1,78
64:B7:08:A9:2B:20,ALL,udp:56862,192.168.3.1*,2,259,1,78,1,181
64:B7:08:A9:2B:20,ALL,udp:56862,192.168.3.118*,2,259,1,181,1,78
64:B7:08:A9:2B:20,ALL,udp:59701,192.168.3.1,2,259,1,78,1,181
64:B7:08:A9:2B:20,ALL,udp:59701,3.86.4.106,2,180,1,90,1,90
64:B7:08:A9:2B:20,ALL,udp:16680,192.168.3.1*,2,259,1,78,1,181
64:B7:08:A9:2B:20,ALL,udp:16680,192.168.3.118*,2,259,1,181,1,78
64:B7:08:A9:2B:20,ALL,udp:57749,192.168.3.1*,2,164,1,74,1,90
64:B7:08:A9:2B:20,ALL,udp:57749,192.168.3.118*,2,164,1,90,1,74
64:B7:08:A9:2B:20,ALL,udp:6652,192.168.3.1*,2,259,1,78,1,181
64:B7:08:A9:2B:20,ALL,udp:6652,192.168.3.118*,2,259,1,181,1,78
64:B7:08:A9:2B:20,ALL,udp:57779,192.168.3.1*,2,259,1,78,1,181
64:B7:08:A9:2B:20,ALL,udp:57779,192.168.3.118*,2,259,1,181,1,78
64:B7:08:A9:2B:20,ALL,udp:7731,192.168.3.1*,2,259,1,78,1,181
64:B7:08:A9:2B:20,ALL,udp:7731,192.168.3.118*,2,259,1,181,1,78
64:B7:08:A9:2B:20,ALL,udp:41870,192.168.3.1*,2,259,1,78,1,181
64:B7:08:A9:2B:20,ALL,udp:41870,192.168.3.118*,2,259,1,181,1,78
64:B7:08:A9:2B:20,ALL,udp:37237,192.168.3.1*,2,259,1,78,1,181
64:B7:08:A9:2B:20,ALL,udp:37237,192.168.3.118*,2,259,1,181,1,78
64:B7:08:A9:2B:20,ALL,udp:56099,192.168.3.1*,2,259,1,78,1,181
64:B7:08:A9:2B:20,ALL,udp:56099,192.168.3.118*,2,259,1,181,1,78
64:B7:08:A9:2B:20,ALL,udp:65457,192.168.3.1*,2,259,1,78,1,181
64:B7:08:A9:2B:20,ALL,udp:65457,192.168.3.118*,2,259,1,181,1,78
64:B7:08:A9:2B:20,ALL,udp:5204,192.168.3.1*,2,259,1,78,1,181
64:B7:08:A9:2B:20,ALL,udp:5204,192.168.3.118*,2,259,1,181,1,78
64:B7:08:A9:2B:20,ALL,udp:57772,192.168.3.1*,2,259,1,78,1,181
64:B7:08:A9:2B:20,ALL,udp:57772,192.168.3.118*,2,259,1,181,1,78
64:B7:08:A9:2B:20,ALL,udp:29106,192.168.3.1*,2,259,1,78,1,181
64:B7:08:A9:2B:20,ALL,udp:29106,192.168.3.118*,2,259,1,181,1,78
64:B7:08:A9:2B:20,ALL,udp:49222,192.168.3.1*,2,259,1,78,1,181
64:B7:08:A9:2B:20,ALL,udp:49222,192.168.3.118*,2,259,1,181,1,78
64:B7:08:A9:2B:20,ALL,udp:45837,192.168.3.1*,2,164,1,74,1,90
64:B7:08:A9:2B:20,ALL,udp:45837,192.168.3.118*,2,164,1,90,1,74
64:B7:08:A9:2B:20,ALL,udp:55330,192.168.3.1*,2,259,1,78,1,181
64:B7:08:A9:2B:20,ALL,udp:55330,192.168.3.118*,2,259,1,181,1,78
64:B7:08:A9:2B:20,ALL,udp:20277,192.168.3.1*,2,259,1,78,1,181
64:B7:08:A9:2B:20,ALL,udp:20277,192.168.3.118*,2,259,1,181,1,78
64:B7:08:A9:2B:20,ALL,udp:55410,192.168.3.1*,2,259,1,78,1,181
64:B7:08:A9:2B:20,ALL,udp:55410,192.168.3.118*,2,259,1,181,1,78
64:B7:08:A9:2B:20,ALL,udp:33558,192.168.3.1*,2,259,1,78,1,181
64:B7:08:A9:2B:20,ALL,udp:33558,192.168.3.118*,2,259,1,181,1,78
64:B7:08:A9:2B:20,ALL,udp:25513,192.168.3.1*,2,259,1,78,1,181
64:B7:08:A9:2B:20,ALL,udp:25513,192.168.3.118*,2,259,1,181,1,78
64:B7:08:A9:2B:20,ALL,udp:53155,192.168.3.1*,2,259,1,78,1,181
64:B7:08:A9:2B:20,ALL,udp:53155,192.168.3.118*,2,259,1,181,1,78
64:B7:08:A9:2B:20,ALL,udp:27294,192.168.3.1*,2,259,1,78,1,181
64:B7:08:A9:2B:20,ALL,udp:27294,192.168.3.118*,2,259,1,181,1,78
64:B7:08:A9:2B:20,ALL,udp:43996,192.168.3.1*,2,259,1,78,1,181
64:B7:08:A9:2B:20,ALL,udp:43996,192.168.3.118*,2,259,1,181,1,78
64:B7:08:A9:2B:20,ALL,udp:59795,192.168.3.1,2,259,1,78,1,181
64:B7:08:A9:2B:20,ALL,udp:59795,3.94.91.31,1,90,1,90,0,0
64:B7:08:A9:2B:20,ALL,udp:19662,192.168.3.1*,2,259,1,78,1,181
64:B7:08:A9:2B:20,ALL,udp:19662,192.168.3.118*,2,259,1,181,1,78
64:B7:08:A9:2B:20,ALL,udp:20671,192.168.3.1*,2,259,1,78,1,181
64:B7:08:A9:2B:20,ALL,udp:20671,192.168.3.118*,2,259,1,181,1,78
64:B7:08:A9:2B:20,ALL,udp:55094,192.168.3.1*,2,164,1,74,1,90
64:B7:08:A9:2B:20,ALL,udp:55094,192.168.3.118*,2,164,1,90,1,74
64:B7:08:A9:2B:20,ALL,udp:19279,192.168.3.1*,2,259,1,78,1,181
64:B7:08:A9:2B:20,ALL,udp:19279,192.168.3.118*,2,259,1,181,1,78
64:B7:08:A9:2B:20,ALL,udp:6051,192.168.3.1*,2,259,1,78,1,181
64:B7:08:A9:2B:20,ALL,udp:6051,192.168.3.118*,2,259,1,181,1,78
64:B7:08:A9:2B:20,ALL,udp:11604,192.168.3.1*,2,259,1,78,1,181
64:B7:08:A9:2B:20,ALL,udp:11604,192.168.3.118*,2,259,1,181,1,78
64:B7:08:A9:2B:20,ALL,udp:49500,192.168.3.1*,2,259,1,78,1,181
64:B7:08:A9:2B:20,ALL,udp:49500,192.168.3.118*,2,259,1,181,1,78
64:B7:08:A9:2B:20,ALL,udp:48331,192.168.3.1*,2,259,1,78,1,181
64:B7:08:A9:2B:20,ALL,udp:48331,192.168.3.118*,2,259,1,181,1,78
64:B7:08:A9:2B:20,ALL,udp:18023,192.168.3.1*,2,259,1,78,1,181
64:B7:08:A9:2B:20,ALL,udp:18023,192.168.3.118*,2,259,1,181,1,78
64:B7:08:A9:2B:20,ALL,udp:48093,192.168.3.1*,2,259,1,78,1,181
64:B7:08:A9:2B:20,ALL,udp:48093,192.168.3.118*,2,259,1,181,1,78
64:B7:08:A9:2B:20,ALL,udp:48972,192.168.3.1*,2,259,1,78,1,181
64:B7:08:A9:2B:20,ALL,udp:48972,192.168.3.118*,2,259,1,181,1,78
64:B7:08:A9:2B:20,ALL,udp:33610,192.168.3.1*,2,259,1,78,1,181
64:B7:08:A9:2B:20,ALL,udp:33610,192.168.3.118*,2,259,1,181,1,78
64:B7:08:A9:2B:20,ALL,udp:57930,192.168.3.1*,2,259,1,78,1,181
64:B7:08:A9:2B:20,ALL,udp:57930,192.168.3.118*,2,259,1,181,1,78
64:B7:08:A9:2B:20,ALL,udp:51103,192.168.3.1*,2,259,1,78,1,181
64:B7:08:A9:2B:20,ALL,udp:51103,192.168.3.118*,2,259,1,181,1,78
64:B7:08:A9:2B:20,ALL,udp:39780,192.168.3.1*,2,259,1,78,1,181
64:B7:08:A9:2B:20,ALL,udp:39780,192.168.3.118*,2,259,1,181,1,78
64:B7:08:A9:2B:20,ALL,udp:55624,192.168.3.1*,2,164,1,74,1,90
64:B7:08:A9:2B:20,ALL,udp:55624,192.168.3.118*,2,164,1,90,1,74
64:B7:08:A9:2B:20,ALL,udp:14884,192.168.3.1*,2,259,1,78,1,181
64:B7:08:A9:2B:20,ALL,udp:14884,192.168.3.118*,2,259,1,181,1,78
64:B7:08:A9:2B:20,ALL,udp:30934,192.168.3.1*,2,259,1,78,1,181
64:B7:08:A9:2B:20,ALL,udp:30934,192.168.3.118*,2,259,1,181,1,78
64:B7:08:A9:2B:20,ALL,udp:25902,192.168.3.1*,2,259,1,78,1,181
64:B7:08:A9:2B:20,ALL,udp:25902,192.168.3.118*,2,259,1,181,1,78
64:B7:08:A9:2B:20,ALL,udp:14135,192.168.3.1*,2,259,1,78,1,181
64:B7:08:A9:2B:20,ALL,udp:14135,192.168.3.118*,2,259,1,181,1,78
64:B7:08:A9:2B:20,ALL,udp:18325,192.168.3.1*,2,259,1,78,1,181
64:B7:08:A9:2B:20,ALL,udp:18325,192.168.3.118*,2,259,1,181,1,78
64:B7:08:A9:2B:20,ALL,udp:64199,192.168.3.1*,2,259,1,78,1,181
64:B7:08:A9:2B:20,ALL,udp:64199,192.168.3.118*,2,259,1,181,1,78
64:B7:08:A9:2B:20,ALL,udp:4119,192.168.3.1*,2,259,1,78,1,181
64:B7:08:A9:2B:20,ALL,udp:4119,192.168.3.118*,2,259,1,181,1,78
64:B7:08:A9:2B:20,ALL,udp:45472,192.168.3.1*,2,259,1,78,1,181
64:B7:08:A9:2B:20,ALL,udp:45472,192.168.3.118*,2,259,1,181,1,78
64:B7:08:A9:2B:20,ALL,udp:62847,192.168.3.1*,2,259,1,78,1,181
64:B7:08:A9:2B:20,ALL,udp:62847,192.168.3.118*,2,259,1,181,1,78
64:B7:08:A9:2B:20,ALL,udp:11928,192.168.3.1*,2,259,1,78,1,181
64:B7:08:A9:2B:20,ALL,udp:11928,192.168.3.118*,2,259,1,181,1,78
64:B7:08:A9:2B:20,ALL,udp:13857,192.168.3.1*,2,259,1,78,1,181
64:B7:08:A9:2B:20,ALL,udp:13857,192.168.3.118*,2,259,1,181,1,78
64:B7:08:A9:2B:20,ALL,udp:33068,192.168.3.1*,2,164,1,74,1,90
64:B7:08:A9:2B:20,ALL,udp:33068,192.168.3.118*,2,164,1,90,1,74
64:B7:08:A9:2B:20,ALL,udp:49809,192.168.3.1*,2,259,1,78,1,181
64:B7:08:A9:2B:20,ALL,udp:49809,192.168.3.118*,2,259,1,181,1,78
64:B7:08:A9:2B:20,ALL,udp:22708,192.168.3.1*,2,259,1,78,1,181
64:B7:08:A9:2B:20,ALL,udp:22708,192.168.3.118*,2,259,1,181,1,78
64:B7:08:A9:2B:20,ALL,udp:26810,192.168.3.1*,2,259,1,78,1,181
64:B7:08:A9:2B:20,ALL,udp:26810,192.168.3.118*,2,259,1,181,1,78
64:B7:08:A9:2B:20,ALL,udp:45758,192.168.3.1*,2,259,1,78,1,181
64:B7:08:A9:2B:20,ALL,udp:45758,192.168.3.118*,2,259,1,181,1,78
64:B7:08:A9:2B:20,ALL,udp:28906,192.168.3.1*,2,259,1,78,1,181
64:B7:08:A9:2B:20,ALL,udp:28906,192.168.3.118*,2,259,1,181,1,78
64:B7:08:A9:2B:20,ALL,udp:38531,192.168.3.1*,2,259,1,78,1,181
64:B7:08:A9:2B:20,ALL,udp:38531,192.168.3.118*,2,259,1,181,1,78
64:B7:08:A9:2B:20,ALL,udp:19532,192.168.3.1*,2,259,1,78,1,181
64:B7:08:A9:2B:20,ALL,udp:19532,192.168.3.118*,2,259,1,181,1,78
64:B7:08:A9:2B:20,ALL,udp:30679,192.168.3.1*,2,259,1,78,1,181
64:B7:08:A9:2B:20,ALL,udp:30679,192.168.3.118*,2,259,1,181,1,78
64:B7:08:A9:2B:20,ALL,udp:62941,192.168.3.1*,2,259,1,78,1,181
64:B7:08:A9:2B:20,ALL,udp:62941,192.168.3.118*,2,259,1,181,1,78
64:B7:08:A9:2B:20,ALL,udp:54132,192.168.3.1*,2,259,1,78,1,181
64:B7:08:A9:2B:20,ALL,udp:54132,192.168.3.118*,2,259,1,181,1,78
64:B7:08:A9:2B:20,ALL,udp:56034,192.168.3.1*,2,259,1,78,1,181
64:B7:08:A9:2B:20,ALL,udp:56034,192.168.3.118*,2,259,1,181,1,78
64:B7:08:A9:2B:20,ALL,udp:14524,192.168.3.1*,2,259,1,78,1,181
64:B7:08:A9:2B:20,ALL,udp:14524,192.168.3.118*,2,259,1,181,1,78
64:B7:08:A9:2B:20,ALL,udp:33837,192.168.3.1*,2,164,1,74,1,90
64:B7:08:A9:2B:20,ALL,udp:33837,192.168.3.118*,2,164,1,90,1,74
64:B7:08:A9:2B:20,ALL,udp:34632,192.168.3.1*,2,259,1,78,1,181
64:B7:08:A9:2B:20,ALL,udp:34632,192.168.3.118*,2,259,1,181,1,78
64:B7:08:A9:2B:20,ALL,udp:2835,192.168.3.1*,2,259,1,78,1,181
64:B7:08:A9:2B:20,ALL,udp:2835,192.168.3.118*,2,259,1,181,1,78
64:B7:08:A9:2B:20,ALL,udp:5981,192.168.3.1*,2,259,1,78,1,181
64:B7:08:A9:2B:20,ALL,udp:5981,192.168.3.118*,2,259,1,181,1,78
64:B7:08:A9:2B:20,ALL,udp:43466,192.168.3.1*,2,259,1,78,1,181
64:B7:08:A9:2B:20,ALL,udp:43466,192.168.3.118*,2,259,1,181,1,78
64:B7:08:A9:2B:20,ALL,udp:9668,192.168.3.1*,2,259,1,78,1,181
64:B7:08:A9:2B:20,ALL,udp:9668,192.168.3.118*,2,259,1,181,1,78
64:B7:08:A9:2B:20,ALL,udp:49126,192.168.3.1*,2,259,1,78,1,181
64:B7:08:A9:2B:20,ALL,udp:49126,192.168.3.118*,2,259,1,181,1,78
64:B7:08:A9:2B:20,ALL,udp:35761,192.168.3.1*,2,259,1,78,1,181
64:B7:08:A9:2B:20,ALL,udp:35761,192.168.3.118*,2,259,1,181,1,78
64:B7:08:A9:2B:20,ALL,udp:57000,192.168.3.1*,2,259,1,78,1,181
64:B7:08:A9:2B:20,ALL,udp:57000,192.168.3.118*,2,259,1,181,1,78
64:B7:08:A9:2B:20,ALL,udp:53580,192.168.3.1*,2,259,1,78,1,181
64:B7:08:A9:2B:20,ALL,udp:53580,192.168.3.118*,2,259,1,181,1,78
64:B7:08:A9:2B:20,ALL,udp:49642,192.168.3.1*,2,259,1,78,1,181
64:B7:08:A9:2B:20,ALL,udp:49642,192.168.3.118*,2,259,1,181,1,78
64:B7:08:A9:2B:20,ALL,udp:19160,192.168.3.1*,2,259,1,78,1,181
64:B7:08:A9:2B:20,ALL,udp:19160,192.168.3.118*,2,259,1,181,1,78
64:B7:08:A9:2B:20,ALL,udp:33598,192.168.3.1*,2,259,1,78,1,181
64:B7:08:A9:2B:20,ALL,udp:33598,192.168.3.118*,2,259,1,181,1,78
64:B7:08:A9:2B:20,ALL,udp:6939,192.168.3.1*,2,164,1,74,1,90
64:B7:08:A9:2B:20,ALL,udp:6939,192.168.3.118*,2,164,1,90,1,74
64:B7:08:A9:2B:20,ALL,udp:11028,192.168.3.1*,2,259,1,78,1,181
64:B7:08:A9:2B:20,ALL,udp:11028,192.168.3.118*,2,259,1,181,1,78
64:B7:08:A9:2B:20,ALL,udp:20975,192.168.3.1*,2,259,1,78,1,181
64:B7:08:A9:2B:20,ALL,udp:20975,192.168.3.118*,2,259,1,181,1,78
64:B7:08:A9:2B:20,ALL,udp:17995,192.168.3.1*,2,259,1,78,1,181
64:B7:08:A9:2B:20,ALL,udp:17995,192.168.3.118*,2,259,1,181,1,78
64:B7:08:A9:2B:20,ALL,udp:46238,192.168.3.1*,2,259,1,78,1,181
64:B7:08:A9:2B:20,ALL,udp:46238,192.168.3.118*,2,259,1,181,1,78
64:B7:08:A9:2B:20,ALL,udp:54079,192.168.3.1*,2,259,1,78,1,181
64:B7:08:A9:2B:20,ALL,udp:54079,192.168.3.118*,2,259,1,181,1,78
64:B7:08:A9:2B:20,ALL,udp:2398,192.168.3.1*,2,259,1,78,1,181
64:B7:08:A9:2B:20,ALL,udp:2398,192.168.3.118*,2,259,1,181,1,78
64:B7:08:A9:2B:20,ALL,udp:38368,192.168.3.1*,2,259,1,78,1,181
64:B7:08:A9:2B:20,ALL,udp:38368,192.168.3.118*,2,259,1,181,1,78
64:B7:08:A9:2B:20,ALL,udp:36816,192.168.3.1*,2,259,1,78,1,181
64:B7:08:A9:2B:20,ALL,udp:36816,192.168.3.118*,2,259,1,181,1,78
64:B7:08:A9:2B:20,ALL,udp:56444,192.168.3.1*,2,259,1,78,1,181
64:B7:08:A9:2B:20,ALL,udp:56444,192.168.3.118*,2,259,1,181,1,78
64:B7:08:A9:2B:20,ALL,udp:7137,192.168.3.1*,2,259,1,78,1,181
64:B7:08:A9:2B:20,ALL,udp:7137,192.168.3.118*,2,259,1,181,1,78
64:B7:08:A9:2B:20,ALL,udp:27991,192.168.3.1*,2,164,1,74,1,90
64:B7:08:A9:2B:20,ALL,udp:27991,192.168.3.118*,2,164,1,90,1,74
64:B7:08:A9:2B:20,ALL,udp:10227,192.168.3.1*,2,259,1,78,1,181
64:B7:08:A9:2B:20,ALL,udp:10227,192.168.3.118*,2,259,1,181,1,78
64:B7:08:A9:2B:20,ALL,udp:40088,192.168.3.1*,2,259,1,78,1,181
64:B7:08:A9:2B:20,ALL,udp:40088,192.168.3.118*,2,259,1,181,1,78
64:B7:08:A9:2B:20,ALL,udp:13093,192.168.3.1*,2,259,1,78,1,181
64:B7:08:A9:2B:20,ALL,udp:13093,192.168.3.118*,2,259,1,181,1,78
64:B7:08:A9:2B:20,ALL,udp:21458,192.168.3.1*,2,259,1,78,1,181
64:B7:08:A9:2B:20,ALL,udp:21458,192.168.3.118*,2,259,1,181,1,78
64:B7:08:A9:2B:20,ALL,udp:44530,192.168.3.1*,2,259,1,78,1,181
64:B7:08:A9:2B:20,ALL,udp:44530,192.168.3.118*,2,259,1,181,1,78
64:B7:08:A9:2B:20,ALL,udp:42646,192.168.3.1*,2,259,1,78,1,181
64:B7:08:A9:2B:20,ALL,udp:42646,192.168.3.118*,2,259,1,181,1,78
64:B7:08:A9:2B:20,ALL,udp:16700,192.168.3.1*,2,259,1,78,1,181
64:B7:08:A9:2B:20,ALL,udp:16700,192.168.3.118*,2,259,1,181,1,78
64:B7:08:A9:2B:20,ALL,udp:55101,192.168.3.1*,2,259,1,78,1,181
64:B7:08:A9:2B:20,ALL,udp:55101,192.168.3.118*,2,259,1,181,1,78
64:B7:08:A9:2B:20,ALL,udp:8196,192.168.3.1*,2,259,1,78,1,181
64:B7:08:A9:2B:20,ALL,udp:8196,192.168.3.118*,2,259,1,181,1,78
64:B7:08:A9:2B:20,ALL,udp:18945,192.168.3.1*,2,259,1,78,1,181
64:B7:08:A9:2B:20,ALL,udp:18945,192.168.3.118*,2,259,1,181,1,78
64:B7:08:A9:2B:20,ALL,udp:8336,192.168.3.1*,2,259,1,78,1,181
64:B7:08:A9:2B:20,ALL,udp:8336,192.168.3.118*,2,259,1,181,1,78
64:B7:08:A9:2B:20,ALL,udp:56279,192.168.3.1*,2,164,1,74,1,90
64:B7:08:A9:2B:20,ALL,udp:56279,192.168.3.118*,2,164,1,90,1,74
64:B7:08:A9:2B:20,ALL,udp:55794,192.168.3.1*,2,259,1,78,1,181
64:B7:08:A9:2B:20,ALL,udp:55794,192.168.3.118*,2,259,1,181,1,78
64:B7:08:A9:2B:20,ALL,udp:6954,192.168.3.1*,2,259,1,78,1,181
64:B7:08:A9:2B:20,ALL,udp:6954,192.168.3.118*,2,259,1,181,1,78
64:B7:08:A9:2B:20,ALL,udp:48950,192.168.3.1*,2,259,1,78,1,181
64:B7:08:A9:2B:20,ALL,udp:48950,192.168.3.118*,2,259,1,181,1,78
64:B7:08:A9:2B:20,ALL,udp:1895,192.168.3.1*,2,259,1,78,1,181
64:B7:08:A9:2B:20,ALL,udp:1895,192.168.3.118*,2,259,1,181,1,78
64:B7:08:A9:2B:20,ALL,udp:10399,192.168.3.1*,2,259,1,78,1,181
64:B7:08:A9:2B:20,ALL,udp:10399,192.168.3.118*,2,259,1,181,1,78
64:B7:08:A9:2B:20,ALL,udp:47448,192.168.3.1*,2,259,1,78,1,181
64:B7:08:A9:2B:20,ALL,udp:47448,192.168.3.118*,2,259,1,181,1,78
64:B7:08:A9:2B:20,ALL,udp:13625,192.168.3.1*,2,259,1,78,1,181
64:B7:08:A9:2B:20,ALL,udp:13625,192.168.3.118*,2,259,1,181,1,78
64:B7:08:A9:2B:20,ALL,udp:6138,192.168.3.1*,2,259,1,78,1,181
64:B7:08:A9:2B:20,ALL,udp:6138,192.168.3.118*,2,259,1,181,1,78
64:B7:08:A9:2B:20,ALL,udp:13347,192.168.3.1*,2,259,1,78,1,181
64:B7:08:A9:2B:20,ALL,udp:13347,192.168.3.118*,2,259,1,181,1,78
64:B7:08:A9:2B:20,ALL,udp:49656,192.168.3.1*,2,259,1,78,1,181
64:B7:08:A9:2B:20,ALL,udp:49656,192.168.3.118*,2,259,1,181,1,78
64:B7:08:A9:2B:20,ALL,udp:11378,192.168.3.1*,2,259,1,78,1,181
64:B7:08:A9:2B:20,ALL,udp:11378,192.168.3.118*,2,259,1,181,1,78
64:B7:08:A9:2B:20,ALL,udp:1123,192.168.3.1*,2,259,1,78,1,181
64:B7:08:A9:2B:20,ALL,udp:1123,192.168.3.118*,2,259,1,181,1,78
64:B7:08:A9:2B:20,ALL,udp:41928,192.168.3.1*,2,164,1,74,1,90
64:B7:08:A9:2B:20,ALL,udp:41928,192.168.3.118*,2,164,1,90,1,74
64:B7:08:A9:2B:20,ALL,udp:25262,192.168.3.1*,2,259,1,78,1,181
64:B7:08:A9:2B:20,ALL,udp:25262,192.168.3.118*,2,259,1,181,1,78
64:B7:08:A9:2B:20,ALL,udp:19610,192.168.3.1*,2,259,1,78,1,181
64:B7:08:A9:2B:20,ALL,udp:19610,192.168.3.118*,2,259,1,181,1,78
64:B7:08:A9:2B:20,ALL,udp:12591,192.168.3.1*,2,259,1,78,1,181
64:B7:08:A9:2B:20,ALL,udp:12591,192.168.3.118*,2,259,1,181,1,78
64:B7:08:A9:2B:20,ALL,udp:34128,192.168.3.1*,2,259,1,78,1,181
64:B7:08:A9:2B:20,ALL,udp:34128,192.168.3.118*,2,259,1,181,1,78
64:B7:08:A9:2B:20,ALL,udp:55348,192.168.3.1*,2,259,1,78,1,181
64:B7:08:A9:2B:20,ALL,udp:55348,192.168.3.118*,2,259,1,181,1,78
64:B7:08:A9:2B:20,ALL,udp:22869,192.168.3.1*,2,259,1,78,1,181
64:B7:08:A9:2B:20,ALL,udp:22869,192.168.3.118*,2,259,1,181,1,78
64:B7:08:A9:2B:20,ALL,udp:21411,192.168.3.1*,2,259,1,78,1,181
64:B7:08:A9:2B:20,ALL,udp:21411,192.168.3.118*,2,259,1,181,1,78
64:B7:08:A9:2B:20,ALL,udp:25936,192.168.3.1*,2,259,1,78,1,181
64:B7:08:A9:2B:20,ALL,udp:25936,192.168.3.118*,2,259,1,181,1,78
64:B7:08:A9:2B:20,ALL,udp:29509,192.168.3.1*,2,259,1,78,1,181
64:B7:08:A9:2B:20,ALL,udp:29509,192.168.3.118*,2,259,1,181,1,78
64:B7:08:A9:2B:20,ALL,udp:34782,192.168.3.1*,2,259,1,78,1,181
64:B7:08:A9:2B:20,ALL,udp:34782,192.168.3.118*,2,259,1,181,1,78
64:B7:08:A9:2B:20,ALL,udp:59617,192.168.3.1,2,259,1,78,1,181
64:B7:08:A9:2B:20,ALL,udp:59617,54.90.191.9,2,180,1,90,1,90
64:B7:08:A9:2B:20,ALL,udp:29258,192.168.3.1*,2,164,1,74,1,90
64:B7:08:A9:2B:20,ALL,udp:29258,192.168.3.118*,2,164,1,90,1,74
64:B7:08:A9:2B:20,ALL,udp:13199,192.168.3.1*,2,259,1,78,1,181
64:B7:08:A9:2B:20,ALL,udp:13199,192.168.3.118*,2,259,1,181,1,78
64:B7:08:A9:2B:20,ALL,udp:11966,192.168.3.1*,2,259,1,78,1,181
64:B7:08:A9:2B:20,ALL,udp:11966,192.168.3.118*,2,259,1,181,1,78
64:B7:08:A9:2B:20,ALL,udp:61901,192.168.3.1*,2,259,1,78,1,181
64:B7:08:A9:2B:20,ALL,udp:61901,192.168.3.118*,2,259,1,181,1,78
64:B7:08:A9:2B:20,ALL,udp:3533,192.168.3.1*,2,259,1,78,1,181
64:B7:08:A9:2B:20,ALL,udp:3533,192.168.3.118*,2,259,1,181,1,78
64:B7:08:A9:2B:20,ALL,udp:29083,192.168.3.1*,2,259,1,78,1,181
64:B7:08:A9:2B:20,ALL,udp:29083,192.168.3.118*,2,259,1,181,1,78
64:B7:08:A9:2B:20,ALL,udp:11740,192.168.3.1*,2,259,1,78,1,181
64:B7:08:A9:2B:20,ALL,udp:11740,192.168.3.118*,2,259,1,181,1,78
64:B7:08:A9:2B:20,ALL,udp:47120,192.168.3.1*,2,259,1,78,1,181
64:B7:08:A9:2B:20,ALL,udp:47120,192.168.3.118*,2,259,1,181,1,78
64:B7:08:A9:2B:20,ALL,udp:25277,192.168.3.1*,2,259,1,78,1,181
64:B7:08:A9:2B:20,ALL,udp:25277,192.168.3.118*,2,259,1,181,1,78
64:B7:08:A9:2B:20,ALL,udp:37756,192.168.3.1*,2,259,1,78,1,181
64:B7:08:A9:2B:20,ALL,udp:37756,192.168.3.118*,2,259,1,181,1,78
64:B7:08:A9:2B:20,ALL,udp:11902,192.168.3.1*,2,259,1,78,1,181
64:B7:08:A9:2B:20,ALL,udp:11902,192.168.3.118*,2,259,1,181,1,78
64:B7:08:A9:2B:20,ALL,udp:16064,192.168.3.1*,2,259,1,78,1,181
64:B7:08:A9:2B:20,ALL,udp:16064,192.168.3.118*,2,259,1,181,1,78
64:B7:08:A9:2B:20,ALL,udp:26728,192.168.3.1*,2,164,1,74,1,90
64:B7:08:A9:2B:20,ALL,udp:26728,192.168.3.118*,2,164,1,90,1,74
64:B7:08:A9:2B:20,ALL,udp:34074,192.168.3.1*,2,259,1,78,1,181
64:B7:08:A9:2B:20,ALL,udp:34074,192.168.3.118*,2,259,1,181,1,78
64:B7:08:A9:2B:20,ALL,udp:64353,192.168.3.1*,2,259,1,78,1,181
64:B7:08:A9:2B:20,ALL,udp:64353,192.168.3.118*,2,259,1,181,1,78
64:B7:08:A9:2B:20,ALL,udp:10257,192.168.3.1*,2,259,1,78,1,181
64:B7:08:A9:2B:20,ALL,udp:10257,192.168.3.118*,2,259,1,181,1,78
64:B7:08:A9:2B:20,ALL,udp:9835,192.168.3.1*,2,259,1,78,1,181
64:B7:08:A9:2B:20,ALL,udp:9835,192.168.3.118*,2,259,1,181,1,78
64:B7:08:A9:2B:20,ALL,udp:50682,192.168.3.1*,2,259,1,78,1,181
64:B7:08:A9:2B:20,ALL,udp:50682,192.168.3.118*,2,259,1,181,1,78
64:B7:08:A9:2B:20,ALL,udp:40117,192.168.3.1*,2,259,1,78,1,181
64:B7:08:A9:2B:20,ALL,udp:40117,192.168.3.118*,2,259,1,181,1,78
64:B7:08:A9:2B:20,ALL,udp:12224,192.168.3.1*,2,259,1,78,1,181
64:B7:08:A9:2B:20,ALL,udp:12224,192.168.3.118*,2,259,1,181,1,78
64:B7:08:A9:2B:20,ALL,udp:23489,192.168.3.1*,2,259,1,78,1,181
64:B7:08:A9:2B:20,ALL,udp:23489,192.168.3.118*,2,259,1,181,1,78
64:B7:08:A9:2B:20,ALL,udp:9892,192.168.3.1*,2,259,1,78,1,181
64:B7:08:A9:2B:20,ALL,udp:9892,192.168.3.118*,2,259,1,181,1,78
64:B7:08:A9:2B:20,ALL,udp:10062,192.168.3.1*,2,259,1,78,1,181
64:B7:08:A9:2B:20,ALL,udp:10062,192.168.3.118*,2,259,1,181,1,78
64:B7:08:A9:2B:20,ALL,udp:51441,192.168.3.1*,2,259,1,78,1,181
64:B7:08:A9:2B:20,ALL,udp:51441,192.168.3.118*,2,259,1,181,1,78
64:B7:08:A9:2B:20,ALL,udp:34412,192.168.3.1*,2,164,1,74,1,90
64:B7:08:A9:2B:20,ALL,udp:34412,192.168.3.118*,2,164,1,90,1,74
64:B7:08:A9:2B:20,ALL,udp:27377,192.168.3.1*,2,259,1,78,1,181
64:B7:08:A9:2B:20,ALL,udp:27377,192.168.3.118*,2,259,1,181,1,78
64:B7:08:A9:2B:20,ALL,udp:20111,192.168.3.1*,2,259,1,78,1,181
64:B7:08:A9:2B:20,ALL,udp:20111,192.168.3.118*,2,259,1,181,1,78
64:B7:08:A9:2B:20,ALL,udp:53815,192.168.3.1*,2,259,1,78,1,181
64:B7:08:A9:2B:20,ALL,udp:53815,192.168.3.118*,2,259,1,181,1,78
64:B7:08:A9:2B:20,ALL,udp:61828,192.168.3.1*,2,259,1,78,1,181
64:B7:08:A9:2B:20,ALL,udp:61828,192.168.3.118*,2,259,1,181,1,78
64:B7:08:A9:2B:20,ALL,udp:49960,192.168.3.1*,2,259,1,78,1,181
64:B7:08:A9:2B:20,ALL,udp:49960,192.168.3.118*,2,259,1,181,1,78
64:B7:08:A9:2B:20,ALL,udp:3309,192.168.3.1*,2,259,1,78,1,181
64:B7:08:A9:2B:20,ALL,udp:3309,192.168.3.118*,2,259,1,181,1,78
64:B7:08:A9:2B:20,ALL,udp:8580,192.168.3.1*,2,259,1,78,1,181
64:B7:08:A9:2B:20,ALL,udp:8580,192.168.3.118*,2,259,1,181,1,78
64:B7:08:A9:2B:20,ALL,udp:30372,192.168.3.1*,2,259,1,78,1,181
64:B7:08:A9:2B:20,ALL,udp:30372,192.168.3.118*,2,259,1,181,1,78
64:B7:08:A9:2B:20,ALL,udp:52940,192.168.3.1*,2,259,1,78,1,181
64:B7:08:A9:2B:20,ALL,udp:52940,192.168.3.118*,2,259,1,181,1,78
64:B7:08:A9:2B:20,ALL,udp:5819,192.168.3.1*,2,259,1,78,1,181
64:B7:08:A9:2B:20,ALL,udp:5819,192.168.3.118*,2,259,1,181,1,78
64:B7:08:A9:2B:20,ALL,udp:41219,192.168.3.1*,2,259,1,78,1,181
64:B7:08:A9:2B:20,ALL,udp:41219,192.168.3.118*,2,259,1,181,1,78
64:B7:08:A9:2B:20,ALL,udp:51951,192.168.3.1*,2,164,1,74,1,90
64:B7:08:A9:2B:20,ALL,udp:51951,192.168.3.118*,2,164,1,90,1,74
64:B7:08:A9:2B:20,ALL,udp:2372,192.168.3.1*,2,259,1,78,1,181
64:B7:08:A9:2B:20,ALL,udp:2372,192.168.3.118*,2,259,1,181,1,78
64:B7:08:A9:2B:20,ALL,udp:3648,192.168.3.1*,2,259,1,78,1,181
64:B7:08:A9:2B:20,ALL,udp:3648,192.168.3.118*,2,259,1,181,1,78
64:B7:08:A9:2B:20,ALL,udp:9344,192.168.3.1*,2,259,1,78,1,181
64:B7:08:A9:2B:20,ALL,udp:9344,192.168.3.118*,2,259,1,181,1,78
64:B7:08:A9:2B:20,ALL,udp:10448,192.168.3.1*,2,259,1,78,1,181
64:B7:08:A9:2B:20,ALL,udp:10448,192.168.3.118*,2,259,1,181,1,78
64:B7:08:A9:2B:20,ALL,udp:42270,192.168.3.1*,2,259,1,78,1,181
64:B7:08:A9:2B:20,ALL,udp:42270,192.168.3.118*,2,259,1,181,1,78
64:B7:08:A9:2B:20,ALL,udp:7414,192.168.3.1*,2,259,1,78,1,181
64:B7:08:A9:2B:20,ALL,udp:7414,192.168.3.118*,2,259,1,181,1,78
64:B7:08:A9:2B:20,ALL,udp:42434,192.168.3.1*,2,259,1,78,1,181
64:B7:08:A9:2B:20,ALL,udp:42434,192.168.3.118*,2,259,1,181,1,78
64:B7:08:A9:2B:20,ALL,udp:3437,192.168.3.1*,2,259,1,78,1,181
64:B7:08:A9:2B:20,ALL,udp:3437,192.168.3.118*,2,259,1,181,1,78
64:B7:08:A9:2B:20,ALL,udp:2292,192.168.3.1*,2,259,1,78,1,181
64:B7:08:A9:2B:20,ALL,udp:2292,192.168.3.118*,2,259,1,181,1,78
64:B7:08:A9:2B:20,ALL,udp:19885,192.168.3.1*,2,259,1,78,1,181
64:B7:08:A9:2B:20,ALL,udp:19885,192.168.3.118*,2,259,1,181,1,78
64:B7:08:A9:2B:20,ALL,udp:4514,192.168.3.1*,2,259,1,78,1,181
64:B7:08:A9:2B:20,ALL,udp:4514,192.168.3.118*,2,259,1,181,1,78
64:B7:08:A9:2B:20,ALL,udp:47870,192.168.3.1*,2,208,1,72,1,136
64:B7:08:A9:2B:20,ALL,udp:47870,192.168.3.118*,2,208,1,136,1,72
64:B7:08:A9:2B:20,ALL,udp:28097,192.168.3.1*,2,164,1,74,1,90
64:B7:08:A9:2B:20,ALL,udp:28097,192.168.3.118*,2,164,1,90,1,74
64:B7:08:A9:2B:20,ALL,udp:36149,192.168.3.1*,2,259,1,78,1,181
64:B7:08:A9:2B:20,ALL,udp:36149,192.168.3.118*,2,259,1,181,1,78
64:B7:08:A9:2B:20,ALL,udp:20624,192.168.3.1*,2,259,1,78,1,181
64:B7:08:A9:2B:20,ALL,udp:20624,192.168.3.118*,2,259,1,181,1,78
64:B7:08:A9:2B:20,ALL,udp:61937,192.168.3.1*,2,259,1,78,1,181
64:B7:08:A9:2B:20,ALL,udp:61937,192.168.3.118*,2,259,1,181,1,78
64:B7:08:A9:2B:20,ALL,udp:5579,192.168.3.1*,2,259,1,78,1,181
64:B7:08:A9:2B:20,ALL,udp:5579,192.168.3.118*,2,259,1,181,1,78
64:B7:08:A9:2B:20,ALL,udp:33415,192.168.3.1*,2,259,1,78,1,181
64:B7:08:A9:2B:20,ALL,udp:33415,192.168.3.118*,2,259,1,181,1,78
64:B7:08:A9:2B:20,ALL,udp:5104,192.168.3.1*,2,208,1,72,1,136
64:B7:08:A9:2B:20,ALL,udp:5104,192.168.3.118*,2,208,1,136,1,72
64:B7:08:A9:2B:20,ALL,udp:31837,192.168.3.1*,2,259,1,78,1,181
64:B7:08:A9:2B:20,ALL,udp:31837,192.168.3.118*,2,259,1,181,1,78
64:B7:08:A9:2B:20,ALL,udp:63370,192.168.3.1*,2,259,1,78,1,181
64:B7:08:A9:2B:20,ALL,udp:63370,192.168.3.118*,2,259,1,181,1,78
64:B7:08:A9:2B:20,ALL,udp:16589,192.168.3.1*,2,259,1,78,1,181
64:B7:08:A9:2B:20,ALL,udp:16589,192.168.3.118*,2,259,1,181,1,78
64:B7:08:A9:2B:20,ALL,udp:45062,192.168.3.1*,2,259,1,78,1,181
64:B7:08:A9:2B:20,ALL,udp:45062,192.168.3.118*,2,259,1,181,1,78
64:B7:08:A9:2B:20,ALL,udp:14363,192.168.3.1*,2,259,1,78,1,181
64:B7:08:A9:2B:20,ALL,udp:14363,192.168.3.118*,2,259,1,181,1,78
64:B7:08:A9:2B:20,ALL,udp:52490,192.168.3.1*,2,259,1,78,1,181
64:B7:08:A9:2B:20,ALL,udp:52490,192.168.3.118*,2,259,1,181,1,78
64:B7:08:A9:2B:20,ALL,udp:50756,192.168.3.1*,2,259,1,78,1,181
64:B7:08:A9:2B:20,ALL,udp:50756,192.168.3.118*,2,259,1,181,1,78
64:B7:08:A9:2B:20,ALL,udp:49375,192.168.3.1*,2,164,1,74,1,90
64:B7:08:A9:2B:20,ALL,udp:49375,192.168.3.118*,2,164,1,90,1,74
64:B7:08:A9:2B:20,ALL,udp:35826,192.168.3.1*,2,259,1,78,1,181
64:B7:08:A9:2B:20,ALL,udp:35826,192.168.3.118*,2,259,1,181,1,78
64:B7:08:A9:2B:20,ALL,udp:51716,192.168.3.1*,2,259,1,78,1,181
64:B7:08:A9:2B:20,ALL,udp:51716,192.168.3.118*,2,259,1,181,1,78
64:B7:08:A9:2B:20,ALL,udp:49083,192.168.3.1*,2,259,1,78,1,181
64:B7:08:A9:2B:20,ALL,udp:49083,192.168.3.118*,2,259,1,181,1,78
64:B7:08:A9:2B:20,ALL,udp:59232,192.168.3.1,2,259,1,78,1,181
64:B7:08:A9:2B:20,ALL,udp:59232,3.87.127.143,2,180,1,90,1,90
64:B7:08:A9:2B:20,ALL,udp:39027,192.168.3.1*,2,259,1,78,1,181
64:B7:08:A9:2B:20,ALL,udp:39027,192.168.3.118*,2,259,1,181,1,78
64:B7:08:A9:2B:20,ALL,udp:19571,192.168.3.1*,2,259,1,78,1,181
64:B7:08:A9:2B:20,ALL,udp:19571,192.168.3.118*,2,259,1,181,1,78
64:B7:08:A9:2B:20,ALL,udp:30084,192.168.3.1*,2,259,1,78,1,181
64:B7:08:A9:2B:20,ALL,udp:30084,192.168.3.118*,2,259,1,181,1,78
64:B7:08:A9:2B:20,ALL,udp:10690,192.168.3.1*,2,259,1,78,1,181
64:B7:08:A9:2B:20,ALL,udp:10690,192.168.3.118*,2,259,1,181,1,78
64:B7:08:A9:2B:20,ALL,udp:31376,192.168.3.1*,2,259,1,78,1,181
64:B7:08:A9:2B:20,ALL,udp:31376,192.168.3.118*,2,259,1,181,1,78
64:B7:08:A9:2B:20,ALL,udp:55617,192.168.3.1*,2,259,1,78,1,181
64:B7:08:A9:2B:20,ALL,udp:55617,192.168.3.118*,2,259,1,181,1,78
64:B7:08:A9:2B:20,ALL,udp:53002,192.168.3.1*,2,164,1,74,1,90
64:B7:08:A9:2B:20,ALL,udp:53002,192.168.3.118*,2,164,1,90,1,74
64:B7:08:A9:2B:20,ALL,udp:33443,192.168.3.1*,2,259,1,78,1,181
64:B7:08:A9:2B:20,ALL,udp:33443,192.168.3.118*,2,259,1,181,1,78
64:B7:08:A9:2B:20,ALL,udp:18838,192.168.3.1*,2,259,1,78,1,181
64:B7:08:A9:2B:20,ALL,udp:18838,192.168.3.118*,2,259,1,181,1,78
64:B7:08:A9:2B:20,ALL,udp:45882,192.168.3.1*,2,259,1,78,1,181
64:B7:08:A9:2B:20,ALL,udp:45882,192.168.3.118*,2,259,1,181,1,78
64:B7:08:A9:2B:20,ALL,udp:24095,192.168.3.1*,2,259,1,78,1,181
64:B7:08:A9:2B:20,ALL,udp:24095,192.168.3.118*,2,259,1,181,1,78
64:B7:08:A9:2B:20,ALL,udp:27892,192.168.3.1*,2,259,1,78,1,181
64:B7:08:A9:2B:20,ALL,udp:27892,192.168.3.118*,2,259,1,181,1,78
64:B7:08:A9:2B:20,ALL,udp:7515,192.168.3.1*,2,259,1,78,1,181
64:B7:08:A9:2B:20,ALL,udp:7515,192.168.3.118*,2,259,1,181,1,78
64:B7:08:A9:2B:20,ALL,udp:65375,192.168.3.1*,2,259,1,78,1,181
64:B7:08:A9:2B:20,ALL,udp:65375,192.168.3.118*,2,259,1,181,1,78
64:B7:08:A9:2B:20,ALL,udp:64046,192.168.3.1*,2,259,1,78,1,181
64:B7:08:A9:2B:20,ALL,udp:64046,192.168.3.118*,2,259,1,181,1,78
64:B7:08:A9:2B:20,ALL,udp:24203,192.168.3.1*,2,259,1,78,1,181
64:B7:08:A9:2B:20,ALL,udp:24203,192.168.3.118*,2,259,1,181,1,78
64:B7:08:A9:2B:20,ALL,udp:6177,192.168.3.1*,2,259,1,78,1,181
64:B7:08:A9:2B:20,ALL,udp:6177,192.168.3.118*,2,259,1,181,1,78
64:B7:08:A9:2B:20,ALL,udp:39309,192.168.3.1*,2,259,1,78,1,181
64:B7:08:A9:2B:20,ALL,udp:39309,192.168.3.118*,2,259,1,181,1,78
64:B7:08:A9:2B:20,ALL,udp:6697,192.168.3.1*,2,259,1,78,1,181
64:B7:08:A9:2B:20,ALL,udp:6697,192.168.3.118*,2,259,1,181,1,78
64:B7:08:A9:2B:20,ALL,udp:19927,192.168.3.1*,2,164,1,74,1,90
64:B7:08:A9:2B:20,ALL,udp:19927,192.168.3.118*,2,164,1,90,1,74
64:B7:08:A9:2B:20,ALL,udp:25955,192.168.3.1*,2,259,1,78,1,181
64:B7:08:A9:2B:20,ALL,udp:25955,192.168.3.118*,2,259,1,181,1,78
64:B7:08:A9:2B:20,ALL,udp:43267,192.168.3.1*,2,259,1,78,1,181
64:B7:08:A9:2B:20,ALL,udp:43267,192.168.3.118*,2,259,1,181,1,78
64:B7:08:A9:2B:20,ALL,udp:50137,192.168.3.1*,2,259,1,78,1,181
64:B7:08:A9:2B:20,ALL,udp:50137,192.168.3.118*,2,259,1,181,1,78
64:B7:08:A9:2B:20,ALL,udp:10198,192.168.3.1*,2,259,1,78,1,181
64:B7:08:A9:2B:20,ALL,udp:10198,192.168.3.118*,2,259,1,181,1,78
64:B7:08:A9:2B:20,ALL,udp:33842,192.168.3.1*,2,259,1,78,1,181
64:B7:08:A9:2B:20,ALL,udp:33842,192.168.3.118*,2,259,1,181,1,78
64:B7:08:A9:2B:20,ALL,udp:21618,192.168.3.1*,2,259,1,78,1,181
64:B7:08:A9:2B:20,ALL,udp:21618,192.168.3.118*,2,259,1,181,1,78
64:B7:08:A9:2B:20,ALL,udp:43826,192.168.3.1*,2,259,1,78,1,181
64:B7:08:A9:2B:20,ALL,udp:43826,192.168.3.118*,2,259,1,181,1,78
64:B7:08:A9:2B:20,ALL,udp:15752,192.168.3.1*,2,259,1,78,1,181
64:B7:08:A9:2B:20,ALL,udp:15752,192.168.3.118*,2,259,1,181,1,78
64:B7:08:A9:2B:20,ALL,udp:16446,192.168.3.1*,2,259,1,78,1,181
64:B7:08:A9:2B:20,ALL,udp:16446,192.168.3.118*,2,259,1,181,1,78
64:B7:08:A9:2B:20,ALL,udp:40772,192.168.3.1*,2,259,1,78,1,181
64:B7:08:A9:2B:20,ALL,udp:40772,192.168.3.118*,2,259,1,181,1,78
64:B7:08:A9:2B:20,ALL,udp:54751,192.168.3.1*,2,164,1,74,1,90
64:B7:08:A9:2B:20,ALL,udp:54751,192.168.3.118*,2,164,1,90,1,74
64:B7:08:A9:2B:20,ALL,udp:30596,192.168.3.1*,2,259,1,78,1,181
64:B7:08:A9:2B:20,ALL,udp:30596,192.168.3.118*,2,259,1,181,1,78
64:B7:08:A9:2B:20,ALL,udp:46589,192.168.3.1*,2,259,1,78,1,181
64:B7:08:A9:2B:20,ALL,udp:46589,192.168.3.118*,2,259,1,181,1,78
64:B7:08:A9:2B:20,ALL,udp:10538,192.168.3.1*,2,259,1,78,1,181
64:B7:08:A9:2B:20,ALL,udp:10538,192.168.3.118*,2,259,1,181,1,78
64:B7:08:A9:2B:20,ALL,udp:57957,192.168.3.1*,2,259,1,78,1,181
64:B7:08:A9:2B:20,ALL,udp:57957,192.168.3.118*,2,259,1,181,1,78
64:B7:08:A9:2B:20,ALL,udp:36550,192.168.3.1*,2,259,1,78,1,181
64:B7:08:A9:2B:20,ALL,udp:36550,192.168.3.118*,2,259,1,181,1,78
64:B7:08:A9:2B:20,ALL,udp:25032,192.168.3.1*,2,259,1,78,1,181
64:B7:08:A9:2B:20,ALL,udp:25032,192.168.3.118*,2,259,1,181,1,78
64:B7:08:A9:2B:20,ALL,udp:47371,192.168.3.1*,2,259,1,78,1,181
64:B7:08:A9:2B:20,ALL,udp:47371,192.168.3.118*,2,259,1,181,1,78
64:B7:08:A9:2B:20,ALL,udp:36861,192.168.3.1*,2,259,1,78,1,181
64:B7:08:A9:2B:20,ALL,udp:36861,192.168.3.118*,2,259,1,181,1,78
64:B7:08:A9:2B:20,ALL,udp:28050,192.168.3.1*,2,259,1,78,1,181
64:B7:08:A9:2B:20,ALL,udp:28050,192.168.3.118*,2,259,1,181,1,78
64:B7:08:A9:2B:20,ALL,udp:60013,192.168.3.1*,2,164,1,74,1,90
64:B7:08:A9:2B:20,ALL,udp:60013,192.168.3.118*,2,164,1,90,1,74
64:B7:08:A9:2B:20,ALL,udp:54888,192.168.3.1*,2,259,1,78,1,181
64:B7:08:A9:2B:20,ALL,udp:54888,192.168.3.118*,2,259,1,181,1,78
64:B7:08:A9:2B:20,ALL,udp:4380,192.168.3.1*,2,259,1,78,1,181
64:B7:08:A9:2B:20,ALL,udp:4380,192.168.3.118*,2,259,1,181,1,78
64:B7:08:A9:2B:20,ALL,udp:60163,192.168.3.1*,2,259,1,78,1,181
64:B7:08:A9:2B:20,ALL,udp:60163,192.168.3.118*,2,259,1,181,1,78
64:B7:08:A9:2B:20,ALL,udp:63448,192.168.3.1*,2,259,1,78,1,181
64:B7:08:A9:2B:20,ALL,udp:63448,192.168.3.118*,2,259,1,181,1,78
64:B7:08:A9:2B:20,ALL,udp:23504,192.168.3.1*,2,259,1,78,1,181
64:B7:08:A9:2B:20,ALL,udp:23504,192.168.3.118*,2,259,1,181,1,78
64:B7:08:A9:2B:20,ALL,udp:53469,192.168.3.1*,2,259,1,78,1,181
64:B7:08:A9:2B:20,ALL,udp:53469,192.168.3.118*,2,259,1,181,1,78
64:B7:08:A9:2B:20,ALL,udp:30114,192.168.3.1*,2,259,1,78,1,181
64:B7:08:A9:2B:20,ALL,udp:30114,192.168.3.118*,2,259,1,181,1,78
64:B7:08:A9:2B:20,ALL,udp:20726,192.168.3.1*,2,259,1,78,1,181
64:B7:08:A9:2B:20,ALL,udp:20726,192.168.3.118*,2,259,1,181,1,78
64:B7:08:A9:2B:20,ALL,udp:26724,192.168.3.1*,2,259,1,78,1,181
64:B7:08:A9:2B:20,ALL,udp:26724,192.168.3.118*,2,259,1,181,1,78
64:B7:08:A9:2B:20,ALL,udp:47348,192.168.3.1*,2,259,1,78,1,181
64:B7:08:A9:2B:20,ALL,udp:47348,192.168.3.118*,2,259,1,181,1,78
64:B7:08:A9:2B:20,ALL,udp:32030,192.168.3.1*,2,259,1,78,1,181
64:B7:08:A9:2B:20,ALL,udp:32030,192.168.3.118*,2,259,1,181,1,78
64:B7:08:A9:2B:20,ALL,udp:23658,192.168.3.1*,2,259,1,78,1,181
64:B7:08:A9:2B:20,ALL,udp:23658,192.168.3.118*,2,259,1,181,1,78
64:B7:08:A9:2B:20,ALL,udp:42162,192.168.3.1*,2,164,1,74,1,90
64:B7:08:A9:2B:20,ALL,udp:42162,192.168.3.118*,2,164,1,90,1,74
64:B7:08:A9:2B:20,ALL,udp:23611,192.168.3.1*,2,259,1,78,1,181
64:B7:08:A9:2B:20,ALL,udp:23611,192.168.3.118*,2,259,1,181,1,78
64:B7:08:A9:2B:20,ALL,udp:16848,192.168.3.1*,2,259,1,78,1,181
64:B7:08:A9:2B:20,ALL,udp:16848,192.168.3.118*,2,259,1,181,1,78
64:B7:08:A9:2B:20,ALL,udp:65087,192.168.3.1*,2,259,1,78,1,181
64:B7:08:A9:2B:20,ALL,udp:65087,192.168.3.118*,2,259,1,181,1,78
64:B7:08:A9:2B:20,ALL,udp:59008,192.168.3.1,2,259,1,78,1,181
64:B7:08:A9:2B:20,ALL,udp:59008,54.161.254.100,2,180,1,90,1,90
64:B7:08:A9:2B:20,ALL,udp:12773,192.168.3.1*,2,259,1,78,1,181
64:B7:08:A9:2B:20,ALL,udp:12773,192.168.3.118*,2,259,1,181,1,78
64:B7:08:A9:2B:20,ALL,udp:47740,192.168.3.1*,2,210,1,86,1,124
64:B7:08:A9:2B:20,ALL,udp:47740,192.168.3.118*,2,210,1,124,1,86
64:B7:08:A9:2B:20,ALL,udp:15640,192.168.3.1*,2,259,1,78,1,181
64:B7:08:A9:2B:20,ALL,udp:15640,192.168.3.118*,2,259,1,181,1,78
64:B7:08:A9:2B:20,ALL,udp:7571,192.168.3.1*,2,259,1,78,1,181
64:B7:08:A9:2B:20,ALL,udp:7571,192.168.3.118*,2,259,1,181,1,78
64:B7:08:A9:2B:20,ALL,udp:57356,192.168.3.1*,2,259,1,78,1,181
64:B7:08:A9:2B:20,ALL,udp:57356,192.168.3.118*,2,259,1,181,1,78
64:B7:08:A9:2B:20,ALL,udp:59753,192.168.3.1,2,259,1,78,1,181
64:B7:08:A9:2B:20,ALL,udp:59753,44.201.148.133,2,180,1,90,1,90
64:B7:08:A9:2B:20,ALL,udp:28927,192.168.3.1*,2,259,1,78,1,181
64:B7:08:A9:2B:20,ALL,udp:28927,192.168.3.118*,2,259,1,181,1,78
64:B7:08:A9:2B:20,ALL,udp:15954,192.168.3.1*,2,259,1,78,1,181
64:B7:08:A9:2B:20,ALL,udp:15954,192.168.3.118*,2,259,1,181,1,78
64:B7:08:A9:2B:20,ALL,udp:46266,192.168.3.1*,2,259,1,78,1,181
64:B7:08:A9:2B:20,ALL,udp:46266,192.168.3.118*,2,259,1,181,1,78
64:B7:08:A9:2B:20,ALL,udp:55754,192.168.3.1*,2,164,1,74,1,90
64:B7:08:A9:2B:20,ALL,udp:55754,192.168.3.118*,2,164,1,90,1,74
64:B7:08:A9:2B:20,ALL,udp:20980,192.168.3.1*,2,259,1,78,1,181
64:B7:08:A9:2B:20,ALL,udp:20980,192.168.3.118*,2,259,1,181,1,78
64:B7:08:A9:2B:20,ALL,udp:47089,192.168.3.1*,2,259,1,78,1,181
64:B7:08:A9:2B:20,ALL,udp:47089,192.168.3.118*,2,259,1,181,1,78
64:B7:08:A9:2B:20,ALL,udp:8022,192.168.3.1*,2,259,1,78,1,181
64:B7:08:A9:2B:20,ALL,udp:8022,192.168.3.118*,2,259,1,181,1,78
64:B7:08:A9:2B:20,ALL,udp:57584,192.168.3.1*,2,259,1,78,1,181
64:B7:08:A9:2B:20,ALL,udp:57584,192.168.3.118*,2,259,1,181,1,78
64:B7:08:A9:2B:20,ALL,udp:42604,192.168.3.1*,2,259,1,78,1,181
64:B7:08:A9:2B:20,ALL,udp:42604,192.168.3.118*,2,259,1,181,1,78
64:B7:08:A9:2B:20,ALL,udp:12944,192.168.3.1*,2,259,1,78,1,181
64:B7:08:A9:2B:20,ALL,udp:12944,192.168.3.118*,2,259,1,181,1,78
64:B7:08:A9:2B:20,ALL,udp:45348,192.168.3.1*,2,259,1,78,1,181
64:B7:08:A9:2B:20,ALL,udp:45348,192.168.3.118*,2,259,1,181,1,78
64:B7:08:A9:2B:20,ALL,udp:23902,192.168.3.1*,2,259,1,78,1,181
64:B7:08:A9:2B:20,ALL,udp:23902,192.168.3.118*,2,259,1,181,1,78
64:B7:08:A9:2B:20,ALL,udp:12953,192.168.3.1*,2,259,1,78,1,181
64:B7:08:A9:2B:20,ALL,udp:12953,192.168.3.118*,2,259,1,181,1,78
64:B7:08:A9:2B:20,ALL,udp:20481,192.168.3.1*,2,259,1,78,1,181
64:B7:08:A9:2B:20,ALL,udp:20481,192.168.3.118*,2,259,1,181,1,78
64:B7:08:A9:2B:20,ALL,udp:41131,192.168.3.1*,2,259,1,78,1,181
64:B7:08:A9:2B:20,ALL,udp:41131,192.168.3.118*,2,259,1,181,1,78
64:B7:08:A9:2B:20,ALL,udp:15767,192.168.3.1*,2,164,1,74,1,90
64:B7:08:A9:2B:20,ALL,udp:15767,192.168.3.118*,2,164,1,90,1,74
64:B7:08:A9:2B:20,ALL,udp:6871,192.168.3.1*,2,259,1,78,1,181
64:B7:08:A9:2B:20,ALL,udp:6871,192.168.3.118*,2,259,1,181,1,78
64:B7:08:A9:2B:20,ALL,udp:31350,192.168.3.1*,2,259,1,78,1,181
64:B7:08:A9:2B:20,ALL,udp:31350,192.168.3.118*,2,259,1,181,1,78
64:B7:08:A9:2B:20,ALL,udp:57408,192.168.3.1*,2,259,1,78,1,181
64:B7:08:A9:2B:20,ALL,udp:57408,192.168.3.118*,2,259,1,181,1,78
64:B7:08:A9:2B:20,ALL,udp:6251,192.168.3.1*,2,259,1,78,1,181
64:B7:08:A9:2B:20,ALL,udp:6251,192.168.3.118*,2,259,1,181,1,78
64:B7:08:A9:2B:20,ALL,udp:49062,192.168.3.1*,2,259,1,78,1,181
64:B7:08:A9:2B:20,ALL,udp:49062,192.168.3.118*,2,259,1,181,1,78
64:B7:08:A9:2B:20,ALL,udp:19736,192.168.3.1*,2,259,1,78,1,181
64:B7:08:A9:2B:20,ALL,udp:19736,192.168.3.118*,2,259,1,181,1,78
64:B7:08:A9:2B:20,ALL,udp:53484,192.168.3.1*,2,259,1,78,1,181
64:B7:08:A9:2B:20,ALL,udp:53484,192.168.3.118*,2,259,1,181,1,78
64:B7:08:A9:2B:20,ALL,udp:49795,192.168.3.1*,2,259,1,78,1,181
64:B7:08:A9:2B:20,ALL,udp:49795,192.168.3.118*,2,259,1,181,1,78
64:B7:08:A9:2B:20,ALL,udp:38172,192.168.3.1*,2,259,1,78,1,181
64:B7:08:A9:2B:20,ALL,udp:38172,192.168.3.118*,2,259,1,181,1,78
64:B7:08:A9:2B:20,ALL,udp:23793,192.168.3.1*,2,259,1,78,1,181
64:B7:08:A9:2B:20,ALL,udp:23793,192.168.3.118*,2,259,1,181,1,78
64:B7:08:A9:2B:20,ALL,udp:24224,192.168.3.1*,2,259,1,78,1,181
64:B7:08:A9:2B:20,ALL,udp:24224,192.168.3.118*,2,259,1,181,1,78
64:B7:08:A9:2B:20,ALL,udp:8566,192.168.3.1*,2,259,1,78,1,181
64:B7:08:A9:2B:20,ALL,udp:8566,192.168.3.118*,2,259,1,181,1,78
64:B7:08:A9:2B:20,ALL,udp:4968,192.168.3.1*,2,164,1,74,1,90
64:B7:08:A9:2B:20,ALL,udp:4968,192.168.3.118*,2,164,1,90,1,74
64:B7:08:A9:2B:20,ALL,udp:6434,192.168.3.1*,2,259,1,78,1,181
64:B7:08:A9:2B:20,ALL,udp:6434,192.168.3.118*,2,259,1,181,1,78
64:B7:08:A9:2B:20,ALL,udp:62349,192.168.3.1*,2,259,1,78,1,181
64:B7:08:A9:2B:20,ALL,udp:62349,192.168.3.118*,2,259,1,181,1,78
64:B7:08:A9:2B:20,ALL,udp:28831,192.168.3.1*,2,259,1,78,1,181
64:B7:08:A9:2B:20,ALL,udp:28831,192.168.3.118*,2,259,1,181,1,78
64:B7:08:A9:2B:20,ALL,udp:63224,192.168.3.1*,2,259,1,78,1,181
64:B7:08:A9:2B:20,ALL,udp:63224,192.168.3.118*,2,259,1,181,1,78
64:B7:08:A9:2B:20,ALL,udp:26196,192.168.3.1*,2,259,1,78,1,181
64:B7:08:A9:2B:20,ALL,udp:26196,192.168.3.118*,2,259,1,181,1,78
64:B7:08:A9:2B:20,ALL,udp:28040,192.168.3.1*,2,259,1,78,1,181
64:B7:08:A9:2B:20,ALL,udp:28040,192.168.3.118*,2,259,1,181,1,78
64:B7:08:A9:2B:20,ALL,udp:64022,192.168.3.1*,2,259,1,78,1,181
64:B7:08:A9:2B:20,ALL,udp:64022,192.168.3.118*,2,259,1,181,1,78
64:B7:08:A9:2B:20,ALL,udp:4494,192.168.3.1*,2,259,1,78,1,181
64:B7:08:A9:2B:20,ALL,udp:4494,192.168.3.118*,2,259,1,181,1,78
64:B7:08:A9:2B:20,ALL,udp:18343,192.168.3.1*,2,259,1,78,1,181
64:B7:08:A9:2B:20,ALL,udp:18343,192.168.3.118*,2,259,1,181,1,78
64:B7:08:A9:2B:20,ALL,udp:51420,192.168.3.1*,2,259,1,78,1,181
64:B7:08:A9:2B:20,ALL,udp:51420,192.168.3.118*,2,259,1,181,1,78
64:B7:08:A9:2B:20,ALL,udp:64960,192.168.3.1*,2,259,1,78,1,181
64:B7:08:A9:2B:20,ALL,udp:64960,192.168.3.118*,2,259,1,181,1,78
64:B7:08:A9:2B:20,ALL,udp:17126,192.168.3.1*,2,164,1,74,1,90
64:B7:08:A9:2B:20,ALL,udp:17126,192.168.3.118*,2,164,1,90,1,74
64:B7:08:A9:2B:20,ALL,udp:4473,192.168.3.1*,2,259,1,78,1,181
64:B7:08:A9:2B:20,ALL,udp:4473,192.168.3.118*,2,259,1,181,1,78
64:B7:08:A9:2B:20,ALL,udp:60344,192.168.3.1*,2,259,1,78,1,181
64:B7:08:A9:2B:20,ALL,udp:60344,192.168.3.118*,2,259,1,181,1,78
64:B7:08:A9:2B:20,ALL,udp:18105,192.168.3.1*,2,259,1,78,1,181
64:B7:08:A9:2B:20,ALL,udp:18105,192.168.3.118*,2,259,1,181,1,78
64:B7:08:A9:2B:20,ALL,udp:24894,192.168.3.1*,2,259,1,78,1,181
64:B7:08:A9:2B:20,ALL,udp:24894,192.168.3.118*,2,259,1,181,1,78
64:B7:08:A9:2B:20,ALL,udp:33998,192.168.3.1*,2,259,1,78,1,181
64:B7:08:A9:2B:20,ALL,udp:33998,192.168.3.118*,2,259,1,181,1,78
64:B7:08:A9:2B:20,ALL,udp:26613,192.168.3.1*,2,259,1,78,1,181
64:B7:08:A9:2B:20,ALL,udp:26613,192.168.3.118*,2,259,1,181,1,78
64:B7:08:A9:2B:20,ALL,udp:17344,192.168.3.1*,2,259,1,78,1,181
64:B7:08:A9:2B:20,ALL,udp:17344,192.168.3.118*,2,259,1,181,1,78
64:B7:08:A9:2B:20,ALL,udp:60530,192.168.3.1*,2,259,1,78,1,181
64:B7:08:A9:2B:20,ALL,udp:60530,192.168.3.118*,2,259,1,181,1,78
64:B7:08:A9:2B:20,ALL,udp:51517,192.168.3.1*,2,259,1,78,1,181
64:B7:08:A9:2B:20,ALL,udp:51517,192.168.3.118*,2,259,1,181,1,78
64:B7:08:A9:2B:20,ALL,udp:59818,192.168.3.1,2,259,1,78,1,181
64:B7:08:A9:2B:20,ALL,udp:59818,3.87.127.143,1,90,1,90,0,0
64:B7:08:A9:2B:20,ALL,udp:58221,192.168.3.1*,2,164,1,74,1,90
64:B7:08:A9:2B:20,ALL,udp:58221,192.168.3.118*,2,164,1,90,1,74
64:B7:08:A9:2B:20,ALL,udp:44518,192.168.3.1*,2,259,1,78,1,181
64:B7:08:A9:2B:20,ALL,udp:44518,192.168.3.118*,2,259,1,181,1,78
64:B7:08:A9:2B:20,ALL,udp:34040,192.168.3.1*,2,259,1,78,1,181
64:B7:08:A9:2B:20,ALL,udp:34040,192.168.3.118*,2,259,1,181,1,78
64:B7:08:A9:2B:20,ALL,udp:25506,192.168.3.1*,2,259,1,78,1,181
64:B7:08:A9:2B:20,ALL,udp:25506,192.168.3.118*,2,259,1,181,1,78
64:B7:08:A9:2B:20,ALL,udp:55773,192.168.3.1*,2,259,1,78,1,181
64:B7:08:A9:2B:20,ALL,udp:55773,192.168.3.118*,2,259,1,181,1,78
64:B7:08:A9:2B:20,ALL,udp:18066,192.168.3.1*,2,259,1,78,1,181
64:B7:08:A9:2B:20,ALL,udp:18066,192.168.3.118*,2,259,1,181,1,78
64:B7:08:A9:2B:20,ALL,udp:59775,192.168.3.1,2,259,1,78,1,181
64:B7:08:A9:2B:20,ALL,udp:59775,52.207.222.50,2,180,1,90,1,90
64:B7:08:A9:2B:20,ALL,udp:40706,192.168.3.1*,2,259,1,78,1,181
64:B7:08:A9:2B:20,ALL,udp:40706,192.168.3.118*,2,259,1,181,1,78
64:B7:08:A9:2B:20,ALL,udp:37472,192.168.3.1*,2,259,1,78,1,181
64:B7:08:A9:2B:20,ALL,udp:37472,192.168.3.118*,2,259,1,181,1,78
64:B7:08:A9:2B:20,ALL,udp:18644,192.168.3.1*,2,259,1,78,1,181
64:B7:08:A9:2B:20,ALL,udp:18644,192.168.3.118*,2,259,1,181,1,78
64:B7:08:A9:2B:20,ALL,udp:21628,192.168.3.1*,2,259,1,78,1,181
64:B7:08:A9:2B:20,ALL,udp:21628,192.168.3.118*,2,259,1,181,1,78
64:B7:08:A9:2B:20,ALL,udp:63530,192.168.3.1*,2,259,1,78,1,181
64:B7:08:A9:2B:20,ALL,udp:63530,192.168.3.118*,2,259,1,181,1,78
64:B7:08:A9:2B:20,ALL,udp:13129,192.168.3.1*,2,259,1,78,1,181
64:B7:08:A9:2B:20,ALL,udp:13129,192.168.3.118*,2,259,1,181,1,78
64:B7:08:A9:2B:20,ALL,udp:33864,192.168.3.1*,2,164,1,74,1,90
64:B7:08:A9:2B:20,ALL,udp:33864,192.168.3.118*,2,164,1,90,1,74
64:B7:08:A9:2B:20,ALL,udp:48551,192.168.3.1*,2,259,1,78,1,181
64:B7:08:A9:2B:20,ALL,udp:48551,192.168.3.118*,2,259,1,181,1,78
64:B7:08:A9:2B:20,ALL,udp:8615,192.168.3.1*,2,259,1,78,1,181
64:B7:08:A9:2B:20,ALL,udp:8615,192.168.3.118*,2,259,1,181,1,78
64:B7:08:A9:2B:20,ALL,udp:40882,192.168.3.1*,2,259,1,78,1,181
64:B7:08:A9:2B:20,ALL,udp:40882,192.168.3.118*,2,259,1,181,1,78
64:B7:08:A9:2B:20,ALL,udp:34883,192.168.3.1*,2,259,1,78,1,181
64:B7:08:A9:2B:20,ALL,udp:34883,192.168.3.118*,2,259,1,181,1,78
64:B7:08:A9:2B:20,ALL,udp:21872,192.168.3.1*,2,259,1,78,1,181
64:B7:08:A9:2B:20,ALL,udp:21872,192.168.3.118*,2,259,1,181,1,78
64:B7:08:A9:2B:20,ALL,udp:50781,192.168.3.1*,2,259,1,78,1,181
64:B7:08:A9:2B:20,ALL,udp:50781,192.168.3.118*,2,259,1,181,1,78
64:B7:08:A9:2B:20,ALL,udp:56073,192.168.3.1*,2,259,1,78,1,181
64:B7:08:A9:2B:20,ALL,udp:56073,192.168.3.118*,2,259,1,181,1,78
64:B7:08:A9:2B:20,ALL,udp:56835,192.168.3.1*,2,259,1,78,1,181
64:B7:08:A9:2B:20,ALL,udp:56835,192.168.3.118*,2,259,1,181,1,78
64:B7:08:A9:2B:20,ALL,udp:32655,192.168.3.1*,2,259,1,78,1,181
64:B7:08:A9:2B:20,ALL,udp:32655,192.168.3.118*,2,259,1,181,1,78
64:B7:08:A9:2B:20,ALL,udp:46284,192.168.3.1*,2,259,1,78,1,181
64:B7:08:A9:2B:20,ALL,udp:46284,192.168.3.118*,2,259,1,181,1,78
64:B7:08:A9:2B:20,ALL,udp:59716,192.168.3.1,2,259,1,78,1,181
64:B7:08:A9:2B:20,ALL,udp:59716,54.210.225.137,2,180,1,90,1,90
64:B7:08:A9:2B:20,ALL,udp:54989,192.168.3.1*,2,259,1,78,1,181
64:B7:08:A9:2B:20,ALL,udp:54989,192.168.3.118*,2,259,1,181,1,78
64:B7:08:A9:2B:20,ALL,udp:49202,192.168.3.1*,2,164,1,74,1,90
64:B7:08:A9:2B:20,ALL,udp:49202,192.168.3.118*,2,164,1,90,1,74
64:B7:08:A9:2B:20,ALL,udp:2224,192.168.3.1*,2,259,1,78,1,181
64:B7:08:A9:2B:20,ALL,udp:2224,192.168.3.118*,2,259,1,181,1,78
64:B7:08:A9:2B:20,ALL,udp:55274,192.168.3.1*,2,259,1,78,1,181
64:B7:08:A9:2B:20,ALL,udp:55274,192.168.3.118*,2,259,1,181,1,78
64:B7:08:A9:2B:20,ALL,udp:32262,192.168.3.1*,2,259,1,78,1,181
64:B7:08:A9:2B:20,ALL,udp:32262,192.168.3.118*,2,259,1,181,1,78
64:B7:08:A9:2B:20,ALL,udp:2516,192.168.3.1*,2,208,1,72,1,136
64:B7:08:A9:2B:20,ALL,udp:2516,192.168.3.118*,2,208,1,136,1,72
64:B7:08:A9:2B:20,ALL,udp:60746,192.168.3.1*,2,259,1,78,1,181
64:B7:08:A9:2B:20,ALL,udp:60746,192.168.3.118*,2,259,1,181,1,78
64:B7:08:A9:2B:20,ALL,udp:56035,192.168.3.1*,2,259,1,78,1,181
64:B7:08:A9:2B:20,ALL,udp:56035,192.168.3.118*,2,259,1,181,1,78
64:B7:08:A9:2B:20,ALL,udp:44125,192.168.3.1*,2,259,1,78,1,181
64:B7:08:A9:2B:20,ALL,udp:44125,192.168.3.118*,2,259,1,181,1,78
64:B7:08:A9:2B:20,ALL,udp:40630,192.168.3.1*,2,259,1,78,1,181
64:B7:08:A9:2B:20,ALL,udp:40630,192.168.3.118*,2,259,1,181,1,78
64:B7:08:A9:2B:20,ALL,udp:19670,192.168.3.1*,2,259,1,78,1,181
64:B7:08:A9:2B:20,ALL,udp:19670,192.168.3.118*,2,259,1,181,1,78
64:B7:08:A9:2B:20,ALL,udp:34290,192.168.3.1*,2,259,1,78,1,181
64:B7:08:A9:2B:20,ALL,udp:34290,192.168.3.118*,2,259,1,181,1,78
64:B7:08:A9:2B:20,ALL,udp:19957,192.168.3.1*,2,259,1,78,1,181
64:B7:08:A9:2B:20,ALL,udp:19957,192.168.3.118*,2,259,1,181,1,78
64:B7:08:A9:2B:20,ALL,udp:2651,192.168.3.1*,2,164,1,74,1,90
64:B7:08:A9:2B:20,ALL,udp:2651,192.168.3.118*,2,164,1,90,1,74
64:B7:08:A9:2B:20,ALL,udp:9646,192.168.3.1*,2,259,1,78,1,181
64:B7:08:A9:2B:20,ALL,udp:9646,192.168.3.118*,2,259,1,181,1,78
64:B7:08:A9:2B:20,ALL,udp:11278,192.168.3.1*,2,259,1,78,1,181
64:B7:08:A9:2B:20,ALL,udp:11278,192.168.3.118*,2,259,1,181,1,78
64:B7:08:A9:2B:20,ALL,udp:62101,192.168.3.1*,2,259,1,78,1,181
64:B7:08:A9:2B:20,ALL,udp:62101,192.168.3.118*,2,259,1,181,1,78
64:B7:08:A9:2B:20,ALL,udp:19459,192.168.3.1*,2,259,1,78,1,181
64:B7:08:A9:2B:20,ALL,udp:19459,192.168.3.118*,2,259,1,181,1,78
64:B7:08:A9:2B:20,ALL,udp:32324,192.168.3.1*,2,259,1,78,1,181
64:B7:08:A9:2B:20,ALL,udp:32324,192.168.3.118*,2,259,1,181,1,78
64:B7:08:A9:2B:20,ALL,udp:6898,192.168.3.1*,2,259,1,78,1,181
64:B7:08:A9:2B:20,ALL,udp:6898,192.168.3.118*,2,259,1,181,1,78
64:B7:08:A9:2B:20,ALL,udp:5566,192.168.3.1*,2,259,1,78,1,181
64:B7:08:A9:2B:20,ALL,udp:5566,192.168.3.118*,2,259,1,181,1,78
64:B7:08:A9:2B:20,ALL,udp:27254,192.168.3.1*,2,259,1,78,1,181
64:B7:08:A9:2B:20,ALL,udp:27254,192.168.3.118*,2,259,1,181,1,78
64:B7:08:A9:2B:20,ALL,udp:19008,192.168.3.1*,2,259,1,78,1,181
64:B7:08:A9:2B:20,ALL,udp:19008,192.168.3.118*,2,259,1,181,1,78
64:B7:08:A9:2B:20,ALL,udp:9726,192.168.3.1*,2,259,1,78,1,181
64:B7:08:A9:2B:20,ALL,udp:9726,192.168.3.118*,2,259,1,181,1,78
64:B7:08:A9:2B:20,ALL,udp:11432,192.168.3.1*,2,259,1,78,1,181
64:B7:08:A9:2B:20,ALL,udp:11432,192.168.3.118*,2,259,1,181,1,78
64:B7:08:A9:2B:20,ALL,udp:62830,192.168.3.1*,2,259,1,78,1,181
64:B7:08:A9:2B:20,ALL,udp:62830,192.168.3.118*,2,259,1,181,1,78
64:B7:08:A9:2B:20,ALL,udp:9432,192.168.3.1*,2,164,1,74,1,90
64:B7:08:A9:2B:20,ALL,udp:9432,192.168.3.118*,2,164,1,90,1,74
64:B7:08:A9:2B:20,ALL,udp:20924,192.168.3.1*,2,259,1,78,1,181
64:B7:08:A9:2B:20,ALL,udp:20924,192.168.3.118*,2,259,1,181,1,78
64:B7:08:A9:2B:20,ALL,udp:35588,192.168.3.1*,2,259,1,78,1,181
64:B7:08:A9:2B:20,ALL,udp:35588,192.168.3.118*,2,259,1,181,1,78
64:B7:08:A9:2B:20,ALL,udp:44428,192.168.3.1*,2,259,1,78,1,181
64:B7:08:A9:2B:20,ALL,udp:44428,192.168.3.118*,2,259,1,181,1,78
64:B7:08:A9:2B:20,ALL,udp:36316,192.168.3.1*,2,259,1,78,1,181
64:B7:08:A9:2B:20,ALL,udp:36316,192.168.3.118*,2,259,1,181,1,78
64:B7:08:A9:2B:20,ALL,udp:47005,192.168.3.1*,2,259,1,78,1,181
64:B7:08:A9:2B:20,ALL,udp:47005,192.168.3.118*,2,259,1,181,1,78
64:B7:08:A9:2B:20,ALL,udp:13154,192.168.3.1*,2,259,1,78,1,181
64:B7:08:A9:2B:20,ALL,udp:13154,192.168.3.118*,2,259,1,181,1,78
64:B7:08:A9:2B:20,ALL,udp:42673,192.168.3.1*,2,259,1,78,1,181
64:B7:08:A9:2B:20,ALL,udp:42673,192.168.3.118*,2,259,1,181,1,78
64:B7:08:A9:2B:20,ALL,udp:8427,192.168.3.1*,2,259,1,78,1,181
64:B7:08:A9:2B:20,ALL,udp:8427,192.168.3.118*,2,259,1,181,1,78
64:B7:08:A9:2B:20,ALL,udp:34824,192.168.3.1*,2,259,1,78,1,181
64:B7:08:A9:2B:20,ALL,udp:34824,192.168.3.118*,2,259,1,181,1,78
64:B7:08:A9:2B:20,ALL,udp:4714,192.168.3.1*,2,164,1,74,1,90
64:B7:08:A9:2B:20,ALL,udp:4714,192.168.3.118*,2,164,1,90,1,74
64:B7:08:A9:2B:20,ALL,udp:21913,192.168.3.1*,2,259,1,78,1,181
64:B7:08:A9:2B:20,ALL,udp:21913,192.168.3.118*,2,259,1,181,1,78
64:B7:08:A9:2B:20,ALL,udp:9952,192.168.3.1*,2,259,1,78,1,181
64:B7:08:A9:2B:20,ALL,udp:9952,192.168.3.118*,2,259,1,181,1,78
64:B7:08:A9:2B:20,ALL,udp:7376,192.168.3.1*,2,259,1,78,1,181
64:B7:08:A9:2B:20,ALL,udp:7376,192.168.3.118*,2,259,1,181,1,78
64:B7:08:A9:2B:20,ALL,udp:47878,192.168.3.1*,2,259,1,78,1,181
64:B7:08:A9:2B:20,ALL,udp:47878,192.168.3.118*,2,259,1,181,1,78
64:B7:08:A9:2B:20,ALL,udp:34542,192.168.3.1*,2,259,1,78,1,181
64:B7:08:A9:2B:20,ALL,udp:34542,192.168.3.118*,2,259,1,181,1,78
64:B7:08:A9:2B:20,ALL,udp:34205,192.168.3.1*,2,259,1,78,1,181
64:B7:08:A9:2B:20,ALL,udp:34205,192.168.3.118*,2,259,1,181,1,78
64:B7:08:A9:2B:20,ALL,udp:13796,192.168.3.1*,2,259,1,78,1,181
64:B7:08:A9:2B:20,ALL,udp:13796,192.168.3.118*,2,259,1,181,1,78
64:B7:08:A9:2B:20,ALL,udp:41917,192.168.3.1*,2,259,1,78,1,181
64:B7:08:A9:2B:20,ALL,udp:41917,192.168.3.118*,2,259,1,181,1,78
64:B7:08:A9:2B:20,ALL,udp:29443,192.168.3.1*,2,259,1,78,1,181
64:B7:08:A9:2B:20,ALL,udp:29443,192.168.3.118*,2,259,1,181,1,78
64:B7:08:A9:2B:20,ALL,udp:34859,192.168.3.1*,2,259,1,78,1,181
64:B7:08:A9:2B:20,ALL,udp:34859,192.168.3.118*,2,259,1,181,1,78
64:B7:08:A9:2B:20,ALL,udp:57703,192.168.3.1*,2,259,1,78,1,181
64:B7:08:A9:2B:20,ALL,udp:57703,192.168.3.118*,2,259,1,181,1,78
64:B7:08:A9:2B:20,ALL,udp:38300,192.168.3.1*,2,259,1,78,1,181
64:B7:08:A9:2B:20,ALL,udp:38300,192.168.3.118*,2,259,1,181,1,78
64:B7:08:A9:2B:20,ALL,udp:25847,192.168.3.1*,2,164,1,74,1,90
64:B7:08:A9:2B:20,ALL,udp:25847,192.168.3.118*,2,164,1,90,1,74
64:B7:08:A9:2B:20,ALL,udp:59169,192.168.3.1,2,259,1,78,1,181
64:B7:08:A9:2B:20,ALL,udp:59169,3.86.4.106,2,180,1,90,1,90
64:B7:08:A9:2B:20,ALL,udp:12111,192.168.3.1*,2,259,1,78,1,181
64:B7:08:A9:2B:20,ALL,udp:12111,192.168.3.118*,2,259,1,181,1,78
64:B7:08:A9:2B:20,ALL,udp:10233,192.168.3.1*,2,259,1,78,1,181
64:B7:08:A9:2B:20,ALL,udp:10233,192.168.3.118*,2,259,1,181,1,78
64:B7:08:A9:2B:20,ALL,udp:44954,192.168.3.1*,2,259,1,78,1,181
64:B7:08:A9:2B:20,ALL,udp:44954,192.168.3.118*,2,259,1,181,1,78
64:B7:08:A9:2B:20,ALL,udp:60631,192.168.3.1*,2,259,1,78,1,181
64:B7:08:A9:2B:20,ALL,udp:60631,192.168.3.118*,2,259,1,181,1,78
64:B7:08:A9:2B:20,ALL,udp:15465,192.168.3.1*,2,259,1,78,1,181
64:B7:08:A9:2B:20,ALL,udp:15465,192.168.3.118*,2,259,1,181,1,78
64:B7:08:A9:2B:20,ALL,udp:62020,192.168.3.1*,2,259,1,78,1,181
64:B7:08:A9:2B:20,ALL,udp:62020,192.168.3.118*,2,259,1,181,1,78
64:B7:08:A9:2B:20,ALL,udp:52106,192.168.3.1*,2,259,1,78,1,181
64:B7:08:A9:2B:20,ALL,udp:52106,192.168.3.118*,2,259,1,181,1,78
64:B7:08:A9:2B:20,ALL,udp:19242,192.168.3.1*,2,259,1,78,1,181
64:B7:08:A9:2B:20,ALL,udp:19242,192.168.3.118*,2,259,1,181,1,78
64:B7:08:A9:2B:20,ALL,udp:28592,192.168.3.1*,2,259,1,78,1,181
64:B7:08:A9:2B:20,ALL,udp:28592,192.168.3.118*,2,259,1,181,1,78
64:B7:08:A9:2B:20,ALL,udp:1554,192.168.3.1*,2,259,1,78,1,181
64:B7:08:A9:2B:20,ALL,udp:1554,192.168.3.118*,2,259,1,181,1,78
64:B7:08:A9:2B:20,ALL,udp:20246,192.168.3.1*,2,259,1,78,1,181
64:B7:08:A9:2B:20,ALL,udp:20246,192.168.3.118*,2,259,1,181,1,78
64:B7:08:A9:2B:20,ALL,udp:55657,192.168.3.1*,2,208,1,72,1,136
64:B7:08:A9:2B:20,ALL,udp:55657,192.168.3.118*,2,208,1,136,1,72
64:B7:08:A9:2B:20,ALL,udp:9915,192.168.3.1*,2,262,1,78,1,184
64:B7:08:A9:2B:20,ALL,udp:9915,192.168.3.118*,2,262,1,184,1,78
64:B7:08:A9:2B:20,ALL,udp:43187,192.168.3.1*,2,164,1,74,1,90
64:B7:08:A9:2B:20,ALL,udp:43187,192.168.3.118*,2,164,1,90,1,74
64:B7:08:A9:2B:20,ALL,udp:10901,192.168.3.1*,2,259,1,78,1,181
64:B7:08:A9:2B:20,ALL,udp:10901,192.168.3.118*,2,259,1,181,1,78
64:B7:08:A9:2B:20,ALL,udp:15877,192.168.3.1*,2,259,1,78,1,181
64:B7:08:A9:2B:20,ALL,udp:15877,192.168.3.118*,2,259,1,181,1,78
64:B7:08:A9:2B:20,ALL,udp:44671,192.168.3.1*,2,259,1,78,1,181
64:B7:08:A9:2B:20,ALL,udp:44671,192.168.3.118*,2,259,1,181,1,78
64:B7:08:A9:2B:20,ALL,udp:7633,192.168.3.1*,2,259,1,78,1,181
64:B7:08:A9:2B:20,ALL,udp:7633,192.168.3.118*,2,259,1,181,1,78
64:B7:08:A9:2B:20,ALL,udp:41581,192.168.3.1*,2,259,1,78,1,181
64:B7:08:A9:2B:20,ALL,udp:41581,192.168.3.118*,2,259,1,181,1,78
64:B7:08:A9:2B:20,ALL,udp:38547,192.168.3.1*,2,259,1,78,1,181
64:B7:08:A9:2B:20,ALL,udp:38547,192.168.3.118*,2,259,1,181,1,78
64:B7:08:A9:2B:20,ALL,udp:49168,192.168.3.1*,2,259,1,78,1,181
64:B7:08:A9:2B:20,ALL,udp:49168,192.168.3.118*,2,259,1,181,1,78
64:B7:08:A9:2B:20,ALL,udp:57577,192.168.3.1*,2,259,1,78,1,181
64:B7:08:A9:2B:20,ALL,udp:57577,192.168.3.118*,2,259,1,181,1,78
64:B7:08:A9:2B:20,ALL,udp:27373,192.168.3.1*,2,259,1,78,1,181
64:B7:08:A9:2B:20,ALL,udp:27373,192.168.3.118*,2,259,1,181,1,78
64:B7:08:A9:2B:20,ALL,udp:11870,192.168.3.1*,2,164,1,74,1,90
64:B7:08:A9:2B:20,ALL,udp:11870,192.168.3.118*,2,164,1,90,1,74
64:B7:08:A9:2B:20,ALL,udp:3045,192.168.3.1*,2,259,1,78,1,181
64:B7:08:A9:2B:20,ALL,udp:3045,192.168.3.118*,2,259,1,181,1,78
64:B7:08:A9:2B:20,ALL,udp:56201,192.168.3.1*,2,259,1,78,1,181
64:B7:08:A9:2B:20,ALL,udp:56201,192.168.3.118*,2,259,1,181,1,78
64:B7:08:A9:2B:20,ALL,udp:53412,192.168.3.1*,2,259,1,78,1,181
64:B7:08:A9:2B:20,ALL,udp:53412,192.168.3.118*,2,259,1,181,1,78
64:B7:08:A9:2B:20,ALL,udp:58952,192.168.3.1,2,259,1,78,1,181
64:B7:08:A9:2B:20,ALL,udp:58952,54.161.254.100,2,180,1,90,1,90
64:B7:08:A9:2B:20,ALL,udp:42750,192.168.3.1*,2,259,1,78,1,181
64:B7:08:A9:2B:20,ALL,udp:42750,192.168.3.118*,2,259,1,181,1,78
64:B7:08:A9:2B:20,ALL,udp:43331,192.168.3.1*,2,259,1,78,1,181
64:B7:08:A9:2B:20,ALL,udp:43331,192.168.3.118*,2,259,1,181,1,78
64:B7:08:A9:2B:20,ALL,udp:53952,192.168.3.1*,2,259,1,78,1,181
64:B7:08:A9:2B:20,ALL,udp:53952,192.168.3.118*,2,259,1,181,1,78
64:B7:08:A9:2B:20,ALL,udp:3666,192.168.3.1*,2,259,1,78,1,181
64:B7:08:A9:2B:20,ALL,udp:3666,192.168.3.118*,2,259,1,181,1,78
64:B7:08:A9:2B:20,ALL,udp:13865,192.168.3.1*,2,259,1,78,1,181
64:B7:08:A9:2B:20,ALL,udp:13865,192.168.3.118*,2,259,1,181,1,78
64:B7:08:A9:2B:20,ALL,udp:11439,192.168.3.1*,2,259,1,78,1,181
64:B7:08:A9:2B:20,ALL,udp:11439,192.168.3.118*,2,259,1,181,1,78
64:B7:08:A9:2B:20,ALL,udp:60531,192.168.3.1*,2,259,1,78,1,181
64:B7:08:A9:2B:20,ALL,udp:60531,192.168.3.118*,2,259,1,181,1,78
64:B7:08:A9:2B:20,ALL,udp:58183,192.168.3.1*,2,259,1,78,1,181
64:B7:08:A9:2B:20,ALL,udp:58183,192.168.3.118*,2,259,1,181,1,78
64:B7:08:A9:2B:20,ALL,udp:51355,192.168.3.1*,2,164,1,74,1,90
64:B7:08:A9:2B:20,ALL,udp:51355,192.168.3.118*,2,164,1,90,1,74
64:B7:08:A9:2B:20,ALL,udp:51855,192.168.3.1*,2,259,1,78,1,181
64:B7:08:A9:2B:20,ALL,udp:51855,192.168.3.118*,2,259,1,181,1,78
64:B7:08:A9:2B:20,ALL,udp:12211,192.168.3.1*,2,259,1,78,1,181
64:B7:08:A9:2B:20,ALL,udp:12211,192.168.3.118*,2,259,1,181,1,78
64:B7:08:A9:2B:20,ALL,udp:38233,192.168.3.1*,2,259,1,78,1,181
64:B7:08:A9:2B:20,ALL,udp:38233,192.168.3.118*,2,259,1,181,1,78
64:B7:08:A9:2B:20,ALL,udp:62050,192.168.3.1*,2,259,1,78,1,181
64:B7:08:A9:2B:20,ALL,udp:62050,192.168.3.118*,2,259,1,181,1,78
64:B7:08:A9:2B:20,ALL,udp:6930,192.168.3.1*,2,259,1,78,1,181
64:B7:08:A9:2B:20,ALL,udp:6930,192.168.3.118*,2,259,1,181,1,78
64:B7:08:A9:2B:20,ALL,udp:50655,192.168.3.1*,2,259,1,78,1,181
64:B7:08:A9:2B:20,ALL,udp:50655,192.168.3.118*,2,259,1,181,1,78
64:B7:08:A9:2B:20,ALL,udp:47125,192.168.3.1*,2,259,1,78,1,181
64:B7:08:A9:2B:20,ALL,udp:47125,192.168.3.118*,2,259,1,181,1,78
64:B7:08:A9:2B:20,ALL,udp:44526,192.168.3.1*,2,259,1,78,1,181
64:B7:08:A9:2B:20,ALL,udp:44526,192.168.3.118*,2,259,1,181,1,78
64:B7:08:A9:2B:20,ALL,udp:12896,192.168.3.1*,2,259,1,78,1,181
64:B7:08:A9:2B:20,ALL,udp:12896,192.168.3.118*,2,259,1,181,1,78
64:B7:08:A9:2B:20,ALL,udp:40276,192.168.3.1*,2,259,1,78,1,181
64:B7:08:A9:2B:20,ALL,udp:40276,192.168.3.118*,2,259,1,181,1,78
64:B7:08:A9:2B:20,ALL,udp:22959,192.168.3.1*,2,259,1,78,1,181
64:B7:08:A9:2B:20,ALL,udp:22959,192.168.3.118*,2,259,1,181,1,78
64:B7:08:A9:2B:20,ALL,udp:17311,192.168.3.1*,2,259,1,78,1,181
64:B7:08:A9:2B:20,ALL,udp:17311,192.168.3.118*,2,259,1,181,1,78
64:B7:08:A9:2B:20,ALL,udp:13759,192.168.3.1*,2,164,1,74,1,90
64:B7:08:A9:2B:20,ALL,udp:13759,192.168.3.118*,2,164,1,90,1,74
64:B7:08:A9:2B:20,ALL,udp:22086,192.168.3.1*,2,259,1,78,1,181
64:B7:08:A9:2B:20,ALL,udp:22086,192.168.3.118*,2,259,1,181,1,78
64:B7:08:A9:2B:20,ALL,udp:10050,192.168.3.1*,2,259,1,78,1,181
64:B7:08:A9:2B:20,ALL,udp:10050,192.168.3.118*,2,259,1,181,1,78
64:B7:08:A9:2B:20,ALL,udp:37773,192.168.3.1*,2,259,1,78,1,181
64:B7:08:A9:2B:20,ALL,udp:37773,192.168.3.118*,2,259,1,181,1,78
64:B7:08:A9:2B:20,ALL,udp:3281,192.168.3.1*,2,259,1,78,1,181
64:B7:08:A9:2B:20,ALL,udp:3281,192.168.3.118*,2,259,1,181,1,78
64:B7:08:A9:2B:20,ALL,udp:20213,192.168.3.1*,2,259,1,78,1,181
64:B7:08:A9:2B:20,ALL,udp:20213,192.168.3.118*,2,259,1,181,1,78
64:B7:08:A9:2B:20,ALL,udp:9953,192.168.3.1*,2,259,1,78,1,181
64:B7:08:A9:2B:20,ALL,udp:9953,192.168.3.118*,2,259,1,181,1,78
64:B7:08:A9:2B:20,ALL,udp:64834,192.168.3.1*,2,259,1,78,1,181
64:B7:08:A9:2B:20,ALL,udp:64834,192.168.3.118*,2,259,1,181,1,78
64:B7:08:A9:2B:20,ALL,udp:27075,192.168.3.1*,2,259,1,78,1,181
64:B7:08:A9:2B:20,ALL,udp:27075,192.168.3.118*,2,259,1,181,1,78
64:B7:08:A9:2B:20,ALL,udp:57537,192.168.3.1*,2,259,1,78,1,181
64:B7:08:A9:2B:20,ALL,udp:57537,192.168.3.118*,2,259,1,181,1,78
64:B7:08:A9:2B:20,ALL,udp:52500,192.168.3.1*,2,259,1,78,1,181
64:B7:08:A9:2B:20,ALL,udp:52500,192.168.3.118*,2,259,1,181,1,78
64:B7:08:A9:2B:20,ALL,udp:14192,192.168.3.1*,2,259,1,78,1,181
64:B7:08:A9:2B:20,ALL,udp:14192,192.168.3.118*,2,259,1,181,1,78
64:B7:08:A9:2B:20,ALL,udp:46807,192.168.3.1*,2,164,1,74,1,90
64:B7:08:A9:2B:20,ALL,udp:46807,192.168.3.118*,2,164,1,90,1,74
64:B7:08:A9:2B:20,ALL,udp:10834,192.168.3.1*,2,259,1,78,1,181
64:B7:08:A9:2B:20,ALL,udp:10834,192.168.3.118*,2,259,1,181,1,78
64:B7:08:A9:2B:20,ALL,udp:49014,192.168.3.1*,2,259,1,78,1,181
64:B7:08:A9:2B:20,ALL,udp:49014,192.168.3.118*,2,259,1,181,1,78
64:B7:08:A9:2B:20,ALL,udp:16991,192.168.3.1*,2,259,1,78,1,181
64:B7:08:A9:2B:20,ALL,udp:16991,192.168.3.118*,2,259,1,181,1,78
64:B7:08:A9:2B:20,ALL,udp:51713,192.168.3.1*,2,259,1,78,1,181
64:B7:08:A9:2B:20,ALL,udp:51713,192.168.3.118*,2,259,1,181,1,78
64:B7:08:A9:2B:20,ALL,udp:12542,192.168.3.1*,2,259,1,78,1,181
64:B7:08:A9:2B:20,ALL,udp:12542,192.168.3.118*,2,259,1,181,1,78
64:B7:08:A9:2B:20,ALL,udp:62527,192.168.3.1*,2,259,1,78,1,181
64:B7:08:A9:2B:20,ALL,udp:62527,192.168.3.118*,2,259,1,181,1,78
64:B7:08:A9:2B:20,ALL,udp:40763,192.168.3.1*,2,259,1,78,1,181
64:B7:08:A9:2B:20,ALL,udp:40763,192.168.3.118*,2,259,1,181,1,78
64:B7:08:A9:2B:20,ALL,udp:54326,192.168.3.1*,2,259,1,78,1,181
64:B7:08:A9:2B:20,ALL,udp:54326,192.168.3.118*,2,259,1,181,1,78
64:B7:08:A9:2B:20,ALL,udp:52531,192.168.3.1*,2,259,1,78,1,181
64:B7:08:A9:2B:20,ALL,udp:52531,192.168.3.118*,2,259,1,181,1,78
64:B7:08:A9:2B:20,ALL,udp:64885,192.168.3.1*,2,259,1,78,1,181
64:B7:08:A9:2B:20,ALL,udp:64885,192.168.3.118*,2,259,1,181,1,78
64:B7:08:A9:2B:20,ALL,udp:57706,192.168.3.1*,2,259,1,78,1,181
64:B7:08:A9:2B:20,ALL,udp:57706,192.168.3.118*,2,259,1,181,1,78
64:B7:08:A9:2B:20,ALL,udp:59209,192.168.3.1,2,259,1,78,1,181
64:B7:08:A9:2B:20,ALL,udp:59209,54.161.254.100,2,180,1,90,1,90
64:B7:08:A9:2B:20,ALL,udp:44892,192.168.3.1*,2,164,1,74,1,90
64:B7:08:A9:2B:20,ALL,udp:44892,192.168.3.118*,2,164,1,90,1,74
64:B7:08:A9:2B:20,ALL,udp:7497,192.168.3.1*,2,259,1,78,1,181
64:B7:08:A9:2B:20,ALL,udp:7497,192.168.3.118*,2,259,1,181,1,78
64:B7:08:A9:2B:20,ALL,udp:57726,192.168.3.1*,2,259,1,78,1,181
64:B7:08:A9:2B:20,ALL,udp:57726,192.168.3.118*,2,259,1,181,1,78
64:B7:08:A9:2B:20,ALL,udp:28961,192.168.3.1*,2,259,1,78,1,181
64:B7:08:A9:2B:20,ALL,udp:28961,192.168.3.118*,2,259,1,181,1,78
64:B7:08:A9:2B:20,ALL,udp:64301,192.168.3.1*,2,259,1,78,1,181
64:B7:08:A9:2B:20,ALL,udp:64301,192.168.3.118*,2,259,1,181,1,78
64:B7:08:A9:2B:20,ALL,udp:13811,192.168.3.1*,2,259,1,78,1,181
64:B7:08:A9:2B:20,ALL,udp:13811,192.168.3.118*,2,259,1,181,1,78
64:B7:08:A9:2B:20,ALL,udp:22890,192.168.3.1*,2,259,1,78,1,181
64:B7:08:A9:2B:20,ALL,udp:22890,192.168.3.118*,2,259,1,181,1,78
64:B7:08:A9:2B:20,ALL,udp:58917,192.168.3.1,2,259,1,78,1,181
64:B7:08:A9:2B:20,ALL,udp:58917,54.161.254.100,2,180,1,90,1,90
64:B7:08:A9:2B:20,ALL,udp:4024,192.168.3.1*,2,259,1,78,1,181
64:B7:08:A9:2B:20,ALL,udp:4024,192.168.3.118*,2,259,1,181,1,78
64:B7:08:A9:2B:20,ALL,udp:57143,192.168.3.1*,2,259,1,78,1,181
64:B7:08:A9:2B:20,ALL,udp:57143,192.168.3.118*,2,259,1,181,1,78
64:B7:08:A9:2B:20,ALL,udp:64601,192.168.3.1*,2,259,1,78,1,181
64:B7:08:A9:2B:20,ALL,udp:64601,192.168.3.118*,2,259,1,181,1,78
64:B7:08:A9:2B:20,ALL,udp:23254,192.168.3.1*,2,259,1,78,1,181
64:B7:08:A9:2B:20,ALL,udp:23254,192.168.3.118*,2,259,1,181,1,78
64:B7:08:A9:2B:20,ALL,udp:31979,192.168.3.1*,2,164,1,74,1,90
64:B7:08:A9:2B:20,ALL,udp:31979,192.168.3.118*,2,164,1,90,1,74
64:B7:08:A9:2B:20,ALL,udp:8994,192.168.3.1*,2,259,1,78,1,181
64:B7:08:A9:2B:20,ALL,udp:8994,192.168.3.118*,2,259,1,181,1,78
64:B7:08:A9:2B:20,ALL,udp:34786,192.168.3.1*,2,259,1,78,1,181
64:B7:08:A9:2B:20,ALL,udp:34786,192.168.3.118*,2,259,1,181,1,78
64:B7:08:A9:2B:20,ALL,udp:37670,192.168.3.1*,2,259,1,78,1,181
64:B7:08:A9:2B:20,ALL,udp:37670,192.168.3.118*,2,259,1,181,1,78
64:B7:08:A9:2B:20,ALL,udp:18898,192.168.3.1*,2,259,1,78,1,181
64:B7:08:A9:2B:20,ALL,udp:18898,192.168.3.118*,2,259,1,181,1,78
64:B7:08:A9:2B:20,ALL,udp:3447,192.168.3.1*,2,259,1,78,1,181
64:B7:08:A9:2B:20,ALL,udp:3447,192.168.3.118*,2,259,1,181,1,78
64:B7:08:A9:2B:20,ALL,udp:43222,192.168.3.1*,2,259,1,78,1,181
64:B7:08:A9:2B:20,ALL,udp:43222,192.168.3.118*,2,259,1,181,1,78
64:B7:08:A9:2B:20,ALL,udp:26688,192.168.3.1*,2,259,1,78,1,181
64:B7:08:A9:2B:20,ALL,udp:26688,192.168.3.118*,2,259,1,181,1,78
64:B7:08:A9:2B:20,ALL,udp:16206,192.168.3.1*,2,259,1,78,1,181
64:B7:08:A9:2B:20,ALL,udp:16206,192.168.3.118*,2,259,1,181,1,78
64:B7:08:A9:2B:20,ALL,udp:18196,192.168.3.1*,2,259,1,78,1,181
64:B7:08:A9:2B:20,ALL,udp:18196,192.168.3.118*,2,259,1,181,1,78
64:B7:08:A9:2B:20,ALL,udp:58562,192.168.3.1,2,259,1,78,1,181
64:B7:08:A9:2B:20,ALL,udp:58562,54.90.191.9,2,180,1,90,1,90
64:B7:08:A9:2B:20,ALL,udp:18694,192.168.3.1*,2,164,1,74,1,90
64:B7:08:A9:2B:20,ALL,udp:18694,192.168.3.118*,2,164,1,90,1,74
64:B7:08:A9:2B:20,ALL,udp:49836,192.168.3.1*,2,259,1,78,1,181
64:B7:08:A9:2B:20,ALL,udp:49836,192.168.3.118*,2,259,1,181,1,78
64:B7:08:A9:2B:20,ALL,udp:4071,192.168.3.1*,2,259,1,78,1,181
64:B7:08:A9:2B:20,ALL,udp:4071,192.168.3.118*,2,259,1,181,1,78
64:B7:08:A9:2B:20,ALL,udp:36057,192.168.3.1*,2,259,1,78,1,181
64:B7:08:A9:2B:20,ALL,udp:36057,192.168.3.118*,2,259,1,181,1,78
64:B7:08:A9:2B:20,ALL,udp:29360,192.168.3.1*,2,259,1,78,1,181
64:B7:08:A9:2B:20,ALL,udp:29360,192.168.3.118*,2,259,1,181,1,78
64:B7:08:A9:2B:20,ALL,udp:24961,192.168.3.1*,2,259,1,78,1,181
64:B7:08:A9:2B:20,ALL,udp:24961,192.168.3.118*,2,259,1,181,1,78
64:B7:08:A9:2B:20,ALL,udp:8543,192.168.3.1*,2,259,1,78,1,181
64:B7:08:A9:2B:20,ALL,udp:8543,192.168.3.118*,2,259,1,181,1,78
64:B7:08:A9:2B:20,ALL,udp:26686,192.168.3.1*,2,259,1,78,1,181
64:B7:08:A9:2B:20,ALL,udp:26686,192.168.3.118*,2,259,1,181,1,78
64:B7:08:A9:2B:20,ALL,udp:51473,192.168.3.1*,2,259,1,78,1,181
64:B7:08:A9:2B:20,ALL,udp:51473,192.168.3.118*,2,259,1,181,1,78
64:B7:08:A9:2B:20,ALL,udp:3267,192.168.3.1*,2,259,1,78,1,181
64:B7:08:A9:2B:20,ALL,udp:3267,192.168.3.118*,2,259,1,181,1,78
64:B7:08:A9:2B:20,ALL,udp:23878,192.168.3.1*,2,259,1,78,1,181
64:B7:08:A9:2B:20,ALL,udp:23878,192.168.3.118*,2,259,1,181,1,78
64:B7:08:A9:2B:20,ALL,udp:61596,192.168.3.1*,2,259,1,78,1,181
64:B7:08:A9:2B:20,ALL,udp:61596,192.168.3.118*,2,259,1,181,1,78
64:B7:08:A9:2B:20,ALL,udp:13978,192.168.3.1*,2,259,1,78,1,181
64:B7:08:A9:2B:20,ALL,udp:13978,192.168.3.118*,2,259,1,181,1,78
64:B7:08:A9:2B:20,ALL,udp:16279,192.168.3.1*,2,164,1,74,1,90
64:B7:08:A9:2B:20,ALL,udp:16279,192.168.3.118*,2,164,1,90,1,74
64:B7:08:A9:2B:20,ALL,udp:19069,192.168.3.1*,2,259,1,78,1,181
64:B7:08:A9:2B:20,ALL,udp:19069,192.168.3.118*,2,259,1,181,1,78
64:B7:08:A9:2B:20,ALL,udp:54917,192.168.3.1*,2,259,1,78,1,181
64:B7:08:A9:2B:20,ALL,udp:54917,192.168.3.118*,2,259,1,181,1,78
64:B7:08:A9:2B:20,ALL,udp:31487,192.168.3.1*,2,259,1,78,1,181
64:B7:08:A9:2B:20,ALL,udp:31487,192.168.3.118*,2,259,1,181,1,78
64:B7:08:A9:2B:20,ALL,udp:7746,192.168.3.1*,2,259,1,78,1,181
64:B7:08:A9:2B:20,ALL,udp:7746,192.168.3.118*,2,259,1,181,1,78
64:B7:08:A9:2B:20,ALL,udp:14352,192.168.3.1*,2,259,1,78,1,181
64:B7:08:A9:2B:20,ALL,udp:14352,192.168.3.118*,2,259,1,181,1,78
64:B7:08:A9:2B:20,ALL,udp:63661,192.168.3.1*,2,259,1,78,1,181
64:B7:08:A9:2B:20,ALL,udp:63661,192.168.3.118*,2,259,1,181,1,78
64:B7:08:A9:2B:20,ALL,udp:49239,192.168.3.1*,2,259,1,78,1,181
64:B7:08:A9:2B:20,ALL,udp:49239,192.168.3.118*,2,259,1,181,1,78
64:B7:08:A9:2B:20,ALL,udp:28363,192.168.3.1*,2,259,1,78,1,181
64:B7:08:A9:2B:20,ALL,udp:28363,192.168.3.118*,2,259,1,181,1,78
64:B7:08:A9:2B:20,ALL,udp:35836,192.168.3.1*,2,259,1,78,1,181
64:B7:08:A9:2B:20,ALL,udp:35836,192.168.3.118*,2,259,1,181,1,78
64:B7:08:A9:2B:20,ALL,udp:49617,192.168.3.1*,2,259,1,78,1,181
64:B7:08:A9:2B:20,ALL,udp:49617,192.168.3.118*,2,259,1,181,1,78
64:B7:08:A9:2B:20,ALL,udp:62506,192.168.3.1*,2,259,1,78,1,181
64:B7:08:A9:2B:20,ALL,udp:62506,192.168.3.118*,2,259,1,181,1,78
64:B7:08:A9:2B:20,ALL,udp:33222,192.168.3.1*,2,259,1,78,1,181
64:B7:08:A9:2B:20,ALL,udp:33222,192.168.3.118*,2,259,1,181,1,78
64:B7:08:A9:2B:20,ALL,udp:20379,192.168.3.1*,2,164,1,74,1,90
64:B7:08:A9:2B:20,ALL,udp:20379,192.168.3.118*,2,164,1,90,1,74
64:B7:08:A9:2B:20,ALL,udp:36989,192.168.3.1*,2,259,1,78,1,181
64:B7:08:A9:2B:20,ALL,udp:36989,192.168.3.118*,2,259,1,181,1,78
64:B7:08:A9:2B:20,ALL,udp:23698,192.168.3.1*,2,259,1,78,1,181
64:B7:08:A9:2B:20,ALL,udp:23698,192.168.3.118*,2,259,1,181,1,78
64:B7:08:A9:2B:20,ALL,udp:15839,192.168.3.1*,2,259,1,78,1,181
64:B7:08:A9:2B:20,ALL,udp:15839,192.168.3.118*,2,259,1,181,1,78
64:B7:08:A9:2B:20,ALL,udp:57250,192.168.3.1*,2,259,1,78,1,181
64:B7:08:A9:2B:20,ALL,udp:57250,192.168.3.118*,2,259,1,181,1,78
64:B7:08:A9:2B:20,ALL,udp:15974,192.168.3.1*,2,259,1,78,1,181
64:B7:08:A9:2B:20,ALL,udp:15974,192.168.3.118*,2,259,1,181,1,78
64:B7:08:A9:2B:20,ALL,udp:57330,192.168.3.1*,2,259,1,78,1,181
64:B7:08:A9:2B:20,ALL,udp:57330,192.168.3.118*,2,259,1,181,1,78
64:B7:08:A9:2B:20,ALL,udp:8848,192.168.3.1*,2,259,1,78,1,181
64:B7:08:A9:2B:20,ALL,udp:8848,192.168.3.118*,2,259,1,181,1,78
64:B7:08:A9:2B:20,ALL,udp:29805,192.168.3.1*,2,259,1,78,1,181
64:B7:08:A9:2B:20,ALL,udp:29805,192.168.3.118*,2,259,1,181,1,78
64:B7:08:A9:2B:20,ALL,udp:53429,192.168.3.1*,2,259,1,78,1,181
64:B7:08:A9:2B:20,ALL,udp:53429,192.168.3.118*,2,259,1,181,1,78
64:B7:08:A9:2B:20,ALL,udp:25906,192.168.3.1*,2,259,1,78,1,181
64:B7:08:A9:2B:20,ALL,udp:25906,192.168.3.118*,2,259,1,181,1,78
64:B7:08:A9:2B:20,ALL,udp:48503,192.168.3.1*,2,259,1,78,1,181
64:B7:08:A9:2B:20,ALL,udp:48503,192.168.3.118*,2,259,1,181,1,78
64:B7:08:A9:2B:20,ALL,udp:60352,192.168.3.1*,2,164,1,74,1,90
64:B7:08:A9:2B:20,ALL,udp:60352,192.168.3.118*,2,164,1,90,1,74
64:B7:08:A9:2B:20,ALL,udp:6004,192.168.3.1*,2,259,1,78,1,181
64:B7:08:A9:2B:20,ALL,udp:6004,192.168.3.118*,2,259,1,181,1,78
64:B7:08:A9:2B:20,ALL,udp:18879,192.168.3.1*,2,259,1,78,1,181
64:B7:08:A9:2B:20,ALL,udp:18879,192.168.3.118*,2,259,1,181,1,78
64:B7:08:A9:2B:20,ALL,udp:60907,192.168.3.1*,2,259,1,78,1,181
64:B7:08:A9:2B:20,ALL,udp:60907,192.168.3.118*,2,259,1,181,1,78
64:B7:08:A9:2B:20,ALL,udp:25206,192.168.3.1*,2,259,1,78,1,181
64:B7:08:A9:2B:20,ALL,udp:25206,192.168.3.118*,2,259,1,181,1,78
64:B7:08:A9:2B:20,ALL,udp:28614,192.168.3.1*,2,259,1,78,1,181
64:B7:08:A9:2B:20,ALL,udp:28614,192.168.3.118*,2,259,1,181,1,78
64:B7:08:A9:2B:20,ALL,udp:2264,192.168.3.1*,2,259,1,78,1,181
64:B7:08:A9:2B:20,ALL,udp:2264,192.168.3.118*,2,259,1,181,1,78
64:B7:08:A9:2B:20,ALL,udp:16337,192.168.3.1*,2,259,1,78,1,181
64:B7:08:A9:2B:20,ALL,udp:16337,192.168.3.118*,2,259,1,181,1,78
64:B7:08:A9:2B:20,ALL,udp:10905,192.168.3.1*,2,259,1,78,1,181
64:B7:08:A9:2B:20,ALL,udp:10905,192.168.3.118*,2,259,1,181,1,78
64:B7:08:A9:2B:20,ALL,udp:32792,192.168.3.1*,2,259,1,78,1,181
64:B7:08:A9:2B:20,ALL,udp:32792,192.168.3.118*,2,259,1,181,1,78
64:B7:08:A9:2B:20,ALL,udp:10473,192.168.3.1*,2,259,1,78,1,181
64:B7:08:A9:2B:20,ALL,udp:10473,192.168.3.118*,2,259,1,181,1,78
64:B7:08:A9:2B:20,ALL,udp:36367,192.168.3.1*,2,259,1,78,1,181
64:B7:08:A9:2B:20,ALL,udp:36367,192.168.3.118*,2,259,1,181,1,78
64:B7:08:A9:2B:20,ALL,udp:41294,192.168.3.1*,2,164,1,74,1,90
64:B7:08:A9:2B:20,ALL,udp:41294,192.168.3.118*,2,164,1,90,1,74
64:B7:08:A9:2B:20,ALL,udp:10192,192.168.3.1*,2,259,1,78,1,181
64:B7:08:A9:2B:20,ALL,udp:10192,192.168.3.118*,2,259,1,181,1,78
64:B7:08:A9:2B:20,ALL,udp:10617,192.168.3.1*,2,259,1,78,1,181
64:B7:08:A9:2B:20,ALL,udp:10617,192.168.3.118*,2,259,1,181,1,78
64:B7:08:A9:2B:20,ALL,udp:12089,192.168.3.1*,2,259,1,78,1,181
64:B7:08:A9:2B:20,ALL,udp:12089,192.168.3.118*,2,259,1,181,1,78
64:B7:08:A9:2B:20,ALL,udp:56118,192.168.3.1*,2,259,1,78,1,181
64:B7:08:A9:2B:20,ALL,udp:56118,192.168.3.118*,2,259,1,181,1,78
64:B7:08:A9:2B:20,ALL,udp:4239,192.168.3.1*,2,259,1,78,1,181
64:B7:08:A9:2B:20,ALL,udp:4239,192.168.3.118*,2,259,1,181,1,78
64:B7:08:A9:2B:20,ALL,udp:9064,192.168.3.1*,2,259,1,78,1,181
64:B7:08:A9:2B:20,ALL,udp:9064,192.168.3.118*,2,259,1,181,1,78
64:B7:08:A9:2B:20,ALL,udp:41281,192.168.3.1*,2,259,1,78,1,181
64:B7:08:A9:2B:20,ALL,udp:41281,192.168.3.118*,2,259,1,181,1,78
64:B7:08:A9:2B:20,ALL,udp:34606,192.168.3.1*,2,259,1,78,1,181
64:B7:08:A9:2B:20,ALL,udp:34606,192.168.3.118*,2,259,1,181,1,78
64:B7:08:A9:2B:20,ALL,udp:8324,192.168.3.1*,2,259,1,78,1,181
64:B7:08:A9:2B:20,ALL,udp:8324,192.168.3.118*,2,259,1,181,1,78
64:B7:08:A9:2B:20,ALL,udp:40620,192.168.3.1*,2,259,1,78,1,181
64:B7:08:A9:2B:20,ALL,udp:40620,192.168.3.118*,2,259,1,181,1,78
64:B7:08:A9:2B:20,ALL,udp:24700,192.168.3.1*,2,259,1,78,1,181
64:B7:08:A9:2B:20,ALL,udp:24700,192.168.3.118*,2,259,1,181,1,78
64:B7:08:A9:2B:20,ALL,udp:58111,192.168.3.1*,2,164,1,74,1,90
64:B7:08:A9:2B:20,ALL,udp:58111,192.168.3.118*,2,164,1,90,1,74
64:B7:08:A9:2B:20,ALL,udp:47604,192.168.3.1*,2,259,1,78,1,181
64:B7:08:A9:2B:20,ALL,udp:47604,192.168.3.118*,2,259,1,181,1,78
64:B7:08:A9:2B:20,ALL,udp:30079,192.168.3.1*,2,259,1,78,1,181
64:B7:08:A9:2B:20,ALL,udp:30079,192.168.3.118*,2,259,1,181,1,78
64:B7:08:A9:2B:20,ALL,udp:63380,192.168.3.1*,2,259,1,78,1,181
64:B7:08:A9:2B:20,ALL,udp:63380,192.168.3.118*,2,259,1,181,1,78
64:B7:08:A9:2B:20,ALL,udp:25022,192.168.3.1*,2,259,1,78,1,181
64:B7:08:A9:2B:20,ALL,udp:25022,192.168.3.118*,2,259,1,181,1,78
64:B7:08:A9:2B:20,ALL,udp:15466,192.168.3.1*,2,259,1,78,1,181
64:B7:08:A9:2B:20,ALL,udp:15466,192.168.3.118*,2,259,1,181,1,78
64:B7:08:A9:2B:20,ALL,udp:45586,192.168.3.1*,2,259,1,78,1,181
64:B7:08:A9:2B:20,ALL,udp:45586,192.168.3.118*,2,259,1,181,1,78
64:B7:08:A9:2B:20,ALL,udp:45618,192.168.3.1*,2,259,1,78,1,181
64:B7:08:A9:2B:20,ALL,udp:45618,192.168.3.118*,2,259,1,181,1,78
64:B7:08:A9:2B:20,ALL,udp:25167,192.168.3.1*,2,259,1,78,1,181
64:B7:08:A9:2B:20,ALL,udp:25167,192.168.3.118*,2,259,1,181,1,78
64:B7:08:A9:2B:20,ALL,udp:19400,192.168.3.1*,2,259,1,78,1,181
64:B7:08:A9:2B:20,ALL,udp:19400,192.168.3.118*,2,259,1,181,1,78
64:B7:08:A9:2B:20,ALL,udp:15215,192.168.3.1*,2,259,1,78,1,181
64:B7:08:A9:2B:20,ALL,udp:15215,192.168.3.118*,2,259,1,181,1,78
64:B7:08:A9:2B:20,ALL,udp:46983,192.168.3.1*,2,259,1,78,1,181
64:B7:08:A9:2B:20,ALL,udp:46983,192.168.3.118*,2,259,1,181,1,78
64:B7:08:A9:2B:20,ALL,udp:30791,192.168.3.1*,2,164,1,74,1,90
64:B7:08:A9:2B:20,ALL,udp:30791,192.168.3.118*,2,164,1,90,1,74
64:B7:08:A9:2B:20,ALL,udp:9170,192.168.3.1*,2,259,1,78,1,181
64:B7:08:A9:2B:20,ALL,udp:9170,192.168.3.118*,2,259,1,181,1,78
64:B7:08:A9:2B:20,ALL,udp:41358,192.168.3.1*,2,259,1,78,1,181
64:B7:08:A9:2B:20,ALL,udp:41358,192.168.3.118*,2,259,1,181,1,78
64:B7:08:A9:2B:20,ALL,udp:8108,192.168.3.1*,2,259,1,78,1,181
64:B7:08:A9:2B:20,ALL,udp:8108,192.168.3.118*,2,259,1,181,1,78
64:B7:08:A9:2B:20,ALL,udp:59960,192.168.3.1*,2,259,1,78,1,181
64:B7:08:A9:2B:20,ALL,udp:59960,192.168.3.118*,2,259,1,181,1,78
64:B7:08:A9:2B:20,ALL,udp:10946,192.168.3.1*,2,259,1,78,1,181
64:B7:08:A9:2B:20,ALL,udp:10946,192.168.3.118*,2,259,1,181,1,78
64:B7:08:A9:2B:20,ALL,udp:14025,192.168.3.1*,2,259,1,78,1,181
64:B7:08:A9:2B:20,ALL,udp:14025,192.168.3.118*,2,259,1,181,1,78
64:B7:08:A9:2B:20,ALL,udp:2700,192.168.3.1*,2,259,1,78,1,181
64:B7:08:A9:2B:20,ALL,udp:2700,192.168.3.118*,2,259,1,181,1,78
64:B7:08:A9:2B:20,ALL,udp:34993,192.168.3.1*,2,259,1,78,1,181
64:B7:08:A9:2B:20,ALL,udp:34993,192.168.3.118*,2,259,1,181,1,78
64:B7:08:A9:2B:20,ALL,udp:31164,192.168.3.1*,2,259,1,78,1,181
64:B7:08:A9:2B:20,ALL,udp:31164,192.168.3.118*,2,259,1,181,1,78
64:B7:08:A9:2B:20,ALL,udp:47673,192.168.3.1*,2,259,1,78,1,181
64:B7:08:A9:2B:20,ALL,udp:47673,192.168.3.118*,2,259,1,181,1,78
64:B7:08:A9:2B:20,ALL,udp:5150,192.168.3.1*,2,259,1,78,1,181
64:B7:08:A9:2B:20,ALL,udp:5150,192.168.3.118*,2,259,1,181,1,78
64:B7:08:A9:2B:20,ALL,udp:41484,192.168.3.1*,2,259,1,78,1,181
64:B7:08:A9:2B:20,ALL,udp:41484,192.168.3.118*,2,259,1,181,1,78
64:B7:08:A9:2B:20,ALL,udp:59287,192.168.3.1,2,164,1,74,1,90
64:B7:08:A9:2B:20,ALL,udp:59287,54.197.201.248,2,180,1,90,1,90
64:B7:08:A9:2B:20,ALL,udp:15040,192.168.3.1*,2,259,1,78,1,181
64:B7:08:A9:2B:20,ALL,udp:15040,192.168.3.118*,2,259,1,181,1,78
64:B7:08:A9:2B:20,ALL,udp:36433,192.168.3.1*,2,259,1,78,1,181
64:B7:08:A9:2B:20,ALL,udp:36433,192.168.3.118*,2,259,1,181,1,78
64:B7:08:A9:2B:20,ALL,udp:55295,192.168.3.1*,2,259,1,78,1,181
64:B7:08:A9:2B:20,ALL,udp:55295,192.168.3.118*,2,259,1,181,1,78
64:B7:08:A9:2B:20,ALL,udp:11625,192.168.3.1*,2,259,1,78,1,181
64:B7:08:A9:2B:20,ALL,udp:11625,192.168.3.118*,2,259,1,181,1,78
64:B7:08:A9:2B:20,ALL,udp:38393,192.168.3.1*,2,259,1,78,1,181
64:B7:08:A9:2B:20,ALL,udp:38393,192.168.3.118*,2,259,1,181,1,78
64:B7:08:A9:2B:20,ALL,udp:1510,192.168.3.1*,2,259,1,78,1,181
64:B7:08:A9:2B:20,ALL,udp:1510,192.168.3.118*,2,259,1,181,1,78
64:B7:08:A9:2B:20,ALL,udp:29575,192.168.3.1*,2,259,1,78,1,181
64:B7:08:A9:2B:20,ALL,udp:29575,192.168.3.118*,2,259,1,181,1,78
64:B7:08:A9:2B:20,ALL,udp:18119,192.168.3.1*,2,259,1,78,1,181
64:B7:08:A9:2B:20,ALL,udp:18119,192.168.3.118*,2,259,1,181,1,78
64:B7:08:A9:2B:20,ALL,udp:62796,192.168.3.1*,2,259,1,78,1,181
64:B7:08:A9:2B:20,ALL,udp:62796,192.168.3.118*,2,259,1,181,1,78
64:B7:08:A9:2B:20,ALL,udp:12748,192.168.3.1*,2,259,1,78,1,181
64:B7:08:A9:2B:20,ALL,udp:12748,192.168.3.118*,2,259,1,181,1,78
64:B7:08:A9:2B:20,ALL,udp:61843,192.168.3.1*,2,259,1,78,1,181
64:B7:08:A9:2B:20,ALL,udp:61843,192.168.3.118*,2,259,1,181,1,78
64:B7:08:A9:2B:20,ALL,udp:43705,192.168.3.1*,2,259,1,78,1,181
64:B7:08:A9:2B:20,ALL,udp:43705,192.168.3.118*,2,259,1,181,1,78
64:B7:08:A9:2B:20,ALL,udp:55209,192.168.3.1*,2,164,1,74,1,90
64:B7:08:A9:2B:20,ALL,udp:55209,192.168.3.118*,2,164,1,90,1,74
64:B7:08:A9:2B:20,ALL,udp:54156,192.168.3.1*,2,259,1,78,1,181
64:B7:08:A9:2B:20,ALL,udp:54156,192.168.3.118*,2,259,1,181,1,78
64:B7:08:A9:2B:20,ALL,udp:56907,192.168.3.1*,2,259,1,78,1,181
64:B7:08:A9:2B:20,ALL,udp:56907,192.168.3.118*,2,259,1,181,1,78
64:B7:08:A9:2B:20,ALL,udp:46989,192.168.3.1*,2,259,1,78,1,181
64:B7:08:A9:2B:20,ALL,udp:46989,192.168.3.118*,2,259,1,181,1,78
64:B7:08:A9:2B:20,ALL,udp:34434,192.168.3.1*,2,259,1,78,1,181
64:B7:08:A9:2B:20,ALL,udp:34434,192.168.3.118*,2,259,1,181,1,78
64:B7:08:A9:2B:20,ALL,udp:15235,192.168.3.1*,2,259,1,78,1,181
64:B7:08:A9:2B:20,ALL,udp:15235,192.168.3.118*,2,259,1,181,1,78
64:B7:08:A9:2B:20,ALL,udp:22860,192.168.3.1*,2,259,1,78,1,181
64:B7:08:A9:2B:20,ALL,udp:22860,192.168.3.118*,2,259,1,181,1,78
64:B7:08:A9:2B:20,ALL,udp:12103,192.168.3.1*,2,259,1,78,1,181
64:B7:08:A9:2B:20,ALL,udp:12103,192.168.3.118*,2,259,1,181,1,78
64:B7:08:A9:2B:20,ALL,udp:12419,192.168.3.1*,2,259,1,78,1,181
64:B7:08:A9:2B:20,ALL,udp:12419,192.168.3.118*,2,259,1,181,1,78
64:B7:08:A9:2B:20,ALL,udp:31518,192.168.3.1*,2,259,1,78,1,181
64:B7:08:A9:2B:20,ALL,udp:31518,192.168.3.118*,2,259,1,181,1,78
64:B7:08:A9:2B:20,ALL,udp:41112,192.168.3.1*,2,259,1,78,1,181
64:B7:08:A9:2B:20,ALL,udp:41112,192.168.3.118*,2,259,1,181,1,78
64:B7:08:A9:2B:20,ALL,udp:19061,192.168.3.1*,2,164,1,74,1,90
64:B7:08:A9:2B:20,ALL,udp:19061,192.168.3.118*,2,164,1,90,1,74
64:B7:08:A9:2B:20,ALL,udp:42399,192.168.3.1*,2,259,1,78,1,181
64:B7:08:A9:2B:20,ALL,udp:42399,192.168.3.118*,2,259,1,181,1,78
64:B7:08:A9:2B:20,ALL,udp:33976,192.168.3.1*,2,259,1,78,1,181
64:B7:08:A9:2B:20,ALL,udp:33976,192.168.3.118*,2,259,1,181,1,78
64:B7:08:A9:2B:20,ALL,udp:65379,192.168.3.1*,2,259,1,78,1,181
64:B7:08:A9:2B:20,ALL,udp:65379,192.168.3.118*,2,259,1,181,1,78
64:B7:08:A9:2B:20,ALL,udp:21602,192.168.3.1*,2,259,1,78,1,181
64:B7:08:A9:2B:20,ALL,udp:21602,192.168.3.118*,2,259,1,181,1,78
64:B7:08:A9:2B:20,ALL,udp:38153,192.168.3.1*,2,259,1,78,1,181
64:B7:08:A9:2B:20,ALL,udp:38153,192.168.3.118*,2,259,1,181,1,78
64:B7:08:A9:2B:20,ALL,udp:22048,192.168.3.1*,2,259,1,78,1,181
64:B7:08:A9:2B:20,ALL,udp:22048,192.168.3.118*,2,259,1,181,1,78
64:B7:08:A9:2B:20,ALL,udp:4955,192.168.3.1*,2,259,1,78,1,181
64:B7:08:A9:2B:20,ALL,udp:4955,192.168.3.118*,2,259,1,181,1,78
64:B7:08:A9:2B:20,ALL,udp:39239,192.168.3.1*,2,259,1,78,1,181
64:B7:08:A9:2B:20,ALL,udp:39239,192.168.3.118*,2,259,1,181,1,78
64:B7:08:A9:2B:20,ALL,udp:15366,192.168.3.1*,2,259,1,78,1,181
64:B7:08:A9:2B:20,ALL,udp:15366,192.168.3.118*,2,259,1,181,1,78
64:B7:08:A9:2B:20,ALL,udp:62056,192.168.3.1*,2,259,1,78,1,181
64:B7:08:A9:2B:20,ALL,udp:62056,192.168.3.118*,2,259,1,181,1,78
64:B7:08:A9:2B:20,ALL,udp:31268,192.168.3.1*,2,259,1,78,1,181
64:B7:08:A9:2B:20,ALL,udp:31268,192.168.3.118*,2,259,1,181,1,78
64:B7:08:A9:2B:20,ALL,udp:54881,192.168.3.1*,2,259,1,78,1,181
64:B7:08:A9:2B:20,ALL,udp:54881,192.168.3.118*,2,259,1,181,1,78
64:B7:08:A9:2B:20,ALL,udp:12891,192.168.3.1*,2,164,1,74,1,90
64:B7:08:A9:2B:20,ALL,udp:12891,192.168.3.118*,2,164,1,90,1,74
64:B7:08:A9:2B:20,ALL,udp:57581,192.168.3.1*,2,259,1,78,1,181
64:B7:08:A9:2B:20,ALL,udp:57581,192.168.3.118*,2,259,1,181,1,78
64:B7:08:A9:2B:20,ALL,udp:4470,192.168.3.1*,2,259,1,78,1,181
64:B7:08:A9:2B:20,ALL,udp:4470,192.168.3.118*,2,259,1,181,1,78
64:B7:08:A9:2B:20,ALL,udp:64976,192.168.3.1*,2,259,1,78,1,181
64:B7:08:A9:2B:20,ALL,udp:64976,192.168.3.118*,2,259,1,181,1,78
64:B7:08:A9:2B:20,ALL,udp:33344,192.168.3.1*,2,259,1,78,1,181
64:B7:08:A9:2B:20,ALL,udp:33344,192.168.3.118*,2,259,1,181,1,78
64:B7:08:A9:2B:20,ALL,udp:20615,192.168.3.1*,2,259,1,78,1,181
64:B7:08:A9:2B:20,ALL,udp:20615,192.168.3.118*,2,259,1,181,1,78
64:B7:08:A9:2B:20,ALL,udp:50028,192.168.3.1*,2,259,1,78,1,181
64:B7:08:A9:2B:20,ALL,udp:50028,192.168.3.118*,2,259,1,181,1,78
64:B7:08:A9:2B:20,ALL,udp:49355,192.168.3.1*,2,259,1,78,1,181
64:B7:08:A9:2B:20,ALL,udp:49355,192.168.3.118*,2,259,1,181,1,78
64:B7:08:A9:2B:20,ALL,udp:32153,192.168.3.1*,2,259,1,78,1,181
64:B7:08:A9:2B:20,ALL,udp:32153,192.168.3.118*,2,259,1,181,1,78
64:B7:08:A9:2B:20,ALL,udp:47133,192.168.3.1*,2,259,1,78,1,181
64:B7:08:A9:2B:20,ALL,udp:47133,192.168.3.118*,2,259,1,181,1,78
64:B7:08:A9:2B:20,ALL,udp:34556,192.168.3.1*,2,259,1,78,1,181
64:B7:08:A9:2B:20,ALL,udp:34556,192.168.3.118*,2,259,1,181,1,78
64:B7:08:A9:2B:20,ALL,udp:59911,192.168.3.1*,2,164,1,74,1,90
64:B7:08:A9:2B:20,ALL,udp:59911,192.168.3.118*,2,164,1,90,1,74
64:B7:08:A9:2B:20,ALL,udp:15633,192.168.3.1*,2,259,1,78,1,181
64:B7:08:A9:2B:20,ALL,udp:15633,192.168.3.118*,2,259,1,181,1,78
64:B7:08:A9:2B:20,ALL,udp:11105,192.168.3.1*,2,259,1,78,1,181
64:B7:08:A9:2B:20,ALL,udp:11105,192.168.3.118*,2,259,1,181,1,78
64:B7:08:A9:2B:20,ALL,udp:4864,192.168.3.1*,2,259,1,78,1,181
64:B7:08:A9:2B:20,ALL,udp:4864,192.168.3.118*,2,259,1,181,1,78
64:B7:08:A9:2B:20,ALL,udp:65530,192.168.3.1*,2,259,1,78,1,181
64:B7:08:A9:2B:20,ALL,udp:65530,192.168.3.118*,2,259,1,181,1,78
64:B7:08:A9:2B:20,ALL,udp:48166,192.168.3.1*,2,259,1,78,1,181
64:B7:08:A9:2B:20,ALL,udp:48166,192.168.3.118*,2,259,1,181,1,78
64:B7:08:A9:2B:20,ALL,udp:21397,192.168.3.1*,2,259,1,78,1,181
64:B7:08:A9:2B:20,ALL,udp:21397,192.168.3.118*,2,259,1,181,1,78
64:B7:08:A9:2B:20,ALL,udp:13947,192.168.3.1*,2,259,1,78,1,181
64:B7:08:A9:2B:20,ALL,udp:13947,192.168.3.118*,2,259,1,181,1,78
64:B7:08:A9:2B:20,ALL,udp:35273,192.168.3.1*,2,259,1,78,1,181
64:B7:08:A9:2B:20,ALL,udp:35273,192.168.3.118*,2,259,1,181,1,78
64:B7:08:A9:2B:20,ALL,udp:1259,192.168.3.1*,2,259,1,78,1,181
64:B7:08:A9:2B:20,ALL,udp:1259,192.168.3.118*,2,259,1,181,1,78
64:B7:08:A9:2B:20,ALL,udp:21416,192.168.3.1*,2,259,1,78,1,181
64:B7:08:A9:2B:20,ALL,udp:21416,192.168.3.118*,2,259,1,181,1,78
64:B7:08:A9:2B:20,ALL,udp:7920,192.168.3.1*,2,259,1,78,1,181
64:B7:08:A9:2B:20,ALL,udp:7920,192.168.3.118*,2,259,1,181,1,78
64:B7:08:A9:2B:20,ALL,udp:50334,192.168.3.1*,2,164,1,74,1,90
64:B7:08:A9:2B:20,ALL,udp:50334,192.168.3.118*,2,164,1,90,1,74
64:B7:08:A9:2B:20,ALL,udp:10709,192.168.3.1*,2,259,1,78,1,181
64:B7:08:A9:2B:20,ALL,udp:10709,192.168.3.118*,2,259,1,181,1,78
64:B7:08:A9:2B:20,ALL,udp:34053,192.168.3.1*,2,259,1,78,1,181
64:B7:08:A9:2B:20,ALL,udp:34053,192.168.3.118*,2,259,1,181,1,78
64:B7:08:A9:2B:20,ALL,udp:35914,192.168.3.1*,2,259,1,78,1,181
64:B7:08:A9:2B:20,ALL,udp:35914,192.168.3.118*,2,259,1,181,1,78
64:B7:08:A9:2B:20,ALL,udp:26173,192.168.3.1*,2,259,1,78,1,181
64:B7:08:A9:2B:20,ALL,udp:26173,192.168.3.118*,2,259,1,181,1,78
64:B7:08:A9:2B:20,ALL,udp:12235,192.168.3.1*,2,259,1,78,1,181
64:B7:08:A9:2B:20,ALL,udp:12235,192.168.3.118*,2,259,1,181,1,78
64:B7:08:A9:2B:20,ALL,udp:3804,192.168.3.1*,2,259,1,78,1,181
64:B7:08:A9:2B:20,ALL,udp:3804,192.168.3.118*,2,259,1,181,1,78
64:B7:08:A9:2B:20,ALL,udp:36341,192.168.3.1*,2,259,1,78,1,181
64:B7:08:A9:2B:20,ALL,udp:36341,192.168.3.118*,2,259,1,181,1,78
64:B7:08:A9:2B:20,ALL,udp:33720,192.168.3.1*,2,259,1,78,1,181
64:B7:08:A9:2B:20,ALL,udp:33720,192.168.3.118*,2,259,1,181,1,78
64:B7:08:A9:2B:20,ALL,udp:37845,192.168.3.1*,2,259,1,78,1,181
64:B7:08:A9:2B:20,ALL,udp:37845,192.168.3.118*,2,259,1,181,1,78
64:B7:08:A9:2B:20,ALL,udp:15745,192.168.3.1*,2,259,1,78,1,181
64:B7:08:A9:2B:20,ALL,udp:15745,192.168.3.118*,2,259,1,181,1,78
64:B7:08:A9:2B:20,ALL,udp:36034,192.168.3.1*,2,259,1,78,1,181
64:B7:08:A9:2B:20,ALL,udp:36034,192.168.3.118*,2,259,1,181,1,78
64:B7:08:A9:2B:20,ALL,udp:43231,192.168.3.1*,2,164,1,74,1,90
64:B7:08:A9:2B:20,ALL,udp:43231,192.168.3.118*,2,164,1,90,1,74
64:B7:08:A9:2B:20,ALL,udp:28563,192.168.3.1*,2,259,1,78,1,181
64:B7:08:A9:2B:20,ALL,udp:28563,192.168.3.118*,2,259,1,181,1,78
64:B7:08:A9:2B:20,ALL,udp:8026,192.168.3.1*,2,259,1,78,1,181
64:B7:08:A9:2B:20,ALL,udp:8026,192.168.3.118*,2,259,1,181,1,78
64:B7:08:A9:2B:20,ALL,udp:52960,192.168.3.1*,2,259,1,78,1,181
64:B7:08:A9:2B:20,ALL,udp:52960,192.168.3.118*,2,259,1,181,1,78
64:B7:08:A9:2B:20,ALL,udp:7815,192.168.3.1*,2,259,1,78,1,181
64:B7:08:A9:2B:20,ALL,udp:7815,192.168.3.118*,2,259,1,181,1,78
64:B7:08:A9:2B:20,ALL,udp:20903,192.168.3.1*,2,259,1,78,1,181
64:B7:08:A9:2B:20,ALL,udp:20903,192.168.3.118*,2,259,1,181,1,78
64:B7:08:A9:2B:20,ALL,udp:37301,192.168.3.1*,2,259,1,78,1,181
64:B7:08:A9:2B:20,ALL,udp:37301,192.168.3.118*,2,259,1,181,1,78
64:B7:08:A9:2B:20,ALL,udp:7759,192.168.3.1*,2,259,1,78,1,181
64:B7:08:A9:2B:20,ALL,udp:7759,192.168.3.118*,2,259,1,181,1,78
64:B7:08:A9:2B:20,ALL,udp:28869,192.168.3.1*,2,259,1,78,1,181
64:B7:08:A9:2B:20,ALL,udp:28869,192.168.3.118*,2,259,1,181,1,78
64:B7:08:A9:2B:20,ALL,udp:41544,192.168.3.1*,2,259,1,78,1,181
64:B7:08:A9:2B:20,ALL,udp:41544,192.168.3.118*,2,259,1,181,1,78
64:B7:08:A9:2B:20,ALL,udp:13853,192.168.3.1*,2,259,1,78,1,181
64:B7:08:A9:2B:20,ALL,udp:13853,192.168.3.118*,2,259,1,181,1,78
64:B7:08:A9:2B:20,ALL,udp:5152,192.168.3.1*,2,259,1,78,1,181
64:B7:08:A9:2B:20,ALL,udp:5152,192.168.3.118*,2,259,1,181,1,78
64:B7:08:A9:2B:20,ALL,udp:20044,192.168.3.1*,2,259,1,78,1,181
64:B7:08:A9:2B:20,ALL,udp:20044,192.168.3.118*,2,259,1,181,1,78
64:B7:08:A9:2B:20,ALL,udp:36575,192.168.3.1*,2,164,1,74,1,90
64:B7:08:A9:2B:20,ALL,udp:36575,192.168.3.118*,2,164,1,90,1,74
64:B7:08:A9:2B:20,ALL,udp:25010,192.168.3.1*,2,259,1,78,1,181
64:B7:08:A9:2B:20,ALL,udp:25010,192.168.3.118*,2,259,1,181,1,78
64:B7:08:A9:2B:20,ALL,udp:48755,192.168.3.1*,2,259,1,78,1,181
64:B7:08:A9:2B:20,ALL,udp:48755,192.168.3.118*,2,259,1,181,1,78
64:B7:08:A9:2B:20,ALL,udp:52881,192.168.3.1*,2,259,1,78,1,181
64:B7:08:A9:2B:20,ALL,udp:52881,192.168.3.118*,2,259,1,181,1,78
64:B7:08:A9:2B:20,ALL,udp:46790,192.168.3.1*,2,259,1,78,1,181
64:B7:08:A9:2B:20,ALL,udp:46790,192.168.3.118*,2,259,1,181,1,78
64:B7:08:A9:2B:20,ALL,udp:41953,192.168.3.1*,2,208,1,72,1,136
64:B7:08:A9:2B:20,ALL,udp:41953,192.168.3.118*,2,208,1,136,1,72
64:B7:08:A9:2B:20,ALL,udp:52099,192.168.3.1*,2,259,1,78,1,181
64:B7:08:A9:2B:20,ALL,udp:52099,192.168.3.118*,2,259,1,181,1,78
64:B7:08:A9:2B:20,ALL,udp:12009,192.168.3.1*,2,259,1,78,1,181
64:B7:08:A9:2B:20,ALL,udp:12009,192.168.3.118*,2,259,1,181,1,78
64:B7:08:A9:2B:20,ALL,udp:8281,192.168.3.1*,2,259,1,78,1,181
64:B7:08:A9:2B:20,ALL,udp:8281,192.168.3.118*,2,259,1,181,1,78
64:B7:08:A9:2B:20,ALL,udp:23856,192.168.3.1*,2,259,1,78,1,181
64:B7:08:A9:2B:20,ALL,udp:23856,192.168.3.118*,2,259,1,181,1,78
64:B7:08:A9:2B:20,ALL,udp:15445,192.168.3.1*,2,259,1,78,1,181
64:B7:08:A9:2B:20,ALL,udp:15445,192.168.3.118*,2,259,1,181,1,78
64:B7:08:A9:2B:20,ALL,udp:33659,192.168.3.1*,2,259,1,78,1,181
64:B7:08:A9:2B:20,ALL,udp:33659,192.168.3.118*,2,259,1,181,1,78
64:B7:08:A9:2B:20,ALL,udp:38544,192.168.3.1*,2,259,1,78,1,181
64:B7:08:A9:2B:20,ALL,udp:38544,192.168.3.118*,2,259,1,181,1,78
64:B7:08:A9:2B:20,ALL,udp:29836,192.168.3.1*,2,164,1,74,1,90
64:B7:08:A9:2B:20,ALL,udp:29836,192.168.3.118*,2,164,1,90,1,74
64:B7:08:A9:2B:20,ALL,udp:7765,192.168.3.1*,2,259,1,78,1,181
64:B7:08:A9:2B:20,ALL,udp:7765,192.168.3.118*,2,259,1,181,1,78
64:B7:08:A9:2B:20,ALL,udp:24551,192.168.3.1*,2,259,1,78,1,181
64:B7:08:A9:2B:20,ALL,udp:24551,192.168.3.118*,2,259,1,181,1,78
64:B7:08:A9:2B:20,ALL,udp:48949,192.168.3.1*,2,259,1,78,1,181
64:B7:08:A9:2B:20,ALL,udp:48949,192.168.3.118*,2,259,1,181,1,78
64:B7:08:A9:2B:20,ALL,udp:3722,192.168.3.1*,2,259,1,78,1,181
64:B7:08:A9:2B:20,ALL,udp:3722,192.168.3.118*,2,259,1,181,1,78
64:B7:08:A9:2B:20,ALL,udp:59642,192.168.3.1,2,259,1,78,1,181
64:B7:08:A9:2B:20,ALL,udp:59642,54.210.225.137,2,180,1,90,1,90
64:B7:08:A9:2B:20,ALL,udp:53299,192.168.3.1*,2,259,1,78,1,181
64:B7:08:A9:2B:20,ALL,udp:53299,192.168.3.118*,2,259,1,181,1,78
64:B7:08:A9:2B:20,ALL,udp:23941,192.168.3.1*,2,259,1,78,1,181
64:B7:08:A9:2B:20,ALL,udp:23941,192.168.3.118*,2,259,1,181,1,78
64:B7:08:A9:2B:20,ALL,udp:38840,192.168.3.1*,2,259,1,78,1,181
64:B7:08:A9:2B:20,ALL,udp:38840,192.168.3.118*,2,259,1,181,1,78
64:B7:08:A9:2B:20,ALL,udp:64404,192.168.3.1*,2,259,1,78,1,181
64:B7:08:A9:2B:20,ALL,udp:64404,192.168.3.118*,2,259,1,181,1,78
64:B7:08:A9:2B:20,ALL,udp:59074,192.168.3.1,2,259,1,78,1,181
64:B7:08:A9:2B:20,ALL,udp:59074,54.81.127.33,2,180,1,90,1,90
64:B7:08:A9:2B:20,ALL,udp:37406,192.168.3.1*,2,259,1,78,1,181
64:B7:08:A9:2B:20,ALL,udp:37406,192.168.3.118*,2,259,1,181,1,78
64:B7:08:A9:2B:20,ALL,udp:44390,192.168.3.1*,2,164,1,74,1,90
64:B7:08:A9:2B:20,ALL,udp:44390,192.168.3.118*,2,164,1,90,1,74
64:B7:08:A9:2B:20,ALL,udp:45406,192.168.3.1*,2,259,1,78,1,181
64:B7:08:A9:2B:20,ALL,udp:45406,192.168.3.118*,2,259,1,181,1,78
64:B7:08:A9:2B:20,ALL,udp:25117,192.168.3.1*,2,259,1,78,1,181
64:B7:08:A9:2B:20,ALL,udp:25117,192.168.3.118*,2,259,1,181,1,78
64:B7:08:A9:2B:20,ALL,udp:12343,192.168.3.1*,2,259,1,78,1,181
64:B7:08:A9:2B:20,ALL,udp:12343,192.168.3.118*,2,259,1,181,1,78
64:B7:08:A9:2B:20,ALL,udp:20505,192.168.3.1*,2,259,1,78,1,181
64:B7:08:A9:2B:20,ALL,udp:20505,192.168.3.118*,2,259,1,181,1,78
64:B7:08:A9:2B:20,ALL,udp:41066,192.168.3.1*,2,259,1,78,1,181
64:B7:08:A9:2B:20,ALL,udp:41066,192.168.3.118*,2,259,1,181,1,78
64:B7:08:A9:2B:20,ALL,udp:18002,192.168.3.1*,2,259,1,78,1,181
64:B7:08:A9:2B:20,ALL,udp:18002,192.168.3.118*,2,259,1,181,1,78
64:B7:08:A9:2B:20,ALL,udp:1571,192.168.3.1*,2,259,1,78,1,181
64:B7:08:A9:2B:20,ALL,udp:1571,192.168.3.118*,2,259,1,181,1,78
64:B7:08:A9:2B:20,ALL,udp:50787,192.168.3.1*,2,259,1,78,1,181
64:B7:08:A9:2B:20,ALL,udp:50787,192.168.3.118*,2,259,1,181,1,78
64:B7:08:A9:2B:20,ALL,udp:3076,192.168.3.1*,2,259,1,78,1,181
64:B7:08:A9:2B:20,ALL,udp:3076,192.168.3.118*,2,259,1,181,1,78
64:B7:08:A9:2B:20,ALL,udp:9370,192.168.3.1*,2,208,1,72,1,136
64:B7:08:A9:2B:20,ALL,udp:9370,192.168.3.118*,2,208,1,136,1,72
64:B7:08:A9:2B:20,ALL,udp:13090,192.168.3.1*,2,259,1,78,1,181
64:B7:08:A9:2B:20,ALL,udp:13090,192.168.3.118*,2,259,1,181,1,78
64:B7:08:A9:2B:20,ALL,udp:3337,192.168.3.1*,2,259,1,78,1,181
64:B7:08:A9:2B:20,ALL,udp:3337,192.168.3.118*,2,259,1,181,1,78
64:B7:08:A9:2B:20,ALL,udp:14874,192.168.3.1*,2,259,1,78,1,181
64:B7:08:A9:2B:20,ALL,udp:14874,192.168.3.118*,2,259,1,181,1,78
64:B7:08:A9:2B:20,ALL,udp:2948,192.168.3.1*,2,164,1,74,1,90
64:B7:08:A9:2B:20,ALL,udp:2948,192.168.3.118*,2,164,1,90,1,74
64:B7:08:A9:2B:20,ALL,udp:50426,192.168.3.1*,2,259,1,78,1,181
64:B7:08:A9:2B:20,ALL,udp:50426,192.168.3.118*,2,259,1,181,1,78
64:B7:08:A9:2B:20,ALL,udp:32187,192.168.3.1*,2,259,1,78,1,181
64:B7:08:A9:2B:20,ALL,udp:32187,192.168.3.118*,2,259,1,181,1,78
64:B7:08:A9:2B:20,ALL,udp:5112,192.168.3.1*,2,259,1,78,1,181
64:B7:08:A9:2B:20,ALL,udp:5112,192.168.3.118*,2,259,1,181,1,78
64:B7:08:A9:2B:20,ALL,udp:64190,192.168.3.1*,2,259,1,78,1,181
64:B7:08:A9:2B:20,ALL,udp:64190,192.168.3.118*,2,259,1,181,1,78
64:B7:08:A9:2B:20,ALL,udp:50959,192.168.3.1*,2,208,1,72,1,136
64:B7:08:A9:2B:20,ALL,udp:50959,192.168.3.118*,2,208,1,136,1,72
64:B7:08:A9:2B:20,ALL,udp:54996,192.168.3.1*,2,259,1,78,1,181
64:B7:08:A9:2B:20,ALL,udp:54996,192.168.3.118*,2,259,1,181,1,78
64:B7:08:A9:2B:20,ALL,udp:3815,192.168.3.1*,2,259,1,78,1,181
64:B7:08:A9:2B:20,ALL,udp:3815,192.168.3.118*,2,259,1,181,1,78
64:B7:08:A9:2B:20,ALL,udp:64930,192.168.3.1*,2,259,1,78,1,181
64:B7:08:A9:2B:20,ALL,udp:64930,192.168.3.118*,2,259,1,181,1,78
64:B7:08:A9:2B:20,ALL,udp:34801,192.168.3.1*,2,259,1,78,1,181
64:B7:08:A9:2B:20,ALL,udp:34801,192.168.3.118*,2,259,1,181,1,78
64:B7:08:A9:2B:20,ALL,udp:42660,192.168.3.1*,2,259,1,78,1,181
64:B7:08:A9:2B:20,ALL,udp:42660,192.168.3.118*,2,259,1,181,1,78
64:B7:08:A9:2B:20,ALL,udp:10991,192.168.3.1*,2,259,1,78,1,181
64:B7:08:A9:2B:20,ALL,udp:10991,192.168.3.118*,2,259,1,181,1,78
64:B7:08:A9:2B:20,ALL,udp:36950,192.168.3.1*,2,259,1,78,1,181
64:B7:08:A9:2B:20,ALL,udp:36950,192.168.3.118*,2,259,1,181,1,78
64:B7:08:A9:2B:20,ALL,udp:55857,192.168.3.1*,2,164,1,74,1,90
64:B7:08:A9:2B:20,ALL,udp:55857,192.168.3.118*,2,164,1,90,1,74
64:B7:08:A9:2B:20,ALL,udp:7079,192.168.3.1*,2,259,1,78,1,181
64:B7:08:A9:2B:20,ALL,udp:7079,192.168.3.118*,2,259,1,181,1,78
64:B7:08:A9:2B:20,ALL,udp:21802,192.168.3.1*,2,259,1,78,1,181
64:B7:08:A9:2B:20,ALL,udp:21802,192.168.3.118*,2,259,1,181,1,78
64:B7:08:A9:2B:20,ALL,udp:49358,192.168.3.1*,2,259,1,78,1,181
64:B7:08:A9:2B:20,ALL,udp:49358,192.168.3.118*,2,259,1,181,1,78
64:B7:08:A9:2B:20,ALL,udp:39101,192.168.3.1*,2,259,1,78,1,181
64:B7:08:A9:2B:20,ALL,udp:39101,192.168.3.118*,2,259,1,181,1,78
64:B7:08:A9:2B:20,ALL,udp:47087,192.168.3.1*,2,259,1,78,1,181
64:B7:08:A9:2B:20,ALL,udp:47087,192.168.3.118*,2,259,1,181,1,78
64:B7:08:A9:2B:20,ALL,udp:33722,192.168.3.1*,2,259,1,78,1,181
64:B7:08:A9:2B:20,ALL,udp:33722,192.168.3.118*,2,259,1,181,1,78
64:B7:08:A9:2B:20,ALL,udp:43909,192.168.3.1*,2,259,1,78,1,181
64:B7:08:A9:2B:20,ALL,udp:43909,192.168.3.118*,2,259,1,181,1,78
64:B7:08:A9:2B:20,ALL,udp:33101,192.168.3.1*,2,259,1,78,1,181
64:B7:08:A9:2B:20,ALL,udp:33101,192.168.3.118*,2,259,1,181,1,78
64:B7:08:A9:2B:20,ALL,udp:60818,192.168.3.1*,2,208,1,72,1,136
64:B7:08:A9:2B:20,ALL,udp:60818,192.168.3.118*,2,208,1,136,1,72
64:B7:08:A9:2B:20,ALL,udp:37996,192.168.3.1*,2,259,1,78,1,181
64:B7:08:A9:2B:20,ALL,udp:37996,192.168.3.118*,2,259,1,181,1,78
64:B7:08:A9:2B:20,ALL,udp:43508,192.168.3.1*,2,259,1,78,1,181
64:B7:08:A9:2B:20,ALL,udp:43508,192.168.3.118*,2,259,1,181,1,78
64:B7:08:A9:2B:20,ALL,udp:18948,192.168.3.1*,2,259,1,78,1,181
64:B7:08:A9:2B:20,ALL,udp:18948,192.168.3.118*,2,259,1,181,1,78
64:B7:08:A9:2B:20,ALL,udp:44258,192.168.3.1*,2,164,1,74,1,90
64:B7:08:A9:2B:20,ALL,udp:44258,192.168.3.118*,2,164,1,90,1,74
64:B7:08:A9:2B:20,ALL,udp:29401,192.168.3.1*,2,259,1,78,1,181
64:B7:08:A9:2B:20,ALL,udp:29401,192.168.3.118*,2,259,1,181,1,78
64:B7:08:A9:2B:20,ALL,udp:15857,192.168.3.1*,2,208,1,72,1,136
64:B7:08:A9:2B:20,ALL,udp:15857,192.168.3.118*,2,208,1,136,1,72
64:B7:08:A9:2B:20,ALL,udp:58489,192.168.3.1,2,259,1,78,1,181
64:B7:08:A9:2B:20,ALL,udp:58489,3.94.91.31,2,180,1,90,1,90
64:B7:08:A9:2B:20,ALL,udp:16517,192.168.3.1*,2,259,1,78,1,181
64:B7:08:A9:2B:20,ALL,udp:16517,192.168.3.118*,2,259,1,181,1,78
64:B7:08:A9:2B:20,ALL,udp:56185,192.168.3.1*,2,259,1,78,1,181
64:B7:08:A9:2B:20,ALL,udp:56185,192.168.3.118*,2,259,1,181,1,78
64:B7:08:A9:2B:20,ALL,udp:25114,192.168.3.1*,2,259,1,78,1,181
64:B7:08:A9:2B:20,ALL,udp:25114,192.168.3.118*,2,259,1,181,1,78
64:B7:08:A9:2B:20,ALL,udp:63724,192.168.3.1*,2,259,1,78,1,181
64:B7:08:A9:2B:20,ALL,udp:63724,192.168.3.118*,2,259,1,181,1,78
64:B7:08:A9:2B:20,ALL,udp:62820,192.168.3.1*,2,259,1,78,1,181
64:B7:08:A9:2B:20,ALL,udp:62820,192.168.3.118*,2,259,1,181,1,78
64:B7:08:A9:2B:20,ALL,udp:25987,192.168.3.1*,2,259,1,78,1,181
64:B7:08:A9:2B:20,ALL,udp:25987,192.168.3.118*,2,259,1,181,1,78
64:B7:08:A9:2B:20,ALL,udp:28929,192.168.3.1*,2,259,1,78,1,181
64:B7:08:A9:2B:20,ALL,udp:28929,192.168.3.118*,2,259,1,181,1,78
64:B7:08:A9:2B:20,ALL,udp:34380,192.168.3.1*,2,259,1,78,1,181
64:B7:08:A9:2B:20,ALL,udp:34380,192.168.3.118*,2,259,1,181,1,78
64:B7:08:A9:2B:20,ALL,udp:29132,192.168.3.1*,2,259,1,78,1,181
64:B7:08:A9:2B:20,ALL,udp:29132,192.168.3.118*,2,259,1,181,1,78
64:B7:08:A9:2B:20,ALL,udp:57092,192.168.3.1*,2,164,1,74,1,90
64:B7:08:A9:2B:20,ALL,udp:57092,192.168.3.118*,2,164,1,90,1,74
64:B7:08:A9:2B:20,ALL,udp:10842,192.168.3.1*,2,259,1,78,1,181
64:B7:08:A9:2B:20,ALL,udp:10842,192.168.3.118*,2,259,1,181,1,78
64:B7:08:A9:2B:20,ALL,udp:19595,192.168.3.1*,2,259,1,78,1,181
64:B7:08:A9:2B:20,ALL,udp:19595,192.168.3.118*,2,259,1,181,1,78
64:B7:08:A9:2B:20,ALL,udp:47632,192.168.3.1*,2,259,1,78,1,181
64:B7:08:A9:2B:20,ALL,udp:47632,192.168.3.118*,2,259,1,181,1,78
64:B7:08:A9:2B:20,ALL,udp:18561,192.168.3.1*,2,259,1,78,1,181
64:B7:08:A9:2B:20,ALL,udp:18561,192.168.3.118*,2,259,1,181,1,78
64:B7:08:A9:2B:20,ALL,udp:34549,192.168.3.1*,2,259,1,78,1,181
64:B7:08:A9:2B:20,ALL,udp:34549,192.168.3.118*,2,259,1,181,1,78
64:B7:08:A9:2B:20,ALL,udp:21261,192.168.3.1*,2,259,1,78,1,181
64:B7:08:A9:2B:20,ALL,udp:21261,192.168.3.118*,2,259,1,181,1,78
64:B7:08:A9:2B:20,ALL,udp:4804,192.168.3.1*,2,259,1,78,1,181
64:B7:08:A9:2B:20,ALL,udp:4804,192.168.3.118*,2,259,1,181,1,78
64:B7:08:A9:2B:20,ALL,udp:62076,192.168.3.1*,2,259,1,78,1,181
64:B7:08:A9:2B:20,ALL,udp:62076,192.168.3.118*,2,259,1,181,1,78
64:B7:08:A9:2B:20,ALL,udp:42581,192.168.3.1*,2,208,1,72,1,136
64:B7:08:A9:2B:20,ALL,udp:42581,192.168.3.118*,2,208,1,136,1,72
64:B7:08:A9:2B:20,ALL,udp:62536,192.168.3.1*,2,259,1,78,1,181
64:B7:08:A9:2B:20,ALL,udp:62536,192.168.3.118*,2,259,1,181,1,78
64:B7:08:A9:2B:20,ALL,udp:1195,192.168.3.1*,2,259,1,78,1,181
64:B7:08:A9:2B:20,ALL,udp:1195,192.168.3.118*,2,259,1,181,1,78
64:B7:08:A9:2B:20,ALL,udp:51393,192.168.3.1*,2,259,1,78,1,181
64:B7:08:A9:2B:20,ALL,udp:51393,192.168.3.118*,2,259,1,181,1,78
64:B7:08:A9:2B:20,ALL,udp:56599,192.168.3.1*,2,259,1,78,1,181
64:B7:08:A9:2B:20,ALL,udp:56599,192.168.3.118*,2,259,1,181,1,78
64:B7:08:A9:2B:20,ALL,udp:53999,192.168.3.1*,2,164,1,74,1,90
64:B7:08:A9:2B:20,ALL,udp:53999,192.168.3.118*,2,164,1,90,1,74
64:B7:08:A9:2B:20,ALL,udp:44082,192.168.3.1*,2,259,1,78,1,181
64:B7:08:A9:2B:20,ALL,udp:44082,192.168.3.118*,2,259,1,181,1,78
64:B7:08:A9:2B:20,ALL,udp:56932,192.168.3.1*,2,259,1,78,1,181
64:B7:08:A9:2B:20,ALL,udp:56932,192.168.3.118*,2,259,1,181,1,78
64:B7:08:A9:2B:20,ALL,udp:45752,192.168.3.1*,2,259,1,78,1,181
64:B7:08:A9:2B:20,ALL,udp:45752,192.168.3.118*,2,259,1,181,1,78
64:B7:08:A9:2B:20,ALL,udp:13962,192.168.3.1*,2,259,1,78,1,181
64:B7:08:A9:2B:20,ALL,udp:13962,192.168.3.118*,2,259,1,181,1,78
64:B7:08:A9:2B:20,ALL,udp:48883,192.168.3.1*,2,259,1,78,1,181
64:B7:08:A9:2B:20,ALL,udp:48883,192.168.3.118*,2,259,1,181,1,78
64:B7:08:A9:2B:20,ALL,udp:24695,192.168.3.1*,2,259,1,78,1,181
64:B7:08:A9:2B:20,ALL,udp:24695,192.168.3.118*,2,259,1,181,1,78
64:B7:08:A9:2B:20,ALL,udp:30995,192.168.3.1*,2,259,1,78,1,181
64:B7:08:A9:2B:20,ALL,udp:30995,192.168.3.118*,2,259,1,181,1,78
64:B7:08:A9:2B:20,ALL,udp:51505,192.168.3.1*,2,259,1,78,1,181
64:B7:08:A9:2B:20,ALL,udp:51505,192.168.3.118*,2,259,1,181,1,78
64:B7:08:A9:2B:20,ALL,udp:25813,192.168.3.1*,2,259,1,78,1,181
64:B7:08:A9:2B:20,ALL,udp:25813,192.168.3.118*,2,259,1,181,1,78
64:B7:08:A9:2B:20,ALL,udp:13788,192.168.3.1*,2,259,1,78,1,181
64:B7:08:A9:2B:20,ALL,udp:13788,192.168.3.118*,2,259,1,181,1,78
64:B7:08:A9:2B:20,ALL,udp:31711,192.168.3.1*,2,259,1,78,1,181
64:B7:08:A9:2B:20,ALL,udp:31711,192.168.3.118*,2,259,1,181,1,78
64:B7:08:A9:2B:20,ALL,udp:35829,192.168.3.1*,2,164,1,74,1,90
64:B7:08:A9:2B:20,ALL,udp:35829,192.168.3.118*,2,164,1,90,1,74
64:B7:08:A9:2B:20,ALL,udp:32958,192.168.3.1*,2,259,1,78,1,181
64:B7:08:A9:2B:20,ALL,udp:32958,192.168.3.118*,2,259,1,181,1,78
64:B7:08:A9:2B:20,ALL,udp:50211,192.168.3.1*,2,259,1,78,1,181
64:B7:08:A9:2B:20,ALL,udp:50211,192.168.3.118*,2,259,1,181,1,78
64:B7:08:A9:2B:20,ALL,udp:53742,192.168.3.1*,2,259,1,78,1,181
64:B7:08:A9:2B:20,ALL,udp:53742,192.168.3.118*,2,259,1,181,1,78
64:B7:08:A9:2B:20,ALL,udp:14792,192.168.3.1*,2,259,1,78,1,181
64:B7:08:A9:2B:20,ALL,udp:14792,192.168.3.118*,2,259,1,181,1,78
64:B7:08:A9:2B:20,ALL,udp:16923,192.168.3.1*,2,259,1,78,1,181
64:B7:08:A9:2B:20,ALL,udp:16923,192.168.3.118*,2,259,1,181,1,78
64:B7:08:A9:2B:20,ALL,udp:3402,192.168.3.1*,2,259,1,78,1,181
64:B7:08:A9:2B:20,ALL,udp:3402,192.168.3.118*,2,259,1,181,1,78
64:B7:08:A9:2B:20,ALL,udp:4084,192.168.3.1*,2,259,1,78,1,181
64:B7:08:A9:2B:20,ALL,udp:4084,192.168.3.118*,2,259,1,181,1,78
64:B7:08:A9:2B:20,ALL,udp:53440,192.168.3.1*,2,259,1,78,1,181
64:B7:08:A9:2B:20,ALL,udp:53440,192.168.3.118*,2,259,1,181,1,78
64:B7:08:A9:2B:20,ALL,udp:6110,192.168.3.1*,2,259,1,78,1,181
64:B7:08:A9:2B:20,ALL,udp:6110,192.168.3.118*,2,259,1,181,1,78
64:B7:08:A9:2B:20,ALL,udp:61018,192.168.3.1*,2,164,1,74,1,90
64:B7:08:A9:2B:20,ALL,udp:61018,192.168.3.118*,2,164,1,90,1,74
64:B7:08:A9:2B:20,ALL,udp:57325,192.168.3.1*,2,259,1,78,1,181
64:B7:08:A9:2B:20,ALL,udp:57325,192.168.3.118*,2,259,1,181,1,78
64:B7:08:A9:2B:20,ALL,udp:39699,192.168.3.1*,2,259,1,78,1,181
64:B7:08:A9:2B:20,ALL,udp:39699,192.168.3.118*,2,259,1,181,1,78
64:B7:08:A9:2B:20,ALL,udp:6443,192.168.3.1*,2,259,1,78,1,181
64:B7:08:A9:2B:20,ALL,udp:6443,192.168.3.118*,2,259,1,181,1,78
64:B7:08:A9:2B:20,ALL,udp:41951,192.168.3.1*,2,259,1,78,1,181
64:B7:08:A9:2B:20,ALL,udp:41951,192.168.3.118*,2,259,1,181,1,78
64:B7:08:A9:2B:20,ALL,udp:4767,192.168.3.1*,2,259,1,78,1,181
64:B7:08:A9:2B:20,ALL,udp:4767,192.168.3.118*,2,259,1,181,1,78
64:B7:08:A9:2B:20,ALL,udp:10015,192.168.3.1*,2,259,1,78,1,181
64:B7:08:A9:2B:20,ALL,udp:10015,192.168.3.118*,2,259,1,181,1,78
64:B7:08:A9:2B:20,ALL,udp:31654,192.168.3.1*,2,259,1,78,1,181
64:B7:08:A9:2B:20,ALL,udp:31654,192.168.3.118*,2,259,1,181,1,78
64:B7:08:A9:2B:20,ALL,udp:34320,192.168.3.1*,2,259,1,78,1,181
64:B7:08:A9:2B:20,ALL,udp:34320,192.168.3.118*,2,259,1,181,1,78
64:B7:08:A9:2B:20,ALL,udp:11676,192.168.3.1*,2,259,1,78,1,181
64:B7:08:A9:2B:20,ALL,udp:11676,192.168.3.118*,2,259,1,181,1,78
64:B7:08:A9:2B:20,ALL,udp:16275,192.168.3.1*,2,259,1,78,1,181
64:B7:08:A9:2B:20,ALL,udp:16275,192.168.3.118*,2,259,1,181,1,78
64:B7:08:A9:2B:20,ALL,udp:41171,192.168.3.1*,2,259,1,78,1,181
64:B7:08:A9:2B:20,ALL,udp:41171,192.168.3.118*,2,259,1,181,1,78
64:B7:08:A9:2B:20,ALL,udp:7289,192.168.3.1*,2,164,1,74,1,90
64:B7:08:A9:2B:20,ALL,udp:7289,192.168.3.118*,2,164,1,90,1,74
64:B7:08:A9:2B:20,ALL,udp:26997,192.168.3.1*,2,259,1,78,1,181
64:B7:08:A9:2B:20,ALL,udp:26997,192.168.3.118*,2,259,1,181,1,78
64:B7:08:A9:2B:20,ALL,udp:47397,192.168.3.1*,2,259,1,78,1,181
64:B7:08:A9:2B:20,ALL,udp:47397,192.168.3.118*,2,259,1,181,1,78
64:B7:08:A9:2B:20,ALL,udp:32055,192.168.3.1*,2,259,1,78,1,181
64:B7:08:A9:2B:20,ALL,udp:32055,192.168.3.118*,2,259,1,181,1,78
64:B7:08:A9:2B:20,ALL,udp:60032,192.168.3.1*,2,259,1,78,1,181
64:B7:08:A9:2B:20,ALL,udp:60032,192.168.3.118*,2,259,1,181,1,78
64:B7:08:A9:2B:20,ALL,udp:29185,192.168.3.1*,2,259,1,78,1,181
64:B7:08:A9:2B:20,ALL,udp:29185,192.168.3.118*,2,259,1,181,1,78
64:B7:08:A9:2B:20,ALL,udp:48913,192.168.3.1*,2,259,1,78,1,181
64:B7:08:A9:2B:20,ALL,udp:48913,192.168.3.118*,2,259,1,181,1,78
64:B7:08:A9:2B:20,ALL,udp:61098,192.168.3.1*,2,259,1,78,1,181
64:B7:08:A9:2B:20,ALL,udp:61098,192.168.3.118*,2,259,1,181,1,78
64:B7:08:A9:2B:20,ALL,udp:58796,192.168.3.1,2,259,1,78,1,181
64:B7:08:A9:2B:20,ALL,udp:58796,3.86.4.106,2,180,1,90,1,90
64:B7:08:A9:2B:20,ALL,udp:44089,192.168.3.1*,2,259,1,78,1,181
64:B7:08:A9:2B:20,ALL,udp:44089,192.168.3.118*,2,259,1,181,1,78
64:B7:08:A9:2B:20,ALL,udp:20233,192.168.3.1*,2,259,1,78,1,181
64:B7:08:A9:2B:20,ALL,udp:20233,192.168.3.118*,2,259,1,181,1,78
64:B7:08:A9:2B:20,ALL,udp:24144,192.168.3.1*,2,259,1,78,1,181
64:B7:08:A9:2B:20,ALL,udp:24144,192.168.3.118*,2,259,1,181,1,78
64:B7:08:A9:2B:20,ALL,udp:17484,192.168.3.1*,2,259,1,78,1,181
64:B7:08:A9:2B:20,ALL,udp:17484,192.168.3.118*,2,259,1,181,1,78
64:B7:08:A9:2B:20,ALL,udp:50079,192.168.3.1*,2,164,1,74,1,90
64:B7:08:A9:2B:20,ALL,udp:50079,192.168.3.118*,2,164,1,90,1,74
64:B7:08:A9:2B:20,ALL,udp:7056,192.168.3.1*,2,259,1,78,1,181
64:B7:08:A9:2B:20,ALL,udp:7056,192.168.3.118*,2,259,1,181,1,78
64:B7:08:A9:2B:20,ALL,udp:22081,192.168.3.1*,2,259,1,78,1,181
64:B7:08:A9:2B:20,ALL,udp:22081,192.168.3.118*,2,259,1,181,1,78
64:B7:08:A9:2B:20,ALL,udp:54737,192.168.3.1*,2,259,1,78,1,181
64:B7:08:A9:2B:20,ALL,udp:54737,192.168.3.118*,2,259,1,181,1,78
64:B7:08:A9:2B:20,ALL,udp:2146,192.168.3.1*,2,259,1,78,1,181
64:B7:08:A9:2B:20,ALL,udp:2146,192.168.3.118*,2,259,1,181,1,78
64:B7:08:A9:2B:20,ALL,udp:22291,192.168.3.1*,2,259,1,78,1,181
64:B7:08:A9:2B:20,ALL,udp:22291,192.168.3.118*,2,259,1,181,1,78
64:B7:08:A9:2B:20,ALL,udp:55069,192.168.3.1*,2,259,1,78,1,181
64:B7:08:A9:2B:20,ALL,udp:55069,192.168.3.118*,2,259,1,181,1,78
64:B7:08:A9:2B:20,ALL,udp:10119,192.168.3.1*,2,259,1,78,1,181
64:B7:08:A9:2B:20,ALL,udp:10119,192.168.3.118*,2,259,1,181,1,78
64:B7:08:A9:2B:20,ALL,udp:64681,192.168.3.1*,2,259,1,78,1,181
64:B7:08:A9:2B:20,ALL,udp:64681,192.168.3.118*,2,259,1,181,1,78
64:B7:08:A9:2B:20,ALL,udp:49554,192.168.3.1*,2,259,1,78,1,181
64:B7:08:A9:2B:20,ALL,udp:49554,192.168.3.118*,2,259,1,181,1,78
64:B7:08:A9:2B:20,ALL,udp:47813,192.168.3.1*,2,259,1,78,1,181
64:B7:08:A9:2B:20,ALL,udp:47813,192.168.3.118*,2,259,1,181,1,78
64:B7:08:A9:2B:20,ALL,tcp:8883,192.168.3.118*,4541,447704,1655,135016,2886,312688
64:B7:08:A9:2B:20,ALL,tcp:8883,54.166.46.86*,4541,447704,2886,312688,1655,135016
64:B7:08:A9:2B:20,ALL,https,209.54.177.114,57,17118,31,3956,26,13162
64:B7:08:A9:2B:20,ALL,https,209.54.177.117,84,25596,45,5853,39,19743
64:B7:08:A9:2B:20,ALL,https,209.54.177.153,141,42743,76,9809,65,32934
64:B7:08:A9:2B:20,ALL,https,209.54.177.154,139,42606,74,9701,65,32905
64:B7:08:A9:2B:20,ALL,https,209.54.177.157,85,25650,45,5853,40,19797
64:B7:08:A9:2B:20,ALL,https,209.54.178.134,28,8532,15,1951,13,6581
64:B7:08:A9:2B:20,ALL,https,209.54.178.164,136,42444,73,9647,63,32797
64:B7:08:A9:2B:20,ALL,https,209.54.178.166,29,8586,16,2005,13,6581
64:B7:08:A9:2B:20,ALL,https,209.54.179.88,84,25625,45,5853,39,19772
64:B7:08:A9:2B:20,ALL,https,209.54.179.93,28,8532,15,1951,13,6581
64:B7:08:A9:2B:20,ALL,https,209.54.180.25,57,17118,31,3956,26,13162
64:B7:08:A9:2B:20,ALL,https,209.54.180.27,166,51084,89,11652,77,39432
64:B7:08:A9:2B:20,ALL,https,209.54.180.44,84,25596,45,5853,39,19743
64:B7:08:A9:2B:20,ALL,https,209.54.181.4,56,17064,30,3902,26,13162
64:B7:08:A9:2B:20,ALL,https,44.215.134.182,80,23559,44,6429,36,17130
64:B7:08:A9:2B:20,ALL,https,44.215.138.245,26,7817,14,2107,12,5710
64:B7:08:A9:2B:20,ALL,https,52.119.196.31,140,42660,75,9755,65,32905
64:B7:08:A9:2B:20,ALL,https,52.119.198.101,198,59832,106,13711,92,46121
64:B7:08:A9:2B:20,ALL,https,52.119.198.106,166,51084,89,11652,77,39432
64:B7:08:A9:2B:20,ALL,https,52.119.198.109,56,17064,30,3902,26,13162
64:B7:08:A9:2B:20,ALL,https,52.119.198.118,57,17118,30,3902,27,13216
64:B7:08:A9:2B:20,ALL,https,52.119.198.186,83,25542,44,5799,39,19743
64:B7:08:A9:2B:20,ALL,https,52.119.198.189,58,17172,31,3956,27,13216
64:B7:08:A9:2B:20,ALL,https,52.119.198.2,57,17118,31,3956,26,13162
64:B7:08:A9:2B:20,ALL,https,52.46.128.81,83,25542,45,5853,38,19689
64:B7:08:A9:2B:20,ALL,https,52.46.131.169,57,17118,31,3956,26,13162
64:B7:08:A9:2B:20,ALL,https,52.46.131.184,138,42552,74,9701,64,32851
64:B7:08:A9:2B:20,ALL,https,52.46.131.209,113,34182,61,7858,52,26324
64:B7:08:A9:2B:20,ALL,https,52.46.143.123,28,8532,15,1951,13,6581
64:B7:08:A9:2B:20,ALL,https,52.46.146.126,28,8532,15,1951,13,6581
64:B7:08:A9:2B:20,ALL,https,52.46.149.20,28,8532,15,1951,13,6581
64:B7:08:A9:2B:20,ALL,https,52.46.149.29,111,34074,59,7750,52,26324
64:B7:08:A9:2B:20,ALL,https,52.46.149.57,142,42768,75,9755,67,33013
64:B7:08:A9:2B:20,ALL,https,52.46.155.112,82,25488,44,5799,38,19689
64:B7:08:A9:2B:20,ALL,https,52.46.158.193,85,25650,45,5853,40,19797
64:B7:08:A9:2B:20,ALL,https,52.94.240.240,169,51246,91,11760,78,39486
64:B7:08:A9:2B:20,ALL,https,52.94.241.146,28,8532,15,1951,13,6581
64:B7:08:A9:2B:20,ALL,https,52.94.242.236,113,34182,60,7804,53,26378
64:B7:08:A9:2B:20,ALL,https,54.239.27.82,56,17064,30,3902,26,13162
64:B7:08:A9:2B:20,ALL,https,72.21.207.143,85,25650,45,5853,40,19797
