MAC,WAN/LAN,Protocol,IP,TotalPackets,TotalBytes,TxPackets,TxBytes,RxPackets,RxBytes
D4:F5:47:82:0E:C6,ALL,ip,142.250.176.195,1798,281888,1065,179737,733,102151
D4:F5:47:82:0E:C6,ALL,ip,142.250.176.202,532,223878,265,133392,267,90486
D4:F5:47:82:0E:C6,ALL,ip,142.250.176.206,436,177057,238,89484,198,87573
D4:F5:47:82:0E:C6,ALL,ip,142.250.31.188,4437,318599,2215,149536,2222,169063
D4:F5:47:82:0E:C6,ALL,ip,142.250.64.106,166,58132,86,22923,80,35209
D4:F5:47:82:0E:C6,ALL,ip,142.250.64.74,293,101903,143,59750,150,42153
D4:F5:47:82:0E:C6,ALL,ip,142.250.64.78,1370,1370752,476,169771,894,1200981
D4:F5:47:82:0E:C6,ALL,ip,142.250.65.170,523,180576,270,110531,253,70045
D4:F5:47:82:0E:C6,ALL,ip,142.250.65.202,342,141321,178,77306,164,64015
D4:F5:47:82:0E:C6,ALL,ip,142.250.65.234,319,114861,175,58699,144,56162
D4:F5:47:82:0E:C6,ALL,ip,142.250.72.106,265,90363,136,33710,129,56653
D4:F5:47:82:0E:C6,ALL,ip,142.250.80.10,17,7022,10,1384,7,5638
D4:F5:47:82:0E:C6,ALL,ip,142.250.80.106,288,103147,157,47181,131,55966
D4:F5:47:82:0E:C6,ALL,ip,142.250.80.110,890,733739,309,110673,581,623066
D4:F5:47:82:0E:C6,ALL,ip,142.250.80.42,197,69674,108,34523,89,35151
D4:F5:47:82:0E:C6,ALL,ip,142.250.80.74,201,67134,105,23652,96,43482
D4:F5:47:82:0E:C6,ALL,ip,142.250.80.78,43,13278,21,2560,22,10718
D4:F5:47:82:0E:C6,ALL,ip,142.250.80.99,1016,154193,602,101880,414,52313
D4:F5:47:82:0E:C6,ALL,ip,142.250.81.234,106,33044,53,10374,53,22670
D4:F5:47:82:0E:C6,ALL,ip,142.251.16.188,3939,272844,1969,133168,1970,139676
D4:F5:47:82:0E:C6,ALL,ip,142.251.163.188,4912,350612,2454,165260,2458,185352
D4:F5:47:82:0E:C6,ALL,ip,142.251.167.102,58,26586,29,9358,29,17228
D4:F5:47:82:0E:C6,ALL,ip,142.251.167.188,7857,565038,3923,265818,3934,299220
D4:F5:47:82:0E:C6,ALL,ip,142.251.179.188,280,26643,140,10090,140,16553
D4:F5:47:82:0E:C6,ALL,ip,142.251.32.106,398,157271,202,71694,196,85577
D4:F5:47:82:0E:C6,ALL,ip,142.251.32.110,14927,12065868,5663,2070934,9264,9994934
D4:F5:47:82:0E:C6,ALL,ip,142.251.32.99,28893,4432766,17158,2912698,11735,1520068
D4:F5:47:82:0E:C6,ALL,ip,142.251.35.170,212,74808,114,32698,98,42110
D4:F5:47:82:0E:C6,ALL,ip,142.251.35.174,30,11594,15,2456,15,9138
D4:F5:47:82:0E:C6,ALL,ip,142.251.40.106,228,82740,125,39837,103,42903
D4:F5:47:82:0E:C6,ALL,ip,142.251.40.131,644,96730,371,63164,273,33566
D4:F5:47:82:0E:C6,ALL,ip,142.251.40.138,305,102131,155,50559,150,51572
D4:F5:47:82:0E:C6,ALL,ip,142.251.40.170,228,76023,119,33015,109,43008
D4:F5:47:82:0E:C6,ALL,ip,142.251.40.174,30,12094,15,2456,15,9638
D4:F5:47:82:0E:C6,ALL,ip,142.251.40.202,261,107388,127,30164,134,77224
D4:F5:47:82:0E:C6,ALL,ip,142.251.40.227,3295,506960,1957,332314,1338,174646
D4:F5:47:82:0E:C6,ALL,ip,142.251.40.234,159,59406,84,24735,75,34671
D4:F5:47:82:0E:C6,ALL,ip,142.251.40.238,80,18235,40,4975,40,13260
D4:F5:47:82:0E:C6,ALL,ip,142.251.41.10,282,102733,148,46568,134,56165
D4:F5:47:82:0E:C6,ALL,ip,142.251.41.14,92,34955,47,7671,45,27284
D4:F5:47:82:0E:C6,ALL,ip,142.251.41.3,138,44375,68,8552,70,35823
D4:F5:47:82:0E:C6,ALL,ip,172.217.165.138,155,50908,81,21516,74,29392
D4:F5:47:82:0E:C6,ALL,ip,172.217.165.142,4916,3097035,2295,945637,2621,2151398
D4:F5:47:82:0E:C6,ALL,ip,172.253.115.188,2015,143468,1007,68480,1008,74988
D4:F5:47:82:0E:C6,ALL,ip,172.253.122.101,54,26313,27,9208,27,17105
D4:F5:47:82:0E:C6,ALL,ip,172.253.122.188,174,19685,86,6562,88,13123
D4:F5:47:82:0E:C6,ALL,ip,172.253.63.188,7533,505687,3767,252236,3766,253451
D4:F5:47:82:0E:C6,ALL,ip,172.253.63.94,314,47855,186,31633,128,16222
D4:F5:47:82:0E:C6,ALL,ip,216.239.32.223,3,210,2,156,1,54
D4:F5:47:82:0E:C6,ALL,ip,216.239.34.223,118,32699,54,10787,64,21912
D4:F5:47:82:0E:C6,ALL,ip,216.239.35.0,207,18630,104,9360,103,9270
D4:F5:47:82:0E:C6,ALL,ip,216.239.35.12,276,24840,139,12510,137,12330
D4:F5:47:82:0E:C6,ALL,ip,216.239.35.4,244,21960,122,10980,122,10980
D4:F5:47:82:0E:C6,ALL,ip,216.239.35.8,233,20970,118,10620,115,10350
D4:F5:47:82:0E:C6,ALL,ip,216.239.36.223,73,27751,38,14158,35,13593
D4:F5:47:82:0E:C6,ALL,ip,216.239.38.223,149,52568,75,24901,74,27667
D4:F5:47:82:0E:C6,ALL,ip,34.104.35.123,42117,116520206,4616,306220,37501,116213986
D4:F5:47:82:0E:C6,ALL,ip,64.233.180.188,7453,545965,3720,252984,3733,292981
D4:F5:47:82:0E:C6,ALL,ip,8.8.8.8,31090,2789810,15546,1162043,15544,1627767
D4:F5:47:82:0E:C6,ALL,tcp,142.250.176.195,1798,281888,1065,179737,733,102151
D4:F5:47:82:0E:C6,ALL,tcp,142.250.176.202,532,223878,265,133392,267,90486
D4:F5:47:82:0E:C6,ALL,tcp,142.250.176.206,260,80940,135,19511,125,61429
D4:F5:47:82:0E:C6,ALL,tcp,142.250.31.188,4437,318599,2215,149536,2222,169063
D4:F5:47:82:0E:C6,ALL,tcp,142.250.64.106,166,58132,86,22923,80,35209
D4:F5:47:82:0E:C6,ALL,tcp,142.250.64.74,293,101903,143,59750,150,42153
D4:F5:47:82:0E:C6,ALL,tcp,142.250.64.78,520,611592,185,28246,335,583346
D4:F5:47:82:0E:C6,ALL,tcp,142.250.65.170,523,180576,270,110531,253,70045
D4:F5:47:82:0E:C6,ALL,tcp,142.250.65.202,342,141321,178,77306,164,64015
D4:F5:47:82:0E:C6,ALL,tcp,142.250.65.234,319,114861,175,58699,144,56162
D4:F5:47:82:0E:C6,ALL,tcp,142.250.72.106,265,90363,136,33710,129,56653
D4:F5:47:82:0E:C6,ALL,tcp,142.250.80.10,17,7022,10,1384,7,5638
D4:F5:47:82:0E:C6,ALL,tcp,142.250.80.106,288,103147,157,47181,131,55966
D4:F5:47:82:0E:C6,ALL,tcp,142.250.80.110,155,36210,79,9804,76,26406
D4:F5:47:82:0E:C6,ALL,tcp,142.250.80.42,197,69674,108,34523,89,35151
D4:F5:47:82:0E:C6,ALL,tcp,142.250.80.74,201,67134,105,23652,96,43482
D4:F5:47:82:0E:C6,ALL,tcp,142.250.80.78,43,13278,21,2560,22,10718
D4:F5:47:82:0E:C6,ALL,tcp,142.250.80.99,1016,154193,602,101880,414,52313
D4:F5:47:82:0E:C6,ALL,tcp,142.250.81.234,106,33044,53,10374,53,22670
D4:F5:47:82:0E:C6,ALL,tcp,142.251.16.188,3939,272844,1969,133168,1970,139676
D4:F5:47:82:0E:C6,ALL,tcp,142.251.163.188,4912,350612,2454,165260,2458,185352
D4:F5:47:82:0E:C6,ALL,tcp,142.251.167.102,30,10678,15,1847,15,8831
D4:F5:47:82:0E:C6,ALL,tcp,142.251.167.188,7857,565038,3923,265818,3934,299220
D4:F5:47:82:0E:C6,ALL,tcp,142.251.179.188,280,26643,140,10090,140,16553
D4:F5:47:82:0E:C6,ALL,tcp,142.251.32.106,398,157271,202,71694,196,85577
D4:F5:47:82:0E:C6,ALL,tcp,142.251.32.110,3761,1859088,1892,267052,1869,1592036
D4:F5:47:82:0E:C6,ALL,tcp,142.251.32.99,28893,4432766,17158,2912698,11735,1520068
D4:F5:47:82:0E:C6,ALL,tcp,142.251.35.170,212,74808,114,32698,98,42110
D4:F5:47:82:0E:C6,ALL,tcp,142.251.35.174,30,11594,15,2456,15,9138
D4:F5:47:82:0E:C6,ALL,tcp,142.251.40.106,228,82740,125,39837,103,42903
D4:F5:47:82:0E:C6,ALL,tcp,142.251.40.131,644,96730,371,63164,273,33566
D4:F5:47:82:0E:C6,ALL,tcp,142.251.40.138,305,102131,155,50559,150,51572
D4:F5:47:82:0E:C6,ALL,tcp,142.251.40.170,228,76023,119,33015,109,43008
D4:F5:47:82:0E:C6,ALL,tcp,142.251.40.174,30,12094,15,2456,15,9638
D4:F5:47:82:0E:C6,ALL,tcp,142.251.40.202,261,107388,127,30164,134,77224
D4:F5:47:82:0E:C6,ALL,tcp,142.251.40.227,3295,506960,1957,332314,1338,174646
D4:F5:47:82:0E:C6,ALL,tcp,142.251.40.234,159,59406,84,24735,75,34671
D4:F5:47:82:0E:C6,ALL,tcp,142.251.40.238,80,18235,40,4975,40,13260
D4:F5:47:82:0E:C6,ALL,tcp,142.251.41.10,282,102733,148,46568,134,56165
D4:F5:47:82:0E:C6,ALL,tcp,142.251.41.14,92,34955,47,7671,45,27284
D4:F5:47:82:0E:C6,ALL,tcp,142.251.41.3,138,44375,68,8552,70,35823
D4:F5:47:82:0E:C6,ALL,tcp,172.217.165.138,155,50908,81,21516,74,29392
D4:F5:47:82:0E:C6,ALL,tcp,172.217.165.142,1805,805911,885,118652,920,687259
D4:F5:47:82:0E:C6,ALL,tcp,172.253.115.188,2015,143468,1007,68480,1008,74988
D4:F5:47:82:0E:C6,ALL,tcp,172.253.122.101,30,10678,15,1847,15,8831
D4:F5:47:82:0E:C6,ALL,tcp,172.253.122.188,174,19685,86,6562,88,13123
D4:F5:47:82:0E:C6,ALL,tcp,172.253.63.188,7533,505687,3767,252236,3766,253451
D4:F5:47:82:0E:C6,ALL,tcp,172.253.63.94,314,47855,186,31633,128,16222
D4:F5:47:82:0E:C6,ALL,tcp,216.239.32.223,3,210,2,156,1,54
D4:F5:47:82:0E:C6,ALL,tcp,216.239.34.223,118,32699,54,10787,64,21912
D4:F5:47:82:0E:C6,ALL,tcp,216.239.36.223,73,27751,38,14158,35,13593
D4:F5:47:82:0E:C6,ALL,tcp,216.239.38.223,149,52568,75,24901,74,27667
D4:F5:47:82:0E:C6,ALL,tcp,34.104.35.123,42117,116520206,4616,306220,37501,116213986
D4:F5:47:82:0E:C6,ALL,tcp,64.233.180.188,7453,545965,3720,252984,3733,292981
D4:F5:47:82:0E:C6,ALL,udp,142.250.176.206,176,96117,103,69973,73,26144
D4:F5:47:82:0E:C6,ALL,udp,142.250.64.78,850,759160,291,141525,559,617635
D4:F5:47:82:0E:C6,ALL,udp,142.250.80.110,735,697529,230,100869,505,596660
D4:F5:47:82:0E:C6,ALL,udp,142.251.167.102,28,15908,14,7511,14,8397
D4:F5:47:82:0E:C6,ALL,udp,142.251.32.110,11166,10206780,3771,1803882,7395,8402898
D4:F5:47:82:0E:C6,ALL,udp,172.217.165.142,3111,2291124,1410,826985,1701,1464139
D4:F5:47:82:0E:C6,ALL,udp,172.253.122.101,24,15635,12,7361,12,8274
D4:F5:47:82:0E:C6,ALL,udp,216.239.35.0,207,18630,104,9360,103,9270
D4:F5:47:82:0E:C6,ALL,udp,216.239.35.12,276,24840,139,12510,137,12330
D4:F5:47:82:0E:C6,ALL,udp,216.239.35.4,244,21960,122,10980,122,10980
D4:F5:47:82:0E:C6,ALL,udp,216.239.35.8,233,20970,118,10620,115,10350
D4:F5:47:82:0E:C6,ALL,udp,8.8.8.8,31090,2789810,15546,1162043,15544,1627767
D4:F5:47:82:0E:C6,ALL,tls,142.250.176.195,24,14097,13,2794,11,11303
D4:F5:47:82:0E:C6,ALL,tls,142.250.176.202,259,152556,114,70342,145,82214
D4:F5:47:82:0E:C6,ALL,tls,142.250.176.206,128,75700,66,25410,62,50290
D4:F5:47:82:0E:C6,ALL,tls,142.250.31.188,160,30661,75,8256,85,22405
D4:F5:47:82:0E:C6,ALL,tls,142.250.64.106,83,51146,35,18201,48,32945
D4:F5:47:82:0E:C6,ALL,tls,142.250.64.74,144,73801,72,36940,72,36861
D4:F5:47:82:0E:C6,ALL,tls,142.250.64.78,302,632416,45,40052,257,592364
D4:F5:47:82:0E:C6,ALL,tls,142.250.65.170,261,119768,134,58171,127,61597
D4:F5:47:82:0E:C6,ALL,tls,142.250.65.202,166,100249,73,41088,93,59161
D4:F5:47:82:0E:C6,ALL,tls,142.250.65.234,145,85133,68,33613,77,51520
D4:F5:47:82:0E:C6,ALL,tls,142.250.72.106,133,77379,55,24232,78,53147
D4:F5:47:82:0E:C6,ALL,tls,142.250.80.10,8,6412,4,980,4,5432
D4:F5:47:82:0E:C6,ALL,tls,142.250.80.106,137,83177,62,31251,75,51926
D4:F5:47:82:0E:C6,ALL,tls,142.250.80.110,66,56528,27,22244,39,34284
D4:F5:47:82:0E:C6,ALL,tls,142.250.80.42,90,51404,41,20385,49,31019
D4:F5:47:82:0E:C6,ALL,tls,142.250.80.74,96,55948,42,15330,54,40618
D4:F5:47:82:0E:C6,ALL,tls,142.250.80.78,17,8734,7,1616,10,7118
D4:F5:47:82:0E:C6,ALL,tls,142.250.81.234,50,28328,21,8250,29,20078
D4:F5:47:82:0E:C6,ALL,tls,142.251.16.188,194,22858,96,9542,98,13316
D4:F5:47:82:0E:C6,ALL,tls,142.251.163.188,159,31282,74,8164,85,23118
D4:F5:47:82:0E:C6,ALL,tls,142.251.167.102,9,9140,3,2373,6,6767
D4:F5:47:82:0E:C6,ALL,tls,142.251.167.188,327,56758,156,17128,171,39630
D4:F5:47:82:0E:C6,ALL,tls,142.251.179.188,14,6295,6,1262,8,5033
D4:F5:47:82:0E:C6,ALL,tls,142.251.32.106,200,125811,82,45674,118,80137
D4:F5:47:82:0E:C6,ALL,tls,142.251.32.110,1742,2192010,704,469205,1038,1722805
D4:F5:47:82:0E:C6,ALL,tls,142.251.32.99,63,40639,33,7641,30,32998
D4:F5:47:82:0E:C6,ALL,tls,142.251.35.170,102,60428,45,21228,57,39200
D4:F5:47:82:0E:C6,ALL,tls,142.251.35.174,17,7920,9,2052,8,5868
D4:F5:47:82:0E:C6,ALL,tls,142.251.40.106,103,64570,48,25051,55,39519
D4:F5:47:82:0E:C6,ALL,tls,142.251.40.138,160,79817,77,32859,83,46958
D4:F5:47:82:0E:C6,ALL,tls,142.251.40.170,107,59645,47,19891,60,39754
D4:F5:47:82:0E:C6,ALL,tls,142.251.40.174,17,8420,9,2052,8,6368
D4:F5:47:82:0E:C6,ALL,tls,142.251.40.202,136,94934,54,21138,82,73796
D4:F5:47:82:0E:C6,ALL,tls,142.251.40.227,12,6724,6,1290,6,5434
D4:F5:47:82:0E:C6,ALL,tls,142.251.40.234,85,54562,35,21581,50,32981
D4:F5:47:82:0E:C6,ALL,tls,142.251.40.238,29,12045,12,3115,17,8930
D4:F5:47:82:0E:C6,ALL,tls,142.251.41.10,138,86181,60,33888,78,52293
D4:F5:47:82:0E:C6,ALL,tls,142.251.41.14,51,23789,29,6447,22,17342
D4:F5:47:82:0E:C6,ALL,tls,142.251.41.3,57,38965,24,5616,33,33349
D4:F5:47:82:0E:C6,ALL,tls,172.217.165.138,74,40768,31,14044,43,26724
D4:F5:47:82:0E:C6,ALL,tls,172.217.165.142,754,999169,231,208432,523,790737
D4:F5:47:82:0E:C6,ALL,tls,172.253.115.188,102,14394,50,5310,52,9084
D4:F5:47:82:0E:C6,ALL,tls,172.253.122.101,9,9140,3,2373,6,6767
D4:F5:47:82:0E:C6,ALL,tls,172.253.122.188,14,6297,6,1262,8,5035
D4:F5:47:82:0E:C6,ALL,tls,172.253.63.188,281,27055,139,12788,142,14267
D4:F5:47:82:0E:C6,ALL,tls,216.239.32.223,1,90,1,90,0,0
D4:F5:47:82:0E:C6,ALL,tls,216.239.34.223,67,29309,25,8849,42,20460
D4:F5:47:82:0E:C6,ALL,tls,216.239.36.223,36,19701,16,7090,20,12611
D4:F5:47:82:0E:C6,ALL,tls,216.239.38.223,76,39334,33,13697,43,25637
D4:F5:47:82:0E:C6,ALL,tls,34.104.35.123,20432,63596904,20,2648,20412,63594256
D4:F5:47:82:0E:C6,ALL,tls,64.233.180.188,319,61029,151,17378,168,43651
D4:F5:47:82:0E:C6,ALL,http,142.250.176.195,678,195359,339,129837,339,65522
D4:F5:47:82:0E:C6,ALL,http,142.250.176.206,2,330,1,137,1,193
D4:F5:47:82:0E:C6,ALL,http,142.250.80.99,392,112953,196,75068,196,37885
D4:F5:47:82:0E:C6,ALL,http,142.251.32.110,6,990,3,411,3,579
D4:F5:47:82:0E:C6,ALL,http,142.251.32.99,11198,3226753,5599,2144417,5599,1082336
D4:F5:47:82:0E:C6,ALL,http,142.251.40.131,244,70310,122,46726,122,23584
D4:F5:47:82:0E:C6,ALL,http,142.251.40.227,1276,367678,638,244354,638,123324
D4:F5:47:82:0E:C6,ALL,http,172.253.63.94,122,35155,61,23363,61,11792
D4:F5:47:82:0E:C6,ALL,quic,142.250.176.206,176,96117,103,69973,73,26144
D4:F5:47:82:0E:C6,ALL,quic,142.250.64.78,850,759160,291,141525,559,617635
D4:F5:47:82:0E:C6,ALL,quic,142.250.80.110,735,697529,230,100869,505,596660
D4:F5:47:82:0E:C6,ALL,quic,142.251.167.102,28,15908,14,7511,14,8397
D4:F5:47:82:0E:C6,ALL,quic,142.251.32.110,11166,10206780,3771,1803882,7395,8402898
D4:F5:47:82:0E:C6,ALL,quic,172.217.165.142,3111,2291124,1410,826985,1701,1464139
D4:F5:47:82:0E:C6,ALL,quic,172.253.122.101,24,15635,12,7361,12,8274
D4:F5:47:82:0E:C6,ALL,ntp,216.239.35.0,207,18630,104,9360,103,9270
D4:F5:47:82:0E:C6,ALL,ntp,216.239.35.12,276,24840,139,12510,137,12330
D4:F5:47:82:0E:C6,ALL,ntp,216.239.35.4,244,21960,122,10980,122,10980
D4:F5:47:82:0E:C6,ALL,ntp,216.239.35.8,233,20970,118,10620,115,10350
D4:F5:47:82:0E:C6,ALL,tcp:33484,192.168.3.117*,42117,116520206,37501,116213986,4616,306220
D4:F5:47:82:0E:C6,ALL,tcp:33484,34.104.35.123*,42117,116520206,4616,306220,37501,116213986
D4:F5:47:82:0E:C6,ALL,udp:53,192.168.3.117*,31090,2789810,15544,1627767,15546,1162043
D4:F5:47:82:0E:C6,ALL,udp:53,8.8.8.8*,31090,2789810,15546,1162043,15544,1627767
D4:F5:47:82:0E:C6,ALL,udp:38099,192.168.3.117*,16,1484,8,890,8,594
D4:F5:47:82:0E:C6,ALL,udp:38099,8.8.8.8*,16,1484,8,594,8,890
D4:F5:47:82:0E:C6,ALL,udp:52566,192.168.3.117*,14,1196,7,678,7,518
D4:F5:47:82:0E:C6,ALL,udp:52566,8.8.8.8*,14,1196,7,518,7,678
D4:F5:47:82:0E:C6,ALL,udp:49033,192.168.3.117*,14,1505,7,970,7,535
D4:F5:47:82:0E:C6,ALL,udp:49033,8.8.8.8*,14,1505,7,535,7,970
D4:F5:47:82:0E:C6,ALL,udp:47536,192.168.3.117*,14,1505,7,970,7,535
D4:F5:47:82:0E:C6,ALL,udp:47536,8.8.8.8*,14,1505,7,535,7,970
D4:F5:47:82:0E:C6,ALL,udp:49135,192.168.3.117*,12,1072,6,624,6,448
D4:F5:47:82:0E:C6,ALL,udp:49135,8.8.8.8*,12,1072,6,448,6,624
D4:F5:47:82:0E:C6,ALL,udp:45388,192.168.3.117*,12,1032,6,588,6,444
D4:F5:47:82:0E:C6,ALL,udp:45388,8.8.8.8*,12,1032,6,444,6,588
D4:F5:47:82:0E:C6,ALL,udp:43092,192.168.3.117*,12,1008,6,564,6,444
D4:F5:47:82:0E:C6,ALL,udp:43092,8.8.8.8*,12,1008,6,444,6,564
D4:F5:47:82:0E:C6,ALL,udp:32965,192.168.3.117*,12,1156,6,710,6,446
D4:F5:47:82:0E:C6,ALL,udp:32965,8.8.8.8*,12,1156,6,446,6,710
D4:F5:47:82:0E:C6,ALL,udp:35587,192.168.3.117*,12,1020,6,576,6,444
D4:F5:47:82:0E:C6,ALL,udp:35587,8.8.8.8*,12,1020,6,444,6,576
D4:F5:47:82:0E:C6,ALL,udp:47792,192.168.3.117*,12,1069,6,612,6,457
D4:F5:47:82:0E:C6,ALL,udp:47792,8.8.8.8*,12,1069,6,457,6,612
D4:F5:47:82:0E:C6,ALL,udp:46566,192.168.3.117*,12,1020,6,576,6,444
D4:F5:47:82:0E:C6,ALL,udp:46566,8.8.8.8*,12,1020,6,444,6,576
D4:F5:47:82:0E:C6,ALL,udp:41023,192.168.3.117*,12,1156,6,710,6,446
D4:F5:47:82:0E:C6,ALL,udp:41023,8.8.8.8*,12,1156,6,446,6,710
D4:F5:47:82:0E:C6,ALL,udp:55797,192.168.3.117*,12,1020,6,576,6,444
D4:F5:47:82:0E:C6,ALL,udp:55797,8.8.8.8*,12,1020,6,444,6,576
D4:F5:47:82:0E:C6,ALL,udp:42369,192.168.3.117*,10,856,5,486,5,370
D4:F5:47:82:0E:C6,ALL,udp:42369,8.8.8.8*,10,856,5,370,5,486
D4:F5:47:82:0E:C6,ALL,udp:57997,192.168.3.117*,10,844,5,474,5,370
D4:F5:47:82:0E:C6,ALL,udp:57997,8.8.8.8*,10,844,5,370,5,474
D4:F5:47:82:0E:C6,ALL,udp:59568,192.168.3.117*,10,1014,5,637,5,377
D4:F5:47:82:0E:C6,ALL,udp:59568,8.8.8.8*,10,1014,5,377,5,637
D4:F5:47:82:0E:C6,ALL,udp:60480,192.168.3.117*,10,856,5,486,5,370
D4:F5:47:82:0E:C6,ALL,udp:60480,8.8.8.8*,10,856,5,370,5,486
D4:F5:47:82:0E:C6,ALL,udp:56097,192.168.3.117*,10,844,5,474,5,370
D4:F5:47:82:0E:C6,ALL,udp:56097,8.8.8.8*,10,844,5,370,5,474
D4:F5:47:82:0E:C6,ALL,udp:35046,192.168.3.117*,10,844,5,474,5,370
D4:F5:47:82:0E:C6,ALL,udp:35046,8.8.8.8*,10,844,5,370,5,474
D4:F5:47:82:0E:C6,ALL,udp:60790,192.168.3.117*,10,866,5,491,5,375
D4:F5:47:82:0E:C6,ALL,udp:60790,8.8.8.8*,10,866,5,375,5,491
D4:F5:47:82:0E:C6,ALL,udp:57421,192.168.3.117*,10,1128,5,754,5,374
D4:F5:47:82:0E:C6,ALL,udp:57421,8.8.8.8*,10,1128,5,374,5,754
D4:F5:47:82:0E:C6,ALL,udp:41096,192.168.3.117*,10,980,5,608,5,372
D4:F5:47:82:0E:C6,ALL,udp:41096,8.8.8.8*,10,980,5,372,5,608
D4:F5:47:82:0E:C6,ALL,udp:50394,192.168.3.117*,10,878,5,503,5,375
D4:F5:47:82:0E:C6,ALL,udp:50394,8.8.8.8*,10,878,5,375,5,503
D4:F5:47:82:0E:C6,ALL,udp:33041,192.168.3.117*,10,856,5,486,5,370
D4:F5:47:82:0E:C6,ALL,udp:33041,8.8.8.8*,10,856,5,370,5,486
D4:F5:47:82:0E:C6,ALL,udp:39911,192.168.3.117*,10,980,5,608,5,372
D4:F5:47:82:0E:C6,ALL,udp:39911,8.8.8.8*,10,980,5,372,5,608
D4:F5:47:82:0E:C6,ALL,udp:55403,192.168.3.117*,10,980,5,608,5,372
D4:F5:47:82:0E:C6,ALL,udp:55403,8.8.8.8*,10,980,5,372,5,608
D4:F5:47:82:0E:C6,ALL,udp:53201,192.168.3.117*,10,980,5,608,5,372
D4:F5:47:82:0E:C6,ALL,udp:53201,8.8.8.8*,10,980,5,372,5,608
D4:F5:47:82:0E:C6,ALL,udp:37945,192.168.3.117*,10,874,5,489,5,385
D4:F5:47:82:0E:C6,ALL,udp:37945,8.8.8.8*,10,874,5,385,5,489
D4:F5:47:82:0E:C6,ALL,udp:55278,192.168.3.117*,10,980,5,608,5,372
D4:F5:47:82:0E:C6,ALL,udp:55278,8.8.8.8*,10,980,5,372,5,608
D4:F5:47:82:0E:C6,ALL,udp:34660,192.168.3.117*,10,908,5,534,5,374
D4:F5:47:82:0E:C6,ALL,udp:34660,8.8.8.8*,10,908,5,374,5,534
D4:F5:47:82:0E:C6,ALL,udp:52324,192.168.3.117*,10,844,5,474,5,370
D4:F5:47:82:0E:C6,ALL,udp:52324,8.8.8.8*,10,844,5,370,5,474
D4:F5:47:82:0E:C6,ALL,udp:49254,192.168.3.117*,10,856,5,486,5,370
D4:F5:47:82:0E:C6,ALL,udp:49254,8.8.8.8*,10,856,5,370,5,486
D4:F5:47:82:0E:C6,ALL,udp:47417,192.168.3.117*,10,1044,5,668,5,376
D4:F5:47:82:0E:C6,ALL,udp:47417,8.8.8.8*,10,1044,5,376,5,668
D4:F5:47:82:0E:C6,ALL,udp:59692,192.168.3.117*,10,992,5,620,5,372
D4:F5:47:82:0E:C6,ALL,udp:59692,8.8.8.8*,10,992,5,372,5,620
D4:F5:47:82:0E:C6,ALL,udp:40423,192.168.3.117*,10,856,5,486,5,370
D4:F5:47:82:0E:C6,ALL,udp:40423,8.8.8.8*,10,856,5,370,5,486
D4:F5:47:82:0E:C6,ALL,udp:59482,192.168.3.117*,10,1252,5,846,5,406
D4:F5:47:82:0E:C6,ALL,udp:59482,8.8.8.8*,10,1252,5,406,5,846
D4:F5:47:82:0E:C6,ALL,udp:56504,192.168.3.117*,10,856,5,486,5,370
D4:F5:47:82:0E:C6,ALL,udp:56504,8.8.8.8*,10,856,5,370,5,486
D4:F5:47:82:0E:C6,ALL,udp:37172,192.168.3.117*,10,856,5,486,5,370
D4:F5:47:82:0E:C6,ALL,udp:37172,8.8.8.8*,10,856,5,370,5,486
D4:F5:47:82:0E:C6,ALL,udp:47677,216.239.35.0,2,180,1,90,1,90
D4:F5:47:82:0E:C6,ALL,udp:47677,8.8.8.8,10,844,5,370,5,474
D4:F5:47:82:0E:C6,ALL,udp:37565,216.239.35.8,2,180,1,90,1,90
D4:F5:47:82:0E:C6,ALL,udp:37565,8.8.8.8,10,844,5,370,5,474
D4:F5:47:82:0E:C6,ALL,udp:36392,192.168.3.117*,10,1008,5,628,5,380
D4:F5:47:82:0E:C6,ALL,udp:36392,8.8.8.8*,10,1008,5,380,5,628
D4:F5:47:82:0E:C6,ALL,udp:58024,192.168.3.117*,10,1240,5,834,5,406
D4:F5:47:82:0E:C6,ALL,udp:58024,8.8.8.8*,10,1240,5,406,5,834
D4:F5:47:82:0E:C6,ALL,udp:39767,192.168.3.117*,10,1008,5,628,5,380
D4:F5:47:82:0E:C6,ALL,udp:39767,8.8.8.8*,10,1008,5,380,5,628
D4:F5:47:82:0E:C6,ALL,udp:56047,192.168.3.117*,10,856,5,486,5,370
D4:F5:47:82:0E:C6,ALL,udp:56047,8.8.8.8*,10,856,5,370,5,486
D4:F5:47:82:0E:C6,ALL,udp:33541,192.168.3.117*,10,856,5,486,5,370
D4:F5:47:82:0E:C6,ALL,udp:33541,8.8.8.8*,10,856,5,370,5,486
D4:F5:47:82:0E:C6,ALL,udp:33768,192.168.3.117*,10,856,5,486,5,370
D4:F5:47:82:0E:C6,ALL,udp:33768,8.8.8.8*,10,856,5,370,5,486
D4:F5:47:82:0E:C6,ALL,udp:33590,192.168.3.117*,10,856,5,486,5,370
D4:F5:47:82:0E:C6,ALL,udp:33590,8.8.8.8*,10,856,5,370,5,486
D4:F5:47:82:0E:C6,ALL,udp:43155,192.168.3.117*,10,1010,5,623,5,387
D4:F5:47:82:0E:C6,ALL,udp:43155,8.8.8.8*,10,1010,5,387,5,623
D4:F5:47:82:0E:C6,ALL,udp:50429,192.168.3.117*,10,916,5,516,5,400
D4:F5:47:82:0E:C6,ALL,udp:50429,8.8.8.8*,10,916,5,400,5,516
D4:F5:47:82:0E:C6,ALL,udp:37674,192.168.3.117*,10,856,5,486,5,370
D4:F5:47:82:0E:C6,ALL,udp:37674,8.8.8.8*,10,856,5,370,5,486
D4:F5:47:82:0E:C6,ALL,udp:57058,192.168.3.117*,10,844,5,474,5,370
D4:F5:47:82:0E:C6,ALL,udp:57058,8.8.8.8*,10,844,5,370,5,474
D4:F5:47:82:0E:C6,ALL,udp:48128,192.168.3.117*,10,980,5,608,5,372
D4:F5:47:82:0E:C6,ALL,udp:48128,8.8.8.8*,10,980,5,372,5,608
D4:F5:47:82:0E:C6,ALL,udp:46661,192.168.3.117*,10,980,5,608,5,372
D4:F5:47:82:0E:C6,ALL,udp:46661,8.8.8.8*,10,980,5,372,5,608
D4:F5:47:82:0E:C6,ALL,udp:54608,192.168.3.117*,10,878,5,503,5,375
D4:F5:47:82:0E:C6,ALL,udp:54608,8.8.8.8*,10,878,5,375,5,503
D4:F5:47:82:0E:C6,ALL,udp:57205,192.168.3.117*,10,1252,5,846,5,406
D4:F5:47:82:0E:C6,ALL,udp:57205,8.8.8.8*,10,1252,5,406,5,846
D4:F5:47:82:0E:C6,ALL,udp:49751,192.168.3.117*,10,832,5,462,5,370
D4:F5:47:82:0E:C6,ALL,udp:49751,8.8.8.8*,10,832,5,370,5,462
D4:F5:47:82:0E:C6,ALL,udp:35487,192.168.3.117*,10,1320,5,940,5,380
D4:F5:47:82:0E:C6,ALL,udp:35487,8.8.8.8*,10,1320,5,380,5,940
D4:F5:47:82:0E:C6,ALL,udp:48845,192.168.3.117*,10,856,5,486,5,370
D4:F5:47:82:0E:C6,ALL,udp:48845,8.8.8.8*,10,856,5,370,5,486
D4:F5:47:82:0E:C6,ALL,udp:33473,192.168.3.117*,10,1220,5,830,5,390
D4:F5:47:82:0E:C6,ALL,udp:33473,8.8.8.8*,10,1220,5,390,5,830
D4:F5:47:82:0E:C6,ALL,udp:48442,192.168.3.117*,10,844,5,474,5,370
D4:F5:47:82:0E:C6,ALL,udp:48442,8.8.8.8*,10,844,5,370,5,474
D4:F5:47:82:0E:C6,ALL,udp:35214,192.168.3.117*,10,844,5,474,5,370
D4:F5:47:82:0E:C6,ALL,udp:35214,8.8.8.8*,10,844,5,370,5,474
D4:F5:47:82:0E:C6,ALL,udp:41217,192.168.3.117*,10,992,5,620,5,372
D4:F5:47:82:0E:C6,ALL,udp:41217,8.8.8.8*,10,992,5,372,5,620
D4:F5:47:82:0E:C6,ALL,udp:40542,192.168.3.117*,10,856,5,486,5,370
D4:F5:47:82:0E:C6,ALL,udp:40542,8.8.8.8*,10,856,5,370,5,486
D4:F5:47:82:0E:C6,ALL,udp:38137,192.168.3.117*,10,893,5,510,5,383
D4:F5:47:82:0E:C6,ALL,udp:38137,8.8.8.8*,10,893,5,383,5,510
D4:F5:47:82:0E:C6,ALL,udp:36661,192.168.3.117*,10,856,5,486,5,370
D4:F5:47:82:0E:C6,ALL,udp:36661,8.8.8.8*,10,856,5,370,5,486
D4:F5:47:82:0E:C6,ALL,udp:51502,192.168.3.117*,8,680,4,384,4,296
D4:F5:47:82:0E:C6,ALL,udp:51502,8.8.8.8*,8,680,4,296,4,384
D4:F5:47:82:0E:C6,ALL,udp:58202,192.168.3.117*,8,680,4,384,4,296
D4:F5:47:82:0E:C6,ALL,udp:58202,8.8.8.8*,8,680,4,296,4,384
D4:F5:47:82:0E:C6,ALL,udp:57969,192.168.3.117*,8,680,4,384,4,296
D4:F5:47:82:0E:C6,ALL,udp:57969,8.8.8.8*,8,680,4,296,4,384
D4:F5:47:82:0E:C6,ALL,udp:44350,192.168.3.117*,8,680,4,384,4,296
D4:F5:47:82:0E:C6,ALL,udp:44350,8.8.8.8*,8,680,4,296,4,384
D4:F5:47:82:0E:C6,ALL,udp:54507,192.168.3.117*,8,680,4,384,4,296
D4:F5:47:82:0E:C6,ALL,udp:54507,8.8.8.8*,8,680,4,296,4,384
D4:F5:47:82:0E:C6,ALL,udp:60493,216.239.35.4,2,180,1,90,1,90
D4:F5:47:82:0E:C6,ALL,udp:60493,8.8.8.8,8,680,4,296,4,384
D4:F5:47:82:0E:C6,ALL,udp:32944,192.168.3.117*,8,816,4,518,4,298
D4:F5:47:82:0E:C6,ALL,udp:32944,8.8.8.8*,8,816,4,298,4,518
D4:F5:47:82:0E:C6,ALL,udp:57135,192.168.3.117*,8,680,4,384,4,296
D4:F5:47:82:0E:C6,ALL,udp:57135,8.8.8.8*,8,680,4,296,4,384
D4:F5:47:82:0E:C6,ALL,udp:42669,192.168.3.117*,8,680,4,384,4,296
D4:F5:47:82:0E:C6,ALL,udp:42669,8.8.8.8*,8,680,4,296,4,384
D4:F5:47:82:0E:C6,ALL,udp:45381,192.168.3.117*,8,680,4,384,4,296
D4:F5:47:82:0E:C6,ALL,udp:45381,8.8.8.8*,8,680,4,296,4,384
D4:F5:47:82:0E:C6,ALL,udp:57551,192.168.3.117*,8,680,4,384,4,296
D4:F5:47:82:0E:C6,ALL,udp:57551,8.8.8.8*,8,680,4,296,4,384
D4:F5:47:82:0E:C6,ALL,udp:55981,192.168.3.117*,8,816,4,518,4,298
D4:F5:47:82:0E:C6,ALL,udp:55981,8.8.8.8*,8,816,4,298,4,518
D4:F5:47:82:0E:C6,ALL,udp:55194,192.168.3.117*,8,680,4,384,4,296
D4:F5:47:82:0E:C6,ALL,udp:55194,8.8.8.8*,8,680,4,296,4,384
D4:F5:47:82:0E:C6,ALL,udp:40086,192.168.3.117*,8,816,4,518,4,298
D4:F5:47:82:0E:C6,ALL,udp:40086,8.8.8.8*,8,816,4,298,4,518
D4:F5:47:82:0E:C6,ALL,udp:54385,192.168.3.117*,8,680,4,384,4,296
D4:F5:47:82:0E:C6,ALL,udp:54385,8.8.8.8*,8,680,4,296,4,384
D4:F5:47:82:0E:C6,ALL,udp:47260,192.168.3.117*,8,816,4,518,4,298
D4:F5:47:82:0E:C6,ALL,udp:47260,8.8.8.8*,8,816,4,298,4,518
D4:F5:47:82:0E:C6,ALL,udp:45370,192.168.3.117*,8,816,4,518,4,298
D4:F5:47:82:0E:C6,ALL,udp:45370,8.8.8.8*,8,816,4,298,4,518
D4:F5:47:82:0E:C6,ALL,udp:36498,192.168.3.117*,8,680,4,384,4,296
D4:F5:47:82:0E:C6,ALL,udp:36498,8.8.8.8*,8,680,4,296,4,384
D4:F5:47:82:0E:C6,ALL,udp:53988,192.168.3.117*,8,680,4,384,4,296
D4:F5:47:82:0E:C6,ALL,udp:53988,8.8.8.8*,8,680,4,296,4,384
D4:F5:47:82:0E:C6,ALL,udp:35210,192.168.3.117*,8,680,4,384,4,296
D4:F5:47:82:0E:C6,ALL,udp:35210,8.8.8.8*,8,680,4,296,4,384
D4:F5:47:82:0E:C6,ALL,udp:36231,192.168.3.117*,8,732,4,432,4,300
D4:F5:47:82:0E:C6,ALL,udp:36231,8.8.8.8*,8,732,4,300,4,432
D4:F5:47:82:0E:C6,ALL,udp:57921,192.168.3.117*,8,680,4,384,4,296
D4:F5:47:82:0E:C6,ALL,udp:57921,8.8.8.8*,8,680,4,296,4,384
D4:F5:47:82:0E:C6,ALL,udp:49592,192.168.3.117*,8,668,4,372,4,296
D4:F5:47:82:0E:C6,ALL,udp:49592,8.8.8.8*,8,668,4,296,4,372
D4:F5:47:82:0E:C6,ALL,udp:52155,192.168.3.117*,8,680,4,384,4,296
D4:F5:47:82:0E:C6,ALL,udp:52155,8.8.8.8*,8,680,4,296,4,384
D4:F5:47:82:0E:C6,ALL,udp:50372,192.168.3.117*,8,680,4,384,4,296
D4:F5:47:82:0E:C6,ALL,udp:50372,8.8.8.8*,8,680,4,296,4,384
D4:F5:47:82:0E:C6,ALL,udp:59299,192.168.3.117*,8,668,4,372,4,296
D4:F5:47:82:0E:C6,ALL,udp:59299,8.8.8.8*,8,668,4,296,4,372
D4:F5:47:82:0E:C6,ALL,udp:47502,192.168.3.117*,8,680,4,384,4,296
D4:F5:47:82:0E:C6,ALL,udp:47502,8.8.8.8*,8,680,4,296,4,384
D4:F5:47:82:0E:C6,ALL,udp:54747,192.168.3.117*,8,692,4,396,4,296
D4:F5:47:82:0E:C6,ALL,udp:54747,8.8.8.8*,8,692,4,296,4,396
D4:F5:47:82:0E:C6,ALL,udp:37400,192.168.3.117*,8,1044,4,728,4,316
D4:F5:47:82:0E:C6,ALL,udp:37400,8.8.8.8*,8,1044,4,316,4,728
D4:F5:47:82:0E:C6,ALL,udp:36132,192.168.3.117*,8,680,4,384,4,296
D4:F5:47:82:0E:C6,ALL,udp:36132,8.8.8.8*,8,680,4,296,4,384
D4:F5:47:82:0E:C6,ALL,udp:39858,192.168.3.117*,8,828,4,530,4,298
D4:F5:47:82:0E:C6,ALL,udp:39858,8.8.8.8*,8,828,4,298,4,530
D4:F5:47:82:0E:C6,ALL,udp:40040,192.168.3.117*,8,692,4,396,4,296
D4:F5:47:82:0E:C6,ALL,udp:40040,8.8.8.8*,8,692,4,296,4,396
D4:F5:47:82:0E:C6,ALL,udp:47499,192.168.3.117*,8,680,4,384,4,296
D4:F5:47:82:0E:C6,ALL,udp:47499,8.8.8.8*,8,680,4,296,4,384
D4:F5:47:82:0E:C6,ALL,udp:39442,192.168.3.117*,8,914,4,615,4,299
D4:F5:47:82:0E:C6,ALL,udp:39442,8.8.8.8*,8,914,4,299,4,615
D4:F5:47:82:0E:C6,ALL,udp:42429,192.168.3.117*,8,692,4,396,4,296
D4:F5:47:82:0E:C6,ALL,udp:42429,8.8.8.8*,8,692,4,296,4,396
D4:F5:47:82:0E:C6,ALL,udp:58073,192.168.3.117*,8,680,4,384,4,296
D4:F5:47:82:0E:C6,ALL,udp:58073,8.8.8.8*,8,680,4,296,4,384
D4:F5:47:82:0E:C6,ALL,udp:57976,192.168.3.117*,8,692,4,396,4,296
D4:F5:47:82:0E:C6,ALL,udp:57976,8.8.8.8*,8,692,4,296,4,396
D4:F5:47:82:0E:C6,ALL,udp:41872,192.168.3.117*,8,804,4,506,4,298
D4:F5:47:82:0E:C6,ALL,udp:41872,8.8.8.8*,8,804,4,298,4,506
D4:F5:47:82:0E:C6,ALL,udp:44354,192.168.3.117*,8,680,4,384,4,296
D4:F5:47:82:0E:C6,ALL,udp:44354,8.8.8.8*,8,680,4,296,4,384
D4:F5:47:82:0E:C6,ALL,udp:39695,192.168.3.117*,8,816,4,518,4,298
D4:F5:47:82:0E:C6,ALL,udp:39695,8.8.8.8*,8,816,4,298,4,518
D4:F5:47:82:0E:C6,ALL,udp:56349,192.168.3.117*,8,1064,4,732,4,332
D4:F5:47:82:0E:C6,ALL,udp:56349,8.8.8.8*,8,1064,4,332,4,732
D4:F5:47:82:0E:C6,ALL,udp:53914,192.168.3.117*,8,692,4,396,4,296
D4:F5:47:82:0E:C6,ALL,udp:53914,8.8.8.8*,8,692,4,296,4,396
D4:F5:47:82:0E:C6,ALL,udp:33679,192.168.3.117*,8,680,4,384,4,296
D4:F5:47:82:0E:C6,ALL,udp:33679,8.8.8.8*,8,680,4,296,4,384
D4:F5:47:82:0E:C6,ALL,udp:36641,192.168.3.117*,8,680,4,384,4,296
D4:F5:47:82:0E:C6,ALL,udp:36641,8.8.8.8*,8,680,4,296,4,384
D4:F5:47:82:0E:C6,ALL,udp:37159,192.168.3.117*,8,846,4,533,4,313
D4:F5:47:82:0E:C6,ALL,udp:37159,8.8.8.8*,8,846,4,313,4,533
D4:F5:47:82:0E:C6,ALL,udp:39006,192.168.3.117*,8,692,4,396,4,296
D4:F5:47:82:0E:C6,ALL,udp:39006,8.8.8.8*,8,692,4,296,4,396
D4:F5:47:82:0E:C6,ALL,udp:58649,192.168.3.117*,8,668,4,372,4,296
D4:F5:47:82:0E:C6,ALL,udp:58649,8.8.8.8*,8,668,4,296,4,372
D4:F5:47:82:0E:C6,ALL,udp:58027,192.168.3.117*,8,816,4,518,4,298
D4:F5:47:82:0E:C6,ALL,udp:58027,8.8.8.8*,8,816,4,298,4,518
D4:F5:47:82:0E:C6,ALL,udp:38633,192.168.3.117*,8,698,4,387,4,311
D4:F5:47:82:0E:C6,ALL,udp:38633,8.8.8.8*,8,698,4,311,4,387
D4:F5:47:82:0E:C6,ALL,udp:56963,192.168.3.117*,8,680,4,384,4,296
D4:F5:47:82:0E:C6,ALL,udp:56963,8.8.8.8*,8,680,4,296,4,384
D4:F5:47:82:0E:C6,ALL,udp:33937,192.168.3.117*,8,828,4,530,4,298
D4:F5:47:82:0E:C6,ALL,udp:33937,8.8.8.8*,8,828,4,298,4,530
D4:F5:47:82:0E:C6,ALL,udp:50968,192.168.3.117*,8,692,4,396,4,296
D4:F5:47:82:0E:C6,ALL,udp:50968,8.8.8.8*,8,692,4,296,4,396
D4:F5:47:82:0E:C6,ALL,udp:45373,192.168.3.117*,8,686,4,375,4,311
D4:F5:47:82:0E:C6,ALL,udp:45373,8.8.8.8*,8,686,4,311,4,375
D4:F5:47:82:0E:C6,ALL,udp:41350,192.168.3.117*,8,692,4,396,4,296
D4:F5:47:82:0E:C6,ALL,udp:41350,8.8.8.8*,8,692,4,296,4,396
D4:F5:47:82:0E:C6,ALL,udp:42897,192.168.3.117*,8,1044,4,728,4,316
D4:F5:47:82:0E:C6,ALL,udp:42897,8.8.8.8*,8,1044,4,316,4,728
D4:F5:47:82:0E:C6,ALL,udp:59722,192.168.3.117*,8,816,4,518,4,298
D4:F5:47:82:0E:C6,ALL,udp:59722,8.8.8.8*,8,816,4,298,4,518
D4:F5:47:82:0E:C6,ALL,udp:53848,192.168.3.117*,8,680,4,384,4,296
D4:F5:47:82:0E:C6,ALL,udp:53848,8.8.8.8*,8,680,4,296,4,384
D4:F5:47:82:0E:C6,ALL,udp:57932,192.168.3.117*,8,692,4,396,4,296
D4:F5:47:82:0E:C6,ALL,udp:57932,8.8.8.8*,8,692,4,296,4,396
D4:F5:47:82:0E:C6,ALL,udp:48060,192.168.3.117*,8,952,4,652,4,300
D4:F5:47:82:0E:C6,ALL,udp:48060,8.8.8.8*,8,952,4,300,4,652
D4:F5:47:82:0E:C6,ALL,udp:41353,192.168.3.117*,8,692,4,396,4,296
D4:F5:47:82:0E:C6,ALL,udp:41353,8.8.8.8*,8,692,4,296,4,396
D4:F5:47:82:0E:C6,ALL,udp:52522,192.168.3.117*,8,692,4,396,4,296
D4:F5:47:82:0E:C6,ALL,udp:52522,8.8.8.8*,8,692,4,296,4,396
D4:F5:47:82:0E:C6,ALL,udp:54511,192.168.3.117*,8,690,4,389,4,301
D4:F5:47:82:0E:C6,ALL,udp:54511,8.8.8.8*,8,690,4,301,4,389
D4:F5:47:82:0E:C6,ALL,udp:51197,192.168.3.117*,8,680,4,384,4,296
D4:F5:47:82:0E:C6,ALL,udp:51197,8.8.8.8*,8,680,4,296,4,384
D4:F5:47:82:0E:C6,ALL,udp:57847,192.168.3.117*,8,698,4,387,4,311
D4:F5:47:82:0E:C6,ALL,udp:57847,8.8.8.8*,8,698,4,311,4,387
D4:F5:47:82:0E:C6,ALL,udp:35643,192.168.3.117*,8,952,4,652,4,300
D4:F5:47:82:0E:C6,ALL,udp:35643,8.8.8.8*,8,952,4,300,4,652
D4:F5:47:82:0E:C6,ALL,udp:45293,192.168.3.117*,8,680,4,384,4,296
D4:F5:47:82:0E:C6,ALL,udp:45293,8.8.8.8*,8,680,4,296,4,384
D4:F5:47:82:0E:C6,ALL,udp:47190,192.168.3.117*,8,692,4,396,4,296
D4:F5:47:82:0E:C6,ALL,udp:47190,8.8.8.8*,8,692,4,296,4,396
D4:F5:47:82:0E:C6,ALL,udp:44348,192.168.3.117*,8,680,4,384,4,296
D4:F5:47:82:0E:C6,ALL,udp:44348,8.8.8.8*,8,680,4,296,4,384
D4:F5:47:82:0E:C6,ALL,udp:42471,192.168.3.117*,8,1020,4,716,4,304
D4:F5:47:82:0E:C6,ALL,udp:42471,8.8.8.8*,8,1020,4,304,4,716
D4:F5:47:82:0E:C6,ALL,udp:55149,192.168.3.117*,8,680,4,384,4,296
D4:F5:47:82:0E:C6,ALL,udp:55149,8.8.8.8*,8,680,4,296,4,384
D4:F5:47:82:0E:C6,ALL,udp:35510,192.168.3.117*,8,680,4,384,4,296
D4:F5:47:82:0E:C6,ALL,udp:35510,8.8.8.8*,8,680,4,296,4,384
D4:F5:47:82:0E:C6,ALL,udp:47615,192.168.3.117*,8,680,4,384,4,296
D4:F5:47:82:0E:C6,ALL,udp:47615,8.8.8.8*,8,680,4,296,4,384
D4:F5:47:82:0E:C6,ALL,udp:35520,192.168.3.117*,8,732,4,432,4,300
D4:F5:47:82:0E:C6,ALL,udp:35520,8.8.8.8*,8,732,4,300,4,432
D4:F5:47:82:0E:C6,ALL,udp:58212,192.168.3.117*,8,680,4,384,4,296
D4:F5:47:82:0E:C6,ALL,udp:58212,8.8.8.8*,8,680,4,296,4,384
D4:F5:47:82:0E:C6,ALL,udp:35753,192.168.3.117*,8,1076,4,744,4,332
D4:F5:47:82:0E:C6,ALL,udp:35753,8.8.8.8*,8,1076,4,332,4,744
D4:F5:47:82:0E:C6,ALL,udp:35910,192.168.3.117*,8,692,4,396,4,296
D4:F5:47:82:0E:C6,ALL,udp:35910,8.8.8.8*,8,692,4,296,4,396
D4:F5:47:82:0E:C6,ALL,udp:53192,192.168.3.117*,8,828,4,530,4,298
D4:F5:47:82:0E:C6,ALL,udp:53192,8.8.8.8*,8,828,4,298,4,530
D4:F5:47:82:0E:C6,ALL,udp:39562,192.168.3.117*,8,804,4,506,4,298
D4:F5:47:82:0E:C6,ALL,udp:39562,8.8.8.8*,8,804,4,298,4,506
D4:F5:47:82:0E:C6,ALL,udp:43087,192.168.3.117*,8,680,4,384,4,296
D4:F5:47:82:0E:C6,ALL,udp:43087,8.8.8.8*,8,680,4,296,4,384
D4:F5:47:82:0E:C6,ALL,udp:41959,192.168.3.117*,8,680,4,384,4,296
D4:F5:47:82:0E:C6,ALL,udp:41959,8.8.8.8*,8,680,4,296,4,384
D4:F5:47:82:0E:C6,ALL,udp:59195,192.168.3.117*,8,1096,4,776,4,320
D4:F5:47:82:0E:C6,ALL,udp:59195,8.8.8.8*,8,1096,4,320,4,776
D4:F5:47:82:0E:C6,ALL,udp:34523,192.168.3.117*,8,732,4,432,4,300
D4:F5:47:82:0E:C6,ALL,udp:34523,8.8.8.8*,8,732,4,300,4,432
D4:F5:47:82:0E:C6,ALL,udp:38992,192.168.3.117*,8,1180,4,862,4,318
D4:F5:47:82:0E:C6,ALL,udp:38992,8.8.8.8*,8,1180,4,318,4,862
D4:F5:47:82:0E:C6,ALL,udp:60949,192.168.3.117*,8,952,4,652,4,300
D4:F5:47:82:0E:C6,ALL,udp:60949,8.8.8.8*,8,952,4,300,4,652
D4:F5:47:82:0E:C6,ALL,udp:41686,192.168.3.117*,8,680,4,384,4,296
D4:F5:47:82:0E:C6,ALL,udp:41686,8.8.8.8*,8,680,4,296,4,384
D4:F5:47:82:0E:C6,ALL,udp:35267,192.168.3.117*,8,680,4,384,4,296
D4:F5:47:82:0E:C6,ALL,udp:35267,8.8.8.8*,8,680,4,296,4,384
D4:F5:47:82:0E:C6,ALL,udp:33839,192.168.3.117*,8,732,4,432,4,300
D4:F5:47:82:0E:C6,ALL,udp:33839,8.8.8.8*,8,732,4,300,4,432
D4:F5:47:82:0E:C6,ALL,udp:48728,192.168.3.117*,8,680,4,384,4,296
D4:F5:47:82:0E:C6,ALL,udp:48728,8.8.8.8*,8,680,4,296,4,384
D4:F5:47:82:0E:C6,ALL,udp:50210,192.168.3.117*,8,680,4,384,4,296
D4:F5:47:82:0E:C6,ALL,udp:50210,8.8.8.8*,8,680,4,296,4,384
D4:F5:47:82:0E:C6,ALL,udp:40034,192.168.3.117*,8,816,4,518,4,298
D4:F5:47:82:0E:C6,ALL,udp:40034,8.8.8.8*,8,816,4,298,4,518
D4:F5:47:82:0E:C6,ALL,udp:47495,192.168.3.117*,8,680,4,384,4,296
D4:F5:47:82:0E:C6,ALL,udp:47495,8.8.8.8*,8,680,4,296,4,384
D4:F5:47:82:0E:C6,ALL,udp:36725,192.168.3.117*,8,816,4,518,4,298
D4:F5:47:82:0E:C6,ALL,udp:36725,8.8.8.8*,8,816,4,298,4,518
D4:F5:47:82:0E:C6,ALL,udp:46979,192.168.3.117*,8,816,4,518,4,298
D4:F5:47:82:0E:C6,ALL,udp:46979,8.8.8.8*,8,816,4,298,4,518
D4:F5:47:82:0E:C6,ALL,udp:44810,192.168.3.117*,8,680,4,384,4,296
D4:F5:47:82:0E:C6,ALL,udp:44810,8.8.8.8*,8,680,4,296,4,384
D4:F5:47:82:0E:C6,ALL,udp:43031,192.168.3.117*,8,680,4,384,4,296
D4:F5:47:82:0E:C6,ALL,udp:43031,8.8.8.8*,8,680,4,296,4,384
D4:F5:47:82:0E:C6,ALL,udp:49644,192.168.3.117*,8,680,4,384,4,296
D4:F5:47:82:0E:C6,ALL,udp:49644,8.8.8.8*,8,680,4,296,4,384
D4:F5:47:82:0E:C6,ALL,udp:41752,192.168.3.117*,8,680,4,384,4,296
D4:F5:47:82:0E:C6,ALL,udp:41752,8.8.8.8*,8,680,4,296,4,384
D4:F5:47:82:0E:C6,ALL,udp:32906,192.168.3.117*,8,692,4,396,4,296
D4:F5:47:82:0E:C6,ALL,udp:32906,8.8.8.8*,8,692,4,296,4,396
D4:F5:47:82:0E:C6,ALL,udp:48355,192.168.3.117*,8,816,4,518,4,298
D4:F5:47:82:0E:C6,ALL,udp:48355,8.8.8.8*,8,816,4,298,4,518
D4:F5:47:82:0E:C6,ALL,udp:40113,192.168.3.117*,8,680,4,384,4,296
D4:F5:47:82:0E:C6,ALL,udp:40113,8.8.8.8*,8,680,4,296,4,384
D4:F5:47:82:0E:C6,ALL,udp:57223,192.168.3.117*,8,816,4,518,4,298
D4:F5:47:82:0E:C6,ALL,udp:57223,8.8.8.8*,8,816,4,298,4,518
D4:F5:47:82:0E:C6,ALL,udp:51451,192.168.3.117*,8,680,4,384,4,296
D4:F5:47:82:0E:C6,ALL,udp:51451,8.8.8.8*,8,680,4,296,4,384
D4:F5:47:82:0E:C6,ALL,udp:53551,192.168.3.117*,8,828,4,530,4,298
D4:F5:47:82:0E:C6,ALL,udp:53551,8.8.8.8*,8,828,4,298,4,530
D4:F5:47:82:0E:C6,ALL,udp:33121,192.168.3.117*,8,1020,4,716,4,304
D4:F5:47:82:0E:C6,ALL,udp:33121,8.8.8.8*,8,1020,4,304,4,716
D4:F5:47:82:0E:C6,ALL,udp:59425,192.168.3.117*,8,729,4,420,4,309
D4:F5:47:82:0E:C6,ALL,udp:59425,8.8.8.8*,8,729,4,309,4,420
D4:F5:47:82:0E:C6,ALL,udp:44134,192.168.3.117*,8,680,4,384,4,296
D4:F5:47:82:0E:C6,ALL,udp:44134,8.8.8.8*,8,680,4,296,4,384
D4:F5:47:82:0E:C6,ALL,udp:47192,192.168.3.117*,8,668,4,372,4,296
D4:F5:47:82:0E:C6,ALL,udp:47192,8.8.8.8*,8,668,4,296,4,372
D4:F5:47:82:0E:C6,ALL,udp:60700,192.168.3.117*,8,692,4,396,4,296
D4:F5:47:82:0E:C6,ALL,udp:60700,8.8.8.8*,8,692,4,296,4,396
D4:F5:47:82:0E:C6,ALL,udp:51918,192.168.3.117*,8,680,4,384,4,296
D4:F5:47:82:0E:C6,ALL,udp:51918,8.8.8.8*,8,680,4,296,4,384
D4:F5:47:82:0E:C6,ALL,udp:55769,192.168.3.117*,8,668,4,372,4,296
D4:F5:47:82:0E:C6,ALL,udp:55769,8.8.8.8*,8,668,4,296,4,372
D4:F5:47:82:0E:C6,ALL,udp:49494,192.168.3.117*,8,692,4,396,4,296
D4:F5:47:82:0E:C6,ALL,udp:49494,8.8.8.8*,8,692,4,296,4,396
D4:F5:47:82:0E:C6,ALL,udp:59658,192.168.3.117*,8,692,4,396,4,296
D4:F5:47:82:0E:C6,ALL,udp:59658,8.8.8.8*,8,692,4,296,4,396
D4:F5:47:82:0E:C6,ALL,udp:47651,192.168.3.117*,8,680,4,384,4,296
D4:F5:47:82:0E:C6,ALL,udp:47651,8.8.8.8*,8,680,4,296,4,384
D4:F5:47:82:0E:C6,ALL,udp:34062,192.168.3.117*,8,804,4,506,4,298
D4:F5:47:82:0E:C6,ALL,udp:34062,8.8.8.8*,8,804,4,298,4,506
D4:F5:47:82:0E:C6,ALL,udp:33964,192.168.3.117*,8,714,4,413,4,301
D4:F5:47:82:0E:C6,ALL,udp:33964,8.8.8.8*,8,714,4,301,4,413
D4:F5:47:82:0E:C6,ALL,udp:33614,192.168.3.117*,8,769,4,456,4,313
D4:F5:47:82:0E:C6,ALL,udp:33614,8.8.8.8*,8,769,4,313,4,456
D4:F5:47:82:0E:C6,ALL,udp:35713,192.168.3.117*,8,680,4,384,4,296
D4:F5:47:82:0E:C6,ALL,udp:35713,8.8.8.8*,8,680,4,296,4,384
D4:F5:47:82:0E:C6,ALL,udp:50192,192.168.3.117*,8,668,4,372,4,296
D4:F5:47:82:0E:C6,ALL,udp:50192,8.8.8.8*,8,668,4,296,4,372
D4:F5:47:82:0E:C6,ALL,udp:40979,192.168.3.117*,8,680,4,384,4,296
D4:F5:47:82:0E:C6,ALL,udp:40979,8.8.8.8*,8,680,4,296,4,384
D4:F5:47:82:0E:C6,ALL,udp:36155,192.168.3.117*,8,714,4,413,4,301
D4:F5:47:82:0E:C6,ALL,udp:36155,8.8.8.8*,8,714,4,301,4,413
D4:F5:47:82:0E:C6,ALL,udp:35349,192.168.3.117*,8,680,4,384,4,296
D4:F5:47:82:0E:C6,ALL,udp:35349,8.8.8.8*,8,680,4,296,4,384
D4:F5:47:82:0E:C6,ALL,udp:36581,192.168.3.117*,8,680,4,384,4,296
D4:F5:47:82:0E:C6,ALL,udp:36581,8.8.8.8*,8,680,4,296,4,384
D4:F5:47:82:0E:C6,ALL,udp:52342,192.168.3.117*,8,680,4,384,4,296
D4:F5:47:82:0E:C6,ALL,udp:52342,8.8.8.8*,8,680,4,296,4,384
D4:F5:47:82:0E:C6,ALL,udp:34295,192.168.3.117*,8,692,4,396,4,296
D4:F5:47:82:0E:C6,ALL,udp:34295,8.8.8.8*,8,692,4,296,4,396
D4:F5:47:82:0E:C6,ALL,udp:43112,192.168.3.117*,8,816,4,518,4,298
D4:F5:47:82:0E:C6,ALL,udp:43112,8.8.8.8*,8,816,4,298,4,518
D4:F5:47:82:0E:C6,ALL,udp:36679,192.168.3.117*,8,717,4,408,4,309
D4:F5:47:82:0E:C6,ALL,udp:36679,8.8.8.8*,8,717,4,309,4,408
D4:F5:47:82:0E:C6,ALL,udp:35584,192.168.3.117*,8,952,4,652,4,300
D4:F5:47:82:0E:C6,ALL,udp:35584,8.8.8.8*,8,952,4,300,4,652
D4:F5:47:82:0E:C6,ALL,udp:60365,192.168.3.117*,8,714,4,413,4,301
D4:F5:47:82:0E:C6,ALL,udp:60365,8.8.8.8*,8,714,4,301,4,413
D4:F5:47:82:0E:C6,ALL,udp:44939,192.168.3.117*,8,732,4,432,4,300
D4:F5:47:82:0E:C6,ALL,udp:44939,8.8.8.8*,8,732,4,300,4,432
D4:F5:47:82:0E:C6,ALL,udp:42070,192.168.3.117*,8,804,4,506,4,298
D4:F5:47:82:0E:C6,ALL,udp:42070,8.8.8.8*,8,804,4,298,4,506
D4:F5:47:82:0E:C6,ALL,udp:35248,192.168.3.117*,8,692,4,396,4,296
D4:F5:47:82:0E:C6,ALL,udp:35248,8.8.8.8*,8,692,4,296,4,396
D4:F5:47:82:0E:C6,ALL,udp:35741,192.168.3.117*,8,680,4,384,4,296
D4:F5:47:82:0E:C6,ALL,udp:35741,8.8.8.8*,8,680,4,296,4,384
D4:F5:47:82:0E:C6,ALL,udp:38592,192.168.3.117*,8,717,4,408,4,309
D4:F5:47:82:0E:C6,ALL,udp:38592,8.8.8.8*,8,717,4,309,4,408
D4:F5:47:82:0E:C6,ALL,udp:54376,192.168.3.117*,8,692,4,396,4,296
D4:F5:47:82:0E:C6,ALL,udp:54376,8.8.8.8*,8,692,4,296,4,396
D4:F5:47:82:0E:C6,ALL,udp:46250,192.168.3.117*,8,692,4,396,4,296
D4:F5:47:82:0E:C6,ALL,udp:46250,8.8.8.8*,8,692,4,296,4,396
D4:F5:47:82:0E:C6,ALL,udp:56095,192.168.3.117*,8,680,4,384,4,296
D4:F5:47:82:0E:C6,ALL,udp:56095,8.8.8.8*,8,680,4,296,4,384
D4:F5:47:82:0E:C6,ALL,udp:50784,192.168.3.117*,8,680,4,384,4,296
D4:F5:47:82:0E:C6,ALL,udp:50784,8.8.8.8*,8,680,4,296,4,384
D4:F5:47:82:0E:C6,ALL,udp:52795,192.168.3.117*,8,680,4,384,4,296
D4:F5:47:82:0E:C6,ALL,udp:52795,8.8.8.8*,8,680,4,296,4,384
D4:F5:47:82:0E:C6,ALL,udp:41277,192.168.3.117*,8,680,4,384,4,296
D4:F5:47:82:0E:C6,ALL,udp:41277,8.8.8.8*,8,680,4,296,4,384
D4:F5:47:82:0E:C6,ALL,udp:44459,192.168.3.117*,8,680,4,384,4,296
D4:F5:47:82:0E:C6,ALL,udp:44459,8.8.8.8*,8,680,4,296,4,384
D4:F5:47:82:0E:C6,ALL,udp:59681,192.168.3.117*,8,680,4,384,4,296
D4:F5:47:82:0E:C6,ALL,udp:59681,8.8.8.8*,8,680,4,296,4,384
D4:F5:47:82:0E:C6,ALL,udp:43497,192.168.3.117*,8,816,4,518,4,298
D4:F5:47:82:0E:C6,ALL,udp:43497,8.8.8.8*,8,816,4,298,4,518
D4:F5:47:82:0E:C6,ALL,udp:44854,192.168.3.117*,8,680,4,384,4,296
D4:F5:47:82:0E:C6,ALL,udp:44854,8.8.8.8*,8,680,4,296,4,384
D4:F5:47:82:0E:C6,ALL,udp:46419,192.168.3.117*,8,680,4,384,4,296
D4:F5:47:82:0E:C6,ALL,udp:46419,8.8.8.8*,8,680,4,296,4,384
D4:F5:47:82:0E:C6,ALL,udp:40675,192.168.3.117*,8,680,4,384,4,296
D4:F5:47:82:0E:C6,ALL,udp:40675,8.8.8.8*,8,680,4,296,4,384
D4:F5:47:82:0E:C6,ALL,udp:43598,192.168.3.117*,8,680,4,384,4,296
D4:F5:47:82:0E:C6,ALL,udp:43598,8.8.8.8*,8,680,4,296,4,384
D4:F5:47:82:0E:C6,ALL,udp:46260,192.168.3.117*,8,680,4,384,4,296
D4:F5:47:82:0E:C6,ALL,udp:46260,8.8.8.8*,8,680,4,296,4,384
D4:F5:47:82:0E:C6,ALL,udp:45027,192.168.3.117*,8,680,4,384,4,296
D4:F5:47:82:0E:C6,ALL,udp:45027,8.8.8.8*,8,680,4,296,4,384
D4:F5:47:82:0E:C6,ALL,udp:44053,192.168.3.117*,8,816,4,518,4,298
D4:F5:47:82:0E:C6,ALL,udp:44053,8.8.8.8*,8,816,4,298,4,518
D4:F5:47:82:0E:C6,ALL,udp:35998,192.168.3.117*,8,680,4,384,4,296
D4:F5:47:82:0E:C6,ALL,udp:35998,8.8.8.8*,8,680,4,296,4,384
D4:F5:47:82:0E:C6,ALL,udp:35056,192.168.3.117*,8,680,4,384,4,296
D4:F5:47:82:0E:C6,ALL,udp:35056,8.8.8.8*,8,680,4,296,4,384
D4:F5:47:82:0E:C6,ALL,udp:47119,192.168.3.117*,8,1008,4,704,4,304
D4:F5:47:82:0E:C6,ALL,udp:47119,8.8.8.8*,8,1008,4,304,4,704
D4:F5:47:82:0E:C6,ALL,udp:32975,192.168.3.117*,8,816,4,518,4,298
D4:F5:47:82:0E:C6,ALL,udp:32975,8.8.8.8*,8,816,4,298,4,518
D4:F5:47:82:0E:C6,ALL,udp:50671,192.168.3.117*,8,692,4,396,4,296
D4:F5:47:82:0E:C6,ALL,udp:50671,8.8.8.8*,8,692,4,296,4,396
D4:F5:47:82:0E:C6,ALL,udp:43080,192.168.3.117*,8,680,4,384,4,296
D4:F5:47:82:0E:C6,ALL,udp:43080,8.8.8.8*,8,680,4,296,4,384
D4:F5:47:82:0E:C6,ALL,udp:47001,192.168.3.117*,8,729,4,420,4,309
D4:F5:47:82:0E:C6,ALL,udp:47001,8.8.8.8*,8,729,4,309,4,420
D4:F5:47:82:0E:C6,ALL,udp:36938,192.168.3.117*,8,816,4,518,4,298
D4:F5:47:82:0E:C6,ALL,udp:36938,8.8.8.8*,8,816,4,298,4,518
D4:F5:47:82:0E:C6,ALL,udp:49809,192.168.3.117*,8,717,4,408,4,309
D4:F5:47:82:0E:C6,ALL,udp:49809,8.8.8.8*,8,717,4,309,4,408
D4:F5:47:82:0E:C6,ALL,udp:38286,192.168.3.117*,8,952,4,652,4,300
D4:F5:47:82:0E:C6,ALL,udp:38286,8.8.8.8*,8,952,4,300,4,652
D4:F5:47:82:0E:C6,ALL,udp:47654,192.168.3.117*,8,1032,4,716,4,316
D4:F5:47:82:0E:C6,ALL,udp:47654,8.8.8.8*,8,1032,4,316,4,716
D4:F5:47:82:0E:C6,ALL,udp:36281,192.168.3.117*,8,1076,4,744,4,332
D4:F5:47:82:0E:C6,ALL,udp:36281,8.8.8.8*,8,1076,4,332,4,744
D4:F5:47:82:0E:C6,ALL,udp:46891,192.168.3.117*,8,714,4,413,4,301
D4:F5:47:82:0E:C6,ALL,udp:46891,8.8.8.8*,8,714,4,301,4,413
D4:F5:47:82:0E:C6,ALL,udp:42825,192.168.3.117*,8,816,4,518,4,298
D4:F5:47:82:0E:C6,ALL,udp:42825,8.8.8.8*,8,816,4,298,4,518
D4:F5:47:82:0E:C6,ALL,udp:49041,192.168.3.117*,8,816,4,518,4,298
D4:F5:47:82:0E:C6,ALL,udp:49041,8.8.8.8*,8,816,4,298,4,518
D4:F5:47:82:0E:C6,ALL,udp:44839,192.168.3.117*,8,714,4,413,4,301
D4:F5:47:82:0E:C6,ALL,udp:44839,8.8.8.8*,8,714,4,301,4,413
D4:F5:47:82:0E:C6,ALL,udp:44791,192.168.3.117*,8,816,4,518,4,298
D4:F5:47:82:0E:C6,ALL,udp:44791,8.8.8.8*,8,816,4,298,4,518
D4:F5:47:82:0E:C6,ALL,udp:43869,192.168.3.117*,8,1020,4,716,4,304
D4:F5:47:82:0E:C6,ALL,udp:43869,8.8.8.8*,8,1020,4,304,4,716
D4:F5:47:82:0E:C6,ALL,udp:49665,192.168.3.117*,8,1068,4,740,4,328
D4:F5:47:82:0E:C6,ALL,udp:49665,8.8.8.8*,8,1068,4,328,4,740
D4:F5:47:82:0E:C6,ALL,udp:47500,192.168.3.117*,8,816,4,518,4,298
D4:F5:47:82:0E:C6,ALL,udp:47500,8.8.8.8*,8,816,4,298,4,518
D4:F5:47:82:0E:C6,ALL,udp:50808,192.168.3.117*,8,1076,4,744,4,332
D4:F5:47:82:0E:C6,ALL,udp:50808,8.8.8.8*,8,1076,4,332,4,744
D4:F5:47:82:0E:C6,ALL,udp:55686,192.168.3.117*,8,680,4,384,4,296
D4:F5:47:82:0E:C6,ALL,udp:55686,8.8.8.8*,8,680,4,296,4,384
D4:F5:47:82:0E:C6,ALL,udp:48840,192.168.3.117*,8,680,4,384,4,296
D4:F5:47:82:0E:C6,ALL,udp:48840,8.8.8.8*,8,680,4,296,4,384
D4:F5:47:82:0E:C6,ALL,udp:59890,192.168.3.117*,8,680,4,384,4,296
D4:F5:47:82:0E:C6,ALL,udp:59890,8.8.8.8*,8,680,4,296,4,384
D4:F5:47:82:0E:C6,ALL,udp:50826,192.168.3.117*,8,680,4,384,4,296
D4:F5:47:82:0E:C6,ALL,udp:50826,8.8.8.8*,8,680,4,296,4,384
D4:F5:47:82:0E:C6,ALL,udp:55233,192.168.3.117*,8,680,4,384,4,296
D4:F5:47:82:0E:C6,ALL,udp:55233,8.8.8.8*,8,680,4,296,4,384
D4:F5:47:82:0E:C6,ALL,udp:43244,192.168.3.117*,8,680,4,384,4,296
D4:F5:47:82:0E:C6,ALL,udp:43244,8.8.8.8*,8,680,4,296,4,384
D4:F5:47:82:0E:C6,ALL,udp:36996,192.168.3.117*,8,680,4,384,4,296
D4:F5:47:82:0E:C6,ALL,udp:36996,8.8.8.8*,8,680,4,296,4,384
D4:F5:47:82:0E:C6,ALL,udp:36882,192.168.3.117*,8,680,4,384,4,296
D4:F5:47:82:0E:C6,ALL,udp:36882,8.8.8.8*,8,680,4,296,4,384
D4:F5:47:82:0E:C6,ALL,udp:50014,192.168.3.117*,8,680,4,384,4,296
D4:F5:47:82:0E:C6,ALL,udp:50014,8.8.8.8*,8,680,4,296,4,384
D4:F5:47:82:0E:C6,ALL,udp:45052,192.168.3.117*,8,680,4,384,4,296
D4:F5:47:82:0E:C6,ALL,udp:45052,8.8.8.8*,8,680,4,296,4,384
D4:F5:47:82:0E:C6,ALL,udp:48484,192.168.3.117*,8,680,4,384,4,296
D4:F5:47:82:0E:C6,ALL,udp:48484,8.8.8.8*,8,680,4,296,4,384
D4:F5:47:82:0E:C6,ALL,udp:38032,192.168.3.117*,8,680,4,384,4,296
D4:F5:47:82:0E:C6,ALL,udp:38032,8.8.8.8*,8,680,4,296,4,384
D4:F5:47:82:0E:C6,ALL,udp:35695,192.168.3.117*,8,680,4,384,4,296
D4:F5:47:82:0E:C6,ALL,udp:35695,8.8.8.8*,8,680,4,296,4,384
D4:F5:47:82:0E:C6,ALL,udp:39737,192.168.3.117*,8,680,4,384,4,296
D4:F5:47:82:0E:C6,ALL,udp:39737,8.8.8.8*,8,680,4,296,4,384
D4:F5:47:82:0E:C6,ALL,udp:40751,192.168.3.117*,8,680,4,384,4,296
D4:F5:47:82:0E:C6,ALL,udp:40751,8.8.8.8*,8,680,4,296,4,384
D4:F5:47:82:0E:C6,ALL,udp:33955,192.168.3.117*,8,680,4,384,4,296
D4:F5:47:82:0E:C6,ALL,udp:33955,8.8.8.8*,8,680,4,296,4,384
D4:F5:47:82:0E:C6,ALL,udp:47872,142.251.32.110*,23,12423,13,9204,10,3219
D4:F5:47:82:0E:C6,ALL,udp:47872,8.8.8.8*,8,680,4,296,4,384
D4:F5:47:82:0E:C6,ALL,udp:56114,192.168.3.117*,8,680,4,384,4,296
D4:F5:47:82:0E:C6,ALL,udp:56114,8.8.8.8*,8,680,4,296,4,384
D4:F5:47:82:0E:C6,ALL,udp:41228,192.168.3.117*,8,680,4,384,4,296
D4:F5:47:82:0E:C6,ALL,udp:41228,8.8.8.8*,8,680,4,296,4,384
D4:F5:47:82:0E:C6,ALL,udp:56224,192.168.3.117*,8,680,4,384,4,296
D4:F5:47:82:0E:C6,ALL,udp:56224,8.8.8.8*,8,680,4,296,4,384
D4:F5:47:82:0E:C6,ALL,udp:38505,192.168.3.117*,8,680,4,384,4,296
D4:F5:47:82:0E:C6,ALL,udp:38505,8.8.8.8*,8,680,4,296,4,384
D4:F5:47:82:0E:C6,ALL,udp:35399,192.168.3.117*,8,680,4,384,4,296
D4:F5:47:82:0E:C6,ALL,udp:35399,8.8.8.8*,8,680,4,296,4,384
D4:F5:47:82:0E:C6,ALL,udp:60160,192.168.3.117*,8,680,4,384,4,296
D4:F5:47:82:0E:C6,ALL,udp:60160,8.8.8.8*,8,680,4,296,4,384
D4:F5:47:82:0E:C6,ALL,udp:41198,192.168.3.117*,8,680,4,384,4,296
D4:F5:47:82:0E:C6,ALL,udp:41198,8.8.8.8*,8,680,4,296,4,384
D4:F5:47:82:0E:C6,ALL,udp:48013,192.168.3.117*,8,680,4,384,4,296
D4:F5:47:82:0E:C6,ALL,udp:48013,8.8.8.8*,8,680,4,296,4,384
D4:F5:47:82:0E:C6,ALL,udp:45072,192.168.3.117*,8,680,4,384,4,296
D4:F5:47:82:0E:C6,ALL,udp:45072,8.8.8.8*,8,680,4,296,4,384
D4:F5:47:82:0E:C6,ALL,udp:59112,216.239.35.4,2,180,1,90,1,90
D4:F5:47:82:0E:C6,ALL,udp:59112,8.8.8.8,8,680,4,296,4,384
D4:F5:47:82:0E:C6,ALL,udp:36956,192.168.3.117*,8,680,4,384,4,296
D4:F5:47:82:0E:C6,ALL,udp:36956,8.8.8.8*,8,680,4,296,4,384
D4:F5:47:82:0E:C6,ALL,udp:37399,192.168.3.117*,8,680,4,384,4,296
D4:F5:47:82:0E:C6,ALL,udp:37399,8.8.8.8*,8,680,4,296,4,384
D4:F5:47:82:0E:C6,ALL,udp:57657,192.168.3.117*,8,680,4,384,4,296
D4:F5:47:82:0E:C6,ALL,udp:57657,8.8.8.8*,8,680,4,296,4,384
D4:F5:47:82:0E:C6,ALL,udp:41372,192.168.3.117*,8,680,4,384,4,296
D4:F5:47:82:0E:C6,ALL,udp:41372,8.8.8.8*,8,680,4,296,4,384
D4:F5:47:82:0E:C6,ALL,udp:41328,192.168.3.117*,8,680,4,384,4,296
D4:F5:47:82:0E:C6,ALL,udp:41328,8.8.8.8*,8,680,4,296,4,384
D4:F5:47:82:0E:C6,ALL,udp:48313,192.168.3.117*,8,680,4,384,4,296
D4:F5:47:82:0E:C6,ALL,udp:48313,8.8.8.8*,8,680,4,296,4,384
D4:F5:47:82:0E:C6,ALL,udp:60112,192.168.3.117*,8,680,4,384,4,296
D4:F5:47:82:0E:C6,ALL,udp:60112,8.8.8.8*,8,680,4,296,4,384
D4:F5:47:82:0E:C6,ALL,udp:40663,192.168.3.117*,8,680,4,384,4,296
D4:F5:47:82:0E:C6,ALL,udp:40663,8.8.8.8*,8,680,4,296,4,384
D4:F5:47:82:0E:C6,ALL,udp:44476,192.168.3.117*,8,680,4,384,4,296
D4:F5:47:82:0E:C6,ALL,udp:44476,8.8.8.8*,8,680,4,296,4,384
D4:F5:47:82:0E:C6,ALL,udp:34471,192.168.3.117*,8,680,4,384,4,296
D4:F5:47:82:0E:C6,ALL,udp:34471,8.8.8.8*,8,680,4,296,4,384
D4:F5:47:82:0E:C6,ALL,udp:35459,192.168.3.117*,8,668,4,372,4,296
D4:F5:47:82:0E:C6,ALL,udp:35459,8.8.8.8*,8,668,4,296,4,372
D4:F5:47:82:0E:C6,ALL,udp:52313,192.168.3.117*,8,680,4,384,4,296
D4:F5:47:82:0E:C6,ALL,udp:52313,8.8.8.8*,8,680,4,296,4,384
D4:F5:47:82:0E:C6,ALL,udp:56906,192.168.3.117*,8,1020,4,716,4,304
D4:F5:47:82:0E:C6,ALL,udp:56906,8.8.8.8*,8,1020,4,304,4,716
D4:F5:47:82:0E:C6,ALL,udp:53510,192.168.3.117*,8,1076,4,744,4,332
D4:F5:47:82:0E:C6,ALL,udp:53510,8.8.8.8*,8,1076,4,332,4,744
D4:F5:47:82:0E:C6,ALL,udp:59302,192.168.3.117*,8,680,4,384,4,296
D4:F5:47:82:0E:C6,ALL,udp:59302,8.8.8.8*,8,680,4,296,4,384
D4:F5:47:82:0E:C6,ALL,udp:43655,192.168.3.117*,8,816,4,518,4,298
D4:F5:47:82:0E:C6,ALL,udp:43655,8.8.8.8*,8,816,4,298,4,518
D4:F5:47:82:0E:C6,ALL,udp:45828,192.168.3.117*,8,680,4,384,4,296
D4:F5:47:82:0E:C6,ALL,udp:45828,8.8.8.8*,8,680,4,296,4,384
D4:F5:47:82:0E:C6,ALL,udp:49970,216.239.35.0,2,180,1,90,1,90
D4:F5:47:82:0E:C6,ALL,udp:49970,8.8.8.8,8,680,4,296,4,384
D4:F5:47:82:0E:C6,ALL,udp:60036,192.168.3.117*,6,504,3,282,3,222
D4:F5:47:82:0E:C6,ALL,udp:60036,8.8.8.8*,6,504,3,222,3,282
D4:F5:47:82:0E:C6,ALL,udp:33624,192.168.3.117*,6,504,3,282,3,222
D4:F5:47:82:0E:C6,ALL,udp:33624,8.8.8.8*,6,504,3,222,3,282
D4:F5:47:82:0E:C6,ALL,udp:35725,192.168.3.117*,6,504,3,282,3,222
D4:F5:47:82:0E:C6,ALL,udp:35725,8.8.8.8*,6,504,3,222,3,282
D4:F5:47:82:0E:C6,ALL,udp:52797,192.168.3.117*,6,516,3,294,3,222
D4:F5:47:82:0E:C6,ALL,udp:52797,8.8.8.8*,6,516,3,222,3,294
D4:F5:47:82:0E:C6,ALL,udp:50828,192.168.3.117*,6,504,3,282,3,222
D4:F5:47:82:0E:C6,ALL,udp:50828,8.8.8.8*,6,504,3,222,3,282
D4:F5:47:82:0E:C6,ALL,udp:37595,192.168.3.117*,6,504,3,282,3,222
D4:F5:47:82:0E:C6,ALL,udp:37595,8.8.8.8*,6,504,3,222,3,282
D4:F5:47:82:0E:C6,ALL,udp:38929,192.168.3.117*,6,516,3,294,3,222
D4:F5:47:82:0E:C6,ALL,udp:38929,8.8.8.8*,6,516,3,222,3,294
D4:F5:47:82:0E:C6,ALL,udp:34046,192.168.3.117*,6,516,3,294,3,222
D4:F5:47:82:0E:C6,ALL,udp:34046,8.8.8.8*,6,516,3,222,3,294
D4:F5:47:82:0E:C6,ALL,udp:42710,192.168.3.117*,6,516,3,294,3,222
D4:F5:47:82:0E:C6,ALL,udp:42710,8.8.8.8*,6,516,3,222,3,294
D4:F5:47:82:0E:C6,ALL,udp:46846,192.168.3.117*,6,504,3,282,3,222
D4:F5:47:82:0E:C6,ALL,udp:46846,8.8.8.8*,6,504,3,222,3,282
D4:F5:47:82:0E:C6,ALL,udp:33630,192.168.3.117*,6,516,3,294,3,222
D4:F5:47:82:0E:C6,ALL,udp:33630,8.8.8.8*,6,516,3,222,3,294
D4:F5:47:82:0E:C6,ALL,udp:33141,192.168.3.117*,6,652,3,428,3,224
D4:F5:47:82:0E:C6,ALL,udp:33141,8.8.8.8*,6,652,3,224,3,428
D4:F5:47:82:0E:C6,ALL,udp:56553,192.168.3.117*,6,516,3,294,3,222
D4:F5:47:82:0E:C6,ALL,udp:56553,8.8.8.8*,6,516,3,222,3,294
D4:F5:47:82:0E:C6,ALL,udp:49810,192.168.3.117*,6,504,3,282,3,222
D4:F5:47:82:0E:C6,ALL,udp:49810,8.8.8.8*,6,504,3,222,3,282
D4:F5:47:82:0E:C6,ALL,udp:33995,192.168.3.117*,6,538,3,311,3,227
D4:F5:47:82:0E:C6,ALL,udp:33995,8.8.8.8*,6,538,3,227,3,311
D4:F5:47:82:0E:C6,ALL,udp:34354,216.239.35.12,2,180,1,90,1,90
D4:F5:47:82:0E:C6,ALL,udp:34354,8.8.8.8,6,652,3,224,3,428
D4:F5:47:82:0E:C6,ALL,udp:36159,192.168.3.117*,6,652,3,428,3,224
D4:F5:47:82:0E:C6,ALL,udp:36159,8.8.8.8*,6,652,3,224,3,428
D4:F5:47:82:0E:C6,ALL,udp:33331,192.168.3.117*,6,516,3,294,3,222
D4:F5:47:82:0E:C6,ALL,udp:33331,8.8.8.8*,6,516,3,222,3,294
D4:F5:47:82:0E:C6,ALL,udp:50819,192.168.3.117*,6,516,3,294,3,222
D4:F5:47:82:0E:C6,ALL,udp:50819,8.8.8.8*,6,516,3,222,3,294
D4:F5:47:82:0E:C6,ALL,udp:47041,192.168.3.117*,6,516,3,294,3,222
D4:F5:47:82:0E:C6,ALL,udp:47041,8.8.8.8*,6,516,3,222,3,294
D4:F5:47:82:0E:C6,ALL,udp:40835,192.168.3.117*,6,504,3,282,3,222
D4:F5:47:82:0E:C6,ALL,udp:40835,8.8.8.8*,6,504,3,222,3,282
D4:F5:47:82:0E:C6,ALL,udp:42185,192.168.3.117*,6,516,3,294,3,222
D4:F5:47:82:0E:C6,ALL,udp:42185,8.8.8.8*,6,516,3,222,3,294
D4:F5:47:82:0E:C6,ALL,udp:57514,192.168.3.117*,6,504,3,282,3,222
D4:F5:47:82:0E:C6,ALL,udp:57514,8.8.8.8*,6,504,3,222,3,282
D4:F5:47:82:0E:C6,ALL,udp:54262,192.168.3.117*,6,900,3,642,3,258
D4:F5:47:82:0E:C6,ALL,udp:54262,8.8.8.8*,6,900,3,258,3,642
D4:F5:47:82:0E:C6,ALL,udp:35996,192.168.3.117*,6,504,3,282,3,222
D4:F5:47:82:0E:C6,ALL,udp:35996,8.8.8.8*,6,504,3,222,3,282
D4:F5:47:82:0E:C6,ALL,udp:43899,192.168.3.117*,6,504,3,282,3,222
D4:F5:47:82:0E:C6,ALL,udp:43899,8.8.8.8*,6,504,3,222,3,282
D4:F5:47:82:0E:C6,ALL,udp:40549,192.168.3.117*,6,504,3,282,3,222
D4:F5:47:82:0E:C6,ALL,udp:40549,8.8.8.8*,6,504,3,222,3,282
D4:F5:47:82:0E:C6,ALL,udp:52214,192.168.3.117*,6,553,3,318,3,235
D4:F5:47:82:0E:C6,ALL,udp:52214,8.8.8.8*,6,553,3,235,3,318
D4:F5:47:82:0E:C6,ALL,udp:42667,192.168.3.117*,6,553,3,318,3,235
D4:F5:47:82:0E:C6,ALL,udp:42667,8.8.8.8*,6,553,3,235,3,318
D4:F5:47:82:0E:C6,ALL,udp:48700,192.168.3.117*,6,504,3,282,3,222
D4:F5:47:82:0E:C6,ALL,udp:48700,8.8.8.8*,6,504,3,222,3,282
D4:F5:47:82:0E:C6,ALL,udp:52317,192.168.3.117*,6,516,3,294,3,222
D4:F5:47:82:0E:C6,ALL,udp:52317,8.8.8.8*,6,516,3,222,3,294
D4:F5:47:82:0E:C6,ALL,udp:50396,192.168.3.117*,6,504,3,282,3,222
D4:F5:47:82:0E:C6,ALL,udp:50396,8.8.8.8*,6,504,3,222,3,282
D4:F5:47:82:0E:C6,ALL,udp:36843,192.168.3.117*,6,640,3,416,3,224
D4:F5:47:82:0E:C6,ALL,udp:36843,8.8.8.8*,6,640,3,224,3,416
D4:F5:47:82:0E:C6,ALL,udp:49302,192.168.3.117*,6,504,3,282,3,222
D4:F5:47:82:0E:C6,ALL,udp:49302,8.8.8.8*,6,504,3,222,3,282
D4:F5:47:82:0E:C6,ALL,udp:39515,192.168.3.117*,6,504,3,282,3,222
D4:F5:47:82:0E:C6,ALL,udp:39515,8.8.8.8*,6,504,3,222,3,282
D4:F5:47:82:0E:C6,ALL,udp:42790,192.168.3.117*,6,640,3,416,3,224
D4:F5:47:82:0E:C6,ALL,udp:42790,8.8.8.8*,6,640,3,224,3,416
D4:F5:47:82:0E:C6,ALL,udp:42170,192.168.3.117*,6,504,3,282,3,222
D4:F5:47:82:0E:C6,ALL,udp:42170,8.8.8.8*,6,504,3,222,3,282
D4:F5:47:82:0E:C6,ALL,udp:59466,192.168.3.117*,6,504,3,282,3,222
D4:F5:47:82:0E:C6,ALL,udp:59466,8.8.8.8*,6,504,3,222,3,282
D4:F5:47:82:0E:C6,ALL,udp:45814,192.168.3.117*,6,575,3,335,3,240
D4:F5:47:82:0E:C6,ALL,udp:45814,8.8.8.8*,6,575,3,240,3,335
D4:F5:47:82:0E:C6,ALL,udp:50655,192.168.3.117*,6,504,3,282,3,222
D4:F5:47:82:0E:C6,ALL,udp:50655,8.8.8.8*,6,504,3,222,3,282
D4:F5:47:82:0E:C6,ALL,udp:46403,192.168.3.117*,6,516,3,294,3,222
D4:F5:47:82:0E:C6,ALL,udp:46403,8.8.8.8*,6,516,3,222,3,294
D4:F5:47:82:0E:C6,ALL,udp:39175,192.168.3.117*,6,504,3,282,3,222
D4:F5:47:82:0E:C6,ALL,udp:39175,8.8.8.8*,6,504,3,222,3,282
D4:F5:47:82:0E:C6,ALL,udp:51097,192.168.3.117*,6,516,3,294,3,222
D4:F5:47:82:0E:C6,ALL,udp:51097,8.8.8.8*,6,516,3,222,3,294
D4:F5:47:82:0E:C6,ALL,udp:34693,192.168.3.117*,6,504,3,282,3,222
D4:F5:47:82:0E:C6,ALL,udp:34693,8.8.8.8*,6,504,3,222,3,282
D4:F5:47:82:0E:C6,ALL,udp:51593,192.168.3.117*,6,504,3,282,3,222
D4:F5:47:82:0E:C6,ALL,udp:51593,8.8.8.8*,6,504,3,222,3,282
D4:F5:47:82:0E:C6,ALL,udp:59962,192.168.3.117*,6,504,3,282,3,222
D4:F5:47:82:0E:C6,ALL,udp:59962,8.8.8.8*,6,504,3,222,3,282
D4:F5:47:82:0E:C6,ALL,udp:49839,192.168.3.117*,6,516,3,294,3,222
D4:F5:47:82:0E:C6,ALL,udp:49839,8.8.8.8*,6,516,3,222,3,294
D4:F5:47:82:0E:C6,ALL,udp:45097,192.168.3.117*,6,504,3,282,3,222
D4:F5:47:82:0E:C6,ALL,udp:45097,8.8.8.8*,6,504,3,222,3,282
D4:F5:47:82:0E:C6,ALL,udp:58143,192.168.3.117*,6,538,3,311,3,227
D4:F5:47:82:0E:C6,ALL,udp:58143,8.8.8.8*,6,538,3,227,3,311
D4:F5:47:82:0E:C6,ALL,udp:45151,192.168.3.117*,6,516,3,294,3,222
D4:F5:47:82:0E:C6,ALL,udp:45151,8.8.8.8*,6,516,3,222,3,294
D4:F5:47:82:0E:C6,ALL,udp:50023,192.168.3.117*,6,516,3,294,3,222
D4:F5:47:82:0E:C6,ALL,udp:50023,8.8.8.8*,6,516,3,222,3,294
D4:F5:47:82:0E:C6,ALL,udp:46210,192.168.3.117*,6,504,3,282,3,222
D4:F5:47:82:0E:C6,ALL,udp:46210,8.8.8.8*,6,504,3,222,3,282
D4:F5:47:82:0E:C6,ALL,udp:57401,192.168.3.117*,6,516,3,294,3,222
D4:F5:47:82:0E:C6,ALL,udp:57401,8.8.8.8*,6,516,3,222,3,294
D4:F5:47:82:0E:C6,ALL,udp:56084,192.168.3.117*,6,516,3,294,3,222
D4:F5:47:82:0E:C6,ALL,udp:56084,8.8.8.8*,6,516,3,222,3,294
D4:F5:47:82:0E:C6,ALL,udp:55782,192.168.3.117*,6,504,3,282,3,222
D4:F5:47:82:0E:C6,ALL,udp:55782,8.8.8.8*,6,504,3,222,3,282
D4:F5:47:82:0E:C6,ALL,udp:44209,192.168.3.117*,6,504,3,282,3,222
D4:F5:47:82:0E:C6,ALL,udp:44209,8.8.8.8*,6,504,3,222,3,282
D4:F5:47:82:0E:C6,ALL,udp:34723,192.168.3.117*,6,516,3,294,3,222
D4:F5:47:82:0E:C6,ALL,udp:34723,8.8.8.8*,6,516,3,222,3,294
D4:F5:47:82:0E:C6,ALL,udp:46782,192.168.3.117*,6,880,3,638,3,242
D4:F5:47:82:0E:C6,ALL,udp:46782,8.8.8.8*,6,880,3,242,3,638
D4:F5:47:82:0E:C6,ALL,udp:60324,192.168.3.117*,6,516,3,294,3,222
D4:F5:47:82:0E:C6,ALL,udp:60324,8.8.8.8*,6,516,3,222,3,294
D4:F5:47:82:0E:C6,ALL,udp:45644,192.168.3.117*,6,504,3,282,3,222
D4:F5:47:82:0E:C6,ALL,udp:45644,8.8.8.8*,6,504,3,222,3,282
D4:F5:47:82:0E:C6,ALL,udp:42068,192.168.3.117*,6,504,3,282,3,222
D4:F5:47:82:0E:C6,ALL,udp:42068,8.8.8.8*,6,504,3,222,3,282
D4:F5:47:82:0E:C6,ALL,udp:43894,192.168.3.117*,6,504,3,282,3,222
D4:F5:47:82:0E:C6,ALL,udp:43894,8.8.8.8*,6,504,3,222,3,282
D4:F5:47:82:0E:C6,ALL,udp:60089,192.168.3.117*,6,516,3,294,3,222
D4:F5:47:82:0E:C6,ALL,udp:60089,8.8.8.8*,6,516,3,222,3,294
D4:F5:47:82:0E:C6,ALL,udp:41810,192.168.3.117*,6,504,3,282,3,222
D4:F5:47:82:0E:C6,ALL,udp:41810,8.8.8.8*,6,504,3,222,3,282
D4:F5:47:82:0E:C6,ALL,udp:44385,192.168.3.117*,6,516,3,294,3,222
D4:F5:47:82:0E:C6,ALL,udp:44385,8.8.8.8*,6,516,3,222,3,294
D4:F5:47:82:0E:C6,ALL,udp:46737,192.168.3.117*,6,504,3,282,3,222
D4:F5:47:82:0E:C6,ALL,udp:46737,8.8.8.8*,6,504,3,222,3,282
D4:F5:47:82:0E:C6,ALL,udp:44825,192.168.3.117*,6,538,3,311,3,227
D4:F5:47:82:0E:C6,ALL,udp:44825,8.8.8.8*,6,538,3,227,3,311
D4:F5:47:82:0E:C6,ALL,udp:37676,192.168.3.117*,6,516,3,294,3,222
D4:F5:47:82:0E:C6,ALL,udp:37676,8.8.8.8*,6,516,3,222,3,294
D4:F5:47:82:0E:C6,ALL,udp:58591,192.168.3.117*,6,516,3,294,3,222
D4:F5:47:82:0E:C6,ALL,udp:58591,8.8.8.8*,6,516,3,222,3,294
D4:F5:47:82:0E:C6,ALL,udp:56634,192.168.3.117*,6,516,3,294,3,222
D4:F5:47:82:0E:C6,ALL,udp:56634,8.8.8.8*,6,516,3,222,3,294
D4:F5:47:82:0E:C6,ALL,udp:42913,192.168.3.117*,6,516,3,294,3,222
D4:F5:47:82:0E:C6,ALL,udp:42913,8.8.8.8*,6,516,3,222,3,294
D4:F5:47:82:0E:C6,ALL,udp:38545,192.168.3.117*,6,516,3,294,3,222
D4:F5:47:82:0E:C6,ALL,udp:38545,8.8.8.8*,6,516,3,222,3,294
D4:F5:47:82:0E:C6,ALL,udp:39278,192.168.3.117*,6,492,3,270,3,222
D4:F5:47:82:0E:C6,ALL,udp:39278,8.8.8.8*,6,492,3,222,3,270
D4:F5:47:82:0E:C6,ALL,udp:54053,192.168.3.117*,6,516,3,294,3,222
D4:F5:47:82:0E:C6,ALL,udp:54053,8.8.8.8*,6,516,3,222,3,294
D4:F5:47:82:0E:C6,ALL,udp:40720,192.168.3.117*,6,538,3,311,3,227
D4:F5:47:82:0E:C6,ALL,udp:40720,8.8.8.8*,6,538,3,227,3,311
D4:F5:47:82:0E:C6,ALL,udp:57645,192.168.3.117*,6,565,3,330,3,235
D4:F5:47:82:0E:C6,ALL,udp:57645,8.8.8.8*,6,565,3,235,3,330
D4:F5:47:82:0E:C6,ALL,udp:51361,192.168.3.117*,6,553,3,318,3,235
D4:F5:47:82:0E:C6,ALL,udp:51361,8.8.8.8*,6,553,3,235,3,318
D4:F5:47:82:0E:C6,ALL,udp:55537,192.168.3.117*,6,516,3,294,3,222
D4:F5:47:82:0E:C6,ALL,udp:55537,8.8.8.8*,6,516,3,222,3,294
D4:F5:47:82:0E:C6,ALL,udp:45431,192.168.3.117*,6,534,3,297,3,237
D4:F5:47:82:0E:C6,ALL,udp:45431,8.8.8.8*,6,534,3,237,3,297
D4:F5:47:82:0E:C6,ALL,udp:60143,192.168.3.117*,6,640,3,416,3,224
D4:F5:47:82:0E:C6,ALL,udp:60143,8.8.8.8*,6,640,3,224,3,416
D4:F5:47:82:0E:C6,ALL,udp:58858,192.168.3.117*,6,516,3,294,3,222
D4:F5:47:82:0E:C6,ALL,udp:58858,8.8.8.8*,6,516,3,222,3,294
D4:F5:47:82:0E:C6,ALL,udp:36026,192.168.3.117*,6,516,3,294,3,222
D4:F5:47:82:0E:C6,ALL,udp:36026,8.8.8.8*,6,516,3,222,3,294
D4:F5:47:82:0E:C6,ALL,udp:50735,192.168.3.117*,6,516,3,294,3,222
D4:F5:47:82:0E:C6,ALL,udp:50735,8.8.8.8*,6,516,3,222,3,294
D4:F5:47:82:0E:C6,ALL,udp:43577,172.217.165.142*,25,15727,12,7393,13,8334
D4:F5:47:82:0E:C6,ALL,udp:43577,8.8.8.8*,6,516,3,222,3,294
D4:F5:47:82:0E:C6,ALL,udp:40152,192.168.3.117*,6,516,3,294,3,222
D4:F5:47:82:0E:C6,ALL,udp:40152,8.8.8.8*,6,516,3,222,3,294
D4:F5:47:82:0E:C6,ALL,udp:53374,192.168.3.117*,6,556,3,330,3,226
D4:F5:47:82:0E:C6,ALL,udp:53374,8.8.8.8*,6,556,3,226,3,330
D4:F5:47:82:0E:C6,ALL,udp:38402,192.168.3.117*,6,504,3,282,3,222
D4:F5:47:82:0E:C6,ALL,udp:38402,8.8.8.8*,6,504,3,222,3,282
D4:F5:47:82:0E:C6,ALL,udp:41121,192.168.3.117*,6,516,3,294,3,222
D4:F5:47:82:0E:C6,ALL,udp:41121,8.8.8.8*,6,516,3,222,3,294
D4:F5:47:82:0E:C6,ALL,udp:60056,192.168.3.117*,6,504,3,282,3,222
D4:F5:47:82:0E:C6,ALL,udp:60056,8.8.8.8*,6,504,3,222,3,282
D4:F5:47:82:0E:C6,ALL,udp:57209,192.168.3.117*,6,504,3,282,3,222
D4:F5:47:82:0E:C6,ALL,udp:57209,8.8.8.8*,6,504,3,222,3,282
D4:F5:47:82:0E:C6,ALL,udp:43219,192.168.3.117*,6,553,3,318,3,235
D4:F5:47:82:0E:C6,ALL,udp:43219,8.8.8.8*,6,553,3,235,3,318
D4:F5:47:82:0E:C6,ALL,udp:33756,192.168.3.117*,6,516,3,294,3,222
D4:F5:47:82:0E:C6,ALL,udp:33756,8.8.8.8*,6,516,3,222,3,294
D4:F5:47:82:0E:C6,ALL,udp:56386,192.168.3.117*,6,652,3,428,3,224
D4:F5:47:82:0E:C6,ALL,udp:56386,8.8.8.8*,6,652,3,224,3,428
D4:F5:47:82:0E:C6,ALL,udp:58685,192.168.3.117*,6,516,3,294,3,222
D4:F5:47:82:0E:C6,ALL,udp:58685,8.8.8.8*,6,516,3,222,3,294
D4:F5:47:82:0E:C6,ALL,udp:60616,192.168.3.117*,6,516,3,294,3,222
D4:F5:47:82:0E:C6,ALL,udp:60616,8.8.8.8*,6,516,3,222,3,294
D4:F5:47:82:0E:C6,ALL,udp:42947,192.168.3.117*,6,652,3,428,3,224
D4:F5:47:82:0E:C6,ALL,udp:42947,8.8.8.8*,6,652,3,224,3,428
D4:F5:47:82:0E:C6,ALL,udp:38849,192.168.3.117*,6,504,3,282,3,222
D4:F5:47:82:0E:C6,ALL,udp:38849,8.8.8.8*,6,504,3,222,3,282
D4:F5:47:82:0E:C6,ALL,udp:45938,192.168.3.117*,6,504,3,282,3,222
D4:F5:47:82:0E:C6,ALL,udp:45938,8.8.8.8*,6,504,3,222,3,282
D4:F5:47:82:0E:C6,ALL,udp:49995,192.168.3.117*,6,504,3,282,3,222
D4:F5:47:82:0E:C6,ALL,udp:49995,8.8.8.8*,6,504,3,222,3,282
D4:F5:47:82:0E:C6,ALL,udp:50028,192.168.3.117*,6,504,3,282,3,222
D4:F5:47:82:0E:C6,ALL,udp:50028,8.8.8.8*,6,504,3,222,3,282
D4:F5:47:82:0E:C6,ALL,udp:41449,192.168.3.117*,6,492,3,270,3,222
D4:F5:47:82:0E:C6,ALL,udp:41449,8.8.8.8*,6,492,3,222,3,270
D4:F5:47:82:0E:C6,ALL,udp:57047,192.168.3.117*,6,516,3,294,3,222
D4:F5:47:82:0E:C6,ALL,udp:57047,8.8.8.8*,6,516,3,222,3,294
D4:F5:47:82:0E:C6,ALL,udp:50540,192.168.3.117*,6,522,3,285,3,237
D4:F5:47:82:0E:C6,ALL,udp:50540,8.8.8.8*,6,522,3,237,3,285
D4:F5:47:82:0E:C6,ALL,udp:37720,192.168.3.117*,6,652,3,428,3,224
D4:F5:47:82:0E:C6,ALL,udp:37720,8.8.8.8*,6,652,3,224,3,428
D4:F5:47:82:0E:C6,ALL,udp:59209,192.168.3.117*,6,516,3,294,3,222
D4:F5:47:82:0E:C6,ALL,udp:59209,8.8.8.8*,6,516,3,222,3,294
D4:F5:47:82:0E:C6,ALL,udp:32936,192.168.3.117*,6,528,3,306,3,222
D4:F5:47:82:0E:C6,ALL,udp:32936,8.8.8.8*,6,528,3,222,3,306
D4:F5:47:82:0E:C6,ALL,udp:54619,192.168.3.117*,6,504,3,282,3,222
D4:F5:47:82:0E:C6,ALL,udp:54619,8.8.8.8*,6,504,3,222,3,282
D4:F5:47:82:0E:C6,ALL,udp:47756,192.168.3.117*,6,516,3,294,3,222
D4:F5:47:82:0E:C6,ALL,udp:47756,8.8.8.8*,6,516,3,222,3,294
D4:F5:47:82:0E:C6,ALL,udp:56179,192.168.3.117*,6,516,3,294,3,222
D4:F5:47:82:0E:C6,ALL,udp:56179,8.8.8.8*,6,516,3,222,3,294
D4:F5:47:82:0E:C6,ALL,udp:38067,192.168.3.117*,6,504,3,282,3,222
D4:F5:47:82:0E:C6,ALL,udp:38067,8.8.8.8*,6,504,3,222,3,282
D4:F5:47:82:0E:C6,ALL,udp:35163,192.168.3.117*,6,516,3,294,3,222
D4:F5:47:82:0E:C6,ALL,udp:35163,8.8.8.8*,6,516,3,222,3,294
D4:F5:47:82:0E:C6,ALL,udp:52553,192.168.3.117*,6,640,3,416,3,224
D4:F5:47:82:0E:C6,ALL,udp:52553,8.8.8.8*,6,640,3,224,3,416
D4:F5:47:82:0E:C6,ALL,udp:42999,192.168.3.117*,6,516,3,294,3,222
D4:F5:47:82:0E:C6,ALL,udp:42999,8.8.8.8*,6,516,3,222,3,294
D4:F5:47:82:0E:C6,ALL,udp:60551,192.168.3.117*,6,504,3,282,3,222
D4:F5:47:82:0E:C6,ALL,udp:60551,8.8.8.8*,6,504,3,222,3,282
D4:F5:47:82:0E:C6,ALL,udp:43533,192.168.3.117*,6,516,3,294,3,222
D4:F5:47:82:0E:C6,ALL,udp:43533,8.8.8.8*,6,516,3,222,3,294
D4:F5:47:82:0E:C6,ALL,udp:50340,192.168.3.117*,6,516,3,294,3,222
D4:F5:47:82:0E:C6,ALL,udp:50340,8.8.8.8*,6,516,3,222,3,294
D4:F5:47:82:0E:C6,ALL,udp:34469,192.168.3.117*,6,504,3,282,3,222
D4:F5:47:82:0E:C6,ALL,udp:34469,8.8.8.8*,6,504,3,222,3,282
D4:F5:47:82:0E:C6,ALL,udp:53698,192.168.3.117*,6,516,3,294,3,222
D4:F5:47:82:0E:C6,ALL,udp:53698,8.8.8.8*,6,516,3,222,3,294
D4:F5:47:82:0E:C6,ALL,udp:59582,192.168.3.117*,6,516,3,294,3,222
D4:F5:47:82:0E:C6,ALL,udp:59582,8.8.8.8*,6,516,3,222,3,294
D4:F5:47:82:0E:C6,ALL,udp:47914,192.168.3.117*,6,640,3,416,3,224
D4:F5:47:82:0E:C6,ALL,udp:47914,8.8.8.8*,6,640,3,224,3,416
D4:F5:47:82:0E:C6,ALL,udp:39927,192.168.3.117*,6,504,3,282,3,222
D4:F5:47:82:0E:C6,ALL,udp:39927,8.8.8.8*,6,504,3,222,3,282
D4:F5:47:82:0E:C6,ALL,udp:50223,192.168.3.117*,6,504,3,282,3,222
D4:F5:47:82:0E:C6,ALL,udp:50223,8.8.8.8*,6,504,3,222,3,282
D4:F5:47:82:0E:C6,ALL,udp:47412,192.168.3.117*,6,856,3,626,3,230
D4:F5:47:82:0E:C6,ALL,udp:47412,8.8.8.8*,6,856,3,230,3,626
D4:F5:47:82:0E:C6,ALL,udp:37847,192.168.3.117*,6,640,3,416,3,224
D4:F5:47:82:0E:C6,ALL,udp:37847,8.8.8.8*,6,640,3,224,3,416
D4:F5:47:82:0E:C6,ALL,udp:55460,192.168.3.117*,6,556,3,330,3,226
D4:F5:47:82:0E:C6,ALL,udp:55460,8.8.8.8*,6,556,3,226,3,330
D4:F5:47:82:0E:C6,ALL,udp:54763,192.168.3.117*,6,516,3,294,3,222
D4:F5:47:82:0E:C6,ALL,udp:54763,8.8.8.8*,6,516,3,222,3,294
D4:F5:47:82:0E:C6,ALL,udp:50979,192.168.3.117*,6,504,3,282,3,222
D4:F5:47:82:0E:C6,ALL,udp:50979,8.8.8.8*,6,504,3,222,3,282
D4:F5:47:82:0E:C6,ALL,udp:56513,192.168.3.117*,6,516,3,294,3,222
D4:F5:47:82:0E:C6,ALL,udp:56513,8.8.8.8*,6,516,3,222,3,294
D4:F5:47:82:0E:C6,ALL,udp:52538,192.168.3.117*,6,689,3,452,3,237
D4:F5:47:82:0E:C6,ALL,udp:52538,8.8.8.8*,6,689,3,237,3,452
D4:F5:47:82:0E:C6,ALL,udp:42009,192.168.3.117*,6,504,3,282,3,222
D4:F5:47:82:0E:C6,ALL,udp:42009,8.8.8.8*,6,504,3,222,3,282
D4:F5:47:82:0E:C6,ALL,udp:32779,192.168.3.117*,6,538,3,311,3,227
D4:F5:47:82:0E:C6,ALL,udp:32779,8.8.8.8*,6,538,3,227,3,311
D4:F5:47:82:0E:C6,ALL,udp:59778,192.168.3.117*,6,516,3,294,3,222
D4:F5:47:82:0E:C6,ALL,udp:59778,8.8.8.8*,6,516,3,222,3,294
D4:F5:47:82:0E:C6,ALL,udp:50305,192.168.3.117*,6,538,3,311,3,227
D4:F5:47:82:0E:C6,ALL,udp:50305,8.8.8.8*,6,538,3,227,3,311
D4:F5:47:82:0E:C6,ALL,udp:54770,192.168.3.117*,6,504,3,282,3,222
D4:F5:47:82:0E:C6,ALL,udp:54770,8.8.8.8*,6,504,3,222,3,282
D4:F5:47:82:0E:C6,ALL,udp:39007,192.168.3.117*,6,640,3,416,3,224
D4:F5:47:82:0E:C6,ALL,udp:39007,8.8.8.8*,6,640,3,224,3,416
D4:F5:47:82:0E:C6,ALL,udp:37206,192.168.3.117*,6,516,3,294,3,222
D4:F5:47:82:0E:C6,ALL,udp:37206,8.8.8.8*,6,516,3,222,3,294
D4:F5:47:82:0E:C6,ALL,udp:60889,192.168.3.117*,6,516,3,294,3,222
D4:F5:47:82:0E:C6,ALL,udp:60889,8.8.8.8*,6,516,3,222,3,294
D4:F5:47:82:0E:C6,ALL,udp:55044,192.168.3.117*,6,504,3,282,3,222
D4:F5:47:82:0E:C6,ALL,udp:55044,8.8.8.8*,6,504,3,222,3,282
D4:F5:47:82:0E:C6,ALL,udp:39365,192.168.3.117*,6,504,3,282,3,222
D4:F5:47:82:0E:C6,ALL,udp:39365,8.8.8.8*,6,504,3,222,3,282
D4:F5:47:82:0E:C6,ALL,udp:58697,192.168.3.117*,6,516,3,294,3,222
D4:F5:47:82:0E:C6,ALL,udp:58697,8.8.8.8*,6,516,3,222,3,294
D4:F5:47:82:0E:C6,ALL,udp:41503,192.168.3.117*,6,504,3,282,3,222
D4:F5:47:82:0E:C6,ALL,udp:41503,8.8.8.8*,6,504,3,222,3,282
D4:F5:47:82:0E:C6,ALL,udp:53237,192.168.3.117*,6,516,3,294,3,222
D4:F5:47:82:0E:C6,ALL,udp:53237,8.8.8.8*,6,516,3,222,3,294
D4:F5:47:82:0E:C6,ALL,udp:59100,192.168.3.117*,6,504,3,282,3,222
D4:F5:47:82:0E:C6,ALL,udp:59100,8.8.8.8*,6,504,3,222,3,282
D4:F5:47:82:0E:C6,ALL,udp:46300,192.168.3.117*,6,640,3,416,3,224
D4:F5:47:82:0E:C6,ALL,udp:46300,8.8.8.8*,6,640,3,224,3,416
D4:F5:47:82:0E:C6,ALL,udp:41902,192.168.3.117*,6,516,3,294,3,222
D4:F5:47:82:0E:C6,ALL,udp:41902,8.8.8.8*,6,516,3,222,3,294
D4:F5:47:82:0E:C6,ALL,udp:54860,192.168.3.117*,6,504,3,282,3,222
D4:F5:47:82:0E:C6,ALL,udp:54860,8.8.8.8*,6,504,3,222,3,282
D4:F5:47:82:0E:C6,ALL,udp:56982,192.168.3.117*,6,516,3,294,3,222
D4:F5:47:82:0E:C6,ALL,udp:56982,8.8.8.8*,6,516,3,222,3,294
D4:F5:47:82:0E:C6,ALL,udp:54635,192.168.3.117*,6,516,3,294,3,222
D4:F5:47:82:0E:C6,ALL,udp:54635,8.8.8.8*,6,516,3,222,3,294
D4:F5:47:82:0E:C6,ALL,udp:60326,192.168.3.117*,6,504,3,282,3,222
D4:F5:47:82:0E:C6,ALL,udp:60326,8.8.8.8*,6,504,3,222,3,282
D4:F5:47:82:0E:C6,ALL,udp:60284,192.168.3.117*,6,504,3,282,3,222
D4:F5:47:82:0E:C6,ALL,udp:60284,8.8.8.8*,6,504,3,222,3,282
D4:F5:47:82:0E:C6,ALL,udp:51232,216.239.35.8,4,360,2,180,2,180
D4:F5:47:82:0E:C6,ALL,udp:51232,8.8.8.8,6,516,3,222,3,294
D4:F5:47:82:0E:C6,ALL,udp:38239,192.168.3.117*,6,504,3,282,3,222
D4:F5:47:82:0E:C6,ALL,udp:38239,8.8.8.8*,6,504,3,222,3,282
D4:F5:47:82:0E:C6,ALL,udp:55264,192.168.3.117*,6,516,3,294,3,222
D4:F5:47:82:0E:C6,ALL,udp:55264,8.8.8.8*,6,516,3,222,3,294
D4:F5:47:82:0E:C6,ALL,udp:58042,192.168.3.117*,6,504,3,282,3,222
D4:F5:47:82:0E:C6,ALL,udp:58042,8.8.8.8*,6,504,3,222,3,282
D4:F5:47:82:0E:C6,ALL,udp:43793,192.168.3.117*,6,516,3,294,3,222
D4:F5:47:82:0E:C6,ALL,udp:43793,8.8.8.8*,6,516,3,222,3,294
D4:F5:47:82:0E:C6,ALL,udp:59653,192.168.3.117*,6,516,3,294,3,222
D4:F5:47:82:0E:C6,ALL,udp:59653,8.8.8.8*,6,516,3,222,3,294
D4:F5:47:82:0E:C6,ALL,udp:47223,192.168.3.117*,6,504,3,282,3,222
D4:F5:47:82:0E:C6,ALL,udp:47223,8.8.8.8*,6,504,3,222,3,282
D4:F5:47:82:0E:C6,ALL,udp:43154,192.168.3.117*,6,516,3,294,3,222
D4:F5:47:82:0E:C6,ALL,udp:43154,8.8.8.8*,6,516,3,222,3,294
D4:F5:47:82:0E:C6,ALL,udp:43526,192.168.3.117*,6,504,3,282,3,222
D4:F5:47:82:0E:C6,ALL,udp:43526,8.8.8.8*,6,504,3,222,3,282
D4:F5:47:82:0E:C6,ALL,udp:45841,192.168.3.117*,6,504,3,282,3,222
D4:F5:47:82:0E:C6,ALL,udp:45841,8.8.8.8*,6,504,3,222,3,282
D4:F5:47:82:0E:C6,ALL,udp:38051,192.168.3.117*,6,904,3,650,3,254
D4:F5:47:82:0E:C6,ALL,udp:38051,8.8.8.8*,6,904,3,254,3,650
D4:F5:47:82:0E:C6,ALL,udp:60574,216.239.35.12,2,180,1,90,1,90
D4:F5:47:82:0E:C6,ALL,udp:60574,8.8.8.8,6,504,3,222,3,282
D4:F5:47:82:0E:C6,ALL,udp:39546,192.168.3.117*,6,652,3,428,3,224
D4:F5:47:82:0E:C6,ALL,udp:39546,8.8.8.8*,6,652,3,224,3,428
D4:F5:47:82:0E:C6,ALL,udp:44753,192.168.3.117*,6,504,3,282,3,222
D4:F5:47:82:0E:C6,ALL,udp:44753,8.8.8.8*,6,504,3,222,3,282
D4:F5:47:82:0E:C6,ALL,udp:50491,192.168.3.117*,6,516,3,294,3,222
D4:F5:47:82:0E:C6,ALL,udp:50491,8.8.8.8*,6,516,3,222,3,294
D4:F5:47:82:0E:C6,ALL,udp:38664,192.168.3.117*,6,640,3,416,3,224
D4:F5:47:82:0E:C6,ALL,udp:38664,8.8.8.8*,6,640,3,224,3,416
D4:F5:47:82:0E:C6,ALL,udp:42578,192.168.3.117*,6,538,3,311,3,227
D4:F5:47:82:0E:C6,ALL,udp:42578,8.8.8.8*,6,538,3,227,3,311
D4:F5:47:82:0E:C6,ALL,udp:35135,192.168.3.117*,6,516,3,294,3,222
D4:F5:47:82:0E:C6,ALL,udp:35135,8.8.8.8*,6,516,3,222,3,294
D4:F5:47:82:0E:C6,ALL,udp:33726,192.168.3.117*,6,516,3,294,3,222
D4:F5:47:82:0E:C6,ALL,udp:33726,8.8.8.8*,6,516,3,222,3,294
D4:F5:47:82:0E:C6,ALL,udp:59281,192.168.3.117*,6,504,3,282,3,222
D4:F5:47:82:0E:C6,ALL,udp:59281,8.8.8.8*,6,504,3,222,3,282
D4:F5:47:82:0E:C6,ALL,udp:59475,192.168.3.117*,6,516,3,294,3,222
D4:F5:47:82:0E:C6,ALL,udp:59475,8.8.8.8*,6,516,3,222,3,294
D4:F5:47:82:0E:C6,ALL,udp:49580,192.168.3.117*,6,528,3,306,3,222
D4:F5:47:82:0E:C6,ALL,udp:49580,8.8.8.8*,6,528,3,222,3,306
D4:F5:47:82:0E:C6,ALL,udp:47138,192.168.3.117*,6,689,3,452,3,237
D4:F5:47:82:0E:C6,ALL,udp:47138,8.8.8.8*,6,689,3,237,3,452
D4:F5:47:82:0E:C6,ALL,udp:52096,192.168.3.117*,6,553,3,318,3,235
D4:F5:47:82:0E:C6,ALL,udp:52096,8.8.8.8*,6,553,3,235,3,318
D4:F5:47:82:0E:C6,ALL,udp:34689,192.168.3.117*,6,504,3,282,3,222
D4:F5:47:82:0E:C6,ALL,udp:34689,8.8.8.8*,6,504,3,222,3,282
D4:F5:47:82:0E:C6,ALL,udp:48873,192.168.3.117*,6,504,3,282,3,222
D4:F5:47:82:0E:C6,ALL,udp:48873,8.8.8.8*,6,504,3,222,3,282
D4:F5:47:82:0E:C6,ALL,udp:47140,192.168.3.117*,6,516,3,294,3,222
D4:F5:47:82:0E:C6,ALL,udp:47140,8.8.8.8*,6,516,3,222,3,294
D4:F5:47:82:0E:C6,ALL,udp:41292,192.168.3.117*,6,504,3,282,3,222
D4:F5:47:82:0E:C6,ALL,udp:41292,8.8.8.8*,6,504,3,222,3,282
D4:F5:47:82:0E:C6,ALL,udp:55931,192.168.3.117*,6,516,3,294,3,222
D4:F5:47:82:0E:C6,ALL,udp:55931,8.8.8.8*,6,516,3,222,3,294
D4:F5:47:82:0E:C6,ALL,udp:49998,192.168.3.117*,6,516,3,294,3,222
D4:F5:47:82:0E:C6,ALL,udp:49998,8.8.8.8*,6,516,3,222,3,294
D4:F5:47:82:0E:C6,ALL,udp:56810,192.168.3.117*,6,528,3,306,3,222
D4:F5:47:82:0E:C6,ALL,udp:56810,8.8.8.8*,6,528,3,222,3,306
D4:F5:47:82:0E:C6,ALL,udp:40100,192.168.3.117*,6,652,3,428,3,224
D4:F5:47:82:0E:C6,ALL,udp:40100,8.8.8.8*,6,652,3,224,3,428
D4:F5:47:82:0E:C6,ALL,udp:33811,192.168.3.117*,6,640,3,416,3,224
D4:F5:47:82:0E:C6,ALL,udp:33811,8.8.8.8*,6,640,3,224,3,416
D4:F5:47:82:0E:C6,ALL,udp:56632,192.168.3.117*,6,504,3,282,3,222
D4:F5:47:82:0E:C6,ALL,udp:56632,8.8.8.8*,6,504,3,222,3,282
D4:F5:47:82:0E:C6,ALL,udp:48120,192.168.3.117*,6,516,3,294,3,222
D4:F5:47:82:0E:C6,ALL,udp:48120,8.8.8.8*,6,516,3,222,3,294
D4:F5:47:82:0E:C6,ALL,udp:41287,142.250.64.78*,20,10872,12,7359,8,3513
D4:F5:47:82:0E:C6,ALL,udp:41287,8.8.8.8*,6,640,3,224,3,416
D4:F5:47:82:0E:C6,ALL,udp:49929,192.168.3.117*,6,880,3,638,3,242
D4:F5:47:82:0E:C6,ALL,udp:49929,8.8.8.8*,6,880,3,242,3,638
D4:F5:47:82:0E:C6,ALL,udp:38279,192.168.3.117*,6,652,3,428,3,224
D4:F5:47:82:0E:C6,ALL,udp:38279,8.8.8.8*,6,652,3,224,3,428
D4:F5:47:82:0E:C6,ALL,udp:44844,192.168.3.117*,6,504,3,282,3,222
D4:F5:47:82:0E:C6,ALL,udp:44844,8.8.8.8*,6,504,3,222,3,282
D4:F5:47:82:0E:C6,ALL,udp:54903,192.168.3.117*,6,538,3,311,3,227
D4:F5:47:82:0E:C6,ALL,udp:54903,8.8.8.8*,6,538,3,227,3,311
D4:F5:47:82:0E:C6,ALL,udp:40603,192.168.3.117*,6,504,3,282,3,222
D4:F5:47:82:0E:C6,ALL,udp:40603,8.8.8.8*,6,504,3,222,3,282
D4:F5:47:82:0E:C6,ALL,udp:47774,192.168.3.117*,6,484,3,266,3,218
D4:F5:47:82:0E:C6,ALL,udp:47774,8.8.8.8*,6,484,3,218,3,266
D4:F5:47:82:0E:C6,ALL,udp:34156,192.168.3.117*,6,516,3,294,3,222
D4:F5:47:82:0E:C6,ALL,udp:34156,8.8.8.8*,6,516,3,222,3,294
D4:F5:47:82:0E:C6,ALL,udp:56034,192.168.3.117*,6,528,3,306,3,222
D4:F5:47:82:0E:C6,ALL,udp:56034,8.8.8.8*,6,528,3,222,3,306
D4:F5:47:82:0E:C6,ALL,udp:36299,192.168.3.117*,6,504,3,282,3,222
D4:F5:47:82:0E:C6,ALL,udp:36299,8.8.8.8*,6,504,3,222,3,282
D4:F5:47:82:0E:C6,ALL,udp:60191,192.168.3.117*,6,538,3,311,3,227
D4:F5:47:82:0E:C6,ALL,udp:60191,8.8.8.8*,6,538,3,227,3,311
D4:F5:47:82:0E:C6,ALL,udp:56800,192.168.3.117*,6,504,3,282,3,222
D4:F5:47:82:0E:C6,ALL,udp:56800,8.8.8.8*,6,504,3,222,3,282
D4:F5:47:82:0E:C6,ALL,udp:58493,192.168.3.117*,6,528,3,306,3,222
D4:F5:47:82:0E:C6,ALL,udp:58493,8.8.8.8*,6,528,3,222,3,306
D4:F5:47:82:0E:C6,ALL,udp:39430,192.168.3.117*,6,504,3,282,3,222
D4:F5:47:82:0E:C6,ALL,udp:39430,8.8.8.8*,6,504,3,222,3,282
D4:F5:47:82:0E:C6,ALL,udp:47471,192.168.3.117*,6,516,3,294,3,222
D4:F5:47:82:0E:C6,ALL,udp:47471,8.8.8.8*,6,516,3,222,3,294
D4:F5:47:82:0E:C6,ALL,udp:37188,192.168.3.117*,6,565,3,330,3,235
D4:F5:47:82:0E:C6,ALL,udp:37188,8.8.8.8*,6,565,3,235,3,330
D4:F5:47:82:0E:C6,ALL,udp:36593,192.168.3.117*,6,504,3,282,3,222
D4:F5:47:82:0E:C6,ALL,udp:36593,8.8.8.8*,6,504,3,222,3,282
D4:F5:47:82:0E:C6,ALL,udp:52331,192.168.3.117*,6,550,3,323,3,227
D4:F5:47:82:0E:C6,ALL,udp:52331,8.8.8.8*,6,550,3,227,3,323
D4:F5:47:82:0E:C6,ALL,udp:59245,192.168.3.117*,6,568,3,342,3,226
D4:F5:47:82:0E:C6,ALL,udp:59245,8.8.8.8*,6,568,3,226,3,342
D4:F5:47:82:0E:C6,ALL,udp:43449,192.168.3.117*,6,504,3,282,3,222
D4:F5:47:82:0E:C6,ALL,udp:43449,8.8.8.8*,6,504,3,222,3,282
D4:F5:47:82:0E:C6,ALL,udp:35444,192.168.3.117*,6,516,3,294,3,222
D4:F5:47:82:0E:C6,ALL,udp:35444,8.8.8.8*,6,516,3,222,3,294
D4:F5:47:82:0E:C6,ALL,udp:35877,192.168.3.117*,6,516,3,294,3,222
D4:F5:47:82:0E:C6,ALL,udp:35877,8.8.8.8*,6,516,3,222,3,294
D4:F5:47:82:0E:C6,ALL,udp:57093,192.168.3.117*,6,652,3,428,3,224
D4:F5:47:82:0E:C6,ALL,udp:57093,8.8.8.8*,6,652,3,224,3,428
D4:F5:47:82:0E:C6,ALL,udp:37993,192.168.3.117*,6,504,3,282,3,222
D4:F5:47:82:0E:C6,ALL,udp:37993,8.8.8.8*,6,504,3,222,3,282
D4:F5:47:82:0E:C6,ALL,udp:48898,192.168.3.117*,6,504,3,282,3,222
D4:F5:47:82:0E:C6,ALL,udp:48898,8.8.8.8*,6,504,3,222,3,282
D4:F5:47:82:0E:C6,ALL,udp:48137,192.168.3.117*,6,504,3,282,3,222
D4:F5:47:82:0E:C6,ALL,udp:48137,8.8.8.8*,6,504,3,222,3,282
D4:F5:47:82:0E:C6,ALL,udp:41040,192.168.3.117*,6,504,3,282,3,222
D4:F5:47:82:0E:C6,ALL,udp:41040,8.8.8.8*,6,504,3,222,3,282
D4:F5:47:82:0E:C6,ALL,udp:42734,192.168.3.117*,6,652,3,428,3,224
D4:F5:47:82:0E:C6,ALL,udp:42734,8.8.8.8*,6,652,3,224,3,428
D4:F5:47:82:0E:C6,ALL,udp:44624,192.168.3.117*,6,516,3,294,3,222
D4:F5:47:82:0E:C6,ALL,udp:44624,8.8.8.8*,6,516,3,222,3,294
D4:F5:47:82:0E:C6,ALL,udp:58041,192.168.3.117*,6,556,3,330,3,226
D4:F5:47:82:0E:C6,ALL,udp:58041,8.8.8.8*,6,556,3,226,3,330
D4:F5:47:82:0E:C6,ALL,udp:43309,192.168.3.117*,6,504,3,282,3,222
D4:F5:47:82:0E:C6,ALL,udp:43309,8.8.8.8*,6,504,3,222,3,282
D4:F5:47:82:0E:C6,ALL,udp:54998,192.168.3.117*,6,504,3,282,3,222
D4:F5:47:82:0E:C6,ALL,udp:54998,8.8.8.8*,6,504,3,222,3,282
D4:F5:47:82:0E:C6,ALL,udp:59921,192.168.3.117*,6,504,3,282,3,222
D4:F5:47:82:0E:C6,ALL,udp:59921,8.8.8.8*,6,504,3,222,3,282
D4:F5:47:82:0E:C6,ALL,udp:41456,192.168.3.117*,6,516,3,294,3,222
D4:F5:47:82:0E:C6,ALL,udp:41456,8.8.8.8*,6,516,3,222,3,294
D4:F5:47:82:0E:C6,ALL,udp:33484,192.168.3.117*,6,516,3,294,3,222
D4:F5:47:82:0E:C6,ALL,udp:33484,8.8.8.8*,6,516,3,222,3,294
D4:F5:47:82:0E:C6,ALL,udp:59651,192.168.3.117*,6,516,3,294,3,222
D4:F5:47:82:0E:C6,ALL,udp:59651,8.8.8.8*,6,516,3,222,3,294
D4:F5:47:82:0E:C6,ALL,udp:52865,216.239.35.12,2,180,1,90,1,90
D4:F5:47:82:0E:C6,ALL,udp:52865,8.8.8.8,6,504,3,222,3,282
D4:F5:47:82:0E:C6,ALL,udp:59569,172.217.165.142*,23,12417,13,9198,10,3219
D4:F5:47:82:0E:C6,ALL,udp:59569,8.8.8.8*,6,504,3,222,3,282
D4:F5:47:82:0E:C6,ALL,udp:33366,192.168.3.117*,6,492,3,270,3,222
D4:F5:47:82:0E:C6,ALL,udp:33366,8.8.8.8*,6,492,3,222,3,270
D4:F5:47:82:0E:C6,ALL,udp:41769,192.168.3.117*,6,516,3,294,3,222
D4:F5:47:82:0E:C6,ALL,udp:41769,8.8.8.8*,6,516,3,222,3,294
D4:F5:47:82:0E:C6,ALL,udp:54196,192.168.3.117*,6,516,3,294,3,222
D4:F5:47:82:0E:C6,ALL,udp:54196,8.8.8.8*,6,516,3,222,3,294
D4:F5:47:82:0E:C6,ALL,udp:42962,192.168.3.117*,6,640,3,416,3,224
D4:F5:47:82:0E:C6,ALL,udp:42962,8.8.8.8*,6,640,3,224,3,416
D4:F5:47:82:0E:C6,ALL,udp:49172,192.168.3.117*,6,504,3,282,3,222
D4:F5:47:82:0E:C6,ALL,udp:49172,8.8.8.8*,6,504,3,222,3,282
D4:F5:47:82:0E:C6,ALL,udp:38897,192.168.3.117*,6,504,3,282,3,222
D4:F5:47:82:0E:C6,ALL,udp:38897,8.8.8.8*,6,504,3,222,3,282
D4:F5:47:82:0E:C6,ALL,udp:52400,192.168.3.117*,6,516,3,294,3,222
D4:F5:47:82:0E:C6,ALL,udp:52400,8.8.8.8*,6,516,3,222,3,294
D4:F5:47:82:0E:C6,ALL,udp:45155,192.168.3.117*,6,538,3,311,3,227
D4:F5:47:82:0E:C6,ALL,udp:45155,8.8.8.8*,6,538,3,227,3,311
D4:F5:47:82:0E:C6,ALL,udp:38877,192.168.3.117*,6,900,3,642,3,258
D4:F5:47:82:0E:C6,ALL,udp:38877,8.8.8.8*,6,900,3,258,3,642
D4:F5:47:82:0E:C6,ALL,udp:58982,172.217.165.142*,20,10982,12,7359,8,3623
D4:F5:47:82:0E:C6,ALL,udp:58982,8.8.8.8*,6,516,3,222,3,294
D4:F5:47:82:0E:C6,ALL,udp:55372,192.168.3.117*,6,516,3,294,3,222
D4:F5:47:82:0E:C6,ALL,udp:55372,8.8.8.8*,6,516,3,222,3,294
D4:F5:47:82:0E:C6,ALL,udp:34863,192.168.3.117*,6,516,3,294,3,222
D4:F5:47:82:0E:C6,ALL,udp:34863,8.8.8.8*,6,516,3,222,3,294
D4:F5:47:82:0E:C6,ALL,udp:44506,192.168.3.117*,6,492,3,270,3,222
D4:F5:47:82:0E:C6,ALL,udp:44506,8.8.8.8*,6,492,3,222,3,270
D4:F5:47:82:0E:C6,ALL,udp:48222,192.168.3.117*,6,504,3,282,3,222
D4:F5:47:82:0E:C6,ALL,udp:48222,8.8.8.8*,6,504,3,222,3,282
D4:F5:47:82:0E:C6,ALL,udp:50956,192.168.3.117*,6,652,3,428,3,224
D4:F5:47:82:0E:C6,ALL,udp:50956,8.8.8.8*,6,652,3,224,3,428
D4:F5:47:82:0E:C6,ALL,udp:60073,192.168.3.117*,6,541,3,306,3,235
D4:F5:47:82:0E:C6,ALL,udp:60073,8.8.8.8*,6,541,3,235,3,306
D4:F5:47:82:0E:C6,ALL,udp:40872,216.239.35.8,2,180,1,90,1,90
D4:F5:47:82:0E:C6,ALL,udp:40872,8.8.8.8,6,912,3,258,3,654
D4:F5:47:82:0E:C6,ALL,udp:37342,142.251.32.110*,19,10788,11,7274,8,3514
D4:F5:47:82:0E:C6,ALL,udp:37342,8.8.8.8*,6,640,3,224,3,416
D4:F5:47:82:0E:C6,ALL,udp:53019,192.168.3.117*,6,516,3,294,3,222
D4:F5:47:82:0E:C6,ALL,udp:53019,8.8.8.8*,6,516,3,222,3,294
D4:F5:47:82:0E:C6,ALL,udp:58274,192.168.3.117*,6,640,3,416,3,224
D4:F5:47:82:0E:C6,ALL,udp:58274,8.8.8.8*,6,640,3,224,3,416
D4:F5:47:82:0E:C6,ALL,udp:37601,192.168.3.117*,6,504,3,282,3,222
D4:F5:47:82:0E:C6,ALL,udp:37601,8.8.8.8*,6,504,3,222,3,282
D4:F5:47:82:0E:C6,ALL,udp:58795,192.168.3.117*,6,504,3,282,3,222
D4:F5:47:82:0E:C6,ALL,udp:58795,8.8.8.8*,6,504,3,222,3,282
D4:F5:47:82:0E:C6,ALL,udp:37743,192.168.3.117*,6,516,3,294,3,222
D4:F5:47:82:0E:C6,ALL,udp:37743,8.8.8.8*,6,516,3,222,3,294
D4:F5:47:82:0E:C6,ALL,udp:57291,192.168.3.117*,6,516,3,294,3,222
D4:F5:47:82:0E:C6,ALL,udp:57291,8.8.8.8*,6,516,3,222,3,294
D4:F5:47:82:0E:C6,ALL,udp:60994,192.168.3.117*,6,516,3,294,3,222
D4:F5:47:82:0E:C6,ALL,udp:60994,8.8.8.8*,6,516,3,222,3,294
D4:F5:47:82:0E:C6,ALL,udp:46409,216.239.35.0,2,180,1,90,1,90
D4:F5:47:82:0E:C6,ALL,udp:46409,8.8.8.8,6,516,3,222,3,294
D4:F5:47:82:0E:C6,ALL,udp:48749,192.168.3.117*,6,900,3,642,3,258
D4:F5:47:82:0E:C6,ALL,udp:48749,8.8.8.8*,6,900,3,258,3,642
D4:F5:47:82:0E:C6,ALL,udp:59963,192.168.3.117*,6,504,3,282,3,222
D4:F5:47:82:0E:C6,ALL,udp:59963,8.8.8.8*,6,504,3,222,3,282
D4:F5:47:82:0E:C6,ALL,udp:34642,192.168.3.117*,6,516,3,294,3,222
D4:F5:47:82:0E:C6,ALL,udp:34642,8.8.8.8*,6,516,3,222,3,294
D4:F5:47:82:0E:C6,ALL,udp:58874,192.168.3.117*,6,652,3,428,3,224
D4:F5:47:82:0E:C6,ALL,udp:58874,8.8.8.8*,6,652,3,224,3,428
D4:F5:47:82:0E:C6,ALL,udp:40231,192.168.3.117*,6,504,3,282,3,222
D4:F5:47:82:0E:C6,ALL,udp:40231,8.8.8.8*,6,504,3,222,3,282
D4:F5:47:82:0E:C6,ALL,udp:35044,192.168.3.117*,6,504,3,282,3,222
D4:F5:47:82:0E:C6,ALL,udp:35044,8.8.8.8*,6,504,3,222,3,282
D4:F5:47:82:0E:C6,ALL,udp:50025,192.168.3.117*,6,516,3,294,3,222
D4:F5:47:82:0E:C6,ALL,udp:50025,8.8.8.8*,6,516,3,222,3,294
D4:F5:47:82:0E:C6,ALL,udp:56529,192.168.3.117*,6,504,3,282,3,222
D4:F5:47:82:0E:C6,ALL,udp:56529,8.8.8.8*,6,504,3,222,3,282
D4:F5:47:82:0E:C6,ALL,udp:59484,192.168.3.117*,6,674,3,445,3,229
D4:F5:47:82:0E:C6,ALL,udp:59484,8.8.8.8*,6,674,3,229,3,445
D4:F5:47:82:0E:C6,ALL,udp:60868,192.168.3.117*,6,516,3,294,3,222
D4:F5:47:82:0E:C6,ALL,udp:60868,8.8.8.8*,6,516,3,222,3,294
D4:F5:47:82:0E:C6,ALL,udp:36806,192.168.3.117*,6,516,3,294,3,222
D4:F5:47:82:0E:C6,ALL,udp:36806,8.8.8.8*,6,516,3,222,3,294
D4:F5:47:82:0E:C6,ALL,udp:60724,192.168.3.117*,6,504,3,282,3,222
D4:F5:47:82:0E:C6,ALL,udp:60724,8.8.8.8*,6,504,3,222,3,282
D4:F5:47:82:0E:C6,ALL,udp:36286,192.168.3.117*,6,516,3,294,3,222
D4:F5:47:82:0E:C6,ALL,udp:36286,8.8.8.8*,6,516,3,222,3,294
D4:F5:47:82:0E:C6,ALL,udp:46729,192.168.3.117*,6,516,3,294,3,222
D4:F5:47:82:0E:C6,ALL,udp:46729,8.8.8.8*,6,516,3,222,3,294
D4:F5:47:82:0E:C6,ALL,udp:45673,192.168.3.117*,6,504,3,282,3,222
D4:F5:47:82:0E:C6,ALL,udp:45673,8.8.8.8*,6,504,3,222,3,282
D4:F5:47:82:0E:C6,ALL,udp:41844,192.168.3.117*,6,538,3,311,3,227
D4:F5:47:82:0E:C6,ALL,udp:41844,8.8.8.8*,6,538,3,227,3,311
D4:F5:47:82:0E:C6,ALL,udp:36646,192.168.3.117*,6,880,3,638,3,242
D4:F5:47:82:0E:C6,ALL,udp:36646,8.8.8.8*,6,880,3,242,3,638
D4:F5:47:82:0E:C6,ALL,udp:37135,192.168.3.117*,6,516,3,294,3,222
D4:F5:47:82:0E:C6,ALL,udp:37135,8.8.8.8*,6,516,3,222,3,294
D4:F5:47:82:0E:C6,ALL,udp:43386,192.168.3.117*,6,640,3,416,3,224
D4:F5:47:82:0E:C6,ALL,udp:43386,8.8.8.8*,6,640,3,224,3,416
D4:F5:47:82:0E:C6,ALL,udp:52463,192.168.3.117*,6,640,3,416,3,224
D4:F5:47:82:0E:C6,ALL,udp:52463,8.8.8.8*,6,640,3,224,3,416
D4:F5:47:82:0E:C6,ALL,udp:37652,192.168.3.117*,6,504,3,282,3,222
D4:F5:47:82:0E:C6,ALL,udp:37652,8.8.8.8*,6,504,3,222,3,282
D4:F5:47:82:0E:C6,ALL,udp:56365,192.168.3.117*,6,516,3,294,3,222
D4:F5:47:82:0E:C6,ALL,udp:56365,8.8.8.8*,6,516,3,222,3,294
D4:F5:47:82:0E:C6,ALL,udp:54100,192.168.3.117*,6,516,3,294,3,222
D4:F5:47:82:0E:C6,ALL,udp:54100,8.8.8.8*,6,516,3,222,3,294
D4:F5:47:82:0E:C6,ALL,udp:48545,192.168.3.117*,6,538,3,311,3,227
D4:F5:47:82:0E:C6,ALL,udp:48545,8.8.8.8*,6,538,3,227,3,311
D4:F5:47:82:0E:C6,ALL,udp:43316,192.168.3.117*,6,516,3,294,3,222
D4:F5:47:82:0E:C6,ALL,udp:43316,8.8.8.8*,6,516,3,222,3,294
D4:F5:47:82:0E:C6,ALL,udp:36936,192.168.3.117*,6,504,3,282,3,222
D4:F5:47:82:0E:C6,ALL,udp:36936,8.8.8.8*,6,504,3,222,3,282
D4:F5:47:82:0E:C6,ALL,udp:43536,192.168.3.117*,6,516,3,294,3,222
D4:F5:47:82:0E:C6,ALL,udp:43536,8.8.8.8*,6,516,3,222,3,294
D4:F5:47:82:0E:C6,ALL,udp:58250,192.168.3.117*,6,504,3,282,3,222
D4:F5:47:82:0E:C6,ALL,udp:58250,8.8.8.8*,6,504,3,222,3,282
D4:F5:47:82:0E:C6,ALL,udp:45813,192.168.3.117*,6,538,3,311,3,227
D4:F5:47:82:0E:C6,ALL,udp:45813,8.8.8.8*,6,538,3,227,3,311
D4:F5:47:82:0E:C6,ALL,udp:36279,192.168.3.117*,6,516,3,294,3,222
D4:F5:47:82:0E:C6,ALL,udp:36279,8.8.8.8*,6,516,3,222,3,294
D4:F5:47:82:0E:C6,ALL,udp:53145,192.168.3.117*,6,516,3,294,3,222
D4:F5:47:82:0E:C6,ALL,udp:53145,8.8.8.8*,6,516,3,222,3,294
D4:F5:47:82:0E:C6,ALL,udp:54186,216.239.35.4,2,180,1,90,1,90
D4:F5:47:82:0E:C6,ALL,udp:54186,8.8.8.8,6,538,3,227,3,311
D4:F5:47:82:0E:C6,ALL,udp:58673,192.168.3.117*,6,504,3,282,3,222
D4:F5:47:82:0E:C6,ALL,udp:58673,8.8.8.8*,6,504,3,222,3,282
D4:F5:47:82:0E:C6,ALL,udp:60665,192.168.3.117*,6,640,3,416,3,224
D4:F5:47:82:0E:C6,ALL,udp:60665,8.8.8.8*,6,640,3,224,3,416
D4:F5:47:82:0E:C6,ALL,udp:44742,192.168.3.117*,6,504,3,282,3,222
D4:F5:47:82:0E:C6,ALL,udp:44742,8.8.8.8*,6,504,3,222,3,282
D4:F5:47:82:0E:C6,ALL,udp:40630,192.168.3.117*,6,516,3,294,3,222
D4:F5:47:82:0E:C6,ALL,udp:40630,8.8.8.8*,6,516,3,222,3,294
D4:F5:47:82:0E:C6,ALL,udp:44461,192.168.3.117*,6,504,3,282,3,222
D4:F5:47:82:0E:C6,ALL,udp:44461,8.8.8.8*,6,504,3,222,3,282
D4:F5:47:82:0E:C6,ALL,udp:60956,192.168.3.117*,6,880,3,638,3,242
D4:F5:47:82:0E:C6,ALL,udp:60956,8.8.8.8*,6,880,3,242,3,638
D4:F5:47:82:0E:C6,ALL,udp:49529,192.168.3.117*,6,516,3,294,3,222
D4:F5:47:82:0E:C6,ALL,udp:49529,8.8.8.8*,6,516,3,222,3,294
D4:F5:47:82:0E:C6,ALL,udp:39408,192.168.3.117*,6,504,3,282,3,222
D4:F5:47:82:0E:C6,ALL,udp:39408,8.8.8.8*,6,504,3,222,3,282
D4:F5:47:82:0E:C6,ALL,udp:43002,192.168.3.117*,6,516,3,294,3,222
D4:F5:47:82:0E:C6,ALL,udp:43002,8.8.8.8*,6,516,3,222,3,294
D4:F5:47:82:0E:C6,ALL,udp:53636,192.168.3.117*,6,504,3,282,3,222
D4:F5:47:82:0E:C6,ALL,udp:53636,8.8.8.8*,6,504,3,222,3,282
D4:F5:47:82:0E:C6,ALL,udp:42945,192.168.3.117*,6,504,3,282,3,222
D4:F5:47:82:0E:C6,ALL,udp:42945,8.8.8.8*,6,504,3,222,3,282
D4:F5:47:82:0E:C6,ALL,udp:60965,192.168.3.117*,6,516,3,294,3,222
D4:F5:47:82:0E:C6,ALL,udp:60965,8.8.8.8*,6,516,3,222,3,294
D4:F5:47:82:0E:C6,ALL,udp:45945,192.168.3.117*,6,504,3,282,3,222
D4:F5:47:82:0E:C6,ALL,udp:45945,8.8.8.8*,6,504,3,222,3,282
D4:F5:47:82:0E:C6,ALL,udp:45131,192.168.3.117*,6,516,3,294,3,222
D4:F5:47:82:0E:C6,ALL,udp:45131,8.8.8.8*,6,516,3,222,3,294
D4:F5:47:82:0E:C6,ALL,udp:60025,192.168.3.117*,6,553,3,318,3,235
D4:F5:47:82:0E:C6,ALL,udp:60025,8.8.8.8*,6,553,3,235,3,318
D4:F5:47:82:0E:C6,ALL,udp:52577,192.168.3.117*,6,674,3,445,3,229
D4:F5:47:82:0E:C6,ALL,udp:52577,8.8.8.8*,6,674,3,229,3,445
D4:F5:47:82:0E:C6,ALL,udp:43675,192.168.3.117*,6,504,3,282,3,222
D4:F5:47:82:0E:C6,ALL,udp:43675,8.8.8.8*,6,504,3,222,3,282
D4:F5:47:82:0E:C6,ALL,udp:58625,192.168.3.117*,6,534,3,297,3,237
D4:F5:47:82:0E:C6,ALL,udp:58625,8.8.8.8*,6,534,3,237,3,297
D4:F5:47:82:0E:C6,ALL,udp:47423,192.168.3.117*,6,516,3,294,3,222
D4:F5:47:82:0E:C6,ALL,udp:47423,8.8.8.8*,6,516,3,222,3,294
D4:F5:47:82:0E:C6,ALL,udp:51863,192.168.3.117*,6,516,3,294,3,222
D4:F5:47:82:0E:C6,ALL,udp:51863,8.8.8.8*,6,516,3,222,3,294
D4:F5:47:82:0E:C6,ALL,udp:55370,192.168.3.117*,6,504,3,282,3,222
D4:F5:47:82:0E:C6,ALL,udp:55370,8.8.8.8*,6,504,3,222,3,282
D4:F5:47:82:0E:C6,ALL,udp:46329,192.168.3.117*,6,640,3,416,3,224
D4:F5:47:82:0E:C6,ALL,udp:46329,8.8.8.8*,6,640,3,224,3,416
D4:F5:47:82:0E:C6,ALL,udp:50094,192.168.3.117*,6,516,3,294,3,222
D4:F5:47:82:0E:C6,ALL,udp:50094,8.8.8.8*,6,516,3,222,3,294
D4:F5:47:82:0E:C6,ALL,udp:34664,192.168.3.117*,6,538,3,311,3,227
D4:F5:47:82:0E:C6,ALL,udp:34664,8.8.8.8*,6,538,3,227,3,311
D4:F5:47:82:0E:C6,ALL,udp:57008,192.168.3.117*,6,504,3,282,3,222
D4:F5:47:82:0E:C6,ALL,udp:57008,8.8.8.8*,6,504,3,222,3,282
D4:F5:47:82:0E:C6,ALL,udp:36985,192.168.3.117*,6,640,3,416,3,224
D4:F5:47:82:0E:C6,ALL,udp:36985,8.8.8.8*,6,640,3,224,3,416
D4:F5:47:82:0E:C6,ALL,udp:42820,192.168.3.117*,6,516,3,294,3,222
D4:F5:47:82:0E:C6,ALL,udp:42820,8.8.8.8*,6,516,3,222,3,294
D4:F5:47:82:0E:C6,ALL,udp:44892,192.168.3.117*,6,516,3,294,3,222
D4:F5:47:82:0E:C6,ALL,udp:44892,8.8.8.8*,6,516,3,222,3,294
D4:F5:47:82:0E:C6,ALL,udp:33785,192.168.3.117*,6,912,3,654,3,258
D4:F5:47:82:0E:C6,ALL,udp:33785,8.8.8.8*,6,912,3,258,3,654
D4:F5:47:82:0E:C6,ALL,udp:56951,192.168.3.117*,6,538,3,311,3,227
D4:F5:47:82:0E:C6,ALL,udp:56951,8.8.8.8*,6,538,3,227,3,311
D4:F5:47:82:0E:C6,ALL,udp:43510,192.168.3.117*,6,880,3,638,3,242
D4:F5:47:82:0E:C6,ALL,udp:43510,8.8.8.8*,6,880,3,242,3,638
D4:F5:47:82:0E:C6,ALL,udp:53749,192.168.3.117*,6,553,3,318,3,235
D4:F5:47:82:0E:C6,ALL,udp:53749,8.8.8.8*,6,553,3,235,3,318
D4:F5:47:82:0E:C6,ALL,udp:57930,192.168.3.117*,6,516,3,294,3,222
D4:F5:47:82:0E:C6,ALL,udp:57930,8.8.8.8*,6,516,3,222,3,294
D4:F5:47:82:0E:C6,ALL,udp:40788,192.168.3.117*,6,652,3,428,3,224
D4:F5:47:82:0E:C6,ALL,udp:40788,8.8.8.8*,6,652,3,224,3,428
D4:F5:47:82:0E:C6,ALL,udp:59432,192.168.3.117*,6,504,3,282,3,222
D4:F5:47:82:0E:C6,ALL,udp:59432,8.8.8.8*,6,504,3,222,3,282
D4:F5:47:82:0E:C6,ALL,udp:39755,192.168.3.117*,6,516,3,294,3,222
D4:F5:47:82:0E:C6,ALL,udp:39755,8.8.8.8*,6,516,3,222,3,294
D4:F5:47:82:0E:C6,ALL,udp:42017,192.168.3.117*,6,504,3,282,3,222
D4:F5:47:82:0E:C6,ALL,udp:42017,8.8.8.8*,6,504,3,222,3,282
D4:F5:47:82:0E:C6,ALL,udp:40766,192.168.3.117*,6,640,3,416,3,224
D4:F5:47:82:0E:C6,ALL,udp:40766,8.8.8.8*,6,640,3,224,3,416
D4:F5:47:82:0E:C6,ALL,udp:59103,192.168.3.117*,6,504,3,282,3,222
D4:F5:47:82:0E:C6,ALL,udp:59103,8.8.8.8*,6,504,3,222,3,282
D4:F5:47:82:0E:C6,ALL,udp:52920,192.168.3.117*,6,504,3,282,3,222
D4:F5:47:82:0E:C6,ALL,udp:52920,8.8.8.8*,6,504,3,222,3,282
D4:F5:47:82:0E:C6,ALL,udp:59301,192.168.3.117*,6,516,3,294,3,222
D4:F5:47:82:0E:C6,ALL,udp:59301,8.8.8.8*,6,516,3,222,3,294
D4:F5:47:82:0E:C6,ALL,udp:46097,192.168.3.117*,6,504,3,282,3,222
D4:F5:47:82:0E:C6,ALL,udp:46097,8.8.8.8*,6,504,3,222,3,282
D4:F5:47:82:0E:C6,ALL,udp:51805,192.168.3.117*,6,652,3,428,3,224
D4:F5:47:82:0E:C6,ALL,udp:51805,8.8.8.8*,6,652,3,224,3,428
D4:F5:47:82:0E:C6,ALL,udp:55495,192.168.3.117*,6,640,3,416,3,224
D4:F5:47:82:0E:C6,ALL,udp:55495,8.8.8.8*,6,640,3,224,3,416
D4:F5:47:82:0E:C6,ALL,udp:45781,192.168.3.117*,6,504,3,282,3,222
D4:F5:47:82:0E:C6,ALL,udp:45781,8.8.8.8*,6,504,3,222,3,282
D4:F5:47:82:0E:C6,ALL,udp:60345,192.168.3.117*,6,516,3,294,3,222
D4:F5:47:82:0E:C6,ALL,udp:60345,8.8.8.8*,6,516,3,222,3,294
D4:F5:47:82:0E:C6,ALL,udp:45506,192.168.3.117*,6,516,3,294,3,222
D4:F5:47:82:0E:C6,ALL,udp:45506,8.8.8.8*,6,516,3,222,3,294
D4:F5:47:82:0E:C6,ALL,udp:52579,192.168.3.117*,6,652,3,428,3,224
D4:F5:47:82:0E:C6,ALL,udp:52579,8.8.8.8*,6,652,3,224,3,428
D4:F5:47:82:0E:C6,ALL,udp:36636,192.168.3.117*,6,504,3,282,3,222
D4:F5:47:82:0E:C6,ALL,udp:36636,8.8.8.8*,6,504,3,222,3,282
D4:F5:47:82:0E:C6,ALL,udp:40641,192.168.3.117*,6,516,3,294,3,222
D4:F5:47:82:0E:C6,ALL,udp:40641,8.8.8.8*,6,516,3,222,3,294
D4:F5:47:82:0E:C6,ALL,udp:60026,192.168.3.117*,6,516,3,294,3,222
D4:F5:47:82:0E:C6,ALL,udp:60026,8.8.8.8*,6,516,3,222,3,294
D4:F5:47:82:0E:C6,ALL,udp:45067,192.168.3.117*,6,640,3,416,3,224
D4:F5:47:82:0E:C6,ALL,udp:45067,8.8.8.8*,6,640,3,224,3,416
D4:F5:47:82:0E:C6,ALL,udp:45932,192.168.3.117*,6,526,3,299,3,227
D4:F5:47:82:0E:C6,ALL,udp:45932,8.8.8.8*,6,526,3,227,3,299
D4:F5:47:82:0E:C6,ALL,udp:40351,192.168.3.117*,6,504,3,282,3,222
D4:F5:47:82:0E:C6,ALL,udp:40351,8.8.8.8*,6,504,3,222,3,282
D4:F5:47:82:0E:C6,ALL,udp:33575,192.168.3.117*,6,652,3,428,3,224
D4:F5:47:82:0E:C6,ALL,udp:33575,8.8.8.8*,6,652,3,224,3,428
D4:F5:47:82:0E:C6,ALL,udp:60488,192.168.3.117*,6,516,3,294,3,222
D4:F5:47:82:0E:C6,ALL,udp:60488,8.8.8.8*,6,516,3,222,3,294
D4:F5:47:82:0E:C6,ALL,udp:34670,192.168.3.117*,6,516,3,294,3,222
D4:F5:47:82:0E:C6,ALL,udp:34670,8.8.8.8*,6,516,3,222,3,294
D4:F5:47:82:0E:C6,ALL,udp:50614,192.168.3.117*,6,516,3,294,3,222
D4:F5:47:82:0E:C6,ALL,udp:50614,8.8.8.8*,6,516,3,222,3,294
D4:F5:47:82:0E:C6,ALL,udp:48826,192.168.3.117*,6,652,3,428,3,224
D4:F5:47:82:0E:C6,ALL,udp:48826,8.8.8.8*,6,652,3,224,3,428
D4:F5:47:82:0E:C6,ALL,udp:45895,192.168.3.117*,6,504,3,282,3,222
D4:F5:47:82:0E:C6,ALL,udp:45895,8.8.8.8*,6,504,3,222,3,282
D4:F5:47:82:0E:C6,ALL,udp:36014,192.168.3.117*,6,516,3,294,3,222
D4:F5:47:82:0E:C6,ALL,udp:36014,8.8.8.8*,6,516,3,222,3,294
D4:F5:47:82:0E:C6,ALL,udp:50190,192.168.3.117*,6,516,3,294,3,222
D4:F5:47:82:0E:C6,ALL,udp:50190,8.8.8.8*,6,516,3,222,3,294
D4:F5:47:82:0E:C6,ALL,udp:47447,192.168.3.117*,6,504,3,282,3,222
D4:F5:47:82:0E:C6,ALL,udp:47447,8.8.8.8*,6,504,3,222,3,282
D4:F5:47:82:0E:C6,ALL,udp:35525,192.168.3.117*,6,640,3,416,3,224
D4:F5:47:82:0E:C6,ALL,udp:35525,8.8.8.8*,6,640,3,224,3,416
D4:F5:47:82:0E:C6,ALL,udp:47488,192.168.3.117*,6,504,3,282,3,222
D4:F5:47:82:0E:C6,ALL,udp:47488,8.8.8.8*,6,504,3,222,3,282
D4:F5:47:82:0E:C6,ALL,udp:44442,192.168.3.117*,6,504,3,282,3,222
D4:F5:47:82:0E:C6,ALL,udp:44442,8.8.8.8*,6,504,3,222,3,282
D4:F5:47:82:0E:C6,ALL,udp:49867,192.168.3.117*,6,516,3,294,3,222
D4:F5:47:82:0E:C6,ALL,udp:49867,8.8.8.8*,6,516,3,222,3,294
D4:F5:47:82:0E:C6,ALL,udp:37268,192.168.3.117*,6,504,3,282,3,222
D4:F5:47:82:0E:C6,ALL,udp:37268,8.8.8.8*,6,504,3,222,3,282
D4:F5:47:82:0E:C6,ALL,udp:43227,192.168.3.117*,6,516,3,294,3,222
D4:F5:47:82:0E:C6,ALL,udp:43227,8.8.8.8*,6,516,3,222,3,294
D4:F5:47:82:0E:C6,ALL,udp:53302,192.168.3.117*,6,652,3,428,3,224
D4:F5:47:82:0E:C6,ALL,udp:53302,8.8.8.8*,6,652,3,224,3,428
D4:F5:47:82:0E:C6,ALL,udp:47181,192.168.3.117*,6,504,3,282,3,222
D4:F5:47:82:0E:C6,ALL,udp:47181,8.8.8.8*,6,504,3,222,3,282
D4:F5:47:82:0E:C6,ALL,udp:57983,192.168.3.117*,6,880,3,638,3,242
D4:F5:47:82:0E:C6,ALL,udp:57983,8.8.8.8*,6,880,3,242,3,638
D4:F5:47:82:0E:C6,ALL,udp:42035,192.168.3.117*,6,534,3,297,3,237
D4:F5:47:82:0E:C6,ALL,udp:42035,8.8.8.8*,6,534,3,237,3,297
D4:F5:47:82:0E:C6,ALL,udp:57168,192.168.3.117*,6,516,3,294,3,222
D4:F5:47:82:0E:C6,ALL,udp:57168,8.8.8.8*,6,516,3,222,3,294
D4:F5:47:82:0E:C6,ALL,udp:45842,192.168.3.117*,6,504,3,282,3,222
D4:F5:47:82:0E:C6,ALL,udp:45842,8.8.8.8*,6,504,3,222,3,282
D4:F5:47:82:0E:C6,ALL,udp:59554,192.168.3.117*,6,516,3,294,3,222
D4:F5:47:82:0E:C6,ALL,udp:59554,8.8.8.8*,6,516,3,222,3,294
D4:F5:47:82:0E:C6,ALL,udp:37002,192.168.3.117*,6,504,3,282,3,222
D4:F5:47:82:0E:C6,ALL,udp:37002,8.8.8.8*,6,504,3,222,3,282
D4:F5:47:82:0E:C6,ALL,udp:44909,192.168.3.117*,6,504,3,282,3,222
D4:F5:47:82:0E:C6,ALL,udp:44909,8.8.8.8*,6,504,3,222,3,282
D4:F5:47:82:0E:C6,ALL,udp:47893,192.168.3.117*,6,516,3,294,3,222
D4:F5:47:82:0E:C6,ALL,udp:47893,8.8.8.8*,6,516,3,222,3,294
D4:F5:47:82:0E:C6,ALL,udp:48503,192.168.3.117*,6,605,3,366,3,239
D4:F5:47:82:0E:C6,ALL,udp:48503,8.8.8.8*,6,605,3,239,3,366
D4:F5:47:82:0E:C6,ALL,udp:60623,192.168.3.117*,6,516,3,294,3,222
D4:F5:47:82:0E:C6,ALL,udp:60623,8.8.8.8*,6,516,3,222,3,294
D4:F5:47:82:0E:C6,ALL,udp:33688,192.168.3.117*,6,553,3,318,3,235
D4:F5:47:82:0E:C6,ALL,udp:33688,8.8.8.8*,6,553,3,235,3,318
D4:F5:47:82:0E:C6,ALL,udp:55339,192.168.3.117*,6,537,3,313,3,224
D4:F5:47:82:0E:C6,ALL,udp:55339,8.8.8.8*,6,537,3,224,3,313
D4:F5:47:82:0E:C6,ALL,udp:51139,192.168.3.117*,6,516,3,294,3,222
D4:F5:47:82:0E:C6,ALL,udp:51139,8.8.8.8*,6,516,3,222,3,294
D4:F5:47:82:0E:C6,ALL,udp:36129,192.168.3.117*,6,516,3,294,3,222
D4:F5:47:82:0E:C6,ALL,udp:36129,8.8.8.8*,6,516,3,222,3,294
D4:F5:47:82:0E:C6,ALL,udp:55141,216.239.35.8,2,180,1,90,1,90
D4:F5:47:82:0E:C6,ALL,udp:55141,8.8.8.8,6,504,3,222,3,282
D4:F5:47:82:0E:C6,ALL,udp:40946,192.168.3.117*,6,504,3,282,3,222
D4:F5:47:82:0E:C6,ALL,udp:40946,8.8.8.8*,6,504,3,222,3,282
D4:F5:47:82:0E:C6,ALL,udp:44824,192.168.3.117*,6,640,3,416,3,224
D4:F5:47:82:0E:C6,ALL,udp:44824,8.8.8.8*,6,640,3,224,3,416
D4:F5:47:82:0E:C6,ALL,udp:53473,192.168.3.117*,6,528,3,306,3,222
D4:F5:47:82:0E:C6,ALL,udp:53473,8.8.8.8*,6,528,3,222,3,306
D4:F5:47:82:0E:C6,ALL,udp:48972,192.168.3.117*,6,504,3,282,3,222
D4:F5:47:82:0E:C6,ALL,udp:48972,8.8.8.8*,6,504,3,222,3,282
D4:F5:47:82:0E:C6,ALL,udp:48366,192.168.3.117*,6,516,3,294,3,222
D4:F5:47:82:0E:C6,ALL,udp:48366,8.8.8.8*,6,516,3,222,3,294
D4:F5:47:82:0E:C6,ALL,udp:58693,192.168.3.117*,6,880,3,638,3,242
D4:F5:47:82:0E:C6,ALL,udp:58693,8.8.8.8*,6,880,3,242,3,638
D4:F5:47:82:0E:C6,ALL,udp:58945,192.168.3.117*,6,652,3,428,3,224
D4:F5:47:82:0E:C6,ALL,udp:58945,8.8.8.8*,6,652,3,224,3,428
D4:F5:47:82:0E:C6,ALL,udp:49932,192.168.3.117*,6,516,3,294,3,222
D4:F5:47:82:0E:C6,ALL,udp:49932,8.8.8.8*,6,516,3,222,3,294
D4:F5:47:82:0E:C6,ALL,udp:52373,192.168.3.117*,6,565,3,330,3,235
D4:F5:47:82:0E:C6,ALL,udp:52373,8.8.8.8*,6,565,3,235,3,330
D4:F5:47:82:0E:C6,ALL,udp:45236,192.168.3.117*,6,652,3,428,3,224
D4:F5:47:82:0E:C6,ALL,udp:45236,8.8.8.8*,6,652,3,224,3,428
D4:F5:47:82:0E:C6,ALL,udp:36147,192.168.3.117*,6,516,3,294,3,222
D4:F5:47:82:0E:C6,ALL,udp:36147,8.8.8.8*,6,516,3,222,3,294
D4:F5:47:82:0E:C6,ALL,udp:50354,192.168.3.117*,6,516,3,294,3,222
D4:F5:47:82:0E:C6,ALL,udp:50354,8.8.8.8*,6,516,3,222,3,294
D4:F5:47:82:0E:C6,ALL,udp:51029,192.168.3.117*,6,652,3,428,3,224
D4:F5:47:82:0E:C6,ALL,udp:51029,8.8.8.8*,6,652,3,224,3,428
D4:F5:47:82:0E:C6,ALL,udp:33834,192.168.3.117*,6,504,3,282,3,222
D4:F5:47:82:0E:C6,ALL,udp:33834,8.8.8.8*,6,504,3,222,3,282
D4:F5:47:82:0E:C6,ALL,udp:40890,192.168.3.117*,6,652,3,428,3,224
D4:F5:47:82:0E:C6,ALL,udp:40890,8.8.8.8*,6,652,3,224,3,428
D4:F5:47:82:0E:C6,ALL,udp:36239,192.168.3.117*,6,504,3,282,3,222
D4:F5:47:82:0E:C6,ALL,udp:36239,8.8.8.8*,6,504,3,222,3,282
D4:F5:47:82:0E:C6,ALL,udp:56119,192.168.3.117*,6,640,3,416,3,224
D4:F5:47:82:0E:C6,ALL,udp:56119,8.8.8.8*,6,640,3,224,3,416
D4:F5:47:82:0E:C6,ALL,udp:54639,192.168.3.117*,6,504,3,282,3,222
D4:F5:47:82:0E:C6,ALL,udp:54639,8.8.8.8*,6,504,3,222,3,282
D4:F5:47:82:0E:C6,ALL,udp:51784,192.168.3.117*,6,504,3,282,3,222
D4:F5:47:82:0E:C6,ALL,udp:51784,8.8.8.8*,6,504,3,222,3,282
D4:F5:47:82:0E:C6,ALL,udp:48437,192.168.3.117*,6,553,3,318,3,235
D4:F5:47:82:0E:C6,ALL,udp:48437,8.8.8.8*,6,553,3,235,3,318
D4:F5:47:82:0E:C6,ALL,udp:39162,192.168.3.117*,6,504,3,282,3,222
D4:F5:47:82:0E:C6,ALL,udp:39162,8.8.8.8*,6,504,3,222,3,282
D4:F5:47:82:0E:C6,ALL,udp:58980,192.168.3.117*,6,504,3,282,3,222
D4:F5:47:82:0E:C6,ALL,udp:58980,8.8.8.8*,6,504,3,222,3,282
D4:F5:47:82:0E:C6,ALL,udp:36731,192.168.3.117*,6,652,3,428,3,224
D4:F5:47:82:0E:C6,ALL,udp:36731,8.8.8.8*,6,652,3,224,3,428
D4:F5:47:82:0E:C6,ALL,udp:47992,192.168.3.117*,6,504,3,282,3,222
D4:F5:47:82:0E:C6,ALL,udp:47992,8.8.8.8*,6,504,3,222,3,282
D4:F5:47:82:0E:C6,ALL,udp:43047,192.168.3.117*,6,516,3,294,3,222
D4:F5:47:82:0E:C6,ALL,udp:43047,8.8.8.8*,6,516,3,222,3,294
D4:F5:47:82:0E:C6,ALL,udp:38040,192.168.3.117*,6,516,3,294,3,222
D4:F5:47:82:0E:C6,ALL,udp:38040,8.8.8.8*,6,516,3,222,3,294
D4:F5:47:82:0E:C6,ALL,udp:46105,192.168.3.117*,6,516,3,294,3,222
D4:F5:47:82:0E:C6,ALL,udp:46105,8.8.8.8*,6,516,3,222,3,294
D4:F5:47:82:0E:C6,ALL,udp:56158,192.168.3.117*,6,516,3,294,3,222
D4:F5:47:82:0E:C6,ALL,udp:56158,8.8.8.8*,6,516,3,222,3,294
D4:F5:47:82:0E:C6,ALL,udp:55872,192.168.3.117*,6,504,3,282,3,222
D4:F5:47:82:0E:C6,ALL,udp:55872,8.8.8.8*,6,504,3,222,3,282
D4:F5:47:82:0E:C6,ALL,udp:42489,192.168.3.117*,6,504,3,282,3,222
D4:F5:47:82:0E:C6,ALL,udp:42489,8.8.8.8*,6,504,3,222,3,282
D4:F5:47:82:0E:C6,ALL,udp:44045,192.168.3.117*,6,516,3,294,3,222
D4:F5:47:82:0E:C6,ALL,udp:44045,8.8.8.8*,6,516,3,222,3,294
D4:F5:47:82:0E:C6,ALL,udp:56370,192.168.3.117*,6,538,3,311,3,227
D4:F5:47:82:0E:C6,ALL,udp:56370,8.8.8.8*,6,538,3,227,3,311
D4:F5:47:82:0E:C6,ALL,udp:46945,192.168.3.117*,6,504,3,282,3,222
D4:F5:47:82:0E:C6,ALL,udp:46945,8.8.8.8*,6,504,3,222,3,282
D4:F5:47:82:0E:C6,ALL,udp:59310,192.168.3.117*,6,516,3,294,3,222
D4:F5:47:82:0E:C6,ALL,udp:59310,8.8.8.8*,6,516,3,222,3,294
D4:F5:47:82:0E:C6,ALL,udp:53871,192.168.3.117*,6,504,3,282,3,222
D4:F5:47:82:0E:C6,ALL,udp:53871,8.8.8.8*,6,504,3,222,3,282
D4:F5:47:82:0E:C6,ALL,udp:42944,192.168.3.117*,6,504,3,282,3,222
D4:F5:47:82:0E:C6,ALL,udp:42944,8.8.8.8*,6,504,3,222,3,282
D4:F5:47:82:0E:C6,ALL,udp:33228,192.168.3.117*,6,674,3,445,3,229
D4:F5:47:82:0E:C6,ALL,udp:33228,8.8.8.8*,6,674,3,229,3,445
D4:F5:47:82:0E:C6,ALL,udp:42215,192.168.3.117*,6,640,3,416,3,224
D4:F5:47:82:0E:C6,ALL,udp:42215,8.8.8.8*,6,640,3,224,3,416
D4:F5:47:82:0E:C6,ALL,udp:49967,192.168.3.117*,6,504,3,282,3,222
D4:F5:47:82:0E:C6,ALL,udp:49967,8.8.8.8*,6,504,3,222,3,282
D4:F5:47:82:0E:C6,ALL,udp:46741,192.168.3.117*,6,652,3,428,3,224
D4:F5:47:82:0E:C6,ALL,udp:46741,8.8.8.8*,6,652,3,224,3,428
D4:F5:47:82:0E:C6,ALL,udp:41180,192.168.3.117*,6,868,3,626,3,242
D4:F5:47:82:0E:C6,ALL,udp:41180,8.8.8.8*,6,868,3,242,3,626
D4:F5:47:82:0E:C6,ALL,udp:51475,192.168.3.117*,6,528,3,306,3,222
D4:F5:47:82:0E:C6,ALL,udp:51475,8.8.8.8*,6,528,3,222,3,306
D4:F5:47:82:0E:C6,ALL,udp:60845,192.168.3.117*,6,504,3,282,3,222
D4:F5:47:82:0E:C6,ALL,udp:60845,8.8.8.8*,6,504,3,222,3,282
D4:F5:47:82:0E:C6,ALL,udp:50557,192.168.3.117*,6,640,3,416,3,224
D4:F5:47:82:0E:C6,ALL,udp:50557,8.8.8.8*,6,640,3,224,3,416
D4:F5:47:82:0E:C6,ALL,udp:44509,192.168.3.117*,6,516,3,294,3,222
D4:F5:47:82:0E:C6,ALL,udp:44509,8.8.8.8*,6,516,3,222,3,294
D4:F5:47:82:0E:C6,ALL,udp:40190,192.168.3.117*,6,640,3,416,3,224
D4:F5:47:82:0E:C6,ALL,udp:40190,8.8.8.8*,6,640,3,224,3,416
D4:F5:47:82:0E:C6,ALL,udp:34107,192.168.3.117*,6,504,3,282,3,222
D4:F5:47:82:0E:C6,ALL,udp:34107,8.8.8.8*,6,504,3,222,3,282
D4:F5:47:82:0E:C6,ALL,udp:45181,192.168.3.117*,6,504,3,282,3,222
D4:F5:47:82:0E:C6,ALL,udp:45181,8.8.8.8*,6,504,3,222,3,282
D4:F5:47:82:0E:C6,ALL,udp:56106,192.168.3.117*,6,504,3,282,3,222
D4:F5:47:82:0E:C6,ALL,udp:56106,8.8.8.8*,6,504,3,222,3,282
D4:F5:47:82:0E:C6,ALL,udp:41948,192.168.3.117*,6,516,3,294,3,222
D4:F5:47:82:0E:C6,ALL,udp:41948,8.8.8.8*,6,516,3,222,3,294
D4:F5:47:82:0E:C6,ALL,udp:34210,192.168.3.117*,6,538,3,311,3,227
D4:F5:47:82:0E:C6,ALL,udp:34210,8.8.8.8*,6,538,3,227,3,311
D4:F5:47:82:0E:C6,ALL,udp:35559,192.168.3.117*,6,917,3,662,3,255
D4:F5:47:82:0E:C6,ALL,udp:35559,8.8.8.8*,6,917,3,255,3,662
D4:F5:47:82:0E:C6,ALL,udp:36440,192.168.3.117*,6,553,3,318,3,235
D4:F5:47:82:0E:C6,ALL,udp:36440,8.8.8.8*,6,553,3,235,3,318
D4:F5:47:82:0E:C6,ALL,udp:58780,192.168.3.117*,6,553,3,318,3,235
D4:F5:47:82:0E:C6,ALL,udp:58780,8.8.8.8*,6,553,3,235,3,318
D4:F5:47:82:0E:C6,ALL,udp:56121,192.168.3.117*,6,553,3,318,3,235
D4:F5:47:82:0E:C6,ALL,udp:56121,8.8.8.8*,6,553,3,235,3,318
D4:F5:47:82:0E:C6,ALL,udp:48632,192.168.3.117*,6,504,3,282,3,222
D4:F5:47:82:0E:C6,ALL,udp:48632,8.8.8.8*,6,504,3,222,3,282
D4:F5:47:82:0E:C6,ALL,udp:40085,192.168.3.117*,6,516,3,294,3,222
D4:F5:47:82:0E:C6,ALL,udp:40085,8.8.8.8*,6,516,3,222,3,294
D4:F5:47:82:0E:C6,ALL,udp:57759,192.168.3.117*,6,652,3,428,3,224
D4:F5:47:82:0E:C6,ALL,udp:57759,8.8.8.8*,6,652,3,224,3,428
D4:F5:47:82:0E:C6,ALL,udp:46425,216.239.35.12,2,180,1,90,1,90
D4:F5:47:82:0E:C6,ALL,udp:46425,8.8.8.8,6,504,3,222,3,282
D4:F5:47:82:0E:C6,ALL,udp:39808,192.168.3.117*,6,516,3,294,3,222
D4:F5:47:82:0E:C6,ALL,udp:39808,8.8.8.8*,6,516,3,222,3,294
D4:F5:47:82:0E:C6,ALL,udp:38794,192.168.3.117*,6,504,3,282,3,222
D4:F5:47:82:0E:C6,ALL,udp:38794,8.8.8.8*,6,504,3,222,3,282
D4:F5:47:82:0E:C6,ALL,udp:49222,192.168.3.117*,6,504,3,282,3,222
D4:F5:47:82:0E:C6,ALL,udp:49222,8.8.8.8*,6,504,3,222,3,282
D4:F5:47:82:0E:C6,ALL,udp:35103,192.168.3.117*,6,504,3,282,3,222
D4:F5:47:82:0E:C6,ALL,udp:35103,8.8.8.8*,6,504,3,222,3,282
D4:F5:47:82:0E:C6,ALL,udp:54826,192.168.3.117*,6,504,3,282,3,222
D4:F5:47:82:0E:C6,ALL,udp:54826,8.8.8.8*,6,504,3,222,3,282
D4:F5:47:82:0E:C6,ALL,udp:47480,192.168.3.117*,6,504,3,282,3,222
D4:F5:47:82:0E:C6,ALL,udp:47480,8.8.8.8*,6,504,3,222,3,282
D4:F5:47:82:0E:C6,ALL,udp:52268,192.168.3.117*,6,568,3,342,3,226
D4:F5:47:82:0E:C6,ALL,udp:52268,8.8.8.8*,6,568,3,226,3,342
D4:F5:47:82:0E:C6,ALL,udp:43172,192.168.3.117*,6,640,3,416,3,224
D4:F5:47:82:0E:C6,ALL,udp:43172,8.8.8.8*,6,640,3,224,3,416
D4:F5:47:82:0E:C6,ALL,udp:59556,192.168.3.117*,6,516,3,294,3,222
D4:F5:47:82:0E:C6,ALL,udp:59556,8.8.8.8*,6,516,3,222,3,294
D4:F5:47:82:0E:C6,ALL,udp:54305,192.168.3.117*,6,516,3,294,3,222
D4:F5:47:82:0E:C6,ALL,udp:54305,8.8.8.8*,6,516,3,222,3,294
D4:F5:47:82:0E:C6,ALL,udp:46022,192.168.3.117*,6,504,3,282,3,222
D4:F5:47:82:0E:C6,ALL,udp:46022,8.8.8.8*,6,504,3,222,3,282
D4:F5:47:82:0E:C6,ALL,udp:56758,192.168.3.117*,6,516,3,294,3,222
D4:F5:47:82:0E:C6,ALL,udp:56758,8.8.8.8*,6,516,3,222,3,294
D4:F5:47:82:0E:C6,ALL,udp:48867,192.168.3.117*,6,640,3,416,3,224
D4:F5:47:82:0E:C6,ALL,udp:48867,8.8.8.8*,6,640,3,224,3,416
D4:F5:47:82:0E:C6,ALL,udp:39379,192.168.3.117*,6,504,3,282,3,222
D4:F5:47:82:0E:C6,ALL,udp:39379,8.8.8.8*,6,504,3,222,3,282
D4:F5:47:82:0E:C6,ALL,udp:57420,192.168.3.117*,6,504,3,282,3,222
D4:F5:47:82:0E:C6,ALL,udp:57420,8.8.8.8*,6,504,3,222,3,282
D4:F5:47:82:0E:C6,ALL,udp:39645,192.168.3.117*,6,504,3,282,3,222
D4:F5:47:82:0E:C6,ALL,udp:39645,8.8.8.8*,6,504,3,222,3,282
D4:F5:47:82:0E:C6,ALL,udp:40280,192.168.3.117*,6,516,3,294,3,222
D4:F5:47:82:0E:C6,ALL,udp:40280,8.8.8.8*,6,516,3,222,3,294
D4:F5:47:82:0E:C6,ALL,udp:43412,192.168.3.117*,6,652,3,428,3,224
D4:F5:47:82:0E:C6,ALL,udp:43412,8.8.8.8*,6,652,3,224,3,428
D4:F5:47:82:0E:C6,ALL,udp:47182,192.168.3.117*,6,516,3,294,3,222
D4:F5:47:82:0E:C6,ALL,udp:47182,8.8.8.8*,6,516,3,222,3,294
D4:F5:47:82:0E:C6,ALL,udp:53785,192.168.3.117*,6,504,3,282,3,222
D4:F5:47:82:0E:C6,ALL,udp:53785,8.8.8.8*,6,504,3,222,3,282
D4:F5:47:82:0E:C6,ALL,udp:35434,192.168.3.117*,6,504,3,282,3,222
D4:F5:47:82:0E:C6,ALL,udp:35434,8.8.8.8*,6,504,3,222,3,282
D4:F5:47:82:0E:C6,ALL,udp:54957,192.168.3.117*,6,516,3,294,3,222
D4:F5:47:82:0E:C6,ALL,udp:54957,8.8.8.8*,6,516,3,222,3,294
D4:F5:47:82:0E:C6,ALL,udp:42380,192.168.3.117*,6,504,3,282,3,222
D4:F5:47:82:0E:C6,ALL,udp:42380,8.8.8.8*,6,504,3,222,3,282
D4:F5:47:82:0E:C6,ALL,udp:41539,192.168.3.117*,6,504,3,282,3,222
D4:F5:47:82:0E:C6,ALL,udp:41539,8.8.8.8*,6,504,3,222,3,282
D4:F5:47:82:0E:C6,ALL,udp:55429,192.168.3.117*,6,504,3,282,3,222
D4:F5:47:82:0E:C6,ALL,udp:55429,8.8.8.8*,6,504,3,222,3,282
D4:F5:47:82:0E:C6,ALL,udp:48753,192.168.3.117*,6,565,3,330,3,235
D4:F5:47:82:0E:C6,ALL,udp:48753,8.8.8.8*,6,565,3,235,3,330
D4:F5:47:82:0E:C6,ALL,udp:45974,192.168.3.117*,6,504,3,282,3,222
D4:F5:47:82:0E:C6,ALL,udp:45974,8.8.8.8*,6,504,3,222,3,282
D4:F5:47:82:0E:C6,ALL,udp:46526,192.168.3.117*,6,844,3,614,3,230
D4:F5:47:82:0E:C6,ALL,udp:46526,8.8.8.8*,6,844,3,230,3,614
D4:F5:47:82:0E:C6,ALL,udp:55064,192.168.3.117*,6,504,3,282,3,222
D4:F5:47:82:0E:C6,ALL,udp:55064,8.8.8.8*,6,504,3,222,3,282
D4:F5:47:82:0E:C6,ALL,udp:47389,192.168.3.117*,6,516,3,294,3,222
D4:F5:47:82:0E:C6,ALL,udp:47389,8.8.8.8*,6,516,3,222,3,294
D4:F5:47:82:0E:C6,ALL,udp:41876,192.168.3.117*,6,504,3,282,3,222
D4:F5:47:82:0E:C6,ALL,udp:41876,8.8.8.8*,6,504,3,222,3,282
D4:F5:47:82:0E:C6,ALL,udp:47678,192.168.3.117*,6,541,3,306,3,235
D4:F5:47:82:0E:C6,ALL,udp:47678,8.8.8.8*,6,541,3,235,3,306
D4:F5:47:82:0E:C6,ALL,udp:41116,192.168.3.117*,6,538,3,311,3,227
D4:F5:47:82:0E:C6,ALL,udp:41116,8.8.8.8*,6,538,3,227,3,311
D4:F5:47:82:0E:C6,ALL,udp:49394,192.168.3.117*,6,504,3,282,3,222
D4:F5:47:82:0E:C6,ALL,udp:49394,8.8.8.8*,6,504,3,222,3,282
D4:F5:47:82:0E:C6,ALL,udp:43078,192.168.3.117*,6,516,3,294,3,222
D4:F5:47:82:0E:C6,ALL,udp:43078,8.8.8.8*,6,516,3,222,3,294
D4:F5:47:82:0E:C6,ALL,udp:40997,192.168.3.117*,6,534,3,297,3,237
D4:F5:47:82:0E:C6,ALL,udp:40997,8.8.8.8*,6,534,3,237,3,297
D4:F5:47:82:0E:C6,ALL,udp:43500,192.168.3.117*,6,504,3,282,3,222
D4:F5:47:82:0E:C6,ALL,udp:43500,8.8.8.8*,6,504,3,222,3,282
D4:F5:47:82:0E:C6,ALL,udp:32858,192.168.3.117*,6,504,3,282,3,222
D4:F5:47:82:0E:C6,ALL,udp:32858,8.8.8.8*,6,504,3,222,3,282
D4:F5:47:82:0E:C6,ALL,udp:49053,192.168.3.117*,6,640,3,416,3,224
D4:F5:47:82:0E:C6,ALL,udp:49053,8.8.8.8*,6,640,3,224,3,416
D4:F5:47:82:0E:C6,ALL,udp:57429,192.168.3.117*,6,516,3,294,3,222
D4:F5:47:82:0E:C6,ALL,udp:57429,8.8.8.8*,6,516,3,222,3,294
D4:F5:47:82:0E:C6,ALL,udp:41657,192.168.3.117*,6,504,3,282,3,222
D4:F5:47:82:0E:C6,ALL,udp:41657,8.8.8.8*,6,504,3,222,3,282
D4:F5:47:82:0E:C6,ALL,udp:37425,192.168.3.117*,6,516,3,294,3,222
D4:F5:47:82:0E:C6,ALL,udp:37425,8.8.8.8*,6,516,3,222,3,294
D4:F5:47:82:0E:C6,ALL,udp:51726,192.168.3.117*,6,504,3,282,3,222
D4:F5:47:82:0E:C6,ALL,udp:51726,8.8.8.8*,6,504,3,222,3,282
D4:F5:47:82:0E:C6,ALL,udp:43614,192.168.3.117*,6,516,3,294,3,222
D4:F5:47:82:0E:C6,ALL,udp:43614,8.8.8.8*,6,516,3,222,3,294
D4:F5:47:82:0E:C6,ALL,udp:42534,192.168.3.117*,6,504,3,282,3,222
D4:F5:47:82:0E:C6,ALL,udp:42534,8.8.8.8*,6,504,3,222,3,282
D4:F5:47:82:0E:C6,ALL,udp:52089,192.168.3.117*,6,504,3,282,3,222
D4:F5:47:82:0E:C6,ALL,udp:52089,8.8.8.8*,6,504,3,222,3,282
D4:F5:47:82:0E:C6,ALL,udp:55267,192.168.3.117*,6,868,3,626,3,242
D4:F5:47:82:0E:C6,ALL,udp:55267,8.8.8.8*,6,868,3,242,3,626
D4:F5:47:82:0E:C6,ALL,udp:51204,192.168.3.117*,6,504,3,282,3,222
D4:F5:47:82:0E:C6,ALL,udp:51204,8.8.8.8*,6,504,3,222,3,282
D4:F5:47:82:0E:C6,ALL,udp:59757,192.168.3.117*,6,516,3,294,3,222
D4:F5:47:82:0E:C6,ALL,udp:59757,8.8.8.8*,6,516,3,222,3,294
D4:F5:47:82:0E:C6,ALL,udp:41134,192.168.3.117*,6,516,3,294,3,222
D4:F5:47:82:0E:C6,ALL,udp:41134,8.8.8.8*,6,516,3,222,3,294
D4:F5:47:82:0E:C6,ALL,udp:50225,192.168.3.117*,6,528,3,306,3,222
D4:F5:47:82:0E:C6,ALL,udp:50225,8.8.8.8*,6,528,3,222,3,306
D4:F5:47:82:0E:C6,ALL,udp:50079,192.168.3.117*,6,516,3,294,3,222
D4:F5:47:82:0E:C6,ALL,udp:50079,8.8.8.8*,6,516,3,222,3,294
D4:F5:47:82:0E:C6,ALL,udp:56234,192.168.3.117*,6,504,3,282,3,222
D4:F5:47:82:0E:C6,ALL,udp:56234,8.8.8.8*,6,504,3,222,3,282
D4:F5:47:82:0E:C6,ALL,udp:59191,192.168.3.117*,6,516,3,294,3,222
D4:F5:47:82:0E:C6,ALL,udp:59191,8.8.8.8*,6,516,3,222,3,294
D4:F5:47:82:0E:C6,ALL,udp:54809,192.168.3.117*,6,504,3,282,3,222
D4:F5:47:82:0E:C6,ALL,udp:54809,8.8.8.8*,6,504,3,222,3,282
D4:F5:47:82:0E:C6,ALL,udp:38381,192.168.3.117*,6,504,3,282,3,222
D4:F5:47:82:0E:C6,ALL,udp:38381,8.8.8.8*,6,504,3,222,3,282
D4:F5:47:82:0E:C6,ALL,udp:53819,192.168.3.117*,6,504,3,282,3,222
D4:F5:47:82:0E:C6,ALL,udp:53819,8.8.8.8*,6,504,3,222,3,282
D4:F5:47:82:0E:C6,ALL,udp:43534,192.168.3.117*,6,504,3,282,3,222
D4:F5:47:82:0E:C6,ALL,udp:43534,8.8.8.8*,6,504,3,222,3,282
D4:F5:47:82:0E:C6,ALL,udp:59097,192.168.3.117*,6,504,3,282,3,222
D4:F5:47:82:0E:C6,ALL,udp:59097,8.8.8.8*,6,504,3,222,3,282
D4:F5:47:82:0E:C6,ALL,udp:47210,192.168.3.117*,6,516,3,294,3,222
D4:F5:47:82:0E:C6,ALL,udp:47210,8.8.8.8*,6,516,3,222,3,294
D4:F5:47:82:0E:C6,ALL,udp:38121,192.168.3.117*,6,504,3,282,3,222
D4:F5:47:82:0E:C6,ALL,udp:38121,8.8.8.8*,6,504,3,222,3,282
D4:F5:47:82:0E:C6,ALL,udp:45568,192.168.3.117*,6,516,3,294,3,222
D4:F5:47:82:0E:C6,ALL,udp:45568,8.8.8.8*,6,516,3,222,3,294
D4:F5:47:82:0E:C6,ALL,udp:49336,192.168.3.117*,6,516,3,294,3,222
D4:F5:47:82:0E:C6,ALL,udp:49336,8.8.8.8*,6,516,3,222,3,294
D4:F5:47:82:0E:C6,ALL,udp:53830,192.168.3.117*,6,640,3,416,3,224
D4:F5:47:82:0E:C6,ALL,udp:53830,8.8.8.8*,6,640,3,224,3,416
D4:F5:47:82:0E:C6,ALL,udp:40698,192.168.3.117*,6,516,3,294,3,222
D4:F5:47:82:0E:C6,ALL,udp:40698,8.8.8.8*,6,516,3,222,3,294
D4:F5:47:82:0E:C6,ALL,udp:53350,192.168.3.117*,6,553,3,318,3,235
D4:F5:47:82:0E:C6,ALL,udp:53350,8.8.8.8*,6,553,3,235,3,318
D4:F5:47:82:0E:C6,ALL,udp:51719,192.168.3.117*,6,516,3,294,3,222
D4:F5:47:82:0E:C6,ALL,udp:51719,8.8.8.8*,6,516,3,222,3,294
D4:F5:47:82:0E:C6,ALL,udp:46273,192.168.3.117*,6,516,3,294,3,222
D4:F5:47:82:0E:C6,ALL,udp:46273,8.8.8.8*,6,516,3,222,3,294
D4:F5:47:82:0E:C6,ALL,udp:54896,192.168.3.117*,6,504,3,282,3,222
D4:F5:47:82:0E:C6,ALL,udp:54896,8.8.8.8*,6,504,3,222,3,282
D4:F5:47:82:0E:C6,ALL,udp:43944,192.168.3.117*,6,504,3,282,3,222
D4:F5:47:82:0E:C6,ALL,udp:43944,8.8.8.8*,6,504,3,222,3,282
D4:F5:47:82:0E:C6,ALL,udp:34929,192.168.3.117*,6,504,3,282,3,222
D4:F5:47:82:0E:C6,ALL,udp:34929,8.8.8.8*,6,504,3,222,3,282
D4:F5:47:82:0E:C6,ALL,udp:35823,192.168.3.117*,6,504,3,282,3,222
D4:F5:47:82:0E:C6,ALL,udp:35823,8.8.8.8*,6,504,3,222,3,282
D4:F5:47:82:0E:C6,ALL,udp:35514,192.168.3.117*,6,504,3,282,3,222
D4:F5:47:82:0E:C6,ALL,udp:35514,8.8.8.8*,6,504,3,222,3,282
D4:F5:47:82:0E:C6,ALL,udp:54022,192.168.3.117*,6,504,3,282,3,222
D4:F5:47:82:0E:C6,ALL,udp:54022,8.8.8.8*,6,504,3,222,3,282
D4:F5:47:82:0E:C6,ALL,udp:50914,192.168.3.117*,6,516,3,294,3,222
D4:F5:47:82:0E:C6,ALL,udp:50914,8.8.8.8*,6,516,3,222,3,294
D4:F5:47:82:0E:C6,ALL,udp:43277,192.168.3.117*,6,516,3,294,3,222
D4:F5:47:82:0E:C6,ALL,udp:43277,8.8.8.8*,6,516,3,222,3,294
D4:F5:47:82:0E:C6,ALL,udp:34487,192.168.3.117*,6,516,3,294,3,222
D4:F5:47:82:0E:C6,ALL,udp:34487,8.8.8.8*,6,516,3,222,3,294
D4:F5:47:82:0E:C6,ALL,udp:38288,192.168.3.117*,6,516,3,294,3,222
D4:F5:47:82:0E:C6,ALL,udp:38288,8.8.8.8*,6,516,3,222,3,294
D4:F5:47:82:0E:C6,ALL,udp:54704,192.168.3.117*,6,516,3,294,3,222
D4:F5:47:82:0E:C6,ALL,udp:54704,8.8.8.8*,6,516,3,222,3,294
D4:F5:47:82:0E:C6,ALL,udp:34187,192.168.3.117*,6,516,3,294,3,222
D4:F5:47:82:0E:C6,ALL,udp:34187,8.8.8.8*,6,516,3,222,3,294
D4:F5:47:82:0E:C6,ALL,udp:36066,192.168.3.117*,6,504,3,282,3,222
D4:F5:47:82:0E:C6,ALL,udp:36066,8.8.8.8*,6,504,3,222,3,282
D4:F5:47:82:0E:C6,ALL,udp:41063,192.168.3.117*,6,516,3,294,3,222
D4:F5:47:82:0E:C6,ALL,udp:41063,8.8.8.8*,6,516,3,222,3,294
D4:F5:47:82:0E:C6,ALL,udp:52135,192.168.3.117*,6,516,3,294,3,222
D4:F5:47:82:0E:C6,ALL,udp:52135,8.8.8.8*,6,516,3,222,3,294
D4:F5:47:82:0E:C6,ALL,udp:55043,192.168.3.117*,6,516,3,294,3,222
D4:F5:47:82:0E:C6,ALL,udp:55043,8.8.8.8*,6,516,3,222,3,294
D4:F5:47:82:0E:C6,ALL,udp:44618,192.168.3.117*,6,516,3,294,3,222
D4:F5:47:82:0E:C6,ALL,udp:44618,8.8.8.8*,6,516,3,222,3,294
D4:F5:47:82:0E:C6,ALL,udp:32979,192.168.3.117*,6,516,3,294,3,222
D4:F5:47:82:0E:C6,ALL,udp:32979,8.8.8.8*,6,516,3,222,3,294
D4:F5:47:82:0E:C6,ALL,udp:55374,192.168.3.117*,6,504,3,282,3,222
D4:F5:47:82:0E:C6,ALL,udp:55374,8.8.8.8*,6,504,3,222,3,282
D4:F5:47:82:0E:C6,ALL,udp:39103,192.168.3.117*,6,504,3,282,3,222
D4:F5:47:82:0E:C6,ALL,udp:39103,8.8.8.8*,6,504,3,222,3,282
D4:F5:47:82:0E:C6,ALL,udp:60614,192.168.3.117*,6,504,3,282,3,222
D4:F5:47:82:0E:C6,ALL,udp:60614,8.8.8.8*,6,504,3,222,3,282
D4:F5:47:82:0E:C6,ALL,udp:34703,192.168.3.117*,6,504,3,282,3,222
D4:F5:47:82:0E:C6,ALL,udp:34703,8.8.8.8*,6,504,3,222,3,282
D4:F5:47:82:0E:C6,ALL,udp:53691,192.168.3.117*,6,504,3,282,3,222
D4:F5:47:82:0E:C6,ALL,udp:53691,8.8.8.8*,6,504,3,222,3,282
D4:F5:47:82:0E:C6,ALL,udp:34371,192.168.3.117*,6,504,3,282,3,222
D4:F5:47:82:0E:C6,ALL,udp:34371,8.8.8.8*,6,504,3,222,3,282
D4:F5:47:82:0E:C6,ALL,udp:33460,192.168.3.117*,6,504,3,282,3,222
D4:F5:47:82:0E:C6,ALL,udp:33460,8.8.8.8*,6,504,3,222,3,282
D4:F5:47:82:0E:C6,ALL,udp:51826,192.168.3.117*,6,504,3,282,3,222
D4:F5:47:82:0E:C6,ALL,udp:51826,8.8.8.8*,6,504,3,222,3,282
D4:F5:47:82:0E:C6,ALL,udp:34491,192.168.3.117*,6,504,3,282,3,222
D4:F5:47:82:0E:C6,ALL,udp:34491,8.8.8.8*,6,504,3,222,3,282
D4:F5:47:82:0E:C6,ALL,udp:42397,192.168.3.117*,6,516,3,294,3,222
D4:F5:47:82:0E:C6,ALL,udp:42397,8.8.8.8*,6,516,3,222,3,294
D4:F5:47:82:0E:C6,ALL,udp:54910,192.168.3.117*,6,504,3,282,3,222
D4:F5:47:82:0E:C6,ALL,udp:54910,8.8.8.8*,6,504,3,222,3,282
D4:F5:47:82:0E:C6,ALL,udp:33695,216.239.35.8,2,180,1,90,1,90
D4:F5:47:82:0E:C6,ALL,udp:33695,8.8.8.8,6,504,3,222,3,282
D4:F5:47:82:0E:C6,ALL,udp:40274,192.168.3.117*,6,640,3,416,3,224
D4:F5:47:82:0E:C6,ALL,udp:40274,8.8.8.8*,6,640,3,224,3,416
D4:F5:47:82:0E:C6,ALL,udp:44888,192.168.3.117*,6,504,3,282,3,222
D4:F5:47:82:0E:C6,ALL,udp:44888,8.8.8.8*,6,504,3,222,3,282
D4:F5:47:82:0E:C6,ALL,udp:55204,192.168.3.117*,6,640,3,416,3,224
D4:F5:47:82:0E:C6,ALL,udp:55204,8.8.8.8*,6,640,3,224,3,416
D4:F5:47:82:0E:C6,ALL,udp:37211,192.168.3.117*,6,516,3,294,3,222
D4:F5:47:82:0E:C6,ALL,udp:37211,8.8.8.8*,6,516,3,222,3,294
D4:F5:47:82:0E:C6,ALL,udp:35323,192.168.3.117*,6,504,3,282,3,222
D4:F5:47:82:0E:C6,ALL,udp:35323,8.8.8.8*,6,504,3,222,3,282
D4:F5:47:82:0E:C6,ALL,udp:36868,192.168.3.117*,6,516,3,294,3,222
D4:F5:47:82:0E:C6,ALL,udp:36868,8.8.8.8*,6,516,3,222,3,294
D4:F5:47:82:0E:C6,ALL,udp:33111,192.168.3.117*,6,504,3,282,3,222
D4:F5:47:82:0E:C6,ALL,udp:33111,8.8.8.8*,6,504,3,222,3,282
D4:F5:47:82:0E:C6,ALL,udp:35922,192.168.3.117*,6,516,3,294,3,222
D4:F5:47:82:0E:C6,ALL,udp:35922,8.8.8.8*,6,516,3,222,3,294
D4:F5:47:82:0E:C6,ALL,udp:41030,192.168.3.117*,6,504,3,282,3,222
D4:F5:47:82:0E:C6,ALL,udp:41030,8.8.8.8*,6,504,3,222,3,282
D4:F5:47:82:0E:C6,ALL,udp:46505,192.168.3.117*,6,516,3,294,3,222
D4:F5:47:82:0E:C6,ALL,udp:46505,8.8.8.8*,6,516,3,222,3,294
D4:F5:47:82:0E:C6,ALL,udp:34621,192.168.3.117*,6,640,3,416,3,224
D4:F5:47:82:0E:C6,ALL,udp:34621,8.8.8.8*,6,640,3,224,3,416
D4:F5:47:82:0E:C6,ALL,udp:32784,192.168.3.117*,6,516,3,294,3,222
D4:F5:47:82:0E:C6,ALL,udp:32784,8.8.8.8*,6,516,3,222,3,294
D4:F5:47:82:0E:C6,ALL,udp:58235,192.168.3.117*,6,504,3,282,3,222
D4:F5:47:82:0E:C6,ALL,udp:58235,8.8.8.8*,6,504,3,222,3,282
D4:F5:47:82:0E:C6,ALL,udp:53816,192.168.3.117*,6,516,3,294,3,222
D4:F5:47:82:0E:C6,ALL,udp:53816,8.8.8.8*,6,516,3,222,3,294
D4:F5:47:82:0E:C6,ALL,udp:57392,192.168.3.117*,6,516,3,294,3,222
D4:F5:47:82:0E:C6,ALL,udp:57392,8.8.8.8*,6,516,3,222,3,294
D4:F5:47:82:0E:C6,ALL,udp:57273,192.168.3.117*,6,516,3,294,3,222
D4:F5:47:82:0E:C6,ALL,udp:57273,8.8.8.8*,6,516,3,222,3,294
D4:F5:47:82:0E:C6,ALL,udp:52938,192.168.3.117*,6,504,3,282,3,222
D4:F5:47:82:0E:C6,ALL,udp:52938,8.8.8.8*,6,504,3,222,3,282
D4:F5:47:82:0E:C6,ALL,udp:48036,192.168.3.117*,6,640,3,416,3,224
D4:F5:47:82:0E:C6,ALL,udp:48036,8.8.8.8*,6,640,3,224,3,416
D4:F5:47:82:0E:C6,ALL,udp:40233,192.168.3.117*,6,516,3,294,3,222
D4:F5:47:82:0E:C6,ALL,udp:40233,8.8.8.8*,6,516,3,222,3,294
D4:F5:47:82:0E:C6,ALL,udp:59024,192.168.3.117*,6,492,3,270,3,222
D4:F5:47:82:0E:C6,ALL,udp:59024,8.8.8.8*,6,492,3,222,3,270
D4:F5:47:82:0E:C6,ALL,udp:48531,192.168.3.117*,6,504,3,282,3,222
D4:F5:47:82:0E:C6,ALL,udp:48531,8.8.8.8*,6,504,3,222,3,282
D4:F5:47:82:0E:C6,ALL,udp:40797,192.168.3.117*,6,516,3,294,3,222
D4:F5:47:82:0E:C6,ALL,udp:40797,8.8.8.8*,6,516,3,222,3,294
D4:F5:47:82:0E:C6,ALL,udp:38517,192.168.3.117*,6,652,3,428,3,224
D4:F5:47:82:0E:C6,ALL,udp:38517,8.8.8.8*,6,652,3,224,3,428
D4:F5:47:82:0E:C6,ALL,udp:33787,192.168.3.117*,6,516,3,294,3,222
D4:F5:47:82:0E:C6,ALL,udp:33787,8.8.8.8*,6,516,3,222,3,294
D4:F5:47:82:0E:C6,ALL,udp:40803,192.168.3.117*,6,516,3,294,3,222
D4:F5:47:82:0E:C6,ALL,udp:40803,8.8.8.8*,6,516,3,222,3,294
D4:F5:47:82:0E:C6,ALL,udp:56989,192.168.3.117*,6,652,3,428,3,224
D4:F5:47:82:0E:C6,ALL,udp:56989,8.8.8.8*,6,652,3,224,3,428
D4:F5:47:82:0E:C6,ALL,udp:41715,192.168.3.117*,6,640,3,416,3,224
D4:F5:47:82:0E:C6,ALL,udp:41715,8.8.8.8*,6,640,3,224,3,416
D4:F5:47:82:0E:C6,ALL,udp:46777,192.168.3.117*,6,516,3,294,3,222
D4:F5:47:82:0E:C6,ALL,udp:46777,8.8.8.8*,6,516,3,222,3,294
D4:F5:47:82:0E:C6,ALL,udp:55484,192.168.3.117*,6,504,3,282,3,222
D4:F5:47:82:0E:C6,ALL,udp:55484,8.8.8.8*,6,504,3,222,3,282
D4:F5:47:82:0E:C6,ALL,udp:56547,142.251.32.110*,20,10874,12,7360,8,3514
D4:F5:47:82:0E:C6,ALL,udp:56547,8.8.8.8*,6,528,3,222,3,306
D4:F5:47:82:0E:C6,ALL,udp:59883,192.168.3.117*,6,504,3,282,3,222
D4:F5:47:82:0E:C6,ALL,udp:59883,8.8.8.8*,6,504,3,222,3,282
D4:F5:47:82:0E:C6,ALL,udp:47058,192.168.3.117*,6,516,3,294,3,222
D4:F5:47:82:0E:C6,ALL,udp:47058,8.8.8.8*,6,516,3,222,3,294
D4:F5:47:82:0E:C6,ALL,udp:45122,192.168.3.117*,6,504,3,282,3,222
D4:F5:47:82:0E:C6,ALL,udp:45122,8.8.8.8*,6,504,3,222,3,282
D4:F5:47:82:0E:C6,ALL,udp:52495,192.168.3.117*,6,516,3,294,3,222
D4:F5:47:82:0E:C6,ALL,udp:52495,8.8.8.8*,6,516,3,222,3,294
D4:F5:47:82:0E:C6,ALL,udp:52930,192.168.3.117*,6,504,3,282,3,222
D4:F5:47:82:0E:C6,ALL,udp:52930,8.8.8.8*,6,504,3,222,3,282
D4:F5:47:82:0E:C6,ALL,udp:39044,192.168.3.117*,6,504,3,282,3,222
D4:F5:47:82:0E:C6,ALL,udp:39044,8.8.8.8*,6,504,3,222,3,282
D4:F5:47:82:0E:C6,ALL,udp:33274,192.168.3.117*,6,516,3,294,3,222
D4:F5:47:82:0E:C6,ALL,udp:33274,8.8.8.8*,6,516,3,222,3,294
D4:F5:47:82:0E:C6,ALL,udp:39327,192.168.3.117*,6,504,3,282,3,222
D4:F5:47:82:0E:C6,ALL,udp:39327,8.8.8.8*,6,504,3,222,3,282
D4:F5:47:82:0E:C6,ALL,udp:50841,192.168.3.117*,6,504,3,282,3,222
D4:F5:47:82:0E:C6,ALL,udp:50841,8.8.8.8*,6,504,3,222,3,282
D4:F5:47:82:0E:C6,ALL,udp:35976,192.168.3.117*,6,504,3,282,3,222
D4:F5:47:82:0E:C6,ALL,udp:35976,8.8.8.8*,6,504,3,222,3,282
D4:F5:47:82:0E:C6,ALL,udp:47773,192.168.3.117*,6,504,3,282,3,222
D4:F5:47:82:0E:C6,ALL,udp:47773,8.8.8.8*,6,504,3,222,3,282
D4:F5:47:82:0E:C6,ALL,udp:53104,192.168.3.117*,6,640,3,416,3,224
D4:F5:47:82:0E:C6,ALL,udp:53104,8.8.8.8*,6,640,3,224,3,416
D4:F5:47:82:0E:C6,ALL,udp:44656,192.168.3.117*,6,516,3,294,3,222
D4:F5:47:82:0E:C6,ALL,udp:44656,8.8.8.8*,6,516,3,222,3,294
D4:F5:47:82:0E:C6,ALL,udp:53626,192.168.3.117*,6,504,3,282,3,222
D4:F5:47:82:0E:C6,ALL,udp:53626,8.8.8.8*,6,504,3,222,3,282
D4:F5:47:82:0E:C6,ALL,udp:50722,192.168.3.117*,6,516,3,294,3,222
D4:F5:47:82:0E:C6,ALL,udp:50722,8.8.8.8*,6,516,3,222,3,294
D4:F5:47:82:0E:C6,ALL,udp:34006,192.168.3.117*,6,538,3,311,3,227
D4:F5:47:82:0E:C6,ALL,udp:34006,8.8.8.8*,6,538,3,227,3,311
D4:F5:47:82:0E:C6,ALL,udp:60783,192.168.3.117*,6,504,3,282,3,222
D4:F5:47:82:0E:C6,ALL,udp:60783,8.8.8.8*,6,504,3,222,3,282
D4:F5:47:82:0E:C6,ALL,udp:40185,192.168.3.117*,6,516,3,294,3,222
D4:F5:47:82:0E:C6,ALL,udp:40185,8.8.8.8*,6,516,3,222,3,294
D4:F5:47:82:0E:C6,ALL,udp:38971,192.168.3.117*,6,652,3,428,3,224
D4:F5:47:82:0E:C6,ALL,udp:38971,8.8.8.8*,6,652,3,224,3,428
D4:F5:47:82:0E:C6,ALL,udp:58748,192.168.3.117*,6,516,3,294,3,222
D4:F5:47:82:0E:C6,ALL,udp:58748,8.8.8.8*,6,516,3,222,3,294
D4:F5:47:82:0E:C6,ALL,udp:33391,192.168.3.117*,6,504,3,282,3,222
D4:F5:47:82:0E:C6,ALL,udp:33391,8.8.8.8*,6,504,3,222,3,282
D4:F5:47:82:0E:C6,ALL,udp:51649,192.168.3.117*,6,516,3,294,3,222
D4:F5:47:82:0E:C6,ALL,udp:51649,8.8.8.8*,6,516,3,222,3,294
D4:F5:47:82:0E:C6,ALL,udp:39986,192.168.3.117*,6,504,3,282,3,222
D4:F5:47:82:0E:C6,ALL,udp:39986,8.8.8.8*,6,504,3,222,3,282
D4:F5:47:82:0E:C6,ALL,udp:43275,192.168.3.117*,6,516,3,294,3,222
D4:F5:47:82:0E:C6,ALL,udp:43275,8.8.8.8*,6,516,3,222,3,294
D4:F5:47:82:0E:C6,ALL,udp:52699,192.168.3.117*,6,516,3,294,3,222
D4:F5:47:82:0E:C6,ALL,udp:52699,8.8.8.8*,6,516,3,222,3,294
D4:F5:47:82:0E:C6,ALL,udp:53610,192.168.3.117*,6,516,3,294,3,222
D4:F5:47:82:0E:C6,ALL,udp:53610,8.8.8.8*,6,516,3,222,3,294
D4:F5:47:82:0E:C6,ALL,udp:57595,192.168.3.117*,6,516,3,294,3,222
D4:F5:47:82:0E:C6,ALL,udp:57595,8.8.8.8*,6,516,3,222,3,294
D4:F5:47:82:0E:C6,ALL,udp:45582,192.168.3.117*,6,516,3,294,3,222
D4:F5:47:82:0E:C6,ALL,udp:45582,8.8.8.8*,6,516,3,222,3,294
D4:F5:47:82:0E:C6,ALL,udp:51840,192.168.3.117*,6,526,3,299,3,227
D4:F5:47:82:0E:C6,ALL,udp:51840,8.8.8.8*,6,526,3,227,3,299
D4:F5:47:82:0E:C6,ALL,udp:36174,192.168.3.117*,6,538,3,311,3,227
D4:F5:47:82:0E:C6,ALL,udp:36174,8.8.8.8*,6,538,3,227,3,311
D4:F5:47:82:0E:C6,ALL,udp:55508,192.168.3.117*,6,640,3,416,3,224
D4:F5:47:82:0E:C6,ALL,udp:55508,8.8.8.8*,6,640,3,224,3,416
D4:F5:47:82:0E:C6,ALL,udp:33613,192.168.3.117*,6,516,3,294,3,222
D4:F5:47:82:0E:C6,ALL,udp:33613,8.8.8.8*,6,516,3,222,3,294
D4:F5:47:82:0E:C6,ALL,udp:49282,192.168.3.117*,6,534,3,297,3,237
D4:F5:47:82:0E:C6,ALL,udp:49282,8.8.8.8*,6,534,3,237,3,297
D4:F5:47:82:0E:C6,ALL,udp:33436,192.168.3.117*,6,516,3,294,3,222
D4:F5:47:82:0E:C6,ALL,udp:33436,8.8.8.8*,6,516,3,222,3,294
D4:F5:47:82:0E:C6,ALL,udp:45104,192.168.3.117*,6,504,3,282,3,222
D4:F5:47:82:0E:C6,ALL,udp:45104,8.8.8.8*,6,504,3,222,3,282
D4:F5:47:82:0E:C6,ALL,udp:37559,192.168.3.117*,6,516,3,294,3,222
D4:F5:47:82:0E:C6,ALL,udp:37559,8.8.8.8*,6,516,3,222,3,294
D4:F5:47:82:0E:C6,ALL,udp:49298,192.168.3.117*,6,516,3,294,3,222
D4:F5:47:82:0E:C6,ALL,udp:49298,8.8.8.8*,6,516,3,222,3,294
D4:F5:47:82:0E:C6,ALL,udp:57681,192.168.3.117*,6,504,3,282,3,222
D4:F5:47:82:0E:C6,ALL,udp:57681,8.8.8.8*,6,504,3,222,3,282
D4:F5:47:82:0E:C6,ALL,udp:36855,192.168.3.117*,6,516,3,294,3,222
D4:F5:47:82:0E:C6,ALL,udp:36855,8.8.8.8*,6,516,3,222,3,294
D4:F5:47:82:0E:C6,ALL,udp:57154,192.168.3.117*,6,504,3,282,3,222
D4:F5:47:82:0E:C6,ALL,udp:57154,8.8.8.8*,6,504,3,222,3,282
D4:F5:47:82:0E:C6,ALL,udp:50069,192.168.3.117*,6,640,3,416,3,224
D4:F5:47:82:0E:C6,ALL,udp:50069,8.8.8.8*,6,640,3,224,3,416
D4:F5:47:82:0E:C6,ALL,udp:41885,192.168.3.117*,6,516,3,294,3,222
D4:F5:47:82:0E:C6,ALL,udp:41885,8.8.8.8*,6,516,3,222,3,294
D4:F5:47:82:0E:C6,ALL,udp:38786,192.168.3.117*,6,516,3,294,3,222
D4:F5:47:82:0E:C6,ALL,udp:38786,8.8.8.8*,6,516,3,222,3,294
D4:F5:47:82:0E:C6,ALL,udp:35330,192.168.3.117*,6,516,3,294,3,222
D4:F5:47:82:0E:C6,ALL,udp:35330,8.8.8.8*,6,516,3,222,3,294
D4:F5:47:82:0E:C6,ALL,udp:40008,192.168.3.117*,6,516,3,294,3,222
D4:F5:47:82:0E:C6,ALL,udp:40008,8.8.8.8*,6,516,3,222,3,294
D4:F5:47:82:0E:C6,ALL,udp:40149,192.168.3.117*,6,912,3,654,3,258
D4:F5:47:82:0E:C6,ALL,udp:40149,8.8.8.8*,6,912,3,258,3,654
D4:F5:47:82:0E:C6,ALL,udp:40703,192.168.3.117*,6,553,3,318,3,235
D4:F5:47:82:0E:C6,ALL,udp:40703,8.8.8.8*,6,553,3,235,3,318
D4:F5:47:82:0E:C6,ALL,udp:55251,192.168.3.117*,6,568,3,342,3,226
D4:F5:47:82:0E:C6,ALL,udp:55251,8.8.8.8*,6,568,3,226,3,342
D4:F5:47:82:0E:C6,ALL,udp:37151,192.168.3.117*,6,516,3,294,3,222
D4:F5:47:82:0E:C6,ALL,udp:37151,8.8.8.8*,6,516,3,222,3,294
D4:F5:47:82:0E:C6,ALL,udp:55640,192.168.3.117*,6,640,3,416,3,224
D4:F5:47:82:0E:C6,ALL,udp:55640,8.8.8.8*,6,640,3,224,3,416
D4:F5:47:82:0E:C6,ALL,udp:49647,192.168.3.117*,6,556,3,330,3,226
D4:F5:47:82:0E:C6,ALL,udp:49647,8.8.8.8*,6,556,3,226,3,330
D4:F5:47:82:0E:C6,ALL,udp:52385,192.168.3.117*,6,652,3,428,3,224
D4:F5:47:82:0E:C6,ALL,udp:52385,8.8.8.8*,6,652,3,224,3,428
D4:F5:47:82:0E:C6,ALL,udp:34946,192.168.3.117*,6,504,3,282,3,222
D4:F5:47:82:0E:C6,ALL,udp:34946,8.8.8.8*,6,504,3,222,3,282
D4:F5:47:82:0E:C6,ALL,udp:35750,192.168.3.117*,6,538,3,311,3,227
D4:F5:47:82:0E:C6,ALL,udp:35750,8.8.8.8*,6,538,3,227,3,311
D4:F5:47:82:0E:C6,ALL,udp:33324,192.168.3.117*,6,504,3,282,3,222
D4:F5:47:82:0E:C6,ALL,udp:33324,8.8.8.8*,6,504,3,222,3,282
D4:F5:47:82:0E:C6,ALL,udp:37866,192.168.3.117*,6,516,3,294,3,222
D4:F5:47:82:0E:C6,ALL,udp:37866,8.8.8.8*,6,516,3,222,3,294
D4:F5:47:82:0E:C6,ALL,udp:54515,192.168.3.117*,6,516,3,294,3,222
D4:F5:47:82:0E:C6,ALL,udp:54515,8.8.8.8*,6,516,3,222,3,294
D4:F5:47:82:0E:C6,ALL,udp:41676,192.168.3.117*,6,880,3,638,3,242
D4:F5:47:82:0E:C6,ALL,udp:41676,8.8.8.8*,6,880,3,242,3,638
D4:F5:47:82:0E:C6,ALL,udp:51786,192.168.3.117*,6,504,3,282,3,222
D4:F5:47:82:0E:C6,ALL,udp:51786,8.8.8.8*,6,504,3,222,3,282
D4:F5:47:82:0E:C6,ALL,udp:40804,192.168.3.117*,6,568,3,342,3,226
D4:F5:47:82:0E:C6,ALL,udp:40804,8.8.8.8*,6,568,3,226,3,342
D4:F5:47:82:0E:C6,ALL,udp:35477,192.168.3.117*,6,516,3,294,3,222
D4:F5:47:82:0E:C6,ALL,udp:35477,8.8.8.8*,6,516,3,222,3,294
D4:F5:47:82:0E:C6,ALL,udp:36710,192.168.3.117*,6,504,3,282,3,222
D4:F5:47:82:0E:C6,ALL,udp:36710,8.8.8.8*,6,504,3,222,3,282
D4:F5:47:82:0E:C6,ALL,udp:59822,192.168.3.117*,6,504,3,282,3,222
D4:F5:47:82:0E:C6,ALL,udp:59822,8.8.8.8*,6,504,3,222,3,282
D4:F5:47:82:0E:C6,ALL,udp:36619,192.168.3.117*,6,504,3,282,3,222
D4:F5:47:82:0E:C6,ALL,udp:36619,8.8.8.8*,6,504,3,222,3,282
D4:F5:47:82:0E:C6,ALL,udp:59318,192.168.3.117*,6,516,3,294,3,222
D4:F5:47:82:0E:C6,ALL,udp:59318,8.8.8.8*,6,516,3,222,3,294
D4:F5:47:82:0E:C6,ALL,udp:51022,192.168.3.117*,6,652,3,428,3,224
D4:F5:47:82:0E:C6,ALL,udp:51022,8.8.8.8*,6,652,3,224,3,428
D4:F5:47:82:0E:C6,ALL,udp:42000,192.168.3.117*,6,516,3,294,3,222
D4:F5:47:82:0E:C6,ALL,udp:42000,8.8.8.8*,6,516,3,222,3,294
D4:F5:47:82:0E:C6,ALL,udp:35379,192.168.3.117*,6,528,3,306,3,222
D4:F5:47:82:0E:C6,ALL,udp:35379,8.8.8.8*,6,528,3,222,3,306
D4:F5:47:82:0E:C6,ALL,udp:39254,192.168.3.117*,6,504,3,282,3,222
D4:F5:47:82:0E:C6,ALL,udp:39254,8.8.8.8*,6,504,3,222,3,282
D4:F5:47:82:0E:C6,ALL,udp:60594,192.168.3.117*,6,516,3,294,3,222
D4:F5:47:82:0E:C6,ALL,udp:60594,8.8.8.8*,6,516,3,222,3,294
D4:F5:47:82:0E:C6,ALL,udp:38536,192.168.3.117*,6,504,3,282,3,222
D4:F5:47:82:0E:C6,ALL,udp:38536,8.8.8.8*,6,504,3,222,3,282
D4:F5:47:82:0E:C6,ALL,udp:47797,192.168.3.117*,6,504,3,282,3,222
D4:F5:47:82:0E:C6,ALL,udp:47797,8.8.8.8*,6,504,3,222,3,282
D4:F5:47:82:0E:C6,ALL,udp:56444,192.168.3.117*,6,516,3,294,3,222
D4:F5:47:82:0E:C6,ALL,udp:56444,8.8.8.8*,6,516,3,222,3,294
D4:F5:47:82:0E:C6,ALL,udp:60086,192.168.3.117*,6,504,3,282,3,222
D4:F5:47:82:0E:C6,ALL,udp:60086,8.8.8.8*,6,504,3,222,3,282
D4:F5:47:82:0E:C6,ALL,udp:37584,192.168.3.117*,6,516,3,294,3,222
D4:F5:47:82:0E:C6,ALL,udp:37584,8.8.8.8*,6,516,3,222,3,294
D4:F5:47:82:0E:C6,ALL,udp:60103,192.168.3.117*,6,516,3,294,3,222
D4:F5:47:82:0E:C6,ALL,udp:60103,8.8.8.8*,6,516,3,222,3,294
D4:F5:47:82:0E:C6,ALL,udp:39796,192.168.3.117*,6,652,3,428,3,224
D4:F5:47:82:0E:C6,ALL,udp:39796,8.8.8.8*,6,652,3,224,3,428
D4:F5:47:82:0E:C6,ALL,udp:36786,192.168.3.117*,6,640,3,416,3,224
D4:F5:47:82:0E:C6,ALL,udp:36786,8.8.8.8*,6,640,3,224,3,416
D4:F5:47:82:0E:C6,ALL,udp:36707,192.168.3.117*,6,504,3,282,3,222
D4:F5:47:82:0E:C6,ALL,udp:36707,8.8.8.8*,6,504,3,222,3,282
D4:F5:47:82:0E:C6,ALL,udp:41463,192.168.3.117*,6,504,3,282,3,222
D4:F5:47:82:0E:C6,ALL,udp:41463,8.8.8.8*,6,504,3,222,3,282
D4:F5:47:82:0E:C6,ALL,udp:49566,192.168.3.117*,6,516,3,294,3,222
D4:F5:47:82:0E:C6,ALL,udp:49566,8.8.8.8*,6,516,3,222,3,294
D4:F5:47:82:0E:C6,ALL,udp:34934,192.168.3.117*,6,504,3,282,3,222
D4:F5:47:82:0E:C6,ALL,udp:34934,8.8.8.8*,6,504,3,222,3,282
D4:F5:47:82:0E:C6,ALL,udp:60940,192.168.3.117*,6,504,3,282,3,222
D4:F5:47:82:0E:C6,ALL,udp:60940,8.8.8.8*,6,504,3,222,3,282
D4:F5:47:82:0E:C6,ALL,udp:36021,216.239.35.0,1,90,1,90,0,0
D4:F5:47:82:0E:C6,ALL,udp:36021,8.8.8.8,6,516,3,222,3,294
D4:F5:47:82:0E:C6,ALL,udp:56664,192.168.3.117*,6,516,3,294,3,222
D4:F5:47:82:0E:C6,ALL,udp:56664,8.8.8.8*,6,516,3,222,3,294
D4:F5:47:82:0E:C6,ALL,udp:40429,192.168.3.117*,6,516,3,294,3,222
D4:F5:47:82:0E:C6,ALL,udp:40429,8.8.8.8*,6,516,3,222,3,294
D4:F5:47:82:0E:C6,ALL,udp:41390,192.168.3.117*,6,516,3,294,3,222
D4:F5:47:82:0E:C6,ALL,udp:41390,8.8.8.8*,6,516,3,222,3,294
D4:F5:47:82:0E:C6,ALL,udp:57364,192.168.3.117*,6,504,3,282,3,222
D4:F5:47:82:0E:C6,ALL,udp:57364,8.8.8.8*,6,504,3,222,3,282
D4:F5:47:82:0E:C6,ALL,udp:35884,192.168.3.117*,6,516,3,294,3,222
D4:F5:47:82:0E:C6,ALL,udp:35884,8.8.8.8*,6,516,3,222,3,294
D4:F5:47:82:0E:C6,ALL,udp:47225,192.168.3.117*,6,912,3,654,3,258
D4:F5:47:82:0E:C6,ALL,udp:47225,8.8.8.8*,6,912,3,258,3,654
D4:F5:47:82:0E:C6,ALL,udp:36350,192.168.3.117*,6,504,3,282,3,222
D4:F5:47:82:0E:C6,ALL,udp:36350,8.8.8.8*,6,504,3,222,3,282
D4:F5:47:82:0E:C6,ALL,udp:34865,192.168.3.117*,6,516,3,294,3,222
D4:F5:47:82:0E:C6,ALL,udp:34865,8.8.8.8*,6,516,3,222,3,294
D4:F5:47:82:0E:C6,ALL,udp:41689,192.168.3.117*,6,516,3,294,3,222
D4:F5:47:82:0E:C6,ALL,udp:41689,8.8.8.8*,6,516,3,222,3,294
D4:F5:47:82:0E:C6,ALL,udp:34678,192.168.3.117*,6,640,3,416,3,224
D4:F5:47:82:0E:C6,ALL,udp:34678,8.8.8.8*,6,640,3,224,3,416
D4:F5:47:82:0E:C6,ALL,udp:44169,192.168.3.117*,6,652,3,428,3,224
D4:F5:47:82:0E:C6,ALL,udp:44169,8.8.8.8*,6,652,3,224,3,428
D4:F5:47:82:0E:C6,ALL,udp:37821,192.168.3.117*,6,516,3,294,3,222
D4:F5:47:82:0E:C6,ALL,udp:37821,8.8.8.8*,6,516,3,222,3,294
D4:F5:47:82:0E:C6,ALL,udp:57434,192.168.3.117*,6,516,3,294,3,222
D4:F5:47:82:0E:C6,ALL,udp:57434,8.8.8.8*,6,516,3,222,3,294
D4:F5:47:82:0E:C6,ALL,udp:38813,192.168.3.117*,6,516,3,294,3,222
D4:F5:47:82:0E:C6,ALL,udp:38813,8.8.8.8*,6,516,3,222,3,294
D4:F5:47:82:0E:C6,ALL,udp:59831,192.168.3.117*,6,516,3,294,3,222
D4:F5:47:82:0E:C6,ALL,udp:59831,8.8.8.8*,6,516,3,222,3,294
D4:F5:47:82:0E:C6,ALL,udp:43354,192.168.3.117*,6,640,3,416,3,224
D4:F5:47:82:0E:C6,ALL,udp:43354,8.8.8.8*,6,640,3,224,3,416
D4:F5:47:82:0E:C6,ALL,udp:53277,192.168.3.117*,6,640,3,416,3,224
D4:F5:47:82:0E:C6,ALL,udp:53277,8.8.8.8*,6,640,3,224,3,416
D4:F5:47:82:0E:C6,ALL,udp:40627,192.168.3.117*,6,504,3,282,3,222
D4:F5:47:82:0E:C6,ALL,udp:40627,8.8.8.8*,6,504,3,222,3,282
D4:F5:47:82:0E:C6,ALL,udp:41736,192.168.3.117*,6,516,3,294,3,222
D4:F5:47:82:0E:C6,ALL,udp:41736,8.8.8.8*,6,516,3,222,3,294
D4:F5:47:82:0E:C6,ALL,udp:55190,192.168.3.117*,6,516,3,294,3,222
D4:F5:47:82:0E:C6,ALL,udp:55190,8.8.8.8*,6,516,3,222,3,294
D4:F5:47:82:0E:C6,ALL,udp:48240,172.217.165.142*,13,6591,6,3329,7,3262
D4:F5:47:82:0E:C6,ALL,udp:48240,8.8.8.8*,6,516,3,222,3,294
D4:F5:47:82:0E:C6,ALL,udp:38627,192.168.3.117*,6,504,3,282,3,222
D4:F5:47:82:0E:C6,ALL,udp:38627,8.8.8.8*,6,504,3,222,3,282
D4:F5:47:82:0E:C6,ALL,udp:44079,192.168.3.117*,6,652,3,428,3,224
D4:F5:47:82:0E:C6,ALL,udp:44079,8.8.8.8*,6,652,3,224,3,428
D4:F5:47:82:0E:C6,ALL,udp:41680,192.168.3.117*,6,504,3,282,3,222
D4:F5:47:82:0E:C6,ALL,udp:41680,8.8.8.8*,6,504,3,222,3,282
D4:F5:47:82:0E:C6,ALL,udp:46592,192.168.3.117*,6,652,3,428,3,224
D4:F5:47:82:0E:C6,ALL,udp:46592,8.8.8.8*,6,652,3,224,3,428
D4:F5:47:82:0E:C6,ALL,udp:47351,192.168.3.117*,6,504,3,282,3,222
D4:F5:47:82:0E:C6,ALL,udp:47351,8.8.8.8*,6,504,3,222,3,282
D4:F5:47:82:0E:C6,ALL,udp:49811,192.168.3.117*,6,504,3,282,3,222
D4:F5:47:82:0E:C6,ALL,udp:49811,8.8.8.8*,6,504,3,222,3,282
D4:F5:47:82:0E:C6,ALL,udp:34069,192.168.3.117*,6,516,3,294,3,222
D4:F5:47:82:0E:C6,ALL,udp:34069,8.8.8.8*,6,516,3,222,3,294
D4:F5:47:82:0E:C6,ALL,udp:59356,192.168.3.117*,6,504,3,282,3,222
D4:F5:47:82:0E:C6,ALL,udp:59356,8.8.8.8*,6,504,3,222,3,282
D4:F5:47:82:0E:C6,ALL,udp:54199,192.168.3.117*,6,516,3,294,3,222
D4:F5:47:82:0E:C6,ALL,udp:54199,8.8.8.8*,6,516,3,222,3,294
D4:F5:47:82:0E:C6,ALL,udp:56242,192.168.3.117*,6,652,3,428,3,224
D4:F5:47:82:0E:C6,ALL,udp:56242,8.8.8.8*,6,652,3,224,3,428
D4:F5:47:82:0E:C6,ALL,udp:33862,192.168.3.117*,6,516,3,294,3,222
D4:F5:47:82:0E:C6,ALL,udp:33862,8.8.8.8*,6,516,3,222,3,294
D4:F5:47:82:0E:C6,ALL,udp:56229,192.168.3.117*,6,504,3,282,3,222
D4:F5:47:82:0E:C6,ALL,udp:56229,8.8.8.8*,6,504,3,222,3,282
D4:F5:47:82:0E:C6,ALL,udp:54965,192.168.3.117*,6,868,3,626,3,242
D4:F5:47:82:0E:C6,ALL,udp:54965,8.8.8.8*,6,868,3,242,3,626
D4:F5:47:82:0E:C6,ALL,udp:55536,192.168.3.117*,6,534,3,297,3,237
D4:F5:47:82:0E:C6,ALL,udp:55536,8.8.8.8*,6,534,3,237,3,297
D4:F5:47:82:0E:C6,ALL,udp:33678,192.168.3.117*,6,516,3,294,3,222
D4:F5:47:82:0E:C6,ALL,udp:33678,8.8.8.8*,6,516,3,222,3,294
D4:F5:47:82:0E:C6,ALL,udp:36561,192.168.3.117*,6,516,3,294,3,222
D4:F5:47:82:0E:C6,ALL,udp:36561,8.8.8.8*,6,516,3,222,3,294
D4:F5:47:82:0E:C6,ALL,udp:44499,192.168.3.117*,6,504,3,282,3,222
D4:F5:47:82:0E:C6,ALL,udp:44499,8.8.8.8*,6,504,3,222,3,282
D4:F5:47:82:0E:C6,ALL,udp:33030,192.168.3.117*,6,516,3,294,3,222
D4:F5:47:82:0E:C6,ALL,udp:33030,8.8.8.8*,6,516,3,222,3,294
D4:F5:47:82:0E:C6,ALL,udp:44480,192.168.3.117*,6,504,3,282,3,222
D4:F5:47:82:0E:C6,ALL,udp:44480,8.8.8.8*,6,504,3,222,3,282
D4:F5:47:82:0E:C6,ALL,udp:46243,192.168.3.117*,6,553,3,318,3,235
D4:F5:47:82:0E:C6,ALL,udp:46243,8.8.8.8*,6,553,3,235,3,318
D4:F5:47:82:0E:C6,ALL,udp:45643,192.168.3.117*,6,504,3,282,3,222
D4:F5:47:82:0E:C6,ALL,udp:45643,8.8.8.8*,6,504,3,222,3,282
D4:F5:47:82:0E:C6,ALL,udp:51011,192.168.3.117*,6,880,3,638,3,242
D4:F5:47:82:0E:C6,ALL,udp:51011,8.8.8.8*,6,880,3,242,3,638
D4:F5:47:82:0E:C6,ALL,udp:33072,192.168.3.117*,6,516,3,294,3,222
D4:F5:47:82:0E:C6,ALL,udp:33072,8.8.8.8*,6,516,3,222,3,294
D4:F5:47:82:0E:C6,ALL,udp:51807,192.168.3.117*,6,538,3,311,3,227
D4:F5:47:82:0E:C6,ALL,udp:51807,8.8.8.8*,6,538,3,227,3,311
D4:F5:47:82:0E:C6,ALL,udp:52879,192.168.3.117*,6,516,3,294,3,222
D4:F5:47:82:0E:C6,ALL,udp:52879,8.8.8.8*,6,516,3,222,3,294
D4:F5:47:82:0E:C6,ALL,udp:51712,192.168.3.117*,6,534,3,297,3,237
D4:F5:47:82:0E:C6,ALL,udp:51712,8.8.8.8*,6,534,3,237,3,297
D4:F5:47:82:0E:C6,ALL,udp:48665,192.168.3.117*,6,516,3,294,3,222
D4:F5:47:82:0E:C6,ALL,udp:48665,8.8.8.8*,6,516,3,222,3,294
D4:F5:47:82:0E:C6,ALL,udp:58924,192.168.3.117*,6,516,3,294,3,222
D4:F5:47:82:0E:C6,ALL,udp:58924,8.8.8.8*,6,516,3,222,3,294
D4:F5:47:82:0E:C6,ALL,udp:35080,192.168.3.117*,6,504,3,282,3,222
D4:F5:47:82:0E:C6,ALL,udp:35080,8.8.8.8*,6,504,3,222,3,282
D4:F5:47:82:0E:C6,ALL,udp:45196,142.250.80.110*,20,10873,12,7359,8,3514
D4:F5:47:82:0E:C6,ALL,udp:45196,8.8.8.8*,6,538,3,227,3,311
D4:F5:47:82:0E:C6,ALL,udp:38385,192.168.3.117*,6,538,3,311,3,227
D4:F5:47:82:0E:C6,ALL,udp:38385,8.8.8.8*,6,538,3,227,3,311
D4:F5:47:82:0E:C6,ALL,udp:34423,192.168.3.117*,6,504,3,282,3,222
D4:F5:47:82:0E:C6,ALL,udp:34423,8.8.8.8*,6,504,3,222,3,282
D4:F5:47:82:0E:C6,ALL,udp:32963,192.168.3.117*,6,553,3,318,3,235
D4:F5:47:82:0E:C6,ALL,udp:32963,8.8.8.8*,6,553,3,235,3,318
D4:F5:47:82:0E:C6,ALL,udp:35550,192.168.3.117*,6,553,3,318,3,235
D4:F5:47:82:0E:C6,ALL,udp:35550,8.8.8.8*,6,553,3,235,3,318
D4:F5:47:82:0E:C6,ALL,udp:39723,192.168.3.117*,6,504,3,282,3,222
D4:F5:47:82:0E:C6,ALL,udp:39723,8.8.8.8*,6,504,3,222,3,282
D4:F5:47:82:0E:C6,ALL,udp:56189,192.168.3.117*,6,538,3,311,3,227
D4:F5:47:82:0E:C6,ALL,udp:56189,8.8.8.8*,6,538,3,227,3,311
D4:F5:47:82:0E:C6,ALL,udp:41318,192.168.3.117*,6,516,3,294,3,222
D4:F5:47:82:0E:C6,ALL,udp:41318,8.8.8.8*,6,516,3,222,3,294
D4:F5:47:82:0E:C6,ALL,udp:42874,192.168.3.117*,6,504,3,282,3,222
D4:F5:47:82:0E:C6,ALL,udp:42874,8.8.8.8*,6,504,3,222,3,282
D4:F5:47:82:0E:C6,ALL,udp:36307,192.168.3.117*,6,504,3,282,3,222
D4:F5:47:82:0E:C6,ALL,udp:36307,8.8.8.8*,6,504,3,222,3,282
D4:F5:47:82:0E:C6,ALL,udp:53854,192.168.3.117*,6,516,3,294,3,222
D4:F5:47:82:0E:C6,ALL,udp:53854,8.8.8.8*,6,516,3,222,3,294
D4:F5:47:82:0E:C6,ALL,udp:40956,192.168.3.117*,6,504,3,282,3,222
D4:F5:47:82:0E:C6,ALL,udp:40956,8.8.8.8*,6,504,3,222,3,282
D4:F5:47:82:0E:C6,ALL,udp:57928,192.168.3.117*,6,640,3,416,3,224
D4:F5:47:82:0E:C6,ALL,udp:57928,8.8.8.8*,6,640,3,224,3,416
D4:F5:47:82:0E:C6,ALL,udp:57294,192.168.3.117*,6,516,3,294,3,222
D4:F5:47:82:0E:C6,ALL,udp:57294,8.8.8.8*,6,516,3,222,3,294
D4:F5:47:82:0E:C6,ALL,udp:32831,192.168.3.117*,6,516,3,294,3,222
D4:F5:47:82:0E:C6,ALL,udp:32831,8.8.8.8*,6,516,3,222,3,294
D4:F5:47:82:0E:C6,ALL,udp:35860,192.168.3.117*,6,504,3,282,3,222
D4:F5:47:82:0E:C6,ALL,udp:35860,8.8.8.8*,6,504,3,222,3,282
D4:F5:47:82:0E:C6,ALL,udp:43074,192.168.3.117*,6,516,3,294,3,222
D4:F5:47:82:0E:C6,ALL,udp:43074,8.8.8.8*,6,516,3,222,3,294
D4:F5:47:82:0E:C6,ALL,udp:59207,192.168.3.117*,6,516,3,294,3,222
D4:F5:47:82:0E:C6,ALL,udp:59207,8.8.8.8*,6,516,3,222,3,294
D4:F5:47:82:0E:C6,ALL,udp:34939,192.168.3.117*,6,516,3,294,3,222
D4:F5:47:82:0E:C6,ALL,udp:34939,8.8.8.8*,6,516,3,222,3,294
D4:F5:47:82:0E:C6,ALL,udp:46191,192.168.3.117*,6,516,3,294,3,222
D4:F5:47:82:0E:C6,ALL,udp:46191,8.8.8.8*,6,516,3,222,3,294
D4:F5:47:82:0E:C6,ALL,udp:45485,192.168.3.117*,6,504,3,282,3,222
D4:F5:47:82:0E:C6,ALL,udp:45485,8.8.8.8*,6,504,3,222,3,282
D4:F5:47:82:0E:C6,ALL,udp:38889,192.168.3.117*,6,668,3,436,3,232
D4:F5:47:82:0E:C6,ALL,udp:38889,8.8.8.8*,6,668,3,232,3,436
D4:F5:47:82:0E:C6,ALL,udp:40277,192.168.3.117*,6,516,3,294,3,222
D4:F5:47:82:0E:C6,ALL,udp:40277,8.8.8.8*,6,516,3,222,3,294
D4:F5:47:82:0E:C6,ALL,udp:35081,192.168.3.117*,6,504,3,282,3,222
D4:F5:47:82:0E:C6,ALL,udp:35081,8.8.8.8*,6,504,3,222,3,282
D4:F5:47:82:0E:C6,ALL,udp:42819,192.168.3.117*,6,516,3,294,3,222
D4:F5:47:82:0E:C6,ALL,udp:42819,8.8.8.8*,6,516,3,222,3,294
D4:F5:47:82:0E:C6,ALL,udp:38766,192.168.3.117*,6,538,3,311,3,227
D4:F5:47:82:0E:C6,ALL,udp:38766,8.8.8.8*,6,538,3,227,3,311
D4:F5:47:82:0E:C6,ALL,udp:46341,192.168.3.117*,6,504,3,282,3,222
D4:F5:47:82:0E:C6,ALL,udp:46341,8.8.8.8*,6,504,3,222,3,282
D4:F5:47:82:0E:C6,ALL,udp:36877,192.168.3.117*,6,516,3,294,3,222
D4:F5:47:82:0E:C6,ALL,udp:36877,8.8.8.8*,6,516,3,222,3,294
D4:F5:47:82:0E:C6,ALL,udp:58822,192.168.3.117*,6,516,3,294,3,222
D4:F5:47:82:0E:C6,ALL,udp:58822,8.8.8.8*,6,516,3,222,3,294
D4:F5:47:82:0E:C6,ALL,udp:51209,192.168.3.117*,6,516,3,294,3,222
D4:F5:47:82:0E:C6,ALL,udp:51209,8.8.8.8*,6,516,3,222,3,294
D4:F5:47:82:0E:C6,ALL,udp:59002,192.168.3.117*,6,652,3,428,3,224
D4:F5:47:82:0E:C6,ALL,udp:59002,8.8.8.8*,6,652,3,224,3,428
D4:F5:47:82:0E:C6,ALL,udp:40855,192.168.3.117*,6,553,3,318,3,235
D4:F5:47:82:0E:C6,ALL,udp:40855,8.8.8.8*,6,553,3,235,3,318
D4:F5:47:82:0E:C6,ALL,udp:39047,192.168.3.117*,6,538,3,311,3,227
D4:F5:47:82:0E:C6,ALL,udp:39047,8.8.8.8*,6,538,3,227,3,311
D4:F5:47:82:0E:C6,ALL,udp:50347,192.168.3.117*,6,516,3,294,3,222
D4:F5:47:82:0E:C6,ALL,udp:50347,8.8.8.8*,6,516,3,222,3,294
D4:F5:47:82:0E:C6,ALL,udp:59731,192.168.3.117*,6,516,3,294,3,222
D4:F5:47:82:0E:C6,ALL,udp:59731,8.8.8.8*,6,516,3,222,3,294
D4:F5:47:82:0E:C6,ALL,udp:33421,192.168.3.117*,6,504,3,282,3,222
D4:F5:47:82:0E:C6,ALL,udp:33421,8.8.8.8*,6,504,3,222,3,282
D4:F5:47:82:0E:C6,ALL,udp:51539,192.168.3.117*,6,652,3,428,3,224
D4:F5:47:82:0E:C6,ALL,udp:51539,8.8.8.8*,6,652,3,224,3,428
D4:F5:47:82:0E:C6,ALL,udp:38848,192.168.3.117*,6,538,3,311,3,227
D4:F5:47:82:0E:C6,ALL,udp:38848,8.8.8.8*,6,538,3,227,3,311
D4:F5:47:82:0E:C6,ALL,udp:49971,192.168.3.117*,6,534,3,297,3,237
D4:F5:47:82:0E:C6,ALL,udp:49971,8.8.8.8*,6,534,3,237,3,297
D4:F5:47:82:0E:C6,ALL,udp:48246,192.168.3.117*,6,516,3,294,3,222
D4:F5:47:82:0E:C6,ALL,udp:48246,8.8.8.8*,6,516,3,222,3,294
D4:F5:47:82:0E:C6,ALL,udp:41491,192.168.3.117*,6,516,3,294,3,222
D4:F5:47:82:0E:C6,ALL,udp:41491,8.8.8.8*,6,516,3,222,3,294
D4:F5:47:82:0E:C6,ALL,udp:45504,192.168.3.117*,6,534,3,297,3,237
D4:F5:47:82:0E:C6,ALL,udp:45504,8.8.8.8*,6,534,3,237,3,297
D4:F5:47:82:0E:C6,ALL,udp:51625,192.168.3.117*,6,504,3,282,3,222
D4:F5:47:82:0E:C6,ALL,udp:51625,8.8.8.8*,6,504,3,222,3,282
D4:F5:47:82:0E:C6,ALL,udp:57019,192.168.3.117*,4,340,2,192,2,148
D4:F5:47:82:0E:C6,ALL,udp:57019,8.8.8.8*,4,340,2,148,2,192
D4:F5:47:82:0E:C6,ALL,udp:33493,192.168.3.117*,4,340,2,192,2,148
D4:F5:47:82:0E:C6,ALL,udp:33493,8.8.8.8*,4,340,2,148,2,192
D4:F5:47:82:0E:C6,ALL,udp:40526,192.168.3.117*,4,340,2,192,2,148
D4:F5:47:82:0E:C6,ALL,udp:40526,8.8.8.8*,4,340,2,148,2,192
D4:F5:47:82:0E:C6,ALL,udp:50793,192.168.3.117*,4,340,2,192,2,148
D4:F5:47:82:0E:C6,ALL,udp:50793,8.8.8.8*,4,340,2,148,2,192
D4:F5:47:82:0E:C6,ALL,udp:55552,192.168.3.117*,4,476,2,326,2,150
D4:F5:47:82:0E:C6,ALL,udp:55552,8.8.8.8*,4,476,2,150,2,326
D4:F5:47:82:0E:C6,ALL,udp:54757,192.168.3.117*,4,340,2,192,2,148
D4:F5:47:82:0E:C6,ALL,udp:54757,8.8.8.8*,4,340,2,148,2,192
D4:F5:47:82:0E:C6,ALL,udp:34002,172.217.165.142*,20,10874,12,7360,8,3514
D4:F5:47:82:0E:C6,ALL,udp:34002,8.8.8.8*,4,340,2,148,2,192
D4:F5:47:82:0E:C6,ALL,udp:60274,192.168.3.117*,4,340,2,192,2,148
D4:F5:47:82:0E:C6,ALL,udp:60274,8.8.8.8*,4,340,2,148,2,192
D4:F5:47:82:0E:C6,ALL,udp:42752,192.168.3.117*,4,340,2,192,2,148
D4:F5:47:82:0E:C6,ALL,udp:42752,8.8.8.8*,4,340,2,148,2,192
D4:F5:47:82:0E:C6,ALL,udp:54075,192.168.3.117*,4,340,2,192,2,148
D4:F5:47:82:0E:C6,ALL,udp:54075,8.8.8.8*,4,340,2,148,2,192
D4:F5:47:82:0E:C6,ALL,udp:34629,192.168.3.117*,4,340,2,192,2,148
D4:F5:47:82:0E:C6,ALL,udp:34629,8.8.8.8*,4,340,2,148,2,192
D4:F5:47:82:0E:C6,ALL,udp:47394,192.168.3.117*,4,340,2,192,2,148
D4:F5:47:82:0E:C6,ALL,udp:47394,8.8.8.8*,4,340,2,148,2,192
D4:F5:47:82:0E:C6,ALL,udp:56745,192.168.3.117*,4,340,2,192,2,148
D4:F5:47:82:0E:C6,ALL,udp:56745,8.8.8.8*,4,340,2,148,2,192
D4:F5:47:82:0E:C6,ALL,udp:50772,192.168.3.117*,4,476,2,326,2,150
D4:F5:47:82:0E:C6,ALL,udp:50772,8.8.8.8*,4,476,2,150,2,326
D4:F5:47:82:0E:C6,ALL,udp:35932,192.168.3.117*,4,340,2,192,2,148
D4:F5:47:82:0E:C6,ALL,udp:35932,8.8.8.8*,4,340,2,148,2,192
D4:F5:47:82:0E:C6,ALL,udp:38935,192.168.3.117*,4,340,2,192,2,148
D4:F5:47:82:0E:C6,ALL,udp:38935,8.8.8.8*,4,340,2,148,2,192
D4:F5:47:82:0E:C6,ALL,udp:34089,192.168.3.117*,4,340,2,192,2,148
D4:F5:47:82:0E:C6,ALL,udp:34089,8.8.8.8*,4,340,2,148,2,192
D4:F5:47:82:0E:C6,ALL,udp:37640,192.168.3.117*,4,340,2,192,2,148
D4:F5:47:82:0E:C6,ALL,udp:37640,8.8.8.8*,4,340,2,148,2,192
D4:F5:47:82:0E:C6,ALL,udp:57470,192.168.3.117*,4,340,2,192,2,148
D4:F5:47:82:0E:C6,ALL,udp:57470,8.8.8.8*,4,340,2,148,2,192
D4:F5:47:82:0E:C6,ALL,udp:42767,192.168.3.117*,4,340,2,192,2,148
D4:F5:47:82:0E:C6,ALL,udp:42767,8.8.8.8*,4,340,2,148,2,192
D4:F5:47:82:0E:C6,ALL,udp:60387,192.168.3.117*,4,340,2,192,2,148
D4:F5:47:82:0E:C6,ALL,udp:60387,8.8.8.8*,4,340,2,148,2,192
D4:F5:47:82:0E:C6,ALL,udp:53557,192.168.3.117*,4,340,2,192,2,148
D4:F5:47:82:0E:C6,ALL,udp:53557,8.8.8.8*,4,340,2,148,2,192
D4:F5:47:82:0E:C6,ALL,udp:36723,192.168.3.117*,4,476,2,326,2,150
D4:F5:47:82:0E:C6,ALL,udp:36723,8.8.8.8*,4,476,2,150,2,326
D4:F5:47:82:0E:C6,ALL,udp:40248,192.168.3.117*,4,340,2,192,2,148
D4:F5:47:82:0E:C6,ALL,udp:40248,8.8.8.8*,4,340,2,148,2,192
D4:F5:47:82:0E:C6,ALL,udp:51101,192.168.3.117*,4,340,2,192,2,148
D4:F5:47:82:0E:C6,ALL,udp:51101,8.8.8.8*,4,340,2,148,2,192
D4:F5:47:82:0E:C6,ALL,udp:34184,192.168.3.117*,4,340,2,192,2,148
D4:F5:47:82:0E:C6,ALL,udp:34184,8.8.8.8*,4,340,2,148,2,192
D4:F5:47:82:0E:C6,ALL,udp:49812,192.168.3.117*,4,340,2,192,2,148
D4:F5:47:82:0E:C6,ALL,udp:49812,8.8.8.8*,4,340,2,148,2,192
D4:F5:47:82:0E:C6,ALL,udp:60982,192.168.3.117*,4,340,2,192,2,148
D4:F5:47:82:0E:C6,ALL,udp:60982,8.8.8.8*,4,340,2,148,2,192
D4:F5:47:82:0E:C6,ALL,udp:57467,192.168.3.117*,4,340,2,192,2,148
D4:F5:47:82:0E:C6,ALL,udp:57467,8.8.8.8*,4,340,2,148,2,192
D4:F5:47:82:0E:C6,ALL,udp:54445,192.168.3.117*,4,340,2,192,2,148
D4:F5:47:82:0E:C6,ALL,udp:54445,8.8.8.8*,4,340,2,148,2,192
D4:F5:47:82:0E:C6,ALL,udp:37295,192.168.3.117*,4,340,2,192,2,148
D4:F5:47:82:0E:C6,ALL,udp:37295,8.8.8.8*,4,340,2,148,2,192
D4:F5:47:82:0E:C6,ALL,udp:34640,192.168.3.117*,4,340,2,192,2,148
D4:F5:47:82:0E:C6,ALL,udp:34640,8.8.8.8*,4,340,2,148,2,192
D4:F5:47:82:0E:C6,ALL,udp:33843,192.168.3.117*,4,340,2,192,2,148
D4:F5:47:82:0E:C6,ALL,udp:33843,8.8.8.8*,4,340,2,148,2,192
D4:F5:47:82:0E:C6,ALL,udp:33371,192.168.3.117*,4,340,2,192,2,148
D4:F5:47:82:0E:C6,ALL,udp:33371,8.8.8.8*,4,340,2,148,2,192
D4:F5:47:82:0E:C6,ALL,udp:33293,192.168.3.117*,4,340,2,192,2,148
D4:F5:47:82:0E:C6,ALL,udp:33293,8.8.8.8*,4,340,2,148,2,192
D4:F5:47:82:0E:C6,ALL,udp:59961,192.168.3.117*,4,340,2,192,2,148
D4:F5:47:82:0E:C6,ALL,udp:59961,8.8.8.8*,4,340,2,148,2,192
D4:F5:47:82:0E:C6,ALL,udp:34249,192.168.3.117*,4,340,2,192,2,148
D4:F5:47:82:0E:C6,ALL,udp:34249,8.8.8.8*,4,340,2,148,2,192
D4:F5:47:82:0E:C6,ALL,udp:45450,192.168.3.117*,4,340,2,192,2,148
D4:F5:47:82:0E:C6,ALL,udp:45450,8.8.8.8*,4,340,2,148,2,192
D4:F5:47:82:0E:C6,ALL,udp:43568,192.168.3.117*,4,340,2,192,2,148
D4:F5:47:82:0E:C6,ALL,udp:43568,8.8.8.8*,4,340,2,148,2,192
D4:F5:47:82:0E:C6,ALL,udp:47713,192.168.3.117*,4,340,2,192,2,148
D4:F5:47:82:0E:C6,ALL,udp:47713,8.8.8.8*,4,340,2,148,2,192
D4:F5:47:82:0E:C6,ALL,udp:40917,192.168.3.117*,4,340,2,192,2,148
D4:F5:47:82:0E:C6,ALL,udp:40917,8.8.8.8*,4,340,2,148,2,192
D4:F5:47:82:0E:C6,ALL,udp:53518,192.168.3.117*,4,340,2,192,2,148
D4:F5:47:82:0E:C6,ALL,udp:53518,8.8.8.8*,4,340,2,148,2,192
D4:F5:47:82:0E:C6,ALL,udp:41571,192.168.3.117*,4,340,2,192,2,148
D4:F5:47:82:0E:C6,ALL,udp:41571,8.8.8.8*,4,340,2,148,2,192
D4:F5:47:82:0E:C6,ALL,udp:42229,192.168.3.117*,4,340,2,192,2,148
D4:F5:47:82:0E:C6,ALL,udp:42229,8.8.8.8*,4,340,2,148,2,192
D4:F5:47:82:0E:C6,ALL,udp:57650,192.168.3.117*,4,476,2,326,2,150
D4:F5:47:82:0E:C6,ALL,udp:57650,8.8.8.8*,4,476,2,150,2,326
D4:F5:47:82:0E:C6,ALL,udp:52126,192.168.3.117*,4,340,2,192,2,148
D4:F5:47:82:0E:C6,ALL,udp:52126,8.8.8.8*,4,340,2,148,2,192
D4:F5:47:82:0E:C6,ALL,udp:40525,192.168.3.117*,4,340,2,192,2,148
D4:F5:47:82:0E:C6,ALL,udp:40525,8.8.8.8*,4,340,2,148,2,192
D4:F5:47:82:0E:C6,ALL,udp:59364,192.168.3.117*,4,340,2,192,2,148
D4:F5:47:82:0E:C6,ALL,udp:59364,8.8.8.8*,4,340,2,148,2,192
D4:F5:47:82:0E:C6,ALL,udp:54694,192.168.3.117*,4,340,2,192,2,148
D4:F5:47:82:0E:C6,ALL,udp:54694,8.8.8.8*,4,340,2,148,2,192
D4:F5:47:82:0E:C6,ALL,udp:39090,192.168.3.117*,4,340,2,192,2,148
D4:F5:47:82:0E:C6,ALL,udp:39090,8.8.8.8*,4,340,2,148,2,192
D4:F5:47:82:0E:C6,ALL,udp:43863,192.168.3.117*,4,340,2,192,2,148
D4:F5:47:82:0E:C6,ALL,udp:43863,8.8.8.8*,4,340,2,148,2,192
D4:F5:47:82:0E:C6,ALL,udp:53789,192.168.3.117*,4,340,2,192,2,148
D4:F5:47:82:0E:C6,ALL,udp:53789,8.8.8.8*,4,340,2,148,2,192
D4:F5:47:82:0E:C6,ALL,udp:60212,192.168.3.117*,4,340,2,192,2,148
D4:F5:47:82:0E:C6,ALL,udp:60212,8.8.8.8*,4,340,2,148,2,192
D4:F5:47:82:0E:C6,ALL,udp:40616,192.168.3.117*,4,340,2,192,2,148
D4:F5:47:82:0E:C6,ALL,udp:40616,8.8.8.8*,4,340,2,148,2,192
D4:F5:47:82:0E:C6,ALL,udp:34679,192.168.3.117*,4,340,2,192,2,148
D4:F5:47:82:0E:C6,ALL,udp:34679,8.8.8.8*,4,340,2,148,2,192
D4:F5:47:82:0E:C6,ALL,udp:34964,192.168.3.117*,4,340,2,192,2,148
D4:F5:47:82:0E:C6,ALL,udp:34964,8.8.8.8*,4,340,2,148,2,192
D4:F5:47:82:0E:C6,ALL,udp:59345,192.168.3.117*,4,340,2,192,2,148
D4:F5:47:82:0E:C6,ALL,udp:59345,8.8.8.8*,4,340,2,148,2,192
D4:F5:47:82:0E:C6,ALL,udp:51235,192.168.3.117*,4,340,2,192,2,148
D4:F5:47:82:0E:C6,ALL,udp:51235,8.8.8.8*,4,340,2,148,2,192
D4:F5:47:82:0E:C6,ALL,udp:53515,192.168.3.117*,4,340,2,192,2,148
D4:F5:47:82:0E:C6,ALL,udp:53515,8.8.8.8*,4,340,2,148,2,192
D4:F5:47:82:0E:C6,ALL,udp:53989,192.168.3.117*,4,340,2,192,2,148
D4:F5:47:82:0E:C6,ALL,udp:53989,8.8.8.8*,4,340,2,148,2,192
D4:F5:47:82:0E:C6,ALL,udp:47988,192.168.3.117*,4,340,2,192,2,148
D4:F5:47:82:0E:C6,ALL,udp:47988,8.8.8.8*,4,340,2,148,2,192
D4:F5:47:82:0E:C6,ALL,udp:48685,192.168.3.117*,4,340,2,192,2,148
D4:F5:47:82:0E:C6,ALL,udp:48685,8.8.8.8*,4,340,2,148,2,192
D4:F5:47:82:0E:C6,ALL,udp:38892,192.168.3.117*,4,340,2,192,2,148
D4:F5:47:82:0E:C6,ALL,udp:38892,8.8.8.8*,4,340,2,148,2,192
D4:F5:47:82:0E:C6,ALL,udp:46743,192.168.3.117*,4,340,2,192,2,148
D4:F5:47:82:0E:C6,ALL,udp:46743,8.8.8.8*,4,340,2,148,2,192
D4:F5:47:82:0E:C6,ALL,udp:49176,192.168.3.117*,4,340,2,192,2,148
D4:F5:47:82:0E:C6,ALL,udp:49176,8.8.8.8*,4,340,2,148,2,192
D4:F5:47:82:0E:C6,ALL,udp:58878,192.168.3.117*,4,340,2,192,2,148
D4:F5:47:82:0E:C6,ALL,udp:58878,8.8.8.8*,4,340,2,148,2,192
D4:F5:47:82:0E:C6,ALL,udp:43985,192.168.3.117*,4,340,2,192,2,148
D4:F5:47:82:0E:C6,ALL,udp:43985,8.8.8.8*,4,340,2,148,2,192
D4:F5:47:82:0E:C6,ALL,udp:33067,192.168.3.117*,4,340,2,192,2,148
D4:F5:47:82:0E:C6,ALL,udp:33067,8.8.8.8*,4,340,2,148,2,192
D4:F5:47:82:0E:C6,ALL,udp:51464,192.168.3.117*,4,340,2,192,2,148
D4:F5:47:82:0E:C6,ALL,udp:51464,8.8.8.8*,4,340,2,148,2,192
D4:F5:47:82:0E:C6,ALL,udp:45304,192.168.3.117*,4,340,2,192,2,148
D4:F5:47:82:0E:C6,ALL,udp:45304,8.8.8.8*,4,340,2,148,2,192
D4:F5:47:82:0E:C6,ALL,udp:60421,192.168.3.117*,4,340,2,192,2,148
D4:F5:47:82:0E:C6,ALL,udp:60421,8.8.8.8*,4,340,2,148,2,192
D4:F5:47:82:0E:C6,ALL,udp:37221,192.168.3.117*,4,340,2,192,2,148
D4:F5:47:82:0E:C6,ALL,udp:37221,8.8.8.8*,4,340,2,148,2,192
D4:F5:47:82:0E:C6,ALL,udp:49319,192.168.3.117*,4,340,2,192,2,148
D4:F5:47:82:0E:C6,ALL,udp:49319,8.8.8.8*,4,340,2,148,2,192
D4:F5:47:82:0E:C6,ALL,udp:55107,192.168.3.117*,4,340,2,192,2,148
D4:F5:47:82:0E:C6,ALL,udp:55107,8.8.8.8*,4,340,2,148,2,192
D4:F5:47:82:0E:C6,ALL,udp:52408,192.168.3.117*,4,340,2,192,2,148
D4:F5:47:82:0E:C6,ALL,udp:52408,8.8.8.8*,4,340,2,148,2,192
D4:F5:47:82:0E:C6,ALL,udp:38024,192.168.3.117*,4,340,2,192,2,148
D4:F5:47:82:0E:C6,ALL,udp:38024,8.8.8.8*,4,340,2,148,2,192
D4:F5:47:82:0E:C6,ALL,udp:52751,192.168.3.117*,4,736,2,552,2,184
D4:F5:47:82:0E:C6,ALL,udp:52751,8.8.8.8*,4,736,2,184,2,552
D4:F5:47:82:0E:C6,ALL,udp:40830,216.239.35.12,2,180,1,90,1,90
D4:F5:47:82:0E:C6,ALL,udp:40830,8.8.8.8,4,704,2,168,2,536
D4:F5:47:82:0E:C6,ALL,udp:34112,192.168.3.117*,4,340,2,192,2,148
D4:F5:47:82:0E:C6,ALL,udp:34112,8.8.8.8*,4,340,2,148,2,192
D4:F5:47:82:0E:C6,ALL,udp:51110,192.168.3.117*,4,340,2,192,2,148
D4:F5:47:82:0E:C6,ALL,udp:51110,8.8.8.8*,4,340,2,148,2,192
D4:F5:47:82:0E:C6,ALL,udp:56714,192.168.3.117*,4,396,2,238,2,158
D4:F5:47:82:0E:C6,ALL,udp:56714,8.8.8.8*,4,396,2,158,2,238
D4:F5:47:82:0E:C6,ALL,udp:47204,192.168.3.117*,4,340,2,192,2,148
D4:F5:47:82:0E:C6,ALL,udp:47204,8.8.8.8*,4,340,2,148,2,192
D4:F5:47:82:0E:C6,ALL,udp:54835,192.168.3.117*,4,340,2,192,2,148
D4:F5:47:82:0E:C6,ALL,udp:54835,8.8.8.8*,4,340,2,148,2,192
D4:F5:47:82:0E:C6,ALL,udp:56853,192.168.3.117*,4,377,2,216,2,161
D4:F5:47:82:0E:C6,ALL,udp:56853,8.8.8.8*,4,377,2,161,2,216
D4:F5:47:82:0E:C6,ALL,udp:41688,192.168.3.117*,4,377,2,216,2,161
D4:F5:47:82:0E:C6,ALL,udp:41688,8.8.8.8*,4,377,2,161,2,216
D4:F5:47:82:0E:C6,ALL,udp:60218,192.168.3.117*,4,340,2,192,2,148
D4:F5:47:82:0E:C6,ALL,udp:60218,8.8.8.8*,4,340,2,148,2,192
D4:F5:47:82:0E:C6,ALL,udp:36238,192.168.3.117*,4,340,2,192,2,148
D4:F5:47:82:0E:C6,ALL,udp:36238,8.8.8.8*,4,340,2,148,2,192
D4:F5:47:82:0E:C6,ALL,udp:59343,192.168.3.117*,4,340,2,192,2,148
D4:F5:47:82:0E:C6,ALL,udp:59343,8.8.8.8*,4,340,2,148,2,192
D4:F5:47:82:0E:C6,ALL,udp:59634,192.168.3.117*,4,476,2,326,2,150
D4:F5:47:82:0E:C6,ALL,udp:59634,8.8.8.8*,4,476,2,150,2,326
D4:F5:47:82:0E:C6,ALL,udp:51334,192.168.3.117*,4,340,2,192,2,148
D4:F5:47:82:0E:C6,ALL,udp:51334,8.8.8.8*,4,340,2,148,2,192
D4:F5:47:82:0E:C6,ALL,udp:53596,192.168.3.117*,4,340,2,192,2,148
D4:F5:47:82:0E:C6,ALL,udp:53596,8.8.8.8*,4,340,2,148,2,192
D4:F5:47:82:0E:C6,ALL,udp:46728,192.168.3.117*,4,340,2,192,2,148
D4:F5:47:82:0E:C6,ALL,udp:46728,8.8.8.8*,4,340,2,148,2,192
D4:F5:47:82:0E:C6,ALL,udp:54969,192.168.3.117*,4,340,2,192,2,148
D4:F5:47:82:0E:C6,ALL,udp:54969,8.8.8.8*,4,340,2,148,2,192
D4:F5:47:82:0E:C6,ALL,udp:54512,192.168.3.117*,4,340,2,192,2,148
D4:F5:47:82:0E:C6,ALL,udp:54512,8.8.8.8*,4,340,2,148,2,192
D4:F5:47:82:0E:C6,ALL,udp:60986,192.168.3.117*,4,340,2,192,2,148
D4:F5:47:82:0E:C6,ALL,udp:60986,8.8.8.8*,4,340,2,148,2,192
D4:F5:47:82:0E:C6,ALL,udp:39213,192.168.3.117*,4,340,2,192,2,148
D4:F5:47:82:0E:C6,ALL,udp:39213,8.8.8.8*,4,340,2,148,2,192
D4:F5:47:82:0E:C6,ALL,udp:43885,192.168.3.117*,4,340,2,192,2,148
D4:F5:47:82:0E:C6,ALL,udp:43885,8.8.8.8*,4,340,2,148,2,192
D4:F5:47:82:0E:C6,ALL,udp:51930,192.168.3.117*,4,340,2,192,2,148
D4:F5:47:82:0E:C6,ALL,udp:51930,8.8.8.8*,4,340,2,148,2,192
D4:F5:47:82:0E:C6,ALL,udp:60047,192.168.3.117*,4,340,2,192,2,148
D4:F5:47:82:0E:C6,ALL,udp:60047,8.8.8.8*,4,340,2,148,2,192
D4:F5:47:82:0E:C6,ALL,udp:52687,192.168.3.117*,4,340,2,192,2,148
D4:F5:47:82:0E:C6,ALL,udp:52687,8.8.8.8*,4,340,2,148,2,192
D4:F5:47:82:0E:C6,ALL,udp:48253,192.168.3.117*,4,340,2,192,2,148
D4:F5:47:82:0E:C6,ALL,udp:48253,8.8.8.8*,4,340,2,148,2,192
D4:F5:47:82:0E:C6,ALL,udp:54485,192.168.3.117*,4,340,2,192,2,148
D4:F5:47:82:0E:C6,ALL,udp:54485,8.8.8.8*,4,340,2,148,2,192
D4:F5:47:82:0E:C6,ALL,udp:32807,192.168.3.117*,4,340,2,192,2,148
D4:F5:47:82:0E:C6,ALL,udp:32807,8.8.8.8*,4,340,2,148,2,192
D4:F5:47:82:0E:C6,ALL,udp:41302,192.168.3.117*,4,340,2,192,2,148
D4:F5:47:82:0E:C6,ALL,udp:41302,8.8.8.8*,4,340,2,148,2,192
D4:F5:47:82:0E:C6,ALL,udp:58793,192.168.3.117*,4,340,2,192,2,148
D4:F5:47:82:0E:C6,ALL,udp:58793,8.8.8.8*,4,340,2,148,2,192
D4:F5:47:82:0E:C6,ALL,udp:58714,192.168.3.117*,4,340,2,192,2,148
D4:F5:47:82:0E:C6,ALL,udp:58714,8.8.8.8*,4,340,2,148,2,192
D4:F5:47:82:0E:C6,ALL,udp:37842,192.168.3.117*,4,340,2,192,2,148
D4:F5:47:82:0E:C6,ALL,udp:37842,8.8.8.8*,4,340,2,148,2,192
D4:F5:47:82:0E:C6,ALL,udp:42533,192.168.3.117*,4,340,2,192,2,148
D4:F5:47:82:0E:C6,ALL,udp:42533,8.8.8.8*,4,340,2,148,2,192
D4:F5:47:82:0E:C6,ALL,udp:44880,192.168.3.117*,4,340,2,192,2,148
D4:F5:47:82:0E:C6,ALL,udp:44880,8.8.8.8*,4,340,2,148,2,192
D4:F5:47:82:0E:C6,ALL,udp:51392,192.168.3.117*,4,340,2,192,2,148
D4:F5:47:82:0E:C6,ALL,udp:51392,8.8.8.8*,4,340,2,148,2,192
D4:F5:47:82:0E:C6,ALL,udp:41896,216.239.35.4,2,180,1,90,1,90
D4:F5:47:82:0E:C6,ALL,udp:41896,8.8.8.8,4,340,2,148,2,192
D4:F5:47:82:0E:C6,ALL,udp:33622,192.168.3.117*,4,340,2,192,2,148
D4:F5:47:82:0E:C6,ALL,udp:33622,8.8.8.8*,4,340,2,148,2,192
D4:F5:47:82:0E:C6,ALL,udp:52464,192.168.3.117*,4,340,2,192,2,148
D4:F5:47:82:0E:C6,ALL,udp:52464,8.8.8.8*,4,340,2,148,2,192
D4:F5:47:82:0E:C6,ALL,udp:60536,142.251.32.110*,19,10792,11,7278,8,3514
D4:F5:47:82:0E:C6,ALL,udp:60536,8.8.8.8*,4,340,2,148,2,192
D4:F5:47:82:0E:C6,ALL,udp:39880,192.168.3.117*,4,340,2,192,2,148
D4:F5:47:82:0E:C6,ALL,udp:39880,8.8.8.8*,4,340,2,148,2,192
D4:F5:47:82:0E:C6,ALL,udp:47307,192.168.3.117*,4,340,2,192,2,148
D4:F5:47:82:0E:C6,ALL,udp:47307,8.8.8.8*,4,340,2,148,2,192
D4:F5:47:82:0E:C6,ALL,udp:58535,192.168.3.117*,4,340,2,192,2,148
D4:F5:47:82:0E:C6,ALL,udp:58535,8.8.8.8*,4,340,2,148,2,192
D4:F5:47:82:0E:C6,ALL,udp:49553,192.168.3.117*,4,340,2,192,2,148
D4:F5:47:82:0E:C6,ALL,udp:49553,8.8.8.8*,4,340,2,148,2,192
D4:F5:47:82:0E:C6,ALL,udp:36740,192.168.3.117*,4,328,2,180,2,148
D4:F5:47:82:0E:C6,ALL,udp:36740,8.8.8.8*,4,328,2,148,2,180
D4:F5:47:82:0E:C6,ALL,udp:35452,216.239.35.8,2,180,1,90,1,90
D4:F5:47:82:0E:C6,ALL,udp:35452,8.8.8.8,4,476,2,150,2,326
D4:F5:47:82:0E:C6,ALL,udp:46066,192.168.3.117*,4,340,2,192,2,148
D4:F5:47:82:0E:C6,ALL,udp:46066,8.8.8.8*,4,340,2,148,2,192
D4:F5:47:82:0E:C6,ALL,udp:59679,192.168.3.117*,4,340,2,192,2,148
D4:F5:47:82:0E:C6,ALL,udp:59679,8.8.8.8*,4,340,2,148,2,192
D4:F5:47:82:0E:C6,ALL,udp:40747,216.239.35.8,2,180,1,90,1,90
D4:F5:47:82:0E:C6,ALL,udp:40747,8.8.8.8,4,340,2,148,2,192
D4:F5:47:82:0E:C6,ALL,udp:42619,192.168.3.117*,4,340,2,192,2,148
D4:F5:47:82:0E:C6,ALL,udp:42619,8.8.8.8*,4,340,2,148,2,192
D4:F5:47:82:0E:C6,ALL,udp:44060,192.168.3.117*,4,340,2,192,2,148
D4:F5:47:82:0E:C6,ALL,udp:44060,8.8.8.8*,4,340,2,148,2,192
D4:F5:47:82:0E:C6,ALL,udp:42466,192.168.3.117*,4,340,2,192,2,148
D4:F5:47:82:0E:C6,ALL,udp:42466,8.8.8.8*,4,340,2,148,2,192
D4:F5:47:82:0E:C6,ALL,udp:33256,192.168.3.117*,4,340,2,192,2,148
D4:F5:47:82:0E:C6,ALL,udp:33256,8.8.8.8*,4,340,2,148,2,192
D4:F5:47:82:0E:C6,ALL,udp:42097,192.168.3.117*,4,340,2,192,2,148
D4:F5:47:82:0E:C6,ALL,udp:42097,8.8.8.8*,4,340,2,148,2,192
D4:F5:47:82:0E:C6,ALL,udp:56956,192.168.3.117*,4,340,2,192,2,148
D4:F5:47:82:0E:C6,ALL,udp:56956,8.8.8.8*,4,340,2,148,2,192
D4:F5:47:82:0E:C6,ALL,udp:55070,192.168.3.117*,4,340,2,192,2,148
D4:F5:47:82:0E:C6,ALL,udp:55070,8.8.8.8*,4,340,2,148,2,192
D4:F5:47:82:0E:C6,ALL,udp:45144,192.168.3.117*,4,340,2,192,2,148
D4:F5:47:82:0E:C6,ALL,udp:45144,8.8.8.8*,4,340,2,148,2,192
D4:F5:47:82:0E:C6,ALL,udp:54960,192.168.3.117*,4,340,2,192,2,148
D4:F5:47:82:0E:C6,ALL,udp:54960,8.8.8.8*,4,340,2,148,2,192
D4:F5:47:82:0E:C6,ALL,udp:59958,192.168.3.117*,4,340,2,192,2,148
D4:F5:47:82:0E:C6,ALL,udp:59958,8.8.8.8*,4,340,2,148,2,192
D4:F5:47:82:0E:C6,ALL,udp:44429,192.168.3.117*,4,340,2,192,2,148
D4:F5:47:82:0E:C6,ALL,udp:44429,8.8.8.8*,4,340,2,148,2,192
D4:F5:47:82:0E:C6,ALL,udp:50812,192.168.3.117*,4,340,2,192,2,148
D4:F5:47:82:0E:C6,ALL,udp:50812,8.8.8.8*,4,340,2,148,2,192
D4:F5:47:82:0E:C6,ALL,udp:60404,216.239.35.0,2,180,1,90,1,90
D4:F5:47:82:0E:C6,ALL,udp:60404,8.8.8.8,4,340,2,148,2,192
D4:F5:47:82:0E:C6,ALL,udp:57919,192.168.3.117*,4,340,2,192,2,148
D4:F5:47:82:0E:C6,ALL,udp:57919,8.8.8.8*,4,340,2,148,2,192
D4:F5:47:82:0E:C6,ALL,udp:38413,192.168.3.117*,4,340,2,192,2,148
D4:F5:47:82:0E:C6,ALL,udp:38413,8.8.8.8*,4,340,2,148,2,192
D4:F5:47:82:0E:C6,ALL,udp:34114,192.168.3.117*,4,340,2,192,2,148
D4:F5:47:82:0E:C6,ALL,udp:34114,8.8.8.8*,4,340,2,148,2,192
D4:F5:47:82:0E:C6,ALL,udp:33257,192.168.3.117*,4,340,2,192,2,148
D4:F5:47:82:0E:C6,ALL,udp:33257,8.8.8.8*,4,340,2,148,2,192
D4:F5:47:82:0E:C6,ALL,udp:48392,192.168.3.117*,4,340,2,192,2,148
D4:F5:47:82:0E:C6,ALL,udp:48392,8.8.8.8*,4,340,2,148,2,192
D4:F5:47:82:0E:C6,ALL,udp:34265,216.239.35.4,2,180,1,90,1,90
D4:F5:47:82:0E:C6,ALL,udp:34265,8.8.8.8,4,476,2,150,2,326
D4:F5:47:82:0E:C6,ALL,udp:59211,192.168.3.117*,4,340,2,192,2,148
D4:F5:47:82:0E:C6,ALL,udp:59211,8.8.8.8*,4,340,2,148,2,192
D4:F5:47:82:0E:C6,ALL,udp:51540,192.168.3.117*,4,340,2,192,2,148
D4:F5:47:82:0E:C6,ALL,udp:51540,8.8.8.8*,4,340,2,148,2,192
D4:F5:47:82:0E:C6,ALL,udp:44682,192.168.3.117*,4,340,2,192,2,148
D4:F5:47:82:0E:C6,ALL,udp:44682,8.8.8.8*,4,340,2,148,2,192
D4:F5:47:82:0E:C6,ALL,udp:51091,192.168.3.117*,4,340,2,192,2,148
D4:F5:47:82:0E:C6,ALL,udp:51091,8.8.8.8*,4,340,2,148,2,192
D4:F5:47:82:0E:C6,ALL,udp:35642,192.168.3.117*,4,340,2,192,2,148
D4:F5:47:82:0E:C6,ALL,udp:35642,8.8.8.8*,4,340,2,148,2,192
D4:F5:47:82:0E:C6,ALL,udp:41317,192.168.3.117*,4,340,2,192,2,148
D4:F5:47:82:0E:C6,ALL,udp:41317,8.8.8.8*,4,340,2,148,2,192
D4:F5:47:82:0E:C6,ALL,udp:45761,192.168.3.117*,4,340,2,192,2,148
D4:F5:47:82:0E:C6,ALL,udp:45761,8.8.8.8*,4,340,2,148,2,192
D4:F5:47:82:0E:C6,ALL,udp:49830,192.168.3.117*,4,340,2,192,2,148
D4:F5:47:82:0E:C6,ALL,udp:49830,8.8.8.8*,4,340,2,148,2,192
D4:F5:47:82:0E:C6,ALL,udp:39458,192.168.3.117*,4,340,2,192,2,148
D4:F5:47:82:0E:C6,ALL,udp:39458,8.8.8.8*,4,340,2,148,2,192
D4:F5:47:82:0E:C6,ALL,udp:51956,192.168.3.117*,4,476,2,326,2,150
D4:F5:47:82:0E:C6,ALL,udp:51956,8.8.8.8*,4,476,2,150,2,326
D4:F5:47:82:0E:C6,ALL,udp:46855,192.168.3.117*,4,340,2,192,2,148
D4:F5:47:82:0E:C6,ALL,udp:46855,8.8.8.8*,4,340,2,148,2,192
D4:F5:47:82:0E:C6,ALL,udp:49086,192.168.3.117*,4,340,2,192,2,148
D4:F5:47:82:0E:C6,ALL,udp:49086,8.8.8.8*,4,340,2,148,2,192
D4:F5:47:82:0E:C6,ALL,udp:49104,192.168.3.117*,4,340,2,192,2,148
D4:F5:47:82:0E:C6,ALL,udp:49104,8.8.8.8*,4,340,2,148,2,192
D4:F5:47:82:0E:C6,ALL,udp:35192,192.168.3.117*,4,340,2,192,2,148
D4:F5:47:82:0E:C6,ALL,udp:35192,8.8.8.8*,4,340,2,148,2,192
D4:F5:47:82:0E:C6,ALL,udp:58050,192.168.3.117*,4,340,2,192,2,148
D4:F5:47:82:0E:C6,ALL,udp:58050,8.8.8.8*,4,340,2,148,2,192
D4:F5:47:82:0E:C6,ALL,udp:39399,192.168.3.117*,4,340,2,192,2,148
D4:F5:47:82:0E:C6,ALL,udp:39399,8.8.8.8*,4,340,2,148,2,192
D4:F5:47:82:0E:C6,ALL,udp:57075,192.168.3.117*,4,340,2,192,2,148
D4:F5:47:82:0E:C6,ALL,udp:57075,8.8.8.8*,4,340,2,148,2,192
D4:F5:47:82:0E:C6,ALL,udp:60221,192.168.3.117*,4,340,2,192,2,148
D4:F5:47:82:0E:C6,ALL,udp:60221,8.8.8.8*,4,340,2,148,2,192
D4:F5:47:82:0E:C6,ALL,udp:49617,192.168.3.117*,4,340,2,192,2,148
D4:F5:47:82:0E:C6,ALL,udp:49617,8.8.8.8*,4,340,2,148,2,192
D4:F5:47:82:0E:C6,ALL,udp:53683,192.168.3.117*,4,340,2,192,2,148
D4:F5:47:82:0E:C6,ALL,udp:53683,8.8.8.8*,4,340,2,148,2,192
D4:F5:47:82:0E:C6,ALL,udp:55318,192.168.3.117*,4,340,2,192,2,148
D4:F5:47:82:0E:C6,ALL,udp:55318,8.8.8.8*,4,340,2,148,2,192
D4:F5:47:82:0E:C6,ALL,udp:58841,192.168.3.117*,4,370,2,207,2,163
D4:F5:47:82:0E:C6,ALL,udp:58841,8.8.8.8*,4,370,2,163,2,207
D4:F5:47:82:0E:C6,ALL,udp:60681,192.168.3.117*,4,476,2,326,2,150
D4:F5:47:82:0E:C6,ALL,udp:60681,8.8.8.8*,4,476,2,150,2,326
D4:F5:47:82:0E:C6,ALL,udp:48664,192.168.3.117*,4,352,2,204,2,148
D4:F5:47:82:0E:C6,ALL,udp:48664,8.8.8.8*,4,352,2,148,2,204
D4:F5:47:82:0E:C6,ALL,udp:53909,192.168.3.117*,4,352,2,204,2,148
D4:F5:47:82:0E:C6,ALL,udp:53909,8.8.8.8*,4,352,2,148,2,204
D4:F5:47:82:0E:C6,ALL,udp:52582,192.168.3.117*,4,340,2,192,2,148
D4:F5:47:82:0E:C6,ALL,udp:52582,8.8.8.8*,4,340,2,148,2,192
D4:F5:47:82:0E:C6,ALL,udp:54590,192.168.3.117*,4,328,2,180,2,148
D4:F5:47:82:0E:C6,ALL,udp:54590,8.8.8.8*,4,328,2,148,2,180
D4:F5:47:82:0E:C6,ALL,udp:54672,192.168.3.117*,4,352,2,204,2,148
D4:F5:47:82:0E:C6,ALL,udp:54672,8.8.8.8*,4,352,2,148,2,204
D4:F5:47:82:0E:C6,ALL,udp:33017,192.168.3.117*,4,476,2,326,2,150
D4:F5:47:82:0E:C6,ALL,udp:33017,8.8.8.8*,4,476,2,150,2,326
D4:F5:47:82:0E:C6,ALL,udp:40031,192.168.3.117*,4,352,2,204,2,148
D4:F5:47:82:0E:C6,ALL,udp:40031,8.8.8.8*,4,352,2,148,2,204
D4:F5:47:82:0E:C6,ALL,udp:60482,192.168.3.117*,4,370,2,207,2,163
D4:F5:47:82:0E:C6,ALL,udp:60482,8.8.8.8*,4,370,2,163,2,207
D4:F5:47:82:0E:C6,ALL,udp:38979,192.168.3.117*,4,352,2,204,2,148
D4:F5:47:82:0E:C6,ALL,udp:38979,8.8.8.8*,4,352,2,148,2,204
D4:F5:47:82:0E:C6,ALL,udp:39242,192.168.3.117*,4,476,2,326,2,150
D4:F5:47:82:0E:C6,ALL,udp:39242,8.8.8.8*,4,476,2,150,2,326
D4:F5:47:82:0E:C6,ALL,udp:34832,192.168.3.117*,4,352,2,204,2,148
D4:F5:47:82:0E:C6,ALL,udp:34832,8.8.8.8*,4,352,2,148,2,204
D4:F5:47:82:0E:C6,ALL,udp:39833,192.168.3.117*,4,352,2,204,2,148
D4:F5:47:82:0E:C6,ALL,udp:39833,8.8.8.8*,4,352,2,148,2,204
D4:F5:47:82:0E:C6,ALL,udp:52482,192.168.3.117*,4,352,2,204,2,148
D4:F5:47:82:0E:C6,ALL,udp:52482,8.8.8.8*,4,352,2,148,2,204
D4:F5:47:82:0E:C6,ALL,udp:38823,192.168.3.117*,4,340,2,192,2,148
D4:F5:47:82:0E:C6,ALL,udp:38823,8.8.8.8*,4,340,2,148,2,192
D4:F5:47:82:0E:C6,ALL,udp:45405,192.168.3.117*,4,476,2,326,2,150
D4:F5:47:82:0E:C6,ALL,udp:45405,8.8.8.8*,4,476,2,150,2,326
D4:F5:47:82:0E:C6,ALL,udp:49557,192.168.3.117*,4,374,2,221,2,153
D4:F5:47:82:0E:C6,ALL,udp:49557,8.8.8.8*,4,374,2,153,2,221
D4:F5:47:82:0E:C6,ALL,udp:46378,192.168.3.117*,4,340,2,192,2,148
D4:F5:47:82:0E:C6,ALL,udp:46378,8.8.8.8*,4,340,2,148,2,192
D4:F5:47:82:0E:C6,ALL,udp:52596,192.168.3.117*,4,362,2,209,2,153
D4:F5:47:82:0E:C6,ALL,udp:52596,8.8.8.8*,4,362,2,153,2,209
D4:F5:47:82:0E:C6,ALL,udp:48925,192.168.3.117*,4,340,2,192,2,148
D4:F5:47:82:0E:C6,ALL,udp:48925,8.8.8.8*,4,340,2,148,2,192
D4:F5:47:82:0E:C6,ALL,udp:49546,192.168.3.117*,4,328,2,180,2,148
D4:F5:47:82:0E:C6,ALL,udp:49546,8.8.8.8*,4,328,2,148,2,180
D4:F5:47:82:0E:C6,ALL,udp:35756,192.168.3.117*,4,476,2,326,2,150
D4:F5:47:82:0E:C6,ALL,udp:35756,8.8.8.8*,4,476,2,150,2,326
D4:F5:47:82:0E:C6,ALL,udp:44635,192.168.3.117*,4,352,2,204,2,148
D4:F5:47:82:0E:C6,ALL,udp:44635,8.8.8.8*,4,352,2,148,2,204
D4:F5:47:82:0E:C6,ALL,udp:34327,192.168.3.117*,4,374,2,221,2,153
D4:F5:47:82:0E:C6,ALL,udp:34327,8.8.8.8*,4,374,2,153,2,221
D4:F5:47:82:0E:C6,ALL,udp:37292,192.168.3.117*,4,328,2,180,2,148
D4:F5:47:82:0E:C6,ALL,udp:37292,8.8.8.8*,4,328,2,148,2,180
D4:F5:47:82:0E:C6,ALL,udp:58506,192.168.3.117*,4,352,2,204,2,148
D4:F5:47:82:0E:C6,ALL,udp:58506,8.8.8.8*,4,352,2,148,2,204
D4:F5:47:82:0E:C6,ALL,udp:51121,192.168.3.117*,4,328,2,180,2,148
D4:F5:47:82:0E:C6,ALL,udp:51121,8.8.8.8*,4,328,2,148,2,180
D4:F5:47:82:0E:C6,ALL,udp:41760,216.239.35.8,2,180,1,90,1,90
D4:F5:47:82:0E:C6,ALL,udp:41760,8.8.8.8,4,340,2,148,2,192
D4:F5:47:82:0E:C6,ALL,udp:53549,192.168.3.117*,4,476,2,326,2,150
D4:F5:47:82:0E:C6,ALL,udp:53549,8.8.8.8*,4,476,2,150,2,326
D4:F5:47:82:0E:C6,ALL,udp:60967,192.168.3.117*,4,340,2,192,2,148
D4:F5:47:82:0E:C6,ALL,udp:60967,8.8.8.8*,4,340,2,148,2,192
D4:F5:47:82:0E:C6,ALL,udp:56484,192.168.3.117*,4,389,2,228,2,161
D4:F5:47:82:0E:C6,ALL,udp:56484,8.8.8.8*,4,389,2,161,2,228
D4:F5:47:82:0E:C6,ALL,udp:40181,192.168.3.117*,4,352,2,204,2,148
D4:F5:47:82:0E:C6,ALL,udp:40181,8.8.8.8*,4,352,2,148,2,204
D4:F5:47:82:0E:C6,ALL,udp:32791,192.168.3.117*,4,328,2,180,2,148
D4:F5:47:82:0E:C6,ALL,udp:32791,8.8.8.8*,4,328,2,148,2,180
D4:F5:47:82:0E:C6,ALL,udp:33656,192.168.3.117*,4,340,2,192,2,148
D4:F5:47:82:0E:C6,ALL,udp:33656,8.8.8.8*,4,340,2,148,2,192
D4:F5:47:82:0E:C6,ALL,udp:56582,192.168.3.117*,4,680,2,524,2,156
D4:F5:47:82:0E:C6,ALL,udp:56582,8.8.8.8*,4,680,2,156,2,524
D4:F5:47:82:0E:C6,ALL,udp:50529,192.168.3.117*,4,340,2,192,2,148
D4:F5:47:82:0E:C6,ALL,udp:50529,8.8.8.8*,4,340,2,148,2,192
D4:F5:47:82:0E:C6,ALL,udp:57636,192.168.3.117*,4,352,2,204,2,148
D4:F5:47:82:0E:C6,ALL,udp:57636,8.8.8.8*,4,352,2,148,2,204
D4:F5:47:82:0E:C6,ALL,udp:53321,192.168.3.117*,4,352,2,204,2,148
D4:F5:47:82:0E:C6,ALL,udp:53321,8.8.8.8*,4,352,2,148,2,204
D4:F5:47:82:0E:C6,ALL,udp:43700,192.168.3.117*,4,476,2,326,2,150
D4:F5:47:82:0E:C6,ALL,udp:43700,8.8.8.8*,4,476,2,150,2,326
D4:F5:47:82:0E:C6,ALL,udp:41774,192.168.3.117*,4,340,2,192,2,148
D4:F5:47:82:0E:C6,ALL,udp:41774,8.8.8.8*,4,340,2,148,2,192
D4:F5:47:82:0E:C6,ALL,udp:53113,192.168.3.117*,4,328,2,180,2,148
D4:F5:47:82:0E:C6,ALL,udp:53113,8.8.8.8*,4,328,2,148,2,180
D4:F5:47:82:0E:C6,ALL,udp:49588,192.168.3.117*,4,340,2,192,2,148
D4:F5:47:82:0E:C6,ALL,udp:49588,8.8.8.8*,4,340,2,148,2,192
D4:F5:47:82:0E:C6,ALL,udp:59259,192.168.3.117*,4,328,2,180,2,148
D4:F5:47:82:0E:C6,ALL,udp:59259,8.8.8.8*,4,328,2,148,2,180
D4:F5:47:82:0E:C6,ALL,udp:59315,192.168.3.117*,4,340,2,192,2,148
D4:F5:47:82:0E:C6,ALL,udp:59315,8.8.8.8*,4,340,2,148,2,192
D4:F5:47:82:0E:C6,ALL,udp:41717,192.168.3.117*,4,352,2,204,2,148
D4:F5:47:82:0E:C6,ALL,udp:41717,8.8.8.8*,4,352,2,148,2,204
D4:F5:47:82:0E:C6,ALL,udp:57207,192.168.3.117*,4,362,2,209,2,153
D4:F5:47:82:0E:C6,ALL,udp:57207,8.8.8.8*,4,362,2,153,2,209
D4:F5:47:82:0E:C6,ALL,udp:54290,192.168.3.117*,4,328,2,180,2,148
D4:F5:47:82:0E:C6,ALL,udp:54290,8.8.8.8*,4,328,2,148,2,180
D4:F5:47:82:0E:C6,ALL,udp:49840,192.168.3.117*,4,362,2,209,2,153
D4:F5:47:82:0E:C6,ALL,udp:49840,8.8.8.8*,4,362,2,153,2,209
D4:F5:47:82:0E:C6,ALL,udp:44886,192.168.3.117*,4,352,2,204,2,148
D4:F5:47:82:0E:C6,ALL,udp:44886,8.8.8.8*,4,352,2,148,2,204
D4:F5:47:82:0E:C6,ALL,udp:55085,192.168.3.117*,4,340,2,192,2,148
D4:F5:47:82:0E:C6,ALL,udp:55085,8.8.8.8*,4,340,2,148,2,192
D4:F5:47:82:0E:C6,ALL,udp:44926,192.168.3.117*,4,328,2,180,2,148
D4:F5:47:82:0E:C6,ALL,udp:44926,8.8.8.8*,4,328,2,148,2,180
D4:F5:47:82:0E:C6,ALL,udp:40583,192.168.3.117*,4,476,2,326,2,150
D4:F5:47:82:0E:C6,ALL,udp:40583,8.8.8.8*,4,476,2,150,2,326
D4:F5:47:82:0E:C6,ALL,udp:49944,192.168.3.117*,4,362,2,209,2,153
D4:F5:47:82:0E:C6,ALL,udp:49944,8.8.8.8*,4,362,2,153,2,209
D4:F5:47:82:0E:C6,ALL,udp:59192,192.168.3.117*,4,328,2,180,2,148
D4:F5:47:82:0E:C6,ALL,udp:59192,8.8.8.8*,4,328,2,148,2,180
D4:F5:47:82:0E:C6,ALL,udp:51581,192.168.3.117*,4,340,2,192,2,148
D4:F5:47:82:0E:C6,ALL,udp:51581,8.8.8.8*,4,340,2,148,2,192
D4:F5:47:82:0E:C6,ALL,udp:48303,192.168.3.117*,4,340,2,192,2,148
D4:F5:47:82:0E:C6,ALL,udp:48303,8.8.8.8*,4,340,2,148,2,192
D4:F5:47:82:0E:C6,ALL,udp:43880,192.168.3.117*,4,340,2,192,2,148
D4:F5:47:82:0E:C6,ALL,udp:43880,8.8.8.8*,4,340,2,148,2,192
D4:F5:47:82:0E:C6,ALL,udp:39052,192.168.3.117*,4,476,2,326,2,150
D4:F5:47:82:0E:C6,ALL,udp:39052,8.8.8.8*,4,476,2,150,2,326
D4:F5:47:82:0E:C6,ALL,udp:57102,192.168.3.117*,4,352,2,204,2,148
D4:F5:47:82:0E:C6,ALL,udp:57102,8.8.8.8*,4,352,2,148,2,204
D4:F5:47:82:0E:C6,ALL,udp:58836,192.168.3.117*,4,736,2,552,2,184
D4:F5:47:82:0E:C6,ALL,udp:58836,8.8.8.8*,4,736,2,184,2,552
D4:F5:47:82:0E:C6,ALL,udp:44469,192.168.3.117*,4,328,2,180,2,148
D4:F5:47:82:0E:C6,ALL,udp:44469,8.8.8.8*,4,328,2,148,2,180
D4:F5:47:82:0E:C6,ALL,udp:50333,192.168.3.117*,4,340,2,192,2,148
D4:F5:47:82:0E:C6,ALL,udp:50333,8.8.8.8*,4,340,2,148,2,192
D4:F5:47:82:0E:C6,ALL,udp:43902,192.168.3.117*,4,332,2,188,2,144
D4:F5:47:82:0E:C6,ALL,udp:43902,8.8.8.8*,4,332,2,144,2,188
D4:F5:47:82:0E:C6,ALL,udp:48463,192.168.3.117*,4,377,2,216,2,161
D4:F5:47:82:0E:C6,ALL,udp:48463,8.8.8.8*,4,377,2,161,2,216
D4:F5:47:82:0E:C6,ALL,udp:46203,192.168.3.117*,4,340,2,192,2,148
D4:F5:47:82:0E:C6,ALL,udp:46203,8.8.8.8*,4,340,2,148,2,192
D4:F5:47:82:0E:C6,ALL,udp:41477,192.168.3.117*,4,340,2,192,2,148
D4:F5:47:82:0E:C6,ALL,udp:41477,8.8.8.8*,4,340,2,148,2,192
D4:F5:47:82:0E:C6,ALL,udp:55435,192.168.3.117*,4,374,2,221,2,153
D4:F5:47:82:0E:C6,ALL,udp:55435,8.8.8.8*,4,374,2,153,2,221
D4:F5:47:82:0E:C6,ALL,udp:42768,192.168.3.117*,4,340,2,192,2,148
D4:F5:47:82:0E:C6,ALL,udp:42768,8.8.8.8*,4,340,2,148,2,192
D4:F5:47:82:0E:C6,ALL,udp:48837,192.168.3.117*,4,328,2,180,2,148
D4:F5:47:82:0E:C6,ALL,udp:48837,8.8.8.8*,4,328,2,148,2,180
D4:F5:47:82:0E:C6,ALL,udp:60472,192.168.3.117*,4,352,2,204,2,148
D4:F5:47:82:0E:C6,ALL,udp:60472,8.8.8.8*,4,352,2,148,2,204
D4:F5:47:82:0E:C6,ALL,udp:49904,192.168.3.117*,4,476,2,326,2,150
D4:F5:47:82:0E:C6,ALL,udp:49904,8.8.8.8*,4,476,2,150,2,326
D4:F5:47:82:0E:C6,ALL,udp:48967,192.168.3.117*,4,328,2,180,2,148
D4:F5:47:82:0E:C6,ALL,udp:48967,8.8.8.8*,4,328,2,148,2,180
D4:F5:47:82:0E:C6,ALL,udp:41386,192.168.3.117*,4,389,2,228,2,161
D4:F5:47:82:0E:C6,ALL,udp:41386,8.8.8.8*,4,389,2,161,2,228
D4:F5:47:82:0E:C6,ALL,udp:41234,192.168.3.117*,4,352,2,204,2,148
D4:F5:47:82:0E:C6,ALL,udp:41234,8.8.8.8*,4,352,2,148,2,204
D4:F5:47:82:0E:C6,ALL,udp:50311,192.168.3.117*,4,340,2,192,2,148
D4:F5:47:82:0E:C6,ALL,udp:50311,8.8.8.8*,4,340,2,148,2,192
D4:F5:47:82:0E:C6,ALL,udp:44279,192.168.3.117*,4,340,2,192,2,148
D4:F5:47:82:0E:C6,ALL,udp:44279,8.8.8.8*,4,340,2,148,2,192
D4:F5:47:82:0E:C6,ALL,udp:54048,192.168.3.117*,4,328,2,180,2,148
D4:F5:47:82:0E:C6,ALL,udp:54048,8.8.8.8*,4,328,2,148,2,180
D4:F5:47:82:0E:C6,ALL,udp:46841,192.168.3.117*,4,476,2,326,2,150
D4:F5:47:82:0E:C6,ALL,udp:46841,8.8.8.8*,4,476,2,150,2,326
D4:F5:47:82:0E:C6,ALL,udp:37442,192.168.3.117*,4,352,2,204,2,148
D4:F5:47:82:0E:C6,ALL,udp:37442,8.8.8.8*,4,352,2,148,2,204
D4:F5:47:82:0E:C6,ALL,udp:51493,192.168.3.117*,4,340,2,192,2,148
D4:F5:47:82:0E:C6,ALL,udp:51493,8.8.8.8*,4,340,2,148,2,192
D4:F5:47:82:0E:C6,ALL,udp:60285,192.168.3.117*,4,352,2,204,2,148
D4:F5:47:82:0E:C6,ALL,udp:60285,8.8.8.8*,4,352,2,148,2,204
D4:F5:47:82:0E:C6,ALL,udp:42234,192.168.3.117*,4,476,2,326,2,150
D4:F5:47:82:0E:C6,ALL,udp:42234,8.8.8.8*,4,476,2,150,2,326
D4:F5:47:82:0E:C6,ALL,udp:59911,192.168.3.117*,4,340,2,192,2,148
D4:F5:47:82:0E:C6,ALL,udp:59911,8.8.8.8*,4,340,2,148,2,192
D4:F5:47:82:0E:C6,ALL,udp:36134,192.168.3.117*,4,620,2,452,2,168
D4:F5:47:82:0E:C6,ALL,udp:36134,8.8.8.8*,4,620,2,168,2,452
D4:F5:47:82:0E:C6,ALL,udp:55834,192.168.3.117*,4,340,2,192,2,148
D4:F5:47:82:0E:C6,ALL,udp:55834,8.8.8.8*,4,340,2,148,2,192
D4:F5:47:82:0E:C6,ALL,udp:59592,192.168.3.117*,4,392,2,240,2,152
D4:F5:47:82:0E:C6,ALL,udp:59592,8.8.8.8*,4,392,2,152,2,240
D4:F5:47:82:0E:C6,ALL,udp:50276,192.168.3.117*,4,476,2,326,2,150
D4:F5:47:82:0E:C6,ALL,udp:50276,8.8.8.8*,4,476,2,150,2,326
D4:F5:47:82:0E:C6,ALL,udp:38725,192.168.3.117*,4,352,2,204,2,148
D4:F5:47:82:0E:C6,ALL,udp:38725,8.8.8.8*,4,352,2,148,2,204
D4:F5:47:82:0E:C6,ALL,udp:47237,192.168.3.117*,4,340,2,192,2,148
D4:F5:47:82:0E:C6,ALL,udp:47237,8.8.8.8*,4,340,2,148,2,192
D4:F5:47:82:0E:C6,ALL,udp:51314,216.239.35.4,2,180,1,90,1,90
D4:F5:47:82:0E:C6,ALL,udp:51314,8.8.8.8,4,340,2,148,2,192
D4:F5:47:82:0E:C6,ALL,udp:47274,216.239.35.12,2,180,1,90,1,90
D4:F5:47:82:0E:C6,ALL,udp:47274,8.8.8.8,4,476,2,150,2,326
D4:F5:47:82:0E:C6,ALL,udp:40306,192.168.3.117*,4,340,2,192,2,148
D4:F5:47:82:0E:C6,ALL,udp:40306,8.8.8.8*,4,340,2,148,2,192
D4:F5:47:82:0E:C6,ALL,udp:48705,192.168.3.117*,4,340,2,192,2,148
D4:F5:47:82:0E:C6,ALL,udp:48705,8.8.8.8*,4,340,2,148,2,192
D4:F5:47:82:0E:C6,ALL,udp:56382,192.168.3.117*,4,340,2,192,2,148
D4:F5:47:82:0E:C6,ALL,udp:56382,8.8.8.8*,4,340,2,148,2,192
D4:F5:47:82:0E:C6,ALL,udp:48177,192.168.3.117*,4,328,2,180,2,148
D4:F5:47:82:0E:C6,ALL,udp:48177,8.8.8.8*,4,328,2,148,2,180
D4:F5:47:82:0E:C6,ALL,udp:42877,192.168.3.117*,4,340,2,192,2,148
D4:F5:47:82:0E:C6,ALL,udp:42877,8.8.8.8*,4,340,2,148,2,192
D4:F5:47:82:0E:C6,ALL,udp:49618,192.168.3.117*,4,352,2,204,2,148
D4:F5:47:82:0E:C6,ALL,udp:49618,8.8.8.8*,4,352,2,148,2,204
D4:F5:47:82:0E:C6,ALL,udp:55513,192.168.3.117*,4,340,2,192,2,148
D4:F5:47:82:0E:C6,ALL,udp:55513,8.8.8.8*,4,340,2,148,2,192
D4:F5:47:82:0E:C6,ALL,udp:59290,192.168.3.117*,4,340,2,192,2,148
D4:F5:47:82:0E:C6,ALL,udp:59290,8.8.8.8*,4,340,2,148,2,192
D4:F5:47:82:0E:C6,ALL,udp:50056,192.168.3.117*,4,328,2,180,2,148
D4:F5:47:82:0E:C6,ALL,udp:50056,8.8.8.8*,4,328,2,148,2,180
D4:F5:47:82:0E:C6,ALL,udp:52524,192.168.3.117*,4,358,2,195,2,163
D4:F5:47:82:0E:C6,ALL,udp:52524,8.8.8.8*,4,358,2,163,2,195
D4:F5:47:82:0E:C6,ALL,udp:42188,192.168.3.117*,4,340,2,192,2,148
D4:F5:47:82:0E:C6,ALL,udp:42188,8.8.8.8*,4,340,2,148,2,192
D4:F5:47:82:0E:C6,ALL,udp:48224,192.168.3.117*,4,340,2,192,2,148
D4:F5:47:82:0E:C6,ALL,udp:48224,8.8.8.8*,4,340,2,148,2,192
D4:F5:47:82:0E:C6,ALL,udp:44962,192.168.3.117*,4,328,2,180,2,148
D4:F5:47:82:0E:C6,ALL,udp:44962,8.8.8.8*,4,328,2,148,2,180
D4:F5:47:82:0E:C6,ALL,udp:60854,192.168.3.117*,4,352,2,204,2,148
D4:F5:47:82:0E:C6,ALL,udp:60854,8.8.8.8*,4,352,2,148,2,204
D4:F5:47:82:0E:C6,ALL,udp:37401,192.168.3.117*,4,358,2,195,2,163
D4:F5:47:82:0E:C6,ALL,udp:37401,8.8.8.8*,4,358,2,163,2,195
D4:F5:47:82:0E:C6,ALL,udp:37638,192.168.3.117*,4,328,2,180,2,148
D4:F5:47:82:0E:C6,ALL,udp:37638,8.8.8.8*,4,328,2,148,2,180
D4:F5:47:82:0E:C6,ALL,udp:48639,192.168.3.117*,4,476,2,326,2,150
D4:F5:47:82:0E:C6,ALL,udp:48639,8.8.8.8*,4,476,2,150,2,326
D4:F5:47:82:0E:C6,ALL,udp:42925,192.168.3.117*,4,352,2,204,2,148
D4:F5:47:82:0E:C6,ALL,udp:42925,8.8.8.8*,4,352,2,148,2,204
D4:F5:47:82:0E:C6,ALL,udp:54521,192.168.3.117*,4,352,2,204,2,148
D4:F5:47:82:0E:C6,ALL,udp:54521,8.8.8.8*,4,352,2,148,2,204
D4:F5:47:82:0E:C6,ALL,udp:56206,192.168.3.117*,4,340,2,192,2,148
D4:F5:47:82:0E:C6,ALL,udp:56206,8.8.8.8*,4,340,2,148,2,192
D4:F5:47:82:0E:C6,ALL,udp:53942,192.168.3.117*,4,340,2,192,2,148
D4:F5:47:82:0E:C6,ALL,udp:53942,8.8.8.8*,4,340,2,148,2,192
D4:F5:47:82:0E:C6,ALL,udp:55553,192.168.3.117*,4,352,2,204,2,148
D4:F5:47:82:0E:C6,ALL,udp:55553,8.8.8.8*,4,352,2,148,2,204
D4:F5:47:82:0E:C6,ALL,udp:50907,192.168.3.117*,4,476,2,326,2,150
D4:F5:47:82:0E:C6,ALL,udp:50907,8.8.8.8*,4,476,2,150,2,326
D4:F5:47:82:0E:C6,ALL,udp:58234,192.168.3.117*,4,352,2,204,2,148
D4:F5:47:82:0E:C6,ALL,udp:58234,8.8.8.8*,4,352,2,148,2,204
D4:F5:47:82:0E:C6,ALL,udp:59704,192.168.3.117*,4,352,2,204,2,148
D4:F5:47:82:0E:C6,ALL,udp:59704,8.8.8.8*,4,352,2,148,2,204
D4:F5:47:82:0E:C6,ALL,udp:53094,192.168.3.117*,4,704,2,536,2,168
D4:F5:47:82:0E:C6,ALL,udp:53094,8.8.8.8*,4,704,2,168,2,536
D4:F5:47:82:0E:C6,ALL,udp:60181,192.168.3.117*,4,340,2,192,2,148
D4:F5:47:82:0E:C6,ALL,udp:60181,8.8.8.8*,4,340,2,148,2,192
D4:F5:47:82:0E:C6,ALL,udp:47173,192.168.3.117*,4,328,2,180,2,148
D4:F5:47:82:0E:C6,ALL,udp:47173,8.8.8.8*,4,328,2,148,2,180
D4:F5:47:82:0E:C6,ALL,udp:56287,192.168.3.117*,4,340,2,192,2,148
D4:F5:47:82:0E:C6,ALL,udp:56287,8.8.8.8*,4,340,2,148,2,192
D4:F5:47:82:0E:C6,ALL,udp:45063,192.168.3.117*,4,377,2,216,2,161
D4:F5:47:82:0E:C6,ALL,udp:45063,8.8.8.8*,4,377,2,161,2,216
D4:F5:47:82:0E:C6,ALL,udp:37951,192.168.3.117*,4,328,2,180,2,148
D4:F5:47:82:0E:C6,ALL,udp:37951,8.8.8.8*,4,328,2,148,2,180
D4:F5:47:82:0E:C6,ALL,udp:35129,192.168.3.117*,4,476,2,326,2,150
D4:F5:47:82:0E:C6,ALL,udp:35129,8.8.8.8*,4,476,2,150,2,326
D4:F5:47:82:0E:C6,ALL,udp:60576,192.168.3.117*,4,340,2,192,2,148
D4:F5:47:82:0E:C6,ALL,udp:60576,8.8.8.8*,4,340,2,148,2,192
D4:F5:47:82:0E:C6,ALL,udp:33534,192.168.3.117*,4,377,2,216,2,161
D4:F5:47:82:0E:C6,ALL,udp:33534,8.8.8.8*,4,377,2,161,2,216
D4:F5:47:82:0E:C6,ALL,udp:42914,192.168.3.117*,4,340,2,192,2,148
D4:F5:47:82:0E:C6,ALL,udp:42914,8.8.8.8*,4,340,2,148,2,192
D4:F5:47:82:0E:C6,ALL,udp:56894,192.168.3.117*,4,328,2,180,2,148
D4:F5:47:82:0E:C6,ALL,udp:56894,8.8.8.8*,4,328,2,148,2,180
D4:F5:47:82:0E:C6,ALL,udp:59505,192.168.3.117*,4,340,2,192,2,148
D4:F5:47:82:0E:C6,ALL,udp:59505,8.8.8.8*,4,340,2,148,2,192
D4:F5:47:82:0E:C6,ALL,udp:51523,192.168.3.117*,4,328,2,180,2,148
D4:F5:47:82:0E:C6,ALL,udp:51523,8.8.8.8*,4,328,2,148,2,180
D4:F5:47:82:0E:C6,ALL,udp:46151,192.168.3.117*,4,352,2,204,2,148
D4:F5:47:82:0E:C6,ALL,udp:46151,8.8.8.8*,4,352,2,148,2,204
D4:F5:47:82:0E:C6,ALL,udp:57140,192.168.3.117*,4,352,2,204,2,148
D4:F5:47:82:0E:C6,ALL,udp:57140,8.8.8.8*,4,352,2,148,2,204
D4:F5:47:82:0E:C6,ALL,udp:46852,192.168.3.117*,4,328,2,180,2,148
D4:F5:47:82:0E:C6,ALL,udp:46852,8.8.8.8*,4,328,2,148,2,180
D4:F5:47:82:0E:C6,ALL,udp:38498,192.168.3.117*,4,340,2,192,2,148
D4:F5:47:82:0E:C6,ALL,udp:38498,8.8.8.8*,4,340,2,148,2,192
D4:F5:47:82:0E:C6,ALL,udp:50164,192.168.3.117*,4,352,2,204,2,148
D4:F5:47:82:0E:C6,ALL,udp:50164,8.8.8.8*,4,352,2,148,2,204
D4:F5:47:82:0E:C6,ALL,udp:46843,192.168.3.117*,4,340,2,192,2,148
D4:F5:47:82:0E:C6,ALL,udp:46843,8.8.8.8*,4,340,2,148,2,192
D4:F5:47:82:0E:C6,ALL,udp:55212,192.168.3.117*,4,340,2,192,2,148
D4:F5:47:82:0E:C6,ALL,udp:55212,8.8.8.8*,4,340,2,148,2,192
D4:F5:47:82:0E:C6,ALL,udp:35678,192.168.3.117*,4,476,2,326,2,150
D4:F5:47:82:0E:C6,ALL,udp:35678,8.8.8.8*,4,476,2,150,2,326
D4:F5:47:82:0E:C6,ALL,udp:39831,216.239.35.12,2,180,1,90,1,90
D4:F5:47:82:0E:C6,ALL,udp:39831,8.8.8.8,4,340,2,148,2,192
D4:F5:47:82:0E:C6,ALL,udp:59520,192.168.3.117*,4,328,2,180,2,148
D4:F5:47:82:0E:C6,ALL,udp:59520,8.8.8.8*,4,328,2,148,2,180
D4:F5:47:82:0E:C6,ALL,udp:45025,192.168.3.117*,4,340,2,192,2,148
D4:F5:47:82:0E:C6,ALL,udp:45025,8.8.8.8*,4,340,2,148,2,192
D4:F5:47:82:0E:C6,ALL,udp:39588,192.168.3.117*,4,340,2,192,2,148
D4:F5:47:82:0E:C6,ALL,udp:39588,8.8.8.8*,4,340,2,148,2,192
D4:F5:47:82:0E:C6,ALL,udp:47818,192.168.3.117*,4,328,2,180,2,148
D4:F5:47:82:0E:C6,ALL,udp:47818,8.8.8.8*,4,328,2,148,2,180
D4:F5:47:82:0E:C6,ALL,udp:55710,192.168.3.117*,4,362,2,209,2,153
D4:F5:47:82:0E:C6,ALL,udp:55710,8.8.8.8*,4,362,2,153,2,209
D4:F5:47:82:0E:C6,ALL,udp:47115,192.168.3.117*,4,352,2,204,2,148
D4:F5:47:82:0E:C6,ALL,udp:47115,8.8.8.8*,4,352,2,148,2,204
D4:F5:47:82:0E:C6,ALL,udp:45999,192.168.3.117*,4,374,2,221,2,153
D4:F5:47:82:0E:C6,ALL,udp:45999,8.8.8.8*,4,374,2,153,2,221
D4:F5:47:82:0E:C6,ALL,udp:35235,192.168.3.117*,4,340,2,192,2,148
D4:F5:47:82:0E:C6,ALL,udp:35235,8.8.8.8*,4,340,2,148,2,192
D4:F5:47:82:0E:C6,ALL,udp:43362,192.168.3.117*,4,328,2,180,2,148
D4:F5:47:82:0E:C6,ALL,udp:43362,8.8.8.8*,4,328,2,148,2,180
D4:F5:47:82:0E:C6,ALL,udp:51301,192.168.3.117*,4,340,2,192,2,148
D4:F5:47:82:0E:C6,ALL,udp:51301,8.8.8.8*,4,340,2,148,2,192
D4:F5:47:82:0E:C6,ALL,udp:41652,192.168.3.117*,4,340,2,192,2,148
D4:F5:47:82:0E:C6,ALL,udp:41652,8.8.8.8*,4,340,2,148,2,192
D4:F5:47:82:0E:C6,ALL,udp:44584,192.168.3.117*,4,328,2,180,2,148
D4:F5:47:82:0E:C6,ALL,udp:44584,8.8.8.8*,4,328,2,148,2,180
D4:F5:47:82:0E:C6,ALL,udp:59256,192.168.3.117*,4,328,2,180,2,148
D4:F5:47:82:0E:C6,ALL,udp:59256,8.8.8.8*,4,328,2,148,2,180
D4:F5:47:82:0E:C6,ALL,udp:37012,192.168.3.117*,4,328,2,180,2,148
D4:F5:47:82:0E:C6,ALL,udp:37012,8.8.8.8*,4,328,2,148,2,180
D4:F5:47:82:0E:C6,ALL,udp:39754,192.168.3.117*,4,328,2,180,2,148
D4:F5:47:82:0E:C6,ALL,udp:39754,8.8.8.8*,4,328,2,148,2,180
D4:F5:47:82:0E:C6,ALL,udp:45586,192.168.3.117*,4,340,2,192,2,148
D4:F5:47:82:0E:C6,ALL,udp:45586,8.8.8.8*,4,340,2,148,2,192
D4:F5:47:82:0E:C6,ALL,udp:54950,192.168.3.117*,4,340,2,192,2,148
D4:F5:47:82:0E:C6,ALL,udp:54950,8.8.8.8*,4,340,2,148,2,192
D4:F5:47:82:0E:C6,ALL,udp:40786,192.168.3.117*,2,164,1,90,1,74
D4:F5:47:82:0E:C6,ALL,udp:40786,8.8.8.8*,2,164,1,74,1,90
D4:F5:47:82:0E:C6,ALL,udp:51513,192.168.3.117*,4,340,2,192,2,148
D4:F5:47:82:0E:C6,ALL,udp:51513,8.8.8.8*,4,340,2,148,2,192
D4:F5:47:82:0E:C6,ALL,udp:45826,192.168.3.117*,4,352,2,204,2,148
D4:F5:47:82:0E:C6,ALL,udp:45826,8.8.8.8*,4,352,2,148,2,204
D4:F5:47:82:0E:C6,ALL,udp:35149,192.168.3.117*,4,328,2,180,2,148
D4:F5:47:82:0E:C6,ALL,udp:35149,8.8.8.8*,4,328,2,148,2,180
D4:F5:47:82:0E:C6,ALL,udp:43775,192.168.3.117*,4,340,2,192,2,148
D4:F5:47:82:0E:C6,ALL,udp:43775,8.8.8.8*,4,340,2,148,2,192
D4:F5:47:82:0E:C6,ALL,udp:36705,192.168.3.117*,4,328,2,180,2,148
D4:F5:47:82:0E:C6,ALL,udp:36705,8.8.8.8*,4,328,2,148,2,180
D4:F5:47:82:0E:C6,ALL,udp:44734,192.168.3.117*,4,328,2,180,2,148
D4:F5:47:82:0E:C6,ALL,udp:44734,8.8.8.8*,4,328,2,148,2,180
D4:F5:47:82:0E:C6,ALL,udp:44014,192.168.3.117*,4,492,2,334,2,158
D4:F5:47:82:0E:C6,ALL,udp:44014,8.8.8.8*,4,492,2,158,2,334
D4:F5:47:82:0E:C6,ALL,udp:48342,192.168.3.117*,4,361,2,211,2,150
D4:F5:47:82:0E:C6,ALL,udp:48342,8.8.8.8*,4,361,2,150,2,211
D4:F5:47:82:0E:C6,ALL,udp:48208,192.168.3.117*,4,352,2,204,2,148
D4:F5:47:82:0E:C6,ALL,udp:48208,8.8.8.8*,4,352,2,148,2,204
D4:F5:47:82:0E:C6,ALL,udp:59201,192.168.3.117*,4,736,2,552,2,184
D4:F5:47:82:0E:C6,ALL,udp:59201,8.8.8.8*,4,736,2,184,2,552
D4:F5:47:82:0E:C6,ALL,udp:34453,192.168.3.117*,4,704,2,536,2,168
D4:F5:47:82:0E:C6,ALL,udp:34453,8.8.8.8*,4,704,2,168,2,536
D4:F5:47:82:0E:C6,ALL,udp:59563,192.168.3.117*,4,328,2,180,2,148
D4:F5:47:82:0E:C6,ALL,udp:59563,8.8.8.8*,4,328,2,148,2,180
D4:F5:47:82:0E:C6,ALL,udp:36335,192.168.3.117*,4,389,2,228,2,161
D4:F5:47:82:0E:C6,ALL,udp:36335,8.8.8.8*,4,389,2,161,2,228
D4:F5:47:82:0E:C6,ALL,udp:35560,192.168.3.117*,4,328,2,180,2,148
D4:F5:47:82:0E:C6,ALL,udp:35560,8.8.8.8*,4,328,2,148,2,180
D4:F5:47:82:0E:C6,ALL,udp:59997,192.168.3.117*,4,328,2,180,2,148
D4:F5:47:82:0E:C6,ALL,udp:59997,8.8.8.8*,4,328,2,148,2,180
D4:F5:47:82:0E:C6,ALL,udp:38007,192.168.3.117*,4,328,2,180,2,148
D4:F5:47:82:0E:C6,ALL,udp:38007,8.8.8.8*,4,328,2,148,2,180
D4:F5:47:82:0E:C6,ALL,udp:42345,192.168.3.117*,4,340,2,192,2,148
D4:F5:47:82:0E:C6,ALL,udp:42345,8.8.8.8*,4,340,2,148,2,192
D4:F5:47:82:0E:C6,ALL,udp:34349,192.168.3.117*,4,476,2,326,2,150
D4:F5:47:82:0E:C6,ALL,udp:34349,8.8.8.8*,4,476,2,150,2,326
D4:F5:47:82:0E:C6,ALL,udp:37815,192.168.3.117*,4,328,2,180,2,148
D4:F5:47:82:0E:C6,ALL,udp:37815,8.8.8.8*,4,328,2,148,2,180
D4:F5:47:82:0E:C6,ALL,udp:53521,192.168.3.117*,4,340,2,192,2,148
D4:F5:47:82:0E:C6,ALL,udp:53521,8.8.8.8*,4,340,2,148,2,192
D4:F5:47:82:0E:C6,ALL,udp:52387,192.168.3.117*,4,340,2,192,2,148
D4:F5:47:82:0E:C6,ALL,udp:52387,8.8.8.8*,4,340,2,148,2,192
D4:F5:47:82:0E:C6,ALL,udp:43508,216.239.35.12,2,180,1,90,1,90
D4:F5:47:82:0E:C6,ALL,udp:43508,8.8.8.8,4,340,2,148,2,192
D4:F5:47:82:0E:C6,ALL,udp:35566,192.168.3.117*,4,340,2,192,2,148
D4:F5:47:82:0E:C6,ALL,udp:35566,8.8.8.8*,4,340,2,148,2,192
D4:F5:47:82:0E:C6,ALL,udp:34519,192.168.3.117*,4,340,2,192,2,148
D4:F5:47:82:0E:C6,ALL,udp:34519,8.8.8.8*,4,340,2,148,2,192
D4:F5:47:82:0E:C6,ALL,udp:42307,172.217.165.142*,25,12662,15,9443,10,3219
D4:F5:47:82:0E:C6,ALL,udp:42307,8.8.8.8*,4,340,2,148,2,192
D4:F5:47:82:0E:C6,ALL,udp:58380,192.168.3.117*,4,340,2,192,2,148
D4:F5:47:82:0E:C6,ALL,udp:58380,8.8.8.8*,4,340,2,148,2,192
D4:F5:47:82:0E:C6,ALL,udp:39422,192.168.3.117*,4,352,2,204,2,148
D4:F5:47:82:0E:C6,ALL,udp:39422,8.8.8.8*,4,352,2,148,2,204
D4:F5:47:82:0E:C6,ALL,udp:47927,192.168.3.117*,4,328,2,180,2,148
D4:F5:47:82:0E:C6,ALL,udp:47927,8.8.8.8*,4,328,2,148,2,180
D4:F5:47:82:0E:C6,ALL,udp:51660,192.168.3.117*,4,340,2,192,2,148
D4:F5:47:82:0E:C6,ALL,udp:51660,8.8.8.8*,4,340,2,148,2,192
D4:F5:47:82:0E:C6,ALL,udp:34206,192.168.3.117*,4,328,2,180,2,148
D4:F5:47:82:0E:C6,ALL,udp:34206,8.8.8.8*,4,328,2,148,2,180
D4:F5:47:82:0E:C6,ALL,udp:57515,192.168.3.117*,4,340,2,192,2,148
D4:F5:47:82:0E:C6,ALL,udp:57515,8.8.8.8*,4,340,2,148,2,192
D4:F5:47:82:0E:C6,ALL,udp:34561,192.168.3.117*,4,328,2,180,2,148
D4:F5:47:82:0E:C6,ALL,udp:34561,8.8.8.8*,4,328,2,148,2,180
D4:F5:47:82:0E:C6,ALL,udp:40581,192.168.3.117*,4,340,2,192,2,148
D4:F5:47:82:0E:C6,ALL,udp:40581,8.8.8.8*,4,340,2,148,2,192
D4:F5:47:82:0E:C6,ALL,udp:42584,192.168.3.117*,4,340,2,192,2,148
D4:F5:47:82:0E:C6,ALL,udp:42584,8.8.8.8*,4,340,2,148,2,192
D4:F5:47:82:0E:C6,ALL,udp:43279,192.168.3.117*,4,476,2,326,2,150
D4:F5:47:82:0E:C6,ALL,udp:43279,8.8.8.8*,4,476,2,150,2,326
D4:F5:47:82:0E:C6,ALL,udp:58269,192.168.3.117*,4,340,2,192,2,148
D4:F5:47:82:0E:C6,ALL,udp:58269,8.8.8.8*,4,340,2,148,2,192
D4:F5:47:82:0E:C6,ALL,udp:39703,192.168.3.117*,4,340,2,192,2,148
D4:F5:47:82:0E:C6,ALL,udp:39703,8.8.8.8*,4,340,2,148,2,192
D4:F5:47:82:0E:C6,ALL,udp:56223,192.168.3.117*,4,328,2,180,2,148
D4:F5:47:82:0E:C6,ALL,udp:56223,8.8.8.8*,4,328,2,148,2,180
D4:F5:47:82:0E:C6,ALL,udp:56918,192.168.3.117*,4,476,2,326,2,150
D4:F5:47:82:0E:C6,ALL,udp:56918,8.8.8.8*,4,476,2,150,2,326
D4:F5:47:82:0E:C6,ALL,udp:51350,192.168.3.117*,4,389,2,228,2,161
D4:F5:47:82:0E:C6,ALL,udp:51350,8.8.8.8*,4,389,2,161,2,228
D4:F5:47:82:0E:C6,ALL,udp:33734,192.168.3.117*,4,340,2,192,2,148
D4:F5:47:82:0E:C6,ALL,udp:33734,8.8.8.8*,4,340,2,148,2,192
D4:F5:47:82:0E:C6,ALL,udp:40831,192.168.3.117*,4,340,2,192,2,148
D4:F5:47:82:0E:C6,ALL,udp:40831,8.8.8.8*,4,340,2,148,2,192
D4:F5:47:82:0E:C6,ALL,udp:50057,192.168.3.117*,4,340,2,192,2,148
D4:F5:47:82:0E:C6,ALL,udp:50057,8.8.8.8*,4,340,2,148,2,192
D4:F5:47:82:0E:C6,ALL,udp:44607,192.168.3.117*,4,340,2,192,2,148
D4:F5:47:82:0E:C6,ALL,udp:44607,8.8.8.8*,4,340,2,148,2,192
D4:F5:47:82:0E:C6,ALL,udp:38671,192.168.3.117*,4,328,2,180,2,148
D4:F5:47:82:0E:C6,ALL,udp:38671,8.8.8.8*,4,328,2,148,2,180
D4:F5:47:82:0E:C6,ALL,udp:60841,192.168.3.117*,4,352,2,204,2,148
D4:F5:47:82:0E:C6,ALL,udp:60841,8.8.8.8*,4,352,2,148,2,204
D4:F5:47:82:0E:C6,ALL,udp:54168,192.168.3.117*,4,476,2,326,2,150
D4:F5:47:82:0E:C6,ALL,udp:54168,8.8.8.8*,4,476,2,150,2,326
D4:F5:47:82:0E:C6,ALL,udp:58321,192.168.3.117*,4,328,2,180,2,148
D4:F5:47:82:0E:C6,ALL,udp:58321,8.8.8.8*,4,328,2,148,2,180
D4:F5:47:82:0E:C6,ALL,udp:51604,192.168.3.117*,4,328,2,180,2,148
D4:F5:47:82:0E:C6,ALL,udp:51604,8.8.8.8*,4,328,2,148,2,180
D4:F5:47:82:0E:C6,ALL,udp:55878,192.168.3.117*,4,352,2,204,2,148
D4:F5:47:82:0E:C6,ALL,udp:55878,8.8.8.8*,4,352,2,148,2,204
D4:F5:47:82:0E:C6,ALL,udp:57462,192.168.3.117*,4,352,2,204,2,148
D4:F5:47:82:0E:C6,ALL,udp:57462,8.8.8.8*,4,352,2,148,2,204
D4:F5:47:82:0E:C6,ALL,udp:49015,192.168.3.117*,4,352,2,204,2,148
D4:F5:47:82:0E:C6,ALL,udp:49015,8.8.8.8*,4,352,2,148,2,204
D4:F5:47:82:0E:C6,ALL,udp:57094,192.168.3.117*,4,476,2,326,2,150
D4:F5:47:82:0E:C6,ALL,udp:57094,8.8.8.8*,4,476,2,150,2,326
D4:F5:47:82:0E:C6,ALL,udp:60127,192.168.3.117*,4,340,2,192,2,148
D4:F5:47:82:0E:C6,ALL,udp:60127,8.8.8.8*,4,340,2,148,2,192
D4:F5:47:82:0E:C6,ALL,udp:41064,192.168.3.117*,4,328,2,180,2,148
D4:F5:47:82:0E:C6,ALL,udp:41064,8.8.8.8*,4,328,2,148,2,180
D4:F5:47:82:0E:C6,ALL,udp:53779,192.168.3.117*,4,374,2,221,2,153
D4:F5:47:82:0E:C6,ALL,udp:53779,8.8.8.8*,4,374,2,153,2,221
D4:F5:47:82:0E:C6,ALL,udp:32808,192.168.3.117*,4,352,2,204,2,148
D4:F5:47:82:0E:C6,ALL,udp:32808,8.8.8.8*,4,352,2,148,2,204
D4:F5:47:82:0E:C6,ALL,udp:46000,192.168.3.117*,4,476,2,326,2,150
D4:F5:47:82:0E:C6,ALL,udp:46000,8.8.8.8*,4,476,2,150,2,326
D4:F5:47:82:0E:C6,ALL,udp:40074,142.251.32.110*,20,10874,12,7360,8,3514
D4:F5:47:82:0E:C6,ALL,udp:40074,8.8.8.8*,4,328,2,148,2,180
D4:F5:47:82:0E:C6,ALL,udp:44140,192.168.3.117*,4,374,2,221,2,153
D4:F5:47:82:0E:C6,ALL,udp:44140,8.8.8.8*,4,374,2,153,2,221
D4:F5:47:82:0E:C6,ALL,udp:44507,192.168.3.117*,4,328,2,180,2,148
D4:F5:47:82:0E:C6,ALL,udp:44507,8.8.8.8*,4,328,2,148,2,180
D4:F5:47:82:0E:C6,ALL,udp:45263,192.168.3.117*,4,340,2,192,2,148
D4:F5:47:82:0E:C6,ALL,udp:45263,8.8.8.8*,4,340,2,148,2,192
D4:F5:47:82:0E:C6,ALL,udp:56629,192.168.3.117*,4,704,2,536,2,168
D4:F5:47:82:0E:C6,ALL,udp:56629,8.8.8.8*,4,704,2,168,2,536
D4:F5:47:82:0E:C6,ALL,udp:51641,192.168.3.117*,4,352,2,204,2,148
D4:F5:47:82:0E:C6,ALL,udp:51641,8.8.8.8*,4,352,2,148,2,204
D4:F5:47:82:0E:C6,ALL,udp:60827,192.168.3.117*,4,340,2,192,2,148
D4:F5:47:82:0E:C6,ALL,udp:60827,8.8.8.8*,4,340,2,148,2,192
D4:F5:47:82:0E:C6,ALL,udp:44660,192.168.3.117*,4,340,2,192,2,148
D4:F5:47:82:0E:C6,ALL,udp:44660,8.8.8.8*,4,340,2,148,2,192
D4:F5:47:82:0E:C6,ALL,udp:51950,192.168.3.117*,4,476,2,326,2,150
D4:F5:47:82:0E:C6,ALL,udp:51950,8.8.8.8*,4,476,2,150,2,326
D4:F5:47:82:0E:C6,ALL,udp:58769,192.168.3.117*,4,352,2,204,2,148
D4:F5:47:82:0E:C6,ALL,udp:58769,8.8.8.8*,4,352,2,148,2,204
D4:F5:47:82:0E:C6,ALL,udp:60176,192.168.3.117*,4,340,2,192,2,148
D4:F5:47:82:0E:C6,ALL,udp:60176,8.8.8.8*,4,340,2,148,2,192
D4:F5:47:82:0E:C6,ALL,udp:54275,192.168.3.117*,4,340,2,192,2,148
D4:F5:47:82:0E:C6,ALL,udp:54275,8.8.8.8*,4,340,2,148,2,192
D4:F5:47:82:0E:C6,ALL,udp:35600,192.168.3.117*,4,340,2,192,2,148
D4:F5:47:82:0E:C6,ALL,udp:35600,8.8.8.8*,4,340,2,148,2,192
D4:F5:47:82:0E:C6,ALL,udp:60955,192.168.3.117*,4,352,2,204,2,148
D4:F5:47:82:0E:C6,ALL,udp:60955,8.8.8.8*,4,352,2,148,2,204
D4:F5:47:82:0E:C6,ALL,udp:50713,192.168.3.117*,4,352,2,204,2,148
D4:F5:47:82:0E:C6,ALL,udp:50713,8.8.8.8*,4,352,2,148,2,204
D4:F5:47:82:0E:C6,ALL,udp:38442,192.168.3.117*,4,476,2,326,2,150
D4:F5:47:82:0E:C6,ALL,udp:38442,8.8.8.8*,4,476,2,150,2,326
D4:F5:47:82:0E:C6,ALL,udp:52361,192.168.3.117*,4,374,2,221,2,153
D4:F5:47:82:0E:C6,ALL,udp:52361,8.8.8.8*,4,374,2,153,2,221
D4:F5:47:82:0E:C6,ALL,udp:36497,192.168.3.117*,4,328,2,180,2,148
D4:F5:47:82:0E:C6,ALL,udp:36497,8.8.8.8*,4,328,2,148,2,180
D4:F5:47:82:0E:C6,ALL,udp:56548,192.168.3.117*,4,340,2,192,2,148
D4:F5:47:82:0E:C6,ALL,udp:56548,8.8.8.8*,4,340,2,148,2,192
D4:F5:47:82:0E:C6,ALL,udp:37285,192.168.3.117*,4,328,2,180,2,148
D4:F5:47:82:0E:C6,ALL,udp:37285,8.8.8.8*,4,328,2,148,2,180
D4:F5:47:82:0E:C6,ALL,udp:55715,192.168.3.117*,4,352,2,204,2,148
D4:F5:47:82:0E:C6,ALL,udp:55715,8.8.8.8*,4,352,2,148,2,204
D4:F5:47:82:0E:C6,ALL,udp:46553,192.168.3.117*,4,340,2,192,2,148
D4:F5:47:82:0E:C6,ALL,udp:46553,8.8.8.8*,4,340,2,148,2,192
D4:F5:47:82:0E:C6,ALL,udp:55572,192.168.3.117*,4,374,2,221,2,153
D4:F5:47:82:0E:C6,ALL,udp:55572,8.8.8.8*,4,374,2,153,2,221
D4:F5:47:82:0E:C6,ALL,udp:50330,192.168.3.117*,4,340,2,192,2,148
D4:F5:47:82:0E:C6,ALL,udp:50330,8.8.8.8*,4,340,2,148,2,192
D4:F5:47:82:0E:C6,ALL,udp:56581,192.168.3.117*,4,340,2,192,2,148
D4:F5:47:82:0E:C6,ALL,udp:56581,8.8.8.8*,4,340,2,148,2,192
D4:F5:47:82:0E:C6,ALL,udp:44483,192.168.3.117*,4,362,2,209,2,153
D4:F5:47:82:0E:C6,ALL,udp:44483,8.8.8.8*,4,362,2,153,2,209
D4:F5:47:82:0E:C6,ALL,udp:59770,192.168.3.117*,4,352,2,204,2,148
D4:F5:47:82:0E:C6,ALL,udp:59770,8.8.8.8*,4,352,2,148,2,204
D4:F5:47:82:0E:C6,ALL,udp:54169,216.239.35.0,2,180,1,90,1,90
D4:F5:47:82:0E:C6,ALL,udp:54169,8.8.8.8,4,476,2,150,2,326
D4:F5:47:82:0E:C6,ALL,udp:34858,192.168.3.117*,4,340,2,192,2,148
D4:F5:47:82:0E:C6,ALL,udp:34858,8.8.8.8*,4,340,2,148,2,192
D4:F5:47:82:0E:C6,ALL,udp:57886,192.168.3.117*,4,476,2,326,2,150
D4:F5:47:82:0E:C6,ALL,udp:57886,8.8.8.8*,4,476,2,150,2,326
D4:F5:47:82:0E:C6,ALL,udp:51434,192.168.3.117*,4,328,2,180,2,148
D4:F5:47:82:0E:C6,ALL,udp:51434,8.8.8.8*,4,328,2,148,2,180
D4:F5:47:82:0E:C6,ALL,udp:45836,192.168.3.117*,4,352,2,204,2,148
D4:F5:47:82:0E:C6,ALL,udp:45836,8.8.8.8*,4,352,2,148,2,204
D4:F5:47:82:0E:C6,ALL,udp:48233,192.168.3.117*,4,340,2,192,2,148
D4:F5:47:82:0E:C6,ALL,udp:48233,8.8.8.8*,4,340,2,148,2,192
D4:F5:47:82:0E:C6,ALL,udp:58633,216.239.35.8,2,180,1,90,1,90
D4:F5:47:82:0E:C6,ALL,udp:58633,8.8.8.8,4,340,2,148,2,192
D4:F5:47:82:0E:C6,ALL,udp:58347,192.168.3.117*,4,328,2,180,2,148
D4:F5:47:82:0E:C6,ALL,udp:58347,8.8.8.8*,4,328,2,148,2,180
D4:F5:47:82:0E:C6,ALL,udp:58052,192.168.3.117*,4,352,2,204,2,148
D4:F5:47:82:0E:C6,ALL,udp:58052,8.8.8.8*,4,352,2,148,2,204
D4:F5:47:82:0E:C6,ALL,udp:58579,192.168.3.117*,4,476,2,326,2,150
D4:F5:47:82:0E:C6,ALL,udp:58579,8.8.8.8*,4,476,2,150,2,326
D4:F5:47:82:0E:C6,ALL,udp:44863,192.168.3.117*,4,340,2,192,2,148
D4:F5:47:82:0E:C6,ALL,udp:44863,8.8.8.8*,4,340,2,148,2,192
D4:F5:47:82:0E:C6,ALL,udp:44113,192.168.3.117*,4,340,2,192,2,148
D4:F5:47:82:0E:C6,ALL,udp:44113,8.8.8.8*,4,340,2,148,2,192
D4:F5:47:82:0E:C6,ALL,udp:54374,192.168.3.117*,4,352,2,204,2,148
D4:F5:47:82:0E:C6,ALL,udp:54374,8.8.8.8*,4,352,2,148,2,204
D4:F5:47:82:0E:C6,ALL,udp:36006,192.168.3.117*,4,340,2,192,2,148
D4:F5:47:82:0E:C6,ALL,udp:36006,8.8.8.8*,4,340,2,148,2,192
D4:F5:47:82:0E:C6,ALL,udp:33022,192.168.3.117*,4,340,2,192,2,148
D4:F5:47:82:0E:C6,ALL,udp:33022,8.8.8.8*,4,340,2,148,2,192
D4:F5:47:82:0E:C6,ALL,udp:33802,192.168.3.117*,4,389,2,228,2,161
D4:F5:47:82:0E:C6,ALL,udp:33802,8.8.8.8*,4,389,2,161,2,228
D4:F5:47:82:0E:C6,ALL,udp:45355,192.168.3.117*,4,340,2,192,2,148
D4:F5:47:82:0E:C6,ALL,udp:45355,8.8.8.8*,4,340,2,148,2,192
D4:F5:47:82:0E:C6,ALL,udp:57169,192.168.3.117*,4,476,2,326,2,150
D4:F5:47:82:0E:C6,ALL,udp:57169,8.8.8.8*,4,476,2,150,2,326
D4:F5:47:82:0E:C6,ALL,udp:38711,192.168.3.117*,4,680,2,524,2,156
D4:F5:47:82:0E:C6,ALL,udp:38711,8.8.8.8*,4,680,2,156,2,524
D4:F5:47:82:0E:C6,ALL,udp:39686,192.168.3.117*,4,340,2,192,2,148
D4:F5:47:82:0E:C6,ALL,udp:39686,8.8.8.8*,4,340,2,148,2,192
D4:F5:47:82:0E:C6,ALL,udp:37604,192.168.3.117*,4,340,2,192,2,148
D4:F5:47:82:0E:C6,ALL,udp:37604,8.8.8.8*,4,340,2,148,2,192
D4:F5:47:82:0E:C6,ALL,udp:53823,192.168.3.117*,4,352,2,204,2,148
D4:F5:47:82:0E:C6,ALL,udp:53823,8.8.8.8*,4,352,2,148,2,204
D4:F5:47:82:0E:C6,ALL,udp:38750,192.168.3.117*,4,328,2,180,2,148
D4:F5:47:82:0E:C6,ALL,udp:38750,8.8.8.8*,4,328,2,148,2,180
D4:F5:47:82:0E:C6,ALL,udp:51419,192.168.3.117*,4,328,2,180,2,148
D4:F5:47:82:0E:C6,ALL,udp:51419,8.8.8.8*,4,328,2,148,2,180
D4:F5:47:82:0E:C6,ALL,udp:48849,192.168.3.117*,4,476,2,326,2,150
D4:F5:47:82:0E:C6,ALL,udp:48849,8.8.8.8*,4,476,2,150,2,326
D4:F5:47:82:0E:C6,ALL,udp:41108,192.168.3.117*,4,328,2,180,2,148
D4:F5:47:82:0E:C6,ALL,udp:41108,8.8.8.8*,4,328,2,148,2,180
D4:F5:47:82:0E:C6,ALL,udp:33262,192.168.3.117*,4,340,2,192,2,148
D4:F5:47:82:0E:C6,ALL,udp:33262,8.8.8.8*,4,340,2,148,2,192
D4:F5:47:82:0E:C6,ALL,udp:53859,192.168.3.117*,4,352,2,204,2,148
D4:F5:47:82:0E:C6,ALL,udp:53859,8.8.8.8*,4,352,2,148,2,204
D4:F5:47:82:0E:C6,ALL,udp:60589,216.239.35.12,2,180,1,90,1,90
D4:F5:47:82:0E:C6,ALL,udp:60589,8.8.8.8,4,328,2,148,2,180
D4:F5:47:82:0E:C6,ALL,udp:56679,192.168.3.117*,4,340,2,192,2,148
D4:F5:47:82:0E:C6,ALL,udp:56679,8.8.8.8*,4,340,2,148,2,192
D4:F5:47:82:0E:C6,ALL,udp:39319,192.168.3.117*,4,352,2,204,2,148
D4:F5:47:82:0E:C6,ALL,udp:39319,8.8.8.8*,4,352,2,148,2,204
D4:F5:47:82:0E:C6,ALL,udp:48302,192.168.3.117*,4,328,2,180,2,148
D4:F5:47:82:0E:C6,ALL,udp:48302,8.8.8.8*,4,328,2,148,2,180
D4:F5:47:82:0E:C6,ALL,udp:51228,192.168.3.117*,4,340,2,192,2,148
D4:F5:47:82:0E:C6,ALL,udp:51228,8.8.8.8*,4,340,2,148,2,192
D4:F5:47:82:0E:C6,ALL,udp:59943,192.168.3.117*,4,476,2,326,2,150
D4:F5:47:82:0E:C6,ALL,udp:59943,8.8.8.8*,4,476,2,150,2,326
D4:F5:47:82:0E:C6,ALL,udp:44130,192.168.3.117*,4,352,2,204,2,148
D4:F5:47:82:0E:C6,ALL,udp:44130,8.8.8.8*,4,352,2,148,2,204
D4:F5:47:82:0E:C6,ALL,udp:39720,192.168.3.117*,4,352,2,204,2,148
D4:F5:47:82:0E:C6,ALL,udp:39720,8.8.8.8*,4,352,2,148,2,204
D4:F5:47:82:0E:C6,ALL,udp:49014,192.168.3.117*,4,374,2,221,2,153
D4:F5:47:82:0E:C6,ALL,udp:49014,8.8.8.8*,4,374,2,153,2,221
D4:F5:47:82:0E:C6,ALL,udp:52798,192.168.3.117*,4,736,2,552,2,184
D4:F5:47:82:0E:C6,ALL,udp:52798,8.8.8.8*,4,736,2,184,2,552
D4:F5:47:82:0E:C6,ALL,udp:57561,192.168.3.117*,4,328,2,180,2,148
D4:F5:47:82:0E:C6,ALL,udp:57561,8.8.8.8*,4,328,2,148,2,180
D4:F5:47:82:0E:C6,ALL,udp:57766,192.168.3.117*,4,340,2,192,2,148
D4:F5:47:82:0E:C6,ALL,udp:57766,8.8.8.8*,4,340,2,148,2,192
D4:F5:47:82:0E:C6,ALL,udp:34497,192.168.3.117*,4,340,2,192,2,148
D4:F5:47:82:0E:C6,ALL,udp:34497,8.8.8.8*,4,340,2,148,2,192
D4:F5:47:82:0E:C6,ALL,udp:37729,192.168.3.117*,4,377,2,216,2,161
D4:F5:47:82:0E:C6,ALL,udp:37729,8.8.8.8*,4,377,2,161,2,216
D4:F5:47:82:0E:C6,ALL,udp:51061,192.168.3.117*,4,328,2,180,2,148
D4:F5:47:82:0E:C6,ALL,udp:51061,8.8.8.8*,4,328,2,148,2,180
D4:F5:47:82:0E:C6,ALL,udp:45721,192.168.3.117*,4,476,2,326,2,150
D4:F5:47:82:0E:C6,ALL,udp:45721,8.8.8.8*,4,476,2,150,2,326
D4:F5:47:82:0E:C6,ALL,udp:53686,192.168.3.117*,4,352,2,204,2,148
D4:F5:47:82:0E:C6,ALL,udp:53686,8.8.8.8*,4,352,2,148,2,204
D4:F5:47:82:0E:C6,ALL,udp:47977,192.168.3.117*,4,340,2,192,2,148
D4:F5:47:82:0E:C6,ALL,udp:47977,8.8.8.8*,4,340,2,148,2,192
D4:F5:47:82:0E:C6,ALL,udp:38174,192.168.3.117*,4,328,2,180,2,148
D4:F5:47:82:0E:C6,ALL,udp:38174,8.8.8.8*,4,328,2,148,2,180
D4:F5:47:82:0E:C6,ALL,udp:56367,192.168.3.117*,4,340,2,192,2,148
D4:F5:47:82:0E:C6,ALL,udp:56367,8.8.8.8*,4,340,2,148,2,192
D4:F5:47:82:0E:C6,ALL,udp:42762,192.168.3.117*,4,340,2,192,2,148
D4:F5:47:82:0E:C6,ALL,udp:42762,8.8.8.8*,4,340,2,148,2,192
D4:F5:47:82:0E:C6,ALL,udp:49719,192.168.3.117*,4,328,2,180,2,148
D4:F5:47:82:0E:C6,ALL,udp:49719,8.8.8.8*,4,328,2,148,2,180
D4:F5:47:82:0E:C6,ALL,udp:49789,192.168.3.117*,4,352,2,204,2,148
D4:F5:47:82:0E:C6,ALL,udp:49789,8.8.8.8*,4,352,2,148,2,204
D4:F5:47:82:0E:C6,ALL,udp:47714,192.168.3.117*,4,328,2,180,2,148
D4:F5:47:82:0E:C6,ALL,udp:47714,8.8.8.8*,4,328,2,148,2,180
D4:F5:47:82:0E:C6,ALL,udp:36923,192.168.3.117*,4,352,2,204,2,148
D4:F5:47:82:0E:C6,ALL,udp:36923,8.8.8.8*,4,352,2,148,2,204
D4:F5:47:82:0E:C6,ALL,udp:42963,192.168.3.117*,4,328,2,180,2,148
D4:F5:47:82:0E:C6,ALL,udp:42963,8.8.8.8*,4,328,2,148,2,180
D4:F5:47:82:0E:C6,ALL,udp:54648,192.168.3.117*,4,340,2,192,2,148
D4:F5:47:82:0E:C6,ALL,udp:54648,8.8.8.8*,4,340,2,148,2,192
D4:F5:47:82:0E:C6,ALL,udp:34084,192.168.3.117*,4,340,2,192,2,148
D4:F5:47:82:0E:C6,ALL,udp:34084,8.8.8.8*,4,340,2,148,2,192
D4:F5:47:82:0E:C6,ALL,udp:46749,192.168.3.117*,4,340,2,192,2,148
D4:F5:47:82:0E:C6,ALL,udp:46749,8.8.8.8*,4,340,2,148,2,192
D4:F5:47:82:0E:C6,ALL,udp:47321,192.168.3.117*,4,340,2,192,2,148
D4:F5:47:82:0E:C6,ALL,udp:47321,8.8.8.8*,4,340,2,148,2,192
D4:F5:47:82:0E:C6,ALL,udp:34651,192.168.3.117*,4,340,2,192,2,148
D4:F5:47:82:0E:C6,ALL,udp:34651,8.8.8.8*,4,340,2,148,2,192
D4:F5:47:82:0E:C6,ALL,udp:57803,192.168.3.117*,4,328,2,180,2,148
D4:F5:47:82:0E:C6,ALL,udp:57803,8.8.8.8*,4,328,2,148,2,180
D4:F5:47:82:0E:C6,ALL,udp:41681,192.168.3.117*,4,328,2,180,2,148
D4:F5:47:82:0E:C6,ALL,udp:41681,8.8.8.8*,4,328,2,148,2,180
D4:F5:47:82:0E:C6,ALL,udp:51594,192.168.3.117*,4,340,2,192,2,148
D4:F5:47:82:0E:C6,ALL,udp:51594,8.8.8.8*,4,340,2,148,2,192
D4:F5:47:82:0E:C6,ALL,udp:50623,192.168.3.117*,4,340,2,192,2,148
D4:F5:47:82:0E:C6,ALL,udp:50623,8.8.8.8*,4,340,2,148,2,192
D4:F5:47:82:0E:C6,ALL,udp:52901,192.168.3.117*,4,374,2,221,2,153
D4:F5:47:82:0E:C6,ALL,udp:52901,8.8.8.8*,4,374,2,153,2,221
D4:F5:47:82:0E:C6,ALL,udp:48636,192.168.3.117*,4,340,2,192,2,148
D4:F5:47:82:0E:C6,ALL,udp:48636,8.8.8.8*,4,340,2,148,2,192
D4:F5:47:82:0E:C6,ALL,udp:44390,192.168.3.117*,4,352,2,204,2,148
D4:F5:47:82:0E:C6,ALL,udp:44390,8.8.8.8*,4,352,2,148,2,204
D4:F5:47:82:0E:C6,ALL,udp:39875,192.168.3.117*,4,328,2,180,2,148
D4:F5:47:82:0E:C6,ALL,udp:39875,8.8.8.8*,4,328,2,148,2,180
D4:F5:47:82:0E:C6,ALL,udp:48945,192.168.3.117*,4,340,2,192,2,148
D4:F5:47:82:0E:C6,ALL,udp:48945,8.8.8.8*,4,340,2,148,2,192
D4:F5:47:82:0E:C6,ALL,udp:55025,192.168.3.117*,4,352,2,204,2,148
D4:F5:47:82:0E:C6,ALL,udp:55025,8.8.8.8*,4,352,2,148,2,204
D4:F5:47:82:0E:C6,ALL,udp:47222,192.168.3.117*,4,352,2,204,2,148
D4:F5:47:82:0E:C6,ALL,udp:47222,8.8.8.8*,4,352,2,148,2,204
D4:F5:47:82:0E:C6,ALL,udp:46413,192.168.3.117*,4,476,2,326,2,150
D4:F5:47:82:0E:C6,ALL,udp:46413,8.8.8.8*,4,476,2,150,2,326
D4:F5:47:82:0E:C6,ALL,udp:58908,192.168.3.117*,4,340,2,192,2,148
D4:F5:47:82:0E:C6,ALL,udp:58908,8.8.8.8*,4,340,2,148,2,192
D4:F5:47:82:0E:C6,ALL,udp:33940,192.168.3.117*,4,352,2,204,2,148
D4:F5:47:82:0E:C6,ALL,udp:33940,8.8.8.8*,4,352,2,148,2,204
D4:F5:47:82:0E:C6,ALL,udp:43089,192.168.3.117*,4,352,2,204,2,148
D4:F5:47:82:0E:C6,ALL,udp:43089,8.8.8.8*,4,352,2,148,2,204
D4:F5:47:82:0E:C6,ALL,udp:43976,192.168.3.117*,4,476,2,326,2,150
D4:F5:47:82:0E:C6,ALL,udp:43976,8.8.8.8*,4,476,2,150,2,326
D4:F5:47:82:0E:C6,ALL,udp:49972,192.168.3.117*,4,352,2,204,2,148
D4:F5:47:82:0E:C6,ALL,udp:49972,8.8.8.8*,4,352,2,148,2,204
D4:F5:47:82:0E:C6,ALL,udp:58959,192.168.3.117*,4,352,2,204,2,148
D4:F5:47:82:0E:C6,ALL,udp:58959,8.8.8.8*,4,352,2,148,2,204
D4:F5:47:82:0E:C6,ALL,udp:55550,192.168.3.117*,4,340,2,192,2,148
D4:F5:47:82:0E:C6,ALL,udp:55550,8.8.8.8*,4,340,2,148,2,192
D4:F5:47:82:0E:C6,ALL,udp:60197,192.168.3.117*,4,389,2,228,2,161
D4:F5:47:82:0E:C6,ALL,udp:60197,8.8.8.8*,4,389,2,161,2,228
D4:F5:47:82:0E:C6,ALL,udp:45776,192.168.3.117*,4,328,2,180,2,148
D4:F5:47:82:0E:C6,ALL,udp:45776,8.8.8.8*,4,328,2,148,2,180
D4:F5:47:82:0E:C6,ALL,udp:39607,192.168.3.117*,4,476,2,326,2,150
D4:F5:47:82:0E:C6,ALL,udp:39607,8.8.8.8*,4,476,2,150,2,326
D4:F5:47:82:0E:C6,ALL,udp:50131,192.168.3.117*,4,340,2,192,2,148
D4:F5:47:82:0E:C6,ALL,udp:50131,8.8.8.8*,4,340,2,148,2,192
D4:F5:47:82:0E:C6,ALL,udp:48449,192.168.3.117*,4,340,2,192,2,148
D4:F5:47:82:0E:C6,ALL,udp:48449,8.8.8.8*,4,340,2,148,2,192
D4:F5:47:82:0E:C6,ALL,udp:47825,192.168.3.117*,4,392,2,240,2,152
D4:F5:47:82:0E:C6,ALL,udp:47825,8.8.8.8*,4,392,2,152,2,240
D4:F5:47:82:0E:C6,ALL,udp:37521,192.168.3.117*,4,392,2,240,2,152
D4:F5:47:82:0E:C6,ALL,udp:37521,8.8.8.8*,4,392,2,152,2,240
D4:F5:47:82:0E:C6,ALL,udp:50145,192.168.3.117*,4,356,2,200,2,156
D4:F5:47:82:0E:C6,ALL,udp:50145,8.8.8.8*,4,356,2,156,2,200
D4:F5:47:82:0E:C6,ALL,udp:47241,192.168.3.117*,4,328,2,180,2,148
D4:F5:47:82:0E:C6,ALL,udp:47241,8.8.8.8*,4,328,2,148,2,180
D4:F5:47:82:0E:C6,ALL,udp:35220,192.168.3.117*,4,340,2,192,2,148
D4:F5:47:82:0E:C6,ALL,udp:35220,8.8.8.8*,4,340,2,148,2,192
D4:F5:47:82:0E:C6,ALL,udp:40503,192.168.3.117*,4,704,2,536,2,168
D4:F5:47:82:0E:C6,ALL,udp:40503,8.8.8.8*,4,704,2,168,2,536
D4:F5:47:82:0E:C6,ALL,udp:42449,192.168.3.117*,4,374,2,221,2,153
D4:F5:47:82:0E:C6,ALL,udp:42449,8.8.8.8*,4,374,2,153,2,221
D4:F5:47:82:0E:C6,ALL,udp:45948,192.168.3.117*,4,340,2,192,2,148
D4:F5:47:82:0E:C6,ALL,udp:45948,8.8.8.8*,4,340,2,148,2,192
D4:F5:47:82:0E:C6,ALL,udp:44104,192.168.3.117*,4,392,2,240,2,152
D4:F5:47:82:0E:C6,ALL,udp:44104,8.8.8.8*,4,392,2,152,2,240
D4:F5:47:82:0E:C6,ALL,udp:38991,192.168.3.117*,4,340,2,192,2,148
D4:F5:47:82:0E:C6,ALL,udp:38991,8.8.8.8*,4,340,2,148,2,192
D4:F5:47:82:0E:C6,ALL,udp:46101,192.168.3.117*,4,352,2,204,2,148
D4:F5:47:82:0E:C6,ALL,udp:46101,8.8.8.8*,4,352,2,148,2,204
D4:F5:47:82:0E:C6,ALL,udp:43211,192.168.3.117*,4,392,2,240,2,152
D4:F5:47:82:0E:C6,ALL,udp:43211,8.8.8.8*,4,392,2,152,2,240
D4:F5:47:82:0E:C6,ALL,udp:42104,192.168.3.117*,4,352,2,204,2,148
D4:F5:47:82:0E:C6,ALL,udp:42104,8.8.8.8*,4,352,2,148,2,204
D4:F5:47:82:0E:C6,ALL,udp:54644,192.168.3.117*,4,340,2,192,2,148
D4:F5:47:82:0E:C6,ALL,udp:54644,8.8.8.8*,4,340,2,148,2,192
D4:F5:47:82:0E:C6,ALL,udp:55818,192.168.3.117*,4,328,2,180,2,148
D4:F5:47:82:0E:C6,ALL,udp:55818,8.8.8.8*,4,328,2,148,2,180
D4:F5:47:82:0E:C6,ALL,udp:48683,192.168.3.117*,4,340,2,192,2,148
D4:F5:47:82:0E:C6,ALL,udp:48683,8.8.8.8*,4,340,2,148,2,192
D4:F5:47:82:0E:C6,ALL,udp:40547,192.168.3.117*,4,328,2,180,2,148
D4:F5:47:82:0E:C6,ALL,udp:40547,8.8.8.8*,4,328,2,148,2,180
D4:F5:47:82:0E:C6,ALL,udp:60140,192.168.3.117*,4,340,2,192,2,148
D4:F5:47:82:0E:C6,ALL,udp:60140,8.8.8.8*,4,340,2,148,2,192
D4:F5:47:82:0E:C6,ALL,udp:60860,192.168.3.117*,4,340,2,192,2,148
D4:F5:47:82:0E:C6,ALL,udp:60860,8.8.8.8*,4,340,2,148,2,192
D4:F5:47:82:0E:C6,ALL,udp:41841,192.168.3.117*,4,476,2,326,2,150
D4:F5:47:82:0E:C6,ALL,udp:41841,8.8.8.8*,4,476,2,150,2,326
D4:F5:47:82:0E:C6,ALL,udp:53559,192.168.3.117*,4,340,2,192,2,148
D4:F5:47:82:0E:C6,ALL,udp:53559,8.8.8.8*,4,340,2,148,2,192
D4:F5:47:82:0E:C6,ALL,udp:41233,192.168.3.117*,4,340,2,192,2,148
D4:F5:47:82:0E:C6,ALL,udp:41233,8.8.8.8*,4,340,2,148,2,192
D4:F5:47:82:0E:C6,ALL,udp:53824,192.168.3.117*,4,352,2,204,2,148
D4:F5:47:82:0E:C6,ALL,udp:53824,8.8.8.8*,4,352,2,148,2,204
D4:F5:47:82:0E:C6,ALL,udp:59217,192.168.3.117*,4,352,2,204,2,148
D4:F5:47:82:0E:C6,ALL,udp:59217,8.8.8.8*,4,352,2,148,2,204
D4:F5:47:82:0E:C6,ALL,udp:38679,192.168.3.117*,4,358,2,195,2,163
D4:F5:47:82:0E:C6,ALL,udp:38679,8.8.8.8*,4,358,2,163,2,195
D4:F5:47:82:0E:C6,ALL,udp:56329,192.168.3.117*,4,476,2,326,2,150
D4:F5:47:82:0E:C6,ALL,udp:56329,8.8.8.8*,4,476,2,150,2,326
D4:F5:47:82:0E:C6,ALL,udp:52834,192.168.3.117*,4,352,2,204,2,148
D4:F5:47:82:0E:C6,ALL,udp:52834,8.8.8.8*,4,352,2,148,2,204
D4:F5:47:82:0E:C6,ALL,udp:46280,192.168.3.117*,4,352,2,204,2,148
D4:F5:47:82:0E:C6,ALL,udp:46280,8.8.8.8*,4,352,2,148,2,204
D4:F5:47:82:0E:C6,ALL,udp:37670,192.168.3.117*,4,476,2,326,2,150
D4:F5:47:82:0E:C6,ALL,udp:37670,8.8.8.8*,4,476,2,150,2,326
D4:F5:47:82:0E:C6,ALL,udp:57626,192.168.3.117*,4,340,2,192,2,148
D4:F5:47:82:0E:C6,ALL,udp:57626,8.8.8.8*,4,340,2,148,2,192
D4:F5:47:82:0E:C6,ALL,udp:57935,192.168.3.117*,4,340,2,192,2,148
D4:F5:47:82:0E:C6,ALL,udp:57935,8.8.8.8*,4,340,2,148,2,192
D4:F5:47:82:0E:C6,ALL,udp:39916,192.168.3.117*,4,340,2,192,2,148
D4:F5:47:82:0E:C6,ALL,udp:39916,8.8.8.8*,4,340,2,148,2,192
D4:F5:47:82:0E:C6,ALL,udp:60842,192.168.3.117*,4,362,2,209,2,153
D4:F5:47:82:0E:C6,ALL,udp:60842,8.8.8.8*,4,362,2,153,2,209
D4:F5:47:82:0E:C6,ALL,udp:36954,192.168.3.117*,4,352,2,204,2,148
D4:F5:47:82:0E:C6,ALL,udp:36954,8.8.8.8*,4,352,2,148,2,204
D4:F5:47:82:0E:C6,ALL,udp:33803,192.168.3.117*,4,340,2,192,2,148
D4:F5:47:82:0E:C6,ALL,udp:33803,8.8.8.8*,4,340,2,148,2,192
D4:F5:47:82:0E:C6,ALL,udp:52678,192.168.3.117*,4,328,2,180,2,148
D4:F5:47:82:0E:C6,ALL,udp:52678,8.8.8.8*,4,328,2,148,2,180
D4:F5:47:82:0E:C6,ALL,udp:60319,192.168.3.117*,4,476,2,326,2,150
D4:F5:47:82:0E:C6,ALL,udp:60319,8.8.8.8*,4,476,2,150,2,326
D4:F5:47:82:0E:C6,ALL,udp:54484,216.239.35.4,2,180,1,90,1,90
D4:F5:47:82:0E:C6,ALL,udp:54484,8.8.8.8,4,340,2,148,2,192
D4:F5:47:82:0E:C6,ALL,udp:36614,192.168.3.117*,4,340,2,192,2,148
D4:F5:47:82:0E:C6,ALL,udp:36614,8.8.8.8*,4,340,2,148,2,192
D4:F5:47:82:0E:C6,ALL,udp:45659,192.168.3.117*,4,328,2,180,2,148
D4:F5:47:82:0E:C6,ALL,udp:45659,8.8.8.8*,4,328,2,148,2,180
D4:F5:47:82:0E:C6,ALL,udp:48113,192.168.3.117*,4,377,2,216,2,161
D4:F5:47:82:0E:C6,ALL,udp:48113,8.8.8.8*,4,377,2,161,2,216
D4:F5:47:82:0E:C6,ALL,udp:56774,192.168.3.117*,4,476,2,326,2,150
D4:F5:47:82:0E:C6,ALL,udp:56774,8.8.8.8*,4,476,2,150,2,326
D4:F5:47:82:0E:C6,ALL,udp:47468,192.168.3.117*,4,340,2,192,2,148
D4:F5:47:82:0E:C6,ALL,udp:47468,8.8.8.8*,4,340,2,148,2,192
D4:F5:47:82:0E:C6,ALL,udp:42748,192.168.3.117*,4,340,2,192,2,148
D4:F5:47:82:0E:C6,ALL,udp:42748,8.8.8.8*,4,340,2,148,2,192
D4:F5:47:82:0E:C6,ALL,udp:45384,192.168.3.117*,4,680,2,524,2,156
D4:F5:47:82:0E:C6,ALL,udp:45384,8.8.8.8*,4,680,2,156,2,524
D4:F5:47:82:0E:C6,ALL,udp:52136,192.168.3.117*,4,328,2,180,2,148
D4:F5:47:82:0E:C6,ALL,udp:52136,8.8.8.8*,4,328,2,148,2,180
D4:F5:47:82:0E:C6,ALL,udp:47367,192.168.3.117*,4,476,2,326,2,150
D4:F5:47:82:0E:C6,ALL,udp:47367,8.8.8.8*,4,476,2,150,2,326
D4:F5:47:82:0E:C6,ALL,udp:46069,192.168.3.117*,4,328,2,180,2,148
D4:F5:47:82:0E:C6,ALL,udp:46069,8.8.8.8*,4,328,2,148,2,180
D4:F5:47:82:0E:C6,ALL,udp:33645,192.168.3.117*,4,340,2,192,2,148
D4:F5:47:82:0E:C6,ALL,udp:33645,8.8.8.8*,4,340,2,148,2,192
D4:F5:47:82:0E:C6,ALL,udp:56720,192.168.3.117*,4,320,2,176,2,144
D4:F5:47:82:0E:C6,ALL,udp:56720,8.8.8.8*,4,320,2,144,2,176
D4:F5:47:82:0E:C6,ALL,udp:52350,192.168.3.117*,4,340,2,192,2,148
D4:F5:47:82:0E:C6,ALL,udp:52350,8.8.8.8*,4,340,2,148,2,192
D4:F5:47:82:0E:C6,ALL,udp:54962,192.168.3.117*,4,352,2,204,2,148
D4:F5:47:82:0E:C6,ALL,udp:54962,8.8.8.8*,4,352,2,148,2,204
D4:F5:47:82:0E:C6,ALL,udp:39536,192.168.3.117*,4,328,2,180,2,148
D4:F5:47:82:0E:C6,ALL,udp:39536,8.8.8.8*,4,328,2,148,2,180
D4:F5:47:82:0E:C6,ALL,udp:44859,192.168.3.117*,4,328,2,180,2,148
D4:F5:47:82:0E:C6,ALL,udp:44859,8.8.8.8*,4,328,2,148,2,180
D4:F5:47:82:0E:C6,ALL,udp:57225,192.168.3.117*,4,328,2,180,2,148
D4:F5:47:82:0E:C6,ALL,udp:57225,8.8.8.8*,4,328,2,148,2,180
D4:F5:47:82:0E:C6,ALL,udp:48909,192.168.3.117*,4,328,2,180,2,148
D4:F5:47:82:0E:C6,ALL,udp:48909,8.8.8.8*,4,328,2,148,2,180
D4:F5:47:82:0E:C6,ALL,udp:44196,192.168.3.117*,4,476,2,326,2,150
D4:F5:47:82:0E:C6,ALL,udp:44196,8.8.8.8*,4,476,2,150,2,326
D4:F5:47:82:0E:C6,ALL,udp:54828,192.168.3.117*,4,328,2,180,2,148
D4:F5:47:82:0E:C6,ALL,udp:54828,8.8.8.8*,4,328,2,148,2,180
D4:F5:47:82:0E:C6,ALL,udp:40617,192.168.3.117*,4,328,2,180,2,148
D4:F5:47:82:0E:C6,ALL,udp:40617,8.8.8.8*,4,328,2,148,2,180
D4:F5:47:82:0E:C6,ALL,udp:45682,192.168.3.117*,4,736,2,552,2,184
D4:F5:47:82:0E:C6,ALL,udp:45682,8.8.8.8*,4,736,2,184,2,552
D4:F5:47:82:0E:C6,ALL,udp:48183,192.168.3.117*,4,704,2,536,2,168
D4:F5:47:82:0E:C6,ALL,udp:48183,8.8.8.8*,4,704,2,168,2,536
D4:F5:47:82:0E:C6,ALL,udp:36423,192.168.3.117*,4,340,2,192,2,148
D4:F5:47:82:0E:C6,ALL,udp:36423,8.8.8.8*,4,340,2,148,2,192
D4:F5:47:82:0E:C6,ALL,udp:35467,192.168.3.117*,4,328,2,180,2,148
D4:F5:47:82:0E:C6,ALL,udp:35467,8.8.8.8*,4,328,2,148,2,180
D4:F5:47:82:0E:C6,ALL,udp:39823,192.168.3.117*,4,352,2,204,2,148
D4:F5:47:82:0E:C6,ALL,udp:39823,8.8.8.8*,4,352,2,148,2,204
D4:F5:47:82:0E:C6,ALL,udp:53158,192.168.3.117*,4,340,2,192,2,148
D4:F5:47:82:0E:C6,ALL,udp:53158,8.8.8.8*,4,340,2,148,2,192
D4:F5:47:82:0E:C6,ALL,udp:54417,192.168.3.117*,4,476,2,326,2,150
D4:F5:47:82:0E:C6,ALL,udp:54417,8.8.8.8*,4,476,2,150,2,326
D4:F5:47:82:0E:C6,ALL,udp:47449,192.168.3.117*,4,389,2,228,2,161
D4:F5:47:82:0E:C6,ALL,udp:47449,8.8.8.8*,4,389,2,161,2,228
D4:F5:47:82:0E:C6,ALL,udp:52014,192.168.3.117*,4,328,2,180,2,148
D4:F5:47:82:0E:C6,ALL,udp:52014,8.8.8.8*,4,328,2,148,2,180
D4:F5:47:82:0E:C6,ALL,udp:60361,192.168.3.117*,4,340,2,192,2,148
D4:F5:47:82:0E:C6,ALL,udp:60361,8.8.8.8*,4,340,2,148,2,192
D4:F5:47:82:0E:C6,ALL,udp:50361,192.168.3.117*,4,352,2,204,2,148
D4:F5:47:82:0E:C6,ALL,udp:50361,8.8.8.8*,4,352,2,148,2,204
D4:F5:47:82:0E:C6,ALL,udp:37008,192.168.3.117*,4,340,2,192,2,148
D4:F5:47:82:0E:C6,ALL,udp:37008,8.8.8.8*,4,340,2,148,2,192
D4:F5:47:82:0E:C6,ALL,udp:34774,192.168.3.117*,4,476,2,326,2,150
D4:F5:47:82:0E:C6,ALL,udp:34774,8.8.8.8*,4,476,2,150,2,326
D4:F5:47:82:0E:C6,ALL,udp:40643,192.168.3.117*,4,362,2,209,2,153
D4:F5:47:82:0E:C6,ALL,udp:40643,8.8.8.8*,4,362,2,153,2,209
D4:F5:47:82:0E:C6,ALL,udp:53076,192.168.3.117*,4,340,2,192,2,148
D4:F5:47:82:0E:C6,ALL,udp:53076,8.8.8.8*,4,340,2,148,2,192
D4:F5:47:82:0E:C6,ALL,udp:47451,192.168.3.117*,4,352,2,204,2,148
D4:F5:47:82:0E:C6,ALL,udp:47451,8.8.8.8*,4,352,2,148,2,204
D4:F5:47:82:0E:C6,ALL,udp:37019,192.168.3.117*,4,340,2,192,2,148
D4:F5:47:82:0E:C6,ALL,udp:37019,8.8.8.8*,4,340,2,148,2,192
D4:F5:47:82:0E:C6,ALL,udp:47265,192.168.3.117*,4,340,2,192,2,148
D4:F5:47:82:0E:C6,ALL,udp:47265,8.8.8.8*,4,340,2,148,2,192
D4:F5:47:82:0E:C6,ALL,udp:35238,192.168.3.117*,4,328,2,180,2,148
D4:F5:47:82:0E:C6,ALL,udp:35238,8.8.8.8*,4,328,2,148,2,180
D4:F5:47:82:0E:C6,ALL,udp:39232,192.168.3.117*,4,340,2,192,2,148
D4:F5:47:82:0E:C6,ALL,udp:39232,8.8.8.8*,4,340,2,148,2,192
D4:F5:47:82:0E:C6,ALL,udp:59523,192.168.3.117*,4,352,2,204,2,148
D4:F5:47:82:0E:C6,ALL,udp:59523,8.8.8.8*,4,352,2,148,2,204
D4:F5:47:82:0E:C6,ALL,udp:60662,192.168.3.117*,4,352,2,204,2,148
D4:F5:47:82:0E:C6,ALL,udp:60662,8.8.8.8*,4,352,2,148,2,204
D4:F5:47:82:0E:C6,ALL,udp:41315,192.168.3.117*,4,340,2,192,2,148
D4:F5:47:82:0E:C6,ALL,udp:41315,8.8.8.8*,4,340,2,148,2,192
D4:F5:47:82:0E:C6,ALL,udp:47205,192.168.3.117*,4,476,2,326,2,150
D4:F5:47:82:0E:C6,ALL,udp:47205,8.8.8.8*,4,476,2,150,2,326
D4:F5:47:82:0E:C6,ALL,udp:37333,192.168.3.117*,4,328,2,180,2,148
D4:F5:47:82:0E:C6,ALL,udp:37333,8.8.8.8*,4,328,2,148,2,180
D4:F5:47:82:0E:C6,ALL,udp:35428,192.168.3.117*,4,392,2,240,2,152
D4:F5:47:82:0E:C6,ALL,udp:35428,8.8.8.8*,4,392,2,152,2,240
D4:F5:47:82:0E:C6,ALL,udp:41143,192.168.3.117*,4,328,2,180,2,148
D4:F5:47:82:0E:C6,ALL,udp:41143,8.8.8.8*,4,328,2,148,2,180
D4:F5:47:82:0E:C6,ALL,udp:51345,192.168.3.117*,4,340,2,192,2,148
D4:F5:47:82:0E:C6,ALL,udp:51345,8.8.8.8*,4,340,2,148,2,192
D4:F5:47:82:0E:C6,ALL,udp:54891,192.168.3.117*,4,340,2,192,2,148
D4:F5:47:82:0E:C6,ALL,udp:54891,8.8.8.8*,4,340,2,148,2,192
D4:F5:47:82:0E:C6,ALL,udp:60408,192.168.3.117*,4,352,2,204,2,148
D4:F5:47:82:0E:C6,ALL,udp:60408,8.8.8.8*,4,352,2,148,2,204
D4:F5:47:82:0E:C6,ALL,udp:42605,192.168.3.117*,4,476,2,326,2,150
D4:F5:47:82:0E:C6,ALL,udp:42605,8.8.8.8*,4,476,2,150,2,326
D4:F5:47:82:0E:C6,ALL,udp:34271,192.168.3.117*,4,377,2,216,2,161
D4:F5:47:82:0E:C6,ALL,udp:34271,8.8.8.8*,4,377,2,161,2,216
D4:F5:47:82:0E:C6,ALL,udp:39997,192.168.3.117*,4,358,2,195,2,163
D4:F5:47:82:0E:C6,ALL,udp:39997,8.8.8.8*,4,358,2,163,2,195
D4:F5:47:82:0E:C6,ALL,udp:43036,192.168.3.117*,4,389,2,228,2,161
D4:F5:47:82:0E:C6,ALL,udp:43036,8.8.8.8*,4,389,2,161,2,228
D4:F5:47:82:0E:C6,ALL,udp:44349,192.168.3.117*,4,328,2,180,2,148
D4:F5:47:82:0E:C6,ALL,udp:44349,8.8.8.8*,4,328,2,148,2,180
D4:F5:47:82:0E:C6,ALL,udp:37250,192.168.3.117*,4,340,2,192,2,148
D4:F5:47:82:0E:C6,ALL,udp:37250,8.8.8.8*,4,340,2,148,2,192
D4:F5:47:82:0E:C6,ALL,udp:57621,192.168.3.117*,4,352,2,204,2,148
D4:F5:47:82:0E:C6,ALL,udp:57621,8.8.8.8*,4,352,2,148,2,204
D4:F5:47:82:0E:C6,ALL,udp:36048,192.168.3.117*,4,340,2,192,2,148
D4:F5:47:82:0E:C6,ALL,udp:36048,8.8.8.8*,4,340,2,148,2,192
D4:F5:47:82:0E:C6,ALL,udp:51275,192.168.3.117*,4,362,2,209,2,153
D4:F5:47:82:0E:C6,ALL,udp:51275,8.8.8.8*,4,362,2,153,2,209
D4:F5:47:82:0E:C6,ALL,udp:34932,192.168.3.117*,4,340,2,192,2,148
D4:F5:47:82:0E:C6,ALL,udp:34932,8.8.8.8*,4,340,2,148,2,192
D4:F5:47:82:0E:C6,ALL,udp:60049,192.168.3.117*,4,352,2,204,2,148
D4:F5:47:82:0E:C6,ALL,udp:60049,8.8.8.8*,4,352,2,148,2,204
D4:F5:47:82:0E:C6,ALL,udp:40387,192.168.3.117*,4,328,2,180,2,148
D4:F5:47:82:0E:C6,ALL,udp:40387,8.8.8.8*,4,328,2,148,2,180
D4:F5:47:82:0E:C6,ALL,udp:44959,192.168.3.117*,4,340,2,192,2,148
D4:F5:47:82:0E:C6,ALL,udp:44959,8.8.8.8*,4,340,2,148,2,192
D4:F5:47:82:0E:C6,ALL,udp:56727,192.168.3.117*,4,328,2,180,2,148
D4:F5:47:82:0E:C6,ALL,udp:56727,8.8.8.8*,4,328,2,148,2,180
D4:F5:47:82:0E:C6,ALL,udp:50765,192.168.3.117*,4,392,2,240,2,152
D4:F5:47:82:0E:C6,ALL,udp:50765,8.8.8.8*,4,392,2,152,2,240
D4:F5:47:82:0E:C6,ALL,udp:44528,192.168.3.117*,4,352,2,204,2,148
D4:F5:47:82:0E:C6,ALL,udp:44528,8.8.8.8*,4,352,2,148,2,204
D4:F5:47:82:0E:C6,ALL,udp:56342,192.168.3.117*,4,328,2,180,2,148
D4:F5:47:82:0E:C6,ALL,udp:56342,8.8.8.8*,4,328,2,148,2,180
D4:F5:47:82:0E:C6,ALL,udp:36662,192.168.3.117*,4,340,2,192,2,148
D4:F5:47:82:0E:C6,ALL,udp:36662,8.8.8.8*,4,340,2,148,2,192
D4:F5:47:82:0E:C6,ALL,udp:60506,192.168.3.117*,4,340,2,192,2,148
D4:F5:47:82:0E:C6,ALL,udp:60506,8.8.8.8*,4,340,2,148,2,192
D4:F5:47:82:0E:C6,ALL,udp:51599,192.168.3.117*,4,476,2,326,2,150
D4:F5:47:82:0E:C6,ALL,udp:51599,8.8.8.8*,4,476,2,150,2,326
D4:F5:47:82:0E:C6,ALL,udp:56478,192.168.3.117*,4,704,2,536,2,168
D4:F5:47:82:0E:C6,ALL,udp:56478,8.8.8.8*,4,704,2,168,2,536
D4:F5:47:82:0E:C6,ALL,udp:59490,192.168.3.117*,4,340,2,192,2,148
D4:F5:47:82:0E:C6,ALL,udp:59490,8.8.8.8*,4,340,2,148,2,192
D4:F5:47:82:0E:C6,ALL,udp:54746,192.168.3.117*,4,352,2,204,2,148
D4:F5:47:82:0E:C6,ALL,udp:54746,8.8.8.8*,4,352,2,148,2,204
D4:F5:47:82:0E:C6,ALL,udp:59624,192.168.3.117*,4,352,2,204,2,148
D4:F5:47:82:0E:C6,ALL,udp:59624,8.8.8.8*,4,352,2,148,2,204
D4:F5:47:82:0E:C6,ALL,udp:35105,192.168.3.117*,4,352,2,204,2,148
D4:F5:47:82:0E:C6,ALL,udp:35105,8.8.8.8*,4,352,2,148,2,204
D4:F5:47:82:0E:C6,ALL,udp:46353,192.168.3.117*,4,352,2,204,2,148
D4:F5:47:82:0E:C6,ALL,udp:46353,8.8.8.8*,4,352,2,148,2,204
D4:F5:47:82:0E:C6,ALL,udp:44964,192.168.3.117*,4,389,2,228,2,161
D4:F5:47:82:0E:C6,ALL,udp:44964,8.8.8.8*,4,389,2,161,2,228
D4:F5:47:82:0E:C6,ALL,udp:57864,192.168.3.117*,4,352,2,204,2,148
D4:F5:47:82:0E:C6,ALL,udp:57864,8.8.8.8*,4,352,2,148,2,204
D4:F5:47:82:0E:C6,ALL,udp:42218,192.168.3.117*,4,328,2,180,2,148
D4:F5:47:82:0E:C6,ALL,udp:42218,8.8.8.8*,4,328,2,148,2,180
D4:F5:47:82:0E:C6,ALL,udp:39995,192.168.3.117*,4,320,2,176,2,144
D4:F5:47:82:0E:C6,ALL,udp:39995,8.8.8.8*,4,320,2,144,2,176
D4:F5:47:82:0E:C6,ALL,udp:59163,192.168.3.117*,4,352,2,204,2,148
D4:F5:47:82:0E:C6,ALL,udp:59163,8.8.8.8*,4,352,2,148,2,204
D4:F5:47:82:0E:C6,ALL,udp:59874,192.168.3.117*,4,352,2,204,2,148
D4:F5:47:82:0E:C6,ALL,udp:59874,8.8.8.8*,4,352,2,148,2,204
D4:F5:47:82:0E:C6,ALL,udp:34064,192.168.3.117*,4,328,2,180,2,148
D4:F5:47:82:0E:C6,ALL,udp:34064,8.8.8.8*,4,328,2,148,2,180
D4:F5:47:82:0E:C6,ALL,udp:43797,192.168.3.117*,4,392,2,240,2,152
D4:F5:47:82:0E:C6,ALL,udp:43797,8.8.8.8*,4,392,2,152,2,240
D4:F5:47:82:0E:C6,ALL,udp:56978,192.168.3.117*,4,328,2,180,2,148
D4:F5:47:82:0E:C6,ALL,udp:56978,8.8.8.8*,4,328,2,148,2,180
D4:F5:47:82:0E:C6,ALL,udp:57348,192.168.3.117*,4,352,2,204,2,148
D4:F5:47:82:0E:C6,ALL,udp:57348,8.8.8.8*,4,352,2,148,2,204
D4:F5:47:82:0E:C6,ALL,udp:58123,192.168.3.117*,4,374,2,221,2,153
D4:F5:47:82:0E:C6,ALL,udp:58123,8.8.8.8*,4,374,2,153,2,221
D4:F5:47:82:0E:C6,ALL,udp:38770,192.168.3.117*,4,352,2,204,2,148
D4:F5:47:82:0E:C6,ALL,udp:38770,8.8.8.8*,4,352,2,148,2,204
D4:F5:47:82:0E:C6,ALL,udp:54723,192.168.3.117*,4,328,2,180,2,148
D4:F5:47:82:0E:C6,ALL,udp:54723,8.8.8.8*,4,328,2,148,2,180
D4:F5:47:82:0E:C6,ALL,udp:60959,192.168.3.117*,4,476,2,326,2,150
D4:F5:47:82:0E:C6,ALL,udp:60959,8.8.8.8*,4,476,2,150,2,326
D4:F5:47:82:0E:C6,ALL,udp:56521,192.168.3.117*,4,340,2,192,2,148
D4:F5:47:82:0E:C6,ALL,udp:56521,8.8.8.8*,4,340,2,148,2,192
D4:F5:47:82:0E:C6,ALL,udp:46652,192.168.3.117*,4,328,2,180,2,148
D4:F5:47:82:0E:C6,ALL,udp:46652,8.8.8.8*,4,328,2,148,2,180
D4:F5:47:82:0E:C6,ALL,udp:35668,192.168.3.117*,4,362,2,209,2,153
D4:F5:47:82:0E:C6,ALL,udp:35668,8.8.8.8*,4,362,2,153,2,209
D4:F5:47:82:0E:C6,ALL,udp:54018,192.168.3.117*,4,352,2,204,2,148
D4:F5:47:82:0E:C6,ALL,udp:54018,8.8.8.8*,4,352,2,148,2,204
D4:F5:47:82:0E:C6,ALL,udp:39815,192.168.3.117*,4,328,2,180,2,148
D4:F5:47:82:0E:C6,ALL,udp:39815,8.8.8.8*,4,328,2,148,2,180
D4:F5:47:82:0E:C6,ALL,udp:47937,192.168.3.117*,4,476,2,326,2,150
D4:F5:47:82:0E:C6,ALL,udp:47937,8.8.8.8*,4,476,2,150,2,326
D4:F5:47:82:0E:C6,ALL,udp:54280,192.168.3.117*,4,328,2,180,2,148
D4:F5:47:82:0E:C6,ALL,udp:54280,8.8.8.8*,4,328,2,148,2,180
D4:F5:47:82:0E:C6,ALL,udp:56712,192.168.3.117*,4,352,2,204,2,148
D4:F5:47:82:0E:C6,ALL,udp:56712,8.8.8.8*,4,352,2,148,2,204
D4:F5:47:82:0E:C6,ALL,udp:37197,192.168.3.117*,4,328,2,180,2,148
D4:F5:47:82:0E:C6,ALL,udp:37197,8.8.8.8*,4,328,2,148,2,180
D4:F5:47:82:0E:C6,ALL,udp:52854,192.168.3.117*,4,352,2,204,2,148
D4:F5:47:82:0E:C6,ALL,udp:52854,8.8.8.8*,4,352,2,148,2,204
D4:F5:47:82:0E:C6,ALL,udp:57302,172.217.165.142*,23,12421,13,9202,10,3219
D4:F5:47:82:0E:C6,ALL,udp:57302,8.8.8.8*,4,340,2,148,2,192
D4:F5:47:82:0E:C6,ALL,udp:37633,192.168.3.117*,4,340,2,192,2,148
D4:F5:47:82:0E:C6,ALL,udp:37633,8.8.8.8*,4,340,2,148,2,192
D4:F5:47:82:0E:C6,ALL,udp:44864,192.168.3.117*,4,352,2,204,2,148
D4:F5:47:82:0E:C6,ALL,udp:44864,8.8.8.8*,4,352,2,148,2,204
D4:F5:47:82:0E:C6,ALL,udp:55219,192.168.3.117*,4,340,2,192,2,148
D4:F5:47:82:0E:C6,ALL,udp:55219,8.8.8.8*,4,340,2,148,2,192
D4:F5:47:82:0E:C6,ALL,udp:45396,192.168.3.117*,4,476,2,326,2,150
D4:F5:47:82:0E:C6,ALL,udp:45396,8.8.8.8*,4,476,2,150,2,326
D4:F5:47:82:0E:C6,ALL,udp:43891,192.168.3.117*,4,340,2,192,2,148
D4:F5:47:82:0E:C6,ALL,udp:43891,8.8.8.8*,4,340,2,148,2,192
D4:F5:47:82:0E:C6,ALL,udp:38692,192.168.3.117*,4,328,2,180,2,148
D4:F5:47:82:0E:C6,ALL,udp:38692,8.8.8.8*,4,328,2,148,2,180
D4:F5:47:82:0E:C6,ALL,udp:39883,192.168.3.117*,4,340,2,192,2,148
D4:F5:47:82:0E:C6,ALL,udp:39883,8.8.8.8*,4,340,2,148,2,192
D4:F5:47:82:0E:C6,ALL,udp:44971,192.168.3.117*,4,392,2,240,2,152
D4:F5:47:82:0E:C6,ALL,udp:44971,8.8.8.8*,4,392,2,152,2,240
D4:F5:47:82:0E:C6,ALL,udp:54055,192.168.3.117*,4,340,2,192,2,148
D4:F5:47:82:0E:C6,ALL,udp:54055,8.8.8.8*,4,340,2,148,2,192
D4:F5:47:82:0E:C6,ALL,udp:55886,192.168.3.117*,4,352,2,204,2,148
D4:F5:47:82:0E:C6,ALL,udp:55886,8.8.8.8*,4,352,2,148,2,204
D4:F5:47:82:0E:C6,ALL,udp:59642,192.168.3.117*,4,340,2,192,2,148
D4:F5:47:82:0E:C6,ALL,udp:59642,8.8.8.8*,4,340,2,148,2,192
D4:F5:47:82:0E:C6,ALL,udp:58663,192.168.3.117*,4,352,2,204,2,148
D4:F5:47:82:0E:C6,ALL,udp:58663,8.8.8.8*,4,352,2,148,2,204
D4:F5:47:82:0E:C6,ALL,udp:40750,192.168.3.117*,4,328,2,180,2,148
D4:F5:47:82:0E:C6,ALL,udp:40750,8.8.8.8*,4,328,2,148,2,180
D4:F5:47:82:0E:C6,ALL,udp:40310,192.168.3.117*,4,352,2,204,2,148
D4:F5:47:82:0E:C6,ALL,udp:40310,8.8.8.8*,4,352,2,148,2,204
D4:F5:47:82:0E:C6,ALL,udp:36461,192.168.3.117*,4,340,2,192,2,148
D4:F5:47:82:0E:C6,ALL,udp:36461,8.8.8.8*,4,340,2,148,2,192
D4:F5:47:82:0E:C6,ALL,udp:58376,192.168.3.117*,4,328,2,180,2,148
D4:F5:47:82:0E:C6,ALL,udp:58376,8.8.8.8*,4,328,2,148,2,180
D4:F5:47:82:0E:C6,ALL,udp:60333,192.168.3.117*,4,340,2,192,2,148
D4:F5:47:82:0E:C6,ALL,udp:60333,8.8.8.8*,4,340,2,148,2,192
D4:F5:47:82:0E:C6,ALL,udp:43896,192.168.3.117*,4,340,2,192,2,148
D4:F5:47:82:0E:C6,ALL,udp:43896,8.8.8.8*,4,340,2,148,2,192
D4:F5:47:82:0E:C6,ALL,udp:41748,192.168.3.117*,4,340,2,192,2,148
D4:F5:47:82:0E:C6,ALL,udp:41748,8.8.8.8*,4,340,2,148,2,192
D4:F5:47:82:0E:C6,ALL,udp:38094,192.168.3.117*,4,352,2,204,2,148
D4:F5:47:82:0E:C6,ALL,udp:38094,8.8.8.8*,4,352,2,148,2,204
D4:F5:47:82:0E:C6,ALL,udp:37511,192.168.3.117*,4,340,2,192,2,148
D4:F5:47:82:0E:C6,ALL,udp:37511,8.8.8.8*,4,340,2,148,2,192
D4:F5:47:82:0E:C6,ALL,udp:51512,192.168.3.117*,4,352,2,204,2,148
D4:F5:47:82:0E:C6,ALL,udp:51512,8.8.8.8*,4,352,2,148,2,204
D4:F5:47:82:0E:C6,ALL,udp:38743,192.168.3.117*,4,340,2,192,2,148
D4:F5:47:82:0E:C6,ALL,udp:38743,8.8.8.8*,4,340,2,148,2,192
D4:F5:47:82:0E:C6,ALL,udp:42042,192.168.3.117*,4,352,2,204,2,148
D4:F5:47:82:0E:C6,ALL,udp:42042,8.8.8.8*,4,352,2,148,2,204
D4:F5:47:82:0E:C6,ALL,udp:50499,192.168.3.117*,4,340,2,192,2,148
D4:F5:47:82:0E:C6,ALL,udp:50499,8.8.8.8*,4,340,2,148,2,192
D4:F5:47:82:0E:C6,ALL,udp:37535,192.168.3.117*,4,390,2,241,2,149
D4:F5:47:82:0E:C6,ALL,udp:37535,8.8.8.8*,4,390,2,149,2,241
D4:F5:47:82:0E:C6,ALL,udp:44414,192.168.3.117*,4,736,2,552,2,184
D4:F5:47:82:0E:C6,ALL,udp:44414,8.8.8.8*,4,736,2,184,2,552
D4:F5:47:82:0E:C6,ALL,udp:60074,192.168.3.117*,4,704,2,536,2,168
D4:F5:47:82:0E:C6,ALL,udp:60074,8.8.8.8*,4,704,2,168,2,536
D4:F5:47:82:0E:C6,ALL,udp:47563,192.168.3.117*,4,340,2,192,2,148
D4:F5:47:82:0E:C6,ALL,udp:47563,8.8.8.8*,4,340,2,148,2,192
D4:F5:47:82:0E:C6,ALL,udp:40661,192.168.3.117*,4,369,2,212,2,157
D4:F5:47:82:0E:C6,ALL,udp:40661,8.8.8.8*,4,369,2,157,2,212
D4:F5:47:82:0E:C6,ALL,udp:39100,192.168.3.117*,4,389,2,228,2,161
D4:F5:47:82:0E:C6,ALL,udp:39100,8.8.8.8*,4,389,2,161,2,228
D4:F5:47:82:0E:C6,ALL,udp:43759,216.239.35.4,2,180,1,90,1,90
D4:F5:47:82:0E:C6,ALL,udp:43759,8.8.8.8,4,389,2,161,2,228
D4:F5:47:82:0E:C6,ALL,udp:53821,192.168.3.117*,4,340,2,192,2,148
D4:F5:47:82:0E:C6,ALL,udp:53821,8.8.8.8*,4,340,2,148,2,192
D4:F5:47:82:0E:C6,ALL,udp:42700,192.168.3.117*,4,340,2,192,2,148
D4:F5:47:82:0E:C6,ALL,udp:42700,8.8.8.8*,4,340,2,148,2,192
D4:F5:47:82:0E:C6,ALL,udp:55450,142.251.32.110*,19,10789,11,7275,8,3514
D4:F5:47:82:0E:C6,ALL,udp:55450,8.8.8.8*,4,340,2,148,2,192
D4:F5:47:82:0E:C6,ALL,udp:57765,192.168.3.117*,4,362,2,209,2,153
D4:F5:47:82:0E:C6,ALL,udp:57765,8.8.8.8*,4,362,2,153,2,209
D4:F5:47:82:0E:C6,ALL,udp:52061,192.168.3.117*,4,340,2,192,2,148
D4:F5:47:82:0E:C6,ALL,udp:52061,8.8.8.8*,4,340,2,148,2,192
D4:F5:47:82:0E:C6,ALL,udp:56250,192.168.3.117*,4,328,2,180,2,148
D4:F5:47:82:0E:C6,ALL,udp:56250,8.8.8.8*,4,328,2,148,2,180
D4:F5:47:82:0E:C6,ALL,udp:58517,192.168.3.117*,4,328,2,180,2,148
D4:F5:47:82:0E:C6,ALL,udp:58517,8.8.8.8*,4,328,2,148,2,180
D4:F5:47:82:0E:C6,ALL,udp:48295,192.168.3.117*,4,328,2,180,2,148
D4:F5:47:82:0E:C6,ALL,udp:48295,8.8.8.8*,4,328,2,148,2,180
D4:F5:47:82:0E:C6,ALL,udp:52695,192.168.3.117*,4,370,2,207,2,163
D4:F5:47:82:0E:C6,ALL,udp:52695,8.8.8.8*,4,370,2,163,2,207
D4:F5:47:82:0E:C6,ALL,udp:54334,192.168.3.117*,4,328,2,180,2,148
D4:F5:47:82:0E:C6,ALL,udp:54334,8.8.8.8*,4,328,2,148,2,180
D4:F5:47:82:0E:C6,ALL,udp:50348,192.168.3.117*,4,340,2,192,2,148
D4:F5:47:82:0E:C6,ALL,udp:50348,8.8.8.8*,4,340,2,148,2,192
D4:F5:47:82:0E:C6,ALL,udp:42660,192.168.3.117*,4,328,2,180,2,148
D4:F5:47:82:0E:C6,ALL,udp:42660,8.8.8.8*,4,328,2,148,2,180
D4:F5:47:82:0E:C6,ALL,udp:36876,192.168.3.117*,4,352,2,204,2,148
D4:F5:47:82:0E:C6,ALL,udp:36876,8.8.8.8*,4,352,2,148,2,204
D4:F5:47:82:0E:C6,ALL,udp:48513,192.168.3.117*,4,340,2,192,2,148
D4:F5:47:82:0E:C6,ALL,udp:48513,8.8.8.8*,4,340,2,148,2,192
D4:F5:47:82:0E:C6,ALL,udp:50228,192.168.3.117*,4,340,2,192,2,148
D4:F5:47:82:0E:C6,ALL,udp:50228,8.8.8.8*,4,340,2,148,2,192
D4:F5:47:82:0E:C6,ALL,udp:44524,192.168.3.117*,4,340,2,192,2,148
D4:F5:47:82:0E:C6,ALL,udp:44524,8.8.8.8*,4,340,2,148,2,192
D4:F5:47:82:0E:C6,ALL,udp:35100,192.168.3.117*,4,373,2,223,2,150
D4:F5:47:82:0E:C6,ALL,udp:35100,8.8.8.8*,4,373,2,150,2,223
D4:F5:47:82:0E:C6,ALL,udp:57558,192.168.3.117*,4,340,2,192,2,148
D4:F5:47:82:0E:C6,ALL,udp:57558,8.8.8.8*,4,340,2,148,2,192
D4:F5:47:82:0E:C6,ALL,udp:48277,192.168.3.117*,4,392,2,240,2,152
D4:F5:47:82:0E:C6,ALL,udp:48277,8.8.8.8*,4,392,2,152,2,240
D4:F5:47:82:0E:C6,ALL,udp:41258,192.168.3.117*,4,328,2,180,2,148
D4:F5:47:82:0E:C6,ALL,udp:41258,8.8.8.8*,4,328,2,148,2,180
D4:F5:47:82:0E:C6,ALL,udp:36649,192.168.3.117*,4,352,2,204,2,148
D4:F5:47:82:0E:C6,ALL,udp:36649,8.8.8.8*,4,352,2,148,2,204
D4:F5:47:82:0E:C6,ALL,udp:60413,192.168.3.117*,4,352,2,204,2,148
D4:F5:47:82:0E:C6,ALL,udp:60413,8.8.8.8*,4,352,2,148,2,204
D4:F5:47:82:0E:C6,ALL,udp:37909,192.168.3.117*,4,340,2,192,2,148
D4:F5:47:82:0E:C6,ALL,udp:37909,8.8.8.8*,4,340,2,148,2,192
D4:F5:47:82:0E:C6,ALL,udp:57602,192.168.3.117*,4,340,2,192,2,148
D4:F5:47:82:0E:C6,ALL,udp:57602,8.8.8.8*,4,340,2,148,2,192
D4:F5:47:82:0E:C6,ALL,udp:39226,192.168.3.117*,4,426,2,277,2,149
D4:F5:47:82:0E:C6,ALL,udp:39226,8.8.8.8*,4,426,2,149,2,277
D4:F5:47:82:0E:C6,ALL,udp:36697,192.168.3.117*,4,340,2,192,2,148
D4:F5:47:82:0E:C6,ALL,udp:36697,8.8.8.8*,4,340,2,148,2,192
D4:F5:47:82:0E:C6,ALL,udp:43527,192.168.3.117*,4,340,2,192,2,148
D4:F5:47:82:0E:C6,ALL,udp:43527,8.8.8.8*,4,340,2,148,2,192
D4:F5:47:82:0E:C6,ALL,udp:42780,192.168.3.117*,4,328,2,180,2,148
D4:F5:47:82:0E:C6,ALL,udp:42780,8.8.8.8*,4,328,2,148,2,180
D4:F5:47:82:0E:C6,ALL,udp:51015,192.168.3.117*,4,328,2,180,2,148
D4:F5:47:82:0E:C6,ALL,udp:51015,8.8.8.8*,4,328,2,148,2,180
D4:F5:47:82:0E:C6,ALL,udp:50570,216.239.35.12,2,180,1,90,1,90
D4:F5:47:82:0E:C6,ALL,udp:50570,8.8.8.8,4,370,2,163,2,207
D4:F5:47:82:0E:C6,ALL,udp:36715,192.168.3.117*,4,373,2,223,2,150
D4:F5:47:82:0E:C6,ALL,udp:36715,8.8.8.8*,4,373,2,150,2,223
D4:F5:47:82:0E:C6,ALL,udp:39586,192.168.3.117*,4,400,2,222,2,178
D4:F5:47:82:0E:C6,ALL,udp:39586,8.8.8.8*,4,400,2,178,2,222
D4:F5:47:82:0E:C6,ALL,udp:43044,192.168.3.117*,4,736,2,552,2,184
D4:F5:47:82:0E:C6,ALL,udp:43044,8.8.8.8*,4,736,2,184,2,552
D4:F5:47:82:0E:C6,ALL,udp:34818,192.168.3.117*,4,594,2,433,2,161
D4:F5:47:82:0E:C6,ALL,udp:34818,8.8.8.8*,4,594,2,161,2,433
D4:F5:47:82:0E:C6,ALL,udp:41541,192.168.3.117*,4,492,2,334,2,158
D4:F5:47:82:0E:C6,ALL,udp:41541,8.8.8.8*,4,492,2,158,2,334
D4:F5:47:82:0E:C6,ALL,udp:39914,192.168.3.117*,4,340,2,192,2,148
D4:F5:47:82:0E:C6,ALL,udp:39914,8.8.8.8*,4,340,2,148,2,192
D4:F5:47:82:0E:C6,ALL,udp:48727,192.168.3.117*,4,340,2,192,2,148
D4:F5:47:82:0E:C6,ALL,udp:48727,8.8.8.8*,4,340,2,148,2,192
D4:F5:47:82:0E:C6,ALL,udp:58370,192.168.3.117*,4,728,2,548,2,180
D4:F5:47:82:0E:C6,ALL,udp:58370,8.8.8.8*,4,728,2,180,2,548
D4:F5:47:82:0E:C6,ALL,udp:44726,192.168.3.117*,4,736,2,552,2,184
D4:F5:47:82:0E:C6,ALL,udp:44726,8.8.8.8*,4,736,2,184,2,552
D4:F5:47:82:0E:C6,ALL,udp:39452,192.168.3.117*,4,704,2,536,2,168
D4:F5:47:82:0E:C6,ALL,udp:39452,8.8.8.8*,4,704,2,168,2,536
D4:F5:47:82:0E:C6,ALL,udp:58867,192.168.3.117*,4,340,2,192,2,148
D4:F5:47:82:0E:C6,ALL,udp:58867,8.8.8.8*,4,340,2,148,2,192
D4:F5:47:82:0E:C6,ALL,udp:38968,192.168.3.117*,4,340,2,192,2,148
D4:F5:47:82:0E:C6,ALL,udp:38968,8.8.8.8*,4,340,2,148,2,192
D4:F5:47:82:0E:C6,ALL,udp:41218,192.168.3.117*,4,340,2,192,2,148
D4:F5:47:82:0E:C6,ALL,udp:41218,8.8.8.8*,4,340,2,148,2,192
D4:F5:47:82:0E:C6,ALL,udp:44261,192.168.3.117*,4,340,2,192,2,148
D4:F5:47:82:0E:C6,ALL,udp:44261,8.8.8.8*,4,340,2,148,2,192
D4:F5:47:82:0E:C6,ALL,udp:54602,192.168.3.117*,4,340,2,192,2,148
D4:F5:47:82:0E:C6,ALL,udp:54602,8.8.8.8*,4,340,2,148,2,192
D4:F5:47:82:0E:C6,ALL,udp:38415,192.168.3.117*,4,426,2,252,2,174
D4:F5:47:82:0E:C6,ALL,udp:38415,8.8.8.8*,4,426,2,174,2,252
D4:F5:47:82:0E:C6,ALL,udp:33109,192.168.3.117*,4,377,2,216,2,161
D4:F5:47:82:0E:C6,ALL,udp:33109,8.8.8.8*,4,377,2,161,2,216
D4:F5:47:82:0E:C6,ALL,udp:45556,192.168.3.117*,4,340,2,192,2,148
D4:F5:47:82:0E:C6,ALL,udp:45556,8.8.8.8*,4,340,2,148,2,192
D4:F5:47:82:0E:C6,ALL,udp:50267,192.168.3.117*,4,340,2,192,2,148
D4:F5:47:82:0E:C6,ALL,udp:50267,8.8.8.8*,4,340,2,148,2,192
D4:F5:47:82:0E:C6,ALL,udp:42088,192.168.3.117*,4,340,2,192,2,148
D4:F5:47:82:0E:C6,ALL,udp:42088,8.8.8.8*,4,340,2,148,2,192
D4:F5:47:82:0E:C6,ALL,udp:41216,192.168.3.117*,4,340,2,192,2,148
D4:F5:47:82:0E:C6,ALL,udp:41216,8.8.8.8*,4,340,2,148,2,192
D4:F5:47:82:0E:C6,ALL,udp:44764,192.168.3.117*,4,340,2,192,2,148
D4:F5:47:82:0E:C6,ALL,udp:44764,8.8.8.8*,4,340,2,148,2,192
D4:F5:47:82:0E:C6,ALL,udp:34097,192.168.3.117*,4,362,2,209,2,153
D4:F5:47:82:0E:C6,ALL,udp:34097,8.8.8.8*,4,362,2,153,2,209
D4:F5:47:82:0E:C6,ALL,udp:42811,192.168.3.117*,4,340,2,192,2,148
D4:F5:47:82:0E:C6,ALL,udp:42811,8.8.8.8*,4,340,2,148,2,192
D4:F5:47:82:0E:C6,ALL,udp:52399,192.168.3.117*,4,340,2,192,2,148
D4:F5:47:82:0E:C6,ALL,udp:52399,8.8.8.8*,4,340,2,148,2,192
D4:F5:47:82:0E:C6,ALL,udp:52062,192.168.3.117*,4,340,2,192,2,148
D4:F5:47:82:0E:C6,ALL,udp:52062,8.8.8.8*,4,340,2,148,2,192
D4:F5:47:82:0E:C6,ALL,udp:49504,192.168.3.117*,4,340,2,192,2,148
D4:F5:47:82:0E:C6,ALL,udp:49504,8.8.8.8*,4,340,2,148,2,192
D4:F5:47:82:0E:C6,ALL,udp:43665,192.168.3.117*,4,340,2,192,2,148
D4:F5:47:82:0E:C6,ALL,udp:43665,8.8.8.8*,4,340,2,148,2,192
D4:F5:47:82:0E:C6,ALL,udp:36358,192.168.3.117*,4,476,2,326,2,150
D4:F5:47:82:0E:C6,ALL,udp:36358,8.8.8.8*,4,476,2,150,2,326
D4:F5:47:82:0E:C6,ALL,udp:57067,192.168.3.117*,4,340,2,192,2,148
D4:F5:47:82:0E:C6,ALL,udp:57067,8.8.8.8*,4,340,2,148,2,192
D4:F5:47:82:0E:C6,ALL,udp:44648,192.168.3.117*,4,340,2,192,2,148
D4:F5:47:82:0E:C6,ALL,udp:44648,8.8.8.8*,4,340,2,148,2,192
D4:F5:47:82:0E:C6,ALL,udp:53761,192.168.3.117*,4,340,2,192,2,148
D4:F5:47:82:0E:C6,ALL,udp:53761,8.8.8.8*,4,340,2,148,2,192
D4:F5:47:82:0E:C6,ALL,udp:38495,192.168.3.117*,4,340,2,192,2,148
D4:F5:47:82:0E:C6,ALL,udp:38495,8.8.8.8*,4,340,2,148,2,192
D4:F5:47:82:0E:C6,ALL,udp:43638,216.239.35.0,2,180,1,90,1,90
D4:F5:47:82:0E:C6,ALL,udp:43638,8.8.8.8,4,340,2,148,2,192
D4:F5:47:82:0E:C6,ALL,udp:39398,192.168.3.117*,4,340,2,192,2,148
D4:F5:47:82:0E:C6,ALL,udp:39398,8.8.8.8*,4,340,2,148,2,192
D4:F5:47:82:0E:C6,ALL,udp:56834,192.168.3.117*,4,340,2,192,2,148
D4:F5:47:82:0E:C6,ALL,udp:56834,8.8.8.8*,4,340,2,148,2,192
D4:F5:47:82:0E:C6,ALL,udp:57000,192.168.3.117*,4,476,2,326,2,150
D4:F5:47:82:0E:C6,ALL,udp:57000,8.8.8.8*,4,476,2,150,2,326
D4:F5:47:82:0E:C6,ALL,udp:36849,192.168.3.117*,4,340,2,192,2,148
D4:F5:47:82:0E:C6,ALL,udp:36849,8.8.8.8*,4,340,2,148,2,192
D4:F5:47:82:0E:C6,ALL,udp:48269,192.168.3.117*,4,340,2,192,2,148
D4:F5:47:82:0E:C6,ALL,udp:48269,8.8.8.8*,4,340,2,148,2,192
D4:F5:47:82:0E:C6,ALL,udp:42006,192.168.3.117*,4,340,2,192,2,148
D4:F5:47:82:0E:C6,ALL,udp:42006,8.8.8.8*,4,340,2,148,2,192
D4:F5:47:82:0E:C6,ALL,udp:57596,192.168.3.117*,4,340,2,192,2,148
D4:F5:47:82:0E:C6,ALL,udp:57596,8.8.8.8*,4,340,2,148,2,192
D4:F5:47:82:0E:C6,ALL,udp:40020,192.168.3.117*,4,340,2,192,2,148
D4:F5:47:82:0E:C6,ALL,udp:40020,8.8.8.8*,4,340,2,148,2,192
D4:F5:47:82:0E:C6,ALL,udp:57369,192.168.3.117*,4,340,2,192,2,148
D4:F5:47:82:0E:C6,ALL,udp:57369,8.8.8.8*,4,340,2,148,2,192
D4:F5:47:82:0E:C6,ALL,udp:56734,216.239.35.4,2,180,1,90,1,90
D4:F5:47:82:0E:C6,ALL,udp:56734,8.8.8.8,4,340,2,148,2,192
D4:F5:47:82:0E:C6,ALL,udp:59287,192.168.3.117*,4,340,2,192,2,148
D4:F5:47:82:0E:C6,ALL,udp:59287,8.8.8.8*,4,340,2,148,2,192
D4:F5:47:82:0E:C6,ALL,udp:34485,192.168.3.117*,4,340,2,192,2,148
D4:F5:47:82:0E:C6,ALL,udp:34485,8.8.8.8*,4,340,2,148,2,192
D4:F5:47:82:0E:C6,ALL,udp:54187,192.168.3.117*,4,340,2,192,2,148
D4:F5:47:82:0E:C6,ALL,udp:54187,8.8.8.8*,4,340,2,148,2,192
D4:F5:47:82:0E:C6,ALL,udp:57793,192.168.3.117*,4,340,2,192,2,148
D4:F5:47:82:0E:C6,ALL,udp:57793,8.8.8.8*,4,340,2,148,2,192
D4:F5:47:82:0E:C6,ALL,udp:54429,192.168.3.117*,4,340,2,192,2,148
D4:F5:47:82:0E:C6,ALL,udp:54429,8.8.8.8*,4,340,2,148,2,192
D4:F5:47:82:0E:C6,ALL,udp:56419,192.168.3.117*,4,340,2,192,2,148
D4:F5:47:82:0E:C6,ALL,udp:56419,8.8.8.8*,4,340,2,148,2,192
D4:F5:47:82:0E:C6,ALL,udp:53709,192.168.3.117*,4,340,2,192,2,148
D4:F5:47:82:0E:C6,ALL,udp:53709,8.8.8.8*,4,340,2,148,2,192
D4:F5:47:82:0E:C6,ALL,udp:47310,192.168.3.117*,4,340,2,192,2,148
D4:F5:47:82:0E:C6,ALL,udp:47310,8.8.8.8*,4,340,2,148,2,192
D4:F5:47:82:0E:C6,ALL,udp:60446,192.168.3.117*,4,358,2,195,2,163
D4:F5:47:82:0E:C6,ALL,udp:60446,8.8.8.8*,4,358,2,163,2,195
D4:F5:47:82:0E:C6,ALL,udp:34269,192.168.3.117*,4,340,2,192,2,148
D4:F5:47:82:0E:C6,ALL,udp:34269,8.8.8.8*,4,340,2,148,2,192
D4:F5:47:82:0E:C6,ALL,udp:37367,192.168.3.117*,4,340,2,192,2,148
D4:F5:47:82:0E:C6,ALL,udp:37367,8.8.8.8*,4,340,2,148,2,192
D4:F5:47:82:0E:C6,ALL,udp:59198,192.168.3.117*,4,340,2,192,2,148
D4:F5:47:82:0E:C6,ALL,udp:59198,8.8.8.8*,4,340,2,148,2,192
D4:F5:47:82:0E:C6,ALL,udp:40466,192.168.3.117*,4,340,2,192,2,148
D4:F5:47:82:0E:C6,ALL,udp:40466,8.8.8.8*,4,340,2,148,2,192
D4:F5:47:82:0E:C6,ALL,udp:39273,192.168.3.117*,4,340,2,192,2,148
D4:F5:47:82:0E:C6,ALL,udp:39273,8.8.8.8*,4,340,2,148,2,192
D4:F5:47:82:0E:C6,ALL,udp:48878,192.168.3.117*,4,476,2,326,2,150
D4:F5:47:82:0E:C6,ALL,udp:48878,8.8.8.8*,4,476,2,150,2,326
D4:F5:47:82:0E:C6,ALL,udp:53267,192.168.3.117*,4,340,2,192,2,148
D4:F5:47:82:0E:C6,ALL,udp:53267,8.8.8.8*,4,340,2,148,2,192
D4:F5:47:82:0E:C6,ALL,udp:42691,192.168.3.117*,4,340,2,192,2,148
D4:F5:47:82:0E:C6,ALL,udp:42691,8.8.8.8*,4,340,2,148,2,192
D4:F5:47:82:0E:C6,ALL,udp:39142,192.168.3.117*,4,340,2,192,2,148
D4:F5:47:82:0E:C6,ALL,udp:39142,8.8.8.8*,4,340,2,148,2,192
D4:F5:47:82:0E:C6,ALL,udp:36702,192.168.3.117*,4,340,2,192,2,148
D4:F5:47:82:0E:C6,ALL,udp:36702,8.8.8.8*,4,340,2,148,2,192
D4:F5:47:82:0E:C6,ALL,udp:58346,192.168.3.117*,4,340,2,192,2,148
D4:F5:47:82:0E:C6,ALL,udp:58346,8.8.8.8*,4,340,2,148,2,192
D4:F5:47:82:0E:C6,ALL,udp:54328,192.168.3.117*,4,340,2,192,2,148
D4:F5:47:82:0E:C6,ALL,udp:54328,8.8.8.8*,4,340,2,148,2,192
D4:F5:47:82:0E:C6,ALL,udp:57085,192.168.3.117*,4,340,2,192,2,148
D4:F5:47:82:0E:C6,ALL,udp:57085,8.8.8.8*,4,340,2,148,2,192
D4:F5:47:82:0E:C6,ALL,udp:54131,192.168.3.117*,4,340,2,192,2,148
D4:F5:47:82:0E:C6,ALL,udp:54131,8.8.8.8*,4,340,2,148,2,192
D4:F5:47:82:0E:C6,ALL,udp:38944,192.168.3.117*,4,340,2,192,2,148
D4:F5:47:82:0E:C6,ALL,udp:38944,8.8.8.8*,4,340,2,148,2,192
D4:F5:47:82:0E:C6,ALL,udp:34634,192.168.3.117*,4,340,2,192,2,148
D4:F5:47:82:0E:C6,ALL,udp:34634,8.8.8.8*,4,340,2,148,2,192
D4:F5:47:82:0E:C6,ALL,udp:60969,192.168.3.117*,4,340,2,192,2,148
D4:F5:47:82:0E:C6,ALL,udp:60969,8.8.8.8*,4,340,2,148,2,192
D4:F5:47:82:0E:C6,ALL,udp:49960,192.168.3.117*,4,340,2,192,2,148
D4:F5:47:82:0E:C6,ALL,udp:49960,8.8.8.8*,4,340,2,148,2,192
D4:F5:47:82:0E:C6,ALL,udp:45714,192.168.3.117*,4,340,2,192,2,148
D4:F5:47:82:0E:C6,ALL,udp:45714,8.8.8.8*,4,340,2,148,2,192
D4:F5:47:82:0E:C6,ALL,udp:49868,192.168.3.117*,4,340,2,192,2,148
D4:F5:47:82:0E:C6,ALL,udp:49868,8.8.8.8*,4,340,2,148,2,192
D4:F5:47:82:0E:C6,ALL,udp:53287,192.168.3.117*,4,340,2,192,2,148
D4:F5:47:82:0E:C6,ALL,udp:53287,8.8.8.8*,4,340,2,148,2,192
D4:F5:47:82:0E:C6,ALL,udp:45366,192.168.3.117*,4,340,2,192,2,148
D4:F5:47:82:0E:C6,ALL,udp:45366,8.8.8.8*,4,340,2,148,2,192
D4:F5:47:82:0E:C6,ALL,udp:55367,192.168.3.117*,4,340,2,192,2,148
D4:F5:47:82:0E:C6,ALL,udp:55367,8.8.8.8*,4,340,2,148,2,192
D4:F5:47:82:0E:C6,ALL,udp:38472,192.168.3.117*,4,340,2,192,2,148
D4:F5:47:82:0E:C6,ALL,udp:38472,8.8.8.8*,4,340,2,148,2,192
D4:F5:47:82:0E:C6,ALL,udp:41093,192.168.3.117*,4,340,2,192,2,148
D4:F5:47:82:0E:C6,ALL,udp:41093,8.8.8.8*,4,340,2,148,2,192
D4:F5:47:82:0E:C6,ALL,udp:54112,192.168.3.117*,4,340,2,192,2,148
D4:F5:47:82:0E:C6,ALL,udp:54112,8.8.8.8*,4,340,2,148,2,192
D4:F5:47:82:0E:C6,ALL,udp:48681,192.168.3.117*,4,340,2,192,2,148
D4:F5:47:82:0E:C6,ALL,udp:48681,8.8.8.8*,4,340,2,148,2,192
D4:F5:47:82:0E:C6,ALL,udp:59122,192.168.3.117*,4,340,2,192,2,148
D4:F5:47:82:0E:C6,ALL,udp:59122,8.8.8.8*,4,340,2,148,2,192
D4:F5:47:82:0E:C6,ALL,udp:60930,192.168.3.117*,4,340,2,192,2,148
D4:F5:47:82:0E:C6,ALL,udp:60930,8.8.8.8*,4,340,2,148,2,192
D4:F5:47:82:0E:C6,ALL,udp:48336,192.168.3.117*,4,340,2,192,2,148
D4:F5:47:82:0E:C6,ALL,udp:48336,8.8.8.8*,4,340,2,148,2,192
D4:F5:47:82:0E:C6,ALL,udp:40746,192.168.3.117*,4,340,2,192,2,148
D4:F5:47:82:0E:C6,ALL,udp:40746,8.8.8.8*,4,340,2,148,2,192
D4:F5:47:82:0E:C6,ALL,udp:45889,192.168.3.117*,4,340,2,192,2,148
D4:F5:47:82:0E:C6,ALL,udp:45889,8.8.8.8*,4,340,2,148,2,192
D4:F5:47:82:0E:C6,ALL,udp:57662,192.168.3.117*,4,340,2,192,2,148
D4:F5:47:82:0E:C6,ALL,udp:57662,8.8.8.8*,4,340,2,148,2,192
D4:F5:47:82:0E:C6,ALL,udp:56528,192.168.3.117*,4,476,2,326,2,150
D4:F5:47:82:0E:C6,ALL,udp:56528,8.8.8.8*,4,476,2,150,2,326
D4:F5:47:82:0E:C6,ALL,udp:39233,192.168.3.117*,4,340,2,192,2,148
D4:F5:47:82:0E:C6,ALL,udp:39233,8.8.8.8*,4,340,2,148,2,192
D4:F5:47:82:0E:C6,ALL,udp:45702,192.168.3.117*,4,340,2,192,2,148
D4:F5:47:82:0E:C6,ALL,udp:45702,8.8.8.8*,4,340,2,148,2,192
D4:F5:47:82:0E:C6,ALL,udp:42541,192.168.3.117*,4,340,2,192,2,148
D4:F5:47:82:0E:C6,ALL,udp:42541,8.8.8.8*,4,340,2,148,2,192
D4:F5:47:82:0E:C6,ALL,udp:38638,192.168.3.117*,4,340,2,192,2,148
D4:F5:47:82:0E:C6,ALL,udp:38638,8.8.8.8*,4,340,2,148,2,192
D4:F5:47:82:0E:C6,ALL,udp:51497,192.168.3.117*,4,340,2,192,2,148
D4:F5:47:82:0E:C6,ALL,udp:51497,8.8.8.8*,4,340,2,148,2,192
D4:F5:47:82:0E:C6,ALL,udp:53800,192.168.3.117*,4,340,2,192,2,148
D4:F5:47:82:0E:C6,ALL,udp:53800,8.8.8.8*,4,340,2,148,2,192
D4:F5:47:82:0E:C6,ALL,udp:39798,192.168.3.117*,4,340,2,192,2,148
D4:F5:47:82:0E:C6,ALL,udp:39798,8.8.8.8*,4,340,2,148,2,192
D4:F5:47:82:0E:C6,ALL,udp:53607,192.168.3.117*,4,340,2,192,2,148
D4:F5:47:82:0E:C6,ALL,udp:53607,8.8.8.8*,4,340,2,148,2,192
D4:F5:47:82:0E:C6,ALL,udp:47908,192.168.3.117*,4,358,2,195,2,163
D4:F5:47:82:0E:C6,ALL,udp:47908,8.8.8.8*,4,358,2,163,2,195
D4:F5:47:82:0E:C6,ALL,udp:47952,192.168.3.117*,4,340,2,192,2,148
D4:F5:47:82:0E:C6,ALL,udp:47952,8.8.8.8*,4,340,2,148,2,192
D4:F5:47:82:0E:C6,ALL,udp:34407,192.168.3.117*,4,704,2,536,2,168
D4:F5:47:82:0E:C6,ALL,udp:34407,8.8.8.8*,4,704,2,168,2,536
D4:F5:47:82:0E:C6,ALL,udp:34076,192.168.3.117*,4,340,2,192,2,148
D4:F5:47:82:0E:C6,ALL,udp:34076,8.8.8.8*,4,340,2,148,2,192
D4:F5:47:82:0E:C6,ALL,udp:54406,192.168.3.117*,4,340,2,192,2,148
D4:F5:47:82:0E:C6,ALL,udp:54406,8.8.8.8*,4,340,2,148,2,192
D4:F5:47:82:0E:C6,ALL,udp:54238,192.168.3.117*,4,340,2,192,2,148
D4:F5:47:82:0E:C6,ALL,udp:54238,8.8.8.8*,4,340,2,148,2,192
D4:F5:47:82:0E:C6,ALL,udp:34016,192.168.3.117*,4,340,2,192,2,148
D4:F5:47:82:0E:C6,ALL,udp:34016,8.8.8.8*,4,340,2,148,2,192
D4:F5:47:82:0E:C6,ALL,udp:53151,192.168.3.117*,4,340,2,192,2,148
D4:F5:47:82:0E:C6,ALL,udp:53151,8.8.8.8*,4,340,2,148,2,192
D4:F5:47:82:0E:C6,ALL,udp:58183,192.168.3.117*,4,340,2,192,2,148
D4:F5:47:82:0E:C6,ALL,udp:58183,8.8.8.8*,4,340,2,148,2,192
D4:F5:47:82:0E:C6,ALL,udp:47194,192.168.3.117*,4,340,2,192,2,148
D4:F5:47:82:0E:C6,ALL,udp:47194,8.8.8.8*,4,340,2,148,2,192
D4:F5:47:82:0E:C6,ALL,udp:54728,192.168.3.117*,4,340,2,192,2,148
D4:F5:47:82:0E:C6,ALL,udp:54728,8.8.8.8*,4,340,2,148,2,192
D4:F5:47:82:0E:C6,ALL,udp:47866,192.168.3.117*,4,340,2,192,2,148
D4:F5:47:82:0E:C6,ALL,udp:47866,8.8.8.8*,4,340,2,148,2,192
D4:F5:47:82:0E:C6,ALL,udp:52453,192.168.3.117*,4,340,2,192,2,148
D4:F5:47:82:0E:C6,ALL,udp:52453,8.8.8.8*,4,340,2,148,2,192
D4:F5:47:82:0E:C6,ALL,udp:52905,172.217.165.142*,22,11134,13,7553,9,3581
D4:F5:47:82:0E:C6,ALL,udp:52905,8.8.8.8*,4,340,2,148,2,192
D4:F5:47:82:0E:C6,ALL,udp:54350,192.168.3.117*,4,476,2,326,2,150
D4:F5:47:82:0E:C6,ALL,udp:54350,8.8.8.8*,4,476,2,150,2,326
D4:F5:47:82:0E:C6,ALL,udp:60777,192.168.3.117*,4,340,2,192,2,148
D4:F5:47:82:0E:C6,ALL,udp:60777,8.8.8.8*,4,340,2,148,2,192
D4:F5:47:82:0E:C6,ALL,udp:45371,192.168.3.117*,4,340,2,192,2,148
D4:F5:47:82:0E:C6,ALL,udp:45371,8.8.8.8*,4,340,2,148,2,192
D4:F5:47:82:0E:C6,ALL,udp:54121,192.168.3.117*,4,340,2,192,2,148
D4:F5:47:82:0E:C6,ALL,udp:54121,8.8.8.8*,4,340,2,148,2,192
D4:F5:47:82:0E:C6,ALL,udp:34181,192.168.3.117*,4,340,2,192,2,148
D4:F5:47:82:0E:C6,ALL,udp:34181,8.8.8.8*,4,340,2,148,2,192
D4:F5:47:82:0E:C6,ALL,udp:37501,192.168.3.117*,4,340,2,192,2,148
D4:F5:47:82:0E:C6,ALL,udp:37501,8.8.8.8*,4,340,2,148,2,192
D4:F5:47:82:0E:C6,ALL,udp:36250,192.168.3.117*,4,340,2,192,2,148
D4:F5:47:82:0E:C6,ALL,udp:36250,8.8.8.8*,4,340,2,148,2,192
D4:F5:47:82:0E:C6,ALL,udp:46120,192.168.3.117*,4,340,2,192,2,148
D4:F5:47:82:0E:C6,ALL,udp:46120,8.8.8.8*,4,340,2,148,2,192
D4:F5:47:82:0E:C6,ALL,udp:51066,192.168.3.117*,4,340,2,192,2,148
D4:F5:47:82:0E:C6,ALL,udp:51066,8.8.8.8*,4,340,2,148,2,192
D4:F5:47:82:0E:C6,ALL,udp:41004,192.168.3.117*,4,340,2,192,2,148
D4:F5:47:82:0E:C6,ALL,udp:41004,8.8.8.8*,4,340,2,148,2,192
D4:F5:47:82:0E:C6,ALL,udp:42423,192.168.3.117*,4,340,2,192,2,148
D4:F5:47:82:0E:C6,ALL,udp:42423,8.8.8.8*,4,340,2,148,2,192
D4:F5:47:82:0E:C6,ALL,udp:47386,192.168.3.117*,4,340,2,192,2,148
D4:F5:47:82:0E:C6,ALL,udp:47386,8.8.8.8*,4,340,2,148,2,192
D4:F5:47:82:0E:C6,ALL,udp:59359,192.168.3.117*,4,340,2,192,2,148
D4:F5:47:82:0E:C6,ALL,udp:59359,8.8.8.8*,4,340,2,148,2,192
D4:F5:47:82:0E:C6,ALL,udp:58075,192.168.3.117*,4,340,2,192,2,148
D4:F5:47:82:0E:C6,ALL,udp:58075,8.8.8.8*,4,340,2,148,2,192
D4:F5:47:82:0E:C6,ALL,udp:57290,192.168.3.117*,4,340,2,192,2,148
D4:F5:47:82:0E:C6,ALL,udp:57290,8.8.8.8*,4,340,2,148,2,192
D4:F5:47:82:0E:C6,ALL,udp:49256,192.168.3.117*,4,340,2,192,2,148
D4:F5:47:82:0E:C6,ALL,udp:49256,8.8.8.8*,4,340,2,148,2,192
D4:F5:47:82:0E:C6,ALL,udp:51695,192.168.3.117*,4,340,2,192,2,148
D4:F5:47:82:0E:C6,ALL,udp:51695,8.8.8.8*,4,340,2,148,2,192
D4:F5:47:82:0E:C6,ALL,udp:48993,192.168.3.117*,4,340,2,192,2,148
D4:F5:47:82:0E:C6,ALL,udp:48993,8.8.8.8*,4,340,2,148,2,192
D4:F5:47:82:0E:C6,ALL,udp:56971,192.168.3.117*,4,340,2,192,2,148
D4:F5:47:82:0E:C6,ALL,udp:56971,8.8.8.8*,4,340,2,148,2,192
D4:F5:47:82:0E:C6,ALL,udp:33894,192.168.3.117*,4,340,2,192,2,148
D4:F5:47:82:0E:C6,ALL,udp:33894,8.8.8.8*,4,340,2,148,2,192
D4:F5:47:82:0E:C6,ALL,udp:40372,192.168.3.117*,4,340,2,192,2,148
D4:F5:47:82:0E:C6,ALL,udp:40372,8.8.8.8*,4,340,2,148,2,192
D4:F5:47:82:0E:C6,ALL,udp:57878,192.168.3.117*,4,340,2,192,2,148
D4:F5:47:82:0E:C6,ALL,udp:57878,8.8.8.8*,4,340,2,148,2,192
D4:F5:47:82:0E:C6,ALL,udp:42331,192.168.3.117*,4,340,2,192,2,148
D4:F5:47:82:0E:C6,ALL,udp:42331,8.8.8.8*,4,340,2,148,2,192
D4:F5:47:82:0E:C6,ALL,udp:55020,192.168.3.117*,4,340,2,192,2,148
D4:F5:47:82:0E:C6,ALL,udp:55020,8.8.8.8*,4,340,2,148,2,192
D4:F5:47:82:0E:C6,ALL,udp:52761,192.168.3.117*,4,340,2,192,2,148
D4:F5:47:82:0E:C6,ALL,udp:52761,8.8.8.8*,4,340,2,148,2,192
D4:F5:47:82:0E:C6,ALL,udp:44017,192.168.3.117*,4,340,2,192,2,148
D4:F5:47:82:0E:C6,ALL,udp:44017,8.8.8.8*,4,340,2,148,2,192
D4:F5:47:82:0E:C6,ALL,udp:43477,192.168.3.117*,4,340,2,192,2,148
D4:F5:47:82:0E:C6,ALL,udp:43477,8.8.8.8*,4,340,2,148,2,192
D4:F5:47:82:0E:C6,ALL,udp:46165,192.168.3.117*,4,340,2,192,2,148
D4:F5:47:82:0E:C6,ALL,udp:46165,8.8.8.8*,4,340,2,148,2,192
D4:F5:47:82:0E:C6,ALL,udp:36535,192.168.3.117*,4,340,2,192,2,148
D4:F5:47:82:0E:C6,ALL,udp:36535,8.8.8.8*,4,340,2,148,2,192
D4:F5:47:82:0E:C6,ALL,udp:52493,192.168.3.117*,4,340,2,192,2,148
D4:F5:47:82:0E:C6,ALL,udp:52493,8.8.8.8*,4,340,2,148,2,192
D4:F5:47:82:0E:C6,ALL,udp:41172,192.168.3.117*,4,340,2,192,2,148
D4:F5:47:82:0E:C6,ALL,udp:41172,8.8.8.8*,4,340,2,148,2,192
D4:F5:47:82:0E:C6,ALL,udp:38690,192.168.3.117*,4,340,2,192,2,148
D4:F5:47:82:0E:C6,ALL,udp:38690,8.8.8.8*,4,340,2,148,2,192
D4:F5:47:82:0E:C6,ALL,udp:52233,192.168.3.117*,4,340,2,192,2,148
D4:F5:47:82:0E:C6,ALL,udp:52233,8.8.8.8*,4,340,2,148,2,192
D4:F5:47:82:0E:C6,ALL,udp:54718,192.168.3.117*,4,340,2,192,2,148
D4:F5:47:82:0E:C6,ALL,udp:54718,8.8.8.8*,4,340,2,148,2,192
D4:F5:47:82:0E:C6,ALL,udp:42473,192.168.3.117*,4,340,2,192,2,148
D4:F5:47:82:0E:C6,ALL,udp:42473,8.8.8.8*,4,340,2,148,2,192
D4:F5:47:82:0E:C6,ALL,udp:40424,192.168.3.117*,4,340,2,192,2,148
D4:F5:47:82:0E:C6,ALL,udp:40424,8.8.8.8*,4,340,2,148,2,192
D4:F5:47:82:0E:C6,ALL,udp:60741,192.168.3.117*,4,328,2,180,2,148
D4:F5:47:82:0E:C6,ALL,udp:60741,8.8.8.8*,4,328,2,148,2,180
D4:F5:47:82:0E:C6,ALL,udp:41733,192.168.3.117*,4,362,2,209,2,153
D4:F5:47:82:0E:C6,ALL,udp:41733,8.8.8.8*,4,362,2,153,2,209
D4:F5:47:82:0E:C6,ALL,udp:54226,192.168.3.117*,4,328,2,180,2,148
D4:F5:47:82:0E:C6,ALL,udp:54226,8.8.8.8*,4,328,2,148,2,180
D4:F5:47:82:0E:C6,ALL,udp:42430,192.168.3.117*,4,328,2,180,2,148
D4:F5:47:82:0E:C6,ALL,udp:42430,8.8.8.8*,4,328,2,148,2,180
D4:F5:47:82:0E:C6,ALL,udp:60107,192.168.3.117*,4,340,2,192,2,148
D4:F5:47:82:0E:C6,ALL,udp:60107,8.8.8.8*,4,340,2,148,2,192
D4:F5:47:82:0E:C6,ALL,udp:55700,192.168.3.117*,4,340,2,192,2,148
D4:F5:47:82:0E:C6,ALL,udp:55700,8.8.8.8*,4,340,2,148,2,192
D4:F5:47:82:0E:C6,ALL,udp:41149,192.168.3.117*,4,328,2,180,2,148
D4:F5:47:82:0E:C6,ALL,udp:41149,8.8.8.8*,4,328,2,148,2,180
D4:F5:47:82:0E:C6,ALL,udp:48856,216.239.35.8,2,180,1,90,1,90
D4:F5:47:82:0E:C6,ALL,udp:48856,8.8.8.8,4,352,2,148,2,204
D4:F5:47:82:0E:C6,ALL,udp:39297,192.168.3.117*,4,476,2,326,2,150
D4:F5:47:82:0E:C6,ALL,udp:39297,8.8.8.8*,4,476,2,150,2,326
D4:F5:47:82:0E:C6,ALL,udp:54167,192.168.3.117*,4,340,2,192,2,148
D4:F5:47:82:0E:C6,ALL,udp:54167,8.8.8.8*,4,340,2,148,2,192
D4:F5:47:82:0E:C6,ALL,udp:43407,192.168.3.117*,4,476,2,326,2,150
D4:F5:47:82:0E:C6,ALL,udp:43407,8.8.8.8*,4,476,2,150,2,326
D4:F5:47:82:0E:C6,ALL,udp:52758,192.168.3.117*,4,340,2,192,2,148
D4:F5:47:82:0E:C6,ALL,udp:52758,8.8.8.8*,4,340,2,148,2,192
D4:F5:47:82:0E:C6,ALL,udp:60379,192.168.3.117*,4,352,2,204,2,148
D4:F5:47:82:0E:C6,ALL,udp:60379,8.8.8.8*,4,352,2,148,2,204
D4:F5:47:82:0E:C6,ALL,udp:39059,192.168.3.117*,4,736,2,552,2,184
D4:F5:47:82:0E:C6,ALL,udp:39059,8.8.8.8*,4,736,2,184,2,552
D4:F5:47:82:0E:C6,ALL,udp:57916,192.168.3.117*,4,476,2,326,2,150
D4:F5:47:82:0E:C6,ALL,udp:57916,8.8.8.8*,4,476,2,150,2,326
D4:F5:47:82:0E:C6,ALL,udp:38392,192.168.3.117*,4,340,2,192,2,148
D4:F5:47:82:0E:C6,ALL,udp:38392,8.8.8.8*,4,340,2,148,2,192
D4:F5:47:82:0E:C6,ALL,udp:42132,192.168.3.117*,4,352,2,204,2,148
D4:F5:47:82:0E:C6,ALL,udp:42132,8.8.8.8*,4,352,2,148,2,204
D4:F5:47:82:0E:C6,ALL,udp:54764,192.168.3.117*,4,736,2,552,2,184
D4:F5:47:82:0E:C6,ALL,udp:54764,8.8.8.8*,4,736,2,184,2,552
D4:F5:47:82:0E:C6,ALL,udp:38388,192.168.3.117*,4,352,2,204,2,148
D4:F5:47:82:0E:C6,ALL,udp:38388,8.8.8.8*,4,352,2,148,2,204
D4:F5:47:82:0E:C6,ALL,udp:52429,192.168.3.117*,4,389,2,228,2,161
D4:F5:47:82:0E:C6,ALL,udp:52429,8.8.8.8*,4,389,2,161,2,228
D4:F5:47:82:0E:C6,ALL,udp:39673,192.168.3.117*,4,389,2,228,2,161
D4:F5:47:82:0E:C6,ALL,udp:39673,8.8.8.8*,4,389,2,161,2,228
D4:F5:47:82:0E:C6,ALL,udp:60912,192.168.3.117*,4,389,2,228,2,161
D4:F5:47:82:0E:C6,ALL,udp:60912,8.8.8.8*,4,389,2,161,2,228
D4:F5:47:82:0E:C6,ALL,udp:39089,192.168.3.117*,4,352,2,204,2,148
D4:F5:47:82:0E:C6,ALL,udp:39089,8.8.8.8*,4,352,2,148,2,204
D4:F5:47:82:0E:C6,ALL,udp:33831,192.168.3.117*,4,340,2,192,2,148
D4:F5:47:82:0E:C6,ALL,udp:33831,8.8.8.8*,4,340,2,148,2,192
D4:F5:47:82:0E:C6,ALL,udp:60693,192.168.3.117*,4,374,2,221,2,153
D4:F5:47:82:0E:C6,ALL,udp:60693,8.8.8.8*,4,374,2,153,2,221
D4:F5:47:82:0E:C6,ALL,udp:59772,192.168.3.117*,4,340,2,192,2,148
D4:F5:47:82:0E:C6,ALL,udp:59772,8.8.8.8*,4,340,2,148,2,192
D4:F5:47:82:0E:C6,ALL,udp:54859,192.168.3.117*,4,340,2,192,2,148
D4:F5:47:82:0E:C6,ALL,udp:54859,8.8.8.8*,4,340,2,148,2,192
D4:F5:47:82:0E:C6,ALL,udp:49794,192.168.3.117*,4,352,2,204,2,148
D4:F5:47:82:0E:C6,ALL,udp:49794,8.8.8.8*,4,352,2,148,2,204
D4:F5:47:82:0E:C6,ALL,udp:44801,192.168.3.117*,4,392,2,240,2,152
D4:F5:47:82:0E:C6,ALL,udp:44801,8.8.8.8*,4,392,2,152,2,240
D4:F5:47:82:0E:C6,ALL,udp:45606,192.168.3.117*,4,340,2,192,2,148
D4:F5:47:82:0E:C6,ALL,udp:45606,8.8.8.8*,4,340,2,148,2,192
D4:F5:47:82:0E:C6,ALL,udp:35682,192.168.3.117*,4,340,2,192,2,148
D4:F5:47:82:0E:C6,ALL,udp:35682,8.8.8.8*,4,340,2,148,2,192
D4:F5:47:82:0E:C6,ALL,udp:45402,192.168.3.117*,4,340,2,192,2,148
D4:F5:47:82:0E:C6,ALL,udp:45402,8.8.8.8*,4,340,2,148,2,192
D4:F5:47:82:0E:C6,ALL,udp:59339,192.168.3.117*,4,340,2,192,2,148
D4:F5:47:82:0E:C6,ALL,udp:59339,8.8.8.8*,4,340,2,148,2,192
D4:F5:47:82:0E:C6,ALL,udp:47207,192.168.3.117*,4,476,2,326,2,150
D4:F5:47:82:0E:C6,ALL,udp:47207,8.8.8.8*,4,476,2,150,2,326
D4:F5:47:82:0E:C6,ALL,udp:34484,192.168.3.117*,4,352,2,204,2,148
D4:F5:47:82:0E:C6,ALL,udp:34484,8.8.8.8*,4,352,2,148,2,204
D4:F5:47:82:0E:C6,ALL,udp:58833,192.168.3.117*,4,352,2,204,2,148
D4:F5:47:82:0E:C6,ALL,udp:58833,8.8.8.8*,4,352,2,148,2,204
D4:F5:47:82:0E:C6,ALL,udp:37678,192.168.3.117*,4,340,2,192,2,148
D4:F5:47:82:0E:C6,ALL,udp:37678,8.8.8.8*,4,340,2,148,2,192
D4:F5:47:82:0E:C6,ALL,udp:35026,192.168.3.117*,4,340,2,192,2,148
D4:F5:47:82:0E:C6,ALL,udp:35026,8.8.8.8*,4,340,2,148,2,192
D4:F5:47:82:0E:C6,ALL,udp:48492,192.168.3.117*,4,476,2,326,2,150
D4:F5:47:82:0E:C6,ALL,udp:48492,8.8.8.8*,4,476,2,150,2,326
D4:F5:47:82:0E:C6,ALL,udp:33854,192.168.3.117*,4,476,2,326,2,150
D4:F5:47:82:0E:C6,ALL,udp:33854,8.8.8.8*,4,476,2,150,2,326
D4:F5:47:82:0E:C6,ALL,udp:44233,192.168.3.117*,4,340,2,192,2,148
D4:F5:47:82:0E:C6,ALL,udp:44233,8.8.8.8*,4,340,2,148,2,192
D4:F5:47:82:0E:C6,ALL,udp:44316,192.168.3.117*,4,328,2,180,2,148
D4:F5:47:82:0E:C6,ALL,udp:44316,8.8.8.8*,4,328,2,148,2,180
D4:F5:47:82:0E:C6,ALL,udp:43633,192.168.3.117*,4,340,2,192,2,148
D4:F5:47:82:0E:C6,ALL,udp:43633,8.8.8.8*,4,340,2,148,2,192
D4:F5:47:82:0E:C6,ALL,udp:35309,192.168.3.117*,4,476,2,326,2,150
D4:F5:47:82:0E:C6,ALL,udp:35309,8.8.8.8*,4,476,2,150,2,326
D4:F5:47:82:0E:C6,ALL,udp:37490,192.168.3.117*,4,340,2,192,2,148
D4:F5:47:82:0E:C6,ALL,udp:37490,8.8.8.8*,4,340,2,148,2,192
D4:F5:47:82:0E:C6,ALL,udp:43845,192.168.3.117*,4,352,2,204,2,148
D4:F5:47:82:0E:C6,ALL,udp:43845,8.8.8.8*,4,352,2,148,2,204
D4:F5:47:82:0E:C6,ALL,udp:60587,192.168.3.117*,4,476,2,326,2,150
D4:F5:47:82:0E:C6,ALL,udp:60587,8.8.8.8*,4,476,2,150,2,326
D4:F5:47:82:0E:C6,ALL,udp:42764,192.168.3.117*,4,340,2,192,2,148
D4:F5:47:82:0E:C6,ALL,udp:42764,8.8.8.8*,4,340,2,148,2,192
D4:F5:47:82:0E:C6,ALL,udp:57461,192.168.3.117*,4,328,2,180,2,148
D4:F5:47:82:0E:C6,ALL,udp:57461,8.8.8.8*,4,328,2,148,2,180
D4:F5:47:82:0E:C6,ALL,udp:56947,192.168.3.117*,4,340,2,192,2,148
D4:F5:47:82:0E:C6,ALL,udp:56947,8.8.8.8*,4,340,2,148,2,192
D4:F5:47:82:0E:C6,ALL,udp:58826,192.168.3.117*,4,352,2,204,2,148
D4:F5:47:82:0E:C6,ALL,udp:58826,8.8.8.8*,4,352,2,148,2,204
D4:F5:47:82:0E:C6,ALL,udp:58176,192.168.3.117*,4,370,2,207,2,163
D4:F5:47:82:0E:C6,ALL,udp:58176,8.8.8.8*,4,370,2,163,2,207
D4:F5:47:82:0E:C6,ALL,udp:40493,216.239.35.4,2,180,1,90,1,90
D4:F5:47:82:0E:C6,ALL,udp:40493,8.8.8.8,4,340,2,148,2,192
D4:F5:47:82:0E:C6,ALL,udp:60801,192.168.3.117*,4,476,2,326,2,150
D4:F5:47:82:0E:C6,ALL,udp:60801,8.8.8.8*,4,476,2,150,2,326
D4:F5:47:82:0E:C6,ALL,udp:49610,192.168.3.117*,4,340,2,192,2,148
D4:F5:47:82:0E:C6,ALL,udp:49610,8.8.8.8*,4,340,2,148,2,192
D4:F5:47:82:0E:C6,ALL,udp:36530,192.168.3.117*,4,352,2,204,2,148
D4:F5:47:82:0E:C6,ALL,udp:36530,8.8.8.8*,4,352,2,148,2,204
D4:F5:47:82:0E:C6,ALL,udp:52507,192.168.3.117*,4,340,2,192,2,148
D4:F5:47:82:0E:C6,ALL,udp:52507,8.8.8.8*,4,340,2,148,2,192
D4:F5:47:82:0E:C6,ALL,udp:49188,192.168.3.117*,4,340,2,192,2,148
D4:F5:47:82:0E:C6,ALL,udp:49188,8.8.8.8*,4,340,2,148,2,192
D4:F5:47:82:0E:C6,ALL,udp:54775,192.168.3.117*,4,340,2,192,2,148
D4:F5:47:82:0E:C6,ALL,udp:54775,8.8.8.8*,4,340,2,148,2,192
D4:F5:47:82:0E:C6,ALL,udp:45795,192.168.3.117*,4,328,2,180,2,148
D4:F5:47:82:0E:C6,ALL,udp:45795,8.8.8.8*,4,328,2,148,2,180
D4:F5:47:82:0E:C6,ALL,udp:50848,192.168.3.117*,4,352,2,204,2,148
D4:F5:47:82:0E:C6,ALL,udp:50848,8.8.8.8*,4,352,2,148,2,204
D4:F5:47:82:0E:C6,ALL,udp:57948,192.168.3.117*,4,328,2,180,2,148
D4:F5:47:82:0E:C6,ALL,udp:57948,8.8.8.8*,4,328,2,148,2,180
D4:F5:47:82:0E:C6,ALL,udp:53355,192.168.3.117*,4,340,2,192,2,148
D4:F5:47:82:0E:C6,ALL,udp:53355,8.8.8.8*,4,340,2,148,2,192
D4:F5:47:82:0E:C6,ALL,udp:48607,192.168.3.117*,4,328,2,180,2,148
D4:F5:47:82:0E:C6,ALL,udp:48607,8.8.8.8*,4,328,2,148,2,180
D4:F5:47:82:0E:C6,ALL,udp:57697,192.168.3.117*,4,340,2,192,2,148
D4:F5:47:82:0E:C6,ALL,udp:57697,8.8.8.8*,4,340,2,148,2,192
D4:F5:47:82:0E:C6,ALL,udp:44082,192.168.3.117*,4,352,2,204,2,148
D4:F5:47:82:0E:C6,ALL,udp:44082,8.8.8.8*,4,352,2,148,2,204
D4:F5:47:82:0E:C6,ALL,udp:51921,192.168.3.117*,4,476,2,326,2,150
D4:F5:47:82:0E:C6,ALL,udp:51921,8.8.8.8*,4,476,2,150,2,326
D4:F5:47:82:0E:C6,ALL,udp:37147,192.168.3.117*,4,328,2,180,2,148
D4:F5:47:82:0E:C6,ALL,udp:37147,8.8.8.8*,4,328,2,148,2,180
D4:F5:47:82:0E:C6,ALL,udp:43086,192.168.3.117*,4,340,2,192,2,148
D4:F5:47:82:0E:C6,ALL,udp:43086,8.8.8.8*,4,340,2,148,2,192
D4:F5:47:82:0E:C6,ALL,udp:37806,192.168.3.117*,4,340,2,192,2,148
D4:F5:47:82:0E:C6,ALL,udp:37806,8.8.8.8*,4,340,2,148,2,192
D4:F5:47:82:0E:C6,ALL,udp:56293,192.168.3.117*,4,340,2,192,2,148
D4:F5:47:82:0E:C6,ALL,udp:56293,8.8.8.8*,4,340,2,148,2,192
D4:F5:47:82:0E:C6,ALL,udp:55089,192.168.3.117*,4,352,2,204,2,148
D4:F5:47:82:0E:C6,ALL,udp:55089,8.8.8.8*,4,352,2,148,2,204
D4:F5:47:82:0E:C6,ALL,udp:58097,192.168.3.117*,4,328,2,180,2,148
D4:F5:47:82:0E:C6,ALL,udp:58097,8.8.8.8*,4,328,2,148,2,180
D4:F5:47:82:0E:C6,ALL,udp:44795,192.168.3.117*,4,328,2,180,2,148
D4:F5:47:82:0E:C6,ALL,udp:44795,8.8.8.8*,4,328,2,148,2,180
D4:F5:47:82:0E:C6,ALL,udp:45651,192.168.3.117*,4,340,2,192,2,148
D4:F5:47:82:0E:C6,ALL,udp:45651,8.8.8.8*,4,340,2,148,2,192
D4:F5:47:82:0E:C6,ALL,udp:60296,192.168.3.117*,4,476,2,326,2,150
D4:F5:47:82:0E:C6,ALL,udp:60296,8.8.8.8*,4,476,2,150,2,326
D4:F5:47:82:0E:C6,ALL,udp:52697,192.168.3.117*,4,340,2,192,2,148
D4:F5:47:82:0E:C6,ALL,udp:52697,8.8.8.8*,4,340,2,148,2,192
D4:F5:47:82:0E:C6,ALL,udp:39730,192.168.3.117*,4,362,2,209,2,153
D4:F5:47:82:0E:C6,ALL,udp:39730,8.8.8.8*,4,362,2,153,2,209
D4:F5:47:82:0E:C6,ALL,udp:51220,192.168.3.117*,4,352,2,204,2,148
D4:F5:47:82:0E:C6,ALL,udp:51220,8.8.8.8*,4,352,2,148,2,204
D4:F5:47:82:0E:C6,ALL,udp:54494,192.168.3.117*,4,328,2,180,2,148
D4:F5:47:82:0E:C6,ALL,udp:54494,8.8.8.8*,4,328,2,148,2,180
D4:F5:47:82:0E:C6,ALL,udp:46397,192.168.3.117*,4,352,2,204,2,148
D4:F5:47:82:0E:C6,ALL,udp:46397,8.8.8.8*,4,352,2,148,2,204
D4:F5:47:82:0E:C6,ALL,udp:40735,192.168.3.117*,4,340,2,192,2,148
D4:F5:47:82:0E:C6,ALL,udp:40735,8.8.8.8*,4,340,2,148,2,192
D4:F5:47:82:0E:C6,ALL,udp:39296,192.168.3.117*,4,476,2,326,2,150
D4:F5:47:82:0E:C6,ALL,udp:39296,8.8.8.8*,4,476,2,150,2,326
D4:F5:47:82:0E:C6,ALL,udp:51174,192.168.3.117*,4,352,2,204,2,148
D4:F5:47:82:0E:C6,ALL,udp:51174,8.8.8.8*,4,352,2,148,2,204
D4:F5:47:82:0E:C6,ALL,udp:38937,192.168.3.117*,4,340,2,192,2,148
D4:F5:47:82:0E:C6,ALL,udp:38937,8.8.8.8*,4,340,2,148,2,192
D4:F5:47:82:0E:C6,ALL,udp:34668,192.168.3.117*,4,340,2,192,2,148
D4:F5:47:82:0E:C6,ALL,udp:34668,8.8.8.8*,4,340,2,148,2,192
D4:F5:47:82:0E:C6,ALL,udp:49712,192.168.3.117*,4,340,2,192,2,148
D4:F5:47:82:0E:C6,ALL,udp:49712,8.8.8.8*,4,340,2,148,2,192
D4:F5:47:82:0E:C6,ALL,udp:60397,192.168.3.117*,4,352,2,204,2,148
D4:F5:47:82:0E:C6,ALL,udp:60397,8.8.8.8*,4,352,2,148,2,204
D4:F5:47:82:0E:C6,ALL,udp:59986,192.168.3.117*,4,476,2,326,2,150
D4:F5:47:82:0E:C6,ALL,udp:59986,8.8.8.8*,4,476,2,150,2,326
D4:F5:47:82:0E:C6,ALL,udp:37448,192.168.3.117*,4,340,2,192,2,148
D4:F5:47:82:0E:C6,ALL,udp:37448,8.8.8.8*,4,340,2,148,2,192
D4:F5:47:82:0E:C6,ALL,udp:57235,192.168.3.117*,4,328,2,180,2,148
D4:F5:47:82:0E:C6,ALL,udp:57235,8.8.8.8*,4,328,2,148,2,180
D4:F5:47:82:0E:C6,ALL,udp:38728,192.168.3.117*,4,340,2,192,2,148
D4:F5:47:82:0E:C6,ALL,udp:38728,8.8.8.8*,4,340,2,148,2,192
D4:F5:47:82:0E:C6,ALL,udp:49183,192.168.3.117*,4,340,2,192,2,148
D4:F5:47:82:0E:C6,ALL,udp:49183,8.8.8.8*,4,340,2,148,2,192
D4:F5:47:82:0E:C6,ALL,udp:48195,192.168.3.117*,4,377,2,216,2,161
D4:F5:47:82:0E:C6,ALL,udp:48195,8.8.8.8*,4,377,2,161,2,216
D4:F5:47:82:0E:C6,ALL,udp:47890,192.168.3.117*,4,476,2,326,2,150
D4:F5:47:82:0E:C6,ALL,udp:47890,8.8.8.8*,4,476,2,150,2,326
D4:F5:47:82:0E:C6,ALL,udp:32895,192.168.3.117*,4,374,2,221,2,153
D4:F5:47:82:0E:C6,ALL,udp:32895,8.8.8.8*,4,374,2,153,2,221
D4:F5:47:82:0E:C6,ALL,udp:50904,192.168.3.117*,4,328,2,180,2,148
D4:F5:47:82:0E:C6,ALL,udp:50904,8.8.8.8*,4,328,2,148,2,180
D4:F5:47:82:0E:C6,ALL,udp:59866,192.168.3.117*,4,389,2,228,2,161
D4:F5:47:82:0E:C6,ALL,udp:59866,8.8.8.8*,4,389,2,161,2,228
D4:F5:47:82:0E:C6,ALL,udp:36375,192.168.3.117*,4,377,2,216,2,161
D4:F5:47:82:0E:C6,ALL,udp:36375,8.8.8.8*,4,377,2,161,2,216
D4:F5:47:82:0E:C6,ALL,udp:43026,192.168.3.117*,4,476,2,326,2,150
D4:F5:47:82:0E:C6,ALL,udp:43026,8.8.8.8*,4,476,2,150,2,326
D4:F5:47:82:0E:C6,ALL,udp:33176,192.168.3.117*,4,328,2,180,2,148
D4:F5:47:82:0E:C6,ALL,udp:33176,8.8.8.8*,4,328,2,148,2,180
D4:F5:47:82:0E:C6,ALL,udp:37740,192.168.3.117*,4,680,2,524,2,156
D4:F5:47:82:0E:C6,ALL,udp:37740,8.8.8.8*,4,680,2,156,2,524
D4:F5:47:82:0E:C6,ALL,udp:43525,192.168.3.117*,4,340,2,192,2,148
D4:F5:47:82:0E:C6,ALL,udp:43525,8.8.8.8*,4,340,2,148,2,192
D4:F5:47:82:0E:C6,ALL,udp:50051,192.168.3.117*,4,328,2,180,2,148
D4:F5:47:82:0E:C6,ALL,udp:50051,8.8.8.8*,4,328,2,148,2,180
D4:F5:47:82:0E:C6,ALL,udp:39713,192.168.3.117*,4,352,2,204,2,148
D4:F5:47:82:0E:C6,ALL,udp:39713,8.8.8.8*,4,352,2,148,2,204
D4:F5:47:82:0E:C6,ALL,udp:53666,192.168.3.117*,4,476,2,326,2,150
D4:F5:47:82:0E:C6,ALL,udp:53666,8.8.8.8*,4,476,2,150,2,326
D4:F5:47:82:0E:C6,ALL,udp:49200,192.168.3.117*,4,340,2,192,2,148
D4:F5:47:82:0E:C6,ALL,udp:49200,8.8.8.8*,4,340,2,148,2,192
D4:F5:47:82:0E:C6,ALL,udp:56823,192.168.3.117*,4,736,2,552,2,184
D4:F5:47:82:0E:C6,ALL,udp:56823,8.8.8.8*,4,736,2,184,2,552
D4:F5:47:82:0E:C6,ALL,udp:60182,192.168.3.117*,4,704,2,536,2,168
D4:F5:47:82:0E:C6,ALL,udp:60182,8.8.8.8*,4,704,2,168,2,536
D4:F5:47:82:0E:C6,ALL,udp:35372,192.168.3.117*,4,340,2,192,2,148
D4:F5:47:82:0E:C6,ALL,udp:35372,8.8.8.8*,4,340,2,148,2,192
D4:F5:47:82:0E:C6,ALL,udp:49472,192.168.3.117*,4,340,2,192,2,148
D4:F5:47:82:0E:C6,ALL,udp:49472,8.8.8.8*,4,340,2,148,2,192
D4:F5:47:82:0E:C6,ALL,udp:39228,192.168.3.117*,4,352,2,204,2,148
D4:F5:47:82:0E:C6,ALL,udp:39228,8.8.8.8*,4,352,2,148,2,204
D4:F5:47:82:0E:C6,ALL,udp:58744,216.239.35.12,2,180,1,90,1,90
D4:F5:47:82:0E:C6,ALL,udp:58744,8.8.8.8,4,352,2,148,2,204
D4:F5:47:82:0E:C6,ALL,udp:49676,192.168.3.117*,4,340,2,192,2,148
D4:F5:47:82:0E:C6,ALL,udp:49676,8.8.8.8*,4,340,2,148,2,192
D4:F5:47:82:0E:C6,ALL,udp:36946,192.168.3.117*,4,476,2,326,2,150
D4:F5:47:82:0E:C6,ALL,udp:36946,8.8.8.8*,4,476,2,150,2,326
D4:F5:47:82:0E:C6,ALL,udp:47983,192.168.3.117*,4,340,2,192,2,148
D4:F5:47:82:0E:C6,ALL,udp:47983,8.8.8.8*,4,340,2,148,2,192
D4:F5:47:82:0E:C6,ALL,udp:43075,192.168.3.117*,4,374,2,221,2,153
D4:F5:47:82:0E:C6,ALL,udp:43075,8.8.8.8*,4,374,2,153,2,221
D4:F5:47:82:0E:C6,ALL,udp:51939,192.168.3.117*,4,340,2,192,2,148
D4:F5:47:82:0E:C6,ALL,udp:51939,8.8.8.8*,4,340,2,148,2,192
D4:F5:47:82:0E:C6,ALL,udp:49548,192.168.3.117*,4,328,2,180,2,148
D4:F5:47:82:0E:C6,ALL,udp:49548,8.8.8.8*,4,328,2,148,2,180
D4:F5:47:82:0E:C6,ALL,udp:41280,192.168.3.117*,4,352,2,204,2,148
D4:F5:47:82:0E:C6,ALL,udp:41280,8.8.8.8*,4,352,2,148,2,204
D4:F5:47:82:0E:C6,ALL,udp:50039,192.168.3.117*,4,340,2,192,2,148
D4:F5:47:82:0E:C6,ALL,udp:50039,8.8.8.8*,4,340,2,148,2,192
D4:F5:47:82:0E:C6,ALL,udp:56476,192.168.3.117*,4,340,2,192,2,148
D4:F5:47:82:0E:C6,ALL,udp:56476,8.8.8.8*,4,340,2,148,2,192
D4:F5:47:82:0E:C6,ALL,udp:39924,192.168.3.117*,4,328,2,180,2,148
D4:F5:47:82:0E:C6,ALL,udp:39924,8.8.8.8*,4,328,2,148,2,180
D4:F5:47:82:0E:C6,ALL,udp:48819,192.168.3.117*,4,328,2,180,2,148
D4:F5:47:82:0E:C6,ALL,udp:48819,8.8.8.8*,4,328,2,148,2,180
D4:F5:47:82:0E:C6,ALL,udp:48266,192.168.3.117*,4,340,2,192,2,148
D4:F5:47:82:0E:C6,ALL,udp:48266,8.8.8.8*,4,340,2,148,2,192
D4:F5:47:82:0E:C6,ALL,udp:43898,192.168.3.117*,4,340,2,192,2,148
D4:F5:47:82:0E:C6,ALL,udp:43898,8.8.8.8*,4,340,2,148,2,192
D4:F5:47:82:0E:C6,ALL,udp:51049,192.168.3.117*,4,352,2,204,2,148
D4:F5:47:82:0E:C6,ALL,udp:51049,8.8.8.8*,4,352,2,148,2,204
D4:F5:47:82:0E:C6,ALL,udp:58365,192.168.3.117*,4,476,2,326,2,150
D4:F5:47:82:0E:C6,ALL,udp:58365,8.8.8.8*,4,476,2,150,2,326
D4:F5:47:82:0E:C6,ALL,udp:50457,192.168.3.117*,4,352,2,204,2,148
D4:F5:47:82:0E:C6,ALL,udp:50457,8.8.8.8*,4,352,2,148,2,204
D4:F5:47:82:0E:C6,ALL,udp:58572,192.168.3.117*,4,340,2,192,2,148
D4:F5:47:82:0E:C6,ALL,udp:58572,8.8.8.8*,4,340,2,148,2,192
D4:F5:47:82:0E:C6,ALL,udp:58173,192.168.3.117*,4,352,2,204,2,148
D4:F5:47:82:0E:C6,ALL,udp:58173,8.8.8.8*,4,352,2,148,2,204
D4:F5:47:82:0E:C6,ALL,udp:39653,192.168.3.117*,4,340,2,192,2,148
D4:F5:47:82:0E:C6,ALL,udp:39653,8.8.8.8*,4,340,2,148,2,192
D4:F5:47:82:0E:C6,ALL,udp:49404,192.168.3.117*,4,476,2,326,2,150
D4:F5:47:82:0E:C6,ALL,udp:49404,8.8.8.8*,4,476,2,150,2,326
D4:F5:47:82:0E:C6,ALL,udp:45214,192.168.3.117*,4,328,2,180,2,148
D4:F5:47:82:0E:C6,ALL,udp:45214,8.8.8.8*,4,328,2,148,2,180
D4:F5:47:82:0E:C6,ALL,udp:47763,192.168.3.117*,4,328,2,180,2,148
D4:F5:47:82:0E:C6,ALL,udp:47763,8.8.8.8*,4,328,2,148,2,180
D4:F5:47:82:0E:C6,ALL,udp:52830,192.168.3.117*,4,374,2,221,2,153
D4:F5:47:82:0E:C6,ALL,udp:52830,8.8.8.8*,4,374,2,153,2,221
D4:F5:47:82:0E:C6,ALL,udp:59855,216.239.35.12,2,180,1,90,1,90
D4:F5:47:82:0E:C6,ALL,udp:59855,8.8.8.8,4,328,2,148,2,180
D4:F5:47:82:0E:C6,ALL,udp:49506,192.168.3.117*,4,352,2,204,2,148
D4:F5:47:82:0E:C6,ALL,udp:49506,8.8.8.8*,4,352,2,148,2,204
D4:F5:47:82:0E:C6,ALL,udp:44012,192.168.3.117*,4,328,2,180,2,148
D4:F5:47:82:0E:C6,ALL,udp:44012,8.8.8.8*,4,328,2,148,2,180
D4:F5:47:82:0E:C6,ALL,udp:43886,192.168.3.117*,4,340,2,192,2,148
D4:F5:47:82:0E:C6,ALL,udp:43886,8.8.8.8*,4,340,2,148,2,192
D4:F5:47:82:0E:C6,ALL,udp:40500,192.168.3.117*,4,476,2,326,2,150
D4:F5:47:82:0E:C6,ALL,udp:40500,8.8.8.8*,4,476,2,150,2,326
D4:F5:47:82:0E:C6,ALL,udp:53835,192.168.3.117*,4,340,2,192,2,148
D4:F5:47:82:0E:C6,ALL,udp:53835,8.8.8.8*,4,340,2,148,2,192
D4:F5:47:82:0E:C6,ALL,udp:34101,192.168.3.117*,4,328,2,180,2,148
D4:F5:47:82:0E:C6,ALL,udp:34101,8.8.8.8*,4,328,2,148,2,180
D4:F5:47:82:0E:C6,ALL,udp:47136,216.239.35.4,2,180,1,90,1,90
D4:F5:47:82:0E:C6,ALL,udp:47136,8.8.8.8,4,340,2,148,2,192
D4:F5:47:82:0E:C6,ALL,udp:44518,192.168.3.117*,4,340,2,192,2,148
D4:F5:47:82:0E:C6,ALL,udp:44518,8.8.8.8*,4,340,2,148,2,192
D4:F5:47:82:0E:C6,ALL,udp:35905,192.168.3.117*,4,328,2,180,2,148
D4:F5:47:82:0E:C6,ALL,udp:35905,8.8.8.8*,4,328,2,148,2,180
D4:F5:47:82:0E:C6,ALL,udp:57356,192.168.3.117*,4,476,2,326,2,150
D4:F5:47:82:0E:C6,ALL,udp:57356,8.8.8.8*,4,476,2,150,2,326
D4:F5:47:82:0E:C6,ALL,udp:35729,192.168.3.117*,4,340,2,192,2,148
D4:F5:47:82:0E:C6,ALL,udp:35729,8.8.8.8*,4,340,2,148,2,192
D4:F5:47:82:0E:C6,ALL,udp:33185,192.168.3.117*,4,704,2,536,2,168
D4:F5:47:82:0E:C6,ALL,udp:33185,8.8.8.8*,4,704,2,168,2,536
D4:F5:47:82:0E:C6,ALL,udp:39282,192.168.3.117*,4,340,2,192,2,148
D4:F5:47:82:0E:C6,ALL,udp:39282,8.8.8.8*,4,340,2,148,2,192
D4:F5:47:82:0E:C6,ALL,udp:55305,192.168.3.117*,4,370,2,207,2,163
D4:F5:47:82:0E:C6,ALL,udp:55305,8.8.8.8*,4,370,2,163,2,207
D4:F5:47:82:0E:C6,ALL,udp:34903,192.168.3.117*,4,476,2,326,2,150
D4:F5:47:82:0E:C6,ALL,udp:34903,8.8.8.8*,4,476,2,150,2,326
D4:F5:47:82:0E:C6,ALL,udp:54247,192.168.3.117*,4,328,2,180,2,148
D4:F5:47:82:0E:C6,ALL,udp:54247,8.8.8.8*,4,328,2,148,2,180
D4:F5:47:82:0E:C6,ALL,udp:34840,192.168.3.117*,4,340,2,192,2,148
D4:F5:47:82:0E:C6,ALL,udp:34840,8.8.8.8*,4,340,2,148,2,192
D4:F5:47:82:0E:C6,ALL,udp:40515,192.168.3.117*,4,340,2,192,2,148
D4:F5:47:82:0E:C6,ALL,udp:40515,8.8.8.8*,4,340,2,148,2,192
D4:F5:47:82:0E:C6,ALL,udp:40588,192.168.3.117*,4,389,2,228,2,161
D4:F5:47:82:0E:C6,ALL,udp:40588,8.8.8.8*,4,389,2,161,2,228
D4:F5:47:82:0E:C6,ALL,udp:33505,192.168.3.117*,4,340,2,192,2,148
D4:F5:47:82:0E:C6,ALL,udp:33505,8.8.8.8*,4,340,2,148,2,192
D4:F5:47:82:0E:C6,ALL,udp:44798,192.168.3.117*,4,340,2,192,2,148
D4:F5:47:82:0E:C6,ALL,udp:44798,8.8.8.8*,4,340,2,148,2,192
D4:F5:47:82:0E:C6,ALL,udp:32837,192.168.3.117*,4,328,2,180,2,148
D4:F5:47:82:0E:C6,ALL,udp:32837,8.8.8.8*,4,328,2,148,2,180
D4:F5:47:82:0E:C6,ALL,udp:39173,192.168.3.117*,4,476,2,326,2,150
D4:F5:47:82:0E:C6,ALL,udp:39173,8.8.8.8*,4,476,2,150,2,326
D4:F5:47:82:0E:C6,ALL,udp:44597,192.168.3.117*,4,320,2,176,2,144
D4:F5:47:82:0E:C6,ALL,udp:44597,8.8.8.8*,4,320,2,144,2,176
D4:F5:47:82:0E:C6,ALL,udp:36043,142.251.32.110*,23,12424,13,9205,10,3219
D4:F5:47:82:0E:C6,ALL,udp:36043,8.8.8.8*,4,340,2,148,2,192
D4:F5:47:82:0E:C6,ALL,udp:51953,192.168.3.117*,4,340,2,192,2,148
D4:F5:47:82:0E:C6,ALL,udp:51953,8.8.8.8*,4,340,2,148,2,192
D4:F5:47:82:0E:C6,ALL,udp:43901,192.168.3.117*,4,476,2,326,2,150
D4:F5:47:82:0E:C6,ALL,udp:43901,8.8.8.8*,4,476,2,150,2,326
D4:F5:47:82:0E:C6,ALL,udp:50199,192.168.3.117*,4,340,2,192,2,148
D4:F5:47:82:0E:C6,ALL,udp:50199,8.8.8.8*,4,340,2,148,2,192
D4:F5:47:82:0E:C6,ALL,udp:39264,192.168.3.117*,4,340,2,192,2,148
D4:F5:47:82:0E:C6,ALL,udp:39264,8.8.8.8*,4,340,2,148,2,192
D4:F5:47:82:0E:C6,ALL,udp:37782,192.168.3.117*,4,389,2,228,2,161
D4:F5:47:82:0E:C6,ALL,udp:37782,8.8.8.8*,4,389,2,161,2,228
D4:F5:47:82:0E:C6,ALL,udp:39919,192.168.3.117*,4,362,2,209,2,153
D4:F5:47:82:0E:C6,ALL,udp:39919,8.8.8.8*,4,362,2,153,2,209
D4:F5:47:82:0E:C6,ALL,udp:35146,142.251.32.110*,16,10482,9,7033,7,3449
D4:F5:47:82:0E:C6,ALL,udp:35146,8.8.8.8*,4,352,2,148,2,204
D4:F5:47:82:0E:C6,ALL,udp:49621,192.168.3.117*,4,340,2,192,2,148
D4:F5:47:82:0E:C6,ALL,udp:49621,8.8.8.8*,4,340,2,148,2,192
D4:F5:47:82:0E:C6,ALL,udp:36874,192.168.3.117*,4,340,2,192,2,148
D4:F5:47:82:0E:C6,ALL,udp:36874,8.8.8.8*,4,340,2,148,2,192
D4:F5:47:82:0E:C6,ALL,udp:56405,192.168.3.117*,4,352,2,204,2,148
D4:F5:47:82:0E:C6,ALL,udp:56405,8.8.8.8*,4,352,2,148,2,204
D4:F5:47:82:0E:C6,ALL,udp:46485,192.168.3.117*,4,476,2,326,2,150
D4:F5:47:82:0E:C6,ALL,udp:46485,8.8.8.8*,4,476,2,150,2,326
D4:F5:47:82:0E:C6,ALL,udp:38716,192.168.3.117*,4,340,2,192,2,148
D4:F5:47:82:0E:C6,ALL,udp:38716,8.8.8.8*,4,340,2,148,2,192
D4:F5:47:82:0E:C6,ALL,udp:50091,192.168.3.117*,4,352,2,204,2,148
D4:F5:47:82:0E:C6,ALL,udp:50091,8.8.8.8*,4,352,2,148,2,204
D4:F5:47:82:0E:C6,ALL,udp:55926,192.168.3.117*,4,340,2,192,2,148
D4:F5:47:82:0E:C6,ALL,udp:55926,8.8.8.8*,4,340,2,148,2,192
D4:F5:47:82:0E:C6,ALL,udp:52273,192.168.3.117*,4,340,2,192,2,148
D4:F5:47:82:0E:C6,ALL,udp:52273,8.8.8.8*,4,340,2,148,2,192
D4:F5:47:82:0E:C6,ALL,udp:44652,192.168.3.117*,4,377,2,216,2,161
D4:F5:47:82:0E:C6,ALL,udp:44652,8.8.8.8*,4,377,2,161,2,216
D4:F5:47:82:0E:C6,ALL,udp:40017,192.168.3.117*,4,340,2,192,2,148
D4:F5:47:82:0E:C6,ALL,udp:40017,8.8.8.8*,4,340,2,148,2,192
D4:F5:47:82:0E:C6,ALL,udp:33035,192.168.3.117*,4,476,2,326,2,150
D4:F5:47:82:0E:C6,ALL,udp:33035,8.8.8.8*,4,476,2,150,2,326
D4:F5:47:82:0E:C6,ALL,udp:50598,192.168.3.117*,4,328,2,180,2,148
D4:F5:47:82:0E:C6,ALL,udp:50598,8.8.8.8*,4,328,2,148,2,180
D4:F5:47:82:0E:C6,ALL,udp:52784,192.168.3.117*,4,340,2,192,2,148
D4:F5:47:82:0E:C6,ALL,udp:52784,8.8.8.8*,4,340,2,148,2,192
D4:F5:47:82:0E:C6,ALL,udp:40629,192.168.3.117*,4,476,2,326,2,150
D4:F5:47:82:0E:C6,ALL,udp:40629,8.8.8.8*,4,476,2,150,2,326
D4:F5:47:82:0E:C6,ALL,udp:45186,192.168.3.117*,4,362,2,209,2,153
D4:F5:47:82:0E:C6,ALL,udp:45186,8.8.8.8*,4,362,2,153,2,209
D4:F5:47:82:0E:C6,ALL,udp:53147,192.168.3.117*,4,328,2,180,2,148
D4:F5:47:82:0E:C6,ALL,udp:53147,8.8.8.8*,4,328,2,148,2,180
D4:F5:47:82:0E:C6,ALL,udp:55757,192.168.3.117*,4,352,2,204,2,148
D4:F5:47:82:0E:C6,ALL,udp:55757,8.8.8.8*,4,352,2,148,2,204
D4:F5:47:82:0E:C6,ALL,udp:53846,192.168.3.117*,4,340,2,192,2,148
D4:F5:47:82:0E:C6,ALL,udp:53846,8.8.8.8*,4,340,2,148,2,192
D4:F5:47:82:0E:C6,ALL,udp:46512,192.168.3.117*,4,340,2,192,2,148
D4:F5:47:82:0E:C6,ALL,udp:46512,8.8.8.8*,4,340,2,148,2,192
D4:F5:47:82:0E:C6,ALL,udp:39418,192.168.3.117*,4,328,2,180,2,148
D4:F5:47:82:0E:C6,ALL,udp:39418,8.8.8.8*,4,328,2,148,2,180
D4:F5:47:82:0E:C6,ALL,udp:53930,192.168.3.117*,4,352,2,204,2,148
D4:F5:47:82:0E:C6,ALL,udp:53930,8.8.8.8*,4,352,2,148,2,204
D4:F5:47:82:0E:C6,ALL,udp:59631,216.239.35.4,2,180,1,90,1,90
D4:F5:47:82:0E:C6,ALL,udp:59631,8.8.8.8,4,680,2,156,2,524
D4:F5:47:82:0E:C6,ALL,udp:59564,192.168.3.117*,4,396,2,238,2,158
D4:F5:47:82:0E:C6,ALL,udp:59564,8.8.8.8*,4,396,2,158,2,238
D4:F5:47:82:0E:C6,ALL,udp:55376,192.168.3.117*,4,476,2,326,2,150
D4:F5:47:82:0E:C6,ALL,udp:55376,8.8.8.8*,4,476,2,150,2,326
D4:F5:47:82:0E:C6,ALL,udp:57714,192.168.3.117*,4,377,2,216,2,161
D4:F5:47:82:0E:C6,ALL,udp:57714,8.8.8.8*,4,377,2,161,2,216
D4:F5:47:82:0E:C6,ALL,udp:39219,192.168.3.117*,4,736,2,552,2,184
D4:F5:47:82:0E:C6,ALL,udp:39219,8.8.8.8*,4,736,2,184,2,552
D4:F5:47:82:0E:C6,ALL,udp:59858,192.168.3.117*,4,704,2,536,2,168
D4:F5:47:82:0E:C6,ALL,udp:59858,8.8.8.8*,4,704,2,168,2,536
D4:F5:47:82:0E:C6,ALL,udp:51574,192.168.3.117*,4,340,2,192,2,148
D4:F5:47:82:0E:C6,ALL,udp:51574,8.8.8.8*,4,340,2,148,2,192
D4:F5:47:82:0E:C6,ALL,udp:40739,192.168.3.117*,4,340,2,192,2,148
D4:F5:47:82:0E:C6,ALL,udp:40739,8.8.8.8*,4,340,2,148,2,192
D4:F5:47:82:0E:C6,ALL,udp:53063,192.168.3.117*,4,352,2,204,2,148
D4:F5:47:82:0E:C6,ALL,udp:53063,8.8.8.8*,4,352,2,148,2,204
D4:F5:47:82:0E:C6,ALL,udp:56781,192.168.3.117*,4,377,2,216,2,161
D4:F5:47:82:0E:C6,ALL,udp:56781,8.8.8.8*,4,377,2,161,2,216
D4:F5:47:82:0E:C6,ALL,udp:33747,192.168.3.117*,4,340,2,192,2,148
D4:F5:47:82:0E:C6,ALL,udp:33747,8.8.8.8*,4,340,2,148,2,192
D4:F5:47:82:0E:C6,ALL,udp:51105,142.251.32.110*,23,12415,13,9196,10,3219
D4:F5:47:82:0E:C6,ALL,udp:51105,8.8.8.8*,4,476,2,150,2,326
D4:F5:47:82:0E:C6,ALL,udp:58006,192.168.3.117*,4,328,2,180,2,148
D4:F5:47:82:0E:C6,ALL,udp:58006,8.8.8.8*,4,328,2,148,2,180
D4:F5:47:82:0E:C6,ALL,udp:47733,192.168.3.117*,4,328,2,180,2,148
D4:F5:47:82:0E:C6,ALL,udp:47733,8.8.8.8*,4,328,2,148,2,180
D4:F5:47:82:0E:C6,ALL,udp:43181,192.168.3.117*,4,340,2,192,2,148
D4:F5:47:82:0E:C6,ALL,udp:43181,8.8.8.8*,4,340,2,148,2,192
D4:F5:47:82:0E:C6,ALL,udp:49786,192.168.3.117*,4,476,2,326,2,150
D4:F5:47:82:0E:C6,ALL,udp:49786,8.8.8.8*,4,476,2,150,2,326
D4:F5:47:82:0E:C6,ALL,udp:40646,192.168.3.117*,4,340,2,192,2,148
D4:F5:47:82:0E:C6,ALL,udp:40646,8.8.8.8*,4,340,2,148,2,192
D4:F5:47:82:0E:C6,ALL,udp:36963,192.168.3.117*,4,328,2,180,2,148
D4:F5:47:82:0E:C6,ALL,udp:36963,8.8.8.8*,4,328,2,148,2,180
D4:F5:47:82:0E:C6,ALL,udp:58157,192.168.3.117*,4,340,2,192,2,148
D4:F5:47:82:0E:C6,ALL,udp:58157,8.8.8.8*,4,340,2,148,2,192
D4:F5:47:82:0E:C6,ALL,udp:53697,192.168.3.117*,4,352,2,204,2,148
D4:F5:47:82:0E:C6,ALL,udp:53697,8.8.8.8*,4,352,2,148,2,204
D4:F5:47:82:0E:C6,ALL,udp:52308,192.168.3.117*,4,476,2,326,2,150
D4:F5:47:82:0E:C6,ALL,udp:52308,8.8.8.8*,4,476,2,150,2,326
D4:F5:47:82:0E:C6,ALL,udp:47230,192.168.3.117*,4,340,2,192,2,148
D4:F5:47:82:0E:C6,ALL,udp:47230,8.8.8.8*,4,340,2,148,2,192
D4:F5:47:82:0E:C6,ALL,udp:53441,192.168.3.117*,4,328,2,180,2,148
D4:F5:47:82:0E:C6,ALL,udp:53441,8.8.8.8*,4,328,2,148,2,180
D4:F5:47:82:0E:C6,ALL,udp:51760,142.250.176.206*,23,12418,13,9199,10,3219
D4:F5:47:82:0E:C6,ALL,udp:51760,8.8.8.8*,4,340,2,148,2,192
D4:F5:47:82:0E:C6,ALL,udp:52425,192.168.3.117*,4,476,2,326,2,150
D4:F5:47:82:0E:C6,ALL,udp:52425,8.8.8.8*,4,476,2,150,2,326
D4:F5:47:82:0E:C6,ALL,udp:48941,192.168.3.117*,4,328,2,180,2,148
D4:F5:47:82:0E:C6,ALL,udp:48941,8.8.8.8*,4,328,2,148,2,180
D4:F5:47:82:0E:C6,ALL,udp:42363,192.168.3.117*,4,328,2,180,2,148
D4:F5:47:82:0E:C6,ALL,udp:42363,8.8.8.8*,4,328,2,148,2,180
D4:F5:47:82:0E:C6,ALL,udp:60883,192.168.3.117*,4,340,2,192,2,148
D4:F5:47:82:0E:C6,ALL,udp:60883,8.8.8.8*,4,340,2,148,2,192
D4:F5:47:82:0E:C6,ALL,udp:49501,192.168.3.117*,4,340,2,192,2,148
D4:F5:47:82:0E:C6,ALL,udp:49501,8.8.8.8*,4,340,2,148,2,192
D4:F5:47:82:0E:C6,ALL,udp:35622,192.168.3.117*,4,352,2,204,2,148
D4:F5:47:82:0E:C6,ALL,udp:35622,8.8.8.8*,4,352,2,148,2,204
D4:F5:47:82:0E:C6,ALL,udp:34600,216.239.35.0,2,180,1,90,1,90
D4:F5:47:82:0E:C6,ALL,udp:34600,8.8.8.8,4,340,2,148,2,192
D4:F5:47:82:0E:C6,ALL,udp:60376,192.168.3.117*,4,328,2,180,2,148
D4:F5:47:82:0E:C6,ALL,udp:60376,8.8.8.8*,4,328,2,148,2,180
D4:F5:47:82:0E:C6,ALL,udp:58261,192.168.3.117*,4,704,2,536,2,168
D4:F5:47:82:0E:C6,ALL,udp:58261,8.8.8.8*,4,704,2,168,2,536
D4:F5:47:82:0E:C6,ALL,udp:35923,192.168.3.117*,4,340,2,192,2,148
D4:F5:47:82:0E:C6,ALL,udp:35923,8.8.8.8*,4,340,2,148,2,192
D4:F5:47:82:0E:C6,ALL,udp:45114,192.168.3.117*,4,340,2,192,2,148
D4:F5:47:82:0E:C6,ALL,udp:45114,8.8.8.8*,4,340,2,148,2,192
D4:F5:47:82:0E:C6,ALL,udp:59784,192.168.3.117*,4,476,2,326,2,150
D4:F5:47:82:0E:C6,ALL,udp:59784,8.8.8.8*,4,476,2,150,2,326
D4:F5:47:82:0E:C6,ALL,udp:41065,192.168.3.117*,4,352,2,204,2,148
D4:F5:47:82:0E:C6,ALL,udp:41065,8.8.8.8*,4,352,2,148,2,204
D4:F5:47:82:0E:C6,ALL,udp:60436,192.168.3.117*,4,340,2,192,2,148
D4:F5:47:82:0E:C6,ALL,udp:60436,8.8.8.8*,4,340,2,148,2,192
D4:F5:47:82:0E:C6,ALL,udp:46046,192.168.3.117*,4,352,2,204,2,148
D4:F5:47:82:0E:C6,ALL,udp:46046,8.8.8.8*,4,352,2,148,2,204
D4:F5:47:82:0E:C6,ALL,udp:60307,192.168.3.117*,4,340,2,192,2,148
D4:F5:47:82:0E:C6,ALL,udp:60307,8.8.8.8*,4,340,2,148,2,192
D4:F5:47:82:0E:C6,ALL,udp:36104,192.168.3.117*,4,352,2,204,2,148
D4:F5:47:82:0E:C6,ALL,udp:36104,8.8.8.8*,4,352,2,148,2,204
D4:F5:47:82:0E:C6,ALL,udp:39043,192.168.3.117*,4,476,2,326,2,150
D4:F5:47:82:0E:C6,ALL,udp:39043,8.8.8.8*,4,476,2,150,2,326
D4:F5:47:82:0E:C6,ALL,udp:50548,192.168.3.117*,4,340,2,192,2,148
D4:F5:47:82:0E:C6,ALL,udp:50548,8.8.8.8*,4,340,2,148,2,192
D4:F5:47:82:0E:C6,ALL,udp:48482,192.168.3.117*,4,340,2,192,2,148
D4:F5:47:82:0E:C6,ALL,udp:48482,8.8.8.8*,4,340,2,148,2,192
D4:F5:47:82:0E:C6,ALL,udp:59499,192.168.3.117*,4,340,2,192,2,148
D4:F5:47:82:0E:C6,ALL,udp:59499,8.8.8.8*,4,340,2,148,2,192
D4:F5:47:82:0E:C6,ALL,udp:45507,192.168.3.117*,4,328,2,180,2,148
D4:F5:47:82:0E:C6,ALL,udp:45507,8.8.8.8*,4,328,2,148,2,180
D4:F5:47:82:0E:C6,ALL,udp:53367,192.168.3.117*,4,352,2,204,2,148
D4:F5:47:82:0E:C6,ALL,udp:53367,8.8.8.8*,4,352,2,148,2,204
D4:F5:47:82:0E:C6,ALL,udp:34674,192.168.3.117*,4,476,2,326,2,150
D4:F5:47:82:0E:C6,ALL,udp:34674,8.8.8.8*,4,476,2,150,2,326
D4:F5:47:82:0E:C6,ALL,udp:41103,192.168.3.117*,4,340,2,192,2,148
D4:F5:47:82:0E:C6,ALL,udp:41103,8.8.8.8*,4,340,2,148,2,192
D4:F5:47:82:0E:C6,ALL,udp:35124,192.168.3.117*,4,340,2,192,2,148
D4:F5:47:82:0E:C6,ALL,udp:35124,8.8.8.8*,4,340,2,148,2,192
D4:F5:47:82:0E:C6,ALL,udp:52624,192.168.3.117*,4,340,2,192,2,148
D4:F5:47:82:0E:C6,ALL,udp:52624,8.8.8.8*,4,340,2,148,2,192
D4:F5:47:82:0E:C6,ALL,udp:36355,192.168.3.117*,4,352,2,204,2,148
D4:F5:47:82:0E:C6,ALL,udp:36355,8.8.8.8*,4,352,2,148,2,204
D4:F5:47:82:0E:C6,ALL,udp:48299,142.251.32.110*,23,12415,13,9196,10,3219
D4:F5:47:82:0E:C6,ALL,udp:48299,8.8.8.8*,4,476,2,150,2,326
D4:F5:47:82:0E:C6,ALL,udp:60746,192.168.3.117*,4,476,2,326,2,150
D4:F5:47:82:0E:C6,ALL,udp:60746,8.8.8.8*,4,476,2,150,2,326
D4:F5:47:82:0E:C6,ALL,udp:35946,142.250.64.78*,20,10871,12,7357,8,3514
D4:F5:47:82:0E:C6,ALL,udp:35946,8.8.8.8*,4,328,2,148,2,180
D4:F5:47:82:0E:C6,ALL,udp:49355,192.168.3.117*,4,352,2,204,2,148
D4:F5:47:82:0E:C6,ALL,udp:49355,8.8.8.8*,4,352,2,148,2,204
D4:F5:47:82:0E:C6,ALL,udp:49630,192.168.3.117*,4,352,2,204,2,148
D4:F5:47:82:0E:C6,ALL,udp:49630,8.8.8.8*,4,352,2,148,2,204
D4:F5:47:82:0E:C6,ALL,udp:54552,192.168.3.117*,4,328,2,180,2,148
D4:F5:47:82:0E:C6,ALL,udp:54552,8.8.8.8*,4,328,2,148,2,180
D4:F5:47:82:0E:C6,ALL,udp:57553,192.168.3.117*,4,340,2,192,2,148
D4:F5:47:82:0E:C6,ALL,udp:57553,8.8.8.8*,4,340,2,148,2,192
D4:F5:47:82:0E:C6,ALL,udp:54060,192.168.3.117*,4,680,2,524,2,156
D4:F5:47:82:0E:C6,ALL,udp:54060,8.8.8.8*,4,680,2,156,2,524
D4:F5:47:82:0E:C6,ALL,udp:35552,192.168.3.117*,4,352,2,204,2,148
D4:F5:47:82:0E:C6,ALL,udp:35552,8.8.8.8*,4,352,2,148,2,204
D4:F5:47:82:0E:C6,ALL,udp:53980,192.168.3.117*,4,374,2,221,2,153
D4:F5:47:82:0E:C6,ALL,udp:53980,8.8.8.8*,4,374,2,153,2,221
D4:F5:47:82:0E:C6,ALL,udp:44716,192.168.3.117*,4,340,2,192,2,148
D4:F5:47:82:0E:C6,ALL,udp:44716,8.8.8.8*,4,340,2,148,2,192
D4:F5:47:82:0E:C6,ALL,udp:52560,192.168.3.117*,4,736,2,552,2,184
D4:F5:47:82:0E:C6,ALL,udp:52560,8.8.8.8*,4,736,2,184,2,552
D4:F5:47:82:0E:C6,ALL,udp:58525,192.168.3.117*,4,328,2,180,2,148
D4:F5:47:82:0E:C6,ALL,udp:58525,8.8.8.8*,4,328,2,148,2,180
D4:F5:47:82:0E:C6,ALL,udp:59421,192.168.3.117*,4,340,2,192,2,148
D4:F5:47:82:0E:C6,ALL,udp:59421,8.8.8.8*,4,340,2,148,2,192
D4:F5:47:82:0E:C6,ALL,udp:32801,192.168.3.117*,4,476,2,326,2,150
D4:F5:47:82:0E:C6,ALL,udp:32801,8.8.8.8*,4,476,2,150,2,326
D4:F5:47:82:0E:C6,ALL,udp:56752,192.168.3.117*,4,377,2,216,2,161
D4:F5:47:82:0E:C6,ALL,udp:56752,8.8.8.8*,4,377,2,161,2,216
D4:F5:47:82:0E:C6,ALL,udp:54049,192.168.3.117*,4,389,2,228,2,161
D4:F5:47:82:0E:C6,ALL,udp:54049,8.8.8.8*,4,389,2,161,2,228
D4:F5:47:82:0E:C6,ALL,udp:53545,192.168.3.117*,4,389,2,228,2,161
D4:F5:47:82:0E:C6,ALL,udp:53545,8.8.8.8*,4,389,2,161,2,228
D4:F5:47:82:0E:C6,ALL,udp:37189,192.168.3.117*,4,328,2,180,2,148
D4:F5:47:82:0E:C6,ALL,udp:37189,8.8.8.8*,4,328,2,148,2,180
D4:F5:47:82:0E:C6,ALL,udp:32941,192.168.3.117*,4,389,2,228,2,161
D4:F5:47:82:0E:C6,ALL,udp:32941,8.8.8.8*,4,389,2,161,2,228
D4:F5:47:82:0E:C6,ALL,udp:46247,192.168.3.117*,4,328,2,180,2,148
D4:F5:47:82:0E:C6,ALL,udp:46247,8.8.8.8*,4,328,2,148,2,180
D4:F5:47:82:0E:C6,ALL,udp:48151,192.168.3.117*,4,476,2,326,2,150
D4:F5:47:82:0E:C6,ALL,udp:48151,8.8.8.8*,4,476,2,150,2,326
D4:F5:47:82:0E:C6,ALL,udp:50293,192.168.3.117*,4,352,2,204,2,148
D4:F5:47:82:0E:C6,ALL,udp:50293,8.8.8.8*,4,352,2,148,2,204
D4:F5:47:82:0E:C6,ALL,udp:39294,192.168.3.117*,4,352,2,204,2,148
D4:F5:47:82:0E:C6,ALL,udp:39294,8.8.8.8*,4,352,2,148,2,204
D4:F5:47:82:0E:C6,ALL,udp:34606,142.251.32.110*,20,10872,12,7358,8,3514
D4:F5:47:82:0E:C6,ALL,udp:34606,8.8.8.8*,4,352,2,148,2,204
D4:F5:47:82:0E:C6,ALL,udp:45512,192.168.3.117*,4,476,2,326,2,150
D4:F5:47:82:0E:C6,ALL,udp:45512,8.8.8.8*,4,476,2,150,2,326
D4:F5:47:82:0E:C6,ALL,udp:49023,192.168.3.117*,4,340,2,192,2,148
D4:F5:47:82:0E:C6,ALL,udp:49023,8.8.8.8*,4,340,2,148,2,192
D4:F5:47:82:0E:C6,ALL,udp:50218,192.168.3.117*,4,340,2,192,2,148
D4:F5:47:82:0E:C6,ALL,udp:50218,8.8.8.8*,4,340,2,148,2,192
D4:F5:47:82:0E:C6,ALL,udp:49768,192.168.3.117*,4,340,2,192,2,148
D4:F5:47:82:0E:C6,ALL,udp:49768,8.8.8.8*,4,340,2,148,2,192
D4:F5:47:82:0E:C6,ALL,udp:55551,192.168.3.117*,4,476,2,326,2,150
D4:F5:47:82:0E:C6,ALL,udp:55551,8.8.8.8*,4,476,2,150,2,326
D4:F5:47:82:0E:C6,ALL,udp:58352,192.168.3.117*,4,328,2,180,2,148
D4:F5:47:82:0E:C6,ALL,udp:58352,8.8.8.8*,4,328,2,148,2,180
D4:F5:47:82:0E:C6,ALL,udp:39331,192.168.3.117*,4,352,2,204,2,148
D4:F5:47:82:0E:C6,ALL,udp:39331,8.8.8.8*,4,352,2,148,2,204
D4:F5:47:82:0E:C6,ALL,udp:45058,192.168.3.117*,4,389,2,228,2,161
D4:F5:47:82:0E:C6,ALL,udp:45058,8.8.8.8*,4,389,2,161,2,228
D4:F5:47:82:0E:C6,ALL,udp:38989,192.168.3.117*,4,352,2,204,2,148
D4:F5:47:82:0E:C6,ALL,udp:38989,8.8.8.8*,4,352,2,148,2,204
D4:F5:47:82:0E:C6,ALL,udp:48346,192.168.3.117*,4,389,2,228,2,161
D4:F5:47:82:0E:C6,ALL,udp:48346,8.8.8.8*,4,389,2,161,2,228
D4:F5:47:82:0E:C6,ALL,udp:59762,192.168.3.117*,4,340,2,192,2,148
D4:F5:47:82:0E:C6,ALL,udp:59762,8.8.8.8*,4,340,2,148,2,192
D4:F5:47:82:0E:C6,ALL,udp:36060,192.168.3.117*,4,358,2,195,2,163
D4:F5:47:82:0E:C6,ALL,udp:36060,8.8.8.8*,4,358,2,163,2,195
D4:F5:47:82:0E:C6,ALL,udp:52404,192.168.3.117*,4,476,2,326,2,150
D4:F5:47:82:0E:C6,ALL,udp:52404,8.8.8.8*,4,476,2,150,2,326
D4:F5:47:82:0E:C6,ALL,udp:33551,192.168.3.117*,4,476,2,326,2,150
D4:F5:47:82:0E:C6,ALL,udp:33551,8.8.8.8*,4,476,2,150,2,326
D4:F5:47:82:0E:C6,ALL,udp:48825,192.168.3.117*,4,340,2,192,2,148
D4:F5:47:82:0E:C6,ALL,udp:48825,8.8.8.8*,4,340,2,148,2,192
D4:F5:47:82:0E:C6,ALL,udp:39397,192.168.3.117*,4,352,2,204,2,148
D4:F5:47:82:0E:C6,ALL,udp:39397,8.8.8.8*,4,352,2,148,2,204
D4:F5:47:82:0E:C6,ALL,udp:57848,192.168.3.117*,4,340,2,192,2,148
D4:F5:47:82:0E:C6,ALL,udp:57848,8.8.8.8*,4,340,2,148,2,192
D4:F5:47:82:0E:C6,ALL,udp:37786,192.168.3.117*,4,476,2,326,2,150
D4:F5:47:82:0E:C6,ALL,udp:37786,8.8.8.8*,4,476,2,150,2,326
D4:F5:47:82:0E:C6,ALL,udp:50997,192.168.3.117*,4,374,2,221,2,153
D4:F5:47:82:0E:C6,ALL,udp:50997,8.8.8.8*,4,374,2,153,2,221
D4:F5:47:82:0E:C6,ALL,udp:60939,192.168.3.117*,4,328,2,180,2,148
D4:F5:47:82:0E:C6,ALL,udp:60939,8.8.8.8*,4,328,2,148,2,180
D4:F5:47:82:0E:C6,ALL,udp:52652,192.168.3.117*,4,352,2,204,2,148
D4:F5:47:82:0E:C6,ALL,udp:52652,8.8.8.8*,4,352,2,148,2,204
D4:F5:47:82:0E:C6,ALL,udp:35871,216.239.35.12,2,180,1,90,1,90
D4:F5:47:82:0E:C6,ALL,udp:35871,8.8.8.8,4,340,2,148,2,192
D4:F5:47:82:0E:C6,ALL,udp:60499,192.168.3.117*,4,328,2,180,2,148
D4:F5:47:82:0E:C6,ALL,udp:60499,8.8.8.8*,4,328,2,148,2,180
D4:F5:47:82:0E:C6,ALL,udp:48726,192.168.3.117*,4,352,2,204,2,148
D4:F5:47:82:0E:C6,ALL,udp:48726,8.8.8.8*,4,352,2,148,2,204
D4:F5:47:82:0E:C6,ALL,udp:49559,192.168.3.117*,4,704,2,536,2,168
D4:F5:47:82:0E:C6,ALL,udp:49559,8.8.8.8*,4,704,2,168,2,536
D4:F5:47:82:0E:C6,ALL,udp:51119,192.168.3.117*,4,340,2,192,2,148
D4:F5:47:82:0E:C6,ALL,udp:51119,8.8.8.8*,4,340,2,148,2,192
D4:F5:47:82:0E:C6,ALL,udp:55661,192.168.3.117*,4,340,2,192,2,148
D4:F5:47:82:0E:C6,ALL,udp:55661,8.8.8.8*,4,340,2,148,2,192
D4:F5:47:82:0E:C6,ALL,udp:52924,192.168.3.117*,4,476,2,326,2,150
D4:F5:47:82:0E:C6,ALL,udp:52924,8.8.8.8*,4,476,2,150,2,326
D4:F5:47:82:0E:C6,ALL,udp:48381,192.168.3.117*,4,340,2,192,2,148
D4:F5:47:82:0E:C6,ALL,udp:48381,8.8.8.8*,4,340,2,148,2,192
D4:F5:47:82:0E:C6,ALL,udp:49226,192.168.3.117*,4,476,2,326,2,150
D4:F5:47:82:0E:C6,ALL,udp:49226,8.8.8.8*,4,476,2,150,2,326
D4:F5:47:82:0E:C6,ALL,udp:51292,192.168.3.117*,4,340,2,192,2,148
D4:F5:47:82:0E:C6,ALL,udp:51292,8.8.8.8*,4,340,2,148,2,192
D4:F5:47:82:0E:C6,ALL,udp:35532,192.168.3.117*,4,340,2,192,2,148
D4:F5:47:82:0E:C6,ALL,udp:35532,8.8.8.8*,4,340,2,148,2,192
D4:F5:47:82:0E:C6,ALL,udp:43282,192.168.3.117*,4,328,2,180,2,148
D4:F5:47:82:0E:C6,ALL,udp:43282,8.8.8.8*,4,328,2,148,2,180
D4:F5:47:82:0E:C6,ALL,udp:54344,192.168.3.117*,4,328,2,180,2,148
D4:F5:47:82:0E:C6,ALL,udp:54344,8.8.8.8*,4,328,2,148,2,180
D4:F5:47:82:0E:C6,ALL,udp:51041,192.168.3.117*,4,352,2,204,2,148
D4:F5:47:82:0E:C6,ALL,udp:51041,8.8.8.8*,4,352,2,148,2,204
D4:F5:47:82:0E:C6,ALL,udp:47498,192.168.3.117*,4,476,2,326,2,150
D4:F5:47:82:0E:C6,ALL,udp:47498,8.8.8.8*,4,476,2,150,2,326
D4:F5:47:82:0E:C6,ALL,udp:38411,192.168.3.117*,4,340,2,192,2,148
D4:F5:47:82:0E:C6,ALL,udp:38411,8.8.8.8*,4,340,2,148,2,192
D4:F5:47:82:0E:C6,ALL,udp:45418,192.168.3.117*,4,352,2,204,2,148
D4:F5:47:82:0E:C6,ALL,udp:45418,8.8.8.8*,4,352,2,148,2,204
D4:F5:47:82:0E:C6,ALL,udp:41166,192.168.3.117*,4,352,2,204,2,148
D4:F5:47:82:0E:C6,ALL,udp:41166,8.8.8.8*,4,352,2,148,2,204
D4:F5:47:82:0E:C6,ALL,udp:34701,192.168.3.117*,4,340,2,192,2,148
D4:F5:47:82:0E:C6,ALL,udp:34701,8.8.8.8*,4,340,2,148,2,192
D4:F5:47:82:0E:C6,ALL,udp:59494,192.168.3.117*,4,476,2,326,2,150
D4:F5:47:82:0E:C6,ALL,udp:59494,8.8.8.8*,4,476,2,150,2,326
D4:F5:47:82:0E:C6,ALL,udp:36590,192.168.3.117*,4,352,2,204,2,148
D4:F5:47:82:0E:C6,ALL,udp:36590,8.8.8.8*,4,352,2,148,2,204
D4:F5:47:82:0E:C6,ALL,udp:49609,192.168.3.117*,4,362,2,209,2,153
D4:F5:47:82:0E:C6,ALL,udp:49609,8.8.8.8*,4,362,2,153,2,209
D4:F5:47:82:0E:C6,ALL,udp:45239,192.168.3.117*,4,340,2,192,2,148
D4:F5:47:82:0E:C6,ALL,udp:45239,8.8.8.8*,4,340,2,148,2,192
D4:F5:47:82:0E:C6,ALL,udp:47366,192.168.3.117*,4,476,2,326,2,150
D4:F5:47:82:0E:C6,ALL,udp:47366,8.8.8.8*,4,476,2,150,2,326
D4:F5:47:82:0E:C6,ALL,udp:52198,192.168.3.117*,4,340,2,192,2,148
D4:F5:47:82:0E:C6,ALL,udp:52198,8.8.8.8*,4,340,2,148,2,192
D4:F5:47:82:0E:C6,ALL,udp:52827,192.168.3.117*,4,476,2,326,2,150
D4:F5:47:82:0E:C6,ALL,udp:52827,8.8.8.8*,4,476,2,150,2,326
D4:F5:47:82:0E:C6,ALL,udp:45232,192.168.3.117*,4,476,2,326,2,150
D4:F5:47:82:0E:C6,ALL,udp:45232,8.8.8.8*,4,476,2,150,2,326
D4:F5:47:82:0E:C6,ALL,udp:52626,192.168.3.117*,4,352,2,204,2,148
D4:F5:47:82:0E:C6,ALL,udp:52626,8.8.8.8*,4,352,2,148,2,204
D4:F5:47:82:0E:C6,ALL,udp:39674,216.239.35.12,2,180,1,90,1,90
D4:F5:47:82:0E:C6,ALL,udp:39674,8.8.8.8,4,340,2,148,2,192
D4:F5:47:82:0E:C6,ALL,udp:51631,192.168.3.117*,4,340,2,192,2,148
D4:F5:47:82:0E:C6,ALL,udp:51631,8.8.8.8*,4,340,2,148,2,192
D4:F5:47:82:0E:C6,ALL,udp:58737,192.168.3.117*,4,476,2,326,2,150
D4:F5:47:82:0E:C6,ALL,udp:58737,8.8.8.8*,4,476,2,150,2,326
D4:F5:47:82:0E:C6,ALL,udp:38857,142.251.32.110*,23,11076,13,7426,10,3650
D4:F5:47:82:0E:C6,ALL,udp:38857,8.8.8.8*,4,362,2,153,2,209
D4:F5:47:82:0E:C6,ALL,udp:38948,192.168.3.117*,4,736,2,552,2,184
D4:F5:47:82:0E:C6,ALL,udp:38948,8.8.8.8*,4,736,2,184,2,552
D4:F5:47:82:0E:C6,ALL,udp:35572,192.168.3.117*,4,704,2,536,2,168
D4:F5:47:82:0E:C6,ALL,udp:35572,8.8.8.8*,4,704,2,168,2,536
D4:F5:47:82:0E:C6,ALL,udp:60194,192.168.3.117*,4,340,2,192,2,148
D4:F5:47:82:0E:C6,ALL,udp:60194,8.8.8.8*,4,340,2,148,2,192
D4:F5:47:82:0E:C6,ALL,udp:54297,192.168.3.117*,4,340,2,192,2,148
D4:F5:47:82:0E:C6,ALL,udp:54297,8.8.8.8*,4,340,2,148,2,192
D4:F5:47:82:0E:C6,ALL,udp:43109,192.168.3.117*,4,328,2,180,2,148
D4:F5:47:82:0E:C6,ALL,udp:43109,8.8.8.8*,4,328,2,148,2,180
D4:F5:47:82:0E:C6,ALL,udp:33750,192.168.3.117*,4,389,2,228,2,161
D4:F5:47:82:0E:C6,ALL,udp:33750,8.8.8.8*,4,389,2,161,2,228
D4:F5:47:82:0E:C6,ALL,udp:36319,142.251.32.110*,20,10871,12,7357,8,3514
D4:F5:47:82:0E:C6,ALL,udp:36319,8.8.8.8*,4,352,2,148,2,204
D4:F5:47:82:0E:C6,ALL,udp:35582,192.168.3.117*,4,374,2,221,2,153
D4:F5:47:82:0E:C6,ALL,udp:35582,8.8.8.8*,4,374,2,153,2,221
D4:F5:47:82:0E:C6,ALL,udp:47004,192.168.3.117*,4,340,2,192,2,148
D4:F5:47:82:0E:C6,ALL,udp:47004,8.8.8.8*,4,340,2,148,2,192
D4:F5:47:82:0E:C6,ALL,udp:56652,192.168.3.117*,4,328,2,180,2,148
D4:F5:47:82:0E:C6,ALL,udp:56652,8.8.8.8*,4,328,2,148,2,180
D4:F5:47:82:0E:C6,ALL,udp:35613,192.168.3.117*,4,328,2,180,2,148
D4:F5:47:82:0E:C6,ALL,udp:35613,8.8.8.8*,4,328,2,148,2,180
D4:F5:47:82:0E:C6,ALL,udp:40854,192.168.3.117*,4,476,2,326,2,150
D4:F5:47:82:0E:C6,ALL,udp:40854,8.8.8.8*,4,476,2,150,2,326
D4:F5:47:82:0E:C6,ALL,udp:46259,192.168.3.117*,4,340,2,192,2,148
D4:F5:47:82:0E:C6,ALL,udp:46259,8.8.8.8*,4,340,2,148,2,192
D4:F5:47:82:0E:C6,ALL,udp:36610,192.168.3.117*,4,340,2,192,2,148
D4:F5:47:82:0E:C6,ALL,udp:36610,8.8.8.8*,4,340,2,148,2,192
D4:F5:47:82:0E:C6,ALL,udp:39023,192.168.3.117*,4,328,2,180,2,148
D4:F5:47:82:0E:C6,ALL,udp:39023,8.8.8.8*,4,328,2,148,2,180
D4:F5:47:82:0E:C6,ALL,udp:56212,192.168.3.117*,4,340,2,192,2,148
D4:F5:47:82:0E:C6,ALL,udp:56212,8.8.8.8*,4,340,2,148,2,192
D4:F5:47:82:0E:C6,ALL,udp:56574,192.168.3.117*,4,476,2,326,2,150
D4:F5:47:82:0E:C6,ALL,udp:56574,8.8.8.8*,4,476,2,150,2,326
D4:F5:47:82:0E:C6,ALL,udp:52662,192.168.3.117*,4,340,2,192,2,148
D4:F5:47:82:0E:C6,ALL,udp:52662,8.8.8.8*,4,340,2,148,2,192
D4:F5:47:82:0E:C6,ALL,udp:51496,192.168.3.117*,4,328,2,180,2,148
D4:F5:47:82:0E:C6,ALL,udp:51496,8.8.8.8*,4,328,2,148,2,180
D4:F5:47:82:0E:C6,ALL,udp:47681,192.168.3.117*,4,352,2,204,2,148
D4:F5:47:82:0E:C6,ALL,udp:47681,8.8.8.8*,4,352,2,148,2,204
D4:F5:47:82:0E:C6,ALL,udp:59023,192.168.3.117*,4,374,2,221,2,153
D4:F5:47:82:0E:C6,ALL,udp:59023,8.8.8.8*,4,374,2,153,2,221
D4:F5:47:82:0E:C6,ALL,udp:59632,192.168.3.117*,4,352,2,204,2,148
D4:F5:47:82:0E:C6,ALL,udp:59632,8.8.8.8*,4,352,2,148,2,204
D4:F5:47:82:0E:C6,ALL,udp:56118,192.168.3.117*,4,340,2,192,2,148
D4:F5:47:82:0E:C6,ALL,udp:56118,8.8.8.8*,4,340,2,148,2,192
D4:F5:47:82:0E:C6,ALL,udp:41629,192.168.3.117*,4,328,2,180,2,148
D4:F5:47:82:0E:C6,ALL,udp:41629,8.8.8.8*,4,328,2,148,2,180
D4:F5:47:82:0E:C6,ALL,udp:41394,192.168.3.117*,4,476,2,326,2,150
D4:F5:47:82:0E:C6,ALL,udp:41394,8.8.8.8*,4,476,2,150,2,326
D4:F5:47:82:0E:C6,ALL,udp:39975,192.168.3.117*,4,374,2,221,2,153
D4:F5:47:82:0E:C6,ALL,udp:39975,8.8.8.8*,4,374,2,153,2,221
D4:F5:47:82:0E:C6,ALL,udp:56439,192.168.3.117*,4,476,2,326,2,150
D4:F5:47:82:0E:C6,ALL,udp:56439,8.8.8.8*,4,476,2,150,2,326
D4:F5:47:82:0E:C6,ALL,udp:34211,192.168.3.117*,4,340,2,192,2,148
D4:F5:47:82:0E:C6,ALL,udp:34211,8.8.8.8*,4,340,2,148,2,192
D4:F5:47:82:0E:C6,ALL,udp:40710,192.168.3.117*,4,340,2,192,2,148
D4:F5:47:82:0E:C6,ALL,udp:40710,8.8.8.8*,4,340,2,148,2,192
D4:F5:47:82:0E:C6,ALL,udp:57989,192.168.3.117*,4,340,2,192,2,148
D4:F5:47:82:0E:C6,ALL,udp:57989,8.8.8.8*,4,340,2,148,2,192
D4:F5:47:82:0E:C6,ALL,udp:47025,192.168.3.117*,4,704,2,536,2,168
D4:F5:47:82:0E:C6,ALL,udp:47025,8.8.8.8*,4,704,2,168,2,536
D4:F5:47:82:0E:C6,ALL,udp:52694,192.168.3.117*,4,476,2,326,2,150
D4:F5:47:82:0E:C6,ALL,udp:52694,8.8.8.8*,4,476,2,150,2,326
D4:F5:47:82:0E:C6,ALL,udp:49899,192.168.3.117*,4,340,2,192,2,148
D4:F5:47:82:0E:C6,ALL,udp:49899,8.8.8.8*,4,340,2,148,2,192
D4:F5:47:82:0E:C6,ALL,udp:48368,192.168.3.117*,4,340,2,192,2,148
D4:F5:47:82:0E:C6,ALL,udp:48368,8.8.8.8*,4,340,2,148,2,192
D4:F5:47:82:0E:C6,ALL,udp:60161,192.168.3.117*,4,476,2,326,2,150
D4:F5:47:82:0E:C6,ALL,udp:60161,8.8.8.8*,4,476,2,150,2,326
D4:F5:47:82:0E:C6,ALL,udp:50923,192.168.3.117*,4,362,2,209,2,153
D4:F5:47:82:0E:C6,ALL,udp:50923,8.8.8.8*,4,362,2,153,2,209
D4:F5:47:82:0E:C6,ALL,udp:49060,192.168.3.117*,4,328,2,180,2,148
D4:F5:47:82:0E:C6,ALL,udp:49060,8.8.8.8*,4,328,2,148,2,180
D4:F5:47:82:0E:C6,ALL,udp:58800,192.168.3.117*,4,340,2,192,2,148
D4:F5:47:82:0E:C6,ALL,udp:58800,8.8.8.8*,4,340,2,148,2,192
D4:F5:47:82:0E:C6,ALL,udp:34337,192.168.3.117*,4,476,2,326,2,150
D4:F5:47:82:0E:C6,ALL,udp:34337,8.8.8.8*,4,476,2,150,2,326
D4:F5:47:82:0E:C6,ALL,udp:42915,192.168.3.117*,4,340,2,192,2,148
D4:F5:47:82:0E:C6,ALL,udp:42915,8.8.8.8*,4,340,2,148,2,192
D4:F5:47:82:0E:C6,ALL,udp:45030,192.168.3.117*,4,358,2,195,2,163
D4:F5:47:82:0E:C6,ALL,udp:45030,8.8.8.8*,4,358,2,163,2,195
D4:F5:47:82:0E:C6,ALL,udp:32993,192.168.3.117*,4,340,2,192,2,148
D4:F5:47:82:0E:C6,ALL,udp:32993,8.8.8.8*,4,340,2,148,2,192
D4:F5:47:82:0E:C6,ALL,udp:43833,192.168.3.117*,4,352,2,204,2,148
D4:F5:47:82:0E:C6,ALL,udp:43833,8.8.8.8*,4,352,2,148,2,204
D4:F5:47:82:0E:C6,ALL,udp:47302,192.168.3.117*,4,476,2,326,2,150
D4:F5:47:82:0E:C6,ALL,udp:47302,8.8.8.8*,4,476,2,150,2,326
D4:F5:47:82:0E:C6,ALL,udp:45053,192.168.3.117*,4,476,2,326,2,150
D4:F5:47:82:0E:C6,ALL,udp:45053,8.8.8.8*,4,476,2,150,2,326
D4:F5:47:82:0E:C6,ALL,udp:55260,192.168.3.117*,4,340,2,192,2,148
D4:F5:47:82:0E:C6,ALL,udp:55260,8.8.8.8*,4,340,2,148,2,192
D4:F5:47:82:0E:C6,ALL,udp:39118,192.168.3.117*,4,340,2,192,2,148
D4:F5:47:82:0E:C6,ALL,udp:39118,8.8.8.8*,4,340,2,148,2,192
D4:F5:47:82:0E:C6,ALL,udp:42831,192.168.3.117*,4,476,2,326,2,150
D4:F5:47:82:0E:C6,ALL,udp:42831,8.8.8.8*,4,476,2,150,2,326
D4:F5:47:82:0E:C6,ALL,udp:43022,192.168.3.117*,4,392,2,240,2,152
D4:F5:47:82:0E:C6,ALL,udp:43022,8.8.8.8*,4,392,2,152,2,240
D4:F5:47:82:0E:C6,ALL,udp:32828,192.168.3.117*,4,400,2,222,2,178
D4:F5:47:82:0E:C6,ALL,udp:32828,8.8.8.8*,4,400,2,178,2,222
D4:F5:47:82:0E:C6,ALL,udp:55879,192.168.3.117*,4,680,2,524,2,156
D4:F5:47:82:0E:C6,ALL,udp:55879,8.8.8.8*,4,680,2,156,2,524
D4:F5:47:82:0E:C6,ALL,udp:37241,192.168.3.117*,4,704,2,536,2,168
D4:F5:47:82:0E:C6,ALL,udp:37241,8.8.8.8*,4,704,2,168,2,536
D4:F5:47:82:0E:C6,ALL,udp:40205,192.168.3.117*,4,728,2,548,2,180
D4:F5:47:82:0E:C6,ALL,udp:40205,8.8.8.8*,4,728,2,180,2,548
D4:F5:47:82:0E:C6,ALL,udp:42807,216.239.35.8,2,180,1,90,1,90
D4:F5:47:82:0E:C6,ALL,udp:42807,8.8.8.8,4,492,2,158,2,334
D4:F5:47:82:0E:C6,ALL,udp:55447,192.168.3.117*,4,340,2,192,2,148
D4:F5:47:82:0E:C6,ALL,udp:55447,8.8.8.8*,4,340,2,148,2,192
D4:F5:47:82:0E:C6,ALL,udp:45550,192.168.3.117*,4,340,2,192,2,148
D4:F5:47:82:0E:C6,ALL,udp:45550,8.8.8.8*,4,340,2,148,2,192
D4:F5:47:82:0E:C6,ALL,udp:42705,192.168.3.117*,4,374,2,221,2,153
D4:F5:47:82:0E:C6,ALL,udp:42705,8.8.8.8*,4,374,2,153,2,221
D4:F5:47:82:0E:C6,ALL,udp:35050,142.251.32.110*,7,5478,3,2859,4,2619
D4:F5:47:82:0E:C6,ALL,udp:35050,8.8.8.8*,4,340,2,148,2,192
D4:F5:47:82:0E:C6,ALL,udp:54767,192.168.3.117*,4,728,2,548,2,180
D4:F5:47:82:0E:C6,ALL,udp:54767,8.8.8.8*,4,728,2,180,2,548
D4:F5:47:82:0E:C6,ALL,udp:35270,192.168.3.117*,4,340,2,192,2,148
D4:F5:47:82:0E:C6,ALL,udp:35270,8.8.8.8*,4,340,2,148,2,192
D4:F5:47:82:0E:C6,ALL,udp:60377,192.168.3.117*,4,704,2,536,2,168
D4:F5:47:82:0E:C6,ALL,udp:60377,8.8.8.8*,4,704,2,168,2,536
D4:F5:47:82:0E:C6,ALL,udp:56423,192.168.3.117*,4,340,2,192,2,148
D4:F5:47:82:0E:C6,ALL,udp:56423,8.8.8.8*,4,340,2,148,2,192
D4:F5:47:82:0E:C6,ALL,udp:37966,192.168.3.117*,4,340,2,192,2,148
D4:F5:47:82:0E:C6,ALL,udp:37966,8.8.8.8*,4,340,2,148,2,192
D4:F5:47:82:0E:C6,ALL,udp:45047,192.168.3.117*,4,340,2,192,2,148
D4:F5:47:82:0E:C6,ALL,udp:45047,8.8.8.8*,4,340,2,148,2,192
D4:F5:47:82:0E:C6,ALL,udp:42745,192.168.3.117*,4,332,2,188,2,144
D4:F5:47:82:0E:C6,ALL,udp:42745,8.8.8.8*,4,332,2,144,2,188
D4:F5:47:82:0E:C6,ALL,udp:48835,192.168.3.117*,4,377,2,216,2,161
D4:F5:47:82:0E:C6,ALL,udp:48835,8.8.8.8*,4,377,2,161,2,216
D4:F5:47:82:0E:C6,ALL,udp:57541,192.168.3.117*,4,340,2,192,2,148
D4:F5:47:82:0E:C6,ALL,udp:57541,8.8.8.8*,4,340,2,148,2,192
D4:F5:47:82:0E:C6,ALL,udp:56003,192.168.3.117*,4,340,2,192,2,148
D4:F5:47:82:0E:C6,ALL,udp:56003,8.8.8.8*,4,340,2,148,2,192
D4:F5:47:82:0E:C6,ALL,udp:42242,192.168.3.117*,4,340,2,192,2,148
D4:F5:47:82:0E:C6,ALL,udp:42242,8.8.8.8*,4,340,2,148,2,192
D4:F5:47:82:0E:C6,ALL,udp:42529,192.168.3.117*,4,340,2,192,2,148
D4:F5:47:82:0E:C6,ALL,udp:42529,8.8.8.8*,4,340,2,148,2,192
D4:F5:47:82:0E:C6,ALL,udp:54045,192.168.3.117*,4,476,2,326,2,150
D4:F5:47:82:0E:C6,ALL,udp:54045,8.8.8.8*,4,476,2,150,2,326
D4:F5:47:82:0E:C6,ALL,udp:42849,192.168.3.117*,4,340,2,192,2,148
D4:F5:47:82:0E:C6,ALL,udp:42849,8.8.8.8*,4,340,2,148,2,192
D4:F5:47:82:0E:C6,ALL,udp:60109,192.168.3.117*,4,340,2,192,2,148
D4:F5:47:82:0E:C6,ALL,udp:60109,8.8.8.8*,4,340,2,148,2,192
D4:F5:47:82:0E:C6,ALL,udp:53258,192.168.3.117*,4,340,2,192,2,148
D4:F5:47:82:0E:C6,ALL,udp:53258,8.8.8.8*,4,340,2,148,2,192
D4:F5:47:82:0E:C6,ALL,udp:37411,192.168.3.117*,4,340,2,192,2,148
D4:F5:47:82:0E:C6,ALL,udp:37411,8.8.8.8*,4,340,2,148,2,192
D4:F5:47:82:0E:C6,ALL,udp:57679,192.168.3.117*,4,340,2,192,2,148
D4:F5:47:82:0E:C6,ALL,udp:57679,8.8.8.8*,4,340,2,148,2,192
D4:F5:47:82:0E:C6,ALL,udp:45746,192.168.3.117*,4,340,2,192,2,148
D4:F5:47:82:0E:C6,ALL,udp:45746,8.8.8.8*,4,340,2,148,2,192
D4:F5:47:82:0E:C6,ALL,udp:60642,192.168.3.117*,4,340,2,192,2,148
D4:F5:47:82:0E:C6,ALL,udp:60642,8.8.8.8*,4,340,2,148,2,192
D4:F5:47:82:0E:C6,ALL,udp:54082,192.168.3.117*,4,340,2,192,2,148
D4:F5:47:82:0E:C6,ALL,udp:54082,8.8.8.8*,4,340,2,148,2,192
D4:F5:47:82:0E:C6,ALL,udp:43520,192.168.3.117*,4,476,2,326,2,150
D4:F5:47:82:0E:C6,ALL,udp:43520,8.8.8.8*,4,476,2,150,2,326
D4:F5:47:82:0E:C6,ALL,udp:57144,192.168.3.117*,4,340,2,192,2,148
D4:F5:47:82:0E:C6,ALL,udp:57144,8.8.8.8*,4,340,2,148,2,192
D4:F5:47:82:0E:C6,ALL,udp:53807,192.168.3.117*,4,340,2,192,2,148
D4:F5:47:82:0E:C6,ALL,udp:53807,8.8.8.8*,4,340,2,148,2,192
D4:F5:47:82:0E:C6,ALL,udp:45400,192.168.3.117*,4,340,2,192,2,148
D4:F5:47:82:0E:C6,ALL,udp:45400,8.8.8.8*,4,340,2,148,2,192
D4:F5:47:82:0E:C6,ALL,udp:40650,192.168.3.117*,4,340,2,192,2,148
D4:F5:47:82:0E:C6,ALL,udp:40650,8.8.8.8*,4,340,2,148,2,192
D4:F5:47:82:0E:C6,ALL,udp:45223,192.168.3.117*,4,362,2,209,2,153
D4:F5:47:82:0E:C6,ALL,udp:45223,8.8.8.8*,4,362,2,153,2,209
D4:F5:47:82:0E:C6,ALL,udp:34627,192.168.3.117*,4,340,2,192,2,148
D4:F5:47:82:0E:C6,ALL,udp:34627,8.8.8.8*,4,340,2,148,2,192
D4:F5:47:82:0E:C6,ALL,udp:40963,192.168.3.117*,4,340,2,192,2,148
D4:F5:47:82:0E:C6,ALL,udp:40963,8.8.8.8*,4,340,2,148,2,192
D4:F5:47:82:0E:C6,ALL,udp:60360,192.168.3.117*,4,340,2,192,2,148
D4:F5:47:82:0E:C6,ALL,udp:60360,8.8.8.8*,4,340,2,148,2,192
D4:F5:47:82:0E:C6,ALL,udp:52121,192.168.3.117*,4,340,2,192,2,148
D4:F5:47:82:0E:C6,ALL,udp:52121,8.8.8.8*,4,340,2,148,2,192
D4:F5:47:82:0E:C6,ALL,udp:52782,192.168.3.117*,4,340,2,192,2,148
D4:F5:47:82:0E:C6,ALL,udp:52782,8.8.8.8*,4,340,2,148,2,192
D4:F5:47:82:0E:C6,ALL,udp:41761,192.168.3.117*,4,340,2,192,2,148
D4:F5:47:82:0E:C6,ALL,udp:41761,8.8.8.8*,4,340,2,148,2,192
D4:F5:47:82:0E:C6,ALL,udp:34920,192.168.3.117*,4,340,2,192,2,148
D4:F5:47:82:0E:C6,ALL,udp:34920,8.8.8.8*,4,340,2,148,2,192
D4:F5:47:82:0E:C6,ALL,udp:42217,192.168.3.117*,4,340,2,192,2,148
D4:F5:47:82:0E:C6,ALL,udp:42217,8.8.8.8*,4,340,2,148,2,192
D4:F5:47:82:0E:C6,ALL,udp:32853,192.168.3.117*,4,340,2,192,2,148
D4:F5:47:82:0E:C6,ALL,udp:32853,8.8.8.8*,4,340,2,148,2,192
D4:F5:47:82:0E:C6,ALL,udp:34918,192.168.3.117*,4,340,2,192,2,148
D4:F5:47:82:0E:C6,ALL,udp:34918,8.8.8.8*,4,340,2,148,2,192
D4:F5:47:82:0E:C6,ALL,udp:60427,192.168.3.117*,4,476,2,326,2,150
D4:F5:47:82:0E:C6,ALL,udp:60427,8.8.8.8*,4,476,2,150,2,326
D4:F5:47:82:0E:C6,ALL,udp:34573,192.168.3.117*,4,340,2,192,2,148
D4:F5:47:82:0E:C6,ALL,udp:34573,8.8.8.8*,4,340,2,148,2,192
D4:F5:47:82:0E:C6,ALL,udp:33393,192.168.3.117*,4,340,2,192,2,148
D4:F5:47:82:0E:C6,ALL,udp:33393,8.8.8.8*,4,340,2,148,2,192
D4:F5:47:82:0E:C6,ALL,udp:51736,192.168.3.117*,4,340,2,192,2,148
D4:F5:47:82:0E:C6,ALL,udp:51736,8.8.8.8*,4,340,2,148,2,192
D4:F5:47:82:0E:C6,ALL,udp:53080,192.168.3.117*,4,340,2,192,2,148
D4:F5:47:82:0E:C6,ALL,udp:53080,8.8.8.8*,4,340,2,148,2,192
D4:F5:47:82:0E:C6,ALL,udp:34503,192.168.3.117*,4,476,2,326,2,150
D4:F5:47:82:0E:C6,ALL,udp:34503,8.8.8.8*,4,476,2,150,2,326
D4:F5:47:82:0E:C6,ALL,udp:50010,192.168.3.117*,4,340,2,192,2,148
D4:F5:47:82:0E:C6,ALL,udp:50010,8.8.8.8*,4,340,2,148,2,192
D4:F5:47:82:0E:C6,ALL,udp:58783,192.168.3.117*,4,340,2,192,2,148
D4:F5:47:82:0E:C6,ALL,udp:58783,8.8.8.8*,4,340,2,148,2,192
D4:F5:47:82:0E:C6,ALL,udp:54276,192.168.3.117*,4,340,2,192,2,148
D4:F5:47:82:0E:C6,ALL,udp:54276,8.8.8.8*,4,340,2,148,2,192
D4:F5:47:82:0E:C6,ALL,udp:44492,142.251.32.110*,20,12226,13,9202,7,3024
D4:F5:47:82:0E:C6,ALL,udp:44492,8.8.8.8*,4,340,2,148,2,192
D4:F5:47:82:0E:C6,ALL,udp:42526,192.168.3.117*,4,340,2,192,2,148
D4:F5:47:82:0E:C6,ALL,udp:42526,8.8.8.8*,4,340,2,148,2,192
D4:F5:47:82:0E:C6,ALL,udp:43963,192.168.3.117*,4,340,2,192,2,148
D4:F5:47:82:0E:C6,ALL,udp:43963,8.8.8.8*,4,340,2,148,2,192
D4:F5:47:82:0E:C6,ALL,udp:36167,192.168.3.117*,4,340,2,192,2,148
D4:F5:47:82:0E:C6,ALL,udp:36167,8.8.8.8*,4,340,2,148,2,192
D4:F5:47:82:0E:C6,ALL,udp:35619,192.168.3.117*,4,340,2,192,2,148
D4:F5:47:82:0E:C6,ALL,udp:35619,8.8.8.8*,4,340,2,148,2,192
D4:F5:47:82:0E:C6,ALL,udp:34845,192.168.3.117*,4,340,2,192,2,148
D4:F5:47:82:0E:C6,ALL,udp:34845,8.8.8.8*,4,340,2,148,2,192
D4:F5:47:82:0E:C6,ALL,udp:58983,192.168.3.117*,4,340,2,192,2,148
D4:F5:47:82:0E:C6,ALL,udp:58983,8.8.8.8*,4,340,2,148,2,192
D4:F5:47:82:0E:C6,ALL,udp:37575,192.168.3.117*,4,340,2,192,2,148
D4:F5:47:82:0E:C6,ALL,udp:37575,8.8.8.8*,4,340,2,148,2,192
D4:F5:47:82:0E:C6,ALL,udp:55040,192.168.3.117*,4,476,2,326,2,150
D4:F5:47:82:0E:C6,ALL,udp:55040,8.8.8.8*,4,476,2,150,2,326
D4:F5:47:82:0E:C6,ALL,udp:56150,192.168.3.117*,4,340,2,192,2,148
D4:F5:47:82:0E:C6,ALL,udp:56150,8.8.8.8*,4,340,2,148,2,192
D4:F5:47:82:0E:C6,ALL,udp:34822,192.168.3.117*,4,340,2,192,2,148
D4:F5:47:82:0E:C6,ALL,udp:34822,8.8.8.8*,4,340,2,148,2,192
D4:F5:47:82:0E:C6,ALL,udp:33183,192.168.3.117*,4,340,2,192,2,148
D4:F5:47:82:0E:C6,ALL,udp:33183,8.8.8.8*,4,340,2,148,2,192
D4:F5:47:82:0E:C6,ALL,udp:44583,192.168.3.117*,4,340,2,192,2,148
D4:F5:47:82:0E:C6,ALL,udp:44583,8.8.8.8*,4,340,2,148,2,192
D4:F5:47:82:0E:C6,ALL,udp:48329,192.168.3.117*,4,340,2,192,2,148
D4:F5:47:82:0E:C6,ALL,udp:48329,8.8.8.8*,4,340,2,148,2,192
D4:F5:47:82:0E:C6,ALL,udp:44496,192.168.3.117*,4,340,2,192,2,148
D4:F5:47:82:0E:C6,ALL,udp:44496,8.8.8.8*,4,340,2,148,2,192
D4:F5:47:82:0E:C6,ALL,udp:57469,192.168.3.117*,4,340,2,192,2,148
D4:F5:47:82:0E:C6,ALL,udp:57469,8.8.8.8*,4,340,2,148,2,192
D4:F5:47:82:0E:C6,ALL,udp:47987,192.168.3.117*,4,340,2,192,2,148
D4:F5:47:82:0E:C6,ALL,udp:47987,8.8.8.8*,4,340,2,148,2,192
D4:F5:47:82:0E:C6,ALL,udp:60851,192.168.3.117*,4,340,2,192,2,148
D4:F5:47:82:0E:C6,ALL,udp:60851,8.8.8.8*,4,340,2,148,2,192
D4:F5:47:82:0E:C6,ALL,udp:43201,192.168.3.117*,4,340,2,192,2,148
D4:F5:47:82:0E:C6,ALL,udp:43201,8.8.8.8*,4,340,2,148,2,192
D4:F5:47:82:0E:C6,ALL,udp:38500,192.168.3.117*,4,340,2,192,2,148
D4:F5:47:82:0E:C6,ALL,udp:38500,8.8.8.8*,4,340,2,148,2,192
D4:F5:47:82:0E:C6,ALL,udp:38990,192.168.3.117*,4,340,2,192,2,148
D4:F5:47:82:0E:C6,ALL,udp:38990,8.8.8.8*,4,340,2,148,2,192
D4:F5:47:82:0E:C6,ALL,udp:58622,192.168.3.117*,4,340,2,192,2,148
D4:F5:47:82:0E:C6,ALL,udp:58622,8.8.8.8*,4,340,2,148,2,192
D4:F5:47:82:0E:C6,ALL,udp:50652,192.168.3.117*,4,340,2,192,2,148
D4:F5:47:82:0E:C6,ALL,udp:50652,8.8.8.8*,4,340,2,148,2,192
D4:F5:47:82:0E:C6,ALL,udp:54420,192.168.3.117*,4,340,2,192,2,148
D4:F5:47:82:0E:C6,ALL,udp:54420,8.8.8.8*,4,340,2,148,2,192
D4:F5:47:82:0E:C6,ALL,udp:44269,192.168.3.117*,4,340,2,192,2,148
D4:F5:47:82:0E:C6,ALL,udp:44269,8.8.8.8*,4,340,2,148,2,192
D4:F5:47:82:0E:C6,ALL,udp:47905,192.168.3.117*,4,340,2,192,2,148
D4:F5:47:82:0E:C6,ALL,udp:47905,8.8.8.8*,4,340,2,148,2,192
D4:F5:47:82:0E:C6,ALL,udp:39848,192.168.3.117*,4,340,2,192,2,148
D4:F5:47:82:0E:C6,ALL,udp:39848,8.8.8.8*,4,340,2,148,2,192
D4:F5:47:82:0E:C6,ALL,udp:60447,192.168.3.117*,4,340,2,192,2,148
D4:F5:47:82:0E:C6,ALL,udp:60447,8.8.8.8*,4,340,2,148,2,192
D4:F5:47:82:0E:C6,ALL,udp:37277,192.168.3.117*,4,340,2,192,2,148
D4:F5:47:82:0E:C6,ALL,udp:37277,8.8.8.8*,4,340,2,148,2,192
D4:F5:47:82:0E:C6,ALL,udp:57386,192.168.3.117*,4,340,2,192,2,148
D4:F5:47:82:0E:C6,ALL,udp:57386,8.8.8.8*,4,340,2,148,2,192
D4:F5:47:82:0E:C6,ALL,udp:50472,192.168.3.117*,4,340,2,192,2,148
D4:F5:47:82:0E:C6,ALL,udp:50472,8.8.8.8*,4,340,2,148,2,192
D4:F5:47:82:0E:C6,ALL,udp:34009,192.168.3.117*,4,340,2,192,2,148
D4:F5:47:82:0E:C6,ALL,udp:34009,8.8.8.8*,4,340,2,148,2,192
D4:F5:47:82:0E:C6,ALL,udp:34148,192.168.3.117*,4,340,2,192,2,148
D4:F5:47:82:0E:C6,ALL,udp:34148,8.8.8.8*,4,340,2,148,2,192
D4:F5:47:82:0E:C6,ALL,udp:46791,192.168.3.117*,4,340,2,192,2,148
D4:F5:47:82:0E:C6,ALL,udp:46791,8.8.8.8*,4,340,2,148,2,192
D4:F5:47:82:0E:C6,ALL,udp:60558,192.168.3.117*,4,704,2,536,2,168
D4:F5:47:82:0E:C6,ALL,udp:60558,8.8.8.8*,4,704,2,168,2,536
D4:F5:47:82:0E:C6,ALL,udp:47239,192.168.3.117*,4,340,2,192,2,148
D4:F5:47:82:0E:C6,ALL,udp:47239,8.8.8.8*,4,340,2,148,2,192
D4:F5:47:82:0E:C6,ALL,udp:47665,192.168.3.117*,4,340,2,192,2,148
D4:F5:47:82:0E:C6,ALL,udp:47665,8.8.8.8*,4,340,2,148,2,192
D4:F5:47:82:0E:C6,ALL,udp:47327,192.168.3.117*,4,704,2,536,2,168
D4:F5:47:82:0E:C6,ALL,udp:47327,8.8.8.8*,4,704,2,168,2,536
D4:F5:47:82:0E:C6,ALL,udp:47663,192.168.3.117*,4,340,2,192,2,148
D4:F5:47:82:0E:C6,ALL,udp:47663,8.8.8.8*,4,340,2,148,2,192
D4:F5:47:82:0E:C6,ALL,udp:36045,192.168.3.117*,4,340,2,192,2,148
D4:F5:47:82:0E:C6,ALL,udp:36045,8.8.8.8*,4,340,2,148,2,192
D4:F5:47:82:0E:C6,ALL,udp:33012,192.168.3.117*,4,340,2,192,2,148
D4:F5:47:82:0E:C6,ALL,udp:33012,8.8.8.8*,4,340,2,148,2,192
D4:F5:47:82:0E:C6,ALL,udp:40126,192.168.3.117*,4,340,2,192,2,148
D4:F5:47:82:0E:C6,ALL,udp:40126,8.8.8.8*,4,340,2,148,2,192
D4:F5:47:82:0E:C6,ALL,udp:47781,192.168.3.117*,4,340,2,192,2,148
D4:F5:47:82:0E:C6,ALL,udp:47781,8.8.8.8*,4,340,2,148,2,192
D4:F5:47:82:0E:C6,ALL,udp:56755,192.168.3.117*,4,340,2,192,2,148
D4:F5:47:82:0E:C6,ALL,udp:56755,8.8.8.8*,4,340,2,148,2,192
D4:F5:47:82:0E:C6,ALL,udp:36903,192.168.3.117*,4,340,2,192,2,148
D4:F5:47:82:0E:C6,ALL,udp:36903,8.8.8.8*,4,340,2,148,2,192
D4:F5:47:82:0E:C6,ALL,udp:43117,192.168.3.117*,4,340,2,192,2,148
D4:F5:47:82:0E:C6,ALL,udp:43117,8.8.8.8*,4,340,2,148,2,192
D4:F5:47:82:0E:C6,ALL,udp:60713,192.168.3.117*,4,340,2,192,2,148
D4:F5:47:82:0E:C6,ALL,udp:60713,8.8.8.8*,4,340,2,148,2,192
D4:F5:47:82:0E:C6,ALL,udp:42650,192.168.3.117*,2,176,1,102,1,74
D4:F5:47:82:0E:C6,ALL,udp:42650,8.8.8.8*,2,176,1,74,1,102
D4:F5:47:82:0E:C6,ALL,udp:41039,192.168.3.117*,4,340,2,192,2,148
D4:F5:47:82:0E:C6,ALL,udp:41039,8.8.8.8*,4,340,2,148,2,192
D4:F5:47:82:0E:C6,ALL,udp:60219,216.239.35.12,2,180,1,90,1,90
D4:F5:47:82:0E:C6,ALL,udp:60219,8.8.8.8,4,340,2,148,2,192
D4:F5:47:82:0E:C6,ALL,udp:57491,192.168.3.117*,4,340,2,192,2,148
D4:F5:47:82:0E:C6,ALL,udp:57491,8.8.8.8*,4,340,2,148,2,192
D4:F5:47:82:0E:C6,ALL,udp:54441,192.168.3.117*,4,340,2,192,2,148
D4:F5:47:82:0E:C6,ALL,udp:54441,8.8.8.8*,4,340,2,148,2,192
D4:F5:47:82:0E:C6,ALL,udp:45420,192.168.3.117*,4,476,2,326,2,150
D4:F5:47:82:0E:C6,ALL,udp:45420,8.8.8.8*,4,476,2,150,2,326
D4:F5:47:82:0E:C6,ALL,udp:39008,192.168.3.117*,4,340,2,192,2,148
D4:F5:47:82:0E:C6,ALL,udp:39008,8.8.8.8*,4,340,2,148,2,192
D4:F5:47:82:0E:C6,ALL,udp:57457,192.168.3.117*,4,340,2,192,2,148
D4:F5:47:82:0E:C6,ALL,udp:57457,8.8.8.8*,4,340,2,148,2,192
D4:F5:47:82:0E:C6,ALL,udp:56647,192.168.3.117*,4,340,2,192,2,148
D4:F5:47:82:0E:C6,ALL,udp:56647,8.8.8.8*,4,340,2,148,2,192
D4:F5:47:82:0E:C6,ALL,udp:41743,192.168.3.117*,4,340,2,192,2,148
D4:F5:47:82:0E:C6,ALL,udp:41743,8.8.8.8*,4,340,2,148,2,192
D4:F5:47:82:0E:C6,ALL,udp:54155,192.168.3.117*,4,340,2,192,2,148
D4:F5:47:82:0E:C6,ALL,udp:54155,8.8.8.8*,4,340,2,148,2,192
D4:F5:47:82:0E:C6,ALL,udp:56622,192.168.3.117*,4,340,2,192,2,148
D4:F5:47:82:0E:C6,ALL,udp:56622,8.8.8.8*,4,340,2,148,2,192
D4:F5:47:82:0E:C6,ALL,udp:40900,192.168.3.117*,4,340,2,192,2,148
D4:F5:47:82:0E:C6,ALL,udp:40900,8.8.8.8*,4,340,2,148,2,192
D4:F5:47:82:0E:C6,ALL,udp:48991,192.168.3.117*,4,340,2,192,2,148
D4:F5:47:82:0E:C6,ALL,udp:48991,8.8.8.8*,4,340,2,148,2,192
D4:F5:47:82:0E:C6,ALL,udp:38066,192.168.3.117*,4,340,2,192,2,148
D4:F5:47:82:0E:C6,ALL,udp:38066,8.8.8.8*,4,340,2,148,2,192
D4:F5:47:82:0E:C6,ALL,udp:36848,192.168.3.117*,4,340,2,192,2,148
D4:F5:47:82:0E:C6,ALL,udp:36848,8.8.8.8*,4,340,2,148,2,192
D4:F5:47:82:0E:C6,ALL,udp:37655,192.168.3.117*,4,340,2,192,2,148
D4:F5:47:82:0E:C6,ALL,udp:37655,8.8.8.8*,4,340,2,148,2,192
D4:F5:47:82:0E:C6,ALL,udp:47188,192.168.3.117*,4,340,2,192,2,148
D4:F5:47:82:0E:C6,ALL,udp:47188,8.8.8.8*,4,340,2,148,2,192
D4:F5:47:82:0E:C6,ALL,udp:60929,192.168.3.117*,4,340,2,192,2,148
D4:F5:47:82:0E:C6,ALL,udp:60929,8.8.8.8*,4,340,2,148,2,192
D4:F5:47:82:0E:C6,ALL,udp:45636,192.168.3.117*,4,340,2,192,2,148
D4:F5:47:82:0E:C6,ALL,udp:45636,8.8.8.8*,4,340,2,148,2,192
D4:F5:47:82:0E:C6,ALL,udp:43678,192.168.3.117*,4,340,2,192,2,148
D4:F5:47:82:0E:C6,ALL,udp:43678,8.8.8.8*,4,340,2,148,2,192
D4:F5:47:82:0E:C6,ALL,udp:58614,192.168.3.117*,4,340,2,192,2,148
D4:F5:47:82:0E:C6,ALL,udp:58614,8.8.8.8*,4,340,2,148,2,192
D4:F5:47:82:0E:C6,ALL,udp:41798,192.168.3.117*,4,340,2,192,2,148
D4:F5:47:82:0E:C6,ALL,udp:41798,8.8.8.8*,4,340,2,148,2,192
D4:F5:47:82:0E:C6,ALL,udp:54228,192.168.3.117*,4,340,2,192,2,148
D4:F5:47:82:0E:C6,ALL,udp:54228,8.8.8.8*,4,340,2,148,2,192
D4:F5:47:82:0E:C6,ALL,udp:57149,192.168.3.117*,4,340,2,192,2,148
D4:F5:47:82:0E:C6,ALL,udp:57149,8.8.8.8*,4,340,2,148,2,192
D4:F5:47:82:0E:C6,ALL,udp:58690,192.168.3.117*,4,340,2,192,2,148
D4:F5:47:82:0E:C6,ALL,udp:58690,8.8.8.8*,4,340,2,148,2,192
D4:F5:47:82:0E:C6,ALL,udp:37458,192.168.3.117*,4,340,2,192,2,148
D4:F5:47:82:0E:C6,ALL,udp:37458,8.8.8.8*,4,340,2,148,2,192
D4:F5:47:82:0E:C6,ALL,udp:54345,192.168.3.117*,4,476,2,326,2,150
D4:F5:47:82:0E:C6,ALL,udp:54345,8.8.8.8*,4,476,2,150,2,326
D4:F5:47:82:0E:C6,ALL,udp:59063,192.168.3.117*,4,340,2,192,2,148
D4:F5:47:82:0E:C6,ALL,udp:59063,8.8.8.8*,4,340,2,148,2,192
D4:F5:47:82:0E:C6,ALL,udp:51433,192.168.3.117*,4,340,2,192,2,148
D4:F5:47:82:0E:C6,ALL,udp:51433,8.8.8.8*,4,340,2,148,2,192
D4:F5:47:82:0E:C6,ALL,udp:35401,192.168.3.117*,4,340,2,192,2,148
D4:F5:47:82:0E:C6,ALL,udp:35401,8.8.8.8*,4,340,2,148,2,192
D4:F5:47:82:0E:C6,ALL,udp:43428,192.168.3.117*,4,340,2,192,2,148
D4:F5:47:82:0E:C6,ALL,udp:43428,8.8.8.8*,4,340,2,148,2,192
D4:F5:47:82:0E:C6,ALL,udp:49871,192.168.3.117*,4,340,2,192,2,148
D4:F5:47:82:0E:C6,ALL,udp:49871,8.8.8.8*,4,340,2,148,2,192
D4:F5:47:82:0E:C6,ALL,udp:51755,192.168.3.117*,4,340,2,192,2,148
D4:F5:47:82:0E:C6,ALL,udp:51755,8.8.8.8*,4,340,2,148,2,192
D4:F5:47:82:0E:C6,ALL,udp:58013,192.168.3.117*,4,340,2,192,2,148
D4:F5:47:82:0E:C6,ALL,udp:58013,8.8.8.8*,4,340,2,148,2,192
D4:F5:47:82:0E:C6,ALL,udp:44745,192.168.3.117*,4,340,2,192,2,148
D4:F5:47:82:0E:C6,ALL,udp:44745,8.8.8.8*,4,340,2,148,2,192
D4:F5:47:82:0E:C6,ALL,udp:42450,192.168.3.117*,4,340,2,192,2,148
D4:F5:47:82:0E:C6,ALL,udp:42450,8.8.8.8*,4,340,2,148,2,192
D4:F5:47:82:0E:C6,ALL,udp:56737,192.168.3.117*,4,340,2,192,2,148
D4:F5:47:82:0E:C6,ALL,udp:56737,8.8.8.8*,4,340,2,148,2,192
D4:F5:47:82:0E:C6,ALL,udp:57465,192.168.3.117*,4,340,2,192,2,148
D4:F5:47:82:0E:C6,ALL,udp:57465,8.8.8.8*,4,340,2,148,2,192
D4:F5:47:82:0E:C6,ALL,udp:41483,192.168.3.117*,4,340,2,192,2,148
D4:F5:47:82:0E:C6,ALL,udp:41483,8.8.8.8*,4,340,2,148,2,192
D4:F5:47:82:0E:C6,ALL,udp:55198,192.168.3.117*,4,340,2,192,2,148
D4:F5:47:82:0E:C6,ALL,udp:55198,8.8.8.8*,4,340,2,148,2,192
D4:F5:47:82:0E:C6,ALL,udp:42723,192.168.3.117*,4,340,2,192,2,148
D4:F5:47:82:0E:C6,ALL,udp:42723,8.8.8.8*,4,340,2,148,2,192
D4:F5:47:82:0E:C6,ALL,udp:42783,192.168.3.117*,4,340,2,192,2,148
D4:F5:47:82:0E:C6,ALL,udp:42783,8.8.8.8*,4,340,2,148,2,192
D4:F5:47:82:0E:C6,ALL,udp:40869,192.168.3.117*,4,340,2,192,2,148
D4:F5:47:82:0E:C6,ALL,udp:40869,8.8.8.8*,4,340,2,148,2,192
D4:F5:47:82:0E:C6,ALL,udp:57099,192.168.3.117*,4,340,2,192,2,148
D4:F5:47:82:0E:C6,ALL,udp:57099,8.8.8.8*,4,340,2,148,2,192
D4:F5:47:82:0E:C6,ALL,udp:43329,192.168.3.117*,4,340,2,192,2,148
D4:F5:47:82:0E:C6,ALL,udp:43329,8.8.8.8*,4,340,2,148,2,192
D4:F5:47:82:0E:C6,ALL,udp:49842,192.168.3.117*,4,340,2,192,2,148
D4:F5:47:82:0E:C6,ALL,udp:49842,8.8.8.8*,4,340,2,148,2,192
D4:F5:47:82:0E:C6,ALL,udp:49133,192.168.3.117*,4,340,2,192,2,148
D4:F5:47:82:0E:C6,ALL,udp:49133,8.8.8.8*,4,340,2,148,2,192
D4:F5:47:82:0E:C6,ALL,udp:42554,192.168.3.117*,4,340,2,192,2,148
D4:F5:47:82:0E:C6,ALL,udp:42554,8.8.8.8*,4,340,2,148,2,192
D4:F5:47:82:0E:C6,ALL,udp:60104,192.168.3.117*,4,340,2,192,2,148
D4:F5:47:82:0E:C6,ALL,udp:60104,8.8.8.8*,4,340,2,148,2,192
D4:F5:47:82:0E:C6,ALL,udp:58754,192.168.3.117*,4,340,2,192,2,148
D4:F5:47:82:0E:C6,ALL,udp:58754,8.8.8.8*,4,340,2,148,2,192
D4:F5:47:82:0E:C6,ALL,udp:52587,192.168.3.117*,4,340,2,192,2,148
D4:F5:47:82:0E:C6,ALL,udp:52587,8.8.8.8*,4,340,2,148,2,192
D4:F5:47:82:0E:C6,ALL,udp:41522,192.168.3.117*,4,340,2,192,2,148
D4:F5:47:82:0E:C6,ALL,udp:41522,8.8.8.8*,4,340,2,148,2,192
D4:F5:47:82:0E:C6,ALL,udp:43082,192.168.3.117*,4,340,2,192,2,148
D4:F5:47:82:0E:C6,ALL,udp:43082,8.8.8.8*,4,340,2,148,2,192
D4:F5:47:82:0E:C6,ALL,udp:37441,192.168.3.117*,4,340,2,192,2,148
D4:F5:47:82:0E:C6,ALL,udp:37441,8.8.8.8*,4,340,2,148,2,192
D4:F5:47:82:0E:C6,ALL,udp:58125,192.168.3.117*,4,340,2,192,2,148
D4:F5:47:82:0E:C6,ALL,udp:58125,8.8.8.8*,4,340,2,148,2,192
D4:F5:47:82:0E:C6,ALL,udp:58336,192.168.3.117*,4,340,2,192,2,148
D4:F5:47:82:0E:C6,ALL,udp:58336,8.8.8.8*,4,340,2,148,2,192
D4:F5:47:82:0E:C6,ALL,udp:47259,216.239.35.12,2,180,1,90,1,90
D4:F5:47:82:0E:C6,ALL,udp:47259,8.8.8.8,4,340,2,148,2,192
D4:F5:47:82:0E:C6,ALL,udp:32973,192.168.3.117*,4,340,2,192,2,148
D4:F5:47:82:0E:C6,ALL,udp:32973,8.8.8.8*,4,340,2,148,2,192
D4:F5:47:82:0E:C6,ALL,udp:34248,192.168.3.117*,4,340,2,192,2,148
D4:F5:47:82:0E:C6,ALL,udp:34248,8.8.8.8*,4,340,2,148,2,192
D4:F5:47:82:0E:C6,ALL,udp:58865,192.168.3.117*,4,340,2,192,2,148
D4:F5:47:82:0E:C6,ALL,udp:58865,8.8.8.8*,4,340,2,148,2,192
D4:F5:47:82:0E:C6,ALL,udp:46660,192.168.3.117*,4,340,2,192,2,148
D4:F5:47:82:0E:C6,ALL,udp:46660,8.8.8.8*,4,340,2,148,2,192
D4:F5:47:82:0E:C6,ALL,udp:49614,192.168.3.117*,4,340,2,192,2,148
D4:F5:47:82:0E:C6,ALL,udp:49614,8.8.8.8*,4,340,2,148,2,192
D4:F5:47:82:0E:C6,ALL,udp:51857,192.168.3.117*,4,340,2,192,2,148
D4:F5:47:82:0E:C6,ALL,udp:51857,8.8.8.8*,4,340,2,148,2,192
D4:F5:47:82:0E:C6,ALL,udp:60706,192.168.3.117*,4,340,2,192,2,148
D4:F5:47:82:0E:C6,ALL,udp:60706,8.8.8.8*,4,340,2,148,2,192
D4:F5:47:82:0E:C6,ALL,udp:50615,192.168.3.117*,4,476,2,326,2,150
D4:F5:47:82:0E:C6,ALL,udp:50615,8.8.8.8*,4,476,2,150,2,326
D4:F5:47:82:0E:C6,ALL,udp:50339,192.168.3.117*,4,340,2,192,2,148
D4:F5:47:82:0E:C6,ALL,udp:50339,8.8.8.8*,4,340,2,148,2,192
D4:F5:47:82:0E:C6,ALL,udp:55282,192.168.3.117*,4,340,2,192,2,148
D4:F5:47:82:0E:C6,ALL,udp:55282,8.8.8.8*,4,340,2,148,2,192
D4:F5:47:82:0E:C6,ALL,udp:36520,192.168.3.117*,4,340,2,192,2,148
D4:F5:47:82:0E:C6,ALL,udp:36520,8.8.8.8*,4,340,2,148,2,192
D4:F5:47:82:0E:C6,ALL,udp:48514,192.168.3.117*,4,340,2,192,2,148
D4:F5:47:82:0E:C6,ALL,udp:48514,8.8.8.8*,4,340,2,148,2,192
D4:F5:47:82:0E:C6,ALL,udp:43954,192.168.3.117*,4,340,2,192,2,148
D4:F5:47:82:0E:C6,ALL,udp:43954,8.8.8.8*,4,340,2,148,2,192
D4:F5:47:82:0E:C6,ALL,udp:42112,192.168.3.117*,4,340,2,192,2,148
D4:F5:47:82:0E:C6,ALL,udp:42112,8.8.8.8*,4,340,2,148,2,192
D4:F5:47:82:0E:C6,ALL,udp:52532,192.168.3.117*,4,340,2,192,2,148
D4:F5:47:82:0E:C6,ALL,udp:52532,8.8.8.8*,4,340,2,148,2,192
D4:F5:47:82:0E:C6,ALL,udp:35879,192.168.3.117*,4,340,2,192,2,148
D4:F5:47:82:0E:C6,ALL,udp:35879,8.8.8.8*,4,340,2,148,2,192
D4:F5:47:82:0E:C6,ALL,udp:44119,192.168.3.117*,4,340,2,192,2,148
D4:F5:47:82:0E:C6,ALL,udp:44119,8.8.8.8*,4,340,2,148,2,192
D4:F5:47:82:0E:C6,ALL,udp:33936,192.168.3.117*,4,340,2,192,2,148
D4:F5:47:82:0E:C6,ALL,udp:33936,8.8.8.8*,4,340,2,148,2,192
D4:F5:47:82:0E:C6,ALL,udp:57978,192.168.3.117*,4,476,2,326,2,150
D4:F5:47:82:0E:C6,ALL,udp:57978,8.8.8.8*,4,476,2,150,2,326
D4:F5:47:82:0E:C6,ALL,udp:41422,192.168.3.117*,4,340,2,192,2,148
D4:F5:47:82:0E:C6,ALL,udp:41422,8.8.8.8*,4,340,2,148,2,192
D4:F5:47:82:0E:C6,ALL,udp:46429,192.168.3.117*,4,736,2,552,2,184
D4:F5:47:82:0E:C6,ALL,udp:46429,8.8.8.8*,4,736,2,184,2,552
D4:F5:47:82:0E:C6,ALL,udp:53470,192.168.3.117*,4,704,2,536,2,168
D4:F5:47:82:0E:C6,ALL,udp:53470,8.8.8.8*,4,704,2,168,2,536
D4:F5:47:82:0E:C6,ALL,udp:37566,192.168.3.117*,4,340,2,192,2,148
D4:F5:47:82:0E:C6,ALL,udp:37566,8.8.8.8*,4,340,2,148,2,192
D4:F5:47:82:0E:C6,ALL,udp:36341,192.168.3.117*,4,340,2,192,2,148
D4:F5:47:82:0E:C6,ALL,udp:36341,8.8.8.8*,4,340,2,148,2,192
D4:F5:47:82:0E:C6,ALL,udp:35944,192.168.3.117*,4,340,2,192,2,148
D4:F5:47:82:0E:C6,ALL,udp:35944,8.8.8.8*,4,340,2,148,2,192
D4:F5:47:82:0E:C6,ALL,udp:44189,192.168.3.117*,4,340,2,192,2,148
D4:F5:47:82:0E:C6,ALL,udp:44189,8.8.8.8*,4,340,2,148,2,192
D4:F5:47:82:0E:C6,ALL,udp:59934,192.168.3.117*,4,370,2,207,2,163
D4:F5:47:82:0E:C6,ALL,udp:59934,8.8.8.8*,4,370,2,163,2,207
D4:F5:47:82:0E:C6,ALL,udp:35608,192.168.3.117*,4,377,2,216,2,161
D4:F5:47:82:0E:C6,ALL,udp:35608,8.8.8.8*,4,377,2,161,2,216
D4:F5:47:82:0E:C6,ALL,udp:60150,192.168.3.117*,4,352,2,204,2,148
D4:F5:47:82:0E:C6,ALL,udp:60150,8.8.8.8*,4,352,2,148,2,204
D4:F5:47:82:0E:C6,ALL,udp:42067,192.168.3.117*,4,328,2,180,2,148
D4:F5:47:82:0E:C6,ALL,udp:42067,8.8.8.8*,4,328,2,148,2,180
D4:F5:47:82:0E:C6,ALL,udp:44692,192.168.3.117*,4,476,2,326,2,150
D4:F5:47:82:0E:C6,ALL,udp:44692,8.8.8.8*,4,476,2,150,2,326
D4:F5:47:82:0E:C6,ALL,udp:60265,192.168.3.117*,4,392,2,240,2,152
D4:F5:47:82:0E:C6,ALL,udp:60265,8.8.8.8*,4,392,2,152,2,240
D4:F5:47:82:0E:C6,ALL,udp:47038,192.168.3.117*,4,680,2,524,2,156
D4:F5:47:82:0E:C6,ALL,udp:47038,8.8.8.8*,4,680,2,156,2,524
D4:F5:47:82:0E:C6,ALL,udp:37550,192.168.3.117*,4,340,2,192,2,148
D4:F5:47:82:0E:C6,ALL,udp:37550,8.8.8.8*,4,340,2,148,2,192
D4:F5:47:82:0E:C6,ALL,udp:39479,192.168.3.117*,4,389,2,228,2,161
D4:F5:47:82:0E:C6,ALL,udp:39479,8.8.8.8*,4,389,2,161,2,228
D4:F5:47:82:0E:C6,ALL,udp:38972,192.168.3.117*,4,476,2,326,2,150
D4:F5:47:82:0E:C6,ALL,udp:38972,8.8.8.8*,4,476,2,150,2,326
D4:F5:47:82:0E:C6,ALL,udp:45661,192.168.3.117*,4,328,2,180,2,148
D4:F5:47:82:0E:C6,ALL,udp:45661,8.8.8.8*,4,328,2,148,2,180
D4:F5:47:82:0E:C6,ALL,udp:33074,192.168.3.117*,4,340,2,192,2,148
D4:F5:47:82:0E:C6,ALL,udp:33074,8.8.8.8*,4,340,2,148,2,192
D4:F5:47:82:0E:C6,ALL,udp:46918,192.168.3.117*,4,328,2,180,2,148
D4:F5:47:82:0E:C6,ALL,udp:46918,8.8.8.8*,4,328,2,148,2,180
D4:F5:47:82:0E:C6,ALL,udp:50882,192.168.3.117*,4,340,2,192,2,148
D4:F5:47:82:0E:C6,ALL,udp:50882,8.8.8.8*,4,340,2,148,2,192
D4:F5:47:82:0E:C6,ALL,udp:48479,192.168.3.117*,4,352,2,204,2,148
D4:F5:47:82:0E:C6,ALL,udp:48479,8.8.8.8*,4,352,2,148,2,204
D4:F5:47:82:0E:C6,ALL,udp:40850,192.168.3.117*,4,340,2,192,2,148
D4:F5:47:82:0E:C6,ALL,udp:40850,8.8.8.8*,4,340,2,148,2,192
D4:F5:47:82:0E:C6,ALL,udp:39599,192.168.3.117*,4,340,2,192,2,148
D4:F5:47:82:0E:C6,ALL,udp:39599,8.8.8.8*,4,340,2,148,2,192
D4:F5:47:82:0E:C6,ALL,udp:40507,192.168.3.117*,4,370,2,207,2,163
D4:F5:47:82:0E:C6,ALL,udp:40507,8.8.8.8*,4,370,2,163,2,207
D4:F5:47:82:0E:C6,ALL,udp:51186,192.168.3.117*,4,340,2,192,2,148
D4:F5:47:82:0E:C6,ALL,udp:51186,8.8.8.8*,4,340,2,148,2,192
D4:F5:47:82:0E:C6,ALL,udp:35000,192.168.3.117*,4,476,2,326,2,150
D4:F5:47:82:0E:C6,ALL,udp:35000,8.8.8.8*,4,476,2,150,2,326
D4:F5:47:82:0E:C6,ALL,udp:44881,192.168.3.117*,4,340,2,192,2,148
D4:F5:47:82:0E:C6,ALL,udp:44881,8.8.8.8*,4,340,2,148,2,192
D4:F5:47:82:0E:C6,ALL,udp:56915,192.168.3.117*,4,362,2,209,2,153
D4:F5:47:82:0E:C6,ALL,udp:56915,8.8.8.8*,4,362,2,153,2,209
D4:F5:47:82:0E:C6,ALL,udp:47091,192.168.3.117*,4,340,2,192,2,148
D4:F5:47:82:0E:C6,ALL,udp:47091,8.8.8.8*,4,340,2,148,2,192
D4:F5:47:82:0E:C6,ALL,udp:38399,192.168.3.117*,4,362,2,209,2,153
D4:F5:47:82:0E:C6,ALL,udp:38399,8.8.8.8*,4,362,2,153,2,209
D4:F5:47:82:0E:C6,ALL,udp:42312,192.168.3.117*,4,352,2,204,2,148
D4:F5:47:82:0E:C6,ALL,udp:42312,8.8.8.8*,4,352,2,148,2,204
D4:F5:47:82:0E:C6,ALL,udp:38529,192.168.3.117*,4,352,2,204,2,148
D4:F5:47:82:0E:C6,ALL,udp:38529,8.8.8.8*,4,352,2,148,2,204
D4:F5:47:82:0E:C6,ALL,udp:38665,192.168.3.117*,4,340,2,192,2,148
D4:F5:47:82:0E:C6,ALL,udp:38665,8.8.8.8*,4,340,2,148,2,192
D4:F5:47:82:0E:C6,ALL,udp:59250,192.168.3.117*,4,362,2,209,2,153
D4:F5:47:82:0E:C6,ALL,udp:59250,8.8.8.8*,4,362,2,153,2,209
D4:F5:47:82:0E:C6,ALL,udp:34306,192.168.3.117*,4,340,2,192,2,148
D4:F5:47:82:0E:C6,ALL,udp:34306,8.8.8.8*,4,340,2,148,2,192
D4:F5:47:82:0E:C6,ALL,udp:52446,192.168.3.117*,4,476,2,326,2,150
D4:F5:47:82:0E:C6,ALL,udp:52446,8.8.8.8*,4,476,2,150,2,326
D4:F5:47:82:0E:C6,ALL,udp:52721,192.168.3.117*,4,340,2,192,2,148
D4:F5:47:82:0E:C6,ALL,udp:52721,8.8.8.8*,4,340,2,148,2,192
D4:F5:47:82:0E:C6,ALL,udp:38487,192.168.3.117*,4,704,2,536,2,168
D4:F5:47:82:0E:C6,ALL,udp:38487,8.8.8.8*,4,704,2,168,2,536
D4:F5:47:82:0E:C6,ALL,udp:36980,192.168.3.117*,4,340,2,192,2,148
D4:F5:47:82:0E:C6,ALL,udp:36980,8.8.8.8*,4,340,2,148,2,192
D4:F5:47:82:0E:C6,ALL,udp:42709,192.168.3.117*,4,374,2,221,2,153
D4:F5:47:82:0E:C6,ALL,udp:42709,8.8.8.8*,4,374,2,153,2,221
D4:F5:47:82:0E:C6,ALL,udp:39543,192.168.3.117*,4,476,2,326,2,150
D4:F5:47:82:0E:C6,ALL,udp:39543,8.8.8.8*,4,476,2,150,2,326
D4:F5:47:82:0E:C6,ALL,udp:37150,192.168.3.117*,4,352,2,204,2,148
D4:F5:47:82:0E:C6,ALL,udp:37150,8.8.8.8*,4,352,2,148,2,204
D4:F5:47:82:0E:C6,ALL,udp:45152,192.168.3.117*,4,328,2,180,2,148
D4:F5:47:82:0E:C6,ALL,udp:45152,8.8.8.8*,4,328,2,148,2,180
D4:F5:47:82:0E:C6,ALL,udp:43486,192.168.3.117*,4,340,2,192,2,148
D4:F5:47:82:0E:C6,ALL,udp:43486,8.8.8.8*,4,340,2,148,2,192
D4:F5:47:82:0E:C6,ALL,udp:57812,192.168.3.117*,4,328,2,180,2,148
D4:F5:47:82:0E:C6,ALL,udp:57812,8.8.8.8*,4,328,2,148,2,180
D4:F5:47:82:0E:C6,ALL,udp:57635,192.168.3.117*,4,476,2,326,2,150
D4:F5:47:82:0E:C6,ALL,udp:57635,8.8.8.8*,4,476,2,150,2,326
D4:F5:47:82:0E:C6,ALL,udp:56517,192.168.3.117*,4,476,2,326,2,150
D4:F5:47:82:0E:C6,ALL,udp:56517,8.8.8.8*,4,476,2,150,2,326
D4:F5:47:82:0E:C6,ALL,udp:60375,192.168.3.117*,4,340,2,192,2,148
D4:F5:47:82:0E:C6,ALL,udp:60375,8.8.8.8*,4,340,2,148,2,192
D4:F5:47:82:0E:C6,ALL,udp:35114,192.168.3.117*,4,328,2,180,2,148
D4:F5:47:82:0E:C6,ALL,udp:35114,8.8.8.8*,4,328,2,148,2,180
D4:F5:47:82:0E:C6,ALL,udp:36030,192.168.3.117*,4,352,2,204,2,148
D4:F5:47:82:0E:C6,ALL,udp:36030,8.8.8.8*,4,352,2,148,2,204
D4:F5:47:82:0E:C6,ALL,udp:42309,192.168.3.117*,4,340,2,192,2,148
D4:F5:47:82:0E:C6,ALL,udp:42309,8.8.8.8*,4,340,2,148,2,192
D4:F5:47:82:0E:C6,ALL,udp:49088,192.168.3.117*,4,328,2,180,2,148
D4:F5:47:82:0E:C6,ALL,udp:49088,8.8.8.8*,4,328,2,148,2,180
D4:F5:47:82:0E:C6,ALL,udp:59799,192.168.3.117*,4,476,2,326,2,150
D4:F5:47:82:0E:C6,ALL,udp:59799,8.8.8.8*,4,476,2,150,2,326
D4:F5:47:82:0E:C6,ALL,udp:52653,192.168.3.117*,4,328,2,180,2,148
D4:F5:47:82:0E:C6,ALL,udp:52653,8.8.8.8*,4,328,2,148,2,180
D4:F5:47:82:0E:C6,ALL,udp:55283,192.168.3.117*,4,352,2,204,2,148
D4:F5:47:82:0E:C6,ALL,udp:55283,8.8.8.8*,4,352,2,148,2,204
D4:F5:47:82:0E:C6,ALL,udp:55774,192.168.3.117*,4,340,2,192,2,148
D4:F5:47:82:0E:C6,ALL,udp:55774,8.8.8.8*,4,340,2,148,2,192
D4:F5:47:82:0E:C6,ALL,udp:44468,192.168.3.117*,4,340,2,192,2,148
D4:F5:47:82:0E:C6,ALL,udp:44468,8.8.8.8*,4,340,2,148,2,192
D4:F5:47:82:0E:C6,ALL,udp:51855,192.168.3.117*,4,476,2,326,2,150
D4:F5:47:82:0E:C6,ALL,udp:51855,8.8.8.8*,4,476,2,150,2,326
D4:F5:47:82:0E:C6,ALL,udp:51533,216.239.35.4,2,180,1,90,1,90
D4:F5:47:82:0E:C6,ALL,udp:51533,8.8.8.8,4,340,2,148,2,192
D4:F5:47:82:0E:C6,ALL,udp:51485,192.168.3.117*,4,352,2,204,2,148
D4:F5:47:82:0E:C6,ALL,udp:51485,8.8.8.8*,4,352,2,148,2,204
D4:F5:47:82:0E:C6,ALL,udp:50144,192.168.3.117*,4,328,2,180,2,148
D4:F5:47:82:0E:C6,ALL,udp:50144,8.8.8.8*,4,328,2,148,2,180
D4:F5:47:82:0E:C6,ALL,udp:47747,192.168.3.117*,4,736,2,552,2,184
D4:F5:47:82:0E:C6,ALL,udp:47747,8.8.8.8*,4,736,2,184,2,552
D4:F5:47:82:0E:C6,ALL,udp:45619,192.168.3.117*,4,476,2,326,2,150
D4:F5:47:82:0E:C6,ALL,udp:45619,8.8.8.8*,4,476,2,150,2,326
D4:F5:47:82:0E:C6,ALL,udp:33603,192.168.3.117*,4,358,2,195,2,163
D4:F5:47:82:0E:C6,ALL,udp:33603,8.8.8.8*,4,358,2,163,2,195
D4:F5:47:82:0E:C6,ALL,udp:40940,192.168.3.117*,4,389,2,228,2,161
D4:F5:47:82:0E:C6,ALL,udp:40940,8.8.8.8*,4,389,2,161,2,228
D4:F5:47:82:0E:C6,ALL,udp:34630,192.168.3.117*,4,426,2,252,2,174
D4:F5:47:82:0E:C6,ALL,udp:34630,8.8.8.8*,4,426,2,174,2,252
D4:F5:47:82:0E:C6,ALL,udp:47346,192.168.3.117*,4,389,2,228,2,161
D4:F5:47:82:0E:C6,ALL,udp:47346,8.8.8.8*,4,389,2,161,2,228
D4:F5:47:82:0E:C6,ALL,udp:35312,192.168.3.117*,4,389,2,228,2,161
D4:F5:47:82:0E:C6,ALL,udp:35312,8.8.8.8*,4,389,2,161,2,228
D4:F5:47:82:0E:C6,ALL,udp:49393,192.168.3.117*,4,377,2,216,2,161
D4:F5:47:82:0E:C6,ALL,udp:49393,8.8.8.8*,4,377,2,161,2,216
D4:F5:47:82:0E:C6,ALL,udp:57185,192.168.3.117*,4,476,2,326,2,150
D4:F5:47:82:0E:C6,ALL,udp:57185,8.8.8.8*,4,476,2,150,2,326
D4:F5:47:82:0E:C6,ALL,udp:49836,192.168.3.117*,4,328,2,180,2,148
D4:F5:47:82:0E:C6,ALL,udp:49836,8.8.8.8*,4,328,2,148,2,180
D4:F5:47:82:0E:C6,ALL,udp:38006,192.168.3.117*,4,340,2,192,2,148
D4:F5:47:82:0E:C6,ALL,udp:38006,8.8.8.8*,4,340,2,148,2,192
D4:F5:47:82:0E:C6,ALL,udp:53117,192.168.3.117*,4,352,2,204,2,148
D4:F5:47:82:0E:C6,ALL,udp:53117,8.8.8.8*,4,352,2,148,2,204
D4:F5:47:82:0E:C6,ALL,udp:38473,192.168.3.117*,4,328,2,180,2,148
D4:F5:47:82:0E:C6,ALL,udp:38473,8.8.8.8*,4,328,2,148,2,180
D4:F5:47:82:0E:C6,ALL,udp:42169,192.168.3.117*,4,352,2,204,2,148
D4:F5:47:82:0E:C6,ALL,udp:42169,8.8.8.8*,4,352,2,148,2,204
D4:F5:47:82:0E:C6,ALL,udp:49957,192.168.3.117*,4,476,2,326,2,150
D4:F5:47:82:0E:C6,ALL,udp:49957,8.8.8.8*,4,476,2,150,2,326
D4:F5:47:82:0E:C6,ALL,udp:50919,192.168.3.117*,4,352,2,204,2,148
D4:F5:47:82:0E:C6,ALL,udp:50919,8.8.8.8*,4,352,2,148,2,204
D4:F5:47:82:0E:C6,ALL,udp:52281,192.168.3.117*,4,340,2,192,2,148
D4:F5:47:82:0E:C6,ALL,udp:52281,8.8.8.8*,4,340,2,148,2,192
D4:F5:47:82:0E:C6,ALL,udp:52620,192.168.3.117*,4,328,2,180,2,148
D4:F5:47:82:0E:C6,ALL,udp:52620,8.8.8.8*,4,328,2,148,2,180
D4:F5:47:82:0E:C6,ALL,udp:48130,192.168.3.117*,4,476,2,326,2,150
D4:F5:47:82:0E:C6,ALL,udp:48130,8.8.8.8*,4,476,2,150,2,326
D4:F5:47:82:0E:C6,ALL,udp:37227,192.168.3.117*,4,328,2,180,2,148
D4:F5:47:82:0E:C6,ALL,udp:37227,8.8.8.8*,4,328,2,148,2,180
D4:F5:47:82:0E:C6,ALL,udp:51038,192.168.3.117*,4,358,2,195,2,163
D4:F5:47:82:0E:C6,ALL,udp:51038,8.8.8.8*,4,358,2,163,2,195
D4:F5:47:82:0E:C6,ALL,udp:55520,192.168.3.117*,4,328,2,180,2,148
D4:F5:47:82:0E:C6,ALL,udp:55520,8.8.8.8*,4,328,2,148,2,180
D4:F5:47:82:0E:C6,ALL,udp:55793,192.168.3.117*,4,340,2,192,2,148
D4:F5:47:82:0E:C6,ALL,udp:55793,8.8.8.8*,4,340,2,148,2,192
D4:F5:47:82:0E:C6,ALL,udp:34044,192.168.3.117*,4,340,2,192,2,148
D4:F5:47:82:0E:C6,ALL,udp:34044,8.8.8.8*,4,340,2,148,2,192
D4:F5:47:82:0E:C6,ALL,udp:51734,192.168.3.117*,4,476,2,326,2,150
D4:F5:47:82:0E:C6,ALL,udp:51734,8.8.8.8*,4,476,2,150,2,326
D4:F5:47:82:0E:C6,ALL,udp:50909,192.168.3.117*,4,370,2,207,2,163
D4:F5:47:82:0E:C6,ALL,udp:50909,8.8.8.8*,4,370,2,163,2,207
D4:F5:47:82:0E:C6,ALL,udp:39352,192.168.3.117*,4,476,2,326,2,150
D4:F5:47:82:0E:C6,ALL,udp:39352,8.8.8.8*,4,476,2,150,2,326
D4:F5:47:82:0E:C6,ALL,udp:35706,192.168.3.117*,4,328,2,180,2,148
D4:F5:47:82:0E:C6,ALL,udp:35706,8.8.8.8*,4,328,2,148,2,180
D4:F5:47:82:0E:C6,ALL,udp:35802,192.168.3.117*,4,476,2,326,2,150
D4:F5:47:82:0E:C6,ALL,udp:35802,8.8.8.8*,4,476,2,150,2,326
D4:F5:47:82:0E:C6,ALL,udp:47120,192.168.3.117*,4,704,2,536,2,168
D4:F5:47:82:0E:C6,ALL,udp:47120,8.8.8.8*,4,704,2,168,2,536
D4:F5:47:82:0E:C6,ALL,udp:43881,192.168.3.117*,4,340,2,192,2,148
D4:F5:47:82:0E:C6,ALL,udp:43881,8.8.8.8*,4,340,2,148,2,192
D4:F5:47:82:0E:C6,ALL,udp:37754,192.168.3.117*,4,377,2,216,2,161
D4:F5:47:82:0E:C6,ALL,udp:37754,8.8.8.8*,4,377,2,161,2,216
D4:F5:47:82:0E:C6,ALL,udp:54198,192.168.3.117*,4,370,2,207,2,163
D4:F5:47:82:0E:C6,ALL,udp:54198,8.8.8.8*,4,370,2,163,2,207
D4:F5:47:82:0E:C6,ALL,udp:43174,192.168.3.117*,4,377,2,216,2,161
D4:F5:47:82:0E:C6,ALL,udp:43174,8.8.8.8*,4,377,2,161,2,216
D4:F5:47:82:0E:C6,ALL,udp:37335,192.168.3.117*,4,476,2,326,2,150
D4:F5:47:82:0E:C6,ALL,udp:37335,8.8.8.8*,4,476,2,150,2,326
D4:F5:47:82:0E:C6,ALL,udp:37913,192.168.3.117*,4,328,2,180,2,148
D4:F5:47:82:0E:C6,ALL,udp:37913,8.8.8.8*,4,328,2,148,2,180
D4:F5:47:82:0E:C6,ALL,udp:42885,192.168.3.117*,4,476,2,326,2,150
D4:F5:47:82:0E:C6,ALL,udp:42885,8.8.8.8*,4,476,2,150,2,326
D4:F5:47:82:0E:C6,ALL,udp:57195,192.168.3.117*,4,377,2,216,2,161
D4:F5:47:82:0E:C6,ALL,udp:57195,8.8.8.8*,4,377,2,161,2,216
D4:F5:47:82:0E:C6,ALL,udp:34120,192.168.3.117*,4,476,2,326,2,150
D4:F5:47:82:0E:C6,ALL,udp:34120,8.8.8.8*,4,476,2,150,2,326
D4:F5:47:82:0E:C6,ALL,udp:33028,192.168.3.117*,4,328,2,180,2,148
D4:F5:47:82:0E:C6,ALL,udp:33028,8.8.8.8*,4,328,2,148,2,180
D4:F5:47:82:0E:C6,ALL,udp:52806,192.168.3.117*,4,340,2,192,2,148
D4:F5:47:82:0E:C6,ALL,udp:52806,8.8.8.8*,4,340,2,148,2,192
D4:F5:47:82:0E:C6,ALL,udp:38363,192.168.3.117*,4,476,2,326,2,150
D4:F5:47:82:0E:C6,ALL,udp:38363,8.8.8.8*,4,476,2,150,2,326
D4:F5:47:82:0E:C6,ALL,udp:59984,192.168.3.117*,4,340,2,192,2,148
D4:F5:47:82:0E:C6,ALL,udp:59984,8.8.8.8*,4,340,2,148,2,192
D4:F5:47:82:0E:C6,ALL,udp:49679,192.168.3.117*,4,476,2,326,2,150
D4:F5:47:82:0E:C6,ALL,udp:49679,8.8.8.8*,4,476,2,150,2,326
D4:F5:47:82:0E:C6,ALL,udp:36694,192.168.3.117*,4,352,2,204,2,148
D4:F5:47:82:0E:C6,ALL,udp:36694,8.8.8.8*,4,352,2,148,2,204
D4:F5:47:82:0E:C6,ALL,udp:54697,192.168.3.117*,4,328,2,180,2,148
D4:F5:47:82:0E:C6,ALL,udp:54697,8.8.8.8*,4,328,2,148,2,180
D4:F5:47:82:0E:C6,ALL,udp:58008,192.168.3.117*,4,340,2,192,2,148
D4:F5:47:82:0E:C6,ALL,udp:58008,8.8.8.8*,4,340,2,148,2,192
D4:F5:47:82:0E:C6,ALL,udp:59305,192.168.3.117*,4,340,2,192,2,148
D4:F5:47:82:0E:C6,ALL,udp:59305,8.8.8.8*,4,340,2,148,2,192
D4:F5:47:82:0E:C6,ALL,udp:39160,172.217.165.142*,19,10790,11,7276,8,3514
D4:F5:47:82:0E:C6,ALL,udp:39160,8.8.8.8*,4,476,2,150,2,326
D4:F5:47:82:0E:C6,ALL,udp:41400,192.168.3.117*,4,340,2,192,2,148
D4:F5:47:82:0E:C6,ALL,udp:41400,8.8.8.8*,4,340,2,148,2,192
D4:F5:47:82:0E:C6,ALL,udp:34815,192.168.3.117*,4,340,2,192,2,148
D4:F5:47:82:0E:C6,ALL,udp:34815,8.8.8.8*,4,340,2,148,2,192
D4:F5:47:82:0E:C6,ALL,udp:46696,192.168.3.117*,4,476,2,326,2,150
D4:F5:47:82:0E:C6,ALL,udp:46696,8.8.8.8*,4,476,2,150,2,326
D4:F5:47:82:0E:C6,ALL,udp:49294,192.168.3.117*,4,352,2,204,2,148
D4:F5:47:82:0E:C6,ALL,udp:49294,8.8.8.8*,4,352,2,148,2,204
D4:F5:47:82:0E:C6,ALL,udp:34860,192.168.3.117*,4,340,2,192,2,148
D4:F5:47:82:0E:C6,ALL,udp:34860,8.8.8.8*,4,340,2,148,2,192
D4:F5:47:82:0E:C6,ALL,udp:55243,192.168.3.117*,4,492,2,334,2,158
D4:F5:47:82:0E:C6,ALL,udp:55243,8.8.8.8*,4,492,2,158,2,334
D4:F5:47:82:0E:C6,ALL,udp:45469,192.168.3.117*,4,704,2,536,2,168
D4:F5:47:82:0E:C6,ALL,udp:45469,8.8.8.8*,4,704,2,168,2,536
D4:F5:47:82:0E:C6,ALL,udp:33546,192.168.3.117*,4,352,2,204,2,148
D4:F5:47:82:0E:C6,ALL,udp:33546,8.8.8.8*,4,352,2,148,2,204
D4:F5:47:82:0E:C6,ALL,udp:34748,142.251.32.110*,23,12418,13,9198,10,3220
D4:F5:47:82:0E:C6,ALL,udp:34748,8.8.8.8*,4,340,2,148,2,192
D4:F5:47:82:0E:C6,ALL,udp:54956,192.168.3.117*,4,411,2,245,2,166
D4:F5:47:82:0E:C6,ALL,udp:54956,8.8.8.8*,4,411,2,166,2,245
D4:F5:47:82:0E:C6,ALL,udp:54677,192.168.3.117*,4,370,2,207,2,163
D4:F5:47:82:0E:C6,ALL,udp:54677,8.8.8.8*,4,370,2,163,2,207
D4:F5:47:82:0E:C6,ALL,udp:58223,192.168.3.117*,4,340,2,192,2,148
D4:F5:47:82:0E:C6,ALL,udp:58223,8.8.8.8*,4,340,2,148,2,192
D4:F5:47:82:0E:C6,ALL,udp:59179,192.168.3.117*,4,389,2,228,2,161
D4:F5:47:82:0E:C6,ALL,udp:59179,8.8.8.8*,4,389,2,161,2,228
D4:F5:47:82:0E:C6,ALL,udp:51374,192.168.3.117*,4,476,2,326,2,150
D4:F5:47:82:0E:C6,ALL,udp:51374,8.8.8.8*,4,476,2,150,2,326
D4:F5:47:82:0E:C6,ALL,udp:41335,192.168.3.117*,4,328,2,180,2,148
D4:F5:47:82:0E:C6,ALL,udp:41335,8.8.8.8*,4,328,2,148,2,180
D4:F5:47:82:0E:C6,ALL,udp:38117,192.168.3.117*,4,352,2,204,2,148
D4:F5:47:82:0E:C6,ALL,udp:38117,8.8.8.8*,4,352,2,148,2,204
D4:F5:47:82:0E:C6,ALL,udp:36657,192.168.3.117*,4,680,2,524,2,156
D4:F5:47:82:0E:C6,ALL,udp:36657,8.8.8.8*,4,680,2,156,2,524
D4:F5:47:82:0E:C6,ALL,udp:42933,192.168.3.117*,4,328,2,180,2,148
D4:F5:47:82:0E:C6,ALL,udp:42933,8.8.8.8*,4,328,2,148,2,180
D4:F5:47:82:0E:C6,ALL,udp:40122,192.168.3.117*,4,340,2,192,2,148
D4:F5:47:82:0E:C6,ALL,udp:40122,8.8.8.8*,4,340,2,148,2,192
D4:F5:47:82:0E:C6,ALL,udp:53029,192.168.3.117*,4,340,2,192,2,148
D4:F5:47:82:0E:C6,ALL,udp:53029,8.8.8.8*,4,340,2,148,2,192
D4:F5:47:82:0E:C6,ALL,udp:39707,192.168.3.117*,4,340,2,192,2,148
D4:F5:47:82:0E:C6,ALL,udp:39707,8.8.8.8*,4,340,2,148,2,192
D4:F5:47:82:0E:C6,ALL,udp:40379,192.168.3.117*,4,340,2,192,2,148
D4:F5:47:82:0E:C6,ALL,udp:40379,8.8.8.8*,4,340,2,148,2,192
D4:F5:47:82:0E:C6,ALL,udp:60082,192.168.3.117*,4,328,2,180,2,148
D4:F5:47:82:0E:C6,ALL,udp:60082,8.8.8.8*,4,328,2,148,2,180
D4:F5:47:82:0E:C6,ALL,udp:49071,192.168.3.117*,4,476,2,326,2,150
D4:F5:47:82:0E:C6,ALL,udp:49071,8.8.8.8*,4,476,2,150,2,326
D4:F5:47:82:0E:C6,ALL,udp:41519,192.168.3.117*,4,328,2,180,2,148
D4:F5:47:82:0E:C6,ALL,udp:41519,8.8.8.8*,4,328,2,148,2,180
D4:F5:47:82:0E:C6,ALL,udp:44249,192.168.3.117*,4,328,2,180,2,148
D4:F5:47:82:0E:C6,ALL,udp:44249,8.8.8.8*,4,328,2,148,2,180
D4:F5:47:82:0E:C6,ALL,udp:53313,192.168.3.117*,4,328,2,180,2,148
D4:F5:47:82:0E:C6,ALL,udp:53313,8.8.8.8*,4,328,2,148,2,180
D4:F5:47:82:0E:C6,ALL,udp:54017,192.168.3.117*,4,340,2,192,2,148
D4:F5:47:82:0E:C6,ALL,udp:54017,8.8.8.8*,4,340,2,148,2,192
D4:F5:47:82:0E:C6,ALL,udp:38642,192.168.3.117*,4,389,2,228,2,161
D4:F5:47:82:0E:C6,ALL,udp:38642,8.8.8.8*,4,389,2,161,2,228
D4:F5:47:82:0E:C6,ALL,udp:57502,192.168.3.117*,4,328,2,180,2,148
D4:F5:47:82:0E:C6,ALL,udp:57502,8.8.8.8*,4,328,2,148,2,180
D4:F5:47:82:0E:C6,ALL,udp:46783,192.168.3.117*,4,392,2,240,2,152
D4:F5:47:82:0E:C6,ALL,udp:46783,8.8.8.8*,4,392,2,152,2,240
D4:F5:47:82:0E:C6,ALL,udp:56372,192.168.3.117*,4,374,2,221,2,153
D4:F5:47:82:0E:C6,ALL,udp:56372,8.8.8.8*,4,374,2,153,2,221
D4:F5:47:82:0E:C6,ALL,udp:34547,192.168.3.117*,4,352,2,204,2,148
D4:F5:47:82:0E:C6,ALL,udp:34547,8.8.8.8*,4,352,2,148,2,204
D4:F5:47:82:0E:C6,ALL,udp:56599,192.168.3.117*,4,476,2,326,2,150
D4:F5:47:82:0E:C6,ALL,udp:56599,8.8.8.8*,4,476,2,150,2,326
D4:F5:47:82:0E:C6,ALL,udp:34997,192.168.3.117*,4,352,2,204,2,148
D4:F5:47:82:0E:C6,ALL,udp:34997,8.8.8.8*,4,352,2,148,2,204
D4:F5:47:82:0E:C6,ALL,udp:38103,192.168.3.117*,4,340,2,192,2,148
D4:F5:47:82:0E:C6,ALL,udp:38103,8.8.8.8*,4,340,2,148,2,192
D4:F5:47:82:0E:C6,ALL,udp:58892,192.168.3.117*,4,704,2,536,2,168
D4:F5:47:82:0E:C6,ALL,udp:58892,8.8.8.8*,4,704,2,168,2,536
D4:F5:47:82:0E:C6,ALL,udp:42224,192.168.3.117*,4,358,2,195,2,163
D4:F5:47:82:0E:C6,ALL,udp:42224,8.8.8.8*,4,358,2,163,2,195
D4:F5:47:82:0E:C6,ALL,udp:58819,192.168.3.117*,4,340,2,192,2,148
D4:F5:47:82:0E:C6,ALL,udp:58819,8.8.8.8*,4,340,2,148,2,192
D4:F5:47:82:0E:C6,ALL,udp:55698,216.239.35.0,2,180,1,90,1,90
D4:F5:47:82:0E:C6,ALL,udp:55698,8.8.8.8,4,358,2,163,2,195
D4:F5:47:82:0E:C6,ALL,udp:45460,192.168.3.117*,4,328,2,180,2,148
D4:F5:47:82:0E:C6,ALL,udp:45460,8.8.8.8*,4,328,2,148,2,180
D4:F5:47:82:0E:C6,ALL,udp:54760,192.168.3.117*,4,476,2,326,2,150
D4:F5:47:82:0E:C6,ALL,udp:54760,8.8.8.8*,4,476,2,150,2,326
D4:F5:47:82:0E:C6,ALL,udp:37372,192.168.3.117*,4,362,2,209,2,153
D4:F5:47:82:0E:C6,ALL,udp:37372,8.8.8.8*,4,362,2,153,2,209
D4:F5:47:82:0E:C6,ALL,udp:57829,192.168.3.117*,4,476,2,326,2,150
D4:F5:47:82:0E:C6,ALL,udp:57829,8.8.8.8*,4,476,2,150,2,326
D4:F5:47:82:0E:C6,ALL,udp:33496,192.168.3.117*,4,352,2,204,2,148
D4:F5:47:82:0E:C6,ALL,udp:33496,8.8.8.8*,4,352,2,148,2,204
D4:F5:47:82:0E:C6,ALL,udp:50834,192.168.3.117*,4,340,2,192,2,148
D4:F5:47:82:0E:C6,ALL,udp:50834,8.8.8.8*,4,340,2,148,2,192
D4:F5:47:82:0E:C6,ALL,udp:44402,192.168.3.117*,4,389,2,228,2,161
D4:F5:47:82:0E:C6,ALL,udp:44402,8.8.8.8*,4,389,2,161,2,228
D4:F5:47:82:0E:C6,ALL,udp:37688,192.168.3.117*,4,476,2,326,2,150
D4:F5:47:82:0E:C6,ALL,udp:37688,8.8.8.8*,4,476,2,150,2,326
D4:F5:47:82:0E:C6,ALL,udp:36774,192.168.3.117*,4,340,2,192,2,148
D4:F5:47:82:0E:C6,ALL,udp:36774,8.8.8.8*,4,340,2,148,2,192
D4:F5:47:82:0E:C6,ALL,udp:51224,192.168.3.117*,4,340,2,192,2,148
D4:F5:47:82:0E:C6,ALL,udp:51224,8.8.8.8*,4,340,2,148,2,192
D4:F5:47:82:0E:C6,ALL,udp:48535,192.168.3.117*,4,352,2,204,2,148
D4:F5:47:82:0E:C6,ALL,udp:48535,8.8.8.8*,4,352,2,148,2,204
D4:F5:47:82:0E:C6,ALL,udp:47624,192.168.3.117*,4,476,2,326,2,150
D4:F5:47:82:0E:C6,ALL,udp:47624,8.8.8.8*,4,476,2,150,2,326
D4:F5:47:82:0E:C6,ALL,udp:55891,192.168.3.117*,4,476,2,326,2,150
D4:F5:47:82:0E:C6,ALL,udp:55891,8.8.8.8*,4,476,2,150,2,326
D4:F5:47:82:0E:C6,ALL,udp:55535,192.168.3.117*,4,352,2,204,2,148
D4:F5:47:82:0E:C6,ALL,udp:55535,8.8.8.8*,4,352,2,148,2,204
D4:F5:47:82:0E:C6,ALL,udp:55404,192.168.3.117*,4,476,2,326,2,150
D4:F5:47:82:0E:C6,ALL,udp:55404,8.8.8.8*,4,476,2,150,2,326
D4:F5:47:82:0E:C6,ALL,udp:38588,192.168.3.117*,4,352,2,204,2,148
D4:F5:47:82:0E:C6,ALL,udp:38588,8.8.8.8*,4,352,2,148,2,204
D4:F5:47:82:0E:C6,ALL,udp:43990,192.168.3.117*,4,374,2,221,2,153
D4:F5:47:82:0E:C6,ALL,udp:43990,8.8.8.8*,4,374,2,153,2,221
D4:F5:47:82:0E:C6,ALL,udp:48712,192.168.3.117*,4,340,2,192,2,148
D4:F5:47:82:0E:C6,ALL,udp:48712,8.8.8.8*,4,340,2,148,2,192
D4:F5:47:82:0E:C6,ALL,udp:44109,192.168.3.117*,4,476,2,326,2,150
D4:F5:47:82:0E:C6,ALL,udp:44109,8.8.8.8*,4,476,2,150,2,326
D4:F5:47:82:0E:C6,ALL,udp:38809,192.168.3.117*,4,389,2,228,2,161
D4:F5:47:82:0E:C6,ALL,udp:38809,8.8.8.8*,4,389,2,161,2,228
D4:F5:47:82:0E:C6,ALL,udp:54968,192.168.3.117*,4,704,2,536,2,168
D4:F5:47:82:0E:C6,ALL,udp:54968,8.8.8.8*,4,704,2,168,2,536
D4:F5:47:82:0E:C6,ALL,udp:45440,192.168.3.117*,4,476,2,326,2,150
D4:F5:47:82:0E:C6,ALL,udp:45440,8.8.8.8*,4,476,2,150,2,326
D4:F5:47:82:0E:C6,ALL,udp:40537,192.168.3.117*,4,340,2,192,2,148
D4:F5:47:82:0E:C6,ALL,udp:40537,8.8.8.8*,4,340,2,148,2,192
D4:F5:47:82:0E:C6,ALL,udp:54754,192.168.3.117*,4,370,2,207,2,163
D4:F5:47:82:0E:C6,ALL,udp:54754,8.8.8.8*,4,370,2,163,2,207
D4:F5:47:82:0E:C6,ALL,udp:59463,192.168.3.117*,4,680,2,524,2,156
D4:F5:47:82:0E:C6,ALL,udp:59463,8.8.8.8*,4,680,2,156,2,524
D4:F5:47:82:0E:C6,ALL,udp:48687,192.168.3.117*,4,352,2,204,2,148
D4:F5:47:82:0E:C6,ALL,udp:48687,8.8.8.8*,4,352,2,148,2,204
D4:F5:47:82:0E:C6,ALL,udp:35437,192.168.3.117*,4,374,2,221,2,153
D4:F5:47:82:0E:C6,ALL,udp:35437,8.8.8.8*,4,374,2,153,2,221
D4:F5:47:82:0E:C6,ALL,udp:60497,192.168.3.117*,4,476,2,326,2,150
D4:F5:47:82:0E:C6,ALL,udp:60497,8.8.8.8*,4,476,2,150,2,326
D4:F5:47:82:0E:C6,ALL,udp:40258,192.168.3.117*,4,340,2,192,2,148
D4:F5:47:82:0E:C6,ALL,udp:40258,8.8.8.8*,4,340,2,148,2,192
D4:F5:47:82:0E:C6,ALL,udp:58284,192.168.3.117*,4,328,2,180,2,148
D4:F5:47:82:0E:C6,ALL,udp:58284,8.8.8.8*,4,328,2,148,2,180
D4:F5:47:82:0E:C6,ALL,udp:34073,192.168.3.117*,4,328,2,180,2,148
D4:F5:47:82:0E:C6,ALL,udp:34073,8.8.8.8*,4,328,2,148,2,180
D4:F5:47:82:0E:C6,ALL,udp:45130,192.168.3.117*,4,476,2,326,2,150
D4:F5:47:82:0E:C6,ALL,udp:45130,8.8.8.8*,4,476,2,150,2,326
D4:F5:47:82:0E:C6,ALL,udp:36815,192.168.3.117*,4,352,2,204,2,148
D4:F5:47:82:0E:C6,ALL,udp:36815,8.8.8.8*,4,352,2,148,2,204
D4:F5:47:82:0E:C6,ALL,udp:59052,192.168.3.117*,4,352,2,204,2,148
D4:F5:47:82:0E:C6,ALL,udp:59052,8.8.8.8*,4,352,2,148,2,204
D4:F5:47:82:0E:C6,ALL,udp:38902,192.168.3.117*,4,476,2,326,2,150
D4:F5:47:82:0E:C6,ALL,udp:38902,8.8.8.8*,4,476,2,150,2,326
D4:F5:47:82:0E:C6,ALL,udp:46960,192.168.3.117*,4,362,2,209,2,153
D4:F5:47:82:0E:C6,ALL,udp:46960,8.8.8.8*,4,362,2,153,2,209
D4:F5:47:82:0E:C6,ALL,udp:39912,192.168.3.117*,4,358,2,195,2,163
D4:F5:47:82:0E:C6,ALL,udp:39912,8.8.8.8*,4,358,2,163,2,195
D4:F5:47:82:0E:C6,ALL,udp:49005,192.168.3.117*,4,340,2,192,2,148
D4:F5:47:82:0E:C6,ALL,udp:49005,8.8.8.8*,4,340,2,148,2,192
D4:F5:47:82:0E:C6,ALL,udp:49956,192.168.3.117*,4,704,2,536,2,168
D4:F5:47:82:0E:C6,ALL,udp:49956,8.8.8.8*,4,704,2,168,2,536
D4:F5:47:82:0E:C6,ALL,udp:56460,192.168.3.117*,4,476,2,326,2,150
D4:F5:47:82:0E:C6,ALL,udp:56460,8.8.8.8*,4,476,2,150,2,326
D4:F5:47:82:0E:C6,ALL,udp:36326,192.168.3.117*,4,328,2,180,2,148
D4:F5:47:82:0E:C6,ALL,udp:36326,8.8.8.8*,4,328,2,148,2,180
D4:F5:47:82:0E:C6,ALL,udp:40954,192.168.3.117*,4,476,2,326,2,150
D4:F5:47:82:0E:C6,ALL,udp:40954,8.8.8.8*,4,476,2,150,2,326
D4:F5:47:82:0E:C6,ALL,udp:40271,192.168.3.117*,4,340,2,192,2,148
D4:F5:47:82:0E:C6,ALL,udp:40271,8.8.8.8*,4,340,2,148,2,192
D4:F5:47:82:0E:C6,ALL,udp:38583,192.168.3.117*,4,396,2,238,2,158
D4:F5:47:82:0E:C6,ALL,udp:38583,8.8.8.8*,4,396,2,158,2,238
D4:F5:47:82:0E:C6,ALL,udp:39215,192.168.3.117*,4,362,2,209,2,153
D4:F5:47:82:0E:C6,ALL,udp:39215,8.8.8.8*,4,362,2,153,2,209
D4:F5:47:82:0E:C6,ALL,udp:43241,192.168.3.117*,4,328,2,180,2,148
D4:F5:47:82:0E:C6,ALL,udp:43241,8.8.8.8*,4,328,2,148,2,180
D4:F5:47:82:0E:C6,ALL,udp:36897,192.168.3.117*,4,476,2,326,2,150
D4:F5:47:82:0E:C6,ALL,udp:36897,8.8.8.8*,4,476,2,150,2,326
D4:F5:47:82:0E:C6,ALL,udp:49110,192.168.3.117*,4,476,2,326,2,150
D4:F5:47:82:0E:C6,ALL,udp:49110,8.8.8.8*,4,476,2,150,2,326
D4:F5:47:82:0E:C6,ALL,udp:43624,192.168.3.117*,4,352,2,204,2,148
D4:F5:47:82:0E:C6,ALL,udp:43624,8.8.8.8*,4,352,2,148,2,204
D4:F5:47:82:0E:C6,ALL,udp:53214,192.168.3.117*,4,352,2,204,2,148
D4:F5:47:82:0E:C6,ALL,udp:53214,8.8.8.8*,4,352,2,148,2,204
D4:F5:47:82:0E:C6,ALL,udp:35293,192.168.3.117*,4,476,2,326,2,150
D4:F5:47:82:0E:C6,ALL,udp:35293,8.8.8.8*,4,476,2,150,2,326
D4:F5:47:82:0E:C6,ALL,udp:46537,192.168.3.117*,4,340,2,192,2,148
D4:F5:47:82:0E:C6,ALL,udp:46537,8.8.8.8*,4,340,2,148,2,192
D4:F5:47:82:0E:C6,ALL,udp:60341,192.168.3.117*,4,476,2,326,2,150
D4:F5:47:82:0E:C6,ALL,udp:60341,8.8.8.8*,4,476,2,150,2,326
D4:F5:47:82:0E:C6,ALL,udp:47621,192.168.3.117*,4,340,2,192,2,148
D4:F5:47:82:0E:C6,ALL,udp:47621,8.8.8.8*,4,340,2,148,2,192
D4:F5:47:82:0E:C6,ALL,udp:54557,192.168.3.117*,4,352,2,204,2,148
D4:F5:47:82:0E:C6,ALL,udp:54557,8.8.8.8*,4,352,2,148,2,204
D4:F5:47:82:0E:C6,ALL,udp:36875,192.168.3.117*,4,340,2,192,2,148
D4:F5:47:82:0E:C6,ALL,udp:36875,8.8.8.8*,4,340,2,148,2,192
D4:F5:47:82:0E:C6,ALL,udp:48647,192.168.3.117*,4,374,2,221,2,153
D4:F5:47:82:0E:C6,ALL,udp:48647,8.8.8.8*,4,374,2,153,2,221
D4:F5:47:82:0E:C6,ALL,udp:48210,172.217.165.142*,20,10873,12,7359,8,3514
D4:F5:47:82:0E:C6,ALL,udp:48210,192.168.3.117*,20,10873,8,3514,12,7359
D4:F5:47:82:0E:C6,ALL,udp:55422,192.168.3.117*,4,340,2,192,2,148
D4:F5:47:82:0E:C6,ALL,udp:55422,8.8.8.8*,4,340,2,148,2,192
D4:F5:47:82:0E:C6,ALL,udp:41978,192.168.3.117*,4,340,2,192,2,148
D4:F5:47:82:0E:C6,ALL,udp:41978,8.8.8.8*,4,340,2,148,2,192
D4:F5:47:82:0E:C6,ALL,udp:52690,192.168.3.117*,4,340,2,192,2,148
D4:F5:47:82:0E:C6,ALL,udp:52690,8.8.8.8*,4,340,2,148,2,192
D4:F5:47:82:0E:C6,ALL,udp:39840,192.168.3.117*,4,389,2,228,2,161
D4:F5:47:82:0E:C6,ALL,udp:39840,8.8.8.8*,4,389,2,161,2,228
D4:F5:47:82:0E:C6,ALL,udp:57675,192.168.3.117*,4,680,2,524,2,156
D4:F5:47:82:0E:C6,ALL,udp:57675,8.8.8.8*,4,680,2,156,2,524
D4:F5:47:82:0E:C6,ALL,udp:55452,192.168.3.117*,4,328,2,180,2,148
D4:F5:47:82:0E:C6,ALL,udp:55452,8.8.8.8*,4,328,2,148,2,180
D4:F5:47:82:0E:C6,ALL,udp:47528,192.168.3.117*,4,476,2,326,2,150
D4:F5:47:82:0E:C6,ALL,udp:47528,8.8.8.8*,4,476,2,150,2,326
D4:F5:47:82:0E:C6,ALL,udp:42284,192.168.3.117*,4,340,2,192,2,148
D4:F5:47:82:0E:C6,ALL,udp:42284,8.8.8.8*,4,340,2,148,2,192
D4:F5:47:82:0E:C6,ALL,udp:35049,192.168.3.117*,4,340,2,192,2,148
D4:F5:47:82:0E:C6,ALL,udp:35049,8.8.8.8*,4,340,2,148,2,192
D4:F5:47:82:0E:C6,ALL,udp:45590,192.168.3.117*,4,476,2,326,2,150
D4:F5:47:82:0E:C6,ALL,udp:45590,8.8.8.8*,4,476,2,150,2,326
D4:F5:47:82:0E:C6,ALL,udp:44529,192.168.3.117*,4,476,2,326,2,150
D4:F5:47:82:0E:C6,ALL,udp:44529,8.8.8.8*,4,476,2,150,2,326
D4:F5:47:82:0E:C6,ALL,udp:49207,192.168.3.117*,4,352,2,204,2,148
D4:F5:47:82:0E:C6,ALL,udp:49207,8.8.8.8*,4,352,2,148,2,204
D4:F5:47:82:0E:C6,ALL,udp:55983,192.168.3.117*,4,328,2,180,2,148
D4:F5:47:82:0E:C6,ALL,udp:55983,8.8.8.8*,4,328,2,148,2,180
D4:F5:47:82:0E:C6,ALL,udp:41268,192.168.3.117*,4,476,2,326,2,150
D4:F5:47:82:0E:C6,ALL,udp:41268,8.8.8.8*,4,476,2,150,2,326
D4:F5:47:82:0E:C6,ALL,udp:48206,216.239.35.8,2,180,1,90,1,90
D4:F5:47:82:0E:C6,ALL,udp:48206,8.8.8.8,4,352,2,148,2,204
D4:F5:47:82:0E:C6,ALL,udp:40451,192.168.3.117*,4,704,2,536,2,168
D4:F5:47:82:0E:C6,ALL,udp:40451,8.8.8.8*,4,704,2,168,2,536
D4:F5:47:82:0E:C6,ALL,udp:38291,192.168.3.117*,4,328,2,180,2,148
D4:F5:47:82:0E:C6,ALL,udp:38291,8.8.8.8*,4,328,2,148,2,180
D4:F5:47:82:0E:C6,ALL,udp:52831,192.168.3.117*,4,362,2,209,2,153
D4:F5:47:82:0E:C6,ALL,udp:52831,8.8.8.8*,4,362,2,153,2,209
D4:F5:47:82:0E:C6,ALL,udp:36442,192.168.3.117*,4,476,2,326,2,150
D4:F5:47:82:0E:C6,ALL,udp:36442,8.8.8.8*,4,476,2,150,2,326
D4:F5:47:82:0E:C6,ALL,udp:51476,192.168.3.117*,4,392,2,240,2,152
D4:F5:47:82:0E:C6,ALL,udp:51476,8.8.8.8*,4,392,2,152,2,240
D4:F5:47:82:0E:C6,ALL,udp:59601,192.168.3.117*,4,328,2,180,2,148
D4:F5:47:82:0E:C6,ALL,udp:59601,8.8.8.8*,4,328,2,148,2,180
D4:F5:47:82:0E:C6,ALL,udp:58893,192.168.3.117*,4,352,2,204,2,148
D4:F5:47:82:0E:C6,ALL,udp:58893,8.8.8.8*,4,352,2,148,2,204
D4:F5:47:82:0E:C6,ALL,udp:45530,192.168.3.117*,4,352,2,204,2,148
D4:F5:47:82:0E:C6,ALL,udp:45530,8.8.8.8*,4,352,2,148,2,204
D4:F5:47:82:0E:C6,ALL,udp:48623,192.168.3.117*,4,476,2,326,2,150
D4:F5:47:82:0E:C6,ALL,udp:48623,8.8.8.8*,4,476,2,150,2,326
D4:F5:47:82:0E:C6,ALL,udp:48433,192.168.3.117*,4,340,2,192,2,148
D4:F5:47:82:0E:C6,ALL,udp:48433,8.8.8.8*,4,340,2,148,2,192
D4:F5:47:82:0E:C6,ALL,udp:45093,192.168.3.117*,4,340,2,192,2,148
D4:F5:47:82:0E:C6,ALL,udp:45093,8.8.8.8*,4,340,2,148,2,192
D4:F5:47:82:0E:C6,ALL,udp:38454,192.168.3.117*,4,340,2,192,2,148
D4:F5:47:82:0E:C6,ALL,udp:38454,8.8.8.8*,4,340,2,148,2,192
D4:F5:47:82:0E:C6,ALL,udp:35439,192.168.3.117*,4,352,2,204,2,148
D4:F5:47:82:0E:C6,ALL,udp:35439,8.8.8.8*,4,352,2,148,2,204
D4:F5:47:82:0E:C6,ALL,udp:38528,216.239.35.12,2,180,1,90,1,90
D4:F5:47:82:0E:C6,ALL,udp:38528,8.8.8.8,4,476,2,150,2,326
D4:F5:47:82:0E:C6,ALL,udp:53541,192.168.3.117*,4,340,2,192,2,148
D4:F5:47:82:0E:C6,ALL,udp:53541,8.8.8.8*,4,340,2,148,2,192
D4:F5:47:82:0E:C6,ALL,udp:43118,192.168.3.117*,4,476,2,326,2,150
D4:F5:47:82:0E:C6,ALL,udp:43118,8.8.8.8*,4,476,2,150,2,326
D4:F5:47:82:0E:C6,ALL,udp:32961,192.168.3.117*,4,476,2,326,2,150
D4:F5:47:82:0E:C6,ALL,udp:32961,8.8.8.8*,4,476,2,150,2,326
D4:F5:47:82:0E:C6,ALL,udp:46366,192.168.3.117*,4,352,2,204,2,148
D4:F5:47:82:0E:C6,ALL,udp:46366,8.8.8.8*,4,352,2,148,2,204
D4:F5:47:82:0E:C6,ALL,udp:41714,192.168.3.117*,4,476,2,326,2,150
D4:F5:47:82:0E:C6,ALL,udp:41714,8.8.8.8*,4,476,2,150,2,326
D4:F5:47:82:0E:C6,ALL,udp:36505,192.168.3.117*,4,704,2,536,2,168
D4:F5:47:82:0E:C6,ALL,udp:36505,8.8.8.8*,4,704,2,168,2,536
D4:F5:47:82:0E:C6,ALL,udp:57231,192.168.3.117*,4,370,2,207,2,163
D4:F5:47:82:0E:C6,ALL,udp:57231,8.8.8.8*,4,370,2,163,2,207
D4:F5:47:82:0E:C6,ALL,udp:58065,192.168.3.117*,4,476,2,326,2,150
D4:F5:47:82:0E:C6,ALL,udp:58065,8.8.8.8*,4,476,2,150,2,326
D4:F5:47:82:0E:C6,ALL,udp:46038,192.168.3.117*,4,352,2,204,2,148
D4:F5:47:82:0E:C6,ALL,udp:46038,8.8.8.8*,4,352,2,148,2,204
D4:F5:47:82:0E:C6,ALL,udp:39878,192.168.3.117*,4,680,2,524,2,156
D4:F5:47:82:0E:C6,ALL,udp:39878,8.8.8.8*,4,680,2,156,2,524
D4:F5:47:82:0E:C6,ALL,udp:50785,192.168.3.117*,4,328,2,180,2,148
D4:F5:47:82:0E:C6,ALL,udp:50785,8.8.8.8*,4,328,2,148,2,180
D4:F5:47:82:0E:C6,ALL,udp:52908,192.168.3.117*,4,340,2,192,2,148
D4:F5:47:82:0E:C6,ALL,udp:52908,8.8.8.8*,4,340,2,148,2,192
D4:F5:47:82:0E:C6,ALL,udp:39426,192.168.3.117*,4,374,2,221,2,153
D4:F5:47:82:0E:C6,ALL,udp:39426,8.8.8.8*,4,374,2,153,2,221
D4:F5:47:82:0E:C6,ALL,udp:43326,192.168.3.117*,4,476,2,326,2,150
D4:F5:47:82:0E:C6,ALL,udp:43326,8.8.8.8*,4,476,2,150,2,326
D4:F5:47:82:0E:C6,ALL,udp:43950,192.168.3.117*,4,374,2,221,2,153
D4:F5:47:82:0E:C6,ALL,udp:43950,8.8.8.8*,4,374,2,153,2,221
D4:F5:47:82:0E:C6,ALL,udp:53250,192.168.3.117*,4,340,2,192,2,148
D4:F5:47:82:0E:C6,ALL,udp:53250,8.8.8.8*,4,340,2,148,2,192
D4:F5:47:82:0E:C6,ALL,udp:53477,192.168.3.117*,4,476,2,326,2,150
D4:F5:47:82:0E:C6,ALL,udp:53477,8.8.8.8*,4,476,2,150,2,326
D4:F5:47:82:0E:C6,ALL,udp:57960,192.168.3.117*,4,476,2,326,2,150
D4:F5:47:82:0E:C6,ALL,udp:57960,8.8.8.8*,4,476,2,150,2,326
D4:F5:47:82:0E:C6,ALL,udp:42935,192.168.3.117*,4,352,2,204,2,148
D4:F5:47:82:0E:C6,ALL,udp:42935,8.8.8.8*,4,352,2,148,2,204
D4:F5:47:82:0E:C6,ALL,udp:45119,192.168.3.117*,4,340,2,192,2,148
D4:F5:47:82:0E:C6,ALL,udp:45119,8.8.8.8*,4,340,2,148,2,192
D4:F5:47:82:0E:C6,ALL,udp:45565,192.168.3.117*,4,476,2,326,2,150
D4:F5:47:82:0E:C6,ALL,udp:45565,8.8.8.8*,4,476,2,150,2,326
D4:F5:47:82:0E:C6,ALL,udp:34604,142.251.32.110*,19,10789,11,7275,8,3514
D4:F5:47:82:0E:C6,ALL,udp:34604,8.8.8.8*,4,377,2,161,2,216
D4:F5:47:82:0E:C6,ALL,udp:52291,192.168.3.117*,4,328,2,180,2,148
D4:F5:47:82:0E:C6,ALL,udp:52291,8.8.8.8*,4,328,2,148,2,180
D4:F5:47:82:0E:C6,ALL,udp:36310,192.168.3.117*,4,704,2,536,2,168
D4:F5:47:82:0E:C6,ALL,udp:36310,8.8.8.8*,4,704,2,168,2,536
D4:F5:47:82:0E:C6,ALL,udp:43098,192.168.3.117*,4,328,2,180,2,148
D4:F5:47:82:0E:C6,ALL,udp:43098,8.8.8.8*,4,328,2,148,2,180
D4:F5:47:82:0E:C6,ALL,udp:49312,192.168.3.117*,4,476,2,326,2,150
D4:F5:47:82:0E:C6,ALL,udp:49312,8.8.8.8*,4,476,2,150,2,326
D4:F5:47:82:0E:C6,ALL,udp:59030,192.168.3.117*,4,392,2,240,2,152
D4:F5:47:82:0E:C6,ALL,udp:59030,8.8.8.8*,4,392,2,152,2,240
D4:F5:47:82:0E:C6,ALL,udp:45204,192.168.3.117*,4,736,2,552,2,184
D4:F5:47:82:0E:C6,ALL,udp:45204,8.8.8.8*,4,736,2,184,2,552
D4:F5:47:82:0E:C6,ALL,udp:49132,192.168.3.117*,4,704,2,536,2,168
D4:F5:47:82:0E:C6,ALL,udp:49132,8.8.8.8*,4,704,2,168,2,536
D4:F5:47:82:0E:C6,ALL,udp:41796,192.168.3.117*,4,728,2,548,2,180
D4:F5:47:82:0E:C6,ALL,udp:41796,8.8.8.8*,4,728,2,180,2,548
D4:F5:47:82:0E:C6,ALL,udp:54925,192.168.3.117*,4,492,2,334,2,158
D4:F5:47:82:0E:C6,ALL,udp:54925,8.8.8.8*,4,492,2,158,2,334
D4:F5:47:82:0E:C6,ALL,udp:49334,192.168.3.117*,4,340,2,192,2,148
D4:F5:47:82:0E:C6,ALL,udp:49334,8.8.8.8*,4,340,2,148,2,192
D4:F5:47:82:0E:C6,ALL,udp:40291,192.168.3.117*,4,340,2,192,2,148
D4:F5:47:82:0E:C6,ALL,udp:40291,8.8.8.8*,4,340,2,148,2,192
D4:F5:47:82:0E:C6,ALL,udp:51312,192.168.3.117*,4,736,2,552,2,184
D4:F5:47:82:0E:C6,ALL,udp:51312,8.8.8.8*,4,736,2,184,2,552
D4:F5:47:82:0E:C6,ALL,udp:40259,192.168.3.117*,4,340,2,192,2,148
D4:F5:47:82:0E:C6,ALL,udp:40259,8.8.8.8*,4,340,2,148,2,192
D4:F5:47:82:0E:C6,ALL,udp:54074,192.168.3.117*,4,340,2,192,2,148
D4:F5:47:82:0E:C6,ALL,udp:54074,8.8.8.8*,4,340,2,148,2,192
D4:F5:47:82:0E:C6,ALL,udp:42320,192.168.3.117*,4,340,2,192,2,148
D4:F5:47:82:0E:C6,ALL,udp:42320,8.8.8.8*,4,340,2,148,2,192
D4:F5:47:82:0E:C6,ALL,udp:34316,192.168.3.117*,4,340,2,192,2,148
D4:F5:47:82:0E:C6,ALL,udp:34316,8.8.8.8*,4,340,2,148,2,192
D4:F5:47:82:0E:C6,ALL,udp:45796,192.168.3.117*,4,340,2,192,2,148
D4:F5:47:82:0E:C6,ALL,udp:45796,8.8.8.8*,4,340,2,148,2,192
D4:F5:47:82:0E:C6,ALL,udp:53452,192.168.3.117*,4,340,2,192,2,148
D4:F5:47:82:0E:C6,ALL,udp:53452,8.8.8.8*,4,340,2,148,2,192
D4:F5:47:82:0E:C6,ALL,udp:52772,192.168.3.117*,4,340,2,192,2,148
D4:F5:47:82:0E:C6,ALL,udp:52772,8.8.8.8*,4,340,2,148,2,192
D4:F5:47:82:0E:C6,ALL,udp:46935,192.168.3.117*,4,476,2,326,2,150
D4:F5:47:82:0E:C6,ALL,udp:46935,8.8.8.8*,4,476,2,150,2,326
D4:F5:47:82:0E:C6,ALL,udp:41371,192.168.3.117*,4,340,2,192,2,148
D4:F5:47:82:0E:C6,ALL,udp:41371,8.8.8.8*,4,340,2,148,2,192
D4:F5:47:82:0E:C6,ALL,udp:55906,192.168.3.117*,4,340,2,192,2,148
D4:F5:47:82:0E:C6,ALL,udp:55906,8.8.8.8*,4,340,2,148,2,192
D4:F5:47:82:0E:C6,ALL,udp:34699,192.168.3.117*,4,340,2,192,2,148
D4:F5:47:82:0E:C6,ALL,udp:34699,8.8.8.8*,4,340,2,148,2,192
D4:F5:47:82:0E:C6,ALL,udp:49795,192.168.3.117*,4,340,2,192,2,148
D4:F5:47:82:0E:C6,ALL,udp:49795,8.8.8.8*,4,340,2,148,2,192
D4:F5:47:82:0E:C6,ALL,udp:40518,192.168.3.117*,4,340,2,192,2,148
D4:F5:47:82:0E:C6,ALL,udp:40518,8.8.8.8*,4,340,2,148,2,192
D4:F5:47:82:0E:C6,ALL,udp:38978,192.168.3.117*,4,340,2,192,2,148
D4:F5:47:82:0E:C6,ALL,udp:38978,8.8.8.8*,4,340,2,148,2,192
D4:F5:47:82:0E:C6,ALL,udp:58677,192.168.3.117*,4,340,2,192,2,148
D4:F5:47:82:0E:C6,ALL,udp:58677,8.8.8.8*,4,340,2,148,2,192
D4:F5:47:82:0E:C6,ALL,udp:57196,192.168.3.117*,4,340,2,192,2,148
D4:F5:47:82:0E:C6,ALL,udp:57196,8.8.8.8*,4,340,2,148,2,192
D4:F5:47:82:0E:C6,ALL,udp:58217,192.168.3.117*,4,340,2,192,2,148
D4:F5:47:82:0E:C6,ALL,udp:58217,8.8.8.8*,4,340,2,148,2,192
D4:F5:47:82:0E:C6,ALL,udp:48965,192.168.3.117*,4,340,2,192,2,148
D4:F5:47:82:0E:C6,ALL,udp:48965,8.8.8.8*,4,340,2,148,2,192
D4:F5:47:82:0E:C6,ALL,udp:54719,192.168.3.117*,4,340,2,192,2,148
D4:F5:47:82:0E:C6,ALL,udp:54719,8.8.8.8*,4,340,2,148,2,192
D4:F5:47:82:0E:C6,ALL,udp:60521,192.168.3.117*,4,340,2,192,2,148
D4:F5:47:82:0E:C6,ALL,udp:60521,8.8.8.8*,4,340,2,148,2,192
D4:F5:47:82:0E:C6,ALL,udp:34157,192.168.3.117*,4,340,2,192,2,148
D4:F5:47:82:0E:C6,ALL,udp:34157,8.8.8.8*,4,340,2,148,2,192
D4:F5:47:82:0E:C6,ALL,udp:39443,192.168.3.117*,4,340,2,192,2,148
D4:F5:47:82:0E:C6,ALL,udp:39443,8.8.8.8*,4,340,2,148,2,192
D4:F5:47:82:0E:C6,ALL,udp:45493,192.168.3.117*,4,340,2,192,2,148
D4:F5:47:82:0E:C6,ALL,udp:45493,8.8.8.8*,4,340,2,148,2,192
D4:F5:47:82:0E:C6,ALL,udp:39522,192.168.3.117*,4,340,2,192,2,148
D4:F5:47:82:0E:C6,ALL,udp:39522,8.8.8.8*,4,340,2,148,2,192
D4:F5:47:82:0E:C6,ALL,udp:47934,192.168.3.117*,4,476,2,326,2,150
D4:F5:47:82:0E:C6,ALL,udp:47934,8.8.8.8*,4,476,2,150,2,326
D4:F5:47:82:0E:C6,ALL,udp:49134,192.168.3.117*,4,340,2,192,2,148
D4:F5:47:82:0E:C6,ALL,udp:49134,8.8.8.8*,4,340,2,148,2,192
D4:F5:47:82:0E:C6,ALL,udp:57653,192.168.3.117*,4,340,2,192,2,148
D4:F5:47:82:0E:C6,ALL,udp:57653,8.8.8.8*,4,340,2,148,2,192
D4:F5:47:82:0E:C6,ALL,udp:58311,192.168.3.117*,4,340,2,192,2,148
D4:F5:47:82:0E:C6,ALL,udp:58311,8.8.8.8*,4,340,2,148,2,192
D4:F5:47:82:0E:C6,ALL,udp:50937,192.168.3.117*,4,340,2,192,2,148
D4:F5:47:82:0E:C6,ALL,udp:50937,8.8.8.8*,4,340,2,148,2,192
D4:F5:47:82:0E:C6,ALL,udp:33567,192.168.3.117*,4,340,2,192,2,148
D4:F5:47:82:0E:C6,ALL,udp:33567,8.8.8.8*,4,340,2,148,2,192
D4:F5:47:82:0E:C6,ALL,udp:48951,192.168.3.117*,4,340,2,192,2,148
D4:F5:47:82:0E:C6,ALL,udp:48951,8.8.8.8*,4,340,2,148,2,192
D4:F5:47:82:0E:C6,ALL,udp:59712,192.168.3.117*,4,340,2,192,2,148
D4:F5:47:82:0E:C6,ALL,udp:59712,8.8.8.8*,4,340,2,148,2,192
D4:F5:47:82:0E:C6,ALL,udp:48912,192.168.3.117*,4,340,2,192,2,148
D4:F5:47:82:0E:C6,ALL,udp:48912,8.8.8.8*,4,340,2,148,2,192
D4:F5:47:82:0E:C6,ALL,udp:54888,192.168.3.117*,4,476,2,326,2,150
D4:F5:47:82:0E:C6,ALL,udp:54888,8.8.8.8*,4,476,2,150,2,326
D4:F5:47:82:0E:C6,ALL,udp:53416,192.168.3.117*,4,340,2,192,2,148
D4:F5:47:82:0E:C6,ALL,udp:53416,8.8.8.8*,4,340,2,148,2,192
D4:F5:47:82:0E:C6,ALL,udp:53813,192.168.3.117*,4,340,2,192,2,148
D4:F5:47:82:0E:C6,ALL,udp:53813,8.8.8.8*,4,340,2,148,2,192
D4:F5:47:82:0E:C6,ALL,udp:44781,192.168.3.117*,4,340,2,192,2,148
D4:F5:47:82:0E:C6,ALL,udp:44781,8.8.8.8*,4,340,2,148,2,192
D4:F5:47:82:0E:C6,ALL,udp:32816,192.168.3.117*,4,340,2,192,2,148
D4:F5:47:82:0E:C6,ALL,udp:32816,8.8.8.8*,4,340,2,148,2,192
D4:F5:47:82:0E:C6,ALL,udp:56638,192.168.3.117*,4,340,2,192,2,148
D4:F5:47:82:0E:C6,ALL,udp:56638,8.8.8.8*,4,340,2,148,2,192
D4:F5:47:82:0E:C6,ALL,udp:50371,192.168.3.117*,4,340,2,192,2,148
D4:F5:47:82:0E:C6,ALL,udp:50371,8.8.8.8*,4,340,2,148,2,192
D4:F5:47:82:0E:C6,ALL,udp:49788,192.168.3.117*,4,340,2,192,2,148
D4:F5:47:82:0E:C6,ALL,udp:49788,8.8.8.8*,4,340,2,148,2,192
D4:F5:47:82:0E:C6,ALL,udp:48928,192.168.3.117*,4,340,2,192,2,148
D4:F5:47:82:0E:C6,ALL,udp:48928,8.8.8.8*,4,340,2,148,2,192
D4:F5:47:82:0E:C6,ALL,udp:36785,192.168.3.117*,4,476,2,326,2,150
D4:F5:47:82:0E:C6,ALL,udp:36785,8.8.8.8*,4,476,2,150,2,326
D4:F5:47:82:0E:C6,ALL,udp:47828,192.168.3.117*,4,340,2,192,2,148
D4:F5:47:82:0E:C6,ALL,udp:47828,8.8.8.8*,4,340,2,148,2,192
D4:F5:47:82:0E:C6,ALL,udp:36102,142.251.32.110*,20,10875,12,7361,8,3514
D4:F5:47:82:0E:C6,ALL,udp:36102,8.8.8.8*,4,340,2,148,2,192
D4:F5:47:82:0E:C6,ALL,udp:40089,192.168.3.117*,4,340,2,192,2,148
D4:F5:47:82:0E:C6,ALL,udp:40089,8.8.8.8*,4,340,2,148,2,192
D4:F5:47:82:0E:C6,ALL,udp:60064,192.168.3.117*,4,340,2,192,2,148
D4:F5:47:82:0E:C6,ALL,udp:60064,8.8.8.8*,4,340,2,148,2,192
D4:F5:47:82:0E:C6,ALL,udp:55615,192.168.3.117*,4,340,2,192,2,148
D4:F5:47:82:0E:C6,ALL,udp:55615,8.8.8.8*,4,340,2,148,2,192
D4:F5:47:82:0E:C6,ALL,udp:39763,192.168.3.117*,4,340,2,192,2,148
D4:F5:47:82:0E:C6,ALL,udp:39763,8.8.8.8*,4,340,2,148,2,192
D4:F5:47:82:0E:C6,ALL,udp:48748,192.168.3.117*,4,340,2,192,2,148
D4:F5:47:82:0E:C6,ALL,udp:48748,8.8.8.8*,4,340,2,148,2,192
D4:F5:47:82:0E:C6,ALL,udp:57854,192.168.3.117*,4,340,2,192,2,148
D4:F5:47:82:0E:C6,ALL,udp:57854,8.8.8.8*,4,340,2,148,2,192
D4:F5:47:82:0E:C6,ALL,udp:54289,192.168.3.117*,4,476,2,326,2,150
D4:F5:47:82:0E:C6,ALL,udp:54289,8.8.8.8*,4,476,2,150,2,326
D4:F5:47:82:0E:C6,ALL,udp:58292,192.168.3.117*,4,340,2,192,2,148
D4:F5:47:82:0E:C6,ALL,udp:58292,8.8.8.8*,4,340,2,148,2,192
D4:F5:47:82:0E:C6,ALL,udp:42406,192.168.3.117*,4,340,2,192,2,148
D4:F5:47:82:0E:C6,ALL,udp:42406,8.8.8.8*,4,340,2,148,2,192
D4:F5:47:82:0E:C6,ALL,udp:37704,192.168.3.117*,4,340,2,192,2,148
D4:F5:47:82:0E:C6,ALL,udp:37704,8.8.8.8*,4,340,2,148,2,192
D4:F5:47:82:0E:C6,ALL,udp:45137,192.168.3.117*,4,340,2,192,2,148
D4:F5:47:82:0E:C6,ALL,udp:45137,8.8.8.8*,4,340,2,148,2,192
D4:F5:47:82:0E:C6,ALL,udp:33935,192.168.3.117*,4,340,2,192,2,148
D4:F5:47:82:0E:C6,ALL,udp:33935,8.8.8.8*,4,340,2,148,2,192
D4:F5:47:82:0E:C6,ALL,udp:55756,192.168.3.117*,4,340,2,192,2,148
D4:F5:47:82:0E:C6,ALL,udp:55756,8.8.8.8*,4,340,2,148,2,192
D4:F5:47:82:0E:C6,ALL,udp:58439,192.168.3.117*,4,340,2,192,2,148
D4:F5:47:82:0E:C6,ALL,udp:58439,8.8.8.8*,4,340,2,148,2,192
D4:F5:47:82:0E:C6,ALL,udp:56256,192.168.3.117*,4,340,2,192,2,148
D4:F5:47:82:0E:C6,ALL,udp:56256,8.8.8.8*,4,340,2,148,2,192
D4:F5:47:82:0E:C6,ALL,udp:46968,192.168.3.117*,4,340,2,192,2,148
D4:F5:47:82:0E:C6,ALL,udp:46968,8.8.8.8*,4,340,2,148,2,192
D4:F5:47:82:0E:C6,ALL,udp:40849,192.168.3.117*,4,340,2,192,2,148
D4:F5:47:82:0E:C6,ALL,udp:40849,8.8.8.8*,4,340,2,148,2,192
D4:F5:47:82:0E:C6,ALL,udp:33561,192.168.3.117*,4,340,2,192,2,148
D4:F5:47:82:0E:C6,ALL,udp:33561,8.8.8.8*,4,340,2,148,2,192
D4:F5:47:82:0E:C6,ALL,udp:33518,192.168.3.117*,4,340,2,192,2,148
D4:F5:47:82:0E:C6,ALL,udp:33518,8.8.8.8*,4,340,2,148,2,192
D4:F5:47:82:0E:C6,ALL,udp:38539,192.168.3.117*,4,476,2,326,2,150
D4:F5:47:82:0E:C6,ALL,udp:38539,8.8.8.8*,4,476,2,150,2,326
D4:F5:47:82:0E:C6,ALL,udp:58864,192.168.3.117*,4,340,2,192,2,148
D4:F5:47:82:0E:C6,ALL,udp:58864,8.8.8.8*,4,340,2,148,2,192
D4:F5:47:82:0E:C6,ALL,udp:34683,192.168.3.117*,4,340,2,192,2,148
D4:F5:47:82:0E:C6,ALL,udp:34683,8.8.8.8*,4,340,2,148,2,192
D4:F5:47:82:0E:C6,ALL,udp:46510,192.168.3.117*,4,340,2,192,2,148
D4:F5:47:82:0E:C6,ALL,udp:46510,8.8.8.8*,4,340,2,148,2,192
D4:F5:47:82:0E:C6,ALL,udp:44872,192.168.3.117*,4,340,2,192,2,148
D4:F5:47:82:0E:C6,ALL,udp:44872,8.8.8.8*,4,340,2,148,2,192
D4:F5:47:82:0E:C6,ALL,udp:53225,192.168.3.117*,4,340,2,192,2,148
D4:F5:47:82:0E:C6,ALL,udp:53225,8.8.8.8*,4,340,2,148,2,192
D4:F5:47:82:0E:C6,ALL,udp:59296,192.168.3.117*,4,340,2,192,2,148
D4:F5:47:82:0E:C6,ALL,udp:59296,8.8.8.8*,4,340,2,148,2,192
D4:F5:47:82:0E:C6,ALL,udp:54293,192.168.3.117*,4,340,2,192,2,148
D4:F5:47:82:0E:C6,ALL,udp:54293,8.8.8.8*,4,340,2,148,2,192
D4:F5:47:82:0E:C6,ALL,udp:44951,192.168.3.117*,4,340,2,192,2,148
D4:F5:47:82:0E:C6,ALL,udp:44951,8.8.8.8*,4,340,2,148,2,192
D4:F5:47:82:0E:C6,ALL,udp:46304,192.168.3.117*,4,340,2,192,2,148
D4:F5:47:82:0E:C6,ALL,udp:46304,8.8.8.8*,4,340,2,148,2,192
D4:F5:47:82:0E:C6,ALL,udp:37390,192.168.3.117*,4,476,2,326,2,150
D4:F5:47:82:0E:C6,ALL,udp:37390,8.8.8.8*,4,476,2,150,2,326
D4:F5:47:82:0E:C6,ALL,udp:42125,192.168.3.117*,4,340,2,192,2,148
D4:F5:47:82:0E:C6,ALL,udp:42125,8.8.8.8*,4,340,2,148,2,192
D4:F5:47:82:0E:C6,ALL,udp:52449,192.168.3.117*,4,340,2,192,2,148
D4:F5:47:82:0E:C6,ALL,udp:52449,8.8.8.8*,4,340,2,148,2,192
D4:F5:47:82:0E:C6,ALL,udp:57548,192.168.3.117*,4,340,2,192,2,148
D4:F5:47:82:0E:C6,ALL,udp:57548,8.8.8.8*,4,340,2,148,2,192
D4:F5:47:82:0E:C6,ALL,udp:33101,192.168.3.117*,4,340,2,192,2,148
D4:F5:47:82:0E:C6,ALL,udp:33101,8.8.8.8*,4,340,2,148,2,192
D4:F5:47:82:0E:C6,ALL,udp:46415,192.168.3.117*,4,340,2,192,2,148
D4:F5:47:82:0E:C6,ALL,udp:46415,8.8.8.8*,4,340,2,148,2,192
D4:F5:47:82:0E:C6,ALL,udp:58344,192.168.3.117*,4,704,2,536,2,168
D4:F5:47:82:0E:C6,ALL,udp:58344,8.8.8.8*,4,704,2,168,2,536
D4:F5:47:82:0E:C6,ALL,udp:36385,192.168.3.117*,4,340,2,192,2,148
D4:F5:47:82:0E:C6,ALL,udp:36385,8.8.8.8*,4,340,2,148,2,192
D4:F5:47:82:0E:C6,ALL,udp:57668,192.168.3.117*,4,340,2,192,2,148
D4:F5:47:82:0E:C6,ALL,udp:57668,8.8.8.8*,4,340,2,148,2,192
D4:F5:47:82:0E:C6,ALL,udp:54059,192.168.3.117*,4,340,2,192,2,148
D4:F5:47:82:0E:C6,ALL,udp:54059,8.8.8.8*,4,340,2,148,2,192
D4:F5:47:82:0E:C6,ALL,udp:48378,192.168.3.117*,4,704,2,536,2,168
D4:F5:47:82:0E:C6,ALL,udp:48378,8.8.8.8*,4,704,2,168,2,536
D4:F5:47:82:0E:C6,ALL,udp:42244,192.168.3.117*,4,340,2,192,2,148
D4:F5:47:82:0E:C6,ALL,udp:42244,8.8.8.8*,4,340,2,148,2,192
D4:F5:47:82:0E:C6,ALL,udp:38970,192.168.3.117*,4,340,2,192,2,148
D4:F5:47:82:0E:C6,ALL,udp:38970,8.8.8.8*,4,340,2,148,2,192
D4:F5:47:82:0E:C6,ALL,udp:60923,192.168.3.117*,4,340,2,192,2,148
D4:F5:47:82:0E:C6,ALL,udp:60923,8.8.8.8*,4,340,2,148,2,192
D4:F5:47:82:0E:C6,ALL,udp:48247,192.168.3.117*,4,476,2,326,2,150
D4:F5:47:82:0E:C6,ALL,udp:48247,8.8.8.8*,4,476,2,150,2,326
D4:F5:47:82:0E:C6,ALL,udp:54918,192.168.3.117*,4,340,2,192,2,148
D4:F5:47:82:0E:C6,ALL,udp:54918,8.8.8.8*,4,340,2,148,2,192
D4:F5:47:82:0E:C6,ALL,udp:48025,192.168.3.117*,4,340,2,192,2,148
D4:F5:47:82:0E:C6,ALL,udp:48025,8.8.8.8*,4,340,2,148,2,192
D4:F5:47:82:0E:C6,ALL,udp:56310,192.168.3.117*,4,340,2,192,2,148
D4:F5:47:82:0E:C6,ALL,udp:56310,8.8.8.8*,4,340,2,148,2,192
D4:F5:47:82:0E:C6,ALL,udp:53272,192.168.3.117*,4,340,2,192,2,148
D4:F5:47:82:0E:C6,ALL,udp:53272,8.8.8.8*,4,340,2,148,2,192
D4:F5:47:82:0E:C6,ALL,udp:60131,192.168.3.117*,4,340,2,192,2,148
D4:F5:47:82:0E:C6,ALL,udp:60131,8.8.8.8*,4,340,2,148,2,192
D4:F5:47:82:0E:C6,ALL,udp:55588,192.168.3.117*,4,340,2,192,2,148
D4:F5:47:82:0E:C6,ALL,udp:55588,8.8.8.8*,4,340,2,148,2,192
D4:F5:47:82:0E:C6,ALL,udp:42993,192.168.3.117*,4,340,2,192,2,148
D4:F5:47:82:0E:C6,ALL,udp:42993,8.8.8.8*,4,340,2,148,2,192
D4:F5:47:82:0E:C6,ALL,udp:56721,192.168.3.117*,4,476,2,326,2,150
D4:F5:47:82:0E:C6,ALL,udp:56721,8.8.8.8*,4,476,2,150,2,326
D4:F5:47:82:0E:C6,ALL,udp:47255,192.168.3.117*,4,340,2,192,2,148
D4:F5:47:82:0E:C6,ALL,udp:47255,8.8.8.8*,4,340,2,148,2,192
D4:F5:47:82:0E:C6,ALL,udp:39946,192.168.3.117*,4,340,2,192,2,148
D4:F5:47:82:0E:C6,ALL,udp:39946,8.8.8.8*,4,340,2,148,2,192
D4:F5:47:82:0E:C6,ALL,udp:44466,192.168.3.117*,4,340,2,192,2,148
D4:F5:47:82:0E:C6,ALL,udp:44466,8.8.8.8*,4,340,2,148,2,192
D4:F5:47:82:0E:C6,ALL,udp:42777,192.168.3.117*,4,340,2,192,2,148
D4:F5:47:82:0E:C6,ALL,udp:42777,8.8.8.8*,4,340,2,148,2,192
D4:F5:47:82:0E:C6,ALL,udp:53157,192.168.3.117*,4,340,2,192,2,148
D4:F5:47:82:0E:C6,ALL,udp:53157,8.8.8.8*,4,340,2,148,2,192
D4:F5:47:82:0E:C6,ALL,udp:38339,192.168.3.117*,4,340,2,192,2,148
D4:F5:47:82:0E:C6,ALL,udp:38339,8.8.8.8*,4,340,2,148,2,192
D4:F5:47:82:0E:C6,ALL,udp:45817,192.168.3.117*,4,340,2,192,2,148
D4:F5:47:82:0E:C6,ALL,udp:45817,8.8.8.8*,4,340,2,148,2,192
D4:F5:47:82:0E:C6,ALL,udp:41009,142.251.32.110*,21,10947,13,7433,8,3514
D4:F5:47:82:0E:C6,ALL,udp:41009,8.8.8.8*,4,340,2,148,2,192
D4:F5:47:82:0E:C6,ALL,udp:36348,192.168.3.117*,4,340,2,192,2,148
D4:F5:47:82:0E:C6,ALL,udp:36348,8.8.8.8*,4,340,2,148,2,192
D4:F5:47:82:0E:C6,ALL,udp:45191,192.168.3.117*,4,340,2,192,2,148
D4:F5:47:82:0E:C6,ALL,udp:45191,8.8.8.8*,4,340,2,148,2,192
D4:F5:47:82:0E:C6,ALL,udp:39714,192.168.3.117*,4,340,2,192,2,148
D4:F5:47:82:0E:C6,ALL,udp:39714,8.8.8.8*,4,340,2,148,2,192
D4:F5:47:82:0E:C6,ALL,udp:37162,192.168.3.117*,4,340,2,192,2,148
D4:F5:47:82:0E:C6,ALL,udp:37162,8.8.8.8*,4,340,2,148,2,192
D4:F5:47:82:0E:C6,ALL,udp:50471,192.168.3.117*,4,340,2,192,2,148
D4:F5:47:82:0E:C6,ALL,udp:50471,8.8.8.8*,4,340,2,148,2,192
D4:F5:47:82:0E:C6,ALL,udp:41489,192.168.3.117*,4,476,2,326,2,150
D4:F5:47:82:0E:C6,ALL,udp:41489,8.8.8.8*,4,476,2,150,2,326
D4:F5:47:82:0E:C6,ALL,udp:35657,192.168.3.117*,4,340,2,192,2,148
D4:F5:47:82:0E:C6,ALL,udp:35657,8.8.8.8*,4,340,2,148,2,192
D4:F5:47:82:0E:C6,ALL,udp:55771,192.168.3.117*,4,340,2,192,2,148
D4:F5:47:82:0E:C6,ALL,udp:55771,8.8.8.8*,4,340,2,148,2,192
D4:F5:47:82:0E:C6,ALL,udp:56291,192.168.3.117*,4,340,2,192,2,148
D4:F5:47:82:0E:C6,ALL,udp:56291,8.8.8.8*,4,340,2,148,2,192
D4:F5:47:82:0E:C6,ALL,udp:51279,192.168.3.117*,4,340,2,192,2,148
D4:F5:47:82:0E:C6,ALL,udp:51279,8.8.8.8*,4,340,2,148,2,192
D4:F5:47:82:0E:C6,ALL,udp:56378,192.168.3.117*,4,340,2,192,2,148
D4:F5:47:82:0E:C6,ALL,udp:56378,8.8.8.8*,4,340,2,148,2,192
D4:F5:47:82:0E:C6,ALL,udp:35324,192.168.3.117*,4,340,2,192,2,148
D4:F5:47:82:0E:C6,ALL,udp:35324,8.8.8.8*,4,340,2,148,2,192
D4:F5:47:82:0E:C6,ALL,udp:50579,192.168.3.117*,4,340,2,192,2,148
D4:F5:47:82:0E:C6,ALL,udp:50579,8.8.8.8*,4,340,2,148,2,192
D4:F5:47:82:0E:C6,ALL,udp:36500,192.168.3.117*,4,476,2,326,2,150
D4:F5:47:82:0E:C6,ALL,udp:36500,8.8.8.8*,4,476,2,150,2,326
D4:F5:47:82:0E:C6,ALL,udp:55191,172.217.165.142*,20,12204,10,7231,10,4973
D4:F5:47:82:0E:C6,ALL,udp:55191,8.8.8.8*,4,340,2,148,2,192
D4:F5:47:82:0E:C6,ALL,udp:53642,192.168.3.117*,4,340,2,192,2,148
D4:F5:47:82:0E:C6,ALL,udp:53642,8.8.8.8*,4,340,2,148,2,192
D4:F5:47:82:0E:C6,ALL,udp:43268,192.168.3.117*,4,340,2,192,2,148
D4:F5:47:82:0E:C6,ALL,udp:43268,8.8.8.8*,4,340,2,148,2,192
D4:F5:47:82:0E:C6,ALL,udp:45059,192.168.3.117*,4,340,2,192,2,148
D4:F5:47:82:0E:C6,ALL,udp:45059,8.8.8.8*,4,340,2,148,2,192
D4:F5:47:82:0E:C6,ALL,udp:48496,192.168.3.117*,4,340,2,192,2,148
D4:F5:47:82:0E:C6,ALL,udp:48496,8.8.8.8*,4,340,2,148,2,192
D4:F5:47:82:0E:C6,ALL,udp:44210,192.168.3.117*,4,340,2,192,2,148
D4:F5:47:82:0E:C6,ALL,udp:44210,8.8.8.8*,4,340,2,148,2,192
D4:F5:47:82:0E:C6,ALL,udp:51824,192.168.3.117*,4,340,2,192,2,148
D4:F5:47:82:0E:C6,ALL,udp:51824,8.8.8.8*,4,340,2,148,2,192
D4:F5:47:82:0E:C6,ALL,udp:52111,192.168.3.117*,4,340,2,192,2,148
D4:F5:47:82:0E:C6,ALL,udp:52111,8.8.8.8*,4,340,2,148,2,192
D4:F5:47:82:0E:C6,ALL,udp:55760,192.168.3.117*,4,340,2,192,2,148
D4:F5:47:82:0E:C6,ALL,udp:55760,8.8.8.8*,4,340,2,148,2,192
D4:F5:47:82:0E:C6,ALL,udp:40865,192.168.3.117*,4,340,2,192,2,148
D4:F5:47:82:0E:C6,ALL,udp:40865,8.8.8.8*,4,340,2,148,2,192
D4:F5:47:82:0E:C6,ALL,udp:35032,192.168.3.117*,4,340,2,192,2,148
D4:F5:47:82:0E:C6,ALL,udp:35032,8.8.8.8*,4,340,2,148,2,192
D4:F5:47:82:0E:C6,ALL,udp:60911,192.168.3.117*,4,340,2,192,2,148
D4:F5:47:82:0E:C6,ALL,udp:60911,8.8.8.8*,4,340,2,148,2,192
D4:F5:47:82:0E:C6,ALL,udp:35221,192.168.3.117*,4,340,2,192,2,148
D4:F5:47:82:0E:C6,ALL,udp:35221,8.8.8.8*,4,340,2,148,2,192
D4:F5:47:82:0E:C6,ALL,udp:41393,192.168.3.117*,4,476,2,326,2,150
D4:F5:47:82:0E:C6,ALL,udp:41393,8.8.8.8*,4,476,2,150,2,326
D4:F5:47:82:0E:C6,ALL,udp:32799,192.168.3.117*,4,340,2,192,2,148
D4:F5:47:82:0E:C6,ALL,udp:32799,8.8.8.8*,4,340,2,148,2,192
D4:F5:47:82:0E:C6,ALL,udp:49834,192.168.3.117*,4,340,2,192,2,148
D4:F5:47:82:0E:C6,ALL,udp:49834,8.8.8.8*,4,340,2,148,2,192
D4:F5:47:82:0E:C6,ALL,udp:39789,192.168.3.117*,4,340,2,192,2,148
D4:F5:47:82:0E:C6,ALL,udp:39789,8.8.8.8*,4,340,2,148,2,192
D4:F5:47:82:0E:C6,ALL,udp:34993,192.168.3.117*,4,340,2,192,2,148
D4:F5:47:82:0E:C6,ALL,udp:34993,8.8.8.8*,4,340,2,148,2,192
D4:F5:47:82:0E:C6,ALL,udp:38819,192.168.3.117*,4,340,2,192,2,148
D4:F5:47:82:0E:C6,ALL,udp:38819,8.8.8.8*,4,340,2,148,2,192
D4:F5:47:82:0E:C6,ALL,udp:60222,192.168.3.117*,4,340,2,192,2,148
D4:F5:47:82:0E:C6,ALL,udp:60222,8.8.8.8*,4,340,2,148,2,192
D4:F5:47:82:0E:C6,ALL,udp:56821,192.168.3.117*,4,340,2,192,2,148
D4:F5:47:82:0E:C6,ALL,udp:56821,8.8.8.8*,4,340,2,148,2,192
D4:F5:47:82:0E:C6,ALL,udp:58777,192.168.3.117*,4,340,2,192,2,148
D4:F5:47:82:0E:C6,ALL,udp:58777,8.8.8.8*,4,340,2,148,2,192
D4:F5:47:82:0E:C6,ALL,udp:50498,192.168.3.117*,4,340,2,192,2,148
D4:F5:47:82:0E:C6,ALL,udp:50498,8.8.8.8*,4,340,2,148,2,192
D4:F5:47:82:0E:C6,ALL,udp:42290,192.168.3.117*,4,340,2,192,2,148
D4:F5:47:82:0E:C6,ALL,udp:42290,8.8.8.8*,4,340,2,148,2,192
D4:F5:47:82:0E:C6,ALL,udp:38026,192.168.3.117*,4,340,2,192,2,148
D4:F5:47:82:0E:C6,ALL,udp:38026,8.8.8.8*,4,340,2,148,2,192
D4:F5:47:82:0E:C6,ALL,udp:43798,192.168.3.117*,4,476,2,326,2,150
D4:F5:47:82:0E:C6,ALL,udp:43798,8.8.8.8*,4,476,2,150,2,326
D4:F5:47:82:0E:C6,ALL,udp:53974,192.168.3.117*,4,340,2,192,2,148
D4:F5:47:82:0E:C6,ALL,udp:53974,8.8.8.8*,4,340,2,148,2,192
D4:F5:47:82:0E:C6,ALL,udp:33343,192.168.3.117*,4,340,2,192,2,148
D4:F5:47:82:0E:C6,ALL,udp:33343,8.8.8.8*,4,340,2,148,2,192
D4:F5:47:82:0E:C6,ALL,udp:39147,192.168.3.117*,4,340,2,192,2,148
D4:F5:47:82:0E:C6,ALL,udp:39147,8.8.8.8*,4,340,2,148,2,192
D4:F5:47:82:0E:C6,ALL,udp:57687,192.168.3.117*,4,340,2,192,2,148
D4:F5:47:82:0E:C6,ALL,udp:57687,8.8.8.8*,4,340,2,148,2,192
D4:F5:47:82:0E:C6,ALL,udp:40748,192.168.3.117*,4,340,2,192,2,148
D4:F5:47:82:0E:C6,ALL,udp:40748,8.8.8.8*,4,340,2,148,2,192
D4:F5:47:82:0E:C6,ALL,udp:49381,142.251.32.110*,19,10785,11,7271,8,3514
D4:F5:47:82:0E:C6,ALL,udp:49381,8.8.8.8*,4,340,2,148,2,192
D4:F5:47:82:0E:C6,ALL,udp:34458,192.168.3.117*,4,340,2,192,2,148
D4:F5:47:82:0E:C6,ALL,udp:34458,8.8.8.8*,4,340,2,148,2,192
D4:F5:47:82:0E:C6,ALL,udp:41816,216.239.35.12,2,180,1,90,1,90
D4:F5:47:82:0E:C6,ALL,udp:41816,8.8.8.8,4,340,2,148,2,192
D4:F5:47:82:0E:C6,ALL,udp:36270,192.168.3.117*,4,340,2,192,2,148
D4:F5:47:82:0E:C6,ALL,udp:36270,8.8.8.8*,4,340,2,148,2,192
D4:F5:47:82:0E:C6,ALL,udp:58971,192.168.3.117*,4,340,2,192,2,148
D4:F5:47:82:0E:C6,ALL,udp:58971,8.8.8.8*,4,340,2,148,2,192
D4:F5:47:82:0E:C6,ALL,udp:48321,192.168.3.117*,4,340,2,192,2,148
D4:F5:47:82:0E:C6,ALL,udp:48321,8.8.8.8*,4,340,2,148,2,192
D4:F5:47:82:0E:C6,ALL,udp:43178,192.168.3.117*,4,476,2,326,2,150
D4:F5:47:82:0E:C6,ALL,udp:43178,8.8.8.8*,4,476,2,150,2,326
D4:F5:47:82:0E:C6,ALL,udp:34829,192.168.3.117*,4,340,2,192,2,148
D4:F5:47:82:0E:C6,ALL,udp:34829,8.8.8.8*,4,340,2,148,2,192
D4:F5:47:82:0E:C6,ALL,udp:53763,192.168.3.117*,4,340,2,192,2,148
D4:F5:47:82:0E:C6,ALL,udp:53763,8.8.8.8*,4,340,2,148,2,192
D4:F5:47:82:0E:C6,ALL,udp:45295,192.168.3.117*,4,340,2,192,2,148
D4:F5:47:82:0E:C6,ALL,udp:45295,8.8.8.8*,4,340,2,148,2,192
D4:F5:47:82:0E:C6,ALL,udp:46731,192.168.3.117*,4,340,2,192,2,148
D4:F5:47:82:0E:C6,ALL,udp:46731,8.8.8.8*,4,340,2,148,2,192
D4:F5:47:82:0E:C6,ALL,udp:58984,192.168.3.117*,4,340,2,192,2,148
D4:F5:47:82:0E:C6,ALL,udp:58984,8.8.8.8*,4,340,2,148,2,192
D4:F5:47:82:0E:C6,ALL,udp:58652,192.168.3.117*,4,340,2,192,2,148
D4:F5:47:82:0E:C6,ALL,udp:58652,8.8.8.8*,4,340,2,148,2,192
D4:F5:47:82:0E:C6,ALL,udp:45033,192.168.3.117*,4,340,2,192,2,148
D4:F5:47:82:0E:C6,ALL,udp:45033,8.8.8.8*,4,340,2,148,2,192
D4:F5:47:82:0E:C6,ALL,udp:58564,192.168.3.117*,4,340,2,192,2,148
D4:F5:47:82:0E:C6,ALL,udp:58564,8.8.8.8*,4,340,2,148,2,192
D4:F5:47:82:0E:C6,ALL,udp:35864,192.168.3.117*,4,340,2,192,2,148
D4:F5:47:82:0E:C6,ALL,udp:35864,8.8.8.8*,4,340,2,148,2,192
D4:F5:47:82:0E:C6,ALL,udp:43317,192.168.3.117*,4,340,2,192,2,148
D4:F5:47:82:0E:C6,ALL,udp:43317,8.8.8.8*,4,340,2,148,2,192
D4:F5:47:82:0E:C6,ALL,udp:58634,192.168.3.117*,4,340,2,192,2,148
D4:F5:47:82:0E:C6,ALL,udp:58634,8.8.8.8*,4,340,2,148,2,192
D4:F5:47:82:0E:C6,ALL,udp:33793,192.168.3.117*,4,340,2,192,2,148
D4:F5:47:82:0E:C6,ALL,udp:33793,8.8.8.8*,4,340,2,148,2,192
D4:F5:47:82:0E:C6,ALL,udp:48363,192.168.3.117*,4,340,2,192,2,148
D4:F5:47:82:0E:C6,ALL,udp:48363,8.8.8.8*,4,340,2,148,2,192
D4:F5:47:82:0E:C6,ALL,udp:34677,192.168.3.117*,4,736,2,552,2,184
D4:F5:47:82:0E:C6,ALL,udp:34677,8.8.8.8*,4,736,2,184,2,552
D4:F5:47:82:0E:C6,ALL,udp:49815,192.168.3.117*,4,340,2,192,2,148
D4:F5:47:82:0E:C6,ALL,udp:49815,8.8.8.8*,4,340,2,148,2,192
D4:F5:47:82:0E:C6,ALL,udp:50399,192.168.3.117*,4,340,2,192,2,148
D4:F5:47:82:0E:C6,ALL,udp:50399,8.8.8.8*,4,340,2,148,2,192
D4:F5:47:82:0E:C6,ALL,udp:52022,192.168.3.117*,4,340,2,192,2,148
D4:F5:47:82:0E:C6,ALL,udp:52022,8.8.8.8*,4,340,2,148,2,192
D4:F5:47:82:0E:C6,ALL,udp:34884,192.168.3.117*,4,340,2,192,2,148
D4:F5:47:82:0E:C6,ALL,udp:34884,8.8.8.8*,4,340,2,148,2,192
D4:F5:47:82:0E:C6,ALL,udp:38515,192.168.3.117*,4,476,2,326,2,150
D4:F5:47:82:0E:C6,ALL,udp:38515,8.8.8.8*,4,476,2,150,2,326
D4:F5:47:82:0E:C6,ALL,udp:59193,192.168.3.117*,4,340,2,192,2,148
D4:F5:47:82:0E:C6,ALL,udp:59193,8.8.8.8*,4,340,2,148,2,192
D4:F5:47:82:0E:C6,ALL,udp:54884,192.168.3.117*,4,340,2,192,2,148
D4:F5:47:82:0E:C6,ALL,udp:54884,8.8.8.8*,4,340,2,148,2,192
D4:F5:47:82:0E:C6,ALL,udp:40225,192.168.3.117*,4,340,2,192,2,148
D4:F5:47:82:0E:C6,ALL,udp:40225,8.8.8.8*,4,340,2,148,2,192
D4:F5:47:82:0E:C6,ALL,udp:49613,192.168.3.117*,4,340,2,192,2,148
D4:F5:47:82:0E:C6,ALL,udp:49613,8.8.8.8*,4,340,2,148,2,192
D4:F5:47:82:0E:C6,ALL,udp:44199,192.168.3.117*,4,340,2,192,2,148
D4:F5:47:82:0E:C6,ALL,udp:44199,8.8.8.8*,4,340,2,148,2,192
D4:F5:47:82:0E:C6,ALL,udp:34360,192.168.3.117*,4,340,2,192,2,148
D4:F5:47:82:0E:C6,ALL,udp:34360,8.8.8.8*,4,340,2,148,2,192
D4:F5:47:82:0E:C6,ALL,udp:49528,192.168.3.117*,4,340,2,192,2,148
D4:F5:47:82:0E:C6,ALL,udp:49528,8.8.8.8*,4,340,2,148,2,192
D4:F5:47:82:0E:C6,ALL,udp:56646,192.168.3.117*,4,340,2,192,2,148
D4:F5:47:82:0E:C6,ALL,udp:56646,8.8.8.8*,4,340,2,148,2,192
D4:F5:47:82:0E:C6,ALL,udp:51585,192.168.3.117*,4,340,2,192,2,148
D4:F5:47:82:0E:C6,ALL,udp:51585,8.8.8.8*,4,340,2,148,2,192
D4:F5:47:82:0E:C6,ALL,udp:58200,192.168.3.117*,4,340,2,192,2,148
D4:F5:47:82:0E:C6,ALL,udp:58200,8.8.8.8*,4,340,2,148,2,192
D4:F5:47:82:0E:C6,ALL,udp:58040,192.168.3.117*,4,340,2,192,2,148
D4:F5:47:82:0E:C6,ALL,udp:58040,8.8.8.8*,4,340,2,148,2,192
D4:F5:47:82:0E:C6,ALL,udp:40133,192.168.3.117*,4,340,2,192,2,148
D4:F5:47:82:0E:C6,ALL,udp:40133,8.8.8.8*,4,340,2,148,2,192
D4:F5:47:82:0E:C6,ALL,udp:42542,192.168.3.117*,4,340,2,192,2,148
D4:F5:47:82:0E:C6,ALL,udp:42542,8.8.8.8*,4,340,2,148,2,192
D4:F5:47:82:0E:C6,ALL,udp:52817,192.168.3.117*,4,340,2,192,2,148
D4:F5:47:82:0E:C6,ALL,udp:52817,8.8.8.8*,4,340,2,148,2,192
D4:F5:47:82:0E:C6,ALL,udp:46849,192.168.3.117*,4,340,2,192,2,148
D4:F5:47:82:0E:C6,ALL,udp:46849,8.8.8.8*,4,340,2,148,2,192
D4:F5:47:82:0E:C6,ALL,udp:44043,192.168.3.117*,4,340,2,192,2,148
D4:F5:47:82:0E:C6,ALL,udp:44043,8.8.8.8*,4,340,2,148,2,192
D4:F5:47:82:0E:C6,ALL,udp:55820,192.168.3.117*,4,476,2,326,2,150
D4:F5:47:82:0E:C6,ALL,udp:55820,8.8.8.8*,4,476,2,150,2,326
D4:F5:47:82:0E:C6,ALL,udp:58131,192.168.3.117*,4,340,2,192,2,148
D4:F5:47:82:0E:C6,ALL,udp:58131,8.8.8.8*,4,340,2,148,2,192
D4:F5:47:82:0E:C6,ALL,udp:58541,192.168.3.117*,4,340,2,192,2,148
D4:F5:47:82:0E:C6,ALL,udp:58541,8.8.8.8*,4,340,2,148,2,192
D4:F5:47:82:0E:C6,ALL,udp:46177,192.168.3.117*,4,340,2,192,2,148
D4:F5:47:82:0E:C6,ALL,udp:46177,8.8.8.8*,4,340,2,148,2,192
D4:F5:47:82:0E:C6,ALL,udp:33330,192.168.3.117*,4,340,2,192,2,148
D4:F5:47:82:0E:C6,ALL,udp:33330,8.8.8.8*,4,340,2,148,2,192
D4:F5:47:82:0E:C6,ALL,udp:58149,192.168.3.117*,4,340,2,192,2,148
D4:F5:47:82:0E:C6,ALL,udp:58149,8.8.8.8*,4,340,2,148,2,192
D4:F5:47:82:0E:C6,ALL,udp:40380,192.168.3.117*,4,340,2,192,2,148
D4:F5:47:82:0E:C6,ALL,udp:40380,8.8.8.8*,4,340,2,148,2,192
D4:F5:47:82:0E:C6,ALL,udp:59571,192.168.3.117*,4,340,2,192,2,148
D4:F5:47:82:0E:C6,ALL,udp:59571,8.8.8.8*,4,340,2,148,2,192
D4:F5:47:82:0E:C6,ALL,udp:32792,192.168.3.117*,4,340,2,192,2,148
D4:F5:47:82:0E:C6,ALL,udp:32792,8.8.8.8*,4,340,2,148,2,192
D4:F5:47:82:0E:C6,ALL,udp:58913,192.168.3.117*,4,340,2,192,2,148
D4:F5:47:82:0E:C6,ALL,udp:58913,8.8.8.8*,4,340,2,148,2,192
D4:F5:47:82:0E:C6,ALL,udp:48126,192.168.3.117*,4,340,2,192,2,148
D4:F5:47:82:0E:C6,ALL,udp:48126,8.8.8.8*,4,340,2,148,2,192
D4:F5:47:82:0E:C6,ALL,udp:48398,192.168.3.117*,4,476,2,326,2,150
D4:F5:47:82:0E:C6,ALL,udp:48398,8.8.8.8*,4,476,2,150,2,326
D4:F5:47:82:0E:C6,ALL,udp:58965,192.168.3.117*,4,340,2,192,2,148
D4:F5:47:82:0E:C6,ALL,udp:58965,8.8.8.8*,4,340,2,148,2,192
D4:F5:47:82:0E:C6,ALL,udp:47456,192.168.3.117*,4,340,2,192,2,148
D4:F5:47:82:0E:C6,ALL,udp:47456,8.8.8.8*,4,340,2,148,2,192
D4:F5:47:82:0E:C6,ALL,udp:45720,192.168.3.117*,4,340,2,192,2,148
D4:F5:47:82:0E:C6,ALL,udp:45720,8.8.8.8*,4,340,2,148,2,192
D4:F5:47:82:0E:C6,ALL,udp:51816,192.168.3.117*,4,340,2,192,2,148
D4:F5:47:82:0E:C6,ALL,udp:51816,8.8.8.8*,4,340,2,148,2,192
D4:F5:47:82:0E:C6,ALL,udp:41321,192.168.3.117*,4,340,2,192,2,148
D4:F5:47:82:0E:C6,ALL,udp:41321,8.8.8.8*,4,340,2,148,2,192
D4:F5:47:82:0E:C6,ALL,udp:44158,192.168.3.117*,4,340,2,192,2,148
D4:F5:47:82:0E:C6,ALL,udp:44158,8.8.8.8*,4,340,2,148,2,192
D4:F5:47:82:0E:C6,ALL,udp:60957,192.168.3.117*,4,340,2,192,2,148
D4:F5:47:82:0E:C6,ALL,udp:60957,8.8.8.8*,4,340,2,148,2,192
D4:F5:47:82:0E:C6,ALL,udp:36073,192.168.3.117*,4,340,2,192,2,148
D4:F5:47:82:0E:C6,ALL,udp:36073,8.8.8.8*,4,340,2,148,2,192
D4:F5:47:82:0E:C6,ALL,udp:35072,192.168.3.117*,4,340,2,192,2,148
D4:F5:47:82:0E:C6,ALL,udp:35072,8.8.8.8*,4,340,2,148,2,192
D4:F5:47:82:0E:C6,ALL,udp:42433,192.168.3.117*,4,340,2,192,2,148
D4:F5:47:82:0E:C6,ALL,udp:42433,8.8.8.8*,4,340,2,148,2,192
D4:F5:47:82:0E:C6,ALL,udp:54394,192.168.3.117*,4,340,2,192,2,148
D4:F5:47:82:0E:C6,ALL,udp:54394,8.8.8.8*,4,340,2,148,2,192
D4:F5:47:82:0E:C6,ALL,udp:38335,192.168.3.117*,4,340,2,192,2,148
D4:F5:47:82:0E:C6,ALL,udp:38335,8.8.8.8*,4,340,2,148,2,192
D4:F5:47:82:0E:C6,ALL,udp:46815,192.168.3.117*,4,340,2,192,2,148
D4:F5:47:82:0E:C6,ALL,udp:46815,8.8.8.8*,4,340,2,148,2,192
D4:F5:47:82:0E:C6,ALL,udp:57656,192.168.3.117*,4,340,2,192,2,148
D4:F5:47:82:0E:C6,ALL,udp:57656,8.8.8.8*,4,340,2,148,2,192
D4:F5:47:82:0E:C6,ALL,udp:33206,192.168.3.117*,4,340,2,192,2,148
D4:F5:47:82:0E:C6,ALL,udp:33206,8.8.8.8*,4,340,2,148,2,192
D4:F5:47:82:0E:C6,ALL,udp:45849,192.168.3.117*,4,340,2,192,2,148
D4:F5:47:82:0E:C6,ALL,udp:45849,8.8.8.8*,4,340,2,148,2,192
D4:F5:47:82:0E:C6,ALL,udp:46035,192.168.3.117*,4,340,2,192,2,148
D4:F5:47:82:0E:C6,ALL,udp:46035,8.8.8.8*,4,340,2,148,2,192
D4:F5:47:82:0E:C6,ALL,udp:44066,192.168.3.117*,4,340,2,192,2,148
D4:F5:47:82:0E:C6,ALL,udp:44066,8.8.8.8*,4,340,2,148,2,192
D4:F5:47:82:0E:C6,ALL,udp:59618,192.168.3.117*,4,340,2,192,2,148
D4:F5:47:82:0E:C6,ALL,udp:59618,8.8.8.8*,4,340,2,148,2,192
D4:F5:47:82:0E:C6,ALL,udp:49484,192.168.3.117*,4,340,2,192,2,148
D4:F5:47:82:0E:C6,ALL,udp:49484,8.8.8.8*,4,340,2,148,2,192
D4:F5:47:82:0E:C6,ALL,udp:50469,192.168.3.117*,4,340,2,192,2,148
D4:F5:47:82:0E:C6,ALL,udp:50469,8.8.8.8*,4,340,2,148,2,192
D4:F5:47:82:0E:C6,ALL,udp:34335,192.168.3.117*,4,476,2,326,2,150
D4:F5:47:82:0E:C6,ALL,udp:34335,8.8.8.8*,4,476,2,150,2,326
D4:F5:47:82:0E:C6,ALL,udp:42352,192.168.3.117*,4,340,2,192,2,148
D4:F5:47:82:0E:C6,ALL,udp:42352,8.8.8.8*,4,340,2,148,2,192
D4:F5:47:82:0E:C6,ALL,udp:45831,192.168.3.117*,4,340,2,192,2,148
D4:F5:47:82:0E:C6,ALL,udp:45831,8.8.8.8*,4,340,2,148,2,192
D4:F5:47:82:0E:C6,ALL,udp:45955,192.168.3.117*,4,340,2,192,2,148
D4:F5:47:82:0E:C6,ALL,udp:45955,8.8.8.8*,4,340,2,148,2,192
D4:F5:47:82:0E:C6,ALL,udp:47638,192.168.3.117*,4,340,2,192,2,148
D4:F5:47:82:0E:C6,ALL,udp:47638,8.8.8.8*,4,340,2,148,2,192
D4:F5:47:82:0E:C6,ALL,udp:47045,192.168.3.117*,4,340,2,192,2,148
D4:F5:47:82:0E:C6,ALL,udp:47045,8.8.8.8*,4,340,2,148,2,192
D4:F5:47:82:0E:C6,ALL,udp:60415,192.168.3.117*,4,340,2,192,2,148
D4:F5:47:82:0E:C6,ALL,udp:60415,8.8.8.8*,4,340,2,148,2,192
D4:F5:47:82:0E:C6,ALL,udp:52113,192.168.3.117*,4,340,2,192,2,148
D4:F5:47:82:0E:C6,ALL,udp:52113,8.8.8.8*,4,340,2,148,2,192
D4:F5:47:82:0E:C6,ALL,udp:55063,192.168.3.117*,4,340,2,192,2,148
D4:F5:47:82:0E:C6,ALL,udp:55063,8.8.8.8*,4,340,2,148,2,192
D4:F5:47:82:0E:C6,ALL,udp:41789,192.168.3.117*,4,340,2,192,2,148
D4:F5:47:82:0E:C6,ALL,udp:41789,8.8.8.8*,4,340,2,148,2,192
D4:F5:47:82:0E:C6,ALL,udp:44698,192.168.3.117*,4,340,2,192,2,148
D4:F5:47:82:0E:C6,ALL,udp:44698,8.8.8.8*,4,340,2,148,2,192
D4:F5:47:82:0E:C6,ALL,udp:36570,192.168.3.117*,4,340,2,192,2,148
D4:F5:47:82:0E:C6,ALL,udp:36570,8.8.8.8*,4,340,2,148,2,192
D4:F5:47:82:0E:C6,ALL,udp:43844,192.168.3.117*,4,340,2,192,2,148
D4:F5:47:82:0E:C6,ALL,udp:43844,8.8.8.8*,4,340,2,148,2,192
D4:F5:47:82:0E:C6,ALL,udp:42796,192.168.3.117*,4,476,2,326,2,150
D4:F5:47:82:0E:C6,ALL,udp:42796,8.8.8.8*,4,476,2,150,2,326
D4:F5:47:82:0E:C6,ALL,udp:44265,192.168.3.117*,4,340,2,192,2,148
D4:F5:47:82:0E:C6,ALL,udp:44265,8.8.8.8*,4,340,2,148,2,192
D4:F5:47:82:0E:C6,ALL,udp:55935,192.168.3.117*,4,340,2,192,2,148
D4:F5:47:82:0E:C6,ALL,udp:55935,8.8.8.8*,4,340,2,148,2,192
D4:F5:47:82:0E:C6,ALL,udp:39386,192.168.3.117*,4,340,2,192,2,148
D4:F5:47:82:0E:C6,ALL,udp:39386,8.8.8.8*,4,340,2,148,2,192
D4:F5:47:82:0E:C6,ALL,udp:37538,192.168.3.117*,4,340,2,192,2,148
D4:F5:47:82:0E:C6,ALL,udp:37538,8.8.8.8*,4,340,2,148,2,192
D4:F5:47:82:0E:C6,ALL,udp:46102,192.168.3.117*,4,340,2,192,2,148
D4:F5:47:82:0E:C6,ALL,udp:46102,8.8.8.8*,4,340,2,148,2,192
D4:F5:47:82:0E:C6,ALL,udp:49314,192.168.3.117*,4,340,2,192,2,148
D4:F5:47:82:0E:C6,ALL,udp:49314,8.8.8.8*,4,340,2,148,2,192
D4:F5:47:82:0E:C6,ALL,udp:44998,192.168.3.117*,4,340,2,192,2,148
D4:F5:47:82:0E:C6,ALL,udp:44998,8.8.8.8*,4,340,2,148,2,192
D4:F5:47:82:0E:C6,ALL,udp:51795,192.168.3.117*,4,340,2,192,2,148
D4:F5:47:82:0E:C6,ALL,udp:51795,8.8.8.8*,4,340,2,148,2,192
D4:F5:47:82:0E:C6,ALL,udp:56215,192.168.3.117*,4,340,2,192,2,148
D4:F5:47:82:0E:C6,ALL,udp:56215,8.8.8.8*,4,340,2,148,2,192
D4:F5:47:82:0E:C6,ALL,udp:37219,192.168.3.117*,4,340,2,192,2,148
D4:F5:47:82:0E:C6,ALL,udp:37219,8.8.8.8*,4,340,2,148,2,192
D4:F5:47:82:0E:C6,ALL,udp:36969,192.168.3.117*,4,340,2,192,2,148
D4:F5:47:82:0E:C6,ALL,udp:36969,8.8.8.8*,4,340,2,148,2,192
D4:F5:47:82:0E:C6,ALL,udp:33264,192.168.3.117*,4,340,2,192,2,148
D4:F5:47:82:0E:C6,ALL,udp:33264,8.8.8.8*,4,340,2,148,2,192
D4:F5:47:82:0E:C6,ALL,udp:58933,192.168.3.117*,4,476,2,326,2,150
D4:F5:47:82:0E:C6,ALL,udp:58933,8.8.8.8*,4,476,2,150,2,326
D4:F5:47:82:0E:C6,ALL,udp:32824,192.168.3.117*,4,340,2,192,2,148
D4:F5:47:82:0E:C6,ALL,udp:32824,8.8.8.8*,4,340,2,148,2,192
D4:F5:47:82:0E:C6,ALL,udp:54249,192.168.3.117*,4,340,2,192,2,148
D4:F5:47:82:0E:C6,ALL,udp:54249,8.8.8.8*,4,340,2,148,2,192
D4:F5:47:82:0E:C6,ALL,udp:39744,192.168.3.117*,4,340,2,192,2,148
D4:F5:47:82:0E:C6,ALL,udp:39744,8.8.8.8*,4,340,2,148,2,192
D4:F5:47:82:0E:C6,ALL,udp:36453,192.168.3.117*,4,340,2,192,2,148
D4:F5:47:82:0E:C6,ALL,udp:36453,8.8.8.8*,4,340,2,148,2,192
D4:F5:47:82:0E:C6,ALL,udp:37218,192.168.3.117*,4,340,2,192,2,148
D4:F5:47:82:0E:C6,ALL,udp:37218,8.8.8.8*,4,340,2,148,2,192
D4:F5:47:82:0E:C6,ALL,udp:54166,192.168.3.117*,4,340,2,192,2,148
D4:F5:47:82:0E:C6,ALL,udp:54166,8.8.8.8*,4,340,2,148,2,192
D4:F5:47:82:0E:C6,ALL,udp:46368,192.168.3.117*,4,704,2,536,2,168
D4:F5:47:82:0E:C6,ALL,udp:46368,8.8.8.8*,4,704,2,168,2,536
D4:F5:47:82:0E:C6,ALL,udp:57468,192.168.3.117*,4,340,2,192,2,148
D4:F5:47:82:0E:C6,ALL,udp:57468,8.8.8.8*,4,340,2,148,2,192
D4:F5:47:82:0E:C6,ALL,udp:41384,192.168.3.117*,4,476,2,326,2,150
D4:F5:47:82:0E:C6,ALL,udp:41384,8.8.8.8*,4,476,2,150,2,326
D4:F5:47:82:0E:C6,ALL,udp:56001,192.168.3.117*,4,340,2,192,2,148
D4:F5:47:82:0E:C6,ALL,udp:56001,8.8.8.8*,4,340,2,148,2,192
D4:F5:47:82:0E:C6,ALL,udp:45451,192.168.3.117*,4,340,2,192,2,148
D4:F5:47:82:0E:C6,ALL,udp:45451,8.8.8.8*,4,340,2,148,2,192
D4:F5:47:82:0E:C6,ALL,udp:59548,192.168.3.117*,4,340,2,192,2,148
D4:F5:47:82:0E:C6,ALL,udp:59548,8.8.8.8*,4,340,2,148,2,192
D4:F5:47:82:0E:C6,ALL,udp:58032,192.168.3.117*,4,340,2,192,2,148
D4:F5:47:82:0E:C6,ALL,udp:58032,8.8.8.8*,4,340,2,148,2,192
D4:F5:47:82:0E:C6,ALL,udp:34639,192.168.3.117*,4,340,2,192,2,148
D4:F5:47:82:0E:C6,ALL,udp:34639,8.8.8.8*,4,340,2,148,2,192
D4:F5:47:82:0E:C6,ALL,udp:60934,192.168.3.117*,4,340,2,192,2,148
D4:F5:47:82:0E:C6,ALL,udp:60934,8.8.8.8*,4,340,2,148,2,192
D4:F5:47:82:0E:C6,ALL,udp:44001,192.168.3.117*,4,340,2,192,2,148
D4:F5:47:82:0E:C6,ALL,udp:44001,8.8.8.8*,4,340,2,148,2,192
D4:F5:47:82:0E:C6,ALL,udp:35489,192.168.3.117*,4,340,2,192,2,148
D4:F5:47:82:0E:C6,ALL,udp:35489,8.8.8.8*,4,340,2,148,2,192
D4:F5:47:82:0E:C6,ALL,udp:54143,192.168.3.117*,4,340,2,192,2,148
D4:F5:47:82:0E:C6,ALL,udp:54143,8.8.8.8*,4,340,2,148,2,192
D4:F5:47:82:0E:C6,ALL,udp:60461,192.168.3.117*,4,340,2,192,2,148
D4:F5:47:82:0E:C6,ALL,udp:60461,8.8.8.8*,4,340,2,148,2,192
D4:F5:47:82:0E:C6,ALL,udp:36113,192.168.3.117*,4,476,2,326,2,150
D4:F5:47:82:0E:C6,ALL,udp:36113,8.8.8.8*,4,476,2,150,2,326
D4:F5:47:82:0E:C6,ALL,udp:46040,192.168.3.117*,4,340,2,192,2,148
D4:F5:47:82:0E:C6,ALL,udp:46040,8.8.8.8*,4,340,2,148,2,192
D4:F5:47:82:0E:C6,ALL,udp:47743,192.168.3.117*,4,340,2,192,2,148
D4:F5:47:82:0E:C6,ALL,udp:47743,8.8.8.8*,4,340,2,148,2,192
D4:F5:47:82:0E:C6,ALL,udp:51455,192.168.3.117*,4,340,2,192,2,148
D4:F5:47:82:0E:C6,ALL,udp:51455,8.8.8.8*,4,340,2,148,2,192
D4:F5:47:82:0E:C6,ALL,udp:44054,192.168.3.117*,4,340,2,192,2,148
D4:F5:47:82:0E:C6,ALL,udp:44054,8.8.8.8*,4,340,2,148,2,192
D4:F5:47:82:0E:C6,ALL,udp:41094,192.168.3.117*,4,340,2,192,2,148
D4:F5:47:82:0E:C6,ALL,udp:41094,8.8.8.8*,4,340,2,148,2,192
D4:F5:47:82:0E:C6,ALL,udp:52046,192.168.3.117*,4,340,2,192,2,148
D4:F5:47:82:0E:C6,ALL,udp:52046,8.8.8.8*,4,340,2,148,2,192
D4:F5:47:82:0E:C6,ALL,udp:53045,192.168.3.117*,4,340,2,192,2,148
D4:F5:47:82:0E:C6,ALL,udp:53045,8.8.8.8*,4,340,2,148,2,192
D4:F5:47:82:0E:C6,ALL,udp:39973,192.168.3.117*,4,340,2,192,2,148
D4:F5:47:82:0E:C6,ALL,udp:39973,8.8.8.8*,4,340,2,148,2,192
D4:F5:47:82:0E:C6,ALL,udp:35836,192.168.3.117*,4,340,2,192,2,148
D4:F5:47:82:0E:C6,ALL,udp:35836,8.8.8.8*,4,340,2,148,2,192
D4:F5:47:82:0E:C6,ALL,udp:58602,192.168.3.117*,4,340,2,192,2,148
D4:F5:47:82:0E:C6,ALL,udp:58602,8.8.8.8*,4,340,2,148,2,192
D4:F5:47:82:0E:C6,ALL,udp:51587,192.168.3.117*,4,340,2,192,2,148
D4:F5:47:82:0E:C6,ALL,udp:51587,8.8.8.8*,4,340,2,148,2,192
D4:F5:47:82:0E:C6,ALL,udp:52026,192.168.3.117*,4,340,2,192,2,148
D4:F5:47:82:0E:C6,ALL,udp:52026,8.8.8.8*,4,340,2,148,2,192
D4:F5:47:82:0E:C6,ALL,udp:59510,192.168.3.117*,4,340,2,192,2,148
D4:F5:47:82:0E:C6,ALL,udp:59510,8.8.8.8*,4,340,2,148,2,192
D4:F5:47:82:0E:C6,ALL,udp:45566,192.168.3.117*,4,340,2,192,2,148
D4:F5:47:82:0E:C6,ALL,udp:45566,8.8.8.8*,4,340,2,148,2,192
D4:F5:47:82:0E:C6,ALL,udp:33720,192.168.3.117*,4,340,2,192,2,148
D4:F5:47:82:0E:C6,ALL,udp:33720,8.8.8.8*,4,340,2,148,2,192
D4:F5:47:82:0E:C6,ALL,udp:47953,192.168.3.117*,4,340,2,192,2,148
D4:F5:47:82:0E:C6,ALL,udp:47953,8.8.8.8*,4,340,2,148,2,192
D4:F5:47:82:0E:C6,ALL,udp:60968,192.168.3.117*,4,340,2,192,2,148
D4:F5:47:82:0E:C6,ALL,udp:60968,8.8.8.8*,4,340,2,148,2,192
D4:F5:47:82:0E:C6,ALL,udp:45570,192.168.3.117*,4,340,2,192,2,148
D4:F5:47:82:0E:C6,ALL,udp:45570,8.8.8.8*,4,340,2,148,2,192
D4:F5:47:82:0E:C6,ALL,udp:48839,192.168.3.117*,4,340,2,192,2,148
D4:F5:47:82:0E:C6,ALL,udp:48839,8.8.8.8*,4,340,2,148,2,192
D4:F5:47:82:0E:C6,ALL,udp:52459,192.168.3.117*,4,476,2,326,2,150
D4:F5:47:82:0E:C6,ALL,udp:52459,8.8.8.8*,4,476,2,150,2,326
D4:F5:47:82:0E:C6,ALL,udp:53439,142.251.32.110*,23,12417,13,9198,10,3219
D4:F5:47:82:0E:C6,ALL,udp:53439,8.8.8.8*,4,340,2,148,2,192
D4:F5:47:82:0E:C6,ALL,udp:59076,192.168.3.117*,4,340,2,192,2,148
D4:F5:47:82:0E:C6,ALL,udp:59076,8.8.8.8*,4,340,2,148,2,192
D4:F5:47:82:0E:C6,ALL,udp:48598,192.168.3.117*,4,340,2,192,2,148
D4:F5:47:82:0E:C6,ALL,udp:48598,8.8.8.8*,4,340,2,148,2,192
D4:F5:47:82:0E:C6,ALL,udp:50504,192.168.3.117*,4,340,2,192,2,148
D4:F5:47:82:0E:C6,ALL,udp:50504,8.8.8.8*,4,340,2,148,2,192
D4:F5:47:82:0E:C6,ALL,udp:39330,192.168.3.117*,4,340,2,192,2,148
D4:F5:47:82:0E:C6,ALL,udp:39330,8.8.8.8*,4,340,2,148,2,192
D4:F5:47:82:0E:C6,ALL,udp:43460,192.168.3.117*,4,340,2,192,2,148
D4:F5:47:82:0E:C6,ALL,udp:43460,8.8.8.8*,4,340,2,148,2,192
D4:F5:47:82:0E:C6,ALL,udp:35442,192.168.3.117*,4,340,2,192,2,148
D4:F5:47:82:0E:C6,ALL,udp:35442,8.8.8.8*,4,340,2,148,2,192
D4:F5:47:82:0E:C6,ALL,udp:47955,192.168.3.117*,4,340,2,192,2,148
D4:F5:47:82:0E:C6,ALL,udp:47955,8.8.8.8*,4,340,2,148,2,192
D4:F5:47:82:0E:C6,ALL,udp:54606,192.168.3.117*,4,340,2,192,2,148
D4:F5:47:82:0E:C6,ALL,udp:54606,8.8.8.8*,4,340,2,148,2,192
D4:F5:47:82:0E:C6,ALL,udp:54224,192.168.3.117*,4,340,2,192,2,148
D4:F5:47:82:0E:C6,ALL,udp:54224,8.8.8.8*,4,340,2,148,2,192
D4:F5:47:82:0E:C6,ALL,udp:43314,192.168.3.117*,4,340,2,192,2,148
D4:F5:47:82:0E:C6,ALL,udp:43314,8.8.8.8*,4,340,2,148,2,192
D4:F5:47:82:0E:C6,ALL,udp:39849,192.168.3.117*,4,340,2,192,2,148
D4:F5:47:82:0E:C6,ALL,udp:39849,8.8.8.8*,4,340,2,148,2,192
D4:F5:47:82:0E:C6,ALL,udp:42484,192.168.3.117*,4,340,2,192,2,148
D4:F5:47:82:0E:C6,ALL,udp:42484,8.8.8.8*,4,340,2,148,2,192
D4:F5:47:82:0E:C6,ALL,udp:44000,216.239.35.12,2,180,1,90,1,90
D4:F5:47:82:0E:C6,ALL,udp:44000,8.8.8.8,4,340,2,148,2,192
D4:F5:47:82:0E:C6,ALL,udp:38254,192.168.3.117*,4,340,2,192,2,148
D4:F5:47:82:0E:C6,ALL,udp:38254,8.8.8.8*,4,340,2,148,2,192
D4:F5:47:82:0E:C6,ALL,udp:32795,192.168.3.117*,4,340,2,192,2,148
D4:F5:47:82:0E:C6,ALL,udp:32795,8.8.8.8*,4,340,2,148,2,192
D4:F5:47:82:0E:C6,ALL,udp:56244,192.168.3.117*,4,476,2,326,2,150
D4:F5:47:82:0E:C6,ALL,udp:56244,8.8.8.8*,4,476,2,150,2,326
D4:F5:47:82:0E:C6,ALL,udp:49581,192.168.3.117*,4,340,2,192,2,148
D4:F5:47:82:0E:C6,ALL,udp:49581,8.8.8.8*,4,340,2,148,2,192
D4:F5:47:82:0E:C6,ALL,udp:35464,192.168.3.117*,4,340,2,192,2,148
D4:F5:47:82:0E:C6,ALL,udp:35464,8.8.8.8*,4,340,2,148,2,192
D4:F5:47:82:0E:C6,ALL,udp:37958,192.168.3.117*,4,340,2,192,2,148
D4:F5:47:82:0E:C6,ALL,udp:37958,8.8.8.8*,4,340,2,148,2,192
D4:F5:47:82:0E:C6,ALL,udp:43856,192.168.3.117*,4,340,2,192,2,148
D4:F5:47:82:0E:C6,ALL,udp:43856,8.8.8.8*,4,340,2,148,2,192
D4:F5:47:82:0E:C6,ALL,udp:41911,192.168.3.117*,4,340,2,192,2,148
D4:F5:47:82:0E:C6,ALL,udp:41911,8.8.8.8*,4,340,2,148,2,192
D4:F5:47:82:0E:C6,ALL,udp:52035,192.168.3.117*,4,340,2,192,2,148
D4:F5:47:82:0E:C6,ALL,udp:52035,8.8.8.8*,4,340,2,148,2,192
D4:F5:47:82:0E:C6,ALL,udp:55381,192.168.3.117*,4,340,2,192,2,148
D4:F5:47:82:0E:C6,ALL,udp:55381,8.8.8.8*,4,340,2,148,2,192
D4:F5:47:82:0E:C6,ALL,udp:59267,216.239.35.12,2,180,1,90,1,90
D4:F5:47:82:0E:C6,ALL,udp:59267,8.8.8.8,4,340,2,148,2,192
D4:F5:47:82:0E:C6,ALL,udp:37104,192.168.3.117*,4,340,2,192,2,148
D4:F5:47:82:0E:C6,ALL,udp:37104,8.8.8.8*,4,340,2,148,2,192
D4:F5:47:82:0E:C6,ALL,udp:51596,192.168.3.117*,4,340,2,192,2,148
D4:F5:47:82:0E:C6,ALL,udp:51596,8.8.8.8*,4,340,2,148,2,192
D4:F5:47:82:0E:C6,ALL,udp:39285,192.168.3.117*,4,680,2,524,2,156
D4:F5:47:82:0E:C6,ALL,udp:39285,8.8.8.8*,4,680,2,156,2,524
D4:F5:47:82:0E:C6,ALL,udp:46466,192.168.3.117*,4,340,2,192,2,148
D4:F5:47:82:0E:C6,ALL,udp:46466,8.8.8.8*,4,340,2,148,2,192
D4:F5:47:82:0E:C6,ALL,udp:43569,192.168.3.117*,4,340,2,192,2,148
D4:F5:47:82:0E:C6,ALL,udp:43569,8.8.8.8*,4,340,2,148,2,192
D4:F5:47:82:0E:C6,ALL,udp:50143,192.168.3.117*,4,340,2,192,2,148
D4:F5:47:82:0E:C6,ALL,udp:50143,8.8.8.8*,4,340,2,148,2,192
D4:F5:47:82:0E:C6,ALL,udp:37590,192.168.3.117*,4,340,2,192,2,148
D4:F5:47:82:0E:C6,ALL,udp:37590,8.8.8.8*,4,340,2,148,2,192
D4:F5:47:82:0E:C6,ALL,udp:47476,192.168.3.117*,4,340,2,192,2,148
D4:F5:47:82:0E:C6,ALL,udp:47476,8.8.8.8*,4,340,2,148,2,192
D4:F5:47:82:0E:C6,ALL,udp:44811,192.168.3.117*,4,340,2,192,2,148
D4:F5:47:82:0E:C6,ALL,udp:44811,8.8.8.8*,4,340,2,148,2,192
D4:F5:47:82:0E:C6,ALL,udp:56568,192.168.3.117*,4,476,2,326,2,150
D4:F5:47:82:0E:C6,ALL,udp:56568,8.8.8.8*,4,476,2,150,2,326
D4:F5:47:82:0E:C6,ALL,udp:47967,192.168.3.117*,4,340,2,192,2,148
D4:F5:47:82:0E:C6,ALL,udp:47967,8.8.8.8*,4,340,2,148,2,192
D4:F5:47:82:0E:C6,ALL,udp:34722,142.251.32.110*,23,12421,13,9202,10,3219
D4:F5:47:82:0E:C6,ALL,udp:34722,8.8.8.8*,4,340,2,148,2,192
D4:F5:47:82:0E:C6,ALL,udp:44842,192.168.3.117*,4,340,2,192,2,148
D4:F5:47:82:0E:C6,ALL,udp:44842,8.8.8.8*,4,340,2,148,2,192
D4:F5:47:82:0E:C6,ALL,udp:52059,192.168.3.117*,4,340,2,192,2,148
D4:F5:47:82:0E:C6,ALL,udp:52059,8.8.8.8*,4,340,2,148,2,192
D4:F5:47:82:0E:C6,ALL,udp:33597,192.168.3.117*,4,340,2,192,2,148
D4:F5:47:82:0E:C6,ALL,udp:33597,8.8.8.8*,4,340,2,148,2,192
D4:F5:47:82:0E:C6,ALL,udp:42808,192.168.3.117*,4,340,2,192,2,148
D4:F5:47:82:0E:C6,ALL,udp:42808,8.8.8.8*,4,340,2,148,2,192
D4:F5:47:82:0E:C6,ALL,udp:57540,192.168.3.117*,4,476,2,326,2,150
D4:F5:47:82:0E:C6,ALL,udp:57540,8.8.8.8*,4,476,2,150,2,326
D4:F5:47:82:0E:C6,ALL,udp:43135,142.251.32.110*,23,12423,13,9204,10,3219
D4:F5:47:82:0E:C6,ALL,udp:43135,8.8.8.8*,4,340,2,148,2,192
D4:F5:47:82:0E:C6,ALL,udp:54895,192.168.3.117*,4,340,2,192,2,148
D4:F5:47:82:0E:C6,ALL,udp:54895,8.8.8.8*,4,340,2,148,2,192
D4:F5:47:82:0E:C6,ALL,udp:44568,192.168.3.117*,4,340,2,192,2,148
D4:F5:47:82:0E:C6,ALL,udp:44568,8.8.8.8*,4,340,2,148,2,192
D4:F5:47:82:0E:C6,ALL,udp:54015,192.168.3.117*,4,340,2,192,2,148
D4:F5:47:82:0E:C6,ALL,udp:54015,8.8.8.8*,4,340,2,148,2,192
D4:F5:47:82:0E:C6,ALL,udp:56449,192.168.3.117*,4,340,2,192,2,148
D4:F5:47:82:0E:C6,ALL,udp:56449,8.8.8.8*,4,340,2,148,2,192
D4:F5:47:82:0E:C6,ALL,udp:60381,192.168.3.117*,4,340,2,192,2,148
D4:F5:47:82:0E:C6,ALL,udp:60381,8.8.8.8*,4,340,2,148,2,192
D4:F5:47:82:0E:C6,ALL,udp:47625,192.168.3.117*,4,340,2,192,2,148
D4:F5:47:82:0E:C6,ALL,udp:47625,8.8.8.8*,4,340,2,148,2,192
D4:F5:47:82:0E:C6,ALL,udp:53327,192.168.3.117*,4,340,2,192,2,148
D4:F5:47:82:0E:C6,ALL,udp:53327,8.8.8.8*,4,340,2,148,2,192
D4:F5:47:82:0E:C6,ALL,udp:47130,192.168.3.117*,4,340,2,192,2,148
D4:F5:47:82:0E:C6,ALL,udp:47130,8.8.8.8*,4,340,2,148,2,192
D4:F5:47:82:0E:C6,ALL,udp:46847,192.168.3.117*,4,704,2,536,2,168
D4:F5:47:82:0E:C6,ALL,udp:46847,8.8.8.8*,4,704,2,168,2,536
D4:F5:47:82:0E:C6,ALL,udp:44928,192.168.3.117*,4,340,2,192,2,148
D4:F5:47:82:0E:C6,ALL,udp:44928,8.8.8.8*,4,340,2,148,2,192
D4:F5:47:82:0E:C6,ALL,udp:44470,192.168.3.117*,4,340,2,192,2,148
D4:F5:47:82:0E:C6,ALL,udp:44470,8.8.8.8*,4,340,2,148,2,192
D4:F5:47:82:0E:C6,ALL,udp:37137,192.168.3.117*,4,320,2,176,2,144
D4:F5:47:82:0E:C6,ALL,udp:37137,8.8.8.8*,4,320,2,144,2,176
D4:F5:47:82:0E:C6,ALL,udp:43020,192.168.3.117*,4,340,2,192,2,148
D4:F5:47:82:0E:C6,ALL,udp:43020,8.8.8.8*,4,340,2,148,2,192
D4:F5:47:82:0E:C6,ALL,udp:40523,192.168.3.117*,4,340,2,192,2,148
D4:F5:47:82:0E:C6,ALL,udp:40523,8.8.8.8*,4,340,2,148,2,192
D4:F5:47:82:0E:C6,ALL,udp:33359,192.168.3.117*,4,476,2,326,2,150
D4:F5:47:82:0E:C6,ALL,udp:33359,8.8.8.8*,4,476,2,150,2,326
D4:F5:47:82:0E:C6,ALL,udp:46869,192.168.3.117*,4,340,2,192,2,148
D4:F5:47:82:0E:C6,ALL,udp:46869,8.8.8.8*,4,340,2,148,2,192
D4:F5:47:82:0E:C6,ALL,udp:33140,192.168.3.117*,4,340,2,192,2,148
D4:F5:47:82:0E:C6,ALL,udp:33140,8.8.8.8*,4,340,2,148,2,192
D4:F5:47:82:0E:C6,ALL,udp:58764,192.168.3.117*,4,340,2,192,2,148
D4:F5:47:82:0E:C6,ALL,udp:58764,8.8.8.8*,4,340,2,148,2,192
D4:F5:47:82:0E:C6,ALL,udp:33406,192.168.3.117*,4,340,2,192,2,148
D4:F5:47:82:0E:C6,ALL,udp:33406,8.8.8.8*,4,340,2,148,2,192
D4:F5:47:82:0E:C6,ALL,udp:59197,192.168.3.117*,4,340,2,192,2,148
D4:F5:47:82:0E:C6,ALL,udp:59197,8.8.8.8*,4,340,2,148,2,192
D4:F5:47:82:0E:C6,ALL,udp:57883,192.168.3.117*,4,340,2,192,2,148
D4:F5:47:82:0E:C6,ALL,udp:57883,8.8.8.8*,4,340,2,148,2,192
D4:F5:47:82:0E:C6,ALL,udp:50816,192.168.3.117*,4,340,2,192,2,148
D4:F5:47:82:0E:C6,ALL,udp:50816,8.8.8.8*,4,340,2,148,2,192
D4:F5:47:82:0E:C6,ALL,udp:35890,192.168.3.117*,4,340,2,192,2,148
D4:F5:47:82:0E:C6,ALL,udp:35890,8.8.8.8*,4,340,2,148,2,192
D4:F5:47:82:0E:C6,ALL,udp:58396,192.168.3.117*,4,340,2,192,2,148
D4:F5:47:82:0E:C6,ALL,udp:58396,8.8.8.8*,4,340,2,148,2,192
D4:F5:47:82:0E:C6,ALL,udp:36512,192.168.3.117*,4,340,2,192,2,148
D4:F5:47:82:0E:C6,ALL,udp:36512,8.8.8.8*,4,340,2,148,2,192
D4:F5:47:82:0E:C6,ALL,udp:43724,192.168.3.117*,4,340,2,192,2,148
D4:F5:47:82:0E:C6,ALL,udp:43724,8.8.8.8*,4,340,2,148,2,192
D4:F5:47:82:0E:C6,ALL,udp:59882,192.168.3.117*,4,340,2,192,2,148
D4:F5:47:82:0E:C6,ALL,udp:59882,8.8.8.8*,4,340,2,148,2,192
D4:F5:47:82:0E:C6,ALL,udp:40425,192.168.3.117*,4,340,2,192,2,148
D4:F5:47:82:0E:C6,ALL,udp:40425,8.8.8.8*,4,340,2,148,2,192
D4:F5:47:82:0E:C6,ALL,udp:49958,192.168.3.117*,4,340,2,192,2,148
D4:F5:47:82:0E:C6,ALL,udp:49958,8.8.8.8*,4,340,2,148,2,192
D4:F5:47:82:0E:C6,ALL,udp:33123,192.168.3.117*,4,476,2,326,2,150
D4:F5:47:82:0E:C6,ALL,udp:33123,8.8.8.8*,4,476,2,150,2,326
D4:F5:47:82:0E:C6,ALL,udp:35298,192.168.3.117*,4,340,2,192,2,148
D4:F5:47:82:0E:C6,ALL,udp:35298,8.8.8.8*,4,340,2,148,2,192
D4:F5:47:82:0E:C6,ALL,udp:33914,192.168.3.117*,4,340,2,192,2,148
D4:F5:47:82:0E:C6,ALL,udp:33914,8.8.8.8*,4,340,2,148,2,192
D4:F5:47:82:0E:C6,ALL,udp:55624,192.168.3.117*,4,340,2,192,2,148
D4:F5:47:82:0E:C6,ALL,udp:55624,8.8.8.8*,4,340,2,148,2,192
D4:F5:47:82:0E:C6,ALL,udp:45545,192.168.3.117*,4,340,2,192,2,148
D4:F5:47:82:0E:C6,ALL,udp:45545,8.8.8.8*,4,340,2,148,2,192
D4:F5:47:82:0E:C6,ALL,udp:40087,192.168.3.117*,4,340,2,192,2,148
D4:F5:47:82:0E:C6,ALL,udp:40087,8.8.8.8*,4,340,2,148,2,192
D4:F5:47:82:0E:C6,ALL,udp:40043,192.168.3.117*,4,340,2,192,2,148
D4:F5:47:82:0E:C6,ALL,udp:40043,8.8.8.8*,4,340,2,148,2,192
D4:F5:47:82:0E:C6,ALL,udp:57358,192.168.3.117*,4,340,2,192,2,148
D4:F5:47:82:0E:C6,ALL,udp:57358,8.8.8.8*,4,340,2,148,2,192
D4:F5:47:82:0E:C6,ALL,udp:55483,192.168.3.117*,4,340,2,192,2,148
D4:F5:47:82:0E:C6,ALL,udp:55483,8.8.8.8*,4,340,2,148,2,192
D4:F5:47:82:0E:C6,ALL,udp:55453,192.168.3.117*,4,476,2,326,2,150
D4:F5:47:82:0E:C6,ALL,udp:55453,8.8.8.8*,4,476,2,150,2,326
D4:F5:47:82:0E:C6,ALL,udp:40859,192.168.3.117*,4,340,2,192,2,148
D4:F5:47:82:0E:C6,ALL,udp:40859,8.8.8.8*,4,340,2,148,2,192
D4:F5:47:82:0E:C6,ALL,udp:53633,192.168.3.117*,4,340,2,192,2,148
D4:F5:47:82:0E:C6,ALL,udp:53633,8.8.8.8*,4,340,2,148,2,192
D4:F5:47:82:0E:C6,ALL,udp:60936,192.168.3.117*,4,340,2,192,2,148
D4:F5:47:82:0E:C6,ALL,udp:60936,8.8.8.8*,4,340,2,148,2,192
D4:F5:47:82:0E:C6,ALL,udp:35365,192.168.3.117*,4,340,2,192,2,148
D4:F5:47:82:0E:C6,ALL,udp:35365,8.8.8.8*,4,340,2,148,2,192
D4:F5:47:82:0E:C6,ALL,udp:57318,192.168.3.117*,4,340,2,192,2,148
D4:F5:47:82:0E:C6,ALL,udp:57318,8.8.8.8*,4,340,2,148,2,192
D4:F5:47:82:0E:C6,ALL,udp:60093,192.168.3.117*,4,340,2,192,2,148
D4:F5:47:82:0E:C6,ALL,udp:60093,8.8.8.8*,4,340,2,148,2,192
D4:F5:47:82:0E:C6,ALL,udp:53003,192.168.3.117*,4,340,2,192,2,148
D4:F5:47:82:0E:C6,ALL,udp:53003,8.8.8.8*,4,340,2,148,2,192
D4:F5:47:82:0E:C6,ALL,udp:41537,192.168.3.117*,4,340,2,192,2,148
D4:F5:47:82:0E:C6,ALL,udp:41537,8.8.8.8*,4,340,2,148,2,192
D4:F5:47:82:0E:C6,ALL,udp:54537,192.168.3.117*,4,340,2,192,2,148
D4:F5:47:82:0E:C6,ALL,udp:54537,8.8.8.8*,4,340,2,148,2,192
D4:F5:47:82:0E:C6,ALL,udp:56826,192.168.3.117*,4,340,2,192,2,148
D4:F5:47:82:0E:C6,ALL,udp:56826,8.8.8.8*,4,340,2,148,2,192
D4:F5:47:82:0E:C6,ALL,udp:49392,192.168.3.117*,4,340,2,192,2,148
D4:F5:47:82:0E:C6,ALL,udp:49392,8.8.8.8*,4,340,2,148,2,192
D4:F5:47:82:0E:C6,ALL,udp:43340,192.168.3.117*,4,476,2,326,2,150
D4:F5:47:82:0E:C6,ALL,udp:43340,8.8.8.8*,4,476,2,150,2,326
D4:F5:47:82:0E:C6,ALL,udp:49145,192.168.3.117*,4,340,2,192,2,148
D4:F5:47:82:0E:C6,ALL,udp:49145,8.8.8.8*,4,340,2,148,2,192
D4:F5:47:82:0E:C6,ALL,udp:46959,192.168.3.117*,4,340,2,192,2,148
D4:F5:47:82:0E:C6,ALL,udp:46959,8.8.8.8*,4,340,2,148,2,192
D4:F5:47:82:0E:C6,ALL,udp:54576,192.168.3.117*,4,392,2,240,2,152
D4:F5:47:82:0E:C6,ALL,udp:54576,8.8.8.8*,4,392,2,152,2,240
D4:F5:47:82:0E:C6,ALL,udp:38585,192.168.3.117*,4,340,2,192,2,148
D4:F5:47:82:0E:C6,ALL,udp:38585,8.8.8.8*,4,340,2,148,2,192
D4:F5:47:82:0E:C6,ALL,udp:50441,192.168.3.117*,4,340,2,192,2,148
D4:F5:47:82:0E:C6,ALL,udp:50441,8.8.8.8*,4,340,2,148,2,192
D4:F5:47:82:0E:C6,ALL,udp:42787,192.168.3.117*,4,340,2,192,2,148
D4:F5:47:82:0E:C6,ALL,udp:42787,8.8.8.8*,4,340,2,148,2,192
D4:F5:47:82:0E:C6,ALL,udp:52485,192.168.3.117*,4,340,2,192,2,148
D4:F5:47:82:0E:C6,ALL,udp:52485,8.8.8.8*,4,340,2,148,2,192
D4:F5:47:82:0E:C6,ALL,udp:35227,192.168.3.117*,4,340,2,192,2,148
D4:F5:47:82:0E:C6,ALL,udp:35227,8.8.8.8*,4,340,2,148,2,192
D4:F5:47:82:0E:C6,ALL,udp:37894,142.251.32.110*,20,10871,12,7357,8,3514
D4:F5:47:82:0E:C6,ALL,udp:37894,8.8.8.8*,4,340,2,148,2,192
D4:F5:47:82:0E:C6,ALL,udp:49894,192.168.3.117*,4,340,2,192,2,148
D4:F5:47:82:0E:C6,ALL,udp:49894,8.8.8.8*,4,340,2,148,2,192
D4:F5:47:82:0E:C6,ALL,udp:49898,192.168.3.117*,4,340,2,192,2,148
D4:F5:47:82:0E:C6,ALL,udp:49898,8.8.8.8*,4,340,2,148,2,192
D4:F5:47:82:0E:C6,ALL,udp:52452,192.168.3.117*,4,340,2,192,2,148
D4:F5:47:82:0E:C6,ALL,udp:52452,8.8.8.8*,4,340,2,148,2,192
D4:F5:47:82:0E:C6,ALL,udp:44505,192.168.3.117*,4,476,2,326,2,150
D4:F5:47:82:0E:C6,ALL,udp:44505,8.8.8.8*,4,476,2,150,2,326
D4:F5:47:82:0E:C6,ALL,udp:40553,192.168.3.117*,4,340,2,192,2,148
D4:F5:47:82:0E:C6,ALL,udp:40553,8.8.8.8*,4,340,2,148,2,192
D4:F5:47:82:0E:C6,ALL,udp:39456,192.168.3.117*,4,340,2,192,2,148
D4:F5:47:82:0E:C6,ALL,udp:39456,8.8.8.8*,4,340,2,148,2,192
D4:F5:47:82:0E:C6,ALL,udp:55957,192.168.3.117*,4,340,2,192,2,148
D4:F5:47:82:0E:C6,ALL,udp:55957,8.8.8.8*,4,340,2,148,2,192
D4:F5:47:82:0E:C6,ALL,udp:35244,192.168.3.117*,4,340,2,192,2,148
D4:F5:47:82:0E:C6,ALL,udp:35244,8.8.8.8*,4,340,2,148,2,192
D4:F5:47:82:0E:C6,ALL,udp:44332,192.168.3.117*,4,340,2,192,2,148
D4:F5:47:82:0E:C6,ALL,udp:44332,8.8.8.8*,4,340,2,148,2,192
D4:F5:47:82:0E:C6,ALL,udp:39029,192.168.3.117*,4,340,2,192,2,148
D4:F5:47:82:0E:C6,ALL,udp:39029,8.8.8.8*,4,340,2,148,2,192
D4:F5:47:82:0E:C6,ALL,udp:43645,142.251.32.110*,19,10790,11,7276,8,3514
D4:F5:47:82:0E:C6,ALL,udp:43645,8.8.8.8*,4,340,2,148,2,192
D4:F5:47:82:0E:C6,ALL,udp:45990,192.168.3.117*,4,340,2,192,2,148
D4:F5:47:82:0E:C6,ALL,udp:45990,8.8.8.8*,4,340,2,148,2,192
D4:F5:47:82:0E:C6,ALL,udp:46554,216.239.35.4,2,180,1,90,1,90
D4:F5:47:82:0E:C6,ALL,udp:46554,8.8.8.8,4,340,2,148,2,192
D4:F5:47:82:0E:C6,ALL,udp:59428,192.168.3.117*,4,340,2,192,2,148
D4:F5:47:82:0E:C6,ALL,udp:59428,8.8.8.8*,4,340,2,148,2,192
D4:F5:47:82:0E:C6,ALL,udp:59247,192.168.3.117*,4,340,2,192,2,148
D4:F5:47:82:0E:C6,ALL,udp:59247,8.8.8.8*,4,340,2,148,2,192
D4:F5:47:82:0E:C6,ALL,udp:52648,192.168.3.117*,4,476,2,326,2,150
D4:F5:47:82:0E:C6,ALL,udp:52648,8.8.8.8*,4,476,2,150,2,326
D4:F5:47:82:0E:C6,ALL,udp:56747,192.168.3.117*,4,340,2,192,2,148
D4:F5:47:82:0E:C6,ALL,udp:56747,8.8.8.8*,4,340,2,148,2,192
D4:F5:47:82:0E:C6,ALL,udp:60258,192.168.3.117*,4,340,2,192,2,148
D4:F5:47:82:0E:C6,ALL,udp:60258,8.8.8.8*,4,340,2,148,2,192
D4:F5:47:82:0E:C6,ALL,udp:38365,192.168.3.117*,4,340,2,192,2,148
D4:F5:47:82:0E:C6,ALL,udp:38365,8.8.8.8*,4,340,2,148,2,192
D4:F5:47:82:0E:C6,ALL,udp:41530,192.168.3.117*,4,340,2,192,2,148
D4:F5:47:82:0E:C6,ALL,udp:41530,8.8.8.8*,4,340,2,148,2,192
D4:F5:47:82:0E:C6,ALL,udp:55690,192.168.3.117*,4,340,2,192,2,148
D4:F5:47:82:0E:C6,ALL,udp:55690,8.8.8.8*,4,340,2,148,2,192
D4:F5:47:82:0E:C6,ALL,udp:37240,192.168.3.117*,4,340,2,192,2,148
D4:F5:47:82:0E:C6,ALL,udp:37240,8.8.8.8*,4,340,2,148,2,192
D4:F5:47:82:0E:C6,ALL,udp:47757,192.168.3.117*,4,476,2,326,2,150
D4:F5:47:82:0E:C6,ALL,udp:47757,8.8.8.8*,4,476,2,150,2,326
D4:F5:47:82:0E:C6,ALL,udp:57217,192.168.3.117*,4,340,2,192,2,148
D4:F5:47:82:0E:C6,ALL,udp:57217,8.8.8.8*,4,340,2,148,2,192
D4:F5:47:82:0E:C6,ALL,udp:54527,216.239.35.12,2,180,1,90,1,90
D4:F5:47:82:0E:C6,ALL,udp:54527,8.8.8.8,4,340,2,148,2,192
D4:F5:47:82:0E:C6,ALL,udp:33404,192.168.3.117*,4,340,2,192,2,148
D4:F5:47:82:0E:C6,ALL,udp:33404,8.8.8.8*,4,340,2,148,2,192
D4:F5:47:82:0E:C6,ALL,udp:60185,192.168.3.117*,4,340,2,192,2,148
D4:F5:47:82:0E:C6,ALL,udp:60185,8.8.8.8*,4,340,2,148,2,192
D4:F5:47:82:0E:C6,ALL,udp:43381,192.168.3.117*,4,340,2,192,2,148
D4:F5:47:82:0E:C6,ALL,udp:43381,8.8.8.8*,4,340,2,148,2,192
D4:F5:47:82:0E:C6,ALL,udp:36736,192.168.3.117*,4,340,2,192,2,148
D4:F5:47:82:0E:C6,ALL,udp:36736,8.8.8.8*,4,340,2,148,2,192
D4:F5:47:82:0E:C6,ALL,udp:55610,142.250.64.78*,20,10868,12,7354,8,3514
D4:F5:47:82:0E:C6,ALL,udp:55610,8.8.8.8*,4,340,2,148,2,192
D4:F5:47:82:0E:C6,ALL,udp:35739,192.168.3.117*,4,340,2,192,2,148
D4:F5:47:82:0E:C6,ALL,udp:35739,8.8.8.8*,4,340,2,148,2,192
D4:F5:47:82:0E:C6,ALL,udp:40985,192.168.3.117*,4,340,2,192,2,148
D4:F5:47:82:0E:C6,ALL,udp:40985,8.8.8.8*,4,340,2,148,2,192
D4:F5:47:82:0E:C6,ALL,udp:36300,192.168.3.117*,4,340,2,192,2,148
D4:F5:47:82:0E:C6,ALL,udp:36300,8.8.8.8*,4,340,2,148,2,192
D4:F5:47:82:0E:C6,ALL,udp:57233,192.168.3.117*,4,340,2,192,2,148
D4:F5:47:82:0E:C6,ALL,udp:57233,8.8.8.8*,4,340,2,148,2,192
D4:F5:47:82:0E:C6,ALL,udp:48836,192.168.3.117*,4,340,2,192,2,148
D4:F5:47:82:0E:C6,ALL,udp:48836,8.8.8.8*,4,340,2,148,2,192
D4:F5:47:82:0E:C6,ALL,udp:43748,192.168.3.117*,4,340,2,192,2,148
D4:F5:47:82:0E:C6,ALL,udp:43748,8.8.8.8*,4,340,2,148,2,192
D4:F5:47:82:0E:C6,ALL,udp:42082,192.168.3.117*,4,340,2,192,2,148
D4:F5:47:82:0E:C6,ALL,udp:42082,8.8.8.8*,4,340,2,148,2,192
D4:F5:47:82:0E:C6,ALL,udp:59771,192.168.3.117*,4,340,2,192,2,148
D4:F5:47:82:0E:C6,ALL,udp:59771,8.8.8.8*,4,340,2,148,2,192
D4:F5:47:82:0E:C6,ALL,udp:33441,216.239.35.0,2,180,1,90,1,90
D4:F5:47:82:0E:C6,ALL,udp:33441,8.8.8.8,4,340,2,148,2,192
D4:F5:47:82:0E:C6,ALL,udp:34807,192.168.3.117*,4,340,2,192,2,148
D4:F5:47:82:0E:C6,ALL,udp:34807,8.8.8.8*,4,340,2,148,2,192
D4:F5:47:82:0E:C6,ALL,udp:54765,192.168.3.117*,4,340,2,192,2,148
D4:F5:47:82:0E:C6,ALL,udp:54765,8.8.8.8*,4,340,2,148,2,192
D4:F5:47:82:0E:C6,ALL,udp:33752,192.168.3.117*,4,340,2,192,2,148
D4:F5:47:82:0E:C6,ALL,udp:33752,8.8.8.8*,4,340,2,148,2,192
D4:F5:47:82:0E:C6,ALL,udp:40745,192.168.3.117*,4,704,2,536,2,168
D4:F5:47:82:0E:C6,ALL,udp:40745,8.8.8.8*,4,704,2,168,2,536
D4:F5:47:82:0E:C6,ALL,udp:53501,192.168.3.117*,4,340,2,192,2,148
D4:F5:47:82:0E:C6,ALL,udp:53501,8.8.8.8*,4,340,2,148,2,192
D4:F5:47:82:0E:C6,ALL,udp:39240,192.168.3.117*,4,340,2,192,2,148
D4:F5:47:82:0E:C6,ALL,udp:39240,8.8.8.8*,4,340,2,148,2,192
D4:F5:47:82:0E:C6,ALL,udp:54994,192.168.3.117*,4,340,2,192,2,148
D4:F5:47:82:0E:C6,ALL,udp:54994,8.8.8.8*,4,340,2,148,2,192
D4:F5:47:82:0E:C6,ALL,udp:48288,192.168.3.117*,4,340,2,192,2,148
D4:F5:47:82:0E:C6,ALL,udp:48288,8.8.8.8*,4,340,2,148,2,192
D4:F5:47:82:0E:C6,ALL,udp:52082,192.168.3.117*,4,340,2,192,2,148
D4:F5:47:82:0E:C6,ALL,udp:52082,8.8.8.8*,4,340,2,148,2,192
D4:F5:47:82:0E:C6,ALL,udp:60787,192.168.3.117*,4,340,2,192,2,148
D4:F5:47:82:0E:C6,ALL,udp:60787,8.8.8.8*,4,340,2,148,2,192
D4:F5:47:82:0E:C6,ALL,udp:55687,192.168.3.117*,4,340,2,192,2,148
D4:F5:47:82:0E:C6,ALL,udp:55687,8.8.8.8*,4,340,2,148,2,192
D4:F5:47:82:0E:C6,ALL,udp:34778,192.168.3.117*,4,340,2,192,2,148
D4:F5:47:82:0E:C6,ALL,udp:34778,8.8.8.8*,4,340,2,148,2,192
D4:F5:47:82:0E:C6,ALL,udp:59069,192.168.3.117*,4,340,2,192,2,148
D4:F5:47:82:0E:C6,ALL,udp:59069,8.8.8.8*,4,340,2,148,2,192
D4:F5:47:82:0E:C6,ALL,udp:38220,192.168.3.117*,4,340,2,192,2,148
D4:F5:47:82:0E:C6,ALL,udp:38220,8.8.8.8*,4,340,2,148,2,192
D4:F5:47:82:0E:C6,ALL,udp:51675,192.168.3.117*,4,340,2,192,2,148
D4:F5:47:82:0E:C6,ALL,udp:51675,8.8.8.8*,4,340,2,148,2,192
D4:F5:47:82:0E:C6,ALL,udp:59016,192.168.3.117*,4,340,2,192,2,148
D4:F5:47:82:0E:C6,ALL,udp:59016,8.8.8.8*,4,340,2,148,2,192
D4:F5:47:82:0E:C6,ALL,udp:54016,192.168.3.117*,4,476,2,326,2,150
D4:F5:47:82:0E:C6,ALL,udp:54016,8.8.8.8*,4,476,2,150,2,326
D4:F5:47:82:0E:C6,ALL,udp:49597,192.168.3.117*,4,340,2,192,2,148
D4:F5:47:82:0E:C6,ALL,udp:49597,8.8.8.8*,4,340,2,148,2,192
D4:F5:47:82:0E:C6,ALL,udp:49248,192.168.3.117*,4,340,2,192,2,148
D4:F5:47:82:0E:C6,ALL,udp:49248,8.8.8.8*,4,340,2,148,2,192
D4:F5:47:82:0E:C6,ALL,udp:47381,192.168.3.117*,4,340,2,192,2,148
D4:F5:47:82:0E:C6,ALL,udp:47381,8.8.8.8*,4,340,2,148,2,192
D4:F5:47:82:0E:C6,ALL,udp:56230,192.168.3.117*,4,340,2,192,2,148
D4:F5:47:82:0E:C6,ALL,udp:56230,8.8.8.8*,4,340,2,148,2,192
D4:F5:47:82:0E:C6,ALL,udp:40464,192.168.3.117*,4,340,2,192,2,148
D4:F5:47:82:0E:C6,ALL,udp:40464,8.8.8.8*,4,340,2,148,2,192
D4:F5:47:82:0E:C6,ALL,udp:42237,192.168.3.117*,4,340,2,192,2,148
D4:F5:47:82:0E:C6,ALL,udp:42237,8.8.8.8*,4,340,2,148,2,192
D4:F5:47:82:0E:C6,ALL,udp:51663,192.168.3.117*,4,340,2,192,2,148
D4:F5:47:82:0E:C6,ALL,udp:51663,8.8.8.8*,4,340,2,148,2,192
D4:F5:47:82:0E:C6,ALL,udp:35128,192.168.3.117*,4,340,2,192,2,148
D4:F5:47:82:0E:C6,ALL,udp:35128,8.8.8.8*,4,340,2,148,2,192
D4:F5:47:82:0E:C6,ALL,udp:50872,192.168.3.117*,4,340,2,192,2,148
D4:F5:47:82:0E:C6,ALL,udp:50872,8.8.8.8*,4,340,2,148,2,192
D4:F5:47:82:0E:C6,ALL,udp:44299,192.168.3.117*,4,340,2,192,2,148
D4:F5:47:82:0E:C6,ALL,udp:44299,8.8.8.8*,4,340,2,148,2,192
D4:F5:47:82:0E:C6,ALL,udp:35443,192.168.3.117*,4,340,2,192,2,148
D4:F5:47:82:0E:C6,ALL,udp:35443,8.8.8.8*,4,340,2,148,2,192
D4:F5:47:82:0E:C6,ALL,udp:60118,192.168.3.117*,4,340,2,192,2,148
D4:F5:47:82:0E:C6,ALL,udp:60118,8.8.8.8*,4,340,2,148,2,192
D4:F5:47:82:0E:C6,ALL,udp:50493,192.168.3.117*,4,476,2,326,2,150
D4:F5:47:82:0E:C6,ALL,udp:50493,8.8.8.8*,4,476,2,150,2,326
D4:F5:47:82:0E:C6,ALL,udp:58768,192.168.3.117*,4,340,2,192,2,148
D4:F5:47:82:0E:C6,ALL,udp:58768,8.8.8.8*,4,340,2,148,2,192
D4:F5:47:82:0E:C6,ALL,udp:57858,192.168.3.117*,4,340,2,192,2,148
D4:F5:47:82:0E:C6,ALL,udp:57858,8.8.8.8*,4,340,2,148,2,192
D4:F5:47:82:0E:C6,ALL,udp:49327,192.168.3.117*,4,340,2,192,2,148
D4:F5:47:82:0E:C6,ALL,udp:49327,8.8.8.8*,4,340,2,148,2,192
D4:F5:47:82:0E:C6,ALL,udp:57312,192.168.3.117*,4,340,2,192,2,148
D4:F5:47:82:0E:C6,ALL,udp:57312,8.8.8.8*,4,340,2,148,2,192
D4:F5:47:82:0E:C6,ALL,udp:33164,192.168.3.117*,4,340,2,192,2,148
D4:F5:47:82:0E:C6,ALL,udp:33164,8.8.8.8*,4,340,2,148,2,192
D4:F5:47:82:0E:C6,ALL,udp:49732,192.168.3.117*,4,340,2,192,2,148
D4:F5:47:82:0E:C6,ALL,udp:49732,8.8.8.8*,4,340,2,148,2,192
D4:F5:47:82:0E:C6,ALL,udp:49552,192.168.3.117*,4,340,2,192,2,148
D4:F5:47:82:0E:C6,ALL,udp:49552,8.8.8.8*,4,340,2,148,2,192
D4:F5:47:82:0E:C6,ALL,udp:59935,192.168.3.117*,4,340,2,192,2,148
D4:F5:47:82:0E:C6,ALL,udp:59935,8.8.8.8*,4,340,2,148,2,192
D4:F5:47:82:0E:C6,ALL,udp:48897,192.168.3.117*,4,340,2,192,2,148
D4:F5:47:82:0E:C6,ALL,udp:48897,8.8.8.8*,4,340,2,148,2,192
D4:F5:47:82:0E:C6,ALL,udp:38368,192.168.3.117*,4,340,2,192,2,148
D4:F5:47:82:0E:C6,ALL,udp:38368,8.8.8.8*,4,340,2,148,2,192
D4:F5:47:82:0E:C6,ALL,udp:50149,192.168.3.117*,4,340,2,192,2,148
D4:F5:47:82:0E:C6,ALL,udp:50149,8.8.8.8*,4,340,2,148,2,192
D4:F5:47:82:0E:C6,ALL,udp:57940,192.168.3.117*,4,476,2,326,2,150
D4:F5:47:82:0E:C6,ALL,udp:57940,8.8.8.8*,4,476,2,150,2,326
D4:F5:47:82:0E:C6,ALL,udp:47422,192.168.3.117*,4,340,2,192,2,148
D4:F5:47:82:0E:C6,ALL,udp:47422,8.8.8.8*,4,340,2,148,2,192
D4:F5:47:82:0E:C6,ALL,udp:59062,192.168.3.117*,4,340,2,192,2,148
D4:F5:47:82:0E:C6,ALL,udp:59062,8.8.8.8*,4,340,2,148,2,192
D4:F5:47:82:0E:C6,ALL,udp:35022,192.168.3.117*,4,340,2,192,2,148
D4:F5:47:82:0E:C6,ALL,udp:35022,8.8.8.8*,4,340,2,148,2,192
D4:F5:47:82:0E:C6,ALL,udp:54614,192.168.3.117*,4,340,2,192,2,148
D4:F5:47:82:0E:C6,ALL,udp:54614,8.8.8.8*,4,340,2,148,2,192
D4:F5:47:82:0E:C6,ALL,udp:57598,192.168.3.117*,4,340,2,192,2,148
D4:F5:47:82:0E:C6,ALL,udp:57598,8.8.8.8*,4,340,2,148,2,192
D4:F5:47:82:0E:C6,ALL,udp:48553,192.168.3.117*,4,340,2,192,2,148
D4:F5:47:82:0E:C6,ALL,udp:48553,8.8.8.8*,4,340,2,148,2,192
D4:F5:47:82:0E:C6,ALL,udp:36889,192.168.3.117*,4,340,2,192,2,148
D4:F5:47:82:0E:C6,ALL,udp:36889,8.8.8.8*,4,340,2,148,2,192
D4:F5:47:82:0E:C6,ALL,udp:57728,192.168.3.117*,4,340,2,192,2,148
D4:F5:47:82:0E:C6,ALL,udp:57728,8.8.8.8*,4,340,2,148,2,192
D4:F5:47:82:0E:C6,ALL,udp:33536,192.168.3.117*,4,340,2,192,2,148
D4:F5:47:82:0E:C6,ALL,udp:33536,8.8.8.8*,4,340,2,148,2,192
D4:F5:47:82:0E:C6,ALL,udp:40155,192.168.3.117*,4,340,2,192,2,148
D4:F5:47:82:0E:C6,ALL,udp:40155,8.8.8.8*,4,340,2,148,2,192
D4:F5:47:82:0E:C6,ALL,udp:60029,192.168.3.117*,4,340,2,192,2,148
D4:F5:47:82:0E:C6,ALL,udp:60029,8.8.8.8*,4,340,2,148,2,192
D4:F5:47:82:0E:C6,ALL,udp:38180,192.168.3.117*,4,340,2,192,2,148
D4:F5:47:82:0E:C6,ALL,udp:38180,8.8.8.8*,4,340,2,148,2,192
D4:F5:47:82:0E:C6,ALL,udp:33889,192.168.3.117*,4,340,2,192,2,148
D4:F5:47:82:0E:C6,ALL,udp:33889,8.8.8.8*,4,340,2,148,2,192
D4:F5:47:82:0E:C6,ALL,udp:48315,192.168.3.117*,4,476,2,326,2,150
D4:F5:47:82:0E:C6,ALL,udp:48315,8.8.8.8*,4,476,2,150,2,326
D4:F5:47:82:0E:C6,ALL,udp:34149,192.168.3.117*,4,340,2,192,2,148
D4:F5:47:82:0E:C6,ALL,udp:34149,8.8.8.8*,4,340,2,148,2,192
D4:F5:47:82:0E:C6,ALL,udp:36533,192.168.3.117*,4,340,2,192,2,148
D4:F5:47:82:0E:C6,ALL,udp:36533,8.8.8.8*,4,340,2,148,2,192
D4:F5:47:82:0E:C6,ALL,udp:58229,142.251.32.110*,500,563313,97,12897,403,550416
D4:F5:47:82:0E:C6,ALL,udp:58229,8.8.8.8*,4,340,2,148,2,192
D4:F5:47:82:0E:C6,ALL,udp:35460,192.168.3.117*,4,340,2,192,2,148
D4:F5:47:82:0E:C6,ALL,udp:35460,8.8.8.8*,4,340,2,148,2,192
D4:F5:47:82:0E:C6,ALL,udp:33948,192.168.3.117*,4,340,2,192,2,148
D4:F5:47:82:0E:C6,ALL,udp:33948,8.8.8.8*,4,340,2,148,2,192
D4:F5:47:82:0E:C6,ALL,udp:43790,192.168.3.117*,4,340,2,192,2,148
D4:F5:47:82:0E:C6,ALL,udp:43790,8.8.8.8*,4,340,2,148,2,192
D4:F5:47:82:0E:C6,ALL,udp:48582,192.168.3.117*,4,340,2,192,2,148
D4:F5:47:82:0E:C6,ALL,udp:48582,8.8.8.8*,4,340,2,148,2,192
D4:F5:47:82:0E:C6,ALL,udp:56094,192.168.3.117*,4,340,2,192,2,148
D4:F5:47:82:0E:C6,ALL,udp:56094,8.8.8.8*,4,340,2,148,2,192
D4:F5:47:82:0E:C6,ALL,udp:35088,192.168.3.117*,4,476,2,326,2,150
D4:F5:47:82:0E:C6,ALL,udp:35088,8.8.8.8*,4,476,2,150,2,326
D4:F5:47:82:0E:C6,ALL,udp:52019,192.168.3.117*,4,340,2,192,2,148
D4:F5:47:82:0E:C6,ALL,udp:52019,8.8.8.8*,4,340,2,148,2,192
D4:F5:47:82:0E:C6,ALL,udp:52272,192.168.3.117*,4,340,2,192,2,148
D4:F5:47:82:0E:C6,ALL,udp:52272,8.8.8.8*,4,340,2,148,2,192
D4:F5:47:82:0E:C6,ALL,udp:38663,192.168.3.117*,4,340,2,192,2,148
D4:F5:47:82:0E:C6,ALL,udp:38663,8.8.8.8*,4,340,2,148,2,192
D4:F5:47:82:0E:C6,ALL,udp:47575,192.168.3.117*,4,340,2,192,2,148
D4:F5:47:82:0E:C6,ALL,udp:47575,8.8.8.8*,4,340,2,148,2,192
D4:F5:47:82:0E:C6,ALL,udp:46546,192.168.3.117*,4,340,2,192,2,148
D4:F5:47:82:0E:C6,ALL,udp:46546,8.8.8.8*,4,340,2,148,2,192
D4:F5:47:82:0E:C6,ALL,udp:42275,142.251.32.110*,20,10875,12,7361,8,3514
D4:F5:47:82:0E:C6,ALL,udp:42275,8.8.8.8*,4,340,2,148,2,192
D4:F5:47:82:0E:C6,ALL,udp:38612,192.168.3.117*,4,340,2,192,2,148
D4:F5:47:82:0E:C6,ALL,udp:38612,8.8.8.8*,4,340,2,148,2,192
D4:F5:47:82:0E:C6,ALL,udp:33754,192.168.3.117*,4,340,2,192,2,148
D4:F5:47:82:0E:C6,ALL,udp:33754,8.8.8.8*,4,340,2,148,2,192
D4:F5:47:82:0E:C6,ALL,udp:49481,192.168.3.117*,4,340,2,192,2,148
D4:F5:47:82:0E:C6,ALL,udp:49481,8.8.8.8*,4,340,2,148,2,192
D4:F5:47:82:0E:C6,ALL,udp:37157,192.168.3.117*,4,340,2,192,2,148
D4:F5:47:82:0E:C6,ALL,udp:37157,8.8.8.8*,4,340,2,148,2,192
D4:F5:47:82:0E:C6,ALL,udp:52745,192.168.3.117*,4,680,2,524,2,156
D4:F5:47:82:0E:C6,ALL,udp:52745,8.8.8.8*,4,680,2,156,2,524
D4:F5:47:82:0E:C6,ALL,udp:51717,192.168.3.117*,4,340,2,192,2,148
D4:F5:47:82:0E:C6,ALL,udp:51717,8.8.8.8*,4,340,2,148,2,192
D4:F5:47:82:0E:C6,ALL,udp:39137,192.168.3.117*,4,340,2,192,2,148
D4:F5:47:82:0E:C6,ALL,udp:39137,8.8.8.8*,4,340,2,148,2,192
D4:F5:47:82:0E:C6,ALL,udp:33549,192.168.3.117*,4,476,2,326,2,150
D4:F5:47:82:0E:C6,ALL,udp:33549,8.8.8.8*,4,476,2,150,2,326
D4:F5:47:82:0E:C6,ALL,udp:53037,216.239.35.4,2,180,1,90,1,90
D4:F5:47:82:0E:C6,ALL,udp:53037,8.8.8.8,4,340,2,148,2,192
D4:F5:47:82:0E:C6,ALL,udp:50587,192.168.3.117*,4,340,2,192,2,148
D4:F5:47:82:0E:C6,ALL,udp:50587,8.8.8.8*,4,340,2,148,2,192
D4:F5:47:82:0E:C6,ALL,udp:55079,192.168.3.117*,4,340,2,192,2,148
D4:F5:47:82:0E:C6,ALL,udp:55079,8.8.8.8*,4,340,2,148,2,192
D4:F5:47:82:0E:C6,ALL,udp:44240,192.168.3.117*,4,340,2,192,2,148
D4:F5:47:82:0E:C6,ALL,udp:44240,8.8.8.8*,4,340,2,148,2,192
D4:F5:47:82:0E:C6,ALL,udp:57070,192.168.3.117*,4,340,2,192,2,148
D4:F5:47:82:0E:C6,ALL,udp:57070,8.8.8.8*,4,340,2,148,2,192
D4:F5:47:82:0E:C6,ALL,udp:36452,192.168.3.117*,4,340,2,192,2,148
D4:F5:47:82:0E:C6,ALL,udp:36452,8.8.8.8*,4,340,2,148,2,192
D4:F5:47:82:0E:C6,ALL,udp:57023,192.168.3.117*,4,340,2,192,2,148
D4:F5:47:82:0E:C6,ALL,udp:57023,8.8.8.8*,4,340,2,148,2,192
D4:F5:47:82:0E:C6,ALL,udp:35768,192.168.3.117*,4,340,2,192,2,148
D4:F5:47:82:0E:C6,ALL,udp:35768,8.8.8.8*,4,340,2,148,2,192
D4:F5:47:82:0E:C6,ALL,udp:48621,192.168.3.117*,4,340,2,192,2,148
D4:F5:47:82:0E:C6,ALL,udp:48621,8.8.8.8*,4,340,2,148,2,192
D4:F5:47:82:0E:C6,ALL,udp:33610,192.168.3.117*,4,340,2,192,2,148
D4:F5:47:82:0E:C6,ALL,udp:33610,8.8.8.8*,4,340,2,148,2,192
D4:F5:47:82:0E:C6,ALL,udp:37021,192.168.3.117*,4,340,2,192,2,148
D4:F5:47:82:0E:C6,ALL,udp:37021,8.8.8.8*,4,340,2,148,2,192
D4:F5:47:82:0E:C6,ALL,udp:53604,192.168.3.117*,4,340,2,192,2,148
D4:F5:47:82:0E:C6,ALL,udp:53604,8.8.8.8*,4,340,2,148,2,192
D4:F5:47:82:0E:C6,ALL,udp:50378,192.168.3.117*,4,340,2,192,2,148
D4:F5:47:82:0E:C6,ALL,udp:50378,8.8.8.8*,4,340,2,148,2,192
D4:F5:47:82:0E:C6,ALL,udp:48552,192.168.3.117*,4,736,2,552,2,184
D4:F5:47:82:0E:C6,ALL,udp:48552,8.8.8.8*,4,736,2,184,2,552
D4:F5:47:82:0E:C6,ALL,udp:41407,216.239.35.12,2,180,1,90,1,90
D4:F5:47:82:0E:C6,ALL,udp:41407,8.8.8.8,4,704,2,168,2,536
D4:F5:47:82:0E:C6,ALL,udp:42028,192.168.3.117*,4,340,2,192,2,148
D4:F5:47:82:0E:C6,ALL,udp:42028,8.8.8.8*,4,340,2,148,2,192
D4:F5:47:82:0E:C6,ALL,udp:57004,192.168.3.117*,4,340,2,192,2,148
D4:F5:47:82:0E:C6,ALL,udp:57004,8.8.8.8*,4,340,2,148,2,192
D4:F5:47:82:0E:C6,ALL,udp:53926,192.168.3.117*,4,476,2,326,2,150
D4:F5:47:82:0E:C6,ALL,udp:53926,8.8.8.8*,4,476,2,150,2,326
D4:F5:47:82:0E:C6,ALL,udp:58953,192.168.3.117*,4,340,2,192,2,148
D4:F5:47:82:0E:C6,ALL,udp:58953,8.8.8.8*,4,340,2,148,2,192
D4:F5:47:82:0E:C6,ALL,udp:52936,192.168.3.117*,4,340,2,192,2,148
D4:F5:47:82:0E:C6,ALL,udp:52936,8.8.8.8*,4,340,2,148,2,192
D4:F5:47:82:0E:C6,ALL,udp:49068,192.168.3.117*,4,340,2,192,2,148
D4:F5:47:82:0E:C6,ALL,udp:49068,8.8.8.8*,4,340,2,148,2,192
D4:F5:47:82:0E:C6,ALL,udp:51590,192.168.3.117*,4,340,2,192,2,148
D4:F5:47:82:0E:C6,ALL,udp:51590,8.8.8.8*,4,340,2,148,2,192
D4:F5:47:82:0E:C6,ALL,udp:55590,192.168.3.117*,4,340,2,192,2,148
D4:F5:47:82:0E:C6,ALL,udp:55590,8.8.8.8*,4,340,2,148,2,192
D4:F5:47:82:0E:C6,ALL,udp:50996,192.168.3.117*,4,340,2,192,2,148
D4:F5:47:82:0E:C6,ALL,udp:50996,8.8.8.8*,4,340,2,148,2,192
D4:F5:47:82:0E:C6,ALL,udp:53406,192.168.3.117*,4,340,2,192,2,148
D4:F5:47:82:0E:C6,ALL,udp:53406,8.8.8.8*,4,340,2,148,2,192
D4:F5:47:82:0E:C6,ALL,udp:50326,192.168.3.117*,4,340,2,192,2,148
D4:F5:47:82:0E:C6,ALL,udp:50326,8.8.8.8*,4,340,2,148,2,192
D4:F5:47:82:0E:C6,ALL,udp:40097,192.168.3.117*,4,340,2,192,2,148
D4:F5:47:82:0E:C6,ALL,udp:40097,8.8.8.8*,4,340,2,148,2,192
D4:F5:47:82:0E:C6,ALL,udp:52420,192.168.3.117*,4,340,2,192,2,148
D4:F5:47:82:0E:C6,ALL,udp:52420,8.8.8.8*,4,340,2,148,2,192
D4:F5:47:82:0E:C6,ALL,udp:34405,192.168.3.117*,4,340,2,192,2,148
D4:F5:47:82:0E:C6,ALL,udp:34405,8.8.8.8*,4,340,2,148,2,192
D4:F5:47:82:0E:C6,ALL,udp:34607,192.168.3.117*,4,340,2,192,2,148
D4:F5:47:82:0E:C6,ALL,udp:34607,8.8.8.8*,4,340,2,148,2,192
D4:F5:47:82:0E:C6,ALL,udp:33647,192.168.3.117*,4,340,2,192,2,148
D4:F5:47:82:0E:C6,ALL,udp:33647,8.8.8.8*,4,340,2,148,2,192
D4:F5:47:82:0E:C6,ALL,udp:59600,192.168.3.117*,4,476,2,326,2,150
D4:F5:47:82:0E:C6,ALL,udp:59600,8.8.8.8*,4,476,2,150,2,326
D4:F5:47:82:0E:C6,ALL,udp:49440,192.168.3.117*,4,340,2,192,2,148
D4:F5:47:82:0E:C6,ALL,udp:49440,8.8.8.8*,4,340,2,148,2,192
D4:F5:47:82:0E:C6,ALL,udp:60481,192.168.3.117*,4,340,2,192,2,148
D4:F5:47:82:0E:C6,ALL,udp:60481,8.8.8.8*,4,340,2,148,2,192
D4:F5:47:82:0E:C6,ALL,udp:59014,192.168.3.117*,4,340,2,192,2,148
D4:F5:47:82:0E:C6,ALL,udp:59014,8.8.8.8*,4,340,2,148,2,192
D4:F5:47:82:0E:C6,ALL,udp:49427,192.168.3.117*,4,340,2,192,2,148
D4:F5:47:82:0E:C6,ALL,udp:49427,8.8.8.8*,4,340,2,148,2,192
D4:F5:47:82:0E:C6,ALL,udp:33065,192.168.3.117*,4,340,2,192,2,148
D4:F5:47:82:0E:C6,ALL,udp:33065,8.8.8.8*,4,340,2,148,2,192
D4:F5:47:82:0E:C6,ALL,udp:58141,192.168.3.117*,4,340,2,192,2,148
D4:F5:47:82:0E:C6,ALL,udp:58141,8.8.8.8*,4,340,2,148,2,192
D4:F5:47:82:0E:C6,ALL,udp:35786,192.168.3.117*,4,340,2,192,2,148
D4:F5:47:82:0E:C6,ALL,udp:35786,8.8.8.8*,4,340,2,148,2,192
D4:F5:47:82:0E:C6,ALL,udp:34740,192.168.3.117*,4,340,2,192,2,148
D4:F5:47:82:0E:C6,ALL,udp:34740,8.8.8.8*,4,340,2,148,2,192
D4:F5:47:82:0E:C6,ALL,udp:33096,192.168.3.117*,4,340,2,192,2,148
D4:F5:47:82:0E:C6,ALL,udp:33096,8.8.8.8*,4,340,2,148,2,192
D4:F5:47:82:0E:C6,ALL,udp:40912,192.168.3.117*,4,476,2,326,2,150
D4:F5:47:82:0E:C6,ALL,udp:40912,8.8.8.8*,4,476,2,150,2,326
D4:F5:47:82:0E:C6,ALL,udp:44612,192.168.3.117*,4,340,2,192,2,148
D4:F5:47:82:0E:C6,ALL,udp:44612,8.8.8.8*,4,340,2,148,2,192
D4:F5:47:82:0E:C6,ALL,udp:48949,192.168.3.117*,4,340,2,192,2,148
D4:F5:47:82:0E:C6,ALL,udp:48949,8.8.8.8*,4,340,2,148,2,192
D4:F5:47:82:0E:C6,ALL,udp:41124,192.168.3.117*,4,340,2,192,2,148
D4:F5:47:82:0E:C6,ALL,udp:41124,8.8.8.8*,4,340,2,148,2,192
D4:F5:47:82:0E:C6,ALL,udp:46320,192.168.3.117*,4,340,2,192,2,148
D4:F5:47:82:0E:C6,ALL,udp:46320,8.8.8.8*,4,340,2,148,2,192
D4:F5:47:82:0E:C6,ALL,udp:55350,192.168.3.117*,4,340,2,192,2,148
D4:F5:47:82:0E:C6,ALL,udp:55350,8.8.8.8*,4,340,2,148,2,192
D4:F5:47:82:0E:C6,ALL,udp:56814,192.168.3.117*,4,340,2,192,2,148
D4:F5:47:82:0E:C6,ALL,udp:56814,8.8.8.8*,4,340,2,148,2,192
D4:F5:47:82:0E:C6,ALL,udp:48072,192.168.3.117*,4,340,2,192,2,148
D4:F5:47:82:0E:C6,ALL,udp:48072,8.8.8.8*,4,340,2,148,2,192
D4:F5:47:82:0E:C6,ALL,udp:44950,192.168.3.117*,4,476,2,326,2,150
D4:F5:47:82:0E:C6,ALL,udp:44950,8.8.8.8*,4,476,2,150,2,326
D4:F5:47:82:0E:C6,ALL,udp:49043,192.168.3.117*,4,340,2,192,2,148
D4:F5:47:82:0E:C6,ALL,udp:49043,8.8.8.8*,4,340,2,148,2,192
D4:F5:47:82:0E:C6,ALL,udp:47355,192.168.3.117*,4,340,2,192,2,148
D4:F5:47:82:0E:C6,ALL,udp:47355,8.8.8.8*,4,340,2,148,2,192
D4:F5:47:82:0E:C6,ALL,udp:43030,192.168.3.117*,4,340,2,192,2,148
D4:F5:47:82:0E:C6,ALL,udp:43030,8.8.8.8*,4,340,2,148,2,192
D4:F5:47:82:0E:C6,ALL,udp:54299,192.168.3.117*,4,340,2,192,2,148
D4:F5:47:82:0E:C6,ALL,udp:54299,8.8.8.8*,4,340,2,148,2,192
D4:F5:47:82:0E:C6,ALL,udp:35305,192.168.3.117*,4,340,2,192,2,148
D4:F5:47:82:0E:C6,ALL,udp:35305,8.8.8.8*,4,340,2,148,2,192
D4:F5:47:82:0E:C6,ALL,udp:40674,192.168.3.117*,4,340,2,192,2,148
D4:F5:47:82:0E:C6,ALL,udp:40674,8.8.8.8*,4,340,2,148,2,192
D4:F5:47:82:0E:C6,ALL,udp:42409,192.168.3.117*,4,340,2,192,2,148
D4:F5:47:82:0E:C6,ALL,udp:42409,8.8.8.8*,4,340,2,148,2,192
D4:F5:47:82:0E:C6,ALL,udp:40002,192.168.3.117*,4,340,2,192,2,148
D4:F5:47:82:0E:C6,ALL,udp:40002,8.8.8.8*,4,340,2,148,2,192
D4:F5:47:82:0E:C6,ALL,udp:35677,192.168.3.117*,4,340,2,192,2,148
D4:F5:47:82:0E:C6,ALL,udp:35677,8.8.8.8*,4,340,2,148,2,192
D4:F5:47:82:0E:C6,ALL,udp:51332,192.168.3.117*,4,340,2,192,2,148
D4:F5:47:82:0E:C6,ALL,udp:51332,8.8.8.8*,4,340,2,148,2,192
D4:F5:47:82:0E:C6,ALL,udp:51118,192.168.3.117*,4,476,2,326,2,150
D4:F5:47:82:0E:C6,ALL,udp:51118,8.8.8.8*,4,476,2,150,2,326
D4:F5:47:82:0E:C6,ALL,udp:37223,192.168.3.117*,4,340,2,192,2,148
D4:F5:47:82:0E:C6,ALL,udp:37223,8.8.8.8*,4,340,2,148,2,192
D4:F5:47:82:0E:C6,ALL,udp:37472,192.168.3.117*,4,340,2,192,2,148
D4:F5:47:82:0E:C6,ALL,udp:37472,8.8.8.8*,4,340,2,148,2,192
D4:F5:47:82:0E:C6,ALL,udp:36865,192.168.3.117*,4,340,2,192,2,148
D4:F5:47:82:0E:C6,ALL,udp:36865,8.8.8.8*,4,340,2,148,2,192
D4:F5:47:82:0E:C6,ALL,udp:59005,192.168.3.117*,4,340,2,192,2,148
D4:F5:47:82:0E:C6,ALL,udp:59005,8.8.8.8*,4,340,2,148,2,192
D4:F5:47:82:0E:C6,ALL,udp:44016,192.168.3.117*,4,340,2,192,2,148
D4:F5:47:82:0E:C6,ALL,udp:44016,8.8.8.8*,4,340,2,148,2,192
D4:F5:47:82:0E:C6,ALL,udp:33362,192.168.3.117*,4,340,2,192,2,148
D4:F5:47:82:0E:C6,ALL,udp:33362,8.8.8.8*,4,340,2,148,2,192
D4:F5:47:82:0E:C6,ALL,udp:60544,192.168.3.117*,4,340,2,192,2,148
D4:F5:47:82:0E:C6,ALL,udp:60544,8.8.8.8*,4,340,2,148,2,192
D4:F5:47:82:0E:C6,ALL,udp:35273,192.168.3.117*,4,340,2,192,2,148
D4:F5:47:82:0E:C6,ALL,udp:35273,8.8.8.8*,4,340,2,148,2,192
D4:F5:47:82:0E:C6,ALL,udp:40067,192.168.3.117*,4,340,2,192,2,148
D4:F5:47:82:0E:C6,ALL,udp:40067,8.8.8.8*,4,340,2,148,2,192
D4:F5:47:82:0E:C6,ALL,udp:47073,192.168.3.117*,4,476,2,326,2,150
D4:F5:47:82:0E:C6,ALL,udp:47073,8.8.8.8*,4,476,2,150,2,326
D4:F5:47:82:0E:C6,ALL,udp:46142,192.168.3.117*,4,340,2,192,2,148
D4:F5:47:82:0E:C6,ALL,udp:46142,8.8.8.8*,4,340,2,148,2,192
D4:F5:47:82:0E:C6,ALL,udp:35414,172.217.165.142*,23,12516,13,8866,10,3650
D4:F5:47:82:0E:C6,ALL,udp:35414,8.8.8.8*,4,340,2,148,2,192
D4:F5:47:82:0E:C6,ALL,udp:35507,192.168.3.117*,4,340,2,192,2,148
D4:F5:47:82:0E:C6,ALL,udp:35507,8.8.8.8*,4,340,2,148,2,192
D4:F5:47:82:0E:C6,ALL,udp:32815,192.168.3.117*,4,340,2,192,2,148
D4:F5:47:82:0E:C6,ALL,udp:32815,8.8.8.8*,4,340,2,148,2,192
D4:F5:47:82:0E:C6,ALL,udp:49139,192.168.3.117*,4,340,2,192,2,148
D4:F5:47:82:0E:C6,ALL,udp:49139,8.8.8.8*,4,340,2,148,2,192
D4:F5:47:82:0E:C6,ALL,udp:51746,192.168.3.117*,4,340,2,192,2,148
D4:F5:47:82:0E:C6,ALL,udp:51746,8.8.8.8*,4,340,2,148,2,192
D4:F5:47:82:0E:C6,ALL,udp:46432,192.168.3.117*,4,392,2,240,2,152
D4:F5:47:82:0E:C6,ALL,udp:46432,8.8.8.8*,4,392,2,152,2,240
D4:F5:47:82:0E:C6,ALL,udp:48021,192.168.3.117*,4,340,2,192,2,148
D4:F5:47:82:0E:C6,ALL,udp:48021,8.8.8.8*,4,340,2,148,2,192
D4:F5:47:82:0E:C6,ALL,udp:36370,192.168.3.117*,4,340,2,192,2,148
D4:F5:47:82:0E:C6,ALL,udp:36370,8.8.8.8*,4,340,2,148,2,192
D4:F5:47:82:0E:C6,ALL,udp:60866,192.168.3.117*,4,340,2,192,2,148
D4:F5:47:82:0E:C6,ALL,udp:60866,8.8.8.8*,4,340,2,148,2,192
D4:F5:47:82:0E:C6,ALL,udp:36622,192.168.3.117*,4,340,2,192,2,148
D4:F5:47:82:0E:C6,ALL,udp:36622,8.8.8.8*,4,340,2,148,2,192
D4:F5:47:82:0E:C6,ALL,udp:51980,192.168.3.117*,4,340,2,192,2,148
D4:F5:47:82:0E:C6,ALL,udp:51980,8.8.8.8*,4,340,2,148,2,192
D4:F5:47:82:0E:C6,ALL,udp:52200,192.168.3.117*,4,340,2,192,2,148
D4:F5:47:82:0E:C6,ALL,udp:52200,8.8.8.8*,4,340,2,148,2,192
D4:F5:47:82:0E:C6,ALL,udp:42618,192.168.3.117*,4,340,2,192,2,148
D4:F5:47:82:0E:C6,ALL,udp:42618,8.8.8.8*,4,340,2,148,2,192
D4:F5:47:82:0E:C6,ALL,udp:55152,192.168.3.117*,4,340,2,192,2,148
D4:F5:47:82:0E:C6,ALL,udp:55152,8.8.8.8*,4,340,2,148,2,192
D4:F5:47:82:0E:C6,ALL,udp:41893,192.168.3.117*,4,340,2,192,2,148
D4:F5:47:82:0E:C6,ALL,udp:41893,8.8.8.8*,4,340,2,148,2,192
D4:F5:47:82:0E:C6,ALL,udp:36202,192.168.3.117*,4,340,2,192,2,148
D4:F5:47:82:0E:C6,ALL,udp:36202,8.8.8.8*,4,340,2,148,2,192
D4:F5:47:82:0E:C6,ALL,udp:35803,192.168.3.117*,4,340,2,192,2,148
D4:F5:47:82:0E:C6,ALL,udp:35803,8.8.8.8*,4,340,2,148,2,192
D4:F5:47:82:0E:C6,ALL,udp:44474,192.168.3.117*,4,340,2,192,2,148
D4:F5:47:82:0E:C6,ALL,udp:44474,8.8.8.8*,4,340,2,148,2,192
D4:F5:47:82:0E:C6,ALL,udp:33960,192.168.3.117*,4,340,2,192,2,148
D4:F5:47:82:0E:C6,ALL,udp:33960,8.8.8.8*,4,340,2,148,2,192
D4:F5:47:82:0E:C6,ALL,udp:45667,192.168.3.117*,4,340,2,192,2,148
D4:F5:47:82:0E:C6,ALL,udp:45667,8.8.8.8*,4,340,2,148,2,192
D4:F5:47:82:0E:C6,ALL,udp:45257,192.168.3.117*,4,340,2,192,2,148
D4:F5:47:82:0E:C6,ALL,udp:45257,8.8.8.8*,4,340,2,148,2,192
D4:F5:47:82:0E:C6,ALL,udp:60810,192.168.3.117*,4,340,2,192,2,148
D4:F5:47:82:0E:C6,ALL,udp:60810,8.8.8.8*,4,340,2,148,2,192
D4:F5:47:82:0E:C6,ALL,udp:36829,192.168.3.117*,4,340,2,192,2,148
D4:F5:47:82:0E:C6,ALL,udp:36829,8.8.8.8*,4,340,2,148,2,192
D4:F5:47:82:0E:C6,ALL,udp:60961,192.168.3.117*,4,340,2,192,2,148
D4:F5:47:82:0E:C6,ALL,udp:60961,8.8.8.8*,4,340,2,148,2,192
D4:F5:47:82:0E:C6,ALL,udp:46295,192.168.3.117*,4,340,2,192,2,148
D4:F5:47:82:0E:C6,ALL,udp:46295,8.8.8.8*,4,340,2,148,2,192
D4:F5:47:82:0E:C6,ALL,udp:53968,192.168.3.117*,4,340,2,192,2,148
D4:F5:47:82:0E:C6,ALL,udp:53968,8.8.8.8*,4,340,2,148,2,192
D4:F5:47:82:0E:C6,ALL,udp:41223,192.168.3.117*,4,340,2,192,2,148
D4:F5:47:82:0E:C6,ALL,udp:41223,8.8.8.8*,4,340,2,148,2,192
D4:F5:47:82:0E:C6,ALL,udp:56350,192.168.3.117*,4,476,2,326,2,150
D4:F5:47:82:0E:C6,ALL,udp:56350,8.8.8.8*,4,476,2,150,2,326
D4:F5:47:82:0E:C6,ALL,udp:60727,192.168.3.117*,4,340,2,192,2,148
D4:F5:47:82:0E:C6,ALL,udp:60727,8.8.8.8*,4,340,2,148,2,192
D4:F5:47:82:0E:C6,ALL,udp:57139,192.168.3.117*,4,340,2,192,2,148
D4:F5:47:82:0E:C6,ALL,udp:57139,8.8.8.8*,4,340,2,148,2,192
D4:F5:47:82:0E:C6,ALL,udp:41470,192.168.3.117*,4,340,2,192,2,148
D4:F5:47:82:0E:C6,ALL,udp:41470,8.8.8.8*,4,340,2,148,2,192
D4:F5:47:82:0E:C6,ALL,udp:59929,192.168.3.117*,4,340,2,192,2,148
D4:F5:47:82:0E:C6,ALL,udp:59929,8.8.8.8*,4,340,2,148,2,192
D4:F5:47:82:0E:C6,ALL,udp:44807,216.239.35.0,2,180,1,90,1,90
D4:F5:47:82:0E:C6,ALL,udp:44807,8.8.8.8,4,340,2,148,2,192
D4:F5:47:82:0E:C6,ALL,udp:33066,192.168.3.117*,4,340,2,192,2,148
D4:F5:47:82:0E:C6,ALL,udp:33066,8.8.8.8*,4,340,2,148,2,192
D4:F5:47:82:0E:C6,ALL,udp:59133,192.168.3.117*,4,704,2,536,2,168
D4:F5:47:82:0E:C6,ALL,udp:59133,8.8.8.8*,4,704,2,168,2,536
D4:F5:47:82:0E:C6,ALL,udp:57818,192.168.3.117*,4,340,2,192,2,148
D4:F5:47:82:0E:C6,ALL,udp:57818,8.8.8.8*,4,340,2,148,2,192
D4:F5:47:82:0E:C6,ALL,udp:56033,192.168.3.117*,4,340,2,192,2,148
D4:F5:47:82:0E:C6,ALL,udp:56033,8.8.8.8*,4,340,2,148,2,192
D4:F5:47:82:0E:C6,ALL,udp:60695,192.168.3.117*,4,340,2,192,2,148
D4:F5:47:82:0E:C6,ALL,udp:60695,8.8.8.8*,4,340,2,148,2,192
D4:F5:47:82:0E:C6,ALL,udp:59180,192.168.3.117*,4,340,2,192,2,148
D4:F5:47:82:0E:C6,ALL,udp:59180,8.8.8.8*,4,340,2,148,2,192
D4:F5:47:82:0E:C6,ALL,udp:39312,192.168.3.117*,4,340,2,192,2,148
D4:F5:47:82:0E:C6,ALL,udp:39312,8.8.8.8*,4,340,2,148,2,192
D4:F5:47:82:0E:C6,ALL,udp:58587,192.168.3.117*,4,340,2,192,2,148
D4:F5:47:82:0E:C6,ALL,udp:58587,8.8.8.8*,4,340,2,148,2,192
D4:F5:47:82:0E:C6,ALL,udp:33155,192.168.3.117*,4,340,2,192,2,148
D4:F5:47:82:0E:C6,ALL,udp:33155,8.8.8.8*,4,340,2,148,2,192
D4:F5:47:82:0E:C6,ALL,udp:47097,192.168.3.117*,4,340,2,192,2,148
D4:F5:47:82:0E:C6,ALL,udp:47097,8.8.8.8*,4,340,2,148,2,192
D4:F5:47:82:0E:C6,ALL,udp:34494,192.168.3.117*,4,340,2,192,2,148
D4:F5:47:82:0E:C6,ALL,udp:34494,8.8.8.8*,4,340,2,148,2,192
D4:F5:47:82:0E:C6,ALL,udp:34847,192.168.3.117*,4,340,2,192,2,148
D4:F5:47:82:0E:C6,ALL,udp:34847,8.8.8.8*,4,340,2,148,2,192
D4:F5:47:82:0E:C6,ALL,udp:58666,192.168.3.117*,4,340,2,192,2,148
D4:F5:47:82:0E:C6,ALL,udp:58666,8.8.8.8*,4,340,2,148,2,192
D4:F5:47:82:0E:C6,ALL,udp:52985,192.168.3.117*,4,476,2,326,2,150
D4:F5:47:82:0E:C6,ALL,udp:52985,8.8.8.8*,4,476,2,150,2,326
D4:F5:47:82:0E:C6,ALL,udp:45206,192.168.3.117*,4,340,2,192,2,148
D4:F5:47:82:0E:C6,ALL,udp:45206,8.8.8.8*,4,340,2,148,2,192
D4:F5:47:82:0E:C6,ALL,udp:58150,192.168.3.117*,4,340,2,192,2,148
D4:F5:47:82:0E:C6,ALL,udp:58150,8.8.8.8*,4,340,2,148,2,192
D4:F5:47:82:0E:C6,ALL,udp:35164,192.168.3.117*,4,340,2,192,2,148
D4:F5:47:82:0E:C6,ALL,udp:35164,8.8.8.8*,4,340,2,148,2,192
D4:F5:47:82:0E:C6,ALL,udp:51076,192.168.3.117*,4,340,2,192,2,148
D4:F5:47:82:0E:C6,ALL,udp:51076,8.8.8.8*,4,340,2,148,2,192
D4:F5:47:82:0E:C6,ALL,udp:49499,192.168.3.117*,4,340,2,192,2,148
D4:F5:47:82:0E:C6,ALL,udp:49499,8.8.8.8*,4,340,2,148,2,192
D4:F5:47:82:0E:C6,ALL,udp:59456,192.168.3.117*,4,340,2,192,2,148
D4:F5:47:82:0E:C6,ALL,udp:59456,8.8.8.8*,4,340,2,148,2,192
D4:F5:47:82:0E:C6,ALL,udp:55584,192.168.3.117*,4,340,2,192,2,148
D4:F5:47:82:0E:C6,ALL,udp:55584,8.8.8.8*,4,340,2,148,2,192
D4:F5:47:82:0E:C6,ALL,udp:33981,192.168.3.117*,4,340,2,192,2,148
D4:F5:47:82:0E:C6,ALL,udp:33981,8.8.8.8*,4,340,2,148,2,192
D4:F5:47:82:0E:C6,ALL,udp:40129,192.168.3.117*,4,340,2,192,2,148
D4:F5:47:82:0E:C6,ALL,udp:40129,8.8.8.8*,4,340,2,148,2,192
D4:F5:47:82:0E:C6,ALL,udp:56511,192.168.3.117*,4,340,2,192,2,148
D4:F5:47:82:0E:C6,ALL,udp:56511,8.8.8.8*,4,340,2,148,2,192
D4:F5:47:82:0E:C6,ALL,udp:36677,192.168.3.117*,4,340,2,192,2,148
D4:F5:47:82:0E:C6,ALL,udp:36677,8.8.8.8*,4,340,2,148,2,192
D4:F5:47:82:0E:C6,ALL,udp:53195,192.168.3.117*,4,476,2,326,2,150
D4:F5:47:82:0E:C6,ALL,udp:53195,8.8.8.8*,4,476,2,150,2,326
D4:F5:47:82:0E:C6,ALL,udp:49391,192.168.3.117*,4,340,2,192,2,148
D4:F5:47:82:0E:C6,ALL,udp:49391,8.8.8.8*,4,340,2,148,2,192
D4:F5:47:82:0E:C6,ALL,udp:40197,192.168.3.117*,4,340,2,192,2,148
D4:F5:47:82:0E:C6,ALL,udp:40197,8.8.8.8*,4,340,2,148,2,192
D4:F5:47:82:0E:C6,ALL,udp:40394,192.168.3.117*,4,340,2,192,2,148
D4:F5:47:82:0E:C6,ALL,udp:40394,8.8.8.8*,4,340,2,148,2,192
D4:F5:47:82:0E:C6,ALL,udp:58372,192.168.3.117*,4,340,2,192,2,148
D4:F5:47:82:0E:C6,ALL,udp:58372,8.8.8.8*,4,340,2,148,2,192
D4:F5:47:82:0E:C6,ALL,udp:40204,192.168.3.117*,4,340,2,192,2,148
D4:F5:47:82:0E:C6,ALL,udp:40204,8.8.8.8*,4,340,2,148,2,192
D4:F5:47:82:0E:C6,ALL,udp:32842,192.168.3.117*,4,340,2,192,2,148
D4:F5:47:82:0E:C6,ALL,udp:32842,8.8.8.8*,4,340,2,148,2,192
D4:F5:47:82:0E:C6,ALL,udp:50938,192.168.3.117*,4,340,2,192,2,148
D4:F5:47:82:0E:C6,ALL,udp:50938,8.8.8.8*,4,340,2,148,2,192
D4:F5:47:82:0E:C6,ALL,udp:35478,192.168.3.117*,4,476,2,326,2,150
D4:F5:47:82:0E:C6,ALL,udp:35478,8.8.8.8*,4,476,2,150,2,326
D4:F5:47:82:0E:C6,ALL,udp:39292,216.239.35.8,2,180,1,90,1,90
D4:F5:47:82:0E:C6,ALL,udp:39292,8.8.8.8,4,340,2,148,2,192
D4:F5:47:82:0E:C6,ALL,udp:49780,192.168.3.117*,4,340,2,192,2,148
D4:F5:47:82:0E:C6,ALL,udp:49780,8.8.8.8*,4,340,2,148,2,192
D4:F5:47:82:0E:C6,ALL,udp:55100,192.168.3.117*,4,340,2,192,2,148
D4:F5:47:82:0E:C6,ALL,udp:55100,8.8.8.8*,4,340,2,148,2,192
D4:F5:47:82:0E:C6,ALL,udp:50243,192.168.3.117*,4,340,2,192,2,148
D4:F5:47:82:0E:C6,ALL,udp:50243,8.8.8.8*,4,340,2,148,2,192
D4:F5:47:82:0E:C6,ALL,udp:45899,192.168.3.117*,4,340,2,192,2,148
D4:F5:47:82:0E:C6,ALL,udp:45899,8.8.8.8*,4,340,2,148,2,192
D4:F5:47:82:0E:C6,ALL,udp:52658,192.168.3.117*,4,340,2,192,2,148
D4:F5:47:82:0E:C6,ALL,udp:52658,8.8.8.8*,4,340,2,148,2,192
D4:F5:47:82:0E:C6,ALL,udp:33740,192.168.3.117*,4,340,2,192,2,148
D4:F5:47:82:0E:C6,ALL,udp:33740,8.8.8.8*,4,340,2,148,2,192
D4:F5:47:82:0E:C6,ALL,udp:40282,192.168.3.117*,4,340,2,192,2,148
D4:F5:47:82:0E:C6,ALL,udp:40282,8.8.8.8*,4,340,2,148,2,192
D4:F5:47:82:0E:C6,ALL,udp:35616,192.168.3.117*,4,476,2,326,2,150
D4:F5:47:82:0E:C6,ALL,udp:35616,8.8.8.8*,4,476,2,150,2,326
D4:F5:47:82:0E:C6,ALL,udp:56596,192.168.3.117*,4,340,2,192,2,148
D4:F5:47:82:0E:C6,ALL,udp:56596,8.8.8.8*,4,340,2,148,2,192
D4:F5:47:82:0E:C6,ALL,udp:42857,192.168.3.117*,4,340,2,192,2,148
D4:F5:47:82:0E:C6,ALL,udp:42857,8.8.8.8*,4,340,2,148,2,192
D4:F5:47:82:0E:C6,ALL,udp:52756,192.168.3.117*,4,340,2,192,2,148
D4:F5:47:82:0E:C6,ALL,udp:52756,8.8.8.8*,4,340,2,148,2,192
D4:F5:47:82:0E:C6,ALL,udp:56656,192.168.3.117*,4,340,2,192,2,148
D4:F5:47:82:0E:C6,ALL,udp:56656,8.8.8.8*,4,340,2,148,2,192
D4:F5:47:82:0E:C6,ALL,udp:42313,192.168.3.117*,4,340,2,192,2,148
D4:F5:47:82:0E:C6,ALL,udp:42313,8.8.8.8*,4,340,2,148,2,192
D4:F5:47:82:0E:C6,ALL,udp:53956,192.168.3.117*,4,340,2,192,2,148
D4:F5:47:82:0E:C6,ALL,udp:53956,8.8.8.8*,4,340,2,148,2,192
D4:F5:47:82:0E:C6,ALL,udp:39704,192.168.3.117*,4,340,2,192,2,148
D4:F5:47:82:0E:C6,ALL,udp:39704,8.8.8.8*,4,340,2,148,2,192
D4:F5:47:82:0E:C6,ALL,udp:51905,192.168.3.117*,4,340,2,192,2,148
D4:F5:47:82:0E:C6,ALL,udp:51905,8.8.8.8*,4,340,2,148,2,192
D4:F5:47:82:0E:C6,ALL,udp:36480,192.168.3.117*,4,340,2,192,2,148
D4:F5:47:82:0E:C6,ALL,udp:36480,8.8.8.8*,4,340,2,148,2,192
D4:F5:47:82:0E:C6,ALL,udp:45205,192.168.3.117*,4,340,2,192,2,148
D4:F5:47:82:0E:C6,ALL,udp:45205,8.8.8.8*,4,340,2,148,2,192
D4:F5:47:82:0E:C6,ALL,udp:39855,192.168.3.117*,4,340,2,192,2,148
D4:F5:47:82:0E:C6,ALL,udp:39855,8.8.8.8*,4,340,2,148,2,192
D4:F5:47:82:0E:C6,ALL,udp:44687,192.168.3.117*,4,340,2,192,2,148
D4:F5:47:82:0E:C6,ALL,udp:44687,8.8.8.8*,4,340,2,148,2,192
D4:F5:47:82:0E:C6,ALL,udp:34380,192.168.3.117*,4,680,2,524,2,156
D4:F5:47:82:0E:C6,ALL,udp:34380,8.8.8.8*,4,680,2,156,2,524
D4:F5:47:82:0E:C6,ALL,udp:43970,192.168.3.117*,4,340,2,192,2,148
D4:F5:47:82:0E:C6,ALL,udp:43970,8.8.8.8*,4,340,2,148,2,192
D4:F5:47:82:0E:C6,ALL,udp:36515,192.168.3.117*,4,340,2,192,2,148
D4:F5:47:82:0E:C6,ALL,udp:36515,8.8.8.8*,4,340,2,148,2,192
D4:F5:47:82:0E:C6,ALL,udp:33563,192.168.3.117*,4,340,2,192,2,148
D4:F5:47:82:0E:C6,ALL,udp:33563,8.8.8.8*,4,340,2,148,2,192
D4:F5:47:82:0E:C6,ALL,udp:60303,192.168.3.117*,4,340,2,192,2,148
D4:F5:47:82:0E:C6,ALL,udp:60303,8.8.8.8*,4,340,2,148,2,192
D4:F5:47:82:0E:C6,ALL,udp:35787,192.168.3.117*,4,340,2,192,2,148
D4:F5:47:82:0E:C6,ALL,udp:35787,8.8.8.8*,4,340,2,148,2,192
D4:F5:47:82:0E:C6,ALL,udp:47647,192.168.3.117*,4,340,2,192,2,148
D4:F5:47:82:0E:C6,ALL,udp:47647,8.8.8.8*,4,340,2,148,2,192
D4:F5:47:82:0E:C6,ALL,udp:36538,192.168.3.117*,4,340,2,192,2,148
D4:F5:47:82:0E:C6,ALL,udp:36538,8.8.8.8*,4,340,2,148,2,192
D4:F5:47:82:0E:C6,ALL,udp:53295,192.168.3.117*,4,340,2,192,2,148
D4:F5:47:82:0E:C6,ALL,udp:53295,8.8.8.8*,4,340,2,148,2,192
D4:F5:47:82:0E:C6,ALL,udp:49522,192.168.3.117*,4,340,2,192,2,148
D4:F5:47:82:0E:C6,ALL,udp:49522,8.8.8.8*,4,340,2,148,2,192
D4:F5:47:82:0E:C6,ALL,udp:40587,192.168.3.117*,4,340,2,192,2,148
D4:F5:47:82:0E:C6,ALL,udp:40587,8.8.8.8*,4,340,2,148,2,192
D4:F5:47:82:0E:C6,ALL,udp:35004,192.168.3.117*,4,476,2,326,2,150
D4:F5:47:82:0E:C6,ALL,udp:35004,8.8.8.8*,4,476,2,150,2,326
D4:F5:47:82:0E:C6,ALL,udp:39453,192.168.3.117*,4,340,2,192,2,148
D4:F5:47:82:0E:C6,ALL,udp:39453,8.8.8.8*,4,340,2,148,2,192
D4:F5:47:82:0E:C6,ALL,udp:36149,192.168.3.117*,4,340,2,192,2,148
D4:F5:47:82:0E:C6,ALL,udp:36149,8.8.8.8*,4,340,2,148,2,192
D4:F5:47:82:0E:C6,ALL,udp:40666,192.168.3.117*,4,340,2,192,2,148
D4:F5:47:82:0E:C6,ALL,udp:40666,8.8.8.8*,4,340,2,148,2,192
D4:F5:47:82:0E:C6,ALL,udp:57092,192.168.3.117*,4,340,2,192,2,148
D4:F5:47:82:0E:C6,ALL,udp:57092,8.8.8.8*,4,340,2,148,2,192
D4:F5:47:82:0E:C6,ALL,udp:48267,192.168.3.117*,4,340,2,192,2,148
D4:F5:47:82:0E:C6,ALL,udp:48267,8.8.8.8*,4,340,2,148,2,192
D4:F5:47:82:0E:C6,ALL,udp:60846,192.168.3.117*,4,340,2,192,2,148
D4:F5:47:82:0E:C6,ALL,udp:60846,8.8.8.8*,4,340,2,148,2,192
D4:F5:47:82:0E:C6,ALL,udp:34389,192.168.3.117*,4,476,2,326,2,150
D4:F5:47:82:0E:C6,ALL,udp:34389,8.8.8.8*,4,476,2,150,2,326
D4:F5:47:82:0E:C6,ALL,udp:50989,192.168.3.117*,4,340,2,192,2,148
D4:F5:47:82:0E:C6,ALL,udp:50989,8.8.8.8*,4,340,2,148,2,192
D4:F5:47:82:0E:C6,ALL,udp:59145,192.168.3.117*,4,340,2,192,2,148
D4:F5:47:82:0E:C6,ALL,udp:59145,8.8.8.8*,4,340,2,148,2,192
D4:F5:47:82:0E:C6,ALL,udp:39682,192.168.3.117*,4,736,2,552,2,184
D4:F5:47:82:0E:C6,ALL,udp:39682,8.8.8.8*,4,736,2,184,2,552
D4:F5:47:82:0E:C6,ALL,udp:56883,192.168.3.117*,4,340,2,192,2,148
D4:F5:47:82:0E:C6,ALL,udp:56883,8.8.8.8*,4,340,2,148,2,192
D4:F5:47:82:0E:C6,ALL,udp:42262,192.168.3.117*,4,340,2,192,2,148
D4:F5:47:82:0E:C6,ALL,udp:42262,8.8.8.8*,4,340,2,148,2,192
D4:F5:47:82:0E:C6,ALL,udp:57172,192.168.3.117*,4,340,2,192,2,148
D4:F5:47:82:0E:C6,ALL,udp:57172,8.8.8.8*,4,340,2,148,2,192
D4:F5:47:82:0E:C6,ALL,udp:58779,192.168.3.117*,4,340,2,192,2,148
D4:F5:47:82:0E:C6,ALL,udp:58779,8.8.8.8*,4,340,2,148,2,192
D4:F5:47:82:0E:C6,ALL,udp:47360,192.168.3.117*,4,340,2,192,2,148
D4:F5:47:82:0E:C6,ALL,udp:47360,8.8.8.8*,4,340,2,148,2,192
D4:F5:47:82:0E:C6,ALL,udp:49728,192.168.3.117*,4,476,2,326,2,150
D4:F5:47:82:0E:C6,ALL,udp:49728,8.8.8.8*,4,476,2,150,2,326
D4:F5:47:82:0E:C6,ALL,udp:39216,192.168.3.117*,4,340,2,192,2,148
D4:F5:47:82:0E:C6,ALL,udp:39216,8.8.8.8*,4,340,2,148,2,192
D4:F5:47:82:0E:C6,ALL,udp:54669,192.168.3.117*,4,340,2,192,2,148
D4:F5:47:82:0E:C6,ALL,udp:54669,8.8.8.8*,4,340,2,148,2,192
D4:F5:47:82:0E:C6,ALL,udp:58287,192.168.3.117*,4,340,2,192,2,148
D4:F5:47:82:0E:C6,ALL,udp:58287,8.8.8.8*,4,340,2,148,2,192
D4:F5:47:82:0E:C6,ALL,udp:38839,192.168.3.117*,4,340,2,192,2,148
D4:F5:47:82:0E:C6,ALL,udp:38839,8.8.8.8*,4,340,2,148,2,192
D4:F5:47:82:0E:C6,ALL,udp:52013,192.168.3.117*,4,340,2,192,2,148
D4:F5:47:82:0E:C6,ALL,udp:52013,8.8.8.8*,4,340,2,148,2,192
D4:F5:47:82:0E:C6,ALL,udp:54281,192.168.3.117*,4,340,2,192,2,148
D4:F5:47:82:0E:C6,ALL,udp:54281,8.8.8.8*,4,340,2,148,2,192
D4:F5:47:82:0E:C6,ALL,udp:35280,192.168.3.117*,4,340,2,192,2,148
D4:F5:47:82:0E:C6,ALL,udp:35280,8.8.8.8*,4,340,2,148,2,192
D4:F5:47:82:0E:C6,ALL,udp:51245,192.168.3.117*,4,340,2,192,2,148
D4:F5:47:82:0E:C6,ALL,udp:51245,8.8.8.8*,4,340,2,148,2,192
D4:F5:47:82:0E:C6,ALL,udp:43475,192.168.3.117*,4,476,2,326,2,150
D4:F5:47:82:0E:C6,ALL,udp:43475,8.8.8.8*,4,476,2,150,2,326
D4:F5:47:82:0E:C6,ALL,udp:53788,192.168.3.117*,4,340,2,192,2,148
D4:F5:47:82:0E:C6,ALL,udp:53788,8.8.8.8*,4,340,2,148,2,192
D4:F5:47:82:0E:C6,ALL,udp:36905,192.168.3.117*,4,340,2,192,2,148
D4:F5:47:82:0E:C6,ALL,udp:36905,8.8.8.8*,4,340,2,148,2,192
D4:F5:47:82:0E:C6,ALL,udp:43926,192.168.3.117*,4,340,2,192,2,148
D4:F5:47:82:0E:C6,ALL,udp:43926,8.8.8.8*,4,340,2,148,2,192
D4:F5:47:82:0E:C6,ALL,udp:46216,192.168.3.117*,4,340,2,192,2,148
D4:F5:47:82:0E:C6,ALL,udp:46216,8.8.8.8*,4,340,2,148,2,192
D4:F5:47:82:0E:C6,ALL,udp:59470,192.168.3.117*,4,340,2,192,2,148
D4:F5:47:82:0E:C6,ALL,udp:59470,8.8.8.8*,4,340,2,148,2,192
D4:F5:47:82:0E:C6,ALL,udp:60278,192.168.3.117*,4,340,2,192,2,148
D4:F5:47:82:0E:C6,ALL,udp:60278,8.8.8.8*,4,340,2,148,2,192
D4:F5:47:82:0E:C6,ALL,udp:55022,192.168.3.117*,4,476,2,326,2,150
D4:F5:47:82:0E:C6,ALL,udp:55022,8.8.8.8*,4,476,2,150,2,326
D4:F5:47:82:0E:C6,ALL,udp:42713,192.168.3.117*,4,340,2,192,2,148
D4:F5:47:82:0E:C6,ALL,udp:42713,8.8.8.8*,4,340,2,148,2,192
D4:F5:47:82:0E:C6,ALL,udp:40799,192.168.3.117*,4,340,2,192,2,148
D4:F5:47:82:0E:C6,ALL,udp:40799,8.8.8.8*,4,340,2,148,2,192
D4:F5:47:82:0E:C6,ALL,udp:42417,192.168.3.117*,4,340,2,192,2,148
D4:F5:47:82:0E:C6,ALL,udp:42417,8.8.8.8*,4,340,2,148,2,192
D4:F5:47:82:0E:C6,ALL,udp:56860,192.168.3.117*,4,340,2,192,2,148
D4:F5:47:82:0E:C6,ALL,udp:56860,8.8.8.8*,4,340,2,148,2,192
D4:F5:47:82:0E:C6,ALL,udp:35216,192.168.3.117*,4,340,2,192,2,148
D4:F5:47:82:0E:C6,ALL,udp:35216,8.8.8.8*,4,340,2,148,2,192
D4:F5:47:82:0E:C6,ALL,udp:53635,192.168.3.117*,4,340,2,192,2,148
D4:F5:47:82:0E:C6,ALL,udp:53635,8.8.8.8*,4,340,2,148,2,192
D4:F5:47:82:0E:C6,ALL,udp:39698,192.168.3.117*,4,340,2,192,2,148
D4:F5:47:82:0E:C6,ALL,udp:39698,8.8.8.8*,4,340,2,148,2,192
D4:F5:47:82:0E:C6,ALL,udp:44993,192.168.3.117*,4,340,2,192,2,148
D4:F5:47:82:0E:C6,ALL,udp:44993,8.8.8.8*,4,340,2,148,2,192
D4:F5:47:82:0E:C6,ALL,udp:57575,192.168.3.117*,4,340,2,192,2,148
D4:F5:47:82:0E:C6,ALL,udp:57575,8.8.8.8*,4,340,2,148,2,192
D4:F5:47:82:0E:C6,ALL,udp:47158,192.168.3.117*,4,340,2,192,2,148
D4:F5:47:82:0E:C6,ALL,udp:47158,8.8.8.8*,4,340,2,148,2,192
D4:F5:47:82:0E:C6,ALL,udp:56203,192.168.3.117*,4,340,2,192,2,148
D4:F5:47:82:0E:C6,ALL,udp:56203,8.8.8.8*,4,340,2,148,2,192
D4:F5:47:82:0E:C6,ALL,udp:42537,192.168.3.117*,4,340,2,192,2,148
D4:F5:47:82:0E:C6,ALL,udp:42537,8.8.8.8*,4,340,2,148,2,192
D4:F5:47:82:0E:C6,ALL,udp:52896,192.168.3.117*,4,340,2,192,2,148
D4:F5:47:82:0E:C6,ALL,udp:52896,8.8.8.8*,4,340,2,148,2,192
D4:F5:47:82:0E:C6,ALL,udp:40823,192.168.3.117*,4,476,2,326,2,150
D4:F5:47:82:0E:C6,ALL,udp:40823,8.8.8.8*,4,476,2,150,2,326
D4:F5:47:82:0E:C6,ALL,udp:45958,192.168.3.117*,4,340,2,192,2,148
D4:F5:47:82:0E:C6,ALL,udp:45958,8.8.8.8*,4,340,2,148,2,192
D4:F5:47:82:0E:C6,ALL,udp:58828,192.168.3.117*,4,340,2,192,2,148
D4:F5:47:82:0E:C6,ALL,udp:58828,8.8.8.8*,4,340,2,148,2,192
D4:F5:47:82:0E:C6,ALL,udp:49845,192.168.3.117*,4,340,2,192,2,148
D4:F5:47:82:0E:C6,ALL,udp:49845,8.8.8.8*,4,340,2,148,2,192
D4:F5:47:82:0E:C6,ALL,udp:33852,192.168.3.117*,4,340,2,192,2,148
D4:F5:47:82:0E:C6,ALL,udp:33852,8.8.8.8*,4,340,2,148,2,192
D4:F5:47:82:0E:C6,ALL,udp:59694,192.168.3.117*,4,340,2,192,2,148
D4:F5:47:82:0E:C6,ALL,udp:59694,8.8.8.8*,4,340,2,148,2,192
D4:F5:47:82:0E:C6,ALL,udp:48238,192.168.3.117*,4,340,2,192,2,148
D4:F5:47:82:0E:C6,ALL,udp:48238,8.8.8.8*,4,340,2,148,2,192
D4:F5:47:82:0E:C6,ALL,udp:45539,192.168.3.117*,4,340,2,192,2,148
D4:F5:47:82:0E:C6,ALL,udp:45539,8.8.8.8*,4,340,2,148,2,192
D4:F5:47:82:0E:C6,ALL,udp:55602,192.168.3.117*,4,340,2,192,2,148
D4:F5:47:82:0E:C6,ALL,udp:55602,8.8.8.8*,4,340,2,148,2,192
D4:F5:47:82:0E:C6,ALL,udp:44834,192.168.3.117*,4,340,2,192,2,148
D4:F5:47:82:0E:C6,ALL,udp:44834,8.8.8.8*,4,340,2,148,2,192
D4:F5:47:82:0E:C6,ALL,udp:40755,192.168.3.117*,4,340,2,192,2,148
D4:F5:47:82:0E:C6,ALL,udp:40755,8.8.8.8*,4,340,2,148,2,192
D4:F5:47:82:0E:C6,ALL,udp:58799,216.239.35.12,2,180,1,90,1,90
D4:F5:47:82:0E:C6,ALL,udp:58799,8.8.8.8,4,340,2,148,2,192
D4:F5:47:82:0E:C6,ALL,udp:38273,192.168.3.117*,4,340,2,192,2,148
D4:F5:47:82:0E:C6,ALL,udp:38273,8.8.8.8*,4,340,2,148,2,192
D4:F5:47:82:0E:C6,ALL,udp:59824,192.168.3.117*,4,340,2,192,2,148
D4:F5:47:82:0E:C6,ALL,udp:59824,8.8.8.8*,4,340,2,148,2,192
D4:F5:47:82:0E:C6,ALL,udp:37070,192.168.3.117*,4,340,2,192,2,148
D4:F5:47:82:0E:C6,ALL,udp:37070,8.8.8.8*,4,340,2,148,2,192
D4:F5:47:82:0E:C6,ALL,udp:52145,192.168.3.117*,4,340,2,192,2,148
D4:F5:47:82:0E:C6,ALL,udp:52145,8.8.8.8*,4,340,2,148,2,192
D4:F5:47:82:0E:C6,ALL,udp:51378,192.168.3.117*,4,340,2,192,2,148
D4:F5:47:82:0E:C6,ALL,udp:51378,8.8.8.8*,4,340,2,148,2,192
D4:F5:47:82:0E:C6,ALL,udp:59765,192.168.3.117*,4,340,2,192,2,148
D4:F5:47:82:0E:C6,ALL,udp:59765,8.8.8.8*,4,340,2,148,2,192
D4:F5:47:82:0E:C6,ALL,udp:40794,192.168.3.117*,4,340,2,192,2,148
D4:F5:47:82:0E:C6,ALL,udp:40794,8.8.8.8*,4,340,2,148,2,192
D4:F5:47:82:0E:C6,ALL,udp:44772,192.168.3.117*,4,340,2,192,2,148
D4:F5:47:82:0E:C6,ALL,udp:44772,8.8.8.8*,4,340,2,148,2,192
D4:F5:47:82:0E:C6,ALL,udp:48577,192.168.3.117*,4,340,2,192,2,148
D4:F5:47:82:0E:C6,ALL,udp:48577,8.8.8.8*,4,340,2,148,2,192
D4:F5:47:82:0E:C6,ALL,udp:45684,192.168.3.117*,4,340,2,192,2,148
D4:F5:47:82:0E:C6,ALL,udp:45684,8.8.8.8*,4,340,2,148,2,192
D4:F5:47:82:0E:C6,ALL,udp:45893,192.168.3.117*,4,340,2,192,2,148
D4:F5:47:82:0E:C6,ALL,udp:45893,8.8.8.8*,4,340,2,148,2,192
D4:F5:47:82:0E:C6,ALL,udp:48254,192.168.3.117*,4,340,2,192,2,148
D4:F5:47:82:0E:C6,ALL,udp:48254,8.8.8.8*,4,340,2,148,2,192
D4:F5:47:82:0E:C6,ALL,udp:35779,192.168.3.117*,4,340,2,192,2,148
D4:F5:47:82:0E:C6,ALL,udp:35779,8.8.8.8*,4,340,2,148,2,192
D4:F5:47:82:0E:C6,ALL,udp:35822,192.168.3.117*,4,340,2,192,2,148
D4:F5:47:82:0E:C6,ALL,udp:35822,8.8.8.8*,4,340,2,148,2,192
D4:F5:47:82:0E:C6,ALL,udp:38432,192.168.3.117*,4,476,2,326,2,150
D4:F5:47:82:0E:C6,ALL,udp:38432,8.8.8.8*,4,476,2,150,2,326
D4:F5:47:82:0E:C6,ALL,udp:52983,192.168.3.117*,4,476,2,326,2,150
D4:F5:47:82:0E:C6,ALL,udp:52983,8.8.8.8*,4,476,2,150,2,326
D4:F5:47:82:0E:C6,ALL,udp:38576,192.168.3.117*,4,392,2,240,2,152
D4:F5:47:82:0E:C6,ALL,udp:38576,8.8.8.8*,4,392,2,152,2,240
D4:F5:47:82:0E:C6,ALL,udp:37986,192.168.3.117*,4,340,2,192,2,148
D4:F5:47:82:0E:C6,ALL,udp:37986,8.8.8.8*,4,340,2,148,2,192
D4:F5:47:82:0E:C6,ALL,udp:40595,192.168.3.117*,4,476,2,326,2,150
D4:F5:47:82:0E:C6,ALL,udp:40595,8.8.8.8*,4,476,2,150,2,326
D4:F5:47:82:0E:C6,ALL,udp:54601,192.168.3.117*,4,328,2,180,2,148
D4:F5:47:82:0E:C6,ALL,udp:54601,8.8.8.8*,4,328,2,148,2,180
D4:F5:47:82:0E:C6,ALL,udp:55874,192.168.3.117*,4,476,2,326,2,150
D4:F5:47:82:0E:C6,ALL,udp:55874,8.8.8.8*,4,476,2,150,2,326
D4:F5:47:82:0E:C6,ALL,udp:42121,192.168.3.117*,4,340,2,192,2,148
D4:F5:47:82:0E:C6,ALL,udp:42121,8.8.8.8*,4,340,2,148,2,192
D4:F5:47:82:0E:C6,ALL,udp:47026,192.168.3.117*,4,328,2,180,2,148
D4:F5:47:82:0E:C6,ALL,udp:47026,8.8.8.8*,4,328,2,148,2,180
D4:F5:47:82:0E:C6,ALL,udp:40135,192.168.3.117*,4,476,2,326,2,150
D4:F5:47:82:0E:C6,ALL,udp:40135,8.8.8.8*,4,476,2,150,2,326
D4:F5:47:82:0E:C6,ALL,udp:52581,192.168.3.117*,4,680,2,524,2,156
D4:F5:47:82:0E:C6,ALL,udp:52581,8.8.8.8*,4,680,2,156,2,524
D4:F5:47:82:0E:C6,ALL,udp:45481,192.168.3.117*,4,476,2,326,2,150
D4:F5:47:82:0E:C6,ALL,udp:45481,8.8.8.8*,4,476,2,150,2,326
D4:F5:47:82:0E:C6,ALL,udp:37358,192.168.3.117*,4,736,2,552,2,184
D4:F5:47:82:0E:C6,ALL,udp:37358,8.8.8.8*,4,736,2,184,2,552
D4:F5:47:82:0E:C6,ALL,udp:40444,192.168.3.117*,4,704,2,536,2,168
D4:F5:47:82:0E:C6,ALL,udp:40444,8.8.8.8*,4,704,2,168,2,536
D4:F5:47:82:0E:C6,ALL,udp:36866,192.168.3.117*,4,388,2,210,2,178
D4:F5:47:82:0E:C6,ALL,udp:36866,8.8.8.8*,4,388,2,178,2,210
D4:F5:47:82:0E:C6,ALL,udp:41683,192.168.3.117*,4,476,2,326,2,150
D4:F5:47:82:0E:C6,ALL,udp:41683,8.8.8.8*,4,476,2,150,2,326
D4:F5:47:82:0E:C6,ALL,udp:56569,192.168.3.117*,4,358,2,195,2,163
D4:F5:47:82:0E:C6,ALL,udp:56569,8.8.8.8*,4,358,2,163,2,195
D4:F5:47:82:0E:C6,ALL,udp:60463,192.168.3.117*,4,340,2,192,2,148
D4:F5:47:82:0E:C6,ALL,udp:60463,8.8.8.8*,4,340,2,148,2,192
D4:F5:47:82:0E:C6,ALL,udp:44560,192.168.3.117*,4,476,2,326,2,150
D4:F5:47:82:0E:C6,ALL,udp:44560,8.8.8.8*,4,476,2,150,2,326
D4:F5:47:82:0E:C6,ALL,udp:52351,192.168.3.117*,4,340,2,192,2,148
D4:F5:47:82:0E:C6,ALL,udp:52351,8.8.8.8*,4,340,2,148,2,192
D4:F5:47:82:0E:C6,ALL,udp:48237,192.168.3.117*,4,476,2,326,2,150
D4:F5:47:82:0E:C6,ALL,udp:48237,8.8.8.8*,4,476,2,150,2,326
D4:F5:47:82:0E:C6,ALL,udp:57335,192.168.3.117*,4,328,2,180,2,148
D4:F5:47:82:0E:C6,ALL,udp:57335,8.8.8.8*,4,328,2,148,2,180
D4:F5:47:82:0E:C6,ALL,udp:60800,192.168.3.117*,4,476,2,326,2,150
D4:F5:47:82:0E:C6,ALL,udp:60800,8.8.8.8*,4,476,2,150,2,326
D4:F5:47:82:0E:C6,ALL,udp:39031,192.168.3.117*,4,340,2,192,2,148
D4:F5:47:82:0E:C6,ALL,udp:39031,8.8.8.8*,4,340,2,148,2,192
D4:F5:47:82:0E:C6,ALL,udp:48334,192.168.3.117*,4,476,2,326,2,150
D4:F5:47:82:0E:C6,ALL,udp:48334,8.8.8.8*,4,476,2,150,2,326
D4:F5:47:82:0E:C6,ALL,udp:49411,192.168.3.117*,4,476,2,326,2,150
D4:F5:47:82:0E:C6,ALL,udp:49411,8.8.8.8*,4,476,2,150,2,326
D4:F5:47:82:0E:C6,ALL,udp:38854,192.168.3.117*,4,362,2,209,2,153
D4:F5:47:82:0E:C6,ALL,udp:38854,8.8.8.8*,4,362,2,153,2,209
D4:F5:47:82:0E:C6,ALL,udp:50761,192.168.3.117*,4,704,2,536,2,168
D4:F5:47:82:0E:C6,ALL,udp:50761,8.8.8.8*,4,704,2,168,2,536
D4:F5:47:82:0E:C6,ALL,udp:49982,192.168.3.117*,4,476,2,326,2,150
D4:F5:47:82:0E:C6,ALL,udp:49982,8.8.8.8*,4,476,2,150,2,326
D4:F5:47:82:0E:C6,ALL,udp:58115,192.168.3.117*,4,476,2,326,2,150
D4:F5:47:82:0E:C6,ALL,udp:58115,8.8.8.8*,4,476,2,150,2,326
D4:F5:47:82:0E:C6,ALL,udp:47559,216.239.35.8,2,180,1,90,1,90
D4:F5:47:82:0E:C6,ALL,udp:47559,8.8.8.8,4,476,2,150,2,326
D4:F5:47:82:0E:C6,ALL,udp:41817,192.168.3.117*,4,476,2,326,2,150
D4:F5:47:82:0E:C6,ALL,udp:41817,8.8.8.8*,4,476,2,150,2,326
D4:F5:47:82:0E:C6,ALL,udp:37834,192.168.3.117*,4,396,2,238,2,158
D4:F5:47:82:0E:C6,ALL,udp:37834,8.8.8.8*,4,396,2,158,2,238
D4:F5:47:82:0E:C6,ALL,udp:56028,192.168.3.117*,4,392,2,240,2,152
D4:F5:47:82:0E:C6,ALL,udp:56028,8.8.8.8*,4,392,2,152,2,240
D4:F5:47:82:0E:C6,ALL,udp:45560,192.168.3.117*,4,400,2,222,2,178
D4:F5:47:82:0E:C6,ALL,udp:45560,8.8.8.8*,4,400,2,178,2,222
D4:F5:47:82:0E:C6,ALL,udp:48132,192.168.3.117*,4,728,2,548,2,180
D4:F5:47:82:0E:C6,ALL,udp:48132,8.8.8.8*,4,728,2,180,2,548
D4:F5:47:82:0E:C6,ALL,udp:41554,192.168.3.117*,4,340,2,192,2,148
D4:F5:47:82:0E:C6,ALL,udp:41554,8.8.8.8*,4,340,2,148,2,192
D4:F5:47:82:0E:C6,ALL,udp:41358,192.168.3.117*,4,340,2,192,2,148
D4:F5:47:82:0E:C6,ALL,udp:41358,8.8.8.8*,4,340,2,148,2,192
D4:F5:47:82:0E:C6,ALL,udp:39490,192.168.3.117*,4,728,2,548,2,180
D4:F5:47:82:0E:C6,ALL,udp:39490,8.8.8.8*,4,728,2,180,2,548
D4:F5:47:82:0E:C6,ALL,udp:45218,192.168.3.117*,4,340,2,192,2,148
D4:F5:47:82:0E:C6,ALL,udp:45218,8.8.8.8*,4,340,2,148,2,192
D4:F5:47:82:0E:C6,ALL,udp:52286,192.168.3.117*,4,340,2,192,2,148
D4:F5:47:82:0E:C6,ALL,udp:52286,8.8.8.8*,4,340,2,148,2,192
D4:F5:47:82:0E:C6,ALL,udp:54052,192.168.3.117*,4,340,2,192,2,148
D4:F5:47:82:0E:C6,ALL,udp:54052,8.8.8.8*,4,340,2,148,2,192
D4:F5:47:82:0E:C6,ALL,udp:59511,192.168.3.117*,4,340,2,192,2,148
D4:F5:47:82:0E:C6,ALL,udp:59511,8.8.8.8*,4,340,2,148,2,192
D4:F5:47:82:0E:C6,ALL,udp:38173,192.168.3.117*,4,340,2,192,2,148
D4:F5:47:82:0E:C6,ALL,udp:38173,8.8.8.8*,4,340,2,148,2,192
D4:F5:47:82:0E:C6,ALL,udp:39063,192.168.3.117*,4,340,2,192,2,148
D4:F5:47:82:0E:C6,ALL,udp:39063,8.8.8.8*,4,340,2,148,2,192
D4:F5:47:82:0E:C6,ALL,udp:51871,192.168.3.117*,4,340,2,192,2,148
D4:F5:47:82:0E:C6,ALL,udp:51871,8.8.8.8*,4,340,2,148,2,192
D4:F5:47:82:0E:C6,ALL,udp:48404,192.168.3.117*,4,476,2,326,2,150
D4:F5:47:82:0E:C6,ALL,udp:48404,8.8.8.8*,4,476,2,150,2,326
D4:F5:47:82:0E:C6,ALL,udp:47591,192.168.3.117*,4,362,2,209,2,153
D4:F5:47:82:0E:C6,ALL,udp:47591,8.8.8.8*,4,362,2,153,2,209
D4:F5:47:82:0E:C6,ALL,udp:52719,192.168.3.117*,4,340,2,192,2,148
D4:F5:47:82:0E:C6,ALL,udp:52719,8.8.8.8*,4,340,2,148,2,192
D4:F5:47:82:0E:C6,ALL,udp:51336,192.168.3.117*,4,340,2,192,2,148
D4:F5:47:82:0E:C6,ALL,udp:51336,8.8.8.8*,4,340,2,148,2,192
D4:F5:47:82:0E:C6,ALL,udp:53724,192.168.3.117*,4,340,2,192,2,148
D4:F5:47:82:0E:C6,ALL,udp:53724,8.8.8.8*,4,340,2,148,2,192
D4:F5:47:82:0E:C6,ALL,udp:57292,192.168.3.117*,4,340,2,192,2,148
D4:F5:47:82:0E:C6,ALL,udp:57292,8.8.8.8*,4,340,2,148,2,192
D4:F5:47:82:0E:C6,ALL,udp:52067,192.168.3.117*,4,340,2,192,2,148
D4:F5:47:82:0E:C6,ALL,udp:52067,8.8.8.8*,4,340,2,148,2,192
D4:F5:47:82:0E:C6,ALL,udp:55862,192.168.3.117*,4,340,2,192,2,148
D4:F5:47:82:0E:C6,ALL,udp:55862,8.8.8.8*,4,340,2,148,2,192
D4:F5:47:82:0E:C6,ALL,udp:58403,192.168.3.117*,4,340,2,192,2,148
D4:F5:47:82:0E:C6,ALL,udp:58403,8.8.8.8*,4,340,2,148,2,192
D4:F5:47:82:0E:C6,ALL,udp:46052,192.168.3.117*,4,340,2,192,2,148
D4:F5:47:82:0E:C6,ALL,udp:46052,8.8.8.8*,4,340,2,148,2,192
D4:F5:47:82:0E:C6,ALL,udp:41485,192.168.3.117*,4,340,2,192,2,148
D4:F5:47:82:0E:C6,ALL,udp:41485,8.8.8.8*,4,340,2,148,2,192
D4:F5:47:82:0E:C6,ALL,udp:43664,192.168.3.117*,4,340,2,192,2,148
D4:F5:47:82:0E:C6,ALL,udp:43664,8.8.8.8*,4,340,2,148,2,192
D4:F5:47:82:0E:C6,ALL,udp:54111,192.168.3.117*,4,476,2,326,2,150
D4:F5:47:82:0E:C6,ALL,udp:54111,8.8.8.8*,4,476,2,150,2,326
D4:F5:47:82:0E:C6,ALL,udp:46031,192.168.3.117*,4,340,2,192,2,148
D4:F5:47:82:0E:C6,ALL,udp:46031,8.8.8.8*,4,340,2,148,2,192
D4:F5:47:82:0E:C6,ALL,udp:48725,192.168.3.117*,4,340,2,192,2,148
D4:F5:47:82:0E:C6,ALL,udp:48725,8.8.8.8*,4,340,2,148,2,192
D4:F5:47:82:0E:C6,ALL,udp:52534,192.168.3.117*,4,340,2,192,2,148
D4:F5:47:82:0E:C6,ALL,udp:52534,8.8.8.8*,4,340,2,148,2,192
D4:F5:47:82:0E:C6,ALL,udp:38494,192.168.3.117*,4,340,2,192,2,148
D4:F5:47:82:0E:C6,ALL,udp:38494,8.8.8.8*,4,340,2,148,2,192
D4:F5:47:82:0E:C6,ALL,udp:40704,192.168.3.117*,4,340,2,192,2,148
D4:F5:47:82:0E:C6,ALL,udp:40704,8.8.8.8*,4,340,2,148,2,192
D4:F5:47:82:0E:C6,ALL,udp:55739,192.168.3.117*,4,340,2,192,2,148
D4:F5:47:82:0E:C6,ALL,udp:55739,8.8.8.8*,4,340,2,148,2,192
D4:F5:47:82:0E:C6,ALL,udp:57444,142.250.80.110*,23,12418,13,9199,10,3219
D4:F5:47:82:0E:C6,ALL,udp:57444,8.8.8.8*,4,340,2,148,2,192
D4:F5:47:82:0E:C6,ALL,udp:53086,192.168.3.117*,4,340,2,192,2,148
D4:F5:47:82:0E:C6,ALL,udp:53086,8.8.8.8*,4,340,2,148,2,192
D4:F5:47:82:0E:C6,ALL,udp:40208,192.168.3.117*,4,340,2,192,2,148
D4:F5:47:82:0E:C6,ALL,udp:40208,8.8.8.8*,4,340,2,148,2,192
D4:F5:47:82:0E:C6,ALL,udp:45660,192.168.3.117*,4,340,2,192,2,148
D4:F5:47:82:0E:C6,ALL,udp:45660,8.8.8.8*,4,340,2,148,2,192
D4:F5:47:82:0E:C6,ALL,udp:47882,192.168.3.117*,4,340,2,192,2,148
D4:F5:47:82:0E:C6,ALL,udp:47882,8.8.8.8*,4,340,2,148,2,192
D4:F5:47:82:0E:C6,ALL,udp:54316,192.168.3.117*,4,340,2,192,2,148
D4:F5:47:82:0E:C6,ALL,udp:54316,8.8.8.8*,4,340,2,148,2,192
D4:F5:47:82:0E:C6,ALL,udp:41563,192.168.3.117*,4,340,2,192,2,148
D4:F5:47:82:0E:C6,ALL,udp:41563,8.8.8.8*,4,340,2,148,2,192
D4:F5:47:82:0E:C6,ALL,udp:54844,192.168.3.117*,4,340,2,192,2,148
D4:F5:47:82:0E:C6,ALL,udp:54844,8.8.8.8*,4,340,2,148,2,192
D4:F5:47:82:0E:C6,ALL,udp:35574,192.168.3.117*,4,340,2,192,2,148
D4:F5:47:82:0E:C6,ALL,udp:35574,8.8.8.8*,4,340,2,148,2,192
D4:F5:47:82:0E:C6,ALL,udp:42411,192.168.3.117*,4,340,2,192,2,148
D4:F5:47:82:0E:C6,ALL,udp:42411,8.8.8.8*,4,340,2,148,2,192
D4:F5:47:82:0E:C6,ALL,udp:32967,192.168.3.117*,4,340,2,192,2,148
D4:F5:47:82:0E:C6,ALL,udp:32967,8.8.8.8*,4,340,2,148,2,192
D4:F5:47:82:0E:C6,ALL,udp:41492,216.239.35.12,2,180,1,90,1,90
D4:F5:47:82:0E:C6,ALL,udp:41492,8.8.8.8,4,340,2,148,2,192
D4:F5:47:82:0E:C6,ALL,udp:51223,192.168.3.117*,4,340,2,192,2,148
D4:F5:47:82:0E:C6,ALL,udp:51223,8.8.8.8*,4,340,2,148,2,192
D4:F5:47:82:0E:C6,ALL,udp:41718,192.168.3.117*,4,340,2,192,2,148
D4:F5:47:82:0E:C6,ALL,udp:41718,8.8.8.8*,4,340,2,148,2,192
D4:F5:47:82:0E:C6,ALL,udp:55688,192.168.3.117*,4,340,2,192,2,148
D4:F5:47:82:0E:C6,ALL,udp:55688,8.8.8.8*,4,340,2,148,2,192
D4:F5:47:82:0E:C6,ALL,udp:37662,192.168.3.117*,4,476,2,326,2,150
D4:F5:47:82:0E:C6,ALL,udp:37662,8.8.8.8*,4,476,2,150,2,326
D4:F5:47:82:0E:C6,ALL,udp:35175,192.168.3.117*,4,340,2,192,2,148
D4:F5:47:82:0E:C6,ALL,udp:35175,8.8.8.8*,4,340,2,148,2,192
D4:F5:47:82:0E:C6,ALL,udp:33163,192.168.3.117*,4,340,2,192,2,148
D4:F5:47:82:0E:C6,ALL,udp:33163,8.8.8.8*,4,340,2,148,2,192
D4:F5:47:82:0E:C6,ALL,udp:59782,192.168.3.117*,4,340,2,192,2,148
D4:F5:47:82:0E:C6,ALL,udp:59782,8.8.8.8*,4,340,2,148,2,192
D4:F5:47:82:0E:C6,ALL,udp:33813,192.168.3.117*,4,340,2,192,2,148
D4:F5:47:82:0E:C6,ALL,udp:33813,8.8.8.8*,4,340,2,148,2,192
D4:F5:47:82:0E:C6,ALL,udp:53279,192.168.3.117*,4,340,2,192,2,148
D4:F5:47:82:0E:C6,ALL,udp:53279,8.8.8.8*,4,340,2,148,2,192
D4:F5:47:82:0E:C6,ALL,udp:41289,192.168.3.117*,4,340,2,192,2,148
D4:F5:47:82:0E:C6,ALL,udp:41289,8.8.8.8*,4,340,2,148,2,192
D4:F5:47:82:0E:C6,ALL,udp:54087,192.168.3.117*,4,340,2,192,2,148
D4:F5:47:82:0E:C6,ALL,udp:54087,8.8.8.8*,4,340,2,148,2,192
D4:F5:47:82:0E:C6,ALL,udp:58727,192.168.3.117*,4,340,2,192,2,148
D4:F5:47:82:0E:C6,ALL,udp:58727,8.8.8.8*,4,340,2,148,2,192
D4:F5:47:82:0E:C6,ALL,udp:51917,192.168.3.117*,4,340,2,192,2,148
D4:F5:47:82:0E:C6,ALL,udp:51917,8.8.8.8*,4,340,2,148,2,192
D4:F5:47:82:0E:C6,ALL,udp:55320,192.168.3.117*,4,340,2,192,2,148
D4:F5:47:82:0E:C6,ALL,udp:55320,8.8.8.8*,4,340,2,148,2,192
D4:F5:47:82:0E:C6,ALL,udp:58277,192.168.3.117*,4,476,2,326,2,150
D4:F5:47:82:0E:C6,ALL,udp:58277,8.8.8.8*,4,476,2,150,2,326
D4:F5:47:82:0E:C6,ALL,udp:44063,192.168.3.117*,4,340,2,192,2,148
D4:F5:47:82:0E:C6,ALL,udp:44063,8.8.8.8*,4,340,2,148,2,192
D4:F5:47:82:0E:C6,ALL,udp:57119,192.168.3.117*,4,340,2,192,2,148
D4:F5:47:82:0E:C6,ALL,udp:57119,8.8.8.8*,4,340,2,148,2,192
D4:F5:47:82:0E:C6,ALL,udp:44278,192.168.3.117*,4,340,2,192,2,148
D4:F5:47:82:0E:C6,ALL,udp:44278,8.8.8.8*,4,340,2,148,2,192
D4:F5:47:82:0E:C6,ALL,udp:43610,192.168.3.117*,4,340,2,192,2,148
D4:F5:47:82:0E:C6,ALL,udp:43610,8.8.8.8*,4,340,2,148,2,192
D4:F5:47:82:0E:C6,ALL,udp:48383,192.168.3.117*,4,340,2,192,2,148
D4:F5:47:82:0E:C6,ALL,udp:48383,8.8.8.8*,4,340,2,148,2,192
D4:F5:47:82:0E:C6,ALL,udp:48600,192.168.3.117*,4,340,2,192,2,148
D4:F5:47:82:0E:C6,ALL,udp:48600,8.8.8.8*,4,340,2,148,2,192
D4:F5:47:82:0E:C6,ALL,udp:60661,192.168.3.117*,4,340,2,192,2,148
D4:F5:47:82:0E:C6,ALL,udp:60661,8.8.8.8*,4,340,2,148,2,192
D4:F5:47:82:0E:C6,ALL,udp:37832,192.168.3.117*,4,340,2,192,2,148
D4:F5:47:82:0E:C6,ALL,udp:37832,8.8.8.8*,4,340,2,148,2,192
D4:F5:47:82:0E:C6,ALL,udp:52208,192.168.3.117*,4,340,2,192,2,148
D4:F5:47:82:0E:C6,ALL,udp:52208,8.8.8.8*,4,340,2,148,2,192
D4:F5:47:82:0E:C6,ALL,udp:39743,192.168.3.117*,4,340,2,192,2,148
D4:F5:47:82:0E:C6,ALL,udp:39743,8.8.8.8*,4,340,2,148,2,192
D4:F5:47:82:0E:C6,ALL,udp:50235,192.168.3.117*,4,340,2,192,2,148
D4:F5:47:82:0E:C6,ALL,udp:50235,8.8.8.8*,4,340,2,148,2,192
D4:F5:47:82:0E:C6,ALL,udp:37323,192.168.3.117*,4,340,2,192,2,148
D4:F5:47:82:0E:C6,ALL,udp:37323,8.8.8.8*,4,340,2,148,2,192
D4:F5:47:82:0E:C6,ALL,udp:35956,192.168.3.117*,4,340,2,192,2,148
D4:F5:47:82:0E:C6,ALL,udp:35956,8.8.8.8*,4,340,2,148,2,192
D4:F5:47:82:0E:C6,ALL,udp:48815,192.168.3.117*,4,340,2,192,2,148
D4:F5:47:82:0E:C6,ALL,udp:48815,8.8.8.8*,4,340,2,148,2,192
D4:F5:47:82:0E:C6,ALL,udp:60174,192.168.3.117*,4,340,2,192,2,148
D4:F5:47:82:0E:C6,ALL,udp:60174,8.8.8.8*,4,340,2,148,2,192
D4:F5:47:82:0E:C6,ALL,udp:42603,192.168.3.117*,4,340,2,192,2,148
D4:F5:47:82:0E:C6,ALL,udp:42603,8.8.8.8*,4,340,2,148,2,192
D4:F5:47:82:0E:C6,ALL,udp:44133,192.168.3.117*,4,340,2,192,2,148
D4:F5:47:82:0E:C6,ALL,udp:44133,8.8.8.8*,4,340,2,148,2,192
D4:F5:47:82:0E:C6,ALL,udp:35904,192.168.3.117*,4,340,2,192,2,148
D4:F5:47:82:0E:C6,ALL,udp:35904,8.8.8.8*,4,340,2,148,2,192
D4:F5:47:82:0E:C6,ALL,udp:35962,192.168.3.117*,4,340,2,192,2,148
D4:F5:47:82:0E:C6,ALL,udp:35962,8.8.8.8*,4,340,2,148,2,192
D4:F5:47:82:0E:C6,ALL,udp:37485,192.168.3.117*,4,340,2,192,2,148
D4:F5:47:82:0E:C6,ALL,udp:37485,8.8.8.8*,4,340,2,148,2,192
D4:F5:47:82:0E:C6,ALL,udp:50153,192.168.3.117*,4,340,2,192,2,148
D4:F5:47:82:0E:C6,ALL,udp:50153,8.8.8.8*,4,340,2,148,2,192
D4:F5:47:82:0E:C6,ALL,udp:41544,192.168.3.117*,4,476,2,326,2,150
D4:F5:47:82:0E:C6,ALL,udp:41544,8.8.8.8*,4,476,2,150,2,326
D4:F5:47:82:0E:C6,ALL,udp:39701,192.168.3.117*,4,340,2,192,2,148
D4:F5:47:82:0E:C6,ALL,udp:39701,8.8.8.8*,4,340,2,148,2,192
D4:F5:47:82:0E:C6,ALL,udp:37427,192.168.3.117*,4,340,2,192,2,148
D4:F5:47:82:0E:C6,ALL,udp:37427,8.8.8.8*,4,340,2,148,2,192
D4:F5:47:82:0E:C6,ALL,udp:40495,192.168.3.117*,4,340,2,192,2,148
D4:F5:47:82:0E:C6,ALL,udp:40495,8.8.8.8*,4,340,2,148,2,192
D4:F5:47:82:0E:C6,ALL,udp:59316,192.168.3.117*,4,340,2,192,2,148
D4:F5:47:82:0E:C6,ALL,udp:59316,8.8.8.8*,4,340,2,148,2,192
D4:F5:47:82:0E:C6,ALL,udp:42056,192.168.3.117*,4,704,2,536,2,168
D4:F5:47:82:0E:C6,ALL,udp:42056,8.8.8.8*,4,704,2,168,2,536
D4:F5:47:82:0E:C6,ALL,udp:42956,192.168.3.117*,4,340,2,192,2,148
D4:F5:47:82:0E:C6,ALL,udp:42956,8.8.8.8*,4,340,2,148,2,192
D4:F5:47:82:0E:C6,ALL,udp:56893,192.168.3.117*,4,340,2,192,2,148
D4:F5:47:82:0E:C6,ALL,udp:56893,8.8.8.8*,4,340,2,148,2,192
D4:F5:47:82:0E:C6,ALL,udp:33200,192.168.3.117*,4,476,2,326,2,150
D4:F5:47:82:0E:C6,ALL,udp:33200,8.8.8.8*,4,476,2,150,2,326
D4:F5:47:82:0E:C6,ALL,udp:43420,192.168.3.117*,4,340,2,192,2,148
D4:F5:47:82:0E:C6,ALL,udp:43420,8.8.8.8*,4,340,2,148,2,192
D4:F5:47:82:0E:C6,ALL,udp:60410,192.168.3.117*,4,340,2,192,2,148
D4:F5:47:82:0E:C6,ALL,udp:60410,8.8.8.8*,4,340,2,148,2,192
D4:F5:47:82:0E:C6,ALL,udp:34232,192.168.3.117*,4,340,2,192,2,148
D4:F5:47:82:0E:C6,ALL,udp:34232,8.8.8.8*,4,340,2,148,2,192
D4:F5:47:82:0E:C6,ALL,udp:60609,192.168.3.117*,4,340,2,192,2,148
D4:F5:47:82:0E:C6,ALL,udp:60609,8.8.8.8*,4,340,2,148,2,192
D4:F5:47:82:0E:C6,ALL,udp:48750,192.168.3.117*,4,340,2,192,2,148
D4:F5:47:82:0E:C6,ALL,udp:48750,8.8.8.8*,4,340,2,148,2,192
D4:F5:47:82:0E:C6,ALL,udp:35547,192.168.3.117*,4,340,2,192,2,148
D4:F5:47:82:0E:C6,ALL,udp:35547,8.8.8.8*,4,340,2,148,2,192
D4:F5:47:82:0E:C6,ALL,udp:46411,192.168.3.117*,4,340,2,192,2,148
D4:F5:47:82:0E:C6,ALL,udp:46411,8.8.8.8*,4,340,2,148,2,192
D4:F5:47:82:0E:C6,ALL,udp:39729,192.168.3.117*,4,340,2,192,2,148
D4:F5:47:82:0E:C6,ALL,udp:39729,8.8.8.8*,4,340,2,148,2,192
D4:F5:47:82:0E:C6,ALL,udp:42033,192.168.3.117*,4,340,2,192,2,148
D4:F5:47:82:0E:C6,ALL,udp:42033,8.8.8.8*,4,340,2,148,2,192
D4:F5:47:82:0E:C6,ALL,udp:36670,192.168.3.117*,4,340,2,192,2,148
D4:F5:47:82:0E:C6,ALL,udp:36670,8.8.8.8*,4,340,2,148,2,192
D4:F5:47:82:0E:C6,ALL,udp:58807,192.168.3.117*,4,340,2,192,2,148
D4:F5:47:82:0E:C6,ALL,udp:58807,8.8.8.8*,4,340,2,148,2,192
D4:F5:47:82:0E:C6,ALL,udp:55592,216.239.35.8,2,180,1,90,1,90
D4:F5:47:82:0E:C6,ALL,udp:55592,8.8.8.8,4,340,2,148,2,192
D4:F5:47:82:0E:C6,ALL,udp:49120,192.168.3.117*,4,340,2,192,2,148
D4:F5:47:82:0E:C6,ALL,udp:49120,8.8.8.8*,4,340,2,148,2,192
D4:F5:47:82:0E:C6,ALL,udp:43484,192.168.3.117*,4,340,2,192,2,148
D4:F5:47:82:0E:C6,ALL,udp:43484,8.8.8.8*,4,340,2,148,2,192
D4:F5:47:82:0E:C6,ALL,udp:36696,192.168.3.117*,4,340,2,192,2,148
D4:F5:47:82:0E:C6,ALL,udp:36696,8.8.8.8*,4,340,2,148,2,192
D4:F5:47:82:0E:C6,ALL,udp:41021,192.168.3.117*,4,340,2,192,2,148
D4:F5:47:82:0E:C6,ALL,udp:41021,8.8.8.8*,4,340,2,148,2,192
D4:F5:47:82:0E:C6,ALL,udp:56160,192.168.3.117*,4,340,2,192,2,148
D4:F5:47:82:0E:C6,ALL,udp:56160,8.8.8.8*,4,340,2,148,2,192
D4:F5:47:82:0E:C6,ALL,udp:44409,192.168.3.117*,4,340,2,192,2,148
D4:F5:47:82:0E:C6,ALL,udp:44409,8.8.8.8*,4,340,2,148,2,192
D4:F5:47:82:0E:C6,ALL,udp:58961,192.168.3.117*,4,340,2,192,2,148
D4:F5:47:82:0E:C6,ALL,udp:58961,8.8.8.8*,4,340,2,148,2,192
D4:F5:47:82:0E:C6,ALL,udp:55083,192.168.3.117*,4,340,2,192,2,148
D4:F5:47:82:0E:C6,ALL,udp:55083,8.8.8.8*,4,340,2,148,2,192
D4:F5:47:82:0E:C6,ALL,udp:58039,192.168.3.117*,4,340,2,192,2,148
D4:F5:47:82:0E:C6,ALL,udp:58039,8.8.8.8*,4,340,2,148,2,192
D4:F5:47:82:0E:C6,ALL,udp:37409,192.168.3.117*,4,340,2,192,2,148
D4:F5:47:82:0E:C6,ALL,udp:37409,8.8.8.8*,4,340,2,148,2,192
D4:F5:47:82:0E:C6,ALL,udp:46462,192.168.3.117*,4,340,2,192,2,148
D4:F5:47:82:0E:C6,ALL,udp:46462,8.8.8.8*,4,340,2,148,2,192
D4:F5:47:82:0E:C6,ALL,udp:57958,192.168.3.117*,4,340,2,192,2,148
D4:F5:47:82:0E:C6,ALL,udp:57958,8.8.8.8*,4,340,2,148,2,192
D4:F5:47:82:0E:C6,ALL,udp:39620,192.168.3.117*,4,340,2,192,2,148
D4:F5:47:82:0E:C6,ALL,udp:39620,8.8.8.8*,4,340,2,148,2,192
D4:F5:47:82:0E:C6,ALL,udp:37516,192.168.3.117*,4,340,2,192,2,148
D4:F5:47:82:0E:C6,ALL,udp:37516,8.8.8.8*,4,340,2,148,2,192
D4:F5:47:82:0E:C6,ALL,udp:59918,192.168.3.117*,4,340,2,192,2,148
D4:F5:47:82:0E:C6,ALL,udp:59918,8.8.8.8*,4,340,2,148,2,192
D4:F5:47:82:0E:C6,ALL,udp:56239,192.168.3.117*,4,340,2,192,2,148
D4:F5:47:82:0E:C6,ALL,udp:56239,8.8.8.8*,4,340,2,148,2,192
D4:F5:47:82:0E:C6,ALL,udp:54577,192.168.3.117*,4,340,2,192,2,148
D4:F5:47:82:0E:C6,ALL,udp:54577,8.8.8.8*,4,340,2,148,2,192
D4:F5:47:82:0E:C6,ALL,udp:57363,192.168.3.117*,4,340,2,192,2,148
D4:F5:47:82:0E:C6,ALL,udp:57363,8.8.8.8*,4,340,2,148,2,192
D4:F5:47:82:0E:C6,ALL,udp:40812,192.168.3.117*,4,340,2,192,2,148
D4:F5:47:82:0E:C6,ALL,udp:40812,8.8.8.8*,4,340,2,148,2,192
D4:F5:47:82:0E:C6,ALL,udp:45821,192.168.3.117*,4,340,2,192,2,148
D4:F5:47:82:0E:C6,ALL,udp:45821,8.8.8.8*,4,340,2,148,2,192
D4:F5:47:82:0E:C6,ALL,udp:50994,192.168.3.117*,4,340,2,192,2,148
D4:F5:47:82:0E:C6,ALL,udp:50994,8.8.8.8*,4,340,2,148,2,192
D4:F5:47:82:0E:C6,ALL,udp:39465,192.168.3.117*,4,340,2,192,2,148
D4:F5:47:82:0E:C6,ALL,udp:39465,8.8.8.8*,4,340,2,148,2,192
D4:F5:47:82:0E:C6,ALL,udp:56735,192.168.3.117*,4,340,2,192,2,148
D4:F5:47:82:0E:C6,ALL,udp:56735,8.8.8.8*,4,340,2,148,2,192
D4:F5:47:82:0E:C6,ALL,udp:60411,192.168.3.117*,4,340,2,192,2,148
D4:F5:47:82:0E:C6,ALL,udp:60411,8.8.8.8*,4,340,2,148,2,192
D4:F5:47:82:0E:C6,ALL,udp:42074,192.168.3.117*,4,340,2,192,2,148
D4:F5:47:82:0E:C6,ALL,udp:42074,8.8.8.8*,4,340,2,148,2,192
D4:F5:47:82:0E:C6,ALL,udp:55081,192.168.3.117*,4,340,2,192,2,148
D4:F5:47:82:0E:C6,ALL,udp:55081,8.8.8.8*,4,340,2,148,2,192
D4:F5:47:82:0E:C6,ALL,udp:42251,192.168.3.117*,4,340,2,192,2,148
D4:F5:47:82:0E:C6,ALL,udp:42251,8.8.8.8*,4,340,2,148,2,192
D4:F5:47:82:0E:C6,ALL,udp:46759,192.168.3.117*,4,340,2,192,2,148
D4:F5:47:82:0E:C6,ALL,udp:46759,8.8.8.8*,4,340,2,148,2,192
D4:F5:47:82:0E:C6,ALL,udp:54405,192.168.3.117*,4,370,2,207,2,163
D4:F5:47:82:0E:C6,ALL,udp:54405,8.8.8.8*,4,370,2,163,2,207
D4:F5:47:82:0E:C6,ALL,udp:53613,192.168.3.117*,4,340,2,192,2,148
D4:F5:47:82:0E:C6,ALL,udp:53613,8.8.8.8*,4,340,2,148,2,192
D4:F5:47:82:0E:C6,ALL,udp:42205,192.168.3.117*,4,340,2,192,2,148
D4:F5:47:82:0E:C6,ALL,udp:42205,8.8.8.8*,4,340,2,148,2,192
D4:F5:47:82:0E:C6,ALL,udp:39229,192.168.3.117*,4,340,2,192,2,148
D4:F5:47:82:0E:C6,ALL,udp:39229,8.8.8.8*,4,340,2,148,2,192
D4:F5:47:82:0E:C6,ALL,udp:34339,192.168.3.117*,4,340,2,192,2,148
D4:F5:47:82:0E:C6,ALL,udp:34339,8.8.8.8*,4,340,2,148,2,192
D4:F5:47:82:0E:C6,ALL,udp:52276,192.168.3.117*,4,340,2,192,2,148
D4:F5:47:82:0E:C6,ALL,udp:52276,8.8.8.8*,4,340,2,148,2,192
D4:F5:47:82:0E:C6,ALL,udp:42870,192.168.3.117*,4,340,2,192,2,148
D4:F5:47:82:0E:C6,ALL,udp:42870,8.8.8.8*,4,340,2,148,2,192
D4:F5:47:82:0E:C6,ALL,udp:51016,192.168.3.117*,4,340,2,192,2,148
D4:F5:47:82:0E:C6,ALL,udp:51016,8.8.8.8*,4,340,2,148,2,192
D4:F5:47:82:0E:C6,ALL,udp:41702,192.168.3.117*,4,340,2,192,2,148
D4:F5:47:82:0E:C6,ALL,udp:41702,8.8.8.8*,4,340,2,148,2,192
D4:F5:47:82:0E:C6,ALL,udp:40764,192.168.3.117*,4,340,2,192,2,148
D4:F5:47:82:0E:C6,ALL,udp:40764,8.8.8.8*,4,340,2,148,2,192
D4:F5:47:82:0E:C6,ALL,udp:44972,192.168.3.117*,4,340,2,192,2,148
D4:F5:47:82:0E:C6,ALL,udp:44972,8.8.8.8*,4,340,2,148,2,192
D4:F5:47:82:0E:C6,ALL,udp:33526,192.168.3.117*,4,340,2,192,2,148
D4:F5:47:82:0E:C6,ALL,udp:33526,8.8.8.8*,4,340,2,148,2,192
D4:F5:47:82:0E:C6,ALL,udp:45734,192.168.3.117*,4,340,2,192,2,148
D4:F5:47:82:0E:C6,ALL,udp:45734,8.8.8.8*,4,340,2,148,2,192
D4:F5:47:82:0E:C6,ALL,udp:37045,192.168.3.117*,4,340,2,192,2,148
D4:F5:47:82:0E:C6,ALL,udp:37045,8.8.8.8*,4,340,2,148,2,192
D4:F5:47:82:0E:C6,ALL,udp:60475,192.168.3.117*,4,340,2,192,2,148
D4:F5:47:82:0E:C6,ALL,udp:60475,8.8.8.8*,4,340,2,148,2,192
D4:F5:47:82:0E:C6,ALL,udp:51748,192.168.3.117*,4,340,2,192,2,148
D4:F5:47:82:0E:C6,ALL,udp:51748,8.8.8.8*,4,340,2,148,2,192
D4:F5:47:82:0E:C6,ALL,udp:48140,192.168.3.117*,4,476,2,326,2,150
D4:F5:47:82:0E:C6,ALL,udp:48140,8.8.8.8*,4,476,2,150,2,326
D4:F5:47:82:0E:C6,ALL,udp:45892,192.168.3.117*,4,340,2,192,2,148
D4:F5:47:82:0E:C6,ALL,udp:45892,8.8.8.8*,4,340,2,148,2,192
D4:F5:47:82:0E:C6,ALL,udp:44393,192.168.3.117*,4,340,2,192,2,148
D4:F5:47:82:0E:C6,ALL,udp:44393,8.8.8.8*,4,340,2,148,2,192
D4:F5:47:82:0E:C6,ALL,udp:40447,192.168.3.117*,4,340,2,192,2,148
D4:F5:47:82:0E:C6,ALL,udp:40447,8.8.8.8*,4,340,2,148,2,192
D4:F5:47:82:0E:C6,ALL,udp:41669,192.168.3.117*,4,340,2,192,2,148
D4:F5:47:82:0E:C6,ALL,udp:41669,8.8.8.8*,4,340,2,148,2,192
D4:F5:47:82:0E:C6,ALL,udp:36042,192.168.3.117*,4,340,2,192,2,148
D4:F5:47:82:0E:C6,ALL,udp:36042,8.8.8.8*,4,340,2,148,2,192
D4:F5:47:82:0E:C6,ALL,udp:42155,192.168.3.117*,4,340,2,192,2,148
D4:F5:47:82:0E:C6,ALL,udp:42155,8.8.8.8*,4,340,2,148,2,192
D4:F5:47:82:0E:C6,ALL,udp:42901,192.168.3.117*,4,340,2,192,2,148
D4:F5:47:82:0E:C6,ALL,udp:42901,8.8.8.8*,4,340,2,148,2,192
D4:F5:47:82:0E:C6,ALL,udp:49245,192.168.3.117*,4,340,2,192,2,148
D4:F5:47:82:0E:C6,ALL,udp:49245,8.8.8.8*,4,340,2,148,2,192
D4:F5:47:82:0E:C6,ALL,udp:54416,192.168.3.117*,4,340,2,192,2,148
D4:F5:47:82:0E:C6,ALL,udp:54416,8.8.8.8*,4,340,2,148,2,192
D4:F5:47:82:0E:C6,ALL,udp:39467,192.168.3.117*,4,340,2,192,2,148
D4:F5:47:82:0E:C6,ALL,udp:39467,8.8.8.8*,4,340,2,148,2,192
D4:F5:47:82:0E:C6,ALL,udp:56801,192.168.3.117*,4,340,2,192,2,148
D4:F5:47:82:0E:C6,ALL,udp:56801,8.8.8.8*,4,340,2,148,2,192
D4:F5:47:82:0E:C6,ALL,udp:40949,192.168.3.117*,4,340,2,192,2,148
D4:F5:47:82:0E:C6,ALL,udp:40949,8.8.8.8*,4,340,2,148,2,192
D4:F5:47:82:0E:C6,ALL,udp:43379,192.168.3.117*,4,340,2,192,2,148
D4:F5:47:82:0E:C6,ALL,udp:43379,8.8.8.8*,4,340,2,148,2,192
D4:F5:47:82:0E:C6,ALL,udp:59879,192.168.3.117*,4,340,2,192,2,148
D4:F5:47:82:0E:C6,ALL,udp:59879,8.8.8.8*,4,340,2,148,2,192
D4:F5:47:82:0E:C6,ALL,udp:33694,192.168.3.117*,4,340,2,192,2,148
D4:F5:47:82:0E:C6,ALL,udp:33694,8.8.8.8*,4,340,2,148,2,192
D4:F5:47:82:0E:C6,ALL,udp:39495,192.168.3.117*,4,340,2,192,2,148
D4:F5:47:82:0E:C6,ALL,udp:39495,8.8.8.8*,4,340,2,148,2,192
D4:F5:47:82:0E:C6,ALL,udp:58581,192.168.3.117*,4,340,2,192,2,148
D4:F5:47:82:0E:C6,ALL,udp:58581,8.8.8.8*,4,340,2,148,2,192
D4:F5:47:82:0E:C6,ALL,udp:40147,192.168.3.117*,4,340,2,192,2,148
D4:F5:47:82:0E:C6,ALL,udp:40147,8.8.8.8*,4,340,2,148,2,192
D4:F5:47:82:0E:C6,ALL,udp:48717,192.168.3.117*,4,340,2,192,2,148
D4:F5:47:82:0E:C6,ALL,udp:48717,8.8.8.8*,4,340,2,148,2,192
D4:F5:47:82:0E:C6,ALL,udp:40965,192.168.3.117*,4,340,2,192,2,148
D4:F5:47:82:0E:C6,ALL,udp:40965,8.8.8.8*,4,340,2,148,2,192
D4:F5:47:82:0E:C6,ALL,udp:47770,192.168.3.117*,4,340,2,192,2,148
D4:F5:47:82:0E:C6,ALL,udp:47770,8.8.8.8*,4,340,2,148,2,192
D4:F5:47:82:0E:C6,ALL,udp:60188,192.168.3.117*,4,736,2,552,2,184
D4:F5:47:82:0E:C6,ALL,udp:60188,8.8.8.8*,4,736,2,184,2,552
D4:F5:47:82:0E:C6,ALL,udp:35047,192.168.3.117*,4,704,2,536,2,168
D4:F5:47:82:0E:C6,ALL,udp:35047,8.8.8.8*,4,704,2,168,2,536
D4:F5:47:82:0E:C6,ALL,udp:43532,172.217.165.142*,31,21351,18,12602,13,8749
D4:F5:47:82:0E:C6,ALL,udp:43532,8.8.8.8*,4,476,2,150,2,326
D4:F5:47:82:0E:C6,ALL,udp:41183,192.168.3.117*,4,340,2,192,2,148
D4:F5:47:82:0E:C6,ALL,udp:41183,8.8.8.8*,4,340,2,148,2,192
D4:F5:47:82:0E:C6,ALL,udp:45212,192.168.3.117*,4,340,2,192,2,148
D4:F5:47:82:0E:C6,ALL,udp:45212,8.8.8.8*,4,340,2,148,2,192
D4:F5:47:82:0E:C6,ALL,udp:32931,192.168.3.117*,4,340,2,192,2,148
D4:F5:47:82:0E:C6,ALL,udp:32931,8.8.8.8*,4,340,2,148,2,192
D4:F5:47:82:0E:C6,ALL,udp:43435,192.168.3.117*,4,340,2,192,2,148
D4:F5:47:82:0E:C6,ALL,udp:43435,8.8.8.8*,4,340,2,148,2,192
D4:F5:47:82:0E:C6,ALL,udp:58702,192.168.3.117*,4,340,2,192,2,148
D4:F5:47:82:0E:C6,ALL,udp:58702,8.8.8.8*,4,340,2,148,2,192
D4:F5:47:82:0E:C6,ALL,udp:46045,192.168.3.117*,4,340,2,192,2,148
D4:F5:47:82:0E:C6,ALL,udp:46045,8.8.8.8*,4,340,2,148,2,192
D4:F5:47:82:0E:C6,ALL,udp:38960,192.168.3.117*,4,340,2,192,2,148
D4:F5:47:82:0E:C6,ALL,udp:38960,8.8.8.8*,4,340,2,148,2,192
D4:F5:47:82:0E:C6,ALL,udp:52047,192.168.3.117*,4,340,2,192,2,148
D4:F5:47:82:0E:C6,ALL,udp:52047,8.8.8.8*,4,340,2,148,2,192
D4:F5:47:82:0E:C6,ALL,udp:46122,192.168.3.117*,4,340,2,192,2,148
D4:F5:47:82:0E:C6,ALL,udp:46122,8.8.8.8*,4,340,2,148,2,192
D4:F5:47:82:0E:C6,ALL,udp:38561,192.168.3.117*,4,340,2,192,2,148
D4:F5:47:82:0E:C6,ALL,udp:38561,8.8.8.8*,4,340,2,148,2,192
D4:F5:47:82:0E:C6,ALL,udp:36528,192.168.3.117*,4,340,2,192,2,148
D4:F5:47:82:0E:C6,ALL,udp:36528,8.8.8.8*,4,340,2,148,2,192
D4:F5:47:82:0E:C6,ALL,udp:48251,192.168.3.117*,4,340,2,192,2,148
D4:F5:47:82:0E:C6,ALL,udp:48251,8.8.8.8*,4,340,2,148,2,192
D4:F5:47:82:0E:C6,ALL,udp:45480,192.168.3.117*,4,392,2,240,2,152
D4:F5:47:82:0E:C6,ALL,udp:45480,8.8.8.8*,4,392,2,152,2,240
D4:F5:47:82:0E:C6,ALL,udp:35429,192.168.3.117*,4,340,2,192,2,148
D4:F5:47:82:0E:C6,ALL,udp:35429,8.8.8.8*,4,340,2,148,2,192
D4:F5:47:82:0E:C6,ALL,udp:33700,192.168.3.117*,4,476,2,326,2,150
D4:F5:47:82:0E:C6,ALL,udp:33700,8.8.8.8*,4,476,2,150,2,326
D4:F5:47:82:0E:C6,ALL,udp:39281,192.168.3.117*,4,340,2,192,2,148
D4:F5:47:82:0E:C6,ALL,udp:39281,8.8.8.8*,4,340,2,148,2,192
D4:F5:47:82:0E:C6,ALL,udp:43848,192.168.3.117*,4,340,2,192,2,148
D4:F5:47:82:0E:C6,ALL,udp:43848,8.8.8.8*,4,340,2,148,2,192
D4:F5:47:82:0E:C6,ALL,udp:33636,192.168.3.117*,4,340,2,192,2,148
D4:F5:47:82:0E:C6,ALL,udp:33636,8.8.8.8*,4,340,2,148,2,192
D4:F5:47:82:0E:C6,ALL,udp:51465,192.168.3.117*,4,340,2,192,2,148
D4:F5:47:82:0E:C6,ALL,udp:51465,8.8.8.8*,4,340,2,148,2,192
D4:F5:47:82:0E:C6,ALL,udp:60177,192.168.3.117*,4,340,2,192,2,148
D4:F5:47:82:0E:C6,ALL,udp:60177,8.8.8.8*,4,340,2,148,2,192
D4:F5:47:82:0E:C6,ALL,udp:41137,192.168.3.117*,4,340,2,192,2,148
D4:F5:47:82:0E:C6,ALL,udp:41137,8.8.8.8*,4,340,2,148,2,192
D4:F5:47:82:0E:C6,ALL,udp:48744,192.168.3.117*,4,340,2,192,2,148
D4:F5:47:82:0E:C6,ALL,udp:48744,8.8.8.8*,4,340,2,148,2,192
D4:F5:47:82:0E:C6,ALL,udp:39787,192.168.3.117*,4,340,2,192,2,148
D4:F5:47:82:0E:C6,ALL,udp:39787,8.8.8.8*,4,340,2,148,2,192
D4:F5:47:82:0E:C6,ALL,udp:59084,192.168.3.117*,4,340,2,192,2,148
D4:F5:47:82:0E:C6,ALL,udp:59084,8.8.8.8*,4,340,2,148,2,192
D4:F5:47:82:0E:C6,ALL,udp:42992,192.168.3.117*,4,340,2,192,2,148
D4:F5:47:82:0E:C6,ALL,udp:42992,8.8.8.8*,4,340,2,148,2,192
D4:F5:47:82:0E:C6,ALL,udp:41375,192.168.3.117*,4,476,2,326,2,150
D4:F5:47:82:0E:C6,ALL,udp:41375,8.8.8.8*,4,476,2,150,2,326
D4:F5:47:82:0E:C6,ALL,udp:50891,192.168.3.117*,4,340,2,192,2,148
D4:F5:47:82:0E:C6,ALL,udp:50891,8.8.8.8*,4,340,2,148,2,192
D4:F5:47:82:0E:C6,ALL,udp:53394,192.168.3.117*,4,340,2,192,2,148
D4:F5:47:82:0E:C6,ALL,udp:53394,8.8.8.8*,4,340,2,148,2,192
D4:F5:47:82:0E:C6,ALL,udp:43261,192.168.3.117*,4,340,2,192,2,148
D4:F5:47:82:0E:C6,ALL,udp:43261,8.8.8.8*,4,340,2,148,2,192
D4:F5:47:82:0E:C6,ALL,udp:41053,192.168.3.117*,4,340,2,192,2,148
D4:F5:47:82:0E:C6,ALL,udp:41053,8.8.8.8*,4,340,2,148,2,192
D4:F5:47:82:0E:C6,ALL,udp:48964,192.168.3.117*,4,340,2,192,2,148
D4:F5:47:82:0E:C6,ALL,udp:48964,8.8.8.8*,4,340,2,148,2,192
D4:F5:47:82:0E:C6,ALL,udp:56578,192.168.3.117*,4,340,2,192,2,148
D4:F5:47:82:0E:C6,ALL,udp:56578,8.8.8.8*,4,340,2,148,2,192
D4:F5:47:82:0E:C6,ALL,udp:36957,192.168.3.117*,4,340,2,192,2,148
D4:F5:47:82:0E:C6,ALL,udp:36957,8.8.8.8*,4,340,2,148,2,192
D4:F5:47:82:0E:C6,ALL,udp:59056,192.168.3.117*,4,340,2,192,2,148
D4:F5:47:82:0E:C6,ALL,udp:59056,8.8.8.8*,4,340,2,148,2,192
D4:F5:47:82:0E:C6,ALL,udp:49397,192.168.3.117*,4,340,2,192,2,148
D4:F5:47:82:0E:C6,ALL,udp:49397,8.8.8.8*,4,340,2,148,2,192
D4:F5:47:82:0E:C6,ALL,udp:41421,192.168.3.117*,4,340,2,192,2,148
D4:F5:47:82:0E:C6,ALL,udp:41421,8.8.8.8*,4,340,2,148,2,192
D4:F5:47:82:0E:C6,ALL,udp:52981,192.168.3.117*,4,340,2,192,2,148
D4:F5:47:82:0E:C6,ALL,udp:52981,8.8.8.8*,4,340,2,148,2,192
D4:F5:47:82:0E:C6,ALL,udp:51212,192.168.3.117*,4,340,2,192,2,148
D4:F5:47:82:0E:C6,ALL,udp:51212,8.8.8.8*,4,340,2,148,2,192
D4:F5:47:82:0E:C6,ALL,udp:37906,192.168.3.117*,4,340,2,192,2,148
D4:F5:47:82:0E:C6,ALL,udp:37906,8.8.8.8*,4,340,2,148,2,192
D4:F5:47:82:0E:C6,ALL,udp:47533,192.168.3.117*,4,340,2,192,2,148
D4:F5:47:82:0E:C6,ALL,udp:47533,8.8.8.8*,4,340,2,148,2,192
D4:F5:47:82:0E:C6,ALL,udp:60042,192.168.3.117*,4,340,2,192,2,148
D4:F5:47:82:0E:C6,ALL,udp:60042,8.8.8.8*,4,340,2,148,2,192
D4:F5:47:82:0E:C6,ALL,udp:39551,192.168.3.117*,4,340,2,192,2,148
D4:F5:47:82:0E:C6,ALL,udp:39551,8.8.8.8*,4,340,2,148,2,192
D4:F5:47:82:0E:C6,ALL,udp:57428,192.168.3.117*,4,340,2,192,2,148
D4:F5:47:82:0E:C6,ALL,udp:57428,8.8.8.8*,4,340,2,148,2,192
D4:F5:47:82:0E:C6,ALL,udp:51277,192.168.3.117*,4,340,2,192,2,148
D4:F5:47:82:0E:C6,ALL,udp:51277,8.8.8.8*,4,340,2,148,2,192
D4:F5:47:82:0E:C6,ALL,udp:34665,192.168.3.117*,4,340,2,192,2,148
D4:F5:47:82:0E:C6,ALL,udp:34665,8.8.8.8*,4,340,2,148,2,192
D4:F5:47:82:0E:C6,ALL,udp:49341,192.168.3.117*,4,340,2,192,2,148
D4:F5:47:82:0E:C6,ALL,udp:49341,8.8.8.8*,4,340,2,148,2,192
D4:F5:47:82:0E:C6,ALL,udp:52343,192.168.3.117*,4,340,2,192,2,148
D4:F5:47:82:0E:C6,ALL,udp:52343,8.8.8.8*,4,340,2,148,2,192
D4:F5:47:82:0E:C6,ALL,udp:37623,192.168.3.117*,4,340,2,192,2,148
D4:F5:47:82:0E:C6,ALL,udp:37623,8.8.8.8*,4,340,2,148,2,192
D4:F5:47:82:0E:C6,ALL,udp:45709,192.168.3.117*,4,340,2,192,2,148
D4:F5:47:82:0E:C6,ALL,udp:45709,8.8.8.8*,4,340,2,148,2,192
D4:F5:47:82:0E:C6,ALL,udp:60210,192.168.3.117*,4,340,2,192,2,148
D4:F5:47:82:0E:C6,ALL,udp:60210,8.8.8.8*,4,340,2,148,2,192
D4:F5:47:82:0E:C6,ALL,udp:44219,216.239.35.0,2,180,1,90,1,90
D4:F5:47:82:0E:C6,ALL,udp:44219,8.8.8.8,4,340,2,148,2,192
D4:F5:47:82:0E:C6,ALL,udp:43370,192.168.3.117*,4,476,2,326,2,150
D4:F5:47:82:0E:C6,ALL,udp:43370,8.8.8.8*,4,476,2,150,2,326
D4:F5:47:82:0E:C6,ALL,udp:39045,192.168.3.117*,4,340,2,192,2,148
D4:F5:47:82:0E:C6,ALL,udp:39045,8.8.8.8*,4,340,2,148,2,192
D4:F5:47:82:0E:C6,ALL,udp:49435,192.168.3.117*,4,340,2,192,2,148
D4:F5:47:82:0E:C6,ALL,udp:49435,8.8.8.8*,4,340,2,148,2,192
D4:F5:47:82:0E:C6,ALL,udp:55144,192.168.3.117*,4,340,2,192,2,148
D4:F5:47:82:0E:C6,ALL,udp:55144,8.8.8.8*,4,340,2,148,2,192
D4:F5:47:82:0E:C6,ALL,udp:59595,192.168.3.117*,4,340,2,192,2,148
D4:F5:47:82:0E:C6,ALL,udp:59595,8.8.8.8*,4,340,2,148,2,192
D4:F5:47:82:0E:C6,ALL,udp:37092,192.168.3.117*,4,340,2,192,2,148
D4:F5:47:82:0E:C6,ALL,udp:37092,8.8.8.8*,4,340,2,148,2,192
D4:F5:47:82:0E:C6,ALL,udp:38208,192.168.3.117*,4,340,2,192,2,148
D4:F5:47:82:0E:C6,ALL,udp:38208,8.8.8.8*,4,340,2,148,2,192
D4:F5:47:82:0E:C6,ALL,udp:33145,192.168.3.117*,4,340,2,192,2,148
D4:F5:47:82:0E:C6,ALL,udp:33145,8.8.8.8*,4,340,2,148,2,192
D4:F5:47:82:0E:C6,ALL,udp:49857,192.168.3.117*,4,340,2,192,2,148
D4:F5:47:82:0E:C6,ALL,udp:49857,8.8.8.8*,4,340,2,148,2,192
D4:F5:47:82:0E:C6,ALL,udp:60877,192.168.3.117*,4,340,2,192,2,148
D4:F5:47:82:0E:C6,ALL,udp:60877,8.8.8.8*,4,340,2,148,2,192
D4:F5:47:82:0E:C6,ALL,udp:34321,192.168.3.117*,4,340,2,192,2,148
D4:F5:47:82:0E:C6,ALL,udp:34321,8.8.8.8*,4,340,2,148,2,192
D4:F5:47:82:0E:C6,ALL,udp:55721,192.168.3.117*,4,340,2,192,2,148
D4:F5:47:82:0E:C6,ALL,udp:55721,8.8.8.8*,4,340,2,148,2,192
D4:F5:47:82:0E:C6,ALL,udp:44136,192.168.3.117*,4,340,2,192,2,148
D4:F5:47:82:0E:C6,ALL,udp:44136,8.8.8.8*,4,340,2,148,2,192
D4:F5:47:82:0E:C6,ALL,udp:33378,192.168.3.117*,4,340,2,192,2,148
D4:F5:47:82:0E:C6,ALL,udp:33378,8.8.8.8*,4,340,2,148,2,192
D4:F5:47:82:0E:C6,ALL,udp:33836,192.168.3.117*,4,340,2,192,2,148
D4:F5:47:82:0E:C6,ALL,udp:33836,8.8.8.8*,4,340,2,148,2,192
D4:F5:47:82:0E:C6,ALL,udp:57295,192.168.3.117*,4,340,2,192,2,148
D4:F5:47:82:0E:C6,ALL,udp:57295,8.8.8.8*,4,340,2,148,2,192
D4:F5:47:82:0E:C6,ALL,udp:48000,192.168.3.117*,4,340,2,192,2,148
D4:F5:47:82:0E:C6,ALL,udp:48000,8.8.8.8*,4,340,2,148,2,192
D4:F5:47:82:0E:C6,ALL,udp:40214,192.168.3.117*,4,340,2,192,2,148
D4:F5:47:82:0E:C6,ALL,udp:40214,8.8.8.8*,4,340,2,148,2,192
D4:F5:47:82:0E:C6,ALL,udp:60995,192.168.3.117*,4,340,2,192,2,148
D4:F5:47:82:0E:C6,ALL,udp:60995,8.8.8.8*,4,340,2,148,2,192
D4:F5:47:82:0E:C6,ALL,udp:32874,192.168.3.117*,4,340,2,192,2,148
D4:F5:47:82:0E:C6,ALL,udp:32874,8.8.8.8*,4,340,2,148,2,192
D4:F5:47:82:0E:C6,ALL,udp:53281,192.168.3.117*,4,340,2,192,2,148
D4:F5:47:82:0E:C6,ALL,udp:53281,8.8.8.8*,4,340,2,148,2,192
D4:F5:47:82:0E:C6,ALL,udp:44062,192.168.3.117*,4,340,2,192,2,148
D4:F5:47:82:0E:C6,ALL,udp:44062,8.8.8.8*,4,340,2,148,2,192
D4:F5:47:82:0E:C6,ALL,udp:59572,192.168.3.117*,4,340,2,192,2,148
D4:F5:47:82:0E:C6,ALL,udp:59572,8.8.8.8*,4,340,2,148,2,192
D4:F5:47:82:0E:C6,ALL,udp:48019,192.168.3.117*,4,340,2,192,2,148
D4:F5:47:82:0E:C6,ALL,udp:48019,8.8.8.8*,4,340,2,148,2,192
D4:F5:47:82:0E:C6,ALL,udp:43321,192.168.3.117*,4,340,2,192,2,148
D4:F5:47:82:0E:C6,ALL,udp:43321,8.8.8.8*,4,340,2,148,2,192
D4:F5:47:82:0E:C6,ALL,udp:36273,192.168.3.117*,4,704,2,536,2,168
D4:F5:47:82:0E:C6,ALL,udp:36273,8.8.8.8*,4,704,2,168,2,536
D4:F5:47:82:0E:C6,ALL,udp:34575,192.168.3.117*,4,340,2,192,2,148
D4:F5:47:82:0E:C6,ALL,udp:34575,8.8.8.8*,4,340,2,148,2,192
D4:F5:47:82:0E:C6,ALL,udp:47171,192.168.3.117*,4,340,2,192,2,148
D4:F5:47:82:0E:C6,ALL,udp:47171,8.8.8.8*,4,340,2,148,2,192
D4:F5:47:82:0E:C6,ALL,udp:37057,192.168.3.117*,4,340,2,192,2,148
D4:F5:47:82:0E:C6,ALL,udp:37057,8.8.8.8*,4,340,2,148,2,192
D4:F5:47:82:0E:C6,ALL,udp:42751,192.168.3.117*,4,340,2,192,2,148
D4:F5:47:82:0E:C6,ALL,udp:42751,8.8.8.8*,4,340,2,148,2,192
D4:F5:47:82:0E:C6,ALL,udp:60692,192.168.3.117*,4,340,2,192,2,148
D4:F5:47:82:0E:C6,ALL,udp:60692,8.8.8.8*,4,340,2,148,2,192
D4:F5:47:82:0E:C6,ALL,udp:50870,192.168.3.117*,4,340,2,192,2,148
D4:F5:47:82:0E:C6,ALL,udp:50870,8.8.8.8*,4,340,2,148,2,192
D4:F5:47:82:0E:C6,ALL,udp:58443,192.168.3.117*,4,340,2,192,2,148
D4:F5:47:82:0E:C6,ALL,udp:58443,8.8.8.8*,4,340,2,148,2,192
D4:F5:47:82:0E:C6,ALL,udp:37290,192.168.3.117*,4,476,2,326,2,150
D4:F5:47:82:0E:C6,ALL,udp:37290,8.8.8.8*,4,476,2,150,2,326
D4:F5:47:82:0E:C6,ALL,udp:50494,192.168.3.117*,4,340,2,192,2,148
D4:F5:47:82:0E:C6,ALL,udp:50494,8.8.8.8*,4,340,2,148,2,192
D4:F5:47:82:0E:C6,ALL,udp:36381,192.168.3.117*,4,340,2,192,2,148
D4:F5:47:82:0E:C6,ALL,udp:36381,8.8.8.8*,4,340,2,148,2,192
D4:F5:47:82:0E:C6,ALL,udp:40552,192.168.3.117*,4,340,2,192,2,148
D4:F5:47:82:0E:C6,ALL,udp:40552,8.8.8.8*,4,340,2,148,2,192
D4:F5:47:82:0E:C6,ALL,udp:58162,192.168.3.117*,4,340,2,192,2,148
D4:F5:47:82:0E:C6,ALL,udp:58162,8.8.8.8*,4,340,2,148,2,192
D4:F5:47:82:0E:C6,ALL,udp:43949,192.168.3.117*,4,340,2,192,2,148
D4:F5:47:82:0E:C6,ALL,udp:43949,8.8.8.8*,4,340,2,148,2,192
D4:F5:47:82:0E:C6,ALL,udp:35754,192.168.3.117*,4,340,2,192,2,148
D4:F5:47:82:0E:C6,ALL,udp:35754,8.8.8.8*,4,340,2,148,2,192
D4:F5:47:82:0E:C6,ALL,udp:37687,192.168.3.117*,4,340,2,192,2,148
D4:F5:47:82:0E:C6,ALL,udp:37687,8.8.8.8*,4,340,2,148,2,192
D4:F5:47:82:0E:C6,ALL,udp:40737,192.168.3.117*,4,340,2,192,2,148
D4:F5:47:82:0E:C6,ALL,udp:40737,8.8.8.8*,4,340,2,148,2,192
D4:F5:47:82:0E:C6,ALL,udp:50037,192.168.3.117*,4,340,2,192,2,148
D4:F5:47:82:0E:C6,ALL,udp:50037,8.8.8.8*,4,340,2,148,2,192
D4:F5:47:82:0E:C6,ALL,udp:42248,192.168.3.117*,4,340,2,192,2,148
D4:F5:47:82:0E:C6,ALL,udp:42248,8.8.8.8*,4,340,2,148,2,192
D4:F5:47:82:0E:C6,ALL,udp:54403,192.168.3.117*,4,340,2,192,2,148
D4:F5:47:82:0E:C6,ALL,udp:54403,8.8.8.8*,4,340,2,148,2,192
D4:F5:47:82:0E:C6,ALL,udp:58195,192.168.3.117*,4,340,2,192,2,148
D4:F5:47:82:0E:C6,ALL,udp:58195,8.8.8.8*,4,340,2,148,2,192
D4:F5:47:82:0E:C6,ALL,udp:34177,192.168.3.117*,4,340,2,192,2,148
D4:F5:47:82:0E:C6,ALL,udp:34177,8.8.8.8*,4,340,2,148,2,192
D4:F5:47:82:0E:C6,ALL,udp:38735,192.168.3.117*,4,340,2,192,2,148
D4:F5:47:82:0E:C6,ALL,udp:38735,8.8.8.8*,4,340,2,148,2,192
D4:F5:47:82:0E:C6,ALL,udp:57343,192.168.3.117*,4,340,2,192,2,148
D4:F5:47:82:0E:C6,ALL,udp:57343,8.8.8.8*,4,340,2,148,2,192
D4:F5:47:82:0E:C6,ALL,udp:48395,192.168.3.117*,4,476,2,326,2,150
D4:F5:47:82:0E:C6,ALL,udp:48395,8.8.8.8*,4,476,2,150,2,326
D4:F5:47:82:0E:C6,ALL,udp:33006,192.168.3.117*,4,340,2,192,2,148
D4:F5:47:82:0E:C6,ALL,udp:33006,8.8.8.8*,4,340,2,148,2,192
D4:F5:47:82:0E:C6,ALL,udp:44304,192.168.3.117*,4,340,2,192,2,148
D4:F5:47:82:0E:C6,ALL,udp:44304,8.8.8.8*,4,340,2,148,2,192
D4:F5:47:82:0E:C6,ALL,udp:42840,192.168.3.117*,4,340,2,192,2,148
D4:F5:47:82:0E:C6,ALL,udp:42840,8.8.8.8*,4,340,2,148,2,192
D4:F5:47:82:0E:C6,ALL,udp:56870,192.168.3.117*,4,340,2,192,2,148
D4:F5:47:82:0E:C6,ALL,udp:56870,8.8.8.8*,4,340,2,148,2,192
D4:F5:47:82:0E:C6,ALL,udp:58103,192.168.3.117*,4,340,2,192,2,148
D4:F5:47:82:0E:C6,ALL,udp:58103,8.8.8.8*,4,340,2,148,2,192
D4:F5:47:82:0E:C6,ALL,udp:40723,192.168.3.117*,4,340,2,192,2,148
D4:F5:47:82:0E:C6,ALL,udp:40723,8.8.8.8*,4,340,2,148,2,192
D4:F5:47:82:0E:C6,ALL,udp:52160,192.168.3.117*,4,340,2,192,2,148
D4:F5:47:82:0E:C6,ALL,udp:52160,8.8.8.8*,4,340,2,148,2,192
D4:F5:47:82:0E:C6,ALL,udp:49796,192.168.3.117*,4,476,2,326,2,150
D4:F5:47:82:0E:C6,ALL,udp:49796,8.8.8.8*,4,476,2,150,2,326
D4:F5:47:82:0E:C6,ALL,udp:59732,192.168.3.117*,4,340,2,192,2,148
D4:F5:47:82:0E:C6,ALL,udp:59732,8.8.8.8*,4,340,2,148,2,192
D4:F5:47:82:0E:C6,ALL,udp:39993,192.168.3.117*,4,340,2,192,2,148
D4:F5:47:82:0E:C6,ALL,udp:39993,8.8.8.8*,4,340,2,148,2,192
D4:F5:47:82:0E:C6,ALL,udp:47775,192.168.3.117*,4,340,2,192,2,148
D4:F5:47:82:0E:C6,ALL,udp:47775,8.8.8.8*,4,340,2,148,2,192
D4:F5:47:82:0E:C6,ALL,udp:37905,192.168.3.117*,4,340,2,192,2,148
D4:F5:47:82:0E:C6,ALL,udp:37905,8.8.8.8*,4,340,2,148,2,192
D4:F5:47:82:0E:C6,ALL,udp:33938,192.168.3.117*,4,340,2,192,2,148
D4:F5:47:82:0E:C6,ALL,udp:33938,8.8.8.8*,4,340,2,148,2,192
D4:F5:47:82:0E:C6,ALL,udp:34093,192.168.3.117*,4,340,2,192,2,148
D4:F5:47:82:0E:C6,ALL,udp:34093,8.8.8.8*,4,340,2,148,2,192
D4:F5:47:82:0E:C6,ALL,udp:52536,192.168.3.117*,4,340,2,192,2,148
D4:F5:47:82:0E:C6,ALL,udp:52536,8.8.8.8*,4,340,2,148,2,192
D4:F5:47:82:0E:C6,ALL,udp:49591,192.168.3.117*,4,340,2,192,2,148
D4:F5:47:82:0E:C6,ALL,udp:49591,8.8.8.8*,4,340,2,148,2,192
D4:F5:47:82:0E:C6,ALL,udp:32844,192.168.3.117*,4,340,2,192,2,148
D4:F5:47:82:0E:C6,ALL,udp:32844,8.8.8.8*,4,340,2,148,2,192
D4:F5:47:82:0E:C6,ALL,udp:59295,192.168.3.117*,4,340,2,192,2,148
D4:F5:47:82:0E:C6,ALL,udp:59295,8.8.8.8*,4,340,2,148,2,192
D4:F5:47:82:0E:C6,ALL,udp:38580,192.168.3.117*,4,340,2,192,2,148
D4:F5:47:82:0E:C6,ALL,udp:38580,8.8.8.8*,4,340,2,148,2,192
D4:F5:47:82:0E:C6,ALL,udp:49147,192.168.3.117*,4,340,2,192,2,148
D4:F5:47:82:0E:C6,ALL,udp:49147,8.8.8.8*,4,340,2,148,2,192
D4:F5:47:82:0E:C6,ALL,udp:46028,192.168.3.117*,4,340,2,192,2,148
D4:F5:47:82:0E:C6,ALL,udp:46028,8.8.8.8*,4,340,2,148,2,192
D4:F5:47:82:0E:C6,ALL,udp:39449,192.168.3.117*,4,340,2,192,2,148
D4:F5:47:82:0E:C6,ALL,udp:39449,8.8.8.8*,4,340,2,148,2,192
D4:F5:47:82:0E:C6,ALL,udp:33762,192.168.3.117*,4,340,2,192,2,148
D4:F5:47:82:0E:C6,ALL,udp:33762,8.8.8.8*,4,340,2,148,2,192
D4:F5:47:82:0E:C6,ALL,udp:42370,192.168.3.117*,4,476,2,326,2,150
D4:F5:47:82:0E:C6,ALL,udp:42370,8.8.8.8*,4,476,2,150,2,326
D4:F5:47:82:0E:C6,ALL,udp:50664,172.217.165.142*,22,12354,13,9200,9,3154
D4:F5:47:82:0E:C6,ALL,udp:50664,8.8.8.8*,4,340,2,148,2,192
D4:F5:47:82:0E:C6,ALL,udp:45903,192.168.3.117*,4,396,2,238,2,158
D4:F5:47:82:0E:C6,ALL,udp:45903,8.8.8.8*,4,396,2,158,2,238
D4:F5:47:82:0E:C6,ALL,udp:60437,192.168.3.117*,4,340,2,192,2,148
D4:F5:47:82:0E:C6,ALL,udp:60437,8.8.8.8*,4,340,2,148,2,192
D4:F5:47:82:0E:C6,ALL,udp:43223,192.168.3.117*,4,340,2,192,2,148
D4:F5:47:82:0E:C6,ALL,udp:43223,8.8.8.8*,4,340,2,148,2,192
D4:F5:47:82:0E:C6,ALL,udp:47356,192.168.3.117*,4,340,2,192,2,148
D4:F5:47:82:0E:C6,ALL,udp:47356,8.8.8.8*,4,340,2,148,2,192
D4:F5:47:82:0E:C6,ALL,udp:56615,192.168.3.117*,4,340,2,192,2,148
D4:F5:47:82:0E:C6,ALL,udp:56615,8.8.8.8*,4,340,2,148,2,192
D4:F5:47:82:0E:C6,ALL,udp:51673,192.168.3.117*,4,340,2,192,2,148
D4:F5:47:82:0E:C6,ALL,udp:51673,8.8.8.8*,4,340,2,148,2,192
D4:F5:47:82:0E:C6,ALL,udp:44302,192.168.3.117*,4,340,2,192,2,148
D4:F5:47:82:0E:C6,ALL,udp:44302,8.8.8.8*,4,340,2,148,2,192
D4:F5:47:82:0E:C6,ALL,udp:49686,192.168.3.117*,4,340,2,192,2,148
D4:F5:47:82:0E:C6,ALL,udp:49686,8.8.8.8*,4,340,2,148,2,192
D4:F5:47:82:0E:C6,ALL,udp:53619,192.168.3.117*,4,340,2,192,2,148
D4:F5:47:82:0E:C6,ALL,udp:53619,8.8.8.8*,4,340,2,148,2,192
D4:F5:47:82:0E:C6,ALL,udp:54900,192.168.3.117*,4,340,2,192,2,148
D4:F5:47:82:0E:C6,ALL,udp:54900,8.8.8.8*,4,340,2,148,2,192
D4:F5:47:82:0E:C6,ALL,udp:45961,192.168.3.117*,4,476,2,326,2,150
D4:F5:47:82:0E:C6,ALL,udp:45961,8.8.8.8*,4,476,2,150,2,326
D4:F5:47:82:0E:C6,ALL,udp:47578,192.168.3.117*,4,340,2,192,2,148
D4:F5:47:82:0E:C6,ALL,udp:47578,8.8.8.8*,4,340,2,148,2,192
D4:F5:47:82:0E:C6,ALL,udp:44039,192.168.3.117*,4,340,2,192,2,148
D4:F5:47:82:0E:C6,ALL,udp:44039,8.8.8.8*,4,340,2,148,2,192
D4:F5:47:82:0E:C6,ALL,udp:48104,192.168.3.117*,4,340,2,192,2,148
D4:F5:47:82:0E:C6,ALL,udp:48104,8.8.8.8*,4,340,2,148,2,192
D4:F5:47:82:0E:C6,ALL,udp:40340,192.168.3.117*,4,340,2,192,2,148
D4:F5:47:82:0E:C6,ALL,udp:40340,8.8.8.8*,4,340,2,148,2,192
D4:F5:47:82:0E:C6,ALL,udp:39734,192.168.3.117*,4,340,2,192,2,148
D4:F5:47:82:0E:C6,ALL,udp:39734,8.8.8.8*,4,340,2,148,2,192
D4:F5:47:82:0E:C6,ALL,udp:33133,192.168.3.117*,4,340,2,192,2,148
D4:F5:47:82:0E:C6,ALL,udp:33133,8.8.8.8*,4,340,2,148,2,192
D4:F5:47:82:0E:C6,ALL,udp:48829,192.168.3.117*,4,340,2,192,2,148
D4:F5:47:82:0E:C6,ALL,udp:48829,8.8.8.8*,4,340,2,148,2,192
D4:F5:47:82:0E:C6,ALL,udp:53908,192.168.3.117*,4,340,2,192,2,148
D4:F5:47:82:0E:C6,ALL,udp:53908,8.8.8.8*,4,340,2,148,2,192
D4:F5:47:82:0E:C6,ALL,udp:56143,216.239.35.12,2,180,1,90,1,90
D4:F5:47:82:0E:C6,ALL,udp:56143,8.8.8.8,4,340,2,148,2,192
D4:F5:47:82:0E:C6,ALL,udp:56690,192.168.3.117*,4,340,2,192,2,148
D4:F5:47:82:0E:C6,ALL,udp:56690,8.8.8.8*,4,340,2,148,2,192
D4:F5:47:82:0E:C6,ALL,udp:57689,192.168.3.117*,4,340,2,192,2,148
D4:F5:47:82:0E:C6,ALL,udp:57689,8.8.8.8*,4,340,2,148,2,192
D4:F5:47:82:0E:C6,ALL,udp:49299,192.168.3.117*,4,340,2,192,2,148
D4:F5:47:82:0E:C6,ALL,udp:49299,8.8.8.8*,4,340,2,148,2,192
D4:F5:47:82:0E:C6,ALL,udp:46848,192.168.3.117*,4,340,2,192,2,148
D4:F5:47:82:0E:C6,ALL,udp:46848,8.8.8.8*,4,340,2,148,2,192
D4:F5:47:82:0E:C6,ALL,udp:43948,192.168.3.117*,4,340,2,192,2,148
D4:F5:47:82:0E:C6,ALL,udp:43948,8.8.8.8*,4,340,2,148,2,192
D4:F5:47:82:0E:C6,ALL,udp:50976,192.168.3.117*,4,340,2,192,2,148
D4:F5:47:82:0E:C6,ALL,udp:50976,8.8.8.8*,4,340,2,148,2,192
D4:F5:47:82:0E:C6,ALL,udp:44328,192.168.3.117*,4,340,2,192,2,148
D4:F5:47:82:0E:C6,ALL,udp:44328,8.8.8.8*,4,340,2,148,2,192
D4:F5:47:82:0E:C6,ALL,udp:35735,192.168.3.117*,4,340,2,192,2,148
D4:F5:47:82:0E:C6,ALL,udp:35735,8.8.8.8*,4,340,2,148,2,192
D4:F5:47:82:0E:C6,ALL,udp:40527,192.168.3.117*,4,340,2,192,2,148
D4:F5:47:82:0E:C6,ALL,udp:40527,8.8.8.8*,4,340,2,148,2,192
D4:F5:47:82:0E:C6,ALL,udp:56485,192.168.3.117*,4,340,2,192,2,148
D4:F5:47:82:0E:C6,ALL,udp:56485,8.8.8.8*,4,340,2,148,2,192
D4:F5:47:82:0E:C6,ALL,udp:48643,192.168.3.117*,4,340,2,192,2,148
D4:F5:47:82:0E:C6,ALL,udp:48643,8.8.8.8*,4,340,2,148,2,192
D4:F5:47:82:0E:C6,ALL,udp:54090,192.168.3.117*,4,340,2,192,2,148
D4:F5:47:82:0E:C6,ALL,udp:54090,8.8.8.8*,4,340,2,148,2,192
D4:F5:47:82:0E:C6,ALL,udp:60134,192.168.3.117*,4,340,2,192,2,148
D4:F5:47:82:0E:C6,ALL,udp:60134,8.8.8.8*,4,340,2,148,2,192
D4:F5:47:82:0E:C6,ALL,udp:37684,192.168.3.117*,4,736,2,552,2,184
D4:F5:47:82:0E:C6,ALL,udp:37684,8.8.8.8*,4,736,2,184,2,552
D4:F5:47:82:0E:C6,ALL,udp:36091,192.168.3.117*,4,704,2,536,2,168
D4:F5:47:82:0E:C6,ALL,udp:36091,8.8.8.8*,4,704,2,168,2,536
D4:F5:47:82:0E:C6,ALL,udp:44879,192.168.3.117*,4,340,2,192,2,148
D4:F5:47:82:0E:C6,ALL,udp:44879,8.8.8.8*,4,340,2,148,2,192
D4:F5:47:82:0E:C6,ALL,udp:46919,192.168.3.117*,4,340,2,192,2,148
D4:F5:47:82:0E:C6,ALL,udp:46919,8.8.8.8*,4,340,2,148,2,192
D4:F5:47:82:0E:C6,ALL,udp:47616,192.168.3.117*,4,340,2,192,2,148
D4:F5:47:82:0E:C6,ALL,udp:47616,8.8.8.8*,4,340,2,148,2,192
D4:F5:47:82:0E:C6,ALL,udp:33103,192.168.3.117*,4,340,2,192,2,148
D4:F5:47:82:0E:C6,ALL,udp:33103,8.8.8.8*,4,340,2,148,2,192
D4:F5:47:82:0E:C6,ALL,udp:58682,192.168.3.117*,4,340,2,192,2,148
D4:F5:47:82:0E:C6,ALL,udp:58682,8.8.8.8*,4,340,2,148,2,192
D4:F5:47:82:0E:C6,ALL,udp:40172,192.168.3.117*,4,340,2,192,2,148
D4:F5:47:82:0E:C6,ALL,udp:40172,8.8.8.8*,4,340,2,148,2,192
D4:F5:47:82:0E:C6,ALL,udp:35602,192.168.3.117*,4,340,2,192,2,148
D4:F5:47:82:0E:C6,ALL,udp:35602,8.8.8.8*,4,340,2,148,2,192
D4:F5:47:82:0E:C6,ALL,udp:49631,192.168.3.117*,4,340,2,192,2,148
D4:F5:47:82:0E:C6,ALL,udp:49631,8.8.8.8*,4,340,2,148,2,192
D4:F5:47:82:0E:C6,ALL,udp:60335,192.168.3.117*,4,340,2,192,2,148
D4:F5:47:82:0E:C6,ALL,udp:60335,8.8.8.8*,4,340,2,148,2,192
D4:F5:47:82:0E:C6,ALL,udp:52265,192.168.3.117*,4,476,2,326,2,150
D4:F5:47:82:0E:C6,ALL,udp:52265,8.8.8.8*,4,476,2,150,2,326
D4:F5:47:82:0E:C6,ALL,udp:46127,192.168.3.117*,4,340,2,192,2,148
D4:F5:47:82:0E:C6,ALL,udp:46127,8.8.8.8*,4,340,2,148,2,192
D4:F5:47:82:0E:C6,ALL,udp:40814,192.168.3.117*,4,340,2,192,2,148
D4:F5:47:82:0E:C6,ALL,udp:40814,8.8.8.8*,4,340,2,148,2,192
D4:F5:47:82:0E:C6,ALL,udp:50018,192.168.3.117*,4,340,2,192,2,148
D4:F5:47:82:0E:C6,ALL,udp:50018,8.8.8.8*,4,340,2,148,2,192
D4:F5:47:82:0E:C6,ALL,udp:56669,192.168.3.117*,4,340,2,192,2,148
D4:F5:47:82:0E:C6,ALL,udp:56669,8.8.8.8*,4,340,2,148,2,192
D4:F5:47:82:0E:C6,ALL,udp:43704,192.168.3.117*,4,340,2,192,2,148
D4:F5:47:82:0E:C6,ALL,udp:43704,8.8.8.8*,4,340,2,148,2,192
D4:F5:47:82:0E:C6,ALL,udp:55922,192.168.3.117*,4,340,2,192,2,148
D4:F5:47:82:0E:C6,ALL,udp:55922,8.8.8.8*,4,340,2,148,2,192
D4:F5:47:82:0E:C6,ALL,udp:57809,192.168.3.117*,4,340,2,192,2,148
D4:F5:47:82:0E:C6,ALL,udp:57809,8.8.8.8*,4,340,2,148,2,192
D4:F5:47:82:0E:C6,ALL,udp:38667,192.168.3.117*,4,476,2,326,2,150
D4:F5:47:82:0E:C6,ALL,udp:38667,8.8.8.8*,4,476,2,150,2,326
D4:F5:47:82:0E:C6,ALL,udp:52814,192.168.3.117*,4,340,2,192,2,148
D4:F5:47:82:0E:C6,ALL,udp:52814,8.8.8.8*,4,340,2,148,2,192
D4:F5:47:82:0E:C6,ALL,udp:53413,192.168.3.117*,4,340,2,192,2,148
D4:F5:47:82:0E:C6,ALL,udp:53413,8.8.8.8*,4,340,2,148,2,192
D4:F5:47:82:0E:C6,ALL,udp:58307,192.168.3.117*,4,340,2,192,2,148
D4:F5:47:82:0E:C6,ALL,udp:58307,8.8.8.8*,4,340,2,148,2,192
D4:F5:47:82:0E:C6,ALL,udp:58810,192.168.3.117*,4,340,2,192,2,148
D4:F5:47:82:0E:C6,ALL,udp:58810,8.8.8.8*,4,340,2,148,2,192
D4:F5:47:82:0E:C6,ALL,udp:53249,192.168.3.117*,4,340,2,192,2,148
D4:F5:47:82:0E:C6,ALL,udp:53249,8.8.8.8*,4,340,2,148,2,192
D4:F5:47:82:0E:C6,ALL,udp:58804,192.168.3.117*,4,340,2,192,2,148
D4:F5:47:82:0E:C6,ALL,udp:58804,8.8.8.8*,4,340,2,148,2,192
D4:F5:47:82:0E:C6,ALL,udp:43584,192.168.3.117*,4,340,2,192,2,148
D4:F5:47:82:0E:C6,ALL,udp:43584,8.8.8.8*,4,340,2,148,2,192
D4:F5:47:82:0E:C6,ALL,udp:43528,192.168.3.117*,4,340,2,192,2,148
D4:F5:47:82:0E:C6,ALL,udp:43528,8.8.8.8*,4,340,2,148,2,192
D4:F5:47:82:0E:C6,ALL,udp:51138,192.168.3.117*,4,340,2,192,2,148
D4:F5:47:82:0E:C6,ALL,udp:51138,8.8.8.8*,4,340,2,148,2,192
D4:F5:47:82:0E:C6,ALL,udp:50536,192.168.3.117*,4,340,2,192,2,148
D4:F5:47:82:0E:C6,ALL,udp:50536,8.8.8.8*,4,340,2,148,2,192
D4:F5:47:82:0E:C6,ALL,udp:45429,192.168.3.117*,4,340,2,192,2,148
D4:F5:47:82:0E:C6,ALL,udp:45429,8.8.8.8*,4,340,2,148,2,192
D4:F5:47:82:0E:C6,ALL,udp:59814,192.168.3.117*,4,340,2,192,2,148
D4:F5:47:82:0E:C6,ALL,udp:59814,8.8.8.8*,4,340,2,148,2,192
D4:F5:47:82:0E:C6,ALL,udp:59726,192.168.3.117*,4,340,2,192,2,148
D4:F5:47:82:0E:C6,ALL,udp:59726,8.8.8.8*,4,340,2,148,2,192
D4:F5:47:82:0E:C6,ALL,udp:37597,192.168.3.117*,4,340,2,192,2,148
D4:F5:47:82:0E:C6,ALL,udp:37597,8.8.8.8*,4,340,2,148,2,192
D4:F5:47:82:0E:C6,ALL,udp:41123,192.168.3.117*,4,340,2,192,2,148
D4:F5:47:82:0E:C6,ALL,udp:41123,8.8.8.8*,4,340,2,148,2,192
D4:F5:47:82:0E:C6,ALL,udp:49942,192.168.3.117*,4,340,2,192,2,148
D4:F5:47:82:0E:C6,ALL,udp:49942,8.8.8.8*,4,340,2,148,2,192
D4:F5:47:82:0E:C6,ALL,udp:43337,192.168.3.117*,4,340,2,192,2,148
D4:F5:47:82:0E:C6,ALL,udp:43337,8.8.8.8*,4,340,2,148,2,192
D4:F5:47:82:0E:C6,ALL,udp:44830,192.168.3.117*,4,340,2,192,2,148
D4:F5:47:82:0E:C6,ALL,udp:44830,8.8.8.8*,4,340,2,148,2,192
D4:F5:47:82:0E:C6,ALL,udp:50337,192.168.3.117*,4,340,2,192,2,148
D4:F5:47:82:0E:C6,ALL,udp:50337,8.8.8.8*,4,340,2,148,2,192
D4:F5:47:82:0E:C6,ALL,udp:40887,192.168.3.117*,4,340,2,192,2,148
D4:F5:47:82:0E:C6,ALL,udp:40887,8.8.8.8*,4,340,2,148,2,192
D4:F5:47:82:0E:C6,ALL,udp:48308,192.168.3.117*,4,340,2,192,2,148
D4:F5:47:82:0E:C6,ALL,udp:48308,8.8.8.8*,4,340,2,148,2,192
D4:F5:47:82:0E:C6,ALL,udp:60066,192.168.3.117*,4,476,2,326,2,150
D4:F5:47:82:0E:C6,ALL,udp:60066,8.8.8.8*,4,476,2,150,2,326
D4:F5:47:82:0E:C6,ALL,udp:60728,192.168.3.117*,4,340,2,192,2,148
D4:F5:47:82:0E:C6,ALL,udp:60728,8.8.8.8*,4,340,2,148,2,192
D4:F5:47:82:0E:C6,ALL,udp:36293,192.168.3.117*,4,340,2,192,2,148
D4:F5:47:82:0E:C6,ALL,udp:36293,8.8.8.8*,4,340,2,148,2,192
D4:F5:47:82:0E:C6,ALL,udp:38895,192.168.3.117*,4,340,2,192,2,148
D4:F5:47:82:0E:C6,ALL,udp:38895,8.8.8.8*,4,340,2,148,2,192
D4:F5:47:82:0E:C6,ALL,udp:48468,192.168.3.117*,4,340,2,192,2,148
D4:F5:47:82:0E:C6,ALL,udp:48468,8.8.8.8*,4,340,2,148,2,192
D4:F5:47:82:0E:C6,ALL,udp:50542,192.168.3.117*,4,340,2,192,2,148
D4:F5:47:82:0E:C6,ALL,udp:50542,8.8.8.8*,4,340,2,148,2,192
D4:F5:47:82:0E:C6,ALL,udp:55428,192.168.3.117*,4,340,2,192,2,148
D4:F5:47:82:0E:C6,ALL,udp:55428,8.8.8.8*,4,340,2,148,2,192
D4:F5:47:82:0E:C6,ALL,udp:46805,192.168.3.117*,4,340,2,192,2,148
D4:F5:47:82:0E:C6,ALL,udp:46805,8.8.8.8*,4,340,2,148,2,192
D4:F5:47:82:0E:C6,ALL,udp:36448,192.168.3.117*,4,340,2,192,2,148
D4:F5:47:82:0E:C6,ALL,udp:36448,8.8.8.8*,4,340,2,148,2,192
D4:F5:47:82:0E:C6,ALL,udp:41175,192.168.3.117*,4,340,2,192,2,148
D4:F5:47:82:0E:C6,ALL,udp:41175,8.8.8.8*,4,340,2,148,2,192
D4:F5:47:82:0E:C6,ALL,udp:37931,192.168.3.117*,4,340,2,192,2,148
D4:F5:47:82:0E:C6,ALL,udp:37931,8.8.8.8*,4,340,2,148,2,192
D4:F5:47:82:0E:C6,ALL,udp:56626,192.168.3.117*,4,340,2,192,2,148
D4:F5:47:82:0E:C6,ALL,udp:56626,8.8.8.8*,4,340,2,148,2,192
D4:F5:47:82:0E:C6,ALL,udp:35618,192.168.3.117*,4,340,2,192,2,148
D4:F5:47:82:0E:C6,ALL,udp:35618,8.8.8.8*,4,340,2,148,2,192
D4:F5:47:82:0E:C6,ALL,udp:39075,192.168.3.117*,4,340,2,192,2,148
D4:F5:47:82:0E:C6,ALL,udp:39075,8.8.8.8*,4,340,2,148,2,192
D4:F5:47:82:0E:C6,ALL,udp:38994,192.168.3.117*,4,340,2,192,2,148
D4:F5:47:82:0E:C6,ALL,udp:38994,8.8.8.8*,4,340,2,148,2,192
D4:F5:47:82:0E:C6,ALL,udp:44836,192.168.3.117*,4,340,2,192,2,148
D4:F5:47:82:0E:C6,ALL,udp:44836,8.8.8.8*,4,340,2,148,2,192
D4:F5:47:82:0E:C6,ALL,udp:44027,192.168.3.117*,4,340,2,192,2,148
D4:F5:47:82:0E:C6,ALL,udp:44027,8.8.8.8*,4,340,2,148,2,192
D4:F5:47:82:0E:C6,ALL,udp:34419,192.168.3.117*,4,340,2,192,2,148
D4:F5:47:82:0E:C6,ALL,udp:34419,8.8.8.8*,4,340,2,148,2,192
D4:F5:47:82:0E:C6,ALL,udp:44171,192.168.3.117*,4,340,2,192,2,148
D4:F5:47:82:0E:C6,ALL,udp:44171,8.8.8.8*,4,340,2,148,2,192
D4:F5:47:82:0E:C6,ALL,udp:36111,192.168.3.117*,4,680,2,524,2,156
D4:F5:47:82:0E:C6,ALL,udp:36111,8.8.8.8*,4,680,2,156,2,524
D4:F5:47:82:0E:C6,ALL,udp:36633,192.168.3.117*,4,340,2,192,2,148
D4:F5:47:82:0E:C6,ALL,udp:36633,8.8.8.8*,4,340,2,148,2,192
D4:F5:47:82:0E:C6,ALL,udp:39308,192.168.3.117*,4,340,2,192,2,148
D4:F5:47:82:0E:C6,ALL,udp:39308,8.8.8.8*,4,340,2,148,2,192
D4:F5:47:82:0E:C6,ALL,udp:48827,192.168.3.117*,4,340,2,192,2,148
D4:F5:47:82:0E:C6,ALL,udp:48827,8.8.8.8*,4,340,2,148,2,192
D4:F5:47:82:0E:C6,ALL,udp:55591,192.168.3.117*,4,340,2,192,2,148
D4:F5:47:82:0E:C6,ALL,udp:55591,8.8.8.8*,4,340,2,148,2,192
D4:F5:47:82:0E:C6,ALL,udp:33315,192.168.3.117*,4,340,2,192,2,148
D4:F5:47:82:0E:C6,ALL,udp:33315,8.8.8.8*,4,340,2,148,2,192
D4:F5:47:82:0E:C6,ALL,udp:52685,192.168.3.117*,4,340,2,192,2,148
D4:F5:47:82:0E:C6,ALL,udp:52685,8.8.8.8*,4,340,2,148,2,192
D4:F5:47:82:0E:C6,ALL,udp:47811,192.168.3.117*,4,340,2,192,2,148
D4:F5:47:82:0E:C6,ALL,udp:47811,8.8.8.8*,4,340,2,148,2,192
D4:F5:47:82:0E:C6,ALL,udp:56010,192.168.3.117*,4,476,2,326,2,150
D4:F5:47:82:0E:C6,ALL,udp:56010,8.8.8.8*,4,476,2,150,2,326
D4:F5:47:82:0E:C6,ALL,udp:52165,192.168.3.117*,4,340,2,192,2,148
D4:F5:47:82:0E:C6,ALL,udp:52165,8.8.8.8*,4,340,2,148,2,192
D4:F5:47:82:0E:C6,ALL,udp:44846,192.168.3.117*,4,340,2,192,2,148
D4:F5:47:82:0E:C6,ALL,udp:44846,8.8.8.8*,4,340,2,148,2,192
D4:F5:47:82:0E:C6,ALL,udp:45677,192.168.3.117*,4,340,2,192,2,148
D4:F5:47:82:0E:C6,ALL,udp:45677,8.8.8.8*,4,340,2,148,2,192
D4:F5:47:82:0E:C6,ALL,udp:54464,192.168.3.117*,4,340,2,192,2,148
D4:F5:47:82:0E:C6,ALL,udp:54464,8.8.8.8*,4,340,2,148,2,192
D4:F5:47:82:0E:C6,ALL,udp:33291,192.168.3.117*,4,340,2,192,2,148
D4:F5:47:82:0E:C6,ALL,udp:33291,8.8.8.8*,4,340,2,148,2,192
D4:F5:47:82:0E:C6,ALL,udp:59419,192.168.3.117*,4,340,2,192,2,148
D4:F5:47:82:0E:C6,ALL,udp:59419,8.8.8.8*,4,340,2,148,2,192
D4:F5:47:82:0E:C6,ALL,udp:54450,192.168.3.117*,4,340,2,192,2,148
D4:F5:47:82:0E:C6,ALL,udp:54450,8.8.8.8*,4,340,2,148,2,192
D4:F5:47:82:0E:C6,ALL,udp:35092,192.168.3.117*,4,476,2,326,2,150
D4:F5:47:82:0E:C6,ALL,udp:35092,8.8.8.8*,4,476,2,150,2,326
D4:F5:47:82:0E:C6,ALL,udp:60650,192.168.3.117*,4,340,2,192,2,148
D4:F5:47:82:0E:C6,ALL,udp:60650,8.8.8.8*,4,340,2,148,2,192
D4:F5:47:82:0E:C6,ALL,udp:60577,192.168.3.117*,4,340,2,192,2,148
D4:F5:47:82:0E:C6,ALL,udp:60577,8.8.8.8*,4,340,2,148,2,192
D4:F5:47:82:0E:C6,ALL,udp:52421,192.168.3.117*,4,340,2,192,2,148
D4:F5:47:82:0E:C6,ALL,udp:52421,8.8.8.8*,4,340,2,148,2,192
D4:F5:47:82:0E:C6,ALL,udp:48593,192.168.3.117*,4,340,2,192,2,148
D4:F5:47:82:0E:C6,ALL,udp:48593,8.8.8.8*,4,340,2,148,2,192
D4:F5:47:82:0E:C6,ALL,udp:36430,192.168.3.117*,4,340,2,192,2,148
D4:F5:47:82:0E:C6,ALL,udp:36430,8.8.8.8*,4,340,2,148,2,192
D4:F5:47:82:0E:C6,ALL,udp:54402,192.168.3.117*,4,340,2,192,2,148
D4:F5:47:82:0E:C6,ALL,udp:54402,8.8.8.8*,4,340,2,148,2,192
D4:F5:47:82:0E:C6,ALL,udp:51684,192.168.3.117*,4,340,2,192,2,148
D4:F5:47:82:0E:C6,ALL,udp:51684,8.8.8.8*,4,340,2,148,2,192
D4:F5:47:82:0E:C6,ALL,udp:36433,192.168.3.117*,4,340,2,192,2,148
D4:F5:47:82:0E:C6,ALL,udp:36433,8.8.8.8*,4,340,2,148,2,192
D4:F5:47:82:0E:C6,ALL,udp:49115,192.168.3.117*,4,340,2,192,2,148
D4:F5:47:82:0E:C6,ALL,udp:49115,8.8.8.8*,4,340,2,148,2,192
D4:F5:47:82:0E:C6,ALL,udp:59230,216.239.35.12,2,180,1,90,1,90
D4:F5:47:82:0E:C6,ALL,udp:59230,8.8.8.8,4,476,2,150,2,326
D4:F5:47:82:0E:C6,ALL,udp:41543,192.168.3.117*,4,340,2,192,2,148
D4:F5:47:82:0E:C6,ALL,udp:41543,8.8.8.8*,4,340,2,148,2,192
D4:F5:47:82:0E:C6,ALL,udp:36522,192.168.3.117*,4,340,2,192,2,148
D4:F5:47:82:0E:C6,ALL,udp:36522,8.8.8.8*,4,340,2,148,2,192
D4:F5:47:82:0E:C6,ALL,udp:37722,192.168.3.117*,4,340,2,192,2,148
D4:F5:47:82:0E:C6,ALL,udp:37722,8.8.8.8*,4,340,2,148,2,192
D4:F5:47:82:0E:C6,ALL,udp:35624,192.168.3.117*,4,340,2,192,2,148
D4:F5:47:82:0E:C6,ALL,udp:35624,8.8.8.8*,4,340,2,148,2,192
D4:F5:47:82:0E:C6,ALL,udp:59159,192.168.3.117*,4,340,2,192,2,148
D4:F5:47:82:0E:C6,ALL,udp:59159,8.8.8.8*,4,340,2,148,2,192
D4:F5:47:82:0E:C6,ALL,udp:57463,192.168.3.117*,4,340,2,192,2,148
D4:F5:47:82:0E:C6,ALL,udp:57463,8.8.8.8*,4,340,2,148,2,192
D4:F5:47:82:0E:C6,ALL,udp:46323,192.168.3.117*,4,340,2,192,2,148
D4:F5:47:82:0E:C6,ALL,udp:46323,8.8.8.8*,4,340,2,148,2,192
D4:F5:47:82:0E:C6,ALL,udp:43391,192.168.3.117*,4,704,2,536,2,168
D4:F5:47:82:0E:C6,ALL,udp:43391,8.8.8.8*,4,704,2,168,2,536
D4:F5:47:82:0E:C6,ALL,udp:43753,192.168.3.117*,4,340,2,192,2,148
D4:F5:47:82:0E:C6,ALL,udp:43753,8.8.8.8*,4,340,2,148,2,192
D4:F5:47:82:0E:C6,ALL,udp:54673,192.168.3.117*,4,476,2,326,2,150
D4:F5:47:82:0E:C6,ALL,udp:54673,8.8.8.8*,4,476,2,150,2,326
D4:F5:47:82:0E:C6,ALL,udp:42611,192.168.3.117*,4,340,2,192,2,148
D4:F5:47:82:0E:C6,ALL,udp:42611,8.8.8.8*,4,340,2,148,2,192
D4:F5:47:82:0E:C6,ALL,udp:53079,192.168.3.117*,4,340,2,192,2,148
D4:F5:47:82:0E:C6,ALL,udp:53079,8.8.8.8*,4,340,2,148,2,192
D4:F5:47:82:0E:C6,ALL,udp:49315,192.168.3.117*,4,340,2,192,2,148
D4:F5:47:82:0E:C6,ALL,udp:49315,8.8.8.8*,4,340,2,148,2,192
D4:F5:47:82:0E:C6,ALL,udp:34690,192.168.3.117*,4,340,2,192,2,148
D4:F5:47:82:0E:C6,ALL,udp:34690,8.8.8.8*,4,340,2,148,2,192
D4:F5:47:82:0E:C6,ALL,udp:59385,192.168.3.117*,4,340,2,192,2,148
D4:F5:47:82:0E:C6,ALL,udp:59385,8.8.8.8*,4,340,2,148,2,192
D4:F5:47:82:0E:C6,ALL,udp:55808,192.168.3.117*,4,340,2,192,2,148
D4:F5:47:82:0E:C6,ALL,udp:55808,8.8.8.8*,4,340,2,148,2,192
D4:F5:47:82:0E:C6,ALL,udp:33783,192.168.3.117*,4,340,2,192,2,148
D4:F5:47:82:0E:C6,ALL,udp:33783,8.8.8.8*,4,340,2,148,2,192
D4:F5:47:82:0E:C6,ALL,udp:54009,192.168.3.117*,4,340,2,192,2,148
D4:F5:47:82:0E:C6,ALL,udp:54009,8.8.8.8*,4,340,2,148,2,192
D4:F5:47:82:0E:C6,ALL,udp:60092,192.168.3.117*,4,340,2,192,2,148
D4:F5:47:82:0E:C6,ALL,udp:60092,8.8.8.8*,4,340,2,148,2,192
D4:F5:47:82:0E:C6,ALL,udp:49875,192.168.3.117*,4,340,2,192,2,148
D4:F5:47:82:0E:C6,ALL,udp:49875,8.8.8.8*,4,340,2,148,2,192
D4:F5:47:82:0E:C6,ALL,udp:38350,192.168.3.117*,4,340,2,192,2,148
D4:F5:47:82:0E:C6,ALL,udp:38350,8.8.8.8*,4,340,2,148,2,192
D4:F5:47:82:0E:C6,ALL,udp:60209,192.168.3.117*,4,476,2,326,2,150
D4:F5:47:82:0E:C6,ALL,udp:60209,8.8.8.8*,4,476,2,150,2,326
D4:F5:47:82:0E:C6,ALL,udp:58879,192.168.3.117*,4,340,2,192,2,148
D4:F5:47:82:0E:C6,ALL,udp:58879,8.8.8.8*,4,340,2,148,2,192
D4:F5:47:82:0E:C6,ALL,udp:35865,192.168.3.117*,4,340,2,192,2,148
D4:F5:47:82:0E:C6,ALL,udp:35865,8.8.8.8*,4,340,2,148,2,192
D4:F5:47:82:0E:C6,ALL,udp:41767,192.168.3.117*,4,340,2,192,2,148
D4:F5:47:82:0E:C6,ALL,udp:41767,8.8.8.8*,4,340,2,148,2,192
D4:F5:47:82:0E:C6,ALL,udp:56260,192.168.3.117*,4,340,2,192,2,148
D4:F5:47:82:0E:C6,ALL,udp:56260,8.8.8.8*,4,340,2,148,2,192
D4:F5:47:82:0E:C6,ALL,udp:58843,192.168.3.117*,4,340,2,192,2,148
D4:F5:47:82:0E:C6,ALL,udp:58843,8.8.8.8*,4,340,2,148,2,192
D4:F5:47:82:0E:C6,ALL,udp:47606,192.168.3.117*,4,476,2,326,2,150
D4:F5:47:82:0E:C6,ALL,udp:47606,8.8.8.8*,4,476,2,150,2,326
D4:F5:47:82:0E:C6,ALL,udp:34205,192.168.3.117*,4,340,2,192,2,148
D4:F5:47:82:0E:C6,ALL,udp:34205,8.8.8.8*,4,340,2,148,2,192
D4:F5:47:82:0E:C6,ALL,udp:41190,192.168.3.117*,4,340,2,192,2,148
D4:F5:47:82:0E:C6,ALL,udp:41190,8.8.8.8*,4,340,2,148,2,192
D4:F5:47:82:0E:C6,ALL,udp:40432,192.168.3.117*,4,340,2,192,2,148
D4:F5:47:82:0E:C6,ALL,udp:40432,8.8.8.8*,4,340,2,148,2,192
D4:F5:47:82:0E:C6,ALL,udp:52222,192.168.3.117*,4,340,2,192,2,148
D4:F5:47:82:0E:C6,ALL,udp:52222,8.8.8.8*,4,340,2,148,2,192
D4:F5:47:82:0E:C6,ALL,udp:51940,192.168.3.117*,4,340,2,192,2,148
D4:F5:47:82:0E:C6,ALL,udp:51940,8.8.8.8*,4,340,2,148,2,192
D4:F5:47:82:0E:C6,ALL,udp:57646,192.168.3.117*,4,476,2,326,2,150
D4:F5:47:82:0E:C6,ALL,udp:57646,8.8.8.8*,4,476,2,150,2,326
D4:F5:47:82:0E:C6,ALL,udp:42855,192.168.3.117*,4,340,2,192,2,148
D4:F5:47:82:0E:C6,ALL,udp:42855,8.8.8.8*,4,340,2,148,2,192
D4:F5:47:82:0E:C6,ALL,udp:59013,192.168.3.117*,4,340,2,192,2,148
D4:F5:47:82:0E:C6,ALL,udp:59013,8.8.8.8*,4,340,2,148,2,192
D4:F5:47:82:0E:C6,ALL,udp:39003,192.168.3.117*,4,340,2,192,2,148
D4:F5:47:82:0E:C6,ALL,udp:39003,8.8.8.8*,4,340,2,148,2,192
D4:F5:47:82:0E:C6,ALL,udp:43813,192.168.3.117*,4,340,2,192,2,148
D4:F5:47:82:0E:C6,ALL,udp:43813,8.8.8.8*,4,340,2,148,2,192
D4:F5:47:82:0E:C6,ALL,udp:53826,192.168.3.117*,4,340,2,192,2,148
D4:F5:47:82:0E:C6,ALL,udp:53826,8.8.8.8*,4,340,2,148,2,192
D4:F5:47:82:0E:C6,ALL,udp:34522,192.168.3.117*,4,340,2,192,2,148
D4:F5:47:82:0E:C6,ALL,udp:34522,8.8.8.8*,4,340,2,148,2,192
D4:F5:47:82:0E:C6,ALL,udp:53436,192.168.3.117*,4,340,2,192,2,148
D4:F5:47:82:0E:C6,ALL,udp:53436,8.8.8.8*,4,340,2,148,2,192
D4:F5:47:82:0E:C6,ALL,udp:48417,192.168.3.117*,4,340,2,192,2,148
D4:F5:47:82:0E:C6,ALL,udp:48417,8.8.8.8*,4,340,2,148,2,192
D4:F5:47:82:0E:C6,ALL,udp:39802,192.168.3.117*,4,340,2,192,2,148
D4:F5:47:82:0E:C6,ALL,udp:39802,8.8.8.8*,4,340,2,148,2,192
D4:F5:47:82:0E:C6,ALL,udp:44673,192.168.3.117*,4,340,2,192,2,148
D4:F5:47:82:0E:C6,ALL,udp:44673,8.8.8.8*,4,340,2,148,2,192
D4:F5:47:82:0E:C6,ALL,udp:35798,192.168.3.117*,4,340,2,192,2,148
D4:F5:47:82:0E:C6,ALL,udp:35798,8.8.8.8*,4,340,2,148,2,192
D4:F5:47:82:0E:C6,ALL,udp:39952,192.168.3.117*,4,340,2,192,2,148
D4:F5:47:82:0E:C6,ALL,udp:39952,8.8.8.8*,4,340,2,148,2,192
D4:F5:47:82:0E:C6,ALL,udp:35332,192.168.3.117*,4,476,2,326,2,150
D4:F5:47:82:0E:C6,ALL,udp:35332,8.8.8.8*,4,476,2,150,2,326
D4:F5:47:82:0E:C6,ALL,udp:48536,192.168.3.117*,4,340,2,192,2,148
D4:F5:47:82:0E:C6,ALL,udp:48536,8.8.8.8*,4,340,2,148,2,192
D4:F5:47:82:0E:C6,ALL,udp:51167,192.168.3.117*,4,340,2,192,2,148
D4:F5:47:82:0E:C6,ALL,udp:51167,8.8.8.8*,4,340,2,148,2,192
D4:F5:47:82:0E:C6,ALL,udp:42243,192.168.3.117*,4,340,2,192,2,148
D4:F5:47:82:0E:C6,ALL,udp:42243,8.8.8.8*,4,340,2,148,2,192
D4:F5:47:82:0E:C6,ALL,udp:46396,192.168.3.117*,4,340,2,192,2,148
D4:F5:47:82:0E:C6,ALL,udp:46396,8.8.8.8*,4,340,2,148,2,192
D4:F5:47:82:0E:C6,ALL,udp:47867,192.168.3.117*,4,340,2,192,2,148
D4:F5:47:82:0E:C6,ALL,udp:47867,8.8.8.8*,4,340,2,148,2,192
D4:F5:47:82:0E:C6,ALL,udp:51196,142.251.32.110*,17,10547,9,7033,8,3514
D4:F5:47:82:0E:C6,ALL,udp:51196,8.8.8.8*,4,340,2,148,2,192
D4:F5:47:82:0E:C6,ALL,udp:35764,192.168.3.117*,4,340,2,192,2,148
D4:F5:47:82:0E:C6,ALL,udp:35764,8.8.8.8*,4,340,2,148,2,192
D4:F5:47:82:0E:C6,ALL,udp:53047,192.168.3.117*,4,340,2,192,2,148
D4:F5:47:82:0E:C6,ALL,udp:53047,8.8.8.8*,4,340,2,148,2,192
D4:F5:47:82:0E:C6,ALL,udp:60003,192.168.3.117*,4,340,2,192,2,148
D4:F5:47:82:0E:C6,ALL,udp:60003,8.8.8.8*,4,340,2,148,2,192
D4:F5:47:82:0E:C6,ALL,udp:35747,192.168.3.117*,4,340,2,192,2,148
D4:F5:47:82:0E:C6,ALL,udp:35747,8.8.8.8*,4,340,2,148,2,192
D4:F5:47:82:0E:C6,ALL,udp:48644,192.168.3.117*,4,340,2,192,2,148
D4:F5:47:82:0E:C6,ALL,udp:48644,8.8.8.8*,4,340,2,148,2,192
D4:F5:47:82:0E:C6,ALL,udp:51947,192.168.3.117*,4,340,2,192,2,148
D4:F5:47:82:0E:C6,ALL,udp:51947,8.8.8.8*,4,340,2,148,2,192
D4:F5:47:82:0E:C6,ALL,udp:44548,192.168.3.117*,4,340,2,192,2,148
D4:F5:47:82:0E:C6,ALL,udp:44548,8.8.8.8*,4,340,2,148,2,192
D4:F5:47:82:0E:C6,ALL,udp:50984,192.168.3.117*,4,340,2,192,2,148
D4:F5:47:82:0E:C6,ALL,udp:50984,8.8.8.8*,4,340,2,148,2,192
D4:F5:47:82:0E:C6,ALL,udp:54248,192.168.3.117*,4,340,2,192,2,148
D4:F5:47:82:0E:C6,ALL,udp:54248,8.8.8.8*,4,340,2,148,2,192
D4:F5:47:82:0E:C6,ALL,udp:52159,192.168.3.117*,4,340,2,192,2,148
D4:F5:47:82:0E:C6,ALL,udp:52159,8.8.8.8*,4,340,2,148,2,192
D4:F5:47:82:0E:C6,ALL,udp:52979,192.168.3.117*,4,340,2,192,2,148
D4:F5:47:82:0E:C6,ALL,udp:52979,8.8.8.8*,4,340,2,148,2,192
D4:F5:47:82:0E:C6,ALL,udp:59999,192.168.3.117*,4,340,2,192,2,148
D4:F5:47:82:0E:C6,ALL,udp:59999,8.8.8.8*,4,340,2,148,2,192
D4:F5:47:82:0E:C6,ALL,udp:60301,192.168.3.117*,4,340,2,192,2,148
D4:F5:47:82:0E:C6,ALL,udp:60301,8.8.8.8*,4,340,2,148,2,192
D4:F5:47:82:0E:C6,ALL,udp:52565,192.168.3.117*,4,340,2,192,2,148
D4:F5:47:82:0E:C6,ALL,udp:52565,8.8.8.8*,4,340,2,148,2,192
D4:F5:47:82:0E:C6,ALL,udp:33845,192.168.3.117*,4,340,2,192,2,148
D4:F5:47:82:0E:C6,ALL,udp:33845,8.8.8.8*,4,340,2,148,2,192
D4:F5:47:82:0E:C6,ALL,udp:36780,192.168.3.117*,4,340,2,192,2,148
D4:F5:47:82:0E:C6,ALL,udp:36780,8.8.8.8*,4,340,2,148,2,192
D4:F5:47:82:0E:C6,ALL,udp:50678,192.168.3.117*,4,340,2,192,2,148
D4:F5:47:82:0E:C6,ALL,udp:50678,8.8.8.8*,4,340,2,148,2,192
D4:F5:47:82:0E:C6,ALL,udp:48847,192.168.3.117*,4,340,2,192,2,148
D4:F5:47:82:0E:C6,ALL,udp:48847,8.8.8.8*,4,340,2,148,2,192
D4:F5:47:82:0E:C6,ALL,udp:43897,192.168.3.117*,4,340,2,192,2,148
D4:F5:47:82:0E:C6,ALL,udp:43897,8.8.8.8*,4,340,2,148,2,192
D4:F5:47:82:0E:C6,ALL,udp:46204,192.168.3.117*,4,340,2,192,2,148
D4:F5:47:82:0E:C6,ALL,udp:46204,8.8.8.8*,4,340,2,148,2,192
D4:F5:47:82:0E:C6,ALL,udp:51948,192.168.3.117*,4,340,2,192,2,148
D4:F5:47:82:0E:C6,ALL,udp:51948,8.8.8.8*,4,340,2,148,2,192
D4:F5:47:82:0E:C6,ALL,udp:55110,192.168.3.117*,4,340,2,192,2,148
D4:F5:47:82:0E:C6,ALL,udp:55110,8.8.8.8*,4,340,2,148,2,192
D4:F5:47:82:0E:C6,ALL,udp:37261,192.168.3.117*,4,340,2,192,2,148
D4:F5:47:82:0E:C6,ALL,udp:37261,8.8.8.8*,4,340,2,148,2,192
D4:F5:47:82:0E:C6,ALL,udp:49230,192.168.3.117*,4,340,2,192,2,148
D4:F5:47:82:0E:C6,ALL,udp:49230,8.8.8.8*,4,340,2,148,2,192
D4:F5:47:82:0E:C6,ALL,udp:58044,192.168.3.117*,4,340,2,192,2,148
D4:F5:47:82:0E:C6,ALL,udp:58044,8.8.8.8*,4,340,2,148,2,192
D4:F5:47:82:0E:C6,ALL,udp:44645,192.168.3.117*,4,340,2,192,2,148
D4:F5:47:82:0E:C6,ALL,udp:44645,8.8.8.8*,4,340,2,148,2,192
D4:F5:47:82:0E:C6,ALL,udp:54880,192.168.3.117*,4,340,2,192,2,148
D4:F5:47:82:0E:C6,ALL,udp:54880,8.8.8.8*,4,340,2,148,2,192
D4:F5:47:82:0E:C6,ALL,udp:47749,192.168.3.117*,4,340,2,192,2,148
D4:F5:47:82:0E:C6,ALL,udp:47749,8.8.8.8*,4,340,2,148,2,192
D4:F5:47:82:0E:C6,ALL,udp:33138,192.168.3.117*,4,340,2,192,2,148
D4:F5:47:82:0E:C6,ALL,udp:33138,8.8.8.8*,4,340,2,148,2,192
D4:F5:47:82:0E:C6,ALL,udp:54803,192.168.3.117*,4,340,2,192,2,148
D4:F5:47:82:0E:C6,ALL,udp:54803,8.8.8.8*,4,340,2,148,2,192
D4:F5:47:82:0E:C6,ALL,udp:41001,192.168.3.117*,4,476,2,326,2,150
D4:F5:47:82:0E:C6,ALL,udp:41001,8.8.8.8*,4,476,2,150,2,326
D4:F5:47:82:0E:C6,ALL,udp:45937,192.168.3.117*,4,340,2,192,2,148
D4:F5:47:82:0E:C6,ALL,udp:45937,8.8.8.8*,4,340,2,148,2,192
D4:F5:47:82:0E:C6,ALL,udp:33016,192.168.3.117*,4,340,2,192,2,148
D4:F5:47:82:0E:C6,ALL,udp:33016,8.8.8.8*,4,340,2,148,2,192
D4:F5:47:82:0E:C6,ALL,udp:42425,192.168.3.117*,4,340,2,192,2,148
D4:F5:47:82:0E:C6,ALL,udp:42425,8.8.8.8*,4,340,2,148,2,192
D4:F5:47:82:0E:C6,ALL,udp:48427,192.168.3.117*,4,340,2,192,2,148
D4:F5:47:82:0E:C6,ALL,udp:48427,8.8.8.8*,4,340,2,148,2,192
D4:F5:47:82:0E:C6,ALL,udp:37243,192.168.3.117*,4,340,2,192,2,148
D4:F5:47:82:0E:C6,ALL,udp:37243,8.8.8.8*,4,340,2,148,2,192
D4:F5:47:82:0E:C6,ALL,udp:40509,192.168.3.117*,4,340,2,192,2,148
D4:F5:47:82:0E:C6,ALL,udp:40509,8.8.8.8*,4,340,2,148,2,192
D4:F5:47:82:0E:C6,ALL,udp:52189,192.168.3.117*,4,340,2,192,2,148
D4:F5:47:82:0E:C6,ALL,udp:52189,8.8.8.8*,4,340,2,148,2,192
D4:F5:47:82:0E:C6,ALL,udp:53944,192.168.3.117*,4,492,2,334,2,158
D4:F5:47:82:0E:C6,ALL,udp:53944,8.8.8.8*,4,492,2,158,2,334
D4:F5:47:82:0E:C6,ALL,udp:38742,192.168.3.117*,4,340,2,192,2,148
D4:F5:47:82:0E:C6,ALL,udp:38742,8.8.8.8*,4,340,2,148,2,192
D4:F5:47:82:0E:C6,ALL,udp:58444,192.168.3.117*,4,340,2,192,2,148
D4:F5:47:82:0E:C6,ALL,udp:58444,8.8.8.8*,4,340,2,148,2,192
D4:F5:47:82:0E:C6,ALL,udp:55354,192.168.3.117*,4,340,2,192,2,148
D4:F5:47:82:0E:C6,ALL,udp:55354,8.8.8.8*,4,340,2,148,2,192
D4:F5:47:82:0E:C6,ALL,udp:60660,192.168.3.117*,4,340,2,192,2,148
D4:F5:47:82:0E:C6,ALL,udp:60660,8.8.8.8*,4,340,2,148,2,192
D4:F5:47:82:0E:C6,ALL,udp:55616,192.168.3.117*,4,340,2,192,2,148
D4:F5:47:82:0E:C6,ALL,udp:55616,8.8.8.8*,4,340,2,148,2,192
D4:F5:47:82:0E:C6,ALL,udp:60920,192.168.3.117*,4,340,2,192,2,148
D4:F5:47:82:0E:C6,ALL,udp:60920,8.8.8.8*,4,340,2,148,2,192
D4:F5:47:82:0E:C6,ALL,udp:36472,192.168.3.117*,4,340,2,192,2,148
D4:F5:47:82:0E:C6,ALL,udp:36472,8.8.8.8*,4,340,2,148,2,192
D4:F5:47:82:0E:C6,ALL,udp:54308,192.168.3.117*,4,340,2,192,2,148
D4:F5:47:82:0E:C6,ALL,udp:54308,8.8.8.8*,4,340,2,148,2,192
D4:F5:47:82:0E:C6,ALL,udp:39623,192.168.3.117*,4,340,2,192,2,148
D4:F5:47:82:0E:C6,ALL,udp:39623,8.8.8.8*,4,340,2,148,2,192
D4:F5:47:82:0E:C6,ALL,udp:44379,192.168.3.117*,4,340,2,192,2,148
D4:F5:47:82:0E:C6,ALL,udp:44379,8.8.8.8*,4,340,2,148,2,192
D4:F5:47:82:0E:C6,ALL,udp:60729,192.168.3.117*,4,340,2,192,2,148
D4:F5:47:82:0E:C6,ALL,udp:60729,8.8.8.8*,4,340,2,148,2,192
D4:F5:47:82:0E:C6,ALL,udp:51758,192.168.3.117*,4,340,2,192,2,148
D4:F5:47:82:0E:C6,ALL,udp:51758,8.8.8.8*,4,340,2,148,2,192
D4:F5:47:82:0E:C6,ALL,udp:42659,192.168.3.117*,4,340,2,192,2,148
D4:F5:47:82:0E:C6,ALL,udp:42659,8.8.8.8*,4,340,2,148,2,192
D4:F5:47:82:0E:C6,ALL,udp:57080,192.168.3.117*,4,340,2,192,2,148
D4:F5:47:82:0E:C6,ALL,udp:57080,8.8.8.8*,4,340,2,148,2,192
D4:F5:47:82:0E:C6,ALL,udp:59458,192.168.3.117*,4,340,2,192,2,148
D4:F5:47:82:0E:C6,ALL,udp:59458,8.8.8.8*,4,340,2,148,2,192
D4:F5:47:82:0E:C6,ALL,udp:55313,192.168.3.117*,4,340,2,192,2,148
D4:F5:47:82:0E:C6,ALL,udp:55313,8.8.8.8*,4,340,2,148,2,192
D4:F5:47:82:0E:C6,ALL,udp:44067,192.168.3.117*,4,340,2,192,2,148
D4:F5:47:82:0E:C6,ALL,udp:44067,8.8.8.8*,4,340,2,148,2,192
D4:F5:47:82:0E:C6,ALL,udp:39651,192.168.3.117*,4,340,2,192,2,148
D4:F5:47:82:0E:C6,ALL,udp:39651,8.8.8.8*,4,340,2,148,2,192
D4:F5:47:82:0E:C6,ALL,udp:45260,192.168.3.117*,4,340,2,192,2,148
D4:F5:47:82:0E:C6,ALL,udp:45260,8.8.8.8*,4,340,2,148,2,192
D4:F5:47:82:0E:C6,ALL,udp:47589,192.168.3.117*,4,340,2,192,2,148
D4:F5:47:82:0E:C6,ALL,udp:47589,8.8.8.8*,4,340,2,148,2,192
D4:F5:47:82:0E:C6,ALL,udp:36173,192.168.3.117*,4,476,2,326,2,150
D4:F5:47:82:0E:C6,ALL,udp:36173,8.8.8.8*,4,476,2,150,2,326
D4:F5:47:82:0E:C6,ALL,udp:40298,192.168.3.117*,4,340,2,192,2,148
D4:F5:47:82:0E:C6,ALL,udp:40298,8.8.8.8*,4,340,2,148,2,192
D4:F5:47:82:0E:C6,ALL,udp:58838,192.168.3.117*,4,340,2,192,2,148
D4:F5:47:82:0E:C6,ALL,udp:58838,8.8.8.8*,4,340,2,148,2,192
D4:F5:47:82:0E:C6,ALL,udp:48472,192.168.3.117*,4,340,2,192,2,148
D4:F5:47:82:0E:C6,ALL,udp:48472,8.8.8.8*,4,340,2,148,2,192
D4:F5:47:82:0E:C6,ALL,udp:46004,192.168.3.117*,4,340,2,192,2,148
D4:F5:47:82:0E:C6,ALL,udp:46004,8.8.8.8*,4,340,2,148,2,192
D4:F5:47:82:0E:C6,ALL,udp:59447,192.168.3.117*,4,340,2,192,2,148
D4:F5:47:82:0E:C6,ALL,udp:59447,8.8.8.8*,4,340,2,148,2,192
D4:F5:47:82:0E:C6,ALL,udp:60012,192.168.3.117*,4,340,2,192,2,148
D4:F5:47:82:0E:C6,ALL,udp:60012,8.8.8.8*,4,340,2,148,2,192
D4:F5:47:82:0E:C6,ALL,udp:45716,192.168.3.117*,4,340,2,192,2,148
D4:F5:47:82:0E:C6,ALL,udp:45716,8.8.8.8*,4,340,2,148,2,192
D4:F5:47:82:0E:C6,ALL,udp:41471,192.168.3.117*,4,340,2,192,2,148
D4:F5:47:82:0E:C6,ALL,udp:41471,8.8.8.8*,4,340,2,148,2,192
D4:F5:47:82:0E:C6,ALL,udp:56966,192.168.3.117*,4,340,2,192,2,148
D4:F5:47:82:0E:C6,ALL,udp:56966,8.8.8.8*,4,340,2,148,2,192
D4:F5:47:82:0E:C6,ALL,udp:48116,192.168.3.117*,4,340,2,192,2,148
D4:F5:47:82:0E:C6,ALL,udp:48116,8.8.8.8*,4,340,2,148,2,192
D4:F5:47:82:0E:C6,ALL,udp:34632,192.168.3.117*,4,340,2,192,2,148
D4:F5:47:82:0E:C6,ALL,udp:34632,8.8.8.8*,4,340,2,148,2,192
D4:F5:47:82:0E:C6,ALL,udp:46377,192.168.3.117*,4,340,2,192,2,148
D4:F5:47:82:0E:C6,ALL,udp:46377,8.8.8.8*,4,340,2,148,2,192
D4:F5:47:82:0E:C6,ALL,udp:52012,192.168.3.117*,4,340,2,192,2,148
D4:F5:47:82:0E:C6,ALL,udp:52012,8.8.8.8*,4,340,2,148,2,192
D4:F5:47:82:0E:C6,ALL,udp:40653,192.168.3.117*,4,340,2,192,2,148
D4:F5:47:82:0E:C6,ALL,udp:40653,8.8.8.8*,4,340,2,148,2,192
D4:F5:47:82:0E:C6,ALL,udp:60129,192.168.3.117*,4,476,2,326,2,150
D4:F5:47:82:0E:C6,ALL,udp:60129,8.8.8.8*,4,476,2,150,2,326
D4:F5:47:82:0E:C6,ALL,udp:53920,192.168.3.117*,4,340,2,192,2,148
D4:F5:47:82:0E:C6,ALL,udp:53920,8.8.8.8*,4,340,2,148,2,192
D4:F5:47:82:0E:C6,ALL,udp:59104,192.168.3.117*,4,340,2,192,2,148
D4:F5:47:82:0E:C6,ALL,udp:59104,8.8.8.8*,4,340,2,148,2,192
D4:F5:47:82:0E:C6,ALL,udp:47790,192.168.3.117*,4,340,2,192,2,148
D4:F5:47:82:0E:C6,ALL,udp:47790,8.8.8.8*,4,340,2,148,2,192
D4:F5:47:82:0E:C6,ALL,udp:37090,192.168.3.117*,4,340,2,192,2,148
D4:F5:47:82:0E:C6,ALL,udp:37090,8.8.8.8*,4,340,2,148,2,192
D4:F5:47:82:0E:C6,ALL,udp:60902,192.168.3.117*,4,340,2,192,2,148
D4:F5:47:82:0E:C6,ALL,udp:60902,8.8.8.8*,4,340,2,148,2,192
D4:F5:47:82:0E:C6,ALL,udp:57508,216.239.35.4,2,180,1,90,1,90
D4:F5:47:82:0E:C6,ALL,udp:57508,8.8.8.8,4,340,2,148,2,192
D4:F5:47:82:0E:C6,ALL,udp:60726,192.168.3.117*,4,340,2,192,2,148
D4:F5:47:82:0E:C6,ALL,udp:60726,8.8.8.8*,4,340,2,148,2,192
D4:F5:47:82:0E:C6,ALL,udp:43825,192.168.3.117*,4,340,2,192,2,148
D4:F5:47:82:0E:C6,ALL,udp:43825,8.8.8.8*,4,340,2,148,2,192
D4:F5:47:82:0E:C6,ALL,udp:36542,192.168.3.117*,4,340,2,192,2,148
D4:F5:47:82:0E:C6,ALL,udp:36542,8.8.8.8*,4,340,2,148,2,192
D4:F5:47:82:0E:C6,ALL,udp:40911,192.168.3.117*,4,340,2,192,2,148
D4:F5:47:82:0E:C6,ALL,udp:40911,8.8.8.8*,4,340,2,148,2,192
D4:F5:47:82:0E:C6,ALL,udp:56285,192.168.3.117*,4,340,2,192,2,148
D4:F5:47:82:0E:C6,ALL,udp:56285,8.8.8.8*,4,340,2,148,2,192
D4:F5:47:82:0E:C6,ALL,udp:43189,192.168.3.117*,4,340,2,192,2,148
D4:F5:47:82:0E:C6,ALL,udp:43189,8.8.8.8*,4,340,2,148,2,192
D4:F5:47:82:0E:C6,ALL,udp:42249,192.168.3.117*,4,340,2,192,2,148
D4:F5:47:82:0E:C6,ALL,udp:42249,8.8.8.8*,4,340,2,148,2,192
D4:F5:47:82:0E:C6,ALL,udp:60445,192.168.3.117*,4,340,2,192,2,148
D4:F5:47:82:0E:C6,ALL,udp:60445,8.8.8.8*,4,340,2,148,2,192
D4:F5:47:82:0E:C6,ALL,udp:48452,192.168.3.117*,4,340,2,192,2,148
D4:F5:47:82:0E:C6,ALL,udp:48452,8.8.8.8*,4,340,2,148,2,192
D4:F5:47:82:0E:C6,ALL,udp:34464,192.168.3.117*,4,340,2,192,2,148
D4:F5:47:82:0E:C6,ALL,udp:34464,8.8.8.8*,4,340,2,148,2,192
D4:F5:47:82:0E:C6,ALL,udp:32827,192.168.3.117*,4,680,2,524,2,156
D4:F5:47:82:0E:C6,ALL,udp:32827,8.8.8.8*,4,680,2,156,2,524
D4:F5:47:82:0E:C6,ALL,udp:46048,192.168.3.117*,4,340,2,192,2,148
D4:F5:47:82:0E:C6,ALL,udp:46048,8.8.8.8*,4,340,2,148,2,192
D4:F5:47:82:0E:C6,ALL,udp:48124,192.168.3.117*,4,340,2,192,2,148
D4:F5:47:82:0E:C6,ALL,udp:48124,8.8.8.8*,4,340,2,148,2,192
D4:F5:47:82:0E:C6,ALL,udp:36330,192.168.3.117*,4,340,2,192,2,148
D4:F5:47:82:0E:C6,ALL,udp:36330,8.8.8.8*,4,340,2,148,2,192
D4:F5:47:82:0E:C6,ALL,udp:34892,192.168.3.117*,4,340,2,192,2,148
D4:F5:47:82:0E:C6,ALL,udp:34892,8.8.8.8*,4,340,2,148,2,192
D4:F5:47:82:0E:C6,ALL,udp:40572,192.168.3.117*,4,340,2,192,2,148
D4:F5:47:82:0E:C6,ALL,udp:40572,8.8.8.8*,4,340,2,148,2,192
D4:F5:47:82:0E:C6,ALL,udp:44308,192.168.3.117*,4,340,2,192,2,148
D4:F5:47:82:0E:C6,ALL,udp:44308,8.8.8.8*,4,340,2,148,2,192
D4:F5:47:82:0E:C6,ALL,udp:35760,192.168.3.117*,4,340,2,192,2,148
D4:F5:47:82:0E:C6,ALL,udp:35760,8.8.8.8*,4,340,2,148,2,192
D4:F5:47:82:0E:C6,ALL,udp:48767,192.168.3.117*,4,340,2,192,2,148
D4:F5:47:82:0E:C6,ALL,udp:48767,8.8.8.8*,4,340,2,148,2,192
D4:F5:47:82:0E:C6,ALL,udp:57472,192.168.3.117*,4,340,2,192,2,148
D4:F5:47:82:0E:C6,ALL,udp:57472,8.8.8.8*,4,340,2,148,2,192
D4:F5:47:82:0E:C6,ALL,udp:58830,192.168.3.117*,4,340,2,192,2,148
D4:F5:47:82:0E:C6,ALL,udp:58830,8.8.8.8*,4,340,2,148,2,192
D4:F5:47:82:0E:C6,ALL,udp:34728,192.168.3.117*,4,476,2,326,2,150
D4:F5:47:82:0E:C6,ALL,udp:34728,8.8.8.8*,4,476,2,150,2,326
D4:F5:47:82:0E:C6,ALL,udp:51412,192.168.3.117*,4,340,2,192,2,148
D4:F5:47:82:0E:C6,ALL,udp:51412,8.8.8.8*,4,340,2,148,2,192
D4:F5:47:82:0E:C6,ALL,udp:47557,192.168.3.117*,4,340,2,192,2,148
D4:F5:47:82:0E:C6,ALL,udp:47557,8.8.8.8*,4,340,2,148,2,192
D4:F5:47:82:0E:C6,ALL,udp:36918,192.168.3.117*,4,340,2,192,2,148
D4:F5:47:82:0E:C6,ALL,udp:36918,8.8.8.8*,4,340,2,148,2,192
D4:F5:47:82:0E:C6,ALL,udp:56217,192.168.3.117*,4,340,2,192,2,148
D4:F5:47:82:0E:C6,ALL,udp:56217,8.8.8.8*,4,340,2,148,2,192
D4:F5:47:82:0E:C6,ALL,udp:48136,192.168.3.117*,4,340,2,192,2,148
D4:F5:47:82:0E:C6,ALL,udp:48136,8.8.8.8*,4,340,2,148,2,192
D4:F5:47:82:0E:C6,ALL,udp:34279,192.168.3.117*,4,340,2,192,2,148
D4:F5:47:82:0E:C6,ALL,udp:34279,8.8.8.8*,4,340,2,148,2,192
D4:F5:47:82:0E:C6,ALL,udp:41210,216.239.35.4,2,180,1,90,1,90
D4:F5:47:82:0E:C6,ALL,udp:41210,8.8.8.8,4,340,2,148,2,192
D4:F5:47:82:0E:C6,ALL,udp:49353,192.168.3.117*,4,340,2,192,2,148
D4:F5:47:82:0E:C6,ALL,udp:49353,8.8.8.8*,4,340,2,148,2,192
D4:F5:47:82:0E:C6,ALL,udp:48171,192.168.3.117*,4,340,2,192,2,148
D4:F5:47:82:0E:C6,ALL,udp:48171,8.8.8.8*,4,340,2,148,2,192
D4:F5:47:82:0E:C6,ALL,udp:57760,192.168.3.117*,4,340,2,192,2,148
D4:F5:47:82:0E:C6,ALL,udp:57760,8.8.8.8*,4,340,2,148,2,192
D4:F5:47:82:0E:C6,ALL,udp:42236,192.168.3.117*,4,340,2,192,2,148
D4:F5:47:82:0E:C6,ALL,udp:42236,8.8.8.8*,4,340,2,148,2,192
D4:F5:47:82:0E:C6,ALL,udp:48402,192.168.3.117*,4,340,2,192,2,148
D4:F5:47:82:0E:C6,ALL,udp:48402,8.8.8.8*,4,340,2,148,2,192
D4:F5:47:82:0E:C6,ALL,udp:34322,192.168.3.117*,4,340,2,192,2,148
D4:F5:47:82:0E:C6,ALL,udp:34322,8.8.8.8*,4,340,2,148,2,192
D4:F5:47:82:0E:C6,ALL,udp:47728,192.168.3.117*,4,340,2,192,2,148
D4:F5:47:82:0E:C6,ALL,udp:47728,8.8.8.8*,4,340,2,148,2,192
D4:F5:47:82:0E:C6,ALL,udp:56613,192.168.3.117*,4,476,2,326,2,150
D4:F5:47:82:0E:C6,ALL,udp:56613,8.8.8.8*,4,476,2,150,2,326
D4:F5:47:82:0E:C6,ALL,udp:60812,192.168.3.117*,4,340,2,192,2,148
D4:F5:47:82:0E:C6,ALL,udp:60812,8.8.8.8*,4,340,2,148,2,192
D4:F5:47:82:0E:C6,ALL,udp:54921,192.168.3.117*,4,340,2,192,2,148
D4:F5:47:82:0E:C6,ALL,udp:54921,8.8.8.8*,4,340,2,148,2,192
D4:F5:47:82:0E:C6,ALL,udp:52409,216.239.35.0,2,180,1,90,1,90
D4:F5:47:82:0E:C6,ALL,udp:52409,8.8.8.8,4,340,2,148,2,192
D4:F5:47:82:0E:C6,ALL,udp:54907,192.168.3.117*,4,340,2,192,2,148
D4:F5:47:82:0E:C6,ALL,udp:54907,8.8.8.8*,4,340,2,148,2,192
D4:F5:47:82:0E:C6,ALL,udp:41625,192.168.3.117*,4,340,2,192,2,148
D4:F5:47:82:0E:C6,ALL,udp:41625,8.8.8.8*,4,340,2,148,2,192
D4:F5:47:82:0E:C6,ALL,udp:53344,216.239.35.8,2,180,1,90,1,90
D4:F5:47:82:0E:C6,ALL,udp:53344,8.8.8.8,4,340,2,148,2,192
D4:F5:47:82:0E:C6,ALL,udp:37769,192.168.3.117*,4,704,2,536,2,168
D4:F5:47:82:0E:C6,ALL,udp:37769,8.8.8.8*,4,704,2,168,2,536
D4:F5:47:82:0E:C6,ALL,udp:52129,192.168.3.117*,4,340,2,192,2,148
D4:F5:47:82:0E:C6,ALL,udp:52129,8.8.8.8*,4,340,2,148,2,192
D4:F5:47:82:0E:C6,ALL,udp:40853,192.168.3.117*,4,476,2,326,2,150
D4:F5:47:82:0E:C6,ALL,udp:40853,8.8.8.8*,4,476,2,150,2,326
D4:F5:47:82:0E:C6,ALL,udp:33649,192.168.3.117*,4,340,2,192,2,148
D4:F5:47:82:0E:C6,ALL,udp:33649,8.8.8.8*,4,340,2,148,2,192
D4:F5:47:82:0E:C6,ALL,udp:48550,192.168.3.117*,4,340,2,192,2,148
D4:F5:47:82:0E:C6,ALL,udp:48550,8.8.8.8*,4,340,2,148,2,192
D4:F5:47:82:0E:C6,ALL,udp:34294,192.168.3.117*,4,340,2,192,2,148
D4:F5:47:82:0E:C6,ALL,udp:34294,8.8.8.8*,4,340,2,148,2,192
D4:F5:47:82:0E:C6,ALL,udp:40013,192.168.3.117*,4,340,2,192,2,148
D4:F5:47:82:0E:C6,ALL,udp:40013,8.8.8.8*,4,340,2,148,2,192
D4:F5:47:82:0E:C6,ALL,udp:34959,192.168.3.117*,4,340,2,192,2,148
D4:F5:47:82:0E:C6,ALL,udp:34959,8.8.8.8*,4,340,2,148,2,192
D4:F5:47:82:0E:C6,ALL,udp:39071,192.168.3.117*,4,340,2,192,2,148
D4:F5:47:82:0E:C6,ALL,udp:39071,8.8.8.8*,4,340,2,148,2,192
D4:F5:47:82:0E:C6,ALL,udp:37912,192.168.3.117*,4,340,2,192,2,148
D4:F5:47:82:0E:C6,ALL,udp:37912,8.8.8.8*,4,340,2,148,2,192
D4:F5:47:82:0E:C6,ALL,udp:36919,192.168.3.117*,4,340,2,192,2,148
D4:F5:47:82:0E:C6,ALL,udp:36919,8.8.8.8*,4,340,2,148,2,192
D4:F5:47:82:0E:C6,ALL,udp:49741,192.168.3.117*,4,340,2,192,2,148
D4:F5:47:82:0E:C6,ALL,udp:49741,8.8.8.8*,4,340,2,148,2,192
D4:F5:47:82:0E:C6,ALL,udp:49425,192.168.3.117*,4,340,2,192,2,148
D4:F5:47:82:0E:C6,ALL,udp:49425,8.8.8.8*,4,340,2,148,2,192
D4:F5:47:82:0E:C6,ALL,udp:39866,192.168.3.117*,4,340,2,192,2,148
D4:F5:47:82:0E:C6,ALL,udp:39866,8.8.8.8*,4,340,2,148,2,192
D4:F5:47:82:0E:C6,ALL,udp:42084,192.168.3.117*,4,476,2,326,2,150
D4:F5:47:82:0E:C6,ALL,udp:42084,8.8.8.8*,4,476,2,150,2,326
D4:F5:47:82:0E:C6,ALL,udp:34958,192.168.3.117*,4,340,2,192,2,148
D4:F5:47:82:0E:C6,ALL,udp:34958,8.8.8.8*,4,340,2,148,2,192
D4:F5:47:82:0E:C6,ALL,udp:60948,192.168.3.117*,4,340,2,192,2,148
D4:F5:47:82:0E:C6,ALL,udp:60948,8.8.8.8*,4,340,2,148,2,192
D4:F5:47:82:0E:C6,ALL,udp:42281,192.168.3.117*,4,340,2,192,2,148
D4:F5:47:82:0E:C6,ALL,udp:42281,8.8.8.8*,4,340,2,148,2,192
D4:F5:47:82:0E:C6,ALL,udp:50900,192.168.3.117*,4,340,2,192,2,148
D4:F5:47:82:0E:C6,ALL,udp:50900,8.8.8.8*,4,340,2,148,2,192
D4:F5:47:82:0E:C6,ALL,udp:48080,192.168.3.117*,4,340,2,192,2,148
D4:F5:47:82:0E:C6,ALL,udp:48080,8.8.8.8*,4,340,2,148,2,192
D4:F5:47:82:0E:C6,ALL,udp:41779,192.168.3.117*,4,340,2,192,2,148
D4:F5:47:82:0E:C6,ALL,udp:41779,8.8.8.8*,4,340,2,148,2,192
D4:F5:47:82:0E:C6,ALL,udp:42585,192.168.3.117*,4,340,2,192,2,148
D4:F5:47:82:0E:C6,ALL,udp:42585,8.8.8.8*,4,340,2,148,2,192
D4:F5:47:82:0E:C6,ALL,udp:46685,192.168.3.117*,4,340,2,192,2,148
D4:F5:47:82:0E:C6,ALL,udp:46685,8.8.8.8*,4,340,2,148,2,192
D4:F5:47:82:0E:C6,ALL,udp:58213,192.168.3.117*,4,340,2,192,2,148
D4:F5:47:82:0E:C6,ALL,udp:58213,8.8.8.8*,4,340,2,148,2,192
D4:F5:47:82:0E:C6,ALL,udp:40659,192.168.3.117*,4,340,2,192,2,148
D4:F5:47:82:0E:C6,ALL,udp:40659,8.8.8.8*,4,340,2,148,2,192
D4:F5:47:82:0E:C6,ALL,udp:43750,192.168.3.117*,4,340,2,192,2,148
D4:F5:47:82:0E:C6,ALL,udp:43750,8.8.8.8*,4,340,2,148,2,192
D4:F5:47:82:0E:C6,ALL,udp:46106,192.168.3.117*,4,340,2,192,2,148
D4:F5:47:82:0E:C6,ALL,udp:46106,8.8.8.8*,4,340,2,148,2,192
D4:F5:47:82:0E:C6,ALL,udp:50206,192.168.3.117*,4,340,2,192,2,148
D4:F5:47:82:0E:C6,ALL,udp:50206,8.8.8.8*,4,340,2,148,2,192
D4:F5:47:82:0E:C6,ALL,udp:41281,192.168.3.117*,4,476,2,326,2,150
D4:F5:47:82:0E:C6,ALL,udp:41281,8.8.8.8*,4,476,2,150,2,326
D4:F5:47:82:0E:C6,ALL,udp:40966,192.168.3.117*,4,340,2,192,2,148
D4:F5:47:82:0E:C6,ALL,udp:40966,8.8.8.8*,4,340,2,148,2,192
D4:F5:47:82:0E:C6,ALL,udp:38502,192.168.3.117*,4,340,2,192,2,148
D4:F5:47:82:0E:C6,ALL,udp:38502,8.8.8.8*,4,340,2,148,2,192
D4:F5:47:82:0E:C6,ALL,udp:48724,192.168.3.117*,4,340,2,192,2,148
D4:F5:47:82:0E:C6,ALL,udp:48724,8.8.8.8*,4,340,2,148,2,192
D4:F5:47:82:0E:C6,ALL,udp:45865,192.168.3.117*,4,340,2,192,2,148
D4:F5:47:82:0E:C6,ALL,udp:45865,8.8.8.8*,4,340,2,148,2,192
D4:F5:47:82:0E:C6,ALL,udp:51932,192.168.3.117*,4,340,2,192,2,148
D4:F5:47:82:0E:C6,ALL,udp:51932,8.8.8.8*,4,340,2,148,2,192
D4:F5:47:82:0E:C6,ALL,udp:60736,192.168.3.117*,4,340,2,192,2,148
D4:F5:47:82:0E:C6,ALL,udp:60736,8.8.8.8*,4,340,2,148,2,192
D4:F5:47:82:0E:C6,ALL,udp:50248,192.168.3.117*,4,340,2,192,2,148
D4:F5:47:82:0E:C6,ALL,udp:50248,8.8.8.8*,4,340,2,148,2,192
D4:F5:47:82:0E:C6,ALL,udp:60466,192.168.3.117*,4,340,2,192,2,148
D4:F5:47:82:0E:C6,ALL,udp:60466,8.8.8.8*,4,340,2,148,2,192
D4:F5:47:82:0E:C6,ALL,udp:45399,192.168.3.117*,4,340,2,192,2,148
D4:F5:47:82:0E:C6,ALL,udp:45399,8.8.8.8*,4,340,2,148,2,192
D4:F5:47:82:0E:C6,ALL,udp:35728,192.168.3.117*,4,340,2,192,2,148
D4:F5:47:82:0E:C6,ALL,udp:35728,8.8.8.8*,4,340,2,148,2,192
D4:F5:47:82:0E:C6,ALL,udp:49358,192.168.3.117*,4,340,2,192,2,148
D4:F5:47:82:0E:C6,ALL,udp:49358,8.8.8.8*,4,340,2,148,2,192
D4:F5:47:82:0E:C6,ALL,udp:60115,192.168.3.117*,4,340,2,192,2,148
D4:F5:47:82:0E:C6,ALL,udp:60115,8.8.8.8*,4,340,2,148,2,192
D4:F5:47:82:0E:C6,ALL,udp:33900,192.168.3.117*,4,340,2,192,2,148
D4:F5:47:82:0E:C6,ALL,udp:33900,8.8.8.8*,4,340,2,148,2,192
D4:F5:47:82:0E:C6,ALL,udp:47006,192.168.3.117*,4,340,2,192,2,148
D4:F5:47:82:0E:C6,ALL,udp:47006,8.8.8.8*,4,340,2,148,2,192
D4:F5:47:82:0E:C6,ALL,udp:58171,192.168.3.117*,4,340,2,192,2,148
D4:F5:47:82:0E:C6,ALL,udp:58171,8.8.8.8*,4,340,2,148,2,192
D4:F5:47:82:0E:C6,ALL,udp:44398,192.168.3.117*,4,340,2,192,2,148
D4:F5:47:82:0E:C6,ALL,udp:44398,8.8.8.8*,4,340,2,148,2,192
D4:F5:47:82:0E:C6,ALL,udp:42826,192.168.3.117*,4,340,2,192,2,148
D4:F5:47:82:0E:C6,ALL,udp:42826,8.8.8.8*,4,340,2,148,2,192
D4:F5:47:82:0E:C6,ALL,udp:35109,192.168.3.117*,4,476,2,326,2,150
D4:F5:47:82:0E:C6,ALL,udp:35109,8.8.8.8*,4,476,2,150,2,326
D4:F5:47:82:0E:C6,ALL,udp:53582,192.168.3.117*,4,340,2,192,2,148
D4:F5:47:82:0E:C6,ALL,udp:53582,8.8.8.8*,4,340,2,148,2,192
D4:F5:47:82:0E:C6,ALL,udp:34373,192.168.3.117*,4,340,2,192,2,148
D4:F5:47:82:0E:C6,ALL,udp:34373,8.8.8.8*,4,340,2,148,2,192
D4:F5:47:82:0E:C6,ALL,udp:41042,142.250.80.110*,23,12418,13,9199,10,3219
D4:F5:47:82:0E:C6,ALL,udp:41042,8.8.8.8*,4,340,2,148,2,192
D4:F5:47:82:0E:C6,ALL,udp:53704,192.168.3.117*,4,340,2,192,2,148
D4:F5:47:82:0E:C6,ALL,udp:53704,8.8.8.8*,4,340,2,148,2,192
D4:F5:47:82:0E:C6,ALL,udp:59872,192.168.3.117*,4,340,2,192,2,148
D4:F5:47:82:0E:C6,ALL,udp:59872,8.8.8.8*,4,340,2,148,2,192
D4:F5:47:82:0E:C6,ALL,udp:43629,192.168.3.117*,4,340,2,192,2,148
D4:F5:47:82:0E:C6,ALL,udp:43629,8.8.8.8*,4,340,2,148,2,192
D4:F5:47:82:0E:C6,ALL,udp:38408,192.168.3.117*,4,340,2,192,2,148
D4:F5:47:82:0E:C6,ALL,udp:38408,8.8.8.8*,4,340,2,148,2,192
D4:F5:47:82:0E:C6,ALL,udp:59061,192.168.3.117*,4,340,2,192,2,148
D4:F5:47:82:0E:C6,ALL,udp:59061,8.8.8.8*,4,340,2,148,2,192
D4:F5:47:82:0E:C6,ALL,udp:42995,192.168.3.117*,4,340,2,192,2,148
D4:F5:47:82:0E:C6,ALL,udp:42995,8.8.8.8*,4,340,2,148,2,192
D4:F5:47:82:0E:C6,ALL,udp:42213,192.168.3.117*,4,340,2,192,2,148
D4:F5:47:82:0E:C6,ALL,udp:42213,8.8.8.8*,4,340,2,148,2,192
D4:F5:47:82:0E:C6,ALL,udp:34812,192.168.3.117*,4,340,2,192,2,148
D4:F5:47:82:0E:C6,ALL,udp:34812,8.8.8.8*,4,340,2,148,2,192
D4:F5:47:82:0E:C6,ALL,udp:41296,192.168.3.117*,4,340,2,192,2,148
D4:F5:47:82:0E:C6,ALL,udp:41296,8.8.8.8*,4,340,2,148,2,192
D4:F5:47:82:0E:C6,ALL,udp:38262,192.168.3.117*,4,476,2,326,2,150
D4:F5:47:82:0E:C6,ALL,udp:38262,8.8.8.8*,4,476,2,150,2,326
D4:F5:47:82:0E:C6,ALL,udp:40068,192.168.3.117*,4,340,2,192,2,148
D4:F5:47:82:0E:C6,ALL,udp:40068,8.8.8.8*,4,340,2,148,2,192
D4:F5:47:82:0E:C6,ALL,udp:35825,192.168.3.117*,4,340,2,192,2,148
D4:F5:47:82:0E:C6,ALL,udp:35825,8.8.8.8*,4,340,2,148,2,192
D4:F5:47:82:0E:C6,ALL,udp:33130,192.168.3.117*,4,340,2,192,2,148
D4:F5:47:82:0E:C6,ALL,udp:33130,8.8.8.8*,4,340,2,148,2,192
D4:F5:47:82:0E:C6,ALL,udp:56186,192.168.3.117*,4,340,2,192,2,148
D4:F5:47:82:0E:C6,ALL,udp:56186,8.8.8.8*,4,340,2,148,2,192
D4:F5:47:82:0E:C6,ALL,udp:44093,192.168.3.117*,4,342,2,193,2,149
D4:F5:47:82:0E:C6,ALL,udp:44093,8.8.8.8*,4,342,2,149,2,193
D4:F5:47:82:0E:C6,ALL,udp:34770,192.168.3.117*,4,476,2,326,2,150
D4:F5:47:82:0E:C6,ALL,udp:34770,8.8.8.8*,4,476,2,150,2,326
D4:F5:47:82:0E:C6,ALL,udp:41782,192.168.3.117*,4,340,2,192,2,148
D4:F5:47:82:0E:C6,ALL,udp:41782,8.8.8.8*,4,340,2,148,2,192
D4:F5:47:82:0E:C6,ALL,udp:48491,192.168.3.117*,4,340,2,192,2,148
D4:F5:47:82:0E:C6,ALL,udp:48491,8.8.8.8*,4,340,2,148,2,192
D4:F5:47:82:0E:C6,ALL,udp:36842,192.168.3.117*,4,340,2,192,2,148
D4:F5:47:82:0E:C6,ALL,udp:36842,8.8.8.8*,4,340,2,148,2,192
D4:F5:47:82:0E:C6,ALL,udp:44927,192.168.3.117*,4,340,2,192,2,148
D4:F5:47:82:0E:C6,ALL,udp:44927,8.8.8.8*,4,340,2,148,2,192
D4:F5:47:82:0E:C6,ALL,udp:42174,192.168.3.117*,4,340,2,192,2,148
D4:F5:47:82:0E:C6,ALL,udp:42174,8.8.8.8*,4,340,2,148,2,192
D4:F5:47:82:0E:C6,ALL,udp:44162,192.168.3.117*,4,340,2,192,2,148
D4:F5:47:82:0E:C6,ALL,udp:44162,8.8.8.8*,4,340,2,148,2,192
D4:F5:47:82:0E:C6,ALL,udp:46195,192.168.3.117*,4,340,2,192,2,148
D4:F5:47:82:0E:C6,ALL,udp:46195,8.8.8.8*,4,340,2,148,2,192
D4:F5:47:82:0E:C6,ALL,udp:56916,192.168.3.117*,4,476,2,326,2,150
D4:F5:47:82:0E:C6,ALL,udp:56916,8.8.8.8*,4,476,2,150,2,326
D4:F5:47:82:0E:C6,ALL,udp:45084,192.168.3.117*,4,374,2,221,2,153
D4:F5:47:82:0E:C6,ALL,udp:45084,8.8.8.8*,4,374,2,153,2,221
D4:F5:47:82:0E:C6,ALL,udp:33382,192.168.3.117*,4,704,2,536,2,168
D4:F5:47:82:0E:C6,ALL,udp:33382,8.8.8.8*,4,704,2,168,2,536
D4:F5:47:82:0E:C6,ALL,udp:59498,192.168.3.117*,4,476,2,326,2,150
D4:F5:47:82:0E:C6,ALL,udp:59498,8.8.8.8*,4,476,2,150,2,326
D4:F5:47:82:0E:C6,ALL,udp:59555,192.168.3.117*,4,476,2,326,2,150
D4:F5:47:82:0E:C6,ALL,udp:59555,8.8.8.8*,4,476,2,150,2,326
D4:F5:47:82:0E:C6,ALL,udp:32877,192.168.3.117*,4,476,2,326,2,150
D4:F5:47:82:0E:C6,ALL,udp:32877,8.8.8.8*,4,476,2,150,2,326
D4:F5:47:82:0E:C6,ALL,udp:32813,192.168.3.117*,4,476,2,326,2,150
D4:F5:47:82:0E:C6,ALL,udp:32813,8.8.8.8*,4,476,2,150,2,326
D4:F5:47:82:0E:C6,ALL,udp:38639,192.168.3.117*,4,476,2,326,2,150
D4:F5:47:82:0E:C6,ALL,udp:38639,8.8.8.8*,4,476,2,150,2,326
D4:F5:47:82:0E:C6,ALL,udp:52878,192.168.3.117*,4,680,2,524,2,156
D4:F5:47:82:0E:C6,ALL,udp:52878,8.8.8.8*,4,680,2,156,2,524
D4:F5:47:82:0E:C6,ALL,udp:38999,192.168.3.117*,4,476,2,326,2,150
D4:F5:47:82:0E:C6,ALL,udp:38999,8.8.8.8*,4,476,2,150,2,326
D4:F5:47:82:0E:C6,ALL,udp:43681,192.168.3.117*,4,476,2,326,2,150
D4:F5:47:82:0E:C6,ALL,udp:43681,8.8.8.8*,4,476,2,150,2,326
D4:F5:47:82:0E:C6,ALL,udp:46916,192.168.3.117*,4,476,2,326,2,150
D4:F5:47:82:0E:C6,ALL,udp:46916,8.8.8.8*,4,476,2,150,2,326
D4:F5:47:82:0E:C6,ALL,udp:56345,192.168.3.117*,4,476,2,326,2,150
D4:F5:47:82:0E:C6,ALL,udp:56345,8.8.8.8*,4,476,2,150,2,326
D4:F5:47:82:0E:C6,ALL,udp:46459,192.168.3.117*,4,476,2,326,2,150
D4:F5:47:82:0E:C6,ALL,udp:46459,8.8.8.8*,4,476,2,150,2,326
D4:F5:47:82:0E:C6,ALL,udp:38546,192.168.3.117*,4,476,2,326,2,150
D4:F5:47:82:0E:C6,ALL,udp:38546,8.8.8.8*,4,476,2,150,2,326
D4:F5:47:82:0E:C6,ALL,udp:39666,192.168.3.117*,3,252,1,102,2,150
D4:F5:47:82:0E:C6,ALL,udp:39666,8.8.8.8*,3,252,2,150,1,102
D4:F5:47:82:0E:C6,ALL,udp:52127,192.168.3.117*,3,238,1,90,2,148
D4:F5:47:82:0E:C6,ALL,udp:52127,8.8.8.8*,3,238,2,148,1,90
D4:F5:47:82:0E:C6,ALL,udp:36637,192.168.3.117*,2,198,1,119,1,79
D4:F5:47:82:0E:C6,ALL,udp:36637,8.8.8.8*,2,198,1,79,1,119
D4:F5:47:82:0E:C6,ALL,udp:47080,192.168.3.117*,2,198,1,119,1,79
D4:F5:47:82:0E:C6,ALL,udp:47080,8.8.8.8*,2,198,1,79,1,119
D4:F5:47:82:0E:C6,ALL,udp:59922,192.168.3.117*,2,198,1,119,1,79
D4:F5:47:82:0E:C6,ALL,udp:59922,8.8.8.8*,2,198,1,79,1,119
D4:F5:47:82:0E:C6,ALL,udp:42426,192.168.3.117*,2,194,1,105,1,89
D4:F5:47:82:0E:C6,ALL,udp:42426,8.8.8.8*,2,194,1,89,1,105
D4:F5:47:82:0E:C6,ALL,udp:50843,192.168.3.117*,2,198,1,119,1,79
D4:F5:47:82:0E:C6,ALL,udp:50843,8.8.8.8*,2,198,1,79,1,119
D4:F5:47:82:0E:C6,ALL,udp:43037,192.168.3.117*,2,194,1,105,1,89
D4:F5:47:82:0E:C6,ALL,udp:43037,8.8.8.8*,2,194,1,89,1,105
D4:F5:47:82:0E:C6,ALL,udp:51867,192.168.3.117*,2,156,1,86,1,70
D4:F5:47:82:0E:C6,ALL,udp:51867,8.8.8.8*,2,156,1,70,1,86
D4:F5:47:82:0E:C6,ALL,udp:35083,192.168.3.117*,2,213,1,126,1,87
D4:F5:47:82:0E:C6,ALL,udp:35083,8.8.8.8*,2,213,1,87,1,126
D4:F5:47:82:0E:C6,ALL,udp:49212,192.168.3.117*,2,213,1,126,1,87
D4:F5:47:82:0E:C6,ALL,udp:49212,8.8.8.8*,2,213,1,87,1,126
D4:F5:47:82:0E:C6,ALL,udp:40512,192.168.3.117*,2,213,1,126,1,87
D4:F5:47:82:0E:C6,ALL,udp:40512,8.8.8.8*,2,213,1,87,1,126
D4:F5:47:82:0E:C6,ALL,udp:55373,192.168.3.117*,2,213,1,126,1,87
D4:F5:47:82:0E:C6,ALL,udp:55373,8.8.8.8*,2,213,1,87,1,126
D4:F5:47:82:0E:C6,ALL,udp:35299,192.168.3.117*,2,213,1,126,1,87
D4:F5:47:82:0E:C6,ALL,udp:35299,8.8.8.8*,2,213,1,87,1,126
D4:F5:47:82:0E:C6,ALL,udp:47020,192.168.3.117*,2,198,1,119,1,79
D4:F5:47:82:0E:C6,ALL,udp:47020,8.8.8.8*,2,198,1,79,1,119
D4:F5:47:82:0E:C6,ALL,udp:55256,192.168.3.117*,2,194,1,105,1,89
D4:F5:47:82:0E:C6,ALL,udp:55256,8.8.8.8*,2,194,1,89,1,105
D4:F5:47:82:0E:C6,ALL,udp:56495,192.168.3.117*,2,198,1,119,1,79
D4:F5:47:82:0E:C6,ALL,udp:56495,8.8.8.8*,2,198,1,79,1,119
D4:F5:47:82:0E:C6,ALL,udp:56396,192.168.3.117*,2,198,1,119,1,79
D4:F5:47:82:0E:C6,ALL,udp:56396,8.8.8.8*,2,198,1,79,1,119
D4:F5:47:82:0E:C6,ALL,udp:49142,192.168.3.117*,2,198,1,119,1,79
D4:F5:47:82:0E:C6,ALL,udp:49142,8.8.8.8*,2,198,1,79,1,119
D4:F5:47:82:0E:C6,ALL,udp:59477,192.168.3.117*,2,198,1,119,1,79
D4:F5:47:82:0E:C6,ALL,udp:59477,8.8.8.8*,2,198,1,79,1,119
D4:F5:47:82:0E:C6,ALL,udp:36990,192.168.3.117*,2,164,1,90,1,74
D4:F5:47:82:0E:C6,ALL,udp:36990,8.8.8.8*,2,164,1,74,1,90
D4:F5:47:82:0E:C6,ALL,udp:59497,192.168.3.117*,2,176,1,102,1,74
D4:F5:47:82:0E:C6,ALL,udp:59497,8.8.8.8*,2,176,1,74,1,102
D4:F5:47:82:0E:C6,ALL,udp:36242,192.168.3.117*,2,164,1,90,1,74
D4:F5:47:82:0E:C6,ALL,udp:36242,8.8.8.8*,2,164,1,74,1,90
D4:F5:47:82:0E:C6,ALL,udp:47033,192.168.3.117*,2,176,1,102,1,74
D4:F5:47:82:0E:C6,ALL,udp:47033,8.8.8.8*,2,176,1,74,1,102
D4:F5:47:82:0E:C6,ALL,udp:40001,192.168.3.117*,2,176,1,102,1,74
D4:F5:47:82:0E:C6,ALL,udp:40001,8.8.8.8*,2,176,1,74,1,102
D4:F5:47:82:0E:C6,ALL,udp:51621,192.168.3.117*,2,164,1,90,1,74
D4:F5:47:82:0E:C6,ALL,udp:51621,8.8.8.8*,2,164,1,74,1,90
D4:F5:47:82:0E:C6,ALL,udp:46717,216.239.35.0,2,180,1,90,1,90
D4:F5:47:82:0E:C6,ALL,udp:46717,8.8.8.8,2,164,1,74,1,90
D4:F5:47:82:0E:C6,ALL,udp:34913,192.168.3.117*,2,164,1,90,1,74
D4:F5:47:82:0E:C6,ALL,udp:34913,8.8.8.8*,2,164,1,74,1,90
D4:F5:47:82:0E:C6,ALL,udp:46385,192.168.3.117*,2,176,1,102,1,74
D4:F5:47:82:0E:C6,ALL,udp:46385,8.8.8.8*,2,176,1,74,1,102
D4:F5:47:82:0E:C6,ALL,udp:54871,142.251.32.110*,20,10873,12,7359,8,3514
D4:F5:47:82:0E:C6,ALL,udp:54871,8.8.8.8*,2,176,1,74,1,102
D4:F5:47:82:0E:C6,ALL,udp:50417,192.168.3.117*,2,176,1,102,1,74
D4:F5:47:82:0E:C6,ALL,udp:50417,8.8.8.8*,2,176,1,74,1,102
D4:F5:47:82:0E:C6,ALL,udp:35592,192.168.3.117*,2,164,1,90,1,74
D4:F5:47:82:0E:C6,ALL,udp:35592,8.8.8.8*,2,164,1,74,1,90
D4:F5:47:82:0E:C6,ALL,udp:44033,192.168.3.117*,2,164,1,90,1,74
D4:F5:47:82:0E:C6,ALL,udp:44033,8.8.8.8*,2,164,1,74,1,90
D4:F5:47:82:0E:C6,ALL,udp:44704,192.168.3.117*,2,176,1,102,1,74
D4:F5:47:82:0E:C6,ALL,udp:44704,8.8.8.8*,2,176,1,74,1,102
D4:F5:47:82:0E:C6,ALL,udp:43669,216.239.35.8,2,180,1,90,1,90
D4:F5:47:82:0E:C6,ALL,udp:43669,8.8.8.8,2,164,1,74,1,90
D4:F5:47:82:0E:C6,ALL,udp:49697,192.168.3.117*,2,176,1,102,1,74
D4:F5:47:82:0E:C6,ALL,udp:49697,8.8.8.8*,2,176,1,74,1,102
D4:F5:47:82:0E:C6,ALL,udp:37132,192.168.3.117*,2,164,1,90,1,74
D4:F5:47:82:0E:C6,ALL,udp:37132,8.8.8.8*,2,164,1,74,1,90
D4:F5:47:82:0E:C6,ALL,udp:42968,192.168.3.117*,2,164,1,90,1,74
D4:F5:47:82:0E:C6,ALL,udp:42968,8.8.8.8*,2,164,1,74,1,90
D4:F5:47:82:0E:C6,ALL,udp:58516,192.168.3.117*,2,176,1,102,1,74
D4:F5:47:82:0E:C6,ALL,udp:58516,8.8.8.8*,2,176,1,74,1,102
D4:F5:47:82:0E:C6,ALL,udp:58718,192.168.3.117*,2,164,1,90,1,74
D4:F5:47:82:0E:C6,ALL,udp:58718,8.8.8.8*,2,164,1,74,1,90
D4:F5:47:82:0E:C6,ALL,udp:46154,192.168.3.117*,2,176,1,102,1,74
D4:F5:47:82:0E:C6,ALL,udp:46154,8.8.8.8*,2,176,1,74,1,102
D4:F5:47:82:0E:C6,ALL,udp:45282,192.168.3.117*,2,164,1,90,1,74
D4:F5:47:82:0E:C6,ALL,udp:45282,8.8.8.8*,2,164,1,74,1,90
D4:F5:47:82:0E:C6,ALL,udp:58866,192.168.3.117*,2,176,1,102,1,74
D4:F5:47:82:0E:C6,ALL,udp:58866,8.8.8.8*,2,176,1,74,1,102
D4:F5:47:82:0E:C6,ALL,udp:38980,192.168.3.117*,2,164,1,90,1,74
D4:F5:47:82:0E:C6,ALL,udp:38980,8.8.8.8*,2,164,1,74,1,90
D4:F5:47:82:0E:C6,ALL,udp:44728,192.168.3.117*,2,176,1,102,1,74
D4:F5:47:82:0E:C6,ALL,udp:44728,8.8.8.8*,2,176,1,74,1,102
D4:F5:47:82:0E:C6,ALL,udp:47686,216.239.35.8,2,180,1,90,1,90
D4:F5:47:82:0E:C6,ALL,udp:47686,8.8.8.8,2,176,1,74,1,102
D4:F5:47:82:0E:C6,ALL,udp:49668,192.168.3.117*,2,164,1,90,1,74
D4:F5:47:82:0E:C6,ALL,udp:49668,8.8.8.8*,2,164,1,74,1,90
D4:F5:47:82:0E:C6,ALL,udp:33198,192.168.3.117*,2,176,1,102,1,74
D4:F5:47:82:0E:C6,ALL,udp:33198,8.8.8.8*,2,176,1,74,1,102
D4:F5:47:82:0E:C6,ALL,udp:49373,192.168.3.117*,2,164,1,90,1,74
D4:F5:47:82:0E:C6,ALL,udp:49373,8.8.8.8*,2,164,1,74,1,90
D4:F5:47:82:0E:C6,ALL,udp:57752,192.168.3.117*,2,176,1,102,1,74
D4:F5:47:82:0E:C6,ALL,udp:57752,8.8.8.8*,2,176,1,74,1,102
D4:F5:47:82:0E:C6,ALL,udp:50436,192.168.3.117*,2,164,1,90,1,74
D4:F5:47:82:0E:C6,ALL,udp:50436,8.8.8.8*,2,164,1,74,1,90
D4:F5:47:82:0E:C6,ALL,udp:54946,192.168.3.117*,2,176,1,102,1,74
D4:F5:47:82:0E:C6,ALL,udp:54946,8.8.8.8*,2,176,1,74,1,102
D4:F5:47:82:0E:C6,ALL,udp:35577,142.251.32.110*,15,6748,8,3487,7,3261
D4:F5:47:82:0E:C6,ALL,udp:35577,8.8.8.8*,2,164,1,74,1,90
D4:F5:47:82:0E:C6,ALL,udp:39601,192.168.3.117*,2,176,1,102,1,74
D4:F5:47:82:0E:C6,ALL,udp:39601,8.8.8.8*,2,176,1,74,1,102
D4:F5:47:82:0E:C6,ALL,udp:43395,192.168.3.117*,2,164,1,90,1,74
D4:F5:47:82:0E:C6,ALL,udp:43395,8.8.8.8*,2,164,1,74,1,90
D4:F5:47:82:0E:C6,ALL,udp:39624,192.168.3.117*,2,164,1,90,1,74
D4:F5:47:82:0E:C6,ALL,udp:39624,8.8.8.8*,2,164,1,74,1,90
D4:F5:47:82:0E:C6,ALL,udp:50878,192.168.3.117*,2,176,1,102,1,74
D4:F5:47:82:0E:C6,ALL,udp:50878,8.8.8.8*,2,176,1,74,1,102
D4:F5:47:82:0E:C6,ALL,udp:37225,192.168.3.117*,2,176,1,102,1,74
D4:F5:47:82:0E:C6,ALL,udp:37225,8.8.8.8*,2,176,1,74,1,102
D4:F5:47:82:0E:C6,ALL,udp:37548,192.168.3.117*,2,164,1,90,1,74
D4:F5:47:82:0E:C6,ALL,udp:37548,8.8.8.8*,2,164,1,74,1,90
D4:F5:47:82:0E:C6,ALL,udp:38718,192.168.3.117*,2,176,1,102,1,74
D4:F5:47:82:0E:C6,ALL,udp:38718,8.8.8.8*,2,176,1,74,1,102
D4:F5:47:82:0E:C6,ALL,udp:59656,192.168.3.117*,2,164,1,90,1,74
D4:F5:47:82:0E:C6,ALL,udp:59656,8.8.8.8*,2,164,1,74,1,90
D4:F5:47:82:0E:C6,ALL,udp:51248,192.168.3.117*,2,176,1,102,1,74
D4:F5:47:82:0E:C6,ALL,udp:51248,8.8.8.8*,2,176,1,74,1,102
D4:F5:47:82:0E:C6,ALL,udp:53758,192.168.3.117*,2,164,1,90,1,74
D4:F5:47:82:0E:C6,ALL,udp:53758,8.8.8.8*,2,164,1,74,1,90
D4:F5:47:82:0E:C6,ALL,udp:45915,192.168.3.117*,2,198,1,119,1,79
D4:F5:47:82:0E:C6,ALL,udp:45915,8.8.8.8*,2,198,1,79,1,119
D4:F5:47:82:0E:C6,ALL,udp:42377,192.168.3.117*,2,164,1,90,1,74
D4:F5:47:82:0E:C6,ALL,udp:42377,8.8.8.8*,2,164,1,74,1,90
D4:F5:47:82:0E:C6,ALL,udp:43836,192.168.3.117*,2,164,1,90,1,74
D4:F5:47:82:0E:C6,ALL,udp:43836,8.8.8.8*,2,164,1,74,1,90
D4:F5:47:82:0E:C6,ALL,udp:60425,192.168.3.117*,2,176,1,102,1,74
D4:F5:47:82:0E:C6,ALL,udp:60425,8.8.8.8*,2,176,1,74,1,102
D4:F5:47:82:0E:C6,ALL,udp:36667,192.168.3.117*,2,164,1,90,1,74
D4:F5:47:82:0E:C6,ALL,udp:36667,8.8.8.8*,2,164,1,74,1,90
D4:F5:47:82:0E:C6,ALL,udp:51123,192.168.3.117*,2,164,1,90,1,74
D4:F5:47:82:0E:C6,ALL,udp:51123,8.8.8.8*,2,164,1,74,1,90
D4:F5:47:82:0E:C6,ALL,udp:39642,192.168.3.117*,2,176,1,102,1,74
D4:F5:47:82:0E:C6,ALL,udp:39642,8.8.8.8*,2,176,1,74,1,102
D4:F5:47:82:0E:C6,ALL,udp:34234,192.168.3.117*,2,176,1,102,1,74
D4:F5:47:82:0E:C6,ALL,udp:34234,8.8.8.8*,2,176,1,74,1,102
D4:F5:47:82:0E:C6,ALL,udp:38008,192.168.3.117*,2,164,1,90,1,74
D4:F5:47:82:0E:C6,ALL,udp:38008,8.8.8.8*,2,164,1,74,1,90
D4:F5:47:82:0E:C6,ALL,udp:49603,192.168.3.117*,2,176,1,102,1,74
D4:F5:47:82:0E:C6,ALL,udp:49603,8.8.8.8*,2,176,1,74,1,102
D4:F5:47:82:0E:C6,ALL,udp:37174,192.168.3.117*,2,176,1,102,1,74
D4:F5:47:82:0E:C6,ALL,udp:37174,8.8.8.8*,2,176,1,74,1,102
D4:F5:47:82:0E:C6,ALL,udp:39155,192.168.3.117*,2,164,1,90,1,74
D4:F5:47:82:0E:C6,ALL,udp:39155,8.8.8.8*,2,164,1,74,1,90
D4:F5:47:82:0E:C6,ALL,udp:49903,192.168.3.117*,2,176,1,102,1,74
D4:F5:47:82:0E:C6,ALL,udp:49903,8.8.8.8*,2,176,1,74,1,102
D4:F5:47:82:0E:C6,ALL,udp:51868,192.168.3.117*,2,176,1,102,1,74
D4:F5:47:82:0E:C6,ALL,udp:51868,8.8.8.8*,2,176,1,74,1,102
D4:F5:47:82:0E:C6,ALL,udp:35785,192.168.3.117*,2,164,1,90,1,74
D4:F5:47:82:0E:C6,ALL,udp:35785,8.8.8.8*,2,164,1,74,1,90
D4:F5:47:82:0E:C6,ALL,udp:59200,192.168.3.117*,2,176,1,102,1,74
D4:F5:47:82:0E:C6,ALL,udp:59200,8.8.8.8*,2,176,1,74,1,102
D4:F5:47:82:0E:C6,ALL,udp:35308,192.168.3.117*,2,164,1,90,1,74
D4:F5:47:82:0E:C6,ALL,udp:35308,8.8.8.8*,2,164,1,74,1,90
D4:F5:47:82:0E:C6,ALL,udp:39816,192.168.3.117*,2,176,1,102,1,74
D4:F5:47:82:0E:C6,ALL,udp:39816,8.8.8.8*,2,176,1,74,1,102
D4:F5:47:82:0E:C6,ALL,udp:53332,192.168.3.117*,2,164,1,90,1,74
D4:F5:47:82:0E:C6,ALL,udp:53332,8.8.8.8*,2,164,1,74,1,90
D4:F5:47:82:0E:C6,ALL,udp:33728,192.168.3.117*,2,164,1,90,1,74
D4:F5:47:82:0E:C6,ALL,udp:33728,8.8.8.8*,2,164,1,74,1,90
D4:F5:47:82:0E:C6,ALL,udp:58918,192.168.3.117*,2,176,1,102,1,74
D4:F5:47:82:0E:C6,ALL,udp:58918,8.8.8.8*,2,176,1,74,1,102
D4:F5:47:82:0E:C6,ALL,udp:58056,192.168.3.117*,2,164,1,90,1,74
D4:F5:47:82:0E:C6,ALL,udp:58056,8.8.8.8*,2,164,1,74,1,90
D4:F5:47:82:0E:C6,ALL,udp:42648,192.168.3.117*,2,176,1,102,1,74
D4:F5:47:82:0E:C6,ALL,udp:42648,8.8.8.8*,2,176,1,74,1,102
D4:F5:47:82:0E:C6,ALL,udp:51407,192.168.3.117*,2,164,1,90,1,74
D4:F5:47:82:0E:C6,ALL,udp:51407,8.8.8.8*,2,164,1,74,1,90
D4:F5:47:82:0E:C6,ALL,udp:40461,192.168.3.117*,2,176,1,102,1,74
D4:F5:47:82:0E:C6,ALL,udp:40461,8.8.8.8*,2,176,1,74,1,102
D4:F5:47:82:0E:C6,ALL,udp:41341,192.168.3.117*,2,164,1,90,1,74
D4:F5:47:82:0E:C6,ALL,udp:41341,8.8.8.8*,2,164,1,74,1,90
D4:F5:47:82:0E:C6,ALL,udp:42391,192.168.3.117*,2,176,1,102,1,74
D4:F5:47:82:0E:C6,ALL,udp:42391,8.8.8.8*,2,176,1,74,1,102
D4:F5:47:82:0E:C6,ALL,udp:53922,192.168.3.117*,2,176,1,102,1,74
D4:F5:47:82:0E:C6,ALL,udp:53922,8.8.8.8*,2,176,1,74,1,102
D4:F5:47:82:0E:C6,ALL,udp:34535,192.168.3.117*,2,164,1,90,1,74
D4:F5:47:82:0E:C6,ALL,udp:34535,8.8.8.8*,2,164,1,74,1,90
D4:F5:47:82:0E:C6,ALL,udp:51962,192.168.3.117*,2,176,1,102,1,74
D4:F5:47:82:0E:C6,ALL,udp:51962,8.8.8.8*,2,176,1,74,1,102
D4:F5:47:82:0E:C6,ALL,udp:56946,192.168.3.117*,2,164,1,90,1,74
D4:F5:47:82:0E:C6,ALL,udp:56946,8.8.8.8*,2,164,1,74,1,90
D4:F5:47:82:0E:C6,ALL,udp:57585,192.168.3.117*,2,176,1,102,1,74
D4:F5:47:82:0E:C6,ALL,udp:57585,8.8.8.8*,2,176,1,74,1,102
D4:F5:47:82:0E:C6,ALL,udp:44936,192.168.3.117*,2,164,1,90,1,74
D4:F5:47:82:0E:C6,ALL,udp:44936,8.8.8.8*,2,164,1,74,1,90
D4:F5:47:82:0E:C6,ALL,udp:50249,142.250.64.78*,22,12945,12,7479,10,5466
D4:F5:47:82:0E:C6,ALL,udp:50249,8.8.8.8*,2,176,1,74,1,102
D4:F5:47:82:0E:C6,ALL,udp:49438,192.168.3.117*,2,164,1,90,1,74
D4:F5:47:82:0E:C6,ALL,udp:49438,8.8.8.8*,2,164,1,74,1,90
D4:F5:47:82:0E:C6,ALL,udp:33475,192.168.3.117*,2,164,1,90,1,74
D4:F5:47:82:0E:C6,ALL,udp:33475,8.8.8.8*,2,164,1,74,1,90
D4:F5:47:82:0E:C6,ALL,udp:50731,192.168.3.117*,2,176,1,102,1,74
D4:F5:47:82:0E:C6,ALL,udp:50731,8.8.8.8*,2,176,1,74,1,102
D4:F5:47:82:0E:C6,ALL,udp:49716,192.168.3.117*,2,176,1,102,1,74
D4:F5:47:82:0E:C6,ALL,udp:49716,8.8.8.8*,2,176,1,74,1,102
D4:F5:47:82:0E:C6,ALL,udp:59798,192.168.3.117*,2,164,1,90,1,74
D4:F5:47:82:0E:C6,ALL,udp:59798,8.8.8.8*,2,164,1,74,1,90
D4:F5:47:82:0E:C6,ALL,udp:46581,192.168.3.117*,2,176,1,102,1,74
D4:F5:47:82:0E:C6,ALL,udp:46581,8.8.8.8*,2,176,1,74,1,102
D4:F5:47:82:0E:C6,ALL,udp:41849,192.168.3.117*,2,194,1,105,1,89
D4:F5:47:82:0E:C6,ALL,udp:41849,8.8.8.8*,2,194,1,89,1,105
D4:F5:47:82:0E:C6,ALL,udp:45688,192.168.3.117*,2,164,1,90,1,74
D4:F5:47:82:0E:C6,ALL,udp:45688,8.8.8.8*,2,164,1,74,1,90
D4:F5:47:82:0E:C6,ALL,udp:45816,192.168.3.117*,2,176,1,102,1,74
D4:F5:47:82:0E:C6,ALL,udp:45816,8.8.8.8*,2,176,1,74,1,102
D4:F5:47:82:0E:C6,ALL,udp:51720,192.168.3.117*,2,164,1,90,1,74
D4:F5:47:82:0E:C6,ALL,udp:51720,8.8.8.8*,2,164,1,74,1,90
D4:F5:47:82:0E:C6,ALL,udp:48698,192.168.3.117*,2,176,1,102,1,74
D4:F5:47:82:0E:C6,ALL,udp:48698,8.8.8.8*,2,176,1,74,1,102
D4:F5:47:82:0E:C6,ALL,udp:44221,192.168.3.117*,2,164,1,90,1,74
D4:F5:47:82:0E:C6,ALL,udp:44221,8.8.8.8*,2,164,1,74,1,90
D4:F5:47:82:0E:C6,ALL,udp:49365,192.168.3.117*,2,164,1,90,1,74
D4:F5:47:82:0E:C6,ALL,udp:49365,8.8.8.8*,2,164,1,74,1,90
D4:F5:47:82:0E:C6,ALL,udp:33195,192.168.3.117*,2,176,1,102,1,74
D4:F5:47:82:0E:C6,ALL,udp:33195,8.8.8.8*,2,176,1,74,1,102
D4:F5:47:82:0E:C6,ALL,udp:59680,192.168.3.117*,2,164,1,90,1,74
D4:F5:47:82:0E:C6,ALL,udp:59680,8.8.8.8*,2,164,1,74,1,90
D4:F5:47:82:0E:C6,ALL,udp:40270,192.168.3.117*,2,176,1,102,1,74
D4:F5:47:82:0E:C6,ALL,udp:40270,8.8.8.8*,2,176,1,74,1,102
D4:F5:47:82:0E:C6,ALL,udp:33285,192.168.3.117*,2,164,1,90,1,74
D4:F5:47:82:0E:C6,ALL,udp:33285,8.8.8.8*,2,164,1,74,1,90
D4:F5:47:82:0E:C6,ALL,udp:54645,192.168.3.117*,2,164,1,90,1,74
D4:F5:47:82:0E:C6,ALL,udp:54645,8.8.8.8*,2,164,1,74,1,90
D4:F5:47:82:0E:C6,ALL,udp:41025,192.168.3.117*,2,176,1,102,1,74
D4:F5:47:82:0E:C6,ALL,udp:41025,8.8.8.8*,2,176,1,74,1,102
D4:F5:47:82:0E:C6,ALL,udp:34302,192.168.3.117*,2,164,1,90,1,74
D4:F5:47:82:0E:C6,ALL,udp:34302,8.8.8.8*,2,164,1,74,1,90
D4:F5:47:82:0E:C6,ALL,udp:44182,192.168.3.117*,2,176,1,102,1,74
D4:F5:47:82:0E:C6,ALL,udp:44182,8.8.8.8*,2,176,1,74,1,102
D4:F5:47:82:0E:C6,ALL,udp:44280,192.168.3.117*,2,164,1,90,1,74
D4:F5:47:82:0E:C6,ALL,udp:44280,8.8.8.8*,2,164,1,74,1,90
D4:F5:47:82:0E:C6,ALL,udp:53074,192.168.3.117*,2,176,1,102,1,74
D4:F5:47:82:0E:C6,ALL,udp:53074,8.8.8.8*,2,176,1,74,1,102
D4:F5:47:82:0E:C6,ALL,udp:59341,192.168.3.117*,2,164,1,90,1,74
D4:F5:47:82:0E:C6,ALL,udp:59341,8.8.8.8*,2,164,1,74,1,90
D4:F5:47:82:0E:C6,ALL,udp:48382,192.168.3.117*,2,176,1,102,1,74
D4:F5:47:82:0E:C6,ALL,udp:48382,8.8.8.8*,2,176,1,74,1,102
D4:F5:47:82:0E:C6,ALL,udp:53396,192.168.3.117*,2,176,1,102,1,74
D4:F5:47:82:0E:C6,ALL,udp:53396,8.8.8.8*,2,176,1,74,1,102
D4:F5:47:82:0E:C6,ALL,udp:45285,192.168.3.117*,2,164,1,90,1,74
D4:F5:47:82:0E:C6,ALL,udp:45285,8.8.8.8*,2,164,1,74,1,90
D4:F5:47:82:0E:C6,ALL,udp:57529,192.168.3.117*,2,176,1,102,1,74
D4:F5:47:82:0E:C6,ALL,udp:57529,8.8.8.8*,2,176,1,74,1,102
D4:F5:47:82:0E:C6,ALL,udp:56188,192.168.3.117*,2,164,1,90,1,74
D4:F5:47:82:0E:C6,ALL,udp:56188,8.8.8.8*,2,164,1,74,1,90
D4:F5:47:82:0E:C6,ALL,udp:35203,192.168.3.117*,2,176,1,102,1,74
D4:F5:47:82:0E:C6,ALL,udp:35203,8.8.8.8*,2,176,1,74,1,102
D4:F5:47:82:0E:C6,ALL,udp:33415,192.168.3.117*,2,164,1,90,1,74
D4:F5:47:82:0E:C6,ALL,udp:33415,8.8.8.8*,2,164,1,74,1,90
D4:F5:47:82:0E:C6,ALL,udp:48454,192.168.3.117*,2,164,1,90,1,74
D4:F5:47:82:0E:C6,ALL,udp:48454,8.8.8.8*,2,164,1,74,1,90
D4:F5:47:82:0E:C6,ALL,udp:48078,192.168.3.117*,2,164,1,90,1,74
D4:F5:47:82:0E:C6,ALL,udp:48078,8.8.8.8*,2,164,1,74,1,90
D4:F5:47:82:0E:C6,ALL,udp:46643,192.168.3.117*,2,176,1,102,1,74
D4:F5:47:82:0E:C6,ALL,udp:46643,8.8.8.8*,2,176,1,74,1,102
D4:F5:47:82:0E:C6,ALL,udp:52619,192.168.3.117*,2,164,1,90,1,74
D4:F5:47:82:0E:C6,ALL,udp:52619,8.8.8.8*,2,164,1,74,1,90
D4:F5:47:82:0E:C6,ALL,udp:35977,192.168.3.117*,2,164,1,90,1,74
D4:F5:47:82:0E:C6,ALL,udp:35977,8.8.8.8*,2,164,1,74,1,90
D4:F5:47:82:0E:C6,ALL,udp:55456,192.168.3.117*,2,176,1,102,1,74
D4:F5:47:82:0E:C6,ALL,udp:55456,8.8.8.8*,2,176,1,74,1,102
D4:F5:47:82:0E:C6,ALL,udp:48396,192.168.3.117*,2,164,1,90,1,74
D4:F5:47:82:0E:C6,ALL,udp:48396,8.8.8.8*,2,164,1,74,1,90
D4:F5:47:82:0E:C6,ALL,udp:34983,192.168.3.117*,2,164,1,90,1,74
D4:F5:47:82:0E:C6,ALL,udp:34983,8.8.8.8*,2,164,1,74,1,90
D4:F5:47:82:0E:C6,ALL,udp:60705,192.168.3.117*,2,164,1,90,1,74
D4:F5:47:82:0E:C6,ALL,udp:60705,8.8.8.8*,2,164,1,74,1,90
D4:F5:47:82:0E:C6,ALL,udp:58851,192.168.3.117*,2,176,1,102,1,74
D4:F5:47:82:0E:C6,ALL,udp:58851,8.8.8.8*,2,176,1,74,1,102
D4:F5:47:82:0E:C6,ALL,udp:55230,192.168.3.117*,2,164,1,90,1,74
D4:F5:47:82:0E:C6,ALL,udp:55230,8.8.8.8*,2,164,1,74,1,90
D4:F5:47:82:0E:C6,ALL,udp:56180,192.168.3.117*,2,176,1,102,1,74
D4:F5:47:82:0E:C6,ALL,udp:56180,8.8.8.8*,2,176,1,74,1,102
D4:F5:47:82:0E:C6,ALL,udp:34921,192.168.3.117*,2,164,1,90,1,74
D4:F5:47:82:0E:C6,ALL,udp:34921,8.8.8.8*,2,164,1,74,1,90
D4:F5:47:82:0E:C6,ALL,udp:53200,192.168.3.117*,2,176,1,102,1,74
D4:F5:47:82:0E:C6,ALL,udp:53200,8.8.8.8*,2,176,1,74,1,102
D4:F5:47:82:0E:C6,ALL,udp:46275,192.168.3.117*,2,176,1,102,1,74
D4:F5:47:82:0E:C6,ALL,udp:46275,8.8.8.8*,2,176,1,74,1,102
D4:F5:47:82:0E:C6,ALL,udp:37060,192.168.3.117*,2,164,1,90,1,74
D4:F5:47:82:0E:C6,ALL,udp:37060,8.8.8.8*,2,164,1,74,1,90
D4:F5:47:82:0E:C6,ALL,udp:60533,192.168.3.117*,2,176,1,102,1,74
D4:F5:47:82:0E:C6,ALL,udp:60533,8.8.8.8*,2,176,1,74,1,102
D4:F5:47:82:0E:C6,ALL,udp:51045,192.168.3.117*,2,164,1,90,1,74
D4:F5:47:82:0E:C6,ALL,udp:51045,8.8.8.8*,2,164,1,74,1,90
D4:F5:47:82:0E:C6,ALL,udp:54948,192.168.3.117*,2,176,1,102,1,74
D4:F5:47:82:0E:C6,ALL,udp:54948,8.8.8.8*,2,176,1,74,1,102
D4:F5:47:82:0E:C6,ALL,udp:37072,192.168.3.117*,2,164,1,90,1,74
D4:F5:47:82:0E:C6,ALL,udp:37072,8.8.8.8*,2,164,1,74,1,90
D4:F5:47:82:0E:C6,ALL,udp:38962,192.168.3.117*,2,164,1,90,1,74
D4:F5:47:82:0E:C6,ALL,udp:38962,8.8.8.8*,2,164,1,74,1,90
D4:F5:47:82:0E:C6,ALL,udp:56136,192.168.3.117*,2,176,1,102,1,74
D4:F5:47:82:0E:C6,ALL,udp:56136,8.8.8.8*,2,176,1,74,1,102
D4:F5:47:82:0E:C6,ALL,udp:35959,192.168.3.117*,2,176,1,102,1,74
D4:F5:47:82:0E:C6,ALL,udp:35959,8.8.8.8*,2,176,1,74,1,102
D4:F5:47:82:0E:C6,ALL,udp:55770,192.168.3.117*,2,176,1,102,1,74
D4:F5:47:82:0E:C6,ALL,udp:55770,8.8.8.8*,2,176,1,74,1,102
D4:F5:47:82:0E:C6,ALL,udp:53575,192.168.3.117*,2,198,1,119,1,79
D4:F5:47:82:0E:C6,ALL,udp:53575,8.8.8.8*,2,198,1,79,1,119
D4:F5:47:82:0E:C6,ALL,udp:38165,192.168.3.117*,2,164,1,90,1,74
D4:F5:47:82:0E:C6,ALL,udp:38165,8.8.8.8*,2,164,1,74,1,90
D4:F5:47:82:0E:C6,ALL,udp:46111,192.168.3.117*,2,176,1,102,1,74
D4:F5:47:82:0E:C6,ALL,udp:46111,8.8.8.8*,2,176,1,74,1,102
D4:F5:47:82:0E:C6,ALL,udp:54068,192.168.3.117*,2,176,1,102,1,74
D4:F5:47:82:0E:C6,ALL,udp:54068,8.8.8.8*,2,176,1,74,1,102
D4:F5:47:82:0E:C6,ALL,udp:42195,192.168.3.117*,2,164,1,90,1,74
D4:F5:47:82:0E:C6,ALL,udp:42195,8.8.8.8*,2,164,1,74,1,90
D4:F5:47:82:0E:C6,ALL,udp:41402,192.168.3.117*,2,164,1,90,1,74
D4:F5:47:82:0E:C6,ALL,udp:41402,8.8.8.8*,2,164,1,74,1,90
D4:F5:47:82:0E:C6,ALL,udp:36574,192.168.3.117*,2,176,1,102,1,74
D4:F5:47:82:0E:C6,ALL,udp:36574,8.8.8.8*,2,176,1,74,1,102
D4:F5:47:82:0E:C6,ALL,udp:41636,192.168.3.117*,2,164,1,90,1,74
D4:F5:47:82:0E:C6,ALL,udp:41636,8.8.8.8*,2,164,1,74,1,90
D4:F5:47:82:0E:C6,ALL,udp:58415,192.168.3.117*,2,176,1,102,1,74
D4:F5:47:82:0E:C6,ALL,udp:58415,8.8.8.8*,2,176,1,74,1,102
D4:F5:47:82:0E:C6,ALL,udp:52132,192.168.3.117*,2,176,1,102,1,74
D4:F5:47:82:0E:C6,ALL,udp:52132,8.8.8.8*,2,176,1,74,1,102
D4:F5:47:82:0E:C6,ALL,udp:54766,192.168.3.117*,2,176,1,102,1,74
D4:F5:47:82:0E:C6,ALL,udp:54766,8.8.8.8*,2,176,1,74,1,102
D4:F5:47:82:0E:C6,ALL,udp:58527,192.168.3.117*,2,176,1,102,1,74
D4:F5:47:82:0E:C6,ALL,udp:58527,8.8.8.8*,2,176,1,74,1,102
D4:F5:47:82:0E:C6,ALL,udp:58617,192.168.3.117*,2,164,1,90,1,74
D4:F5:47:82:0E:C6,ALL,udp:58617,8.8.8.8*,2,164,1,74,1,90
D4:F5:47:82:0E:C6,ALL,udp:52987,192.168.3.117*,2,176,1,102,1,74
D4:F5:47:82:0E:C6,ALL,udp:52987,8.8.8.8*,2,176,1,74,1,102
D4:F5:47:82:0E:C6,ALL,udp:42157,192.168.3.117*,2,164,1,90,1,74
D4:F5:47:82:0E:C6,ALL,udp:42157,8.8.8.8*,2,164,1,74,1,90
D4:F5:47:82:0E:C6,ALL,udp:33513,192.168.3.117*,2,176,1,102,1,74
D4:F5:47:82:0E:C6,ALL,udp:33513,8.8.8.8*,2,176,1,74,1,102
D4:F5:47:82:0E:C6,ALL,udp:39471,192.168.3.117*,2,176,1,102,1,74
D4:F5:47:82:0E:C6,ALL,udp:39471,8.8.8.8*,2,176,1,74,1,102
D4:F5:47:82:0E:C6,ALL,udp:46090,192.168.3.117*,2,164,1,90,1,74
D4:F5:47:82:0E:C6,ALL,udp:46090,8.8.8.8*,2,164,1,74,1,90
D4:F5:47:82:0E:C6,ALL,udp:45314,192.168.3.117*,2,176,1,102,1,74
D4:F5:47:82:0E:C6,ALL,udp:45314,8.8.8.8*,2,176,1,74,1,102
D4:F5:47:82:0E:C6,ALL,udp:33336,192.168.3.117*,2,164,1,90,1,74
D4:F5:47:82:0E:C6,ALL,udp:33336,8.8.8.8*,2,164,1,74,1,90
D4:F5:47:82:0E:C6,ALL,udp:48596,192.168.3.117*,2,198,1,119,1,79
D4:F5:47:82:0E:C6,ALL,udp:48596,8.8.8.8*,2,198,1,79,1,119
D4:F5:47:82:0E:C6,ALL,udp:37296,192.168.3.117*,2,164,1,90,1,74
D4:F5:47:82:0E:C6,ALL,udp:37296,8.8.8.8*,2,164,1,74,1,90
D4:F5:47:82:0E:C6,ALL,udp:49599,192.168.3.117*,2,176,1,102,1,74
D4:F5:47:82:0E:C6,ALL,udp:49599,8.8.8.8*,2,176,1,74,1,102
D4:F5:47:82:0E:C6,ALL,udp:57871,192.168.3.117*,2,164,1,90,1,74
D4:F5:47:82:0E:C6,ALL,udp:57871,8.8.8.8*,2,164,1,74,1,90
D4:F5:47:82:0E:C6,ALL,udp:55178,192.168.3.117*,2,176,1,102,1,74
D4:F5:47:82:0E:C6,ALL,udp:55178,8.8.8.8*,2,176,1,74,1,102
D4:F5:47:82:0E:C6,ALL,udp:53231,192.168.3.117*,2,164,1,90,1,74
D4:F5:47:82:0E:C6,ALL,udp:53231,8.8.8.8*,2,164,1,74,1,90
D4:F5:47:82:0E:C6,ALL,udp:39860,192.168.3.117*,2,176,1,102,1,74
D4:F5:47:82:0E:C6,ALL,udp:39860,8.8.8.8*,2,176,1,74,1,102
D4:F5:47:82:0E:C6,ALL,udp:52551,192.168.3.117*,2,176,1,102,1,74
D4:F5:47:82:0E:C6,ALL,udp:52551,8.8.8.8*,2,176,1,74,1,102
D4:F5:47:82:0E:C6,ALL,udp:49380,192.168.3.117*,2,164,1,90,1,74
D4:F5:47:82:0E:C6,ALL,udp:49380,8.8.8.8*,2,164,1,74,1,90
D4:F5:47:82:0E:C6,ALL,udp:56817,192.168.3.117*,2,176,1,102,1,74
D4:F5:47:82:0E:C6,ALL,udp:56817,8.8.8.8*,2,176,1,74,1,102
D4:F5:47:82:0E:C6,ALL,udp:46738,192.168.3.117*,2,164,1,90,1,74
D4:F5:47:82:0E:C6,ALL,udp:46738,8.8.8.8*,2,164,1,74,1,90
D4:F5:47:82:0E:C6,ALL,udp:54241,192.168.3.117*,2,213,1,126,1,87
D4:F5:47:82:0E:C6,ALL,udp:54241,8.8.8.8*,2,213,1,87,1,126
D4:F5:47:82:0E:C6,ALL,udp:56684,192.168.3.117*,2,213,1,126,1,87
D4:F5:47:82:0E:C6,ALL,udp:56684,8.8.8.8*,2,213,1,87,1,126
D4:F5:47:82:0E:C6,ALL,udp:50586,192.168.3.117*,2,213,1,126,1,87
D4:F5:47:82:0E:C6,ALL,udp:50586,8.8.8.8*,2,213,1,87,1,126
D4:F5:47:82:0E:C6,ALL,udp:38039,192.168.3.117*,2,213,1,126,1,87
D4:F5:47:82:0E:C6,ALL,udp:38039,8.8.8.8*,2,213,1,87,1,126
D4:F5:47:82:0E:C6,ALL,udp:60821,192.168.3.117*,2,213,1,126,1,87
D4:F5:47:82:0E:C6,ALL,udp:60821,8.8.8.8*,2,213,1,87,1,126
D4:F5:47:82:0E:C6,ALL,udp:37424,192.168.3.117*,2,213,1,126,1,87
D4:F5:47:82:0E:C6,ALL,udp:37424,8.8.8.8*,2,213,1,87,1,126
D4:F5:47:82:0E:C6,ALL,udp:56673,192.168.3.117*,2,213,1,126,1,87
D4:F5:47:82:0E:C6,ALL,udp:56673,8.8.8.8*,2,213,1,87,1,126
D4:F5:47:82:0E:C6,ALL,udp:42759,192.168.3.117*,2,213,1,126,1,87
D4:F5:47:82:0E:C6,ALL,udp:42759,8.8.8.8*,2,213,1,87,1,126
D4:F5:47:82:0E:C6,ALL,udp:39750,192.168.3.117*,2,176,1,102,1,74
D4:F5:47:82:0E:C6,ALL,udp:39750,8.8.8.8*,2,176,1,74,1,102
D4:F5:47:82:0E:C6,ALL,udp:34545,192.168.3.117*,2,176,1,102,1,74
D4:F5:47:82:0E:C6,ALL,udp:34545,8.8.8.8*,2,176,1,74,1,102
D4:F5:47:82:0E:C6,ALL,udp:48493,192.168.3.117*,2,164,1,90,1,74
D4:F5:47:82:0E:C6,ALL,udp:48493,8.8.8.8*,2,164,1,74,1,90
D4:F5:47:82:0E:C6,ALL,udp:41112,192.168.3.117*,2,164,1,90,1,74
D4:F5:47:82:0E:C6,ALL,udp:41112,8.8.8.8*,2,164,1,74,1,90
D4:F5:47:82:0E:C6,ALL,udp:40054,192.168.3.117*,2,176,1,102,1,74
D4:F5:47:82:0E:C6,ALL,udp:40054,8.8.8.8*,2,176,1,74,1,102
D4:F5:47:82:0E:C6,ALL,udp:58977,192.168.3.117*,2,164,1,90,1,74
D4:F5:47:82:0E:C6,ALL,udp:58977,8.8.8.8*,2,164,1,74,1,90
D4:F5:47:82:0E:C6,ALL,udp:52542,192.168.3.117*,2,176,1,102,1,74
D4:F5:47:82:0E:C6,ALL,udp:52542,8.8.8.8*,2,176,1,74,1,102
D4:F5:47:82:0E:C6,ALL,udp:60281,192.168.3.117*,2,164,1,90,1,74
D4:F5:47:82:0E:C6,ALL,udp:60281,8.8.8.8*,2,164,1,74,1,90
D4:F5:47:82:0E:C6,ALL,udp:34015,192.168.3.117*,2,176,1,102,1,74
D4:F5:47:82:0E:C6,ALL,udp:34015,8.8.8.8*,2,176,1,74,1,102
D4:F5:47:82:0E:C6,ALL,udp:38906,192.168.3.117*,2,164,1,90,1,74
D4:F5:47:82:0E:C6,ALL,udp:38906,8.8.8.8*,2,164,1,74,1,90
D4:F5:47:82:0E:C6,ALL,udp:43453,192.168.3.117*,2,176,1,102,1,74
D4:F5:47:82:0E:C6,ALL,udp:43453,8.8.8.8*,2,176,1,74,1,102
D4:F5:47:82:0E:C6,ALL,udp:44478,192.168.3.117*,2,164,1,90,1,74
D4:F5:47:82:0E:C6,ALL,udp:44478,8.8.8.8*,2,164,1,74,1,90
D4:F5:47:82:0E:C6,ALL,udp:39462,192.168.3.117*,2,176,1,102,1,74
D4:F5:47:82:0E:C6,ALL,udp:39462,8.8.8.8*,2,176,1,74,1,102
D4:F5:47:82:0E:C6,ALL,udp:35838,192.168.3.117*,2,164,1,90,1,74
D4:F5:47:82:0E:C6,ALL,udp:35838,8.8.8.8*,2,164,1,74,1,90
D4:F5:47:82:0E:C6,ALL,udp:35843,192.168.3.117*,2,176,1,102,1,74
D4:F5:47:82:0E:C6,ALL,udp:35843,8.8.8.8*,2,176,1,74,1,102
D4:F5:47:82:0E:C6,ALL,udp:44125,192.168.3.117*,2,164,1,90,1,74
D4:F5:47:82:0E:C6,ALL,udp:44125,8.8.8.8*,2,164,1,74,1,90
D4:F5:47:82:0E:C6,ALL,udp:54787,192.168.3.117*,2,176,1,102,1,74
D4:F5:47:82:0E:C6,ALL,udp:54787,8.8.8.8*,2,176,1,74,1,102
D4:F5:47:82:0E:C6,ALL,udp:33517,192.168.3.117*,2,164,1,90,1,74
D4:F5:47:82:0E:C6,ALL,udp:33517,8.8.8.8*,2,164,1,74,1,90
D4:F5:47:82:0E:C6,ALL,udp:33569,192.168.3.117*,2,164,1,90,1,74
D4:F5:47:82:0E:C6,ALL,udp:33569,8.8.8.8*,2,164,1,74,1,90
D4:F5:47:82:0E:C6,ALL,udp:40217,192.168.3.117*,2,176,1,102,1,74
D4:F5:47:82:0E:C6,ALL,udp:40217,8.8.8.8*,2,176,1,74,1,102
D4:F5:47:82:0E:C6,ALL,udp:33703,192.168.3.117*,2,164,1,90,1,74
D4:F5:47:82:0E:C6,ALL,udp:33703,8.8.8.8*,2,164,1,74,1,90
D4:F5:47:82:0E:C6,ALL,udp:38776,192.168.3.117*,2,164,1,90,1,74
D4:F5:47:82:0E:C6,ALL,udp:38776,8.8.8.8*,2,164,1,74,1,90
D4:F5:47:82:0E:C6,ALL,udp:43210,192.168.3.117*,2,176,1,102,1,74
D4:F5:47:82:0E:C6,ALL,udp:43210,8.8.8.8*,2,176,1,74,1,102
D4:F5:47:82:0E:C6,ALL,udp:36857,192.168.3.117*,2,164,1,90,1,74
D4:F5:47:82:0E:C6,ALL,udp:36857,8.8.8.8*,2,164,1,74,1,90
D4:F5:47:82:0E:C6,ALL,udp:43141,192.168.3.117*,2,176,1,102,1,74
D4:F5:47:82:0E:C6,ALL,udp:43141,8.8.8.8*,2,176,1,74,1,102
D4:F5:47:82:0E:C6,ALL,udp:38074,192.168.3.117*,2,164,1,90,1,74
D4:F5:47:82:0E:C6,ALL,udp:38074,8.8.8.8*,2,164,1,74,1,90
D4:F5:47:82:0E:C6,ALL,udp:47964,192.168.3.117*,2,176,1,102,1,74
D4:F5:47:82:0E:C6,ALL,udp:47964,8.8.8.8*,2,176,1,74,1,102
D4:F5:47:82:0E:C6,ALL,udp:52738,192.168.3.117*,2,164,1,90,1,74
D4:F5:47:82:0E:C6,ALL,udp:52738,8.8.8.8*,2,164,1,74,1,90
D4:F5:47:82:0E:C6,ALL,udp:60987,192.168.3.117*,2,176,1,102,1,74
D4:F5:47:82:0E:C6,ALL,udp:60987,8.8.8.8*,2,176,1,74,1,102
D4:F5:47:82:0E:C6,ALL,udp:52041,192.168.3.117*,2,164,1,90,1,74
D4:F5:47:82:0E:C6,ALL,udp:52041,8.8.8.8*,2,164,1,74,1,90
D4:F5:47:82:0E:C6,ALL,udp:50612,192.168.3.117*,2,176,1,102,1,74
D4:F5:47:82:0E:C6,ALL,udp:50612,8.8.8.8*,2,176,1,74,1,102
D4:F5:47:82:0E:C6,ALL,udp:36559,192.168.3.117*,2,176,1,102,1,74
D4:F5:47:82:0E:C6,ALL,udp:36559,8.8.8.8*,2,176,1,74,1,102
D4:F5:47:82:0E:C6,ALL,udp:37260,192.168.3.117*,2,176,1,102,1,74
D4:F5:47:82:0E:C6,ALL,udp:37260,8.8.8.8*,2,176,1,74,1,102
D4:F5:47:82:0E:C6,ALL,udp:36706,192.168.3.117*,2,176,1,102,1,74
D4:F5:47:82:0E:C6,ALL,udp:36706,8.8.8.8*,2,176,1,74,1,102
D4:F5:47:82:0E:C6,ALL,udp:55884,192.168.3.117*,2,164,1,90,1,74
D4:F5:47:82:0E:C6,ALL,udp:55884,8.8.8.8*,2,164,1,74,1,90
D4:F5:47:82:0E:C6,ALL,udp:39165,192.168.3.117*,2,176,1,102,1,74
D4:F5:47:82:0E:C6,ALL,udp:39165,8.8.8.8*,2,176,1,74,1,102
D4:F5:47:82:0E:C6,ALL,udp:41608,192.168.3.117*,2,164,1,90,1,74
D4:F5:47:82:0E:C6,ALL,udp:41608,8.8.8.8*,2,164,1,74,1,90
D4:F5:47:82:0E:C6,ALL,udp:53100,192.168.3.117*,2,164,1,90,1,74
D4:F5:47:82:0E:C6,ALL,udp:53100,8.8.8.8*,2,164,1,74,1,90
D4:F5:47:82:0E:C6,ALL,udp:33300,192.168.3.117*,2,176,1,102,1,74
D4:F5:47:82:0E:C6,ALL,udp:33300,8.8.8.8*,2,176,1,74,1,102
D4:F5:47:82:0E:C6,ALL,udp:57740,192.168.3.117*,2,176,1,102,1,74
D4:F5:47:82:0E:C6,ALL,udp:57740,8.8.8.8*,2,176,1,74,1,102
D4:F5:47:82:0E:C6,ALL,udp:52900,192.168.3.117*,2,164,1,90,1,74
D4:F5:47:82:0E:C6,ALL,udp:52900,8.8.8.8*,2,164,1,74,1,90
D4:F5:47:82:0E:C6,ALL,udp:57410,192.168.3.117*,2,176,1,102,1,74
D4:F5:47:82:0E:C6,ALL,udp:57410,8.8.8.8*,2,176,1,74,1,102
D4:F5:47:82:0E:C6,ALL,udp:58077,192.168.3.117*,2,164,1,90,1,74
D4:F5:47:82:0E:C6,ALL,udp:58077,8.8.8.8*,2,164,1,74,1,90
D4:F5:47:82:0E:C6,ALL,udp:36182,192.168.3.117*,2,164,1,90,1,74
D4:F5:47:82:0E:C6,ALL,udp:36182,8.8.8.8*,2,164,1,74,1,90
D4:F5:47:82:0E:C6,ALL,udp:59292,192.168.3.117*,2,164,1,90,1,74
D4:F5:47:82:0E:C6,ALL,udp:59292,8.8.8.8*,2,164,1,74,1,90
D4:F5:47:82:0E:C6,ALL,udp:41332,216.239.35.8,2,180,1,90,1,90
D4:F5:47:82:0E:C6,ALL,udp:41332,8.8.8.8,2,176,1,74,1,102
D4:F5:47:82:0E:C6,ALL,udp:32863,192.168.3.117*,2,164,1,90,1,74
D4:F5:47:82:0E:C6,ALL,udp:32863,8.8.8.8*,2,164,1,74,1,90
D4:F5:47:82:0E:C6,ALL,udp:53668,192.168.3.117*,2,164,1,90,1,74
D4:F5:47:82:0E:C6,ALL,udp:53668,8.8.8.8*,2,164,1,74,1,90
D4:F5:47:82:0E:C6,ALL,udp:36887,192.168.3.117*,2,164,1,90,1,74
D4:F5:47:82:0E:C6,ALL,udp:36887,8.8.8.8*,2,164,1,74,1,90
D4:F5:47:82:0E:C6,ALL,udp:48786,192.168.3.117*,2,176,1,102,1,74
D4:F5:47:82:0E:C6,ALL,udp:48786,8.8.8.8*,2,176,1,74,1,102
D4:F5:47:82:0E:C6,ALL,udp:53309,192.168.3.117*,2,198,1,119,1,79
D4:F5:47:82:0E:C6,ALL,udp:53309,8.8.8.8*,2,198,1,79,1,119
D4:F5:47:82:0E:C6,ALL,udp:40407,192.168.3.117*,2,164,1,90,1,74
D4:F5:47:82:0E:C6,ALL,udp:40407,8.8.8.8*,2,164,1,74,1,90
D4:F5:47:82:0E:C6,ALL,udp:51126,192.168.3.117*,2,176,1,102,1,74
D4:F5:47:82:0E:C6,ALL,udp:51126,8.8.8.8*,2,176,1,74,1,102
D4:F5:47:82:0E:C6,ALL,udp:45153,192.168.3.117*,2,164,1,90,1,74
D4:F5:47:82:0E:C6,ALL,udp:45153,8.8.8.8*,2,164,1,74,1,90
D4:F5:47:82:0E:C6,ALL,udp:50073,192.168.3.117*,2,176,1,102,1,74
D4:F5:47:82:0E:C6,ALL,udp:50073,8.8.8.8*,2,176,1,74,1,102
D4:F5:47:82:0E:C6,ALL,udp:33954,192.168.3.117*,2,164,1,90,1,74
D4:F5:47:82:0E:C6,ALL,udp:33954,8.8.8.8*,2,164,1,74,1,90
D4:F5:47:82:0E:C6,ALL,udp:34209,192.168.3.117*,2,176,1,102,1,74
D4:F5:47:82:0E:C6,ALL,udp:34209,8.8.8.8*,2,176,1,74,1,102
D4:F5:47:82:0E:C6,ALL,udp:42656,192.168.3.117*,2,164,1,90,1,74
D4:F5:47:82:0E:C6,ALL,udp:42656,8.8.8.8*,2,164,1,74,1,90
D4:F5:47:82:0E:C6,ALL,udp:38157,192.168.3.117*,2,176,1,102,1,74
D4:F5:47:82:0E:C6,ALL,udp:38157,8.8.8.8*,2,176,1,74,1,102
D4:F5:47:82:0E:C6,ALL,udp:52722,192.168.3.117*,2,164,1,90,1,74
D4:F5:47:82:0E:C6,ALL,udp:52722,8.8.8.8*,2,164,1,74,1,90
D4:F5:47:82:0E:C6,ALL,udp:51556,192.168.3.117*,2,164,1,90,1,74
D4:F5:47:82:0E:C6,ALL,udp:51556,8.8.8.8*,2,164,1,74,1,90
D4:F5:47:82:0E:C6,ALL,udp:43041,192.168.3.117*,2,176,1,102,1,74
D4:F5:47:82:0E:C6,ALL,udp:43041,8.8.8.8*,2,176,1,74,1,102
D4:F5:47:82:0E:C6,ALL,udp:55866,192.168.3.117*,2,164,1,90,1,74
D4:F5:47:82:0E:C6,ALL,udp:55866,8.8.8.8*,2,164,1,74,1,90
D4:F5:47:82:0E:C6,ALL,udp:60931,142.251.32.110*,21,12292,13,9202,8,3090
D4:F5:47:82:0E:C6,ALL,udp:60931,8.8.8.8*,2,176,1,74,1,102
D4:F5:47:82:0E:C6,ALL,udp:56923,192.168.3.117*,2,164,1,90,1,74
D4:F5:47:82:0E:C6,ALL,udp:56923,8.8.8.8*,2,164,1,74,1,90
D4:F5:47:82:0E:C6,ALL,udp:36792,192.168.3.117*,2,176,1,102,1,74
D4:F5:47:82:0E:C6,ALL,udp:36792,8.8.8.8*,2,176,1,74,1,102
D4:F5:47:82:0E:C6,ALL,udp:44330,192.168.3.117*,2,176,1,102,1,74
D4:F5:47:82:0E:C6,ALL,udp:44330,8.8.8.8*,2,176,1,74,1,102
D4:F5:47:82:0E:C6,ALL,udp:41029,192.168.3.117*,2,164,1,90,1,74
D4:F5:47:82:0E:C6,ALL,udp:41029,8.8.8.8*,2,164,1,74,1,90
D4:F5:47:82:0E:C6,ALL,udp:40638,192.168.3.117*,2,176,1,102,1,74
D4:F5:47:82:0E:C6,ALL,udp:40638,8.8.8.8*,2,176,1,74,1,102
D4:F5:47:82:0E:C6,ALL,udp:46360,192.168.3.117*,2,198,1,119,1,79
D4:F5:47:82:0E:C6,ALL,udp:46360,8.8.8.8*,2,198,1,79,1,119
D4:F5:47:82:0E:C6,ALL,udp:32814,192.168.3.117*,2,164,1,90,1,74
D4:F5:47:82:0E:C6,ALL,udp:32814,8.8.8.8*,2,164,1,74,1,90
D4:F5:47:82:0E:C6,ALL,udp:36804,192.168.3.117*,2,176,1,102,1,74
D4:F5:47:82:0E:C6,ALL,udp:36804,8.8.8.8*,2,176,1,74,1,102
D4:F5:47:82:0E:C6,ALL,udp:43169,192.168.3.117*,2,164,1,90,1,74
D4:F5:47:82:0E:C6,ALL,udp:43169,8.8.8.8*,2,164,1,74,1,90
D4:F5:47:82:0E:C6,ALL,udp:36187,192.168.3.117*,2,164,1,90,1,74
D4:F5:47:82:0E:C6,ALL,udp:36187,8.8.8.8*,2,164,1,74,1,90
D4:F5:47:82:0E:C6,ALL,udp:44294,192.168.3.117*,2,176,1,102,1,74
D4:F5:47:82:0E:C6,ALL,udp:44294,8.8.8.8*,2,176,1,74,1,102
D4:F5:47:82:0E:C6,ALL,udp:39615,192.168.3.117*,2,164,1,90,1,74
D4:F5:47:82:0E:C6,ALL,udp:39615,8.8.8.8*,2,164,1,74,1,90
D4:F5:47:82:0E:C6,ALL,udp:48560,192.168.3.117*,2,176,1,102,1,74
D4:F5:47:82:0E:C6,ALL,udp:48560,8.8.8.8*,2,176,1,74,1,102
D4:F5:47:82:0E:C6,ALL,udp:34463,192.168.3.117*,2,164,1,90,1,74
D4:F5:47:82:0E:C6,ALL,udp:34463,8.8.8.8*,2,164,1,74,1,90
D4:F5:47:82:0E:C6,ALL,udp:48630,192.168.3.117*,2,176,1,102,1,74
D4:F5:47:82:0E:C6,ALL,udp:48630,8.8.8.8*,2,176,1,74,1,102
D4:F5:47:82:0E:C6,ALL,udp:47297,192.168.3.117*,2,176,1,102,1,74
D4:F5:47:82:0E:C6,ALL,udp:47297,8.8.8.8*,2,176,1,74,1,102
D4:F5:47:82:0E:C6,ALL,udp:41716,192.168.3.117*,2,176,1,102,1,74
D4:F5:47:82:0E:C6,ALL,udp:41716,8.8.8.8*,2,176,1,74,1,102
D4:F5:47:82:0E:C6,ALL,udp:60489,192.168.3.117*,2,164,1,90,1,74
D4:F5:47:82:0E:C6,ALL,udp:60489,8.8.8.8*,2,164,1,74,1,90
D4:F5:47:82:0E:C6,ALL,udp:44073,192.168.3.117*,2,176,1,102,1,74
D4:F5:47:82:0E:C6,ALL,udp:44073,8.8.8.8*,2,176,1,74,1,102
D4:F5:47:82:0E:C6,ALL,udp:46230,192.168.3.117*,2,194,1,105,1,89
D4:F5:47:82:0E:C6,ALL,udp:46230,8.8.8.8*,2,194,1,89,1,105
D4:F5:47:82:0E:C6,ALL,udp:33480,192.168.3.117*,2,176,1,102,1,74
D4:F5:47:82:0E:C6,ALL,udp:33480,8.8.8.8*,2,176,1,74,1,102
D4:F5:47:82:0E:C6,ALL,udp:56704,192.168.3.117*,2,164,1,90,1,74
D4:F5:47:82:0E:C6,ALL,udp:56704,8.8.8.8*,2,164,1,74,1,90
D4:F5:47:82:0E:C6,ALL,udp:45944,192.168.3.117*,2,176,1,102,1,74
D4:F5:47:82:0E:C6,ALL,udp:45944,8.8.8.8*,2,176,1,74,1,102
D4:F5:47:82:0E:C6,ALL,udp:40106,192.168.3.117*,2,164,1,90,1,74
D4:F5:47:82:0E:C6,ALL,udp:40106,8.8.8.8*,2,164,1,74,1,90
D4:F5:47:82:0E:C6,ALL,udp:47951,192.168.3.117*,2,176,1,102,1,74
D4:F5:47:82:0E:C6,ALL,udp:47951,8.8.8.8*,2,176,1,74,1,102
D4:F5:47:82:0E:C6,ALL,udp:41050,192.168.3.117*,2,176,1,102,1,74
D4:F5:47:82:0E:C6,ALL,udp:41050,8.8.8.8*,2,176,1,74,1,102
D4:F5:47:82:0E:C6,ALL,udp:37925,192.168.3.117*,2,164,1,90,1,74
D4:F5:47:82:0E:C6,ALL,udp:37925,8.8.8.8*,2,164,1,74,1,90
D4:F5:47:82:0E:C6,ALL,udp:33521,192.168.3.117*,2,176,1,102,1,74
D4:F5:47:82:0E:C6,ALL,udp:33521,8.8.8.8*,2,176,1,74,1,102
D4:F5:47:82:0E:C6,ALL,udp:49405,192.168.3.117*,2,164,1,90,1,74
D4:F5:47:82:0E:C6,ALL,udp:49405,8.8.8.8*,2,164,1,74,1,90
D4:F5:47:82:0E:C6,ALL,udp:58180,192.168.3.117*,2,176,1,102,1,74
D4:F5:47:82:0E:C6,ALL,udp:58180,8.8.8.8*,2,176,1,74,1,102
D4:F5:47:82:0E:C6,ALL,udp:56869,192.168.3.117*,2,164,1,90,1,74
D4:F5:47:82:0E:C6,ALL,udp:56869,8.8.8.8*,2,164,1,74,1,90
D4:F5:47:82:0E:C6,ALL,udp:50077,192.168.3.117*,2,164,1,90,1,74
D4:F5:47:82:0E:C6,ALL,udp:50077,8.8.8.8*,2,164,1,74,1,90
D4:F5:47:82:0E:C6,ALL,udp:44387,192.168.3.117*,2,164,1,90,1,74
D4:F5:47:82:0E:C6,ALL,udp:44387,8.8.8.8*,2,164,1,74,1,90
D4:F5:47:82:0E:C6,ALL,udp:52871,192.168.3.117*,2,176,1,102,1,74
D4:F5:47:82:0E:C6,ALL,udp:52871,8.8.8.8*,2,176,1,74,1,102
D4:F5:47:82:0E:C6,ALL,udp:34696,192.168.3.117*,2,164,1,90,1,74
D4:F5:47:82:0E:C6,ALL,udp:34696,8.8.8.8*,2,164,1,74,1,90
D4:F5:47:82:0E:C6,ALL,udp:36964,216.239.35.0,2,180,1,90,1,90
D4:F5:47:82:0E:C6,ALL,udp:36964,8.8.8.8,2,176,1,74,1,102
D4:F5:47:82:0E:C6,ALL,udp:49192,192.168.3.117*,2,164,1,90,1,74
D4:F5:47:82:0E:C6,ALL,udp:49192,8.8.8.8*,2,164,1,74,1,90
D4:F5:47:82:0E:C6,ALL,udp:42453,192.168.3.117*,2,164,1,90,1,74
D4:F5:47:82:0E:C6,ALL,udp:42453,8.8.8.8*,2,164,1,74,1,90
D4:F5:47:82:0E:C6,ALL,udp:56391,192.168.3.117*,2,198,1,119,1,79
D4:F5:47:82:0E:C6,ALL,udp:56391,8.8.8.8*,2,198,1,79,1,119
D4:F5:47:82:0E:C6,ALL,udp:51177,192.168.3.117*,2,164,1,90,1,74
D4:F5:47:82:0E:C6,ALL,udp:51177,8.8.8.8*,2,164,1,74,1,90
D4:F5:47:82:0E:C6,ALL,udp:58566,192.168.3.117*,2,176,1,102,1,74
D4:F5:47:82:0E:C6,ALL,udp:58566,8.8.8.8*,2,176,1,74,1,102
D4:F5:47:82:0E:C6,ALL,udp:42511,192.168.3.117*,2,176,1,102,1,74
D4:F5:47:82:0E:C6,ALL,udp:42511,8.8.8.8*,2,176,1,74,1,102
D4:F5:47:82:0E:C6,ALL,udp:56286,192.168.3.117*,2,164,1,90,1,74
D4:F5:47:82:0E:C6,ALL,udp:56286,8.8.8.8*,2,164,1,74,1,90
D4:F5:47:82:0E:C6,ALL,udp:44089,192.168.3.117*,2,176,1,102,1,74
D4:F5:47:82:0E:C6,ALL,udp:44089,8.8.8.8*,2,176,1,74,1,102
D4:F5:47:82:0E:C6,ALL,udp:52605,192.168.3.117*,2,164,1,90,1,74
D4:F5:47:82:0E:C6,ALL,udp:52605,8.8.8.8*,2,164,1,74,1,90
D4:F5:47:82:0E:C6,ALL,udp:60910,192.168.3.117*,2,176,1,102,1,74
D4:F5:47:82:0E:C6,ALL,udp:60910,8.8.8.8*,2,176,1,74,1,102
D4:F5:47:82:0E:C6,ALL,udp:49375,192.168.3.117*,2,176,1,102,1,74
D4:F5:47:82:0E:C6,ALL,udp:49375,8.8.8.8*,2,176,1,74,1,102
D4:F5:47:82:0E:C6,ALL,udp:33618,192.168.3.117*,2,164,1,90,1,74
D4:F5:47:82:0E:C6,ALL,udp:33618,8.8.8.8*,2,164,1,74,1,90
D4:F5:47:82:0E:C6,ALL,udp:33112,192.168.3.117*,2,164,1,90,1,74
D4:F5:47:82:0E:C6,ALL,udp:33112,8.8.8.8*,2,164,1,74,1,90
D4:F5:47:82:0E:C6,ALL,udp:43341,192.168.3.117*,2,176,1,102,1,74
D4:F5:47:82:0E:C6,ALL,udp:43341,8.8.8.8*,2,176,1,74,1,102
D4:F5:47:82:0E:C6,ALL,udp:56307,192.168.3.117*,2,176,1,102,1,74
D4:F5:47:82:0E:C6,ALL,udp:56307,8.8.8.8*,2,176,1,74,1,102
D4:F5:47:82:0E:C6,ALL,udp:34063,192.168.3.117*,2,176,1,102,1,74
D4:F5:47:82:0E:C6,ALL,udp:34063,8.8.8.8*,2,176,1,74,1,102
D4:F5:47:82:0E:C6,ALL,udp:36544,192.168.3.117*,2,176,1,102,1,74
D4:F5:47:82:0E:C6,ALL,udp:36544,8.8.8.8*,2,176,1,74,1,102
D4:F5:47:82:0E:C6,ALL,udp:37074,192.168.3.117*,2,164,1,90,1,74
D4:F5:47:82:0E:C6,ALL,udp:37074,8.8.8.8*,2,164,1,74,1,90
D4:F5:47:82:0E:C6,ALL,udp:42721,192.168.3.117*,2,176,1,102,1,74
D4:F5:47:82:0E:C6,ALL,udp:42721,8.8.8.8*,2,176,1,74,1,102
D4:F5:47:82:0E:C6,ALL,udp:54604,192.168.3.117*,2,164,1,90,1,74
D4:F5:47:82:0E:C6,ALL,udp:54604,8.8.8.8*,2,164,1,74,1,90
D4:F5:47:82:0E:C6,ALL,udp:52613,192.168.3.117*,2,176,1,102,1,74
D4:F5:47:82:0E:C6,ALL,udp:52613,8.8.8.8*,2,176,1,74,1,102
D4:F5:47:82:0E:C6,ALL,udp:56050,192.168.3.117*,2,164,1,90,1,74
D4:F5:47:82:0E:C6,ALL,udp:56050,8.8.8.8*,2,164,1,74,1,90
D4:F5:47:82:0E:C6,ALL,udp:47699,192.168.3.117*,2,176,1,102,1,74
D4:F5:47:82:0E:C6,ALL,udp:47699,8.8.8.8*,2,176,1,74,1,102
D4:F5:47:82:0E:C6,ALL,udp:34579,192.168.3.117*,2,176,1,102,1,74
D4:F5:47:82:0E:C6,ALL,udp:34579,8.8.8.8*,2,176,1,74,1,102
D4:F5:47:82:0E:C6,ALL,udp:55929,192.168.3.117*,2,176,1,102,1,74
D4:F5:47:82:0E:C6,ALL,udp:55929,8.8.8.8*,2,176,1,74,1,102
D4:F5:47:82:0E:C6,ALL,udp:41840,192.168.3.117*,2,164,1,90,1,74
D4:F5:47:82:0E:C6,ALL,udp:41840,8.8.8.8*,2,164,1,74,1,90
D4:F5:47:82:0E:C6,ALL,udp:33221,192.168.3.117*,2,176,1,102,1,74
D4:F5:47:82:0E:C6,ALL,udp:33221,8.8.8.8*,2,176,1,74,1,102
D4:F5:47:82:0E:C6,ALL,udp:33510,192.168.3.117*,2,164,1,90,1,74
D4:F5:47:82:0E:C6,ALL,udp:33510,8.8.8.8*,2,164,1,74,1,90
D4:F5:47:82:0E:C6,ALL,udp:46474,192.168.3.117*,2,176,1,102,1,74
D4:F5:47:82:0E:C6,ALL,udp:46474,8.8.8.8*,2,176,1,74,1,102
D4:F5:47:82:0E:C6,ALL,udp:55819,192.168.3.117*,2,164,1,90,1,74
D4:F5:47:82:0E:C6,ALL,udp:55819,8.8.8.8*,2,164,1,74,1,90
D4:F5:47:82:0E:C6,ALL,udp:39534,192.168.3.117*,2,176,1,102,1,74
D4:F5:47:82:0E:C6,ALL,udp:39534,8.8.8.8*,2,176,1,74,1,102
D4:F5:47:82:0E:C6,ALL,udp:39731,192.168.3.117*,2,164,1,90,1,74
D4:F5:47:82:0E:C6,ALL,udp:39731,8.8.8.8*,2,164,1,74,1,90
D4:F5:47:82:0E:C6,ALL,udp:37112,192.168.3.117*,2,176,1,102,1,74
D4:F5:47:82:0E:C6,ALL,udp:37112,8.8.8.8*,2,176,1,74,1,102
D4:F5:47:82:0E:C6,ALL,udp:34312,192.168.3.117*,2,164,1,90,1,74
D4:F5:47:82:0E:C6,ALL,udp:34312,8.8.8.8*,2,164,1,74,1,90
D4:F5:47:82:0E:C6,ALL,udp:54342,172.217.165.142*,20,10872,12,7358,8,3514
D4:F5:47:82:0E:C6,ALL,udp:54342,8.8.8.8*,2,164,1,74,1,90
D4:F5:47:82:0E:C6,ALL,udp:56819,192.168.3.117*,2,176,1,102,1,74
D4:F5:47:82:0E:C6,ALL,udp:56819,8.8.8.8*,2,176,1,74,1,102
D4:F5:47:82:0E:C6,ALL,udp:53252,192.168.3.117*,2,164,1,90,1,74
D4:F5:47:82:0E:C6,ALL,udp:53252,8.8.8.8*,2,164,1,74,1,90
D4:F5:47:82:0E:C6,ALL,udp:46495,192.168.3.117*,2,164,1,90,1,74
D4:F5:47:82:0E:C6,ALL,udp:46495,8.8.8.8*,2,164,1,74,1,90
D4:F5:47:82:0E:C6,ALL,udp:55095,192.168.3.117*,2,176,1,102,1,74
D4:F5:47:82:0E:C6,ALL,udp:55095,8.8.8.8*,2,176,1,74,1,102
D4:F5:47:82:0E:C6,ALL,udp:59857,192.168.3.117*,2,164,1,90,1,74
D4:F5:47:82:0E:C6,ALL,udp:59857,8.8.8.8*,2,164,1,74,1,90
D4:F5:47:82:0E:C6,ALL,udp:40302,192.168.3.117*,2,176,1,102,1,74
D4:F5:47:82:0E:C6,ALL,udp:40302,8.8.8.8*,2,176,1,74,1,102
D4:F5:47:82:0E:C6,ALL,udp:57427,192.168.3.117*,2,176,1,102,1,74
D4:F5:47:82:0E:C6,ALL,udp:57427,8.8.8.8*,2,176,1,74,1,102
D4:F5:47:82:0E:C6,ALL,udp:36596,192.168.3.117*,2,164,1,90,1,74
D4:F5:47:82:0E:C6,ALL,udp:36596,8.8.8.8*,2,164,1,74,1,90
D4:F5:47:82:0E:C6,ALL,udp:49974,192.168.3.117*,2,176,1,102,1,74
D4:F5:47:82:0E:C6,ALL,udp:49974,8.8.8.8*,2,176,1,74,1,102
D4:F5:47:82:0E:C6,ALL,udp:42372,192.168.3.117*,2,164,1,90,1,74
D4:F5:47:82:0E:C6,ALL,udp:42372,8.8.8.8*,2,164,1,74,1,90
D4:F5:47:82:0E:C6,ALL,udp:35809,192.168.3.117*,2,164,1,90,1,74
D4:F5:47:82:0E:C6,ALL,udp:35809,8.8.8.8*,2,164,1,74,1,90
D4:F5:47:82:0E:C6,ALL,udp:55868,192.168.3.117*,2,176,1,102,1,74
D4:F5:47:82:0E:C6,ALL,udp:55868,8.8.8.8*,2,176,1,74,1,102
D4:F5:47:82:0E:C6,ALL,udp:57301,192.168.3.117*,2,176,1,102,1,74
D4:F5:47:82:0E:C6,ALL,udp:57301,8.8.8.8*,2,176,1,74,1,102
D4:F5:47:82:0E:C6,ALL,udp:48440,192.168.3.117*,2,164,1,90,1,74
D4:F5:47:82:0E:C6,ALL,udp:48440,8.8.8.8*,2,164,1,74,1,90
D4:F5:47:82:0E:C6,ALL,udp:51302,216.239.35.12,2,180,1,90,1,90
D4:F5:47:82:0E:C6,ALL,udp:51302,8.8.8.8,2,164,1,74,1,90
D4:F5:47:82:0E:C6,ALL,udp:40508,192.168.3.117*,2,164,1,90,1,74
D4:F5:47:82:0E:C6,ALL,udp:40508,8.8.8.8*,2,164,1,74,1,90
D4:F5:47:82:0E:C6,ALL,udp:33312,192.168.3.117*,2,176,1,102,1,74
D4:F5:47:82:0E:C6,ALL,udp:33312,8.8.8.8*,2,176,1,74,1,102
D4:F5:47:82:0E:C6,ALL,udp:49418,192.168.3.117*,2,164,1,90,1,74
D4:F5:47:82:0E:C6,ALL,udp:49418,8.8.8.8*,2,164,1,74,1,90
D4:F5:47:82:0E:C6,ALL,udp:41360,192.168.3.117*,2,176,1,102,1,74
D4:F5:47:82:0E:C6,ALL,udp:41360,8.8.8.8*,2,176,1,74,1,102
D4:F5:47:82:0E:C6,ALL,udp:53851,192.168.3.117*,2,176,1,102,1,74
D4:F5:47:82:0E:C6,ALL,udp:53851,8.8.8.8*,2,176,1,74,1,102
D4:F5:47:82:0E:C6,ALL,udp:58359,192.168.3.117*,2,176,1,102,1,74
D4:F5:47:82:0E:C6,ALL,udp:58359,8.8.8.8*,2,176,1,74,1,102
D4:F5:47:82:0E:C6,ALL,udp:36144,192.168.3.117*,2,164,1,90,1,74
D4:F5:47:82:0E:C6,ALL,udp:36144,8.8.8.8*,2,164,1,74,1,90
D4:F5:47:82:0E:C6,ALL,udp:43019,192.168.3.117*,2,176,1,102,1,74
D4:F5:47:82:0E:C6,ALL,udp:43019,8.8.8.8*,2,176,1,74,1,102
D4:F5:47:82:0E:C6,ALL,udp:38470,192.168.3.117*,2,164,1,90,1,74
D4:F5:47:82:0E:C6,ALL,udp:38470,8.8.8.8*,2,164,1,74,1,90
D4:F5:47:82:0E:C6,ALL,udp:40857,192.168.3.117*,2,176,1,102,1,74
D4:F5:47:82:0E:C6,ALL,udp:40857,8.8.8.8*,2,176,1,74,1,102
D4:F5:47:82:0E:C6,ALL,udp:58538,192.168.3.117*,2,164,1,90,1,74
D4:F5:47:82:0E:C6,ALL,udp:58538,8.8.8.8*,2,164,1,74,1,90
D4:F5:47:82:0E:C6,ALL,udp:37562,192.168.3.117*,2,176,1,102,1,74
D4:F5:47:82:0E:C6,ALL,udp:37562,8.8.8.8*,2,176,1,74,1,102
D4:F5:47:82:0E:C6,ALL,udp:60068,192.168.3.117*,2,176,1,102,1,74
D4:F5:47:82:0E:C6,ALL,udp:60068,8.8.8.8*,2,176,1,74,1,102
D4:F5:47:82:0E:C6,ALL,udp:49602,192.168.3.117*,2,164,1,90,1,74
D4:F5:47:82:0E:C6,ALL,udp:49602,8.8.8.8*,2,164,1,74,1,90
D4:F5:47:82:0E:C6,ALL,udp:40592,192.168.3.117*,2,176,1,102,1,74
D4:F5:47:82:0E:C6,ALL,udp:40592,8.8.8.8*,2,176,1,74,1,102
D4:F5:47:82:0E:C6,ALL,udp:45477,192.168.3.117*,2,164,1,90,1,74
D4:F5:47:82:0E:C6,ALL,udp:45477,8.8.8.8*,2,164,1,74,1,90
D4:F5:47:82:0E:C6,ALL,udp:56204,192.168.3.117*,2,176,1,102,1,74
D4:F5:47:82:0E:C6,ALL,udp:56204,8.8.8.8*,2,176,1,74,1,102
D4:F5:47:82:0E:C6,ALL,udp:49487,192.168.3.117*,2,164,1,90,1,74
D4:F5:47:82:0E:C6,ALL,udp:49487,8.8.8.8*,2,164,1,74,1,90
D4:F5:47:82:0E:C6,ALL,udp:49001,192.168.3.117*,2,176,1,102,1,74
D4:F5:47:82:0E:C6,ALL,udp:49001,8.8.8.8*,2,176,1,74,1,102
D4:F5:47:82:0E:C6,ALL,udp:41550,192.168.3.117*,2,164,1,90,1,74
D4:F5:47:82:0E:C6,ALL,udp:41550,8.8.8.8*,2,164,1,74,1,90
D4:F5:47:82:0E:C6,ALL,udp:60893,192.168.3.117*,2,176,1,102,1,74
D4:F5:47:82:0E:C6,ALL,udp:60893,8.8.8.8*,2,176,1,74,1,102
D4:F5:47:82:0E:C6,ALL,udp:44295,192.168.3.117*,2,164,1,90,1,74
D4:F5:47:82:0E:C6,ALL,udp:44295,8.8.8.8*,2,164,1,74,1,90
D4:F5:47:82:0E:C6,ALL,udp:50892,192.168.3.117*,2,176,1,102,1,74
D4:F5:47:82:0E:C6,ALL,udp:50892,8.8.8.8*,2,176,1,74,1,102
D4:F5:47:82:0E:C6,ALL,udp:53729,192.168.3.117*,2,164,1,90,1,74
D4:F5:47:82:0E:C6,ALL,udp:53729,8.8.8.8*,2,164,1,74,1,90
D4:F5:47:82:0E:C6,ALL,udp:56958,192.168.3.117*,2,176,1,102,1,74
D4:F5:47:82:0E:C6,ALL,udp:56958,8.8.8.8*,2,176,1,74,1,102
D4:F5:47:82:0E:C6,ALL,udp:42630,192.168.3.117*,2,164,1,90,1,74
D4:F5:47:82:0E:C6,ALL,udp:42630,8.8.8.8*,2,164,1,74,1,90
D4:F5:47:82:0E:C6,ALL,udp:55873,192.168.3.117*,2,176,1,102,1,74
D4:F5:47:82:0E:C6,ALL,udp:55873,8.8.8.8*,2,176,1,74,1,102
D4:F5:47:82:0E:C6,ALL,udp:50319,192.168.3.117*,2,176,1,102,1,74
D4:F5:47:82:0E:C6,ALL,udp:50319,8.8.8.8*,2,176,1,74,1,102
D4:F5:47:82:0E:C6,ALL,udp:56424,192.168.3.117*,2,164,1,90,1,74
D4:F5:47:82:0E:C6,ALL,udp:56424,8.8.8.8*,2,164,1,74,1,90
D4:F5:47:82:0E:C6,ALL,udp:40228,192.168.3.117*,2,176,1,102,1,74
D4:F5:47:82:0E:C6,ALL,udp:40228,8.8.8.8*,2,176,1,74,1,102
D4:F5:47:82:0E:C6,ALL,udp:33941,192.168.3.117*,2,164,1,90,1,74
D4:F5:47:82:0E:C6,ALL,udp:33941,8.8.8.8*,2,164,1,74,1,90
D4:F5:47:82:0E:C6,ALL,udp:36152,192.168.3.117*,2,164,1,90,1,74
D4:F5:47:82:0E:C6,ALL,udp:36152,8.8.8.8*,2,164,1,74,1,90
D4:F5:47:82:0E:C6,ALL,udp:44395,192.168.3.117*,2,176,1,102,1,74
D4:F5:47:82:0E:C6,ALL,udp:44395,8.8.8.8*,2,176,1,74,1,102
D4:F5:47:82:0E:C6,ALL,udp:52595,192.168.3.117*,2,164,1,90,1,74
D4:F5:47:82:0E:C6,ALL,udp:52595,8.8.8.8*,2,164,1,74,1,90
D4:F5:47:82:0E:C6,ALL,udp:35237,192.168.3.117*,2,176,1,102,1,74
D4:F5:47:82:0E:C6,ALL,udp:35237,8.8.8.8*,2,176,1,74,1,102
D4:F5:47:82:0E:C6,ALL,udp:57996,192.168.3.117*,2,164,1,90,1,74
D4:F5:47:82:0E:C6,ALL,udp:57996,8.8.8.8*,2,164,1,74,1,90
D4:F5:47:82:0E:C6,ALL,udp:52625,192.168.3.117*,2,176,1,102,1,74
D4:F5:47:82:0E:C6,ALL,udp:52625,8.8.8.8*,2,176,1,74,1,102
D4:F5:47:82:0E:C6,ALL,udp:53005,142.251.32.110*,25,12558,14,9276,11,3282
D4:F5:47:82:0E:C6,ALL,udp:53005,8.8.8.8*,2,164,1,74,1,90
D4:F5:47:82:0E:C6,ALL,udp:53637,192.168.3.117*,2,176,1,102,1,74
D4:F5:47:82:0E:C6,ALL,udp:53637,8.8.8.8*,2,176,1,74,1,102
D4:F5:47:82:0E:C6,ALL,udp:48893,192.168.3.117*,2,164,1,90,1,74
D4:F5:47:82:0E:C6,ALL,udp:48893,8.8.8.8*,2,164,1,74,1,90
D4:F5:47:82:0E:C6,ALL,udp:52321,192.168.3.117*,2,164,1,90,1,74
D4:F5:47:82:0E:C6,ALL,udp:52321,8.8.8.8*,2,164,1,74,1,90
D4:F5:47:82:0E:C6,ALL,udp:54097,192.168.3.117*,2,176,1,102,1,74
D4:F5:47:82:0E:C6,ALL,udp:54097,8.8.8.8*,2,176,1,74,1,102
D4:F5:47:82:0E:C6,ALL,udp:54364,192.168.3.117*,2,164,1,90,1,74
D4:F5:47:82:0E:C6,ALL,udp:54364,8.8.8.8*,2,164,1,74,1,90
D4:F5:47:82:0E:C6,ALL,udp:49478,192.168.3.117*,2,176,1,102,1,74
D4:F5:47:82:0E:C6,ALL,udp:49478,8.8.8.8*,2,176,1,74,1,102
D4:F5:47:82:0E:C6,ALL,udp:39077,192.168.3.117*,2,198,1,119,1,79
D4:F5:47:82:0E:C6,ALL,udp:39077,8.8.8.8*,2,198,1,79,1,119
D4:F5:47:82:0E:C6,ALL,udp:39501,192.168.3.117*,2,164,1,90,1,74
D4:F5:47:82:0E:C6,ALL,udp:39501,8.8.8.8*,2,164,1,74,1,90
D4:F5:47:82:0E:C6,ALL,udp:52269,142.251.32.110*,25,12664,15,9445,10,3219
D4:F5:47:82:0E:C6,ALL,udp:52269,8.8.8.8*,2,176,1,74,1,102
D4:F5:47:82:0E:C6,ALL,udp:53126,192.168.3.117*,2,176,1,102,1,74
D4:F5:47:82:0E:C6,ALL,udp:53126,8.8.8.8*,2,176,1,74,1,102
D4:F5:47:82:0E:C6,ALL,udp:42965,192.168.3.117*,2,164,1,90,1,74
D4:F5:47:82:0E:C6,ALL,udp:42965,8.8.8.8*,2,164,1,74,1,90
D4:F5:47:82:0E:C6,ALL,udp:47519,192.168.3.117*,2,164,1,90,1,74
D4:F5:47:82:0E:C6,ALL,udp:47519,8.8.8.8*,2,164,1,74,1,90
D4:F5:47:82:0E:C6,ALL,udp:56022,192.168.3.117*,2,164,1,90,1,74
D4:F5:47:82:0E:C6,ALL,udp:56022,8.8.8.8*,2,164,1,74,1,90
D4:F5:47:82:0E:C6,ALL,udp:54657,192.168.3.117*,2,164,1,90,1,74
D4:F5:47:82:0E:C6,ALL,udp:54657,8.8.8.8*,2,164,1,74,1,90
D4:F5:47:82:0E:C6,ALL,udp:54020,192.168.3.117*,2,164,1,90,1,74
D4:F5:47:82:0E:C6,ALL,udp:54020,8.8.8.8*,2,164,1,74,1,90
D4:F5:47:82:0E:C6,ALL,udp:40863,192.168.3.117*,2,164,1,90,1,74
D4:F5:47:82:0E:C6,ALL,udp:40863,8.8.8.8*,2,164,1,74,1,90
D4:F5:47:82:0E:C6,ALL,udp:34481,192.168.3.117*,2,176,1,102,1,74
D4:F5:47:82:0E:C6,ALL,udp:34481,8.8.8.8*,2,176,1,74,1,102
D4:F5:47:82:0E:C6,ALL,udp:57816,172.217.165.142*,23,12417,13,9198,10,3219
D4:F5:47:82:0E:C6,ALL,udp:57816,8.8.8.8*,2,176,1,74,1,102
D4:F5:47:82:0E:C6,ALL,udp:49818,192.168.3.117*,2,164,1,90,1,74
D4:F5:47:82:0E:C6,ALL,udp:49818,8.8.8.8*,2,164,1,74,1,90
D4:F5:47:82:0E:C6,ALL,udp:52149,192.168.3.117*,2,176,1,102,1,74
D4:F5:47:82:0E:C6,ALL,udp:52149,8.8.8.8*,2,176,1,74,1,102
D4:F5:47:82:0E:C6,ALL,udp:40416,192.168.3.117*,2,176,1,102,1,74
D4:F5:47:82:0E:C6,ALL,udp:40416,8.8.8.8*,2,176,1,74,1,102
D4:F5:47:82:0E:C6,ALL,udp:39773,192.168.3.117*,2,164,1,90,1,74
D4:F5:47:82:0E:C6,ALL,udp:39773,8.8.8.8*,2,164,1,74,1,90
D4:F5:47:82:0E:C6,ALL,udp:33320,192.168.3.117*,2,176,1,102,1,74
D4:F5:47:82:0E:C6,ALL,udp:33320,8.8.8.8*,2,176,1,74,1,102
D4:F5:47:82:0E:C6,ALL,udp:52365,192.168.3.117*,2,164,1,90,1,74
D4:F5:47:82:0E:C6,ALL,udp:52365,8.8.8.8*,2,164,1,74,1,90
D4:F5:47:82:0E:C6,ALL,udp:57667,192.168.3.117*,2,176,1,102,1,74
D4:F5:47:82:0E:C6,ALL,udp:57667,8.8.8.8*,2,176,1,74,1,102
D4:F5:47:82:0E:C6,ALL,udp:43306,192.168.3.117*,2,176,1,102,1,74
D4:F5:47:82:0E:C6,ALL,udp:43306,8.8.8.8*,2,176,1,74,1,102
D4:F5:47:82:0E:C6,ALL,udp:56414,192.168.3.117*,2,176,1,102,1,74
D4:F5:47:82:0E:C6,ALL,udp:56414,8.8.8.8*,2,176,1,74,1,102
D4:F5:47:82:0E:C6,ALL,udp:45303,192.168.3.117*,2,164,1,90,1,74
D4:F5:47:82:0E:C6,ALL,udp:45303,8.8.8.8*,2,164,1,74,1,90
D4:F5:47:82:0E:C6,ALL,udp:43442,192.168.3.117*,2,176,1,102,1,74
D4:F5:47:82:0E:C6,ALL,udp:43442,8.8.8.8*,2,176,1,74,1,102
D4:F5:47:82:0E:C6,ALL,udp:42676,192.168.3.117*,2,198,1,119,1,79
D4:F5:47:82:0E:C6,ALL,udp:42676,8.8.8.8*,2,198,1,79,1,119
D4:F5:47:82:0E:C6,ALL,udp:46157,192.168.3.117*,2,176,1,102,1,74
D4:F5:47:82:0E:C6,ALL,udp:46157,8.8.8.8*,2,176,1,74,1,102
D4:F5:47:82:0E:C6,ALL,udp:52655,192.168.3.117*,2,164,1,90,1,74
D4:F5:47:82:0E:C6,ALL,udp:52655,8.8.8.8*,2,164,1,74,1,90
D4:F5:47:82:0E:C6,ALL,udp:35418,192.168.3.117*,2,176,1,102,1,74
D4:F5:47:82:0E:C6,ALL,udp:35418,8.8.8.8*,2,176,1,74,1,102
D4:F5:47:82:0E:C6,ALL,udp:60641,192.168.3.117*,2,164,1,90,1,74
D4:F5:47:82:0E:C6,ALL,udp:60641,8.8.8.8*,2,164,1,74,1,90
D4:F5:47:82:0E:C6,ALL,udp:51757,192.168.3.117*,2,176,1,102,1,74
D4:F5:47:82:0E:C6,ALL,udp:51757,8.8.8.8*,2,176,1,74,1,102
D4:F5:47:82:0E:C6,ALL,udp:59791,192.168.3.117*,2,164,1,90,1,74
D4:F5:47:82:0E:C6,ALL,udp:59791,8.8.8.8*,2,164,1,74,1,90
D4:F5:47:82:0E:C6,ALL,udp:56108,192.168.3.117*,2,176,1,102,1,74
D4:F5:47:82:0E:C6,ALL,udp:56108,8.8.8.8*,2,176,1,74,1,102
D4:F5:47:82:0E:C6,ALL,udp:32787,192.168.3.117*,2,164,1,90,1,74
D4:F5:47:82:0E:C6,ALL,udp:32787,8.8.8.8*,2,164,1,74,1,90
D4:F5:47:82:0E:C6,ALL,udp:53644,192.168.3.117*,2,164,1,90,1,74
D4:F5:47:82:0E:C6,ALL,udp:53644,8.8.8.8*,2,164,1,74,1,90
D4:F5:47:82:0E:C6,ALL,udp:52578,192.168.3.117*,2,176,1,102,1,74
D4:F5:47:82:0E:C6,ALL,udp:52578,8.8.8.8*,2,176,1,74,1,102
D4:F5:47:82:0E:C6,ALL,udp:45001,192.168.3.117*,2,164,1,90,1,74
D4:F5:47:82:0E:C6,ALL,udp:45001,8.8.8.8*,2,164,1,74,1,90
D4:F5:47:82:0E:C6,ALL,udp:49802,192.168.3.117*,2,176,1,102,1,74
D4:F5:47:82:0E:C6,ALL,udp:49802,8.8.8.8*,2,176,1,74,1,102
D4:F5:47:82:0E:C6,ALL,udp:45674,192.168.3.117*,2,164,1,90,1,74
D4:F5:47:82:0E:C6,ALL,udp:45674,8.8.8.8*,2,164,1,74,1,90
D4:F5:47:82:0E:C6,ALL,udp:39038,192.168.3.117*,2,176,1,102,1,74
D4:F5:47:82:0E:C6,ALL,udp:39038,8.8.8.8*,2,176,1,74,1,102
D4:F5:47:82:0E:C6,ALL,udp:51860,192.168.3.117*,2,194,1,105,1,89
D4:F5:47:82:0E:C6,ALL,udp:51860,8.8.8.8*,2,194,1,89,1,105
D4:F5:47:82:0E:C6,ALL,udp:47473,192.168.3.117*,2,164,1,90,1,74
D4:F5:47:82:0E:C6,ALL,udp:47473,8.8.8.8*,2,164,1,74,1,90
D4:F5:47:82:0E:C6,ALL,udp:44907,192.168.3.117*,2,176,1,102,1,74
D4:F5:47:82:0E:C6,ALL,udp:44907,8.8.8.8*,2,176,1,74,1,102
D4:F5:47:82:0E:C6,ALL,udp:57311,192.168.3.117*,2,198,1,119,1,79
D4:F5:47:82:0E:C6,ALL,udp:57311,8.8.8.8*,2,198,1,79,1,119
D4:F5:47:82:0E:C6,ALL,udp:50656,192.168.3.117*,2,176,1,102,1,74
D4:F5:47:82:0E:C6,ALL,udp:50656,8.8.8.8*,2,176,1,74,1,102
D4:F5:47:82:0E:C6,ALL,udp:50093,192.168.3.117*,2,176,1,102,1,74
D4:F5:47:82:0E:C6,ALL,udp:50093,8.8.8.8*,2,176,1,74,1,102
D4:F5:47:82:0E:C6,ALL,udp:54579,192.168.3.117*,2,164,1,90,1,74
D4:F5:47:82:0E:C6,ALL,udp:54579,8.8.8.8*,2,164,1,74,1,90
D4:F5:47:82:0E:C6,ALL,udp:50889,192.168.3.117*,2,176,1,102,1,74
D4:F5:47:82:0E:C6,ALL,udp:50889,8.8.8.8*,2,176,1,74,1,102
D4:F5:47:82:0E:C6,ALL,udp:33476,192.168.3.117*,2,164,1,90,1,74
D4:F5:47:82:0E:C6,ALL,udp:33476,8.8.8.8*,2,164,1,74,1,90
D4:F5:47:82:0E:C6,ALL,udp:60632,192.168.3.117*,2,164,1,90,1,74
D4:F5:47:82:0E:C6,ALL,udp:60632,8.8.8.8*,2,164,1,74,1,90
D4:F5:47:82:0E:C6,ALL,udp:44357,192.168.3.117*,2,176,1,102,1,74
D4:F5:47:82:0E:C6,ALL,udp:44357,8.8.8.8*,2,176,1,74,1,102
D4:F5:47:82:0E:C6,ALL,udp:37849,192.168.3.117*,2,176,1,102,1,74
D4:F5:47:82:0E:C6,ALL,udp:37849,8.8.8.8*,2,176,1,74,1,102
D4:F5:47:82:0E:C6,ALL,udp:33178,192.168.3.117*,2,164,1,90,1,74
D4:F5:47:82:0E:C6,ALL,udp:33178,8.8.8.8*,2,164,1,74,1,90
D4:F5:47:82:0E:C6,ALL,udp:47371,192.168.3.117*,2,176,1,102,1,74
D4:F5:47:82:0E:C6,ALL,udp:47371,8.8.8.8*,2,176,1,74,1,102
D4:F5:47:82:0E:C6,ALL,udp:49723,192.168.3.117*,2,176,1,102,1,74
D4:F5:47:82:0E:C6,ALL,udp:49723,8.8.8.8*,2,176,1,74,1,102
D4:F5:47:82:0E:C6,ALL,udp:38656,192.168.3.117*,2,164,1,90,1,74
D4:F5:47:82:0E:C6,ALL,udp:38656,8.8.8.8*,2,164,1,74,1,90
D4:F5:47:82:0E:C6,ALL,udp:60770,192.168.3.117*,2,176,1,102,1,74
D4:F5:47:82:0E:C6,ALL,udp:60770,8.8.8.8*,2,176,1,74,1,102
D4:F5:47:82:0E:C6,ALL,udp:53068,192.168.3.117*,2,164,1,90,1,74
D4:F5:47:82:0E:C6,ALL,udp:53068,8.8.8.8*,2,164,1,74,1,90
D4:F5:47:82:0E:C6,ALL,udp:53437,192.168.3.117*,2,176,1,102,1,74
D4:F5:47:82:0E:C6,ALL,udp:53437,8.8.8.8*,2,176,1,74,1,102
D4:F5:47:82:0E:C6,ALL,udp:60779,192.168.3.117*,2,176,1,102,1,74
D4:F5:47:82:0E:C6,ALL,udp:60779,8.8.8.8*,2,176,1,74,1,102
D4:F5:47:82:0E:C6,ALL,udp:36775,192.168.3.117*,2,164,1,90,1,74
D4:F5:47:82:0E:C6,ALL,udp:36775,8.8.8.8*,2,164,1,74,1,90
D4:F5:47:82:0E:C6,ALL,udp:47501,192.168.3.117*,2,176,1,102,1,74
D4:F5:47:82:0E:C6,ALL,udp:47501,8.8.8.8*,2,176,1,74,1,102
D4:F5:47:82:0E:C6,ALL,udp:37875,192.168.3.117*,2,164,1,90,1,74
D4:F5:47:82:0E:C6,ALL,udp:37875,8.8.8.8*,2,164,1,74,1,90
D4:F5:47:82:0E:C6,ALL,udp:40238,192.168.3.117*,2,176,1,102,1,74
D4:F5:47:82:0E:C6,ALL,udp:40238,8.8.8.8*,2,176,1,74,1,102
D4:F5:47:82:0E:C6,ALL,udp:38563,192.168.3.117*,2,164,1,90,1,74
D4:F5:47:82:0E:C6,ALL,udp:38563,8.8.8.8*,2,164,1,74,1,90
D4:F5:47:82:0E:C6,ALL,udp:50315,192.168.3.117*,2,176,1,102,1,74
D4:F5:47:82:0E:C6,ALL,udp:50315,8.8.8.8*,2,176,1,74,1,102
D4:F5:47:82:0E:C6,ALL,udp:52469,192.168.3.117*,2,164,1,90,1,74
D4:F5:47:82:0E:C6,ALL,udp:52469,8.8.8.8*,2,164,1,74,1,90
D4:F5:47:82:0E:C6,ALL,udp:55695,192.168.3.117*,2,176,1,102,1,74
D4:F5:47:82:0E:C6,ALL,udp:55695,8.8.8.8*,2,176,1,74,1,102
D4:F5:47:82:0E:C6,ALL,udp:41377,192.168.3.117*,2,164,1,90,1,74
D4:F5:47:82:0E:C6,ALL,udp:41377,8.8.8.8*,2,164,1,74,1,90
D4:F5:47:82:0E:C6,ALL,udp:54079,192.168.3.117*,2,176,1,102,1,74
D4:F5:47:82:0E:C6,ALL,udp:54079,8.8.8.8*,2,176,1,74,1,102
D4:F5:47:82:0E:C6,ALL,udp:39724,192.168.3.117*,2,164,1,90,1,74
D4:F5:47:82:0E:C6,ALL,udp:39724,8.8.8.8*,2,164,1,74,1,90
D4:F5:47:82:0E:C6,ALL,udp:43156,192.168.3.117*,2,176,1,102,1,74
D4:F5:47:82:0E:C6,ALL,udp:43156,8.8.8.8*,2,176,1,74,1,102
D4:F5:47:82:0E:C6,ALL,udp:46609,192.168.3.117*,2,176,1,102,1,74
D4:F5:47:82:0E:C6,ALL,udp:46609,8.8.8.8*,2,176,1,74,1,102
D4:F5:47:82:0E:C6,ALL,udp:37654,192.168.3.117*,2,176,1,102,1,74
D4:F5:47:82:0E:C6,ALL,udp:37654,8.8.8.8*,2,176,1,74,1,102
D4:F5:47:82:0E:C6,ALL,udp:60267,192.168.3.117*,2,164,1,90,1,74
D4:F5:47:82:0E:C6,ALL,udp:60267,8.8.8.8*,2,164,1,74,1,90
D4:F5:47:82:0E:C6,ALL,udp:48447,192.168.3.117*,2,176,1,102,1,74
D4:F5:47:82:0E:C6,ALL,udp:48447,8.8.8.8*,2,176,1,74,1,102
D4:F5:47:82:0E:C6,ALL,udp:53487,192.168.3.117*,2,198,1,119,1,79
D4:F5:47:82:0E:C6,ALL,udp:53487,8.8.8.8*,2,198,1,79,1,119
D4:F5:47:82:0E:C6,ALL,udp:38737,192.168.3.117*,2,164,1,90,1,74
D4:F5:47:82:0E:C6,ALL,udp:38737,8.8.8.8*,2,164,1,74,1,90
D4:F5:47:82:0E:C6,ALL,udp:36003,192.168.3.117*,2,176,1,102,1,74
D4:F5:47:82:0E:C6,ALL,udp:36003,8.8.8.8*,2,176,1,74,1,102
D4:F5:47:82:0E:C6,ALL,udp:53363,192.168.3.117*,2,164,1,90,1,74
D4:F5:47:82:0E:C6,ALL,udp:53363,8.8.8.8*,2,164,1,74,1,90
D4:F5:47:82:0E:C6,ALL,udp:44848,192.168.3.117*,2,176,1,102,1,74
D4:F5:47:82:0E:C6,ALL,udp:44848,8.8.8.8*,2,176,1,74,1,102
D4:F5:47:82:0E:C6,ALL,udp:51341,192.168.3.117*,2,176,1,102,1,74
D4:F5:47:82:0E:C6,ALL,udp:51341,8.8.8.8*,2,176,1,74,1,102
D4:F5:47:82:0E:C6,ALL,udp:46095,192.168.3.117*,2,176,1,102,1,74
D4:F5:47:82:0E:C6,ALL,udp:46095,8.8.8.8*,2,176,1,74,1,102
D4:F5:47:82:0E:C6,ALL,udp:36765,142.251.32.110*,19,10788,11,7274,8,3514
D4:F5:47:82:0E:C6,ALL,udp:36765,8.8.8.8*,2,176,1,74,1,102
D4:F5:47:82:0E:C6,ALL,udp:56351,192.168.3.117*,2,164,1,90,1,74
D4:F5:47:82:0E:C6,ALL,udp:56351,8.8.8.8*,2,164,1,74,1,90
D4:F5:47:82:0E:C6,ALL,udp:37526,192.168.3.117*,2,164,1,90,1,74
D4:F5:47:82:0E:C6,ALL,udp:37526,8.8.8.8*,2,164,1,74,1,90
D4:F5:47:82:0E:C6,ALL,udp:34430,172.217.165.142*,17,10547,9,7033,8,3514
D4:F5:47:82:0E:C6,ALL,udp:34430,8.8.8.8*,2,176,1,74,1,102
D4:F5:47:82:0E:C6,ALL,udp:41061,192.168.3.117*,2,164,1,90,1,74
D4:F5:47:82:0E:C6,ALL,udp:41061,8.8.8.8*,2,164,1,74,1,90
D4:F5:47:82:0E:C6,ALL,udp:55348,192.168.3.117*,2,176,1,102,1,74
D4:F5:47:82:0E:C6,ALL,udp:55348,8.8.8.8*,2,176,1,74,1,102
D4:F5:47:82:0E:C6,ALL,udp:45335,192.168.3.117*,2,164,1,90,1,74
D4:F5:47:82:0E:C6,ALL,udp:45335,8.8.8.8*,2,164,1,74,1,90
D4:F5:47:82:0E:C6,ALL,udp:42177,192.168.3.117*,2,176,1,102,1,74
D4:F5:47:82:0E:C6,ALL,udp:42177,8.8.8.8*,2,176,1,74,1,102
D4:F5:47:82:0E:C6,ALL,udp:54954,192.168.3.117*,2,164,1,90,1,74
D4:F5:47:82:0E:C6,ALL,udp:54954,8.8.8.8*,2,164,1,74,1,90
D4:F5:47:82:0E:C6,ALL,udp:33524,192.168.3.117*,2,176,1,102,1,74
D4:F5:47:82:0E:C6,ALL,udp:33524,8.8.8.8*,2,176,1,74,1,102
D4:F5:47:82:0E:C6,ALL,udp:42788,192.168.3.117*,2,164,1,90,1,74
D4:F5:47:82:0E:C6,ALL,udp:42788,8.8.8.8*,2,164,1,74,1,90
D4:F5:47:82:0E:C6,ALL,udp:52907,192.168.3.117*,2,176,1,102,1,74
D4:F5:47:82:0E:C6,ALL,udp:52907,8.8.8.8*,2,176,1,74,1,102
D4:F5:47:82:0E:C6,ALL,udp:55439,192.168.3.117*,2,164,1,90,1,74
D4:F5:47:82:0E:C6,ALL,udp:55439,8.8.8.8*,2,164,1,74,1,90
D4:F5:47:82:0E:C6,ALL,udp:48508,192.168.3.117*,2,198,1,119,1,79
D4:F5:47:82:0E:C6,ALL,udp:48508,8.8.8.8*,2,198,1,79,1,119
D4:F5:47:82:0E:C6,ALL,udp:45333,192.168.3.117*,2,164,1,90,1,74
D4:F5:47:82:0E:C6,ALL,udp:45333,8.8.8.8*,2,164,1,74,1,90
D4:F5:47:82:0E:C6,ALL,udp:51925,192.168.3.117*,2,176,1,102,1,74
D4:F5:47:82:0E:C6,ALL,udp:51925,8.8.8.8*,2,176,1,74,1,102
D4:F5:47:82:0E:C6,ALL,udp:56711,192.168.3.117*,2,164,1,90,1,74
D4:F5:47:82:0E:C6,ALL,udp:56711,8.8.8.8*,2,164,1,74,1,90
D4:F5:47:82:0E:C6,ALL,udp:58249,192.168.3.117*,2,176,1,102,1,74
D4:F5:47:82:0E:C6,ALL,udp:58249,8.8.8.8*,2,176,1,74,1,102
D4:F5:47:82:0E:C6,ALL,udp:46837,192.168.3.117*,2,176,1,102,1,74
D4:F5:47:82:0E:C6,ALL,udp:46837,8.8.8.8*,2,176,1,74,1,102
D4:F5:47:82:0E:C6,ALL,udp:51880,192.168.3.117*,2,164,1,90,1,74
D4:F5:47:82:0E:C6,ALL,udp:51880,8.8.8.8*,2,164,1,74,1,90
D4:F5:47:82:0E:C6,ALL,udp:59471,192.168.3.117*,2,176,1,102,1,74
D4:F5:47:82:0E:C6,ALL,udp:59471,8.8.8.8*,2,176,1,74,1,102
D4:F5:47:82:0E:C6,ALL,udp:56343,192.168.3.117*,2,164,1,90,1,74
D4:F5:47:82:0E:C6,ALL,udp:56343,8.8.8.8*,2,164,1,74,1,90
D4:F5:47:82:0E:C6,ALL,udp:39463,192.168.3.117*,2,176,1,102,1,74
D4:F5:47:82:0E:C6,ALL,udp:39463,8.8.8.8*,2,176,1,74,1,102
D4:F5:47:82:0E:C6,ALL,udp:34061,192.168.3.117*,2,164,1,90,1,74
D4:F5:47:82:0E:C6,ALL,udp:34061,8.8.8.8*,2,164,1,74,1,90
D4:F5:47:82:0E:C6,ALL,udp:41409,192.168.3.117*,2,176,1,102,1,74
D4:F5:47:82:0E:C6,ALL,udp:41409,8.8.8.8*,2,176,1,74,1,102
D4:F5:47:82:0E:C6,ALL,udp:45299,192.168.3.117*,2,176,1,102,1,74
D4:F5:47:82:0E:C6,ALL,udp:45299,8.8.8.8*,2,176,1,74,1,102
D4:F5:47:82:0E:C6,ALL,udp:42023,192.168.3.117*,2,176,1,102,1,74
D4:F5:47:82:0E:C6,ALL,udp:42023,8.8.8.8*,2,176,1,74,1,102
D4:F5:47:82:0E:C6,ALL,udp:34384,192.168.3.117*,2,198,1,119,1,79
D4:F5:47:82:0E:C6,ALL,udp:34384,8.8.8.8*,2,198,1,79,1,119
D4:F5:47:82:0E:C6,ALL,udp:35603,192.168.3.117*,2,164,1,90,1,74
D4:F5:47:82:0E:C6,ALL,udp:35603,8.8.8.8*,2,164,1,74,1,90
D4:F5:47:82:0E:C6,ALL,udp:55649,192.168.3.117*,2,176,1,102,1,74
D4:F5:47:82:0E:C6,ALL,udp:55649,8.8.8.8*,2,176,1,74,1,102
D4:F5:47:82:0E:C6,ALL,udp:40150,216.239.35.4,2,180,1,90,1,90
D4:F5:47:82:0E:C6,ALL,udp:40150,8.8.8.8,2,164,1,74,1,90
D4:F5:47:82:0E:C6,ALL,udp:35119,192.168.3.117*,2,164,1,90,1,74
D4:F5:47:82:0E:C6,ALL,udp:35119,8.8.8.8*,2,164,1,74,1,90
D4:F5:47:82:0E:C6,ALL,udp:42970,192.168.3.117*,2,176,1,102,1,74
D4:F5:47:82:0E:C6,ALL,udp:42970,8.8.8.8*,2,176,1,74,1,102
D4:F5:47:82:0E:C6,ALL,udp:54407,192.168.3.117*,2,164,1,90,1,74
D4:F5:47:82:0E:C6,ALL,udp:54407,8.8.8.8*,2,164,1,74,1,90
D4:F5:47:82:0E:C6,ALL,udp:51044,192.168.3.117*,2,176,1,102,1,74
D4:F5:47:82:0E:C6,ALL,udp:51044,8.8.8.8*,2,176,1,74,1,102
D4:F5:47:82:0E:C6,ALL,udp:52926,192.168.3.117*,2,164,1,90,1,74
D4:F5:47:82:0E:C6,ALL,udp:52926,8.8.8.8*,2,164,1,74,1,90
D4:F5:47:82:0E:C6,ALL,udp:57800,192.168.3.117*,2,176,1,102,1,74
D4:F5:47:82:0E:C6,ALL,udp:57800,8.8.8.8*,2,176,1,74,1,102
D4:F5:47:82:0E:C6,ALL,udp:42220,192.168.3.117*,2,164,1,90,1,74
D4:F5:47:82:0E:C6,ALL,udp:42220,8.8.8.8*,2,164,1,74,1,90
D4:F5:47:82:0E:C6,ALL,udp:49536,216.239.35.4,2,180,1,90,1,90
D4:F5:47:82:0E:C6,ALL,udp:49536,8.8.8.8,2,176,1,74,1,102
D4:F5:47:82:0E:C6,ALL,udp:33684,192.168.3.117*,2,156,1,86,1,70
D4:F5:47:82:0E:C6,ALL,udp:33684,8.8.8.8*,2,156,1,70,1,86
D4:F5:47:82:0E:C6,ALL,udp:57038,192.168.3.117*,2,213,1,126,1,87
D4:F5:47:82:0E:C6,ALL,udp:57038,8.8.8.8*,2,213,1,87,1,126
D4:F5:47:82:0E:C6,ALL,udp:45737,192.168.3.117*,2,213,1,126,1,87
D4:F5:47:82:0E:C6,ALL,udp:45737,8.8.8.8*,2,213,1,87,1,126
D4:F5:47:82:0E:C6,ALL,udp:50119,192.168.3.117*,2,213,1,126,1,87
D4:F5:47:82:0E:C6,ALL,udp:50119,8.8.8.8*,2,213,1,87,1,126
D4:F5:47:82:0E:C6,ALL,udp:40931,192.168.3.117*,2,213,1,126,1,87
D4:F5:47:82:0E:C6,ALL,udp:40931,8.8.8.8*,2,213,1,87,1,126
D4:F5:47:82:0E:C6,ALL,udp:39746,192.168.3.117*,2,213,1,126,1,87
D4:F5:47:82:0E:C6,ALL,udp:39746,8.8.8.8*,2,213,1,87,1,126
D4:F5:47:82:0E:C6,ALL,udp:50157,192.168.3.117*,2,213,1,126,1,87
D4:F5:47:82:0E:C6,ALL,udp:50157,8.8.8.8*,2,213,1,87,1,126
D4:F5:47:82:0E:C6,ALL,udp:32835,192.168.3.117*,2,213,1,126,1,87
D4:F5:47:82:0E:C6,ALL,udp:32835,8.8.8.8*,2,213,1,87,1,126
D4:F5:47:82:0E:C6,ALL,udp:44828,192.168.3.117*,2,176,1,102,1,74
D4:F5:47:82:0E:C6,ALL,udp:44828,8.8.8.8*,2,176,1,74,1,102
D4:F5:47:82:0E:C6,ALL,udp:59779,192.168.3.117*,2,164,1,90,1,74
D4:F5:47:82:0E:C6,ALL,udp:59779,8.8.8.8*,2,164,1,74,1,90
D4:F5:47:82:0E:C6,ALL,udp:57482,192.168.3.117*,2,176,1,102,1,74
D4:F5:47:82:0E:C6,ALL,udp:57482,8.8.8.8*,2,176,1,74,1,102
D4:F5:47:82:0E:C6,ALL,udp:36435,192.168.3.117*,2,164,1,90,1,74
D4:F5:47:82:0E:C6,ALL,udp:36435,8.8.8.8*,2,164,1,74,1,90
D4:F5:47:82:0E:C6,ALL,udp:41567,192.168.3.117*,2,176,1,102,1,74
D4:F5:47:82:0E:C6,ALL,udp:41567,8.8.8.8*,2,176,1,74,1,102
D4:F5:47:82:0E:C6,ALL,udp:56926,192.168.3.117*,2,194,1,105,1,89
D4:F5:47:82:0E:C6,ALL,udp:56926,8.8.8.8*,2,194,1,89,1,105
D4:F5:47:82:0E:C6,ALL,udp:39049,192.168.3.117*,2,176,1,102,1,74
D4:F5:47:82:0E:C6,ALL,udp:39049,8.8.8.8*,2,176,1,74,1,102
D4:F5:47:82:0E:C6,ALL,udp:45655,192.168.3.117*,2,164,1,90,1,74
D4:F5:47:82:0E:C6,ALL,udp:45655,8.8.8.8*,2,164,1,74,1,90
D4:F5:47:82:0E:C6,ALL,udp:58824,192.168.3.117*,2,176,1,102,1,74
D4:F5:47:82:0E:C6,ALL,udp:58824,8.8.8.8*,2,176,1,74,1,102
D4:F5:47:82:0E:C6,ALL,udp:54253,192.168.3.117*,2,164,1,90,1,74
D4:F5:47:82:0E:C6,ALL,udp:54253,8.8.8.8*,2,164,1,74,1,90
D4:F5:47:82:0E:C6,ALL,udp:49083,192.168.3.117*,2,176,1,102,1,74
D4:F5:47:82:0E:C6,ALL,udp:49083,8.8.8.8*,2,176,1,74,1,102
D4:F5:47:82:0E:C6,ALL,udp:33068,192.168.3.117*,2,176,1,102,1,74
D4:F5:47:82:0E:C6,ALL,udp:33068,8.8.8.8*,2,176,1,74,1,102
D4:F5:47:82:0E:C6,ALL,udp:41207,192.168.3.117*,2,176,1,102,1,74
D4:F5:47:82:0E:C6,ALL,udp:41207,8.8.8.8*,2,176,1,74,1,102
D4:F5:47:82:0E:C6,ALL,udp:58488,192.168.3.117*,2,164,1,90,1,74
D4:F5:47:82:0E:C6,ALL,udp:58488,8.8.8.8*,2,164,1,74,1,90
D4:F5:47:82:0E:C6,ALL,udp:33764,192.168.3.117*,2,164,1,90,1,74
D4:F5:47:82:0E:C6,ALL,udp:33764,8.8.8.8*,2,164,1,74,1,90
D4:F5:47:82:0E:C6,ALL,udp:37230,192.168.3.117*,2,176,1,102,1,74
D4:F5:47:82:0E:C6,ALL,udp:37230,8.8.8.8*,2,176,1,74,1,102
D4:F5:47:82:0E:C6,ALL,udp:36269,192.168.3.117*,2,164,1,90,1,74
D4:F5:47:82:0E:C6,ALL,udp:36269,8.8.8.8*,2,164,1,74,1,90
D4:F5:47:82:0E:C6,ALL,udp:49992,192.168.3.117*,2,164,1,90,1,74
D4:F5:47:82:0E:C6,ALL,udp:49992,8.8.8.8*,2,164,1,74,1,90
D4:F5:47:82:0E:C6,ALL,udp:40883,192.168.3.117*,2,176,1,102,1,74
D4:F5:47:82:0E:C6,ALL,udp:40883,8.8.8.8*,2,176,1,74,1,102
D4:F5:47:82:0E:C6,ALL,udp:48193,192.168.3.117*,2,164,1,90,1,74
D4:F5:47:82:0E:C6,ALL,udp:48193,8.8.8.8*,2,164,1,74,1,90
D4:F5:47:82:0E:C6,ALL,udp:47573,192.168.3.117*,2,176,1,102,1,74
D4:F5:47:82:0E:C6,ALL,udp:47573,8.8.8.8*,2,176,1,74,1,102
D4:F5:47:82:0E:C6,ALL,udp:44163,192.168.3.117*,2,164,1,90,1,74
D4:F5:47:82:0E:C6,ALL,udp:44163,8.8.8.8*,2,164,1,74,1,90
D4:F5:47:82:0E:C6,ALL,udp:44343,192.168.3.117*,2,176,1,102,1,74
D4:F5:47:82:0E:C6,ALL,udp:44343,8.8.8.8*,2,176,1,74,1,102
D4:F5:47:82:0E:C6,ALL,udp:56641,192.168.3.117*,2,176,1,102,1,74
D4:F5:47:82:0E:C6,ALL,udp:56641,8.8.8.8*,2,176,1,74,1,102
D4:F5:47:82:0E:C6,ALL,udp:60560,192.168.3.117*,2,164,1,90,1,74
D4:F5:47:82:0E:C6,ALL,udp:60560,8.8.8.8*,2,164,1,74,1,90
D4:F5:47:82:0E:C6,ALL,udp:49179,192.168.3.117*,2,176,1,102,1,74
D4:F5:47:82:0E:C6,ALL,udp:49179,8.8.8.8*,2,176,1,74,1,102
D4:F5:47:82:0E:C6,ALL,udp:35317,192.168.3.117*,2,164,1,90,1,74
D4:F5:47:82:0E:C6,ALL,udp:35317,8.8.8.8*,2,164,1,74,1,90
D4:F5:47:82:0E:C6,ALL,udp:34520,192.168.3.117*,2,176,1,102,1,74
D4:F5:47:82:0E:C6,ALL,udp:34520,8.8.8.8*,2,176,1,74,1,102
D4:F5:47:82:0E:C6,ALL,udp:49046,192.168.3.117*,2,164,1,90,1,74
D4:F5:47:82:0E:C6,ALL,udp:49046,8.8.8.8*,2,164,1,74,1,90
D4:F5:47:82:0E:C6,ALL,udp:40361,192.168.3.117*,2,164,1,90,1,74
D4:F5:47:82:0E:C6,ALL,udp:40361,8.8.8.8*,2,164,1,74,1,90
D4:F5:47:82:0E:C6,ALL,udp:42328,192.168.3.117*,2,176,1,102,1,74
D4:F5:47:82:0E:C6,ALL,udp:42328,8.8.8.8*,2,176,1,74,1,102
D4:F5:47:82:0E:C6,ALL,udp:54423,192.168.3.117*,2,164,1,90,1,74
D4:F5:47:82:0E:C6,ALL,udp:54423,8.8.8.8*,2,164,1,74,1,90
D4:F5:47:82:0E:C6,ALL,udp:52170,192.168.3.117*,2,176,1,102,1,74
D4:F5:47:82:0E:C6,ALL,udp:52170,8.8.8.8*,2,176,1,74,1,102
D4:F5:47:82:0E:C6,ALL,udp:60378,192.168.3.117*,2,164,1,90,1,74
D4:F5:47:82:0E:C6,ALL,udp:60378,8.8.8.8*,2,164,1,74,1,90
D4:F5:47:82:0E:C6,ALL,udp:33596,192.168.3.117*,2,176,1,102,1,74
D4:F5:47:82:0E:C6,ALL,udp:33596,8.8.8.8*,2,176,1,74,1,102
D4:F5:47:82:0E:C6,ALL,udp:38878,192.168.3.117*,2,164,1,90,1,74
D4:F5:47:82:0E:C6,ALL,udp:38878,8.8.8.8*,2,164,1,74,1,90
D4:F5:47:82:0E:C6,ALL,udp:41119,192.168.3.117*,2,164,1,90,1,74
D4:F5:47:82:0E:C6,ALL,udp:41119,8.8.8.8*,2,164,1,74,1,90
D4:F5:47:82:0E:C6,ALL,udp:56555,192.168.3.117*,2,176,1,102,1,74
D4:F5:47:82:0E:C6,ALL,udp:56555,8.8.8.8*,2,176,1,74,1,102
D4:F5:47:82:0E:C6,ALL,udp:49039,192.168.3.117*,2,164,1,90,1,74
D4:F5:47:82:0E:C6,ALL,udp:49039,8.8.8.8*,2,164,1,74,1,90
D4:F5:47:82:0E:C6,ALL,udp:37527,192.168.3.117*,2,176,1,102,1,74
D4:F5:47:82:0E:C6,ALL,udp:37527,8.8.8.8*,2,176,1,74,1,102
D4:F5:47:82:0E:C6,ALL,udp:52316,192.168.3.117*,2,164,1,90,1,74
D4:F5:47:82:0E:C6,ALL,udp:52316,8.8.8.8*,2,164,1,74,1,90
D4:F5:47:82:0E:C6,ALL,udp:55195,142.251.32.110*,20,10872,12,7358,8,3514
D4:F5:47:82:0E:C6,ALL,udp:55195,8.8.8.8*,2,176,1,74,1,102
D4:F5:47:82:0E:C6,ALL,udp:42339,192.168.3.117*,2,164,1,90,1,74
D4:F5:47:82:0E:C6,ALL,udp:42339,8.8.8.8*,2,164,1,74,1,90
D4:F5:47:82:0E:C6,ALL,udp:59226,192.168.3.117*,2,164,1,90,1,74
D4:F5:47:82:0E:C6,ALL,udp:59226,8.8.8.8*,2,164,1,74,1,90
D4:F5:47:82:0E:C6,ALL,udp:52228,192.168.3.117*,2,176,1,102,1,74
D4:F5:47:82:0E:C6,ALL,udp:52228,8.8.8.8*,2,176,1,74,1,102
D4:F5:47:82:0E:C6,ALL,udp:55593,192.168.3.117*,2,164,1,90,1,74
D4:F5:47:82:0E:C6,ALL,udp:55593,8.8.8.8*,2,164,1,74,1,90
D4:F5:47:82:0E:C6,ALL,udp:52558,192.168.3.117*,2,164,1,90,1,74
D4:F5:47:82:0E:C6,ALL,udp:52558,8.8.8.8*,2,164,1,74,1,90
D4:F5:47:82:0E:C6,ALL,udp:39753,192.168.3.117*,2,176,1,102,1,74
D4:F5:47:82:0E:C6,ALL,udp:39753,8.8.8.8*,2,176,1,74,1,102
D4:F5:47:82:0E:C6,ALL,udp:52716,192.168.3.117*,2,164,1,90,1,74
D4:F5:47:82:0E:C6,ALL,udp:52716,8.8.8.8*,2,164,1,74,1,90
D4:F5:47:82:0E:C6,ALL,udp:51146,192.168.3.117*,2,176,1,102,1,74
D4:F5:47:82:0E:C6,ALL,udp:51146,8.8.8.8*,2,176,1,74,1,102
D4:F5:47:82:0E:C6,ALL,udp:46283,192.168.3.117*,2,164,1,90,1,74
D4:F5:47:82:0E:C6,ALL,udp:46283,8.8.8.8*,2,164,1,74,1,90
D4:F5:47:82:0E:C6,ALL,udp:39030,192.168.3.117*,2,176,1,102,1,74
D4:F5:47:82:0E:C6,ALL,udp:39030,8.8.8.8*,2,176,1,74,1,102
D4:F5:47:82:0E:C6,ALL,udp:50295,192.168.3.117*,2,176,1,102,1,74
D4:F5:47:82:0E:C6,ALL,udp:50295,8.8.8.8*,2,176,1,74,1,102
D4:F5:47:82:0E:C6,ALL,udp:50757,192.168.3.117*,2,176,1,102,1,74
D4:F5:47:82:0E:C6,ALL,udp:50757,8.8.8.8*,2,176,1,74,1,102
D4:F5:47:82:0E:C6,ALL,udp:55829,192.168.3.117*,2,176,1,102,1,74
D4:F5:47:82:0E:C6,ALL,udp:55829,8.8.8.8*,2,176,1,74,1,102
D4:F5:47:82:0E:C6,ALL,udp:54703,192.168.3.117*,2,164,1,90,1,74
D4:F5:47:82:0E:C6,ALL,udp:54703,8.8.8.8*,2,164,1,74,1,90
D4:F5:47:82:0E:C6,ALL,udp:33339,192.168.3.117*,2,176,1,102,1,74
D4:F5:47:82:0E:C6,ALL,udp:33339,8.8.8.8*,2,176,1,74,1,102
D4:F5:47:82:0E:C6,ALL,udp:43931,192.168.3.117*,2,176,1,102,1,74
D4:F5:47:82:0E:C6,ALL,udp:43931,8.8.8.8*,2,176,1,74,1,102
D4:F5:47:82:0E:C6,ALL,udp:51619,192.168.3.117*,2,164,1,90,1,74
D4:F5:47:82:0E:C6,ALL,udp:51619,8.8.8.8*,2,164,1,74,1,90
D4:F5:47:82:0E:C6,ALL,udp:46602,192.168.3.117*,2,164,1,90,1,74
D4:F5:47:82:0E:C6,ALL,udp:46602,8.8.8.8*,2,164,1,74,1,90
D4:F5:47:82:0E:C6,ALL,udp:48451,192.168.3.117*,2,164,1,90,1,74
D4:F5:47:82:0E:C6,ALL,udp:48451,8.8.8.8*,2,164,1,74,1,90
D4:F5:47:82:0E:C6,ALL,udp:33665,192.168.3.117*,2,164,1,90,1,74
D4:F5:47:82:0E:C6,ALL,udp:33665,8.8.8.8*,2,164,1,74,1,90
D4:F5:47:82:0E:C6,ALL,udp:56685,192.168.3.117*,2,164,1,90,1,74
D4:F5:47:82:0E:C6,ALL,udp:56685,8.8.8.8*,2,164,1,74,1,90
D4:F5:47:82:0E:C6,ALL,udp:55386,192.168.3.117*,2,176,1,102,1,74
D4:F5:47:82:0E:C6,ALL,udp:55386,8.8.8.8*,2,176,1,74,1,102
D4:F5:47:82:0E:C6,ALL,udp:45227,192.168.3.117*,2,198,1,119,1,79
D4:F5:47:82:0E:C6,ALL,udp:45227,8.8.8.8*,2,198,1,79,1,119
D4:F5:47:82:0E:C6,ALL,udp:53503,192.168.3.117*,2,176,1,102,1,74
D4:F5:47:82:0E:C6,ALL,udp:53503,8.8.8.8*,2,176,1,74,1,102
D4:F5:47:82:0E:C6,ALL,udp:56606,192.168.3.117*,2,164,1,90,1,74
D4:F5:47:82:0E:C6,ALL,udp:56606,8.8.8.8*,2,164,1,74,1,90
D4:F5:47:82:0E:C6,ALL,udp:44422,192.168.3.117*,2,176,1,102,1,74
D4:F5:47:82:0E:C6,ALL,udp:44422,8.8.8.8*,2,176,1,74,1,102
D4:F5:47:82:0E:C6,ALL,udp:46598,192.168.3.117*,2,164,1,90,1,74
D4:F5:47:82:0E:C6,ALL,udp:46598,8.8.8.8*,2,164,1,74,1,90
D4:F5:47:82:0E:C6,ALL,udp:51284,142.251.32.110*,19,10791,11,7277,8,3514
D4:F5:47:82:0E:C6,ALL,udp:51284,8.8.8.8*,2,176,1,74,1,102
D4:F5:47:82:0E:C6,ALL,udp:33660,192.168.3.117*,2,164,1,90,1,74
D4:F5:47:82:0E:C6,ALL,udp:33660,8.8.8.8*,2,164,1,74,1,90
D4:F5:47:82:0E:C6,ALL,udp:55156,192.168.3.117*,2,176,1,102,1,74
D4:F5:47:82:0E:C6,ALL,udp:55156,8.8.8.8*,2,176,1,74,1,102
D4:F5:47:82:0E:C6,ALL,udp:35652,192.168.3.117*,2,176,1,102,1,74
D4:F5:47:82:0E:C6,ALL,udp:35652,8.8.8.8*,2,176,1,74,1,102
D4:F5:47:82:0E:C6,ALL,udp:46992,192.168.3.117*,2,176,1,102,1,74
D4:F5:47:82:0E:C6,ALL,udp:46992,8.8.8.8*,2,176,1,74,1,102
D4:F5:47:82:0E:C6,ALL,udp:53424,192.168.3.117*,2,164,1,90,1,74
D4:F5:47:82:0E:C6,ALL,udp:53424,8.8.8.8*,2,164,1,74,1,90
D4:F5:47:82:0E:C6,ALL,udp:43224,192.168.3.117*,2,176,1,102,1,74
D4:F5:47:82:0E:C6,ALL,udp:43224,8.8.8.8*,2,176,1,74,1,102
D4:F5:47:82:0E:C6,ALL,udp:54755,192.168.3.117*,2,164,1,90,1,74
D4:F5:47:82:0E:C6,ALL,udp:54755,8.8.8.8*,2,164,1,74,1,90
D4:F5:47:82:0E:C6,ALL,udp:55887,192.168.3.117*,2,176,1,102,1,74
D4:F5:47:82:0E:C6,ALL,udp:55887,8.8.8.8*,2,176,1,74,1,102
D4:F5:47:82:0E:C6,ALL,udp:49266,192.168.3.117*,2,164,1,90,1,74
D4:F5:47:82:0E:C6,ALL,udp:49266,8.8.8.8*,2,164,1,74,1,90
D4:F5:47:82:0E:C6,ALL,udp:34581,192.168.3.117*,2,176,1,102,1,74
D4:F5:47:82:0E:C6,ALL,udp:34581,8.8.8.8*,2,176,1,74,1,102
D4:F5:47:82:0E:C6,ALL,udp:45113,192.168.3.117*,2,164,1,90,1,74
D4:F5:47:82:0E:C6,ALL,udp:45113,8.8.8.8*,2,164,1,74,1,90
D4:F5:47:82:0E:C6,ALL,udp:39473,192.168.3.117*,2,176,1,102,1,74
D4:F5:47:82:0E:C6,ALL,udp:39473,8.8.8.8*,2,176,1,74,1,102
D4:F5:47:82:0E:C6,ALL,udp:58409,192.168.3.117*,2,164,1,90,1,74
D4:F5:47:82:0E:C6,ALL,udp:58409,8.8.8.8*,2,164,1,74,1,90
D4:F5:47:82:0E:C6,ALL,udp:39752,192.168.3.117*,2,194,1,105,1,89
D4:F5:47:82:0E:C6,ALL,udp:39752,8.8.8.8*,2,194,1,89,1,105
D4:F5:47:82:0E:C6,ALL,udp:36374,216.239.35.0,2,180,1,90,1,90
D4:F5:47:82:0E:C6,ALL,udp:36374,8.8.8.8,2,176,1,74,1,102
D4:F5:47:82:0E:C6,ALL,udp:58225,192.168.3.117*,2,164,1,90,1,74
D4:F5:47:82:0E:C6,ALL,udp:58225,8.8.8.8*,2,164,1,74,1,90
D4:F5:47:82:0E:C6,ALL,udp:51942,192.168.3.117*,2,176,1,102,1,74
D4:F5:47:82:0E:C6,ALL,udp:51942,8.8.8.8*,2,176,1,74,1,102
D4:F5:47:82:0E:C6,ALL,udp:58877,192.168.3.117*,2,164,1,90,1,74
D4:F5:47:82:0E:C6,ALL,udp:58877,8.8.8.8*,2,164,1,74,1,90
D4:F5:47:82:0E:C6,ALL,udp:52727,192.168.3.117*,2,176,1,102,1,74
D4:F5:47:82:0E:C6,ALL,udp:52727,8.8.8.8*,2,176,1,74,1,102
D4:F5:47:82:0E:C6,ALL,udp:58473,192.168.3.117*,2,164,1,90,1,74
D4:F5:47:82:0E:C6,ALL,udp:58473,8.8.8.8*,2,164,1,74,1,90
D4:F5:47:82:0E:C6,ALL,udp:45811,192.168.3.117*,2,176,1,102,1,74
D4:F5:47:82:0E:C6,ALL,udp:45811,8.8.8.8*,2,176,1,74,1,102
D4:F5:47:82:0E:C6,ALL,udp:48906,192.168.3.117*,2,164,1,90,1,74
D4:F5:47:82:0E:C6,ALL,udp:48906,8.8.8.8*,2,164,1,74,1,90
D4:F5:47:82:0E:C6,ALL,udp:60454,192.168.3.117*,2,176,1,102,1,74
D4:F5:47:82:0E:C6,ALL,udp:60454,8.8.8.8*,2,176,1,74,1,102
D4:F5:47:82:0E:C6,ALL,udp:54398,192.168.3.117*,2,176,1,102,1,74
D4:F5:47:82:0E:C6,ALL,udp:54398,8.8.8.8*,2,176,1,74,1,102
D4:F5:47:82:0E:C6,ALL,udp:34824,192.168.3.117*,2,176,1,102,1,74
D4:F5:47:82:0E:C6,ALL,udp:34824,8.8.8.8*,2,176,1,74,1,102
D4:F5:47:82:0E:C6,ALL,udp:53805,192.168.3.117*,2,164,1,90,1,74
D4:F5:47:82:0E:C6,ALL,udp:53805,8.8.8.8*,2,164,1,74,1,90
D4:F5:47:82:0E:C6,ALL,udp:57834,192.168.3.117*,2,176,1,102,1,74
D4:F5:47:82:0E:C6,ALL,udp:57834,8.8.8.8*,2,176,1,74,1,102
D4:F5:47:82:0E:C6,ALL,udp:57814,192.168.3.117*,2,164,1,90,1,74
D4:F5:47:82:0E:C6,ALL,udp:57814,8.8.8.8*,2,164,1,74,1,90
D4:F5:47:82:0E:C6,ALL,udp:34783,192.168.3.117*,2,176,1,102,1,74
D4:F5:47:82:0E:C6,ALL,udp:34783,8.8.8.8*,2,176,1,74,1,102
D4:F5:47:82:0E:C6,ALL,udp:43470,192.168.3.117*,2,164,1,90,1,74
D4:F5:47:82:0E:C6,ALL,udp:43470,8.8.8.8*,2,164,1,74,1,90
D4:F5:47:82:0E:C6,ALL,udp:45244,192.168.3.117*,2,176,1,102,1,74
D4:F5:47:82:0E:C6,ALL,udp:45244,8.8.8.8*,2,176,1,74,1,102
D4:F5:47:82:0E:C6,ALL,udp:40058,192.168.3.117*,2,176,1,102,1,74
D4:F5:47:82:0E:C6,ALL,udp:40058,8.8.8.8*,2,176,1,74,1,102
D4:F5:47:82:0E:C6,ALL,udp:56651,192.168.3.117*,2,176,1,102,1,74
D4:F5:47:82:0E:C6,ALL,udp:56651,8.8.8.8*,2,176,1,74,1,102
D4:F5:47:82:0E:C6,ALL,udp:34268,192.168.3.117*,2,164,1,90,1,74
D4:F5:47:82:0E:C6,ALL,udp:34268,8.8.8.8*,2,164,1,74,1,90
D4:F5:47:82:0E:C6,ALL,udp:48379,192.168.3.117*,2,176,1,102,1,74
D4:F5:47:82:0E:C6,ALL,udp:48379,8.8.8.8*,2,176,1,74,1,102
D4:F5:47:82:0E:C6,ALL,udp:51354,192.168.3.117*,2,198,1,119,1,79
D4:F5:47:82:0E:C6,ALL,udp:51354,8.8.8.8*,2,198,1,79,1,119
D4:F5:47:82:0E:C6,ALL,udp:60113,192.168.3.117*,2,164,1,90,1,74
D4:F5:47:82:0E:C6,ALL,udp:60113,8.8.8.8*,2,164,1,74,1,90
D4:F5:47:82:0E:C6,ALL,udp:41243,192.168.3.117*,2,176,1,102,1,74
D4:F5:47:82:0E:C6,ALL,udp:41243,8.8.8.8*,2,176,1,74,1,102
D4:F5:47:82:0E:C6,ALL,udp:33281,192.168.3.117*,2,164,1,90,1,74
D4:F5:47:82:0E:C6,ALL,udp:33281,8.8.8.8*,2,164,1,74,1,90
D4:F5:47:82:0E:C6,ALL,udp:33439,192.168.3.117*,2,176,1,102,1,74
D4:F5:47:82:0E:C6,ALL,udp:33439,8.8.8.8*,2,176,1,74,1,102
D4:F5:47:82:0E:C6,ALL,udp:49154,192.168.3.117*,2,164,1,90,1,74
D4:F5:47:82:0E:C6,ALL,udp:49154,8.8.8.8*,2,164,1,74,1,90
D4:F5:47:82:0E:C6,ALL,udp:47560,192.168.3.117*,2,164,1,90,1,74
D4:F5:47:82:0E:C6,ALL,udp:47560,8.8.8.8*,2,164,1,74,1,90
D4:F5:47:82:0E:C6,ALL,udp:51373,192.168.3.117*,2,176,1,102,1,74
D4:F5:47:82:0E:C6,ALL,udp:51373,8.8.8.8*,2,176,1,74,1,102
D4:F5:47:82:0E:C6,ALL,udp:59670,192.168.3.117*,2,164,1,90,1,74
D4:F5:47:82:0E:C6,ALL,udp:59670,8.8.8.8*,2,164,1,74,1,90
D4:F5:47:82:0E:C6,ALL,udp:33886,192.168.3.117*,2,164,1,90,1,74
D4:F5:47:82:0E:C6,ALL,udp:33886,8.8.8.8*,2,164,1,74,1,90
D4:F5:47:82:0E:C6,ALL,udp:45286,192.168.3.117*,2,164,1,90,1,74
D4:F5:47:82:0E:C6,ALL,udp:45286,8.8.8.8*,2,164,1,74,1,90
D4:F5:47:82:0E:C6,ALL,udp:39469,192.168.3.117*,2,176,1,102,1,74
D4:F5:47:82:0E:C6,ALL,udp:39469,8.8.8.8*,2,176,1,74,1,102
D4:F5:47:82:0E:C6,ALL,udp:60470,192.168.3.117*,2,164,1,90,1,74
D4:F5:47:82:0E:C6,ALL,udp:60470,8.8.8.8*,2,164,1,74,1,90
D4:F5:47:82:0E:C6,ALL,udp:60816,192.168.3.117*,2,176,1,102,1,74
D4:F5:47:82:0E:C6,ALL,udp:60816,8.8.8.8*,2,176,1,74,1,102
D4:F5:47:82:0E:C6,ALL,udp:58907,192.168.3.117*,2,164,1,90,1,74
D4:F5:47:82:0E:C6,ALL,udp:58907,8.8.8.8*,2,164,1,74,1,90
D4:F5:47:82:0E:C6,ALL,udp:54230,192.168.3.117*,2,164,1,90,1,74
D4:F5:47:82:0E:C6,ALL,udp:54230,8.8.8.8*,2,164,1,74,1,90
D4:F5:47:82:0E:C6,ALL,udp:55843,192.168.3.117*,2,176,1,102,1,74
D4:F5:47:82:0E:C6,ALL,udp:55843,8.8.8.8*,2,176,1,74,1,102
D4:F5:47:82:0E:C6,ALL,udp:37856,192.168.3.117*,2,176,1,102,1,74
D4:F5:47:82:0E:C6,ALL,udp:37856,8.8.8.8*,2,176,1,74,1,102
D4:F5:47:82:0E:C6,ALL,udp:47235,192.168.3.117*,2,164,1,90,1,74
D4:F5:47:82:0E:C6,ALL,udp:47235,8.8.8.8*,2,164,1,74,1,90
D4:F5:47:82:0E:C6,ALL,udp:40667,192.168.3.117*,2,176,1,102,1,74
D4:F5:47:82:0E:C6,ALL,udp:40667,8.8.8.8*,2,176,1,74,1,102
D4:F5:47:82:0E:C6,ALL,udp:38853,192.168.3.117*,2,164,1,90,1,74
D4:F5:47:82:0E:C6,ALL,udp:38853,8.8.8.8*,2,164,1,74,1,90
D4:F5:47:82:0E:C6,ALL,udp:39679,216.239.35.0,2,180,1,90,1,90
D4:F5:47:82:0E:C6,ALL,udp:39679,8.8.8.8,2,164,1,74,1,90
D4:F5:47:82:0E:C6,ALL,udp:38496,192.168.3.117*,2,164,1,90,1,74
D4:F5:47:82:0E:C6,ALL,udp:38496,8.8.8.8*,2,164,1,74,1,90
D4:F5:47:82:0E:C6,ALL,udp:43774,192.168.3.117*,2,176,1,102,1,74
D4:F5:47:82:0E:C6,ALL,udp:43774,8.8.8.8*,2,176,1,74,1,102
D4:F5:47:82:0E:C6,ALL,udp:57571,192.168.3.117*,2,164,1,90,1,74
D4:F5:47:82:0E:C6,ALL,udp:57571,8.8.8.8*,2,164,1,74,1,90
D4:F5:47:82:0E:C6,ALL,udp:52820,192.168.3.117*,2,176,1,102,1,74
D4:F5:47:82:0E:C6,ALL,udp:52820,8.8.8.8*,2,176,1,74,1,102
D4:F5:47:82:0E:C6,ALL,udp:56542,192.168.3.117*,2,176,1,102,1,74
D4:F5:47:82:0E:C6,ALL,udp:56542,8.8.8.8*,2,176,1,74,1,102
D4:F5:47:82:0E:C6,ALL,udp:37976,192.168.3.117*,2,164,1,90,1,74
D4:F5:47:82:0E:C6,ALL,udp:37976,8.8.8.8*,2,164,1,74,1,90
D4:F5:47:82:0E:C6,ALL,udp:36604,192.168.3.117*,2,176,1,102,1,74
D4:F5:47:82:0E:C6,ALL,udp:36604,8.8.8.8*,2,176,1,74,1,102
D4:F5:47:82:0E:C6,ALL,udp:59454,192.168.3.117*,2,164,1,90,1,74
D4:F5:47:82:0E:C6,ALL,udp:59454,8.8.8.8*,2,164,1,74,1,90
D4:F5:47:82:0E:C6,ALL,udp:58147,192.168.3.117*,2,176,1,102,1,74
D4:F5:47:82:0E:C6,ALL,udp:58147,8.8.8.8*,2,176,1,74,1,102
D4:F5:47:82:0E:C6,ALL,udp:46976,192.168.3.117*,2,176,1,102,1,74
D4:F5:47:82:0E:C6,ALL,udp:46976,8.8.8.8*,2,176,1,74,1,102
D4:F5:47:82:0E:C6,ALL,udp:45095,216.239.35.12,2,180,1,90,1,90
D4:F5:47:82:0E:C6,ALL,udp:45095,8.8.8.8,2,164,1,74,1,90
D4:F5:47:82:0E:C6,ALL,udp:56093,192.168.3.117*,2,176,1,102,1,74
D4:F5:47:82:0E:C6,ALL,udp:56093,8.8.8.8*,2,176,1,74,1,102
D4:F5:47:82:0E:C6,ALL,udp:36049,192.168.3.117*,2,164,1,90,1,74
D4:F5:47:82:0E:C6,ALL,udp:36049,8.8.8.8*,2,164,1,74,1,90
D4:F5:47:82:0E:C6,ALL,udp:50503,192.168.3.117*,2,164,1,90,1,74
D4:F5:47:82:0E:C6,ALL,udp:50503,8.8.8.8*,2,164,1,74,1,90
D4:F5:47:82:0E:C6,ALL,udp:39957,192.168.3.117*,2,176,1,102,1,74
D4:F5:47:82:0E:C6,ALL,udp:39957,8.8.8.8*,2,176,1,74,1,102
D4:F5:47:82:0E:C6,ALL,udp:42530,192.168.3.117*,2,164,1,90,1,74
D4:F5:47:82:0E:C6,ALL,udp:42530,8.8.8.8*,2,164,1,74,1,90
D4:F5:47:82:0E:C6,ALL,udp:53182,192.168.3.117*,2,198,1,119,1,79
D4:F5:47:82:0E:C6,ALL,udp:53182,8.8.8.8*,2,198,1,79,1,119
D4:F5:47:82:0E:C6,ALL,udp:40397,192.168.3.117*,2,164,1,90,1,74
D4:F5:47:82:0E:C6,ALL,udp:40397,8.8.8.8*,2,164,1,74,1,90
D4:F5:47:82:0E:C6,ALL,udp:34255,192.168.3.117*,2,176,1,102,1,74
D4:F5:47:82:0E:C6,ALL,udp:34255,8.8.8.8*,2,176,1,74,1,102
D4:F5:47:82:0E:C6,ALL,udp:37825,192.168.3.117*,2,164,1,90,1,74
D4:F5:47:82:0E:C6,ALL,udp:37825,8.8.8.8*,2,164,1,74,1,90
D4:F5:47:82:0E:C6,ALL,udp:38108,192.168.3.117*,2,176,1,102,1,74
D4:F5:47:82:0E:C6,ALL,udp:38108,8.8.8.8*,2,176,1,74,1,102
D4:F5:47:82:0E:C6,ALL,udp:46109,192.168.3.117*,2,164,1,90,1,74
D4:F5:47:82:0E:C6,ALL,udp:46109,8.8.8.8*,2,164,1,74,1,90
D4:F5:47:82:0E:C6,ALL,udp:53360,192.168.3.117*,2,176,1,102,1,74
D4:F5:47:82:0E:C6,ALL,udp:53360,8.8.8.8*,2,176,1,74,1,102
D4:F5:47:82:0E:C6,ALL,udp:38519,192.168.3.117*,2,164,1,90,1,74
D4:F5:47:82:0E:C6,ALL,udp:38519,8.8.8.8*,2,164,1,74,1,90
D4:F5:47:82:0E:C6,ALL,udp:60320,192.168.3.117*,2,176,1,102,1,74
D4:F5:47:82:0E:C6,ALL,udp:60320,8.8.8.8*,2,176,1,74,1,102
D4:F5:47:82:0E:C6,ALL,udp:50195,192.168.3.117*,2,164,1,90,1,74
D4:F5:47:82:0E:C6,ALL,udp:50195,8.8.8.8*,2,164,1,74,1,90
D4:F5:47:82:0E:C6,ALL,udp:44504,192.168.3.117*,2,176,1,102,1,74
D4:F5:47:82:0E:C6,ALL,udp:44504,8.8.8.8*,2,176,1,74,1,102
D4:F5:47:82:0E:C6,ALL,udp:53552,192.168.3.117*,2,198,1,119,1,79
D4:F5:47:82:0E:C6,ALL,udp:53552,8.8.8.8*,2,198,1,79,1,119
D4:F5:47:82:0E:C6,ALL,udp:40969,216.239.35.12,2,180,1,90,1,90
D4:F5:47:82:0E:C6,ALL,udp:40969,8.8.8.8,2,164,1,74,1,90
D4:F5:47:82:0E:C6,ALL,udp:35252,192.168.3.117*,2,176,1,102,1,74
D4:F5:47:82:0E:C6,ALL,udp:35252,8.8.8.8*,2,176,1,74,1,102
D4:F5:47:82:0E:C6,ALL,udp:51967,192.168.3.117*,2,164,1,90,1,74
D4:F5:47:82:0E:C6,ALL,udp:51967,8.8.8.8*,2,164,1,74,1,90
D4:F5:47:82:0E:C6,ALL,udp:36965,192.168.3.117*,2,176,1,102,1,74
D4:F5:47:82:0E:C6,ALL,udp:36965,8.8.8.8*,2,176,1,74,1,102
D4:F5:47:82:0E:C6,ALL,udp:59702,192.168.3.117*,2,164,1,90,1,74
D4:F5:47:82:0E:C6,ALL,udp:59702,8.8.8.8*,2,164,1,74,1,90
D4:F5:47:82:0E:C6,ALL,udp:48216,192.168.3.117*,2,176,1,102,1,74
D4:F5:47:82:0E:C6,ALL,udp:48216,8.8.8.8*,2,176,1,74,1,102
D4:F5:47:82:0E:C6,ALL,udp:44274,192.168.3.117*,2,176,1,102,1,74
D4:F5:47:82:0E:C6,ALL,udp:44274,8.8.8.8*,2,176,1,74,1,102
D4:F5:47:82:0E:C6,ALL,udp:50551,192.168.3.117*,2,194,1,105,1,89
D4:F5:47:82:0E:C6,ALL,udp:50551,8.8.8.8*,2,194,1,89,1,105
D4:F5:47:82:0E:C6,ALL,udp:48886,192.168.3.117*,2,164,1,90,1,74
D4:F5:47:82:0E:C6,ALL,udp:48886,8.8.8.8*,2,164,1,74,1,90
D4:F5:47:82:0E:C6,ALL,udp:54103,192.168.3.117*,2,176,1,102,1,74
D4:F5:47:82:0E:C6,ALL,udp:54103,8.8.8.8*,2,176,1,74,1,102
D4:F5:47:82:0E:C6,ALL,udp:43458,192.168.3.117*,2,164,1,90,1,74
D4:F5:47:82:0E:C6,ALL,udp:43458,8.8.8.8*,2,164,1,74,1,90
D4:F5:47:82:0E:C6,ALL,udp:34686,192.168.3.117*,2,164,1,90,1,74
D4:F5:47:82:0E:C6,ALL,udp:34686,8.8.8.8*,2,164,1,74,1,90
D4:F5:47:82:0E:C6,ALL,udp:47063,192.168.3.117*,2,176,1,102,1,74
D4:F5:47:82:0E:C6,ALL,udp:47063,8.8.8.8*,2,176,1,74,1,102
D4:F5:47:82:0E:C6,ALL,udp:40195,192.168.3.117*,2,176,1,102,1,74
D4:F5:47:82:0E:C6,ALL,udp:40195,8.8.8.8*,2,176,1,74,1,102
D4:F5:47:82:0E:C6,ALL,udp:57130,192.168.3.117*,2,164,1,90,1,74
D4:F5:47:82:0E:C6,ALL,udp:57130,8.8.8.8*,2,164,1,74,1,90
D4:F5:47:82:0E:C6,ALL,udp:53638,192.168.3.117*,2,176,1,102,1,74
D4:F5:47:82:0E:C6,ALL,udp:53638,8.8.8.8*,2,176,1,74,1,102
D4:F5:47:82:0E:C6,ALL,udp:46192,192.168.3.117*,2,164,1,90,1,74
D4:F5:47:82:0E:C6,ALL,udp:46192,8.8.8.8*,2,164,1,74,1,90
D4:F5:47:82:0E:C6,ALL,udp:48921,192.168.3.117*,2,164,1,90,1,74
D4:F5:47:82:0E:C6,ALL,udp:48921,8.8.8.8*,2,164,1,74,1,90
D4:F5:47:82:0E:C6,ALL,udp:43780,192.168.3.117*,2,176,1,102,1,74
D4:F5:47:82:0E:C6,ALL,udp:43780,8.8.8.8*,2,176,1,74,1,102
D4:F5:47:82:0E:C6,ALL,udp:57366,216.239.35.12,2,180,1,90,1,90
D4:F5:47:82:0E:C6,ALL,udp:57366,8.8.8.8,2,164,1,74,1,90
D4:F5:47:82:0E:C6,ALL,udp:36664,192.168.3.117*,2,176,1,102,1,74
D4:F5:47:82:0E:C6,ALL,udp:36664,8.8.8.8*,2,176,1,74,1,102
D4:F5:47:82:0E:C6,ALL,udp:59448,216.239.35.0,2,180,1,90,1,90
D4:F5:47:82:0E:C6,ALL,udp:59448,8.8.8.8,2,164,1,74,1,90
D4:F5:47:82:0E:C6,ALL,udp:39882,192.168.3.117*,2,164,1,90,1,74
D4:F5:47:82:0E:C6,ALL,udp:39882,8.8.8.8*,2,164,1,74,1,90
D4:F5:47:82:0E:C6,ALL,udp:55401,192.168.3.117*,2,176,1,102,1,74
D4:F5:47:82:0E:C6,ALL,udp:55401,8.8.8.8*,2,176,1,74,1,102
D4:F5:47:82:0E:C6,ALL,udp:36236,192.168.3.117*,2,164,1,90,1,74
D4:F5:47:82:0E:C6,ALL,udp:36236,8.8.8.8*,2,164,1,74,1,90
D4:F5:47:82:0E:C6,ALL,udp:56100,192.168.3.117*,2,164,1,90,1,74
D4:F5:47:82:0E:C6,ALL,udp:56100,8.8.8.8*,2,164,1,74,1,90
D4:F5:47:82:0E:C6,ALL,udp:41823,192.168.3.117*,2,176,1,102,1,74
D4:F5:47:82:0E:C6,ALL,udp:41823,8.8.8.8*,2,176,1,74,1,102
D4:F5:47:82:0E:C6,ALL,udp:44040,192.168.3.117*,2,164,1,90,1,74
D4:F5:47:82:0E:C6,ALL,udp:44040,8.8.8.8*,2,164,1,74,1,90
D4:F5:47:82:0E:C6,ALL,udp:56563,192.168.3.117*,2,176,1,102,1,74
D4:F5:47:82:0E:C6,ALL,udp:56563,8.8.8.8*,2,176,1,74,1,102
D4:F5:47:82:0E:C6,ALL,udp:49498,192.168.3.117*,2,164,1,90,1,74
D4:F5:47:82:0E:C6,ALL,udp:49498,8.8.8.8*,2,164,1,74,1,90
D4:F5:47:82:0E:C6,ALL,udp:35526,192.168.3.117*,2,164,1,90,1,74
D4:F5:47:82:0E:C6,ALL,udp:35526,8.8.8.8*,2,164,1,74,1,90
D4:F5:47:82:0E:C6,ALL,udp:57006,192.168.3.117*,2,176,1,102,1,74
D4:F5:47:82:0E:C6,ALL,udp:57006,8.8.8.8*,2,176,1,74,1,102
D4:F5:47:82:0E:C6,ALL,udp:58560,192.168.3.117*,2,164,1,90,1,74
D4:F5:47:82:0E:C6,ALL,udp:58560,8.8.8.8*,2,164,1,74,1,90
D4:F5:47:82:0E:C6,ALL,udp:42285,192.168.3.117*,2,176,1,102,1,74
D4:F5:47:82:0E:C6,ALL,udp:42285,8.8.8.8*,2,176,1,74,1,102
D4:F5:47:82:0E:C6,ALL,udp:48844,192.168.3.117*,2,164,1,90,1,74
D4:F5:47:82:0E:C6,ALL,udp:48844,8.8.8.8*,2,164,1,74,1,90
D4:F5:47:82:0E:C6,ALL,udp:60148,192.168.3.117*,2,176,1,102,1,74
D4:F5:47:82:0E:C6,ALL,udp:60148,8.8.8.8*,2,176,1,74,1,102
D4:F5:47:82:0E:C6,ALL,udp:50950,192.168.3.117*,2,164,1,90,1,74
D4:F5:47:82:0E:C6,ALL,udp:50950,8.8.8.8*,2,164,1,74,1,90
D4:F5:47:82:0E:C6,ALL,udp:35127,192.168.3.117*,2,176,1,102,1,74
D4:F5:47:82:0E:C6,ALL,udp:35127,8.8.8.8*,2,176,1,74,1,102
D4:F5:47:82:0E:C6,ALL,udp:55167,192.168.3.117*,2,164,1,90,1,74
D4:F5:47:82:0E:C6,ALL,udp:55167,8.8.8.8*,2,164,1,74,1,90
D4:F5:47:82:0E:C6,ALL,udp:58765,192.168.3.117*,2,164,1,90,1,74
D4:F5:47:82:0E:C6,ALL,udp:58765,8.8.8.8*,2,164,1,74,1,90
D4:F5:47:82:0E:C6,ALL,udp:44554,192.168.3.117*,2,176,1,102,1,74
D4:F5:47:82:0E:C6,ALL,udp:44554,8.8.8.8*,2,176,1,74,1,102
D4:F5:47:82:0E:C6,ALL,udp:59342,192.168.3.117*,2,164,1,90,1,74
D4:F5:47:82:0E:C6,ALL,udp:59342,8.8.8.8*,2,164,1,74,1,90
D4:F5:47:82:0E:C6,ALL,udp:57788,192.168.3.117*,2,176,1,102,1,74
D4:F5:47:82:0E:C6,ALL,udp:57788,8.8.8.8*,2,176,1,74,1,102
D4:F5:47:82:0E:C6,ALL,udp:40443,192.168.3.117*,2,176,1,102,1,74
D4:F5:47:82:0E:C6,ALL,udp:40443,8.8.8.8*,2,176,1,74,1,102
D4:F5:47:82:0E:C6,ALL,udp:46870,192.168.3.117*,2,164,1,90,1,74
D4:F5:47:82:0E:C6,ALL,udp:46870,8.8.8.8*,2,164,1,74,1,90
D4:F5:47:82:0E:C6,ALL,udp:57796,192.168.3.117*,2,176,1,102,1,74
D4:F5:47:82:0E:C6,ALL,udp:57796,8.8.8.8*,2,176,1,74,1,102
D4:F5:47:82:0E:C6,ALL,udp:38558,192.168.3.117*,2,164,1,90,1,74
D4:F5:47:82:0E:C6,ALL,udp:38558,8.8.8.8*,2,164,1,74,1,90
D4:F5:47:82:0E:C6,ALL,udp:57030,192.168.3.117*,2,176,1,102,1,74
D4:F5:47:82:0E:C6,ALL,udp:57030,8.8.8.8*,2,176,1,74,1,102
D4:F5:47:82:0E:C6,ALL,udp:46061,192.168.3.117*,2,164,1,90,1,74
D4:F5:47:82:0E:C6,ALL,udp:46061,8.8.8.8*,2,164,1,74,1,90
D4:F5:47:82:0E:C6,ALL,udp:52723,192.168.3.117*,2,176,1,102,1,74
D4:F5:47:82:0E:C6,ALL,udp:52723,8.8.8.8*,2,176,1,74,1,102
D4:F5:47:82:0E:C6,ALL,udp:57736,192.168.3.117*,2,164,1,90,1,74
D4:F5:47:82:0E:C6,ALL,udp:57736,8.8.8.8*,2,164,1,74,1,90
D4:F5:47:82:0E:C6,ALL,udp:33946,192.168.3.117*,2,176,1,102,1,74
D4:F5:47:82:0E:C6,ALL,udp:33946,8.8.8.8*,2,176,1,74,1,102
D4:F5:47:82:0E:C6,ALL,udp:59075,192.168.3.117*,2,164,1,90,1,74
D4:F5:47:82:0E:C6,ALL,udp:59075,8.8.8.8*,2,164,1,74,1,90
D4:F5:47:82:0E:C6,ALL,udp:44605,192.168.3.117*,2,176,1,102,1,74
D4:F5:47:82:0E:C6,ALL,udp:44605,8.8.8.8*,2,176,1,74,1,102
D4:F5:47:82:0E:C6,ALL,udp:40520,192.168.3.117*,2,164,1,90,1,74
D4:F5:47:82:0E:C6,ALL,udp:40520,8.8.8.8*,2,164,1,74,1,90
D4:F5:47:82:0E:C6,ALL,udp:56493,192.168.3.117*,2,164,1,90,1,74
D4:F5:47:82:0E:C6,ALL,udp:56493,8.8.8.8*,2,164,1,74,1,90
D4:F5:47:82:0E:C6,ALL,udp:32796,192.168.3.117*,2,176,1,102,1,74
D4:F5:47:82:0E:C6,ALL,udp:32796,8.8.8.8*,2,176,1,74,1,102
D4:F5:47:82:0E:C6,ALL,udp:35208,192.168.3.117*,2,164,1,90,1,74
D4:F5:47:82:0E:C6,ALL,udp:35208,8.8.8.8*,2,164,1,74,1,90
D4:F5:47:82:0E:C6,ALL,udp:33820,192.168.3.117*,2,176,1,102,1,74
D4:F5:47:82:0E:C6,ALL,udp:33820,8.8.8.8*,2,176,1,74,1,102
D4:F5:47:82:0E:C6,ALL,udp:51622,192.168.3.117*,2,176,1,102,1,74
D4:F5:47:82:0E:C6,ALL,udp:51622,8.8.8.8*,2,176,1,74,1,102
D4:F5:47:82:0E:C6,ALL,udp:46152,192.168.3.117*,2,176,1,102,1,74
D4:F5:47:82:0E:C6,ALL,udp:46152,8.8.8.8*,2,176,1,74,1,102
D4:F5:47:82:0E:C6,ALL,udp:53283,192.168.3.117*,2,198,1,119,1,79
D4:F5:47:82:0E:C6,ALL,udp:53283,8.8.8.8*,2,198,1,79,1,119
D4:F5:47:82:0E:C6,ALL,udp:60684,192.168.3.117*,2,164,1,90,1,74
D4:F5:47:82:0E:C6,ALL,udp:60684,8.8.8.8*,2,164,1,74,1,90
D4:F5:47:82:0E:C6,ALL,udp:38211,192.168.3.117*,2,176,1,102,1,74
D4:F5:47:82:0E:C6,ALL,udp:38211,8.8.8.8*,2,176,1,74,1,102
D4:F5:47:82:0E:C6,ALL,udp:43410,192.168.3.117*,2,176,1,102,1,74
D4:F5:47:82:0E:C6,ALL,udp:43410,8.8.8.8*,2,176,1,74,1,102
D4:F5:47:82:0E:C6,ALL,udp:59252,216.239.35.12,2,180,1,90,1,90
D4:F5:47:82:0E:C6,ALL,udp:59252,8.8.8.8,2,164,1,74,1,90
D4:F5:47:82:0E:C6,ALL,udp:60798,192.168.3.117*,2,164,1,90,1,74
D4:F5:47:82:0E:C6,ALL,udp:60798,8.8.8.8*,2,164,1,74,1,90
D4:F5:47:82:0E:C6,ALL,udp:35950,192.168.3.117*,2,176,1,102,1,74
D4:F5:47:82:0E:C6,ALL,udp:35950,8.8.8.8*,2,176,1,74,1,102
D4:F5:47:82:0E:C6,ALL,udp:60013,192.168.3.117*,2,176,1,102,1,74
D4:F5:47:82:0E:C6,ALL,udp:60013,8.8.8.8*,2,176,1,74,1,102
D4:F5:47:82:0E:C6,ALL,udp:51191,192.168.3.117*,2,164,1,90,1,74
D4:F5:47:82:0E:C6,ALL,udp:51191,8.8.8.8*,2,164,1,74,1,90
D4:F5:47:82:0E:C6,ALL,udp:45246,192.168.3.117*,2,176,1,102,1,74
D4:F5:47:82:0E:C6,ALL,udp:45246,8.8.8.8*,2,176,1,74,1,102
D4:F5:47:82:0E:C6,ALL,udp:40711,142.251.32.110*,20,12225,13,9201,7,3024
D4:F5:47:82:0E:C6,ALL,udp:40711,8.8.8.8*,2,164,1,74,1,90
D4:F5:47:82:0E:C6,ALL,udp:41584,192.168.3.117*,2,164,1,90,1,74
D4:F5:47:82:0E:C6,ALL,udp:41584,8.8.8.8*,2,164,1,74,1,90
D4:F5:47:82:0E:C6,ALL,udp:39982,192.168.3.117*,2,176,1,102,1,74
D4:F5:47:82:0E:C6,ALL,udp:39982,8.8.8.8*,2,176,1,74,1,102
D4:F5:47:82:0E:C6,ALL,udp:48922,192.168.3.117*,2,164,1,90,1,74
D4:F5:47:82:0E:C6,ALL,udp:48922,8.8.8.8*,2,164,1,74,1,90
D4:F5:47:82:0E:C6,ALL,udp:44732,192.168.3.117*,2,176,1,102,1,74
D4:F5:47:82:0E:C6,ALL,udp:44732,8.8.8.8*,2,176,1,74,1,102
D4:F5:47:82:0E:C6,ALL,udp:52151,192.168.3.117*,2,164,1,90,1,74
D4:F5:47:82:0E:C6,ALL,udp:52151,8.8.8.8*,2,164,1,74,1,90
D4:F5:47:82:0E:C6,ALL,udp:47162,192.168.3.117*,2,176,1,102,1,74
D4:F5:47:82:0E:C6,ALL,udp:47162,8.8.8.8*,2,176,1,74,1,102
D4:F5:47:82:0E:C6,ALL,udp:55559,192.168.3.117*,2,164,1,90,1,74
D4:F5:47:82:0E:C6,ALL,udp:55559,8.8.8.8*,2,164,1,74,1,90
D4:F5:47:82:0E:C6,ALL,udp:57184,192.168.3.117*,2,176,1,102,1,74
D4:F5:47:82:0E:C6,ALL,udp:57184,8.8.8.8*,2,176,1,74,1,102
D4:F5:47:82:0E:C6,ALL,udp:41010,192.168.3.117*,2,176,1,102,1,74
D4:F5:47:82:0E:C6,ALL,udp:41010,8.8.8.8*,2,176,1,74,1,102
D4:F5:47:82:0E:C6,ALL,udp:51254,192.168.3.117*,2,164,1,90,1,74
D4:F5:47:82:0E:C6,ALL,udp:51254,8.8.8.8*,2,164,1,74,1,90
D4:F5:47:82:0E:C6,ALL,udp:37380,192.168.3.117*,2,176,1,102,1,74
D4:F5:47:82:0E:C6,ALL,udp:37380,8.8.8.8*,2,176,1,74,1,102
D4:F5:47:82:0E:C6,ALL,udp:46515,192.168.3.117*,2,164,1,90,1,74
D4:F5:47:82:0E:C6,ALL,udp:46515,8.8.8.8*,2,164,1,74,1,90
D4:F5:47:82:0E:C6,ALL,udp:44312,142.251.32.110*,20,10874,12,7360,8,3514
D4:F5:47:82:0E:C6,ALL,udp:44312,8.8.8.8*,2,164,1,74,1,90
D4:F5:47:82:0E:C6,ALL,udp:46523,192.168.3.117*,2,198,1,119,1,79
D4:F5:47:82:0E:C6,ALL,udp:46523,8.8.8.8*,2,198,1,79,1,119
D4:F5:47:82:0E:C6,ALL,udp:39153,192.168.3.117*,2,164,1,90,1,74
D4:F5:47:82:0E:C6,ALL,udp:39153,8.8.8.8*,2,164,1,74,1,90
D4:F5:47:82:0E:C6,ALL,udp:38693,192.168.3.117*,2,176,1,102,1,74
D4:F5:47:82:0E:C6,ALL,udp:38693,8.8.8.8*,2,176,1,74,1,102
D4:F5:47:82:0E:C6,ALL,udp:53365,192.168.3.117*,2,176,1,102,1,74
D4:F5:47:82:0E:C6,ALL,udp:53365,8.8.8.8*,2,176,1,74,1,102
D4:F5:47:82:0E:C6,ALL,udp:36805,192.168.3.117*,2,164,1,90,1,74
D4:F5:47:82:0E:C6,ALL,udp:36805,8.8.8.8*,2,164,1,74,1,90
D4:F5:47:82:0E:C6,ALL,udp:42100,192.168.3.117*,2,176,1,102,1,74
D4:F5:47:82:0E:C6,ALL,udp:42100,8.8.8.8*,2,176,1,74,1,102
D4:F5:47:82:0E:C6,ALL,udp:38793,192.168.3.117*,2,176,1,102,1,74
D4:F5:47:82:0E:C6,ALL,udp:38793,8.8.8.8*,2,176,1,74,1,102
D4:F5:47:82:0E:C6,ALL,udp:41478,192.168.3.117*,2,164,1,90,1,74
D4:F5:47:82:0E:C6,ALL,udp:41478,8.8.8.8*,2,164,1,74,1,90
D4:F5:47:82:0E:C6,ALL,udp:47865,192.168.3.117*,2,164,1,90,1,74
D4:F5:47:82:0E:C6,ALL,udp:47865,8.8.8.8*,2,164,1,74,1,90
D4:F5:47:82:0E:C6,ALL,udp:46973,192.168.3.117*,2,164,1,90,1,74
D4:F5:47:82:0E:C6,ALL,udp:46973,8.8.8.8*,2,164,1,74,1,90
D4:F5:47:82:0E:C6,ALL,udp:33755,192.168.3.117*,2,164,1,90,1,74
D4:F5:47:82:0E:C6,ALL,udp:33755,8.8.8.8*,2,164,1,74,1,90
D4:F5:47:82:0E:C6,ALL,udp:56970,192.168.3.117*,2,176,1,102,1,74
D4:F5:47:82:0E:C6,ALL,udp:56970,8.8.8.8*,2,176,1,74,1,102
D4:F5:47:82:0E:C6,ALL,udp:59348,192.168.3.117*,2,176,1,102,1,74
D4:F5:47:82:0E:C6,ALL,udp:59348,8.8.8.8*,2,176,1,74,1,102
D4:F5:47:82:0E:C6,ALL,udp:41322,192.168.3.117*,2,164,1,90,1,74
D4:F5:47:82:0E:C6,ALL,udp:41322,8.8.8.8*,2,164,1,74,1,90
D4:F5:47:82:0E:C6,ALL,udp:58332,192.168.3.117*,2,176,1,102,1,74
D4:F5:47:82:0E:C6,ALL,udp:58332,8.8.8.8*,2,176,1,74,1,102
D4:F5:47:82:0E:C6,ALL,udp:34641,192.168.3.117*,2,164,1,90,1,74
D4:F5:47:82:0E:C6,ALL,udp:34641,8.8.8.8*,2,164,1,74,1,90
D4:F5:47:82:0E:C6,ALL,udp:58486,172.217.165.142*,19,10792,11,7278,8,3514
D4:F5:47:82:0E:C6,ALL,udp:58486,8.8.8.8*,2,164,1,74,1,90
D4:F5:47:82:0E:C6,ALL,udp:38739,192.168.3.117*,2,176,1,102,1,74
D4:F5:47:82:0E:C6,ALL,udp:38739,8.8.8.8*,2,176,1,74,1,102
D4:F5:47:82:0E:C6,ALL,udp:46983,192.168.3.117*,2,164,1,90,1,74
D4:F5:47:82:0E:C6,ALL,udp:46983,8.8.8.8*,2,164,1,74,1,90
D4:F5:47:82:0E:C6,ALL,udp:43952,192.168.3.117*,2,176,1,102,1,74
D4:F5:47:82:0E:C6,ALL,udp:43952,8.8.8.8*,2,176,1,74,1,102
D4:F5:47:82:0E:C6,ALL,udp:60808,192.168.3.117*,2,164,1,90,1,74
D4:F5:47:82:0E:C6,ALL,udp:60808,8.8.8.8*,2,164,1,74,1,90
D4:F5:47:82:0E:C6,ALL,udp:56069,192.168.3.117*,2,176,1,102,1,74
D4:F5:47:82:0E:C6,ALL,udp:56069,8.8.8.8*,2,176,1,74,1,102
D4:F5:47:82:0E:C6,ALL,udp:54346,192.168.3.117*,2,164,1,90,1,74
D4:F5:47:82:0E:C6,ALL,udp:54346,8.8.8.8*,2,164,1,74,1,90
D4:F5:47:82:0E:C6,ALL,udp:40782,192.168.3.117*,2,176,1,102,1,74
D4:F5:47:82:0E:C6,ALL,udp:40782,8.8.8.8*,2,176,1,74,1,102
D4:F5:47:82:0E:C6,ALL,udp:50658,192.168.3.117*,2,176,1,102,1,74
D4:F5:47:82:0E:C6,ALL,udp:50658,8.8.8.8*,2,176,1,74,1,102
D4:F5:47:82:0E:C6,ALL,udp:57288,192.168.3.117*,2,164,1,90,1,74
D4:F5:47:82:0E:C6,ALL,udp:57288,8.8.8.8*,2,164,1,74,1,90
D4:F5:47:82:0E:C6,ALL,udp:47587,192.168.3.117*,2,176,1,102,1,74
D4:F5:47:82:0E:C6,ALL,udp:47587,8.8.8.8*,2,176,1,74,1,102
D4:F5:47:82:0E:C6,ALL,udp:60625,192.168.3.117*,2,176,1,102,1,74
D4:F5:47:82:0E:C6,ALL,udp:60625,8.8.8.8*,2,176,1,74,1,102
D4:F5:47:82:0E:C6,ALL,udp:55589,192.168.3.117*,2,164,1,90,1,74
D4:F5:47:82:0E:C6,ALL,udp:55589,8.8.8.8*,2,164,1,74,1,90
D4:F5:47:82:0E:C6,ALL,udp:46130,192.168.3.117*,2,176,1,102,1,74
D4:F5:47:82:0E:C6,ALL,udp:46130,8.8.8.8*,2,176,1,74,1,102
D4:F5:47:82:0E:C6,ALL,udp:47414,192.168.3.117*,2,164,1,90,1,74
D4:F5:47:82:0E:C6,ALL,udp:47414,8.8.8.8*,2,164,1,74,1,90
D4:F5:47:82:0E:C6,ALL,udp:49194,192.168.3.117*,2,176,1,102,1,74
D4:F5:47:82:0E:C6,ALL,udp:49194,8.8.8.8*,2,176,1,74,1,102
D4:F5:47:82:0E:C6,ALL,udp:58691,192.168.3.117*,2,164,1,90,1,74
D4:F5:47:82:0E:C6,ALL,udp:58691,8.8.8.8*,2,164,1,74,1,90
D4:F5:47:82:0E:C6,ALL,udp:43747,192.168.3.117*,2,176,1,102,1,74
D4:F5:47:82:0E:C6,ALL,udp:43747,8.8.8.8*,2,176,1,74,1,102
D4:F5:47:82:0E:C6,ALL,udp:53161,192.168.3.117*,2,176,1,102,1,74
D4:F5:47:82:0E:C6,ALL,udp:53161,8.8.8.8*,2,176,1,74,1,102
D4:F5:47:82:0E:C6,ALL,udp:33644,192.168.3.117*,2,164,1,90,1,74
D4:F5:47:82:0E:C6,ALL,udp:33644,8.8.8.8*,2,164,1,74,1,90
D4:F5:47:82:0E:C6,ALL,udp:59353,216.239.35.12,2,180,1,90,1,90
D4:F5:47:82:0E:C6,ALL,udp:59353,8.8.8.8,2,164,1,74,1,90
D4:F5:47:82:0E:C6,ALL,udp:46610,192.168.3.117*,2,164,1,90,1,74
D4:F5:47:82:0E:C6,ALL,udp:46610,8.8.8.8*,2,164,1,74,1,90
D4:F5:47:82:0E:C6,ALL,udp:39141,192.168.3.117*,2,198,1,119,1,79
D4:F5:47:82:0E:C6,ALL,udp:39141,8.8.8.8*,2,198,1,79,1,119
D4:F5:47:82:0E:C6,ALL,udp:34208,192.168.3.117*,2,164,1,90,1,74
D4:F5:47:82:0E:C6,ALL,udp:34208,8.8.8.8*,2,164,1,74,1,90
D4:F5:47:82:0E:C6,ALL,udp:35503,192.168.3.117*,2,176,1,102,1,74
D4:F5:47:82:0E:C6,ALL,udp:35503,8.8.8.8*,2,176,1,74,1,102
D4:F5:47:82:0E:C6,ALL,udp:60950,192.168.3.117*,2,176,1,102,1,74
D4:F5:47:82:0E:C6,ALL,udp:60950,8.8.8.8*,2,176,1,74,1,102
D4:F5:47:82:0E:C6,ALL,udp:43342,192.168.3.117*,2,176,1,102,1,74
D4:F5:47:82:0E:C6,ALL,udp:43342,8.8.8.8*,2,176,1,74,1,102
D4:F5:47:82:0E:C6,ALL,udp:40765,192.168.3.117*,2,164,1,90,1,74
D4:F5:47:82:0E:C6,ALL,udp:40765,8.8.8.8*,2,164,1,74,1,90
D4:F5:47:82:0E:C6,ALL,udp:58479,192.168.3.117*,2,164,1,90,1,74
D4:F5:47:82:0E:C6,ALL,udp:58479,8.8.8.8*,2,164,1,74,1,90
D4:F5:47:82:0E:C6,ALL,udp:38233,216.239.35.4,2,180,1,90,1,90
D4:F5:47:82:0E:C6,ALL,udp:38233,8.8.8.8,2,176,1,74,1,102
D4:F5:47:82:0E:C6,ALL,udp:49257,192.168.3.117*,2,164,1,90,1,74
D4:F5:47:82:0E:C6,ALL,udp:49257,8.8.8.8*,2,164,1,74,1,90
D4:F5:47:82:0E:C6,ALL,udp:55458,192.168.3.117*,2,176,1,102,1,74
D4:F5:47:82:0E:C6,ALL,udp:55458,8.8.8.8*,2,176,1,74,1,102
D4:F5:47:82:0E:C6,ALL,udp:60187,192.168.3.117*,2,164,1,90,1,74
D4:F5:47:82:0E:C6,ALL,udp:60187,8.8.8.8*,2,164,1,74,1,90
D4:F5:47:82:0E:C6,ALL,udp:34501,192.168.3.117*,2,198,1,119,1,79
D4:F5:47:82:0E:C6,ALL,udp:34501,8.8.8.8*,2,198,1,79,1,119
D4:F5:47:82:0E:C6,ALL,udp:59263,192.168.3.117*,2,176,1,102,1,74
D4:F5:47:82:0E:C6,ALL,udp:59263,8.8.8.8*,2,176,1,74,1,102
D4:F5:47:82:0E:C6,ALL,udp:36412,192.168.3.117*,2,164,1,90,1,74
D4:F5:47:82:0E:C6,ALL,udp:36412,8.8.8.8*,2,164,1,74,1,90
D4:F5:47:82:0E:C6,ALL,udp:35417,192.168.3.117*,2,176,1,102,1,74
D4:F5:47:82:0E:C6,ALL,udp:35417,8.8.8.8*,2,176,1,74,1,102
D4:F5:47:82:0E:C6,ALL,udp:47562,192.168.3.117*,2,164,1,90,1,74
D4:F5:47:82:0E:C6,ALL,udp:47562,8.8.8.8*,2,164,1,74,1,90
D4:F5:47:82:0E:C6,ALL,udp:34422,192.168.3.117*,2,176,1,102,1,74
D4:F5:47:82:0E:C6,ALL,udp:34422,8.8.8.8*,2,176,1,74,1,102
D4:F5:47:82:0E:C6,ALL,udp:49772,192.168.3.117*,2,164,1,90,1,74
D4:F5:47:82:0E:C6,ALL,udp:49772,8.8.8.8*,2,164,1,74,1,90
D4:F5:47:82:0E:C6,ALL,udp:37347,192.168.3.117*,2,176,1,102,1,74
D4:F5:47:82:0E:C6,ALL,udp:37347,8.8.8.8*,2,176,1,74,1,102
D4:F5:47:82:0E:C6,ALL,udp:39364,192.168.3.117*,2,176,1,102,1,74
D4:F5:47:82:0E:C6,ALL,udp:39364,8.8.8.8*,2,176,1,74,1,102
D4:F5:47:82:0E:C6,ALL,udp:36181,192.168.3.117*,2,164,1,90,1,74
D4:F5:47:82:0E:C6,ALL,udp:36181,8.8.8.8*,2,164,1,74,1,90
D4:F5:47:82:0E:C6,ALL,udp:45894,192.168.3.117*,2,164,1,90,1,74
D4:F5:47:82:0E:C6,ALL,udp:45894,8.8.8.8*,2,164,1,74,1,90
D4:F5:47:82:0E:C6,ALL,udp:38939,192.168.3.117*,2,156,1,86,1,70
D4:F5:47:82:0E:C6,ALL,udp:38939,8.8.8.8*,2,156,1,70,1,86
D4:F5:47:82:0E:C6,ALL,udp:56432,192.168.3.117*,2,213,1,126,1,87
D4:F5:47:82:0E:C6,ALL,udp:56432,8.8.8.8*,2,213,1,87,1,126
D4:F5:47:82:0E:C6,ALL,udp:36190,192.168.3.117*,2,213,1,126,1,87
D4:F5:47:82:0E:C6,ALL,udp:36190,8.8.8.8*,2,213,1,87,1,126
D4:F5:47:82:0E:C6,ALL,udp:40942,192.168.3.117*,2,213,1,126,1,87
D4:F5:47:82:0E:C6,ALL,udp:40942,8.8.8.8*,2,213,1,87,1,126
D4:F5:47:82:0E:C6,ALL,udp:49167,192.168.3.117*,2,213,1,126,1,87
D4:F5:47:82:0E:C6,ALL,udp:49167,8.8.8.8*,2,213,1,87,1,126
D4:F5:47:82:0E:C6,ALL,udp:35975,192.168.3.117*,2,213,1,126,1,87
D4:F5:47:82:0E:C6,ALL,udp:35975,8.8.8.8*,2,213,1,87,1,126
D4:F5:47:82:0E:C6,ALL,udp:58730,192.168.3.117*,2,213,1,126,1,87
D4:F5:47:82:0E:C6,ALL,udp:58730,8.8.8.8*,2,213,1,87,1,126
D4:F5:47:82:0E:C6,ALL,udp:60028,192.168.3.117*,2,164,1,90,1,74
D4:F5:47:82:0E:C6,ALL,udp:60028,8.8.8.8*,2,164,1,74,1,90
D4:F5:47:82:0E:C6,ALL,udp:36210,192.168.3.117*,2,176,1,102,1,74
D4:F5:47:82:0E:C6,ALL,udp:36210,8.8.8.8*,2,176,1,74,1,102
D4:F5:47:82:0E:C6,ALL,udp:43651,192.168.3.117*,2,176,1,102,1,74
D4:F5:47:82:0E:C6,ALL,udp:43651,8.8.8.8*,2,176,1,74,1,102
D4:F5:47:82:0E:C6,ALL,udp:36101,192.168.3.117*,2,176,1,102,1,74
D4:F5:47:82:0E:C6,ALL,udp:36101,8.8.8.8*,2,176,1,74,1,102
D4:F5:47:82:0E:C6,ALL,udp:33671,192.168.3.117*,2,164,1,90,1,74
D4:F5:47:82:0E:C6,ALL,udp:33671,8.8.8.8*,2,164,1,74,1,90
D4:F5:47:82:0E:C6,ALL,udp:43346,192.168.3.117*,2,176,1,102,1,74
D4:F5:47:82:0E:C6,ALL,udp:43346,8.8.8.8*,2,176,1,74,1,102
D4:F5:47:82:0E:C6,ALL,udp:48629,192.168.3.117*,2,164,1,90,1,74
D4:F5:47:82:0E:C6,ALL,udp:48629,8.8.8.8*,2,164,1,74,1,90
D4:F5:47:82:0E:C6,ALL,udp:36106,192.168.3.117*,2,176,1,102,1,74
D4:F5:47:82:0E:C6,ALL,udp:36106,8.8.8.8*,2,176,1,74,1,102
D4:F5:47:82:0E:C6,ALL,udp:39248,192.168.3.117*,2,194,1,105,1,89
D4:F5:47:82:0E:C6,ALL,udp:39248,8.8.8.8*,2,194,1,89,1,105
D4:F5:47:82:0E:C6,ALL,udp:59812,192.168.3.117*,2,176,1,102,1,74
D4:F5:47:82:0E:C6,ALL,udp:59812,8.8.8.8*,2,176,1,74,1,102
D4:F5:47:82:0E:C6,ALL,udp:46758,192.168.3.117*,2,164,1,90,1,74
D4:F5:47:82:0E:C6,ALL,udp:46758,8.8.8.8*,2,164,1,74,1,90
D4:F5:47:82:0E:C6,ALL,udp:56855,192.168.3.117*,2,176,1,102,1,74
D4:F5:47:82:0E:C6,ALL,udp:56855,8.8.8.8*,2,176,1,74,1,102
D4:F5:47:82:0E:C6,ALL,udp:44522,192.168.3.117*,2,176,1,102,1,74
D4:F5:47:82:0E:C6,ALL,udp:44522,8.8.8.8*,2,176,1,74,1,102
D4:F5:47:82:0E:C6,ALL,udp:48423,192.168.3.117*,2,164,1,90,1,74
D4:F5:47:82:0E:C6,ALL,udp:48423,8.8.8.8*,2,164,1,74,1,90
D4:F5:47:82:0E:C6,ALL,udp:54815,192.168.3.117*,2,164,1,90,1,74
D4:F5:47:82:0E:C6,ALL,udp:54815,8.8.8.8*,2,164,1,74,1,90
D4:F5:47:82:0E:C6,ALL,udp:48992,192.168.3.117*,2,164,1,90,1,74
D4:F5:47:82:0E:C6,ALL,udp:48992,8.8.8.8*,2,164,1,74,1,90
D4:F5:47:82:0E:C6,ALL,udp:49126,192.168.3.117*,2,176,1,102,1,74
D4:F5:47:82:0E:C6,ALL,udp:49126,8.8.8.8*,2,176,1,74,1,102
D4:F5:47:82:0E:C6,ALL,udp:50120,192.168.3.117*,2,176,1,102,1,74
D4:F5:47:82:0E:C6,ALL,udp:50120,8.8.8.8*,2,176,1,74,1,102
D4:F5:47:82:0E:C6,ALL,udp:57844,192.168.3.117*,2,164,1,90,1,74
D4:F5:47:82:0E:C6,ALL,udp:57844,8.8.8.8*,2,164,1,74,1,90
D4:F5:47:82:0E:C6,ALL,udp:38749,192.168.3.117*,2,176,1,102,1,74
D4:F5:47:82:0E:C6,ALL,udp:38749,8.8.8.8*,2,176,1,74,1,102
D4:F5:47:82:0E:C6,ALL,udp:53838,192.168.3.117*,2,176,1,102,1,74
D4:F5:47:82:0E:C6,ALL,udp:53838,8.8.8.8*,2,176,1,74,1,102
D4:F5:47:82:0E:C6,ALL,udp:35715,192.168.3.117*,2,198,1,119,1,79
D4:F5:47:82:0E:C6,ALL,udp:35715,8.8.8.8*,2,198,1,79,1,119
D4:F5:47:82:0E:C6,ALL,udp:47708,192.168.3.117*,2,164,1,90,1,74
D4:F5:47:82:0E:C6,ALL,udp:47708,8.8.8.8*,2,164,1,74,1,90
D4:F5:47:82:0E:C6,ALL,udp:60290,192.168.3.117*,2,176,1,102,1,74
D4:F5:47:82:0E:C6,ALL,udp:60290,8.8.8.8*,2,176,1,74,1,102
D4:F5:47:82:0E:C6,ALL,udp:36064,192.168.3.117*,2,164,1,90,1,74
D4:F5:47:82:0E:C6,ALL,udp:36064,8.8.8.8*,2,164,1,74,1,90
D4:F5:47:82:0E:C6,ALL,udp:36551,192.168.3.117*,2,176,1,102,1,74
D4:F5:47:82:0E:C6,ALL,udp:36551,8.8.8.8*,2,176,1,74,1,102
D4:F5:47:82:0E:C6,ALL,udp:51471,192.168.3.117*,2,164,1,90,1,74
D4:F5:47:82:0E:C6,ALL,udp:51471,8.8.8.8*,2,164,1,74,1,90
D4:F5:47:82:0E:C6,ALL,udp:58513,192.168.3.117*,2,164,1,90,1,74
D4:F5:47:82:0E:C6,ALL,udp:58513,8.8.8.8*,2,164,1,74,1,90
D4:F5:47:82:0E:C6,ALL,udp:43168,192.168.3.117*,2,164,1,90,1,74
D4:F5:47:82:0E:C6,ALL,udp:43168,8.8.8.8*,2,164,1,74,1,90
D4:F5:47:82:0E:C6,ALL,udp:41459,192.168.3.117*,2,176,1,102,1,74
D4:F5:47:82:0E:C6,ALL,udp:41459,8.8.8.8*,2,176,1,74,1,102
D4:F5:47:82:0E:C6,ALL,udp:38660,192.168.3.117*,2,164,1,90,1,74
D4:F5:47:82:0E:C6,ALL,udp:38660,8.8.8.8*,2,164,1,74,1,90
D4:F5:47:82:0E:C6,ALL,udp:54436,192.168.3.117*,2,176,1,102,1,74
D4:F5:47:82:0E:C6,ALL,udp:54436,8.8.8.8*,2,176,1,74,1,102
D4:F5:47:82:0E:C6,ALL,udp:48546,192.168.3.117*,2,164,1,90,1,74
D4:F5:47:82:0E:C6,ALL,udp:48546,8.8.8.8*,2,164,1,74,1,90
D4:F5:47:82:0E:C6,ALL,udp:55656,192.168.3.117*,2,164,1,90,1,74
D4:F5:47:82:0E:C6,ALL,udp:55656,8.8.8.8*,2,164,1,74,1,90
D4:F5:47:82:0E:C6,ALL,udp:49740,192.168.3.117*,2,176,1,102,1,74
D4:F5:47:82:0E:C6,ALL,udp:49740,8.8.8.8*,2,176,1,74,1,102
D4:F5:47:82:0E:C6,ALL,udp:45166,192.168.3.117*,2,176,1,102,1,74
D4:F5:47:82:0E:C6,ALL,udp:45166,8.8.8.8*,2,176,1,74,1,102
D4:F5:47:82:0E:C6,ALL,udp:41150,192.168.3.117*,2,164,1,90,1,74
D4:F5:47:82:0E:C6,ALL,udp:41150,8.8.8.8*,2,164,1,74,1,90
D4:F5:47:82:0E:C6,ALL,udp:46246,192.168.3.117*,2,176,1,102,1,74
D4:F5:47:82:0E:C6,ALL,udp:46246,8.8.8.8*,2,176,1,74,1,102
D4:F5:47:82:0E:C6,ALL,udp:44685,192.168.3.117*,2,176,1,102,1,74
D4:F5:47:82:0E:C6,ALL,udp:44685,8.8.8.8*,2,176,1,74,1,102
D4:F5:47:82:0E:C6,ALL,udp:42364,192.168.3.117*,2,164,1,90,1,74
D4:F5:47:82:0E:C6,ALL,udp:42364,8.8.8.8*,2,164,1,74,1,90
D4:F5:47:82:0E:C6,ALL,udp:34008,192.168.3.117*,2,176,1,102,1,74
D4:F5:47:82:0E:C6,ALL,udp:34008,8.8.8.8*,2,176,1,74,1,102
D4:F5:47:82:0E:C6,ALL,udp:52460,216.239.35.4,2,180,1,90,1,90
D4:F5:47:82:0E:C6,ALL,udp:52460,8.8.8.8,2,176,1,74,1,102
D4:F5:47:82:0E:C6,ALL,udp:44451,192.168.3.117*,2,164,1,90,1,74
D4:F5:47:82:0E:C6,ALL,udp:44451,8.8.8.8*,2,164,1,74,1,90
D4:F5:47:82:0E:C6,ALL,udp:51691,192.168.3.117*,2,176,1,102,1,74
D4:F5:47:82:0E:C6,ALL,udp:51691,8.8.8.8*,2,176,1,74,1,102
D4:F5:47:82:0E:C6,ALL,udp:59885,192.168.3.117*,2,164,1,90,1,74
D4:F5:47:82:0E:C6,ALL,udp:59885,8.8.8.8*,2,164,1,74,1,90
D4:F5:47:82:0E:C6,ALL,udp:46381,192.168.3.117*,2,164,1,90,1,74
D4:F5:47:82:0E:C6,ALL,udp:46381,8.8.8.8*,2,164,1,74,1,90
D4:F5:47:82:0E:C6,ALL,udp:57504,192.168.3.117*,2,176,1,102,1,74
D4:F5:47:82:0E:C6,ALL,udp:57504,8.8.8.8*,2,176,1,74,1,102
D4:F5:47:82:0E:C6,ALL,udp:34914,192.168.3.117*,2,164,1,90,1,74
D4:F5:47:82:0E:C6,ALL,udp:34914,8.8.8.8*,2,164,1,74,1,90
D4:F5:47:82:0E:C6,ALL,udp:48578,192.168.3.117*,2,176,1,102,1,74
D4:F5:47:82:0E:C6,ALL,udp:48578,8.8.8.8*,2,176,1,74,1,102
D4:F5:47:82:0E:C6,ALL,udp:46555,192.168.3.117*,2,176,1,102,1,74
D4:F5:47:82:0E:C6,ALL,udp:46555,8.8.8.8*,2,176,1,74,1,102
D4:F5:47:82:0E:C6,ALL,udp:48603,192.168.3.117*,2,164,1,90,1,74
D4:F5:47:82:0E:C6,ALL,udp:48603,8.8.8.8*,2,164,1,74,1,90
D4:F5:47:82:0E:C6,ALL,udp:60248,192.168.3.117*,2,176,1,102,1,74
D4:F5:47:82:0E:C6,ALL,udp:60248,8.8.8.8*,2,176,1,74,1,102
D4:F5:47:82:0E:C6,ALL,udp:52610,192.168.3.117*,2,164,1,90,1,74
D4:F5:47:82:0E:C6,ALL,udp:52610,8.8.8.8*,2,164,1,74,1,90
D4:F5:47:82:0E:C6,ALL,udp:33798,192.168.3.117*,2,176,1,102,1,74
D4:F5:47:82:0E:C6,ALL,udp:33798,8.8.8.8*,2,176,1,74,1,102
D4:F5:47:82:0E:C6,ALL,udp:42804,192.168.3.117*,2,176,1,102,1,74
D4:F5:47:82:0E:C6,ALL,udp:42804,8.8.8.8*,2,176,1,74,1,102
D4:F5:47:82:0E:C6,ALL,udp:43355,192.168.3.117*,2,176,1,102,1,74
D4:F5:47:82:0E:C6,ALL,udp:43355,8.8.8.8*,2,176,1,74,1,102
D4:F5:47:82:0E:C6,ALL,udp:51787,192.168.3.117*,2,164,1,90,1,74
D4:F5:47:82:0E:C6,ALL,udp:51787,8.8.8.8*,2,164,1,74,1,90
D4:F5:47:82:0E:C6,ALL,udp:43384,192.168.3.117*,2,164,1,90,1,74
D4:F5:47:82:0E:C6,ALL,udp:43384,8.8.8.8*,2,164,1,74,1,90
D4:F5:47:82:0E:C6,ALL,udp:52976,192.168.3.117*,2,176,1,102,1,74
D4:F5:47:82:0E:C6,ALL,udp:52976,8.8.8.8*,2,176,1,74,1,102
D4:F5:47:82:0E:C6,ALL,udp:59102,192.168.3.117*,2,164,1,90,1,74
D4:F5:47:82:0E:C6,ALL,udp:59102,8.8.8.8*,2,164,1,74,1,90
D4:F5:47:82:0E:C6,ALL,udp:57630,192.168.3.117*,2,176,1,102,1,74
D4:F5:47:82:0E:C6,ALL,udp:57630,8.8.8.8*,2,176,1,74,1,102
D4:F5:47:82:0E:C6,ALL,udp:49736,192.168.3.117*,2,198,1,119,1,79
D4:F5:47:82:0E:C6,ALL,udp:49736,8.8.8.8*,2,198,1,79,1,119
D4:F5:47:82:0E:C6,ALL,udp:41799,192.168.3.117*,2,164,1,90,1,74
D4:F5:47:82:0E:C6,ALL,udp:41799,8.8.8.8*,2,164,1,74,1,90
D4:F5:47:82:0E:C6,ALL,udp:35854,192.168.3.117*,2,176,1,102,1,74
D4:F5:47:82:0E:C6,ALL,udp:35854,8.8.8.8*,2,176,1,74,1,102
D4:F5:47:82:0E:C6,ALL,udp:36274,192.168.3.117*,2,164,1,90,1,74
D4:F5:47:82:0E:C6,ALL,udp:36274,8.8.8.8*,2,164,1,74,1,90
D4:F5:47:82:0E:C6,ALL,udp:45671,192.168.3.117*,2,176,1,102,1,74
D4:F5:47:82:0E:C6,ALL,udp:45671,8.8.8.8*,2,176,1,74,1,102
D4:F5:47:82:0E:C6,ALL,udp:45258,192.168.3.117*,2,164,1,90,1,74
D4:F5:47:82:0E:C6,ALL,udp:45258,8.8.8.8*,2,164,1,74,1,90
D4:F5:47:82:0E:C6,ALL,udp:39700,192.168.3.117*,2,176,1,102,1,74
D4:F5:47:82:0E:C6,ALL,udp:39700,8.8.8.8*,2,176,1,74,1,102
D4:F5:47:82:0E:C6,ALL,udp:39814,192.168.3.117*,2,164,1,90,1,74
D4:F5:47:82:0E:C6,ALL,udp:39814,8.8.8.8*,2,164,1,74,1,90
D4:F5:47:82:0E:C6,ALL,udp:41346,192.168.3.117*,2,176,1,102,1,74
D4:F5:47:82:0E:C6,ALL,udp:41346,8.8.8.8*,2,176,1,74,1,102
D4:F5:47:82:0E:C6,ALL,udp:51429,192.168.3.117*,2,176,1,102,1,74
D4:F5:47:82:0E:C6,ALL,udp:51429,8.8.8.8*,2,176,1,74,1,102
D4:F5:47:82:0E:C6,ALL,udp:39603,192.168.3.117*,2,176,1,102,1,74
D4:F5:47:82:0E:C6,ALL,udp:39603,8.8.8.8*,2,176,1,74,1,102
D4:F5:47:82:0E:C6,ALL,udp:53289,192.168.3.117*,2,164,1,90,1,74
D4:F5:47:82:0E:C6,ALL,udp:53289,8.8.8.8*,2,164,1,74,1,90
D4:F5:47:82:0E:C6,ALL,udp:58898,192.168.3.117*,2,176,1,102,1,74
D4:F5:47:82:0E:C6,ALL,udp:58898,8.8.8.8*,2,176,1,74,1,102
D4:F5:47:82:0E:C6,ALL,udp:40856,192.168.3.117*,2,164,1,90,1,74
D4:F5:47:82:0E:C6,ALL,udp:40856,8.8.8.8*,2,164,1,74,1,90
D4:F5:47:82:0E:C6,ALL,udp:41697,192.168.3.117*,2,176,1,102,1,74
D4:F5:47:82:0E:C6,ALL,udp:41697,8.8.8.8*,2,176,1,74,1,102
D4:F5:47:82:0E:C6,ALL,udp:49090,192.168.3.117*,2,164,1,90,1,74
D4:F5:47:82:0E:C6,ALL,udp:49090,8.8.8.8*,2,164,1,74,1,90
D4:F5:47:82:0E:C6,ALL,udp:37809,192.168.3.117*,2,176,1,102,1,74
D4:F5:47:82:0E:C6,ALL,udp:37809,8.8.8.8*,2,176,1,74,1,102
D4:F5:47:82:0E:C6,ALL,udp:44526,192.168.3.117*,2,164,1,90,1,74
D4:F5:47:82:0E:C6,ALL,udp:44526,8.8.8.8*,2,164,1,74,1,90
D4:F5:47:82:0E:C6,ALL,udp:48035,192.168.3.117*,2,176,1,102,1,74
D4:F5:47:82:0E:C6,ALL,udp:48035,8.8.8.8*,2,176,1,74,1,102
D4:F5:47:82:0E:C6,ALL,udp:43411,192.168.3.117*,2,164,1,90,1,74
D4:F5:47:82:0E:C6,ALL,udp:43411,8.8.8.8*,2,164,1,74,1,90
D4:F5:47:82:0E:C6,ALL,udp:58708,192.168.3.117*,2,176,1,102,1,74
D4:F5:47:82:0E:C6,ALL,udp:58708,8.8.8.8*,2,176,1,74,1,102
D4:F5:47:82:0E:C6,ALL,udp:47656,192.168.3.117*,2,164,1,90,1,74
D4:F5:47:82:0E:C6,ALL,udp:47656,8.8.8.8*,2,164,1,74,1,90
D4:F5:47:82:0E:C6,ALL,udp:37907,192.168.3.117*,2,176,1,102,1,74
D4:F5:47:82:0E:C6,ALL,udp:37907,8.8.8.8*,2,176,1,74,1,102
D4:F5:47:82:0E:C6,ALL,udp:44569,192.168.3.117*,2,194,1,105,1,89
D4:F5:47:82:0E:C6,ALL,udp:44569,8.8.8.8*,2,194,1,89,1,105
D4:F5:47:82:0E:C6,ALL,udp:58794,192.168.3.117*,2,164,1,90,1,74
D4:F5:47:82:0E:C6,ALL,udp:58794,8.8.8.8*,2,164,1,74,1,90
D4:F5:47:82:0E:C6,ALL,udp:59388,192.168.3.117*,2,164,1,90,1,74
D4:F5:47:82:0E:C6,ALL,udp:59388,8.8.8.8*,2,164,1,74,1,90
D4:F5:47:82:0E:C6,ALL,udp:51970,192.168.3.117*,2,176,1,102,1,74
D4:F5:47:82:0E:C6,ALL,udp:51970,8.8.8.8*,2,176,1,74,1,102
D4:F5:47:82:0E:C6,ALL,udp:59723,192.168.3.117*,2,164,1,90,1,74
D4:F5:47:82:0E:C6,ALL,udp:59723,8.8.8.8*,2,164,1,74,1,90
D4:F5:47:82:0E:C6,ALL,udp:51352,192.168.3.117*,2,164,1,90,1,74
D4:F5:47:82:0E:C6,ALL,udp:51352,8.8.8.8*,2,164,1,74,1,90
D4:F5:47:82:0E:C6,ALL,udp:37627,192.168.3.117*,2,164,1,90,1,74
D4:F5:47:82:0E:C6,ALL,udp:37627,8.8.8.8*,2,164,1,74,1,90
D4:F5:47:82:0E:C6,ALL,udp:37770,192.168.3.117*,2,164,1,90,1,74
D4:F5:47:82:0E:C6,ALL,udp:37770,8.8.8.8*,2,164,1,74,1,90
D4:F5:47:82:0E:C6,ALL,udp:49162,192.168.3.117*,2,176,1,102,1,74
D4:F5:47:82:0E:C6,ALL,udp:49162,8.8.8.8*,2,176,1,74,1,102
D4:F5:47:82:0E:C6,ALL,udp:34499,192.168.3.117*,2,164,1,90,1,74
D4:F5:47:82:0E:C6,ALL,udp:34499,8.8.8.8*,2,164,1,74,1,90
D4:F5:47:82:0E:C6,ALL,udp:51067,192.168.3.117*,2,176,1,102,1,74
D4:F5:47:82:0E:C6,ALL,udp:51067,8.8.8.8*,2,176,1,74,1,102
D4:F5:47:82:0E:C6,ALL,udp:47116,192.168.3.117*,2,164,1,90,1,74
D4:F5:47:82:0E:C6,ALL,udp:47116,8.8.8.8*,2,164,1,74,1,90
D4:F5:47:82:0E:C6,ALL,udp:46355,192.168.3.117*,2,164,1,90,1,74
D4:F5:47:82:0E:C6,ALL,udp:46355,8.8.8.8*,2,164,1,74,1,90
D4:F5:47:82:0E:C6,ALL,udp:36001,192.168.3.117*,2,176,1,102,1,74
D4:F5:47:82:0E:C6,ALL,udp:36001,8.8.8.8*,2,176,1,74,1,102
D4:F5:47:82:0E:C6,ALL,udp:45664,192.168.3.117*,2,164,1,90,1,74
D4:F5:47:82:0E:C6,ALL,udp:45664,8.8.8.8*,2,164,1,74,1,90
D4:F5:47:82:0E:C6,ALL,udp:60374,192.168.3.117*,2,176,1,102,1,74
D4:F5:47:82:0E:C6,ALL,udp:60374,8.8.8.8*,2,176,1,74,1,102
D4:F5:47:82:0E:C6,ALL,udp:42441,192.168.3.117*,2,164,1,90,1,74
D4:F5:47:82:0E:C6,ALL,udp:42441,8.8.8.8*,2,164,1,74,1,90
D4:F5:47:82:0E:C6,ALL,udp:55122,192.168.3.117*,2,176,1,102,1,74
D4:F5:47:82:0E:C6,ALL,udp:55122,8.8.8.8*,2,176,1,74,1,102
D4:F5:47:82:0E:C6,ALL,udp:46261,192.168.3.117*,2,164,1,90,1,74
D4:F5:47:82:0E:C6,ALL,udp:46261,8.8.8.8*,2,164,1,74,1,90
D4:F5:47:82:0E:C6,ALL,udp:52599,192.168.3.117*,2,176,1,102,1,74
D4:F5:47:82:0E:C6,ALL,udp:52599,8.8.8.8*,2,176,1,74,1,102
D4:F5:47:82:0E:C6,ALL,udp:49993,192.168.3.117*,2,164,1,90,1,74
D4:F5:47:82:0E:C6,ALL,udp:49993,8.8.8.8*,2,164,1,74,1,90
D4:F5:47:82:0E:C6,ALL,udp:59095,192.168.3.117*,2,176,1,102,1,74
D4:F5:47:82:0E:C6,ALL,udp:59095,8.8.8.8*,2,176,1,74,1,102
D4:F5:47:82:0E:C6,ALL,udp:35376,192.168.3.117*,2,164,1,90,1,74
D4:F5:47:82:0E:C6,ALL,udp:35376,8.8.8.8*,2,164,1,74,1,90
D4:F5:47:82:0E:C6,ALL,udp:39535,192.168.3.117*,2,164,1,90,1,74
D4:F5:47:82:0E:C6,ALL,udp:39535,8.8.8.8*,2,164,1,74,1,90
D4:F5:47:82:0E:C6,ALL,udp:60229,192.168.3.117*,2,176,1,102,1,74
D4:F5:47:82:0E:C6,ALL,udp:60229,8.8.8.8*,2,176,1,74,1,102
D4:F5:47:82:0E:C6,ALL,udp:37871,192.168.3.117*,2,198,1,119,1,79
D4:F5:47:82:0E:C6,ALL,udp:37871,8.8.8.8*,2,198,1,79,1,119
D4:F5:47:82:0E:C6,ALL,udp:52258,192.168.3.117*,2,164,1,90,1,74
D4:F5:47:82:0E:C6,ALL,udp:52258,8.8.8.8*,2,164,1,74,1,90
D4:F5:47:82:0E:C6,ALL,udp:38083,192.168.3.117*,2,176,1,102,1,74
D4:F5:47:82:0E:C6,ALL,udp:38083,8.8.8.8*,2,176,1,74,1,102
D4:F5:47:82:0E:C6,ALL,udp:42736,192.168.3.117*,2,176,1,102,1,74
D4:F5:47:82:0E:C6,ALL,udp:42736,8.8.8.8*,2,176,1,74,1,102
D4:F5:47:82:0E:C6,ALL,udp:47739,192.168.3.117*,2,164,1,90,1,74
D4:F5:47:82:0E:C6,ALL,udp:47739,8.8.8.8*,2,164,1,74,1,90
D4:F5:47:82:0E:C6,ALL,udp:57986,192.168.3.117*,2,176,1,102,1,74
D4:F5:47:82:0E:C6,ALL,udp:57986,8.8.8.8*,2,176,1,74,1,102
D4:F5:47:82:0E:C6,ALL,udp:53652,192.168.3.117*,2,176,1,102,1,74
D4:F5:47:82:0E:C6,ALL,udp:53652,8.8.8.8*,2,176,1,74,1,102
D4:F5:47:82:0E:C6,ALL,udp:33220,192.168.3.117*,2,164,1,90,1,74
D4:F5:47:82:0E:C6,ALL,udp:33220,8.8.8.8*,2,164,1,74,1,90
D4:F5:47:82:0E:C6,ALL,udp:57582,192.168.3.117*,2,176,1,102,1,74
D4:F5:47:82:0E:C6,ALL,udp:57582,8.8.8.8*,2,176,1,74,1,102
D4:F5:47:82:0E:C6,ALL,udp:54042,192.168.3.117*,2,164,1,90,1,74
D4:F5:47:82:0E:C6,ALL,udp:54042,8.8.8.8*,2,164,1,74,1,90
D4:F5:47:82:0E:C6,ALL,udp:34228,192.168.3.117*,2,164,1,90,1,74
D4:F5:47:82:0E:C6,ALL,udp:34228,8.8.8.8*,2,164,1,74,1,90
D4:F5:47:82:0E:C6,ALL,udp:36391,192.168.3.117*,2,164,1,90,1,74
D4:F5:47:82:0E:C6,ALL,udp:36391,8.8.8.8*,2,164,1,74,1,90
D4:F5:47:82:0E:C6,ALL,udp:39847,192.168.3.117*,2,176,1,102,1,74
D4:F5:47:82:0E:C6,ALL,udp:39847,8.8.8.8*,2,176,1,74,1,102
D4:F5:47:82:0E:C6,ALL,udp:45837,192.168.3.117*,2,164,1,90,1,74
D4:F5:47:82:0E:C6,ALL,udp:45837,8.8.8.8*,2,164,1,74,1,90
D4:F5:47:82:0E:C6,ALL,udp:34768,192.168.3.117*,2,164,1,90,1,74
D4:F5:47:82:0E:C6,ALL,udp:34768,8.8.8.8*,2,164,1,74,1,90
D4:F5:47:82:0E:C6,ALL,udp:36428,192.168.3.117*,2,176,1,102,1,74
D4:F5:47:82:0E:C6,ALL,udp:36428,8.8.8.8*,2,176,1,74,1,102
D4:F5:47:82:0E:C6,ALL,udp:43756,192.168.3.117*,2,164,1,90,1,74
D4:F5:47:82:0E:C6,ALL,udp:43756,8.8.8.8*,2,164,1,74,1,90
D4:F5:47:82:0E:C6,ALL,udp:58659,192.168.3.117*,2,164,1,90,1,74
D4:F5:47:82:0E:C6,ALL,udp:58659,8.8.8.8*,2,164,1,74,1,90
D4:F5:47:82:0E:C6,ALL,udp:50521,192.168.3.117*,2,176,1,102,1,74
D4:F5:47:82:0E:C6,ALL,udp:50521,8.8.8.8*,2,176,1,74,1,102
D4:F5:47:82:0E:C6,ALL,udp:35111,192.168.3.117*,2,164,1,90,1,74
D4:F5:47:82:0E:C6,ALL,udp:35111,8.8.8.8*,2,164,1,74,1,90
D4:F5:47:82:0E:C6,ALL,udp:34814,192.168.3.117*,2,164,1,90,1,74
D4:F5:47:82:0E:C6,ALL,udp:34814,8.8.8.8*,2,164,1,74,1,90
D4:F5:47:82:0E:C6,ALL,udp:56876,192.168.3.117*,2,164,1,90,1,74
D4:F5:47:82:0E:C6,ALL,udp:56876,8.8.8.8*,2,164,1,74,1,90
D4:F5:47:82:0E:C6,ALL,udp:60814,192.168.3.117*,2,164,1,90,1,74
D4:F5:47:82:0E:C6,ALL,udp:60814,8.8.8.8*,2,164,1,74,1,90
D4:F5:47:82:0E:C6,ALL,udp:52736,192.168.3.117*,2,176,1,102,1,74
D4:F5:47:82:0E:C6,ALL,udp:52736,8.8.8.8*,2,176,1,74,1,102
D4:F5:47:82:0E:C6,ALL,udp:33970,192.168.3.117*,2,176,1,102,1,74
D4:F5:47:82:0E:C6,ALL,udp:33970,8.8.8.8*,2,176,1,74,1,102
D4:F5:47:82:0E:C6,ALL,udp:51458,192.168.3.117*,2,164,1,90,1,74
D4:F5:47:82:0E:C6,ALL,udp:51458,8.8.8.8*,2,164,1,74,1,90
D4:F5:47:82:0E:C6,ALL,udp:44896,192.168.3.117*,2,176,1,102,1,74
D4:F5:47:82:0E:C6,ALL,udp:44896,8.8.8.8*,2,176,1,74,1,102
D4:F5:47:82:0E:C6,ALL,udp:59659,192.168.3.117*,2,164,1,90,1,74
D4:F5:47:82:0E:C6,ALL,udp:59659,8.8.8.8*,2,164,1,74,1,90
D4:F5:47:82:0E:C6,ALL,udp:57879,192.168.3.117*,2,176,1,102,1,74
D4:F5:47:82:0E:C6,ALL,udp:57879,8.8.8.8*,2,176,1,74,1,102
D4:F5:47:82:0E:C6,ALL,udp:36934,192.168.3.117*,2,164,1,90,1,74
D4:F5:47:82:0E:C6,ALL,udp:36934,8.8.8.8*,2,164,1,74,1,90
D4:F5:47:82:0E:C6,ALL,udp:55237,192.168.3.117*,2,176,1,102,1,74
D4:F5:47:82:0E:C6,ALL,udp:55237,8.8.8.8*,2,176,1,74,1,102
D4:F5:47:82:0E:C6,ALL,udp:48008,192.168.3.117*,2,176,1,102,1,74
D4:F5:47:82:0E:C6,ALL,udp:48008,8.8.8.8*,2,176,1,74,1,102
D4:F5:47:82:0E:C6,ALL,udp:42701,192.168.3.117*,2,164,1,90,1,74
D4:F5:47:82:0E:C6,ALL,udp:42701,8.8.8.8*,2,164,1,74,1,90
D4:F5:47:82:0E:C6,ALL,udp:33298,192.168.3.117*,2,164,1,90,1,74
D4:F5:47:82:0E:C6,ALL,udp:33298,8.8.8.8*,2,164,1,74,1,90
D4:F5:47:82:0E:C6,ALL,udp:46014,192.168.3.117*,2,176,1,102,1,74
D4:F5:47:82:0E:C6,ALL,udp:46014,8.8.8.8*,2,176,1,74,1,102
D4:F5:47:82:0E:C6,ALL,udp:41125,192.168.3.117*,2,176,1,102,1,74
D4:F5:47:82:0E:C6,ALL,udp:41125,8.8.8.8*,2,176,1,74,1,102
D4:F5:47:82:0E:C6,ALL,udp:33290,192.168.3.117*,2,164,1,90,1,74
D4:F5:47:82:0E:C6,ALL,udp:33290,8.8.8.8*,2,164,1,74,1,90
D4:F5:47:82:0E:C6,ALL,udp:40283,192.168.3.117*,2,198,1,119,1,79
D4:F5:47:82:0E:C6,ALL,udp:40283,8.8.8.8*,2,198,1,79,1,119
D4:F5:47:82:0E:C6,ALL,udp:52770,192.168.3.117*,2,176,1,102,1,74
D4:F5:47:82:0E:C6,ALL,udp:52770,8.8.8.8*,2,176,1,74,1,102
D4:F5:47:82:0E:C6,ALL,udp:49208,192.168.3.117*,2,164,1,90,1,74
D4:F5:47:82:0E:C6,ALL,udp:49208,8.8.8.8*,2,164,1,74,1,90
D4:F5:47:82:0E:C6,ALL,udp:53227,192.168.3.117*,2,176,1,102,1,74
D4:F5:47:82:0E:C6,ALL,udp:53227,8.8.8.8*,2,176,1,74,1,102
D4:F5:47:82:0E:C6,ALL,udp:50266,192.168.3.117*,2,176,1,102,1,74
D4:F5:47:82:0E:C6,ALL,udp:50266,8.8.8.8*,2,176,1,74,1,102
D4:F5:47:82:0E:C6,ALL,udp:35820,192.168.3.117*,2,164,1,90,1,74
D4:F5:47:82:0E:C6,ALL,udp:35820,8.8.8.8*,2,164,1,74,1,90
D4:F5:47:82:0E:C6,ALL,udp:57819,192.168.3.117*,2,176,1,102,1,74
D4:F5:47:82:0E:C6,ALL,udp:57819,8.8.8.8*,2,176,1,74,1,102
D4:F5:47:82:0E:C6,ALL,udp:43551,192.168.3.117*,2,164,1,90,1,74
D4:F5:47:82:0E:C6,ALL,udp:43551,8.8.8.8*,2,164,1,74,1,90
D4:F5:47:82:0E:C6,ALL,udp:37382,192.168.3.117*,2,176,1,102,1,74
D4:F5:47:82:0E:C6,ALL,udp:37382,8.8.8.8*,2,176,1,74,1,102
D4:F5:47:82:0E:C6,ALL,udp:43796,192.168.3.117*,2,164,1,90,1,74
D4:F5:47:82:0E:C6,ALL,udp:43796,8.8.8.8*,2,164,1,74,1,90
D4:F5:47:82:0E:C6,ALL,udp:39182,192.168.3.117*,2,164,1,90,1,74
D4:F5:47:82:0E:C6,ALL,udp:39182,8.8.8.8*,2,164,1,74,1,90
D4:F5:47:82:0E:C6,ALL,udp:37680,192.168.3.117*,2,176,1,102,1,74
D4:F5:47:82:0E:C6,ALL,udp:37680,8.8.8.8*,2,176,1,74,1,102
D4:F5:47:82:0E:C6,ALL,udp:60566,192.168.3.117*,2,164,1,90,1,74
D4:F5:47:82:0E:C6,ALL,udp:60566,8.8.8.8*,2,164,1,74,1,90
D4:F5:47:82:0E:C6,ALL,udp:52064,192.168.3.117*,2,176,1,102,1,74
D4:F5:47:82:0E:C6,ALL,udp:52064,8.8.8.8*,2,176,1,74,1,102
D4:F5:47:82:0E:C6,ALL,udp:41673,192.168.3.117*,2,194,1,105,1,89
D4:F5:47:82:0E:C6,ALL,udp:41673,8.8.8.8*,2,194,1,89,1,105
D4:F5:47:82:0E:C6,ALL,udp:51221,192.168.3.117*,2,164,1,90,1,74
D4:F5:47:82:0E:C6,ALL,udp:51221,8.8.8.8*,2,164,1,74,1,90
D4:F5:47:82:0E:C6,ALL,udp:39719,192.168.3.117*,2,176,1,102,1,74
D4:F5:47:82:0E:C6,ALL,udp:39719,8.8.8.8*,2,176,1,74,1,102
D4:F5:47:82:0E:C6,ALL,udp:40620,192.168.3.117*,2,176,1,102,1,74
D4:F5:47:82:0E:C6,ALL,udp:40620,8.8.8.8*,2,176,1,74,1,102
D4:F5:47:82:0E:C6,ALL,udp:39747,192.168.3.117*,2,176,1,102,1,74
D4:F5:47:82:0E:C6,ALL,udp:39747,8.8.8.8*,2,176,1,74,1,102
D4:F5:47:82:0E:C6,ALL,udp:35780,192.168.3.117*,2,176,1,102,1,74
D4:F5:47:82:0E:C6,ALL,udp:35780,8.8.8.8*,2,176,1,74,1,102
D4:F5:47:82:0E:C6,ALL,udp:54670,192.168.3.117*,2,164,1,90,1,74
D4:F5:47:82:0E:C6,ALL,udp:54670,8.8.8.8*,2,164,1,74,1,90
D4:F5:47:82:0E:C6,ALL,udp:54033,192.168.3.117*,2,164,1,90,1,74
D4:F5:47:82:0E:C6,ALL,udp:54033,8.8.8.8*,2,164,1,74,1,90
D4:F5:47:82:0E:C6,ALL,udp:48497,192.168.3.117*,2,176,1,102,1,74
D4:F5:47:82:0E:C6,ALL,udp:48497,8.8.8.8*,2,176,1,74,1,102
D4:F5:47:82:0E:C6,ALL,udp:33241,192.168.3.117*,2,164,1,90,1,74
D4:F5:47:82:0E:C6,ALL,udp:33241,8.8.8.8*,2,164,1,74,1,90
D4:F5:47:82:0E:C6,ALL,udp:55972,192.168.3.117*,2,176,1,102,1,74
D4:F5:47:82:0E:C6,ALL,udp:55972,8.8.8.8*,2,176,1,74,1,102
D4:F5:47:82:0E:C6,ALL,udp:48146,192.168.3.117*,2,164,1,90,1,74
D4:F5:47:82:0E:C6,ALL,udp:48146,8.8.8.8*,2,164,1,74,1,90
D4:F5:47:82:0E:C6,ALL,udp:59607,192.168.3.117*,2,164,1,90,1,74
D4:F5:47:82:0E:C6,ALL,udp:59607,8.8.8.8*,2,164,1,74,1,90
D4:F5:47:82:0E:C6,ALL,udp:49667,192.168.3.117*,2,164,1,90,1,74
D4:F5:47:82:0E:C6,ALL,udp:49667,8.8.8.8*,2,164,1,74,1,90
D4:F5:47:82:0E:C6,ALL,udp:39132,192.168.3.117*,2,176,1,102,1,74
D4:F5:47:82:0E:C6,ALL,udp:39132,8.8.8.8*,2,176,1,74,1,102
D4:F5:47:82:0E:C6,ALL,udp:42557,192.168.3.117*,2,164,1,90,1,74
D4:F5:47:82:0E:C6,ALL,udp:42557,8.8.8.8*,2,164,1,74,1,90
D4:F5:47:82:0E:C6,ALL,udp:44793,192.168.3.117*,2,164,1,90,1,74
D4:F5:47:82:0E:C6,ALL,udp:44793,8.8.8.8*,2,164,1,74,1,90
D4:F5:47:82:0E:C6,ALL,udp:47127,172.217.165.142*,22,12348,13,9193,9,3155
D4:F5:47:82:0E:C6,ALL,udp:47127,8.8.8.8*,2,176,1,74,1,102
D4:F5:47:82:0E:C6,ALL,udp:54875,192.168.3.117*,2,176,1,102,1,74
D4:F5:47:82:0E:C6,ALL,udp:54875,8.8.8.8*,2,176,1,74,1,102
D4:F5:47:82:0E:C6,ALL,udp:51563,192.168.3.117*,2,164,1,90,1,74
D4:F5:47:82:0E:C6,ALL,udp:51563,8.8.8.8*,2,164,1,74,1,90
D4:F5:47:82:0E:C6,ALL,udp:51938,192.168.3.117*,2,176,1,102,1,74
D4:F5:47:82:0E:C6,ALL,udp:51938,8.8.8.8*,2,176,1,74,1,102
D4:F5:47:82:0E:C6,ALL,udp:43336,192.168.3.117*,2,164,1,90,1,74
D4:F5:47:82:0E:C6,ALL,udp:43336,8.8.8.8*,2,164,1,74,1,90
D4:F5:47:82:0E:C6,ALL,udp:59128,192.168.3.117*,2,176,1,102,1,74
D4:F5:47:82:0E:C6,ALL,udp:59128,8.8.8.8*,2,176,1,74,1,102
D4:F5:47:82:0E:C6,ALL,udp:47477,192.168.3.117*,2,164,1,90,1,74
D4:F5:47:82:0E:C6,ALL,udp:47477,8.8.8.8*,2,164,1,74,1,90
D4:F5:47:82:0E:C6,ALL,udp:35125,192.168.3.117*,2,176,1,102,1,74
D4:F5:47:82:0E:C6,ALL,udp:35125,8.8.8.8*,2,176,1,74,1,102
D4:F5:47:82:0E:C6,ALL,udp:54856,192.168.3.117*,2,176,1,102,1,74
D4:F5:47:82:0E:C6,ALL,udp:54856,8.8.8.8*,2,176,1,74,1,102
D4:F5:47:82:0E:C6,ALL,udp:35501,192.168.3.117*,2,164,1,90,1,74
D4:F5:47:82:0E:C6,ALL,udp:35501,8.8.8.8*,2,164,1,74,1,90
D4:F5:47:82:0E:C6,ALL,udp:38554,192.168.3.117*,2,176,1,102,1,74
D4:F5:47:82:0E:C6,ALL,udp:38554,8.8.8.8*,2,176,1,74,1,102
D4:F5:47:82:0E:C6,ALL,udp:55803,192.168.3.117*,2,164,1,90,1,74
D4:F5:47:82:0E:C6,ALL,udp:55803,8.8.8.8*,2,164,1,74,1,90
D4:F5:47:82:0E:C6,ALL,udp:60396,192.168.3.117*,2,164,1,90,1,74
D4:F5:47:82:0E:C6,ALL,udp:60396,8.8.8.8*,2,164,1,74,1,90
D4:F5:47:82:0E:C6,ALL,udp:52828,192.168.3.117*,2,176,1,102,1,74
D4:F5:47:82:0E:C6,ALL,udp:52828,8.8.8.8*,2,176,1,74,1,102
D4:F5:47:82:0E:C6,ALL,udp:37330,192.168.3.117*,2,164,1,90,1,74
D4:F5:47:82:0E:C6,ALL,udp:37330,8.8.8.8*,2,164,1,74,1,90
D4:F5:47:82:0E:C6,ALL,udp:54458,192.168.3.117*,2,176,1,102,1,74
D4:F5:47:82:0E:C6,ALL,udp:54458,8.8.8.8*,2,176,1,74,1,102
D4:F5:47:82:0E:C6,ALL,udp:59367,192.168.3.117*,2,164,1,90,1,74
D4:F5:47:82:0E:C6,ALL,udp:59367,8.8.8.8*,2,164,1,74,1,90
D4:F5:47:82:0E:C6,ALL,udp:59188,192.168.3.117*,2,176,1,102,1,74
D4:F5:47:82:0E:C6,ALL,udp:59188,8.8.8.8*,2,176,1,74,1,102
D4:F5:47:82:0E:C6,ALL,udp:48374,192.168.3.117*,2,164,1,90,1,74
D4:F5:47:82:0E:C6,ALL,udp:48374,8.8.8.8*,2,164,1,74,1,90
D4:F5:47:82:0E:C6,ALL,udp:33135,216.239.35.12,2,180,1,90,1,90
D4:F5:47:82:0E:C6,ALL,udp:33135,8.8.8.8,2,176,1,74,1,102
D4:F5:47:82:0E:C6,ALL,udp:48995,192.168.3.117*,2,164,1,90,1,74
D4:F5:47:82:0E:C6,ALL,udp:48995,8.8.8.8*,2,164,1,74,1,90
D4:F5:47:82:0E:C6,ALL,udp:37246,192.168.3.117*,2,164,1,90,1,74
D4:F5:47:82:0E:C6,ALL,udp:37246,8.8.8.8*,2,164,1,74,1,90
D4:F5:47:82:0E:C6,ALL,udp:33568,192.168.3.117*,2,164,1,90,1,74
D4:F5:47:82:0E:C6,ALL,udp:33568,8.8.8.8*,2,164,1,74,1,90
D4:F5:47:82:0E:C6,ALL,udp:41295,192.168.3.117*,2,164,1,90,1,74
D4:F5:47:82:0E:C6,ALL,udp:41295,8.8.8.8*,2,164,1,74,1,90
D4:F5:47:82:0E:C6,ALL,udp:34352,192.168.3.117*,2,176,1,102,1,74
D4:F5:47:82:0E:C6,ALL,udp:34352,8.8.8.8*,2,176,1,74,1,102
D4:F5:47:82:0E:C6,ALL,udp:37282,192.168.3.117*,2,164,1,90,1,74
D4:F5:47:82:0E:C6,ALL,udp:37282,8.8.8.8*,2,164,1,74,1,90
D4:F5:47:82:0E:C6,ALL,udp:49195,192.168.3.117*,2,164,1,90,1,74
D4:F5:47:82:0E:C6,ALL,udp:49195,8.8.8.8*,2,164,1,74,1,90
D4:F5:47:82:0E:C6,ALL,udp:39413,192.168.3.117*,2,176,1,102,1,74
D4:F5:47:82:0E:C6,ALL,udp:39413,8.8.8.8*,2,176,1,74,1,102
D4:F5:47:82:0E:C6,ALL,udp:52370,192.168.3.117*,2,176,1,102,1,74
D4:F5:47:82:0E:C6,ALL,udp:52370,8.8.8.8*,2,176,1,74,1,102
D4:F5:47:82:0E:C6,ALL,udp:58091,192.168.3.117*,2,164,1,90,1,74
D4:F5:47:82:0E:C6,ALL,udp:58091,8.8.8.8*,2,164,1,74,1,90
D4:F5:47:82:0E:C6,ALL,udp:39447,192.168.3.117*,2,164,1,90,1,74
D4:F5:47:82:0E:C6,ALL,udp:39447,8.8.8.8*,2,164,1,74,1,90
D4:F5:47:82:0E:C6,ALL,udp:33816,192.168.3.117*,2,176,1,102,1,74
D4:F5:47:82:0E:C6,ALL,udp:33816,8.8.8.8*,2,176,1,74,1,102
D4:F5:47:82:0E:C6,ALL,udp:60255,192.168.3.117*,2,164,1,90,1,74
D4:F5:47:82:0E:C6,ALL,udp:60255,8.8.8.8*,2,164,1,74,1,90
D4:F5:47:82:0E:C6,ALL,udp:56580,192.168.3.117*,2,164,1,90,1,74
D4:F5:47:82:0E:C6,ALL,udp:56580,8.8.8.8*,2,164,1,74,1,90
D4:F5:47:82:0E:C6,ALL,udp:44438,192.168.3.117*,2,176,1,102,1,74
D4:F5:47:82:0E:C6,ALL,udp:44438,8.8.8.8*,2,176,1,74,1,102
D4:F5:47:82:0E:C6,ALL,udp:53311,192.168.3.117*,2,164,1,90,1,74
D4:F5:47:82:0E:C6,ALL,udp:53311,8.8.8.8*,2,164,1,74,1,90
D4:F5:47:82:0E:C6,ALL,udp:47085,192.168.3.117*,2,176,1,102,1,74
D4:F5:47:82:0E:C6,ALL,udp:47085,8.8.8.8*,2,176,1,74,1,102
D4:F5:47:82:0E:C6,ALL,udp:49149,192.168.3.117*,2,164,1,90,1,74
D4:F5:47:82:0E:C6,ALL,udp:49149,8.8.8.8*,2,164,1,74,1,90
D4:F5:47:82:0E:C6,ALL,udp:34923,192.168.3.117*,2,176,1,102,1,74
D4:F5:47:82:0E:C6,ALL,udp:34923,8.8.8.8*,2,176,1,74,1,102
D4:F5:47:82:0E:C6,ALL,udp:58021,192.168.3.117*,2,198,1,119,1,79
D4:F5:47:82:0E:C6,ALL,udp:58021,8.8.8.8*,2,198,1,79,1,119
D4:F5:47:82:0E:C6,ALL,udp:56214,192.168.3.117*,2,164,1,90,1,74
D4:F5:47:82:0E:C6,ALL,udp:56214,8.8.8.8*,2,164,1,74,1,90
D4:F5:47:82:0E:C6,ALL,udp:40174,192.168.3.117*,2,176,1,102,1,74
D4:F5:47:82:0E:C6,ALL,udp:40174,8.8.8.8*,2,176,1,74,1,102
D4:F5:47:82:0E:C6,ALL,udp:36695,192.168.3.117*,2,164,1,90,1,74
D4:F5:47:82:0E:C6,ALL,udp:36695,8.8.8.8*,2,164,1,74,1,90
D4:F5:47:82:0E:C6,ALL,udp:36974,192.168.3.117*,2,176,1,102,1,74
D4:F5:47:82:0E:C6,ALL,udp:36974,8.8.8.8*,2,176,1,74,1,102
D4:F5:47:82:0E:C6,ALL,udp:57166,192.168.3.117*,2,176,1,102,1,74
D4:F5:47:82:0E:C6,ALL,udp:57166,8.8.8.8*,2,176,1,74,1,102
D4:F5:47:82:0E:C6,ALL,udp:33253,192.168.3.117*,2,164,1,90,1,74
D4:F5:47:82:0E:C6,ALL,udp:33253,8.8.8.8*,2,164,1,74,1,90
D4:F5:47:82:0E:C6,ALL,udp:44930,192.168.3.117*,2,176,1,102,1,74
D4:F5:47:82:0E:C6,ALL,udp:44930,8.8.8.8*,2,176,1,74,1,102
D4:F5:47:82:0E:C6,ALL,udp:37160,192.168.3.117*,2,164,1,90,1,74
D4:F5:47:82:0E:C6,ALL,udp:37160,8.8.8.8*,2,164,1,74,1,90
D4:F5:47:82:0E:C6,ALL,udp:34045,192.168.3.117*,2,176,1,102,1,74
D4:F5:47:82:0E:C6,ALL,udp:34045,8.8.8.8*,2,176,1,74,1,102
D4:F5:47:82:0E:C6,ALL,udp:53678,192.168.3.117*,2,164,1,90,1,74
D4:F5:47:82:0E:C6,ALL,udp:53678,8.8.8.8*,2,164,1,74,1,90
D4:F5:47:82:0E:C6,ALL,udp:60503,192.168.3.117*,2,176,1,102,1,74
D4:F5:47:82:0E:C6,ALL,udp:60503,8.8.8.8*,2,176,1,74,1,102
D4:F5:47:82:0E:C6,ALL,udp:53275,192.168.3.117*,2,164,1,90,1,74
D4:F5:47:82:0E:C6,ALL,udp:53275,8.8.8.8*,2,164,1,74,1,90
D4:F5:47:82:0E:C6,ALL,udp:53484,192.168.3.117*,2,176,1,102,1,74
D4:F5:47:82:0E:C6,ALL,udp:53484,8.8.8.8*,2,176,1,74,1,102
D4:F5:47:82:0E:C6,ALL,udp:39017,192.168.3.117*,2,164,1,90,1,74
D4:F5:47:82:0E:C6,ALL,udp:39017,8.8.8.8*,2,164,1,74,1,90
D4:F5:47:82:0E:C6,ALL,udp:34772,192.168.3.117*,2,176,1,102,1,74
D4:F5:47:82:0E:C6,ALL,udp:34772,8.8.8.8*,2,176,1,74,1,102
D4:F5:47:82:0E:C6,ALL,udp:44984,192.168.3.117*,2,164,1,90,1,74
D4:F5:47:82:0E:C6,ALL,udp:44984,8.8.8.8*,2,164,1,74,1,90
D4:F5:47:82:0E:C6,ALL,udp:46483,192.168.3.117*,2,176,1,102,1,74
D4:F5:47:82:0E:C6,ALL,udp:46483,8.8.8.8*,2,176,1,74,1,102
D4:F5:47:82:0E:C6,ALL,udp:44985,192.168.3.117*,2,164,1,90,1,74
D4:F5:47:82:0E:C6,ALL,udp:44985,8.8.8.8*,2,164,1,74,1,90
D4:F5:47:82:0E:C6,ALL,udp:47809,216.239.35.12,2,180,1,90,1,90
D4:F5:47:82:0E:C6,ALL,udp:47809,8.8.8.8,2,176,1,74,1,102
D4:F5:47:82:0E:C6,ALL,udp:43152,192.168.3.117*,2,164,1,90,1,74
D4:F5:47:82:0E:C6,ALL,udp:43152,8.8.8.8*,2,164,1,74,1,90
D4:F5:47:82:0E:C6,ALL,udp:44201,192.168.3.117*,2,176,1,102,1,74
D4:F5:47:82:0E:C6,ALL,udp:44201,8.8.8.8*,2,176,1,74,1,102
D4:F5:47:82:0E:C6,ALL,udp:57896,192.168.3.117*,2,176,1,102,1,74
D4:F5:47:82:0E:C6,ALL,udp:57896,8.8.8.8*,2,176,1,74,1,102
D4:F5:47:82:0E:C6,ALL,udp:41649,192.168.3.117*,2,164,1,90,1,74
D4:F5:47:82:0E:C6,ALL,udp:41649,8.8.8.8*,2,164,1,74,1,90
D4:F5:47:82:0E:C6,ALL,udp:46842,192.168.3.117*,2,164,1,90,1,74
D4:F5:47:82:0E:C6,ALL,udp:46842,8.8.8.8*,2,164,1,74,1,90
D4:F5:47:82:0E:C6,ALL,udp:55669,192.168.3.117*,2,176,1,102,1,74
D4:F5:47:82:0E:C6,ALL,udp:55669,8.8.8.8*,2,176,1,74,1,102
D4:F5:47:82:0E:C6,ALL,udp:40245,192.168.3.117*,2,194,1,105,1,89
D4:F5:47:82:0E:C6,ALL,udp:40245,8.8.8.8*,2,194,1,89,1,105
D4:F5:47:82:0E:C6,ALL,udp:53750,192.168.3.117*,2,164,1,90,1,74
D4:F5:47:82:0E:C6,ALL,udp:53750,8.8.8.8*,2,164,1,74,1,90
D4:F5:47:82:0E:C6,ALL,udp:45219,192.168.3.117*,2,176,1,102,1,74
D4:F5:47:82:0E:C6,ALL,udp:45219,8.8.8.8*,2,176,1,74,1,102
D4:F5:47:82:0E:C6,ALL,udp:54661,192.168.3.117*,2,164,1,90,1,74
D4:F5:47:82:0E:C6,ALL,udp:54661,8.8.8.8*,2,164,1,74,1,90
D4:F5:47:82:0E:C6,ALL,udp:49826,192.168.3.117*,2,198,1,119,1,79
D4:F5:47:82:0E:C6,ALL,udp:49826,8.8.8.8*,2,198,1,79,1,119
D4:F5:47:82:0E:C6,ALL,udp:52435,192.168.3.117*,2,176,1,102,1,74
D4:F5:47:82:0E:C6,ALL,udp:52435,8.8.8.8*,2,176,1,74,1,102
D4:F5:47:82:0E:C6,ALL,udp:35793,192.168.3.117*,2,176,1,102,1,74
D4:F5:47:82:0E:C6,ALL,udp:35793,8.8.8.8*,2,176,1,74,1,102
D4:F5:47:82:0E:C6,ALL,udp:35066,192.168.3.117*,2,164,1,90,1,74
D4:F5:47:82:0E:C6,ALL,udp:35066,8.8.8.8*,2,164,1,74,1,90
D4:F5:47:82:0E:C6,ALL,udp:38315,192.168.3.117*,2,176,1,102,1,74
D4:F5:47:82:0E:C6,ALL,udp:38315,8.8.8.8*,2,176,1,74,1,102
D4:F5:47:82:0E:C6,ALL,udp:33850,192.168.3.117*,2,164,1,90,1,74
D4:F5:47:82:0E:C6,ALL,udp:33850,8.8.8.8*,2,164,1,74,1,90
D4:F5:47:82:0E:C6,ALL,udp:46354,192.168.3.117*,2,176,1,102,1,74
D4:F5:47:82:0E:C6,ALL,udp:46354,8.8.8.8*,2,176,1,74,1,102
D4:F5:47:82:0E:C6,ALL,udp:52601,192.168.3.117*,2,176,1,102,1,74
D4:F5:47:82:0E:C6,ALL,udp:52601,8.8.8.8*,2,176,1,74,1,102
D4:F5:47:82:0E:C6,ALL,udp:36935,192.168.3.117*,2,164,1,90,1,74
D4:F5:47:82:0E:C6,ALL,udp:36935,8.8.8.8*,2,164,1,74,1,90
D4:F5:47:82:0E:C6,ALL,udp:49933,192.168.3.117*,2,176,1,102,1,74
D4:F5:47:82:0E:C6,ALL,udp:49933,8.8.8.8*,2,176,1,74,1,102
D4:F5:47:82:0E:C6,ALL,udp:42069,192.168.3.117*,2,176,1,102,1,74
D4:F5:47:82:0E:C6,ALL,udp:42069,8.8.8.8*,2,176,1,74,1,102
D4:F5:47:82:0E:C6,ALL,udp:43182,192.168.3.117*,2,176,1,102,1,74
D4:F5:47:82:0E:C6,ALL,udp:43182,8.8.8.8*,2,176,1,74,1,102
D4:F5:47:82:0E:C6,ALL,udp:33455,192.168.3.117*,2,164,1,90,1,74
D4:F5:47:82:0E:C6,ALL,udp:33455,8.8.8.8*,2,164,1,74,1,90
D4:F5:47:82:0E:C6,ALL,udp:57438,192.168.3.117*,2,176,1,102,1,74
D4:F5:47:82:0E:C6,ALL,udp:57438,8.8.8.8*,2,176,1,74,1,102
D4:F5:47:82:0E:C6,ALL,udp:42867,192.168.3.117*,2,164,1,90,1,74
D4:F5:47:82:0E:C6,ALL,udp:42867,8.8.8.8*,2,164,1,74,1,90
D4:F5:47:82:0E:C6,ALL,udp:57379,192.168.3.117*,2,176,1,102,1,74
D4:F5:47:82:0E:C6,ALL,udp:57379,8.8.8.8*,2,176,1,74,1,102
D4:F5:47:82:0E:C6,ALL,udp:59114,192.168.3.117*,2,164,1,90,1,74
D4:F5:47:82:0E:C6,ALL,udp:59114,8.8.8.8*,2,164,1,74,1,90
D4:F5:47:82:0E:C6,ALL,udp:46348,192.168.3.117*,2,176,1,102,1,74
D4:F5:47:82:0E:C6,ALL,udp:46348,8.8.8.8*,2,176,1,74,1,102
D4:F5:47:82:0E:C6,ALL,udp:44780,192.168.3.117*,2,164,1,90,1,74
D4:F5:47:82:0E:C6,ALL,udp:44780,8.8.8.8*,2,164,1,74,1,90
D4:F5:47:82:0E:C6,ALL,udp:36680,192.168.3.117*,2,176,1,102,1,74
D4:F5:47:82:0E:C6,ALL,udp:36680,8.8.8.8*,2,176,1,74,1,102
D4:F5:47:82:0E:C6,ALL,udp:53983,192.168.3.117*,2,176,1,102,1,74
D4:F5:47:82:0E:C6,ALL,udp:53983,8.8.8.8*,2,176,1,74,1,102
D4:F5:47:82:0E:C6,ALL,udp:57747,192.168.3.117*,2,164,1,90,1,74
D4:F5:47:82:0E:C6,ALL,udp:57747,8.8.8.8*,2,164,1,74,1,90
D4:F5:47:82:0E:C6,ALL,udp:60901,192.168.3.117*,2,176,1,102,1,74
D4:F5:47:82:0E:C6,ALL,udp:60901,8.8.8.8*,2,176,1,74,1,102
D4:F5:47:82:0E:C6,ALL,udp:45266,192.168.3.117*,2,164,1,90,1,74
D4:F5:47:82:0E:C6,ALL,udp:45266,8.8.8.8*,2,164,1,74,1,90
D4:F5:47:82:0E:C6,ALL,udp:40904,192.168.3.117*,2,176,1,102,1,74
D4:F5:47:82:0E:C6,ALL,udp:40904,8.8.8.8*,2,176,1,74,1,102
D4:F5:47:82:0E:C6,ALL,udp:33640,192.168.3.117*,2,176,1,102,1,74
D4:F5:47:82:0E:C6,ALL,udp:33640,8.8.8.8*,2,176,1,74,1,102
D4:F5:47:82:0E:C6,ALL,udp:45532,192.168.3.117*,2,164,1,90,1,74
D4:F5:47:82:0E:C6,ALL,udp:45532,8.8.8.8*,2,164,1,74,1,90
D4:F5:47:82:0E:C6,ALL,udp:42887,192.168.3.117*,2,176,1,102,1,74
D4:F5:47:82:0E:C6,ALL,udp:42887,8.8.8.8*,2,176,1,74,1,102
D4:F5:47:82:0E:C6,ALL,udp:34780,192.168.3.117*,2,164,1,90,1,74
D4:F5:47:82:0E:C6,ALL,udp:34780,8.8.8.8*,2,164,1,74,1,90
D4:F5:47:82:0E:C6,ALL,udp:42374,192.168.3.117*,2,176,1,102,1,74
D4:F5:47:82:0E:C6,ALL,udp:42374,8.8.8.8*,2,176,1,74,1,102
D4:F5:47:82:0E:C6,ALL,udp:33777,192.168.3.117*,2,176,1,102,1,74
D4:F5:47:82:0E:C6,ALL,udp:33777,8.8.8.8*,2,176,1,74,1,102
D4:F5:47:82:0E:C6,ALL,udp:50247,192.168.3.117*,2,164,1,90,1,74
D4:F5:47:82:0E:C6,ALL,udp:50247,8.8.8.8*,2,164,1,74,1,90
D4:F5:47:82:0E:C6,ALL,udp:47470,192.168.3.117*,2,176,1,102,1,74
D4:F5:47:82:0E:C6,ALL,udp:47470,8.8.8.8*,2,176,1,74,1,102
D4:F5:47:82:0E:C6,ALL,udp:35355,192.168.3.117*,2,164,1,90,1,74
D4:F5:47:82:0E:C6,ALL,udp:35355,8.8.8.8*,2,164,1,74,1,90
D4:F5:47:82:0E:C6,ALL,udp:55002,192.168.3.117*,2,176,1,102,1,74
D4:F5:47:82:0E:C6,ALL,udp:55002,8.8.8.8*,2,176,1,74,1,102
D4:F5:47:82:0E:C6,ALL,udp:55076,192.168.3.117*,2,176,1,102,1,74
D4:F5:47:82:0E:C6,ALL,udp:55076,8.8.8.8*,2,176,1,74,1,102
D4:F5:47:82:0E:C6,ALL,udp:50879,192.168.3.117*,2,176,1,102,1,74
D4:F5:47:82:0E:C6,ALL,udp:50879,8.8.8.8*,2,176,1,74,1,102
D4:F5:47:82:0E:C6,ALL,udp:40922,192.168.3.117*,2,164,1,90,1,74
D4:F5:47:82:0E:C6,ALL,udp:40922,8.8.8.8*,2,164,1,74,1,90
D4:F5:47:82:0E:C6,ALL,udp:34667,192.168.3.117*,2,176,1,102,1,74
D4:F5:47:82:0E:C6,ALL,udp:34667,8.8.8.8*,2,176,1,74,1,102
D4:F5:47:82:0E:C6,ALL,udp:44309,216.239.35.0,2,180,1,90,1,90
D4:F5:47:82:0E:C6,ALL,udp:44309,8.8.8.8,2,176,1,74,1,102
D4:F5:47:82:0E:C6,ALL,udp:41922,192.168.3.117*,2,198,1,119,1,79
D4:F5:47:82:0E:C6,ALL,udp:41922,8.8.8.8*,2,198,1,79,1,119
D4:F5:47:82:0E:C6,ALL,udp:39356,216.239.35.12,2,180,1,90,1,90
D4:F5:47:82:0E:C6,ALL,udp:39356,8.8.8.8,2,176,1,74,1,102
D4:F5:47:82:0E:C6,ALL,udp:47602,192.168.3.117*,2,164,1,90,1,74
D4:F5:47:82:0E:C6,ALL,udp:47602,8.8.8.8*,2,164,1,74,1,90
D4:F5:47:82:0E:C6,ALL,udp:48642,192.168.3.117*,2,176,1,102,1,74
D4:F5:47:82:0E:C6,ALL,udp:48642,8.8.8.8*,2,176,1,74,1,102
D4:F5:47:82:0E:C6,ALL,udp:53384,192.168.3.117*,2,176,1,102,1,74
D4:F5:47:82:0E:C6,ALL,udp:53384,8.8.8.8*,2,176,1,74,1,102
D4:F5:47:82:0E:C6,ALL,udp:47518,192.168.3.117*,2,164,1,90,1,74
D4:F5:47:82:0E:C6,ALL,udp:47518,8.8.8.8*,2,164,1,74,1,90
D4:F5:47:82:0E:C6,ALL,udp:35062,192.168.3.117*,2,164,1,90,1,74
D4:F5:47:82:0E:C6,ALL,udp:35062,8.8.8.8*,2,164,1,74,1,90
D4:F5:47:82:0E:C6,ALL,udp:50602,192.168.3.117*,2,176,1,102,1,74
D4:F5:47:82:0E:C6,ALL,udp:50602,8.8.8.8*,2,176,1,74,1,102
D4:F5:47:82:0E:C6,ALL,udp:59923,192.168.3.117*,2,164,1,90,1,74
D4:F5:47:82:0E:C6,ALL,udp:59923,8.8.8.8*,2,164,1,74,1,90
D4:F5:47:82:0E:C6,ALL,udp:41862,192.168.3.117*,2,176,1,102,1,74
D4:F5:47:82:0E:C6,ALL,udp:41862,8.8.8.8*,2,176,1,74,1,102
D4:F5:47:82:0E:C6,ALL,udp:53693,192.168.3.117*,2,198,1,119,1,79
D4:F5:47:82:0E:C6,ALL,udp:53693,8.8.8.8*,2,198,1,79,1,119
D4:F5:47:82:0E:C6,ALL,udp:41357,192.168.3.117*,2,164,1,90,1,74
D4:F5:47:82:0E:C6,ALL,udp:41357,8.8.8.8*,2,164,1,74,1,90
D4:F5:47:82:0E:C6,ALL,udp:52053,192.168.3.117*,2,176,1,102,1,74
D4:F5:47:82:0E:C6,ALL,udp:52053,8.8.8.8*,2,176,1,74,1,102
D4:F5:47:82:0E:C6,ALL,udp:34338,192.168.3.117*,2,164,1,90,1,74
D4:F5:47:82:0E:C6,ALL,udp:34338,8.8.8.8*,2,164,1,74,1,90
D4:F5:47:82:0E:C6,ALL,udp:48413,192.168.3.117*,2,176,1,102,1,74
D4:F5:47:82:0E:C6,ALL,udp:48413,8.8.8.8*,2,176,1,74,1,102
D4:F5:47:82:0E:C6,ALL,udp:53609,192.168.3.117*,2,164,1,90,1,74
D4:F5:47:82:0E:C6,ALL,udp:53609,8.8.8.8*,2,164,1,74,1,90
D4:F5:47:82:0E:C6,ALL,udp:37067,192.168.3.117*,2,164,1,90,1,74
D4:F5:47:82:0E:C6,ALL,udp:37067,8.8.8.8*,2,164,1,74,1,90
D4:F5:47:82:0E:C6,ALL,udp:46667,192.168.3.117*,2,176,1,102,1,74
D4:F5:47:82:0E:C6,ALL,udp:46667,8.8.8.8*,2,176,1,74,1,102
D4:F5:47:82:0E:C6,ALL,udp:44919,192.168.3.117*,2,164,1,90,1,74
D4:F5:47:82:0E:C6,ALL,udp:44919,8.8.8.8*,2,164,1,74,1,90
D4:F5:47:82:0E:C6,ALL,udp:51006,192.168.3.117*,2,176,1,102,1,74
D4:F5:47:82:0E:C6,ALL,udp:51006,8.8.8.8*,2,176,1,74,1,102
D4:F5:47:82:0E:C6,ALL,udp:60114,192.168.3.117*,2,164,1,90,1,74
D4:F5:47:82:0E:C6,ALL,udp:60114,8.8.8.8*,2,164,1,74,1,90
D4:F5:47:82:0E:C6,ALL,udp:42923,192.168.3.117*,2,213,1,126,1,87
D4:F5:47:82:0E:C6,ALL,udp:42923,8.8.8.8*,2,213,1,87,1,126
D4:F5:47:82:0E:C6,ALL,udp:50824,192.168.3.117*,2,213,1,126,1,87
D4:F5:47:82:0E:C6,ALL,udp:50824,8.8.8.8*,2,213,1,87,1,126
D4:F5:47:82:0E:C6,ALL,udp:51257,192.168.3.117*,2,213,1,126,1,87
D4:F5:47:82:0E:C6,ALL,udp:51257,8.8.8.8*,2,213,1,87,1,126
D4:F5:47:82:0E:C6,ALL,udp:48935,192.168.3.117*,2,213,1,126,1,87
D4:F5:47:82:0E:C6,ALL,udp:48935,8.8.8.8*,2,213,1,87,1,126
D4:F5:47:82:0E:C6,ALL,udp:59677,192.168.3.117*,2,213,1,126,1,87
D4:F5:47:82:0E:C6,ALL,udp:59677,8.8.8.8*,2,213,1,87,1,126
D4:F5:47:82:0E:C6,ALL,udp:60084,192.168.3.117*,2,176,1,102,1,74
D4:F5:47:82:0E:C6,ALL,udp:60084,8.8.8.8*,2,176,1,74,1,102
D4:F5:47:82:0E:C6,ALL,udp:57393,192.168.3.117*,2,164,1,90,1,74
D4:F5:47:82:0E:C6,ALL,udp:57393,8.8.8.8*,2,164,1,74,1,90
D4:F5:47:82:0E:C6,ALL,udp:35628,192.168.3.117*,2,176,1,102,1,74
D4:F5:47:82:0E:C6,ALL,udp:35628,8.8.8.8*,2,176,1,74,1,102
D4:F5:47:82:0E:C6,ALL,udp:34202,192.168.3.117*,2,164,1,90,1,74
D4:F5:47:82:0E:C6,ALL,udp:34202,8.8.8.8*,2,164,1,74,1,90
D4:F5:47:82:0E:C6,ALL,udp:35425,192.168.3.117*,2,176,1,102,1,74
D4:F5:47:82:0E:C6,ALL,udp:35425,8.8.8.8*,2,176,1,74,1,102
D4:F5:47:82:0E:C6,ALL,udp:49513,192.168.3.117*,2,164,1,90,1,74
D4:F5:47:82:0E:C6,ALL,udp:49513,8.8.8.8*,2,164,1,74,1,90
D4:F5:47:82:0E:C6,ALL,udp:39487,192.168.3.117*,2,176,1,102,1,74
D4:F5:47:82:0E:C6,ALL,udp:39487,8.8.8.8*,2,176,1,74,1,102
D4:F5:47:82:0E:C6,ALL,udp:43892,192.168.3.117*,2,176,1,102,1,74
D4:F5:47:82:0E:C6,ALL,udp:43892,8.8.8.8*,2,176,1,74,1,102
D4:F5:47:82:0E:C6,ALL,udp:42378,192.168.3.117*,2,164,1,90,1,74
D4:F5:47:82:0E:C6,ALL,udp:42378,8.8.8.8*,2,164,1,74,1,90
D4:F5:47:82:0E:C6,ALL,udp:41247,192.168.3.117*,2,176,1,102,1,74
D4:F5:47:82:0E:C6,ALL,udp:41247,8.8.8.8*,2,176,1,74,1,102
D4:F5:47:82:0E:C6,ALL,udp:57174,192.168.3.117*,2,164,1,90,1,74
D4:F5:47:82:0E:C6,ALL,udp:57174,8.8.8.8*,2,164,1,74,1,90
D4:F5:47:82:0E:C6,ALL,udp:41850,192.168.3.117*,2,176,1,102,1,74
D4:F5:47:82:0E:C6,ALL,udp:41850,8.8.8.8*,2,176,1,74,1,102
D4:F5:47:82:0E:C6,ALL,udp:47507,192.168.3.117*,2,164,1,90,1,74
D4:F5:47:82:0E:C6,ALL,udp:47507,8.8.8.8*,2,164,1,74,1,90
D4:F5:47:82:0E:C6,ALL,udp:42687,192.168.3.117*,2,176,1,102,1,74
D4:F5:47:82:0E:C6,ALL,udp:42687,8.8.8.8*,2,176,1,74,1,102
D4:F5:47:82:0E:C6,ALL,udp:52636,192.168.3.117*,2,194,1,105,1,89
D4:F5:47:82:0E:C6,ALL,udp:52636,8.8.8.8*,2,194,1,89,1,105
D4:F5:47:82:0E:C6,ALL,udp:48599,192.168.3.117*,2,164,1,90,1,74
D4:F5:47:82:0E:C6,ALL,udp:48599,8.8.8.8*,2,164,1,74,1,90
D4:F5:47:82:0E:C6,ALL,udp:49861,192.168.3.117*,2,176,1,102,1,74
D4:F5:47:82:0E:C6,ALL,udp:49861,8.8.8.8*,2,176,1,74,1,102
D4:F5:47:82:0E:C6,ALL,udp:35569,192.168.3.117*,2,164,1,90,1,74
D4:F5:47:82:0E:C6,ALL,udp:35569,8.8.8.8*,2,164,1,74,1,90
D4:F5:47:82:0E:C6,ALL,udp:49523,192.168.3.117*,2,176,1,102,1,74
D4:F5:47:82:0E:C6,ALL,udp:49523,8.8.8.8*,2,176,1,74,1,102
D4:F5:47:82:0E:C6,ALL,udp:47000,192.168.3.117*,2,164,1,90,1,74
D4:F5:47:82:0E:C6,ALL,udp:47000,8.8.8.8*,2,164,1,74,1,90
D4:F5:47:82:0E:C6,ALL,udp:48662,192.168.3.117*,2,176,1,102,1,74
D4:F5:47:82:0E:C6,ALL,udp:48662,8.8.8.8*,2,176,1,74,1,102
D4:F5:47:82:0E:C6,ALL,udp:47247,192.168.3.117*,2,164,1,90,1,74
D4:F5:47:82:0E:C6,ALL,udp:47247,8.8.8.8*,2,164,1,74,1,90
D4:F5:47:82:0E:C6,ALL,udp:33770,192.168.3.117*,2,164,1,90,1,74
D4:F5:47:82:0E:C6,ALL,udp:33770,8.8.8.8*,2,164,1,74,1,90
D4:F5:47:82:0E:C6,ALL,udp:47339,192.168.3.117*,2,164,1,90,1,74
D4:F5:47:82:0E:C6,ALL,udp:47339,8.8.8.8*,2,164,1,74,1,90
D4:F5:47:82:0E:C6,ALL,udp:33519,192.168.3.117*,2,176,1,102,1,74
D4:F5:47:82:0E:C6,ALL,udp:33519,8.8.8.8*,2,176,1,74,1,102
D4:F5:47:82:0E:C6,ALL,udp:56018,192.168.3.117*,2,164,1,90,1,74
D4:F5:47:82:0E:C6,ALL,udp:56018,8.8.8.8*,2,164,1,74,1,90
D4:F5:47:82:0E:C6,ALL,udp:50253,192.168.3.117*,2,176,1,102,1,74
D4:F5:47:82:0E:C6,ALL,udp:50253,8.8.8.8*,2,176,1,74,1,102
D4:F5:47:82:0E:C6,ALL,udp:52141,192.168.3.117*,2,176,1,102,1,74
D4:F5:47:82:0E:C6,ALL,udp:52141,8.8.8.8*,2,176,1,74,1,102
D4:F5:47:82:0E:C6,ALL,udp:39158,192.168.3.117*,2,164,1,90,1,74
D4:F5:47:82:0E:C6,ALL,udp:39158,8.8.8.8*,2,164,1,74,1,90
D4:F5:47:82:0E:C6,ALL,udp:44727,192.168.3.117*,2,176,1,102,1,74
D4:F5:47:82:0E:C6,ALL,udp:44727,8.8.8.8*,2,176,1,74,1,102
D4:F5:47:82:0E:C6,ALL,udp:38953,192.168.3.117*,2,164,1,90,1,74
D4:F5:47:82:0E:C6,ALL,udp:38953,8.8.8.8*,2,164,1,74,1,90
D4:F5:47:82:0E:C6,ALL,udp:40524,192.168.3.117*,2,176,1,102,1,74
D4:F5:47:82:0E:C6,ALL,udp:40524,8.8.8.8*,2,176,1,74,1,102
D4:F5:47:82:0E:C6,ALL,udp:43447,192.168.3.117*,2,164,1,90,1,74
D4:F5:47:82:0E:C6,ALL,udp:43447,8.8.8.8*,2,164,1,74,1,90
D4:F5:47:82:0E:C6,ALL,udp:36867,192.168.3.117*,2,176,1,102,1,74
D4:F5:47:82:0E:C6,ALL,udp:36867,8.8.8.8*,2,176,1,74,1,102
D4:F5:47:82:0E:C6,ALL,udp:59577,192.168.3.117*,2,164,1,90,1,74
D4:F5:47:82:0E:C6,ALL,udp:59577,8.8.8.8*,2,164,1,74,1,90
D4:F5:47:82:0E:C6,ALL,udp:40265,192.168.3.117*,2,176,1,102,1,74
D4:F5:47:82:0E:C6,ALL,udp:40265,8.8.8.8*,2,176,1,74,1,102
D4:F5:47:82:0E:C6,ALL,udp:39261,192.168.3.117*,2,164,1,90,1,74
D4:F5:47:82:0E:C6,ALL,udp:39261,8.8.8.8*,2,164,1,74,1,90
D4:F5:47:82:0E:C6,ALL,udp:45712,192.168.3.117*,2,176,1,102,1,74
D4:F5:47:82:0E:C6,ALL,udp:45712,8.8.8.8*,2,176,1,74,1,102
D4:F5:47:82:0E:C6,ALL,udp:56751,192.168.3.117*,2,164,1,90,1,74
D4:F5:47:82:0E:C6,ALL,udp:56751,8.8.8.8*,2,164,1,74,1,90
D4:F5:47:82:0E:C6,ALL,udp:35717,192.168.3.117*,2,176,1,102,1,74
D4:F5:47:82:0E:C6,ALL,udp:35717,8.8.8.8*,2,176,1,74,1,102
D4:F5:47:82:0E:C6,ALL,udp:56831,192.168.3.117*,2,164,1,90,1,74
D4:F5:47:82:0E:C6,ALL,udp:56831,8.8.8.8*,2,164,1,74,1,90
D4:F5:47:82:0E:C6,ALL,udp:37649,192.168.3.117*,2,176,1,102,1,74
D4:F5:47:82:0E:C6,ALL,udp:37649,8.8.8.8*,2,176,1,74,1,102
D4:F5:47:82:0E:C6,ALL,udp:45329,192.168.3.117*,2,176,1,102,1,74
D4:F5:47:82:0E:C6,ALL,udp:45329,8.8.8.8*,2,176,1,74,1,102
D4:F5:47:82:0E:C6,ALL,udp:50099,192.168.3.117*,2,164,1,90,1,74
D4:F5:47:82:0E:C6,ALL,udp:50099,8.8.8.8*,2,164,1,74,1,90
D4:F5:47:82:0E:C6,ALL,udp:56820,192.168.3.117*,2,176,1,102,1,74
D4:F5:47:82:0E:C6,ALL,udp:56820,8.8.8.8*,2,176,1,74,1,102
D4:F5:47:82:0E:C6,ALL,udp:47079,192.168.3.117*,2,176,1,102,1,74
D4:F5:47:82:0E:C6,ALL,udp:47079,8.8.8.8*,2,176,1,74,1,102
D4:F5:47:82:0E:C6,ALL,udp:48263,192.168.3.117*,2,164,1,90,1,74
D4:F5:47:82:0E:C6,ALL,udp:48263,8.8.8.8*,2,164,1,74,1,90
D4:F5:47:82:0E:C6,ALL,udp:36862,192.168.3.117*,2,176,1,102,1,74
D4:F5:47:82:0E:C6,ALL,udp:36862,8.8.8.8*,2,176,1,74,1,102
D4:F5:47:82:0E:C6,ALL,udp:43730,192.168.3.117*,2,164,1,90,1,74
D4:F5:47:82:0E:C6,ALL,udp:43730,8.8.8.8*,2,164,1,74,1,90
D4:F5:47:82:0E:C6,ALL,udp:58086,192.168.3.117*,2,176,1,102,1,74
D4:F5:47:82:0E:C6,ALL,udp:58086,8.8.8.8*,2,176,1,74,1,102
D4:F5:47:82:0E:C6,ALL,udp:53291,192.168.3.117*,2,164,1,90,1,74
D4:F5:47:82:0E:C6,ALL,udp:53291,8.8.8.8*,2,164,1,74,1,90
D4:F5:47:82:0E:C6,ALL,udp:48916,192.168.3.117*,2,164,1,90,1,74
D4:F5:47:82:0E:C6,ALL,udp:48916,8.8.8.8*,2,164,1,74,1,90
D4:F5:47:82:0E:C6,ALL,udp:46901,192.168.3.117*,2,176,1,102,1,74
D4:F5:47:82:0E:C6,ALL,udp:46901,8.8.8.8*,2,176,1,74,1,102
D4:F5:47:82:0E:C6,ALL,udp:42323,192.168.3.117*,2,164,1,90,1,74
D4:F5:47:82:0E:C6,ALL,udp:42323,8.8.8.8*,2,164,1,74,1,90
D4:F5:47:82:0E:C6,ALL,udp:46447,192.168.3.117*,2,176,1,102,1,74
D4:F5:47:82:0E:C6,ALL,udp:46447,8.8.8.8*,2,176,1,74,1,102
D4:F5:47:82:0E:C6,ALL,udp:53977,192.168.3.117*,2,176,1,102,1,74
D4:F5:47:82:0E:C6,ALL,udp:53977,8.8.8.8*,2,176,1,74,1,102
D4:F5:47:82:0E:C6,ALL,udp:37439,192.168.3.117*,2,176,1,102,1,74
D4:F5:47:82:0E:C6,ALL,udp:37439,8.8.8.8*,2,176,1,74,1,102
D4:F5:47:82:0E:C6,ALL,udp:46493,192.168.3.117*,2,164,1,90,1,74
D4:F5:47:82:0E:C6,ALL,udp:46493,8.8.8.8*,2,164,1,74,1,90
D4:F5:47:82:0E:C6,ALL,udp:52852,192.168.3.117*,2,176,1,102,1,74
D4:F5:47:82:0E:C6,ALL,udp:52852,8.8.8.8*,2,176,1,74,1,102
D4:F5:47:82:0E:C6,ALL,udp:55132,192.168.3.117*,2,164,1,90,1,74
D4:F5:47:82:0E:C6,ALL,udp:55132,8.8.8.8*,2,164,1,74,1,90
D4:F5:47:82:0E:C6,ALL,udp:34179,216.239.35.0,2,180,1,90,1,90
D4:F5:47:82:0E:C6,ALL,udp:34179,8.8.8.8,2,164,1,74,1,90
D4:F5:47:82:0E:C6,ALL,udp:37939,192.168.3.117*,2,176,1,102,1,74
D4:F5:47:82:0E:C6,ALL,udp:37939,8.8.8.8*,2,176,1,74,1,102
D4:F5:47:82:0E:C6,ALL,udp:38981,192.168.3.117*,2,164,1,90,1,74
D4:F5:47:82:0E:C6,ALL,udp:38981,8.8.8.8*,2,164,1,74,1,90
D4:F5:47:82:0E:C6,ALL,udp:40193,192.168.3.117*,2,164,1,90,1,74
D4:F5:47:82:0E:C6,ALL,udp:40193,8.8.8.8*,2,164,1,74,1,90
D4:F5:47:82:0E:C6,ALL,udp:35889,192.168.3.117*,2,176,1,102,1,74
D4:F5:47:82:0E:C6,ALL,udp:35889,8.8.8.8*,2,176,1,74,1,102
D4:F5:47:82:0E:C6,ALL,udp:48421,192.168.3.117*,2,164,1,90,1,74
D4:F5:47:82:0E:C6,ALL,udp:48421,8.8.8.8*,2,164,1,74,1,90
D4:F5:47:82:0E:C6,ALL,udp:43338,192.168.3.117*,2,176,1,102,1,74
D4:F5:47:82:0E:C6,ALL,udp:43338,8.8.8.8*,2,176,1,74,1,102
D4:F5:47:82:0E:C6,ALL,udp:51861,192.168.3.117*,2,164,1,90,1,74
D4:F5:47:82:0E:C6,ALL,udp:51861,8.8.8.8*,2,164,1,74,1,90
D4:F5:47:82:0E:C6,ALL,udp:53072,192.168.3.117*,2,176,1,102,1,74
D4:F5:47:82:0E:C6,ALL,udp:53072,8.8.8.8*,2,176,1,74,1,102
D4:F5:47:82:0E:C6,ALL,udp:47032,192.168.3.117*,2,164,1,90,1,74
D4:F5:47:82:0E:C6,ALL,udp:47032,8.8.8.8*,2,164,1,74,1,90
D4:F5:47:82:0E:C6,ALL,udp:42089,192.168.3.117*,2,176,1,102,1,74
D4:F5:47:82:0E:C6,ALL,udp:42089,8.8.8.8*,2,176,1,74,1,102
D4:F5:47:82:0E:C6,ALL,udp:51364,192.168.3.117*,2,164,1,90,1,74
D4:F5:47:82:0E:C6,ALL,udp:51364,8.8.8.8*,2,164,1,74,1,90
D4:F5:47:82:0E:C6,ALL,udp:35502,192.168.3.117*,2,198,1,119,1,79
D4:F5:47:82:0E:C6,ALL,udp:35502,8.8.8.8*,2,198,1,79,1,119
D4:F5:47:82:0E:C6,ALL,udp:47491,192.168.3.117*,2,164,1,90,1,74
D4:F5:47:82:0E:C6,ALL,udp:47491,8.8.8.8*,2,164,1,74,1,90
D4:F5:47:82:0E:C6,ALL,udp:33246,192.168.3.117*,2,176,1,102,1,74
D4:F5:47:82:0E:C6,ALL,udp:33246,8.8.8.8*,2,176,1,74,1,102
D4:F5:47:82:0E:C6,ALL,udp:44547,192.168.3.117*,2,164,1,90,1,74
D4:F5:47:82:0E:C6,ALL,udp:44547,8.8.8.8*,2,164,1,74,1,90
D4:F5:47:82:0E:C6,ALL,udp:49219,192.168.3.117*,2,176,1,102,1,74
D4:F5:47:82:0E:C6,ALL,udp:49219,8.8.8.8*,2,176,1,74,1,102
D4:F5:47:82:0E:C6,ALL,udp:53680,192.168.3.117*,2,176,1,102,1,74
D4:F5:47:82:0E:C6,ALL,udp:53680,8.8.8.8*,2,176,1,74,1,102
D4:F5:47:82:0E:C6,ALL,udp:38384,192.168.3.117*,2,164,1,90,1,74
D4:F5:47:82:0E:C6,ALL,udp:38384,8.8.8.8*,2,164,1,74,1,90
D4:F5:47:82:0E:C6,ALL,udp:44982,192.168.3.117*,2,164,1,90,1,74
D4:F5:47:82:0E:C6,ALL,udp:44982,8.8.8.8*,2,164,1,74,1,90
D4:F5:47:82:0E:C6,ALL,udp:41152,192.168.3.117*,2,176,1,102,1,74
D4:F5:47:82:0E:C6,ALL,udp:41152,8.8.8.8*,2,176,1,74,1,102
D4:F5:47:82:0E:C6,ALL,udp:52752,192.168.3.117*,2,176,1,102,1,74
D4:F5:47:82:0E:C6,ALL,udp:52752,8.8.8.8*,2,176,1,74,1,102
D4:F5:47:82:0E:C6,ALL,udp:57203,192.168.3.117*,2,176,1,102,1,74
D4:F5:47:82:0E:C6,ALL,udp:57203,8.8.8.8*,2,176,1,74,1,102
D4:F5:47:82:0E:C6,ALL,udp:57663,192.168.3.117*,2,164,1,90,1,74
D4:F5:47:82:0E:C6,ALL,udp:57663,8.8.8.8*,2,164,1,74,1,90
D4:F5:47:82:0E:C6,ALL,udp:53837,192.168.3.117*,2,164,1,90,1,74
D4:F5:47:82:0E:C6,ALL,udp:53837,8.8.8.8*,2,164,1,74,1,90
D4:F5:47:82:0E:C6,ALL,udp:58188,192.168.3.117*,2,176,1,102,1,74
D4:F5:47:82:0E:C6,ALL,udp:58188,8.8.8.8*,2,176,1,74,1,102
D4:F5:47:82:0E:C6,ALL,udp:37353,192.168.3.117*,2,164,1,90,1,74
D4:F5:47:82:0E:C6,ALL,udp:37353,8.8.8.8*,2,164,1,74,1,90
D4:F5:47:82:0E:C6,ALL,udp:43807,192.168.3.117*,2,164,1,90,1,74
D4:F5:47:82:0E:C6,ALL,udp:43807,8.8.8.8*,2,164,1,74,1,90
D4:F5:47:82:0E:C6,ALL,udp:51286,192.168.3.117*,2,176,1,102,1,74
D4:F5:47:82:0E:C6,ALL,udp:51286,8.8.8.8*,2,176,1,74,1,102
D4:F5:47:82:0E:C6,ALL,udp:39792,192.168.3.117*,2,164,1,90,1,74
D4:F5:47:82:0E:C6,ALL,udp:39792,8.8.8.8*,2,164,1,74,1,90
D4:F5:47:82:0E:C6,ALL,udp:40288,192.168.3.117*,2,176,1,102,1,74
D4:F5:47:82:0E:C6,ALL,udp:40288,8.8.8.8*,2,176,1,74,1,102
D4:F5:47:82:0E:C6,ALL,udp:38673,192.168.3.117*,2,164,1,90,1,74
D4:F5:47:82:0E:C6,ALL,udp:38673,8.8.8.8*,2,164,1,74,1,90
D4:F5:47:82:0E:C6,ALL,udp:33002,192.168.3.117*,2,176,1,102,1,74
D4:F5:47:82:0E:C6,ALL,udp:33002,8.8.8.8*,2,176,1,74,1,102
D4:F5:47:82:0E:C6,ALL,udp:52284,192.168.3.117*,2,164,1,90,1,74
D4:F5:47:82:0E:C6,ALL,udp:52284,8.8.8.8*,2,164,1,74,1,90
D4:F5:47:82:0E:C6,ALL,udp:39736,192.168.3.117*,2,176,1,102,1,74
D4:F5:47:82:0E:C6,ALL,udp:39736,8.8.8.8*,2,176,1,74,1,102
D4:F5:47:82:0E:C6,ALL,udp:38863,192.168.3.117*,2,164,1,90,1,74
D4:F5:47:82:0E:C6,ALL,udp:38863,8.8.8.8*,2,164,1,74,1,90
D4:F5:47:82:0E:C6,ALL,udp:33227,192.168.3.117*,2,176,1,102,1,74
D4:F5:47:82:0E:C6,ALL,udp:33227,8.8.8.8*,2,176,1,74,1,102
D4:F5:47:82:0E:C6,ALL,udp:49296,192.168.3.117*,2,164,1,90,1,74
D4:F5:47:82:0E:C6,ALL,udp:49296,8.8.8.8*,2,164,1,74,1,90
D4:F5:47:82:0E:C6,ALL,udp:43600,192.168.3.117*,2,176,1,102,1,74
D4:F5:47:82:0E:C6,ALL,udp:43600,8.8.8.8*,2,176,1,74,1,102
D4:F5:47:82:0E:C6,ALL,udp:57926,192.168.3.117*,2,176,1,102,1,74
D4:F5:47:82:0E:C6,ALL,udp:57926,8.8.8.8*,2,176,1,74,1,102
D4:F5:47:82:0E:C6,ALL,udp:49568,192.168.3.117*,2,164,1,90,1,74
D4:F5:47:82:0E:C6,ALL,udp:49568,8.8.8.8*,2,164,1,74,1,90
D4:F5:47:82:0E:C6,ALL,udp:52554,192.168.3.117*,2,176,1,102,1,74
D4:F5:47:82:0E:C6,ALL,udp:52554,8.8.8.8*,2,176,1,74,1,102
D4:F5:47:82:0E:C6,ALL,udp:58732,192.168.3.117*,2,164,1,90,1,74
D4:F5:47:82:0E:C6,ALL,udp:58732,8.8.8.8*,2,164,1,74,1,90
D4:F5:47:82:0E:C6,ALL,udp:43591,192.168.3.117*,2,164,1,90,1,74
D4:F5:47:82:0E:C6,ALL,udp:43591,8.8.8.8*,2,164,1,74,1,90
D4:F5:47:82:0E:C6,ALL,udp:54797,192.168.3.117*,2,164,1,90,1,74
D4:F5:47:82:0E:C6,ALL,udp:54797,8.8.8.8*,2,164,1,74,1,90
D4:F5:47:82:0E:C6,ALL,udp:46469,192.168.3.117*,2,176,1,102,1,74
D4:F5:47:82:0E:C6,ALL,udp:46469,8.8.8.8*,2,176,1,74,1,102
D4:F5:47:82:0E:C6,ALL,udp:44263,192.168.3.117*,2,164,1,90,1,74
D4:F5:47:82:0E:C6,ALL,udp:44263,8.8.8.8*,2,164,1,74,1,90
D4:F5:47:82:0E:C6,ALL,udp:39711,192.168.3.117*,2,176,1,102,1,74
D4:F5:47:82:0E:C6,ALL,udp:39711,8.8.8.8*,2,176,1,74,1,102
D4:F5:47:82:0E:C6,ALL,udp:40580,192.168.3.117*,2,176,1,102,1,74
D4:F5:47:82:0E:C6,ALL,udp:40580,8.8.8.8*,2,176,1,74,1,102
D4:F5:47:82:0E:C6,ALL,udp:47594,192.168.3.117*,2,164,1,90,1,74
D4:F5:47:82:0E:C6,ALL,udp:47594,8.8.8.8*,2,164,1,74,1,90
D4:F5:47:82:0E:C6,ALL,udp:60863,192.168.3.117*,2,176,1,102,1,74
D4:F5:47:82:0E:C6,ALL,udp:60863,8.8.8.8*,2,176,1,74,1,102
D4:F5:47:82:0E:C6,ALL,udp:47442,192.168.3.117*,2,164,1,90,1,74
D4:F5:47:82:0E:C6,ALL,udp:47442,8.8.8.8*,2,164,1,74,1,90
D4:F5:47:82:0E:C6,ALL,udp:41698,216.239.35.12,2,180,1,90,1,90
D4:F5:47:82:0E:C6,ALL,udp:41698,8.8.8.8,2,176,1,74,1,102
D4:F5:47:82:0E:C6,ALL,udp:38093,192.168.3.117*,2,176,1,102,1,74
D4:F5:47:82:0E:C6,ALL,udp:38093,8.8.8.8*,2,176,1,74,1,102
D4:F5:47:82:0E:C6,ALL,udp:54448,192.168.3.117*,2,164,1,90,1,74
D4:F5:47:82:0E:C6,ALL,udp:54448,8.8.8.8*,2,164,1,74,1,90
D4:F5:47:82:0E:C6,ALL,udp:33702,192.168.3.117*,2,176,1,102,1,74
D4:F5:47:82:0E:C6,ALL,udp:33702,8.8.8.8*,2,176,1,74,1,102
D4:F5:47:82:0E:C6,ALL,udp:39293,192.168.3.117*,2,164,1,90,1,74
D4:F5:47:82:0E:C6,ALL,udp:39293,8.8.8.8*,2,164,1,74,1,90
D4:F5:47:82:0E:C6,ALL,udp:34788,192.168.3.117*,2,176,1,102,1,74
D4:F5:47:82:0E:C6,ALL,udp:34788,8.8.8.8*,2,176,1,74,1,102
D4:F5:47:82:0E:C6,ALL,udp:52839,192.168.3.117*,2,164,1,90,1,74
D4:F5:47:82:0E:C6,ALL,udp:52839,8.8.8.8*,2,164,1,74,1,90
D4:F5:47:82:0E:C6,ALL,udp:58973,192.168.3.117*,2,176,1,102,1,74
D4:F5:47:82:0E:C6,ALL,udp:58973,8.8.8.8*,2,176,1,74,1,102
D4:F5:47:82:0E:C6,ALL,udp:60847,192.168.3.117*,2,164,1,90,1,74
D4:F5:47:82:0E:C6,ALL,udp:60847,8.8.8.8*,2,164,1,74,1,90
D4:F5:47:82:0E:C6,ALL,udp:47885,192.168.3.117*,2,176,1,102,1,74
D4:F5:47:82:0E:C6,ALL,udp:47885,8.8.8.8*,2,176,1,74,1,102
D4:F5:47:82:0E:C6,ALL,udp:35250,192.168.3.117*,2,164,1,90,1,74
D4:F5:47:82:0E:C6,ALL,udp:35250,8.8.8.8*,2,164,1,74,1,90
D4:F5:47:82:0E:C6,ALL,udp:49321,192.168.3.117*,2,176,1,102,1,74
D4:F5:47:82:0E:C6,ALL,udp:49321,8.8.8.8*,2,176,1,74,1,102
D4:F5:47:82:0E:C6,ALL,udp:33594,216.239.35.4,2,180,1,90,1,90
D4:F5:47:82:0E:C6,ALL,udp:33594,8.8.8.8,2,176,1,74,1,102
D4:F5:47:82:0E:C6,ALL,udp:49407,192.168.3.117*,2,164,1,90,1,74
D4:F5:47:82:0E:C6,ALL,udp:49407,8.8.8.8*,2,164,1,74,1,90
D4:F5:47:82:0E:C6,ALL,udp:55031,192.168.3.117*,2,176,1,102,1,74
D4:F5:47:82:0E:C6,ALL,udp:55031,8.8.8.8*,2,176,1,74,1,102
D4:F5:47:82:0E:C6,ALL,udp:52383,192.168.3.117*,2,164,1,90,1,74
D4:F5:47:82:0E:C6,ALL,udp:52383,8.8.8.8*,2,164,1,74,1,90
D4:F5:47:82:0E:C6,ALL,udp:33007,192.168.3.117*,2,176,1,102,1,74
D4:F5:47:82:0E:C6,ALL,udp:33007,8.8.8.8*,2,176,1,74,1,102
D4:F5:47:82:0E:C6,ALL,udp:49615,192.168.3.117*,2,176,1,102,1,74
D4:F5:47:82:0E:C6,ALL,udp:49615,8.8.8.8*,2,176,1,74,1,102
D4:F5:47:82:0E:C6,ALL,udp:39864,192.168.3.117*,2,176,1,102,1,74
D4:F5:47:82:0E:C6,ALL,udp:39864,8.8.8.8*,2,176,1,74,1,102
D4:F5:47:82:0E:C6,ALL,udp:54311,192.168.3.117*,2,164,1,90,1,74
D4:F5:47:82:0E:C6,ALL,udp:54311,8.8.8.8*,2,164,1,74,1,90
D4:F5:47:82:0E:C6,ALL,udp:35761,192.168.3.117*,2,176,1,102,1,74
D4:F5:47:82:0E:C6,ALL,udp:35761,8.8.8.8*,2,176,1,74,1,102
D4:F5:47:82:0E:C6,ALL,udp:48806,192.168.3.117*,2,164,1,90,1,74
D4:F5:47:82:0E:C6,ALL,udp:48806,8.8.8.8*,2,164,1,74,1,90
D4:F5:47:82:0E:C6,ALL,udp:40440,142.251.32.110*,19,10792,11,7278,8,3514
D4:F5:47:82:0E:C6,ALL,udp:40440,8.8.8.8*,2,164,1,74,1,90
D4:F5:47:82:0E:C6,ALL,udp:49576,192.168.3.117*,2,176,1,102,1,74
D4:F5:47:82:0E:C6,ALL,udp:49576,8.8.8.8*,2,176,1,74,1,102
D4:F5:47:82:0E:C6,ALL,udp:32872,192.168.3.117*,2,164,1,90,1,74
D4:F5:47:82:0E:C6,ALL,udp:32872,8.8.8.8*,2,164,1,74,1,90
D4:F5:47:82:0E:C6,ALL,udp:58815,192.168.3.117*,2,176,1,102,1,74
D4:F5:47:82:0E:C6,ALL,udp:58815,8.8.8.8*,2,176,1,74,1,102
D4:F5:47:82:0E:C6,ALL,udp:52405,192.168.3.117*,2,164,1,90,1,74
D4:F5:47:82:0E:C6,ALL,udp:52405,8.8.8.8*,2,164,1,74,1,90
D4:F5:47:82:0E:C6,ALL,udp:38441,192.168.3.117*,2,176,1,102,1,74
D4:F5:47:82:0E:C6,ALL,udp:38441,8.8.8.8*,2,176,1,74,1,102
D4:F5:47:82:0E:C6,ALL,udp:41083,192.168.3.117*,2,164,1,90,1,74
D4:F5:47:82:0E:C6,ALL,udp:41083,8.8.8.8*,2,164,1,74,1,90
D4:F5:47:82:0E:C6,ALL,udp:59473,192.168.3.117*,2,164,1,90,1,74
D4:F5:47:82:0E:C6,ALL,udp:59473,8.8.8.8*,2,164,1,74,1,90
D4:F5:47:82:0E:C6,ALL,udp:50277,192.168.3.117*,2,176,1,102,1,74
D4:F5:47:82:0E:C6,ALL,udp:50277,8.8.8.8*,2,176,1,74,1,102
D4:F5:47:82:0E:C6,ALL,udp:42543,192.168.3.117*,2,176,1,102,1,74
D4:F5:47:82:0E:C6,ALL,udp:42543,8.8.8.8*,2,176,1,74,1,102
D4:F5:47:82:0E:C6,ALL,udp:51829,192.168.3.117*,2,164,1,90,1,74
D4:F5:47:82:0E:C6,ALL,udp:51829,8.8.8.8*,2,164,1,74,1,90
D4:F5:47:82:0E:C6,ALL,udp:59067,192.168.3.117*,2,176,1,102,1,74
D4:F5:47:82:0E:C6,ALL,udp:59067,8.8.8.8*,2,176,1,74,1,102
D4:F5:47:82:0E:C6,ALL,udp:47769,192.168.3.117*,2,164,1,90,1,74
D4:F5:47:82:0E:C6,ALL,udp:47769,8.8.8.8*,2,164,1,74,1,90
D4:F5:47:82:0E:C6,ALL,udp:53913,192.168.3.117*,2,164,1,90,1,74
D4:F5:47:82:0E:C6,ALL,udp:53913,8.8.8.8*,2,164,1,74,1,90
D4:F5:47:82:0E:C6,ALL,udp:45574,192.168.3.117*,2,164,1,90,1,74
D4:F5:47:82:0E:C6,ALL,udp:45574,8.8.8.8*,2,164,1,74,1,90
D4:F5:47:82:0E:C6,ALL,udp:47070,216.239.35.0,2,180,1,90,1,90
D4:F5:47:82:0E:C6,ALL,udp:47070,8.8.8.8,2,176,1,74,1,102
D4:F5:47:82:0E:C6,ALL,udp:48604,192.168.3.117*,2,198,1,119,1,79
D4:F5:47:82:0E:C6,ALL,udp:48604,8.8.8.8*,2,198,1,79,1,119
D4:F5:47:82:0E:C6,ALL,udp:58320,192.168.3.117*,2,198,1,119,1,79
D4:F5:47:82:0E:C6,ALL,udp:58320,8.8.8.8*,2,198,1,79,1,119
D4:F5:47:82:0E:C6,ALL,udp:34785,192.168.3.117*,2,164,1,90,1,74
D4:F5:47:82:0E:C6,ALL,udp:34785,8.8.8.8*,2,164,1,74,1,90
D4:F5:47:82:0E:C6,ALL,udp:42077,192.168.3.117*,2,176,1,102,1,74
D4:F5:47:82:0E:C6,ALL,udp:42077,8.8.8.8*,2,176,1,74,1,102
D4:F5:47:82:0E:C6,ALL,udp:44241,192.168.3.117*,2,164,1,90,1,74
D4:F5:47:82:0E:C6,ALL,udp:44241,8.8.8.8*,2,164,1,74,1,90
D4:F5:47:82:0E:C6,ALL,udp:55411,192.168.3.117*,2,164,1,90,1,74
D4:F5:47:82:0E:C6,ALL,udp:55411,8.8.8.8*,2,164,1,74,1,90
D4:F5:47:82:0E:C6,ALL,udp:47846,192.168.3.117*,2,176,1,102,1,74
D4:F5:47:82:0E:C6,ALL,udp:47846,8.8.8.8*,2,176,1,74,1,102
D4:F5:47:82:0E:C6,ALL,udp:59813,192.168.3.117*,2,164,1,90,1,74
D4:F5:47:82:0E:C6,ALL,udp:59813,8.8.8.8*,2,164,1,74,1,90
D4:F5:47:82:0E:C6,ALL,udp:46310,192.168.3.117*,2,176,1,102,1,74
D4:F5:47:82:0E:C6,ALL,udp:46310,8.8.8.8*,2,176,1,74,1,102
D4:F5:47:82:0E:C6,ALL,udp:52693,192.168.3.117*,2,164,1,90,1,74
D4:F5:47:82:0E:C6,ALL,udp:52693,8.8.8.8*,2,164,1,74,1,90
D4:F5:47:82:0E:C6,ALL,udp:55356,192.168.3.117*,2,164,1,90,1,74
D4:F5:47:82:0E:C6,ALL,udp:55356,8.8.8.8*,2,164,1,74,1,90
D4:F5:47:82:0E:C6,ALL,udp:46470,192.168.3.117*,2,176,1,102,1,74
D4:F5:47:82:0E:C6,ALL,udp:46470,8.8.8.8*,2,176,1,74,1,102
D4:F5:47:82:0E:C6,ALL,udp:47525,192.168.3.117*,2,164,1,90,1,74
D4:F5:47:82:0E:C6,ALL,udp:47525,8.8.8.8*,2,164,1,74,1,90
D4:F5:47:82:0E:C6,ALL,udp:33980,192.168.3.117*,2,176,1,102,1,74
D4:F5:47:82:0E:C6,ALL,udp:33980,8.8.8.8*,2,176,1,74,1,102
D4:F5:47:82:0E:C6,ALL,udp:34365,192.168.3.117*,2,164,1,90,1,74
D4:F5:47:82:0E:C6,ALL,udp:34365,8.8.8.8*,2,164,1,74,1,90
D4:F5:47:82:0E:C6,ALL,udp:57321,192.168.3.117*,2,176,1,102,1,74
D4:F5:47:82:0E:C6,ALL,udp:57321,8.8.8.8*,2,176,1,74,1,102
D4:F5:47:82:0E:C6,ALL,udp:40438,192.168.3.117*,2,176,1,102,1,74
D4:F5:47:82:0E:C6,ALL,udp:40438,8.8.8.8*,2,176,1,74,1,102
D4:F5:47:82:0E:C6,ALL,udp:44715,192.168.3.117*,2,164,1,90,1,74
D4:F5:47:82:0E:C6,ALL,udp:44715,8.8.8.8*,2,164,1,74,1,90
D4:F5:47:82:0E:C6,ALL,udp:35933,192.168.3.117*,2,176,1,102,1,74
D4:F5:47:82:0E:C6,ALL,udp:35933,8.8.8.8*,2,176,1,74,1,102
D4:F5:47:82:0E:C6,ALL,udp:37301,192.168.3.117*,2,164,1,90,1,74
D4:F5:47:82:0E:C6,ALL,udp:37301,8.8.8.8*,2,164,1,74,1,90
D4:F5:47:82:0E:C6,ALL,udp:50532,192.168.3.117*,2,176,1,102,1,74
D4:F5:47:82:0E:C6,ALL,udp:50532,8.8.8.8*,2,176,1,74,1,102
D4:F5:47:82:0E:C6,ALL,udp:35336,192.168.3.117*,2,164,1,90,1,74
D4:F5:47:82:0E:C6,ALL,udp:35336,8.8.8.8*,2,164,1,74,1,90
D4:F5:47:82:0E:C6,ALL,udp:46549,192.168.3.117*,2,176,1,102,1,74
D4:F5:47:82:0E:C6,ALL,udp:46549,8.8.8.8*,2,176,1,74,1,102
D4:F5:47:82:0E:C6,ALL,udp:49600,192.168.3.117*,2,164,1,90,1,74
D4:F5:47:82:0E:C6,ALL,udp:49600,8.8.8.8*,2,164,1,74,1,90
D4:F5:47:82:0E:C6,ALL,udp:39403,192.168.3.117*,2,176,1,102,1,74
D4:F5:47:82:0E:C6,ALL,udp:39403,8.8.8.8*,2,176,1,74,1,102
D4:F5:47:82:0E:C6,ALL,udp:34738,192.168.3.117*,2,164,1,90,1,74
D4:F5:47:82:0E:C6,ALL,udp:34738,8.8.8.8*,2,164,1,74,1,90
D4:F5:47:82:0E:C6,ALL,udp:55568,192.168.3.117*,2,164,1,90,1,74
D4:F5:47:82:0E:C6,ALL,udp:55568,8.8.8.8*,2,164,1,74,1,90
D4:F5:47:82:0E:C6,ALL,udp:40889,192.168.3.117*,2,164,1,90,1,74
D4:F5:47:82:0E:C6,ALL,udp:40889,8.8.8.8*,2,164,1,74,1,90
D4:F5:47:82:0E:C6,ALL,udp:50380,192.168.3.117*,2,164,1,90,1,74
D4:F5:47:82:0E:C6,ALL,udp:50380,8.8.8.8*,2,164,1,74,1,90
D4:F5:47:82:0E:C6,ALL,udp:38591,192.168.3.117*,2,176,1,102,1,74
D4:F5:47:82:0E:C6,ALL,udp:38591,8.8.8.8*,2,176,1,74,1,102
D4:F5:47:82:0E:C6,ALL,udp:53315,192.168.3.117*,2,164,1,90,1,74
D4:F5:47:82:0E:C6,ALL,udp:53315,8.8.8.8*,2,164,1,74,1,90
D4:F5:47:82:0E:C6,ALL,udp:40817,192.168.3.117*,2,164,1,90,1,74
D4:F5:47:82:0E:C6,ALL,udp:40817,8.8.8.8*,2,164,1,74,1,90
D4:F5:47:82:0E:C6,ALL,udp:53651,192.168.3.117*,2,164,1,90,1,74
D4:F5:47:82:0E:C6,ALL,udp:53651,8.8.8.8*,2,164,1,74,1,90
D4:F5:47:82:0E:C6,ALL,udp:34797,192.168.3.117*,2,194,1,105,1,89
D4:F5:47:82:0E:C6,ALL,udp:34797,8.8.8.8*,2,194,1,89,1,105
D4:F5:47:82:0E:C6,ALL,udp:48938,192.168.3.117*,2,176,1,102,1,74
D4:F5:47:82:0E:C6,ALL,udp:48938,8.8.8.8*,2,176,1,74,1,102
D4:F5:47:82:0E:C6,ALL,udp:53883,192.168.3.117*,2,164,1,90,1,74
D4:F5:47:82:0E:C6,ALL,udp:53883,8.8.8.8*,2,164,1,74,1,90
D4:F5:47:82:0E:C6,ALL,udp:49070,192.168.3.117*,2,176,1,102,1,74
D4:F5:47:82:0E:C6,ALL,udp:49070,8.8.8.8*,2,176,1,74,1,102
D4:F5:47:82:0E:C6,ALL,udp:60714,192.168.3.117*,2,164,1,90,1,74
D4:F5:47:82:0E:C6,ALL,udp:60714,8.8.8.8*,2,164,1,74,1,90
D4:F5:47:82:0E:C6,ALL,udp:56558,192.168.3.117*,2,164,1,90,1,74
D4:F5:47:82:0E:C6,ALL,udp:56558,8.8.8.8*,2,164,1,74,1,90
D4:F5:47:82:0E:C6,ALL,udp:57376,192.168.3.117*,2,176,1,102,1,74
D4:F5:47:82:0E:C6,ALL,udp:57376,8.8.8.8*,2,176,1,74,1,102
D4:F5:47:82:0E:C6,ALL,udp:40929,192.168.3.117*,2,164,1,90,1,74
D4:F5:47:82:0E:C6,ALL,udp:40929,8.8.8.8*,2,164,1,74,1,90
D4:F5:47:82:0E:C6,ALL,udp:38674,192.168.3.117*,2,176,1,102,1,74
D4:F5:47:82:0E:C6,ALL,udp:38674,8.8.8.8*,2,176,1,74,1,102
D4:F5:47:82:0E:C6,ALL,udp:34973,192.168.3.117*,2,164,1,90,1,74
D4:F5:47:82:0E:C6,ALL,udp:34973,8.8.8.8*,2,164,1,74,1,90
D4:F5:47:82:0E:C6,ALL,udp:56255,142.250.80.110*,25,15718,13,7442,12,8276
D4:F5:47:82:0E:C6,ALL,udp:56255,8.8.8.8*,2,176,1,74,1,102
D4:F5:47:82:0E:C6,ALL,udp:42976,192.168.3.117*,2,176,1,102,1,74
D4:F5:47:82:0E:C6,ALL,udp:42976,8.8.8.8*,2,176,1,74,1,102
D4:F5:47:82:0E:C6,ALL,udp:37487,192.168.3.117*,2,164,1,90,1,74
D4:F5:47:82:0E:C6,ALL,udp:37487,8.8.8.8*,2,164,1,74,1,90
D4:F5:47:82:0E:C6,ALL,udp:47277,192.168.3.117*,2,176,1,102,1,74
D4:F5:47:82:0E:C6,ALL,udp:47277,8.8.8.8*,2,176,1,74,1,102
D4:F5:47:82:0E:C6,ALL,udp:59431,192.168.3.117*,2,176,1,102,1,74
D4:F5:47:82:0E:C6,ALL,udp:59431,8.8.8.8*,2,176,1,74,1,102
D4:F5:47:82:0E:C6,ALL,udp:36873,192.168.3.117*,2,176,1,102,1,74
D4:F5:47:82:0E:C6,ALL,udp:36873,8.8.8.8*,2,176,1,74,1,102
D4:F5:47:82:0E:C6,ALL,udp:49994,192.168.3.117*,2,164,1,90,1,74
D4:F5:47:82:0E:C6,ALL,udp:49994,8.8.8.8*,2,164,1,74,1,90
D4:F5:47:82:0E:C6,ALL,udp:45515,192.168.3.117*,2,176,1,102,1,74
D4:F5:47:82:0E:C6,ALL,udp:45515,8.8.8.8*,2,176,1,74,1,102
D4:F5:47:82:0E:C6,ALL,udp:56140,192.168.3.117*,2,164,1,90,1,74
D4:F5:47:82:0E:C6,ALL,udp:56140,8.8.8.8*,2,164,1,74,1,90
D4:F5:47:82:0E:C6,ALL,udp:55875,192.168.3.117*,2,164,1,90,1,74
D4:F5:47:82:0E:C6,ALL,udp:55875,8.8.8.8*,2,164,1,74,1,90
D4:F5:47:82:0E:C6,ALL,udp:46153,192.168.3.117*,2,164,1,90,1,74
D4:F5:47:82:0E:C6,ALL,udp:46153,8.8.8.8*,2,164,1,74,1,90
D4:F5:47:82:0E:C6,ALL,udp:36739,192.168.3.117*,2,176,1,102,1,74
D4:F5:47:82:0E:C6,ALL,udp:36739,8.8.8.8*,2,176,1,74,1,102
D4:F5:47:82:0E:C6,ALL,udp:53046,192.168.3.117*,2,164,1,90,1,74
D4:F5:47:82:0E:C6,ALL,udp:53046,8.8.8.8*,2,164,1,74,1,90
D4:F5:47:82:0E:C6,ALL,udp:56539,192.168.3.117*,2,176,1,102,1,74
D4:F5:47:82:0E:C6,ALL,udp:56539,8.8.8.8*,2,176,1,74,1,102
D4:F5:47:82:0E:C6,ALL,udp:56713,192.168.3.117*,2,176,1,102,1,74
D4:F5:47:82:0E:C6,ALL,udp:56713,8.8.8.8*,2,176,1,74,1,102
D4:F5:47:82:0E:C6,ALL,udp:58144,192.168.3.117*,2,164,1,90,1,74
D4:F5:47:82:0E:C6,ALL,udp:58144,8.8.8.8*,2,164,1,74,1,90
D4:F5:47:82:0E:C6,ALL,udp:51514,192.168.3.117*,2,176,1,102,1,74
D4:F5:47:82:0E:C6,ALL,udp:51514,8.8.8.8*,2,176,1,74,1,102
D4:F5:47:82:0E:C6,ALL,udp:45474,192.168.3.117*,2,164,1,90,1,74
D4:F5:47:82:0E:C6,ALL,udp:45474,8.8.8.8*,2,164,1,74,1,90
D4:F5:47:82:0E:C6,ALL,udp:57399,192.168.3.117*,2,176,1,102,1,74
D4:F5:47:82:0E:C6,ALL,udp:57399,8.8.8.8*,2,176,1,74,1,102
D4:F5:47:82:0E:C6,ALL,udp:50778,192.168.3.117*,2,176,1,102,1,74
D4:F5:47:82:0E:C6,ALL,udp:50778,8.8.8.8*,2,176,1,74,1,102
D4:F5:47:82:0E:C6,ALL,udp:60065,192.168.3.117*,2,164,1,90,1,74
D4:F5:47:82:0E:C6,ALL,udp:60065,8.8.8.8*,2,164,1,74,1,90
D4:F5:47:82:0E:C6,ALL,udp:40332,192.168.3.117*,2,164,1,90,1,74
D4:F5:47:82:0E:C6,ALL,udp:40332,8.8.8.8*,2,164,1,74,1,90
D4:F5:47:82:0E:C6,ALL,udp:55357,192.168.3.117*,2,164,1,90,1,74
D4:F5:47:82:0E:C6,ALL,udp:55357,8.8.8.8*,2,164,1,74,1,90
D4:F5:47:82:0E:C6,ALL,udp:34242,192.168.3.117*,2,176,1,102,1,74
D4:F5:47:82:0E:C6,ALL,udp:34242,8.8.8.8*,2,176,1,74,1,102
D4:F5:47:82:0E:C6,ALL,udp:42972,192.168.3.117*,2,176,1,102,1,74
D4:F5:47:82:0E:C6,ALL,udp:42972,8.8.8.8*,2,176,1,74,1,102
D4:F5:47:82:0E:C6,ALL,udp:47666,192.168.3.117*,2,164,1,90,1,74
D4:F5:47:82:0E:C6,ALL,udp:47666,8.8.8.8*,2,164,1,74,1,90
D4:F5:47:82:0E:C6,ALL,udp:57894,192.168.3.117*,2,164,1,90,1,74
D4:F5:47:82:0E:C6,ALL,udp:57894,8.8.8.8*,2,164,1,74,1,90
D4:F5:47:82:0E:C6,ALL,udp:54003,192.168.3.117*,2,176,1,102,1,74
D4:F5:47:82:0E:C6,ALL,udp:54003,8.8.8.8*,2,176,1,74,1,102
D4:F5:47:82:0E:C6,ALL,udp:45141,192.168.3.117*,2,176,1,102,1,74
D4:F5:47:82:0E:C6,ALL,udp:45141,8.8.8.8*,2,176,1,74,1,102
D4:F5:47:82:0E:C6,ALL,udp:51690,192.168.3.117*,2,164,1,90,1,74
D4:F5:47:82:0E:C6,ALL,udp:51690,8.8.8.8*,2,164,1,74,1,90
D4:F5:47:82:0E:C6,ALL,udp:40693,192.168.3.117*,2,198,1,119,1,79
D4:F5:47:82:0E:C6,ALL,udp:40693,8.8.8.8*,2,198,1,79,1,119
D4:F5:47:82:0E:C6,ALL,udp:43310,192.168.3.117*,2,164,1,90,1,74
D4:F5:47:82:0E:C6,ALL,udp:43310,8.8.8.8*,2,164,1,74,1,90
D4:F5:47:82:0E:C6,ALL,udp:36506,192.168.3.117*,2,176,1,102,1,74
D4:F5:47:82:0E:C6,ALL,udp:36506,8.8.8.8*,2,176,1,74,1,102
D4:F5:47:82:0E:C6,ALL,udp:59455,192.168.3.117*,2,164,1,90,1,74
D4:F5:47:82:0E:C6,ALL,udp:59455,8.8.8.8*,2,164,1,74,1,90
D4:F5:47:82:0E:C6,ALL,udp:41165,192.168.3.117*,2,176,1,102,1,74
D4:F5:47:82:0E:C6,ALL,udp:41165,8.8.8.8*,2,176,1,74,1,102
D4:F5:47:82:0E:C6,ALL,udp:59698,192.168.3.117*,2,176,1,102,1,74
D4:F5:47:82:0E:C6,ALL,udp:59698,8.8.8.8*,2,176,1,74,1,102
D4:F5:47:82:0E:C6,ALL,udp:40754,142.251.32.110*,23,12422,13,9203,10,3219
D4:F5:47:82:0E:C6,ALL,udp:40754,8.8.8.8*,2,164,1,74,1,90
D4:F5:47:82:0E:C6,ALL,udp:44142,192.168.3.117*,2,176,1,102,1,74
D4:F5:47:82:0E:C6,ALL,udp:44142,8.8.8.8*,2,176,1,74,1,102
D4:F5:47:82:0E:C6,ALL,udp:39314,192.168.3.117*,2,164,1,90,1,74
D4:F5:47:82:0E:C6,ALL,udp:39314,8.8.8.8*,2,164,1,74,1,90
D4:F5:47:82:0E:C6,ALL,udp:56341,192.168.3.117*,2,164,1,90,1,74
D4:F5:47:82:0E:C6,ALL,udp:56341,8.8.8.8*,2,164,1,74,1,90
D4:F5:47:82:0E:C6,ALL,udp:51263,192.168.3.117*,2,164,1,90,1,74
D4:F5:47:82:0E:C6,ALL,udp:51263,8.8.8.8*,2,164,1,74,1,90
D4:F5:47:82:0E:C6,ALL,udp:37543,192.168.3.117*,2,176,1,102,1,74
D4:F5:47:82:0E:C6,ALL,udp:37543,8.8.8.8*,2,176,1,74,1,102
D4:F5:47:82:0E:C6,ALL,udp:41438,192.168.3.117*,2,176,1,102,1,74
D4:F5:47:82:0E:C6,ALL,udp:41438,8.8.8.8*,2,176,1,74,1,102
D4:F5:47:82:0E:C6,ALL,udp:60083,192.168.3.117*,2,176,1,102,1,74
D4:F5:47:82:0E:C6,ALL,udp:60083,8.8.8.8*,2,176,1,74,1,102
D4:F5:47:82:0E:C6,ALL,udp:57701,192.168.3.117*,2,164,1,90,1,74
D4:F5:47:82:0E:C6,ALL,udp:57701,8.8.8.8*,2,164,1,74,1,90
D4:F5:47:82:0E:C6,ALL,udp:51931,216.239.35.8,2,180,1,90,1,90
D4:F5:47:82:0E:C6,ALL,udp:51931,8.8.8.8,2,176,1,74,1,102
D4:F5:47:82:0E:C6,ALL,udp:42399,192.168.3.117*,2,198,1,119,1,79
D4:F5:47:82:0E:C6,ALL,udp:42399,8.8.8.8*,2,198,1,79,1,119
D4:F5:47:82:0E:C6,ALL,udp:58410,192.168.3.117*,2,164,1,90,1,74
D4:F5:47:82:0E:C6,ALL,udp:58410,8.8.8.8*,2,164,1,74,1,90
D4:F5:47:82:0E:C6,ALL,udp:46789,192.168.3.117*,2,176,1,102,1,74
D4:F5:47:82:0E:C6,ALL,udp:46789,8.8.8.8*,2,176,1,74,1,102
D4:F5:47:82:0E:C6,ALL,udp:41648,192.168.3.117*,2,164,1,90,1,74
D4:F5:47:82:0E:C6,ALL,udp:41648,8.8.8.8*,2,164,1,74,1,90
D4:F5:47:82:0E:C6,ALL,udp:54038,192.168.3.117*,2,164,1,90,1,74
D4:F5:47:82:0E:C6,ALL,udp:54038,8.8.8.8*,2,164,1,74,1,90
D4:F5:47:82:0E:C6,ALL,udp:56262,192.168.3.117*,2,164,1,90,1,74
D4:F5:47:82:0E:C6,ALL,udp:56262,8.8.8.8*,2,164,1,74,1,90
D4:F5:47:82:0E:C6,ALL,udp:41729,192.168.3.117*,2,180,1,90,1,90
D4:F5:47:82:0E:C6,ALL,udp:41729,216.239.35.12*,2,180,1,90,1,90
D4:F5:47:82:0E:C6,ALL,udp:48594,192.168.3.117*,2,176,1,102,1,74
D4:F5:47:82:0E:C6,ALL,udp:48594,8.8.8.8*,2,176,1,74,1,102
D4:F5:47:82:0E:C6,ALL,udp:57808,192.168.3.117*,2,164,1,90,1,74
D4:F5:47:82:0E:C6,ALL,udp:57808,8.8.8.8*,2,164,1,74,1,90
D4:F5:47:82:0E:C6,ALL,udp:47662,192.168.3.117*,2,176,1,102,1,74
D4:F5:47:82:0E:C6,ALL,udp:47662,8.8.8.8*,2,176,1,74,1,102
D4:F5:47:82:0E:C6,ALL,udp:59119,192.168.3.117*,2,176,1,102,1,74
D4:F5:47:82:0E:C6,ALL,udp:59119,8.8.8.8*,2,176,1,74,1,102
D4:F5:47:82:0E:C6,ALL,udp:36885,192.168.3.117*,2,194,1,105,1,89
D4:F5:47:82:0E:C6,ALL,udp:36885,8.8.8.8*,2,194,1,89,1,105
D4:F5:47:82:0E:C6,ALL,udp:33461,192.168.3.117*,2,164,1,90,1,74
D4:F5:47:82:0E:C6,ALL,udp:33461,8.8.8.8*,2,164,1,74,1,90
D4:F5:47:82:0E:C6,ALL,udp:58731,192.168.3.117*,2,176,1,102,1,74
D4:F5:47:82:0E:C6,ALL,udp:58731,8.8.8.8*,2,176,1,74,1,102
D4:F5:47:82:0E:C6,ALL,udp:37456,192.168.3.117*,2,164,1,90,1,74
D4:F5:47:82:0E:C6,ALL,udp:37456,8.8.8.8*,2,164,1,74,1,90
D4:F5:47:82:0E:C6,ALL,udp:53064,192.168.3.117*,2,176,1,102,1,74
D4:F5:47:82:0E:C6,ALL,udp:53064,8.8.8.8*,2,176,1,74,1,102
D4:F5:47:82:0E:C6,ALL,udp:55573,192.168.3.117*,2,164,1,90,1,74
D4:F5:47:82:0E:C6,ALL,udp:55573,8.8.8.8*,2,164,1,74,1,90
D4:F5:47:82:0E:C6,ALL,udp:35483,192.168.3.117*,2,164,1,90,1,74
D4:F5:47:82:0E:C6,ALL,udp:35483,8.8.8.8*,2,164,1,74,1,90
D4:F5:47:82:0E:C6,ALL,udp:39310,192.168.3.117*,2,164,1,90,1,74
D4:F5:47:82:0E:C6,ALL,udp:39310,8.8.8.8*,2,164,1,74,1,90
D4:F5:47:82:0E:C6,ALL,udp:36346,192.168.3.117*,2,176,1,102,1,74
D4:F5:47:82:0E:C6,ALL,udp:36346,8.8.8.8*,2,176,1,74,1,102
D4:F5:47:82:0E:C6,ALL,udp:42490,192.168.3.117*,2,214,1,139,1,75
D4:F5:47:82:0E:C6,ALL,udp:42490,8.8.8.8*,2,214,1,75,1,139
D4:F5:47:82:0E:C6,ALL,udp:48627,192.168.3.117*,2,262,1,187,1,75
D4:F5:47:82:0E:C6,ALL,udp:48627,8.8.8.8*,2,262,1,75,1,187
D4:F5:47:82:0E:C6,ALL,udp:42382,192.168.3.117*,2,164,1,90,1,74
D4:F5:47:82:0E:C6,ALL,udp:42382,8.8.8.8*,2,164,1,74,1,90
D4:F5:47:82:0E:C6,ALL,udp:36955,192.168.3.117*,2,176,1,102,1,74
D4:F5:47:82:0E:C6,ALL,udp:36955,8.8.8.8*,2,176,1,74,1,102
D4:F5:47:82:0E:C6,ALL,udp:39783,192.168.3.117*,2,164,1,90,1,74
D4:F5:47:82:0E:C6,ALL,udp:39783,8.8.8.8*,2,164,1,74,1,90
D4:F5:47:82:0E:C6,ALL,udp:60238,192.168.3.117*,2,164,1,90,1,74
D4:F5:47:82:0E:C6,ALL,udp:60238,8.8.8.8*,2,164,1,74,1,90
D4:F5:47:82:0E:C6,ALL,udp:34985,192.168.3.117*,2,164,1,90,1,74
D4:F5:47:82:0E:C6,ALL,udp:34985,8.8.8.8*,2,164,1,74,1,90
D4:F5:47:82:0E:C6,ALL,udp:36880,192.168.3.117*,2,164,1,90,1,74
D4:F5:47:82:0E:C6,ALL,udp:36880,8.8.8.8*,2,164,1,74,1,90
D4:F5:47:82:0E:C6,ALL,udp:38456,192.168.3.117*,2,176,1,102,1,74
D4:F5:47:82:0E:C6,ALL,udp:38456,8.8.8.8*,2,176,1,74,1,102
D4:F5:47:82:0E:C6,ALL,udp:51913,192.168.3.117*,2,176,1,102,1,74
D4:F5:47:82:0E:C6,ALL,udp:51913,8.8.8.8*,2,176,1,74,1,102
D4:F5:47:82:0E:C6,ALL,udp:45519,192.168.3.117*,2,164,1,90,1,74
D4:F5:47:82:0E:C6,ALL,udp:45519,8.8.8.8*,2,164,1,74,1,90
D4:F5:47:82:0E:C6,ALL,udp:39409,192.168.3.117*,2,176,1,102,1,74
D4:F5:47:82:0E:C6,ALL,udp:39409,8.8.8.8*,2,176,1,74,1,102
D4:F5:47:82:0E:C6,ALL,udp:36639,192.168.3.117*,2,176,1,102,1,74
D4:F5:47:82:0E:C6,ALL,udp:36639,8.8.8.8*,2,176,1,74,1,102
D4:F5:47:82:0E:C6,ALL,udp:60809,192.168.3.117*,2,164,1,90,1,74
D4:F5:47:82:0E:C6,ALL,udp:60809,8.8.8.8*,2,164,1,74,1,90
D4:F5:47:82:0E:C6,ALL,udp:60857,192.168.3.117*,2,176,1,102,1,74
D4:F5:47:82:0E:C6,ALL,udp:60857,8.8.8.8*,2,176,1,74,1,102
D4:F5:47:82:0E:C6,ALL,udp:48688,192.168.3.117*,2,164,1,90,1,74
D4:F5:47:82:0E:C6,ALL,udp:48688,8.8.8.8*,2,164,1,74,1,90
D4:F5:47:82:0E:C6,ALL,udp:47474,192.168.3.117*,2,164,1,90,1,74
D4:F5:47:82:0E:C6,ALL,udp:47474,8.8.8.8*,2,164,1,74,1,90
D4:F5:47:82:0E:C6,ALL,udp:33392,192.168.3.117*,2,176,1,102,1,74
D4:F5:47:82:0E:C6,ALL,udp:33392,8.8.8.8*,2,176,1,74,1,102
D4:F5:47:82:0E:C6,ALL,udp:51282,192.168.3.117*,2,164,1,90,1,74
D4:F5:47:82:0E:C6,ALL,udp:51282,8.8.8.8*,2,164,1,74,1,90
D4:F5:47:82:0E:C6,ALL,udp:33435,192.168.3.117*,2,164,1,90,1,74
D4:F5:47:82:0E:C6,ALL,udp:33435,8.8.8.8*,2,164,1,74,1,90
D4:F5:47:82:0E:C6,ALL,udp:59381,192.168.3.117*,2,214,1,139,1,75
D4:F5:47:82:0E:C6,ALL,udp:59381,8.8.8.8*,2,214,1,75,1,139
D4:F5:47:82:0E:C6,ALL,udp:44205,192.168.3.117*,2,262,1,187,1,75
D4:F5:47:82:0E:C6,ALL,udp:44205,8.8.8.8*,2,262,1,75,1,187
D4:F5:47:82:0E:C6,ALL,udp:57377,192.168.3.117*,2,176,1,102,1,74
D4:F5:47:82:0E:C6,ALL,udp:57377,8.8.8.8*,2,176,1,74,1,102
D4:F5:47:82:0E:C6,ALL,udp:59559,192.168.3.117*,2,164,1,90,1,74
D4:F5:47:82:0E:C6,ALL,udp:59559,8.8.8.8*,2,164,1,74,1,90
D4:F5:47:82:0E:C6,ALL,udp:44232,192.168.3.117*,2,164,1,90,1,74
D4:F5:47:82:0E:C6,ALL,udp:44232,8.8.8.8*,2,164,1,74,1,90
D4:F5:47:82:0E:C6,ALL,udp:56621,192.168.3.117*,2,198,1,119,1,79
D4:F5:47:82:0E:C6,ALL,udp:56621,8.8.8.8*,2,198,1,79,1,119
D4:F5:47:82:0E:C6,ALL,udp:53614,192.168.3.117*,2,176,1,102,1,74
D4:F5:47:82:0E:C6,ALL,udp:53614,8.8.8.8*,2,176,1,74,1,102
D4:F5:47:82:0E:C6,ALL,udp:56181,192.168.3.117*,2,164,1,90,1,74
D4:F5:47:82:0E:C6,ALL,udp:56181,8.8.8.8*,2,164,1,74,1,90
D4:F5:47:82:0E:C6,ALL,udp:51329,192.168.3.117*,2,176,1,102,1,74
D4:F5:47:82:0E:C6,ALL,udp:51329,8.8.8.8*,2,176,1,74,1,102
D4:F5:47:82:0E:C6,ALL,udp:42900,192.168.3.117*,2,164,1,90,1,74
D4:F5:47:82:0E:C6,ALL,udp:42900,8.8.8.8*,2,164,1,74,1,90
D4:F5:47:82:0E:C6,ALL,udp:44145,192.168.3.117*,2,176,1,102,1,74
D4:F5:47:82:0E:C6,ALL,udp:44145,8.8.8.8*,2,176,1,74,1,102
D4:F5:47:82:0E:C6,ALL,udp:40785,192.168.3.117*,2,164,1,90,1,74
D4:F5:47:82:0E:C6,ALL,udp:40785,8.8.8.8*,2,164,1,74,1,90
D4:F5:47:82:0E:C6,ALL,udp:45870,192.168.3.117*,2,176,1,102,1,74
D4:F5:47:82:0E:C6,ALL,udp:45870,8.8.8.8*,2,176,1,74,1,102
D4:F5:47:82:0E:C6,ALL,udp:39857,192.168.3.117*,2,176,1,102,1,74
D4:F5:47:82:0E:C6,ALL,udp:39857,8.8.8.8*,2,176,1,74,1,102
D4:F5:47:82:0E:C6,ALL,udp:54830,192.168.3.117*,2,164,1,90,1,74
D4:F5:47:82:0E:C6,ALL,udp:54830,8.8.8.8*,2,164,1,74,1,90
D4:F5:47:82:0E:C6,ALL,udp:56205,192.168.3.117*,2,176,1,102,1,74
D4:F5:47:82:0E:C6,ALL,udp:56205,8.8.8.8*,2,176,1,74,1,102
D4:F5:47:82:0E:C6,ALL,udp:55182,192.168.3.117*,2,164,1,90,1,74
D4:F5:47:82:0E:C6,ALL,udp:55182,8.8.8.8*,2,164,1,74,1,90
D4:F5:47:82:0E:C6,ALL,udp:55286,192.168.3.117*,2,176,1,102,1,74
D4:F5:47:82:0E:C6,ALL,udp:55286,8.8.8.8*,2,176,1,74,1,102
D4:F5:47:82:0E:C6,ALL,udp:45309,192.168.3.117*,2,164,1,90,1,74
D4:F5:47:82:0E:C6,ALL,udp:45309,8.8.8.8*,2,164,1,74,1,90
D4:F5:47:82:0E:C6,ALL,udp:33136,192.168.3.117*,2,164,1,90,1,74
D4:F5:47:82:0E:C6,ALL,udp:33136,8.8.8.8*,2,164,1,74,1,90
D4:F5:47:82:0E:C6,ALL,udp:58467,192.168.3.117*,2,176,1,102,1,74
D4:F5:47:82:0E:C6,ALL,udp:58467,8.8.8.8*,2,176,1,74,1,102
D4:F5:47:82:0E:C6,ALL,udp:57111,192.168.3.117*,2,198,1,119,1,79
D4:F5:47:82:0E:C6,ALL,udp:57111,8.8.8.8*,2,198,1,79,1,119
D4:F5:47:82:0E:C6,ALL,udp:52153,192.168.3.117*,2,176,1,102,1,74
D4:F5:47:82:0E:C6,ALL,udp:52153,8.8.8.8*,2,176,1,74,1,102
D4:F5:47:82:0E:C6,ALL,udp:44678,192.168.3.117*,2,164,1,90,1,74
D4:F5:47:82:0E:C6,ALL,udp:44678,8.8.8.8*,2,164,1,74,1,90
D4:F5:47:82:0E:C6,ALL,udp:51154,192.168.3.117*,2,176,1,102,1,74
D4:F5:47:82:0E:C6,ALL,udp:51154,8.8.8.8*,2,176,1,74,1,102
D4:F5:47:82:0E:C6,ALL,udp:55867,192.168.3.117*,2,262,1,187,1,75
D4:F5:47:82:0E:C6,ALL,udp:55867,8.8.8.8*,2,262,1,75,1,187
D4:F5:47:82:0E:C6,ALL,udp:55468,192.168.3.117*,2,164,1,90,1,74
D4:F5:47:82:0E:C6,ALL,udp:55468,8.8.8.8*,2,164,1,74,1,90
D4:F5:47:82:0E:C6,ALL,udp:34111,192.168.3.117*,2,176,1,102,1,74
D4:F5:47:82:0E:C6,ALL,udp:34111,8.8.8.8*,2,176,1,74,1,102
D4:F5:47:82:0E:C6,ALL,udp:43832,192.168.3.117*,2,176,1,102,1,74
D4:F5:47:82:0E:C6,ALL,udp:43832,8.8.8.8*,2,176,1,74,1,102
D4:F5:47:82:0E:C6,ALL,udp:46439,192.168.3.117*,2,164,1,90,1,74
D4:F5:47:82:0E:C6,ALL,udp:46439,8.8.8.8*,2,164,1,74,1,90
D4:F5:47:82:0E:C6,ALL,udp:38790,192.168.3.117*,2,164,1,90,1,74
D4:F5:47:82:0E:C6,ALL,udp:38790,8.8.8.8*,2,164,1,74,1,90
D4:F5:47:82:0E:C6,ALL,udp:51080,192.168.3.117*,2,176,1,102,1,74
D4:F5:47:82:0E:C6,ALL,udp:51080,8.8.8.8*,2,176,1,74,1,102
D4:F5:47:82:0E:C6,ALL,udp:47985,192.168.3.117*,2,164,1,90,1,74
D4:F5:47:82:0E:C6,ALL,udp:47985,8.8.8.8*,2,164,1,74,1,90
D4:F5:47:82:0E:C6,ALL,udp:53548,192.168.3.117*,2,176,1,102,1,74
D4:F5:47:82:0E:C6,ALL,udp:53548,8.8.8.8*,2,176,1,74,1,102
D4:F5:47:82:0E:C6,ALL,udp:49111,192.168.3.117*,2,164,1,90,1,74
D4:F5:47:82:0E:C6,ALL,udp:49111,8.8.8.8*,2,164,1,74,1,90
D4:F5:47:82:0E:C6,ALL,udp:41435,192.168.3.117*,2,176,1,102,1,74
D4:F5:47:82:0E:C6,ALL,udp:41435,8.8.8.8*,2,176,1,74,1,102
D4:F5:47:82:0E:C6,ALL,udp:50776,192.168.3.117*,2,164,1,90,1,74
D4:F5:47:82:0E:C6,ALL,udp:50776,8.8.8.8*,2,164,1,74,1,90
D4:F5:47:82:0E:C6,ALL,udp:41294,192.168.3.117*,2,176,1,102,1,74
D4:F5:47:82:0E:C6,ALL,udp:41294,8.8.8.8*,2,176,1,74,1,102
D4:F5:47:82:0E:C6,ALL,udp:48648,192.168.3.117*,2,156,1,86,1,70
D4:F5:47:82:0E:C6,ALL,udp:48648,8.8.8.8*,2,156,1,70,1,86
D4:F5:47:82:0E:C6,ALL,udp:46044,192.168.3.117*,2,213,1,126,1,87
D4:F5:47:82:0E:C6,ALL,udp:46044,8.8.8.8*,2,213,1,87,1,126
D4:F5:47:82:0E:C6,ALL,udp:51552,192.168.3.117*,2,213,1,126,1,87
D4:F5:47:82:0E:C6,ALL,udp:51552,8.8.8.8*,2,213,1,87,1,126
D4:F5:47:82:0E:C6,ALL,udp:43593,192.168.3.117*,2,213,1,126,1,87
D4:F5:47:82:0E:C6,ALL,udp:43593,8.8.8.8*,2,213,1,87,1,126
D4:F5:47:82:0E:C6,ALL,udp:33374,192.168.3.117*,2,213,1,126,1,87
D4:F5:47:82:0E:C6,ALL,udp:33374,8.8.8.8*,2,213,1,87,1,126
D4:F5:47:82:0E:C6,ALL,udp:37744,192.168.3.117*,2,213,1,126,1,87
D4:F5:47:82:0E:C6,ALL,udp:37744,8.8.8.8*,2,213,1,87,1,126
D4:F5:47:82:0E:C6,ALL,udp:40529,192.168.3.117*,2,164,1,90,1,74
D4:F5:47:82:0E:C6,ALL,udp:40529,8.8.8.8*,2,164,1,74,1,90
D4:F5:47:82:0E:C6,ALL,udp:40323,192.168.3.117*,2,176,1,102,1,74
D4:F5:47:82:0E:C6,ALL,udp:40323,8.8.8.8*,2,176,1,74,1,102
D4:F5:47:82:0E:C6,ALL,udp:56957,192.168.3.117*,2,164,1,90,1,74
D4:F5:47:82:0E:C6,ALL,udp:56957,8.8.8.8*,2,164,1,74,1,90
D4:F5:47:82:0E:C6,ALL,udp:33983,192.168.3.117*,2,176,1,102,1,74
D4:F5:47:82:0E:C6,ALL,udp:33983,8.8.8.8*,2,176,1,74,1,102
D4:F5:47:82:0E:C6,ALL,udp:45073,192.168.3.117*,2,214,1,139,1,75
D4:F5:47:82:0E:C6,ALL,udp:45073,8.8.8.8*,2,214,1,75,1,139
D4:F5:47:82:0E:C6,ALL,udp:57232,192.168.3.117*,2,262,1,187,1,75
D4:F5:47:82:0E:C6,ALL,udp:57232,8.8.8.8*,2,262,1,75,1,187
D4:F5:47:82:0E:C6,ALL,udp:39635,192.168.3.117*,2,164,1,90,1,74
D4:F5:47:82:0E:C6,ALL,udp:39635,8.8.8.8*,2,164,1,74,1,90
D4:F5:47:82:0E:C6,ALL,udp:46590,192.168.3.117*,2,164,1,90,1,74
D4:F5:47:82:0E:C6,ALL,udp:46590,8.8.8.8*,2,164,1,74,1,90
D4:F5:47:82:0E:C6,ALL,udp:57134,192.168.3.117*,2,176,1,102,1,74
D4:F5:47:82:0E:C6,ALL,udp:57134,8.8.8.8*,2,176,1,74,1,102
D4:F5:47:82:0E:C6,ALL,udp:36185,192.168.3.117*,2,164,1,90,1,74
D4:F5:47:82:0E:C6,ALL,udp:36185,8.8.8.8*,2,164,1,74,1,90
D4:F5:47:82:0E:C6,ALL,udp:38483,192.168.3.117*,2,176,1,102,1,74
D4:F5:47:82:0E:C6,ALL,udp:38483,8.8.8.8*,2,176,1,74,1,102
D4:F5:47:82:0E:C6,ALL,udp:34435,192.168.3.117*,2,164,1,90,1,74
D4:F5:47:82:0E:C6,ALL,udp:34435,8.8.8.8*,2,164,1,74,1,90
D4:F5:47:82:0E:C6,ALL,udp:41727,192.168.3.117*,2,176,1,102,1,74
D4:F5:47:82:0E:C6,ALL,udp:41727,8.8.8.8*,2,176,1,74,1,102
D4:F5:47:82:0E:C6,ALL,udp:34922,192.168.3.117*,2,164,1,90,1,74
D4:F5:47:82:0E:C6,ALL,udp:34922,8.8.8.8*,2,164,1,74,1,90
D4:F5:47:82:0E:C6,ALL,udp:58944,192.168.3.117*,2,164,1,90,1,74
D4:F5:47:82:0E:C6,ALL,udp:58944,8.8.8.8*,2,164,1,74,1,90
D4:F5:47:82:0E:C6,ALL,udp:34615,216.239.35.4,2,180,1,90,1,90
D4:F5:47:82:0E:C6,ALL,udp:34615,8.8.8.8,2,176,1,74,1,102
D4:F5:47:82:0E:C6,ALL,udp:41215,192.168.3.117*,2,164,1,90,1,74
D4:F5:47:82:0E:C6,ALL,udp:41215,8.8.8.8*,2,164,1,74,1,90
D4:F5:47:82:0E:C6,ALL,udp:39138,192.168.3.117*,2,176,1,102,1,74
D4:F5:47:82:0E:C6,ALL,udp:39138,8.8.8.8*,2,176,1,74,1,102
D4:F5:47:82:0E:C6,ALL,udp:53627,192.168.3.117*,2,164,1,90,1,74
D4:F5:47:82:0E:C6,ALL,udp:53627,8.8.8.8*,2,164,1,74,1,90
D4:F5:47:82:0E:C6,ALL,udp:38759,192.168.3.117*,2,176,1,102,1,74
D4:F5:47:82:0E:C6,ALL,udp:38759,8.8.8.8*,2,176,1,74,1,102
D4:F5:47:82:0E:C6,ALL,udp:50346,192.168.3.117*,2,164,1,90,1,74
D4:F5:47:82:0E:C6,ALL,udp:50346,8.8.8.8*,2,164,1,74,1,90
D4:F5:47:82:0E:C6,ALL,udp:36828,192.168.3.117*,2,194,1,105,1,89
D4:F5:47:82:0E:C6,ALL,udp:36828,8.8.8.8*,2,194,1,89,1,105
D4:F5:47:82:0E:C6,ALL,udp:56394,192.168.3.117*,2,164,1,90,1,74
D4:F5:47:82:0E:C6,ALL,udp:56394,8.8.8.8*,2,164,1,74,1,90
D4:F5:47:82:0E:C6,ALL,udp:60126,192.168.3.117*,2,176,1,102,1,74
D4:F5:47:82:0E:C6,ALL,udp:60126,8.8.8.8*,2,176,1,74,1,102
D4:F5:47:82:0E:C6,ALL,udp:50739,192.168.3.117*,2,176,1,102,1,74
D4:F5:47:82:0E:C6,ALL,udp:50739,8.8.8.8*,2,176,1,74,1,102
D4:F5:47:82:0E:C6,ALL,udp:37943,192.168.3.117*,2,176,1,102,1,74
D4:F5:47:82:0E:C6,ALL,udp:37943,8.8.8.8*,2,176,1,74,1,102
D4:F5:47:82:0E:C6,ALL,udp:34448,192.168.3.117*,2,164,1,90,1,74
D4:F5:47:82:0E:C6,ALL,udp:34448,8.8.8.8*,2,164,1,74,1,90
D4:F5:47:82:0E:C6,ALL,udp:37435,192.168.3.117*,2,198,1,119,1,79
D4:F5:47:82:0E:C6,ALL,udp:37435,8.8.8.8*,2,198,1,79,1,119
D4:F5:47:82:0E:C6,ALL,udp:45873,192.168.3.117*,2,164,1,90,1,74
D4:F5:47:82:0E:C6,ALL,udp:45873,8.8.8.8*,2,164,1,74,1,90
D4:F5:47:82:0E:C6,ALL,udp:43782,192.168.3.117*,2,214,1,139,1,75
D4:F5:47:82:0E:C6,ALL,udp:43782,8.8.8.8*,2,214,1,75,1,139
D4:F5:47:82:0E:C6,ALL,udp:48070,192.168.3.117*,2,262,1,187,1,75
D4:F5:47:82:0E:C6,ALL,udp:48070,8.8.8.8*,2,262,1,75,1,187
D4:F5:47:82:0E:C6,ALL,udp:44575,192.168.3.117*,2,164,1,90,1,74
D4:F5:47:82:0E:C6,ALL,udp:44575,8.8.8.8*,2,164,1,74,1,90
D4:F5:47:82:0E:C6,ALL,udp:43027,192.168.3.117*,2,176,1,102,1,74
D4:F5:47:82:0E:C6,ALL,udp:43027,8.8.8.8*,2,176,1,74,1,102
D4:F5:47:82:0E:C6,ALL,udp:46702,192.168.3.117*,2,164,1,90,1,74
D4:F5:47:82:0E:C6,ALL,udp:46702,8.8.8.8*,2,164,1,74,1,90
D4:F5:47:82:0E:C6,ALL,udp:33965,192.168.3.117*,2,164,1,90,1,74
D4:F5:47:82:0E:C6,ALL,udp:33965,8.8.8.8*,2,164,1,74,1,90
D4:F5:47:82:0E:C6,ALL,udp:55142,192.168.3.117*,2,176,1,102,1,74
D4:F5:47:82:0E:C6,ALL,udp:55142,8.8.8.8*,2,176,1,74,1,102
D4:F5:47:82:0E:C6,ALL,udp:48489,192.168.3.117*,2,164,1,90,1,74
D4:F5:47:82:0E:C6,ALL,udp:48489,8.8.8.8*,2,164,1,74,1,90
D4:F5:47:82:0E:C6,ALL,udp:34620,192.168.3.117*,2,176,1,102,1,74
D4:F5:47:82:0E:C6,ALL,udp:34620,8.8.8.8*,2,176,1,74,1,102
D4:F5:47:82:0E:C6,ALL,udp:35957,192.168.3.117*,2,164,1,90,1,74
D4:F5:47:82:0E:C6,ALL,udp:35957,8.8.8.8*,2,164,1,74,1,90
D4:F5:47:82:0E:C6,ALL,udp:35156,192.168.3.117*,2,164,1,90,1,74
D4:F5:47:82:0E:C6,ALL,udp:35156,8.8.8.8*,2,164,1,74,1,90
D4:F5:47:82:0E:C6,ALL,udp:44206,192.168.3.117*,2,176,1,102,1,74
D4:F5:47:82:0E:C6,ALL,udp:44206,8.8.8.8*,2,176,1,74,1,102
D4:F5:47:82:0E:C6,ALL,udp:34666,192.168.3.117*,2,164,1,90,1,74
D4:F5:47:82:0E:C6,ALL,udp:34666,8.8.8.8*,2,164,1,74,1,90
D4:F5:47:82:0E:C6,ALL,udp:49681,192.168.3.117*,2,176,1,102,1,74
D4:F5:47:82:0E:C6,ALL,udp:49681,8.8.8.8*,2,176,1,74,1,102
D4:F5:47:82:0E:C6,ALL,udp:33766,192.168.3.117*,2,164,1,90,1,74
D4:F5:47:82:0E:C6,ALL,udp:33766,8.8.8.8*,2,164,1,74,1,90
D4:F5:47:82:0E:C6,ALL,udp:58405,192.168.3.117*,2,176,1,102,1,74
D4:F5:47:82:0E:C6,ALL,udp:58405,8.8.8.8*,2,176,1,74,1,102
D4:F5:47:82:0E:C6,ALL,udp:40672,192.168.3.117*,2,176,1,102,1,74
D4:F5:47:82:0E:C6,ALL,udp:40672,8.8.8.8*,2,176,1,74,1,102
D4:F5:47:82:0E:C6,ALL,udp:34999,192.168.3.117*,2,164,1,90,1,74
D4:F5:47:82:0E:C6,ALL,udp:34999,8.8.8.8*,2,164,1,74,1,90
D4:F5:47:82:0E:C6,ALL,udp:35917,216.239.35.0,2,180,1,90,1,90
D4:F5:47:82:0E:C6,ALL,udp:35917,8.8.8.8,2,176,1,74,1,102
D4:F5:47:82:0E:C6,ALL,udp:46291,192.168.3.117*,2,176,1,102,1,74
D4:F5:47:82:0E:C6,ALL,udp:46291,8.8.8.8*,2,176,1,74,1,102
D4:F5:47:82:0E:C6,ALL,udp:41054,192.168.3.117*,2,164,1,90,1,74
D4:F5:47:82:0E:C6,ALL,udp:41054,8.8.8.8*,2,164,1,74,1,90
D4:F5:47:82:0E:C6,ALL,udp:39524,192.168.3.117*,2,176,1,102,1,74
D4:F5:47:82:0E:C6,ALL,udp:39524,8.8.8.8*,2,176,1,74,1,102
D4:F5:47:82:0E:C6,ALL,udp:59974,192.168.3.117*,2,214,1,139,1,75
D4:F5:47:82:0E:C6,ALL,udp:59974,8.8.8.8*,2,214,1,75,1,139
D4:F5:47:82:0E:C6,ALL,udp:56572,192.168.3.117*,2,262,1,187,1,75
D4:F5:47:82:0E:C6,ALL,udp:56572,8.8.8.8*,2,262,1,75,1,187
D4:F5:47:82:0E:C6,ALL,udp:49680,192.168.3.117*,2,164,1,90,1,74
D4:F5:47:82:0E:C6,ALL,udp:49680,8.8.8.8*,2,164,1,74,1,90
D4:F5:47:82:0E:C6,ALL,udp:35472,192.168.3.117*,2,176,1,102,1,74
D4:F5:47:82:0E:C6,ALL,udp:35472,8.8.8.8*,2,176,1,74,1,102
D4:F5:47:82:0E:C6,ALL,udp:33486,192.168.3.117*,2,176,1,102,1,74
D4:F5:47:82:0E:C6,ALL,udp:33486,8.8.8.8*,2,176,1,74,1,102
D4:F5:47:82:0E:C6,ALL,udp:54533,192.168.3.117*,2,176,1,102,1,74
D4:F5:47:82:0E:C6,ALL,udp:54533,8.8.8.8*,2,176,1,74,1,102
D4:F5:47:82:0E:C6,ALL,udp:39977,192.168.3.117*,2,164,1,90,1,74
D4:F5:47:82:0E:C6,ALL,udp:39977,8.8.8.8*,2,164,1,74,1,90
D4:F5:47:82:0E:C6,ALL,udp:55263,192.168.3.117*,2,176,1,102,1,74
D4:F5:47:82:0E:C6,ALL,udp:55263,8.8.8.8*,2,176,1,74,1,102
D4:F5:47:82:0E:C6,ALL,udp:55976,192.168.3.117*,2,164,1,90,1,74
D4:F5:47:82:0E:C6,ALL,udp:55976,8.8.8.8*,2,164,1,74,1,90
D4:F5:47:82:0E:C6,ALL,udp:52216,192.168.3.117*,2,176,1,102,1,74
D4:F5:47:82:0E:C6,ALL,udp:52216,8.8.8.8*,2,176,1,74,1,102
D4:F5:47:82:0E:C6,ALL,udp:43878,192.168.3.117*,2,176,1,102,1,74
D4:F5:47:82:0E:C6,ALL,udp:43878,8.8.8.8*,2,176,1,74,1,102
D4:F5:47:82:0E:C6,ALL,udp:41651,192.168.3.117*,2,164,1,90,1,74
D4:F5:47:82:0E:C6,ALL,udp:41651,8.8.8.8*,2,164,1,74,1,90
D4:F5:47:82:0E:C6,ALL,udp:48646,192.168.3.117*,2,176,1,102,1,74
D4:F5:47:82:0E:C6,ALL,udp:48646,8.8.8.8*,2,176,1,74,1,102
D4:F5:47:82:0E:C6,ALL,udp:57100,192.168.3.117*,2,198,1,119,1,79
D4:F5:47:82:0E:C6,ALL,udp:57100,8.8.8.8*,2,198,1,79,1,119
D4:F5:47:82:0E:C6,ALL,udp:53783,192.168.3.117*,2,164,1,90,1,74
D4:F5:47:82:0E:C6,ALL,udp:53783,8.8.8.8*,2,164,1,74,1,90
D4:F5:47:82:0E:C6,ALL,udp:44011,192.168.3.117*,2,176,1,102,1,74
D4:F5:47:82:0E:C6,ALL,udp:44011,8.8.8.8*,2,176,1,74,1,102
D4:F5:47:82:0E:C6,ALL,udp:55172,192.168.3.117*,2,176,1,102,1,74
D4:F5:47:82:0E:C6,ALL,udp:55172,8.8.8.8*,2,176,1,74,1,102
D4:F5:47:82:0E:C6,ALL,udp:38034,192.168.3.117*,2,176,1,102,1,74
D4:F5:47:82:0E:C6,ALL,udp:38034,8.8.8.8*,2,176,1,74,1,102
D4:F5:47:82:0E:C6,ALL,udp:56592,192.168.3.117*,2,198,1,119,1,79
D4:F5:47:82:0E:C6,ALL,udp:56592,8.8.8.8*,2,198,1,79,1,119
D4:F5:47:82:0E:C6,ALL,udp:51039,192.168.3.117*,2,164,1,90,1,74
D4:F5:47:82:0E:C6,ALL,udp:51039,8.8.8.8*,2,164,1,74,1,90
D4:F5:47:82:0E:C6,ALL,udp:57199,192.168.3.117*,2,176,1,102,1,74
D4:F5:47:82:0E:C6,ALL,udp:57199,8.8.8.8*,2,176,1,74,1,102
D4:F5:47:82:0E:C6,ALL,udp:46972,192.168.3.117*,2,164,1,90,1,74
D4:F5:47:82:0E:C6,ALL,udp:46972,8.8.8.8*,2,164,1,74,1,90
D4:F5:47:82:0E:C6,ALL,udp:49685,192.168.3.117*,2,176,1,102,1,74
D4:F5:47:82:0E:C6,ALL,udp:49685,8.8.8.8*,2,176,1,74,1,102
D4:F5:47:82:0E:C6,ALL,udp:43132,192.168.3.117*,2,164,1,90,1,74
D4:F5:47:82:0E:C6,ALL,udp:43132,8.8.8.8*,2,164,1,74,1,90
D4:F5:47:82:0E:C6,ALL,udp:46750,192.168.3.117*,2,176,1,102,1,74
D4:F5:47:82:0E:C6,ALL,udp:46750,8.8.8.8*,2,176,1,74,1,102
D4:F5:47:82:0E:C6,ALL,udp:53459,192.168.3.117*,2,164,1,90,1,74
D4:F5:47:82:0E:C6,ALL,udp:53459,8.8.8.8*,2,164,1,74,1,90
D4:F5:47:82:0E:C6,ALL,udp:40554,192.168.3.117*,2,164,1,90,1,74
D4:F5:47:82:0E:C6,ALL,udp:40554,8.8.8.8*,2,164,1,74,1,90
D4:F5:47:82:0E:C6,ALL,udp:48962,192.168.3.117*,2,214,1,139,1,75
D4:F5:47:82:0E:C6,ALL,udp:48962,8.8.8.8*,2,214,1,75,1,139
D4:F5:47:82:0E:C6,ALL,udp:35415,192.168.3.117*,2,262,1,187,1,75
D4:F5:47:82:0E:C6,ALL,udp:35415,8.8.8.8*,2,262,1,75,1,187
D4:F5:47:82:0E:C6,ALL,udp:35096,192.168.3.117*,2,176,1,102,1,74
D4:F5:47:82:0E:C6,ALL,udp:35096,8.8.8.8*,2,176,1,74,1,102
D4:F5:47:82:0E:C6,ALL,udp:50387,192.168.3.117*,2,164,1,90,1,74
D4:F5:47:82:0E:C6,ALL,udp:50387,8.8.8.8*,2,164,1,74,1,90
D4:F5:47:82:0E:C6,ALL,udp:57704,192.168.3.117*,2,176,1,102,1,74
D4:F5:47:82:0E:C6,ALL,udp:57704,8.8.8.8*,2,176,1,74,1,102
D4:F5:47:82:0E:C6,ALL,udp:43378,192.168.3.117*,2,164,1,90,1,74
D4:F5:47:82:0E:C6,ALL,udp:43378,8.8.8.8*,2,164,1,74,1,90
D4:F5:47:82:0E:C6,ALL,udp:55188,192.168.3.117*,2,164,1,90,1,74
D4:F5:47:82:0E:C6,ALL,udp:55188,8.8.8.8*,2,164,1,74,1,90
D4:F5:47:82:0E:C6,ALL,udp:43626,192.168.3.117*,2,164,1,90,1,74
D4:F5:47:82:0E:C6,ALL,udp:43626,8.8.8.8*,2,164,1,74,1,90
D4:F5:47:82:0E:C6,ALL,udp:47057,192.168.3.117*,2,176,1,102,1,74
D4:F5:47:82:0E:C6,ALL,udp:47057,8.8.8.8*,2,176,1,74,1,102
D4:F5:47:82:0E:C6,ALL,udp:39567,192.168.3.117*,2,164,1,90,1,74
D4:F5:47:82:0E:C6,ALL,udp:39567,8.8.8.8*,2,164,1,74,1,90
D4:F5:47:82:0E:C6,ALL,udp:33822,192.168.3.117*,2,176,1,102,1,74
D4:F5:47:82:0E:C6,ALL,udp:33822,8.8.8.8*,2,176,1,74,1,102
D4:F5:47:82:0E:C6,ALL,udp:60146,192.168.3.117*,2,164,1,90,1,74
D4:F5:47:82:0E:C6,ALL,udp:60146,8.8.8.8*,2,164,1,74,1,90
D4:F5:47:82:0E:C6,ALL,udp:58366,192.168.3.117*,2,176,1,102,1,74
D4:F5:47:82:0E:C6,ALL,udp:58366,8.8.8.8*,2,176,1,74,1,102
D4:F5:47:82:0E:C6,ALL,udp:39446,192.168.3.117*,2,164,1,90,1,74
D4:F5:47:82:0E:C6,ALL,udp:39446,8.8.8.8*,2,164,1,74,1,90
D4:F5:47:82:0E:C6,ALL,udp:50234,192.168.3.117*,2,164,1,90,1,74
D4:F5:47:82:0E:C6,ALL,udp:50234,8.8.8.8*,2,164,1,74,1,90
D4:F5:47:82:0E:C6,ALL,udp:53024,192.168.3.117*,2,214,1,139,1,75
D4:F5:47:82:0E:C6,ALL,udp:53024,8.8.8.8*,2,214,1,75,1,139
D4:F5:47:82:0E:C6,ALL,udp:37618,192.168.3.117*,2,164,1,90,1,74
D4:F5:47:82:0E:C6,ALL,udp:37618,8.8.8.8*,2,164,1,74,1,90
D4:F5:47:82:0E:C6,ALL,udp:35876,192.168.3.117*,2,176,1,102,1,74
D4:F5:47:82:0E:C6,ALL,udp:35876,8.8.8.8*,2,176,1,74,1,102
D4:F5:47:82:0E:C6,ALL,udp:52666,192.168.3.117*,2,164,1,90,1,74
D4:F5:47:82:0E:C6,ALL,udp:52666,8.8.8.8*,2,164,1,74,1,90
D4:F5:47:82:0E:C6,ALL,udp:39351,192.168.3.117*,2,176,1,102,1,74
D4:F5:47:82:0E:C6,ALL,udp:39351,8.8.8.8*,2,176,1,74,1,102
D4:F5:47:82:0E:C6,ALL,udp:47296,192.168.3.117*,2,164,1,90,1,74
D4:F5:47:82:0E:C6,ALL,udp:47296,8.8.8.8*,2,164,1,74,1,90
D4:F5:47:82:0E:C6,ALL,udp:47487,192.168.3.117*,2,164,1,90,1,74
D4:F5:47:82:0E:C6,ALL,udp:47487,8.8.8.8*,2,164,1,74,1,90
D4:F5:47:82:0E:C6,ALL,udp:36229,192.168.3.117*,2,176,1,102,1,74
D4:F5:47:82:0E:C6,ALL,udp:36229,8.8.8.8*,2,176,1,74,1,102
D4:F5:47:82:0E:C6,ALL,udp:48751,192.168.3.117*,2,164,1,90,1,74
D4:F5:47:82:0E:C6,ALL,udp:48751,8.8.8.8*,2,164,1,74,1,90
D4:F5:47:82:0E:C6,ALL,udp:41585,192.168.3.117*,2,176,1,102,1,74
D4:F5:47:82:0E:C6,ALL,udp:41585,8.8.8.8*,2,176,1,74,1,102
D4:F5:47:82:0E:C6,ALL,udp:36306,192.168.3.117*,2,164,1,90,1,74
D4:F5:47:82:0E:C6,ALL,udp:36306,8.8.8.8*,2,164,1,74,1,90
D4:F5:47:82:0E:C6,ALL,udp:60942,216.239.35.4,2,180,1,90,1,90
D4:F5:47:82:0E:C6,ALL,udp:60942,8.8.8.8,2,176,1,74,1,102
D4:F5:47:82:0E:C6,ALL,udp:57939,192.168.3.117*,2,176,1,102,1,74
D4:F5:47:82:0E:C6,ALL,udp:57939,8.8.8.8*,2,176,1,74,1,102
D4:F5:47:82:0E:C6,ALL,udp:34856,192.168.3.117*,2,194,1,105,1,89
D4:F5:47:82:0E:C6,ALL,udp:34856,8.8.8.8*,2,194,1,89,1,105
D4:F5:47:82:0E:C6,ALL,udp:34790,192.168.3.117*,2,164,1,90,1,74
D4:F5:47:82:0E:C6,ALL,udp:34790,8.8.8.8*,2,164,1,74,1,90
D4:F5:47:82:0E:C6,ALL,udp:45416,192.168.3.117*,2,164,1,90,1,74
D4:F5:47:82:0E:C6,ALL,udp:45416,8.8.8.8*,2,164,1,74,1,90
D4:F5:47:82:0E:C6,ALL,udp:50325,192.168.3.117*,2,176,1,102,1,74
D4:F5:47:82:0E:C6,ALL,udp:50325,8.8.8.8*,2,176,1,74,1,102
D4:F5:47:82:0E:C6,ALL,udp:50794,192.168.3.117*,2,176,1,102,1,74
D4:F5:47:82:0E:C6,ALL,udp:50794,8.8.8.8*,2,176,1,74,1,102
D4:F5:47:82:0E:C6,ALL,udp:46383,192.168.3.117*,2,214,1,139,1,75
D4:F5:47:82:0E:C6,ALL,udp:46383,8.8.8.8*,2,214,1,75,1,139
D4:F5:47:82:0E:C6,ALL,udp:38418,192.168.3.117*,2,164,1,90,1,74
D4:F5:47:82:0E:C6,ALL,udp:38418,8.8.8.8*,2,164,1,74,1,90
D4:F5:47:82:0E:C6,ALL,udp:46730,192.168.3.117*,2,176,1,102,1,74
D4:F5:47:82:0E:C6,ALL,udp:46730,8.8.8.8*,2,176,1,74,1,102
D4:F5:47:82:0E:C6,ALL,udp:34197,192.168.3.117*,2,176,1,102,1,74
D4:F5:47:82:0E:C6,ALL,udp:34197,8.8.8.8*,2,176,1,74,1,102
D4:F5:47:82:0E:C6,ALL,udp:47945,192.168.3.117*,2,198,1,119,1,79
D4:F5:47:82:0E:C6,ALL,udp:47945,8.8.8.8*,2,198,1,79,1,119
D4:F5:47:82:0E:C6,ALL,udp:36543,192.168.3.117*,2,176,1,102,1,74
D4:F5:47:82:0E:C6,ALL,udp:36543,8.8.8.8*,2,176,1,74,1,102
D4:F5:47:82:0E:C6,ALL,udp:41936,192.168.3.117*,2,176,1,102,1,74
D4:F5:47:82:0E:C6,ALL,udp:41936,8.8.8.8*,2,176,1,74,1,102
D4:F5:47:82:0E:C6,ALL,udp:52704,192.168.3.117*,2,164,1,90,1,74
D4:F5:47:82:0E:C6,ALL,udp:52704,8.8.8.8*,2,164,1,74,1,90
D4:F5:47:82:0E:C6,ALL,udp:51003,192.168.3.117*,2,176,1,102,1,74
D4:F5:47:82:0E:C6,ALL,udp:51003,8.8.8.8*,2,176,1,74,1,102
D4:F5:47:82:0E:C6,ALL,udp:56979,192.168.3.117*,2,176,1,102,1,74
D4:F5:47:82:0E:C6,ALL,udp:56979,8.8.8.8*,2,176,1,74,1,102
D4:F5:47:82:0E:C6,ALL,udp:35902,192.168.3.117*,2,176,1,102,1,74
D4:F5:47:82:0E:C6,ALL,udp:35902,8.8.8.8*,2,176,1,74,1,102
D4:F5:47:82:0E:C6,ALL,udp:50041,192.168.3.117*,2,164,1,90,1,74
D4:F5:47:82:0E:C6,ALL,udp:50041,8.8.8.8*,2,164,1,74,1,90
D4:F5:47:82:0E:C6,ALL,udp:40357,192.168.3.117*,2,176,1,102,1,74
D4:F5:47:82:0E:C6,ALL,udp:40357,8.8.8.8*,2,176,1,74,1,102
D4:F5:47:82:0E:C6,ALL,udp:52329,192.168.3.117*,2,164,1,90,1,74
D4:F5:47:82:0E:C6,ALL,udp:52329,8.8.8.8*,2,164,1,74,1,90
D4:F5:47:82:0E:C6,ALL,udp:57022,192.168.3.117*,2,176,1,102,1,74
D4:F5:47:82:0E:C6,ALL,udp:57022,8.8.8.8*,2,176,1,74,1,102
D4:F5:47:82:0E:C6,ALL,udp:58573,192.168.3.117*,2,198,1,119,1,79
D4:F5:47:82:0E:C6,ALL,udp:58573,8.8.8.8*,2,198,1,79,1,119
D4:F5:47:82:0E:C6,ALL,udp:60719,192.168.3.117*,2,198,1,119,1,79
D4:F5:47:82:0E:C6,ALL,udp:60719,8.8.8.8*,2,198,1,79,1,119
D4:F5:47:82:0E:C6,ALL,udp:58626,192.168.3.117*,2,198,1,119,1,79
D4:F5:47:82:0E:C6,ALL,udp:58626,8.8.8.8*,2,198,1,79,1,119
D4:F5:47:82:0E:C6,ALL,udp:58532,192.168.3.117*,2,198,1,119,1,79
D4:F5:47:82:0E:C6,ALL,udp:58532,8.8.8.8*,2,198,1,79,1,119
D4:F5:47:82:0E:C6,ALL,udp:56211,192.168.3.117*,2,156,1,86,1,70
D4:F5:47:82:0E:C6,ALL,udp:56211,8.8.8.8*,2,156,1,70,1,86
D4:F5:47:82:0E:C6,ALL,udp:43611,192.168.3.117*,2,213,1,126,1,87
D4:F5:47:82:0E:C6,ALL,udp:43611,8.8.8.8*,2,213,1,87,1,126
D4:F5:47:82:0E:C6,ALL,udp:33774,192.168.3.117*,2,213,1,126,1,87
D4:F5:47:82:0E:C6,ALL,udp:33774,8.8.8.8*,2,213,1,87,1,126
D4:F5:47:82:0E:C6,ALL,udp:52531,192.168.3.117*,2,213,1,126,1,87
D4:F5:47:82:0E:C6,ALL,udp:52531,8.8.8.8*,2,213,1,87,1,126
D4:F5:47:82:0E:C6,ALL,udp:58306,192.168.3.117*,2,213,1,126,1,87
D4:F5:47:82:0E:C6,ALL,udp:58306,8.8.8.8*,2,213,1,87,1,126
D4:F5:47:82:0E:C6,ALL,udp:43319,192.168.3.117*,2,213,1,126,1,87
D4:F5:47:82:0E:C6,ALL,udp:43319,8.8.8.8*,2,213,1,87,1,126
D4:F5:47:82:0E:C6,ALL,udp:54366,192.168.3.117*,2,213,1,126,1,87
D4:F5:47:82:0E:C6,ALL,udp:54366,8.8.8.8*,2,213,1,87,1,126
D4:F5:47:82:0E:C6,ALL,udp:59415,192.168.3.117*,2,198,1,119,1,79
D4:F5:47:82:0E:C6,ALL,udp:59415,8.8.8.8*,2,198,1,79,1,119
D4:F5:47:82:0E:C6,ALL,udp:35978,192.168.3.117*,2,198,1,119,1,79
D4:F5:47:82:0E:C6,ALL,udp:35978,8.8.8.8*,2,198,1,79,1,119
D4:F5:47:82:0E:C6,ALL,udp:47529,192.168.3.117*,2,198,1,119,1,79
D4:F5:47:82:0E:C6,ALL,udp:47529,8.8.8.8*,2,198,1,79,1,119
D4:F5:47:82:0E:C6,ALL,udp:57891,142.251.32.110*,23,12415,13,9196,10,3219
D4:F5:47:82:0E:C6,ALL,udp:57891,8.8.8.8*,2,198,1,79,1,119
D4:F5:47:82:0E:C6,ALL,udp:49999,192.168.3.117*,2,198,1,119,1,79
D4:F5:47:82:0E:C6,ALL,udp:49999,8.8.8.8*,2,198,1,79,1,119
D4:F5:47:82:0E:C6,ALL,udp:45100,192.168.3.117*,2,198,1,119,1,79
D4:F5:47:82:0E:C6,ALL,udp:45100,8.8.8.8*,2,198,1,79,1,119
D4:F5:47:82:0E:C6,ALL,udp:59488,192.168.3.117*,2,164,1,90,1,74
D4:F5:47:82:0E:C6,ALL,udp:59488,8.8.8.8*,2,164,1,74,1,90
D4:F5:47:82:0E:C6,ALL,udp:58621,192.168.3.117*,2,164,1,90,1,74
D4:F5:47:82:0E:C6,ALL,udp:58621,8.8.8.8*,2,164,1,74,1,90
D4:F5:47:82:0E:C6,ALL,udp:36629,192.168.3.117*,2,176,1,102,1,74
D4:F5:47:82:0E:C6,ALL,udp:36629,8.8.8.8*,2,176,1,74,1,102
D4:F5:47:82:0E:C6,ALL,udp:53684,192.168.3.117*,2,176,1,102,1,74
D4:F5:47:82:0E:C6,ALL,udp:53684,8.8.8.8*,2,176,1,74,1,102
D4:F5:47:82:0E:C6,ALL,udp:41500,192.168.3.117*,2,176,1,102,1,74
D4:F5:47:82:0E:C6,ALL,udp:41500,8.8.8.8*,2,176,1,74,1,102
D4:F5:47:82:0E:C6,ALL,udp:44207,192.168.3.117*,2,164,1,90,1,74
D4:F5:47:82:0E:C6,ALL,udp:44207,8.8.8.8*,2,164,1,74,1,90
D4:F5:47:82:0E:C6,ALL,udp:50439,192.168.3.117*,2,176,1,102,1,74
D4:F5:47:82:0E:C6,ALL,udp:50439,8.8.8.8*,2,176,1,74,1,102
D4:F5:47:82:0E:C6,ALL,udp:59028,192.168.3.117*,2,164,1,90,1,74
D4:F5:47:82:0E:C6,ALL,udp:59028,8.8.8.8*,2,164,1,74,1,90
D4:F5:47:82:0E:C6,ALL,udp:40036,192.168.3.117*,2,176,1,102,1,74
D4:F5:47:82:0E:C6,ALL,udp:40036,8.8.8.8*,2,176,1,74,1,102
D4:F5:47:82:0E:C6,ALL,udp:35211,192.168.3.117*,2,164,1,90,1,74
D4:F5:47:82:0E:C6,ALL,udp:35211,8.8.8.8*,2,164,1,74,1,90
D4:F5:47:82:0E:C6,ALL,udp:47676,192.168.3.117*,2,176,1,102,1,74
D4:F5:47:82:0E:C6,ALL,udp:47676,8.8.8.8*,2,176,1,74,1,102
D4:F5:47:82:0E:C6,ALL,udp:56082,192.168.3.117*,2,164,1,90,1,74
D4:F5:47:82:0E:C6,ALL,udp:56082,8.8.8.8*,2,164,1,74,1,90
D4:F5:47:82:0E:C6,ALL,udp:43150,192.168.3.117*,2,176,1,102,1,74
D4:F5:47:82:0E:C6,ALL,udp:43150,8.8.8.8*,2,176,1,74,1,102
D4:F5:47:82:0E:C6,ALL,udp:45596,192.168.3.117*,2,164,1,90,1,74
D4:F5:47:82:0E:C6,ALL,udp:45596,8.8.8.8*,2,164,1,74,1,90
D4:F5:47:82:0E:C6,ALL,udp:51615,192.168.3.117*,2,176,1,102,1,74
D4:F5:47:82:0E:C6,ALL,udp:51615,8.8.8.8*,2,176,1,74,1,102
D4:F5:47:82:0E:C6,ALL,udp:49180,192.168.3.117*,2,164,1,90,1,74
D4:F5:47:82:0E:C6,ALL,udp:49180,8.8.8.8*,2,164,1,74,1,90
D4:F5:47:82:0E:C6,ALL,udp:57684,192.168.3.117*,2,176,1,102,1,74
D4:F5:47:82:0E:C6,ALL,udp:57684,8.8.8.8*,2,176,1,74,1,102
D4:F5:47:82:0E:C6,ALL,udp:50715,192.168.3.117*,2,164,1,90,1,74
D4:F5:47:82:0E:C6,ALL,udp:50715,8.8.8.8*,2,164,1,74,1,90
D4:F5:47:82:0E:C6,ALL,udp:55093,192.168.3.117*,2,176,1,102,1,74
D4:F5:47:82:0E:C6,ALL,udp:55093,8.8.8.8*,2,176,1,74,1,102
D4:F5:47:82:0E:C6,ALL,udp:46769,192.168.3.117*,2,176,1,102,1,74
D4:F5:47:82:0E:C6,ALL,udp:46769,8.8.8.8*,2,176,1,74,1,102
D4:F5:47:82:0E:C6,ALL,udp:56571,192.168.3.117*,2,164,1,90,1,74
D4:F5:47:82:0E:C6,ALL,udp:56571,8.8.8.8*,2,164,1,74,1,90
D4:F5:47:82:0E:C6,ALL,udp:57293,192.168.3.117*,2,164,1,90,1,74
D4:F5:47:82:0E:C6,ALL,udp:57293,8.8.8.8*,2,164,1,74,1,90
D4:F5:47:82:0E:C6,ALL,udp:32990,192.168.3.117*,2,176,1,102,1,74
D4:F5:47:82:0E:C6,ALL,udp:32990,8.8.8.8*,2,176,1,74,1,102
D4:F5:47:82:0E:C6,ALL,udp:50058,192.168.3.117*,2,176,1,102,1,74
D4:F5:47:82:0E:C6,ALL,udp:50058,8.8.8.8*,2,176,1,74,1,102
D4:F5:47:82:0E:C6,ALL,udp:58048,192.168.3.117*,2,164,1,90,1,74
D4:F5:47:82:0E:C6,ALL,udp:58048,8.8.8.8*,2,164,1,74,1,90
D4:F5:47:82:0E:C6,ALL,udp:40545,192.168.3.117*,2,176,1,102,1,74
D4:F5:47:82:0E:C6,ALL,udp:40545,8.8.8.8*,2,176,1,74,1,102
D4:F5:47:82:0E:C6,ALL,udp:54536,192.168.3.117*,2,164,1,90,1,74
D4:F5:47:82:0E:C6,ALL,udp:54536,8.8.8.8*,2,164,1,74,1,90
D4:F5:47:82:0E:C6,ALL,udp:50625,192.168.3.117*,2,176,1,102,1,74
D4:F5:47:82:0E:C6,ALL,udp:50625,8.8.8.8*,2,176,1,74,1,102
D4:F5:47:82:0E:C6,ALL,udp:45484,192.168.3.117*,2,164,1,90,1,74
D4:F5:47:82:0E:C6,ALL,udp:45484,8.8.8.8*,2,164,1,74,1,90
D4:F5:47:82:0E:C6,ALL,udp:36753,192.168.3.117*,2,176,1,102,1,74
D4:F5:47:82:0E:C6,ALL,udp:36753,8.8.8.8*,2,176,1,74,1,102
D4:F5:47:82:0E:C6,ALL,udp:33425,192.168.3.117*,2,164,1,90,1,74
D4:F5:47:82:0E:C6,ALL,udp:33425,8.8.8.8*,2,164,1,74,1,90
D4:F5:47:82:0E:C6,ALL,udp:47458,192.168.3.117*,2,164,1,90,1,74
D4:F5:47:82:0E:C6,ALL,udp:47458,8.8.8.8*,2,164,1,74,1,90
D4:F5:47:82:0E:C6,ALL,udp:55697,192.168.3.117*,2,176,1,102,1,74
D4:F5:47:82:0E:C6,ALL,udp:55697,8.8.8.8*,2,176,1,74,1,102
D4:F5:47:82:0E:C6,ALL,udp:56842,192.168.3.117*,2,164,1,90,1,74
D4:F5:47:82:0E:C6,ALL,udp:56842,8.8.8.8*,2,164,1,74,1,90
D4:F5:47:82:0E:C6,ALL,udp:54457,192.168.3.117*,2,176,1,102,1,74
D4:F5:47:82:0E:C6,ALL,udp:54457,8.8.8.8*,2,176,1,74,1,102
D4:F5:47:82:0E:C6,ALL,udp:56587,192.168.3.117*,2,164,1,90,1,74
D4:F5:47:82:0E:C6,ALL,udp:56587,8.8.8.8*,2,164,1,74,1,90
D4:F5:47:82:0E:C6,ALL,udp:57272,192.168.3.117*,2,176,1,102,1,74
D4:F5:47:82:0E:C6,ALL,udp:57272,8.8.8.8*,2,176,1,74,1,102
D4:F5:47:82:0E:C6,ALL,udp:58600,192.168.3.117*,2,176,1,102,1,74
D4:F5:47:82:0E:C6,ALL,udp:58600,8.8.8.8*,2,176,1,74,1,102
D4:F5:47:82:0E:C6,ALL,udp:56398,192.168.3.117*,2,164,1,90,1,74
D4:F5:47:82:0E:C6,ALL,udp:56398,8.8.8.8*,2,164,1,74,1,90
D4:F5:47:82:0E:C6,ALL,udp:41263,192.168.3.117*,2,176,1,102,1,74
D4:F5:47:82:0E:C6,ALL,udp:41263,8.8.8.8*,2,176,1,74,1,102
D4:F5:47:82:0E:C6,ALL,udp:55979,192.168.3.117*,2,164,1,90,1,74
D4:F5:47:82:0E:C6,ALL,udp:55979,8.8.8.8*,2,164,1,74,1,90
D4:F5:47:82:0E:C6,ALL,udp:60859,192.168.3.117*,2,176,1,102,1,74
D4:F5:47:82:0E:C6,ALL,udp:60859,8.8.8.8*,2,176,1,74,1,102
D4:F5:47:82:0E:C6,ALL,udp:55169,192.168.3.117*,2,164,1,90,1,74
D4:F5:47:82:0E:C6,ALL,udp:55169,8.8.8.8*,2,164,1,74,1,90
D4:F5:47:82:0E:C6,ALL,udp:53021,192.168.3.117*,2,164,1,90,1,74
D4:F5:47:82:0E:C6,ALL,udp:53021,8.8.8.8*,2,164,1,74,1,90
D4:F5:47:82:0E:C6,ALL,udp:58715,192.168.3.117*,2,176,1,102,1,74
D4:F5:47:82:0E:C6,ALL,udp:58715,8.8.8.8*,2,176,1,74,1,102
D4:F5:47:82:0E:C6,ALL,udp:47824,192.168.3.117*,2,164,1,90,1,74
D4:F5:47:82:0E:C6,ALL,udp:47824,8.8.8.8*,2,164,1,74,1,90
D4:F5:47:82:0E:C6,ALL,udp:58612,192.168.3.117*,2,164,1,90,1,74
D4:F5:47:82:0E:C6,ALL,udp:58612,8.8.8.8*,2,164,1,74,1,90
D4:F5:47:82:0E:C6,ALL,udp:55933,192.168.3.117*,2,164,1,90,1,74
D4:F5:47:82:0E:C6,ALL,udp:55933,8.8.8.8*,2,164,1,74,1,90
D4:F5:47:82:0E:C6,ALL,udp:41580,192.168.3.117*,2,164,1,90,1,74
D4:F5:47:82:0E:C6,ALL,udp:41580,8.8.8.8*,2,164,1,74,1,90
D4:F5:47:82:0E:C6,ALL,udp:51264,192.168.3.117*,2,164,1,90,1,74
D4:F5:47:82:0E:C6,ALL,udp:51264,8.8.8.8*,2,164,1,74,1,90
D4:F5:47:82:0E:C6,ALL,udp:38409,192.168.3.117*,2,164,1,90,1,74
D4:F5:47:82:0E:C6,ALL,udp:38409,8.8.8.8*,2,164,1,74,1,90
D4:F5:47:82:0E:C6,ALL,udp:55424,192.168.3.117*,2,164,1,90,1,74
D4:F5:47:82:0E:C6,ALL,udp:55424,8.8.8.8*,2,164,1,74,1,90
D4:F5:47:82:0E:C6,ALL,udp:33427,192.168.3.117*,2,176,1,102,1,74
D4:F5:47:82:0E:C6,ALL,udp:33427,8.8.8.8*,2,176,1,74,1,102
D4:F5:47:82:0E:C6,ALL,udp:45635,192.168.3.117*,2,176,1,102,1,74
D4:F5:47:82:0E:C6,ALL,udp:45635,8.8.8.8*,2,176,1,74,1,102
D4:F5:47:82:0E:C6,ALL,udp:51753,192.168.3.117*,2,164,1,90,1,74
D4:F5:47:82:0E:C6,ALL,udp:51753,8.8.8.8*,2,164,1,74,1,90
D4:F5:47:82:0E:C6,ALL,udp:42798,192.168.3.117*,2,194,1,105,1,89
D4:F5:47:82:0E:C6,ALL,udp:42798,8.8.8.8*,2,194,1,89,1,105
D4:F5:47:82:0E:C6,ALL,udp:41547,192.168.3.117*,2,164,1,90,1,74
D4:F5:47:82:0E:C6,ALL,udp:41547,8.8.8.8*,2,164,1,74,1,90
D4:F5:47:82:0E:C6,ALL,udp:35656,192.168.3.117*,2,176,1,102,1,74
D4:F5:47:82:0E:C6,ALL,udp:35656,8.8.8.8*,2,176,1,74,1,102
D4:F5:47:82:0E:C6,ALL,udp:33296,192.168.3.117*,2,164,1,90,1,74
D4:F5:47:82:0E:C6,ALL,udp:33296,8.8.8.8*,2,164,1,74,1,90
D4:F5:47:82:0E:C6,ALL,udp:35133,192.168.3.117*,2,164,1,90,1,74
D4:F5:47:82:0E:C6,ALL,udp:35133,8.8.8.8*,2,164,1,74,1,90
D4:F5:47:82:0E:C6,ALL,udp:57362,142.251.32.110*,22,12334,13,8753,9,3581
D4:F5:47:82:0E:C6,ALL,udp:57362,8.8.8.8*,2,176,1,74,1,102
D4:F5:47:82:0E:C6,ALL,udp:59079,192.168.3.117*,2,176,1,102,1,74
D4:F5:47:82:0E:C6,ALL,udp:59079,8.8.8.8*,2,176,1,74,1,102
D4:F5:47:82:0E:C6,ALL,udp:49817,192.168.3.117*,2,164,1,90,1,74
D4:F5:47:82:0E:C6,ALL,udp:49817,8.8.8.8*,2,164,1,74,1,90
D4:F5:47:82:0E:C6,ALL,udp:49475,192.168.3.117*,2,176,1,102,1,74
D4:F5:47:82:0E:C6,ALL,udp:49475,8.8.8.8*,2,176,1,74,1,102
D4:F5:47:82:0E:C6,ALL,udp:58915,192.168.3.117*,2,156,1,86,1,70
D4:F5:47:82:0E:C6,ALL,udp:58915,8.8.8.8*,2,156,1,70,1,86
D4:F5:47:82:0E:C6,ALL,udp:38073,192.168.3.117*,2,213,1,126,1,87
D4:F5:47:82:0E:C6,ALL,udp:38073,8.8.8.8*,2,213,1,87,1,126
D4:F5:47:82:0E:C6,ALL,udp:38710,192.168.3.117*,2,213,1,126,1,87
D4:F5:47:82:0E:C6,ALL,udp:38710,8.8.8.8*,2,213,1,87,1,126
D4:F5:47:82:0E:C6,ALL,udp:47631,192.168.3.117*,2,164,1,90,1,74
D4:F5:47:82:0E:C6,ALL,udp:47631,8.8.8.8*,2,164,1,74,1,90
D4:F5:47:82:0E:C6,ALL,udp:60953,192.168.3.117*,2,176,1,102,1,74
D4:F5:47:82:0E:C6,ALL,udp:60953,8.8.8.8*,2,176,1,74,1,102
D4:F5:47:82:0E:C6,ALL,udp:38859,192.168.3.117*,2,164,1,90,1,74
D4:F5:47:82:0E:C6,ALL,udp:38859,8.8.8.8*,2,164,1,74,1,90
D4:F5:47:82:0E:C6,ALL,udp:45719,192.168.3.117*,2,176,1,102,1,74
D4:F5:47:82:0E:C6,ALL,udp:45719,8.8.8.8*,2,176,1,74,1,102
D4:F5:47:82:0E:C6,ALL,udp:58466,192.168.3.117*,2,164,1,90,1,74
D4:F5:47:82:0E:C6,ALL,udp:58466,8.8.8.8*,2,164,1,74,1,90
D4:F5:47:82:0E:C6,ALL,udp:37987,192.168.3.117*,2,164,1,90,1,74
D4:F5:47:82:0E:C6,ALL,udp:37987,8.8.8.8*,2,164,1,74,1,90
D4:F5:47:82:0E:C6,ALL,udp:34755,192.168.3.117*,2,164,1,90,1,74
D4:F5:47:82:0E:C6,ALL,udp:34755,8.8.8.8*,2,164,1,74,1,90
D4:F5:47:82:0E:C6,ALL,udp:45672,192.168.3.117*,2,176,1,102,1,74
D4:F5:47:82:0E:C6,ALL,udp:45672,8.8.8.8*,2,176,1,74,1,102
D4:F5:47:82:0E:C6,ALL,udp:56740,192.168.3.117*,2,176,1,102,1,74
D4:F5:47:82:0E:C6,ALL,udp:56740,8.8.8.8*,2,176,1,74,1,102
D4:F5:47:82:0E:C6,ALL,udp:46761,216.239.35.8,2,180,1,90,1,90
D4:F5:47:82:0E:C6,ALL,udp:46761,8.8.8.8,2,164,1,74,1,90
D4:F5:47:82:0E:C6,ALL,udp:33471,192.168.3.117*,2,176,1,102,1,74
D4:F5:47:82:0E:C6,ALL,udp:33471,8.8.8.8*,2,176,1,74,1,102
D4:F5:47:82:0E:C6,ALL,udp:32957,192.168.3.117*,2,164,1,90,1,74
D4:F5:47:82:0E:C6,ALL,udp:32957,8.8.8.8*,2,164,1,74,1,90
D4:F5:47:82:0E:C6,ALL,udp:44487,192.168.3.117*,2,176,1,102,1,74
D4:F5:47:82:0E:C6,ALL,udp:44487,8.8.8.8*,2,176,1,74,1,102
D4:F5:47:82:0E:C6,ALL,udp:45002,192.168.3.117*,2,176,1,102,1,74
D4:F5:47:82:0E:C6,ALL,udp:45002,8.8.8.8*,2,176,1,74,1,102
D4:F5:47:82:0E:C6,ALL,udp:36728,192.168.3.117*,2,164,1,90,1,74
D4:F5:47:82:0E:C6,ALL,udp:36728,8.8.8.8*,2,164,1,74,1,90
D4:F5:47:82:0E:C6,ALL,udp:34565,192.168.3.117*,2,176,1,102,1,74
D4:F5:47:82:0E:C6,ALL,udp:34565,8.8.8.8*,2,176,1,74,1,102
D4:F5:47:82:0E:C6,ALL,udp:55745,192.168.3.117*,2,176,1,102,1,74
D4:F5:47:82:0E:C6,ALL,udp:55745,8.8.8.8*,2,176,1,74,1,102
D4:F5:47:82:0E:C6,ALL,udp:48357,192.168.3.117*,2,176,1,102,1,74
D4:F5:47:82:0E:C6,ALL,udp:48357,8.8.8.8*,2,176,1,74,1,102
D4:F5:47:82:0E:C6,ALL,udp:59227,192.168.3.117*,2,176,1,102,1,74
D4:F5:47:82:0E:C6,ALL,udp:59227,8.8.8.8*,2,176,1,74,1,102
D4:F5:47:82:0E:C6,ALL,udp:45398,192.168.3.117*,2,164,1,90,1,74
D4:F5:47:82:0E:C6,ALL,udp:45398,8.8.8.8*,2,164,1,74,1,90
D4:F5:47:82:0E:C6,ALL,udp:58397,192.168.3.117*,2,164,1,90,1,74
D4:F5:47:82:0E:C6,ALL,udp:58397,8.8.8.8*,2,164,1,74,1,90
D4:F5:47:82:0E:C6,ALL,udp:39902,192.168.3.117*,2,176,1,102,1,74
D4:F5:47:82:0E:C6,ALL,udp:39902,8.8.8.8*,2,176,1,74,1,102
D4:F5:47:82:0E:C6,ALL,udp:43265,192.168.3.117*,2,164,1,90,1,74
D4:F5:47:82:0E:C6,ALL,udp:43265,8.8.8.8*,2,164,1,74,1,90
D4:F5:47:82:0E:C6,ALL,udp:36313,192.168.3.117*,2,176,1,102,1,74
D4:F5:47:82:0E:C6,ALL,udp:36313,8.8.8.8*,2,176,1,74,1,102
D4:F5:47:82:0E:C6,ALL,udp:59340,192.168.3.117*,2,176,1,102,1,74
D4:F5:47:82:0E:C6,ALL,udp:59340,8.8.8.8*,2,176,1,74,1,102
D4:F5:47:82:0E:C6,ALL,udp:32843,192.168.3.117*,2,164,1,90,1,74
D4:F5:47:82:0E:C6,ALL,udp:32843,8.8.8.8*,2,164,1,74,1,90
D4:F5:47:82:0E:C6,ALL,udp:57013,192.168.3.117*,2,164,1,90,1,74
D4:F5:47:82:0E:C6,ALL,udp:57013,8.8.8.8*,2,164,1,74,1,90
D4:F5:47:82:0E:C6,ALL,udp:39431,192.168.3.117*,2,176,1,102,1,74
D4:F5:47:82:0E:C6,ALL,udp:39431,8.8.8.8*,2,176,1,74,1,102
D4:F5:47:82:0E:C6,ALL,udp:59154,192.168.3.117*,2,164,1,90,1,74
D4:F5:47:82:0E:C6,ALL,udp:59154,8.8.8.8*,2,164,1,74,1,90
D4:F5:47:82:0E:C6,ALL,udp:56709,192.168.3.117*,2,176,1,102,1,74
D4:F5:47:82:0E:C6,ALL,udp:56709,8.8.8.8*,2,176,1,74,1,102
D4:F5:47:82:0E:C6,ALL,udp:55540,192.168.3.117*,2,176,1,102,1,74
D4:F5:47:82:0E:C6,ALL,udp:55540,8.8.8.8*,2,176,1,74,1,102
D4:F5:47:82:0E:C6,ALL,udp:58526,216.239.35.4,2,180,1,90,1,90
D4:F5:47:82:0E:C6,ALL,udp:58526,8.8.8.8,2,164,1,74,1,90
D4:F5:47:82:0E:C6,ALL,udp:35895,192.168.3.117*,2,164,1,90,1,74
D4:F5:47:82:0E:C6,ALL,udp:35895,8.8.8.8*,2,164,1,74,1,90
D4:F5:47:82:0E:C6,ALL,udp:41977,192.168.3.117*,2,164,1,90,1,74
D4:F5:47:82:0E:C6,ALL,udp:41977,8.8.8.8*,2,164,1,74,1,90
D4:F5:47:82:0E:C6,ALL,udp:53887,192.168.3.117*,2,176,1,102,1,74
D4:F5:47:82:0E:C6,ALL,udp:53887,8.8.8.8*,2,176,1,74,1,102
D4:F5:47:82:0E:C6,ALL,udp:47657,192.168.3.117*,2,198,1,119,1,79
D4:F5:47:82:0E:C6,ALL,udp:47657,8.8.8.8*,2,198,1,79,1,119
D4:F5:47:82:0E:C6,ALL,udp:41195,192.168.3.117*,2,164,1,90,1,74
D4:F5:47:82:0E:C6,ALL,udp:41195,8.8.8.8*,2,164,1,74,1,90
D4:F5:47:82:0E:C6,ALL,udp:43674,192.168.3.117*,2,176,1,102,1,74
D4:F5:47:82:0E:C6,ALL,udp:43674,8.8.8.8*,2,176,1,74,1,102
D4:F5:47:82:0E:C6,ALL,udp:40200,192.168.3.117*,2,164,1,90,1,74
D4:F5:47:82:0E:C6,ALL,udp:40200,8.8.8.8*,2,164,1,74,1,90
D4:F5:47:82:0E:C6,ALL,udp:42657,192.168.3.117*,2,176,1,102,1,74
D4:F5:47:82:0E:C6,ALL,udp:42657,8.8.8.8*,2,176,1,74,1,102
D4:F5:47:82:0E:C6,ALL,udp:41354,192.168.3.117*,2,176,1,102,1,74
D4:F5:47:82:0E:C6,ALL,udp:41354,8.8.8.8*,2,176,1,74,1,102
D4:F5:47:82:0E:C6,ALL,udp:60710,192.168.3.117*,2,164,1,90,1,74
D4:F5:47:82:0E:C6,ALL,udp:60710,8.8.8.8*,2,164,1,74,1,90
D4:F5:47:82:0E:C6,ALL,udp:41118,192.168.3.117*,2,176,1,102,1,74
D4:F5:47:82:0E:C6,ALL,udp:41118,8.8.8.8*,2,176,1,74,1,102
D4:F5:47:82:0E:C6,ALL,udp:53093,192.168.3.117*,2,176,1,102,1,74
D4:F5:47:82:0E:C6,ALL,udp:53093,8.8.8.8*,2,176,1,74,1,102
D4:F5:47:82:0E:C6,ALL,udp:60336,192.168.3.117*,2,164,1,90,1,74
D4:F5:47:82:0E:C6,ALL,udp:60336,8.8.8.8*,2,164,1,74,1,90
D4:F5:47:82:0E:C6,ALL,udp:54593,192.168.3.117*,2,176,1,102,1,74
D4:F5:47:82:0E:C6,ALL,udp:54593,8.8.8.8*,2,176,1,74,1,102
D4:F5:47:82:0E:C6,ALL,udp:53370,192.168.3.117*,2,164,1,90,1,74
D4:F5:47:82:0E:C6,ALL,udp:53370,8.8.8.8*,2,164,1,74,1,90
D4:F5:47:82:0E:C6,ALL,udp:58738,192.168.3.117*,2,176,1,102,1,74
D4:F5:47:82:0E:C6,ALL,udp:58738,8.8.8.8*,2,176,1,74,1,102
D4:F5:47:82:0E:C6,ALL,udp:51869,192.168.3.117*,2,176,1,102,1,74
D4:F5:47:82:0E:C6,ALL,udp:51869,8.8.8.8*,2,176,1,74,1,102
D4:F5:47:82:0E:C6,ALL,udp:42024,192.168.3.117*,2,164,1,90,1,74
D4:F5:47:82:0E:C6,ALL,udp:42024,8.8.8.8*,2,164,1,74,1,90
D4:F5:47:82:0E:C6,ALL,udp:49706,192.168.3.117*,2,176,1,102,1,74
D4:F5:47:82:0E:C6,ALL,udp:49706,8.8.8.8*,2,176,1,74,1,102
D4:F5:47:82:0E:C6,ALL,udp:46650,192.168.3.117*,2,164,1,90,1,74
D4:F5:47:82:0E:C6,ALL,udp:46650,8.8.8.8*,2,164,1,74,1,90
D4:F5:47:82:0E:C6,ALL,udp:58218,192.168.3.117*,2,164,1,90,1,74
D4:F5:47:82:0E:C6,ALL,udp:58218,8.8.8.8*,2,164,1,74,1,90
D4:F5:47:82:0E:C6,ALL,udp:51989,192.168.3.117*,2,164,1,90,1,74
D4:F5:47:82:0E:C6,ALL,udp:51989,8.8.8.8*,2,164,1,74,1,90
D4:F5:47:82:0E:C6,ALL,udp:45341,192.168.3.117*,2,164,1,90,1,74
D4:F5:47:82:0E:C6,ALL,udp:45341,8.8.8.8*,2,164,1,74,1,90
D4:F5:47:82:0E:C6,ALL,udp:34805,192.168.3.117*,2,176,1,102,1,74
D4:F5:47:82:0E:C6,ALL,udp:34805,8.8.8.8*,2,176,1,74,1,102
D4:F5:47:82:0E:C6,ALL,udp:59859,192.168.3.117*,2,164,1,90,1,74
D4:F5:47:82:0E:C6,ALL,udp:59859,8.8.8.8*,2,164,1,74,1,90
D4:F5:47:82:0E:C6,ALL,udp:57638,192.168.3.117*,2,176,1,102,1,74
D4:F5:47:82:0E:C6,ALL,udp:57638,8.8.8.8*,2,176,1,74,1,102
D4:F5:47:82:0E:C6,ALL,udp:49635,192.168.3.117*,2,176,1,102,1,74
D4:F5:47:82:0E:C6,ALL,udp:49635,8.8.8.8*,2,176,1,74,1,102
D4:F5:47:82:0E:C6,ALL,udp:55037,192.168.3.117*,2,176,1,102,1,74
D4:F5:47:82:0E:C6,ALL,udp:55037,8.8.8.8*,2,176,1,74,1,102
D4:F5:47:82:0E:C6,ALL,udp:52285,192.168.3.117*,2,164,1,90,1,74
D4:F5:47:82:0E:C6,ALL,udp:52285,8.8.8.8*,2,164,1,74,1,90
D4:F5:47:82:0E:C6,ALL,udp:53097,192.168.3.117*,2,198,1,119,1,79
D4:F5:47:82:0E:C6,ALL,udp:53097,8.8.8.8*,2,198,1,79,1,119
D4:F5:47:82:0E:C6,ALL,udp:50431,192.168.3.117*,2,176,1,102,1,74
D4:F5:47:82:0E:C6,ALL,udp:50431,8.8.8.8*,2,176,1,74,1,102
D4:F5:47:82:0E:C6,ALL,udp:37681,192.168.3.117*,2,164,1,90,1,74
D4:F5:47:82:0E:C6,ALL,udp:37681,8.8.8.8*,2,164,1,74,1,90
D4:F5:47:82:0E:C6,ALL,udp:59500,192.168.3.117*,2,176,1,102,1,74
D4:F5:47:82:0E:C6,ALL,udp:59500,8.8.8.8*,2,176,1,74,1,102
D4:F5:47:82:0E:C6,ALL,udp:33284,192.168.3.117*,2,164,1,90,1,74
D4:F5:47:82:0E:C6,ALL,udp:33284,8.8.8.8*,2,164,1,74,1,90
D4:F5:47:82:0E:C6,ALL,udp:56267,192.168.3.117*,2,176,1,102,1,74
D4:F5:47:82:0E:C6,ALL,udp:56267,8.8.8.8*,2,176,1,74,1,102
D4:F5:47:82:0E:C6,ALL,udp:46340,192.168.3.117*,2,176,1,102,1,74
D4:F5:47:82:0E:C6,ALL,udp:46340,8.8.8.8*,2,176,1,74,1,102
D4:F5:47:82:0E:C6,ALL,udp:47003,192.168.3.117*,2,164,1,90,1,74
D4:F5:47:82:0E:C6,ALL,udp:47003,8.8.8.8*,2,164,1,74,1,90
D4:F5:47:82:0E:C6,ALL,udp:36922,192.168.3.117*,2,176,1,102,1,74
D4:F5:47:82:0E:C6,ALL,udp:36922,8.8.8.8*,2,176,1,74,1,102
D4:F5:47:82:0E:C6,ALL,udp:44514,172.217.165.142*,20,10868,12,7354,8,3514
D4:F5:47:82:0E:C6,ALL,udp:44514,8.8.8.8*,2,176,1,74,1,102
D4:F5:47:82:0E:C6,ALL,udp:53861,192.168.3.117*,2,164,1,90,1,74
D4:F5:47:82:0E:C6,ALL,udp:53861,8.8.8.8*,2,164,1,74,1,90
D4:F5:47:82:0E:C6,ALL,udp:48526,192.168.3.117*,2,194,1,105,1,89
D4:F5:47:82:0E:C6,ALL,udp:48526,8.8.8.8*,2,194,1,89,1,105
D4:F5:47:82:0E:C6,ALL,udp:54613,192.168.3.117*,2,164,1,90,1,74
D4:F5:47:82:0E:C6,ALL,udp:54613,8.8.8.8*,2,164,1,74,1,90
D4:F5:47:82:0E:C6,ALL,udp:35301,192.168.3.117*,2,176,1,102,1,74
D4:F5:47:82:0E:C6,ALL,udp:35301,8.8.8.8*,2,176,1,74,1,102
D4:F5:47:82:0E:C6,ALL,udp:56992,192.168.3.117*,2,164,1,90,1,74
D4:F5:47:82:0E:C6,ALL,udp:56992,8.8.8.8*,2,164,1,74,1,90
D4:F5:47:82:0E:C6,ALL,udp:54991,192.168.3.117*,2,164,1,90,1,74
D4:F5:47:82:0E:C6,ALL,udp:54991,8.8.8.8*,2,164,1,74,1,90
D4:F5:47:82:0E:C6,ALL,udp:52393,192.168.3.117*,2,176,1,102,1,74
D4:F5:47:82:0E:C6,ALL,udp:52393,8.8.8.8*,2,176,1,74,1,102
D4:F5:47:82:0E:C6,ALL,udp:37324,192.168.3.117*,2,164,1,90,1,74
D4:F5:47:82:0E:C6,ALL,udp:37324,8.8.8.8*,2,164,1,74,1,90
D4:F5:47:82:0E:C6,ALL,udp:43284,192.168.3.117*,2,176,1,102,1,74
D4:F5:47:82:0E:C6,ALL,udp:43284,8.8.8.8*,2,176,1,74,1,102
D4:F5:47:82:0E:C6,ALL,udp:36620,192.168.3.117*,2,164,1,90,1,74
D4:F5:47:82:0E:C6,ALL,udp:36620,8.8.8.8*,2,164,1,74,1,90
D4:F5:47:82:0E:C6,ALL,udp:43166,192.168.3.117*,2,164,1,90,1,74
D4:F5:47:82:0E:C6,ALL,udp:43166,8.8.8.8*,2,164,1,74,1,90
D4:F5:47:82:0E:C6,ALL,udp:40369,192.168.3.117*,2,176,1,102,1,74
D4:F5:47:82:0E:C6,ALL,udp:40369,8.8.8.8*,2,176,1,74,1,102
D4:F5:47:82:0E:C6,ALL,udp:54392,192.168.3.117*,2,164,1,90,1,74
D4:F5:47:82:0E:C6,ALL,udp:54392,8.8.8.8*,2,164,1,74,1,90
D4:F5:47:82:0E:C6,ALL,udp:53752,192.168.3.117*,2,176,1,102,1,74
D4:F5:47:82:0E:C6,ALL,udp:53752,8.8.8.8*,2,176,1,74,1,102
D4:F5:47:82:0E:C6,ALL,udp:59639,192.168.3.117*,2,164,1,90,1,74
D4:F5:47:82:0E:C6,ALL,udp:59639,8.8.8.8*,2,164,1,74,1,90
D4:F5:47:82:0E:C6,ALL,udp:53530,192.168.3.117*,2,164,1,90,1,74
D4:F5:47:82:0E:C6,ALL,udp:53530,8.8.8.8*,2,164,1,74,1,90
D4:F5:47:82:0E:C6,ALL,udp:47206,192.168.3.117*,2,164,1,90,1,74
D4:F5:47:82:0E:C6,ALL,udp:47206,8.8.8.8*,2,164,1,74,1,90
D4:F5:47:82:0E:C6,ALL,udp:42670,192.168.3.117*,2,164,1,90,1,74
D4:F5:47:82:0E:C6,ALL,udp:42670,8.8.8.8*,2,164,1,74,1,90
D4:F5:47:82:0E:C6,ALL,udp:32825,192.168.3.117*,2,176,1,102,1,74
D4:F5:47:82:0E:C6,ALL,udp:32825,8.8.8.8*,2,176,1,74,1,102
D4:F5:47:82:0E:C6,ALL,udp:59774,192.168.3.117*,2,164,1,90,1,74
D4:F5:47:82:0E:C6,ALL,udp:59774,8.8.8.8*,2,164,1,74,1,90
D4:F5:47:82:0E:C6,ALL,udp:33929,192.168.3.117*,2,176,1,102,1,74
D4:F5:47:82:0E:C6,ALL,udp:33929,8.8.8.8*,2,176,1,74,1,102
D4:F5:47:82:0E:C6,ALL,udp:38876,192.168.3.117*,2,198,1,119,1,79
D4:F5:47:82:0E:C6,ALL,udp:38876,8.8.8.8*,2,198,1,79,1,119
D4:F5:47:82:0E:C6,ALL,udp:55311,192.168.3.117*,2,164,1,90,1,74
D4:F5:47:82:0E:C6,ALL,udp:55311,8.8.8.8*,2,164,1,74,1,90
D4:F5:47:82:0E:C6,ALL,udp:56719,192.168.3.117*,2,176,1,102,1,74
D4:F5:47:82:0E:C6,ALL,udp:56719,8.8.8.8*,2,176,1,74,1,102
D4:F5:47:82:0E:C6,ALL,udp:43634,192.168.3.117*,2,164,1,90,1,74
D4:F5:47:82:0E:C6,ALL,udp:43634,8.8.8.8*,2,164,1,74,1,90
D4:F5:47:82:0E:C6,ALL,udp:47331,192.168.3.117*,2,176,1,102,1,74
D4:F5:47:82:0E:C6,ALL,udp:47331,8.8.8.8*,2,176,1,74,1,102
D4:F5:47:82:0E:C6,ALL,udp:59324,192.168.3.117*,2,164,1,90,1,74
D4:F5:47:82:0E:C6,ALL,udp:59324,8.8.8.8*,2,164,1,74,1,90
D4:F5:47:82:0E:C6,ALL,udp:34529,192.168.3.117*,2,164,1,90,1,74
D4:F5:47:82:0E:C6,ALL,udp:34529,8.8.8.8*,2,164,1,74,1,90
D4:F5:47:82:0E:C6,ALL,udp:49258,192.168.3.117*,2,164,1,90,1,74
D4:F5:47:82:0E:C6,ALL,udp:49258,8.8.8.8*,2,164,1,74,1,90
D4:F5:47:82:0E:C6,ALL,udp:49234,192.168.3.117*,2,164,1,90,1,74
D4:F5:47:82:0E:C6,ALL,udp:49234,8.8.8.8*,2,164,1,74,1,90
D4:F5:47:82:0E:C6,ALL,udp:33804,192.168.3.117*,2,176,1,102,1,74
D4:F5:47:82:0E:C6,ALL,udp:33804,8.8.8.8*,2,176,1,74,1,102
D4:F5:47:82:0E:C6,ALL,udp:45088,192.168.3.117*,2,164,1,90,1,74
D4:F5:47:82:0E:C6,ALL,udp:45088,8.8.8.8*,2,164,1,74,1,90
D4:F5:47:82:0E:C6,ALL,udp:34055,192.168.3.117*,2,176,1,102,1,74
D4:F5:47:82:0E:C6,ALL,udp:34055,8.8.8.8*,2,176,1,74,1,102
D4:F5:47:82:0E:C6,ALL,udp:46500,192.168.3.117*,2,176,1,102,1,74
D4:F5:47:82:0E:C6,ALL,udp:46500,8.8.8.8*,2,176,1,74,1,102
D4:F5:47:82:0E:C6,ALL,udp:52211,192.168.3.117*,2,176,1,102,1,74
D4:F5:47:82:0E:C6,ALL,udp:52211,8.8.8.8*,2,176,1,74,1,102
D4:F5:47:82:0E:C6,ALL,udp:48987,192.168.3.117*,2,164,1,90,1,74
D4:F5:47:82:0E:C6,ALL,udp:48987,8.8.8.8*,2,164,1,74,1,90
D4:F5:47:82:0E:C6,ALL,udp:57250,192.168.3.117*,2,164,1,90,1,74
D4:F5:47:82:0E:C6,ALL,udp:57250,8.8.8.8*,2,164,1,74,1,90
D4:F5:47:82:0E:C6,ALL,udp:37603,192.168.3.117*,2,164,1,90,1,74
D4:F5:47:82:0E:C6,ALL,udp:37603,8.8.8.8*,2,164,1,74,1,90
D4:F5:47:82:0E:C6,ALL,udp:51040,192.168.3.117*,2,176,1,102,1,74
D4:F5:47:82:0E:C6,ALL,udp:51040,8.8.8.8*,2,176,1,74,1,102
D4:F5:47:82:0E:C6,ALL,udp:58935,192.168.3.117*,2,164,1,90,1,74
D4:F5:47:82:0E:C6,ALL,udp:58935,8.8.8.8*,2,164,1,74,1,90
D4:F5:47:82:0E:C6,ALL,udp:45351,192.168.3.117*,2,176,1,102,1,74
D4:F5:47:82:0E:C6,ALL,udp:45351,8.8.8.8*,2,176,1,74,1,102
D4:F5:47:82:0E:C6,ALL,udp:36127,192.168.3.117*,2,164,1,90,1,74
D4:F5:47:82:0E:C6,ALL,udp:36127,8.8.8.8*,2,164,1,74,1,90
D4:F5:47:82:0E:C6,ALL,udp:42980,192.168.3.117*,2,176,1,102,1,74
D4:F5:47:82:0E:C6,ALL,udp:42980,8.8.8.8*,2,176,1,74,1,102
D4:F5:47:82:0E:C6,ALL,udp:34963,192.168.3.117*,2,176,1,102,1,74
D4:F5:47:82:0E:C6,ALL,udp:34963,8.8.8.8*,2,176,1,74,1,102
D4:F5:47:82:0E:C6,ALL,udp:46248,192.168.3.117*,2,164,1,90,1,74
D4:F5:47:82:0E:C6,ALL,udp:46248,8.8.8.8*,2,164,1,74,1,90
D4:F5:47:82:0E:C6,ALL,udp:55006,192.168.3.117*,2,176,1,102,1,74
D4:F5:47:82:0E:C6,ALL,udp:55006,8.8.8.8*,2,176,1,74,1,102
D4:F5:47:82:0E:C6,ALL,udp:52147,192.168.3.117*,2,164,1,90,1,74
D4:F5:47:82:0E:C6,ALL,udp:52147,8.8.8.8*,2,164,1,74,1,90
D4:F5:47:82:0E:C6,ALL,udp:60395,192.168.3.117*,2,176,1,102,1,74
D4:F5:47:82:0E:C6,ALL,udp:60395,8.8.8.8*,2,176,1,74,1,102
D4:F5:47:82:0E:C6,ALL,udp:49747,192.168.3.117*,2,164,1,90,1,74
D4:F5:47:82:0E:C6,ALL,udp:49747,8.8.8.8*,2,164,1,74,1,90
D4:F5:47:82:0E:C6,ALL,udp:48487,192.168.3.117*,2,176,1,102,1,74
D4:F5:47:82:0E:C6,ALL,udp:48487,8.8.8.8*,2,176,1,74,1,102
D4:F5:47:82:0E:C6,ALL,udp:37726,192.168.3.117*,2,164,1,90,1,74
D4:F5:47:82:0E:C6,ALL,udp:37726,8.8.8.8*,2,164,1,74,1,90
D4:F5:47:82:0E:C6,ALL,udp:33616,192.168.3.117*,2,176,1,102,1,74
D4:F5:47:82:0E:C6,ALL,udp:33616,8.8.8.8*,2,176,1,74,1,102
D4:F5:47:82:0E:C6,ALL,udp:51774,192.168.3.117*,2,164,1,90,1,74
D4:F5:47:82:0E:C6,ALL,udp:51774,8.8.8.8*,2,164,1,74,1,90
D4:F5:47:82:0E:C6,ALL,udp:43956,192.168.3.117*,2,176,1,102,1,74
D4:F5:47:82:0E:C6,ALL,udp:43956,8.8.8.8*,2,176,1,74,1,102
D4:F5:47:82:0E:C6,ALL,udp:58755,192.168.3.117*,2,164,1,90,1,74
D4:F5:47:82:0E:C6,ALL,udp:58755,8.8.8.8*,2,164,1,74,1,90
D4:F5:47:82:0E:C6,ALL,udp:51903,192.168.3.117*,2,164,1,90,1,74
D4:F5:47:82:0E:C6,ALL,udp:51903,8.8.8.8*,2,164,1,74,1,90
D4:F5:47:82:0E:C6,ALL,udp:56579,192.168.3.117*,2,164,1,90,1,74
D4:F5:47:82:0E:C6,ALL,udp:56579,8.8.8.8*,2,164,1,74,1,90
D4:F5:47:82:0E:C6,ALL,udp:36055,192.168.3.117*,2,176,1,102,1,74
D4:F5:47:82:0E:C6,ALL,udp:36055,8.8.8.8*,2,176,1,74,1,102
D4:F5:47:82:0E:C6,ALL,udp:59616,192.168.3.117*,2,164,1,90,1,74
D4:F5:47:82:0E:C6,ALL,udp:59616,8.8.8.8*,2,164,1,74,1,90
D4:F5:47:82:0E:C6,ALL,udp:60417,142.251.32.110*,494,561582,92,12499,402,549083
D4:F5:47:82:0E:C6,ALL,udp:60417,8.8.8.8*,2,176,1,74,1,102
D4:F5:47:82:0E:C6,ALL,udp:38095,192.168.3.117*,2,164,1,90,1,74
D4:F5:47:82:0E:C6,ALL,udp:38095,8.8.8.8*,2,164,1,74,1,90
D4:F5:47:82:0E:C6,ALL,udp:57276,192.168.3.117*,2,164,1,90,1,74
D4:F5:47:82:0E:C6,ALL,udp:57276,8.8.8.8*,2,164,1,74,1,90
D4:F5:47:82:0E:C6,ALL,udp:43010,192.168.3.117*,2,176,1,102,1,74
D4:F5:47:82:0E:C6,ALL,udp:43010,8.8.8.8*,2,176,1,74,1,102
D4:F5:47:82:0E:C6,ALL,udp:48143,192.168.3.117*,2,164,1,90,1,74
D4:F5:47:82:0E:C6,ALL,udp:48143,8.8.8.8*,2,164,1,74,1,90
D4:F5:47:82:0E:C6,ALL,udp:48660,192.168.3.117*,2,164,1,90,1,74
D4:F5:47:82:0E:C6,ALL,udp:48660,8.8.8.8*,2,164,1,74,1,90
D4:F5:47:82:0E:C6,ALL,udp:42860,192.168.3.117*,2,176,1,102,1,74
D4:F5:47:82:0E:C6,ALL,udp:42860,8.8.8.8*,2,176,1,74,1,102
D4:F5:47:82:0E:C6,ALL,udp:48933,192.168.3.117*,2,176,1,102,1,74
D4:F5:47:82:0E:C6,ALL,udp:48933,8.8.8.8*,2,176,1,74,1,102
D4:F5:47:82:0E:C6,ALL,udp:37207,192.168.3.117*,2,176,1,102,1,74
D4:F5:47:82:0E:C6,ALL,udp:37207,8.8.8.8*,2,176,1,74,1,102
D4:F5:47:82:0E:C6,ALL,udp:47051,192.168.3.117*,2,176,1,102,1,74
D4:F5:47:82:0E:C6,ALL,udp:47051,8.8.8.8*,2,176,1,74,1,102
D4:F5:47:82:0E:C6,ALL,udp:32851,192.168.3.117*,2,164,1,90,1,74
D4:F5:47:82:0E:C6,ALL,udp:32851,8.8.8.8*,2,164,1,74,1,90
D4:F5:47:82:0E:C6,ALL,udp:38045,192.168.3.117*,2,164,1,90,1,74
D4:F5:47:82:0E:C6,ALL,udp:38045,8.8.8.8*,2,164,1,74,1,90
D4:F5:47:82:0E:C6,ALL,udp:48610,192.168.3.117*,2,176,1,102,1,74
D4:F5:47:82:0E:C6,ALL,udp:48610,8.8.8.8*,2,176,1,74,1,102
D4:F5:47:82:0E:C6,ALL,udp:41436,192.168.3.117*,2,198,1,119,1,79
D4:F5:47:82:0E:C6,ALL,udp:41436,8.8.8.8*,2,198,1,79,1,119
D4:F5:47:82:0E:C6,ALL,udp:59358,192.168.3.117*,2,164,1,90,1,74
D4:F5:47:82:0E:C6,ALL,udp:59358,8.8.8.8*,2,164,1,74,1,90
D4:F5:47:82:0E:C6,ALL,udp:38762,192.168.3.117*,2,176,1,102,1,74
D4:F5:47:82:0E:C6,ALL,udp:38762,8.8.8.8*,2,176,1,74,1,102
D4:F5:47:82:0E:C6,ALL,udp:52668,192.168.3.117*,2,176,1,102,1,74
D4:F5:47:82:0E:C6,ALL,udp:52668,8.8.8.8*,2,176,1,74,1,102
D4:F5:47:82:0E:C6,ALL,udp:38691,192.168.3.117*,2,164,1,90,1,74
D4:F5:47:82:0E:C6,ALL,udp:38691,8.8.8.8*,2,164,1,74,1,90
D4:F5:47:82:0E:C6,ALL,udp:40684,192.168.3.117*,2,176,1,102,1,74
D4:F5:47:82:0E:C6,ALL,udp:40684,8.8.8.8*,2,176,1,74,1,102
D4:F5:47:82:0E:C6,ALL,udp:54836,192.168.3.117*,2,164,1,90,1,74
D4:F5:47:82:0E:C6,ALL,udp:54836,8.8.8.8*,2,164,1,74,1,90
D4:F5:47:82:0E:C6,ALL,udp:57604,192.168.3.117*,2,176,1,102,1,74
D4:F5:47:82:0E:C6,ALL,udp:57604,8.8.8.8*,2,176,1,74,1,102
D4:F5:47:82:0E:C6,ALL,udp:56858,192.168.3.117*,2,164,1,90,1,74
D4:F5:47:82:0E:C6,ALL,udp:56858,8.8.8.8*,2,164,1,74,1,90
D4:F5:47:82:0E:C6,ALL,udp:55904,192.168.3.117*,2,176,1,102,1,74
D4:F5:47:82:0E:C6,ALL,udp:55904,8.8.8.8*,2,176,1,74,1,102
D4:F5:47:82:0E:C6,ALL,udp:59581,192.168.3.117*,2,164,1,90,1,74
D4:F5:47:82:0E:C6,ALL,udp:59581,8.8.8.8*,2,164,1,74,1,90
D4:F5:47:82:0E:C6,ALL,udp:43076,192.168.3.117*,2,176,1,102,1,74
D4:F5:47:82:0E:C6,ALL,udp:43076,8.8.8.8*,2,176,1,74,1,102
D4:F5:47:82:0E:C6,ALL,udp:55091,192.168.3.117*,2,194,1,105,1,89
D4:F5:47:82:0E:C6,ALL,udp:55091,8.8.8.8*,2,194,1,89,1,105
D4:F5:47:82:0E:C6,ALL,udp:55271,192.168.3.117*,2,164,1,90,1,74
D4:F5:47:82:0E:C6,ALL,udp:55271,8.8.8.8*,2,164,1,74,1,90
D4:F5:47:82:0E:C6,ALL,udp:46017,192.168.3.117*,2,176,1,102,1,74
D4:F5:47:82:0E:C6,ALL,udp:46017,8.8.8.8*,2,176,1,74,1,102
D4:F5:47:82:0E:C6,ALL,udp:38025,192.168.3.117*,2,164,1,90,1,74
D4:F5:47:82:0E:C6,ALL,udp:38025,8.8.8.8*,2,164,1,74,1,90
D4:F5:47:82:0E:C6,ALL,udp:52956,192.168.3.117*,2,176,1,102,1,74
D4:F5:47:82:0E:C6,ALL,udp:52956,8.8.8.8*,2,176,1,74,1,102
D4:F5:47:82:0E:C6,ALL,udp:49725,192.168.3.117*,2,164,1,90,1,74
D4:F5:47:82:0E:C6,ALL,udp:49725,8.8.8.8*,2,164,1,74,1,90
D4:F5:47:82:0E:C6,ALL,udp:38400,192.168.3.117*,2,176,1,102,1,74
D4:F5:47:82:0E:C6,ALL,udp:38400,8.8.8.8*,2,176,1,74,1,102
D4:F5:47:82:0E:C6,ALL,udp:42638,192.168.3.117*,2,176,1,102,1,74
D4:F5:47:82:0E:C6,ALL,udp:42638,8.8.8.8*,2,176,1,74,1,102
D4:F5:47:82:0E:C6,ALL,udp:59352,192.168.3.117*,2,164,1,90,1,74
D4:F5:47:82:0E:C6,ALL,udp:59352,8.8.8.8*,2,164,1,74,1,90
D4:F5:47:82:0E:C6,ALL,udp:40644,192.168.3.117*,2,176,1,102,1,74
D4:F5:47:82:0E:C6,ALL,udp:40644,8.8.8.8*,2,176,1,74,1,102
D4:F5:47:82:0E:C6,ALL,udp:51365,192.168.3.117*,2,164,1,90,1,74
D4:F5:47:82:0E:C6,ALL,udp:51365,8.8.8.8*,2,164,1,74,1,90
D4:F5:47:82:0E:C6,ALL,udp:36386,192.168.3.117*,2,176,1,102,1,74
D4:F5:47:82:0E:C6,ALL,udp:36386,8.8.8.8*,2,176,1,74,1,102
D4:F5:47:82:0E:C6,ALL,udp:39888,192.168.3.117*,2,176,1,102,1,74
D4:F5:47:82:0E:C6,ALL,udp:39888,8.8.8.8*,2,176,1,74,1,102
D4:F5:47:82:0E:C6,ALL,udp:50081,192.168.3.117*,2,164,1,90,1,74
D4:F5:47:82:0E:C6,ALL,udp:50081,8.8.8.8*,2,164,1,74,1,90
D4:F5:47:82:0E:C6,ALL,udp:60231,192.168.3.117*,2,164,1,90,1,74
D4:F5:47:82:0E:C6,ALL,udp:60231,8.8.8.8*,2,164,1,74,1,90
D4:F5:47:82:0E:C6,ALL,udp:59249,192.168.3.117*,2,176,1,102,1,74
D4:F5:47:82:0E:C6,ALL,udp:59249,8.8.8.8*,2,176,1,74,1,102
D4:F5:47:82:0E:C6,ALL,udp:40239,192.168.3.117*,2,176,1,102,1,74
D4:F5:47:82:0E:C6,ALL,udp:40239,8.8.8.8*,2,176,1,74,1,102
D4:F5:47:82:0E:C6,ALL,udp:49323,192.168.3.117*,2,164,1,90,1,74
D4:F5:47:82:0E:C6,ALL,udp:49323,8.8.8.8*,2,164,1,74,1,90
D4:F5:47:82:0E:C6,ALL,udp:59976,192.168.3.117*,2,176,1,102,1,74
D4:F5:47:82:0E:C6,ALL,udp:59976,8.8.8.8*,2,176,1,74,1,102
D4:F5:47:82:0E:C6,ALL,udp:53621,192.168.3.117*,2,164,1,90,1,74
D4:F5:47:82:0E:C6,ALL,udp:53621,8.8.8.8*,2,164,1,74,1,90
D4:F5:47:82:0E:C6,ALL,udp:44523,192.168.3.117*,2,176,1,102,1,74
D4:F5:47:82:0E:C6,ALL,udp:44523,8.8.8.8*,2,176,1,74,1,102
D4:F5:47:82:0E:C6,ALL,udp:55487,192.168.3.117*,2,164,1,90,1,74
D4:F5:47:82:0E:C6,ALL,udp:55487,8.8.8.8*,2,164,1,74,1,90
D4:F5:47:82:0E:C6,ALL,udp:43927,192.168.3.117*,2,164,1,90,1,74
D4:F5:47:82:0E:C6,ALL,udp:43927,8.8.8.8*,2,164,1,74,1,90
D4:F5:47:82:0E:C6,ALL,udp:33093,192.168.3.117*,2,176,1,102,1,74
D4:F5:47:82:0E:C6,ALL,udp:33093,8.8.8.8*,2,176,1,74,1,102
D4:F5:47:82:0E:C6,ALL,udp:50071,192.168.3.117*,2,164,1,90,1,74
D4:F5:47:82:0E:C6,ALL,udp:50071,8.8.8.8*,2,164,1,74,1,90
D4:F5:47:82:0E:C6,ALL,udp:56482,192.168.3.117*,2,176,1,102,1,74
D4:F5:47:82:0E:C6,ALL,udp:56482,8.8.8.8*,2,176,1,74,1,102
D4:F5:47:82:0E:C6,ALL,udp:58827,192.168.3.117*,2,198,1,119,1,79
D4:F5:47:82:0E:C6,ALL,udp:58827,8.8.8.8*,2,198,1,79,1,119
D4:F5:47:82:0E:C6,ALL,udp:37964,192.168.3.117*,2,164,1,90,1,74
D4:F5:47:82:0E:C6,ALL,udp:37964,8.8.8.8*,2,164,1,74,1,90
D4:F5:47:82:0E:C6,ALL,udp:40075,192.168.3.117*,2,164,1,90,1,74
D4:F5:47:82:0E:C6,ALL,udp:40075,8.8.8.8*,2,164,1,74,1,90
D4:F5:47:82:0E:C6,ALL,udp:36371,192.168.3.117*,2,164,1,90,1,74
D4:F5:47:82:0E:C6,ALL,udp:36371,8.8.8.8*,2,164,1,74,1,90
D4:F5:47:82:0E:C6,ALL,udp:51828,192.168.3.117*,2,164,1,90,1,74
D4:F5:47:82:0E:C6,ALL,udp:51828,8.8.8.8*,2,164,1,74,1,90
D4:F5:47:82:0E:C6,ALL,udp:36050,192.168.3.117*,2,176,1,102,1,74
D4:F5:47:82:0E:C6,ALL,udp:36050,8.8.8.8*,2,176,1,74,1,102
D4:F5:47:82:0E:C6,ALL,udp:46110,192.168.3.117*,2,164,1,90,1,74
D4:F5:47:82:0E:C6,ALL,udp:46110,8.8.8.8*,2,164,1,74,1,90
D4:F5:47:82:0E:C6,ALL,udp:60038,192.168.3.117*,2,176,1,102,1,74
D4:F5:47:82:0E:C6,ALL,udp:60038,8.8.8.8*,2,176,1,74,1,102
D4:F5:47:82:0E:C6,ALL,udp:56631,192.168.3.117*,2,176,1,102,1,74
D4:F5:47:82:0E:C6,ALL,udp:56631,8.8.8.8*,2,176,1,74,1,102
D4:F5:47:82:0E:C6,ALL,udp:49056,192.168.3.117*,2,164,1,90,1,74
D4:F5:47:82:0E:C6,ALL,udp:49056,8.8.8.8*,2,164,1,74,1,90
D4:F5:47:82:0E:C6,ALL,udp:53052,192.168.3.117*,2,176,1,102,1,74
D4:F5:47:82:0E:C6,ALL,udp:53052,8.8.8.8*,2,176,1,74,1,102
D4:F5:47:82:0E:C6,ALL,udp:60468,192.168.3.117*,2,176,1,102,1,74
D4:F5:47:82:0E:C6,ALL,udp:60468,8.8.8.8*,2,176,1,74,1,102
D4:F5:47:82:0E:C6,ALL,udp:57512,192.168.3.117*,2,164,1,90,1,74
D4:F5:47:82:0E:C6,ALL,udp:57512,8.8.8.8*,2,164,1,74,1,90
D4:F5:47:82:0E:C6,ALL,udp:45611,192.168.3.117*,2,164,1,90,1,74
D4:F5:47:82:0E:C6,ALL,udp:45611,8.8.8.8*,2,164,1,74,1,90
D4:F5:47:82:0E:C6,ALL,udp:55321,192.168.3.117*,2,176,1,102,1,74
D4:F5:47:82:0E:C6,ALL,udp:55321,8.8.8.8*,2,176,1,74,1,102
D4:F5:47:82:0E:C6,ALL,udp:33357,192.168.3.117*,2,176,1,102,1,74
D4:F5:47:82:0E:C6,ALL,udp:33357,8.8.8.8*,2,176,1,74,1,102
D4:F5:47:82:0E:C6,ALL,udp:46235,192.168.3.117*,2,164,1,90,1,74
D4:F5:47:82:0E:C6,ALL,udp:46235,8.8.8.8*,2,164,1,74,1,90
D4:F5:47:82:0E:C6,ALL,udp:33422,192.168.3.117*,2,176,1,102,1,74
D4:F5:47:82:0E:C6,ALL,udp:33422,8.8.8.8*,2,176,1,74,1,102
D4:F5:47:82:0E:C6,ALL,udp:51327,192.168.3.117*,2,164,1,90,1,74
D4:F5:47:82:0E:C6,ALL,udp:51327,8.8.8.8*,2,164,1,74,1,90
D4:F5:47:82:0E:C6,ALL,udp:49485,192.168.3.117*,2,164,1,90,1,74
D4:F5:47:82:0E:C6,ALL,udp:49485,8.8.8.8*,2,164,1,74,1,90
D4:F5:47:82:0E:C6,ALL,udp:53696,192.168.3.117*,2,164,1,90,1,74
D4:F5:47:82:0E:C6,ALL,udp:53696,8.8.8.8*,2,164,1,74,1,90
D4:F5:47:82:0E:C6,ALL,udp:56007,192.168.3.117*,2,164,1,90,1,74
D4:F5:47:82:0E:C6,ALL,udp:56007,8.8.8.8*,2,164,1,74,1,90
D4:F5:47:82:0E:C6,ALL,udp:49912,192.168.3.117*,2,176,1,102,1,74
D4:F5:47:82:0E:C6,ALL,udp:49912,8.8.8.8*,2,176,1,74,1,102
D4:F5:47:82:0E:C6,ALL,udp:35432,192.168.3.117*,2,164,1,90,1,74
D4:F5:47:82:0E:C6,ALL,udp:35432,8.8.8.8*,2,164,1,74,1,90
D4:F5:47:82:0E:C6,ALL,udp:33204,192.168.3.117*,2,176,1,102,1,74
D4:F5:47:82:0E:C6,ALL,udp:33204,8.8.8.8*,2,176,1,74,1,102
D4:F5:47:82:0E:C6,ALL,udp:48118,192.168.3.117*,2,164,1,90,1,74
D4:F5:47:82:0E:C6,ALL,udp:48118,8.8.8.8*,2,164,1,74,1,90
D4:F5:47:82:0E:C6,ALL,udp:46121,192.168.3.117*,2,176,1,102,1,74
D4:F5:47:82:0E:C6,ALL,udp:46121,8.8.8.8*,2,176,1,74,1,102
D4:F5:47:82:0E:C6,ALL,udp:50846,192.168.3.117*,2,164,1,90,1,74
D4:F5:47:82:0E:C6,ALL,udp:50846,8.8.8.8*,2,164,1,74,1,90
D4:F5:47:82:0E:C6,ALL,udp:53588,192.168.3.117*,2,176,1,102,1,74
D4:F5:47:82:0E:C6,ALL,udp:53588,8.8.8.8*,2,176,1,74,1,102
D4:F5:47:82:0E:C6,ALL,udp:47199,192.168.3.117*,2,176,1,102,1,74
D4:F5:47:82:0E:C6,ALL,udp:47199,8.8.8.8*,2,176,1,74,1,102
D4:F5:47:82:0E:C6,ALL,udp:39547,192.168.3.117*,2,164,1,90,1,74
D4:F5:47:82:0E:C6,ALL,udp:39547,8.8.8.8*,2,164,1,74,1,90
D4:F5:47:82:0E:C6,ALL,udp:58191,192.168.3.117*,2,164,1,90,1,74
D4:F5:47:82:0E:C6,ALL,udp:58191,8.8.8.8*,2,164,1,74,1,90
D4:F5:47:82:0E:C6,ALL,udp:43419,192.168.3.117*,2,176,1,102,1,74
D4:F5:47:82:0E:C6,ALL,udp:43419,8.8.8.8*,2,176,1,74,1,102
D4:F5:47:82:0E:C6,ALL,udp:36745,192.168.3.117*,2,164,1,90,1,74
D4:F5:47:82:0E:C6,ALL,udp:36745,8.8.8.8*,2,164,1,74,1,90
D4:F5:47:82:0E:C6,ALL,udp:38246,192.168.3.117*,2,176,1,102,1,74
D4:F5:47:82:0E:C6,ALL,udp:38246,8.8.8.8*,2,176,1,74,1,102
D4:F5:47:82:0E:C6,ALL,udp:41282,192.168.3.117*,2,164,1,90,1,74
D4:F5:47:82:0E:C6,ALL,udp:41282,8.8.8.8*,2,164,1,74,1,90
D4:F5:47:82:0E:C6,ALL,udp:37039,192.168.3.117*,2,164,1,90,1,74
D4:F5:47:82:0E:C6,ALL,udp:37039,8.8.8.8*,2,164,1,74,1,90
D4:F5:47:82:0E:C6,ALL,udp:41587,192.168.3.117*,2,176,1,102,1,74
D4:F5:47:82:0E:C6,ALL,udp:41587,8.8.8.8*,2,176,1,74,1,102
D4:F5:47:82:0E:C6,ALL,udp:45138,192.168.3.117*,2,176,1,102,1,74
D4:F5:47:82:0E:C6,ALL,udp:45138,8.8.8.8*,2,176,1,74,1,102
D4:F5:47:82:0E:C6,ALL,udp:45976,192.168.3.117*,2,164,1,90,1,74
D4:F5:47:82:0E:C6,ALL,udp:45976,8.8.8.8*,2,164,1,74,1,90
D4:F5:47:82:0E:C6,ALL,udp:51735,216.239.35.0,2,180,1,90,1,90
D4:F5:47:82:0E:C6,ALL,udp:51735,8.8.8.8,2,164,1,74,1,90
D4:F5:47:82:0E:C6,ALL,udp:45537,192.168.3.117*,2,176,1,102,1,74
D4:F5:47:82:0E:C6,ALL,udp:45537,8.8.8.8*,2,176,1,74,1,102
D4:F5:47:82:0E:C6,ALL,udp:36046,192.168.3.117*,2,164,1,90,1,74
D4:F5:47:82:0E:C6,ALL,udp:36046,8.8.8.8*,2,164,1,74,1,90
D4:F5:47:82:0E:C6,ALL,udp:50830,192.168.3.117*,2,164,1,90,1,74
D4:F5:47:82:0E:C6,ALL,udp:50830,8.8.8.8*,2,164,1,74,1,90
D4:F5:47:82:0E:C6,ALL,udp:50426,192.168.3.117*,2,198,1,119,1,79
D4:F5:47:82:0E:C6,ALL,udp:50426,8.8.8.8*,2,198,1,79,1,119
D4:F5:47:82:0E:C6,ALL,udp:52389,192.168.3.117*,2,176,1,102,1,74
D4:F5:47:82:0E:C6,ALL,udp:52389,8.8.8.8*,2,176,1,74,1,102
D4:F5:47:82:0E:C6,ALL,udp:46104,192.168.3.117*,2,194,1,105,1,89
D4:F5:47:82:0E:C6,ALL,udp:46104,8.8.8.8*,2,194,1,89,1,105
D4:F5:47:82:0E:C6,ALL,udp:36952,192.168.3.117*,2,164,1,90,1,74
D4:F5:47:82:0E:C6,ALL,udp:36952,8.8.8.8*,2,164,1,74,1,90
D4:F5:47:82:0E:C6,ALL,udp:53516,192.168.3.117*,2,176,1,102,1,74
D4:F5:47:82:0E:C6,ALL,udp:53516,8.8.8.8*,2,176,1,74,1,102
D4:F5:47:82:0E:C6,ALL,udp:51480,192.168.3.117*,2,164,1,90,1,74
D4:F5:47:82:0E:C6,ALL,udp:51480,8.8.8.8*,2,164,1,74,1,90
D4:F5:47:82:0E:C6,ALL,udp:60795,192.168.3.117*,2,176,1,102,1,74
D4:F5:47:82:0E:C6,ALL,udp:60795,8.8.8.8*,2,176,1,74,1,102
D4:F5:47:82:0E:C6,ALL,udp:57391,192.168.3.117*,2,164,1,90,1,74
D4:F5:47:82:0E:C6,ALL,udp:57391,8.8.8.8*,2,164,1,74,1,90
D4:F5:47:82:0E:C6,ALL,udp:40465,192.168.3.117*,2,176,1,102,1,74
D4:F5:47:82:0E:C6,ALL,udp:40465,8.8.8.8*,2,176,1,74,1,102
D4:F5:47:82:0E:C6,ALL,udp:40004,192.168.3.117*,2,164,1,90,1,74
D4:F5:47:82:0E:C6,ALL,udp:40004,8.8.8.8*,2,164,1,74,1,90
D4:F5:47:82:0E:C6,ALL,udp:39856,192.168.3.117*,2,164,1,90,1,74
D4:F5:47:82:0E:C6,ALL,udp:39856,8.8.8.8*,2,164,1,74,1,90
D4:F5:47:82:0E:C6,ALL,udp:57941,192.168.3.117*,2,176,1,102,1,74
D4:F5:47:82:0E:C6,ALL,udp:57941,8.8.8.8*,2,176,1,74,1,102
D4:F5:47:82:0E:C6,ALL,udp:57263,192.168.3.117*,2,176,1,102,1,74
D4:F5:47:82:0E:C6,ALL,udp:57263,8.8.8.8*,2,176,1,74,1,102
D4:F5:47:82:0E:C6,ALL,udp:44819,216.239.35.8,2,180,1,90,1,90
D4:F5:47:82:0E:C6,ALL,udp:44819,8.8.8.8,2,164,1,74,1,90
D4:F5:47:82:0E:C6,ALL,udp:58452,192.168.3.117*,2,176,1,102,1,74
D4:F5:47:82:0E:C6,ALL,udp:58452,8.8.8.8*,2,176,1,74,1,102
D4:F5:47:82:0E:C6,ALL,udp:51642,192.168.3.117*,2,164,1,90,1,74
D4:F5:47:82:0E:C6,ALL,udp:51642,8.8.8.8*,2,164,1,74,1,90
D4:F5:47:82:0E:C6,ALL,udp:60757,192.168.3.117*,2,176,1,102,1,74
D4:F5:47:82:0E:C6,ALL,udp:60757,8.8.8.8*,2,176,1,74,1,102
D4:F5:47:82:0E:C6,ALL,udp:58136,192.168.3.117*,2,176,1,102,1,74
D4:F5:47:82:0E:C6,ALL,udp:58136,8.8.8.8*,2,176,1,74,1,102
D4:F5:47:82:0E:C6,ALL,udp:46753,192.168.3.117*,2,176,1,102,1,74
D4:F5:47:82:0E:C6,ALL,udp:46753,8.8.8.8*,2,176,1,74,1,102
D4:F5:47:82:0E:C6,ALL,udp:58495,192.168.3.117*,2,164,1,90,1,74
D4:F5:47:82:0E:C6,ALL,udp:58495,8.8.8.8*,2,164,1,74,1,90
D4:F5:47:82:0E:C6,ALL,udp:34333,192.168.3.117*,2,164,1,90,1,74
D4:F5:47:82:0E:C6,ALL,udp:34333,8.8.8.8*,2,164,1,74,1,90
D4:F5:47:82:0E:C6,ALL,udp:49361,192.168.3.117*,2,176,1,102,1,74
D4:F5:47:82:0E:C6,ALL,udp:49361,8.8.8.8*,2,176,1,74,1,102
D4:F5:47:82:0E:C6,ALL,udp:34490,192.168.3.117*,2,164,1,90,1,74
D4:F5:47:82:0E:C6,ALL,udp:34490,8.8.8.8*,2,164,1,74,1,90
D4:F5:47:82:0E:C6,ALL,udp:54318,192.168.3.117*,2,176,1,102,1,74
D4:F5:47:82:0E:C6,ALL,udp:54318,8.8.8.8*,2,176,1,74,1,102
D4:F5:47:82:0E:C6,ALL,udp:56155,192.168.3.117*,2,176,1,102,1,74
D4:F5:47:82:0E:C6,ALL,udp:56155,8.8.8.8*,2,176,1,74,1,102
D4:F5:47:82:0E:C6,ALL,udp:53632,192.168.3.117*,2,164,1,90,1,74
D4:F5:47:82:0E:C6,ALL,udp:53632,8.8.8.8*,2,164,1,74,1,90
D4:F5:47:82:0E:C6,ALL,udp:33485,192.168.3.117*,2,176,1,102,1,74
D4:F5:47:82:0E:C6,ALL,udp:33485,8.8.8.8*,2,176,1,74,1,102
D4:F5:47:82:0E:C6,ALL,udp:46845,192.168.3.117*,2,164,1,90,1,74
D4:F5:47:82:0E:C6,ALL,udp:46845,8.8.8.8*,2,164,1,74,1,90
D4:F5:47:82:0E:C6,ALL,udp:32949,192.168.3.117*,2,164,1,90,1,74
D4:F5:47:82:0E:C6,ALL,udp:32949,8.8.8.8*,2,164,1,74,1,90
D4:F5:47:82:0E:C6,ALL,udp:47278,192.168.3.117*,2,176,1,102,1,74
D4:F5:47:82:0E:C6,ALL,udp:47278,8.8.8.8*,2,176,1,74,1,102
D4:F5:47:82:0E:C6,ALL,udp:39412,192.168.3.117*,2,164,1,90,1,74
D4:F5:47:82:0E:C6,ALL,udp:39412,8.8.8.8*,2,164,1,74,1,90
D4:F5:47:82:0E:C6,ALL,udp:55507,192.168.3.117*,2,164,1,90,1,74
D4:F5:47:82:0E:C6,ALL,udp:55507,8.8.8.8*,2,164,1,74,1,90
D4:F5:47:82:0E:C6,ALL,udp:43347,192.168.3.117*,2,176,1,102,1,74
D4:F5:47:82:0E:C6,ALL,udp:43347,8.8.8.8*,2,176,1,74,1,102
D4:F5:47:82:0E:C6,ALL,udp:55252,192.168.3.117*,2,176,1,102,1,74
D4:F5:47:82:0E:C6,ALL,udp:55252,8.8.8.8*,2,176,1,74,1,102
D4:F5:47:82:0E:C6,ALL,udp:38207,192.168.3.117*,2,176,1,102,1,74
D4:F5:47:82:0E:C6,ALL,udp:38207,8.8.8.8*,2,176,1,74,1,102
D4:F5:47:82:0E:C6,ALL,udp:55030,192.168.3.117*,2,176,1,102,1,74
D4:F5:47:82:0E:C6,ALL,udp:55030,8.8.8.8*,2,176,1,74,1,102
D4:F5:47:82:0E:C6,ALL,udp:39693,192.168.3.117*,2,164,1,90,1,74
D4:F5:47:82:0E:C6,ALL,udp:39693,8.8.8.8*,2,164,1,74,1,90
D4:F5:47:82:0E:C6,ALL,udp:41174,192.168.3.117*,2,176,1,102,1,74
D4:F5:47:82:0E:C6,ALL,udp:41174,8.8.8.8*,2,176,1,74,1,102
D4:F5:47:82:0E:C6,ALL,udp:55666,192.168.3.117*,2,164,1,90,1,74
D4:F5:47:82:0E:C6,ALL,udp:55666,8.8.8.8*,2,164,1,74,1,90
D4:F5:47:82:0E:C6,ALL,udp:43752,192.168.3.117*,2,176,1,102,1,74
D4:F5:47:82:0E:C6,ALL,udp:43752,8.8.8.8*,2,176,1,74,1,102
D4:F5:47:82:0E:C6,ALL,udp:40399,192.168.3.117*,2,176,1,102,1,74
D4:F5:47:82:0E:C6,ALL,udp:40399,8.8.8.8*,2,176,1,74,1,102
D4:F5:47:82:0E:C6,ALL,udp:38745,192.168.3.117*,2,164,1,90,1,74
D4:F5:47:82:0E:C6,ALL,udp:38745,8.8.8.8*,2,164,1,74,1,90
D4:F5:47:82:0E:C6,ALL,udp:52656,192.168.3.117*,2,164,1,90,1,74
D4:F5:47:82:0E:C6,ALL,udp:52656,8.8.8.8*,2,164,1,74,1,90
D4:F5:47:82:0E:C6,ALL,udp:32777,192.168.3.117*,2,164,1,90,1,74
D4:F5:47:82:0E:C6,ALL,udp:32777,8.8.8.8*,2,164,1,74,1,90
D4:F5:47:82:0E:C6,ALL,udp:42413,192.168.3.117*,2,176,1,102,1,74
D4:F5:47:82:0E:C6,ALL,udp:42413,8.8.8.8*,2,176,1,74,1,102
D4:F5:47:82:0E:C6,ALL,udp:54819,192.168.3.117*,2,164,1,90,1,74
D4:F5:47:82:0E:C6,ALL,udp:54819,8.8.8.8*,2,164,1,74,1,90
D4:F5:47:82:0E:C6,ALL,udp:59553,192.168.3.117*,2,176,1,102,1,74
D4:F5:47:82:0E:C6,ALL,udp:59553,8.8.8.8*,2,176,1,74,1,102
D4:F5:47:82:0E:C6,ALL,udp:47896,192.168.3.117*,2,164,1,90,1,74
D4:F5:47:82:0E:C6,ALL,udp:47896,8.8.8.8*,2,164,1,74,1,90
D4:F5:47:82:0E:C6,ALL,udp:36422,192.168.3.117*,2,164,1,90,1,74
D4:F5:47:82:0E:C6,ALL,udp:36422,8.8.8.8*,2,164,1,74,1,90
D4:F5:47:82:0E:C6,ALL,udp:50689,192.168.3.117*,2,176,1,102,1,74
D4:F5:47:82:0E:C6,ALL,udp:50689,8.8.8.8*,2,176,1,74,1,102
D4:F5:47:82:0E:C6,ALL,udp:54867,192.168.3.117*,2,164,1,90,1,74
D4:F5:47:82:0E:C6,ALL,udp:54867,8.8.8.8*,2,164,1,74,1,90
D4:F5:47:82:0E:C6,ALL,udp:37414,192.168.3.117*,2,176,1,102,1,74
D4:F5:47:82:0E:C6,ALL,udp:37414,8.8.8.8*,2,176,1,74,1,102
D4:F5:47:82:0E:C6,ALL,udp:46867,192.168.3.117*,2,176,1,102,1,74
D4:F5:47:82:0E:C6,ALL,udp:46867,8.8.8.8*,2,176,1,74,1,102
D4:F5:47:82:0E:C6,ALL,udp:35711,192.168.3.117*,2,164,1,90,1,74
D4:F5:47:82:0E:C6,ALL,udp:35711,8.8.8.8*,2,164,1,74,1,90
D4:F5:47:82:0E:C6,ALL,udp:38707,192.168.3.117*,2,176,1,102,1,74
D4:F5:47:82:0E:C6,ALL,udp:38707,8.8.8.8*,2,176,1,74,1,102
D4:F5:47:82:0E:C6,ALL,udp:55276,192.168.3.117*,2,164,1,90,1,74
D4:F5:47:82:0E:C6,ALL,udp:55276,8.8.8.8*,2,164,1,74,1,90
D4:F5:47:82:0E:C6,ALL,udp:52239,192.168.3.117*,2,164,1,90,1,74
D4:F5:47:82:0E:C6,ALL,udp:52239,8.8.8.8*,2,164,1,74,1,90
D4:F5:47:82:0E:C6,ALL,udp:33105,192.168.3.117*,2,176,1,102,1,74
D4:F5:47:82:0E:C6,ALL,udp:33105,8.8.8.8*,2,176,1,74,1,102
D4:F5:47:82:0E:C6,ALL,udp:45908,192.168.3.117*,2,176,1,102,1,74
D4:F5:47:82:0E:C6,ALL,udp:45908,8.8.8.8*,2,176,1,74,1,102
D4:F5:47:82:0E:C6,ALL,udp:37101,192.168.3.117*,2,164,1,90,1,74
D4:F5:47:82:0E:C6,ALL,udp:37101,8.8.8.8*,2,164,1,74,1,90
D4:F5:47:82:0E:C6,ALL,udp:48353,192.168.3.117*,2,176,1,102,1,74
D4:F5:47:82:0E:C6,ALL,udp:48353,8.8.8.8*,2,176,1,74,1,102
D4:F5:47:82:0E:C6,ALL,udp:49642,192.168.3.117*,2,164,1,90,1,74
D4:F5:47:82:0E:C6,ALL,udp:49642,8.8.8.8*,2,164,1,74,1,90
D4:F5:47:82:0E:C6,ALL,udp:60323,192.168.3.117*,2,176,1,102,1,74
D4:F5:47:82:0E:C6,ALL,udp:60323,8.8.8.8*,2,176,1,74,1,102
D4:F5:47:82:0E:C6,ALL,udp:52063,192.168.3.117*,2,176,1,102,1,74
D4:F5:47:82:0E:C6,ALL,udp:52063,8.8.8.8*,2,176,1,74,1,102
D4:F5:47:82:0E:C6,ALL,udp:41176,192.168.3.117*,2,198,1,119,1,79
D4:F5:47:82:0E:C6,ALL,udp:41176,8.8.8.8*,2,198,1,79,1,119
D4:F5:47:82:0E:C6,ALL,udp:43344,192.168.3.117*,2,164,1,90,1,74
D4:F5:47:82:0E:C6,ALL,udp:43344,8.8.8.8*,2,164,1,74,1,90
D4:F5:47:82:0E:C6,ALL,udp:54983,192.168.3.117*,2,164,1,90,1,74
D4:F5:47:82:0E:C6,ALL,udp:54983,8.8.8.8*,2,164,1,74,1,90
D4:F5:47:82:0E:C6,ALL,udp:60302,192.168.3.117*,2,176,1,102,1,74
D4:F5:47:82:0E:C6,ALL,udp:60302,8.8.8.8*,2,176,1,74,1,102
D4:F5:47:82:0E:C6,ALL,udp:56742,192.168.3.117*,2,164,1,90,1,74
D4:F5:47:82:0E:C6,ALL,udp:56742,8.8.8.8*,2,164,1,74,1,90
D4:F5:47:82:0E:C6,ALL,udp:39521,192.168.3.117*,2,176,1,102,1,74
D4:F5:47:82:0E:C6,ALL,udp:39521,8.8.8.8*,2,176,1,74,1,102
D4:F5:47:82:0E:C6,ALL,udp:56159,192.168.3.117*,2,164,1,90,1,74
D4:F5:47:82:0E:C6,ALL,udp:56159,8.8.8.8*,2,164,1,74,1,90
D4:F5:47:82:0E:C6,ALL,udp:53334,192.168.3.117*,2,164,1,90,1,74
D4:F5:47:82:0E:C6,ALL,udp:53334,8.8.8.8*,2,164,1,74,1,90
D4:F5:47:82:0E:C6,ALL,udp:47812,192.168.3.117*,2,164,1,90,1,74
D4:F5:47:82:0E:C6,ALL,udp:47812,8.8.8.8*,2,164,1,74,1,90
D4:F5:47:82:0E:C6,ALL,udp:53180,192.168.3.117*,2,176,1,102,1,74
D4:F5:47:82:0E:C6,ALL,udp:53180,8.8.8.8*,2,176,1,74,1,102
D4:F5:47:82:0E:C6,ALL,udp:46552,192.168.3.117*,2,164,1,90,1,74
D4:F5:47:82:0E:C6,ALL,udp:46552,8.8.8.8*,2,164,1,74,1,90
D4:F5:47:82:0E:C6,ALL,udp:51793,192.168.3.117*,2,176,1,102,1,74
D4:F5:47:82:0E:C6,ALL,udp:51793,8.8.8.8*,2,176,1,74,1,102
D4:F5:47:82:0E:C6,ALL,udp:53221,192.168.3.117*,2,164,1,90,1,74
D4:F5:47:82:0E:C6,ALL,udp:53221,8.8.8.8*,2,164,1,74,1,90
D4:F5:47:82:0E:C6,ALL,udp:34675,192.168.3.117*,2,164,1,90,1,74
D4:F5:47:82:0E:C6,ALL,udp:34675,8.8.8.8*,2,164,1,74,1,90
D4:F5:47:82:0E:C6,ALL,udp:48998,192.168.3.117*,2,164,1,90,1,74
D4:F5:47:82:0E:C6,ALL,udp:48998,8.8.8.8*,2,164,1,74,1,90
D4:F5:47:82:0E:C6,ALL,udp:42577,192.168.3.117*,2,176,1,102,1,74
D4:F5:47:82:0E:C6,ALL,udp:42577,8.8.8.8*,2,176,1,74,1,102
D4:F5:47:82:0E:C6,ALL,udp:43828,192.168.3.117*,2,197,1,121,1,76
D4:F5:47:82:0E:C6,ALL,udp:43828,8.8.8.8*,2,197,1,76,1,121
D4:F5:47:82:0E:C6,ALL,udp:53248,192.168.3.117*,2,176,1,102,1,74
D4:F5:47:82:0E:C6,ALL,udp:53248,8.8.8.8*,2,176,1,74,1,102
D4:F5:47:82:0E:C6,ALL,udp:35325,192.168.3.117*,2,156,1,86,1,70
D4:F5:47:82:0E:C6,ALL,udp:35325,8.8.8.8*,2,156,1,70,1,86
D4:F5:47:82:0E:C6,ALL,udp:43290,192.168.3.117*,2,213,1,126,1,87
D4:F5:47:82:0E:C6,ALL,udp:43290,8.8.8.8*,2,213,1,87,1,126
D4:F5:47:82:0E:C6,ALL,udp:42096,192.168.3.117*,2,213,1,126,1,87
D4:F5:47:82:0E:C6,ALL,udp:42096,8.8.8.8*,2,213,1,87,1,126
D4:F5:47:82:0E:C6,ALL,udp:40454,192.168.3.117*,2,213,1,126,1,87
D4:F5:47:82:0E:C6,ALL,udp:40454,8.8.8.8*,2,213,1,87,1,126
D4:F5:47:82:0E:C6,ALL,udp:39190,192.168.3.117*,2,213,1,126,1,87
D4:F5:47:82:0E:C6,ALL,udp:39190,8.8.8.8*,2,213,1,87,1,126
D4:F5:47:82:0E:C6,ALL,udp:57418,192.168.3.117*,2,213,1,126,1,87
D4:F5:47:82:0E:C6,ALL,udp:57418,8.8.8.8*,2,213,1,87,1,126
D4:F5:47:82:0E:C6,ALL,udp:39598,192.168.3.117*,2,213,1,126,1,87
D4:F5:47:82:0E:C6,ALL,udp:39598,8.8.8.8*,2,213,1,87,1,126
D4:F5:47:82:0E:C6,ALL,udp:40201,192.168.3.117*,2,164,1,90,1,74
D4:F5:47:82:0E:C6,ALL,udp:40201,8.8.8.8*,2,164,1,74,1,90
D4:F5:47:82:0E:C6,ALL,udp:35013,192.168.3.117*,2,198,1,119,1,79
D4:F5:47:82:0E:C6,ALL,udp:35013,8.8.8.8*,2,198,1,79,1,119
D4:F5:47:82:0E:C6,ALL,udp:54743,192.168.3.117*,2,176,1,102,1,74
D4:F5:47:82:0E:C6,ALL,udp:54743,8.8.8.8*,2,176,1,74,1,102
D4:F5:47:82:0E:C6,ALL,udp:40897,192.168.3.117*,2,164,1,90,1,74
D4:F5:47:82:0E:C6,ALL,udp:40897,8.8.8.8*,2,164,1,74,1,90
D4:F5:47:82:0E:C6,ALL,udp:35395,192.168.3.117*,2,176,1,102,1,74
D4:F5:47:82:0E:C6,ALL,udp:35395,8.8.8.8*,2,176,1,74,1,102
D4:F5:47:82:0E:C6,ALL,udp:46984,192.168.3.117*,2,164,1,90,1,74
D4:F5:47:82:0E:C6,ALL,udp:46984,8.8.8.8*,2,164,1,74,1,90
D4:F5:47:82:0E:C6,ALL,udp:33440,192.168.3.117*,2,176,1,102,1,74
D4:F5:47:82:0E:C6,ALL,udp:33440,8.8.8.8*,2,176,1,74,1,102
D4:F5:47:82:0E:C6,ALL,udp:56764,192.168.3.117*,2,176,1,102,1,74
D4:F5:47:82:0E:C6,ALL,udp:56764,8.8.8.8*,2,176,1,74,1,102
D4:F5:47:82:0E:C6,ALL,udp:41202,192.168.3.117*,2,197,1,121,1,76
D4:F5:47:82:0E:C6,ALL,udp:41202,8.8.8.8*,2,197,1,76,1,121
D4:F5:47:82:0E:C6,ALL,udp:42636,192.168.3.117*,2,194,1,105,1,89
D4:F5:47:82:0E:C6,ALL,udp:42636,8.8.8.8*,2,194,1,89,1,105
D4:F5:47:82:0E:C6,ALL,udp:33592,192.168.3.117*,2,164,1,90,1,74
D4:F5:47:82:0E:C6,ALL,udp:33592,8.8.8.8*,2,164,1,74,1,90
D4:F5:47:82:0E:C6,ALL,udp:53561,192.168.3.117*,2,176,1,102,1,74
D4:F5:47:82:0E:C6,ALL,udp:53561,8.8.8.8*,2,176,1,74,1,102
D4:F5:47:82:0E:C6,ALL,udp:37368,192.168.3.117*,2,176,1,102,1,74
D4:F5:47:82:0E:C6,ALL,udp:37368,8.8.8.8*,2,176,1,74,1,102
D4:F5:47:82:0E:C6,ALL,udp:41460,192.168.3.117*,2,164,1,90,1,74
D4:F5:47:82:0E:C6,ALL,udp:41460,8.8.8.8*,2,164,1,74,1,90
D4:F5:47:82:0E:C6,ALL,udp:50462,192.168.3.117*,2,164,1,90,1,74
D4:F5:47:82:0E:C6,ALL,udp:50462,8.8.8.8*,2,164,1,74,1,90
D4:F5:47:82:0E:C6,ALL,udp:59896,192.168.3.117*,2,164,1,90,1,74
D4:F5:47:82:0E:C6,ALL,udp:59896,8.8.8.8*,2,164,1,74,1,90
D4:F5:47:82:0E:C6,ALL,udp:43623,192.168.3.117*,2,176,1,102,1,74
D4:F5:47:82:0E:C6,ALL,udp:43623,8.8.8.8*,2,176,1,74,1,102
D4:F5:47:82:0E:C6,ALL,udp:51946,192.168.3.117*,2,164,1,90,1,74
D4:F5:47:82:0E:C6,ALL,udp:51946,8.8.8.8*,2,164,1,74,1,90
D4:F5:47:82:0E:C6,ALL,udp:39853,192.168.3.117*,2,176,1,102,1,74
D4:F5:47:82:0E:C6,ALL,udp:39853,8.8.8.8*,2,176,1,74,1,102
D4:F5:47:82:0E:C6,ALL,udp:60584,192.168.3.117*,2,164,1,90,1,74
D4:F5:47:82:0E:C6,ALL,udp:60584,8.8.8.8*,2,164,1,74,1,90
D4:F5:47:82:0E:C6,ALL,udp:42260,192.168.3.117*,2,176,1,102,1,74
D4:F5:47:82:0E:C6,ALL,udp:42260,8.8.8.8*,2,176,1,74,1,102
D4:F5:47:82:0E:C6,ALL,udp:45686,192.168.3.117*,2,164,1,90,1,74
D4:F5:47:82:0E:C6,ALL,udp:45686,8.8.8.8*,2,164,1,74,1,90
D4:F5:47:82:0E:C6,ALL,udp:50860,192.168.3.117*,2,176,1,102,1,74
D4:F5:47:82:0E:C6,ALL,udp:50860,8.8.8.8*,2,176,1,74,1,102
D4:F5:47:82:0E:C6,ALL,udp:50156,192.168.3.117*,2,164,1,90,1,74
D4:F5:47:82:0E:C6,ALL,udp:50156,8.8.8.8*,2,164,1,74,1,90
D4:F5:47:82:0E:C6,ALL,udp:57255,192.168.3.117*,2,164,1,90,1,74
D4:F5:47:82:0E:C6,ALL,udp:57255,8.8.8.8*,2,164,1,74,1,90
D4:F5:47:82:0E:C6,ALL,udp:38894,192.168.3.117*,2,164,1,90,1,74
D4:F5:47:82:0E:C6,ALL,udp:38894,8.8.8.8*,2,164,1,74,1,90
D4:F5:47:82:0E:C6,ALL,udp:38903,192.168.3.117*,2,176,1,102,1,74
D4:F5:47:82:0E:C6,ALL,udp:38903,8.8.8.8*,2,176,1,74,1,102
D4:F5:47:82:0E:C6,ALL,udp:56334,192.168.3.117*,2,164,1,90,1,74
D4:F5:47:82:0E:C6,ALL,udp:56334,8.8.8.8*,2,164,1,74,1,90
D4:F5:47:82:0E:C6,ALL,udp:36928,192.168.3.117*,2,176,1,102,1,74
D4:F5:47:82:0E:C6,ALL,udp:36928,8.8.8.8*,2,176,1,74,1,102
D4:F5:47:82:0E:C6,ALL,udp:60491,192.168.3.117*,2,176,1,102,1,74
D4:F5:47:82:0E:C6,ALL,udp:60491,8.8.8.8*,2,176,1,74,1,102
D4:F5:47:82:0E:C6,ALL,udp:60638,192.168.3.117*,2,164,1,90,1,74
D4:F5:47:82:0E:C6,ALL,udp:60638,8.8.8.8*,2,164,1,74,1,90
D4:F5:47:82:0E:C6,ALL,udp:54483,192.168.3.117*,2,164,1,90,1,74
D4:F5:47:82:0E:C6,ALL,udp:54483,8.8.8.8*,2,164,1,74,1,90
D4:F5:47:82:0E:C6,ALL,udp:43580,192.168.3.117*,2,164,1,90,1,74
D4:F5:47:82:0E:C6,ALL,udp:43580,8.8.8.8*,2,164,1,74,1,90
D4:F5:47:82:0E:C6,ALL,udp:59664,192.168.3.117*,2,176,1,102,1,74
D4:F5:47:82:0E:C6,ALL,udp:59664,8.8.8.8*,2,176,1,74,1,102
D4:F5:47:82:0E:C6,ALL,udp:39523,192.168.3.117*,2,176,1,102,1,74
D4:F5:47:82:0E:C6,ALL,udp:39523,8.8.8.8*,2,176,1,74,1,102
D4:F5:47:82:0E:C6,ALL,udp:59744,192.168.3.117*,2,176,1,102,1,74
D4:F5:47:82:0E:C6,ALL,udp:59744,8.8.8.8*,2,176,1,74,1,102
D4:F5:47:82:0E:C6,ALL,udp:51830,192.168.3.117*,2,164,1,90,1,74
D4:F5:47:82:0E:C6,ALL,udp:51830,8.8.8.8*,2,164,1,74,1,90
D4:F5:47:82:0E:C6,ALL,udp:50158,192.168.3.117*,2,164,1,90,1,74
D4:F5:47:82:0E:C6,ALL,udp:50158,8.8.8.8*,2,164,1,74,1,90
D4:F5:47:82:0E:C6,ALL,udp:53777,192.168.3.117*,2,176,1,102,1,74
D4:F5:47:82:0E:C6,ALL,udp:53777,8.8.8.8*,2,176,1,74,1,102
D4:F5:47:82:0E:C6,ALL,udp:57955,192.168.3.117*,2,164,1,90,1,74
D4:F5:47:82:0E:C6,ALL,udp:57955,8.8.8.8*,2,164,1,74,1,90
D4:F5:47:82:0E:C6,ALL,udp:46819,192.168.3.117*,2,194,1,105,1,89
D4:F5:47:82:0E:C6,ALL,udp:46819,8.8.8.8*,2,194,1,89,1,105
D4:F5:47:82:0E:C6,ALL,udp:48532,192.168.3.117*,2,164,1,90,1,74
D4:F5:47:82:0E:C6,ALL,udp:48532,8.8.8.8*,2,164,1,74,1,90
D4:F5:47:82:0E:C6,ALL,udp:50430,192.168.3.117*,2,176,1,102,1,74
D4:F5:47:82:0E:C6,ALL,udp:50430,8.8.8.8*,2,176,1,74,1,102
D4:F5:47:82:0E:C6,ALL,udp:53965,192.168.3.117*,2,164,1,90,1,74
D4:F5:47:82:0E:C6,ALL,udp:53965,8.8.8.8*,2,164,1,74,1,90
D4:F5:47:82:0E:C6,ALL,udp:45800,192.168.3.117*,2,164,1,90,1,74
D4:F5:47:82:0E:C6,ALL,udp:45800,8.8.8.8*,2,164,1,74,1,90
D4:F5:47:82:0E:C6,ALL,udp:40477,192.168.3.117*,2,176,1,102,1,74
D4:F5:47:82:0E:C6,ALL,udp:40477,8.8.8.8*,2,176,1,74,1,102
D4:F5:47:82:0E:C6,ALL,udp:33797,192.168.3.117*,2,164,1,90,1,74
D4:F5:47:82:0E:C6,ALL,udp:33797,8.8.8.8*,2,164,1,74,1,90
D4:F5:47:82:0E:C6,ALL,udp:55187,192.168.3.117*,2,176,1,102,1,74
D4:F5:47:82:0E:C6,ALL,udp:55187,8.8.8.8*,2,176,1,74,1,102
D4:F5:47:82:0E:C6,ALL,udp:54693,192.168.3.117*,2,164,1,90,1,74
D4:F5:47:82:0E:C6,ALL,udp:54693,8.8.8.8*,2,164,1,74,1,90
D4:F5:47:82:0E:C6,ALL,udp:42396,192.168.3.117*,2,176,1,102,1,74
D4:F5:47:82:0E:C6,ALL,udp:42396,8.8.8.8*,2,176,1,74,1,102
D4:F5:47:82:0E:C6,ALL,udp:50669,192.168.3.117*,2,176,1,102,1,74
D4:F5:47:82:0E:C6,ALL,udp:50669,8.8.8.8*,2,176,1,74,1,102
D4:F5:47:82:0E:C6,ALL,udp:37819,192.168.3.117*,2,198,1,119,1,79
D4:F5:47:82:0E:C6,ALL,udp:37819,8.8.8.8*,2,198,1,79,1,119
D4:F5:47:82:0E:C6,ALL,udp:39895,192.168.3.117*,2,176,1,102,1,74
D4:F5:47:82:0E:C6,ALL,udp:39895,8.8.8.8*,2,176,1,74,1,102
D4:F5:47:82:0E:C6,ALL,udp:46196,192.168.3.117*,2,164,1,90,1,74
D4:F5:47:82:0E:C6,ALL,udp:46196,8.8.8.8*,2,164,1,74,1,90
D4:F5:47:82:0E:C6,ALL,udp:59335,192.168.3.117*,2,176,1,102,1,74
D4:F5:47:82:0E:C6,ALL,udp:59335,8.8.8.8*,2,176,1,74,1,102
D4:F5:47:82:0E:C6,ALL,udp:59711,192.168.3.117*,2,164,1,90,1,74
D4:F5:47:82:0E:C6,ALL,udp:59711,8.8.8.8*,2,164,1,74,1,90
D4:F5:47:82:0E:C6,ALL,udp:60471,192.168.3.117*,2,176,1,102,1,74
D4:F5:47:82:0E:C6,ALL,udp:60471,8.8.8.8*,2,176,1,74,1,102
D4:F5:47:82:0E:C6,ALL,udp:59666,192.168.3.117*,2,164,1,90,1,74
D4:F5:47:82:0E:C6,ALL,udp:59666,8.8.8.8*,2,164,1,74,1,90
D4:F5:47:82:0E:C6,ALL,udp:49010,192.168.3.117*,2,176,1,102,1,74
D4:F5:47:82:0E:C6,ALL,udp:49010,8.8.8.8*,2,176,1,74,1,102
D4:F5:47:82:0E:C6,ALL,udp:33601,216.239.35.0,2,180,1,90,1,90
D4:F5:47:82:0E:C6,ALL,udp:33601,8.8.8.8,2,164,1,74,1,90
D4:F5:47:82:0E:C6,ALL,udp:50343,192.168.3.117*,2,198,1,119,1,79
D4:F5:47:82:0E:C6,ALL,udp:50343,8.8.8.8*,2,198,1,79,1,119
D4:F5:47:82:0E:C6,ALL,udp:54785,192.168.3.117*,2,164,1,90,1,74
D4:F5:47:82:0E:C6,ALL,udp:54785,8.8.8.8*,2,164,1,74,1,90
D4:F5:47:82:0E:C6,ALL,udp:43461,192.168.3.117*,2,176,1,102,1,74
D4:F5:47:82:0E:C6,ALL,udp:43461,8.8.8.8*,2,176,1,74,1,102
D4:F5:47:82:0E:C6,ALL,udp:48094,192.168.3.117*,2,176,1,102,1,74
D4:F5:47:82:0E:C6,ALL,udp:48094,8.8.8.8*,2,176,1,74,1,102
D4:F5:47:82:0E:C6,ALL,udp:37564,192.168.3.117*,2,164,1,90,1,74
D4:F5:47:82:0E:C6,ALL,udp:37564,8.8.8.8*,2,164,1,74,1,90
D4:F5:47:82:0E:C6,ALL,udp:48202,192.168.3.117*,2,164,1,90,1,74
D4:F5:47:82:0E:C6,ALL,udp:48202,8.8.8.8*,2,164,1,74,1,90
D4:F5:47:82:0E:C6,ALL,udp:58582,192.168.3.117*,2,176,1,102,1,74
D4:F5:47:82:0E:C6,ALL,udp:58582,8.8.8.8*,2,176,1,74,1,102
D4:F5:47:82:0E:C6,ALL,udp:33294,192.168.3.117*,2,176,1,102,1,74
D4:F5:47:82:0E:C6,ALL,udp:33294,8.8.8.8*,2,176,1,74,1,102
D4:F5:47:82:0E:C6,ALL,udp:40692,192.168.3.117*,2,164,1,90,1,74
D4:F5:47:82:0E:C6,ALL,udp:40692,8.8.8.8*,2,164,1,74,1,90
D4:F5:47:82:0E:C6,ALL,udp:48327,192.168.3.117*,2,176,1,102,1,74
D4:F5:47:82:0E:C6,ALL,udp:48327,8.8.8.8*,2,176,1,74,1,102
D4:F5:47:82:0E:C6,ALL,udp:49182,192.168.3.117*,2,176,1,102,1,74
D4:F5:47:82:0E:C6,ALL,udp:49182,8.8.8.8*,2,176,1,74,1,102
D4:F5:47:82:0E:C6,ALL,udp:45819,192.168.3.117*,2,164,1,90,1,74
D4:F5:47:82:0E:C6,ALL,udp:45819,8.8.8.8*,2,164,1,74,1,90
D4:F5:47:82:0E:C6,ALL,udp:58118,192.168.3.117*,2,176,1,102,1,74
D4:F5:47:82:0E:C6,ALL,udp:58118,8.8.8.8*,2,176,1,74,1,102
D4:F5:47:82:0E:C6,ALL,udp:32988,192.168.3.117*,2,164,1,90,1,74
D4:F5:47:82:0E:C6,ALL,udp:32988,8.8.8.8*,2,164,1,74,1,90
D4:F5:47:82:0E:C6,ALL,udp:38425,192.168.3.117*,2,176,1,102,1,74
D4:F5:47:82:0E:C6,ALL,udp:38425,8.8.8.8*,2,176,1,74,1,102
D4:F5:47:82:0E:C6,ALL,udp:50404,192.168.3.117*,2,194,1,105,1,89
D4:F5:47:82:0E:C6,ALL,udp:50404,8.8.8.8*,2,194,1,89,1,105
D4:F5:47:82:0E:C6,ALL,udp:53170,192.168.3.117*,2,176,1,102,1,74
D4:F5:47:82:0E:C6,ALL,udp:53170,8.8.8.8*,2,176,1,74,1,102
D4:F5:47:82:0E:C6,ALL,udp:56115,192.168.3.117*,2,176,1,102,1,74
D4:F5:47:82:0E:C6,ALL,udp:56115,8.8.8.8*,2,176,1,74,1,102
D4:F5:47:82:0E:C6,ALL,udp:49727,192.168.3.117*,2,176,1,102,1,74
D4:F5:47:82:0E:C6,ALL,udp:49727,8.8.8.8*,2,176,1,74,1,102
D4:F5:47:82:0E:C6,ALL,udp:33148,192.168.3.117*,2,164,1,90,1,74
D4:F5:47:82:0E:C6,ALL,udp:33148,8.8.8.8*,2,164,1,74,1,90
D4:F5:47:82:0E:C6,ALL,udp:58367,192.168.3.117*,2,176,1,102,1,74
D4:F5:47:82:0E:C6,ALL,udp:58367,8.8.8.8*,2,176,1,74,1,102
D4:F5:47:82:0E:C6,ALL,udp:44945,192.168.3.117*,2,164,1,90,1,74
D4:F5:47:82:0E:C6,ALL,udp:44945,8.8.8.8*,2,164,1,74,1,90
D4:F5:47:82:0E:C6,ALL,udp:42171,192.168.3.117*,2,176,1,102,1,74
D4:F5:47:82:0E:C6,ALL,udp:42171,8.8.8.8*,2,176,1,74,1,102
D4:F5:47:82:0E:C6,ALL,udp:56856,192.168.3.117*,2,164,1,90,1,74
D4:F5:47:82:0E:C6,ALL,udp:56856,8.8.8.8*,2,164,1,74,1,90
D4:F5:47:82:0E:C6,ALL,udp:41034,192.168.3.117*,2,176,1,102,1,74
D4:F5:47:82:0E:C6,ALL,udp:41034,8.8.8.8*,2,176,1,74,1,102
D4:F5:47:82:0E:C6,ALL,udp:50163,192.168.3.117*,2,164,1,90,1,74
D4:F5:47:82:0E:C6,ALL,udp:50163,8.8.8.8*,2,164,1,74,1,90
D4:F5:47:82:0E:C6,ALL,udp:45118,192.168.3.117*,2,176,1,102,1,74
D4:F5:47:82:0E:C6,ALL,udp:45118,8.8.8.8*,2,176,1,74,1,102
D4:F5:47:82:0E:C6,ALL,udp:46181,192.168.3.117*,2,164,1,90,1,74
D4:F5:47:82:0E:C6,ALL,udp:46181,8.8.8.8*,2,164,1,74,1,90
D4:F5:47:82:0E:C6,ALL,udp:49847,192.168.3.117*,2,176,1,102,1,74
D4:F5:47:82:0E:C6,ALL,udp:49847,8.8.8.8*,2,176,1,74,1,102
D4:F5:47:82:0E:C6,ALL,udp:52724,192.168.3.117*,2,164,1,90,1,74
D4:F5:47:82:0E:C6,ALL,udp:52724,8.8.8.8*,2,164,1,74,1,90
D4:F5:47:82:0E:C6,ALL,udp:55207,192.168.3.117*,2,176,1,102,1,74
D4:F5:47:82:0E:C6,ALL,udp:55207,8.8.8.8*,2,176,1,74,1,102
D4:F5:47:82:0E:C6,ALL,udp:33448,192.168.3.117*,2,164,1,90,1,74
D4:F5:47:82:0E:C6,ALL,udp:33448,8.8.8.8*,2,164,1,74,1,90
D4:F5:47:82:0E:C6,ALL,udp:40760,192.168.3.117*,2,176,1,102,1,74
D4:F5:47:82:0E:C6,ALL,udp:40760,8.8.8.8*,2,176,1,74,1,102
D4:F5:47:82:0E:C6,ALL,udp:52439,192.168.3.117*,2,164,1,90,1,74
D4:F5:47:82:0E:C6,ALL,udp:52439,8.8.8.8*,2,164,1,74,1,90
D4:F5:47:82:0E:C6,ALL,udp:42172,192.168.3.117*,2,164,1,90,1,74
D4:F5:47:82:0E:C6,ALL,udp:42172,8.8.8.8*,2,164,1,74,1,90
D4:F5:47:82:0E:C6,ALL,udp:49012,192.168.3.117*,2,164,1,90,1,74
D4:F5:47:82:0E:C6,ALL,udp:49012,8.8.8.8*,2,164,1,74,1,90
D4:F5:47:82:0E:C6,ALL,udp:35874,192.168.3.117*,2,176,1,102,1,74
D4:F5:47:82:0E:C6,ALL,udp:35874,8.8.8.8*,2,176,1,74,1,102
D4:F5:47:82:0E:C6,ALL,udp:56802,192.168.3.117*,2,164,1,90,1,74
D4:F5:47:82:0E:C6,ALL,udp:56802,8.8.8.8*,2,164,1,74,1,90
D4:F5:47:82:0E:C6,ALL,udp:50202,192.168.3.117*,2,176,1,102,1,74
D4:F5:47:82:0E:C6,ALL,udp:50202,8.8.8.8*,2,176,1,74,1,102
D4:F5:47:82:0E:C6,ALL,udp:37851,192.168.3.117*,2,164,1,90,1,74
D4:F5:47:82:0E:C6,ALL,udp:37851,8.8.8.8*,2,164,1,74,1,90
D4:F5:47:82:0E:C6,ALL,udp:55599,192.168.3.117*,2,198,1,119,1,79
D4:F5:47:82:0E:C6,ALL,udp:55599,8.8.8.8*,2,198,1,79,1,119
D4:F5:47:82:0E:C6,ALL,udp:36291,192.168.3.117*,2,164,1,90,1,74
D4:F5:47:82:0E:C6,ALL,udp:36291,8.8.8.8*,2,164,1,74,1,90
D4:F5:47:82:0E:C6,ALL,udp:56516,192.168.3.117*,2,176,1,102,1,74
D4:F5:47:82:0E:C6,ALL,udp:56516,8.8.8.8*,2,176,1,74,1,102
D4:F5:47:82:0E:C6,ALL,udp:35702,192.168.3.117*,2,176,1,102,1,74
D4:F5:47:82:0E:C6,ALL,udp:35702,8.8.8.8*,2,176,1,74,1,102
D4:F5:47:82:0E:C6,ALL,udp:42620,192.168.3.117*,2,164,1,90,1,74
D4:F5:47:82:0E:C6,ALL,udp:42620,8.8.8.8*,2,164,1,74,1,90
D4:F5:47:82:0E:C6,ALL,udp:59126,192.168.3.117*,2,176,1,102,1,74
D4:F5:47:82:0E:C6,ALL,udp:59126,8.8.8.8*,2,176,1,74,1,102
D4:F5:47:82:0E:C6,ALL,udp:57041,192.168.3.117*,2,176,1,102,1,74
D4:F5:47:82:0E:C6,ALL,udp:57041,8.8.8.8*,2,176,1,74,1,102
D4:F5:47:82:0E:C6,ALL,udp:43011,192.168.3.117*,2,164,1,90,1,74
D4:F5:47:82:0E:C6,ALL,udp:43011,8.8.8.8*,2,164,1,74,1,90
D4:F5:47:82:0E:C6,ALL,udp:51449,192.168.3.117*,2,176,1,102,1,74
D4:F5:47:82:0E:C6,ALL,udp:51449,8.8.8.8*,2,176,1,74,1,102
D4:F5:47:82:0E:C6,ALL,udp:43554,192.168.3.117*,2,164,1,90,1,74
D4:F5:47:82:0E:C6,ALL,udp:43554,8.8.8.8*,2,164,1,74,1,90
D4:F5:47:82:0E:C6,ALL,udp:53958,192.168.3.117*,2,176,1,102,1,74
D4:F5:47:82:0E:C6,ALL,udp:53958,8.8.8.8*,2,176,1,74,1,102
D4:F5:47:82:0E:C6,ALL,udp:40038,192.168.3.117*,2,176,1,102,1,74
D4:F5:47:82:0E:C6,ALL,udp:40038,8.8.8.8*,2,176,1,74,1,102
D4:F5:47:82:0E:C6,ALL,udp:53234,192.168.3.117*,2,164,1,90,1,74
D4:F5:47:82:0E:C6,ALL,udp:53234,8.8.8.8*,2,164,1,74,1,90
D4:F5:47:82:0E:C6,ALL,udp:55734,192.168.3.117*,2,176,1,102,1,74
D4:F5:47:82:0E:C6,ALL,udp:55734,8.8.8.8*,2,176,1,74,1,102
D4:F5:47:82:0E:C6,ALL,udp:51431,192.168.3.117*,2,164,1,90,1,74
D4:F5:47:82:0E:C6,ALL,udp:51431,8.8.8.8*,2,164,1,74,1,90
D4:F5:47:82:0E:C6,ALL,udp:47845,192.168.3.117*,2,176,1,102,1,74
D4:F5:47:82:0E:C6,ALL,udp:47845,8.8.8.8*,2,176,1,74,1,102
D4:F5:47:82:0E:C6,ALL,udp:58776,192.168.3.117*,2,164,1,90,1,74
D4:F5:47:82:0E:C6,ALL,udp:58776,8.8.8.8*,2,164,1,74,1,90
D4:F5:47:82:0E:C6,ALL,udp:48568,192.168.3.117*,2,176,1,102,1,74
D4:F5:47:82:0E:C6,ALL,udp:48568,8.8.8.8*,2,176,1,74,1,102
D4:F5:47:82:0E:C6,ALL,udp:33153,192.168.3.117*,2,164,1,90,1,74
D4:F5:47:82:0E:C6,ALL,udp:33153,8.8.8.8*,2,164,1,74,1,90
D4:F5:47:82:0E:C6,ALL,udp:54065,192.168.3.117*,2,176,1,102,1,74
D4:F5:47:82:0E:C6,ALL,udp:54065,8.8.8.8*,2,176,1,74,1,102
D4:F5:47:82:0E:C6,ALL,udp:37183,192.168.3.117*,2,164,1,90,1,74
D4:F5:47:82:0E:C6,ALL,udp:37183,8.8.8.8*,2,164,1,74,1,90
D4:F5:47:82:0E:C6,ALL,udp:50265,192.168.3.117*,2,176,1,102,1,74
D4:F5:47:82:0E:C6,ALL,udp:50265,8.8.8.8*,2,176,1,74,1,102
D4:F5:47:82:0E:C6,ALL,udp:35987,192.168.3.117*,2,176,1,102,1,74
D4:F5:47:82:0E:C6,ALL,udp:35987,8.8.8.8*,2,176,1,74,1,102
D4:F5:47:82:0E:C6,ALL,udp:35339,192.168.3.117*,2,164,1,90,1,74
D4:F5:47:82:0E:C6,ALL,udp:35339,8.8.8.8*,2,164,1,74,1,90
D4:F5:47:82:0E:C6,ALL,udp:56575,192.168.3.117*,2,164,1,90,1,74
D4:F5:47:82:0E:C6,ALL,udp:56575,8.8.8.8*,2,164,1,74,1,90
D4:F5:47:82:0E:C6,ALL,udp:41807,192.168.3.117*,2,176,1,102,1,74
D4:F5:47:82:0E:C6,ALL,udp:41807,8.8.8.8*,2,176,1,74,1,102
D4:F5:47:82:0E:C6,ALL,udp:49318,192.168.3.117*,2,164,1,90,1,74
D4:F5:47:82:0E:C6,ALL,udp:49318,8.8.8.8*,2,164,1,74,1,90
D4:F5:47:82:0E:C6,ALL,udp:51821,172.217.165.142*,19,10790,11,7276,8,3514
D4:F5:47:82:0E:C6,ALL,udp:51821,8.8.8.8*,2,176,1,74,1,102
D4:F5:47:82:0E:C6,ALL,udp:54242,192.168.3.117*,2,164,1,90,1,74
D4:F5:47:82:0E:C6,ALL,udp:54242,8.8.8.8*,2,164,1,74,1,90
D4:F5:47:82:0E:C6,ALL,udp:51745,192.168.3.117*,2,176,1,102,1,74
D4:F5:47:82:0E:C6,ALL,udp:51745,8.8.8.8*,2,176,1,74,1,102
D4:F5:47:82:0E:C6,ALL,udp:49909,192.168.3.117*,2,164,1,90,1,74
D4:F5:47:82:0E:C6,ALL,udp:49909,8.8.8.8*,2,164,1,74,1,90
D4:F5:47:82:0E:C6,ALL,udp:46135,192.168.3.117*,2,176,1,102,1,74
D4:F5:47:82:0E:C6,ALL,udp:46135,8.8.8.8*,2,176,1,74,1,102
D4:F5:47:82:0E:C6,ALL,udp:40990,142.251.32.110*,23,12415,13,9195,10,3220
D4:F5:47:82:0E:C6,ALL,udp:40990,8.8.8.8*,2,164,1,74,1,90
D4:F5:47:82:0E:C6,ALL,udp:40078,192.168.3.117*,2,176,1,102,1,74
D4:F5:47:82:0E:C6,ALL,udp:40078,8.8.8.8*,2,176,1,74,1,102
D4:F5:47:82:0E:C6,ALL,udp:40600,192.168.3.117*,2,176,1,102,1,74
D4:F5:47:82:0E:C6,ALL,udp:40600,8.8.8.8*,2,176,1,74,1,102
D4:F5:47:82:0E:C6,ALL,udp:47455,192.168.3.117*,2,176,1,102,1,74
D4:F5:47:82:0E:C6,ALL,udp:47455,8.8.8.8*,2,176,1,74,1,102
D4:F5:47:82:0E:C6,ALL,udp:59194,192.168.3.117*,2,164,1,90,1,74
D4:F5:47:82:0E:C6,ALL,udp:59194,8.8.8.8*,2,164,1,74,1,90
D4:F5:47:82:0E:C6,ALL,udp:44340,192.168.3.117*,2,176,1,102,1,74
D4:F5:47:82:0E:C6,ALL,udp:44340,8.8.8.8*,2,176,1,74,1,102
D4:F5:47:82:0E:C6,ALL,udp:46057,192.168.3.117*,2,164,1,90,1,74
D4:F5:47:82:0E:C6,ALL,udp:46057,8.8.8.8*,2,164,1,74,1,90
D4:F5:47:82:0E:C6,ALL,udp:51508,192.168.3.117*,2,164,1,90,1,74
D4:F5:47:82:0E:C6,ALL,udp:51508,8.8.8.8*,2,164,1,74,1,90
D4:F5:47:82:0E:C6,ALL,udp:37011,192.168.3.117*,2,164,1,90,1,74
D4:F5:47:82:0E:C6,ALL,udp:37011,8.8.8.8*,2,164,1,74,1,90
D4:F5:47:82:0E:C6,ALL,udp:36013,192.168.3.117*,2,176,1,102,1,74
D4:F5:47:82:0E:C6,ALL,udp:36013,8.8.8.8*,2,176,1,74,1,102
D4:F5:47:82:0E:C6,ALL,udp:36564,192.168.3.117*,2,164,1,90,1,74
D4:F5:47:82:0E:C6,ALL,udp:36564,8.8.8.8*,2,164,1,74,1,90
D4:F5:47:82:0E:C6,ALL,udp:46289,192.168.3.117*,2,176,1,102,1,74
D4:F5:47:82:0E:C6,ALL,udp:46289,8.8.8.8*,2,176,1,74,1,102
D4:F5:47:82:0E:C6,ALL,udp:52078,192.168.3.117*,2,198,1,119,1,79
D4:F5:47:82:0E:C6,ALL,udp:52078,8.8.8.8*,2,198,1,79,1,119
D4:F5:47:82:0E:C6,ALL,udp:55183,192.168.3.117*,2,176,1,102,1,74
D4:F5:47:82:0E:C6,ALL,udp:55183,8.8.8.8*,2,176,1,74,1,102
D4:F5:47:82:0E:C6,ALL,udp:41155,192.168.3.117*,2,176,1,102,1,74
D4:F5:47:82:0E:C6,ALL,udp:41155,8.8.8.8*,2,176,1,74,1,102
D4:F5:47:82:0E:C6,ALL,udp:34144,192.168.3.117*,2,176,1,102,1,74
D4:F5:47:82:0E:C6,ALL,udp:34144,8.8.8.8*,2,176,1,74,1,102
D4:F5:47:82:0E:C6,ALL,udp:34870,192.168.3.117*,2,164,1,90,1,74
D4:F5:47:82:0E:C6,ALL,udp:34870,8.8.8.8*,2,164,1,74,1,90
D4:F5:47:82:0E:C6,ALL,udp:40996,192.168.3.117*,2,176,1,102,1,74
D4:F5:47:82:0E:C6,ALL,udp:40996,8.8.8.8*,2,176,1,74,1,102
D4:F5:47:82:0E:C6,ALL,udp:53992,192.168.3.117*,2,164,1,90,1,74
D4:F5:47:82:0E:C6,ALL,udp:53992,8.8.8.8*,2,164,1,74,1,90
D4:F5:47:82:0E:C6,ALL,udp:34288,192.168.3.117*,2,176,1,102,1,74
D4:F5:47:82:0E:C6,ALL,udp:34288,8.8.8.8*,2,176,1,74,1,102
D4:F5:47:82:0E:C6,ALL,udp:33769,192.168.3.117*,2,176,1,102,1,74
D4:F5:47:82:0E:C6,ALL,udp:33769,8.8.8.8*,2,176,1,74,1,102
D4:F5:47:82:0E:C6,ALL,udp:34226,192.168.3.117*,2,164,1,90,1,74
D4:F5:47:82:0E:C6,ALL,udp:34226,8.8.8.8*,2,164,1,74,1,90
D4:F5:47:82:0E:C6,ALL,udp:60515,192.168.3.117*,2,164,1,90,1,74
D4:F5:47:82:0E:C6,ALL,udp:60515,8.8.8.8*,2,164,1,74,1,90
D4:F5:47:82:0E:C6,ALL,udp:57081,192.168.3.117*,2,176,1,102,1,74
D4:F5:47:82:0E:C6,ALL,udp:57081,8.8.8.8*,2,176,1,74,1,102
D4:F5:47:82:0E:C6,ALL,udp:34976,192.168.3.117*,2,176,1,102,1,74
D4:F5:47:82:0E:C6,ALL,udp:34976,8.8.8.8*,2,176,1,74,1,102
D4:F5:47:82:0E:C6,ALL,udp:47672,192.168.3.117*,2,176,1,102,1,74
D4:F5:47:82:0E:C6,ALL,udp:47672,8.8.8.8*,2,176,1,74,1,102
D4:F5:47:82:0E:C6,ALL,udp:50898,192.168.3.117*,2,164,1,90,1,74
D4:F5:47:82:0E:C6,ALL,udp:50898,8.8.8.8*,2,164,1,74,1,90
D4:F5:47:82:0E:C6,ALL,udp:50273,192.168.3.117*,2,164,1,90,1,74
D4:F5:47:82:0E:C6,ALL,udp:50273,8.8.8.8*,2,164,1,74,1,90
D4:F5:47:82:0E:C6,ALL,udp:38885,192.168.3.117*,2,176,1,102,1,74
D4:F5:47:82:0E:C6,ALL,udp:38885,8.8.8.8*,2,176,1,74,1,102
D4:F5:47:82:0E:C6,ALL,udp:54931,192.168.3.117*,2,176,1,102,1,74
D4:F5:47:82:0E:C6,ALL,udp:54931,8.8.8.8*,2,176,1,74,1,102
D4:F5:47:82:0E:C6,ALL,udp:52681,192.168.3.117*,2,176,1,102,1,74
D4:F5:47:82:0E:C6,ALL,udp:52681,8.8.8.8*,2,176,1,74,1,102
D4:F5:47:82:0E:C6,ALL,udp:51507,192.168.3.117*,2,164,1,90,1,74
D4:F5:47:82:0E:C6,ALL,udp:51507,8.8.8.8*,2,164,1,74,1,90
D4:F5:47:82:0E:C6,ALL,udp:33456,192.168.3.117*,2,176,1,102,1,74
D4:F5:47:82:0E:C6,ALL,udp:33456,8.8.8.8*,2,176,1,74,1,102
D4:F5:47:82:0E:C6,ALL,udp:46149,192.168.3.117*,2,164,1,90,1,74
D4:F5:47:82:0E:C6,ALL,udp:46149,8.8.8.8*,2,164,1,74,1,90
D4:F5:47:82:0E:C6,ALL,udp:49955,192.168.3.117*,2,176,1,102,1,74
D4:F5:47:82:0E:C6,ALL,udp:49955,8.8.8.8*,2,176,1,74,1,102
D4:F5:47:82:0E:C6,ALL,udp:43918,192.168.3.117*,2,164,1,90,1,74
D4:F5:47:82:0E:C6,ALL,udp:43918,8.8.8.8*,2,164,1,74,1,90
D4:F5:47:82:0E:C6,ALL,udp:52741,142.251.32.110*,23,12422,13,9204,10,3218
D4:F5:47:82:0E:C6,ALL,udp:52741,8.8.8.8*,2,176,1,74,1,102
D4:F5:47:82:0E:C6,ALL,udp:52545,192.168.3.117*,2,164,1,90,1,74
D4:F5:47:82:0E:C6,ALL,udp:52545,8.8.8.8*,2,164,1,74,1,90
D4:F5:47:82:0E:C6,ALL,udp:42948,192.168.3.117*,2,164,1,90,1,74
D4:F5:47:82:0E:C6,ALL,udp:42948,8.8.8.8*,2,164,1,74,1,90
D4:F5:47:82:0E:C6,ALL,udp:38377,192.168.3.117*,2,164,1,90,1,74
D4:F5:47:82:0E:C6,ALL,udp:38377,8.8.8.8*,2,164,1,74,1,90
D4:F5:47:82:0E:C6,ALL,udp:53312,192.168.3.117*,2,176,1,102,1,74
D4:F5:47:82:0E:C6,ALL,udp:53312,8.8.8.8*,2,176,1,74,1,102
D4:F5:47:82:0E:C6,ALL,udp:52447,192.168.3.117*,2,164,1,90,1,74
D4:F5:47:82:0E:C6,ALL,udp:52447,8.8.8.8*,2,164,1,74,1,90
D4:F5:47:82:0E:C6,ALL,udp:39371,192.168.3.117*,2,164,1,90,1,74
D4:F5:47:82:0E:C6,ALL,udp:39371,8.8.8.8*,2,164,1,74,1,90
D4:F5:47:82:0E:C6,ALL,udp:32806,192.168.3.117*,2,164,1,90,1,74
D4:F5:47:82:0E:C6,ALL,udp:32806,8.8.8.8*,2,164,1,74,1,90
D4:F5:47:82:0E:C6,ALL,udp:35588,192.168.3.117*,2,164,1,90,1,74
D4:F5:47:82:0E:C6,ALL,udp:35588,8.8.8.8*,2,164,1,74,1,90
D4:F5:47:82:0E:C6,ALL,udp:55096,192.168.3.117*,2,176,1,102,1,74
D4:F5:47:82:0E:C6,ALL,udp:55096,8.8.8.8*,2,176,1,74,1,102
D4:F5:47:82:0E:C6,ALL,udp:60287,192.168.3.117*,2,164,1,90,1,74
D4:F5:47:82:0E:C6,ALL,udp:60287,8.8.8.8*,2,164,1,74,1,90
D4:F5:47:82:0E:C6,ALL,udp:56152,192.168.3.117*,2,176,1,102,1,74
D4:F5:47:82:0E:C6,ALL,udp:56152,8.8.8.8*,2,176,1,74,1,102
D4:F5:47:82:0E:C6,ALL,udp:40615,192.168.3.117*,2,164,1,90,1,74
D4:F5:47:82:0E:C6,ALL,udp:40615,8.8.8.8*,2,164,1,74,1,90
D4:F5:47:82:0E:C6,ALL,udp:55261,192.168.3.117*,2,176,1,102,1,74
D4:F5:47:82:0E:C6,ALL,udp:55261,8.8.8.8*,2,176,1,74,1,102
D4:F5:47:82:0E:C6,ALL,udp:44775,192.168.3.117*,2,164,1,90,1,74
D4:F5:47:82:0E:C6,ALL,udp:44775,8.8.8.8*,2,164,1,74,1,90
D4:F5:47:82:0E:C6,ALL,udp:50770,192.168.3.117*,2,176,1,102,1,74
D4:F5:47:82:0E:C6,ALL,udp:50770,8.8.8.8*,2,176,1,74,1,102
D4:F5:47:82:0E:C6,ALL,udp:52969,192.168.3.117*,2,164,1,90,1,74
D4:F5:47:82:0E:C6,ALL,udp:52969,8.8.8.8*,2,164,1,74,1,90
D4:F5:47:82:0E:C6,ALL,udp:45190,192.168.3.117*,2,176,1,102,1,74
D4:F5:47:82:0E:C6,ALL,udp:45190,8.8.8.8*,2,176,1,74,1,102
D4:F5:47:82:0E:C6,ALL,udp:42698,192.168.3.117*,2,164,1,90,1,74
D4:F5:47:82:0E:C6,ALL,udp:42698,8.8.8.8*,2,164,1,74,1,90
D4:F5:47:82:0E:C6,ALL,udp:50924,192.168.3.117*,2,164,1,90,1,74
D4:F5:47:82:0E:C6,ALL,udp:50924,8.8.8.8*,2,164,1,74,1,90
D4:F5:47:82:0E:C6,ALL,udp:54626,192.168.3.117*,2,164,1,90,1,74
D4:F5:47:82:0E:C6,ALL,udp:54626,8.8.8.8*,2,164,1,74,1,90
D4:F5:47:82:0E:C6,ALL,udp:36676,192.168.3.117*,2,198,1,119,1,79
D4:F5:47:82:0E:C6,ALL,udp:36676,8.8.8.8*,2,198,1,79,1,119
D4:F5:47:82:0E:C6,ALL,udp:57780,192.168.3.117*,2,176,1,102,1,74
D4:F5:47:82:0E:C6,ALL,udp:57780,8.8.8.8*,2,176,1,74,1,102
D4:F5:47:82:0E:C6,ALL,udp:44838,192.168.3.117*,2,164,1,90,1,74
D4:F5:47:82:0E:C6,ALL,udp:44838,8.8.8.8*,2,164,1,74,1,90
D4:F5:47:82:0E:C6,ALL,udp:49253,192.168.3.117*,2,176,1,102,1,74
D4:F5:47:82:0E:C6,ALL,udp:49253,8.8.8.8*,2,176,1,74,1,102
D4:F5:47:82:0E:C6,ALL,udp:44149,192.168.3.117*,2,164,1,90,1,74
D4:F5:47:82:0E:C6,ALL,udp:44149,8.8.8.8*,2,164,1,74,1,90
D4:F5:47:82:0E:C6,ALL,udp:57880,192.168.3.117*,2,164,1,90,1,74
D4:F5:47:82:0E:C6,ALL,udp:57880,8.8.8.8*,2,164,1,74,1,90
D4:F5:47:82:0E:C6,ALL,udp:49061,192.168.3.117*,2,176,1,102,1,74
D4:F5:47:82:0E:C6,ALL,udp:49061,8.8.8.8*,2,176,1,74,1,102
D4:F5:47:82:0E:C6,ALL,udp:59878,192.168.3.117*,2,176,1,102,1,74
D4:F5:47:82:0E:C6,ALL,udp:59878,8.8.8.8*,2,176,1,74,1,102
D4:F5:47:82:0E:C6,ALL,udp:52848,192.168.3.117*,2,164,1,90,1,74
D4:F5:47:82:0E:C6,ALL,udp:52848,8.8.8.8*,2,164,1,74,1,90
D4:F5:47:82:0E:C6,ALL,udp:46279,192.168.3.117*,2,176,1,102,1,74
D4:F5:47:82:0E:C6,ALL,udp:46279,8.8.8.8*,2,176,1,74,1,102
D4:F5:47:82:0E:C6,ALL,udp:35701,192.168.3.117*,2,164,1,90,1,74
D4:F5:47:82:0E:C6,ALL,udp:35701,8.8.8.8*,2,164,1,74,1,90
D4:F5:47:82:0E:C6,ALL,udp:44598,192.168.3.117*,2,164,1,90,1,74
D4:F5:47:82:0E:C6,ALL,udp:44598,8.8.8.8*,2,164,1,74,1,90
D4:F5:47:82:0E:C6,ALL,udp:57286,192.168.3.117*,2,176,1,102,1,74
D4:F5:47:82:0E:C6,ALL,udp:57286,8.8.8.8*,2,176,1,74,1,102
D4:F5:47:82:0E:C6,ALL,udp:40682,192.168.3.117*,2,176,1,102,1,74
D4:F5:47:82:0E:C6,ALL,udp:40682,8.8.8.8*,2,176,1,74,1,102
D4:F5:47:82:0E:C6,ALL,udp:42355,192.168.3.117*,2,164,1,90,1,74
D4:F5:47:82:0E:C6,ALL,udp:42355,8.8.8.8*,2,164,1,74,1,90
D4:F5:47:82:0E:C6,ALL,udp:52737,192.168.3.117*,2,176,1,102,1,74
D4:F5:47:82:0E:C6,ALL,udp:52737,8.8.8.8*,2,176,1,74,1,102
D4:F5:47:82:0E:C6,ALL,udp:46937,192.168.3.117*,2,164,1,90,1,74
D4:F5:47:82:0E:C6,ALL,udp:46937,8.8.8.8*,2,164,1,74,1,90
D4:F5:47:82:0E:C6,ALL,udp:55436,192.168.3.117*,2,176,1,102,1,74
D4:F5:47:82:0E:C6,ALL,udp:55436,8.8.8.8*,2,176,1,74,1,102
D4:F5:47:82:0E:C6,ALL,udp:56936,192.168.3.117*,2,164,1,90,1,74
D4:F5:47:82:0E:C6,ALL,udp:56936,8.8.8.8*,2,164,1,74,1,90
D4:F5:47:82:0E:C6,ALL,udp:60562,192.168.3.117*,2,176,1,102,1,74
D4:F5:47:82:0E:C6,ALL,udp:60562,8.8.8.8*,2,176,1,74,1,102
D4:F5:47:82:0E:C6,ALL,udp:47326,192.168.3.117*,2,164,1,90,1,74
D4:F5:47:82:0E:C6,ALL,udp:47326,8.8.8.8*,2,164,1,74,1,90
D4:F5:47:82:0E:C6,ALL,udp:54218,192.168.3.117*,2,176,1,102,1,74
D4:F5:47:82:0E:C6,ALL,udp:54218,8.8.8.8*,2,176,1,74,1,102
D4:F5:47:82:0E:C6,ALL,udp:50633,192.168.3.117*,2,176,1,102,1,74
D4:F5:47:82:0E:C6,ALL,udp:50633,8.8.8.8*,2,176,1,74,1,102
D4:F5:47:82:0E:C6,ALL,udp:51469,192.168.3.117*,2,164,1,90,1,74
D4:F5:47:82:0E:C6,ALL,udp:51469,8.8.8.8*,2,164,1,74,1,90
D4:F5:47:82:0E:C6,ALL,udp:54745,192.168.3.117*,2,198,1,119,1,79
D4:F5:47:82:0E:C6,ALL,udp:54745,8.8.8.8*,2,198,1,79,1,119
D4:F5:47:82:0E:C6,ALL,udp:49243,192.168.3.117*,2,164,1,90,1,74
D4:F5:47:82:0E:C6,ALL,udp:49243,8.8.8.8*,2,164,1,74,1,90
D4:F5:47:82:0E:C6,ALL,udp:36439,192.168.3.117*,2,164,1,90,1,74
D4:F5:47:82:0E:C6,ALL,udp:36439,8.8.8.8*,2,164,1,74,1,90
D4:F5:47:82:0E:C6,ALL,udp:37328,192.168.3.117*,2,176,1,102,1,74
D4:F5:47:82:0E:C6,ALL,udp:37328,8.8.8.8*,2,176,1,74,1,102
D4:F5:47:82:0E:C6,ALL,udp:52416,192.168.3.117*,2,164,1,90,1,74
D4:F5:47:82:0E:C6,ALL,udp:52416,8.8.8.8*,2,164,1,74,1,90
D4:F5:47:82:0E:C6,ALL,udp:43816,192.168.3.117*,2,176,1,102,1,74
D4:F5:47:82:0E:C6,ALL,udp:43816,8.8.8.8*,2,176,1,74,1,102
D4:F5:47:82:0E:C6,ALL,udp:33432,192.168.3.117*,2,176,1,102,1,74
D4:F5:47:82:0E:C6,ALL,udp:33432,8.8.8.8*,2,176,1,74,1,102
D4:F5:47:82:0E:C6,ALL,udp:41701,192.168.3.117*,2,164,1,90,1,74
D4:F5:47:82:0E:C6,ALL,udp:41701,8.8.8.8*,2,164,1,74,1,90
D4:F5:47:82:0E:C6,ALL,udp:46384,192.168.3.117*,2,176,1,102,1,74
D4:F5:47:82:0E:C6,ALL,udp:46384,8.8.8.8*,2,176,1,74,1,102
D4:F5:47:82:0E:C6,ALL,udp:51973,192.168.3.117*,2,176,1,102,1,74
D4:F5:47:82:0E:C6,ALL,udp:51973,8.8.8.8*,2,176,1,74,1,102
D4:F5:47:82:0E:C6,ALL,udp:35065,192.168.3.117*,2,164,1,90,1,74
D4:F5:47:82:0E:C6,ALL,udp:35065,8.8.8.8*,2,164,1,74,1,90
D4:F5:47:82:0E:C6,ALL,udp:49288,192.168.3.117*,2,176,1,102,1,74
D4:F5:47:82:0E:C6,ALL,udp:49288,8.8.8.8*,2,176,1,74,1,102
D4:F5:47:82:0E:C6,ALL,udp:50392,192.168.3.117*,2,164,1,90,1,74
D4:F5:47:82:0E:C6,ALL,udp:50392,8.8.8.8*,2,164,1,74,1,90
D4:F5:47:82:0E:C6,ALL,udp:49371,192.168.3.117*,2,164,1,90,1,74
D4:F5:47:82:0E:C6,ALL,udp:49371,8.8.8.8*,2,164,1,74,1,90
D4:F5:47:82:0E:C6,ALL,udp:60529,192.168.3.117*,2,176,1,102,1,74
D4:F5:47:82:0E:C6,ALL,udp:60529,8.8.8.8*,2,176,1,74,1,102
D4:F5:47:82:0E:C6,ALL,udp:48779,192.168.3.117*,2,194,1,105,1,89
D4:F5:47:82:0E:C6,ALL,udp:48779,8.8.8.8*,2,194,1,89,1,105
D4:F5:47:82:0E:C6,ALL,udp:57526,192.168.3.117*,2,164,1,90,1,74
D4:F5:47:82:0E:C6,ALL,udp:57526,8.8.8.8*,2,164,1,74,1,90
D4:F5:47:82:0E:C6,ALL,udp:55677,192.168.3.117*,2,164,1,90,1,74
D4:F5:47:82:0E:C6,ALL,udp:55677,8.8.8.8*,2,164,1,74,1,90
D4:F5:47:82:0E:C6,ALL,udp:37244,192.168.3.117*,2,176,1,102,1,74
D4:F5:47:82:0E:C6,ALL,udp:37244,8.8.8.8*,2,176,1,74,1,102
D4:F5:47:82:0E:C6,ALL,udp:46257,192.168.3.117*,2,164,1,90,1,74
D4:F5:47:82:0E:C6,ALL,udp:46257,8.8.8.8*,2,164,1,74,1,90
D4:F5:47:82:0E:C6,ALL,udp:47800,192.168.3.117*,2,164,1,90,1,74
D4:F5:47:82:0E:C6,ALL,udp:47800,8.8.8.8*,2,164,1,74,1,90
D4:F5:47:82:0E:C6,ALL,udp:46094,192.168.3.117*,2,176,1,102,1,74
D4:F5:47:82:0E:C6,ALL,udp:46094,8.8.8.8*,2,176,1,74,1,102
D4:F5:47:82:0E:C6,ALL,udp:51862,192.168.3.117*,2,164,1,90,1,74
D4:F5:47:82:0E:C6,ALL,udp:51862,8.8.8.8*,2,164,1,74,1,90
D4:F5:47:82:0E:C6,ALL,udp:33197,192.168.3.117*,2,176,1,102,1,74
D4:F5:47:82:0E:C6,ALL,udp:33197,8.8.8.8*,2,176,1,74,1,102
D4:F5:47:82:0E:C6,ALL,udp:56103,192.168.3.117*,2,164,1,90,1,74
D4:F5:47:82:0E:C6,ALL,udp:56103,8.8.8.8*,2,164,1,74,1,90
D4:F5:47:82:0E:C6,ALL,udp:38481,192.168.3.117*,2,176,1,102,1,74
D4:F5:47:82:0E:C6,ALL,udp:38481,8.8.8.8*,2,176,1,74,1,102
D4:F5:47:82:0E:C6,ALL,udp:56829,192.168.3.117*,2,198,1,119,1,79
D4:F5:47:82:0E:C6,ALL,udp:56829,8.8.8.8*,2,198,1,79,1,119
D4:F5:47:82:0E:C6,ALL,udp:43714,192.168.3.117*,2,164,1,90,1,74
D4:F5:47:82:0E:C6,ALL,udp:43714,8.8.8.8*,2,164,1,74,1,90
D4:F5:47:82:0E:C6,ALL,udp:55395,192.168.3.117*,2,176,1,102,1,74
D4:F5:47:82:0E:C6,ALL,udp:55395,8.8.8.8*,2,176,1,74,1,102
D4:F5:47:82:0E:C6,ALL,udp:41378,216.239.35.12,2,180,1,90,1,90
D4:F5:47:82:0E:C6,ALL,udp:41378,8.8.8.8,2,198,1,79,1,119
D4:F5:47:82:0E:C6,ALL,udp:40662,192.168.3.117*,2,166,1,91,1,75
D4:F5:47:82:0E:C6,ALL,udp:40662,8.8.8.8*,2,166,1,75,1,91
D4:F5:47:82:0E:C6,ALL,udp:47808,192.168.3.117*,2,176,1,102,1,74
D4:F5:47:82:0E:C6,ALL,udp:47808,8.8.8.8*,2,176,1,74,1,102
D4:F5:47:82:0E:C6,ALL,udp:53509,192.168.3.117*,2,164,1,90,1,74
D4:F5:47:82:0E:C6,ALL,udp:53509,8.8.8.8*,2,164,1,74,1,90
D4:F5:47:82:0E:C6,ALL,udp:58567,192.168.3.117*,2,164,1,90,1,74
D4:F5:47:82:0E:C6,ALL,udp:58567,8.8.8.8*,2,164,1,74,1,90
D4:F5:47:82:0E:C6,ALL,udp:33015,192.168.3.117*,2,176,1,102,1,74
D4:F5:47:82:0E:C6,ALL,udp:33015,8.8.8.8*,2,176,1,74,1,102
D4:F5:47:82:0E:C6,ALL,udp:49605,192.168.3.117*,2,164,1,90,1,74
D4:F5:47:82:0E:C6,ALL,udp:49605,8.8.8.8*,2,164,1,74,1,90
D4:F5:47:82:0E:C6,ALL,udp:57390,192.168.3.117*,2,176,1,102,1,74
D4:F5:47:82:0E:C6,ALL,udp:57390,8.8.8.8*,2,176,1,74,1,102
D4:F5:47:82:0E:C6,ALL,udp:39040,192.168.3.117*,2,164,1,90,1,74
D4:F5:47:82:0E:C6,ALL,udp:39040,8.8.8.8*,2,164,1,74,1,90
D4:F5:47:82:0E:C6,ALL,udp:39069,192.168.3.117*,2,176,1,102,1,74
D4:F5:47:82:0E:C6,ALL,udp:39069,8.8.8.8*,2,176,1,74,1,102
D4:F5:47:82:0E:C6,ALL,udp:33434,192.168.3.117*,2,164,1,90,1,74
D4:F5:47:82:0E:C6,ALL,udp:33434,8.8.8.8*,2,164,1,74,1,90
D4:F5:47:82:0E:C6,ALL,udp:41028,192.168.3.117*,2,176,1,102,1,74
D4:F5:47:82:0E:C6,ALL,udp:41028,8.8.8.8*,2,176,1,74,1,102
D4:F5:47:82:0E:C6,ALL,udp:42246,192.168.3.117*,2,164,1,90,1,74
D4:F5:47:82:0E:C6,ALL,udp:42246,8.8.8.8*,2,164,1,74,1,90
D4:F5:47:82:0E:C6,ALL,udp:35010,192.168.3.117*,2,164,1,90,1,74
D4:F5:47:82:0E:C6,ALL,udp:35010,8.8.8.8*,2,164,1,74,1,90
D4:F5:47:82:0E:C6,ALL,udp:43764,192.168.3.117*,2,176,1,102,1,74
D4:F5:47:82:0E:C6,ALL,udp:43764,8.8.8.8*,2,176,1,74,1,102
D4:F5:47:82:0E:C6,ALL,udp:59459,192.168.3.117*,2,164,1,90,1,74
D4:F5:47:82:0E:C6,ALL,udp:59459,8.8.8.8*,2,164,1,74,1,90
D4:F5:47:82:0E:C6,ALL,udp:45632,192.168.3.117*,2,176,1,102,1,74
D4:F5:47:82:0E:C6,ALL,udp:45632,8.8.8.8*,2,176,1,74,1,102
D4:F5:47:82:0E:C6,ALL,udp:58094,216.239.35.8,2,180,1,90,1,90
D4:F5:47:82:0E:C6,ALL,udp:58094,8.8.8.8,2,176,1,74,1,102
D4:F5:47:82:0E:C6,ALL,udp:38122,192.168.3.117*,2,176,1,102,1,74
D4:F5:47:82:0E:C6,ALL,udp:38122,8.8.8.8*,2,176,1,74,1,102
D4:F5:47:82:0E:C6,ALL,udp:32972,192.168.3.117*,2,164,1,90,1,74
D4:F5:47:82:0E:C6,ALL,udp:32972,8.8.8.8*,2,164,1,74,1,90
D4:F5:47:82:0E:C6,ALL,udp:34215,192.168.3.117*,2,176,1,102,1,74
D4:F5:47:82:0E:C6,ALL,udp:34215,8.8.8.8*,2,176,1,74,1,102
D4:F5:47:82:0E:C6,ALL,udp:36241,192.168.3.117*,2,176,1,102,1,74
D4:F5:47:82:0E:C6,ALL,udp:36241,8.8.8.8*,2,176,1,74,1,102
D4:F5:47:82:0E:C6,ALL,udp:55800,192.168.3.117*,2,176,1,102,1,74
D4:F5:47:82:0E:C6,ALL,udp:55800,8.8.8.8*,2,176,1,74,1,102
D4:F5:47:82:0E:C6,ALL,udp:46019,192.168.3.117*,2,176,1,102,1,74
D4:F5:47:82:0E:C6,ALL,udp:46019,8.8.8.8*,2,176,1,74,1,102
D4:F5:47:82:0E:C6,ALL,udp:44593,192.168.3.117*,2,176,1,102,1,74
D4:F5:47:82:0E:C6,ALL,udp:44593,8.8.8.8*,2,176,1,74,1,102
D4:F5:47:82:0E:C6,ALL,udp:54399,192.168.3.117*,2,164,1,90,1,74
D4:F5:47:82:0E:C6,ALL,udp:54399,8.8.8.8*,2,164,1,74,1,90
D4:F5:47:82:0E:C6,ALL,udp:33146,192.168.3.117*,2,176,1,102,1,74
D4:F5:47:82:0E:C6,ALL,udp:33146,8.8.8.8*,2,176,1,74,1,102
D4:F5:47:82:0E:C6,ALL,udp:42792,192.168.3.117*,2,176,1,102,1,74
D4:F5:47:82:0E:C6,ALL,udp:42792,8.8.8.8*,2,176,1,74,1,102
D4:F5:47:82:0E:C6,ALL,udp:49571,192.168.3.117*,2,164,1,90,1,74
D4:F5:47:82:0E:C6,ALL,udp:49571,8.8.8.8*,2,164,1,74,1,90
D4:F5:47:82:0E:C6,ALL,udp:49093,192.168.3.117*,2,176,1,102,1,74
D4:F5:47:82:0E:C6,ALL,udp:49093,8.8.8.8*,2,176,1,74,1,102
D4:F5:47:82:0E:C6,ALL,udp:42497,192.168.3.117*,2,176,1,102,1,74
D4:F5:47:82:0E:C6,ALL,udp:42497,8.8.8.8*,2,176,1,74,1,102
D4:F5:47:82:0E:C6,ALL,udp:54287,192.168.3.117*,2,164,1,90,1,74
D4:F5:47:82:0E:C6,ALL,udp:54287,8.8.8.8*,2,164,1,74,1,90
D4:F5:47:82:0E:C6,ALL,udp:45221,192.168.3.117*,2,176,1,102,1,74
D4:F5:47:82:0E:C6,ALL,udp:45221,8.8.8.8*,2,176,1,74,1,102
D4:F5:47:82:0E:C6,ALL,udp:37300,192.168.3.117*,2,164,1,90,1,74
D4:F5:47:82:0E:C6,ALL,udp:37300,8.8.8.8*,2,164,1,74,1,90
D4:F5:47:82:0E:C6,ALL,udp:60458,192.168.3.117*,2,176,1,102,1,74
D4:F5:47:82:0E:C6,ALL,udp:60458,8.8.8.8*,2,176,1,74,1,102
D4:F5:47:82:0E:C6,ALL,udp:56550,192.168.3.117*,2,164,1,90,1,74
D4:F5:47:82:0E:C6,ALL,udp:56550,8.8.8.8*,2,164,1,74,1,90
D4:F5:47:82:0E:C6,ALL,udp:47696,192.168.3.117*,2,164,1,90,1,74
D4:F5:47:82:0E:C6,ALL,udp:47696,8.8.8.8*,2,164,1,74,1,90
D4:F5:47:82:0E:C6,ALL,udp:36584,192.168.3.117*,2,164,1,90,1,74
D4:F5:47:82:0E:C6,ALL,udp:36584,8.8.8.8*,2,164,1,74,1,90
D4:F5:47:82:0E:C6,ALL,udp:45216,192.168.3.117*,2,176,1,102,1,74
D4:F5:47:82:0E:C6,ALL,udp:45216,8.8.8.8*,2,176,1,74,1,102
D4:F5:47:82:0E:C6,ALL,udp:45471,192.168.3.117*,2,164,1,90,1,74
D4:F5:47:82:0E:C6,ALL,udp:45471,8.8.8.8*,2,164,1,74,1,90
D4:F5:47:82:0E:C6,ALL,udp:49456,192.168.3.117*,2,198,1,119,1,79
D4:F5:47:82:0E:C6,ALL,udp:49456,8.8.8.8*,2,198,1,79,1,119
D4:F5:47:82:0E:C6,ALL,udp:35857,192.168.3.117*,2,164,1,90,1,74
D4:F5:47:82:0E:C6,ALL,udp:35857,8.8.8.8*,2,164,1,74,1,90
D4:F5:47:82:0E:C6,ALL,udp:42303,192.168.3.117*,2,176,1,102,1,74
D4:F5:47:82:0E:C6,ALL,udp:42303,8.8.8.8*,2,176,1,74,1,102
D4:F5:47:82:0E:C6,ALL,udp:39262,192.168.3.117*,2,164,1,90,1,74
D4:F5:47:82:0E:C6,ALL,udp:39262,8.8.8.8*,2,164,1,74,1,90
D4:F5:47:82:0E:C6,ALL,udp:53349,192.168.3.117*,2,164,1,90,1,74
D4:F5:47:82:0E:C6,ALL,udp:53349,8.8.8.8*,2,164,1,74,1,90
D4:F5:47:82:0E:C6,ALL,udp:41015,192.168.3.117*,2,176,1,102,1,74
D4:F5:47:82:0E:C6,ALL,udp:41015,8.8.8.8*,2,176,1,74,1,102
D4:F5:47:82:0E:C6,ALL,udp:58771,192.168.3.117*,2,164,1,90,1,74
D4:F5:47:82:0E:C6,ALL,udp:58771,8.8.8.8*,2,164,1,74,1,90
D4:F5:47:82:0E:C6,ALL,udp:42385,192.168.3.117*,2,164,1,90,1,74
D4:F5:47:82:0E:C6,ALL,udp:42385,8.8.8.8*,2,164,1,74,1,90
D4:F5:47:82:0E:C6,ALL,udp:44160,192.168.3.117*,2,176,1,102,1,74
D4:F5:47:82:0E:C6,ALL,udp:44160,8.8.8.8*,2,176,1,74,1,102
D4:F5:47:82:0E:C6,ALL,udp:35027,192.168.3.117*,2,164,1,90,1,74
D4:F5:47:82:0E:C6,ALL,udp:35027,8.8.8.8*,2,164,1,74,1,90
D4:F5:47:82:0E:C6,ALL,udp:46622,192.168.3.117*,2,164,1,90,1,74
D4:F5:47:82:0E:C6,ALL,udp:46622,8.8.8.8*,2,164,1,74,1,90
D4:F5:47:82:0E:C6,ALL,udp:56442,192.168.3.117*,2,164,1,90,1,74
D4:F5:47:82:0E:C6,ALL,udp:56442,8.8.8.8*,2,164,1,74,1,90
D4:F5:47:82:0E:C6,ALL,udp:50169,192.168.3.117*,2,176,1,102,1,74
D4:F5:47:82:0E:C6,ALL,udp:50169,8.8.8.8*,2,176,1,74,1,102
D4:F5:47:82:0E:C6,ALL,udp:54776,192.168.3.117*,2,164,1,90,1,74
D4:F5:47:82:0E:C6,ALL,udp:54776,8.8.8.8*,2,164,1,74,1,90
D4:F5:47:82:0E:C6,ALL,udp:38541,192.168.3.117*,2,176,1,102,1,74
D4:F5:47:82:0E:C6,ALL,udp:38541,8.8.8.8*,2,176,1,74,1,102
D4:F5:47:82:0E:C6,ALL,udp:44333,192.168.3.117*,2,164,1,90,1,74
D4:F5:47:82:0E:C6,ALL,udp:44333,8.8.8.8*,2,164,1,74,1,90
D4:F5:47:82:0E:C6,ALL,udp:48494,192.168.3.117*,2,176,1,102,1,74
D4:F5:47:82:0E:C6,ALL,udp:48494,8.8.8.8*,2,176,1,74,1,102
D4:F5:47:82:0E:C6,ALL,udp:41326,192.168.3.117*,2,164,1,90,1,74
D4:F5:47:82:0E:C6,ALL,udp:41326,8.8.8.8*,2,164,1,74,1,90
D4:F5:47:82:0E:C6,ALL,udp:56907,192.168.3.117*,2,176,1,102,1,74
D4:F5:47:82:0E:C6,ALL,udp:56907,8.8.8.8*,2,176,1,74,1,102
D4:F5:47:82:0E:C6,ALL,udp:45798,192.168.3.117*,2,176,1,102,1,74
D4:F5:47:82:0E:C6,ALL,udp:45798,8.8.8.8*,2,176,1,74,1,102
D4:F5:47:82:0E:C6,ALL,udp:37058,192.168.3.117*,2,164,1,90,1,74
D4:F5:47:82:0E:C6,ALL,udp:37058,8.8.8.8*,2,164,1,74,1,90
D4:F5:47:82:0E:C6,ALL,udp:38884,192.168.3.117*,2,176,1,102,1,74
D4:F5:47:82:0E:C6,ALL,udp:38884,8.8.8.8*,2,176,1,74,1,102
D4:F5:47:82:0E:C6,ALL,udp:52131,192.168.3.117*,2,164,1,90,1,74
D4:F5:47:82:0E:C6,ALL,udp:52131,8.8.8.8*,2,164,1,74,1,90
D4:F5:47:82:0E:C6,ALL,udp:59587,192.168.3.117*,2,164,1,90,1,74
D4:F5:47:82:0E:C6,ALL,udp:59587,8.8.8.8*,2,164,1,74,1,90
D4:F5:47:82:0E:C6,ALL,udp:42946,192.168.3.117*,2,164,1,90,1,74
D4:F5:47:82:0E:C6,ALL,udp:42946,8.8.8.8*,2,164,1,74,1,90
D4:F5:47:82:0E:C6,ALL,udp:51945,142.251.32.110*,23,12418,13,9198,10,3220
D4:F5:47:82:0E:C6,ALL,udp:51945,8.8.8.8*,2,176,1,74,1,102
D4:F5:47:82:0E:C6,ALL,udp:41468,192.168.3.117*,2,164,1,90,1,74
D4:F5:47:82:0E:C6,ALL,udp:41468,8.8.8.8*,2,164,1,74,1,90
D4:F5:47:82:0E:C6,ALL,udp:56995,192.168.3.117*,2,176,1,102,1,74
D4:F5:47:82:0E:C6,ALL,udp:56995,8.8.8.8*,2,176,1,74,1,102
D4:F5:47:82:0E:C6,ALL,udp:60979,192.168.3.117*,2,164,1,90,1,74
D4:F5:47:82:0E:C6,ALL,udp:60979,8.8.8.8*,2,164,1,74,1,90
D4:F5:47:82:0E:C6,ALL,udp:56464,192.168.3.117*,2,156,1,86,1,70
D4:F5:47:82:0E:C6,ALL,udp:56464,8.8.8.8*,2,156,1,70,1,86
D4:F5:47:82:0E:C6,ALL,udp:51343,192.168.3.117*,2,213,1,126,1,87
D4:F5:47:82:0E:C6,ALL,udp:51343,8.8.8.8*,2,213,1,87,1,126
D4:F5:47:82:0E:C6,ALL,udp:50528,192.168.3.117*,2,213,1,126,1,87
D4:F5:47:82:0E:C6,ALL,udp:50528,8.8.8.8*,2,213,1,87,1,126
D4:F5:47:82:0E:C6,ALL,udp:55250,192.168.3.117*,2,213,1,126,1,87
D4:F5:47:82:0E:C6,ALL,udp:55250,8.8.8.8*,2,213,1,87,1,126
D4:F5:47:82:0E:C6,ALL,udp:47614,192.168.3.117*,2,213,1,126,1,87
D4:F5:47:82:0E:C6,ALL,udp:47614,8.8.8.8*,2,213,1,87,1,126
D4:F5:47:82:0E:C6,ALL,udp:34762,192.168.3.117*,2,213,1,126,1,87
D4:F5:47:82:0E:C6,ALL,udp:34762,8.8.8.8*,2,213,1,87,1,126
D4:F5:47:82:0E:C6,ALL,udp:48091,216.239.35.8,2,180,1,90,1,90
D4:F5:47:82:0E:C6,ALL,udp:48091,8.8.8.8,2,213,1,87,1,126
D4:F5:47:82:0E:C6,ALL,udp:45957,192.168.3.117*,2,194,1,105,1,89
D4:F5:47:82:0E:C6,ALL,udp:45957,8.8.8.8*,2,194,1,89,1,105
D4:F5:47:82:0E:C6,ALL,udp:41047,192.168.3.117*,2,176,1,102,1,74
D4:F5:47:82:0E:C6,ALL,udp:41047,8.8.8.8*,2,176,1,74,1,102
D4:F5:47:82:0E:C6,ALL,udp:60549,192.168.3.117*,2,176,1,102,1,74
D4:F5:47:82:0E:C6,ALL,udp:60549,8.8.8.8*,2,176,1,74,1,102
D4:F5:47:82:0E:C6,ALL,udp:60898,192.168.3.117*,2,176,1,102,1,74
D4:F5:47:82:0E:C6,ALL,udp:60898,8.8.8.8*,2,176,1,74,1,102
D4:F5:47:82:0E:C6,ALL,udp:52098,192.168.3.117*,2,176,1,102,1,74
D4:F5:47:82:0E:C6,ALL,udp:52098,8.8.8.8*,2,176,1,74,1,102
D4:F5:47:82:0E:C6,ALL,udp:39457,192.168.3.117*,2,164,1,90,1,74
D4:F5:47:82:0E:C6,ALL,udp:39457,8.8.8.8*,2,164,1,74,1,90
D4:F5:47:82:0E:C6,ALL,udp:57380,192.168.3.117*,2,164,1,90,1,74
D4:F5:47:82:0E:C6,ALL,udp:57380,8.8.8.8*,2,164,1,74,1,90
D4:F5:47:82:0E:C6,ALL,udp:58270,192.168.3.117*,2,176,1,102,1,74
D4:F5:47:82:0E:C6,ALL,udp:58270,8.8.8.8*,2,176,1,74,1,102
D4:F5:47:82:0E:C6,ALL,udp:38259,192.168.3.117*,2,164,1,90,1,74
D4:F5:47:82:0E:C6,ALL,udp:38259,8.8.8.8*,2,164,1,74,1,90
D4:F5:47:82:0E:C6,ALL,udp:35808,192.168.3.117*,2,176,1,102,1,74
D4:F5:47:82:0E:C6,ALL,udp:35808,8.8.8.8*,2,176,1,74,1,102
D4:F5:47:82:0E:C6,ALL,udp:49737,192.168.3.117*,2,164,1,90,1,74
D4:F5:47:82:0E:C6,ALL,udp:49737,8.8.8.8*,2,164,1,74,1,90
D4:F5:47:82:0E:C6,ALL,udp:56948,192.168.3.117*,2,198,1,119,1,79
D4:F5:47:82:0E:C6,ALL,udp:56948,8.8.8.8*,2,198,1,79,1,119
D4:F5:47:82:0E:C6,ALL,udp:48488,192.168.3.117*,2,176,1,102,1,74
D4:F5:47:82:0E:C6,ALL,udp:48488,8.8.8.8*,2,176,1,74,1,102
D4:F5:47:82:0E:C6,ALL,udp:55329,192.168.3.117*,2,164,1,90,1,74
D4:F5:47:82:0E:C6,ALL,udp:55329,8.8.8.8*,2,164,1,74,1,90
D4:F5:47:82:0E:C6,ALL,udp:39818,192.168.3.117*,2,176,1,102,1,74
D4:F5:47:82:0E:C6,ALL,udp:39818,8.8.8.8*,2,176,1,74,1,102
D4:F5:47:82:0E:C6,ALL,udp:44641,192.168.3.117*,2,176,1,102,1,74
D4:F5:47:82:0E:C6,ALL,udp:44641,8.8.8.8*,2,176,1,74,1,102
D4:F5:47:82:0E:C6,ALL,udp:45427,192.168.3.117*,2,164,1,90,1,74
D4:F5:47:82:0E:C6,ALL,udp:45427,8.8.8.8*,2,164,1,74,1,90
D4:F5:47:82:0E:C6,ALL,udp:50356,192.168.3.117*,2,164,1,90,1,74
D4:F5:47:82:0E:C6,ALL,udp:50356,8.8.8.8*,2,164,1,74,1,90
D4:F5:47:82:0E:C6,ALL,udp:51928,192.168.3.117*,2,176,1,102,1,74
D4:F5:47:82:0E:C6,ALL,udp:51928,8.8.8.8*,2,176,1,74,1,102
D4:F5:47:82:0E:C6,ALL,udp:34672,192.168.3.117*,2,164,1,90,1,74
D4:F5:47:82:0E:C6,ALL,udp:34672,8.8.8.8*,2,164,1,74,1,90
D4:F5:47:82:0E:C6,ALL,udp:50558,192.168.3.117*,2,176,1,102,1,74
D4:F5:47:82:0E:C6,ALL,udp:50558,8.8.8.8*,2,176,1,74,1,102
D4:F5:47:82:0E:C6,ALL,udp:44856,192.168.3.117*,2,164,1,90,1,74
D4:F5:47:82:0E:C6,ALL,udp:44856,8.8.8.8*,2,164,1,74,1,90
D4:F5:47:82:0E:C6,ALL,udp:54085,192.168.3.117*,2,176,1,102,1,74
D4:F5:47:82:0E:C6,ALL,udp:54085,8.8.8.8*,2,176,1,74,1,102
D4:F5:47:82:0E:C6,ALL,udp:34081,192.168.3.117*,2,198,1,119,1,79
D4:F5:47:82:0E:C6,ALL,udp:34081,8.8.8.8*,2,198,1,79,1,119
D4:F5:47:82:0E:C6,ALL,udp:36120,192.168.3.117*,2,164,1,90,1,74
D4:F5:47:82:0E:C6,ALL,udp:36120,8.8.8.8*,2,164,1,74,1,90
D4:F5:47:82:0E:C6,ALL,udp:42674,192.168.3.117*,2,176,1,102,1,74
D4:F5:47:82:0E:C6,ALL,udp:42674,8.8.8.8*,2,176,1,74,1,102
D4:F5:47:82:0E:C6,ALL,udp:37554,192.168.3.117*,2,164,1,90,1,74
D4:F5:47:82:0E:C6,ALL,udp:37554,8.8.8.8*,2,164,1,74,1,90
D4:F5:47:82:0E:C6,ALL,udp:33234,192.168.3.117*,2,164,1,90,1,74
D4:F5:47:82:0E:C6,ALL,udp:33234,8.8.8.8*,2,164,1,74,1,90
D4:F5:47:82:0E:C6,ALL,udp:57083,192.168.3.117*,2,176,1,102,1,74
D4:F5:47:82:0E:C6,ALL,udp:57083,8.8.8.8*,2,176,1,74,1,102
D4:F5:47:82:0E:C6,ALL,udp:44400,192.168.3.117*,2,164,1,90,1,74
D4:F5:47:82:0E:C6,ALL,udp:44400,8.8.8.8*,2,164,1,74,1,90
D4:F5:47:82:0E:C6,ALL,udp:38004,192.168.3.117*,2,164,1,90,1,74
D4:F5:47:82:0E:C6,ALL,udp:38004,8.8.8.8*,2,164,1,74,1,90
D4:F5:47:82:0E:C6,ALL,udp:47709,192.168.3.117*,2,176,1,102,1,74
D4:F5:47:82:0E:C6,ALL,udp:47709,8.8.8.8*,2,176,1,74,1,102
D4:F5:47:82:0E:C6,ALL,udp:47600,192.168.3.117*,2,164,1,90,1,74
D4:F5:47:82:0E:C6,ALL,udp:47600,8.8.8.8*,2,164,1,74,1,90
D4:F5:47:82:0E:C6,ALL,udp:35249,192.168.3.117*,2,176,1,102,1,74
D4:F5:47:82:0E:C6,ALL,udp:35249,8.8.8.8*,2,176,1,74,1,102
D4:F5:47:82:0E:C6,ALL,udp:48952,192.168.3.117*,2,176,1,102,1,74
D4:F5:47:82:0E:C6,ALL,udp:48952,8.8.8.8*,2,176,1,74,1,102
D4:F5:47:82:0E:C6,ALL,udp:44957,192.168.3.117*,2,164,1,90,1,74
D4:F5:47:82:0E:C6,ALL,udp:44957,8.8.8.8*,2,164,1,74,1,90
D4:F5:47:82:0E:C6,ALL,udp:33189,192.168.3.117*,2,164,1,90,1,74
D4:F5:47:82:0E:C6,ALL,udp:33189,8.8.8.8*,2,164,1,74,1,90
D4:F5:47:82:0E:C6,ALL,udp:47750,192.168.3.117*,2,164,1,90,1,74
D4:F5:47:82:0E:C6,ALL,udp:47750,8.8.8.8*,2,164,1,74,1,90
D4:F5:47:82:0E:C6,ALL,udp:45591,192.168.3.117*,2,176,1,102,1,74
D4:F5:47:82:0E:C6,ALL,udp:45591,8.8.8.8*,2,176,1,74,1,102
D4:F5:47:82:0E:C6,ALL,udp:34911,192.168.3.117*,2,164,1,90,1,74
D4:F5:47:82:0E:C6,ALL,udp:34911,8.8.8.8*,2,164,1,74,1,90
D4:F5:47:82:0E:C6,ALL,udp:52139,192.168.3.117*,2,164,1,90,1,74
D4:F5:47:82:0E:C6,ALL,udp:52139,8.8.8.8*,2,164,1,74,1,90
D4:F5:47:82:0E:C6,ALL,udp:45923,192.168.3.117*,2,176,1,102,1,74
D4:F5:47:82:0E:C6,ALL,udp:45923,8.8.8.8*,2,176,1,74,1,102
D4:F5:47:82:0E:C6,ALL,udp:53945,192.168.3.117*,2,164,1,90,1,74
D4:F5:47:82:0E:C6,ALL,udp:53945,8.8.8.8*,2,164,1,74,1,90
D4:F5:47:82:0E:C6,ALL,udp:43165,192.168.3.117*,2,176,1,102,1,74
D4:F5:47:82:0E:C6,ALL,udp:43165,8.8.8.8*,2,176,1,74,1,102
D4:F5:47:82:0E:C6,ALL,udp:55582,192.168.3.117*,2,164,1,90,1,74
D4:F5:47:82:0E:C6,ALL,udp:55582,8.8.8.8*,2,164,1,74,1,90
D4:F5:47:82:0E:C6,ALL,udp:32991,192.168.3.117*,2,164,1,90,1,74
D4:F5:47:82:0E:C6,ALL,udp:32991,8.8.8.8*,2,164,1,74,1,90
D4:F5:47:82:0E:C6,ALL,udp:60263,192.168.3.117*,2,164,1,90,1,74
D4:F5:47:82:0E:C6,ALL,udp:60263,8.8.8.8*,2,164,1,74,1,90
D4:F5:47:82:0E:C6,ALL,udp:42864,192.168.3.117*,2,176,1,102,1,74
D4:F5:47:82:0E:C6,ALL,udp:42864,8.8.8.8*,2,176,1,74,1,102
D4:F5:47:82:0E:C6,ALL,udp:44286,192.168.3.117*,2,164,1,90,1,74
D4:F5:47:82:0E:C6,ALL,udp:44286,8.8.8.8*,2,164,1,74,1,90
D4:F5:47:82:0E:C6,ALL,udp:56379,192.168.3.117*,2,176,1,102,1,74
D4:F5:47:82:0E:C6,ALL,udp:56379,8.8.8.8*,2,176,1,74,1,102
D4:F5:47:82:0E:C6,ALL,udp:55927,192.168.3.117*,2,198,1,119,1,79
D4:F5:47:82:0E:C6,ALL,udp:55927,8.8.8.8*,2,198,1,79,1,119
D4:F5:47:82:0E:C6,ALL,udp:36908,192.168.3.117*,2,164,1,90,1,74
D4:F5:47:82:0E:C6,ALL,udp:36908,8.8.8.8*,2,164,1,74,1,90
D4:F5:47:82:0E:C6,ALL,udp:32884,192.168.3.117*,2,176,1,102,1,74
D4:F5:47:82:0E:C6,ALL,udp:32884,8.8.8.8*,2,176,1,74,1,102
D4:F5:47:82:0E:C6,ALL,udp:38434,192.168.3.117*,2,176,1,102,1,74
D4:F5:47:82:0E:C6,ALL,udp:38434,8.8.8.8*,2,176,1,74,1,102
D4:F5:47:82:0E:C6,ALL,udp:58943,192.168.3.117*,2,164,1,90,1,74
D4:F5:47:82:0E:C6,ALL,udp:58943,8.8.8.8*,2,164,1,74,1,90
D4:F5:47:82:0E:C6,ALL,udp:33167,192.168.3.117*,2,176,1,102,1,74
D4:F5:47:82:0E:C6,ALL,udp:33167,8.8.8.8*,2,176,1,74,1,102
D4:F5:47:82:0E:C6,ALL,udp:41269,192.168.3.117*,2,164,1,90,1,74
D4:F5:47:82:0E:C6,ALL,udp:41269,8.8.8.8*,2,164,1,74,1,90
D4:F5:47:82:0E:C6,ALL,udp:58142,192.168.3.117*,2,176,1,102,1,74
D4:F5:47:82:0E:C6,ALL,udp:58142,8.8.8.8*,2,176,1,74,1,102
D4:F5:47:82:0E:C6,ALL,udp:37443,192.168.3.117*,2,198,1,119,1,79
D4:F5:47:82:0E:C6,ALL,udp:37443,8.8.8.8*,2,198,1,79,1,119
D4:F5:47:82:0E:C6,ALL,udp:48883,192.168.3.117*,2,164,1,90,1,74
D4:F5:47:82:0E:C6,ALL,udp:48883,8.8.8.8*,2,164,1,74,1,90
D4:F5:47:82:0E:C6,ALL,udp:56348,192.168.3.117*,2,176,1,102,1,74
D4:F5:47:82:0E:C6,ALL,udp:56348,8.8.8.8*,2,176,1,74,1,102
D4:F5:47:82:0E:C6,ALL,udp:35416,192.168.3.117*,2,164,1,90,1,74
D4:F5:47:82:0E:C6,ALL,udp:35416,8.8.8.8*,2,164,1,74,1,90
D4:F5:47:82:0E:C6,ALL,udp:42535,192.168.3.117*,2,176,1,102,1,74
D4:F5:47:82:0E:C6,ALL,udp:42535,8.8.8.8*,2,176,1,74,1,102
D4:F5:47:82:0E:C6,ALL,udp:54296,192.168.3.117*,2,176,1,102,1,74
D4:F5:47:82:0E:C6,ALL,udp:54296,8.8.8.8*,2,176,1,74,1,102
D4:F5:47:82:0E:C6,ALL,udp:43959,192.168.3.117*,2,164,1,90,1,74
D4:F5:47:82:0E:C6,ALL,udp:43959,8.8.8.8*,2,164,1,74,1,90
D4:F5:47:82:0E:C6,ALL,udp:59914,192.168.3.117*,2,164,1,90,1,74
D4:F5:47:82:0E:C6,ALL,udp:59914,8.8.8.8*,2,164,1,74,1,90
D4:F5:47:82:0E:C6,ALL,udp:43826,192.168.3.117*,2,176,1,102,1,74
D4:F5:47:82:0E:C6,ALL,udp:43826,8.8.8.8*,2,176,1,74,1,102
D4:F5:47:82:0E:C6,ALL,udp:37727,192.168.3.117*,2,164,1,90,1,74
D4:F5:47:82:0E:C6,ALL,udp:37727,8.8.8.8*,2,164,1,74,1,90
D4:F5:47:82:0E:C6,ALL,udp:58683,192.168.3.117*,2,176,1,102,1,74
D4:F5:47:82:0E:C6,ALL,udp:58683,8.8.8.8*,2,176,1,74,1,102
D4:F5:47:82:0E:C6,ALL,udp:47848,192.168.3.117*,2,164,1,90,1,74
D4:F5:47:82:0E:C6,ALL,udp:47848,8.8.8.8*,2,164,1,74,1,90
D4:F5:47:82:0E:C6,ALL,udp:44663,192.168.3.117*,2,164,1,90,1,74
D4:F5:47:82:0E:C6,ALL,udp:44663,8.8.8.8*,2,164,1,74,1,90
D4:F5:47:82:0E:C6,ALL,udp:48420,192.168.3.117*,2,176,1,102,1,74
D4:F5:47:82:0E:C6,ALL,udp:48420,8.8.8.8*,2,176,1,74,1,102
D4:F5:47:82:0E:C6,ALL,udp:55443,192.168.3.117*,2,164,1,90,1,74
D4:F5:47:82:0E:C6,ALL,udp:55443,8.8.8.8*,2,164,1,74,1,90
D4:F5:47:82:0E:C6,ALL,udp:54695,192.168.3.117*,2,176,1,102,1,74
D4:F5:47:82:0E:C6,ALL,udp:54695,8.8.8.8*,2,176,1,74,1,102
D4:F5:47:82:0E:C6,ALL,udp:38111,192.168.3.117*,2,164,1,90,1,74
D4:F5:47:82:0E:C6,ALL,udp:38111,8.8.8.8*,2,164,1,74,1,90
D4:F5:47:82:0E:C6,ALL,udp:39066,192.168.3.117*,2,176,1,102,1,74
D4:F5:47:82:0E:C6,ALL,udp:39066,8.8.8.8*,2,176,1,74,1,102
D4:F5:47:82:0E:C6,ALL,udp:59323,192.168.3.117*,2,176,1,102,1,74
D4:F5:47:82:0E:C6,ALL,udp:59323,8.8.8.8*,2,176,1,74,1,102
D4:F5:47:82:0E:C6,ALL,udp:34889,192.168.3.117*,2,176,1,102,1,74
D4:F5:47:82:0E:C6,ALL,udp:34889,8.8.8.8*,2,176,1,74,1,102
D4:F5:47:82:0E:C6,ALL,udp:52248,192.168.3.117*,2,164,1,90,1,74
D4:F5:47:82:0E:C6,ALL,udp:52248,8.8.8.8*,2,164,1,74,1,90
D4:F5:47:82:0E:C6,ALL,udp:59863,192.168.3.117*,2,176,1,102,1,74
D4:F5:47:82:0E:C6,ALL,udp:59863,8.8.8.8*,2,176,1,74,1,102
D4:F5:47:82:0E:C6,ALL,udp:52283,192.168.3.117*,2,194,1,105,1,89
D4:F5:47:82:0E:C6,ALL,udp:52283,8.8.8.8*,2,194,1,89,1,105
D4:F5:47:82:0E:C6,ALL,udp:51337,192.168.3.117*,2,164,1,90,1,74
D4:F5:47:82:0E:C6,ALL,udp:51337,8.8.8.8*,2,164,1,74,1,90
D4:F5:47:82:0E:C6,ALL,udp:33323,192.168.3.117*,2,164,1,90,1,74
D4:F5:47:82:0E:C6,ALL,udp:33323,8.8.8.8*,2,164,1,74,1,90
D4:F5:47:82:0E:C6,ALL,udp:56480,216.239.35.8,2,180,1,90,1,90
D4:F5:47:82:0E:C6,ALL,udp:56480,8.8.8.8,2,164,1,74,1,90
D4:F5:47:82:0E:C6,ALL,udp:58784,192.168.3.117*,2,164,1,90,1,74
D4:F5:47:82:0E:C6,ALL,udp:58784,8.8.8.8*,2,164,1,74,1,90
D4:F5:47:82:0E:C6,ALL,udp:48690,192.168.3.117*,2,176,1,102,1,74
D4:F5:47:82:0E:C6,ALL,udp:48690,8.8.8.8*,2,176,1,74,1,102
D4:F5:47:82:0E:C6,ALL,udp:36640,192.168.3.117*,2,176,1,102,1,74
D4:F5:47:82:0E:C6,ALL,udp:36640,8.8.8.8*,2,176,1,74,1,102
D4:F5:47:82:0E:C6,ALL,udp:32810,192.168.3.117*,2,164,1,90,1,74
D4:F5:47:82:0E:C6,ALL,udp:32810,8.8.8.8*,2,164,1,74,1,90
D4:F5:47:82:0E:C6,ALL,udp:45179,192.168.3.117*,2,164,1,90,1,74
D4:F5:47:82:0E:C6,ALL,udp:45179,8.8.8.8*,2,164,1,74,1,90
D4:F5:47:82:0E:C6,ALL,udp:51268,192.168.3.117*,2,176,1,102,1,74
D4:F5:47:82:0E:C6,ALL,udp:51268,8.8.8.8*,2,176,1,74,1,102
D4:F5:47:82:0E:C6,ALL,udp:59055,192.168.3.117*,2,164,1,90,1,74
D4:F5:47:82:0E:C6,ALL,udp:59055,8.8.8.8*,2,164,1,74,1,90
D4:F5:47:82:0E:C6,ALL,udp:58158,192.168.3.117*,2,164,1,90,1,74
D4:F5:47:82:0E:C6,ALL,udp:58158,8.8.8.8*,2,164,1,74,1,90
D4:F5:47:82:0E:C6,ALL,udp:40138,192.168.3.117*,2,176,1,102,1,74
D4:F5:47:82:0E:C6,ALL,udp:40138,8.8.8.8*,2,176,1,74,1,102
D4:F5:47:82:0E:C6,ALL,udp:43795,192.168.3.117*,2,164,1,90,1,74
D4:F5:47:82:0E:C6,ALL,udp:43795,8.8.8.8*,2,164,1,74,1,90
D4:F5:47:82:0E:C6,ALL,udp:49507,192.168.3.117*,2,176,1,102,1,74
D4:F5:47:82:0E:C6,ALL,udp:49507,8.8.8.8*,2,176,1,74,1,102
D4:F5:47:82:0E:C6,ALL,udp:47467,192.168.3.117*,2,164,1,90,1,74
D4:F5:47:82:0E:C6,ALL,udp:47467,8.8.8.8*,2,164,1,74,1,90
D4:F5:47:82:0E:C6,ALL,udp:54397,192.168.3.117*,2,164,1,90,1,74
D4:F5:47:82:0E:C6,ALL,udp:54397,8.8.8.8*,2,164,1,74,1,90
D4:F5:47:82:0E:C6,ALL,udp:60216,192.168.3.117*,2,176,1,102,1,74
D4:F5:47:82:0E:C6,ALL,udp:60216,8.8.8.8*,2,176,1,74,1,102
D4:F5:47:82:0E:C6,ALL,udp:51668,192.168.3.117*,2,164,1,90,1,74
D4:F5:47:82:0E:C6,ALL,udp:51668,8.8.8.8*,2,164,1,74,1,90
D4:F5:47:82:0E:C6,ALL,udp:53815,192.168.3.117*,2,176,1,102,1,74
D4:F5:47:82:0E:C6,ALL,udp:53815,8.8.8.8*,2,176,1,74,1,102
D4:F5:47:82:0E:C6,ALL,udp:53646,192.168.3.117*,2,164,1,90,1,74
D4:F5:47:82:0E:C6,ALL,udp:53646,8.8.8.8*,2,164,1,74,1,90
D4:F5:47:82:0E:C6,ALL,udp:56393,192.168.3.117*,2,176,1,102,1,74
D4:F5:47:82:0E:C6,ALL,udp:56393,8.8.8.8*,2,176,1,74,1,102
D4:F5:47:82:0E:C6,ALL,udp:58644,192.168.3.117*,2,164,1,90,1,74
D4:F5:47:82:0E:C6,ALL,udp:58644,8.8.8.8*,2,164,1,74,1,90
D4:F5:47:82:0E:C6,ALL,udp:33212,192.168.3.117*,2,176,1,102,1,74
D4:F5:47:82:0E:C6,ALL,udp:33212,8.8.8.8*,2,176,1,74,1,102
D4:F5:47:82:0E:C6,ALL,udp:41182,192.168.3.117*,2,164,1,90,1,74
D4:F5:47:82:0E:C6,ALL,udp:41182,8.8.8.8*,2,164,1,74,1,90
D4:F5:47:82:0E:C6,ALL,udp:38295,192.168.3.117*,2,176,1,102,1,74
D4:F5:47:82:0E:C6,ALL,udp:38295,8.8.8.8*,2,176,1,74,1,102
D4:F5:47:82:0E:C6,ALL,udp:45845,192.168.3.117*,2,164,1,90,1,74
D4:F5:47:82:0E:C6,ALL,udp:45845,8.8.8.8*,2,164,1,74,1,90
D4:F5:47:82:0E:C6,ALL,udp:39070,192.168.3.117*,2,176,1,102,1,74
D4:F5:47:82:0E:C6,ALL,udp:39070,8.8.8.8*,2,176,1,74,1,102
D4:F5:47:82:0E:C6,ALL,udp:59512,192.168.3.117*,2,164,1,90,1,74
D4:F5:47:82:0E:C6,ALL,udp:59512,8.8.8.8*,2,164,1,74,1,90
D4:F5:47:82:0E:C6,ALL,udp:59253,192.168.3.117*,2,176,1,102,1,74
D4:F5:47:82:0E:C6,ALL,udp:59253,8.8.8.8*,2,176,1,74,1,102
D4:F5:47:82:0E:C6,ALL,udp:36032,192.168.3.117*,2,164,1,90,1,74
D4:F5:47:82:0E:C6,ALL,udp:36032,8.8.8.8*,2,164,1,74,1,90
D4:F5:47:82:0E:C6,ALL,udp:41738,192.168.3.117*,2,176,1,102,1,74
D4:F5:47:82:0E:C6,ALL,udp:41738,8.8.8.8*,2,176,1,74,1,102
D4:F5:47:82:0E:C6,ALL,udp:38188,192.168.3.117*,2,164,1,90,1,74
D4:F5:47:82:0E:C6,ALL,udp:38188,8.8.8.8*,2,164,1,74,1,90
D4:F5:47:82:0E:C6,ALL,udp:55325,192.168.3.117*,2,164,1,90,1,74
D4:F5:47:82:0E:C6,ALL,udp:55325,8.8.8.8*,2,164,1,74,1,90
D4:F5:47:82:0E:C6,ALL,udp:38247,192.168.3.117*,2,164,1,90,1,74
D4:F5:47:82:0E:C6,ALL,udp:38247,8.8.8.8*,2,164,1,74,1,90
D4:F5:47:82:0E:C6,ALL,udp:55869,192.168.3.117*,2,176,1,102,1,74
D4:F5:47:82:0E:C6,ALL,udp:55869,8.8.8.8*,2,176,1,74,1,102
D4:F5:47:82:0E:C6,ALL,udp:37589,192.168.3.117*,2,164,1,90,1,74
D4:F5:47:82:0E:C6,ALL,udp:37589,8.8.8.8*,2,164,1,74,1,90
D4:F5:47:82:0E:C6,ALL,udp:58349,192.168.3.117*,2,164,1,90,1,74
D4:F5:47:82:0E:C6,ALL,udp:58349,8.8.8.8*,2,164,1,74,1,90
D4:F5:47:82:0E:C6,ALL,udp:38346,192.168.3.117*,2,176,1,102,1,74
D4:F5:47:82:0E:C6,ALL,udp:38346,8.8.8.8*,2,176,1,74,1,102
D4:F5:47:82:0E:C6,ALL,udp:45912,192.168.3.117*,2,164,1,90,1,74
D4:F5:47:82:0E:C6,ALL,udp:45912,8.8.8.8*,2,164,1,74,1,90
D4:F5:47:82:0E:C6,ALL,udp:44150,192.168.3.117*,2,176,1,102,1,74
D4:F5:47:82:0E:C6,ALL,udp:44150,8.8.8.8*,2,176,1,74,1,102
D4:F5:47:82:0E:C6,ALL,udp:39661,192.168.3.117*,2,164,1,90,1,74
D4:F5:47:82:0E:C6,ALL,udp:39661,8.8.8.8*,2,164,1,74,1,90
D4:F5:47:82:0E:C6,ALL,udp:52611,192.168.3.117*,2,176,1,102,1,74
D4:F5:47:82:0E:C6,ALL,udp:52611,8.8.8.8*,2,176,1,74,1,102
D4:F5:47:82:0E:C6,ALL,udp:34511,192.168.3.117*,2,164,1,90,1,74
D4:F5:47:82:0E:C6,ALL,udp:34511,8.8.8.8*,2,164,1,74,1,90
D4:F5:47:82:0E:C6,ALL,udp:43722,192.168.3.117*,2,176,1,102,1,74
D4:F5:47:82:0E:C6,ALL,udp:43722,8.8.8.8*,2,176,1,74,1,102
D4:F5:47:82:0E:C6,ALL,udp:54565,192.168.3.117*,2,164,1,90,1,74
D4:F5:47:82:0E:C6,ALL,udp:54565,8.8.8.8*,2,164,1,74,1,90
D4:F5:47:82:0E:C6,ALL,udp:41591,192.168.3.117*,2,176,1,102,1,74
D4:F5:47:82:0E:C6,ALL,udp:41591,8.8.8.8*,2,176,1,74,1,102
D4:F5:47:82:0E:C6,ALL,udp:49454,192.168.3.117*,2,164,1,90,1,74
D4:F5:47:82:0E:C6,ALL,udp:49454,8.8.8.8*,2,164,1,74,1,90
D4:F5:47:82:0E:C6,ALL,udp:60045,192.168.3.117*,2,176,1,102,1,74
D4:F5:47:82:0E:C6,ALL,udp:60045,8.8.8.8*,2,176,1,74,1,102
D4:F5:47:82:0E:C6,ALL,udp:37118,172.217.165.142*,26,12744,16,9525,10,3219
D4:F5:47:82:0E:C6,ALL,udp:37118,8.8.8.8*,2,164,1,74,1,90
D4:F5:47:82:0E:C6,ALL,udp:40728,192.168.3.117*,2,176,1,102,1,74
D4:F5:47:82:0E:C6,ALL,udp:40728,8.8.8.8*,2,176,1,74,1,102
D4:F5:47:82:0E:C6,ALL,udp:46876,192.168.3.117*,2,176,1,102,1,74
D4:F5:47:82:0E:C6,ALL,udp:46876,8.8.8.8*,2,176,1,74,1,102
D4:F5:47:82:0E:C6,ALL,udp:36541,192.168.3.117*,2,176,1,102,1,74
D4:F5:47:82:0E:C6,ALL,udp:36541,8.8.8.8*,2,176,1,74,1,102
D4:F5:47:82:0E:C6,ALL,udp:58821,192.168.3.117*,2,164,1,90,1,74
D4:F5:47:82:0E:C6,ALL,udp:58821,8.8.8.8*,2,164,1,74,1,90
D4:F5:47:82:0E:C6,ALL,udp:40032,192.168.3.117*,2,164,1,90,1,74
D4:F5:47:82:0E:C6,ALL,udp:40032,8.8.8.8*,2,164,1,74,1,90
D4:F5:47:82:0E:C6,ALL,udp:45747,192.168.3.117*,2,176,1,102,1,74
D4:F5:47:82:0E:C6,ALL,udp:45747,8.8.8.8*,2,176,1,74,1,102
D4:F5:47:82:0E:C6,ALL,udp:53245,192.168.3.117*,2,176,1,102,1,74
D4:F5:47:82:0E:C6,ALL,udp:53245,8.8.8.8*,2,176,1,74,1,102
D4:F5:47:82:0E:C6,ALL,udp:51620,192.168.3.117*,2,164,1,90,1,74
D4:F5:47:82:0E:C6,ALL,udp:51620,8.8.8.8*,2,164,1,74,1,90
D4:F5:47:82:0E:C6,ALL,udp:54562,192.168.3.117*,2,176,1,102,1,74
D4:F5:47:82:0E:C6,ALL,udp:54562,8.8.8.8*,2,176,1,74,1,102
D4:F5:47:82:0E:C6,ALL,udp:47021,192.168.3.117*,2,176,1,102,1,74
D4:F5:47:82:0E:C6,ALL,udp:47021,8.8.8.8*,2,176,1,74,1,102
D4:F5:47:82:0E:C6,ALL,udp:46681,192.168.3.117*,2,164,1,90,1,74
D4:F5:47:82:0E:C6,ALL,udp:46681,8.8.8.8*,2,164,1,74,1,90
D4:F5:47:82:0E:C6,ALL,udp:38052,192.168.3.117*,2,176,1,102,1,74
D4:F5:47:82:0E:C6,ALL,udp:38052,8.8.8.8*,2,176,1,74,1,102
D4:F5:47:82:0E:C6,ALL,udp:40769,192.168.3.117*,2,198,1,119,1,79
D4:F5:47:82:0E:C6,ALL,udp:40769,8.8.8.8*,2,198,1,79,1,119
D4:F5:47:82:0E:C6,ALL,udp:57913,192.168.3.117*,2,164,1,90,1,74
D4:F5:47:82:0E:C6,ALL,udp:57913,8.8.8.8*,2,164,1,74,1,90
D4:F5:47:82:0E:C6,ALL,udp:42263,192.168.3.117*,2,176,1,102,1,74
D4:F5:47:82:0E:C6,ALL,udp:42263,8.8.8.8*,2,176,1,74,1,102
D4:F5:47:82:0E:C6,ALL,udp:57029,192.168.3.117*,2,164,1,90,1,74
D4:F5:47:82:0E:C6,ALL,udp:57029,8.8.8.8*,2,164,1,74,1,90
D4:F5:47:82:0E:C6,ALL,udp:59615,192.168.3.117*,2,176,1,102,1,74
D4:F5:47:82:0E:C6,ALL,udp:59615,8.8.8.8*,2,176,1,74,1,102
D4:F5:47:82:0E:C6,ALL,udp:37708,172.217.165.142*,19,10790,11,7276,8,3514
D4:F5:47:82:0E:C6,ALL,udp:37708,8.8.8.8*,2,198,1,79,1,119
D4:F5:47:82:0E:C6,ALL,udp:55408,192.168.3.117*,2,176,1,102,1,74
D4:F5:47:82:0E:C6,ALL,udp:55408,8.8.8.8*,2,176,1,74,1,102
D4:F5:47:82:0E:C6,ALL,udp:59214,192.168.3.117*,2,164,1,90,1,74
D4:F5:47:82:0E:C6,ALL,udp:59214,8.8.8.8*,2,164,1,74,1,90
D4:F5:47:82:0E:C6,ALL,udp:56182,192.168.3.117*,2,176,1,102,1,74
D4:F5:47:82:0E:C6,ALL,udp:56182,8.8.8.8*,2,176,1,74,1,102
D4:F5:47:82:0E:C6,ALL,udp:54231,192.168.3.117*,2,164,1,90,1,74
D4:F5:47:82:0E:C6,ALL,udp:54231,8.8.8.8*,2,164,1,74,1,90
D4:F5:47:82:0E:C6,ALL,udp:33216,192.168.3.117*,2,176,1,102,1,74
D4:F5:47:82:0E:C6,ALL,udp:33216,8.8.8.8*,2,176,1,74,1,102
D4:F5:47:82:0E:C6,ALL,udp:50921,192.168.3.117*,2,164,1,90,1,74
D4:F5:47:82:0E:C6,ALL,udp:50921,8.8.8.8*,2,164,1,74,1,90
D4:F5:47:82:0E:C6,ALL,udp:34756,192.168.3.117*,2,176,1,102,1,74
D4:F5:47:82:0E:C6,ALL,udp:34756,8.8.8.8*,2,176,1,74,1,102
D4:F5:47:82:0E:C6,ALL,udp:60273,192.168.3.117*,2,164,1,90,1,74
D4:F5:47:82:0E:C6,ALL,udp:60273,8.8.8.8*,2,164,1,74,1,90
D4:F5:47:82:0E:C6,ALL,udp:34570,192.168.3.117*,2,176,1,102,1,74
D4:F5:47:82:0E:C6,ALL,udp:34570,8.8.8.8*,2,176,1,74,1,102
D4:F5:47:82:0E:C6,ALL,udp:43088,192.168.3.117*,2,164,1,90,1,74
D4:F5:47:82:0E:C6,ALL,udp:43088,8.8.8.8*,2,164,1,74,1,90
D4:F5:47:82:0E:C6,ALL,udp:35515,192.168.3.117*,2,176,1,102,1,74
D4:F5:47:82:0E:C6,ALL,udp:35515,8.8.8.8*,2,176,1,74,1,102
D4:F5:47:82:0E:C6,ALL,udp:43590,192.168.3.117*,2,176,1,102,1,74
D4:F5:47:82:0E:C6,ALL,udp:43590,8.8.8.8*,2,176,1,74,1,102
D4:F5:47:82:0E:C6,ALL,udp:33675,192.168.3.117*,2,164,1,90,1,74
D4:F5:47:82:0E:C6,ALL,udp:33675,8.8.8.8*,2,164,1,74,1,90
D4:F5:47:82:0E:C6,ALL,udp:34161,192.168.3.117*,2,164,1,90,1,74
D4:F5:47:82:0E:C6,ALL,udp:34161,8.8.8.8*,2,164,1,74,1,90
D4:F5:47:82:0E:C6,ALL,udp:44868,192.168.3.117*,2,176,1,102,1,74
D4:F5:47:82:0E:C6,ALL,udp:44868,8.8.8.8*,2,176,1,74,1,102
D4:F5:47:82:0E:C6,ALL,udp:50990,192.168.3.117*,2,164,1,90,1,74
D4:F5:47:82:0E:C6,ALL,udp:50990,8.8.8.8*,2,164,1,74,1,90
D4:F5:47:82:0E:C6,ALL,udp:53769,192.168.3.117*,2,176,1,102,1,74
D4:F5:47:82:0E:C6,ALL,udp:53769,8.8.8.8*,2,176,1,74,1,102
D4:F5:47:82:0E:C6,ALL,udp:34386,192.168.3.117*,2,164,1,90,1,74
D4:F5:47:82:0E:C6,ALL,udp:34386,8.8.8.8*,2,164,1,74,1,90
D4:F5:47:82:0E:C6,ALL,udp:52123,216.239.35.4,2,180,1,90,1,90
D4:F5:47:82:0E:C6,ALL,udp:52123,8.8.8.8,2,176,1,74,1,102
D4:F5:47:82:0E:C6,ALL,udp:57049,192.168.3.117*,2,164,1,90,1,74
D4:F5:47:82:0E:C6,ALL,udp:57049,8.8.8.8*,2,164,1,74,1,90
D4:F5:47:82:0E:C6,ALL,udp:57580,192.168.3.117*,2,164,1,90,1,74
D4:F5:47:82:0E:C6,ALL,udp:57580,8.8.8.8*,2,164,1,74,1,90
D4:F5:47:82:0E:C6,ALL,udp:37635,192.168.3.117*,2,176,1,102,1,74
D4:F5:47:82:0E:C6,ALL,udp:37635,8.8.8.8*,2,176,1,74,1,102
D4:F5:47:82:0E:C6,ALL,udp:37494,192.168.3.117*,2,194,1,105,1,89
D4:F5:47:82:0E:C6,ALL,udp:37494,8.8.8.8*,2,194,1,89,1,105
D4:F5:47:82:0E:C6,ALL,udp:42083,192.168.3.117*,2,176,1,102,1,74
D4:F5:47:82:0E:C6,ALL,udp:42083,8.8.8.8*,2,176,1,74,1,102
D4:F5:47:82:0E:C6,ALL,udp:57367,192.168.3.117*,2,176,1,102,1,74
D4:F5:47:82:0E:C6,ALL,udp:57367,8.8.8.8*,2,176,1,74,1,102
D4:F5:47:82:0E:C6,ALL,udp:53247,192.168.3.117*,2,164,1,90,1,74
D4:F5:47:82:0E:C6,ALL,udp:53247,8.8.8.8*,2,164,1,74,1,90
D4:F5:47:82:0E:C6,ALL,udp:59834,192.168.3.117*,2,176,1,102,1,74
D4:F5:47:82:0E:C6,ALL,udp:59834,8.8.8.8*,2,176,1,74,1,102
D4:F5:47:82:0E:C6,ALL,udp:44571,192.168.3.117*,2,176,1,102,1,74
D4:F5:47:82:0E:C6,ALL,udp:44571,8.8.8.8*,2,176,1,74,1,102
D4:F5:47:82:0E:C6,ALL,udp:47969,192.168.3.117*,2,176,1,102,1,74
D4:F5:47:82:0E:C6,ALL,udp:47969,8.8.8.8*,2,176,1,74,1,102
D4:F5:47:82:0E:C6,ALL,udp:45177,192.168.3.117*,2,164,1,90,1,74
D4:F5:47:82:0E:C6,ALL,udp:45177,8.8.8.8*,2,164,1,74,1,90
D4:F5:47:82:0E:C6,ALL,udp:35326,192.168.3.117*,2,176,1,102,1,74
D4:F5:47:82:0E:C6,ALL,udp:35326,8.8.8.8*,2,176,1,74,1,102
D4:F5:47:82:0E:C6,ALL,udp:51384,192.168.3.117*,2,164,1,90,1,74
D4:F5:47:82:0E:C6,ALL,udp:51384,8.8.8.8*,2,164,1,74,1,90
D4:F5:47:82:0E:C6,ALL,udp:46509,192.168.3.117*,2,176,1,102,1,74
D4:F5:47:82:0E:C6,ALL,udp:46509,8.8.8.8*,2,176,1,74,1,102
D4:F5:47:82:0E:C6,ALL,udp:49656,192.168.3.117*,2,164,1,90,1,74
D4:F5:47:82:0E:C6,ALL,udp:49656,8.8.8.8*,2,164,1,74,1,90
D4:F5:47:82:0E:C6,ALL,udp:34236,192.168.3.117*,2,176,1,102,1,74
D4:F5:47:82:0E:C6,ALL,udp:34236,8.8.8.8*,2,176,1,74,1,102
D4:F5:47:82:0E:C6,ALL,udp:59123,172.217.165.142*,23,12416,13,9197,10,3219
D4:F5:47:82:0E:C6,ALL,udp:59123,8.8.8.8*,2,164,1,74,1,90
D4:F5:47:82:0E:C6,ALL,udp:56421,192.168.3.117*,2,176,1,102,1,74
D4:F5:47:82:0E:C6,ALL,udp:56421,8.8.8.8*,2,176,1,74,1,102
D4:F5:47:82:0E:C6,ALL,udp:49654,192.168.3.117*,2,176,1,102,1,74
D4:F5:47:82:0E:C6,ALL,udp:49654,8.8.8.8*,2,176,1,74,1,102
D4:F5:47:82:0E:C6,ALL,udp:39885,192.168.3.117*,2,164,1,90,1,74
D4:F5:47:82:0E:C6,ALL,udp:39885,8.8.8.8*,2,164,1,74,1,90
D4:F5:47:82:0E:C6,ALL,udp:52232,192.168.3.117*,2,176,1,102,1,74
D4:F5:47:82:0E:C6,ALL,udp:52232,8.8.8.8*,2,176,1,74,1,102
D4:F5:47:82:0E:C6,ALL,udp:54620,192.168.3.117*,2,164,1,90,1,74
D4:F5:47:82:0E:C6,ALL,udp:54620,8.8.8.8*,2,164,1,74,1,90
D4:F5:47:82:0E:C6,ALL,udp:36589,192.168.3.117*,2,164,1,90,1,74
D4:F5:47:82:0E:C6,ALL,udp:36589,8.8.8.8*,2,164,1,74,1,90
D4:F5:47:82:0E:C6,ALL,udp:55726,192.168.3.117*,2,164,1,90,1,74
D4:F5:47:82:0E:C6,ALL,udp:55726,8.8.8.8*,2,164,1,74,1,90
D4:F5:47:82:0E:C6,ALL,udp:56085,192.168.3.117*,2,176,1,102,1,74
D4:F5:47:82:0E:C6,ALL,udp:56085,8.8.8.8*,2,176,1,74,1,102
D4:F5:47:82:0E:C6,ALL,udp:55160,192.168.3.117*,2,198,1,119,1,79
D4:F5:47:82:0E:C6,ALL,udp:55160,8.8.8.8*,2,198,1,79,1,119
D4:F5:47:82:0E:C6,ALL,udp:47554,192.168.3.117*,2,176,1,102,1,74
D4:F5:47:82:0E:C6,ALL,udp:47554,8.8.8.8*,2,176,1,74,1,102
D4:F5:47:82:0E:C6,ALL,udp:41525,192.168.3.117*,2,164,1,90,1,74
D4:F5:47:82:0E:C6,ALL,udp:41525,8.8.8.8*,2,164,1,74,1,90
D4:F5:47:82:0E:C6,ALL,udp:39532,192.168.3.117*,2,176,1,102,1,74
D4:F5:47:82:0E:C6,ALL,udp:39532,8.8.8.8*,2,176,1,74,1,102
D4:F5:47:82:0E:C6,ALL,udp:35384,192.168.3.117*,2,164,1,90,1,74
D4:F5:47:82:0E:C6,ALL,udp:35384,8.8.8.8*,2,164,1,74,1,90
D4:F5:47:82:0E:C6,ALL,udp:47196,192.168.3.117*,2,176,1,102,1,74
D4:F5:47:82:0E:C6,ALL,udp:47196,8.8.8.8*,2,176,1,74,1,102
D4:F5:47:82:0E:C6,ALL,udp:54818,192.168.3.117*,2,176,1,102,1,74
D4:F5:47:82:0E:C6,ALL,udp:54818,8.8.8.8*,2,176,1,74,1,102
D4:F5:47:82:0E:C6,ALL,udp:49813,192.168.3.117*,2,164,1,90,1,74
D4:F5:47:82:0E:C6,ALL,udp:49813,8.8.8.8*,2,164,1,74,1,90
D4:F5:47:82:0E:C6,ALL,udp:33307,192.168.3.117*,2,164,1,90,1,74
D4:F5:47:82:0E:C6,ALL,udp:33307,8.8.8.8*,2,164,1,74,1,90
D4:F5:47:82:0E:C6,ALL,udp:45927,192.168.3.117*,2,176,1,102,1,74
D4:F5:47:82:0E:C6,ALL,udp:45927,8.8.8.8*,2,176,1,74,1,102
D4:F5:47:82:0E:C6,ALL,udp:48436,192.168.3.117*,2,176,1,102,1,74
D4:F5:47:82:0E:C6,ALL,udp:48436,8.8.8.8*,2,176,1,74,1,102
D4:F5:47:82:0E:C6,ALL,udp:54680,192.168.3.117*,2,164,1,90,1,74
D4:F5:47:82:0E:C6,ALL,udp:54680,8.8.8.8*,2,164,1,74,1,90
D4:F5:47:82:0E:C6,ALL,udp:44933,192.168.3.117*,2,164,1,90,1,74
D4:F5:47:82:0E:C6,ALL,udp:44933,8.8.8.8*,2,164,1,74,1,90
D4:F5:47:82:0E:C6,ALL,udp:59907,192.168.3.117*,2,164,1,90,1,74
D4:F5:47:82:0E:C6,ALL,udp:59907,8.8.8.8*,2,164,1,74,1,90
D4:F5:47:82:0E:C6,ALL,udp:59845,192.168.3.117*,2,176,1,102,1,74
D4:F5:47:82:0E:C6,ALL,udp:59845,8.8.8.8*,2,176,1,74,1,102
D4:F5:47:82:0E:C6,ALL,udp:36727,192.168.3.117*,2,164,1,90,1,74
D4:F5:47:82:0E:C6,ALL,udp:36727,8.8.8.8*,2,164,1,74,1,90
D4:F5:47:82:0E:C6,ALL,udp:33576,192.168.3.117*,2,176,1,102,1,74
D4:F5:47:82:0E:C6,ALL,udp:33576,8.8.8.8*,2,176,1,74,1,102
D4:F5:47:82:0E:C6,ALL,udp:34035,192.168.3.117*,2,164,1,90,1,74
D4:F5:47:82:0E:C6,ALL,udp:34035,8.8.8.8*,2,164,1,74,1,90
D4:F5:47:82:0E:C6,ALL,udp:51060,192.168.3.117*,2,176,1,102,1,74
D4:F5:47:82:0E:C6,ALL,udp:51060,8.8.8.8*,2,176,1,74,1,102
D4:F5:47:82:0E:C6,ALL,udp:38293,192.168.3.117*,2,164,1,90,1,74
D4:F5:47:82:0E:C6,ALL,udp:38293,8.8.8.8*,2,164,1,74,1,90
D4:F5:47:82:0E:C6,ALL,udp:50555,192.168.3.117*,2,176,1,102,1,74
D4:F5:47:82:0E:C6,ALL,udp:50555,8.8.8.8*,2,176,1,74,1,102
D4:F5:47:82:0E:C6,ALL,udp:35839,192.168.3.117*,2,164,1,90,1,74
D4:F5:47:82:0E:C6,ALL,udp:35839,8.8.8.8*,2,164,1,74,1,90
D4:F5:47:82:0E:C6,ALL,udp:56627,192.168.3.117*,2,176,1,102,1,74
D4:F5:47:82:0E:C6,ALL,udp:56627,8.8.8.8*,2,176,1,74,1,102
D4:F5:47:82:0E:C6,ALL,udp:53346,192.168.3.117*,2,164,1,90,1,74
D4:F5:47:82:0E:C6,ALL,udp:53346,8.8.8.8*,2,164,1,74,1,90
D4:F5:47:82:0E:C6,ALL,udp:43688,192.168.3.117*,2,164,1,90,1,74
D4:F5:47:82:0E:C6,ALL,udp:43688,8.8.8.8*,2,164,1,74,1,90
D4:F5:47:82:0E:C6,ALL,udp:36208,192.168.3.117*,2,164,1,90,1,74
D4:F5:47:82:0E:C6,ALL,udp:36208,8.8.8.8*,2,164,1,74,1,90
D4:F5:47:82:0E:C6,ALL,udp:59222,192.168.3.117*,2,176,1,102,1,74
D4:F5:47:82:0E:C6,ALL,udp:59222,8.8.8.8*,2,176,1,74,1,102
D4:F5:47:82:0E:C6,ALL,udp:50974,192.168.3.117*,2,164,1,90,1,74
D4:F5:47:82:0E:C6,ALL,udp:50974,8.8.8.8*,2,164,1,74,1,90
D4:F5:47:82:0E:C6,ALL,udp:54554,192.168.3.117*,2,176,1,102,1,74
D4:F5:47:82:0E:C6,ALL,udp:54554,8.8.8.8*,2,176,1,74,1,102
D4:F5:47:82:0E:C6,ALL,udp:34204,192.168.3.117*,2,164,1,90,1,74
D4:F5:47:82:0E:C6,ALL,udp:34204,8.8.8.8*,2,164,1,74,1,90
D4:F5:47:82:0E:C6,ALL,udp:41303,192.168.3.117*,2,176,1,102,1,74
D4:F5:47:82:0E:C6,ALL,udp:41303,8.8.8.8*,2,176,1,74,1,102
D4:F5:47:82:0E:C6,ALL,udp:47568,192.168.3.117*,2,176,1,102,1,74
D4:F5:47:82:0E:C6,ALL,udp:47568,8.8.8.8*,2,176,1,74,1,102
D4:F5:47:82:0E:C6,ALL,udp:58107,192.168.3.117*,2,164,1,90,1,74
D4:F5:47:82:0E:C6,ALL,udp:58107,8.8.8.8*,2,164,1,74,1,90
D4:F5:47:82:0E:C6,ALL,udp:40264,192.168.3.117*,2,176,1,102,1,74
D4:F5:47:82:0E:C6,ALL,udp:40264,8.8.8.8*,2,176,1,74,1,102
D4:F5:47:82:0E:C6,ALL,udp:34140,192.168.3.117*,2,164,1,90,1,74
D4:F5:47:82:0E:C6,ALL,udp:34140,8.8.8.8*,2,164,1,74,1,90
D4:F5:47:82:0E:C6,ALL,udp:50257,192.168.3.117*,2,164,1,90,1,74
D4:F5:47:82:0E:C6,ALL,udp:50257,8.8.8.8*,2,164,1,74,1,90
D4:F5:47:82:0E:C6,ALL,udp:43971,192.168.3.117*,2,176,1,102,1,74
D4:F5:47:82:0E:C6,ALL,udp:43971,8.8.8.8*,2,176,1,74,1,102
D4:F5:47:82:0E:C6,ALL,udp:45733,192.168.3.117*,2,164,1,90,1,74
D4:F5:47:82:0E:C6,ALL,udp:45733,8.8.8.8*,2,164,1,74,1,90
D4:F5:47:82:0E:C6,ALL,udp:35674,192.168.3.117*,2,176,1,102,1,74
D4:F5:47:82:0E:C6,ALL,udp:35674,8.8.8.8*,2,176,1,74,1,102
D4:F5:47:82:0E:C6,ALL,udp:60251,192.168.3.117*,2,164,1,90,1,74
D4:F5:47:82:0E:C6,ALL,udp:60251,8.8.8.8*,2,164,1,74,1,90
D4:F5:47:82:0E:C6,ALL,udp:54740,192.168.3.117*,2,198,1,119,1,79
D4:F5:47:82:0E:C6,ALL,udp:54740,8.8.8.8*,2,198,1,79,1,119
D4:F5:47:82:0E:C6,ALL,udp:45103,216.239.35.12,2,180,1,90,1,90
D4:F5:47:82:0E:C6,ALL,udp:45103,8.8.8.8,2,164,1,74,1,90
D4:F5:47:82:0E:C6,ALL,udp:51715,192.168.3.117*,2,164,1,90,1,74
D4:F5:47:82:0E:C6,ALL,udp:51715,8.8.8.8*,2,164,1,74,1,90
D4:F5:47:82:0E:C6,ALL,udp:58837,192.168.3.117*,2,176,1,102,1,74
D4:F5:47:82:0E:C6,ALL,udp:58837,8.8.8.8*,2,176,1,74,1,102
D4:F5:47:82:0E:C6,ALL,udp:60887,192.168.3.117*,2,164,1,90,1,74
D4:F5:47:82:0E:C6,ALL,udp:60887,8.8.8.8*,2,164,1,74,1,90
D4:F5:47:82:0E:C6,ALL,udp:53995,192.168.3.117*,2,176,1,102,1,74
D4:F5:47:82:0E:C6,ALL,udp:53995,8.8.8.8*,2,176,1,74,1,102
D4:F5:47:82:0E:C6,ALL,udp:56605,192.168.3.117*,2,176,1,102,1,74
D4:F5:47:82:0E:C6,ALL,udp:56605,8.8.8.8*,2,176,1,74,1,102
D4:F5:47:82:0E:C6,ALL,udp:43099,192.168.3.117*,2,176,1,102,1,74
D4:F5:47:82:0E:C6,ALL,udp:43099,8.8.8.8*,2,176,1,74,1,102
D4:F5:47:82:0E:C6,ALL,udp:58335,192.168.3.117*,2,176,1,102,1,74
D4:F5:47:82:0E:C6,ALL,udp:58335,8.8.8.8*,2,176,1,74,1,102
D4:F5:47:82:0E:C6,ALL,udp:38245,192.168.3.117*,2,176,1,102,1,74
D4:F5:47:82:0E:C6,ALL,udp:38245,8.8.8.8*,2,176,1,74,1,102
D4:F5:47:82:0E:C6,ALL,udp:32776,192.168.3.117*,2,164,1,90,1,74
D4:F5:47:82:0E:C6,ALL,udp:32776,8.8.8.8*,2,164,1,74,1,90
D4:F5:47:82:0E:C6,ALL,udp:53314,192.168.3.117*,2,176,1,102,1,74
D4:F5:47:82:0E:C6,ALL,udp:53314,8.8.8.8*,2,176,1,74,1,102
D4:F5:47:82:0E:C6,ALL,udp:47512,192.168.3.117*,2,164,1,90,1,74
D4:F5:47:82:0E:C6,ALL,udp:47512,8.8.8.8*,2,164,1,74,1,90
D4:F5:47:82:0E:C6,ALL,udp:55346,192.168.3.117*,2,176,1,102,1,74
D4:F5:47:82:0E:C6,ALL,udp:55346,8.8.8.8*,2,176,1,74,1,102
D4:F5:47:82:0E:C6,ALL,udp:47753,192.168.3.117*,2,194,1,105,1,89
D4:F5:47:82:0E:C6,ALL,udp:47753,8.8.8.8*,2,194,1,89,1,105
D4:F5:47:82:0E:C6,ALL,udp:52857,192.168.3.117*,2,164,1,90,1,74
D4:F5:47:82:0E:C6,ALL,udp:52857,8.8.8.8*,2,164,1,74,1,90
D4:F5:47:82:0E:C6,ALL,udp:57244,192.168.3.117*,2,176,1,102,1,74
D4:F5:47:82:0E:C6,ALL,udp:57244,8.8.8.8*,2,176,1,74,1,102
D4:F5:47:82:0E:C6,ALL,udp:47986,192.168.3.117*,2,164,1,90,1,74
D4:F5:47:82:0E:C6,ALL,udp:47986,8.8.8.8*,2,164,1,74,1,90
D4:F5:47:82:0E:C6,ALL,udp:59700,192.168.3.117*,2,176,1,102,1,74
D4:F5:47:82:0E:C6,ALL,udp:59700,8.8.8.8*,2,176,1,74,1,102
D4:F5:47:82:0E:C6,ALL,udp:51669,192.168.3.117*,2,164,1,90,1,74
D4:F5:47:82:0E:C6,ALL,udp:51669,8.8.8.8*,2,164,1,74,1,90
D4:F5:47:82:0E:C6,ALL,udp:43180,192.168.3.117*,2,176,1,102,1,74
D4:F5:47:82:0E:C6,ALL,udp:43180,8.8.8.8*,2,176,1,74,1,102
D4:F5:47:82:0E:C6,ALL,udp:43618,192.168.3.117*,2,164,1,90,1,74
D4:F5:47:82:0E:C6,ALL,udp:43618,8.8.8.8*,2,164,1,74,1,90
D4:F5:47:82:0E:C6,ALL,udp:54735,192.168.3.117*,2,176,1,102,1,74
D4:F5:47:82:0E:C6,ALL,udp:54735,8.8.8.8*,2,176,1,74,1,102
D4:F5:47:82:0E:C6,ALL,udp:46655,192.168.3.117*,2,164,1,90,1,74
D4:F5:47:82:0E:C6,ALL,udp:46655,8.8.8.8*,2,164,1,74,1,90
D4:F5:47:82:0E:C6,ALL,udp:45807,192.168.3.117*,2,176,1,102,1,74
D4:F5:47:82:0E:C6,ALL,udp:45807,8.8.8.8*,2,176,1,74,1,102
D4:F5:47:82:0E:C6,ALL,udp:51808,192.168.3.117*,2,164,1,90,1,74
D4:F5:47:82:0E:C6,ALL,udp:51808,8.8.8.8*,2,164,1,74,1,90
D4:F5:47:82:0E:C6,ALL,udp:45962,192.168.3.117*,2,176,1,102,1,74
D4:F5:47:82:0E:C6,ALL,udp:45962,8.8.8.8*,2,176,1,74,1,102
D4:F5:47:82:0E:C6,ALL,udp:41910,192.168.3.117*,2,164,1,90,1,74
D4:F5:47:82:0E:C6,ALL,udp:41910,8.8.8.8*,2,164,1,74,1,90
D4:F5:47:82:0E:C6,ALL,udp:57448,192.168.3.117*,2,176,1,102,1,74
D4:F5:47:82:0E:C6,ALL,udp:57448,8.8.8.8*,2,176,1,74,1,102
D4:F5:47:82:0E:C6,ALL,udp:55684,192.168.3.117*,2,164,1,90,1,74
D4:F5:47:82:0E:C6,ALL,udp:55684,8.8.8.8*,2,164,1,74,1,90
D4:F5:47:82:0E:C6,ALL,udp:48764,192.168.3.117*,2,176,1,102,1,74
D4:F5:47:82:0E:C6,ALL,udp:48764,8.8.8.8*,2,176,1,74,1,102
D4:F5:47:82:0E:C6,ALL,udp:38826,192.168.3.117*,2,164,1,90,1,74
D4:F5:47:82:0E:C6,ALL,udp:38826,8.8.8.8*,2,164,1,74,1,90
D4:F5:47:82:0E:C6,ALL,udp:35990,192.168.3.117*,2,176,1,102,1,74
D4:F5:47:82:0E:C6,ALL,udp:35990,8.8.8.8*,2,176,1,74,1,102
D4:F5:47:82:0E:C6,ALL,udp:37474,192.168.3.117*,2,164,1,90,1,74
D4:F5:47:82:0E:C6,ALL,udp:37474,8.8.8.8*,2,164,1,74,1,90
D4:F5:47:82:0E:C6,ALL,udp:43208,192.168.3.117*,2,176,1,102,1,74
D4:F5:47:82:0E:C6,ALL,udp:43208,8.8.8.8*,2,176,1,74,1,102
D4:F5:47:82:0E:C6,ALL,udp:49882,216.239.35.8,2,180,1,90,1,90
D4:F5:47:82:0E:C6,ALL,udp:49882,8.8.8.8,2,164,1,74,1,90
D4:F5:47:82:0E:C6,ALL,udp:60235,192.168.3.117*,2,176,1,102,1,74
D4:F5:47:82:0E:C6,ALL,udp:60235,8.8.8.8*,2,176,1,74,1,102
D4:F5:47:82:0E:C6,ALL,udp:48250,192.168.3.117*,2,164,1,90,1,74
D4:F5:47:82:0E:C6,ALL,udp:48250,8.8.8.8*,2,164,1,74,1,90
D4:F5:47:82:0E:C6,ALL,udp:59034,192.168.3.117*,2,176,1,102,1,74
D4:F5:47:82:0E:C6,ALL,udp:59034,8.8.8.8*,2,176,1,74,1,102
D4:F5:47:82:0E:C6,ALL,udp:38114,192.168.3.117*,2,164,1,90,1,74
D4:F5:47:82:0E:C6,ALL,udp:38114,8.8.8.8*,2,164,1,74,1,90
D4:F5:47:82:0E:C6,ALL,udp:56804,192.168.3.117*,2,176,1,102,1,74
D4:F5:47:82:0E:C6,ALL,udp:56804,8.8.8.8*,2,176,1,74,1,102
D4:F5:47:82:0E:C6,ALL,udp:44440,142.251.32.110*,20,10873,12,7359,8,3514
D4:F5:47:82:0E:C6,ALL,udp:44440,8.8.8.8*,2,164,1,74,1,90
D4:F5:47:82:0E:C6,ALL,udp:56441,192.168.3.117*,2,176,1,102,1,74
D4:F5:47:82:0E:C6,ALL,udp:56441,8.8.8.8*,2,176,1,74,1,102
D4:F5:47:82:0E:C6,ALL,udp:56042,192.168.3.117*,2,176,1,102,1,74
D4:F5:47:82:0E:C6,ALL,udp:56042,8.8.8.8*,2,176,1,74,1,102
D4:F5:47:82:0E:C6,ALL,udp:42117,192.168.3.117*,2,164,1,90,1,74
D4:F5:47:82:0E:C6,ALL,udp:42117,8.8.8.8*,2,164,1,74,1,90
D4:F5:47:82:0E:C6,ALL,udp:40301,192.168.3.117*,2,176,1,102,1,74
D4:F5:47:82:0E:C6,ALL,udp:40301,8.8.8.8*,2,176,1,74,1,102
D4:F5:47:82:0E:C6,ALL,udp:50233,192.168.3.117*,2,164,1,90,1,74
D4:F5:47:82:0E:C6,ALL,udp:50233,8.8.8.8*,2,164,1,74,1,90
D4:F5:47:82:0E:C6,ALL,udp:50486,192.168.3.117*,2,176,1,102,1,74
D4:F5:47:82:0E:C6,ALL,udp:50486,8.8.8.8*,2,176,1,74,1,102
D4:F5:47:82:0E:C6,ALL,udp:42277,192.168.3.117*,2,176,1,102,1,74
D4:F5:47:82:0E:C6,ALL,udp:42277,8.8.8.8*,2,176,1,74,1,102
D4:F5:47:82:0E:C6,ALL,udp:47561,192.168.3.117*,2,164,1,90,1,74
D4:F5:47:82:0E:C6,ALL,udp:47561,8.8.8.8*,2,164,1,74,1,90
D4:F5:47:82:0E:C6,ALL,udp:46781,192.168.3.117*,2,176,1,102,1,74
D4:F5:47:82:0E:C6,ALL,udp:46781,8.8.8.8*,2,176,1,74,1,102
D4:F5:47:82:0E:C6,ALL,udp:33051,192.168.3.117*,2,164,1,90,1,74
D4:F5:47:82:0E:C6,ALL,udp:33051,8.8.8.8*,2,164,1,74,1,90
D4:F5:47:82:0E:C6,ALL,udp:33927,192.168.3.117*,2,176,1,102,1,74
D4:F5:47:82:0E:C6,ALL,udp:33927,8.8.8.8*,2,176,1,74,1,102
D4:F5:47:82:0E:C6,ALL,udp:36020,192.168.3.117*,2,176,1,102,1,74
D4:F5:47:82:0E:C6,ALL,udp:36020,8.8.8.8*,2,176,1,74,1,102
D4:F5:47:82:0E:C6,ALL,udp:51321,192.168.3.117*,2,164,1,90,1,74
D4:F5:47:82:0E:C6,ALL,udp:51321,8.8.8.8*,2,164,1,74,1,90
D4:F5:47:82:0E:C6,ALL,udp:49223,192.168.3.117*,2,176,1,102,1,74
D4:F5:47:82:0E:C6,ALL,udp:49223,8.8.8.8*,2,176,1,74,1,102
D4:F5:47:82:0E:C6,ALL,udp:35070,192.168.3.117*,2,164,1,90,1,74
D4:F5:47:82:0E:C6,ALL,udp:35070,8.8.8.8*,2,164,1,74,1,90
D4:F5:47:82:0E:C6,ALL,udp:57423,192.168.3.117*,2,176,1,102,1,74
D4:F5:47:82:0E:C6,ALL,udp:57423,8.8.8.8*,2,176,1,74,1,102
D4:F5:47:82:0E:C6,ALL,udp:52991,192.168.3.117*,2,164,1,90,1,74
D4:F5:47:82:0E:C6,ALL,udp:52991,8.8.8.8*,2,164,1,74,1,90
D4:F5:47:82:0E:C6,ALL,udp:39167,192.168.3.117*,2,176,1,102,1,74
D4:F5:47:82:0E:C6,ALL,udp:39167,8.8.8.8*,2,176,1,74,1,102
D4:F5:47:82:0E:C6,ALL,udp:50160,192.168.3.117*,2,176,1,102,1,74
D4:F5:47:82:0E:C6,ALL,udp:50160,8.8.8.8*,2,176,1,74,1,102
D4:F5:47:82:0E:C6,ALL,udp:58950,192.168.3.117*,2,164,1,90,1,74
D4:F5:47:82:0E:C6,ALL,udp:58950,8.8.8.8*,2,164,1,74,1,90
D4:F5:47:82:0E:C6,ALL,udp:33913,192.168.3.117*,2,176,1,102,1,74
D4:F5:47:82:0E:C6,ALL,udp:33913,8.8.8.8*,2,176,1,74,1,102
D4:F5:47:82:0E:C6,ALL,udp:44891,192.168.3.117*,2,164,1,90,1,74
D4:F5:47:82:0E:C6,ALL,udp:44891,8.8.8.8*,2,164,1,74,1,90
D4:F5:47:82:0E:C6,ALL,udp:54207,192.168.3.117*,2,164,1,90,1,74
D4:F5:47:82:0E:C6,ALL,udp:54207,8.8.8.8*,2,164,1,74,1,90
D4:F5:47:82:0E:C6,ALL,udp:41868,192.168.3.117*,2,176,1,102,1,74
D4:F5:47:82:0E:C6,ALL,udp:41868,8.8.8.8*,2,176,1,74,1,102
D4:F5:47:82:0E:C6,ALL,udp:52315,192.168.3.117*,2,164,1,90,1,74
D4:F5:47:82:0E:C6,ALL,udp:52315,8.8.8.8*,2,164,1,74,1,90
D4:F5:47:82:0E:C6,ALL,udp:40154,192.168.3.117*,2,164,1,90,1,74
D4:F5:47:82:0E:C6,ALL,udp:40154,8.8.8.8*,2,164,1,74,1,90
D4:F5:47:82:0E:C6,ALL,udp:33026,192.168.3.117*,2,176,1,102,1,74
D4:F5:47:82:0E:C6,ALL,udp:33026,8.8.8.8*,2,176,1,74,1,102
D4:F5:47:82:0E:C6,ALL,udp:57326,192.168.3.117*,2,164,1,90,1,74
D4:F5:47:82:0E:C6,ALL,udp:57326,8.8.8.8*,2,164,1,74,1,90
D4:F5:47:82:0E:C6,ALL,udp:41164,192.168.3.117*,2,176,1,102,1,74
D4:F5:47:82:0E:C6,ALL,udp:41164,8.8.8.8*,2,176,1,74,1,102
D4:F5:47:82:0E:C6,ALL,udp:33817,192.168.3.117*,2,176,1,102,1,74
D4:F5:47:82:0E:C6,ALL,udp:33817,8.8.8.8*,2,176,1,74,1,102
D4:F5:47:82:0E:C6,ALL,udp:40886,192.168.3.117*,2,176,1,102,1,74
D4:F5:47:82:0E:C6,ALL,udp:40886,8.8.8.8*,2,176,1,74,1,102
D4:F5:47:82:0E:C6,ALL,udp:53773,192.168.3.117*,2,164,1,90,1,74
D4:F5:47:82:0E:C6,ALL,udp:53773,8.8.8.8*,2,164,1,74,1,90
D4:F5:47:82:0E:C6,ALL,udp:33842,192.168.3.117*,2,176,1,102,1,74
D4:F5:47:82:0E:C6,ALL,udp:33842,8.8.8.8*,2,176,1,74,1,102
D4:F5:47:82:0E:C6,ALL,udp:38258,192.168.3.117*,2,164,1,90,1,74
D4:F5:47:82:0E:C6,ALL,udp:38258,8.8.8.8*,2,164,1,74,1,90
D4:F5:47:82:0E:C6,ALL,udp:48394,192.168.3.117*,2,176,1,102,1,74
D4:F5:47:82:0E:C6,ALL,udp:48394,8.8.8.8*,2,176,1,74,1,102
D4:F5:47:82:0E:C6,ALL,udp:49927,192.168.3.117*,2,164,1,90,1,74
D4:F5:47:82:0E:C6,ALL,udp:49927,8.8.8.8*,2,164,1,74,1,90
D4:F5:47:82:0E:C6,ALL,udp:54339,192.168.3.117*,2,176,1,102,1,74
D4:F5:47:82:0E:C6,ALL,udp:54339,8.8.8.8*,2,176,1,74,1,102
D4:F5:47:82:0E:C6,ALL,udp:39891,192.168.3.117*,2,164,1,90,1,74
D4:F5:47:82:0E:C6,ALL,udp:39891,8.8.8.8*,2,164,1,74,1,90
D4:F5:47:82:0E:C6,ALL,udp:49357,192.168.3.117*,2,164,1,90,1,74
D4:F5:47:82:0E:C6,ALL,udp:49357,8.8.8.8*,2,164,1,74,1,90
D4:F5:47:82:0E:C6,ALL,udp:43162,192.168.3.117*,2,176,1,102,1,74
D4:F5:47:82:0E:C6,ALL,udp:43162,8.8.8.8*,2,176,1,74,1,102
D4:F5:47:82:0E:C6,ALL,udp:41670,192.168.3.117*,2,164,1,90,1,74
D4:F5:47:82:0E:C6,ALL,udp:41670,8.8.8.8*,2,164,1,74,1,90
D4:F5:47:82:0E:C6,ALL,udp:59098,192.168.3.117*,2,164,1,90,1,74
D4:F5:47:82:0E:C6,ALL,udp:59098,8.8.8.8*,2,164,1,74,1,90
D4:F5:47:82:0E:C6,ALL,udp:34304,192.168.3.117*,2,176,1,102,1,74
D4:F5:47:82:0E:C6,ALL,udp:34304,8.8.8.8*,2,176,1,74,1,102
D4:F5:47:82:0E:C6,ALL,udp:59728,192.168.3.117*,2,164,1,90,1,74
D4:F5:47:82:0E:C6,ALL,udp:59728,8.8.8.8*,2,164,1,74,1,90
D4:F5:47:82:0E:C6,ALL,udp:59628,192.168.3.117*,2,176,1,102,1,74
D4:F5:47:82:0E:C6,ALL,udp:59628,8.8.8.8*,2,176,1,74,1,102
D4:F5:47:82:0E:C6,ALL,udp:33238,192.168.3.117*,2,176,1,102,1,74
D4:F5:47:82:0E:C6,ALL,udp:33238,8.8.8.8*,2,176,1,74,1,102
D4:F5:47:82:0E:C6,ALL,udp:46005,142.251.32.110*,20,10870,12,7356,8,3514
D4:F5:47:82:0E:C6,ALL,udp:46005,8.8.8.8*,2,176,1,74,1,102
D4:F5:47:82:0E:C6,ALL,udp:54877,192.168.3.117*,2,164,1,90,1,74
D4:F5:47:82:0E:C6,ALL,udp:54877,8.8.8.8*,2,164,1,74,1,90
D4:F5:47:82:0E:C6,ALL,udp:56302,192.168.3.117*,2,176,1,102,1,74
D4:F5:47:82:0E:C6,ALL,udp:56302,8.8.8.8*,2,176,1,74,1,102
D4:F5:47:82:0E:C6,ALL,udp:33583,192.168.3.117*,2,176,1,102,1,74
D4:F5:47:82:0E:C6,ALL,udp:33583,8.8.8.8*,2,176,1,74,1,102
D4:F5:47:82:0E:C6,ALL,udp:59257,192.168.3.117*,2,164,1,90,1,74
D4:F5:47:82:0E:C6,ALL,udp:59257,8.8.8.8*,2,164,1,74,1,90
D4:F5:47:82:0E:C6,ALL,udp:46545,192.168.3.117*,2,164,1,90,1,74
D4:F5:47:82:0E:C6,ALL,udp:46545,8.8.8.8*,2,164,1,74,1,90
D4:F5:47:82:0E:C6,ALL,udp:57066,192.168.3.117*,2,176,1,102,1,74
D4:F5:47:82:0E:C6,ALL,udp:57066,8.8.8.8*,2,176,1,74,1,102
D4:F5:47:82:0E:C6,ALL,udp:51886,192.168.3.117*,2,156,1,86,1,70
D4:F5:47:82:0E:C6,ALL,udp:51886,8.8.8.8*,2,156,1,70,1,86
D4:F5:47:82:0E:C6,ALL,udp:43434,192.168.3.117*,2,213,1,126,1,87
D4:F5:47:82:0E:C6,ALL,udp:43434,8.8.8.8*,2,213,1,87,1,126
D4:F5:47:82:0E:C6,ALL,udp:59360,192.168.3.117*,2,213,1,126,1,87
D4:F5:47:82:0E:C6,ALL,udp:59360,8.8.8.8*,2,213,1,87,1,126
D4:F5:47:82:0E:C6,ALL,udp:45991,192.168.3.117*,2,213,1,126,1,87
D4:F5:47:82:0E:C6,ALL,udp:45991,8.8.8.8*,2,213,1,87,1,126
D4:F5:47:82:0E:C6,ALL,udp:39061,192.168.3.117*,2,213,1,126,1,87
D4:F5:47:82:0E:C6,ALL,udp:39061,8.8.8.8*,2,213,1,87,1,126
D4:F5:47:82:0E:C6,ALL,udp:49205,192.168.3.117*,2,198,1,119,1,79
D4:F5:47:82:0E:C6,ALL,udp:49205,8.8.8.8*,2,198,1,79,1,119
D4:F5:47:82:0E:C6,ALL,udp:39596,192.168.3.117*,2,164,1,90,1,74
D4:F5:47:82:0E:C6,ALL,udp:39596,8.8.8.8*,2,164,1,74,1,90
D4:F5:47:82:0E:C6,ALL,udp:46070,192.168.3.117*,2,176,1,102,1,74
D4:F5:47:82:0E:C6,ALL,udp:46070,8.8.8.8*,2,176,1,74,1,102
D4:F5:47:82:0E:C6,ALL,udp:45235,192.168.3.117*,2,164,1,90,1,74
D4:F5:47:82:0E:C6,ALL,udp:45235,8.8.8.8*,2,164,1,74,1,90
D4:F5:47:82:0E:C6,ALL,udp:36363,192.168.3.117*,2,176,1,102,1,74
D4:F5:47:82:0E:C6,ALL,udp:36363,8.8.8.8*,2,176,1,74,1,102
D4:F5:47:82:0E:C6,ALL,udp:57616,192.168.3.117*,2,176,1,102,1,74
D4:F5:47:82:0E:C6,ALL,udp:57616,8.8.8.8*,2,176,1,74,1,102
D4:F5:47:82:0E:C6,ALL,udp:41504,192.168.3.117*,2,176,1,102,1,74
D4:F5:47:82:0E:C6,ALL,udp:41504,8.8.8.8*,2,176,1,74,1,102
D4:F5:47:82:0E:C6,ALL,udp:40348,192.168.3.117*,2,164,1,90,1,74
D4:F5:47:82:0E:C6,ALL,udp:40348,8.8.8.8*,2,164,1,74,1,90
D4:F5:47:82:0E:C6,ALL,udp:58740,192.168.3.117*,2,176,1,102,1,74
D4:F5:47:82:0E:C6,ALL,udp:58740,8.8.8.8*,2,176,1,74,1,102
D4:F5:47:82:0E:C6,ALL,udp:57329,192.168.3.117*,2,164,1,90,1,74
D4:F5:47:82:0E:C6,ALL,udp:57329,8.8.8.8*,2,164,1,74,1,90
D4:F5:47:82:0E:C6,ALL,udp:35180,192.168.3.117*,2,164,1,90,1,74
D4:F5:47:82:0E:C6,ALL,udp:35180,8.8.8.8*,2,164,1,74,1,90
D4:F5:47:82:0E:C6,ALL,udp:55577,192.168.3.117*,2,164,1,90,1,74
D4:F5:47:82:0E:C6,ALL,udp:55577,8.8.8.8*,2,164,1,74,1,90
D4:F5:47:82:0E:C6,ALL,udp:60702,192.168.3.117*,2,176,1,102,1,74
D4:F5:47:82:0E:C6,ALL,udp:60702,8.8.8.8*,2,176,1,74,1,102
D4:F5:47:82:0E:C6,ALL,udp:54992,192.168.3.117*,2,164,1,90,1,74
D4:F5:47:82:0E:C6,ALL,udp:54992,8.8.8.8*,2,164,1,74,1,90
D4:F5:47:82:0E:C6,ALL,udp:37713,192.168.3.117*,2,176,1,102,1,74
D4:F5:47:82:0E:C6,ALL,udp:37713,8.8.8.8*,2,176,1,74,1,102
D4:F5:47:82:0E:C6,ALL,udp:47382,192.168.3.117*,2,164,1,90,1,74
D4:F5:47:82:0E:C6,ALL,udp:47382,8.8.8.8*,2,164,1,74,1,90
D4:F5:47:82:0E:C6,ALL,udp:53118,192.168.3.117*,2,176,1,102,1,74
D4:F5:47:82:0E:C6,ALL,udp:53118,8.8.8.8*,2,176,1,74,1,102
D4:F5:47:82:0E:C6,ALL,udp:57769,192.168.3.117*,2,176,1,102,1,74
D4:F5:47:82:0E:C6,ALL,udp:57769,8.8.8.8*,2,176,1,74,1,102
D4:F5:47:82:0E:C6,ALL,udp:35852,142.251.32.110*,23,12419,13,9200,10,3219
D4:F5:47:82:0E:C6,ALL,udp:35852,8.8.8.8*,2,176,1,74,1,102
D4:F5:47:82:0E:C6,ALL,udp:40640,192.168.3.117*,2,164,1,90,1,74
D4:F5:47:82:0E:C6,ALL,udp:40640,8.8.8.8*,2,164,1,74,1,90
D4:F5:47:82:0E:C6,ALL,udp:39954,192.168.3.117*,2,176,1,102,1,74
D4:F5:47:82:0E:C6,ALL,udp:39954,8.8.8.8*,2,176,1,74,1,102
D4:F5:47:82:0E:C6,ALL,udp:34655,192.168.3.117*,2,164,1,90,1,74
D4:F5:47:82:0E:C6,ALL,udp:34655,8.8.8.8*,2,164,1,74,1,90
D4:F5:47:82:0E:C6,ALL,udp:40159,192.168.3.117*,2,164,1,90,1,74
D4:F5:47:82:0E:C6,ALL,udp:40159,8.8.8.8*,2,164,1,74,1,90
D4:F5:47:82:0E:C6,ALL,udp:59837,192.168.3.117*,2,164,1,90,1,74
D4:F5:47:82:0E:C6,ALL,udp:59837,8.8.8.8*,2,164,1,74,1,90
D4:F5:47:82:0E:C6,ALL,udp:37718,192.168.3.117*,2,176,1,102,1,74
D4:F5:47:82:0E:C6,ALL,udp:37718,8.8.8.8*,2,176,1,74,1,102
D4:F5:47:82:0E:C6,ALL,udp:33612,192.168.3.117*,2,164,1,90,1,74
D4:F5:47:82:0E:C6,ALL,udp:33612,8.8.8.8*,2,164,1,74,1,90
D4:F5:47:82:0E:C6,ALL,udp:54862,192.168.3.117*,2,176,1,102,1,74
D4:F5:47:82:0E:C6,ALL,udp:54862,8.8.8.8*,2,176,1,74,1,102
D4:F5:47:82:0E:C6,ALL,udp:43721,192.168.3.117*,2,164,1,90,1,74
D4:F5:47:82:0E:C6,ALL,udp:43721,8.8.8.8*,2,164,1,74,1,90
D4:F5:47:82:0E:C6,ALL,udp:34868,192.168.3.117*,2,176,1,102,1,74
D4:F5:47:82:0E:C6,ALL,udp:34868,8.8.8.8*,2,176,1,74,1,102
D4:F5:47:82:0E:C6,ALL,udp:32966,192.168.3.117*,2,164,1,90,1,74
D4:F5:47:82:0E:C6,ALL,udp:32966,8.8.8.8*,2,164,1,74,1,90
D4:F5:47:82:0E:C6,ALL,udp:44447,192.168.3.117*,2,176,1,102,1,74
D4:F5:47:82:0E:C6,ALL,udp:44447,8.8.8.8*,2,176,1,74,1,102
D4:F5:47:82:0E:C6,ALL,udp:37420,192.168.3.117*,2,164,1,90,1,74
D4:F5:47:82:0E:C6,ALL,udp:37420,8.8.8.8*,2,164,1,74,1,90
D4:F5:47:82:0E:C6,ALL,udp:35198,192.168.3.117*,2,164,1,90,1,74
D4:F5:47:82:0E:C6,ALL,udp:35198,8.8.8.8*,2,164,1,74,1,90
D4:F5:47:82:0E:C6,ALL,udp:46882,192.168.3.117*,2,176,1,102,1,74
D4:F5:47:82:0E:C6,ALL,udp:46882,8.8.8.8*,2,176,1,74,1,102
D4:F5:47:82:0E:C6,ALL,udp:37013,192.168.3.117*,2,164,1,90,1,74
D4:F5:47:82:0E:C6,ALL,udp:37013,8.8.8.8*,2,164,1,74,1,90
D4:F5:47:82:0E:C6,ALL,udp:47715,192.168.3.117*,2,176,1,102,1,74
D4:F5:47:82:0E:C6,ALL,udp:47715,8.8.8.8*,2,176,1,74,1,102
D4:F5:47:82:0E:C6,ALL,udp:46506,192.168.3.117*,2,164,1,90,1,74
D4:F5:47:82:0E:C6,ALL,udp:46506,8.8.8.8*,2,164,1,74,1,90
D4:F5:47:82:0E:C6,ALL,udp:57173,192.168.3.117*,2,176,1,102,1,74
D4:F5:47:82:0E:C6,ALL,udp:57173,8.8.8.8*,2,176,1,74,1,102
D4:F5:47:82:0E:C6,ALL,udp:53490,192.168.3.117*,2,164,1,90,1,74
D4:F5:47:82:0E:C6,ALL,udp:53490,8.8.8.8*,2,164,1,74,1,90
D4:F5:47:82:0E:C6,ALL,udp:58358,192.168.3.117*,2,164,1,90,1,74
D4:F5:47:82:0E:C6,ALL,udp:58358,8.8.8.8*,2,164,1,74,1,90
D4:F5:47:82:0E:C6,ALL,udp:47201,192.168.3.117*,2,176,1,102,1,74
D4:F5:47:82:0E:C6,ALL,udp:47201,8.8.8.8*,2,176,1,74,1,102
D4:F5:47:82:0E:C6,ALL,udp:48099,192.168.3.117*,2,176,1,102,1,74
D4:F5:47:82:0E:C6,ALL,udp:48099,8.8.8.8*,2,176,1,74,1,102
D4:F5:47:82:0E:C6,ALL,udp:46263,192.168.3.117*,2,164,1,90,1,74
D4:F5:47:82:0E:C6,ALL,udp:46263,8.8.8.8*,2,164,1,74,1,90
D4:F5:47:82:0E:C6,ALL,udp:52543,192.168.3.117*,2,176,1,102,1,74
D4:F5:47:82:0E:C6,ALL,udp:52543,8.8.8.8*,2,176,1,74,1,102
D4:F5:47:82:0E:C6,ALL,udp:47475,192.168.3.117*,2,176,1,102,1,74
D4:F5:47:82:0E:C6,ALL,udp:47475,8.8.8.8*,2,176,1,74,1,102
D4:F5:47:82:0E:C6,ALL,udp:40490,192.168.3.117*,2,164,1,90,1,74
D4:F5:47:82:0E:C6,ALL,udp:40490,8.8.8.8*,2,164,1,74,1,90
D4:F5:47:82:0E:C6,ALL,udp:45439,192.168.3.117*,2,176,1,102,1,74
D4:F5:47:82:0E:C6,ALL,udp:45439,8.8.8.8*,2,176,1,74,1,102
D4:F5:47:82:0E:C6,ALL,udp:34336,192.168.3.117*,2,176,1,102,1,74
D4:F5:47:82:0E:C6,ALL,udp:34336,8.8.8.8*,2,176,1,74,1,102
D4:F5:47:82:0E:C6,ALL,udp:37440,192.168.3.117*,2,164,1,90,1,74
D4:F5:47:82:0E:C6,ALL,udp:37440,8.8.8.8*,2,164,1,74,1,90
D4:F5:47:82:0E:C6,ALL,udp:44065,192.168.3.117*,2,164,1,90,1,74
D4:F5:47:82:0E:C6,ALL,udp:44065,8.8.8.8*,2,164,1,74,1,90
D4:F5:47:82:0E:C6,ALL,udp:45015,192.168.3.117*,2,176,1,102,1,74
D4:F5:47:82:0E:C6,ALL,udp:45015,8.8.8.8*,2,176,1,74,1,102
D4:F5:47:82:0E:C6,ALL,udp:56311,192.168.3.117*,2,164,1,90,1,74
D4:F5:47:82:0E:C6,ALL,udp:56311,8.8.8.8*,2,164,1,74,1,90
D4:F5:47:82:0E:C6,ALL,udp:49225,192.168.3.117*,2,176,1,102,1,74
D4:F5:47:82:0E:C6,ALL,udp:49225,8.8.8.8*,2,176,1,74,1,102
D4:F5:47:82:0E:C6,ALL,udp:46530,192.168.3.117*,2,198,1,119,1,79
D4:F5:47:82:0E:C6,ALL,udp:46530,8.8.8.8*,2,198,1,79,1,119
D4:F5:47:82:0E:C6,ALL,udp:54742,216.239.35.4,2,180,1,90,1,90
D4:F5:47:82:0E:C6,ALL,udp:54742,8.8.8.8,2,164,1,74,1,90
D4:F5:47:82:0E:C6,ALL,udp:57176,192.168.3.117*,2,176,1,102,1,74
D4:F5:47:82:0E:C6,ALL,udp:57176,8.8.8.8*,2,176,1,74,1,102
D4:F5:47:82:0E:C6,ALL,udp:43744,192.168.3.117*,2,164,1,90,1,74
D4:F5:47:82:0E:C6,ALL,udp:43744,8.8.8.8*,2,164,1,74,1,90
D4:F5:47:82:0E:C6,ALL,udp:35438,192.168.3.117*,2,176,1,102,1,74
D4:F5:47:82:0E:C6,ALL,udp:35438,8.8.8.8*,2,176,1,74,1,102
D4:F5:47:82:0E:C6,ALL,udp:57654,192.168.3.117*,2,164,1,90,1,74
D4:F5:47:82:0E:C6,ALL,udp:57654,8.8.8.8*,2,164,1,74,1,90
D4:F5:47:82:0E:C6,ALL,udp:41007,192.168.3.117*,2,176,1,102,1,74
D4:F5:47:82:0E:C6,ALL,udp:41007,8.8.8.8*,2,176,1,74,1,102
D4:F5:47:82:0E:C6,ALL,udp:45825,192.168.3.117*,2,164,1,90,1,74
D4:F5:47:82:0E:C6,ALL,udp:45825,8.8.8.8*,2,164,1,74,1,90
D4:F5:47:82:0E:C6,ALL,udp:53390,192.168.3.117*,2,176,1,102,1,74
D4:F5:47:82:0E:C6,ALL,udp:53390,8.8.8.8*,2,176,1,74,1,102
D4:F5:47:82:0E:C6,ALL,udp:59901,192.168.3.117*,2,164,1,90,1,74
D4:F5:47:82:0E:C6,ALL,udp:59901,8.8.8.8*,2,164,1,74,1,90
D4:F5:47:82:0E:C6,ALL,udp:55963,192.168.3.117*,2,164,1,90,1,74
D4:F5:47:82:0E:C6,ALL,udp:55963,8.8.8.8*,2,164,1,74,1,90
D4:F5:47:82:0E:C6,ALL,udp:46966,192.168.3.117*,2,176,1,102,1,74
D4:F5:47:82:0E:C6,ALL,udp:46966,8.8.8.8*,2,176,1,74,1,102
D4:F5:47:82:0E:C6,ALL,udp:33097,192.168.3.117*,2,164,1,90,1,74
D4:F5:47:82:0E:C6,ALL,udp:33097,8.8.8.8*,2,164,1,74,1,90
D4:F5:47:82:0E:C6,ALL,udp:35187,192.168.3.117*,2,164,1,90,1,74
D4:F5:47:82:0E:C6,ALL,udp:35187,8.8.8.8*,2,164,1,74,1,90
D4:F5:47:82:0E:C6,ALL,udp:58468,192.168.3.117*,2,164,1,90,1,74
D4:F5:47:82:0E:C6,ALL,udp:58468,8.8.8.8*,2,164,1,74,1,90
D4:F5:47:82:0E:C6,ALL,udp:56409,192.168.3.117*,2,198,1,119,1,79
D4:F5:47:82:0E:C6,ALL,udp:56409,8.8.8.8*,2,198,1,79,1,119
D4:F5:47:82:0E:C6,ALL,udp:50000,192.168.3.117*,2,164,1,90,1,74
D4:F5:47:82:0E:C6,ALL,udp:50000,8.8.8.8*,2,164,1,74,1,90
D4:F5:47:82:0E:C6,ALL,udp:53155,192.168.3.117*,2,176,1,102,1,74
D4:F5:47:82:0E:C6,ALL,udp:53155,8.8.8.8*,2,176,1,74,1,102
D4:F5:47:82:0E:C6,ALL,udp:56039,192.168.3.117*,2,176,1,102,1,74
D4:F5:47:82:0E:C6,ALL,udp:56039,8.8.8.8*,2,176,1,74,1,102
D4:F5:47:82:0E:C6,ALL,udp:41540,192.168.3.117*,2,164,1,90,1,74
D4:F5:47:82:0E:C6,ALL,udp:41540,8.8.8.8*,2,164,1,74,1,90
D4:F5:47:82:0E:C6,ALL,udp:52184,192.168.3.117*,2,176,1,102,1,74
D4:F5:47:82:0E:C6,ALL,udp:52184,8.8.8.8*,2,176,1,74,1,102
D4:F5:47:82:0E:C6,ALL,udp:50367,192.168.3.117*,2,164,1,90,1,74
D4:F5:47:82:0E:C6,ALL,udp:50367,8.8.8.8*,2,164,1,74,1,90
D4:F5:47:82:0E:C6,ALL,udp:51199,192.168.3.117*,2,164,1,90,1,74
D4:F5:47:82:0E:C6,ALL,udp:51199,8.8.8.8*,2,164,1,74,1,90
D4:F5:47:82:0E:C6,ALL,udp:43999,192.168.3.117*,2,164,1,90,1,74
D4:F5:47:82:0E:C6,ALL,udp:43999,8.8.8.8*,2,164,1,74,1,90
D4:F5:47:82:0E:C6,ALL,udp:57146,192.168.3.117*,2,176,1,102,1,74
D4:F5:47:82:0E:C6,ALL,udp:57146,8.8.8.8*,2,176,1,74,1,102
D4:F5:47:82:0E:C6,ALL,udp:46638,192.168.3.117*,2,176,1,102,1,74
D4:F5:47:82:0E:C6,ALL,udp:46638,8.8.8.8*,2,176,1,74,1,102
D4:F5:47:82:0E:C6,ALL,udp:57563,192.168.3.117*,2,164,1,90,1,74
D4:F5:47:82:0E:C6,ALL,udp:57563,8.8.8.8*,2,164,1,74,1,90
D4:F5:47:82:0E:C6,ALL,udp:48624,192.168.3.117*,2,164,1,90,1,74
D4:F5:47:82:0E:C6,ALL,udp:48624,8.8.8.8*,2,164,1,74,1,90
D4:F5:47:82:0E:C6,ALL,udp:55497,192.168.3.117*,2,164,1,90,1,74
D4:F5:47:82:0E:C6,ALL,udp:55497,8.8.8.8*,2,164,1,74,1,90
D4:F5:47:82:0E:C6,ALL,udp:37478,192.168.3.117*,2,164,1,90,1,74
D4:F5:47:82:0E:C6,ALL,udp:37478,8.8.8.8*,2,164,1,74,1,90
D4:F5:47:82:0E:C6,ALL,udp:52730,192.168.3.117*,2,176,1,102,1,74
D4:F5:47:82:0E:C6,ALL,udp:52730,8.8.8.8*,2,176,1,74,1,102
D4:F5:47:82:0E:C6,ALL,udp:48358,216.239.35.12,2,180,1,90,1,90
D4:F5:47:82:0E:C6,ALL,udp:48358,8.8.8.8,2,164,1,74,1,90
D4:F5:47:82:0E:C6,ALL,udp:56794,192.168.3.117*,2,164,1,90,1,74
D4:F5:47:82:0E:C6,ALL,udp:56794,8.8.8.8*,2,164,1,74,1,90
D4:F5:47:82:0E:C6,ALL,udp:41906,192.168.3.117*,2,176,1,102,1,74
D4:F5:47:82:0E:C6,ALL,udp:41906,8.8.8.8*,2,176,1,74,1,102
D4:F5:47:82:0E:C6,ALL,udp:52731,192.168.3.117*,2,164,1,90,1,74
D4:F5:47:82:0E:C6,ALL,udp:52731,8.8.8.8*,2,164,1,74,1,90
D4:F5:47:82:0E:C6,ALL,udp:49455,192.168.3.117*,2,164,1,90,1,74
D4:F5:47:82:0E:C6,ALL,udp:49455,8.8.8.8*,2,164,1,74,1,90
D4:F5:47:82:0E:C6,ALL,udp:52711,192.168.3.117*,2,164,1,90,1,74
D4:F5:47:82:0E:C6,ALL,udp:52711,8.8.8.8*,2,164,1,74,1,90
D4:F5:47:82:0E:C6,ALL,udp:58285,192.168.3.117*,2,176,1,102,1,74
D4:F5:47:82:0E:C6,ALL,udp:58285,8.8.8.8*,2,176,1,74,1,102
D4:F5:47:82:0E:C6,ALL,udp:54769,192.168.3.117*,2,164,1,90,1,74
D4:F5:47:82:0E:C6,ALL,udp:54769,8.8.8.8*,2,164,1,74,1,90
D4:F5:47:82:0E:C6,ALL,udp:52294,192.168.3.117*,2,176,1,102,1,74
D4:F5:47:82:0E:C6,ALL,udp:52294,8.8.8.8*,2,176,1,74,1,102
D4:F5:47:82:0E:C6,ALL,udp:49269,192.168.3.117*,2,176,1,102,1,74
D4:F5:47:82:0E:C6,ALL,udp:49269,8.8.8.8*,2,176,1,74,1,102
D4:F5:47:82:0E:C6,ALL,udp:35321,216.239.35.4,2,180,1,90,1,90
D4:F5:47:82:0E:C6,ALL,udp:35321,8.8.8.8,2,164,1,74,1,90
D4:F5:47:82:0E:C6,ALL,udp:39078,192.168.3.117*,2,176,1,102,1,74
D4:F5:47:82:0E:C6,ALL,udp:39078,8.8.8.8*,2,176,1,74,1,102
D4:F5:47:82:0E:C6,ALL,udp:42126,192.168.3.117*,2,176,1,102,1,74
D4:F5:47:82:0E:C6,ALL,udp:42126,8.8.8.8*,2,176,1,74,1,102
D4:F5:47:82:0E:C6,ALL,udp:51478,192.168.3.117*,2,198,1,119,1,79
D4:F5:47:82:0E:C6,ALL,udp:51478,8.8.8.8*,2,198,1,79,1,119
D4:F5:47:82:0E:C6,ALL,udp:53253,192.168.3.117*,2,164,1,90,1,74
D4:F5:47:82:0E:C6,ALL,udp:53253,8.8.8.8*,2,164,1,74,1,90
D4:F5:47:82:0E:C6,ALL,udp:53445,192.168.3.117*,2,176,1,102,1,74
D4:F5:47:82:0E:C6,ALL,udp:53445,8.8.8.8*,2,176,1,74,1,102
D4:F5:47:82:0E:C6,ALL,udp:48198,192.168.3.117*,2,176,1,102,1,74
D4:F5:47:82:0E:C6,ALL,udp:48198,8.8.8.8*,2,176,1,74,1,102
D4:F5:47:82:0E:C6,ALL,udp:47707,192.168.3.117*,2,164,1,90,1,74
D4:F5:47:82:0E:C6,ALL,udp:47707,8.8.8.8*,2,164,1,74,1,90
D4:F5:47:82:0E:C6,ALL,udp:52572,192.168.3.117*,2,164,1,90,1,74
D4:F5:47:82:0E:C6,ALL,udp:52572,8.8.8.8*,2,164,1,74,1,90
D4:F5:47:82:0E:C6,ALL,udp:43921,192.168.3.117*,2,164,1,90,1,74
D4:F5:47:82:0E:C6,ALL,udp:43921,8.8.8.8*,2,164,1,74,1,90
D4:F5:47:82:0E:C6,ALL,udp:40624,192.168.3.117*,2,164,1,90,1,74
D4:F5:47:82:0E:C6,ALL,udp:40624,8.8.8.8*,2,164,1,74,1,90
D4:F5:47:82:0E:C6,ALL,udp:52544,192.168.3.117*,2,176,1,102,1,74
D4:F5:47:82:0E:C6,ALL,udp:52544,8.8.8.8*,2,176,1,74,1,102
D4:F5:47:82:0E:C6,ALL,udp:50292,192.168.3.117*,2,176,1,102,1,74
D4:F5:47:82:0E:C6,ALL,udp:50292,8.8.8.8*,2,176,1,74,1,102
D4:F5:47:82:0E:C6,ALL,udp:56491,192.168.3.117*,2,164,1,90,1,74
D4:F5:47:82:0E:C6,ALL,udp:56491,8.8.8.8*,2,164,1,74,1,90
D4:F5:47:82:0E:C6,ALL,udp:37164,192.168.3.117*,2,176,1,102,1,74
D4:F5:47:82:0E:C6,ALL,udp:37164,8.8.8.8*,2,176,1,74,1,102
D4:F5:47:82:0E:C6,ALL,udp:47913,192.168.3.117*,2,164,1,90,1,74
D4:F5:47:82:0E:C6,ALL,udp:47913,8.8.8.8*,2,164,1,74,1,90
D4:F5:47:82:0E:C6,ALL,udp:60166,192.168.3.117*,2,176,1,102,1,74
D4:F5:47:82:0E:C6,ALL,udp:60166,8.8.8.8*,2,176,1,74,1,102
D4:F5:47:82:0E:C6,ALL,udp:36303,192.168.3.117*,2,164,1,90,1,74
D4:F5:47:82:0E:C6,ALL,udp:36303,8.8.8.8*,2,164,1,74,1,90
D4:F5:47:82:0E:C6,ALL,udp:37843,192.168.3.117*,2,164,1,90,1,74
D4:F5:47:82:0E:C6,ALL,udp:37843,8.8.8.8*,2,164,1,74,1,90
D4:F5:47:82:0E:C6,ALL,udp:44486,192.168.3.117*,2,176,1,102,1,74
D4:F5:47:82:0E:C6,ALL,udp:44486,8.8.8.8*,2,176,1,74,1,102
D4:F5:47:82:0E:C6,ALL,udp:41938,192.168.3.117*,2,164,1,90,1,74
D4:F5:47:82:0E:C6,ALL,udp:41938,8.8.8.8*,2,164,1,74,1,90
D4:F5:47:82:0E:C6,ALL,udp:58130,192.168.3.117*,2,176,1,102,1,74
D4:F5:47:82:0E:C6,ALL,udp:58130,8.8.8.8*,2,176,1,74,1,102
D4:F5:47:82:0E:C6,ALL,udp:36206,192.168.3.117*,2,176,1,102,1,74
D4:F5:47:82:0E:C6,ALL,udp:36206,8.8.8.8*,2,176,1,74,1,102
D4:F5:47:82:0E:C6,ALL,udp:34310,192.168.3.117*,2,164,1,90,1,74
D4:F5:47:82:0E:C6,ALL,udp:34310,8.8.8.8*,2,164,1,74,1,90
D4:F5:47:82:0E:C6,ALL,udp:48859,192.168.3.117*,2,164,1,90,1,74
D4:F5:47:82:0E:C6,ALL,udp:48859,8.8.8.8*,2,164,1,74,1,90
D4:F5:47:82:0E:C6,ALL,udp:36080,192.168.3.117*,2,176,1,102,1,74
D4:F5:47:82:0E:C6,ALL,udp:36080,8.8.8.8*,2,176,1,74,1,102
D4:F5:47:82:0E:C6,ALL,udp:41320,192.168.3.117*,2,164,1,90,1,74
D4:F5:47:82:0E:C6,ALL,udp:41320,8.8.8.8*,2,164,1,74,1,90
D4:F5:47:82:0E:C6,ALL,udp:46578,192.168.3.117*,2,176,1,102,1,74
D4:F5:47:82:0E:C6,ALL,udp:46578,8.8.8.8*,2,176,1,74,1,102
D4:F5:47:82:0E:C6,ALL,udp:56210,192.168.3.117*,2,164,1,90,1,74
D4:F5:47:82:0E:C6,ALL,udp:56210,8.8.8.8*,2,164,1,74,1,90
D4:F5:47:82:0E:C6,ALL,udp:53189,192.168.3.117*,2,176,1,102,1,74
D4:F5:47:82:0E:C6,ALL,udp:53189,8.8.8.8*,2,176,1,74,1,102
D4:F5:47:82:0E:C6,ALL,udp:50360,192.168.3.117*,2,164,1,90,1,74
D4:F5:47:82:0E:C6,ALL,udp:50360,8.8.8.8*,2,164,1,74,1,90
D4:F5:47:82:0E:C6,ALL,udp:36332,192.168.3.117*,2,176,1,102,1,74
D4:F5:47:82:0E:C6,ALL,udp:36332,8.8.8.8*,2,176,1,74,1,102
D4:F5:47:82:0E:C6,ALL,udp:42895,192.168.3.117*,2,164,1,90,1,74
D4:F5:47:82:0E:C6,ALL,udp:42895,8.8.8.8*,2,164,1,74,1,90
D4:F5:47:82:0E:C6,ALL,udp:39733,192.168.3.117*,2,176,1,102,1,74
D4:F5:47:82:0E:C6,ALL,udp:39733,8.8.8.8*,2,176,1,74,1,102
D4:F5:47:82:0E:C6,ALL,udp:60528,192.168.3.117*,2,164,1,90,1,74
D4:F5:47:82:0E:C6,ALL,udp:60528,8.8.8.8*,2,164,1,74,1,90
D4:F5:47:82:0E:C6,ALL,udp:44107,192.168.3.117*,2,176,1,102,1,74
D4:F5:47:82:0E:C6,ALL,udp:44107,8.8.8.8*,2,176,1,74,1,102
D4:F5:47:82:0E:C6,ALL,udp:50516,192.168.3.117*,2,164,1,90,1,74
D4:F5:47:82:0E:C6,ALL,udp:50516,8.8.8.8*,2,164,1,74,1,90
D4:F5:47:82:0E:C6,ALL,udp:60667,192.168.3.117*,2,176,1,102,1,74
D4:F5:47:82:0E:C6,ALL,udp:60667,8.8.8.8*,2,176,1,74,1,102
D4:F5:47:82:0E:C6,ALL,udp:51096,192.168.3.117*,2,176,1,102,1,74
D4:F5:47:82:0E:C6,ALL,udp:51096,8.8.8.8*,2,176,1,74,1,102
D4:F5:47:82:0E:C6,ALL,udp:48832,192.168.3.117*,2,164,1,90,1,74
D4:F5:47:82:0E:C6,ALL,udp:48832,8.8.8.8*,2,164,1,74,1,90
D4:F5:47:82:0E:C6,ALL,udp:60386,192.168.3.117*,2,176,1,102,1,74
D4:F5:47:82:0E:C6,ALL,udp:60386,8.8.8.8*,2,176,1,74,1,102
D4:F5:47:82:0E:C6,ALL,udp:59006,192.168.3.117*,2,164,1,90,1,74
D4:F5:47:82:0E:C6,ALL,udp:59006,8.8.8.8*,2,164,1,74,1,90
D4:F5:47:82:0E:C6,ALL,udp:55157,192.168.3.117*,2,176,1,102,1,74
D4:F5:47:82:0E:C6,ALL,udp:55157,8.8.8.8*,2,176,1,74,1,102
D4:F5:47:82:0E:C6,ALL,udp:50578,192.168.3.117*,2,164,1,90,1,74
D4:F5:47:82:0E:C6,ALL,udp:50578,8.8.8.8*,2,164,1,74,1,90
D4:F5:47:82:0E:C6,ALL,udp:36265,192.168.3.117*,2,164,1,90,1,74
D4:F5:47:82:0E:C6,ALL,udp:36265,8.8.8.8*,2,164,1,74,1,90
D4:F5:47:82:0E:C6,ALL,udp:58785,192.168.3.117*,2,176,1,102,1,74
D4:F5:47:82:0E:C6,ALL,udp:58785,8.8.8.8*,2,176,1,74,1,102
D4:F5:47:82:0E:C6,ALL,udp:44857,192.168.3.117*,2,164,1,90,1,74
D4:F5:47:82:0E:C6,ALL,udp:44857,8.8.8.8*,2,164,1,74,1,90
D4:F5:47:82:0E:C6,ALL,udp:40492,192.168.3.117*,2,164,1,90,1,74
D4:F5:47:82:0E:C6,ALL,udp:40492,8.8.8.8*,2,164,1,74,1,90
D4:F5:47:82:0E:C6,ALL,udp:42008,192.168.3.117*,2,176,1,102,1,74
D4:F5:47:82:0E:C6,ALL,udp:42008,8.8.8.8*,2,176,1,74,1,102
D4:F5:47:82:0E:C6,ALL,udp:57713,192.168.3.117*,2,176,1,102,1,74
D4:F5:47:82:0E:C6,ALL,udp:57713,8.8.8.8*,2,176,1,74,1,102
D4:F5:47:82:0E:C6,ALL,udp:44116,192.168.3.117*,2,164,1,90,1,74
D4:F5:47:82:0E:C6,ALL,udp:44116,8.8.8.8*,2,164,1,74,1,90
D4:F5:47:82:0E:C6,ALL,udp:34119,192.168.3.117*,2,176,1,102,1,74
D4:F5:47:82:0E:C6,ALL,udp:34119,8.8.8.8*,2,176,1,74,1,102
D4:F5:47:82:0E:C6,ALL,udp:36119,192.168.3.117*,2,198,1,119,1,79
D4:F5:47:82:0E:C6,ALL,udp:36119,8.8.8.8*,2,198,1,79,1,119
D4:F5:47:82:0E:C6,ALL,udp:45752,192.168.3.117*,2,164,1,90,1,74
D4:F5:47:82:0E:C6,ALL,udp:45752,8.8.8.8*,2,164,1,74,1,90
D4:F5:47:82:0E:C6,ALL,udp:58240,192.168.3.117*,2,176,1,102,1,74
D4:F5:47:82:0E:C6,ALL,udp:58240,8.8.8.8*,2,176,1,74,1,102
D4:F5:47:82:0E:C6,ALL,udp:43213,192.168.3.117*,2,164,1,90,1,74
D4:F5:47:82:0E:C6,ALL,udp:43213,8.8.8.8*,2,164,1,74,1,90
D4:F5:47:82:0E:C6,ALL,udp:55958,192.168.3.117*,2,164,1,90,1,74
D4:F5:47:82:0E:C6,ALL,udp:55958,8.8.8.8*,2,164,1,74,1,90
D4:F5:47:82:0E:C6,ALL,udp:34013,192.168.3.117*,2,176,1,102,1,74
D4:F5:47:82:0E:C6,ALL,udp:34013,8.8.8.8*,2,176,1,74,1,102
D4:F5:47:82:0E:C6,ALL,udp:51701,192.168.3.117*,2,164,1,90,1,74
D4:F5:47:82:0E:C6,ALL,udp:51701,8.8.8.8*,2,164,1,74,1,90
D4:F5:47:82:0E:C6,ALL,udp:60431,192.168.3.117*,2,176,1,102,1,74
D4:F5:47:82:0E:C6,ALL,udp:60431,8.8.8.8*,2,176,1,74,1,102
D4:F5:47:82:0E:C6,ALL,udp:41618,192.168.3.117*,2,164,1,90,1,74
D4:F5:47:82:0E:C6,ALL,udp:41618,8.8.8.8*,2,164,1,74,1,90
D4:F5:47:82:0E:C6,ALL,udp:50271,192.168.3.117*,2,176,1,102,1,74
D4:F5:47:82:0E:C6,ALL,udp:50271,8.8.8.8*,2,176,1,74,1,102
D4:F5:47:82:0E:C6,ALL,udp:42098,192.168.3.117*,2,164,1,90,1,74
D4:F5:47:82:0E:C6,ALL,udp:42098,8.8.8.8*,2,164,1,74,1,90
D4:F5:47:82:0E:C6,ALL,udp:45529,192.168.3.117*,2,176,1,102,1,74
D4:F5:47:82:0E:C6,ALL,udp:45529,8.8.8.8*,2,176,1,74,1,102
D4:F5:47:82:0E:C6,ALL,udp:34263,192.168.3.117*,2,164,1,90,1,74
D4:F5:47:82:0E:C6,ALL,udp:34263,8.8.8.8*,2,164,1,74,1,90
D4:F5:47:82:0E:C6,ALL,udp:47863,192.168.3.117*,2,164,1,90,1,74
D4:F5:47:82:0E:C6,ALL,udp:47863,8.8.8.8*,2,164,1,74,1,90
D4:F5:47:82:0E:C6,ALL,udp:41078,192.168.3.117*,2,176,1,102,1,74
D4:F5:47:82:0E:C6,ALL,udp:41078,8.8.8.8*,2,176,1,74,1,102
D4:F5:47:82:0E:C6,ALL,udp:38469,192.168.3.117*,2,164,1,90,1,74
D4:F5:47:82:0E:C6,ALL,udp:38469,8.8.8.8*,2,164,1,74,1,90
D4:F5:47:82:0E:C6,ALL,udp:37519,192.168.3.117*,2,176,1,102,1,74
D4:F5:47:82:0E:C6,ALL,udp:37519,8.8.8.8*,2,176,1,74,1,102
D4:F5:47:82:0E:C6,ALL,udp:50934,192.168.3.117*,2,164,1,90,1,74
D4:F5:47:82:0E:C6,ALL,udp:50934,8.8.8.8*,2,164,1,74,1,90
D4:F5:47:82:0E:C6,ALL,udp:55675,192.168.3.117*,2,198,1,119,1,79
D4:F5:47:82:0E:C6,ALL,udp:55675,8.8.8.8*,2,198,1,79,1,119
D4:F5:47:82:0E:C6,ALL,udp:40994,192.168.3.117*,2,164,1,90,1,74
D4:F5:47:82:0E:C6,ALL,udp:40994,8.8.8.8*,2,164,1,74,1,90
D4:F5:47:82:0E:C6,ALL,udp:60844,192.168.3.117*,2,176,1,102,1,74
D4:F5:47:82:0E:C6,ALL,udp:60844,8.8.8.8*,2,176,1,74,1,102
D4:F5:47:82:0E:C6,ALL,udp:50547,192.168.3.117*,2,164,1,90,1,74
D4:F5:47:82:0E:C6,ALL,udp:50547,8.8.8.8*,2,164,1,74,1,90
D4:F5:47:82:0E:C6,ALL,udp:54011,192.168.3.117*,2,176,1,102,1,74
D4:F5:47:82:0E:C6,ALL,udp:54011,8.8.8.8*,2,176,1,74,1,102
D4:F5:47:82:0E:C6,ALL,udp:36484,192.168.3.117*,2,176,1,102,1,74
D4:F5:47:82:0E:C6,ALL,udp:36484,8.8.8.8*,2,176,1,74,1,102
D4:F5:47:82:0E:C6,ALL,udp:43084,192.168.3.117*,2,164,1,90,1,74
D4:F5:47:82:0E:C6,ALL,udp:43084,8.8.8.8*,2,164,1,74,1,90
D4:F5:47:82:0E:C6,ALL,udp:38283,192.168.3.117*,2,164,1,90,1,74
D4:F5:47:82:0E:C6,ALL,udp:38283,8.8.8.8*,2,164,1,74,1,90
D4:F5:47:82:0E:C6,ALL,udp:39716,192.168.3.117*,2,176,1,102,1,74
D4:F5:47:82:0E:C6,ALL,udp:39716,8.8.8.8*,2,176,1,74,1,102
D4:F5:47:82:0E:C6,ALL,udp:43794,192.168.3.117*,2,194,1,105,1,89
D4:F5:47:82:0E:C6,ALL,udp:43794,8.8.8.8*,2,194,1,89,1,105
D4:F5:47:82:0E:C6,ALL,udp:59481,216.239.35.4,2,180,1,90,1,90
D4:F5:47:82:0E:C6,ALL,udp:59481,8.8.8.8,2,164,1,74,1,90
D4:F5:47:82:0E:C6,ALL,udp:54193,192.168.3.117*,2,176,1,102,1,74
D4:F5:47:82:0E:C6,ALL,udp:54193,8.8.8.8*,2,176,1,74,1,102
D4:F5:47:82:0E:C6,ALL,udp:58319,192.168.3.117*,2,176,1,102,1,74
D4:F5:47:82:0E:C6,ALL,udp:58319,8.8.8.8*,2,176,1,74,1,102
D4:F5:47:82:0E:C6,ALL,udp:57453,192.168.3.117*,2,164,1,90,1,74
D4:F5:47:82:0E:C6,ALL,udp:57453,8.8.8.8*,2,164,1,74,1,90
D4:F5:47:82:0E:C6,ALL,udp:59147,192.168.3.117*,2,176,1,102,1,74
D4:F5:47:82:0E:C6,ALL,udp:59147,8.8.8.8*,2,176,1,74,1,102
D4:F5:47:82:0E:C6,ALL,udp:50573,192.168.3.117*,2,164,1,90,1,74
D4:F5:47:82:0E:C6,ALL,udp:50573,8.8.8.8*,2,164,1,74,1,90
D4:F5:47:82:0E:C6,ALL,udp:60382,192.168.3.117*,2,164,1,90,1,74
D4:F5:47:82:0E:C6,ALL,udp:60382,8.8.8.8*,2,164,1,74,1,90
D4:F5:47:82:0E:C6,ALL,udp:57078,192.168.3.117*,2,176,1,102,1,74
D4:F5:47:82:0E:C6,ALL,udp:57078,8.8.8.8*,2,176,1,74,1,102
D4:F5:47:82:0E:C6,ALL,udp:52065,192.168.3.117*,2,176,1,102,1,74
D4:F5:47:82:0E:C6,ALL,udp:52065,8.8.8.8*,2,176,1,74,1,102
D4:F5:47:82:0E:C6,ALL,udp:55720,192.168.3.117*,2,176,1,102,1,74
D4:F5:47:82:0E:C6,ALL,udp:55720,8.8.8.8*,2,176,1,74,1,102
D4:F5:47:82:0E:C6,ALL,udp:37689,192.168.3.117*,2,164,1,90,1,74
D4:F5:47:82:0E:C6,ALL,udp:37689,8.8.8.8*,2,164,1,74,1,90
D4:F5:47:82:0E:C6,ALL,udp:49388,192.168.3.117*,2,176,1,102,1,74
D4:F5:47:82:0E:C6,ALL,udp:49388,8.8.8.8*,2,176,1,74,1,102
D4:F5:47:82:0E:C6,ALL,udp:51818,192.168.3.117*,2,164,1,90,1,74
D4:F5:47:82:0E:C6,ALL,udp:51818,8.8.8.8*,2,164,1,74,1,90
D4:F5:47:82:0E:C6,ALL,udp:59995,192.168.3.117*,2,176,1,102,1,74
D4:F5:47:82:0E:C6,ALL,udp:59995,8.8.8.8*,2,176,1,74,1,102
D4:F5:47:82:0E:C6,ALL,udp:58929,192.168.3.117*,2,176,1,102,1,74
D4:F5:47:82:0E:C6,ALL,udp:58929,8.8.8.8*,2,176,1,74,1,102
D4:F5:47:82:0E:C6,ALL,udp:41903,192.168.3.117*,2,164,1,90,1,74
D4:F5:47:82:0E:C6,ALL,udp:41903,8.8.8.8*,2,164,1,74,1,90
D4:F5:47:82:0E:C6,ALL,udp:41969,192.168.3.117*,2,176,1,102,1,74
D4:F5:47:82:0E:C6,ALL,udp:41969,8.8.8.8*,2,176,1,74,1,102
D4:F5:47:82:0E:C6,ALL,udp:33399,192.168.3.117*,2,164,1,90,1,74
D4:F5:47:82:0E:C6,ALL,udp:33399,8.8.8.8*,2,164,1,74,1,90
D4:F5:47:82:0E:C6,ALL,udp:32839,192.168.3.117*,2,164,1,90,1,74
D4:F5:47:82:0E:C6,ALL,udp:32839,8.8.8.8*,2,164,1,74,1,90
D4:F5:47:82:0E:C6,ALL,udp:34836,192.168.3.117*,2,176,1,102,1,74
D4:F5:47:82:0E:C6,ALL,udp:34836,8.8.8.8*,2,176,1,74,1,102
D4:F5:47:82:0E:C6,ALL,udp:56560,192.168.3.117*,2,176,1,102,1,74
D4:F5:47:82:0E:C6,ALL,udp:56560,8.8.8.8*,2,176,1,74,1,102
D4:F5:47:82:0E:C6,ALL,udp:36856,192.168.3.117*,2,164,1,90,1,74
D4:F5:47:82:0E:C6,ALL,udp:36856,8.8.8.8*,2,164,1,74,1,90
D4:F5:47:82:0E:C6,ALL,udp:47698,192.168.3.117*,2,176,1,102,1,74
D4:F5:47:82:0E:C6,ALL,udp:47698,8.8.8.8*,2,176,1,74,1,102
D4:F5:47:82:0E:C6,ALL,udp:60279,192.168.3.117*,2,176,1,102,1,74
D4:F5:47:82:0E:C6,ALL,udp:60279,8.8.8.8*,2,176,1,74,1,102
D4:F5:47:82:0E:C6,ALL,udp:38331,192.168.3.117*,2,176,1,102,1,74
D4:F5:47:82:0E:C6,ALL,udp:38331,8.8.8.8*,2,176,1,74,1,102
D4:F5:47:82:0E:C6,ALL,udp:36698,192.168.3.117*,2,164,1,90,1,74
D4:F5:47:82:0E:C6,ALL,udp:36698,8.8.8.8*,2,164,1,74,1,90
D4:F5:47:82:0E:C6,ALL,udp:50768,192.168.3.117*,2,176,1,102,1,74
D4:F5:47:82:0E:C6,ALL,udp:50768,8.8.8.8*,2,176,1,74,1,102
D4:F5:47:82:0E:C6,ALL,udp:37822,192.168.3.117*,2,164,1,90,1,74
D4:F5:47:82:0E:C6,ALL,udp:37822,8.8.8.8*,2,164,1,74,1,90
D4:F5:47:82:0E:C6,ALL,udp:34691,192.168.3.117*,2,176,1,102,1,74
D4:F5:47:82:0E:C6,ALL,udp:34691,8.8.8.8*,2,176,1,74,1,102
D4:F5:47:82:0E:C6,ALL,udp:37668,192.168.3.117*,2,164,1,90,1,74
D4:F5:47:82:0E:C6,ALL,udp:37668,8.8.8.8*,2,164,1,74,1,90
D4:F5:47:82:0E:C6,ALL,udp:60199,192.168.3.117*,2,176,1,102,1,74
D4:F5:47:82:0E:C6,ALL,udp:60199,8.8.8.8*,2,176,1,74,1,102
D4:F5:47:82:0E:C6,ALL,udp:44208,142.250.176.206*,20,12223,13,9199,7,3024
D4:F5:47:82:0E:C6,ALL,udp:44208,8.8.8.8*,2,164,1,74,1,90
D4:F5:47:82:0E:C6,ALL,udp:34555,192.168.3.117*,2,176,1,102,1,74
D4:F5:47:82:0E:C6,ALL,udp:34555,8.8.8.8*,2,176,1,74,1,102
D4:F5:47:82:0E:C6,ALL,udp:49125,192.168.3.117*,2,164,1,90,1,74
D4:F5:47:82:0E:C6,ALL,udp:49125,8.8.8.8*,2,164,1,74,1,90
D4:F5:47:82:0E:C6,ALL,udp:33858,192.168.3.117*,2,176,1,102,1,74
D4:F5:47:82:0E:C6,ALL,udp:33858,8.8.8.8*,2,176,1,74,1,102
D4:F5:47:82:0E:C6,ALL,udp:35263,192.168.3.117*,2,176,1,102,1,74
D4:F5:47:82:0E:C6,ALL,udp:35263,8.8.8.8*,2,176,1,74,1,102
D4:F5:47:82:0E:C6,ALL,udp:51307,192.168.3.117*,2,176,1,102,1,74
D4:F5:47:82:0E:C6,ALL,udp:51307,8.8.8.8*,2,176,1,74,1,102
D4:F5:47:82:0E:C6,ALL,udp:37124,192.168.3.117*,2,164,1,90,1,74
D4:F5:47:82:0E:C6,ALL,udp:37124,8.8.8.8*,2,164,1,74,1,90
D4:F5:47:82:0E:C6,ALL,udp:51811,192.168.3.117*,2,176,1,102,1,74
D4:F5:47:82:0E:C6,ALL,udp:51811,8.8.8.8*,2,176,1,74,1,102
D4:F5:47:82:0E:C6,ALL,udp:46473,192.168.3.117*,2,176,1,102,1,74
D4:F5:47:82:0E:C6,ALL,udp:46473,8.8.8.8*,2,176,1,74,1,102
D4:F5:47:82:0E:C6,ALL,udp:50104,192.168.3.117*,2,164,1,90,1,74
D4:F5:47:82:0E:C6,ALL,udp:50104,8.8.8.8*,2,164,1,74,1,90
D4:F5:47:82:0E:C6,ALL,udp:44356,192.168.3.117*,2,164,1,90,1,74
D4:F5:47:82:0E:C6,ALL,udp:44356,8.8.8.8*,2,164,1,74,1,90
D4:F5:47:82:0E:C6,ALL,udp:52339,192.168.3.117*,2,176,1,102,1,74
D4:F5:47:82:0E:C6,ALL,udp:52339,8.8.8.8*,2,176,1,74,1,102
D4:F5:47:82:0E:C6,ALL,udp:57109,192.168.3.117*,2,164,1,90,1,74
D4:F5:47:82:0E:C6,ALL,udp:57109,8.8.8.8*,2,164,1,74,1,90
D4:F5:47:82:0E:C6,ALL,udp:53923,192.168.3.117*,2,176,1,102,1,74
D4:F5:47:82:0E:C6,ALL,udp:53923,8.8.8.8*,2,176,1,74,1,102
D4:F5:47:82:0E:C6,ALL,udp:58245,192.168.3.117*,2,164,1,90,1,74
D4:F5:47:82:0E:C6,ALL,udp:58245,8.8.8.8*,2,164,1,74,1,90
D4:F5:47:82:0E:C6,ALL,udp:60075,142.251.32.110*,25,12661,15,9443,10,3218
D4:F5:47:82:0E:C6,ALL,udp:60075,8.8.8.8*,2,198,1,79,1,119
D4:F5:47:82:0E:C6,ALL,udp:52376,192.168.3.117*,2,176,1,102,1,74
D4:F5:47:82:0E:C6,ALL,udp:52376,8.8.8.8*,2,176,1,74,1,102
D4:F5:47:82:0E:C6,ALL,udp:50193,192.168.3.117*,2,198,1,119,1,79
D4:F5:47:82:0E:C6,ALL,udp:50193,8.8.8.8*,2,198,1,79,1,119
D4:F5:47:82:0E:C6,ALL,udp:44037,192.168.3.117*,2,164,1,90,1,74
D4:F5:47:82:0E:C6,ALL,udp:44037,8.8.8.8*,2,164,1,74,1,90
D4:F5:47:82:0E:C6,ALL,udp:45346,192.168.3.117*,2,176,1,102,1,74
D4:F5:47:82:0E:C6,ALL,udp:45346,8.8.8.8*,2,176,1,74,1,102
D4:F5:47:82:0E:C6,ALL,udp:37392,192.168.3.117*,2,164,1,90,1,74
D4:F5:47:82:0E:C6,ALL,udp:37392,8.8.8.8*,2,164,1,74,1,90
D4:F5:47:82:0E:C6,ALL,udp:35197,192.168.3.117*,2,164,1,90,1,74
D4:F5:47:82:0E:C6,ALL,udp:35197,8.8.8.8*,2,164,1,74,1,90
D4:F5:47:82:0E:C6,ALL,udp:56780,192.168.3.117*,2,176,1,102,1,74
D4:F5:47:82:0E:C6,ALL,udp:56780,8.8.8.8*,2,176,1,74,1,102
D4:F5:47:82:0E:C6,ALL,udp:54209,192.168.3.117*,2,164,1,90,1,74
D4:F5:47:82:0E:C6,ALL,udp:54209,8.8.8.8*,2,164,1,74,1,90
D4:F5:47:82:0E:C6,ALL,udp:45617,192.168.3.117*,2,176,1,102,1,74
D4:F5:47:82:0E:C6,ALL,udp:45617,8.8.8.8*,2,176,1,74,1,102
D4:F5:47:82:0E:C6,ALL,udp:55343,192.168.3.117*,2,164,1,90,1,74
D4:F5:47:82:0E:C6,ALL,udp:55343,8.8.8.8*,2,164,1,74,1,90
D4:F5:47:82:0E:C6,ALL,udp:59279,192.168.3.117*,2,176,1,102,1,74
D4:F5:47:82:0E:C6,ALL,udp:59279,8.8.8.8*,2,176,1,74,1,102
D4:F5:47:82:0E:C6,ALL,udp:39111,192.168.3.117*,2,176,1,102,1,74
D4:F5:47:82:0E:C6,ALL,udp:39111,8.8.8.8*,2,176,1,74,1,102
D4:F5:47:82:0E:C6,ALL,udp:50593,192.168.3.117*,2,176,1,102,1,74
D4:F5:47:82:0E:C6,ALL,udp:50593,8.8.8.8*,2,176,1,74,1,102
D4:F5:47:82:0E:C6,ALL,udp:35524,192.168.3.117*,2,164,1,90,1,74
D4:F5:47:82:0E:C6,ALL,udp:35524,8.8.8.8*,2,164,1,74,1,90
D4:F5:47:82:0E:C6,ALL,udp:48273,192.168.3.117*,2,176,1,102,1,74
D4:F5:47:82:0E:C6,ALL,udp:48273,8.8.8.8*,2,176,1,74,1,102
D4:F5:47:82:0E:C6,ALL,udp:50191,192.168.3.117*,2,176,1,102,1,74
D4:F5:47:82:0E:C6,ALL,udp:50191,8.8.8.8*,2,176,1,74,1,102
D4:F5:47:82:0E:C6,ALL,udp:41916,192.168.3.117*,2,164,1,90,1,74
D4:F5:47:82:0E:C6,ALL,udp:41916,8.8.8.8*,2,164,1,74,1,90
D4:F5:47:82:0E:C6,ALL,udp:58976,192.168.3.117*,2,176,1,102,1,74
D4:F5:47:82:0E:C6,ALL,udp:58976,8.8.8.8*,2,176,1,74,1,102
D4:F5:47:82:0E:C6,ALL,udp:43216,192.168.3.117*,2,164,1,90,1,74
D4:F5:47:82:0E:C6,ALL,udp:43216,8.8.8.8*,2,164,1,74,1,90
D4:F5:47:82:0E:C6,ALL,udp:40564,192.168.3.117*,2,164,1,90,1,74
D4:F5:47:82:0E:C6,ALL,udp:40564,8.8.8.8*,2,164,1,74,1,90
D4:F5:47:82:0E:C6,ALL,udp:59260,192.168.3.117*,2,164,1,90,1,74
D4:F5:47:82:0E:C6,ALL,udp:59260,8.8.8.8*,2,164,1,74,1,90
D4:F5:47:82:0E:C6,ALL,udp:33652,192.168.3.117*,2,176,1,102,1,74
D4:F5:47:82:0E:C6,ALL,udp:33652,8.8.8.8*,2,176,1,74,1,102
D4:F5:47:82:0E:C6,ALL,udp:56813,192.168.3.117*,2,176,1,102,1,74
D4:F5:47:82:0E:C6,ALL,udp:56813,8.8.8.8*,2,176,1,74,1,102
D4:F5:47:82:0E:C6,ALL,udp:37438,192.168.3.117*,2,176,1,102,1,74
D4:F5:47:82:0E:C6,ALL,udp:37438,8.8.8.8*,2,176,1,74,1,102
D4:F5:47:82:0E:C6,ALL,udp:49770,192.168.3.117*,2,176,1,102,1,74
D4:F5:47:82:0E:C6,ALL,udp:49770,8.8.8.8*,2,176,1,74,1,102
D4:F5:47:82:0E:C6,ALL,udp:57068,192.168.3.117*,2,164,1,90,1,74
D4:F5:47:82:0E:C6,ALL,udp:57068,8.8.8.8*,2,164,1,74,1,90
D4:F5:47:82:0E:C6,ALL,udp:42632,192.168.3.117*,2,176,1,102,1,74
D4:F5:47:82:0E:C6,ALL,udp:42632,8.8.8.8*,2,176,1,74,1,102
D4:F5:47:82:0E:C6,ALL,udp:50015,192.168.3.117*,2,164,1,90,1,74
D4:F5:47:82:0E:C6,ALL,udp:50015,8.8.8.8*,2,164,1,74,1,90
D4:F5:47:82:0E:C6,ALL,udp:43001,192.168.3.117*,2,176,1,102,1,74
D4:F5:47:82:0E:C6,ALL,udp:43001,8.8.8.8*,2,176,1,74,1,102
D4:F5:47:82:0E:C6,ALL,udp:47791,192.168.3.117*,2,176,1,102,1,74
D4:F5:47:82:0E:C6,ALL,udp:47791,8.8.8.8*,2,176,1,74,1,102
D4:F5:47:82:0E:C6,ALL,udp:54233,192.168.3.117*,2,176,1,102,1,74
D4:F5:47:82:0E:C6,ALL,udp:54233,8.8.8.8*,2,176,1,74,1,102
D4:F5:47:82:0E:C6,ALL,udp:57964,192.168.3.117*,2,164,1,90,1,74
D4:F5:47:82:0E:C6,ALL,udp:57964,8.8.8.8*,2,164,1,74,1,90
D4:F5:47:82:0E:C6,ALL,udp:35170,192.168.3.117*,2,176,1,102,1,74
D4:F5:47:82:0E:C6,ALL,udp:35170,8.8.8.8*,2,176,1,74,1,102
D4:F5:47:82:0E:C6,ALL,udp:47566,192.168.3.117*,2,164,1,90,1,74
D4:F5:47:82:0E:C6,ALL,udp:47566,8.8.8.8*,2,164,1,74,1,90
D4:F5:47:82:0E:C6,ALL,udp:41336,192.168.3.117*,2,176,1,102,1,74
D4:F5:47:82:0E:C6,ALL,udp:41336,8.8.8.8*,2,176,1,74,1,102
D4:F5:47:82:0E:C6,ALL,udp:36912,192.168.3.117*,2,164,1,90,1,74
D4:F5:47:82:0E:C6,ALL,udp:36912,8.8.8.8*,2,164,1,74,1,90
D4:F5:47:82:0E:C6,ALL,udp:33581,192.168.3.117*,2,176,1,102,1,74
D4:F5:47:82:0E:C6,ALL,udp:33581,8.8.8.8*,2,176,1,74,1,102
D4:F5:47:82:0E:C6,ALL,udp:49940,192.168.3.117*,2,176,1,102,1,74
D4:F5:47:82:0E:C6,ALL,udp:49940,8.8.8.8*,2,176,1,74,1,102
D4:F5:47:82:0E:C6,ALL,udp:35703,192.168.3.117*,2,164,1,90,1,74
D4:F5:47:82:0E:C6,ALL,udp:35703,8.8.8.8*,2,164,1,74,1,90
D4:F5:47:82:0E:C6,ALL,udp:53655,192.168.3.117*,2,176,1,102,1,74
D4:F5:47:82:0E:C6,ALL,udp:53655,8.8.8.8*,2,176,1,74,1,102
D4:F5:47:82:0E:C6,ALL,udp:35708,192.168.3.117*,2,164,1,90,1,74
D4:F5:47:82:0E:C6,ALL,udp:35708,8.8.8.8*,2,164,1,74,1,90
D4:F5:47:82:0E:C6,ALL,udp:47933,142.251.32.110*,23,12416,13,9197,10,3219
D4:F5:47:82:0E:C6,ALL,udp:47933,8.8.8.8*,2,176,1,74,1,102
D4:F5:47:82:0E:C6,ALL,udp:40560,192.168.3.117*,2,164,1,90,1,74
D4:F5:47:82:0E:C6,ALL,udp:40560,8.8.8.8*,2,164,1,74,1,90
D4:F5:47:82:0E:C6,ALL,udp:52863,192.168.3.117*,2,176,1,102,1,74
D4:F5:47:82:0E:C6,ALL,udp:52863,8.8.8.8*,2,176,1,74,1,102
D4:F5:47:82:0E:C6,ALL,udp:44679,192.168.3.117*,2,164,1,90,1,74
D4:F5:47:82:0E:C6,ALL,udp:44679,8.8.8.8*,2,164,1,74,1,90
D4:F5:47:82:0E:C6,ALL,udp:47391,192.168.3.117*,2,176,1,102,1,74
D4:F5:47:82:0E:C6,ALL,udp:47391,8.8.8.8*,2,176,1,74,1,102
D4:F5:47:82:0E:C6,ALL,udp:42761,192.168.3.117*,2,198,1,119,1,79
D4:F5:47:82:0E:C6,ALL,udp:42761,8.8.8.8*,2,198,1,79,1,119
D4:F5:47:82:0E:C6,ALL,udp:33001,192.168.3.117*,2,176,1,102,1,74
D4:F5:47:82:0E:C6,ALL,udp:33001,8.8.8.8*,2,176,1,74,1,102
D4:F5:47:82:0E:C6,ALL,udp:55094,192.168.3.117*,2,176,1,102,1,74
D4:F5:47:82:0E:C6,ALL,udp:55094,8.8.8.8*,2,176,1,74,1,102
D4:F5:47:82:0E:C6,ALL,udp:44412,192.168.3.117*,2,164,1,90,1,74
D4:F5:47:82:0E:C6,ALL,udp:44412,8.8.8.8*,2,164,1,74,1,90
D4:F5:47:82:0E:C6,ALL,udp:60152,192.168.3.117*,2,176,1,102,1,74
D4:F5:47:82:0E:C6,ALL,udp:60152,8.8.8.8*,2,176,1,74,1,102
D4:F5:47:82:0E:C6,ALL,udp:44465,192.168.3.117*,2,164,1,90,1,74
D4:F5:47:82:0E:C6,ALL,udp:44465,8.8.8.8*,2,164,1,74,1,90
D4:F5:47:82:0E:C6,ALL,udp:56614,192.168.3.117*,2,176,1,102,1,74
D4:F5:47:82:0E:C6,ALL,udp:56614,8.8.8.8*,2,176,1,74,1,102
D4:F5:47:82:0E:C6,ALL,udp:47376,192.168.3.117*,2,164,1,90,1,74
D4:F5:47:82:0E:C6,ALL,udp:47376,8.8.8.8*,2,164,1,74,1,90
D4:F5:47:82:0E:C6,ALL,udp:54741,192.168.3.117*,2,164,1,90,1,74
D4:F5:47:82:0E:C6,ALL,udp:54741,8.8.8.8*,2,164,1,74,1,90
D4:F5:47:82:0E:C6,ALL,udp:40734,192.168.3.117*,2,176,1,102,1,74
D4:F5:47:82:0E:C6,ALL,udp:40734,8.8.8.8*,2,176,1,74,1,102
D4:F5:47:82:0E:C6,ALL,udp:43581,192.168.3.117*,2,164,1,90,1,74
D4:F5:47:82:0E:C6,ALL,udp:43581,8.8.8.8*,2,164,1,74,1,90
D4:F5:47:82:0E:C6,ALL,udp:34736,192.168.3.117*,2,176,1,102,1,74
D4:F5:47:82:0E:C6,ALL,udp:34736,8.8.8.8*,2,176,1,74,1,102
D4:F5:47:82:0E:C6,ALL,udp:45046,192.168.3.117*,2,176,1,102,1,74
D4:F5:47:82:0E:C6,ALL,udp:45046,8.8.8.8*,2,176,1,74,1,102
D4:F5:47:82:0E:C6,ALL,udp:40982,192.168.3.117*,2,164,1,90,1,74
D4:F5:47:82:0E:C6,ALL,udp:40982,8.8.8.8*,2,164,1,74,1,90
D4:F5:47:82:0E:C6,ALL,udp:54987,192.168.3.117*,2,176,1,102,1,74
D4:F5:47:82:0E:C6,ALL,udp:54987,8.8.8.8*,2,176,1,74,1,102
D4:F5:47:82:0E:C6,ALL,udp:35542,192.168.3.117*,2,164,1,90,1,74
D4:F5:47:82:0E:C6,ALL,udp:35542,8.8.8.8*,2,164,1,74,1,90
D4:F5:47:82:0E:C6,ALL,udp:33245,192.168.3.117*,2,164,1,90,1,74
D4:F5:47:82:0E:C6,ALL,udp:33245,8.8.8.8*,2,164,1,74,1,90
D4:F5:47:82:0E:C6,ALL,udp:51761,192.168.3.117*,2,176,1,102,1,74
D4:F5:47:82:0E:C6,ALL,udp:51761,8.8.8.8*,2,176,1,74,1,102
D4:F5:47:82:0E:C6,ALL,udp:41765,192.168.3.117*,2,164,1,90,1,74
D4:F5:47:82:0E:C6,ALL,udp:41765,8.8.8.8*,2,164,1,74,1,90
D4:F5:47:82:0E:C6,ALL,udp:38732,216.239.35.12,2,180,1,90,1,90
D4:F5:47:82:0E:C6,ALL,udp:38732,8.8.8.8,2,176,1,74,1,102
D4:F5:47:82:0E:C6,ALL,udp:38720,192.168.3.117*,2,164,1,90,1,74
D4:F5:47:82:0E:C6,ALL,udp:38720,8.8.8.8*,2,164,1,74,1,90
D4:F5:47:82:0E:C6,ALL,udp:46029,192.168.3.117*,2,176,1,102,1,74
D4:F5:47:82:0E:C6,ALL,udp:46029,8.8.8.8*,2,176,1,74,1,102
D4:F5:47:82:0E:C6,ALL,udp:57977,192.168.3.117*,2,164,1,90,1,74
D4:F5:47:82:0E:C6,ALL,udp:57977,8.8.8.8*,2,164,1,74,1,90
D4:F5:47:82:0E:C6,ALL,udp:50553,192.168.3.117*,2,176,1,102,1,74
D4:F5:47:82:0E:C6,ALL,udp:50553,8.8.8.8*,2,176,1,74,1,102
D4:F5:47:82:0E:C6,ALL,udp:50637,192.168.3.117*,2,198,1,119,1,79
D4:F5:47:82:0E:C6,ALL,udp:50637,8.8.8.8*,2,198,1,79,1,119
D4:F5:47:82:0E:C6,ALL,udp:39512,192.168.3.117*,2,176,1,102,1,74
D4:F5:47:82:0E:C6,ALL,udp:39512,8.8.8.8*,2,176,1,74,1,102
D4:F5:47:82:0E:C6,ALL,udp:35856,192.168.3.117*,2,176,1,102,1,74
D4:F5:47:82:0E:C6,ALL,udp:35856,8.8.8.8*,2,176,1,74,1,102
D4:F5:47:82:0E:C6,ALL,udp:41610,192.168.3.117*,2,164,1,90,1,74
D4:F5:47:82:0E:C6,ALL,udp:41610,8.8.8.8*,2,164,1,74,1,90
D4:F5:47:82:0E:C6,ALL,udp:54002,192.168.3.117*,2,176,1,102,1,74
D4:F5:47:82:0E:C6,ALL,udp:54002,8.8.8.8*,2,176,1,74,1,102
D4:F5:47:82:0E:C6,ALL,udp:58592,192.168.3.117*,2,164,1,90,1,74
D4:F5:47:82:0E:C6,ALL,udp:58592,8.8.8.8*,2,164,1,74,1,90
D4:F5:47:82:0E:C6,ALL,udp:36951,192.168.3.117*,2,176,1,102,1,74
D4:F5:47:82:0E:C6,ALL,udp:36951,8.8.8.8*,2,176,1,74,1,102
D4:F5:47:82:0E:C6,ALL,udp:45168,192.168.3.117*,2,164,1,90,1,74
D4:F5:47:82:0E:C6,ALL,udp:45168,8.8.8.8*,2,164,1,74,1,90
D4:F5:47:82:0E:C6,ALL,udp:52646,192.168.3.117*,2,176,1,102,1,74
D4:F5:47:82:0E:C6,ALL,udp:52646,8.8.8.8*,2,176,1,74,1,102
D4:F5:47:82:0E:C6,ALL,udp:47823,192.168.3.117*,2,164,1,90,1,74
D4:F5:47:82:0E:C6,ALL,udp:47823,8.8.8.8*,2,164,1,74,1,90
D4:F5:47:82:0E:C6,ALL,udp:43220,192.168.3.117*,2,176,1,102,1,74
D4:F5:47:82:0E:C6,ALL,udp:43220,8.8.8.8*,2,176,1,74,1,102
D4:F5:47:82:0E:C6,ALL,udp:46957,192.168.3.117*,2,176,1,102,1,74
D4:F5:47:82:0E:C6,ALL,udp:46957,8.8.8.8*,2,176,1,74,1,102
D4:F5:47:82:0E:C6,ALL,udp:42250,192.168.3.117*,2,176,1,102,1,74
D4:F5:47:82:0E:C6,ALL,udp:42250,8.8.8.8*,2,176,1,74,1,102
D4:F5:47:82:0E:C6,ALL,udp:34888,192.168.3.117*,2,164,1,90,1,74
D4:F5:47:82:0E:C6,ALL,udp:34888,8.8.8.8*,2,164,1,74,1,90
D4:F5:47:82:0E:C6,ALL,udp:41200,192.168.3.117*,2,176,1,102,1,74
D4:F5:47:82:0E:C6,ALL,udp:41200,8.8.8.8*,2,176,1,74,1,102
D4:F5:47:82:0E:C6,ALL,udp:45185,192.168.3.117*,2,176,1,102,1,74
D4:F5:47:82:0E:C6,ALL,udp:45185,8.8.8.8*,2,176,1,74,1,102
D4:F5:47:82:0E:C6,ALL,udp:48693,192.168.3.117*,2,176,1,102,1,74
D4:F5:47:82:0E:C6,ALL,udp:48693,8.8.8.8*,2,176,1,74,1,102
D4:F5:47:82:0E:C6,ALL,udp:55315,192.168.3.117*,2,156,1,86,1,70
D4:F5:47:82:0E:C6,ALL,udp:55315,8.8.8.8*,2,156,1,70,1,86
D4:F5:47:82:0E:C6,ALL,udp:42340,192.168.3.117*,2,213,1,126,1,87
D4:F5:47:82:0E:C6,ALL,udp:42340,8.8.8.8*,2,213,1,87,1,126
D4:F5:47:82:0E:C6,ALL,udp:45897,192.168.3.117*,2,213,1,126,1,87
D4:F5:47:82:0E:C6,ALL,udp:45897,8.8.8.8*,2,213,1,87,1,126
D4:F5:47:82:0E:C6,ALL,udp:57906,192.168.3.117*,2,213,1,126,1,87
D4:F5:47:82:0E:C6,ALL,udp:57906,8.8.8.8*,2,213,1,87,1,126
D4:F5:47:82:0E:C6,ALL,udp:47856,192.168.3.117*,2,213,1,126,1,87
D4:F5:47:82:0E:C6,ALL,udp:47856,8.8.8.8*,2,213,1,87,1,126
D4:F5:47:82:0E:C6,ALL,udp:40868,192.168.3.117*,2,213,1,126,1,87
D4:F5:47:82:0E:C6,ALL,udp:40868,8.8.8.8*,2,213,1,87,1,126
D4:F5:47:82:0E:C6,ALL,udp:36518,192.168.3.117*,2,213,1,126,1,87
D4:F5:47:82:0E:C6,ALL,udp:36518,8.8.8.8*,2,213,1,87,1,126
D4:F5:47:82:0E:C6,ALL,udp:58590,192.168.3.117*,2,164,1,90,1,74
D4:F5:47:82:0E:C6,ALL,udp:58590,8.8.8.8*,2,164,1,74,1,90
D4:F5:47:82:0E:C6,ALL,udp:57715,192.168.3.117*,2,176,1,102,1,74
D4:F5:47:82:0E:C6,ALL,udp:57715,8.8.8.8*,2,176,1,74,1,102
D4:F5:47:82:0E:C6,ALL,udp:57897,192.168.3.117*,2,164,1,90,1,74
D4:F5:47:82:0E:C6,ALL,udp:57897,8.8.8.8*,2,164,1,74,1,90
D4:F5:47:82:0E:C6,ALL,udp:54852,192.168.3.117*,2,176,1,102,1,74
D4:F5:47:82:0E:C6,ALL,udp:54852,8.8.8.8*,2,176,1,74,1,102
D4:F5:47:82:0E:C6,ALL,udp:53323,192.168.3.117*,2,164,1,90,1,74
D4:F5:47:82:0E:C6,ALL,udp:53323,8.8.8.8*,2,164,1,74,1,90
D4:F5:47:82:0E:C6,ALL,udp:59120,192.168.3.117*,2,164,1,90,1,74
D4:F5:47:82:0E:C6,ALL,udp:59120,8.8.8.8*,2,164,1,74,1,90
D4:F5:47:82:0E:C6,ALL,udp:55923,192.168.3.117*,2,176,1,102,1,74
D4:F5:47:82:0E:C6,ALL,udp:55923,8.8.8.8*,2,176,1,74,1,102
D4:F5:47:82:0E:C6,ALL,udp:55519,192.168.3.117*,2,164,1,90,1,74
D4:F5:47:82:0E:C6,ALL,udp:55519,8.8.8.8*,2,164,1,74,1,90
D4:F5:47:82:0E:C6,ALL,udp:53517,192.168.3.117*,2,176,1,102,1,74
D4:F5:47:82:0E:C6,ALL,udp:53517,8.8.8.8*,2,176,1,74,1,102
D4:F5:47:82:0E:C6,ALL,udp:59127,192.168.3.117*,2,176,1,102,1,74
D4:F5:47:82:0E:C6,ALL,udp:59127,8.8.8.8*,2,176,1,74,1,102
D4:F5:47:82:0E:C6,ALL,udp:35165,192.168.3.117*,2,176,1,102,1,74
D4:F5:47:82:0E:C6,ALL,udp:35165,8.8.8.8*,2,176,1,74,1,102
D4:F5:47:82:0E:C6,ALL,udp:57412,192.168.3.117*,2,164,1,90,1,74
D4:F5:47:82:0E:C6,ALL,udp:57412,8.8.8.8*,2,164,1,74,1,90
D4:F5:47:82:0E:C6,ALL,udp:51551,192.168.3.117*,2,176,1,102,1,74
D4:F5:47:82:0E:C6,ALL,udp:51551,8.8.8.8*,2,176,1,74,1,102
D4:F5:47:82:0E:C6,ALL,udp:56882,192.168.3.117*,2,176,1,102,1,74
D4:F5:47:82:0E:C6,ALL,udp:56882,8.8.8.8*,2,176,1,74,1,102
D4:F5:47:82:0E:C6,ALL,udp:60162,192.168.3.117*,2,164,1,90,1,74
D4:F5:47:82:0E:C6,ALL,udp:60162,8.8.8.8*,2,164,1,74,1,90
D4:F5:47:82:0E:C6,ALL,udp:36904,192.168.3.117*,2,164,1,90,1,74
D4:F5:47:82:0E:C6,ALL,udp:36904,8.8.8.8*,2,164,1,74,1,90
D4:F5:47:82:0E:C6,ALL,udp:40481,192.168.3.117*,2,176,1,102,1,74
D4:F5:47:82:0E:C6,ALL,udp:40481,8.8.8.8*,2,176,1,74,1,102
D4:F5:47:82:0E:C6,ALL,udp:53083,192.168.3.117*,2,164,1,90,1,74
D4:F5:47:82:0E:C6,ALL,udp:53083,8.8.8.8*,2,164,1,74,1,90
D4:F5:47:82:0E:C6,ALL,udp:47141,192.168.3.117*,2,164,1,90,1,74
D4:F5:47:82:0E:C6,ALL,udp:47141,8.8.8.8*,2,164,1,74,1,90
D4:F5:47:82:0E:C6,ALL,udp:36627,142.251.32.110*,24,12482,13,9199,11,3283
D4:F5:47:82:0E:C6,ALL,udp:36627,8.8.8.8*,2,176,1,74,1,102
D4:F5:47:82:0E:C6,ALL,udp:52757,192.168.3.117*,2,164,1,90,1,74
D4:F5:47:82:0E:C6,ALL,udp:52757,8.8.8.8*,2,164,1,74,1,90
D4:F5:47:82:0E:C6,ALL,udp:49616,192.168.3.117*,2,176,1,102,1,74
D4:F5:47:82:0E:C6,ALL,udp:49616,8.8.8.8*,2,176,1,74,1,102
D4:F5:47:82:0E:C6,ALL,udp:50888,192.168.3.117*,2,164,1,90,1,74
D4:F5:47:82:0E:C6,ALL,udp:50888,8.8.8.8*,2,164,1,74,1,90
D4:F5:47:82:0E:C6,ALL,udp:47294,192.168.3.117*,2,176,1,102,1,74
D4:F5:47:82:0E:C6,ALL,udp:47294,8.8.8.8*,2,176,1,74,1,102
D4:F5:47:82:0E:C6,ALL,udp:41875,192.168.3.117*,2,164,1,90,1,74
D4:F5:47:82:0E:C6,ALL,udp:41875,8.8.8.8*,2,164,1,74,1,90
D4:F5:47:82:0E:C6,ALL,udp:54513,192.168.3.117*,2,176,1,102,1,74
D4:F5:47:82:0E:C6,ALL,udp:54513,8.8.8.8*,2,176,1,74,1,102
D4:F5:47:82:0E:C6,ALL,udp:39083,192.168.3.117*,2,176,1,102,1,74
D4:F5:47:82:0E:C6,ALL,udp:39083,8.8.8.8*,2,176,1,74,1,102
D4:F5:47:82:0E:C6,ALL,udp:55161,192.168.3.117*,2,164,1,90,1,74
D4:F5:47:82:0E:C6,ALL,udp:55161,8.8.8.8*,2,164,1,74,1,90
D4:F5:47:82:0E:C6,ALL,udp:46962,192.168.3.117*,2,176,1,102,1,74
D4:F5:47:82:0E:C6,ALL,udp:46962,8.8.8.8*,2,176,1,74,1,102
D4:F5:47:82:0E:C6,ALL,udp:52688,192.168.3.117*,2,164,1,90,1,74
D4:F5:47:82:0E:C6,ALL,udp:52688,8.8.8.8*,2,164,1,74,1,90
D4:F5:47:82:0E:C6,ALL,udp:60241,192.168.3.117*,2,176,1,102,1,74
D4:F5:47:82:0E:C6,ALL,udp:60241,8.8.8.8*,2,176,1,74,1,102
D4:F5:47:82:0E:C6,ALL,udp:34262,192.168.3.117*,2,164,1,90,1,74
D4:F5:47:82:0E:C6,ALL,udp:34262,8.8.8.8*,2,164,1,74,1,90
D4:F5:47:82:0E:C6,ALL,udp:33719,192.168.3.117*,2,176,1,102,1,74
D4:F5:47:82:0E:C6,ALL,udp:33719,8.8.8.8*,2,176,1,74,1,102
D4:F5:47:82:0E:C6,ALL,udp:38398,192.168.3.117*,2,164,1,90,1,74
D4:F5:47:82:0E:C6,ALL,udp:38398,8.8.8.8*,2,164,1,74,1,90
D4:F5:47:82:0E:C6,ALL,udp:40168,192.168.3.117*,2,176,1,102,1,74
D4:F5:47:82:0E:C6,ALL,udp:40168,8.8.8.8*,2,176,1,74,1,102
D4:F5:47:82:0E:C6,ALL,udp:60734,192.168.3.117*,2,164,1,90,1,74
D4:F5:47:82:0E:C6,ALL,udp:60734,8.8.8.8*,2,164,1,74,1,90
D4:F5:47:82:0E:C6,ALL,udp:38562,216.239.35.4,2,180,1,90,1,90
D4:F5:47:82:0E:C6,ALL,udp:38562,8.8.8.8,2,164,1,74,1,90
D4:F5:47:82:0E:C6,ALL,udp:47023,192.168.3.117*,2,176,1,102,1,74
D4:F5:47:82:0E:C6,ALL,udp:47023,8.8.8.8*,2,176,1,74,1,102
D4:F5:47:82:0E:C6,ALL,udp:44883,192.168.3.117*,2,176,1,102,1,74
D4:F5:47:82:0E:C6,ALL,udp:44883,8.8.8.8*,2,176,1,74,1,102
D4:F5:47:82:0E:C6,ALL,udp:36579,142.251.32.110*,26,12747,16,9528,10,3219
D4:F5:47:82:0E:C6,ALL,udp:36579,8.8.8.8*,2,164,1,74,1,90
D4:F5:47:82:0E:C6,ALL,udp:38129,192.168.3.117*,2,176,1,102,1,74
D4:F5:47:82:0E:C6,ALL,udp:38129,8.8.8.8*,2,176,1,74,1,102
D4:F5:47:82:0E:C6,ALL,udp:60778,192.168.3.117*,2,176,1,102,1,74
D4:F5:47:82:0E:C6,ALL,udp:60778,8.8.8.8*,2,176,1,74,1,102
D4:F5:47:82:0E:C6,ALL,udp:38567,192.168.3.117*,2,164,1,90,1,74
D4:F5:47:82:0E:C6,ALL,udp:38567,8.8.8.8*,2,164,1,74,1,90
D4:F5:47:82:0E:C6,ALL,udp:35738,192.168.3.117*,2,176,1,102,1,74
D4:F5:47:82:0E:C6,ALL,udp:35738,8.8.8.8*,2,176,1,74,1,102
D4:F5:47:82:0E:C6,ALL,udp:42050,192.168.3.117*,2,164,1,90,1,74
D4:F5:47:82:0E:C6,ALL,udp:42050,8.8.8.8*,2,164,1,74,1,90
D4:F5:47:82:0E:C6,ALL,udp:54823,192.168.3.117*,2,176,1,102,1,74
D4:F5:47:82:0E:C6,ALL,udp:54823,8.8.8.8*,2,176,1,74,1,102
D4:F5:47:82:0E:C6,ALL,udp:54687,192.168.3.117*,2,198,1,119,1,79
D4:F5:47:82:0E:C6,ALL,udp:54687,8.8.8.8*,2,198,1,79,1,119
D4:F5:47:82:0E:C6,ALL,udp:35304,192.168.3.117*,2,164,1,90,1,74
D4:F5:47:82:0E:C6,ALL,udp:35304,8.8.8.8*,2,164,1,74,1,90
D4:F5:47:82:0E:C6,ALL,udp:51813,192.168.3.117*,2,176,1,102,1,74
D4:F5:47:82:0E:C6,ALL,udp:51813,8.8.8.8*,2,176,1,74,1,102
D4:F5:47:82:0E:C6,ALL,udp:46218,192.168.3.117*,2,164,1,90,1,74
D4:F5:47:82:0E:C6,ALL,udp:46218,8.8.8.8*,2,164,1,74,1,90
D4:F5:47:82:0E:C6,ALL,udp:40772,192.168.3.117*,2,164,1,90,1,74
D4:F5:47:82:0E:C6,ALL,udp:40772,8.8.8.8*,2,164,1,74,1,90
D4:F5:47:82:0E:C6,ALL,udp:51650,192.168.3.117*,2,176,1,102,1,74
D4:F5:47:82:0E:C6,ALL,udp:51650,8.8.8.8*,2,176,1,74,1,102
D4:F5:47:82:0E:C6,ALL,udp:59044,192.168.3.117*,2,176,1,102,1,74
D4:F5:47:82:0E:C6,ALL,udp:59044,8.8.8.8*,2,176,1,74,1,102
D4:F5:47:82:0E:C6,ALL,udp:37553,192.168.3.117*,2,164,1,90,1,74
D4:F5:47:82:0E:C6,ALL,udp:37553,8.8.8.8*,2,164,1,74,1,90
D4:F5:47:82:0E:C6,ALL,udp:37048,192.168.3.117*,2,176,1,102,1,74
D4:F5:47:82:0E:C6,ALL,udp:37048,8.8.8.8*,2,176,1,74,1,102
D4:F5:47:82:0E:C6,ALL,udp:37299,192.168.3.117*,2,164,1,90,1,74
D4:F5:47:82:0E:C6,ALL,udp:37299,8.8.8.8*,2,164,1,74,1,90
D4:F5:47:82:0E:C6,ALL,udp:32920,192.168.3.117*,2,176,1,102,1,74
D4:F5:47:82:0E:C6,ALL,udp:32920,8.8.8.8*,2,176,1,74,1,102
D4:F5:47:82:0E:C6,ALL,udp:44616,192.168.3.117*,2,176,1,102,1,74
D4:F5:47:82:0E:C6,ALL,udp:44616,8.8.8.8*,2,176,1,74,1,102
D4:F5:47:82:0E:C6,ALL,udp:49657,192.168.3.117*,2,198,1,119,1,79
D4:F5:47:82:0E:C6,ALL,udp:49657,8.8.8.8*,2,198,1,79,1,119
D4:F5:47:82:0E:C6,ALL,udp:33912,192.168.3.117*,2,176,1,102,1,74
D4:F5:47:82:0E:C6,ALL,udp:33912,8.8.8.8*,2,176,1,74,1,102
D4:F5:47:82:0E:C6,ALL,udp:46597,192.168.3.117*,2,164,1,90,1,74
D4:F5:47:82:0E:C6,ALL,udp:46597,8.8.8.8*,2,164,1,74,1,90
D4:F5:47:82:0E:C6,ALL,udp:35984,192.168.3.117*,2,164,1,90,1,74
D4:F5:47:82:0E:C6,ALL,udp:35984,8.8.8.8*,2,164,1,74,1,90
D4:F5:47:82:0E:C6,ALL,udp:42859,192.168.3.117*,2,176,1,102,1,74
D4:F5:47:82:0E:C6,ALL,udp:42859,8.8.8.8*,2,176,1,74,1,102
D4:F5:47:82:0E:C6,ALL,udp:52561,192.168.3.117*,2,164,1,90,1,74
D4:F5:47:82:0E:C6,ALL,udp:52561,8.8.8.8*,2,164,1,74,1,90
D4:F5:47:82:0E:C6,ALL,udp:52143,192.168.3.117*,2,176,1,102,1,74
D4:F5:47:82:0E:C6,ALL,udp:52143,8.8.8.8*,2,176,1,74,1,102
D4:F5:47:82:0E:C6,ALL,udp:58873,192.168.3.117*,2,164,1,90,1,74
D4:F5:47:82:0E:C6,ALL,udp:58873,8.8.8.8*,2,164,1,74,1,90
D4:F5:47:82:0E:C6,ALL,udp:51017,192.168.3.117*,2,176,1,102,1,74
D4:F5:47:82:0E:C6,ALL,udp:51017,8.8.8.8*,2,176,1,74,1,102
D4:F5:47:82:0E:C6,ALL,udp:54811,192.168.3.117*,2,164,1,90,1,74
D4:F5:47:82:0E:C6,ALL,udp:54811,8.8.8.8*,2,164,1,74,1,90
D4:F5:47:82:0E:C6,ALL,udp:58494,192.168.3.117*,2,176,1,102,1,74
D4:F5:47:82:0E:C6,ALL,udp:58494,8.8.8.8*,2,176,1,74,1,102
D4:F5:47:82:0E:C6,ALL,udp:51338,192.168.3.117*,2,176,1,102,1,74
D4:F5:47:82:0E:C6,ALL,udp:51338,8.8.8.8*,2,176,1,74,1,102
D4:F5:47:82:0E:C6,ALL,udp:57072,192.168.3.117*,2,164,1,90,1,74
D4:F5:47:82:0E:C6,ALL,udp:57072,8.8.8.8*,2,164,1,74,1,90
D4:F5:47:82:0E:C6,ALL,udp:41529,192.168.3.117*,2,176,1,102,1,74
D4:F5:47:82:0E:C6,ALL,udp:41529,8.8.8.8*,2,176,1,74,1,102
D4:F5:47:82:0E:C6,ALL,udp:49510,192.168.3.117*,2,164,1,90,1,74
D4:F5:47:82:0E:C6,ALL,udp:49510,8.8.8.8*,2,164,1,74,1,90
D4:F5:47:82:0E:C6,ALL,udp:46254,192.168.3.117*,2,176,1,102,1,74
D4:F5:47:82:0E:C6,ALL,udp:46254,8.8.8.8*,2,176,1,74,1,102
D4:F5:47:82:0E:C6,ALL,udp:47322,192.168.3.117*,2,164,1,90,1,74
D4:F5:47:82:0E:C6,ALL,udp:47322,8.8.8.8*,2,164,1,74,1,90
D4:F5:47:82:0E:C6,ALL,udp:50105,192.168.3.117*,2,176,1,102,1,74
D4:F5:47:82:0E:C6,ALL,udp:50105,8.8.8.8*,2,176,1,74,1,102
D4:F5:47:82:0E:C6,ALL,udp:37816,192.168.3.117*,2,164,1,90,1,74
D4:F5:47:82:0E:C6,ALL,udp:37816,8.8.8.8*,2,164,1,74,1,90
D4:F5:47:82:0E:C6,ALL,udp:48800,192.168.3.117*,2,164,1,90,1,74
D4:F5:47:82:0E:C6,ALL,udp:48800,8.8.8.8*,2,164,1,74,1,90
D4:F5:47:82:0E:C6,ALL,udp:37574,192.168.3.117*,2,176,1,102,1,74
D4:F5:47:82:0E:C6,ALL,udp:37574,8.8.8.8*,2,176,1,74,1,102
D4:F5:47:82:0E:C6,ALL,udp:52348,192.168.3.117*,2,164,1,90,1,74
D4:F5:47:82:0E:C6,ALL,udp:52348,8.8.8.8*,2,164,1,74,1,90
D4:F5:47:82:0E:C6,ALL,udp:49996,192.168.3.117*,2,164,1,90,1,74
D4:F5:47:82:0E:C6,ALL,udp:49996,8.8.8.8*,2,164,1,74,1,90
D4:F5:47:82:0E:C6,ALL,udp:40060,192.168.3.117*,2,176,1,102,1,74
D4:F5:47:82:0E:C6,ALL,udp:40060,8.8.8.8*,2,176,1,74,1,102
D4:F5:47:82:0E:C6,ALL,udp:43632,192.168.3.117*,2,176,1,102,1,74
D4:F5:47:82:0E:C6,ALL,udp:43632,8.8.8.8*,2,176,1,74,1,102
D4:F5:47:82:0E:C6,ALL,udp:52712,192.168.3.117*,2,194,1,105,1,89
D4:F5:47:82:0E:C6,ALL,udp:52712,8.8.8.8*,2,194,1,89,1,105
D4:F5:47:82:0E:C6,ALL,udp:44997,192.168.3.117*,2,176,1,102,1,74
D4:F5:47:82:0E:C6,ALL,udp:44997,8.8.8.8*,2,176,1,74,1,102
D4:F5:47:82:0E:C6,ALL,udp:37365,192.168.3.117*,2,164,1,90,1,74
D4:F5:47:82:0E:C6,ALL,udp:37365,8.8.8.8*,2,164,1,74,1,90
D4:F5:47:82:0E:C6,ALL,udp:48817,192.168.3.117*,2,176,1,102,1,74
D4:F5:47:82:0E:C6,ALL,udp:48817,8.8.8.8*,2,176,1,74,1,102
D4:F5:47:82:0E:C6,ALL,udp:35654,192.168.3.117*,2,176,1,102,1,74
D4:F5:47:82:0E:C6,ALL,udp:35654,8.8.8.8*,2,176,1,74,1,102
D4:F5:47:82:0E:C6,ALL,udp:39781,192.168.3.117*,2,176,1,102,1,74
D4:F5:47:82:0E:C6,ALL,udp:39781,8.8.8.8*,2,176,1,74,1,102
D4:F5:47:82:0E:C6,ALL,udp:52511,192.168.3.117*,2,164,1,90,1,74
D4:F5:47:82:0E:C6,ALL,udp:52511,8.8.8.8*,2,164,1,74,1,90
D4:F5:47:82:0E:C6,ALL,udp:55668,192.168.3.117*,2,198,1,119,1,79
D4:F5:47:82:0E:C6,ALL,udp:55668,8.8.8.8*,2,198,1,79,1,119
D4:F5:47:82:0E:C6,ALL,udp:33736,192.168.3.117*,2,164,1,90,1,74
D4:F5:47:82:0E:C6,ALL,udp:33736,8.8.8.8*,2,164,1,74,1,90
D4:F5:47:82:0E:C6,ALL,udp:38200,192.168.3.117*,2,176,1,102,1,74
D4:F5:47:82:0E:C6,ALL,udp:38200,8.8.8.8*,2,176,1,74,1,102
D4:F5:47:82:0E:C6,ALL,udp:42686,192.168.3.117*,2,176,1,102,1,74
D4:F5:47:82:0E:C6,ALL,udp:42686,8.8.8.8*,2,176,1,74,1,102
D4:F5:47:82:0E:C6,ALL,udp:55351,216.239.35.8,2,180,1,90,1,90
D4:F5:47:82:0E:C6,ALL,udp:55351,8.8.8.8,2,164,1,74,1,90
D4:F5:47:82:0E:C6,ALL,udp:46524,192.168.3.117*,2,176,1,102,1,74
D4:F5:47:82:0E:C6,ALL,udp:46524,8.8.8.8*,2,176,1,74,1,102
D4:F5:47:82:0E:C6,ALL,udp:42724,192.168.3.117*,2,164,1,90,1,74
D4:F5:47:82:0E:C6,ALL,udp:42724,8.8.8.8*,2,164,1,74,1,90
D4:F5:47:82:0E:C6,ALL,udp:46903,192.168.3.117*,2,176,1,102,1,74
D4:F5:47:82:0E:C6,ALL,udp:46903,8.8.8.8*,2,176,1,74,1,102
D4:F5:47:82:0E:C6,ALL,udp:45110,192.168.3.117*,2,164,1,90,1,74
D4:F5:47:82:0E:C6,ALL,udp:45110,8.8.8.8*,2,164,1,74,1,90
D4:F5:47:82:0E:C6,ALL,udp:44122,216.239.35.12,2,180,1,90,1,90
D4:F5:47:82:0E:C6,ALL,udp:44122,8.8.8.8,2,176,1,74,1,102
D4:F5:47:82:0E:C6,ALL,udp:38579,192.168.3.117*,2,176,1,102,1,74
D4:F5:47:82:0E:C6,ALL,udp:38579,8.8.8.8*,2,176,1,74,1,102
D4:F5:47:82:0E:C6,ALL,udp:57611,192.168.3.117*,2,176,1,102,1,74
D4:F5:47:82:0E:C6,ALL,udp:57611,8.8.8.8*,2,176,1,74,1,102
D4:F5:47:82:0E:C6,ALL,udp:40920,192.168.3.117*,2,164,1,90,1,74
D4:F5:47:82:0E:C6,ALL,udp:40920,8.8.8.8*,2,164,1,74,1,90
D4:F5:47:82:0E:C6,ALL,udp:42922,192.168.3.117*,2,164,1,90,1,74
D4:F5:47:82:0E:C6,ALL,udp:42922,8.8.8.8*,2,164,1,74,1,90
D4:F5:47:82:0E:C6,ALL,udp:34410,192.168.3.117*,2,164,1,90,1,74
D4:F5:47:82:0E:C6,ALL,udp:34410,8.8.8.8*,2,164,1,74,1,90
D4:F5:47:82:0E:C6,ALL,udp:51532,192.168.3.117*,2,176,1,102,1,74
D4:F5:47:82:0E:C6,ALL,udp:51532,8.8.8.8*,2,176,1,74,1,102
D4:F5:47:82:0E:C6,ALL,udp:50535,192.168.3.117*,2,164,1,90,1,74
D4:F5:47:82:0E:C6,ALL,udp:50535,8.8.8.8*,2,164,1,74,1,90
D4:F5:47:82:0E:C6,ALL,udp:52540,192.168.3.117*,2,176,1,102,1,74
D4:F5:47:82:0E:C6,ALL,udp:52540,8.8.8.8*,2,176,1,74,1,102
D4:F5:47:82:0E:C6,ALL,udp:39794,192.168.3.117*,2,164,1,90,1,74
D4:F5:47:82:0E:C6,ALL,udp:39794,8.8.8.8*,2,164,1,74,1,90
D4:F5:47:82:0E:C6,ALL,udp:46950,142.251.32.110*,20,10873,12,7359,8,3514
D4:F5:47:82:0E:C6,ALL,udp:46950,8.8.8.8*,2,176,1,74,1,102
D4:F5:47:82:0E:C6,ALL,udp:35508,192.168.3.117*,2,176,1,102,1,74
D4:F5:47:82:0E:C6,ALL,udp:35508,8.8.8.8*,2,176,1,74,1,102
D4:F5:47:82:0E:C6,ALL,udp:58170,192.168.3.117*,2,164,1,90,1,74
D4:F5:47:82:0E:C6,ALL,udp:58170,8.8.8.8*,2,164,1,74,1,90
D4:F5:47:82:0E:C6,ALL,udp:57073,192.168.3.117*,2,176,1,102,1,74
D4:F5:47:82:0E:C6,ALL,udp:57073,8.8.8.8*,2,176,1,74,1,102
D4:F5:47:82:0E:C6,ALL,udp:51692,192.168.3.117*,2,164,1,90,1,74
D4:F5:47:82:0E:C6,ALL,udp:51692,8.8.8.8*,2,164,1,74,1,90
D4:F5:47:82:0E:C6,ALL,udp:33598,192.168.3.117*,2,176,1,102,1,74
D4:F5:47:82:0E:C6,ALL,udp:33598,8.8.8.8*,2,176,1,74,1,102
D4:F5:47:82:0E:C6,ALL,udp:50916,192.168.3.117*,2,164,1,90,1,74
D4:F5:47:82:0E:C6,ALL,udp:50916,8.8.8.8*,2,164,1,74,1,90
D4:F5:47:82:0E:C6,ALL,udp:42547,192.168.3.117*,2,176,1,102,1,74
D4:F5:47:82:0E:C6,ALL,udp:42547,8.8.8.8*,2,176,1,74,1,102
D4:F5:47:82:0E:C6,ALL,udp:60322,192.168.3.117*,2,164,1,90,1,74
D4:F5:47:82:0E:C6,ALL,udp:60322,8.8.8.8*,2,164,1,74,1,90
D4:F5:47:82:0E:C6,ALL,udp:44776,192.168.3.117*,2,176,1,102,1,74
D4:F5:47:82:0E:C6,ALL,udp:44776,8.8.8.8*,2,176,1,74,1,102
D4:F5:47:82:0E:C6,ALL,udp:34530,142.251.32.110*,26,12742,16,9523,10,3219
D4:F5:47:82:0E:C6,ALL,udp:34530,8.8.8.8*,2,176,1,74,1,102
D4:F5:47:82:0E:C6,ALL,udp:59255,192.168.3.117*,2,164,1,90,1,74
D4:F5:47:82:0E:C6,ALL,udp:59255,8.8.8.8*,2,164,1,74,1,90
D4:F5:47:82:0E:C6,ALL,udp:33394,192.168.3.117*,2,176,1,102,1,74
D4:F5:47:82:0E:C6,ALL,udp:33394,8.8.8.8*,2,176,1,74,1,102
D4:F5:47:82:0E:C6,ALL,udp:36554,192.168.3.117*,2,164,1,90,1,74
D4:F5:47:82:0E:C6,ALL,udp:36554,8.8.8.8*,2,164,1,74,1,90
D4:F5:47:82:0E:C6,ALL,udp:58985,192.168.3.117*,2,164,1,90,1,74
D4:F5:47:82:0E:C6,ALL,udp:58985,8.8.8.8*,2,164,1,74,1,90
D4:F5:47:82:0E:C6,ALL,udp:57723,192.168.3.117*,2,176,1,102,1,74
D4:F5:47:82:0E:C6,ALL,udp:57723,8.8.8.8*,2,176,1,74,1,102
D4:F5:47:82:0E:C6,ALL,udp:58598,192.168.3.117*,2,164,1,90,1,74
D4:F5:47:82:0E:C6,ALL,udp:58598,8.8.8.8*,2,164,1,74,1,90
D4:F5:47:82:0E:C6,ALL,udp:37854,192.168.3.117*,2,176,1,102,1,74
D4:F5:47:82:0E:C6,ALL,udp:37854,8.8.8.8*,2,176,1,74,1,102
D4:F5:47:82:0E:C6,ALL,udp:57552,192.168.3.117*,2,164,1,90,1,74
D4:F5:47:82:0E:C6,ALL,udp:57552,8.8.8.8*,2,164,1,74,1,90
D4:F5:47:82:0E:C6,ALL,udp:40296,192.168.3.117*,2,164,1,90,1,74
D4:F5:47:82:0E:C6,ALL,udp:40296,8.8.8.8*,2,164,1,74,1,90
D4:F5:47:82:0E:C6,ALL,udp:36334,192.168.3.117*,2,164,1,90,1,74
D4:F5:47:82:0E:C6,ALL,udp:36334,8.8.8.8*,2,164,1,74,1,90
D4:F5:47:82:0E:C6,ALL,udp:42128,192.168.3.117*,2,176,1,102,1,74
D4:F5:47:82:0E:C6,ALL,udp:42128,8.8.8.8*,2,176,1,74,1,102
D4:F5:47:82:0E:C6,ALL,udp:51916,192.168.3.117*,2,176,1,102,1,74
D4:F5:47:82:0E:C6,ALL,udp:51916,8.8.8.8*,2,176,1,74,1,102
D4:F5:47:82:0E:C6,ALL,udp:45468,192.168.3.117*,2,164,1,90,1,74
D4:F5:47:82:0E:C6,ALL,udp:45468,8.8.8.8*,2,164,1,74,1,90
D4:F5:47:82:0E:C6,ALL,udp:51986,192.168.3.117*,2,176,1,102,1,74
D4:F5:47:82:0E:C6,ALL,udp:51986,8.8.8.8*,2,176,1,74,1,102
D4:F5:47:82:0E:C6,ALL,udp:42201,192.168.3.117*,2,164,1,90,1,74
D4:F5:47:82:0E:C6,ALL,udp:42201,8.8.8.8*,2,164,1,74,1,90
D4:F5:47:82:0E:C6,ALL,udp:35337,192.168.3.117*,2,164,1,90,1,74
D4:F5:47:82:0E:C6,ALL,udp:35337,8.8.8.8*,2,164,1,74,1,90
D4:F5:47:82:0E:C6,ALL,udp:53331,192.168.3.117*,2,176,1,102,1,74
D4:F5:47:82:0E:C6,ALL,udp:53331,8.8.8.8*,2,176,1,74,1,102
D4:F5:47:82:0E:C6,ALL,udp:52617,192.168.3.117*,2,176,1,102,1,74
D4:F5:47:82:0E:C6,ALL,udp:52617,8.8.8.8*,2,176,1,74,1,102
D4:F5:47:82:0E:C6,ALL,udp:50097,192.168.3.117*,2,198,1,119,1,79
D4:F5:47:82:0E:C6,ALL,udp:50097,8.8.8.8*,2,198,1,79,1,119
D4:F5:47:82:0E:C6,ALL,udp:48068,192.168.3.117*,2,164,1,90,1,74
D4:F5:47:82:0E:C6,ALL,udp:48068,8.8.8.8*,2,164,1,74,1,90
D4:F5:47:82:0E:C6,ALL,udp:40878,192.168.3.117*,2,176,1,102,1,74
D4:F5:47:82:0E:C6,ALL,udp:40878,8.8.8.8*,2,176,1,74,1,102
D4:F5:47:82:0E:C6,ALL,udp:53407,192.168.3.117*,2,164,1,90,1,74
D4:F5:47:82:0E:C6,ALL,udp:53407,8.8.8.8*,2,164,1,74,1,90
D4:F5:47:82:0E:C6,ALL,udp:35199,192.168.3.117*,2,176,1,102,1,74
D4:F5:47:82:0E:C6,ALL,udp:35199,8.8.8.8*,2,176,1,74,1,102
D4:F5:47:82:0E:C6,ALL,udp:50047,192.168.3.117*,2,164,1,90,1,74
D4:F5:47:82:0E:C6,ALL,udp:50047,8.8.8.8*,2,164,1,74,1,90
D4:F5:47:82:0E:C6,ALL,udp:35863,192.168.3.117*,2,176,1,102,1,74
D4:F5:47:82:0E:C6,ALL,udp:35863,8.8.8.8*,2,176,1,74,1,102
D4:F5:47:82:0E:C6,ALL,udp:54455,192.168.3.117*,2,164,1,90,1,74
D4:F5:47:82:0E:C6,ALL,udp:54455,8.8.8.8*,2,164,1,74,1,90
D4:F5:47:82:0E:C6,ALL,udp:34628,192.168.3.117*,2,164,1,90,1,74
D4:F5:47:82:0E:C6,ALL,udp:34628,8.8.8.8*,2,164,1,74,1,90
D4:F5:47:82:0E:C6,ALL,udp:42002,192.168.3.117*,2,176,1,102,1,74
D4:F5:47:82:0E:C6,ALL,udp:42002,8.8.8.8*,2,176,1,74,1,102
D4:F5:47:82:0E:C6,ALL,udp:58201,192.168.3.117*,2,164,1,90,1,74
D4:F5:47:82:0E:C6,ALL,udp:58201,8.8.8.8*,2,164,1,74,1,90
D4:F5:47:82:0E:C6,ALL,udp:55133,192.168.3.117*,2,176,1,102,1,74
D4:F5:47:82:0E:C6,ALL,udp:55133,8.8.8.8*,2,176,1,74,1,102
D4:F5:47:82:0E:C6,ALL,udp:38333,192.168.3.117*,2,164,1,90,1,74
D4:F5:47:82:0E:C6,ALL,udp:38333,8.8.8.8*,2,164,1,74,1,90
D4:F5:47:82:0E:C6,ALL,udp:46796,192.168.3.117*,2,176,1,102,1,74
D4:F5:47:82:0E:C6,ALL,udp:46796,8.8.8.8*,2,176,1,74,1,102
D4:F5:47:82:0E:C6,ALL,udp:42642,192.168.3.117*,2,164,1,90,1,74
D4:F5:47:82:0E:C6,ALL,udp:42642,8.8.8.8*,2,164,1,74,1,90
D4:F5:47:82:0E:C6,ALL,udp:38551,192.168.3.117*,2,164,1,90,1,74
D4:F5:47:82:0E:C6,ALL,udp:38551,8.8.8.8*,2,164,1,74,1,90
D4:F5:47:82:0E:C6,ALL,udp:50251,192.168.3.117*,2,176,1,102,1,74
D4:F5:47:82:0E:C6,ALL,udp:50251,8.8.8.8*,2,176,1,74,1,102
D4:F5:47:82:0E:C6,ALL,udp:44963,192.168.3.117*,2,164,1,90,1,74
D4:F5:47:82:0E:C6,ALL,udp:44963,8.8.8.8*,2,164,1,74,1,90
D4:F5:47:82:0E:C6,ALL,udp:40569,192.168.3.117*,2,164,1,90,1,74
D4:F5:47:82:0E:C6,ALL,udp:40569,8.8.8.8*,2,164,1,74,1,90
D4:F5:47:82:0E:C6,ALL,udp:56352,192.168.3.117*,2,164,1,90,1,74
D4:F5:47:82:0E:C6,ALL,udp:56352,8.8.8.8*,2,164,1,74,1,90
D4:F5:47:82:0E:C6,ALL,udp:35179,192.168.3.117*,2,176,1,102,1,74
D4:F5:47:82:0E:C6,ALL,udp:35179,8.8.8.8*,2,176,1,74,1,102
D4:F5:47:82:0E:C6,ALL,udp:40824,192.168.3.117*,2,164,1,90,1,74
D4:F5:47:82:0E:C6,ALL,udp:40824,8.8.8.8*,2,164,1,74,1,90
D4:F5:47:82:0E:C6,ALL,udp:55265,192.168.3.117*,2,176,1,102,1,74
D4:F5:47:82:0E:C6,ALL,udp:55265,8.8.8.8*,2,176,1,74,1,102
D4:F5:47:82:0E:C6,ALL,udp:33365,192.168.3.117*,2,164,1,90,1,74
D4:F5:47:82:0E:C6,ALL,udp:33365,8.8.8.8*,2,164,1,74,1,90
D4:F5:47:82:0E:C6,ALL,udp:37262,192.168.3.117*,2,176,1,102,1,74
D4:F5:47:82:0E:C6,ALL,udp:37262,8.8.8.8*,2,176,1,74,1,102
D4:F5:47:82:0E:C6,ALL,udp:43667,192.168.3.117*,2,164,1,90,1,74
D4:F5:47:82:0E:C6,ALL,udp:43667,8.8.8.8*,2,164,1,74,1,90
D4:F5:47:82:0E:C6,ALL,udp:37120,192.168.3.117*,2,164,1,90,1,74
D4:F5:47:82:0E:C6,ALL,udp:37120,8.8.8.8*,2,164,1,74,1,90
D4:F5:47:82:0E:C6,ALL,udp:48391,192.168.3.117*,2,176,1,102,1,74
D4:F5:47:82:0E:C6,ALL,udp:48391,8.8.8.8*,2,176,1,74,1,102
D4:F5:47:82:0E:C6,ALL,udp:48297,192.168.3.117*,2,164,1,90,1,74
D4:F5:47:82:0E:C6,ALL,udp:48297,8.8.8.8*,2,164,1,74,1,90
D4:F5:47:82:0E:C6,ALL,udp:56598,192.168.3.117*,2,164,1,90,1,74
D4:F5:47:82:0E:C6,ALL,udp:56598,8.8.8.8*,2,164,1,74,1,90
D4:F5:47:82:0E:C6,ALL,udp:40030,192.168.3.117*,2,176,1,102,1,74
D4:F5:47:82:0E:C6,ALL,udp:40030,8.8.8.8*,2,176,1,74,1,102
D4:F5:47:82:0E:C6,ALL,udp:40767,192.168.3.117*,2,164,1,90,1,74
D4:F5:47:82:0E:C6,ALL,udp:40767,8.8.8.8*,2,164,1,74,1,90
D4:F5:47:82:0E:C6,ALL,udp:34078,192.168.3.117*,2,176,1,102,1,74
D4:F5:47:82:0E:C6,ALL,udp:34078,8.8.8.8*,2,176,1,74,1,102
D4:F5:47:82:0E:C6,ALL,udp:49247,192.168.3.117*,2,164,1,90,1,74
D4:F5:47:82:0E:C6,ALL,udp:49247,8.8.8.8*,2,164,1,74,1,90
D4:F5:47:82:0E:C6,ALL,udp:45887,192.168.3.117*,2,176,1,102,1,74
D4:F5:47:82:0E:C6,ALL,udp:45887,8.8.8.8*,2,176,1,74,1,102
D4:F5:47:82:0E:C6,ALL,udp:56319,192.168.3.117*,2,452,1,366,1,86
D4:F5:47:82:0E:C6,ALL,udp:56319,8.8.8.8*,2,452,1,86,1,366
D4:F5:47:82:0E:C6,ALL,udp:40726,192.168.3.117*,2,164,1,90,1,74
D4:F5:47:82:0E:C6,ALL,udp:40726,8.8.8.8*,2,164,1,74,1,90
D4:F5:47:82:0E:C6,ALL,udp:39104,192.168.3.117*,2,176,1,102,1,74
D4:F5:47:82:0E:C6,ALL,udp:39104,8.8.8.8*,2,176,1,74,1,102
D4:F5:47:82:0E:C6,ALL,udp:57900,192.168.3.117*,2,194,1,105,1,89
D4:F5:47:82:0E:C6,ALL,udp:57900,8.8.8.8*,2,194,1,89,1,105
D4:F5:47:82:0E:C6,ALL,udp:58390,192.168.3.117*,2,164,1,90,1,74
D4:F5:47:82:0E:C6,ALL,udp:58390,8.8.8.8*,2,164,1,74,1,90
D4:F5:47:82:0E:C6,ALL,udp:45857,192.168.3.117*,2,164,1,90,1,74
D4:F5:47:82:0E:C6,ALL,udp:45857,8.8.8.8*,2,164,1,74,1,90
D4:F5:47:82:0E:C6,ALL,udp:53173,192.168.3.117*,2,164,1,90,1,74
D4:F5:47:82:0E:C6,ALL,udp:53173,8.8.8.8*,2,164,1,74,1,90
D4:F5:47:82:0E:C6,ALL,udp:49301,192.168.3.117*,2,176,1,102,1,74
D4:F5:47:82:0E:C6,ALL,udp:49301,8.8.8.8*,2,176,1,74,1,102
D4:F5:47:82:0E:C6,ALL,udp:33332,192.168.3.117*,2,164,1,90,1,74
D4:F5:47:82:0E:C6,ALL,udp:33332,8.8.8.8*,2,164,1,74,1,90
D4:F5:47:82:0E:C6,ALL,udp:52794,192.168.3.117*,2,176,1,102,1,74
D4:F5:47:82:0E:C6,ALL,udp:52794,8.8.8.8*,2,176,1,74,1,102
D4:F5:47:82:0E:C6,ALL,udp:33477,192.168.3.117*,2,164,1,90,1,74
D4:F5:47:82:0E:C6,ALL,udp:33477,8.8.8.8*,2,164,1,74,1,90
D4:F5:47:82:0E:C6,ALL,udp:38144,192.168.3.117*,2,176,1,102,1,74
D4:F5:47:82:0E:C6,ALL,udp:38144,8.8.8.8*,2,176,1,74,1,102
D4:F5:47:82:0E:C6,ALL,udp:37874,192.168.3.117*,2,164,1,90,1,74
D4:F5:47:82:0E:C6,ALL,udp:37874,8.8.8.8*,2,164,1,74,1,90
D4:F5:47:82:0E:C6,ALL,udp:57885,192.168.3.117*,2,176,1,102,1,74
D4:F5:47:82:0E:C6,ALL,udp:57885,8.8.8.8*,2,176,1,74,1,102
D4:F5:47:82:0E:C6,ALL,udp:57158,192.168.3.117*,2,164,1,90,1,74
D4:F5:47:82:0E:C6,ALL,udp:57158,8.8.8.8*,2,164,1,74,1,90
D4:F5:47:82:0E:C6,ALL,udp:56732,192.168.3.117*,2,164,1,90,1,74
D4:F5:47:82:0E:C6,ALL,udp:56732,8.8.8.8*,2,164,1,74,1,90
D4:F5:47:82:0E:C6,ALL,udp:36650,192.168.3.117*,2,176,1,102,1,74
D4:F5:47:82:0E:C6,ALL,udp:36650,8.8.8.8*,2,176,1,74,1,102
D4:F5:47:82:0E:C6,ALL,udp:58547,192.168.3.117*,2,164,1,90,1,74
D4:F5:47:82:0E:C6,ALL,udp:58547,8.8.8.8*,2,164,1,74,1,90
D4:F5:47:82:0E:C6,ALL,udp:37803,192.168.3.117*,2,176,1,102,1,74
D4:F5:47:82:0E:C6,ALL,udp:37803,8.8.8.8*,2,176,1,74,1,102
D4:F5:47:82:0E:C6,ALL,udp:33079,192.168.3.117*,2,164,1,90,1,74
D4:F5:47:82:0E:C6,ALL,udp:33079,8.8.8.8*,2,164,1,74,1,90
D4:F5:47:82:0E:C6,ALL,udp:49165,192.168.3.117*,2,164,1,90,1,74
D4:F5:47:82:0E:C6,ALL,udp:49165,8.8.8.8*,2,164,1,74,1,90
D4:F5:47:82:0E:C6,ALL,udp:38439,192.168.3.117*,2,176,1,102,1,74
D4:F5:47:82:0E:C6,ALL,udp:38439,8.8.8.8*,2,176,1,74,1,102
D4:F5:47:82:0E:C6,ALL,udp:41074,192.168.3.117*,2,198,1,119,1,79
D4:F5:47:82:0E:C6,ALL,udp:41074,8.8.8.8*,2,198,1,79,1,119
D4:F5:47:82:0E:C6,ALL,udp:38867,192.168.3.117*,2,164,1,90,1,74
D4:F5:47:82:0E:C6,ALL,udp:38867,8.8.8.8*,2,164,1,74,1,90
D4:F5:47:82:0E:C6,ALL,udp:58860,192.168.3.117*,2,176,1,102,1,74
D4:F5:47:82:0E:C6,ALL,udp:58860,8.8.8.8*,2,176,1,74,1,102
D4:F5:47:82:0E:C6,ALL,udp:35930,192.168.3.117*,2,176,1,102,1,74
D4:F5:47:82:0E:C6,ALL,udp:35930,8.8.8.8*,2,176,1,74,1,102
D4:F5:47:82:0E:C6,ALL,udp:60394,192.168.3.117*,2,164,1,90,1,74
D4:F5:47:82:0E:C6,ALL,udp:60394,8.8.8.8*,2,164,1,74,1,90
D4:F5:47:82:0E:C6,ALL,udp:52323,192.168.3.117*,2,176,1,102,1,74
D4:F5:47:82:0E:C6,ALL,udp:52323,8.8.8.8*,2,176,1,74,1,102
D4:F5:47:82:0E:C6,ALL,udp:36714,192.168.3.117*,2,164,1,90,1,74
D4:F5:47:82:0E:C6,ALL,udp:36714,8.8.8.8*,2,164,1,74,1,90
D4:F5:47:82:0E:C6,ALL,udp:59589,192.168.3.117*,2,164,1,90,1,74
D4:F5:47:82:0E:C6,ALL,udp:59589,8.8.8.8*,2,164,1,74,1,90
D4:F5:47:82:0E:C6,ALL,udp:59753,192.168.3.117*,2,164,1,90,1,74
D4:F5:47:82:0E:C6,ALL,udp:59753,8.8.8.8*,2,164,1,74,1,90
D4:F5:47:82:0E:C6,ALL,udp:54125,192.168.3.117*,2,176,1,102,1,74
D4:F5:47:82:0E:C6,ALL,udp:54125,8.8.8.8*,2,176,1,74,1,102
D4:F5:47:82:0E:C6,ALL,udp:58676,192.168.3.117*,2,164,1,90,1,74
D4:F5:47:82:0E:C6,ALL,udp:58676,8.8.8.8*,2,164,1,74,1,90
D4:F5:47:82:0E:C6,ALL,udp:43264,192.168.3.117*,2,176,1,102,1,74
D4:F5:47:82:0E:C6,ALL,udp:43264,8.8.8.8*,2,176,1,74,1,102
D4:F5:47:82:0E:C6,ALL,udp:52301,192.168.3.117*,2,164,1,90,1,74
D4:F5:47:82:0E:C6,ALL,udp:52301,8.8.8.8*,2,164,1,74,1,90
D4:F5:47:82:0E:C6,ALL,udp:37051,216.239.35.4,2,180,1,90,1,90
D4:F5:47:82:0E:C6,ALL,udp:37051,8.8.8.8,2,176,1,74,1,102
D4:F5:47:82:0E:C6,ALL,udp:60595,192.168.3.117*,2,176,1,102,1,74
D4:F5:47:82:0E:C6,ALL,udp:60595,8.8.8.8*,2,176,1,74,1,102
D4:F5:47:82:0E:C6,ALL,udp:60137,192.168.3.117*,2,164,1,90,1,74
D4:F5:47:82:0E:C6,ALL,udp:60137,8.8.8.8*,2,164,1,74,1,90
D4:F5:47:82:0E:C6,ALL,udp:40655,192.168.3.117*,2,176,1,102,1,74
D4:F5:47:82:0E:C6,ALL,udp:40655,8.8.8.8*,2,176,1,74,1,102
D4:F5:47:82:0E:C6,ALL,udp:39600,192.168.3.117*,2,176,1,102,1,74
D4:F5:47:82:0E:C6,ALL,udp:39600,8.8.8.8*,2,176,1,74,1,102
D4:F5:47:82:0E:C6,ALL,udp:45463,192.168.3.117*,2,164,1,90,1,74
D4:F5:47:82:0E:C6,ALL,udp:45463,8.8.8.8*,2,164,1,74,1,90
D4:F5:47:82:0E:C6,ALL,udp:48563,192.168.3.117*,2,176,1,102,1,74
D4:F5:47:82:0E:C6,ALL,udp:48563,8.8.8.8*,2,176,1,74,1,102
D4:F5:47:82:0E:C6,ALL,udp:40400,216.239.35.0,2,180,1,90,1,90
D4:F5:47:82:0E:C6,ALL,udp:40400,8.8.8.8,2,164,1,74,1,90
D4:F5:47:82:0E:C6,ALL,udp:42561,192.168.3.117*,2,176,1,102,1,74
D4:F5:47:82:0E:C6,ALL,udp:42561,8.8.8.8*,2,176,1,74,1,102
D4:F5:47:82:0E:C6,ALL,udp:55455,192.168.3.117*,2,176,1,102,1,74
D4:F5:47:82:0E:C6,ALL,udp:55455,8.8.8.8*,2,176,1,74,1,102
D4:F5:47:82:0E:C6,ALL,udp:52171,192.168.3.117*,2,164,1,90,1,74
D4:F5:47:82:0E:C6,ALL,udp:52171,8.8.8.8*,2,164,1,74,1,90
D4:F5:47:82:0E:C6,ALL,udp:39956,192.168.3.117*,2,176,1,102,1,74
D4:F5:47:82:0E:C6,ALL,udp:39956,8.8.8.8*,2,176,1,74,1,102
D4:F5:47:82:0E:C6,ALL,udp:56892,192.168.3.117*,2,164,1,90,1,74
D4:F5:47:82:0E:C6,ALL,udp:56892,8.8.8.8*,2,164,1,74,1,90
D4:F5:47:82:0E:C6,ALL,udp:49859,192.168.3.117*,2,164,1,90,1,74
D4:F5:47:82:0E:C6,ALL,udp:49859,8.8.8.8*,2,164,1,74,1,90
D4:F5:47:82:0E:C6,ALL,udp:59378,192.168.3.117*,2,176,1,102,1,74
D4:F5:47:82:0E:C6,ALL,udp:59378,8.8.8.8*,2,176,1,74,1,102
D4:F5:47:82:0E:C6,ALL,udp:37128,192.168.3.117*,2,176,1,102,1,74
D4:F5:47:82:0E:C6,ALL,udp:37128,8.8.8.8*,2,176,1,74,1,102
D4:F5:47:82:0E:C6,ALL,udp:50183,192.168.3.117*,2,176,1,102,1,74
D4:F5:47:82:0E:C6,ALL,udp:50183,8.8.8.8*,2,176,1,74,1,102
D4:F5:47:82:0E:C6,ALL,udp:42435,192.168.3.117*,2,164,1,90,1,74
D4:F5:47:82:0E:C6,ALL,udp:42435,8.8.8.8*,2,164,1,74,1,90
D4:F5:47:82:0E:C6,ALL,udp:49530,192.168.3.117*,2,176,1,102,1,74
D4:F5:47:82:0E:C6,ALL,udp:49530,8.8.8.8*,2,176,1,74,1,102
D4:F5:47:82:0E:C6,ALL,udp:48294,192.168.3.117*,2,176,1,102,1,74
D4:F5:47:82:0E:C6,ALL,udp:48294,8.8.8.8*,2,176,1,74,1,102
D4:F5:47:82:0E:C6,ALL,udp:45935,192.168.3.117*,2,164,1,90,1,74
D4:F5:47:82:0E:C6,ALL,udp:45935,8.8.8.8*,2,164,1,74,1,90
D4:F5:47:82:0E:C6,ALL,udp:56074,192.168.3.117*,2,164,1,90,1,74
D4:F5:47:82:0E:C6,ALL,udp:56074,8.8.8.8*,2,164,1,74,1,90
D4:F5:47:82:0E:C6,ALL,udp:50363,192.168.3.117*,2,164,1,90,1,74
D4:F5:47:82:0E:C6,ALL,udp:50363,8.8.8.8*,2,164,1,74,1,90
D4:F5:47:82:0E:C6,ALL,udp:55915,192.168.3.117*,2,176,1,102,1,74
D4:F5:47:82:0E:C6,ALL,udp:55915,8.8.8.8*,2,176,1,74,1,102
D4:F5:47:82:0E:C6,ALL,udp:48518,192.168.3.117*,2,164,1,90,1,74
D4:F5:47:82:0E:C6,ALL,udp:48518,8.8.8.8*,2,164,1,74,1,90
D4:F5:47:82:0E:C6,ALL,udp:37981,192.168.3.117*,2,176,1,102,1,74
D4:F5:47:82:0E:C6,ALL,udp:37981,8.8.8.8*,2,176,1,74,1,102
D4:F5:47:82:0E:C6,ALL,udp:48205,192.168.3.117*,2,164,1,90,1,74
D4:F5:47:82:0E:C6,ALL,udp:48205,8.8.8.8*,2,164,1,74,1,90
D4:F5:47:82:0E:C6,ALL,udp:56738,192.168.3.117*,2,176,1,102,1,74
D4:F5:47:82:0E:C6,ALL,udp:56738,8.8.8.8*,2,176,1,74,1,102
D4:F5:47:82:0E:C6,ALL,udp:39036,192.168.3.117*,2,164,1,90,1,74
D4:F5:47:82:0E:C6,ALL,udp:39036,8.8.8.8*,2,164,1,74,1,90
D4:F5:47:82:0E:C6,ALL,udp:50254,192.168.3.117*,2,176,1,102,1,74
D4:F5:47:82:0E:C6,ALL,udp:50254,8.8.8.8*,2,176,1,74,1,102
D4:F5:47:82:0E:C6,ALL,udp:51955,192.168.3.117*,2,164,1,90,1,74
D4:F5:47:82:0E:C6,ALL,udp:51955,8.8.8.8*,2,164,1,74,1,90
D4:F5:47:82:0E:C6,ALL,udp:47722,192.168.3.117*,2,176,1,102,1,74
D4:F5:47:82:0E:C6,ALL,udp:47722,8.8.8.8*,2,176,1,74,1,102
D4:F5:47:82:0E:C6,ALL,udp:60555,192.168.3.117*,2,164,1,90,1,74
D4:F5:47:82:0E:C6,ALL,udp:60555,8.8.8.8*,2,164,1,74,1,90
D4:F5:47:82:0E:C6,ALL,udp:36399,192.168.3.117*,2,164,1,90,1,74
D4:F5:47:82:0E:C6,ALL,udp:36399,8.8.8.8*,2,164,1,74,1,90
D4:F5:47:82:0E:C6,ALL,udp:37607,192.168.3.117*,2,176,1,102,1,74
D4:F5:47:82:0E:C6,ALL,udp:37607,8.8.8.8*,2,176,1,74,1,102
D4:F5:47:82:0E:C6,ALL,udp:40494,192.168.3.117*,2,198,1,119,1,79
D4:F5:47:82:0E:C6,ALL,udp:40494,8.8.8.8*,2,198,1,79,1,119
D4:F5:47:82:0E:C6,ALL,udp:51481,192.168.3.117*,2,176,1,102,1,74
D4:F5:47:82:0E:C6,ALL,udp:51481,8.8.8.8*,2,176,1,74,1,102
D4:F5:47:82:0E:C6,ALL,udp:56972,192.168.3.117*,2,198,1,119,1,79
D4:F5:47:82:0E:C6,ALL,udp:56972,8.8.8.8*,2,198,1,79,1,119
D4:F5:47:82:0E:C6,ALL,udp:40648,192.168.3.117*,2,164,1,90,1,74
D4:F5:47:82:0E:C6,ALL,udp:40648,8.8.8.8*,2,164,1,74,1,90
D4:F5:47:82:0E:C6,ALL,udp:40053,192.168.3.117*,2,164,1,90,1,74
D4:F5:47:82:0E:C6,ALL,udp:40053,8.8.8.8*,2,164,1,74,1,90
D4:F5:47:82:0E:C6,ALL,udp:38290,192.168.3.117*,2,164,1,90,1,74
D4:F5:47:82:0E:C6,ALL,udp:38290,8.8.8.8*,2,164,1,74,1,90
D4:F5:47:82:0E:C6,ALL,udp:46202,192.168.3.117*,2,164,1,90,1,74
D4:F5:47:82:0E:C6,ALL,udp:46202,8.8.8.8*,2,164,1,74,1,90
D4:F5:47:82:0E:C6,ALL,udp:42178,192.168.3.117*,2,164,1,90,1,74
D4:F5:47:82:0E:C6,ALL,udp:42178,8.8.8.8*,2,164,1,74,1,90
D4:F5:47:82:0E:C6,ALL,udp:59626,192.168.3.117*,2,176,1,102,1,74
D4:F5:47:82:0E:C6,ALL,udp:59626,8.8.8.8*,2,176,1,74,1,102
D4:F5:47:82:0E:C6,ALL,udp:55211,192.168.3.117*,2,164,1,90,1,74
D4:F5:47:82:0E:C6,ALL,udp:55211,8.8.8.8*,2,164,1,74,1,90
D4:F5:47:82:0E:C6,ALL,udp:42360,192.168.3.117*,2,194,1,105,1,89
D4:F5:47:82:0E:C6,ALL,udp:42360,8.8.8.8*,2,194,1,89,1,105
D4:F5:47:82:0E:C6,ALL,udp:54490,192.168.3.117*,2,176,1,102,1,74
D4:F5:47:82:0E:C6,ALL,udp:54490,8.8.8.8*,2,176,1,74,1,102
D4:F5:47:82:0E:C6,ALL,udp:55664,192.168.3.117*,2,164,1,90,1,74
D4:F5:47:82:0E:C6,ALL,udp:55664,8.8.8.8*,2,164,1,74,1,90
D4:F5:47:82:0E:C6,ALL,udp:59985,192.168.3.117*,2,176,1,102,1,74
D4:F5:47:82:0E:C6,ALL,udp:59985,8.8.8.8*,2,176,1,74,1,102
D4:F5:47:82:0E:C6,ALL,udp:41776,192.168.3.117*,2,176,1,102,1,74
D4:F5:47:82:0E:C6,ALL,udp:41776,8.8.8.8*,2,176,1,74,1,102
D4:F5:47:82:0E:C6,ALL,udp:55841,192.168.3.117*,2,164,1,90,1,74
D4:F5:47:82:0E:C6,ALL,udp:55841,8.8.8.8*,2,164,1,74,1,90
D4:F5:47:82:0E:C6,ALL,udp:60116,192.168.3.117*,2,176,1,102,1,74
D4:F5:47:82:0E:C6,ALL,udp:60116,8.8.8.8*,2,176,1,74,1,102
D4:F5:47:82:0E:C6,ALL,udp:37127,192.168.3.117*,2,164,1,90,1,74
D4:F5:47:82:0E:C6,ALL,udp:37127,8.8.8.8*,2,164,1,74,1,90
D4:F5:47:82:0E:C6,ALL,udp:49325,192.168.3.117*,2,176,1,102,1,74
D4:F5:47:82:0E:C6,ALL,udp:49325,8.8.8.8*,2,176,1,74,1,102
D4:F5:47:82:0E:C6,ALL,udp:45268,192.168.3.117*,2,164,1,90,1,74
D4:F5:47:82:0E:C6,ALL,udp:45268,8.8.8.8*,2,164,1,74,1,90
D4:F5:47:82:0E:C6,ALL,udp:60214,192.168.3.117*,2,176,1,102,1,74
D4:F5:47:82:0E:C6,ALL,udp:60214,8.8.8.8*,2,176,1,74,1,102
D4:F5:47:82:0E:C6,ALL,udp:45248,192.168.3.117*,2,164,1,90,1,74
D4:F5:47:82:0E:C6,ALL,udp:45248,8.8.8.8*,2,164,1,74,1,90
D4:F5:47:82:0E:C6,ALL,udp:36248,192.168.3.117*,2,176,1,102,1,74
D4:F5:47:82:0E:C6,ALL,udp:36248,8.8.8.8*,2,176,1,74,1,102
D4:F5:47:82:0E:C6,ALL,udp:51018,192.168.3.117*,2,164,1,90,1,74
D4:F5:47:82:0E:C6,ALL,udp:51018,8.8.8.8*,2,164,1,74,1,90
D4:F5:47:82:0E:C6,ALL,udp:43642,192.168.3.117*,2,176,1,102,1,74
D4:F5:47:82:0E:C6,ALL,udp:43642,8.8.8.8*,2,176,1,74,1,102
D4:F5:47:82:0E:C6,ALL,udp:38833,192.168.3.117*,2,164,1,90,1,74
D4:F5:47:82:0E:C6,ALL,udp:38833,8.8.8.8*,2,164,1,74,1,90
D4:F5:47:82:0E:C6,ALL,udp:58412,192.168.3.117*,2,176,1,102,1,74
D4:F5:47:82:0E:C6,ALL,udp:58412,8.8.8.8*,2,176,1,74,1,102
D4:F5:47:82:0E:C6,ALL,udp:32900,192.168.3.117*,2,164,1,90,1,74
D4:F5:47:82:0E:C6,ALL,udp:32900,8.8.8.8*,2,164,1,74,1,90
D4:F5:47:82:0E:C6,ALL,udp:43274,192.168.3.117*,2,176,1,102,1,74
D4:F5:47:82:0E:C6,ALL,udp:43274,8.8.8.8*,2,176,1,74,1,102
D4:F5:47:82:0E:C6,ALL,udp:52790,192.168.3.117*,2,164,1,90,1,74
D4:F5:47:82:0E:C6,ALL,udp:52790,8.8.8.8*,2,164,1,74,1,90
D4:F5:47:82:0E:C6,ALL,udp:41156,192.168.3.117*,2,176,1,102,1,74
D4:F5:47:82:0E:C6,ALL,udp:41156,8.8.8.8*,2,176,1,74,1,102
D4:F5:47:82:0E:C6,ALL,udp:42063,192.168.3.117*,2,164,1,90,1,74
D4:F5:47:82:0E:C6,ALL,udp:42063,8.8.8.8*,2,164,1,74,1,90
D4:F5:47:82:0E:C6,ALL,udp:38217,192.168.3.117*,2,176,1,102,1,74
D4:F5:47:82:0E:C6,ALL,udp:38217,8.8.8.8*,2,176,1,74,1,102
D4:F5:47:82:0E:C6,ALL,udp:34367,192.168.3.117*,2,164,1,90,1,74
D4:F5:47:82:0E:C6,ALL,udp:34367,8.8.8.8*,2,164,1,74,1,90
D4:F5:47:82:0E:C6,ALL,udp:39899,192.168.3.117*,2,164,1,90,1,74
D4:F5:47:82:0E:C6,ALL,udp:39899,8.8.8.8*,2,164,1,74,1,90
D4:F5:47:82:0E:C6,ALL,udp:38682,192.168.3.117*,2,176,1,102,1,74
D4:F5:47:82:0E:C6,ALL,udp:38682,8.8.8.8*,2,176,1,74,1,102
D4:F5:47:82:0E:C6,ALL,udp:51185,192.168.3.117*,2,164,1,90,1,74
D4:F5:47:82:0E:C6,ALL,udp:51185,8.8.8.8*,2,164,1,74,1,90
D4:F5:47:82:0E:C6,ALL,udp:47897,192.168.3.117*,2,176,1,102,1,74
D4:F5:47:82:0E:C6,ALL,udp:47897,8.8.8.8*,2,176,1,74,1,102
D4:F5:47:82:0E:C6,ALL,udp:43121,192.168.3.117*,2,164,1,90,1,74
D4:F5:47:82:0E:C6,ALL,udp:43121,8.8.8.8*,2,164,1,74,1,90
D4:F5:47:82:0E:C6,ALL,udp:49370,192.168.3.117*,2,176,1,102,1,74
D4:F5:47:82:0E:C6,ALL,udp:49370,8.8.8.8*,2,176,1,74,1,102
D4:F5:47:82:0E:C6,ALL,udp:57406,192.168.3.117*,2,164,1,90,1,74
D4:F5:47:82:0E:C6,ALL,udp:57406,8.8.8.8*,2,164,1,74,1,90
D4:F5:47:82:0E:C6,ALL,udp:42662,192.168.3.117*,2,176,1,102,1,74
D4:F5:47:82:0E:C6,ALL,udp:42662,8.8.8.8*,2,176,1,74,1,102
D4:F5:47:82:0E:C6,ALL,udp:42299,192.168.3.117*,2,164,1,90,1,74
D4:F5:47:82:0E:C6,ALL,udp:42299,8.8.8.8*,2,164,1,74,1,90
D4:F5:47:82:0E:C6,ALL,udp:47147,192.168.3.117*,2,176,1,102,1,74
D4:F5:47:82:0E:C6,ALL,udp:47147,8.8.8.8*,2,176,1,74,1,102
D4:F5:47:82:0E:C6,ALL,udp:47335,192.168.3.117*,2,176,1,102,1,74
D4:F5:47:82:0E:C6,ALL,udp:47335,8.8.8.8*,2,176,1,74,1,102
D4:F5:47:82:0E:C6,ALL,udp:44594,192.168.3.117*,2,164,1,90,1,74
D4:F5:47:82:0E:C6,ALL,udp:44594,8.8.8.8*,2,164,1,74,1,90
D4:F5:47:82:0E:C6,ALL,udp:50459,192.168.3.117*,2,176,1,102,1,74
D4:F5:47:82:0E:C6,ALL,udp:50459,8.8.8.8*,2,176,1,74,1,102
D4:F5:47:82:0E:C6,ALL,udp:59871,192.168.3.117*,2,164,1,90,1,74
D4:F5:47:82:0E:C6,ALL,udp:59871,8.8.8.8*,2,164,1,74,1,90
D4:F5:47:82:0E:C6,ALL,udp:52739,192.168.3.117*,2,176,1,102,1,74
D4:F5:47:82:0E:C6,ALL,udp:52739,8.8.8.8*,2,176,1,74,1,102
D4:F5:47:82:0E:C6,ALL,udp:40218,192.168.3.117*,2,194,1,105,1,89
D4:F5:47:82:0E:C6,ALL,udp:40218,8.8.8.8*,2,194,1,89,1,105
D4:F5:47:82:0E:C6,ALL,udp:49662,192.168.3.117*,2,197,1,121,1,76
D4:F5:47:82:0E:C6,ALL,udp:49662,8.8.8.8*,2,197,1,76,1,121
D4:F5:47:82:0E:C6,ALL,udp:40656,192.168.3.117*,2,422,1,339,1,83
D4:F5:47:82:0E:C6,ALL,udp:40656,8.8.8.8*,2,422,1,83,1,339
D4:F5:47:82:0E:C6,ALL,udp:50403,192.168.3.117*,2,198,1,119,1,79
D4:F5:47:82:0E:C6,ALL,udp:50403,8.8.8.8*,2,198,1,79,1,119
D4:F5:47:82:0E:C6,ALL,udp:48799,192.168.3.117*,2,452,1,366,1,86
D4:F5:47:82:0E:C6,ALL,udp:48799,8.8.8.8*,2,452,1,86,1,366
D4:F5:47:82:0E:C6,ALL,udp:43369,192.168.3.117*,2,198,1,119,1,79
D4:F5:47:82:0E:C6,ALL,udp:43369,8.8.8.8*,2,198,1,79,1,119
D4:F5:47:82:0E:C6,ALL,udp:45950,192.168.3.117*,2,213,1,126,1,87
D4:F5:47:82:0E:C6,ALL,udp:45950,8.8.8.8*,2,213,1,87,1,126
D4:F5:47:82:0E:C6,ALL,udp:48507,192.168.3.117*,2,213,1,126,1,87
D4:F5:47:82:0E:C6,ALL,udp:48507,8.8.8.8*,2,213,1,87,1,126
D4:F5:47:82:0E:C6,ALL,udp:44730,192.168.3.117*,2,213,1,126,1,87
D4:F5:47:82:0E:C6,ALL,udp:44730,8.8.8.8*,2,213,1,87,1,126
D4:F5:47:82:0E:C6,ALL,udp:55727,192.168.3.117*,2,180,1,90,1,90
D4:F5:47:82:0E:C6,ALL,udp:55727,216.239.35.12*,2,180,1,90,1,90
D4:F5:47:82:0E:C6,ALL,udp:50316,192.168.3.117*,2,213,1,126,1,87
D4:F5:47:82:0E:C6,ALL,udp:50316,8.8.8.8*,2,213,1,87,1,126
D4:F5:47:82:0E:C6,ALL,udp:36517,192.168.3.117*,2,213,1,126,1,87
D4:F5:47:82:0E:C6,ALL,udp:36517,8.8.8.8*,2,213,1,87,1,126
D4:F5:47:82:0E:C6,ALL,udp:39519,192.168.3.117*,2,213,1,126,1,87
D4:F5:47:82:0E:C6,ALL,udp:39519,8.8.8.8*,2,213,1,87,1,126
D4:F5:47:82:0E:C6,ALL,udp:47289,192.168.3.117*,2,213,1,126,1,87
D4:F5:47:82:0E:C6,ALL,udp:47289,8.8.8.8*,2,213,1,87,1,126
D4:F5:47:82:0E:C6,ALL,udp:40792,192.168.3.117*,2,198,1,119,1,79
D4:F5:47:82:0E:C6,ALL,udp:40792,8.8.8.8*,2,198,1,79,1,119
D4:F5:47:82:0E:C6,ALL,udp:35426,192.168.3.117*,2,198,1,119,1,79
D4:F5:47:82:0E:C6,ALL,udp:35426,8.8.8.8*,2,198,1,79,1,119
D4:F5:47:82:0E:C6,ALL,udp:51259,192.168.3.117*,2,198,1,119,1,79
D4:F5:47:82:0E:C6,ALL,udp:51259,8.8.8.8*,2,198,1,79,1,119
D4:F5:47:82:0E:C6,ALL,udp:49778,192.168.3.117*,2,194,1,105,1,89
D4:F5:47:82:0E:C6,ALL,udp:49778,8.8.8.8*,2,194,1,89,1,105
D4:F5:47:82:0E:C6,ALL,udp:37348,192.168.3.117*,2,198,1,119,1,79
D4:F5:47:82:0E:C6,ALL,udp:37348,8.8.8.8*,2,198,1,79,1,119
D4:F5:47:82:0E:C6,ALL,udp:52325,192.168.3.117*,2,164,1,90,1,74
D4:F5:47:82:0E:C6,ALL,udp:52325,8.8.8.8*,2,164,1,74,1,90
D4:F5:47:82:0E:C6,ALL,udp:41238,192.168.3.117*,2,198,1,119,1,79
D4:F5:47:82:0E:C6,ALL,udp:41238,8.8.8.8*,2,198,1,79,1,119
D4:F5:47:82:0E:C6,ALL,udp:60679,192.168.3.117*,2,194,1,105,1,89
D4:F5:47:82:0E:C6,ALL,udp:60679,8.8.8.8*,2,194,1,89,1,105
D4:F5:47:82:0E:C6,ALL,udp:45613,192.168.3.117*,2,164,1,90,1,74
D4:F5:47:82:0E:C6,ALL,udp:45613,8.8.8.8*,2,164,1,74,1,90
D4:F5:47:82:0E:C6,ALL,udp:34548,192.168.3.117*,2,198,1,119,1,79
D4:F5:47:82:0E:C6,ALL,udp:34548,8.8.8.8*,2,198,1,79,1,119
D4:F5:47:82:0E:C6,ALL,udp:57559,192.168.3.117*,2,198,1,119,1,79
D4:F5:47:82:0E:C6,ALL,udp:57559,8.8.8.8*,2,198,1,79,1,119
D4:F5:47:82:0E:C6,ALL,udp:58037,192.168.3.117*,2,198,1,119,1,79
D4:F5:47:82:0E:C6,ALL,udp:58037,8.8.8.8*,2,198,1,79,1,119
D4:F5:47:82:0E:C6,ALL,udp:34470,192.168.3.117*,2,194,1,105,1,89
D4:F5:47:82:0E:C6,ALL,udp:34470,8.8.8.8*,2,194,1,89,1,105
D4:F5:47:82:0E:C6,ALL,udp:57331,192.168.3.117*,2,198,1,119,1,79
D4:F5:47:82:0E:C6,ALL,udp:57331,8.8.8.8*,2,198,1,79,1,119
D4:F5:47:82:0E:C6,ALL,udp:53301,192.168.3.117*,2,198,1,119,1,79
D4:F5:47:82:0E:C6,ALL,udp:53301,8.8.8.8*,2,198,1,79,1,119
D4:F5:47:82:0E:C6,ALL,udp:46720,192.168.3.117*,2,164,1,90,1,74
D4:F5:47:82:0E:C6,ALL,udp:46720,8.8.8.8*,2,164,1,74,1,90
D4:F5:47:82:0E:C6,ALL,udp:56305,192.168.3.117*,2,176,1,102,1,74
D4:F5:47:82:0E:C6,ALL,udp:56305,8.8.8.8*,2,176,1,74,1,102
D4:F5:47:82:0E:C6,ALL,udp:39664,192.168.3.117*,2,198,1,119,1,79
D4:F5:47:82:0E:C6,ALL,udp:39664,8.8.8.8*,2,198,1,79,1,119
D4:F5:47:82:0E:C6,ALL,udp:54972,192.168.3.117*,2,213,1,126,1,87
D4:F5:47:82:0E:C6,ALL,udp:54972,8.8.8.8*,2,213,1,87,1,126
D4:F5:47:82:0E:C6,ALL,udp:48002,192.168.3.117*,2,213,1,126,1,87
D4:F5:47:82:0E:C6,ALL,udp:48002,8.8.8.8*,2,213,1,87,1,126
D4:F5:47:82:0E:C6,ALL,udp:45758,192.168.3.117*,2,213,1,126,1,87
D4:F5:47:82:0E:C6,ALL,udp:45758,8.8.8.8*,2,213,1,87,1,126
D4:F5:47:82:0E:C6,ALL,udp:57014,192.168.3.117*,2,164,1,90,1,74
D4:F5:47:82:0E:C6,ALL,udp:57014,8.8.8.8*,2,164,1,74,1,90
D4:F5:47:82:0E:C6,ALL,udp:37715,192.168.3.117*,2,213,1,126,1,87
D4:F5:47:82:0E:C6,ALL,udp:37715,8.8.8.8*,2,213,1,87,1,126
D4:F5:47:82:0E:C6,ALL,udp:36816,192.168.3.117*,2,213,1,126,1,87
D4:F5:47:82:0E:C6,ALL,udp:36816,8.8.8.8*,2,213,1,87,1,126
D4:F5:47:82:0E:C6,ALL,udp:34603,192.168.3.117*,2,213,1,126,1,87
D4:F5:47:82:0E:C6,ALL,udp:34603,8.8.8.8*,2,213,1,87,1,126
D4:F5:47:82:0E:C6,ALL,udp:48775,192.168.3.117*,2,213,1,126,1,87
D4:F5:47:82:0E:C6,ALL,udp:48775,8.8.8.8*,2,213,1,87,1,126
D4:F5:47:82:0E:C6,ALL,udp:52860,192.168.3.117*,2,213,1,126,1,87
D4:F5:47:82:0E:C6,ALL,udp:52860,8.8.8.8*,2,213,1,87,1,126
D4:F5:47:82:0E:C6,ALL,udp:54825,192.168.3.117*,2,164,1,90,1,74
D4:F5:47:82:0E:C6,ALL,udp:54825,8.8.8.8*,2,164,1,74,1,90
D4:F5:47:82:0E:C6,ALL,udp:45919,192.168.3.117*,2,176,1,102,1,74
D4:F5:47:82:0E:C6,ALL,udp:45919,8.8.8.8*,2,176,1,74,1,102
D4:F5:47:82:0E:C6,ALL,udp:43123,192.168.3.117*,2,164,1,90,1,74
D4:F5:47:82:0E:C6,ALL,udp:43123,8.8.8.8*,2,164,1,74,1,90
D4:F5:47:82:0E:C6,ALL,udp:38327,192.168.3.117*,2,164,1,90,1,74
D4:F5:47:82:0E:C6,ALL,udp:38327,8.8.8.8*,2,164,1,74,1,90
D4:F5:47:82:0E:C6,ALL,udp:42733,192.168.3.117*,2,176,1,102,1,74
D4:F5:47:82:0E:C6,ALL,udp:42733,8.8.8.8*,2,176,1,74,1,102
D4:F5:47:82:0E:C6,ALL,udp:51175,192.168.3.117*,2,164,1,90,1,74
D4:F5:47:82:0E:C6,ALL,udp:51175,8.8.8.8*,2,164,1,74,1,90
D4:F5:47:82:0E:C6,ALL,udp:39300,192.168.3.117*,2,176,1,102,1,74
D4:F5:47:82:0E:C6,ALL,udp:39300,8.8.8.8*,2,176,1,74,1,102
D4:F5:47:82:0E:C6,ALL,udp:36553,192.168.3.117*,2,164,1,90,1,74
D4:F5:47:82:0E:C6,ALL,udp:36553,8.8.8.8*,2,164,1,74,1,90
D4:F5:47:82:0E:C6,ALL,udp:32974,192.168.3.117*,2,176,1,102,1,74
D4:F5:47:82:0E:C6,ALL,udp:32974,8.8.8.8*,2,176,1,74,1,102
D4:F5:47:82:0E:C6,ALL,udp:47853,192.168.3.117*,2,164,1,90,1,74
D4:F5:47:82:0E:C6,ALL,udp:47853,8.8.8.8*,2,164,1,74,1,90
D4:F5:47:82:0E:C6,ALL,udp:41650,192.168.3.117*,2,176,1,102,1,74
D4:F5:47:82:0E:C6,ALL,udp:41650,8.8.8.8*,2,176,1,74,1,102
D4:F5:47:82:0E:C6,ALL,udp:42882,192.168.3.117*,2,164,1,90,1,74
D4:F5:47:82:0E:C6,ALL,udp:42882,8.8.8.8*,2,164,1,74,1,90
D4:F5:47:82:0E:C6,ALL,udp:36414,192.168.3.117*,2,176,1,102,1,74
D4:F5:47:82:0E:C6,ALL,udp:36414,8.8.8.8*,2,176,1,74,1,102
D4:F5:47:82:0E:C6,ALL,udp:37983,192.168.3.117*,2,164,1,90,1,74
D4:F5:47:82:0E:C6,ALL,udp:37983,8.8.8.8*,2,164,1,74,1,90
D4:F5:47:82:0E:C6,ALL,udp:36438,192.168.3.117*,2,176,1,102,1,74
D4:F5:47:82:0E:C6,ALL,udp:36438,8.8.8.8*,2,176,1,74,1,102
D4:F5:47:82:0E:C6,ALL,udp:41055,192.168.3.117*,2,176,1,102,1,74
D4:F5:47:82:0E:C6,ALL,udp:41055,8.8.8.8*,2,176,1,74,1,102
D4:F5:47:82:0E:C6,ALL,udp:54709,192.168.3.117*,2,164,1,90,1,74
D4:F5:47:82:0E:C6,ALL,udp:54709,8.8.8.8*,2,164,1,74,1,90
D4:F5:47:82:0E:C6,ALL,udp:57748,192.168.3.117*,2,176,1,102,1,74
D4:F5:47:82:0E:C6,ALL,udp:57748,8.8.8.8*,2,176,1,74,1,102
D4:F5:47:82:0E:C6,ALL,udp:56172,192.168.3.117*,2,164,1,90,1,74
D4:F5:47:82:0E:C6,ALL,udp:56172,8.8.8.8*,2,164,1,74,1,90
D4:F5:47:82:0E:C6,ALL,udp:57981,192.168.3.117*,2,176,1,102,1,74
D4:F5:47:82:0E:C6,ALL,udp:57981,8.8.8.8*,2,176,1,74,1,102
D4:F5:47:82:0E:C6,ALL,udp:40852,192.168.3.117*,2,164,1,90,1,74
D4:F5:47:82:0E:C6,ALL,udp:40852,8.8.8.8*,2,164,1,74,1,90
D4:F5:47:82:0E:C6,ALL,udp:47313,192.168.3.117*,2,176,1,102,1,74
D4:F5:47:82:0E:C6,ALL,udp:47313,8.8.8.8*,2,176,1,74,1,102
D4:F5:47:82:0E:C6,ALL,udp:50886,192.168.3.117*,2,176,1,102,1,74
D4:F5:47:82:0E:C6,ALL,udp:50886,8.8.8.8*,2,176,1,74,1,102
D4:F5:47:82:0E:C6,ALL,udp:54734,192.168.3.117*,2,176,1,102,1,74
D4:F5:47:82:0E:C6,ALL,udp:54734,8.8.8.8*,2,176,1,74,1,102
D4:F5:47:82:0E:C6,ALL,udp:46605,192.168.3.117*,2,164,1,90,1,74
D4:F5:47:82:0E:C6,ALL,udp:46605,8.8.8.8*,2,164,1,74,1,90
D4:F5:47:82:0E:C6,ALL,udp:47416,192.168.3.117*,2,164,1,90,1,74
D4:F5:47:82:0E:C6,ALL,udp:47416,8.8.8.8*,2,164,1,74,1,90
D4:F5:47:82:0E:C6,ALL,udp:57241,192.168.3.117*,2,176,1,102,1,74
D4:F5:47:82:0E:C6,ALL,udp:57241,8.8.8.8*,2,176,1,74,1,102
D4:F5:47:82:0E:C6,ALL,udp:48275,192.168.3.117*,2,164,1,90,1,74
D4:F5:47:82:0E:C6,ALL,udp:48275,8.8.8.8*,2,164,1,74,1,90
D4:F5:47:82:0E:C6,ALL,udp:54140,192.168.3.117*,2,176,1,102,1,74
D4:F5:47:82:0E:C6,ALL,udp:54140,8.8.8.8*,2,176,1,74,1,102
D4:F5:47:82:0E:C6,ALL,udp:38695,192.168.3.117*,2,164,1,90,1,74
D4:F5:47:82:0E:C6,ALL,udp:38695,8.8.8.8*,2,164,1,74,1,90
D4:F5:47:82:0E:C6,ALL,udp:47054,192.168.3.117*,2,176,1,102,1,74
D4:F5:47:82:0E:C6,ALL,udp:47054,8.8.8.8*,2,176,1,74,1,102
D4:F5:47:82:0E:C6,ALL,udp:56392,192.168.3.117*,2,164,1,90,1,74
D4:F5:47:82:0E:C6,ALL,udp:56392,8.8.8.8*,2,164,1,74,1,90
D4:F5:47:82:0E:C6,ALL,udp:56939,192.168.3.117*,2,176,1,102,1,74
D4:F5:47:82:0E:C6,ALL,udp:56939,8.8.8.8*,2,176,1,74,1,102
D4:F5:47:82:0E:C6,ALL,udp:33897,192.168.3.117*,2,164,1,90,1,74
D4:F5:47:82:0E:C6,ALL,udp:33897,8.8.8.8*,2,164,1,74,1,90
D4:F5:47:82:0E:C6,ALL,udp:51902,192.168.3.117*,2,176,1,102,1,74
D4:F5:47:82:0E:C6,ALL,udp:51902,8.8.8.8*,2,176,1,74,1,102
D4:F5:47:82:0E:C6,ALL,udp:44239,192.168.3.117*,2,164,1,90,1,74
D4:F5:47:82:0E:C6,ALL,udp:44239,8.8.8.8*,2,164,1,74,1,90
D4:F5:47:82:0E:C6,ALL,udp:35689,192.168.3.117*,2,176,1,102,1,74
D4:F5:47:82:0E:C6,ALL,udp:35689,8.8.8.8*,2,176,1,74,1,102
D4:F5:47:82:0E:C6,ALL,udp:58243,192.168.3.117*,2,164,1,90,1,74
D4:F5:47:82:0E:C6,ALL,udp:58243,8.8.8.8*,2,164,1,74,1,90
D4:F5:47:82:0E:C6,ALL,udp:34516,192.168.3.117*,2,176,1,102,1,74
D4:F5:47:82:0E:C6,ALL,udp:34516,8.8.8.8*,2,176,1,74,1,102
D4:F5:47:82:0E:C6,ALL,udp:44202,192.168.3.117*,2,164,1,90,1,74
D4:F5:47:82:0E:C6,ALL,udp:44202,8.8.8.8*,2,164,1,74,1,90
D4:F5:47:82:0E:C6,ALL,udp:44813,192.168.3.117*,2,176,1,102,1,74
D4:F5:47:82:0E:C6,ALL,udp:44813,8.8.8.8*,2,176,1,74,1,102
D4:F5:47:82:0E:C6,ALL,udp:54475,192.168.3.117*,2,198,1,119,1,79
D4:F5:47:82:0E:C6,ALL,udp:54475,8.8.8.8*,2,198,1,79,1,119
D4:F5:47:82:0E:C6,ALL,udp:35005,192.168.3.117*,2,176,1,102,1,74
D4:F5:47:82:0E:C6,ALL,udp:35005,8.8.8.8*,2,176,1,74,1,102
D4:F5:47:82:0E:C6,ALL,udp:43387,192.168.3.117*,2,164,1,90,1,74
D4:F5:47:82:0E:C6,ALL,udp:43387,8.8.8.8*,2,164,1,74,1,90
D4:F5:47:82:0E:C6,ALL,udp:56025,192.168.3.117*,2,176,1,102,1,74
D4:F5:47:82:0E:C6,ALL,udp:56025,8.8.8.8*,2,176,1,74,1,102
D4:F5:47:82:0E:C6,ALL,udp:51975,192.168.3.117*,2,164,1,90,1,74
D4:F5:47:82:0E:C6,ALL,udp:51975,8.8.8.8*,2,164,1,74,1,90
D4:F5:47:82:0E:C6,ALL,udp:39876,192.168.3.117*,2,176,1,102,1,74
D4:F5:47:82:0E:C6,ALL,udp:39876,8.8.8.8*,2,176,1,74,1,102
D4:F5:47:82:0E:C6,ALL,udp:52005,192.168.3.117*,2,164,1,90,1,74
D4:F5:47:82:0E:C6,ALL,udp:52005,8.8.8.8*,2,164,1,74,1,90
D4:F5:47:82:0E:C6,ALL,udp:34611,192.168.3.117*,2,176,1,102,1,74
D4:F5:47:82:0E:C6,ALL,udp:34611,8.8.8.8*,2,176,1,74,1,102
D4:F5:47:82:0E:C6,ALL,udp:54692,192.168.3.117*,2,164,1,90,1,74
D4:F5:47:82:0E:C6,ALL,udp:54692,8.8.8.8*,2,164,1,74,1,90
D4:F5:47:82:0E:C6,ALL,udp:48622,192.168.3.117*,2,176,1,102,1,74
D4:F5:47:82:0E:C6,ALL,udp:48622,8.8.8.8*,2,176,1,74,1,102
D4:F5:47:82:0E:C6,ALL,udp:44853,192.168.3.117*,2,164,1,90,1,74
D4:F5:47:82:0E:C6,ALL,udp:44853,8.8.8.8*,2,164,1,74,1,90
D4:F5:47:82:0E:C6,ALL,udp:55796,192.168.3.117*,2,176,1,102,1,74
D4:F5:47:82:0E:C6,ALL,udp:55796,8.8.8.8*,2,176,1,74,1,102
D4:F5:47:82:0E:C6,ALL,udp:52800,192.168.3.117*,2,164,1,90,1,74
D4:F5:47:82:0E:C6,ALL,udp:52800,8.8.8.8*,2,164,1,74,1,90
D4:F5:47:82:0E:C6,ALL,udp:42902,192.168.3.117*,2,164,1,90,1,74
D4:F5:47:82:0E:C6,ALL,udp:42902,8.8.8.8*,2,164,1,74,1,90
D4:F5:47:82:0E:C6,ALL,udp:41230,192.168.3.117*,2,176,1,102,1,74
D4:F5:47:82:0E:C6,ALL,udp:41230,8.8.8.8*,2,176,1,74,1,102
D4:F5:47:82:0E:C6,ALL,udp:44323,192.168.3.117*,2,176,1,102,1,74
D4:F5:47:82:0E:C6,ALL,udp:44323,8.8.8.8*,2,176,1,74,1,102
D4:F5:47:82:0E:C6,ALL,udp:45503,192.168.3.117*,2,164,1,90,1,74
D4:F5:47:82:0E:C6,ALL,udp:45503,8.8.8.8*,2,164,1,74,1,90
D4:F5:47:82:0E:C6,ALL,udp:42044,192.168.3.117*,2,176,1,102,1,74
D4:F5:47:82:0E:C6,ALL,udp:42044,8.8.8.8*,2,176,1,74,1,102
D4:F5:47:82:0E:C6,ALL,udp:59650,192.168.3.117*,2,164,1,90,1,74
D4:F5:47:82:0E:C6,ALL,udp:59650,8.8.8.8*,2,164,1,74,1,90
D4:F5:47:82:0E:C6,ALL,udp:43666,192.168.3.117*,2,176,1,102,1,74
D4:F5:47:82:0E:C6,ALL,udp:43666,8.8.8.8*,2,176,1,74,1,102
D4:F5:47:82:0E:C6,ALL,udp:43245,192.168.3.117*,2,164,1,90,1,74
D4:F5:47:82:0E:C6,ALL,udp:43245,8.8.8.8*,2,164,1,74,1,90
D4:F5:47:82:0E:C6,ALL,udp:52982,192.168.3.117*,2,176,1,102,1,74
D4:F5:47:82:0E:C6,ALL,udp:52982,8.8.8.8*,2,176,1,74,1,102
D4:F5:47:82:0E:C6,ALL,udp:33810,192.168.3.117*,2,164,1,90,1,74
D4:F5:47:82:0E:C6,ALL,udp:33810,8.8.8.8*,2,164,1,74,1,90
D4:F5:47:82:0E:C6,ALL,udp:55041,192.168.3.117*,2,176,1,102,1,74
D4:F5:47:82:0E:C6,ALL,udp:55041,8.8.8.8*,2,176,1,74,1,102
D4:F5:47:82:0E:C6,ALL,udp:58657,192.168.3.117*,2,164,1,90,1,74
D4:F5:47:82:0E:C6,ALL,udp:58657,8.8.8.8*,2,164,1,74,1,90
D4:F5:47:82:0E:C6,ALL,udp:47246,192.168.3.117*,2,176,1,102,1,74
D4:F5:47:82:0E:C6,ALL,udp:47246,8.8.8.8*,2,176,1,74,1,102
D4:F5:47:82:0E:C6,ALL,udp:41398,192.168.3.117*,2,164,1,90,1,74
D4:F5:47:82:0E:C6,ALL,udp:41398,8.8.8.8*,2,164,1,74,1,90
D4:F5:47:82:0E:C6,ALL,udp:40287,192.168.3.117*,2,176,1,102,1,74
D4:F5:47:82:0E:C6,ALL,udp:40287,8.8.8.8*,2,176,1,74,1,102
D4:F5:47:82:0E:C6,ALL,udp:38215,192.168.3.117*,2,176,1,102,1,74
D4:F5:47:82:0E:C6,ALL,udp:38215,8.8.8.8*,2,176,1,74,1,102
D4:F5:47:82:0E:C6,ALL,udp:51870,192.168.3.117*,2,176,1,102,1,74
D4:F5:47:82:0E:C6,ALL,udp:51870,8.8.8.8*,2,176,1,74,1,102
D4:F5:47:82:0E:C6,ALL,udp:40207,192.168.3.117*,2,198,1,119,1,79
D4:F5:47:82:0E:C6,ALL,udp:40207,8.8.8.8*,2,198,1,79,1,119
D4:F5:47:82:0E:C6,ALL,udp:39930,192.168.3.117*,2,176,1,102,1,74
D4:F5:47:82:0E:C6,ALL,udp:39930,8.8.8.8*,2,176,1,74,1,102
D4:F5:47:82:0E:C6,ALL,udp:35604,192.168.3.117*,2,176,1,102,1,74
D4:F5:47:82:0E:C6,ALL,udp:35604,8.8.8.8*,2,176,1,74,1,102
D4:F5:47:82:0E:C6,ALL,udp:51409,192.168.3.117*,2,164,1,90,1,74
D4:F5:47:82:0E:C6,ALL,udp:51409,8.8.8.8*,2,164,1,74,1,90
D4:F5:47:82:0E:C6,ALL,udp:59110,192.168.3.117*,2,176,1,102,1,74
D4:F5:47:82:0E:C6,ALL,udp:59110,8.8.8.8*,2,176,1,74,1,102
D4:F5:47:82:0E:C6,ALL,udp:36572,192.168.3.117*,2,176,1,102,1,74
D4:F5:47:82:0E:C6,ALL,udp:36572,8.8.8.8*,2,176,1,74,1,102
D4:F5:47:82:0E:C6,ALL,udp:45775,192.168.3.117*,2,176,1,102,1,74
D4:F5:47:82:0E:C6,ALL,udp:45775,8.8.8.8*,2,176,1,74,1,102
D4:F5:47:82:0E:C6,ALL,udp:52303,192.168.3.117*,2,164,1,90,1,74
D4:F5:47:82:0E:C6,ALL,udp:52303,8.8.8.8*,2,164,1,74,1,90
D4:F5:47:82:0E:C6,ALL,udp:39179,192.168.3.117*,2,164,1,90,1,74
D4:F5:47:82:0E:C6,ALL,udp:39179,8.8.8.8*,2,164,1,74,1,90
D4:F5:47:82:0E:C6,ALL,udp:58354,192.168.3.117*,2,176,1,102,1,74
D4:F5:47:82:0E:C6,ALL,udp:58354,8.8.8.8*,2,176,1,74,1,102
D4:F5:47:82:0E:C6,ALL,udp:49265,192.168.3.117*,2,164,1,90,1,74
D4:F5:47:82:0E:C6,ALL,udp:49265,8.8.8.8*,2,164,1,74,1,90
D4:F5:47:82:0E:C6,ALL,udp:54413,142.251.32.110*,19,10786,11,7272,8,3514
D4:F5:47:82:0E:C6,ALL,udp:54413,8.8.8.8*,2,176,1,74,1,102
D4:F5:47:82:0E:C6,ALL,udp:60006,192.168.3.117*,2,176,1,102,1,74
D4:F5:47:82:0E:C6,ALL,udp:60006,8.8.8.8*,2,176,1,74,1,102
D4:F5:47:82:0E:C6,ALL,udp:55939,192.168.3.117*,2,176,1,102,1,74
D4:F5:47:82:0E:C6,ALL,udp:55939,8.8.8.8*,2,176,1,74,1,102
D4:F5:47:82:0E:C6,ALL,udp:38300,192.168.3.117*,2,164,1,90,1,74
D4:F5:47:82:0E:C6,ALL,udp:38300,8.8.8.8*,2,164,1,74,1,90
D4:F5:47:82:0E:C6,ALL,udp:56275,192.168.3.117*,2,176,1,102,1,74
D4:F5:47:82:0E:C6,ALL,udp:56275,8.8.8.8*,2,176,1,74,1,102
D4:F5:47:82:0E:C6,ALL,udp:44300,192.168.3.117*,2,164,1,90,1,74
D4:F5:47:82:0E:C6,ALL,udp:44300,8.8.8.8*,2,164,1,74,1,90
D4:F5:47:82:0E:C6,ALL,udp:33414,192.168.3.117*,2,164,1,90,1,74
D4:F5:47:82:0E:C6,ALL,udp:33414,8.8.8.8*,2,164,1,74,1,90
D4:F5:47:82:0E:C6,ALL,udp:33968,192.168.3.117*,2,176,1,102,1,74
D4:F5:47:82:0E:C6,ALL,udp:33968,8.8.8.8*,2,176,1,74,1,102
D4:F5:47:82:0E:C6,ALL,udp:40716,192.168.3.117*,2,164,1,90,1,74
D4:F5:47:82:0E:C6,ALL,udp:40716,8.8.8.8*,2,164,1,74,1,90
D4:F5:47:82:0E:C6,ALL,udp:57034,192.168.3.117*,2,164,1,90,1,74
D4:F5:47:82:0E:C6,ALL,udp:57034,8.8.8.8*,2,164,1,74,1,90
D4:F5:47:82:0E:C6,ALL,udp:60071,192.168.3.117*,2,176,1,102,1,74
D4:F5:47:82:0E:C6,ALL,udp:60071,8.8.8.8*,2,176,1,74,1,102
D4:F5:47:82:0E:C6,ALL,udp:37309,192.168.3.117*,2,164,1,90,1,74
D4:F5:47:82:0E:C6,ALL,udp:37309,8.8.8.8*,2,164,1,74,1,90
D4:F5:47:82:0E:C6,ALL,udp:46988,192.168.3.117*,2,164,1,90,1,74
D4:F5:47:82:0E:C6,ALL,udp:46988,8.8.8.8*,2,164,1,74,1,90
D4:F5:47:82:0E:C6,ALL,udp:37522,192.168.3.117*,2,164,1,90,1,74
D4:F5:47:82:0E:C6,ALL,udp:37522,8.8.8.8*,2,164,1,74,1,90
D4:F5:47:82:0E:C6,ALL,udp:34082,192.168.3.117*,2,164,1,90,1,74
D4:F5:47:82:0E:C6,ALL,udp:34082,8.8.8.8*,2,164,1,74,1,90
D4:F5:47:82:0E:C6,ALL,udp:32968,192.168.3.117*,2,176,1,102,1,74
D4:F5:47:82:0E:C6,ALL,udp:32968,8.8.8.8*,2,176,1,74,1,102
D4:F5:47:82:0E:C6,ALL,udp:33319,192.168.3.117*,2,176,1,102,1,74
D4:F5:47:82:0E:C6,ALL,udp:33319,8.8.8.8*,2,176,1,74,1,102
D4:F5:47:82:0E:C6,ALL,udp:55585,192.168.3.117*,2,176,1,102,1,74
D4:F5:47:82:0E:C6,ALL,udp:55585,8.8.8.8*,2,176,1,74,1,102
D4:F5:47:82:0E:C6,ALL,udp:45125,192.168.3.117*,2,164,1,90,1,74
D4:F5:47:82:0E:C6,ALL,udp:45125,8.8.8.8*,2,164,1,74,1,90
D4:F5:47:82:0E:C6,ALL,udp:38714,192.168.3.117*,2,176,1,102,1,74
D4:F5:47:82:0E:C6,ALL,udp:38714,8.8.8.8*,2,176,1,74,1,102
D4:F5:47:82:0E:C6,ALL,udp:34750,192.168.3.117*,2,164,1,90,1,74
D4:F5:47:82:0E:C6,ALL,udp:34750,8.8.8.8*,2,164,1,74,1,90
D4:F5:47:82:0E:C6,ALL,udp:38319,192.168.3.117*,2,176,1,102,1,74
D4:F5:47:82:0E:C6,ALL,udp:38319,8.8.8.8*,2,176,1,74,1,102
D4:F5:47:82:0E:C6,ALL,udp:58887,192.168.3.117*,2,164,1,90,1,74
D4:F5:47:82:0E:C6,ALL,udp:58887,8.8.8.8*,2,164,1,74,1,90
D4:F5:47:82:0E:C6,ALL,udp:47365,192.168.3.117*,2,176,1,102,1,74
D4:F5:47:82:0E:C6,ALL,udp:47365,8.8.8.8*,2,176,1,74,1,102
D4:F5:47:82:0E:C6,ALL,udp:56435,192.168.3.117*,2,164,1,90,1,74
D4:F5:47:82:0E:C6,ALL,udp:56435,8.8.8.8*,2,164,1,74,1,90
D4:F5:47:82:0E:C6,ALL,udp:52477,192.168.3.117*,2,176,1,102,1,74
D4:F5:47:82:0E:C6,ALL,udp:52477,8.8.8.8*,2,176,1,74,1,102
D4:F5:47:82:0E:C6,ALL,udp:46431,172.217.165.142*,19,10792,11,7278,8,3514
D4:F5:47:82:0E:C6,ALL,udp:46431,8.8.8.8*,2,176,1,74,1,102
D4:F5:47:82:0E:C6,ALL,udp:36713,192.168.3.117*,2,164,1,90,1,74
D4:F5:47:82:0E:C6,ALL,udp:36713,8.8.8.8*,2,164,1,74,1,90
D4:F5:47:82:0E:C6,ALL,udp:51053,192.168.3.117*,2,176,1,102,1,74
D4:F5:47:82:0E:C6,ALL,udp:51053,8.8.8.8*,2,176,1,74,1,102
D4:F5:47:82:0E:C6,ALL,udp:36445,192.168.3.117*,2,164,1,90,1,74
D4:F5:47:82:0E:C6,ALL,udp:36445,8.8.8.8*,2,164,1,74,1,90
D4:F5:47:82:0E:C6,ALL,udp:40901,192.168.3.117*,2,176,1,102,1,74
D4:F5:47:82:0E:C6,ALL,udp:40901,8.8.8.8*,2,176,1,74,1,102
D4:F5:47:82:0E:C6,ALL,udp:47431,192.168.3.117*,2,164,1,90,1,74
D4:F5:47:82:0E:C6,ALL,udp:47431,8.8.8.8*,2,164,1,74,1,90
D4:F5:47:82:0E:C6,ALL,udp:36158,192.168.3.117*,2,176,1,102,1,74
D4:F5:47:82:0E:C6,ALL,udp:36158,8.8.8.8*,2,176,1,74,1,102
D4:F5:47:82:0E:C6,ALL,udp:49951,192.168.3.117*,2,176,1,102,1,74
D4:F5:47:82:0E:C6,ALL,udp:49951,8.8.8.8*,2,176,1,74,1,102
D4:F5:47:82:0E:C6,ALL,udp:39265,192.168.3.117*,2,176,1,102,1,74
D4:F5:47:82:0E:C6,ALL,udp:39265,8.8.8.8*,2,176,1,74,1,102
D4:F5:47:82:0E:C6,ALL,udp:58054,192.168.3.117*,2,176,1,102,1,74
D4:F5:47:82:0E:C6,ALL,udp:58054,8.8.8.8*,2,176,1,74,1,102
D4:F5:47:82:0E:C6,ALL,udp:56873,192.168.3.117*,2,164,1,90,1,74
D4:F5:47:82:0E:C6,ALL,udp:56873,8.8.8.8*,2,164,1,74,1,90
D4:F5:47:82:0E:C6,ALL,udp:54014,192.168.3.117*,2,176,1,102,1,74
D4:F5:47:82:0E:C6,ALL,udp:54014,8.8.8.8*,2,176,1,74,1,102
D4:F5:47:82:0E:C6,ALL,udp:55431,192.168.3.117*,2,164,1,90,1,74
D4:F5:47:82:0E:C6,ALL,udp:55431,8.8.8.8*,2,164,1,74,1,90
D4:F5:47:82:0E:C6,ALL,udp:56213,192.168.3.117*,2,176,1,102,1,74
D4:F5:47:82:0E:C6,ALL,udp:56213,8.8.8.8*,2,176,1,74,1,102
D4:F5:47:82:0E:C6,ALL,udp:37204,192.168.3.117*,2,164,1,90,1,74
D4:F5:47:82:0E:C6,ALL,udp:37204,8.8.8.8*,2,164,1,74,1,90
D4:F5:47:82:0E:C6,ALL,udp:58011,192.168.3.117*,2,176,1,102,1,74
D4:F5:47:82:0E:C6,ALL,udp:58011,8.8.8.8*,2,176,1,74,1,102
D4:F5:47:82:0E:C6,ALL,udp:48418,192.168.3.117*,2,176,1,102,1,74
D4:F5:47:82:0E:C6,ALL,udp:48418,8.8.8.8*,2,176,1,74,1,102
D4:F5:47:82:0E:C6,ALL,udp:43890,192.168.3.117*,2,164,1,90,1,74
D4:F5:47:82:0E:C6,ALL,udp:43890,8.8.8.8*,2,164,1,74,1,90
D4:F5:47:82:0E:C6,ALL,udp:49850,142.251.32.110*,20,10870,12,7356,8,3514
D4:F5:47:82:0E:C6,ALL,udp:49850,8.8.8.8*,2,176,1,74,1,102
D4:F5:47:82:0E:C6,ALL,udp:60337,192.168.3.117*,2,164,1,90,1,74
D4:F5:47:82:0E:C6,ALL,udp:60337,8.8.8.8*,2,164,1,74,1,90
D4:F5:47:82:0E:C6,ALL,udp:36217,192.168.3.117*,2,176,1,102,1,74
D4:F5:47:82:0E:C6,ALL,udp:36217,8.8.8.8*,2,176,1,74,1,102
D4:F5:47:82:0E:C6,ALL,udp:60550,192.168.3.117*,2,164,1,90,1,74
D4:F5:47:82:0E:C6,ALL,udp:60550,8.8.8.8*,2,164,1,74,1,90
D4:F5:47:82:0E:C6,ALL,udp:48876,192.168.3.117*,2,164,1,90,1,74
D4:F5:47:82:0E:C6,ALL,udp:48876,8.8.8.8*,2,164,1,74,1,90
D4:F5:47:82:0E:C6,ALL,udp:52932,192.168.3.117*,2,176,1,102,1,74
D4:F5:47:82:0E:C6,ALL,udp:52932,8.8.8.8*,2,176,1,74,1,102
D4:F5:47:82:0E:C6,ALL,udp:47047,192.168.3.117*,2,176,1,102,1,74
D4:F5:47:82:0E:C6,ALL,udp:47047,8.8.8.8*,2,176,1,74,1,102
D4:F5:47:82:0E:C6,ALL,udp:60938,192.168.3.117*,2,164,1,90,1,74
D4:F5:47:82:0E:C6,ALL,udp:60938,8.8.8.8*,2,164,1,74,1,90
D4:F5:47:82:0E:C6,ALL,udp:44495,192.168.3.117*,2,164,1,90,1,74
D4:F5:47:82:0E:C6,ALL,udp:44495,8.8.8.8*,2,164,1,74,1,90
D4:F5:47:82:0E:C6,ALL,udp:52029,192.168.3.117*,2,198,1,119,1,79
D4:F5:47:82:0E:C6,ALL,udp:52029,8.8.8.8*,2,198,1,79,1,119
D4:F5:47:82:0E:C6,ALL,udp:57121,192.168.3.117*,2,164,1,90,1,74
D4:F5:47:82:0E:C6,ALL,udp:57121,8.8.8.8*,2,164,1,74,1,90
D4:F5:47:82:0E:C6,ALL,udp:54388,192.168.3.117*,2,176,1,102,1,74
D4:F5:47:82:0E:C6,ALL,udp:54388,8.8.8.8*,2,176,1,74,1,102
D4:F5:47:82:0E:C6,ALL,udp:37933,192.168.3.117*,2,164,1,90,1,74
D4:F5:47:82:0E:C6,ALL,udp:37933,8.8.8.8*,2,164,1,74,1,90
D4:F5:47:82:0E:C6,ALL,udp:49860,192.168.3.117*,2,176,1,102,1,74
D4:F5:47:82:0E:C6,ALL,udp:49860,8.8.8.8*,2,176,1,74,1,102
D4:F5:47:82:0E:C6,ALL,udp:58512,192.168.3.117*,2,164,1,90,1,74
D4:F5:47:82:0E:C6,ALL,udp:58512,8.8.8.8*,2,164,1,74,1,90
D4:F5:47:82:0E:C6,ALL,udp:42392,142.251.32.110*,20,10871,12,7357,8,3514
D4:F5:47:82:0E:C6,ALL,udp:42392,8.8.8.8*,2,176,1,74,1,102
D4:F5:47:82:0E:C6,ALL,udp:41457,192.168.3.117*,2,164,1,90,1,74
D4:F5:47:82:0E:C6,ALL,udp:41457,8.8.8.8*,2,164,1,74,1,90
D4:F5:47:82:0E:C6,ALL,udp:60175,192.168.3.117*,2,198,1,119,1,79
D4:F5:47:82:0E:C6,ALL,udp:60175,8.8.8.8*,2,198,1,79,1,119
D4:F5:47:82:0E:C6,ALL,udp:56839,192.168.3.117*,2,164,1,90,1,74
D4:F5:47:82:0E:C6,ALL,udp:56839,8.8.8.8*,2,164,1,74,1,90
D4:F5:47:82:0E:C6,ALL,udp:42816,192.168.3.117*,2,176,1,102,1,74
D4:F5:47:82:0E:C6,ALL,udp:42816,8.8.8.8*,2,176,1,74,1,102
D4:F5:47:82:0E:C6,ALL,udp:58264,172.217.165.142*,14,6665,7,3403,7,3262
D4:F5:47:82:0E:C6,ALL,udp:58264,8.8.8.8*,2,164,1,74,1,90
D4:F5:47:82:0E:C6,ALL,udp:55658,192.168.3.117*,2,164,1,90,1,74
D4:F5:47:82:0E:C6,ALL,udp:55658,8.8.8.8*,2,164,1,74,1,90
D4:F5:47:82:0E:C6,ALL,udp:37938,192.168.3.117*,2,176,1,102,1,74
D4:F5:47:82:0E:C6,ALL,udp:37938,8.8.8.8*,2,176,1,74,1,102
D4:F5:47:82:0E:C6,ALL,udp:53078,192.168.3.117*,2,164,1,90,1,74
D4:F5:47:82:0E:C6,ALL,udp:53078,8.8.8.8*,2,164,1,74,1,90
D4:F5:47:82:0E:C6,ALL,udp:56733,192.168.3.117*,2,176,1,102,1,74
D4:F5:47:82:0E:C6,ALL,udp:56733,8.8.8.8*,2,176,1,74,1,102
D4:F5:47:82:0E:C6,ALL,udp:57045,192.168.3.117*,2,164,1,90,1,74
D4:F5:47:82:0E:C6,ALL,udp:57045,8.8.8.8*,2,164,1,74,1,90
D4:F5:47:82:0E:C6,ALL,udp:43137,192.168.3.117*,2,176,1,102,1,74
D4:F5:47:82:0E:C6,ALL,udp:43137,8.8.8.8*,2,176,1,74,1,102
D4:F5:47:82:0E:C6,ALL,udp:47965,192.168.3.117*,2,176,1,102,1,74
D4:F5:47:82:0E:C6,ALL,udp:47965,8.8.8.8*,2,176,1,74,1,102
D4:F5:47:82:0E:C6,ALL,udp:50881,192.168.3.117*,2,164,1,90,1,74
D4:F5:47:82:0E:C6,ALL,udp:50881,8.8.8.8*,2,164,1,74,1,90
D4:F5:47:82:0E:C6,ALL,udp:57299,192.168.3.117*,2,164,1,90,1,74
D4:F5:47:82:0E:C6,ALL,udp:57299,8.8.8.8*,2,164,1,74,1,90
D4:F5:47:82:0E:C6,ALL,udp:44629,192.168.3.117*,2,176,1,102,1,74
D4:F5:47:82:0E:C6,ALL,udp:44629,8.8.8.8*,2,176,1,74,1,102
D4:F5:47:82:0E:C6,ALL,udp:44609,192.168.3.117*,2,164,1,90,1,74
D4:F5:47:82:0E:C6,ALL,udp:44609,8.8.8.8*,2,164,1,74,1,90
D4:F5:47:82:0E:C6,ALL,udp:39198,192.168.3.117*,2,176,1,102,1,74
D4:F5:47:82:0E:C6,ALL,udp:39198,8.8.8.8*,2,176,1,74,1,102
D4:F5:47:82:0E:C6,ALL,udp:56849,192.168.3.117*,2,176,1,102,1,74
D4:F5:47:82:0E:C6,ALL,udp:56849,8.8.8.8*,2,176,1,74,1,102
D4:F5:47:82:0E:C6,ALL,udp:50683,192.168.3.117*,2,164,1,90,1,74
D4:F5:47:82:0E:C6,ALL,udp:50683,8.8.8.8*,2,164,1,74,1,90
D4:F5:47:82:0E:C6,ALL,udp:50282,192.168.3.117*,2,164,1,90,1,74
D4:F5:47:82:0E:C6,ALL,udp:50282,8.8.8.8*,2,164,1,74,1,90
D4:F5:47:82:0E:C6,ALL,udp:36044,192.168.3.117*,2,176,1,102,1,74
D4:F5:47:82:0E:C6,ALL,udp:36044,8.8.8.8*,2,176,1,74,1,102
D4:F5:47:82:0E:C6,ALL,udp:37876,192.168.3.117*,2,164,1,90,1,74
D4:F5:47:82:0E:C6,ALL,udp:37876,8.8.8.8*,2,164,1,74,1,90
D4:F5:47:82:0E:C6,ALL,udp:56986,192.168.3.117*,2,176,1,102,1,74
D4:F5:47:82:0E:C6,ALL,udp:56986,8.8.8.8*,2,176,1,74,1,102
D4:F5:47:82:0E:C6,ALL,udp:47317,192.168.3.117*,2,164,1,90,1,74
D4:F5:47:82:0E:C6,ALL,udp:47317,8.8.8.8*,2,164,1,74,1,90
D4:F5:47:82:0E:C6,ALL,udp:37855,192.168.3.117*,2,176,1,102,1,74
D4:F5:47:82:0E:C6,ALL,udp:37855,8.8.8.8*,2,176,1,74,1,102
D4:F5:47:82:0E:C6,ALL,udp:46636,192.168.3.117*,2,164,1,90,1,74
D4:F5:47:82:0E:C6,ALL,udp:46636,8.8.8.8*,2,164,1,74,1,90
D4:F5:47:82:0E:C6,ALL,udp:58534,192.168.3.117*,2,176,1,102,1,74
D4:F5:47:82:0E:C6,ALL,udp:58534,8.8.8.8*,2,176,1,74,1,102
D4:F5:47:82:0E:C6,ALL,udp:34951,192.168.3.117*,2,176,1,102,1,74
D4:F5:47:82:0E:C6,ALL,udp:34951,8.8.8.8*,2,176,1,74,1,102
D4:F5:47:82:0E:C6,ALL,udp:36038,192.168.3.117*,2,164,1,90,1,74
D4:F5:47:82:0E:C6,ALL,udp:36038,8.8.8.8*,2,164,1,74,1,90
D4:F5:47:82:0E:C6,ALL,udp:37600,192.168.3.117*,2,176,1,102,1,74
D4:F5:47:82:0E:C6,ALL,udp:37600,8.8.8.8*,2,176,1,74,1,102
D4:F5:47:82:0E:C6,ALL,udp:51042,192.168.3.117*,2,164,1,90,1,74
D4:F5:47:82:0E:C6,ALL,udp:51042,8.8.8.8*,2,164,1,74,1,90
D4:F5:47:82:0E:C6,ALL,udp:43989,192.168.3.117*,2,176,1,102,1,74
D4:F5:47:82:0E:C6,ALL,udp:43989,8.8.8.8*,2,176,1,74,1,102
D4:F5:47:82:0E:C6,ALL,udp:54523,192.168.3.117*,2,176,1,102,1,74
D4:F5:47:82:0E:C6,ALL,udp:54523,8.8.8.8*,2,176,1,74,1,102
D4:F5:47:82:0E:C6,ALL,udp:39062,192.168.3.117*,2,164,1,90,1,74
D4:F5:47:82:0E:C6,ALL,udp:39062,8.8.8.8*,2,164,1,74,1,90
D4:F5:47:82:0E:C6,ALL,udp:33289,192.168.3.117*,2,164,1,90,1,74
D4:F5:47:82:0E:C6,ALL,udp:33289,8.8.8.8*,2,164,1,74,1,90
D4:F5:47:82:0E:C6,ALL,udp:59614,192.168.3.117*,2,176,1,102,1,74
D4:F5:47:82:0E:C6,ALL,udp:59614,8.8.8.8*,2,176,1,74,1,102
D4:F5:47:82:0E:C6,ALL,udp:54540,192.168.3.117*,2,176,1,102,1,74
D4:F5:47:82:0E:C6,ALL,udp:54540,8.8.8.8*,2,176,1,74,1,102
D4:F5:47:82:0E:C6,ALL,udp:52226,192.168.3.117*,2,164,1,90,1,74
D4:F5:47:82:0E:C6,ALL,udp:52226,8.8.8.8*,2,164,1,74,1,90
D4:F5:47:82:0E:C6,ALL,udp:56980,192.168.3.117*,2,164,1,90,1,74
D4:F5:47:82:0E:C6,ALL,udp:56980,8.8.8.8*,2,164,1,74,1,90
D4:F5:47:82:0E:C6,ALL,udp:37453,192.168.3.117*,2,176,1,102,1,74
D4:F5:47:82:0E:C6,ALL,udp:37453,8.8.8.8*,2,176,1,74,1,102
D4:F5:47:82:0E:C6,ALL,udp:34578,192.168.3.117*,2,176,1,102,1,74
D4:F5:47:82:0E:C6,ALL,udp:34578,8.8.8.8*,2,176,1,74,1,102
D4:F5:47:82:0E:C6,ALL,udp:52410,192.168.3.117*,2,164,1,90,1,74
D4:F5:47:82:0E:C6,ALL,udp:52410,8.8.8.8*,2,164,1,74,1,90
D4:F5:47:82:0E:C6,ALL,udp:59374,192.168.3.117*,2,176,1,102,1,74
D4:F5:47:82:0E:C6,ALL,udp:59374,8.8.8.8*,2,176,1,74,1,102
D4:F5:47:82:0E:C6,ALL,udp:41904,192.168.3.117*,2,198,1,119,1,79
D4:F5:47:82:0E:C6,ALL,udp:41904,8.8.8.8*,2,198,1,79,1,119
D4:F5:47:82:0E:C6,ALL,udp:43254,192.168.3.117*,2,164,1,90,1,74
D4:F5:47:82:0E:C6,ALL,udp:43254,8.8.8.8*,2,164,1,74,1,90
D4:F5:47:82:0E:C6,ALL,udp:40365,192.168.3.117*,2,176,1,102,1,74
D4:F5:47:82:0E:C6,ALL,udp:40365,8.8.8.8*,2,176,1,74,1,102
D4:F5:47:82:0E:C6,ALL,udp:45197,192.168.3.117*,2,164,1,90,1,74
D4:F5:47:82:0E:C6,ALL,udp:45197,8.8.8.8*,2,164,1,74,1,90
D4:F5:47:82:0E:C6,ALL,udp:37780,192.168.3.117*,2,176,1,102,1,74
D4:F5:47:82:0E:C6,ALL,udp:37780,8.8.8.8*,2,176,1,74,1,102
D4:F5:47:82:0E:C6,ALL,udp:40309,192.168.3.117*,2,164,1,90,1,74
D4:F5:47:82:0E:C6,ALL,udp:40309,8.8.8.8*,2,164,1,74,1,90
D4:F5:47:82:0E:C6,ALL,udp:58095,192.168.3.117*,2,176,1,102,1,74
D4:F5:47:82:0E:C6,ALL,udp:58095,8.8.8.8*,2,176,1,74,1,102
D4:F5:47:82:0E:C6,ALL,udp:40933,192.168.3.117*,2,164,1,90,1,74
D4:F5:47:82:0E:C6,ALL,udp:40933,8.8.8.8*,2,164,1,74,1,90
D4:F5:47:82:0E:C6,ALL,udp:50681,192.168.3.117*,2,164,1,90,1,74
D4:F5:47:82:0E:C6,ALL,udp:50681,8.8.8.8*,2,164,1,74,1,90
D4:F5:47:82:0E:C6,ALL,udp:33344,192.168.3.117*,2,176,1,102,1,74
D4:F5:47:82:0E:C6,ALL,udp:33344,8.8.8.8*,2,176,1,74,1,102
D4:F5:47:82:0E:C6,ALL,udp:37269,192.168.3.117*,2,198,1,119,1,79
D4:F5:47:82:0E:C6,ALL,udp:37269,8.8.8.8*,2,198,1,79,1,119
D4:F5:47:82:0E:C6,ALL,udp:57876,192.168.3.117*,2,164,1,90,1,74
D4:F5:47:82:0E:C6,ALL,udp:57876,8.8.8.8*,2,164,1,74,1,90
D4:F5:47:82:0E:C6,ALL,udp:59609,192.168.3.117*,2,176,1,102,1,74
D4:F5:47:82:0E:C6,ALL,udp:59609,8.8.8.8*,2,176,1,74,1,102
D4:F5:47:82:0E:C6,ALL,udp:48044,192.168.3.117*,2,164,1,90,1,74
D4:F5:47:82:0E:C6,ALL,udp:48044,8.8.8.8*,2,164,1,74,1,90
D4:F5:47:82:0E:C6,ALL,udp:46240,192.168.3.117*,2,176,1,102,1,74
D4:F5:47:82:0E:C6,ALL,udp:46240,8.8.8.8*,2,176,1,74,1,102
D4:F5:47:82:0E:C6,ALL,udp:55516,192.168.3.117*,2,164,1,90,1,74
D4:F5:47:82:0E:C6,ALL,udp:55516,8.8.8.8*,2,164,1,74,1,90
D4:F5:47:82:0E:C6,ALL,udp:55323,192.168.3.117*,2,176,1,102,1,74
D4:F5:47:82:0E:C6,ALL,udp:55323,8.8.8.8*,2,176,1,74,1,102
D4:F5:47:82:0E:C6,ALL,udp:46166,192.168.3.117*,2,176,1,102,1,74
D4:F5:47:82:0E:C6,ALL,udp:46166,8.8.8.8*,2,176,1,74,1,102
D4:F5:47:82:0E:C6,ALL,udp:40614,192.168.3.117*,2,176,1,102,1,74
D4:F5:47:82:0E:C6,ALL,udp:40614,8.8.8.8*,2,176,1,74,1,102
D4:F5:47:82:0E:C6,ALL,udp:33554,192.168.3.117*,2,164,1,90,1,74
D4:F5:47:82:0E:C6,ALL,udp:33554,8.8.8.8*,2,164,1,74,1,90
D4:F5:47:82:0E:C6,ALL,udp:47991,192.168.3.117*,2,176,1,102,1,74
D4:F5:47:82:0E:C6,ALL,udp:47991,8.8.8.8*,2,176,1,74,1,102
D4:F5:47:82:0E:C6,ALL,udp:54120,192.168.3.117*,2,164,1,90,1,74
D4:F5:47:82:0E:C6,ALL,udp:54120,8.8.8.8*,2,164,1,74,1,90
D4:F5:47:82:0E:C6,ALL,udp:46716,192.168.3.117*,2,176,1,102,1,74
D4:F5:47:82:0E:C6,ALL,udp:46716,8.8.8.8*,2,176,1,74,1,102
D4:F5:47:82:0E:C6,ALL,udp:55647,192.168.3.117*,2,164,1,90,1,74
D4:F5:47:82:0E:C6,ALL,udp:55647,8.8.8.8*,2,164,1,74,1,90
D4:F5:47:82:0E:C6,ALL,udp:36338,192.168.3.117*,2,176,1,102,1,74
D4:F5:47:82:0E:C6,ALL,udp:36338,8.8.8.8*,2,176,1,74,1,102
D4:F5:47:82:0E:C6,ALL,udp:43697,192.168.3.117*,2,164,1,90,1,74
D4:F5:47:82:0E:C6,ALL,udp:43697,8.8.8.8*,2,164,1,74,1,90
D4:F5:47:82:0E:C6,ALL,udp:38997,192.168.3.117*,2,176,1,102,1,74
D4:F5:47:82:0E:C6,ALL,udp:38997,8.8.8.8*,2,176,1,74,1,102
D4:F5:47:82:0E:C6,ALL,udp:48773,192.168.3.117*,2,176,1,102,1,74
D4:F5:47:82:0E:C6,ALL,udp:48773,8.8.8.8*,2,176,1,74,1,102
D4:F5:47:82:0E:C6,ALL,udp:42904,192.168.3.117*,2,176,1,102,1,74
D4:F5:47:82:0E:C6,ALL,udp:42904,8.8.8.8*,2,176,1,74,1,102
D4:F5:47:82:0E:C6,ALL,udp:37504,192.168.3.117*,2,164,1,90,1,74
D4:F5:47:82:0E:C6,ALL,udp:37504,8.8.8.8*,2,164,1,74,1,90
D4:F5:47:82:0E:C6,ALL,udp:54779,192.168.3.117*,2,176,1,102,1,74
D4:F5:47:82:0E:C6,ALL,udp:54779,8.8.8.8*,2,176,1,74,1,102
D4:F5:47:82:0E:C6,ALL,udp:43749,192.168.3.117*,2,176,1,102,1,74
D4:F5:47:82:0E:C6,ALL,udp:43749,8.8.8.8*,2,176,1,74,1,102
D4:F5:47:82:0E:C6,ALL,udp:59904,192.168.3.117*,2,164,1,90,1,74
D4:F5:47:82:0E:C6,ALL,udp:59904,8.8.8.8*,2,164,1,74,1,90
D4:F5:47:82:0E:C6,ALL,udp:53060,192.168.3.117*,2,176,1,102,1,74
D4:F5:47:82:0E:C6,ALL,udp:53060,8.8.8.8*,2,176,1,74,1,102
D4:F5:47:82:0E:C6,ALL,udp:47767,192.168.3.117*,2,176,1,102,1,74
D4:F5:47:82:0E:C6,ALL,udp:47767,8.8.8.8*,2,176,1,74,1,102
D4:F5:47:82:0E:C6,ALL,udp:39907,192.168.3.117*,2,164,1,90,1,74
D4:F5:47:82:0E:C6,ALL,udp:39907,8.8.8.8*,2,164,1,74,1,90
D4:F5:47:82:0E:C6,ALL,udp:51265,192.168.3.117*,2,176,1,102,1,74
D4:F5:47:82:0E:C6,ALL,udp:51265,8.8.8.8*,2,176,1,74,1,102
D4:F5:47:82:0E:C6,ALL,udp:53867,192.168.3.117*,2,164,1,90,1,74
D4:F5:47:82:0E:C6,ALL,udp:53867,8.8.8.8*,2,164,1,74,1,90
D4:F5:47:82:0E:C6,ALL,udp:53560,192.168.3.117*,2,176,1,102,1,74
D4:F5:47:82:0E:C6,ALL,udp:53560,8.8.8.8*,2,176,1,74,1,102
D4:F5:47:82:0E:C6,ALL,udp:60976,192.168.3.117*,2,164,1,90,1,74
D4:F5:47:82:0E:C6,ALL,udp:60976,8.8.8.8*,2,164,1,74,1,90
D4:F5:47:82:0E:C6,ALL,udp:54008,192.168.3.117*,2,176,1,102,1,74
D4:F5:47:82:0E:C6,ALL,udp:54008,8.8.8.8*,2,176,1,74,1,102
D4:F5:47:82:0E:C6,ALL,udp:46093,216.239.35.4,2,180,1,90,1,90
D4:F5:47:82:0E:C6,ALL,udp:46093,8.8.8.8,2,198,1,79,1,119
D4:F5:47:82:0E:C6,ALL,udp:46315,192.168.3.117*,2,164,1,90,1,74
D4:F5:47:82:0E:C6,ALL,udp:46315,8.8.8.8*,2,164,1,74,1,90
D4:F5:47:82:0E:C6,ALL,udp:44317,192.168.3.117*,2,176,1,102,1,74
D4:F5:47:82:0E:C6,ALL,udp:44317,8.8.8.8*,2,176,1,74,1,102
D4:F5:47:82:0E:C6,ALL,udp:50910,192.168.3.117*,2,164,1,90,1,74
D4:F5:47:82:0E:C6,ALL,udp:50910,8.8.8.8*,2,164,1,74,1,90
D4:F5:47:82:0E:C6,ALL,udp:35641,192.168.3.117*,2,164,1,90,1,74
D4:F5:47:82:0E:C6,ALL,udp:35641,8.8.8.8*,2,164,1,74,1,90
D4:F5:47:82:0E:C6,ALL,udp:49555,192.168.3.117*,2,164,1,90,1,74
D4:F5:47:82:0E:C6,ALL,udp:49555,8.8.8.8*,2,164,1,74,1,90
D4:F5:47:82:0E:C6,ALL,udp:42197,192.168.3.117*,2,164,1,90,1,74
D4:F5:47:82:0E:C6,ALL,udp:42197,8.8.8.8*,2,164,1,74,1,90
D4:F5:47:82:0E:C6,ALL,udp:46955,192.168.3.117*,2,176,1,102,1,74
D4:F5:47:82:0E:C6,ALL,udp:46955,8.8.8.8*,2,176,1,74,1,102
D4:F5:47:82:0E:C6,ALL,udp:33877,192.168.3.117*,2,164,1,90,1,74
D4:F5:47:82:0E:C6,ALL,udp:33877,8.8.8.8*,2,164,1,74,1,90
D4:F5:47:82:0E:C6,ALL,udp:60312,192.168.3.117*,2,176,1,102,1,74
D4:F5:47:82:0E:C6,ALL,udp:60312,8.8.8.8*,2,176,1,74,1,102
D4:F5:47:82:0E:C6,ALL,udp:52266,192.168.3.117*,2,164,1,90,1,74
D4:F5:47:82:0E:C6,ALL,udp:52266,8.8.8.8*,2,164,1,74,1,90
D4:F5:47:82:0E:C6,ALL,udp:48977,192.168.3.117*,2,176,1,102,1,74
D4:F5:47:82:0E:C6,ALL,udp:48977,8.8.8.8*,2,176,1,74,1,102
D4:F5:47:82:0E:C6,ALL,udp:34617,192.168.3.117*,2,176,1,102,1,74
D4:F5:47:82:0E:C6,ALL,udp:34617,8.8.8.8*,2,176,1,74,1,102
D4:F5:47:82:0E:C6,ALL,udp:58745,192.168.3.117*,2,198,1,119,1,79
D4:F5:47:82:0E:C6,ALL,udp:58745,8.8.8.8*,2,198,1,79,1,119
D4:F5:47:82:0E:C6,ALL,udp:44555,192.168.3.117*,2,164,1,90,1,74
D4:F5:47:82:0E:C6,ALL,udp:44555,8.8.8.8*,2,164,1,74,1,90
D4:F5:47:82:0E:C6,ALL,udp:35721,192.168.3.117*,2,176,1,102,1,74
D4:F5:47:82:0E:C6,ALL,udp:35721,8.8.8.8*,2,176,1,74,1,102
D4:F5:47:82:0E:C6,ALL,udp:49623,192.168.3.117*,2,164,1,90,1,74
D4:F5:47:82:0E:C6,ALL,udp:49623,8.8.8.8*,2,164,1,74,1,90
D4:F5:47:82:0E:C6,ALL,udp:35319,192.168.3.117*,2,176,1,102,1,74
D4:F5:47:82:0E:C6,ALL,udp:35319,8.8.8.8*,2,176,1,74,1,102
D4:F5:47:82:0E:C6,ALL,udp:36464,192.168.3.117*,2,164,1,90,1,74
D4:F5:47:82:0E:C6,ALL,udp:36464,8.8.8.8*,2,164,1,74,1,90
D4:F5:47:82:0E:C6,ALL,udp:38565,192.168.3.117*,2,176,1,102,1,74
D4:F5:47:82:0E:C6,ALL,udp:38565,8.8.8.8*,2,176,1,74,1,102
D4:F5:47:82:0E:C6,ALL,udp:54889,192.168.3.117*,2,164,1,90,1,74
D4:F5:47:82:0E:C6,ALL,udp:54889,8.8.8.8*,2,164,1,74,1,90
D4:F5:47:82:0E:C6,ALL,udp:51697,192.168.3.117*,2,164,1,90,1,74
D4:F5:47:82:0E:C6,ALL,udp:51697,8.8.8.8*,2,164,1,74,1,90
D4:F5:47:82:0E:C6,ALL,udp:33039,192.168.3.117*,2,176,1,102,1,74
D4:F5:47:82:0E:C6,ALL,udp:33039,8.8.8.8*,2,176,1,74,1,102
D4:F5:47:82:0E:C6,ALL,udp:33985,192.168.3.117*,2,164,1,90,1,74
D4:F5:47:82:0E:C6,ALL,udp:33985,8.8.8.8*,2,164,1,74,1,90
D4:F5:47:82:0E:C6,ALL,udp:45411,192.168.3.117*,2,176,1,102,1,74
D4:F5:47:82:0E:C6,ALL,udp:45411,8.8.8.8*,2,176,1,74,1,102
D4:F5:47:82:0E:C6,ALL,udp:49420,192.168.3.117*,2,164,1,90,1,74
D4:F5:47:82:0E:C6,ALL,udp:49420,8.8.8.8*,2,164,1,74,1,90
D4:F5:47:82:0E:C6,ALL,udp:57063,192.168.3.117*,2,176,1,102,1,74
D4:F5:47:82:0E:C6,ALL,udp:57063,8.8.8.8*,2,176,1,74,1,102
D4:F5:47:82:0E:C6,ALL,udp:54184,192.168.3.117*,2,164,1,90,1,74
D4:F5:47:82:0E:C6,ALL,udp:54184,8.8.8.8*,2,164,1,74,1,90
D4:F5:47:82:0E:C6,ALL,udp:49673,192.168.3.117*,2,176,1,102,1,74
D4:F5:47:82:0E:C6,ALL,udp:49673,8.8.8.8*,2,176,1,74,1,102
D4:F5:47:82:0E:C6,ALL,udp:36492,172.217.165.142*,23,12422,13,9203,10,3219
D4:F5:47:82:0E:C6,ALL,udp:36492,8.8.8.8*,2,176,1,74,1,102
D4:F5:47:82:0E:C6,ALL,udp:41856,142.251.32.110*,20,10874,12,7360,8,3514
D4:F5:47:82:0E:C6,ALL,udp:41856,8.8.8.8*,2,164,1,74,1,90
D4:F5:47:82:0E:C6,ALL,udp:57344,192.168.3.117*,2,176,1,102,1,74
D4:F5:47:82:0E:C6,ALL,udp:57344,8.8.8.8*,2,176,1,74,1,102
D4:F5:47:82:0E:C6,ALL,udp:36201,192.168.3.117*,2,164,1,90,1,74
D4:F5:47:82:0E:C6,ALL,udp:36201,8.8.8.8*,2,164,1,74,1,90
D4:F5:47:82:0E:C6,ALL,udp:46358,192.168.3.117*,2,176,1,102,1,74
D4:F5:47:82:0E:C6,ALL,udp:46358,8.8.8.8*,2,176,1,74,1,102
D4:F5:47:82:0E:C6,ALL,udp:59004,192.168.3.117*,2,164,1,90,1,74
D4:F5:47:82:0E:C6,ALL,udp:59004,8.8.8.8*,2,164,1,74,1,90
D4:F5:47:82:0E:C6,ALL,udp:44391,192.168.3.117*,2,176,1,102,1,74
D4:F5:47:82:0E:C6,ALL,udp:44391,8.8.8.8*,2,176,1,74,1,102
D4:F5:47:82:0E:C6,ALL,udp:49374,192.168.3.117*,2,164,1,90,1,74
D4:F5:47:82:0E:C6,ALL,udp:49374,8.8.8.8*,2,164,1,74,1,90
D4:F5:47:82:0E:C6,ALL,udp:45215,192.168.3.117*,2,164,1,90,1,74
D4:F5:47:82:0E:C6,ALL,udp:45215,8.8.8.8*,2,164,1,74,1,90
D4:F5:47:82:0E:C6,ALL,udp:42416,192.168.3.117*,2,176,1,102,1,74
D4:F5:47:82:0E:C6,ALL,udp:42416,8.8.8.8*,2,176,1,74,1,102
D4:F5:47:82:0E:C6,ALL,udp:53122,192.168.3.117*,2,164,1,90,1,74
D4:F5:47:82:0E:C6,ALL,udp:53122,8.8.8.8*,2,164,1,74,1,90
D4:F5:47:82:0E:C6,ALL,udp:43054,192.168.3.117*,2,176,1,102,1,74
D4:F5:47:82:0E:C6,ALL,udp:43054,8.8.8.8*,2,176,1,74,1,102
D4:F5:47:82:0E:C6,ALL,udp:51267,216.239.35.8,2,180,1,90,1,90
D4:F5:47:82:0E:C6,ALL,udp:51267,8.8.8.8,2,176,1,74,1,102
D4:F5:47:82:0E:C6,ALL,udp:32805,192.168.3.117*,2,164,1,90,1,74
D4:F5:47:82:0E:C6,ALL,udp:32805,8.8.8.8*,2,164,1,74,1,90
D4:F5:47:82:0E:C6,ALL,udp:33239,192.168.3.117*,2,164,1,90,1,74
D4:F5:47:82:0E:C6,ALL,udp:33239,8.8.8.8*,2,164,1,74,1,90
D4:F5:47:82:0E:C6,ALL,udp:34850,192.168.3.117*,2,176,1,102,1,74
D4:F5:47:82:0E:C6,ALL,udp:34850,8.8.8.8*,2,176,1,74,1,102
D4:F5:47:82:0E:C6,ALL,udp:54893,192.168.3.117*,2,164,1,90,1,74
D4:F5:47:82:0E:C6,ALL,udp:54893,8.8.8.8*,2,164,1,74,1,90
D4:F5:47:82:0E:C6,ALL,udp:57480,192.168.3.117*,2,176,1,102,1,74
D4:F5:47:82:0E:C6,ALL,udp:57480,8.8.8.8*,2,176,1,74,1,102
D4:F5:47:82:0E:C6,ALL,udp:38104,192.168.3.117*,2,164,1,90,1,74
D4:F5:47:82:0E:C6,ALL,udp:38104,8.8.8.8*,2,164,1,74,1,90
D4:F5:47:82:0E:C6,ALL,udp:57365,192.168.3.117*,2,176,1,102,1,74
D4:F5:47:82:0E:C6,ALL,udp:57365,8.8.8.8*,2,176,1,74,1,102
D4:F5:47:82:0E:C6,ALL,udp:40647,192.168.3.117*,2,164,1,90,1,74
D4:F5:47:82:0E:C6,ALL,udp:40647,8.8.8.8*,2,164,1,74,1,90
D4:F5:47:82:0E:C6,ALL,udp:42444,192.168.3.117*,2,176,1,102,1,74
D4:F5:47:82:0E:C6,ALL,udp:42444,8.8.8.8*,2,176,1,74,1,102
D4:F5:47:82:0E:C6,ALL,udp:44736,192.168.3.117*,2,164,1,90,1,74
D4:F5:47:82:0E:C6,ALL,udp:44736,8.8.8.8*,2,164,1,74,1,90
D4:F5:47:82:0E:C6,ALL,udp:46705,192.168.3.117*,2,176,1,102,1,74
D4:F5:47:82:0E:C6,ALL,udp:46705,8.8.8.8*,2,176,1,74,1,102
D4:F5:47:82:0E:C6,ALL,udp:53717,192.168.3.117*,2,164,1,90,1,74
D4:F5:47:82:0E:C6,ALL,udp:53717,8.8.8.8*,2,164,1,74,1,90
D4:F5:47:82:0E:C6,ALL,udp:32821,192.168.3.117*,2,176,1,102,1,74
D4:F5:47:82:0E:C6,ALL,udp:32821,8.8.8.8*,2,176,1,74,1,102
D4:F5:47:82:0E:C6,ALL,udp:44173,192.168.3.117*,2,164,1,90,1,74
D4:F5:47:82:0E:C6,ALL,udp:44173,8.8.8.8*,2,164,1,74,1,90
D4:F5:47:82:0E:C6,ALL,udp:59220,192.168.3.117*,2,176,1,102,1,74
D4:F5:47:82:0E:C6,ALL,udp:59220,8.8.8.8*,2,176,1,74,1,102
D4:F5:47:82:0E:C6,ALL,udp:52287,216.239.35.0,2,180,1,90,1,90
D4:F5:47:82:0E:C6,ALL,udp:52287,8.8.8.8,2,164,1,74,1,90
D4:F5:47:82:0E:C6,ALL,udp:43973,192.168.3.117*,2,164,1,90,1,74
D4:F5:47:82:0E:C6,ALL,udp:43973,8.8.8.8*,2,164,1,74,1,90
D4:F5:47:82:0E:C6,ALL,udp:58709,192.168.3.117*,2,164,1,90,1,74
D4:F5:47:82:0E:C6,ALL,udp:58709,8.8.8.8*,2,164,1,74,1,90
D4:F5:47:82:0E:C6,ALL,udp:40833,216.239.35.0,2,180,1,90,1,90
D4:F5:47:82:0E:C6,ALL,udp:40833,8.8.8.8,2,164,1,74,1,90
D4:F5:47:82:0E:C6,ALL,udp:45786,192.168.3.117*,2,176,1,102,1,74
D4:F5:47:82:0E:C6,ALL,udp:45786,8.8.8.8*,2,176,1,74,1,102
D4:F5:47:82:0E:C6,ALL,udp:53428,192.168.3.117*,2,164,1,90,1,74
D4:F5:47:82:0E:C6,ALL,udp:53428,8.8.8.8*,2,164,1,74,1,90
D4:F5:47:82:0E:C6,ALL,udp:39201,192.168.3.117*,2,198,1,119,1,79
D4:F5:47:82:0E:C6,ALL,udp:39201,8.8.8.8*,2,198,1,79,1,119
D4:F5:47:82:0E:C6,ALL,udp:48903,192.168.3.117*,2,164,1,90,1,74
D4:F5:47:82:0E:C6,ALL,udp:48903,8.8.8.8*,2,164,1,74,1,90
D4:F5:47:82:0E:C6,ALL,udp:45128,192.168.3.117*,2,164,1,90,1,74
D4:F5:47:82:0E:C6,ALL,udp:45128,8.8.8.8*,2,164,1,74,1,90
D4:F5:47:82:0E:C6,ALL,udp:40899,192.168.3.117*,2,176,1,102,1,74
D4:F5:47:82:0E:C6,ALL,udp:40899,8.8.8.8*,2,176,1,74,1,102
D4:F5:47:82:0E:C6,ALL,udp:33387,192.168.3.117*,2,164,1,90,1,74
D4:F5:47:82:0E:C6,ALL,udp:33387,8.8.8.8*,2,164,1,74,1,90
D4:F5:47:82:0E:C6,ALL,udp:37185,192.168.3.117*,2,176,1,102,1,74
D4:F5:47:82:0E:C6,ALL,udp:37185,8.8.8.8*,2,176,1,74,1,102
D4:F5:47:82:0E:C6,ALL,udp:37166,192.168.3.117*,2,164,1,90,1,74
D4:F5:47:82:0E:C6,ALL,udp:37166,8.8.8.8*,2,164,1,74,1,90
D4:F5:47:82:0E:C6,ALL,udp:38763,192.168.3.117*,2,176,1,102,1,74
D4:F5:47:82:0E:C6,ALL,udp:38763,8.8.8.8*,2,176,1,74,1,102
D4:F5:47:82:0E:C6,ALL,udp:58678,192.168.3.117*,2,164,1,90,1,74
D4:F5:47:82:0E:C6,ALL,udp:58678,8.8.8.8*,2,164,1,74,1,90
D4:F5:47:82:0E:C6,ALL,udp:54189,192.168.3.117*,2,176,1,102,1,74
D4:F5:47:82:0E:C6,ALL,udp:54189,8.8.8.8*,2,176,1,74,1,102
D4:F5:47:82:0E:C6,ALL,udp:59081,192.168.3.117*,2,176,1,102,1,74
D4:F5:47:82:0E:C6,ALL,udp:59081,8.8.8.8*,2,176,1,74,1,102
D4:F5:47:82:0E:C6,ALL,udp:52264,192.168.3.117*,2,164,1,90,1,74
D4:F5:47:82:0E:C6,ALL,udp:52264,8.8.8.8*,2,164,1,74,1,90
D4:F5:47:82:0E:C6,ALL,udp:49648,192.168.3.117*,2,164,1,90,1,74
D4:F5:47:82:0E:C6,ALL,udp:49648,8.8.8.8*,2,164,1,74,1,90
D4:F5:47:82:0E:C6,ALL,udp:40827,192.168.3.117*,2,176,1,102,1,74
D4:F5:47:82:0E:C6,ALL,udp:40827,8.8.8.8*,2,176,1,74,1,102
D4:F5:47:82:0E:C6,ALL,udp:55462,192.168.3.117*,2,164,1,90,1,74
D4:F5:47:82:0E:C6,ALL,udp:55462,8.8.8.8*,2,164,1,74,1,90
D4:F5:47:82:0E:C6,ALL,udp:54756,192.168.3.117*,2,176,1,102,1,74
D4:F5:47:82:0E:C6,ALL,udp:54756,8.8.8.8*,2,176,1,74,1,102
D4:F5:47:82:0E:C6,ALL,udp:54323,192.168.3.117*,2,176,1,102,1,74
D4:F5:47:82:0E:C6,ALL,udp:54323,8.8.8.8*,2,176,1,74,1,102
D4:F5:47:82:0E:C6,ALL,udp:35949,192.168.3.117*,2,164,1,90,1,74
D4:F5:47:82:0E:C6,ALL,udp:35949,8.8.8.8*,2,164,1,74,1,90
D4:F5:47:82:0E:C6,ALL,udp:35891,192.168.3.117*,2,176,1,102,1,74
D4:F5:47:82:0E:C6,ALL,udp:35891,8.8.8.8*,2,176,1,74,1,102
D4:F5:47:82:0E:C6,ALL,udp:59146,192.168.3.117*,2,198,1,119,1,79
D4:F5:47:82:0E:C6,ALL,udp:59146,8.8.8.8*,2,198,1,79,1,119
D4:F5:47:82:0E:C6,ALL,udp:47398,192.168.3.117*,2,164,1,90,1,74
D4:F5:47:82:0E:C6,ALL,udp:47398,8.8.8.8*,2,164,1,74,1,90
D4:F5:47:82:0E:C6,ALL,udp:49763,192.168.3.117*,2,176,1,102,1,74
D4:F5:47:82:0E:C6,ALL,udp:49763,8.8.8.8*,2,176,1,74,1,102
D4:F5:47:82:0E:C6,ALL,udp:50111,192.168.3.117*,2,164,1,90,1,74
D4:F5:47:82:0E:C6,ALL,udp:50111,8.8.8.8*,2,164,1,74,1,90
D4:F5:47:82:0E:C6,ALL,udp:52277,192.168.3.117*,2,164,1,90,1,74
D4:F5:47:82:0E:C6,ALL,udp:52277,8.8.8.8*,2,164,1,74,1,90
D4:F5:47:82:0E:C6,ALL,udp:60434,192.168.3.117*,2,176,1,102,1,74
D4:F5:47:82:0E:C6,ALL,udp:60434,8.8.8.8*,2,176,1,74,1,102
D4:F5:47:82:0E:C6,ALL,udp:56126,192.168.3.117*,2,164,1,90,1,74
D4:F5:47:82:0E:C6,ALL,udp:56126,8.8.8.8*,2,164,1,74,1,90
D4:F5:47:82:0E:C6,ALL,udp:39741,192.168.3.117*,2,176,1,102,1,74
D4:F5:47:82:0E:C6,ALL,udp:39741,8.8.8.8*,2,176,1,74,1,102
D4:F5:47:82:0E:C6,ALL,udp:55151,192.168.3.117*,2,164,1,90,1,74
D4:F5:47:82:0E:C6,ALL,udp:55151,8.8.8.8*,2,164,1,74,1,90
D4:F5:47:82:0E:C6,ALL,udp:36896,192.168.3.117*,2,164,1,90,1,74
D4:F5:47:82:0E:C6,ALL,udp:36896,8.8.8.8*,2,164,1,74,1,90
D4:F5:47:82:0E:C6,ALL,udp:48290,192.168.3.117*,2,176,1,102,1,74
D4:F5:47:82:0E:C6,ALL,udp:48290,8.8.8.8*,2,176,1,74,1,102
D4:F5:47:82:0E:C6,ALL,udp:37682,192.168.3.117*,2,156,1,86,1,70
D4:F5:47:82:0E:C6,ALL,udp:37682,8.8.8.8*,2,156,1,70,1,86
D4:F5:47:82:0E:C6,ALL,udp:51557,192.168.3.117*,2,213,1,126,1,87
D4:F5:47:82:0E:C6,ALL,udp:51557,8.8.8.8*,2,213,1,87,1,126
D4:F5:47:82:0E:C6,ALL,udp:58047,192.168.3.117*,2,213,1,126,1,87
D4:F5:47:82:0E:C6,ALL,udp:58047,8.8.8.8*,2,213,1,87,1,126
D4:F5:47:82:0E:C6,ALL,udp:49906,192.168.3.117*,2,213,1,126,1,87
D4:F5:47:82:0E:C6,ALL,udp:49906,8.8.8.8*,2,213,1,87,1,126
D4:F5:47:82:0E:C6,ALL,udp:52444,192.168.3.117*,2,213,1,126,1,87
D4:F5:47:82:0E:C6,ALL,udp:52444,8.8.8.8*,2,213,1,87,1,126
D4:F5:47:82:0E:C6,ALL,udp:36761,192.168.3.117*,2,213,1,126,1,87
D4:F5:47:82:0E:C6,ALL,udp:36761,8.8.8.8*,2,213,1,87,1,126
D4:F5:47:82:0E:C6,ALL,udp:59605,192.168.3.117*,2,164,1,90,1,74
D4:F5:47:82:0E:C6,ALL,udp:59605,8.8.8.8*,2,164,1,74,1,90
D4:F5:47:82:0E:C6,ALL,udp:41388,192.168.3.117*,2,176,1,102,1,74
D4:F5:47:82:0E:C6,ALL,udp:41388,8.8.8.8*,2,176,1,74,1,102
D4:F5:47:82:0E:C6,ALL,udp:43295,192.168.3.117*,2,176,1,102,1,74
D4:F5:47:82:0E:C6,ALL,udp:43295,8.8.8.8*,2,176,1,74,1,102
D4:F5:47:82:0E:C6,ALL,udp:37224,192.168.3.117*,2,164,1,90,1,74
D4:F5:47:82:0E:C6,ALL,udp:37224,8.8.8.8*,2,164,1,74,1,90
D4:F5:47:82:0E:C6,ALL,udp:33646,192.168.3.117*,2,176,1,102,1,74
D4:F5:47:82:0E:C6,ALL,udp:33646,8.8.8.8*,2,176,1,74,1,102
D4:F5:47:82:0E:C6,ALL,udp:42722,192.168.3.117*,2,164,1,90,1,74
D4:F5:47:82:0E:C6,ALL,udp:42722,8.8.8.8*,2,164,1,74,1,90
D4:F5:47:82:0E:C6,ALL,udp:50005,192.168.3.117*,2,164,1,90,1,74
D4:F5:47:82:0E:C6,ALL,udp:50005,8.8.8.8*,2,164,1,74,1,90
D4:F5:47:82:0E:C6,ALL,udp:57506,192.168.3.117*,2,176,1,102,1,74
D4:F5:47:82:0E:C6,ALL,udp:57506,8.8.8.8*,2,176,1,74,1,102
D4:F5:47:82:0E:C6,ALL,udp:40061,192.168.3.117*,2,164,1,90,1,74
D4:F5:47:82:0E:C6,ALL,udp:40061,8.8.8.8*,2,164,1,74,1,90
D4:F5:47:82:0E:C6,ALL,udp:51977,192.168.3.117*,2,176,1,102,1,74
D4:F5:47:82:0E:C6,ALL,udp:51977,8.8.8.8*,2,176,1,74,1,102
D4:F5:47:82:0E:C6,ALL,udp:58775,192.168.3.117*,2,164,1,90,1,74
D4:F5:47:82:0E:C6,ALL,udp:58775,8.8.8.8*,2,164,1,74,1,90
D4:F5:47:82:0E:C6,ALL,udp:50815,192.168.3.117*,2,176,1,102,1,74
D4:F5:47:82:0E:C6,ALL,udp:50815,8.8.8.8*,2,176,1,74,1,102
D4:F5:47:82:0E:C6,ALL,udp:45584,192.168.3.117*,2,198,1,119,1,79
D4:F5:47:82:0E:C6,ALL,udp:45584,8.8.8.8*,2,198,1,79,1,119
D4:F5:47:82:0E:C6,ALL,udp:52473,192.168.3.117*,2,176,1,102,1,74
D4:F5:47:82:0E:C6,ALL,udp:52473,8.8.8.8*,2,176,1,74,1,102
D4:F5:47:82:0E:C6,ALL,udp:54037,192.168.3.117*,2,164,1,90,1,74
D4:F5:47:82:0E:C6,ALL,udp:54037,8.8.8.8*,2,164,1,74,1,90
D4:F5:47:82:0E:C6,ALL,udp:42080,192.168.3.117*,2,176,1,102,1,74
D4:F5:47:82:0E:C6,ALL,udp:42080,8.8.8.8*,2,176,1,74,1,102
D4:F5:47:82:0E:C6,ALL,udp:41070,192.168.3.117*,2,164,1,90,1,74
D4:F5:47:82:0E:C6,ALL,udp:41070,8.8.8.8*,2,164,1,74,1,90
D4:F5:47:82:0E:C6,ALL,udp:54091,192.168.3.117*,2,176,1,102,1,74
D4:F5:47:82:0E:C6,ALL,udp:54091,8.8.8.8*,2,176,1,74,1,102
D4:F5:47:82:0E:C6,ALL,udp:36719,192.168.3.117*,2,176,1,102,1,74
D4:F5:47:82:0E:C6,ALL,udp:36719,8.8.8.8*,2,176,1,74,1,102
D4:F5:47:82:0E:C6,ALL,udp:51832,192.168.3.117*,2,164,1,90,1,74
D4:F5:47:82:0E:C6,ALL,udp:51832,8.8.8.8*,2,164,1,74,1,90
D4:F5:47:82:0E:C6,ALL,udp:56078,192.168.3.117*,2,176,1,102,1,74
D4:F5:47:82:0E:C6,ALL,udp:56078,8.8.8.8*,2,176,1,74,1,102
D4:F5:47:82:0E:C6,ALL,udp:39350,192.168.3.117*,2,164,1,90,1,74
D4:F5:47:82:0E:C6,ALL,udp:39350,8.8.8.8*,2,164,1,74,1,90
D4:F5:47:82:0E:C6,ALL,udp:50064,192.168.3.117*,2,176,1,102,1,74
D4:F5:47:82:0E:C6,ALL,udp:50064,8.8.8.8*,2,176,1,74,1,102
D4:F5:47:82:0E:C6,ALL,udp:55991,192.168.3.117*,2,164,1,90,1,74
D4:F5:47:82:0E:C6,ALL,udp:55991,8.8.8.8*,2,164,1,74,1,90
D4:F5:47:82:0E:C6,ALL,udp:45193,192.168.3.117*,2,176,1,102,1,74
D4:F5:47:82:0E:C6,ALL,udp:45193,8.8.8.8*,2,176,1,74,1,102
D4:F5:47:82:0E:C6,ALL,udp:48564,192.168.3.117*,2,176,1,102,1,74
D4:F5:47:82:0E:C6,ALL,udp:48564,8.8.8.8*,2,176,1,74,1,102
D4:F5:47:82:0E:C6,ALL,udp:51696,192.168.3.117*,2,164,1,90,1,74
D4:F5:47:82:0E:C6,ALL,udp:51696,8.8.8.8*,2,164,1,74,1,90
D4:F5:47:82:0E:C6,ALL,udp:60545,192.168.3.117*,2,176,1,102,1,74
D4:F5:47:82:0E:C6,ALL,udp:60545,8.8.8.8*,2,176,1,74,1,102
D4:F5:47:82:0E:C6,ALL,udp:53664,192.168.3.117*,2,176,1,102,1,74
D4:F5:47:82:0E:C6,ALL,udp:53664,8.8.8.8*,2,176,1,74,1,102
D4:F5:47:82:0E:C6,ALL,udp:52440,192.168.3.117*,2,176,1,102,1,74
D4:F5:47:82:0E:C6,ALL,udp:52440,8.8.8.8*,2,176,1,74,1,102
D4:F5:47:82:0E:C6,ALL,udp:55047,192.168.3.117*,2,164,1,90,1,74
D4:F5:47:82:0E:C6,ALL,udp:55047,8.8.8.8*,2,164,1,74,1,90
D4:F5:47:82:0E:C6,ALL,udp:53608,192.168.3.117*,2,176,1,102,1,74
D4:F5:47:82:0E:C6,ALL,udp:53608,8.8.8.8*,2,176,1,74,1,102
D4:F5:47:82:0E:C6,ALL,udp:56201,192.168.3.117*,2,164,1,90,1,74
D4:F5:47:82:0E:C6,ALL,udp:56201,8.8.8.8*,2,164,1,74,1,90
D4:F5:47:82:0E:C6,ALL,udp:39081,192.168.3.117*,2,164,1,90,1,74
D4:F5:47:82:0E:C6,ALL,udp:39081,8.8.8.8*,2,164,1,74,1,90
D4:F5:47:82:0E:C6,ALL,udp:45401,192.168.3.117*,2,176,1,102,1,74
D4:F5:47:82:0E:C6,ALL,udp:45401,8.8.8.8*,2,176,1,74,1,102
D4:F5:47:82:0E:C6,ALL,udp:55828,192.168.3.117*,2,164,1,90,1,74
D4:F5:47:82:0E:C6,ALL,udp:55828,8.8.8.8*,2,164,1,74,1,90
D4:F5:47:82:0E:C6,ALL,udp:53358,192.168.3.117*,2,176,1,102,1,74
D4:F5:47:82:0E:C6,ALL,udp:53358,8.8.8.8*,2,176,1,74,1,102
D4:F5:47:82:0E:C6,ALL,udp:56475,192.168.3.117*,2,164,1,90,1,74
D4:F5:47:82:0E:C6,ALL,udp:56475,8.8.8.8*,2,164,1,74,1,90
D4:F5:47:82:0E:C6,ALL,udp:34087,192.168.3.117*,2,176,1,102,1,74
D4:F5:47:82:0E:C6,ALL,udp:34087,8.8.8.8*,2,176,1,74,1,102
D4:F5:47:82:0E:C6,ALL,udp:49661,192.168.3.117*,2,164,1,90,1,74
D4:F5:47:82:0E:C6,ALL,udp:49661,8.8.8.8*,2,164,1,74,1,90
D4:F5:47:82:0E:C6,ALL,udp:47932,192.168.3.117*,2,164,1,90,1,74
D4:F5:47:82:0E:C6,ALL,udp:47932,8.8.8.8*,2,164,1,74,1,90
D4:F5:47:82:0E:C6,ALL,udp:55667,192.168.3.117*,2,176,1,102,1,74
D4:F5:47:82:0E:C6,ALL,udp:55667,8.8.8.8*,2,176,1,74,1,102
D4:F5:47:82:0E:C6,ALL,udp:50582,192.168.3.117*,2,176,1,102,1,74
D4:F5:47:82:0E:C6,ALL,udp:50582,8.8.8.8*,2,176,1,74,1,102
D4:F5:47:82:0E:C6,ALL,udp:54039,192.168.3.117*,2,164,1,90,1,74
D4:F5:47:82:0E:C6,ALL,udp:54039,8.8.8.8*,2,164,1,74,1,90
D4:F5:47:82:0E:C6,ALL,udp:37108,192.168.3.117*,2,176,1,102,1,74
D4:F5:47:82:0E:C6,ALL,udp:37108,8.8.8.8*,2,176,1,74,1,102
D4:F5:47:82:0E:C6,ALL,udp:54116,142.251.32.110*,20,12230,13,9206,7,3024
D4:F5:47:82:0E:C6,ALL,udp:54116,8.8.8.8*,2,164,1,74,1,90
D4:F5:47:82:0E:C6,ALL,udp:43958,192.168.3.117*,2,176,1,102,1,74
D4:F5:47:82:0E:C6,ALL,udp:43958,8.8.8.8*,2,176,1,74,1,102
D4:F5:47:82:0E:C6,ALL,udp:41075,192.168.3.117*,2,164,1,90,1,74
D4:F5:47:82:0E:C6,ALL,udp:41075,8.8.8.8*,2,164,1,74,1,90
D4:F5:47:82:0E:C6,ALL,udp:39758,192.168.3.117*,2,176,1,102,1,74
D4:F5:47:82:0E:C6,ALL,udp:39758,8.8.8.8*,2,176,1,74,1,102
D4:F5:47:82:0E:C6,ALL,udp:53611,192.168.3.117*,2,164,1,90,1,74
D4:F5:47:82:0E:C6,ALL,udp:53611,8.8.8.8*,2,164,1,74,1,90
D4:F5:47:82:0E:C6,ALL,udp:34318,192.168.3.117*,2,176,1,102,1,74
D4:F5:47:82:0E:C6,ALL,udp:34318,8.8.8.8*,2,176,1,74,1,102
D4:F5:47:82:0E:C6,ALL,udp:53088,192.168.3.117*,2,176,1,102,1,74
D4:F5:47:82:0E:C6,ALL,udp:53088,8.8.8.8*,2,176,1,74,1,102
D4:F5:47:82:0E:C6,ALL,udp:41930,192.168.3.117*,2,164,1,90,1,74
D4:F5:47:82:0E:C6,ALL,udp:41930,8.8.8.8*,2,164,1,74,1,90
D4:F5:47:82:0E:C6,ALL,udp:41696,192.168.3.117*,2,176,1,102,1,74
D4:F5:47:82:0E:C6,ALL,udp:41696,8.8.8.8*,2,176,1,74,1,102
D4:F5:47:82:0E:C6,ALL,udp:56469,192.168.3.117*,2,164,1,90,1,74
D4:F5:47:82:0E:C6,ALL,udp:56469,8.8.8.8*,2,164,1,74,1,90
D4:F5:47:82:0E:C6,ALL,udp:56458,192.168.3.117*,2,176,1,102,1,74
D4:F5:47:82:0E:C6,ALL,udp:56458,8.8.8.8*,2,176,1,74,1,102
D4:F5:47:82:0E:C6,ALL,udp:57908,192.168.3.117*,2,198,1,119,1,79
D4:F5:47:82:0E:C6,ALL,udp:57908,8.8.8.8*,2,198,1,79,1,119
D4:F5:47:82:0E:C6,ALL,udp:57287,192.168.3.117*,2,164,1,90,1,74
D4:F5:47:82:0E:C6,ALL,udp:57287,8.8.8.8*,2,164,1,74,1,90
D4:F5:47:82:0E:C6,ALL,udp:45953,192.168.3.117*,2,176,1,102,1,74
D4:F5:47:82:0E:C6,ALL,udp:45953,8.8.8.8*,2,176,1,74,1,102
D4:F5:47:82:0E:C6,ALL,udp:43819,216.239.35.4,2,180,1,90,1,90
D4:F5:47:82:0E:C6,ALL,udp:43819,8.8.8.8,2,176,1,74,1,102
D4:F5:47:82:0E:C6,ALL,udp:48854,192.168.3.117*,2,176,1,102,1,74
D4:F5:47:82:0E:C6,ALL,udp:48854,8.8.8.8*,2,176,1,74,1,102
D4:F5:47:82:0E:C6,ALL,udp:37386,192.168.3.117*,2,164,1,90,1,74
D4:F5:47:82:0E:C6,ALL,udp:37386,8.8.8.8*,2,164,1,74,1,90
D4:F5:47:82:0E:C6,ALL,udp:51094,192.168.3.117*,2,176,1,102,1,74
D4:F5:47:82:0E:C6,ALL,udp:51094,8.8.8.8*,2,176,1,74,1,102
D4:F5:47:82:0E:C6,ALL,udp:33863,192.168.3.117*,2,164,1,90,1,74
D4:F5:47:82:0E:C6,ALL,udp:33863,8.8.8.8*,2,164,1,74,1,90
D4:F5:47:82:0E:C6,ALL,udp:47271,192.168.3.117*,2,176,1,102,1,74
D4:F5:47:82:0E:C6,ALL,udp:47271,8.8.8.8*,2,176,1,74,1,102
D4:F5:47:82:0E:C6,ALL,udp:45788,192.168.3.117*,2,176,1,102,1,74
D4:F5:47:82:0E:C6,ALL,udp:45788,8.8.8.8*,2,176,1,74,1,102
D4:F5:47:82:0E:C6,ALL,udp:58328,192.168.3.117*,2,198,1,119,1,79
D4:F5:47:82:0E:C6,ALL,udp:58328,8.8.8.8*,2,198,1,79,1,119
D4:F5:47:82:0E:C6,ALL,udp:35530,192.168.3.117*,2,176,1,102,1,74
D4:F5:47:82:0E:C6,ALL,udp:35530,8.8.8.8*,2,176,1,74,1,102
D4:F5:47:82:0E:C6,ALL,udp:40286,192.168.3.117*,2,176,1,102,1,74
D4:F5:47:82:0E:C6,ALL,udp:40286,8.8.8.8*,2,176,1,74,1,102
D4:F5:47:82:0E:C6,ALL,udp:59135,192.168.3.117*,2,164,1,90,1,74
D4:F5:47:82:0E:C6,ALL,udp:59135,8.8.8.8*,2,164,1,74,1,90
D4:F5:47:82:0E:C6,ALL,udp:59508,192.168.3.117*,2,176,1,102,1,74
D4:F5:47:82:0E:C6,ALL,udp:59508,8.8.8.8*,2,176,1,74,1,102
D4:F5:47:82:0E:C6,ALL,udp:37171,192.168.3.117*,2,164,1,90,1,74
D4:F5:47:82:0E:C6,ALL,udp:37171,8.8.8.8*,2,164,1,74,1,90
D4:F5:47:82:0E:C6,ALL,udp:49434,192.168.3.117*,2,164,1,90,1,74
D4:F5:47:82:0E:C6,ALL,udp:49434,8.8.8.8*,2,164,1,74,1,90
D4:F5:47:82:0E:C6,ALL,udp:52825,192.168.3.117*,2,176,1,102,1,74
D4:F5:47:82:0E:C6,ALL,udp:52825,8.8.8.8*,2,176,1,74,1,102
D4:F5:47:82:0E:C6,ALL,udp:55529,192.168.3.117*,2,164,1,90,1,74
D4:F5:47:82:0E:C6,ALL,udp:55529,8.8.8.8*,2,164,1,74,1,90
D4:F5:47:82:0E:C6,ALL,udp:59792,192.168.3.117*,2,176,1,102,1,74
D4:F5:47:82:0E:C6,ALL,udp:59792,8.8.8.8*,2,176,1,74,1,102
D4:F5:47:82:0E:C6,ALL,udp:41206,192.168.3.117*,2,176,1,102,1,74
D4:F5:47:82:0E:C6,ALL,udp:41206,8.8.8.8*,2,176,1,74,1,102
D4:F5:47:82:0E:C6,ALL,udp:47215,192.168.3.117*,2,164,1,90,1,74
D4:F5:47:82:0E:C6,ALL,udp:47215,8.8.8.8*,2,164,1,74,1,90
D4:F5:47:82:0E:C6,ALL,udp:37625,192.168.3.117*,2,164,1,90,1,74
D4:F5:47:82:0E:C6,ALL,udp:37625,8.8.8.8*,2,164,1,74,1,90
D4:F5:47:82:0E:C6,ALL,udp:49108,192.168.3.117*,2,176,1,102,1,74
D4:F5:47:82:0E:C6,ALL,udp:49108,8.8.8.8*,2,176,1,74,1,102
D4:F5:47:82:0E:C6,ALL,udp:38313,192.168.3.117*,2,176,1,102,1,74
D4:F5:47:82:0E:C6,ALL,udp:38313,8.8.8.8*,2,176,1,74,1,102
D4:F5:47:82:0E:C6,ALL,udp:59278,192.168.3.117*,2,164,1,90,1,74
D4:F5:47:82:0E:C6,ALL,udp:59278,8.8.8.8*,2,164,1,74,1,90
D4:F5:47:82:0E:C6,ALL,udp:59003,192.168.3.117*,2,176,1,102,1,74
D4:F5:47:82:0E:C6,ALL,udp:59003,8.8.8.8*,2,176,1,74,1,102
D4:F5:47:82:0E:C6,ALL,udp:41777,192.168.3.117*,2,176,1,102,1,74
D4:F5:47:82:0E:C6,ALL,udp:41777,8.8.8.8*,2,176,1,74,1,102
D4:F5:47:82:0E:C6,ALL,udp:36626,192.168.3.117*,2,176,1,102,1,74
D4:F5:47:82:0E:C6,ALL,udp:36626,8.8.8.8*,2,176,1,74,1,102
D4:F5:47:82:0E:C6,ALL,udp:43733,192.168.3.117*,2,164,1,90,1,74
D4:F5:47:82:0E:C6,ALL,udp:43733,8.8.8.8*,2,164,1,74,1,90
D4:F5:47:82:0E:C6,ALL,udp:50302,192.168.3.117*,2,176,1,102,1,74
D4:F5:47:82:0E:C6,ALL,udp:50302,8.8.8.8*,2,176,1,74,1,102
D4:F5:47:82:0E:C6,ALL,udp:39056,192.168.3.117*,2,164,1,90,1,74
D4:F5:47:82:0E:C6,ALL,udp:39056,8.8.8.8*,2,164,1,74,1,90
D4:F5:47:82:0E:C6,ALL,udp:49085,192.168.3.117*,2,176,1,102,1,74
D4:F5:47:82:0E:C6,ALL,udp:49085,8.8.8.8*,2,176,1,74,1,102
D4:F5:47:82:0E:C6,ALL,udp:41092,192.168.3.117*,2,164,1,90,1,74
D4:F5:47:82:0E:C6,ALL,udp:41092,8.8.8.8*,2,164,1,74,1,90
D4:F5:47:82:0E:C6,ALL,udp:46347,192.168.3.117*,2,176,1,102,1,74
D4:F5:47:82:0E:C6,ALL,udp:46347,8.8.8.8*,2,176,1,74,1,102
D4:F5:47:82:0E:C6,ALL,udp:42030,192.168.3.117*,2,164,1,90,1,74
D4:F5:47:82:0E:C6,ALL,udp:42030,8.8.8.8*,2,164,1,74,1,90
D4:F5:47:82:0E:C6,ALL,udp:53771,192.168.3.117*,2,176,1,102,1,74
D4:F5:47:82:0E:C6,ALL,udp:53771,8.8.8.8*,2,176,1,74,1,102
D4:F5:47:82:0E:C6,ALL,udp:37393,192.168.3.117*,2,164,1,90,1,74
D4:F5:47:82:0E:C6,ALL,udp:37393,8.8.8.8*,2,164,1,74,1,90
D4:F5:47:82:0E:C6,ALL,udp:32986,192.168.3.117*,2,164,1,90,1,74
D4:F5:47:82:0E:C6,ALL,udp:32986,8.8.8.8*,2,164,1,74,1,90
D4:F5:47:82:0E:C6,ALL,udp:47641,192.168.3.117*,2,164,1,90,1,74
D4:F5:47:82:0E:C6,ALL,udp:47641,8.8.8.8*,2,164,1,74,1,90
D4:F5:47:82:0E:C6,ALL,udp:48973,192.168.3.117*,2,176,1,102,1,74
D4:F5:47:82:0E:C6,ALL,udp:48973,8.8.8.8*,2,176,1,74,1,102
D4:F5:47:82:0E:C6,ALL,udp:58823,192.168.3.117*,2,164,1,90,1,74
D4:F5:47:82:0E:C6,ALL,udp:58823,8.8.8.8*,2,164,1,74,1,90
D4:F5:47:82:0E:C6,ALL,udp:48585,192.168.3.117*,2,176,1,102,1,74
D4:F5:47:82:0E:C6,ALL,udp:48585,8.8.8.8*,2,176,1,74,1,102
D4:F5:47:82:0E:C6,ALL,udp:53745,192.168.3.117*,2,198,1,119,1,79
D4:F5:47:82:0E:C6,ALL,udp:53745,8.8.8.8*,2,198,1,79,1,119
D4:F5:47:82:0E:C6,ALL,udp:44967,192.168.3.117*,2,164,1,90,1,74
D4:F5:47:82:0E:C6,ALL,udp:44967,8.8.8.8*,2,164,1,74,1,90
D4:F5:47:82:0E:C6,ALL,udp:34887,192.168.3.117*,2,176,1,102,1,74
D4:F5:47:82:0E:C6,ALL,udp:34887,8.8.8.8*,2,176,1,74,1,102
D4:F5:47:82:0E:C6,ALL,udp:49072,192.168.3.117*,2,164,1,90,1,74
D4:F5:47:82:0E:C6,ALL,udp:49072,8.8.8.8*,2,164,1,74,1,90
D4:F5:47:82:0E:C6,ALL,udp:60244,192.168.3.117*,2,176,1,102,1,74
D4:F5:47:82:0E:C6,ALL,udp:60244,8.8.8.8*,2,176,1,74,1,102
D4:F5:47:82:0E:C6,ALL,udp:59411,192.168.3.117*,2,164,1,90,1,74
D4:F5:47:82:0E:C6,ALL,udp:59411,8.8.8.8*,2,164,1,74,1,90
D4:F5:47:82:0E:C6,ALL,udp:57669,192.168.3.117*,2,164,1,90,1,74
D4:F5:47:82:0E:C6,ALL,udp:57669,8.8.8.8*,2,164,1,74,1,90
D4:F5:47:82:0E:C6,ALL,udp:50520,192.168.3.117*,2,164,1,90,1,74
D4:F5:47:82:0E:C6,ALL,udp:50520,8.8.8.8*,2,164,1,74,1,90
D4:F5:47:82:0E:C6,ALL,udp:38882,192.168.3.117*,2,164,1,90,1,74
D4:F5:47:82:0E:C6,ALL,udp:38882,8.8.8.8*,2,164,1,74,1,90
D4:F5:47:82:0E:C6,ALL,udp:36259,192.168.3.117*,2,176,1,102,1,74
D4:F5:47:82:0E:C6,ALL,udp:36259,8.8.8.8*,2,176,1,74,1,102
D4:F5:47:82:0E:C6,ALL,udp:46785,192.168.3.117*,2,164,1,90,1,74
D4:F5:47:82:0E:C6,ALL,udp:46785,8.8.8.8*,2,164,1,74,1,90
D4:F5:47:82:0E:C6,ALL,udp:40738,192.168.3.117*,2,176,1,102,1,74
D4:F5:47:82:0E:C6,ALL,udp:40738,8.8.8.8*,2,176,1,74,1,102
D4:F5:47:82:0E:C6,ALL,udp:45771,192.168.3.117*,2,164,1,90,1,74
D4:F5:47:82:0E:C6,ALL,udp:45771,8.8.8.8*,2,164,1,74,1,90
D4:F5:47:82:0E:C6,ALL,udp:58720,192.168.3.117*,2,176,1,102,1,74
D4:F5:47:82:0E:C6,ALL,udp:58720,8.8.8.8*,2,176,1,74,1,102
D4:F5:47:82:0E:C6,ALL,udp:58281,192.168.3.117*,2,164,1,90,1,74
D4:F5:47:82:0E:C6,ALL,udp:58281,8.8.8.8*,2,164,1,74,1,90
D4:F5:47:82:0E:C6,ALL,udp:58734,192.168.3.117*,2,164,1,90,1,74
D4:F5:47:82:0E:C6,ALL,udp:58734,8.8.8.8*,2,164,1,74,1,90
D4:F5:47:82:0E:C6,ALL,udp:41147,192.168.3.117*,2,176,1,102,1,74
D4:F5:47:82:0E:C6,ALL,udp:41147,8.8.8.8*,2,176,1,74,1,102
D4:F5:47:82:0E:C6,ALL,udp:34048,192.168.3.117*,2,164,1,90,1,74
D4:F5:47:82:0E:C6,ALL,udp:34048,8.8.8.8*,2,164,1,74,1,90
D4:F5:47:82:0E:C6,ALL,udp:42129,192.168.3.117*,2,176,1,102,1,74
D4:F5:47:82:0E:C6,ALL,udp:42129,8.8.8.8*,2,176,1,74,1,102
D4:F5:47:82:0E:C6,ALL,udp:60189,192.168.3.117*,2,176,1,102,1,74
D4:F5:47:82:0E:C6,ALL,udp:60189,8.8.8.8*,2,176,1,74,1,102
D4:F5:47:82:0E:C6,ALL,udp:57040,192.168.3.117*,2,164,1,90,1,74
D4:F5:47:82:0E:C6,ALL,udp:57040,8.8.8.8*,2,164,1,74,1,90
D4:F5:47:82:0E:C6,ALL,udp:55421,192.168.3.117*,2,176,1,102,1,74
D4:F5:47:82:0E:C6,ALL,udp:55421,8.8.8.8*,2,176,1,74,1,102
D4:F5:47:82:0E:C6,ALL,udp:60009,192.168.3.117*,2,164,1,90,1,74
D4:F5:47:82:0E:C6,ALL,udp:60009,8.8.8.8*,2,164,1,74,1,90
D4:F5:47:82:0E:C6,ALL,udp:55858,192.168.3.117*,2,176,1,102,1,74
D4:F5:47:82:0E:C6,ALL,udp:55858,8.8.8.8*,2,176,1,74,1,102
D4:F5:47:82:0E:C6,ALL,udp:39565,192.168.3.117*,2,176,1,102,1,74
D4:F5:47:82:0E:C6,ALL,udp:39565,8.8.8.8*,2,176,1,74,1,102
D4:F5:47:82:0E:C6,ALL,udp:57524,192.168.3.117*,2,164,1,90,1,74
D4:F5:47:82:0E:C6,ALL,udp:57524,8.8.8.8*,2,164,1,74,1,90
D4:F5:47:82:0E:C6,ALL,udp:54522,192.168.3.117*,2,164,1,90,1,74
D4:F5:47:82:0E:C6,ALL,udp:54522,8.8.8.8*,2,164,1,74,1,90
D4:F5:47:82:0E:C6,ALL,udp:38297,192.168.3.117*,2,176,1,102,1,74
D4:F5:47:82:0E:C6,ALL,udp:38297,8.8.8.8*,2,176,1,74,1,102
D4:F5:47:82:0E:C6,ALL,udp:56090,192.168.3.117*,2,164,1,90,1,74
D4:F5:47:82:0E:C6,ALL,udp:56090,8.8.8.8*,2,164,1,74,1,90
D4:F5:47:82:0E:C6,ALL,udp:42086,172.217.165.142*,20,10876,12,7362,8,3514
D4:F5:47:82:0E:C6,ALL,udp:42086,8.8.8.8*,2,176,1,74,1,102
D4:F5:47:82:0E:C6,ALL,udp:56312,192.168.3.117*,2,164,1,90,1,74
D4:F5:47:82:0E:C6,ALL,udp:56312,8.8.8.8*,2,164,1,74,1,90
D4:F5:47:82:0E:C6,ALL,udp:36249,192.168.3.117*,2,176,1,102,1,74
D4:F5:47:82:0E:C6,ALL,udp:36249,8.8.8.8*,2,176,1,74,1,102
D4:F5:47:82:0E:C6,ALL,udp:46088,192.168.3.117*,2,164,1,90,1,74
D4:F5:47:82:0E:C6,ALL,udp:46088,8.8.8.8*,2,164,1,74,1,90
D4:F5:47:82:0E:C6,ALL,udp:50992,192.168.3.117*,2,176,1,102,1,74
D4:F5:47:82:0E:C6,ALL,udp:50992,8.8.8.8*,2,176,1,74,1,102
D4:F5:47:82:0E:C6,ALL,udp:37255,192.168.3.117*,2,164,1,90,1,74
D4:F5:47:82:0E:C6,ALL,udp:37255,8.8.8.8*,2,164,1,74,1,90
D4:F5:47:82:0E:C6,ALL,udp:40717,192.168.3.117*,2,176,1,102,1,74
D4:F5:47:82:0E:C6,ALL,udp:40717,8.8.8.8*,2,176,1,74,1,102
D4:F5:47:82:0E:C6,ALL,udp:37288,192.168.3.117*,2,164,1,90,1,74
D4:F5:47:82:0E:C6,ALL,udp:37288,8.8.8.8*,2,164,1,74,1,90
D4:F5:47:82:0E:C6,ALL,udp:46085,192.168.3.117*,2,176,1,102,1,74
D4:F5:47:82:0E:C6,ALL,udp:46085,8.8.8.8*,2,176,1,74,1,102
D4:F5:47:82:0E:C6,ALL,udp:46444,192.168.3.117*,2,164,1,90,1,74
D4:F5:47:82:0E:C6,ALL,udp:46444,8.8.8.8*,2,164,1,74,1,90
D4:F5:47:82:0E:C6,ALL,udp:33266,192.168.3.117*,2,176,1,102,1,74
D4:F5:47:82:0E:C6,ALL,udp:33266,8.8.8.8*,2,176,1,74,1,102
D4:F5:47:82:0E:C6,ALL,udp:56728,192.168.3.117*,2,164,1,90,1,74
D4:F5:47:82:0E:C6,ALL,udp:56728,8.8.8.8*,2,164,1,74,1,90
D4:F5:47:82:0E:C6,ALL,udp:49500,192.168.3.117*,2,176,1,102,1,74
D4:F5:47:82:0E:C6,ALL,udp:49500,8.8.8.8*,2,176,1,74,1,102
D4:F5:47:82:0E:C6,ALL,udp:60351,192.168.3.117*,2,164,1,90,1,74
D4:F5:47:82:0E:C6,ALL,udp:60351,8.8.8.8*,2,164,1,74,1,90
D4:F5:47:82:0E:C6,ALL,udp:46103,192.168.3.117*,2,176,1,102,1,74
D4:F5:47:82:0E:C6,ALL,udp:46103,8.8.8.8*,2,176,1,74,1,102
D4:F5:47:82:0E:C6,ALL,udp:55853,192.168.3.117*,2,198,1,119,1,79
D4:F5:47:82:0E:C6,ALL,udp:55853,8.8.8.8*,2,198,1,79,1,119
D4:F5:47:82:0E:C6,ALL,udp:32819,192.168.3.117*,2,176,1,102,1,74
D4:F5:47:82:0E:C6,ALL,udp:32819,8.8.8.8*,2,176,1,74,1,102
D4:F5:47:82:0E:C6,ALL,udp:44029,192.168.3.117*,2,164,1,90,1,74
D4:F5:47:82:0E:C6,ALL,udp:44029,8.8.8.8*,2,164,1,74,1,90
D4:F5:47:82:0E:C6,ALL,udp:56532,192.168.3.117*,2,176,1,102,1,74
D4:F5:47:82:0E:C6,ALL,udp:56532,8.8.8.8*,2,176,1,74,1,102
D4:F5:47:82:0E:C6,ALL,udp:56200,192.168.3.117*,2,176,1,102,1,74
D4:F5:47:82:0E:C6,ALL,udp:56200,8.8.8.8*,2,176,1,74,1,102
D4:F5:47:82:0E:C6,ALL,udp:60225,192.168.3.117*,2,198,1,119,1,79
D4:F5:47:82:0E:C6,ALL,udp:60225,8.8.8.8*,2,198,1,79,1,119
D4:F5:47:82:0E:C6,ALL,udp:40668,192.168.3.117*,2,176,1,102,1,74
D4:F5:47:82:0E:C6,ALL,udp:40668,8.8.8.8*,2,176,1,74,1,102
D4:F5:47:82:0E:C6,ALL,udp:36189,192.168.3.117*,2,176,1,102,1,74
D4:F5:47:82:0E:C6,ALL,udp:36189,8.8.8.8*,2,176,1,74,1,102
D4:F5:47:82:0E:C6,ALL,udp:53856,192.168.3.117*,2,164,1,90,1,74
D4:F5:47:82:0E:C6,ALL,udp:53856,8.8.8.8*,2,164,1,74,1,90
D4:F5:47:82:0E:C6,ALL,udp:52282,192.168.3.117*,2,164,1,90,1,74
D4:F5:47:82:0E:C6,ALL,udp:52282,8.8.8.8*,2,164,1,74,1,90
D4:F5:47:82:0E:C6,ALL,udp:35710,192.168.3.117*,2,176,1,102,1,74
D4:F5:47:82:0E:C6,ALL,udp:35710,8.8.8.8*,2,176,1,74,1,102
D4:F5:47:82:0E:C6,ALL,udp:36632,192.168.3.117*,2,164,1,90,1,74
D4:F5:47:82:0E:C6,ALL,udp:36632,8.8.8.8*,2,164,1,74,1,90
D4:F5:47:82:0E:C6,ALL,udp:57053,192.168.3.117*,2,164,1,90,1,74
D4:F5:47:82:0E:C6,ALL,udp:57053,8.8.8.8*,2,164,1,74,1,90
D4:F5:47:82:0E:C6,ALL,udp:34060,192.168.3.117*,2,176,1,102,1,74
D4:F5:47:82:0E:C6,ALL,udp:34060,8.8.8.8*,2,176,1,74,1,102
D4:F5:47:82:0E:C6,ALL,udp:56438,192.168.3.117*,2,164,1,90,1,74
D4:F5:47:82:0E:C6,ALL,udp:56438,8.8.8.8*,2,164,1,74,1,90
D4:F5:47:82:0E:C6,ALL,udp:44533,192.168.3.117*,2,164,1,90,1,74
D4:F5:47:82:0E:C6,ALL,udp:44533,8.8.8.8*,2,164,1,74,1,90
D4:F5:47:82:0E:C6,ALL,udp:33147,192.168.3.117*,2,164,1,90,1,74
D4:F5:47:82:0E:C6,ALL,udp:33147,8.8.8.8*,2,164,1,74,1,90
D4:F5:47:82:0E:C6,ALL,udp:49479,192.168.3.117*,2,164,1,90,1,74
D4:F5:47:82:0E:C6,ALL,udp:49479,8.8.8.8*,2,164,1,74,1,90
D4:F5:47:82:0E:C6,ALL,udp:36485,192.168.3.117*,2,176,1,102,1,74
D4:F5:47:82:0E:C6,ALL,udp:36485,8.8.8.8*,2,176,1,74,1,102
D4:F5:47:82:0E:C6,ALL,udp:45452,192.168.3.117*,2,176,1,102,1,74
D4:F5:47:82:0E:C6,ALL,udp:45452,8.8.8.8*,2,176,1,74,1,102
D4:F5:47:82:0E:C6,ALL,udp:37497,192.168.3.117*,2,164,1,90,1,74
D4:F5:47:82:0E:C6,ALL,udp:37497,8.8.8.8*,2,164,1,74,1,90
D4:F5:47:82:0E:C6,ALL,udp:59043,192.168.3.117*,2,176,1,102,1,74
D4:F5:47:82:0E:C6,ALL,udp:59043,8.8.8.8*,2,176,1,74,1,102
D4:F5:47:82:0E:C6,ALL,udp:46452,192.168.3.117*,2,176,1,102,1,74
D4:F5:47:82:0E:C6,ALL,udp:46452,8.8.8.8*,2,176,1,74,1,102
D4:F5:47:82:0E:C6,ALL,udp:37403,192.168.3.117*,2,176,1,102,1,74
D4:F5:47:82:0E:C6,ALL,udp:37403,8.8.8.8*,2,176,1,74,1,102
D4:F5:47:82:0E:C6,ALL,udp:47635,192.168.3.117*,2,164,1,90,1,74
D4:F5:47:82:0E:C6,ALL,udp:47635,8.8.8.8*,2,164,1,74,1,90
D4:F5:47:82:0E:C6,ALL,udp:46446,192.168.3.117*,2,176,1,102,1,74
D4:F5:47:82:0E:C6,ALL,udp:46446,8.8.8.8*,2,176,1,74,1,102
D4:F5:47:82:0E:C6,ALL,udp:59405,192.168.3.117*,2,164,1,90,1,74
D4:F5:47:82:0E:C6,ALL,udp:59405,8.8.8.8*,2,164,1,74,1,90
D4:F5:47:82:0E:C6,ALL,udp:46734,192.168.3.117*,2,176,1,102,1,74
D4:F5:47:82:0E:C6,ALL,udp:46734,8.8.8.8*,2,176,1,74,1,102
D4:F5:47:82:0E:C6,ALL,udp:60824,192.168.3.117*,2,164,1,90,1,74
D4:F5:47:82:0E:C6,ALL,udp:60824,8.8.8.8*,2,164,1,74,1,90
D4:F5:47:82:0E:C6,ALL,udp:45748,192.168.3.117*,2,164,1,90,1,74
D4:F5:47:82:0E:C6,ALL,udp:45748,8.8.8.8*,2,164,1,74,1,90
D4:F5:47:82:0E:C6,ALL,udp:49136,192.168.3.117*,2,176,1,102,1,74
D4:F5:47:82:0E:C6,ALL,udp:49136,8.8.8.8*,2,176,1,74,1,102
D4:F5:47:82:0E:C6,ALL,udp:38575,192.168.3.117*,2,164,1,90,1,74
D4:F5:47:82:0E:C6,ALL,udp:38575,8.8.8.8*,2,164,1,74,1,90
D4:F5:47:82:0E:C6,ALL,udp:51694,192.168.3.117*,2,176,1,102,1,74
D4:F5:47:82:0E:C6,ALL,udp:51694,8.8.8.8*,2,176,1,74,1,102
D4:F5:47:82:0E:C6,ALL,udp:35965,192.168.3.117*,2,164,1,90,1,74
D4:F5:47:82:0E:C6,ALL,udp:35965,8.8.8.8*,2,164,1,74,1,90
D4:F5:47:82:0E:C6,ALL,udp:36509,192.168.3.117*,2,176,1,102,1,74
D4:F5:47:82:0E:C6,ALL,udp:36509,8.8.8.8*,2,176,1,74,1,102
D4:F5:47:82:0E:C6,ALL,udp:33870,192.168.3.117*,2,164,1,90,1,74
D4:F5:47:82:0E:C6,ALL,udp:33870,8.8.8.8*,2,164,1,74,1,90
D4:F5:47:82:0E:C6,ALL,udp:39958,192.168.3.117*,2,176,1,102,1,74
D4:F5:47:82:0E:C6,ALL,udp:39958,8.8.8.8*,2,176,1,74,1,102
D4:F5:47:82:0E:C6,ALL,udp:49919,192.168.3.117*,2,164,1,90,1,74
D4:F5:47:82:0E:C6,ALL,udp:49919,8.8.8.8*,2,164,1,74,1,90
D4:F5:47:82:0E:C6,ALL,udp:54837,192.168.3.117*,2,164,1,90,1,74
D4:F5:47:82:0E:C6,ALL,udp:54837,8.8.8.8*,2,164,1,74,1,90
D4:F5:47:82:0E:C6,ALL,udp:38018,192.168.3.117*,2,176,1,102,1,74
D4:F5:47:82:0E:C6,ALL,udp:38018,8.8.8.8*,2,176,1,74,1,102
D4:F5:47:82:0E:C6,ALL,udp:59895,192.168.3.117*,2,164,1,90,1,74
D4:F5:47:82:0E:C6,ALL,udp:59895,8.8.8.8*,2,164,1,74,1,90
D4:F5:47:82:0E:C6,ALL,udp:57212,192.168.3.117*,2,164,1,90,1,74
D4:F5:47:82:0E:C6,ALL,udp:57212,8.8.8.8*,2,164,1,74,1,90
D4:F5:47:82:0E:C6,ALL,udp:40810,192.168.3.117*,2,176,1,102,1,74
D4:F5:47:82:0E:C6,ALL,udp:40810,8.8.8.8*,2,176,1,74,1,102
D4:F5:47:82:0E:C6,ALL,udp:50118,192.168.3.117*,2,164,1,90,1,74
D4:F5:47:82:0E:C6,ALL,udp:50118,8.8.8.8*,2,164,1,74,1,90
D4:F5:47:82:0E:C6,ALL,udp:39835,192.168.3.117*,2,176,1,102,1,74
D4:F5:47:82:0E:C6,ALL,udp:39835,8.8.8.8*,2,176,1,74,1,102
D4:F5:47:82:0E:C6,ALL,udp:56691,192.168.3.117*,2,164,1,90,1,74
D4:F5:47:82:0E:C6,ALL,udp:56691,8.8.8.8*,2,164,1,74,1,90
D4:F5:47:82:0E:C6,ALL,udp:53794,192.168.3.117*,2,176,1,102,1,74
D4:F5:47:82:0E:C6,ALL,udp:53794,8.8.8.8*,2,176,1,74,1,102
D4:F5:47:82:0E:C6,ALL,udp:43173,192.168.3.117*,2,164,1,90,1,74
D4:F5:47:82:0E:C6,ALL,udp:43173,8.8.8.8*,2,164,1,74,1,90
D4:F5:47:82:0E:C6,ALL,udp:36796,216.239.35.0,2,180,1,90,1,90
D4:F5:47:82:0E:C6,ALL,udp:36796,8.8.8.8,2,176,1,74,1,102
D4:F5:47:82:0E:C6,ALL,udp:34225,192.168.3.117*,2,164,1,90,1,74
D4:F5:47:82:0E:C6,ALL,udp:34225,8.8.8.8*,2,164,1,74,1,90
D4:F5:47:82:0E:C6,ALL,udp:52205,192.168.3.117*,2,176,1,102,1,74
D4:F5:47:82:0E:C6,ALL,udp:52205,8.8.8.8*,2,176,1,74,1,102
D4:F5:47:82:0E:C6,ALL,udp:39960,192.168.3.117*,2,176,1,102,1,74
D4:F5:47:82:0E:C6,ALL,udp:39960,8.8.8.8*,2,176,1,74,1,102
D4:F5:47:82:0E:C6,ALL,udp:51272,192.168.3.117*,2,164,1,90,1,74
D4:F5:47:82:0E:C6,ALL,udp:51272,8.8.8.8*,2,164,1,74,1,90
D4:F5:47:82:0E:C6,ALL,udp:45508,192.168.3.117*,2,176,1,102,1,74
D4:F5:47:82:0E:C6,ALL,udp:45508,8.8.8.8*,2,176,1,74,1,102
D4:F5:47:82:0E:C6,ALL,udp:42704,192.168.3.117*,2,164,1,90,1,74
D4:F5:47:82:0E:C6,ALL,udp:42704,8.8.8.8*,2,164,1,74,1,90
D4:F5:47:82:0E:C6,ALL,udp:34368,192.168.3.117*,2,176,1,102,1,74
D4:F5:47:82:0E:C6,ALL,udp:34368,8.8.8.8*,2,176,1,74,1,102
D4:F5:47:82:0E:C6,ALL,udp:41735,192.168.3.117*,2,176,1,102,1,74
D4:F5:47:82:0E:C6,ALL,udp:41735,8.8.8.8*,2,176,1,74,1,102
D4:F5:47:82:0E:C6,ALL,udp:52689,192.168.3.117*,2,164,1,90,1,74
D4:F5:47:82:0E:C6,ALL,udp:52689,8.8.8.8*,2,164,1,74,1,90
D4:F5:47:82:0E:C6,ALL,udp:43991,192.168.3.117*,2,176,1,102,1,74
D4:F5:47:82:0E:C6,ALL,udp:43991,8.8.8.8*,2,176,1,74,1,102
D4:F5:47:82:0E:C6,ALL,udp:56589,192.168.3.117*,2,198,1,119,1,79
D4:F5:47:82:0E:C6,ALL,udp:56589,8.8.8.8*,2,198,1,79,1,119
D4:F5:47:82:0E:C6,ALL,udp:53628,192.168.3.117*,2,166,1,91,1,75
D4:F5:47:82:0E:C6,ALL,udp:53628,8.8.8.8*,2,166,1,75,1,91
D4:F5:47:82:0E:C6,ALL,udp:38068,192.168.3.117*,2,176,1,102,1,74
D4:F5:47:82:0E:C6,ALL,udp:38068,8.8.8.8*,2,176,1,74,1,102
D4:F5:47:82:0E:C6,ALL,udp:55823,192.168.3.117*,2,164,1,90,1,74
D4:F5:47:82:0E:C6,ALL,udp:55823,8.8.8.8*,2,164,1,74,1,90
D4:F5:47:82:0E:C6,ALL,udp:55241,192.168.3.117*,2,176,1,102,1,74
D4:F5:47:82:0E:C6,ALL,udp:55241,8.8.8.8*,2,176,1,74,1,102
D4:F5:47:82:0E:C6,ALL,udp:55626,192.168.3.117*,2,176,1,102,1,74
D4:F5:47:82:0E:C6,ALL,udp:55626,8.8.8.8*,2,176,1,74,1,102
D4:F5:47:82:0E:C6,ALL,udp:54277,192.168.3.117*,2,176,1,102,1,74
D4:F5:47:82:0E:C6,ALL,udp:54277,8.8.8.8*,2,176,1,74,1,102
D4:F5:47:82:0E:C6,ALL,udp:60419,192.168.3.117*,2,176,1,102,1,74
D4:F5:47:82:0E:C6,ALL,udp:60419,8.8.8.8*,2,176,1,74,1,102
D4:F5:47:82:0E:C6,ALL,udp:41663,192.168.3.117*,2,176,1,102,1,74
D4:F5:47:82:0E:C6,ALL,udp:41663,8.8.8.8*,2,176,1,74,1,102
D4:F5:47:82:0E:C6,ALL,udp:49900,192.168.3.117*,2,164,1,90,1,74
D4:F5:47:82:0E:C6,ALL,udp:49900,8.8.8.8*,2,164,1,74,1,90
D4:F5:47:82:0E:C6,ALL,udp:55646,192.168.3.117*,2,176,1,102,1,74
D4:F5:47:82:0E:C6,ALL,udp:55646,8.8.8.8*,2,176,1,74,1,102
D4:F5:47:82:0E:C6,ALL,udp:58167,192.168.3.117*,2,164,1,90,1,74
D4:F5:47:82:0E:C6,ALL,udp:58167,8.8.8.8*,2,164,1,74,1,90
D4:F5:47:82:0E:C6,ALL,udp:50549,192.168.3.117*,2,164,1,90,1,74
D4:F5:47:82:0E:C6,ALL,udp:50549,8.8.8.8*,2,164,1,74,1,90
D4:F5:47:82:0E:C6,ALL,udp:57859,192.168.3.117*,2,164,1,90,1,74
D4:F5:47:82:0E:C6,ALL,udp:57859,8.8.8.8*,2,164,1,74,1,90
D4:F5:47:82:0E:C6,ALL,udp:49413,192.168.3.117*,2,164,1,90,1,74
D4:F5:47:82:0E:C6,ALL,udp:49413,8.8.8.8*,2,164,1,74,1,90
D4:F5:47:82:0E:C6,ALL,udp:53919,192.168.3.117*,2,164,1,90,1,74
D4:F5:47:82:0E:C6,ALL,udp:53919,8.8.8.8*,2,164,1,74,1,90
D4:F5:47:82:0E:C6,ALL,udp:37035,192.168.3.117*,2,176,1,102,1,74
D4:F5:47:82:0E:C6,ALL,udp:37035,8.8.8.8*,2,176,1,74,1,102
D4:F5:47:82:0E:C6,ALL,udp:51802,192.168.3.117*,2,164,1,90,1,74
D4:F5:47:82:0E:C6,ALL,udp:51802,8.8.8.8*,2,164,1,74,1,90
D4:F5:47:82:0E:C6,ALL,udp:36628,192.168.3.117*,2,176,1,102,1,74
D4:F5:47:82:0E:C6,ALL,udp:36628,8.8.8.8*,2,176,1,74,1,102
D4:F5:47:82:0E:C6,ALL,udp:38190,192.168.3.117*,2,164,1,90,1,74
D4:F5:47:82:0E:C6,ALL,udp:38190,8.8.8.8*,2,164,1,74,1,90
D4:F5:47:82:0E:C6,ALL,udp:44519,192.168.3.117*,2,176,1,102,1,74
D4:F5:47:82:0E:C6,ALL,udp:44519,8.8.8.8*,2,176,1,74,1,102
D4:F5:47:82:0E:C6,ALL,udp:59746,192.168.3.117*,2,164,1,90,1,74
D4:F5:47:82:0E:C6,ALL,udp:59746,8.8.8.8*,2,164,1,74,1,90
D4:F5:47:82:0E:C6,ALL,udp:35196,192.168.3.117*,2,176,1,102,1,74
D4:F5:47:82:0E:C6,ALL,udp:35196,8.8.8.8*,2,176,1,74,1,102
D4:F5:47:82:0E:C6,ALL,udp:37929,192.168.3.117*,2,164,1,90,1,74
D4:F5:47:82:0E:C6,ALL,udp:37929,8.8.8.8*,2,164,1,74,1,90
D4:F5:47:82:0E:C6,ALL,udp:36027,192.168.3.117*,2,176,1,102,1,74
D4:F5:47:82:0E:C6,ALL,udp:36027,8.8.8.8*,2,176,1,74,1,102
D4:F5:47:82:0E:C6,ALL,udp:47917,192.168.3.117*,2,198,1,119,1,79
D4:F5:47:82:0E:C6,ALL,udp:47917,8.8.8.8*,2,198,1,79,1,119
D4:F5:47:82:0E:C6,ALL,udp:32803,192.168.3.117*,2,176,1,102,1,74
D4:F5:47:82:0E:C6,ALL,udp:32803,8.8.8.8*,2,176,1,74,1,102
D4:F5:47:82:0E:C6,ALL,udp:40619,192.168.3.117*,2,164,1,90,1,74
D4:F5:47:82:0E:C6,ALL,udp:40619,8.8.8.8*,2,164,1,74,1,90
D4:F5:47:82:0E:C6,ALL,udp:39950,192.168.3.117*,2,176,1,102,1,74
D4:F5:47:82:0E:C6,ALL,udp:39950,8.8.8.8*,2,176,1,74,1,102
D4:F5:47:82:0E:C6,ALL,udp:47870,192.168.3.117*,2,164,1,90,1,74
D4:F5:47:82:0E:C6,ALL,udp:47870,8.8.8.8*,2,164,1,74,1,90
D4:F5:47:82:0E:C6,ALL,udp:39989,192.168.3.117*,2,176,1,102,1,74
D4:F5:47:82:0E:C6,ALL,udp:39989,8.8.8.8*,2,176,1,74,1,102
D4:F5:47:82:0E:C6,ALL,udp:49441,192.168.3.117*,2,164,1,90,1,74
D4:F5:47:82:0E:C6,ALL,udp:49441,8.8.8.8*,2,164,1,74,1,90
D4:F5:47:82:0E:C6,ALL,udp:59129,192.168.3.117*,2,176,1,102,1,74
D4:F5:47:82:0E:C6,ALL,udp:59129,8.8.8.8*,2,176,1,74,1,102
D4:F5:47:82:0E:C6,ALL,udp:53732,192.168.3.117*,2,198,1,119,1,79
D4:F5:47:82:0E:C6,ALL,udp:53732,8.8.8.8*,2,198,1,79,1,119
D4:F5:47:82:0E:C6,ALL,udp:47483,192.168.3.117*,2,164,1,90,1,74
D4:F5:47:82:0E:C6,ALL,udp:47483,8.8.8.8*,2,164,1,74,1,90
D4:F5:47:82:0E:C6,ALL,udp:59905,192.168.3.117*,2,164,1,90,1,74
D4:F5:47:82:0E:C6,ALL,udp:59905,8.8.8.8*,2,164,1,74,1,90
D4:F5:47:82:0E:C6,ALL,udp:33577,192.168.3.117*,2,164,1,90,1,74
D4:F5:47:82:0E:C6,ALL,udp:33577,8.8.8.8*,2,164,1,74,1,90
D4:F5:47:82:0E:C6,ALL,udp:39035,192.168.3.117*,2,164,1,90,1,74
D4:F5:47:82:0E:C6,ALL,udp:39035,8.8.8.8*,2,164,1,74,1,90
D4:F5:47:82:0E:C6,ALL,udp:49330,192.168.3.117*,2,164,1,90,1,74
D4:F5:47:82:0E:C6,ALL,udp:49330,8.8.8.8*,2,164,1,74,1,90
D4:F5:47:82:0E:C6,ALL,udp:54748,192.168.3.117*,2,176,1,102,1,74
D4:F5:47:82:0E:C6,ALL,udp:54748,8.8.8.8*,2,176,1,74,1,102
D4:F5:47:82:0E:C6,ALL,udp:40948,192.168.3.117*,2,164,1,90,1,74
D4:F5:47:82:0E:C6,ALL,udp:40948,8.8.8.8*,2,164,1,74,1,90
D4:F5:47:82:0E:C6,ALL,udp:59965,192.168.3.117*,2,164,1,90,1,74
D4:F5:47:82:0E:C6,ALL,udp:59965,8.8.8.8*,2,164,1,74,1,90
D4:F5:47:82:0E:C6,ALL,udp:35752,192.168.3.117*,2,176,1,102,1,74
D4:F5:47:82:0E:C6,ALL,udp:35752,8.8.8.8*,2,176,1,74,1,102
D4:F5:47:82:0E:C6,ALL,udp:33732,192.168.3.117*,2,176,1,102,1,74
D4:F5:47:82:0E:C6,ALL,udp:33732,8.8.8.8*,2,176,1,74,1,102
D4:F5:47:82:0E:C6,ALL,udp:59994,192.168.3.117*,2,164,1,90,1,74
D4:F5:47:82:0E:C6,ALL,udp:59994,8.8.8.8*,2,164,1,74,1,90
D4:F5:47:82:0E:C6,ALL,udp:49206,192.168.3.117*,2,164,1,90,1,74
D4:F5:47:82:0E:C6,ALL,udp:49206,8.8.8.8*,2,164,1,74,1,90
D4:F5:47:82:0E:C6,ALL,udp:46948,192.168.3.117*,2,164,1,90,1,74
D4:F5:47:82:0E:C6,ALL,udp:46948,8.8.8.8*,2,164,1,74,1,90
D4:F5:47:82:0E:C6,ALL,udp:50452,192.168.3.117*,2,176,1,102,1,74
D4:F5:47:82:0E:C6,ALL,udp:50452,8.8.8.8*,2,176,1,74,1,102
D4:F5:47:82:0E:C6,ALL,udp:57234,192.168.3.117*,2,164,1,90,1,74
D4:F5:47:82:0E:C6,ALL,udp:57234,8.8.8.8*,2,164,1,74,1,90
D4:F5:47:82:0E:C6,ALL,udp:59676,192.168.3.117*,2,176,1,102,1,74
D4:F5:47:82:0E:C6,ALL,udp:59676,8.8.8.8*,2,176,1,74,1,102
D4:F5:47:82:0E:C6,ALL,udp:56052,192.168.3.117*,2,164,1,90,1,74
D4:F5:47:82:0E:C6,ALL,udp:56052,8.8.8.8*,2,164,1,74,1,90
D4:F5:47:82:0E:C6,ALL,udp:60021,192.168.3.117*,2,164,1,90,1,74
D4:F5:47:82:0E:C6,ALL,udp:60021,8.8.8.8*,2,164,1,74,1,90
D4:F5:47:82:0E:C6,ALL,udp:53787,192.168.3.117*,2,176,1,102,1,74
D4:F5:47:82:0E:C6,ALL,udp:53787,8.8.8.8*,2,176,1,74,1,102
D4:F5:47:82:0E:C6,ALL,udp:55360,192.168.3.117*,2,164,1,90,1,74
D4:F5:47:82:0E:C6,ALL,udp:55360,8.8.8.8*,2,164,1,74,1,90
D4:F5:47:82:0E:C6,ALL,udp:37291,192.168.3.117*,2,176,1,102,1,74
D4:F5:47:82:0E:C6,ALL,udp:37291,8.8.8.8*,2,176,1,74,1,102
D4:F5:47:82:0E:C6,ALL,udp:48064,192.168.3.117*,2,164,1,90,1,74
D4:F5:47:82:0E:C6,ALL,udp:48064,8.8.8.8*,2,164,1,74,1,90
D4:F5:47:82:0E:C6,ALL,udp:40470,192.168.3.117*,2,176,1,102,1,74
D4:F5:47:82:0E:C6,ALL,udp:40470,8.8.8.8*,2,176,1,74,1,102
D4:F5:47:82:0E:C6,ALL,udp:39095,192.168.3.117*,2,164,1,90,1,74
D4:F5:47:82:0E:C6,ALL,udp:39095,8.8.8.8*,2,164,1,74,1,90
D4:F5:47:82:0E:C6,ALL,udp:60553,192.168.3.117*,2,164,1,90,1,74
D4:F5:47:82:0E:C6,ALL,udp:60553,8.8.8.8*,2,164,1,74,1,90
D4:F5:47:82:0E:C6,ALL,udp:33789,192.168.3.117*,2,176,1,102,1,74
D4:F5:47:82:0E:C6,ALL,udp:33789,8.8.8.8*,2,176,1,74,1,102
D4:F5:47:82:0E:C6,ALL,udp:36817,192.168.3.117*,2,164,1,90,1,74
D4:F5:47:82:0E:C6,ALL,udp:36817,8.8.8.8*,2,164,1,74,1,90
D4:F5:47:82:0E:C6,ALL,udp:38478,192.168.3.117*,2,164,1,90,1,74
D4:F5:47:82:0E:C6,ALL,udp:38478,8.8.8.8*,2,164,1,74,1,90
D4:F5:47:82:0E:C6,ALL,udp:52600,192.168.3.117*,2,176,1,102,1,74
D4:F5:47:82:0E:C6,ALL,udp:52600,8.8.8.8*,2,176,1,74,1,102
D4:F5:47:82:0E:C6,ALL,udp:43250,192.168.3.117*,2,176,1,102,1,74
D4:F5:47:82:0E:C6,ALL,udp:43250,8.8.8.8*,2,176,1,74,1,102
D4:F5:47:82:0E:C6,ALL,udp:48323,192.168.3.117*,2,164,1,90,1,74
D4:F5:47:82:0E:C6,ALL,udp:48323,8.8.8.8*,2,164,1,74,1,90
D4:F5:47:82:0E:C6,ALL,udp:48984,192.168.3.117*,2,176,1,102,1,74
D4:F5:47:82:0E:C6,ALL,udp:48984,8.8.8.8*,2,176,1,74,1,102
D4:F5:47:82:0E:C6,ALL,udp:52692,192.168.3.117*,2,164,1,90,1,74
D4:F5:47:82:0E:C6,ALL,udp:52692,8.8.8.8*,2,164,1,74,1,90
D4:F5:47:82:0E:C6,ALL,udp:46607,192.168.3.117*,2,176,1,102,1,74
D4:F5:47:82:0E:C6,ALL,udp:46607,8.8.8.8*,2,176,1,74,1,102
D4:F5:47:82:0E:C6,ALL,udp:50500,192.168.3.117*,2,164,1,90,1,74
D4:F5:47:82:0E:C6,ALL,udp:50500,8.8.8.8*,2,164,1,74,1,90
D4:F5:47:82:0E:C6,ALL,udp:41307,192.168.3.117*,2,176,1,102,1,74
D4:F5:47:82:0E:C6,ALL,udp:41307,8.8.8.8*,2,176,1,74,1,102
D4:F5:47:82:0E:C6,ALL,udp:33781,192.168.3.117*,2,164,1,90,1,74
D4:F5:47:82:0E:C6,ALL,udp:33781,8.8.8.8*,2,164,1,74,1,90
D4:F5:47:82:0E:C6,ALL,udp:53862,192.168.3.117*,2,176,1,102,1,74
D4:F5:47:82:0E:C6,ALL,udp:53862,8.8.8.8*,2,176,1,74,1,102
D4:F5:47:82:0E:C6,ALL,udp:54057,192.168.3.117*,2,176,1,102,1,74
D4:F5:47:82:0E:C6,ALL,udp:54057,8.8.8.8*,2,176,1,74,1,102
D4:F5:47:82:0E:C6,ALL,udp:42025,192.168.3.117*,2,164,1,90,1,74
D4:F5:47:82:0E:C6,ALL,udp:42025,8.8.8.8*,2,164,1,74,1,90
D4:F5:47:82:0E:C6,ALL,udp:60156,192.168.3.117*,2,164,1,90,1,74
D4:F5:47:82:0E:C6,ALL,udp:60156,8.8.8.8*,2,164,1,74,1,90
D4:F5:47:82:0E:C6,ALL,udp:34297,192.168.3.117*,2,198,1,119,1,79
D4:F5:47:82:0E:C6,ALL,udp:34297,8.8.8.8*,2,198,1,79,1,119
D4:F5:47:82:0E:C6,ALL,udp:42875,192.168.3.117*,2,176,1,102,1,74
D4:F5:47:82:0E:C6,ALL,udp:42875,8.8.8.8*,2,176,1,74,1,102
D4:F5:47:82:0E:C6,ALL,udp:33667,192.168.3.117*,2,164,1,90,1,74
D4:F5:47:82:0E:C6,ALL,udp:33667,8.8.8.8*,2,164,1,74,1,90
D4:F5:47:82:0E:C6,ALL,udp:39909,192.168.3.117*,2,176,1,102,1,74
D4:F5:47:82:0E:C6,ALL,udp:39909,8.8.8.8*,2,176,1,74,1,102
D4:F5:47:82:0E:C6,ALL,udp:38119,192.168.3.117*,2,164,1,90,1,74
D4:F5:47:82:0E:C6,ALL,udp:38119,8.8.8.8*,2,164,1,74,1,90
D4:F5:47:82:0E:C6,ALL,udp:50497,192.168.3.117*,2,176,1,102,1,74
D4:F5:47:82:0E:C6,ALL,udp:50497,8.8.8.8*,2,176,1,74,1,102
D4:F5:47:82:0E:C6,ALL,udp:42354,192.168.3.117*,2,164,1,90,1,74
D4:F5:47:82:0E:C6,ALL,udp:42354,8.8.8.8*,2,164,1,74,1,90
D4:F5:47:82:0E:C6,ALL,udp:48356,192.168.3.117*,2,176,1,102,1,74
D4:F5:47:82:0E:C6,ALL,udp:48356,8.8.8.8*,2,176,1,74,1,102
D4:F5:47:82:0E:C6,ALL,udp:43191,192.168.3.117*,2,164,1,90,1,74
D4:F5:47:82:0E:C6,ALL,udp:43191,8.8.8.8*,2,164,1,74,1,90
D4:F5:47:82:0E:C6,ALL,udp:46970,192.168.3.117*,2,176,1,102,1,74
D4:F5:47:82:0E:C6,ALL,udp:46970,8.8.8.8*,2,176,1,74,1,102
D4:F5:47:82:0E:C6,ALL,udp:59351,192.168.3.117*,2,176,1,102,1,74
D4:F5:47:82:0E:C6,ALL,udp:59351,8.8.8.8*,2,176,1,74,1,102
D4:F5:47:82:0E:C6,ALL,udp:57770,192.168.3.117*,2,164,1,90,1,74
D4:F5:47:82:0E:C6,ALL,udp:57770,8.8.8.8*,2,164,1,74,1,90
D4:F5:47:82:0E:C6,ALL,udp:41383,192.168.3.117*,2,176,1,102,1,74
D4:F5:47:82:0E:C6,ALL,udp:41383,8.8.8.8*,2,176,1,74,1,102
D4:F5:47:82:0E:C6,ALL,udp:47831,192.168.3.117*,2,176,1,102,1,74
D4:F5:47:82:0E:C6,ALL,udp:47831,8.8.8.8*,2,176,1,74,1,102
D4:F5:47:82:0E:C6,ALL,udp:34961,192.168.3.117*,2,176,1,102,1,74
D4:F5:47:82:0E:C6,ALL,udp:34961,8.8.8.8*,2,176,1,74,1,102
D4:F5:47:82:0E:C6,ALL,udp:36213,192.168.3.117*,2,164,1,90,1,74
D4:F5:47:82:0E:C6,ALL,udp:36213,8.8.8.8*,2,164,1,74,1,90
D4:F5:47:82:0E:C6,ALL,udp:59829,192.168.3.117*,2,176,1,102,1,74
D4:F5:47:82:0E:C6,ALL,udp:59829,8.8.8.8*,2,176,1,74,1,102
D4:F5:47:82:0E:C6,ALL,udp:42756,192.168.3.117*,2,164,1,90,1,74
D4:F5:47:82:0E:C6,ALL,udp:42756,8.8.8.8*,2,164,1,74,1,90
D4:F5:47:82:0E:C6,ALL,udp:34834,192.168.3.117*,2,176,1,102,1,74
D4:F5:47:82:0E:C6,ALL,udp:34834,8.8.8.8*,2,176,1,74,1,102
D4:F5:47:82:0E:C6,ALL,udp:47024,192.168.3.117*,2,164,1,90,1,74
D4:F5:47:82:0E:C6,ALL,udp:47024,8.8.8.8*,2,164,1,74,1,90
D4:F5:47:82:0E:C6,ALL,udp:50915,192.168.3.117*,2,176,1,102,1,74
D4:F5:47:82:0E:C6,ALL,udp:50915,8.8.8.8*,2,176,1,74,1,102
D4:F5:47:82:0E:C6,ALL,udp:57339,192.168.3.117*,2,176,1,102,1,74
D4:F5:47:82:0E:C6,ALL,udp:57339,8.8.8.8*,2,176,1,74,1,102
D4:F5:47:82:0E:C6,ALL,udp:46871,192.168.3.117*,2,164,1,90,1,74
D4:F5:47:82:0E:C6,ALL,udp:46871,8.8.8.8*,2,164,1,74,1,90
D4:F5:47:82:0E:C6,ALL,udp:45934,192.168.3.117*,2,176,1,102,1,74
D4:F5:47:82:0E:C6,ALL,udp:45934,8.8.8.8*,2,176,1,74,1,102
D4:F5:47:82:0E:C6,ALL,udp:49339,192.168.3.117*,2,164,1,90,1,74
D4:F5:47:82:0E:C6,ALL,udp:49339,8.8.8.8*,2,164,1,74,1,90
D4:F5:47:82:0E:C6,ALL,udp:48158,192.168.3.117*,2,164,1,90,1,74
D4:F5:47:82:0E:C6,ALL,udp:48158,8.8.8.8*,2,164,1,74,1,90
D4:F5:47:82:0E:C6,ALL,udp:42844,192.168.3.117*,2,176,1,102,1,74
D4:F5:47:82:0E:C6,ALL,udp:42844,8.8.8.8*,2,176,1,74,1,102
D4:F5:47:82:0E:C6,ALL,udp:33149,192.168.3.117*,2,164,1,90,1,74
D4:F5:47:82:0E:C6,ALL,udp:33149,8.8.8.8*,2,164,1,74,1,90
D4:F5:47:82:0E:C6,ALL,udp:39633,192.168.3.117*,2,164,1,90,1,74
D4:F5:47:82:0E:C6,ALL,udp:39633,8.8.8.8*,2,164,1,74,1,90
D4:F5:47:82:0E:C6,ALL,udp:54654,142.251.32.110*,20,10869,12,7355,8,3514
D4:F5:47:82:0E:C6,ALL,udp:54654,8.8.8.8*,2,164,1,74,1,90
D4:F5:47:82:0E:C6,ALL,udp:45756,192.168.3.117*,2,164,1,90,1,74
D4:F5:47:82:0E:C6,ALL,udp:45756,8.8.8.8*,2,164,1,74,1,90
D4:F5:47:82:0E:C6,ALL,udp:47505,192.168.3.117*,2,176,1,102,1,74
D4:F5:47:82:0E:C6,ALL,udp:47505,8.8.8.8*,2,176,1,74,1,102
D4:F5:47:82:0E:C6,ALL,udp:60450,192.168.3.117*,2,198,1,119,1,79
D4:F5:47:82:0E:C6,ALL,udp:60450,8.8.8.8*,2,198,1,79,1,119
D4:F5:47:82:0E:C6,ALL,udp:37534,192.168.3.117*,2,164,1,90,1,74
D4:F5:47:82:0E:C6,ALL,udp:37534,8.8.8.8*,2,164,1,74,1,90
D4:F5:47:82:0E:C6,ALL,udp:60072,192.168.3.117*,2,164,1,90,1,74
D4:F5:47:82:0E:C6,ALL,udp:60072,8.8.8.8*,2,164,1,74,1,90
D4:F5:47:82:0E:C6,ALL,udp:52450,192.168.3.117*,2,164,1,90,1,74
D4:F5:47:82:0E:C6,ALL,udp:52450,8.8.8.8*,2,164,1,74,1,90
D4:F5:47:82:0E:C6,ALL,udp:42459,192.168.3.117*,2,176,1,102,1,74
D4:F5:47:82:0E:C6,ALL,udp:42459,8.8.8.8*,2,176,1,74,1,102
D4:F5:47:82:0E:C6,ALL,udp:35771,216.239.35.4,2,180,1,90,1,90
D4:F5:47:82:0E:C6,ALL,udp:35771,8.8.8.8,2,164,1,74,1,90
D4:F5:47:82:0E:C6,ALL,udp:35476,192.168.3.117*,2,176,1,102,1,74
D4:F5:47:82:0E:C6,ALL,udp:35476,8.8.8.8*,2,176,1,74,1,102
D4:F5:47:82:0E:C6,ALL,udp:50896,192.168.3.117*,2,164,1,90,1,74
D4:F5:47:82:0E:C6,ALL,udp:50896,8.8.8.8*,2,164,1,74,1,90
D4:F5:47:82:0E:C6,ALL,udp:52040,192.168.3.117*,2,176,1,102,1,74
D4:F5:47:82:0E:C6,ALL,udp:52040,8.8.8.8*,2,176,1,74,1,102
D4:F5:47:82:0E:C6,ALL,udp:46330,192.168.3.117*,2,164,1,90,1,74
D4:F5:47:82:0E:C6,ALL,udp:46330,8.8.8.8*,2,164,1,74,1,90
D4:F5:47:82:0E:C6,ALL,udp:54509,192.168.3.117*,2,164,1,90,1,74
D4:F5:47:82:0E:C6,ALL,udp:54509,8.8.8.8*,2,164,1,74,1,90
D4:F5:47:82:0E:C6,ALL,udp:47667,192.168.3.117*,2,198,1,119,1,79
D4:F5:47:82:0E:C6,ALL,udp:47667,8.8.8.8*,2,198,1,79,1,119
D4:F5:47:82:0E:C6,ALL,udp:42953,192.168.3.117*,2,164,1,90,1,74
D4:F5:47:82:0E:C6,ALL,udp:42953,8.8.8.8*,2,164,1,74,1,90
D4:F5:47:82:0E:C6,ALL,udp:60822,192.168.3.117*,2,164,1,90,1,74
D4:F5:47:82:0E:C6,ALL,udp:60822,8.8.8.8*,2,164,1,74,1,90
D4:F5:47:82:0E:C6,ALL,udp:59422,192.168.3.117*,2,164,1,90,1,74
D4:F5:47:82:0E:C6,ALL,udp:59422,8.8.8.8*,2,164,1,74,1,90
D4:F5:47:82:0E:C6,ALL,udp:52570,192.168.3.117*,2,176,1,102,1,74
D4:F5:47:82:0E:C6,ALL,udp:52570,8.8.8.8*,2,176,1,74,1,102
D4:F5:47:82:0E:C6,ALL,udp:60464,192.168.3.117*,2,156,1,86,1,70
D4:F5:47:82:0E:C6,ALL,udp:60464,8.8.8.8*,2,156,1,70,1,86
D4:F5:47:82:0E:C6,ALL,udp:43818,192.168.3.117*,2,213,1,126,1,87
D4:F5:47:82:0E:C6,ALL,udp:43818,8.8.8.8*,2,213,1,87,1,126
D4:F5:47:82:0E:C6,ALL,udp:58654,192.168.3.117*,2,213,1,126,1,87
D4:F5:47:82:0E:C6,ALL,udp:58654,8.8.8.8*,2,213,1,87,1,126
D4:F5:47:82:0E:C6,ALL,udp:46372,192.168.3.117*,2,213,1,126,1,87
D4:F5:47:82:0E:C6,ALL,udp:46372,8.8.8.8*,2,213,1,87,1,126
D4:F5:47:82:0E:C6,ALL,udp:55368,192.168.3.117*,2,213,1,126,1,87
D4:F5:47:82:0E:C6,ALL,udp:55368,8.8.8.8*,2,213,1,87,1,126
D4:F5:47:82:0E:C6,ALL,udp:45939,192.168.3.117*,2,213,1,126,1,87
D4:F5:47:82:0E:C6,ALL,udp:45939,8.8.8.8*,2,213,1,87,1,126
D4:F5:47:82:0E:C6,ALL,udp:36012,192.168.3.117*,2,176,1,102,1,74
D4:F5:47:82:0E:C6,ALL,udp:36012,8.8.8.8*,2,176,1,74,1,102
D4:F5:47:82:0E:C6,ALL,udp:33367,192.168.3.117*,2,176,1,102,1,74
D4:F5:47:82:0E:C6,ALL,udp:33367,8.8.8.8*,2,176,1,74,1,102
D4:F5:47:82:0E:C6,ALL,udp:44254,192.168.3.117*,2,164,1,90,1,74
D4:F5:47:82:0E:C6,ALL,udp:44254,8.8.8.8*,2,164,1,74,1,90
D4:F5:47:82:0E:C6,ALL,udp:54567,192.168.3.117*,2,176,1,102,1,74
D4:F5:47:82:0E:C6,ALL,udp:54567,8.8.8.8*,2,176,1,74,1,102
D4:F5:47:82:0E:C6,ALL,udp:57779,192.168.3.117*,2,164,1,90,1,74
D4:F5:47:82:0E:C6,ALL,udp:57779,8.8.8.8*,2,164,1,74,1,90
D4:F5:47:82:0E:C6,ALL,udp:35655,192.168.3.117*,2,176,1,102,1,74
D4:F5:47:82:0E:C6,ALL,udp:35655,8.8.8.8*,2,176,1,74,1,102
D4:F5:47:82:0E:C6,ALL,udp:51794,192.168.3.117*,2,176,1,102,1,74
D4:F5:47:82:0E:C6,ALL,udp:51794,8.8.8.8*,2,176,1,74,1,102
D4:F5:47:82:0E:C6,ALL,udp:38338,192.168.3.117*,2,164,1,90,1,74
D4:F5:47:82:0E:C6,ALL,udp:38338,8.8.8.8*,2,164,1,74,1,90
D4:F5:47:82:0E:C6,ALL,udp:60257,192.168.3.117*,2,176,1,102,1,74
D4:F5:47:82:0E:C6,ALL,udp:60257,8.8.8.8*,2,176,1,74,1,102
D4:F5:47:82:0E:C6,ALL,udp:45020,192.168.3.117*,2,164,1,90,1,74
D4:F5:47:82:0E:C6,ALL,udp:45020,8.8.8.8*,2,164,1,74,1,90
D4:F5:47:82:0E:C6,ALL,udp:57247,192.168.3.117*,2,176,1,102,1,74
D4:F5:47:82:0E:C6,ALL,udp:57247,8.8.8.8*,2,176,1,74,1,102
D4:F5:47:82:0E:C6,ALL,udp:48714,192.168.3.117*,2,176,1,102,1,74
D4:F5:47:82:0E:C6,ALL,udp:48714,8.8.8.8*,2,176,1,74,1,102
D4:F5:47:82:0E:C6,ALL,udp:55312,192.168.3.117*,2,164,1,90,1,74
D4:F5:47:82:0E:C6,ALL,udp:55312,8.8.8.8*,2,164,1,74,1,90
D4:F5:47:82:0E:C6,ALL,udp:52305,192.168.3.117*,2,176,1,102,1,74
D4:F5:47:82:0E:C6,ALL,udp:52305,8.8.8.8*,2,176,1,74,1,102
D4:F5:47:82:0E:C6,ALL,udp:45008,192.168.3.117*,2,164,1,90,1,74
D4:F5:47:82:0E:C6,ALL,udp:45008,8.8.8.8*,2,164,1,74,1,90
D4:F5:47:82:0E:C6,ALL,udp:52052,192.168.3.117*,2,176,1,102,1,74
D4:F5:47:82:0E:C6,ALL,udp:52052,8.8.8.8*,2,176,1,74,1,102
D4:F5:47:82:0E:C6,ALL,udp:55337,192.168.3.117*,2,176,1,102,1,74
D4:F5:47:82:0E:C6,ALL,udp:55337,8.8.8.8*,2,176,1,74,1,102
D4:F5:47:82:0E:C6,ALL,udp:33395,192.168.3.117*,2,176,1,102,1,74
D4:F5:47:82:0E:C6,ALL,udp:33395,8.8.8.8*,2,176,1,74,1,102
D4:F5:47:82:0E:C6,ALL,udp:35024,192.168.3.117*,2,176,1,102,1,74
D4:F5:47:82:0E:C6,ALL,udp:35024,8.8.8.8*,2,176,1,74,1,102
D4:F5:47:82:0E:C6,ALL,udp:35488,192.168.3.117*,2,164,1,90,1,74
D4:F5:47:82:0E:C6,ALL,udp:35488,8.8.8.8*,2,164,1,74,1,90
D4:F5:47:82:0E:C6,ALL,udp:38159,192.168.3.117*,2,176,1,102,1,74
D4:F5:47:82:0E:C6,ALL,udp:38159,8.8.8.8*,2,176,1,74,1,102
D4:F5:47:82:0E:C6,ALL,udp:53766,192.168.3.117*,2,164,1,90,1,74
D4:F5:47:82:0E:C6,ALL,udp:53766,8.8.8.8*,2,164,1,74,1,90
D4:F5:47:82:0E:C6,ALL,udp:45909,192.168.3.117*,2,164,1,90,1,74
D4:F5:47:82:0E:C6,ALL,udp:45909,8.8.8.8*,2,164,1,74,1,90
D4:F5:47:82:0E:C6,ALL,udp:40645,192.168.3.117*,2,176,1,102,1,74
D4:F5:47:82:0E:C6,ALL,udp:40645,8.8.8.8*,2,176,1,74,1,102
D4:F5:47:82:0E:C6,ALL,udp:35844,192.168.3.117*,2,164,1,90,1,74
D4:F5:47:82:0E:C6,ALL,udp:35844,8.8.8.8*,2,164,1,74,1,90
D4:F5:47:82:0E:C6,ALL,udp:49539,192.168.3.117*,2,164,1,90,1,74
D4:F5:47:82:0E:C6,ALL,udp:49539,8.8.8.8*,2,164,1,74,1,90
D4:F5:47:82:0E:C6,ALL,udp:51079,192.168.3.117*,2,176,1,102,1,74
D4:F5:47:82:0E:C6,ALL,udp:51079,8.8.8.8*,2,176,1,74,1,102
D4:F5:47:82:0E:C6,ALL,udp:44520,192.168.3.117*,2,164,1,90,1,74
D4:F5:47:82:0E:C6,ALL,udp:44520,8.8.8.8*,2,164,1,74,1,90
D4:F5:47:82:0E:C6,ALL,udp:57637,192.168.3.117*,2,176,1,102,1,74
D4:F5:47:82:0E:C6,ALL,udp:57637,8.8.8.8*,2,176,1,74,1,102
D4:F5:47:82:0E:C6,ALL,udp:58968,192.168.3.117*,2,176,1,102,1,74
D4:F5:47:82:0E:C6,ALL,udp:58968,8.8.8.8*,2,176,1,74,1,102
D4:F5:47:82:0E:C6,ALL,udp:49720,192.168.3.117*,2,164,1,90,1,74
D4:F5:47:82:0E:C6,ALL,udp:49720,8.8.8.8*,2,164,1,74,1,90
D4:F5:47:82:0E:C6,ALL,udp:45730,192.168.3.117*,2,176,1,102,1,74
D4:F5:47:82:0E:C6,ALL,udp:45730,8.8.8.8*,2,176,1,74,1,102
D4:F5:47:82:0E:C6,ALL,udp:40867,192.168.3.117*,2,164,1,90,1,74
D4:F5:47:82:0E:C6,ALL,udp:40867,8.8.8.8*,2,164,1,74,1,90
D4:F5:47:82:0E:C6,ALL,udp:55811,192.168.3.117*,2,164,1,90,1,74
D4:F5:47:82:0E:C6,ALL,udp:55811,8.8.8.8*,2,164,1,74,1,90
D4:F5:47:82:0E:C6,ALL,udp:46178,192.168.3.117*,2,176,1,102,1,74
D4:F5:47:82:0E:C6,ALL,udp:46178,8.8.8.8*,2,176,1,74,1,102
D4:F5:47:82:0E:C6,ALL,udp:42037,192.168.3.117*,2,164,1,90,1,74
D4:F5:47:82:0E:C6,ALL,udp:42037,8.8.8.8*,2,164,1,74,1,90
D4:F5:47:82:0E:C6,ALL,udp:54164,192.168.3.117*,2,176,1,102,1,74
D4:F5:47:82:0E:C6,ALL,udp:54164,8.8.8.8*,2,176,1,74,1,102
D4:F5:47:82:0E:C6,ALL,udp:42465,192.168.3.117*,2,164,1,90,1,74
D4:F5:47:82:0E:C6,ALL,udp:42465,8.8.8.8*,2,164,1,74,1,90
D4:F5:47:82:0E:C6,ALL,udp:48051,192.168.3.117*,2,176,1,102,1,74
D4:F5:47:82:0E:C6,ALL,udp:48051,8.8.8.8*,2,176,1,74,1,102
D4:F5:47:82:0E:C6,ALL,udp:41913,192.168.3.117*,2,164,1,90,1,74
D4:F5:47:82:0E:C6,ALL,udp:41913,8.8.8.8*,2,164,1,74,1,90
D4:F5:47:82:0E:C6,ALL,udp:57560,192.168.3.117*,2,176,1,102,1,74
D4:F5:47:82:0E:C6,ALL,udp:57560,8.8.8.8*,2,176,1,74,1,102
D4:F5:47:82:0E:C6,ALL,udp:42654,192.168.3.117*,2,176,1,102,1,74
D4:F5:47:82:0E:C6,ALL,udp:42654,8.8.8.8*,2,176,1,74,1,102
D4:F5:47:82:0E:C6,ALL,udp:52729,192.168.3.117*,2,198,1,119,1,79
D4:F5:47:82:0E:C6,ALL,udp:52729,8.8.8.8*,2,198,1,79,1,119
D4:F5:47:82:0E:C6,ALL,udp:45736,192.168.3.117*,2,164,1,90,1,74
D4:F5:47:82:0E:C6,ALL,udp:45736,8.8.8.8*,2,164,1,74,1,90
D4:F5:47:82:0E:C6,ALL,udp:33187,192.168.3.117*,2,176,1,102,1,74
D4:F5:47:82:0E:C6,ALL,udp:33187,8.8.8.8*,2,176,1,74,1,102
D4:F5:47:82:0E:C6,ALL,udp:33578,192.168.3.117*,2,164,1,90,1,74
D4:F5:47:82:0E:C6,ALL,udp:33578,8.8.8.8*,2,164,1,74,1,90
D4:F5:47:82:0E:C6,ALL,udp:47400,192.168.3.117*,2,176,1,102,1,74
D4:F5:47:82:0E:C6,ALL,udp:47400,8.8.8.8*,2,176,1,74,1,102
D4:F5:47:82:0E:C6,ALL,udp:60383,192.168.3.117*,2,176,1,102,1,74
D4:F5:47:82:0E:C6,ALL,udp:60383,8.8.8.8*,2,176,1,74,1,102
D4:F5:47:82:0E:C6,ALL,udp:37520,192.168.3.117*,2,164,1,90,1,74
D4:F5:47:82:0E:C6,ALL,udp:37520,8.8.8.8*,2,164,1,74,1,90
D4:F5:47:82:0E:C6,ALL,udp:40866,192.168.3.117*,2,164,1,90,1,74
D4:F5:47:82:0E:C6,ALL,udp:40866,8.8.8.8*,2,164,1,74,1,90
D4:F5:47:82:0E:C6,ALL,udp:34319,192.168.3.117*,2,176,1,102,1,74
D4:F5:47:82:0E:C6,ALL,udp:34319,8.8.8.8*,2,176,1,74,1,102
D4:F5:47:82:0E:C6,ALL,udp:43151,192.168.3.117*,2,198,1,119,1,79
D4:F5:47:82:0E:C6,ALL,udp:43151,8.8.8.8*,2,198,1,79,1,119
D4:F5:47:82:0E:C6,ALL,udp:52177,192.168.3.117*,2,164,1,90,1,74
D4:F5:47:82:0E:C6,ALL,udp:52177,8.8.8.8*,2,164,1,74,1,90
D4:F5:47:82:0E:C6,ALL,udp:44750,192.168.3.117*,2,164,1,90,1,74
D4:F5:47:82:0E:C6,ALL,udp:44750,8.8.8.8*,2,164,1,74,1,90
D4:F5:47:82:0E:C6,ALL,udp:46922,192.168.3.117*,2,176,1,102,1,74
D4:F5:47:82:0E:C6,ALL,udp:46922,8.8.8.8*,2,176,1,74,1,102
D4:F5:47:82:0E:C6,ALL,udp:59189,192.168.3.117*,2,164,1,90,1,74
D4:F5:47:82:0E:C6,ALL,udp:59189,8.8.8.8*,2,164,1,74,1,90
D4:F5:47:82:0E:C6,ALL,udp:57849,192.168.3.117*,2,176,1,102,1,74
D4:F5:47:82:0E:C6,ALL,udp:57849,8.8.8.8*,2,176,1,74,1,102
D4:F5:47:82:0E:C6,ALL,udp:45626,192.168.3.117*,2,176,1,102,1,74
D4:F5:47:82:0E:C6,ALL,udp:45626,8.8.8.8*,2,176,1,74,1,102
D4:F5:47:82:0E:C6,ALL,udp:55018,192.168.3.117*,2,164,1,90,1,74
D4:F5:47:82:0E:C6,ALL,udp:55018,8.8.8.8*,2,164,1,74,1,90
D4:F5:47:82:0E:C6,ALL,udp:43012,192.168.3.117*,2,164,1,90,1,74
D4:F5:47:82:0E:C6,ALL,udp:43012,8.8.8.8*,2,164,1,74,1,90
D4:F5:47:82:0E:C6,ALL,udp:51775,192.168.3.117*,2,176,1,102,1,74
D4:F5:47:82:0E:C6,ALL,udp:51775,8.8.8.8*,2,176,1,74,1,102
D4:F5:47:82:0E:C6,ALL,udp:33108,192.168.3.117*,2,164,1,90,1,74
D4:F5:47:82:0E:C6,ALL,udp:33108,8.8.8.8*,2,164,1,74,1,90
D4:F5:47:82:0E:C6,ALL,udp:44666,192.168.3.117*,2,198,1,119,1,79
D4:F5:47:82:0E:C6,ALL,udp:44666,8.8.8.8*,2,198,1,79,1,119
D4:F5:47:82:0E:C6,ALL,udp:49096,192.168.3.117*,2,164,1,90,1,74
D4:F5:47:82:0E:C6,ALL,udp:49096,8.8.8.8*,2,164,1,74,1,90
D4:F5:47:82:0E:C6,ALL,udp:42894,192.168.3.117*,2,176,1,102,1,74
D4:F5:47:82:0E:C6,ALL,udp:42894,8.8.8.8*,2,176,1,74,1,102
D4:F5:47:82:0E:C6,ALL,udp:56080,192.168.3.117*,2,176,1,102,1,74
D4:F5:47:82:0E:C6,ALL,udp:56080,8.8.8.8*,2,176,1,74,1,102
D4:F5:47:82:0E:C6,ALL,udp:38686,192.168.3.117*,2,176,1,102,1,74
D4:F5:47:82:0E:C6,ALL,udp:38686,8.8.8.8*,2,176,1,74,1,102
D4:F5:47:82:0E:C6,ALL,udp:51749,192.168.3.117*,2,164,1,90,1,74
D4:F5:47:82:0E:C6,ALL,udp:51749,8.8.8.8*,2,164,1,74,1,90
D4:F5:47:82:0E:C6,ALL,udp:40156,192.168.3.117*,2,176,1,102,1,74
D4:F5:47:82:0E:C6,ALL,udp:40156,8.8.8.8*,2,176,1,74,1,102
D4:F5:47:82:0E:C6,ALL,udp:55420,192.168.3.117*,2,176,1,102,1,74
D4:F5:47:82:0E:C6,ALL,udp:55420,8.8.8.8*,2,176,1,74,1,102
D4:F5:47:82:0E:C6,ALL,udp:42167,192.168.3.117*,2,164,1,90,1,74
D4:F5:47:82:0E:C6,ALL,udp:42167,8.8.8.8*,2,164,1,74,1,90
D4:F5:47:82:0E:C6,ALL,udp:46792,216.239.35.0,2,180,1,90,1,90
D4:F5:47:82:0E:C6,ALL,udp:46792,8.8.8.8,2,176,1,74,1,102
D4:F5:47:82:0E:C6,ALL,udp:39299,192.168.3.117*,2,164,1,90,1,74
D4:F5:47:82:0E:C6,ALL,udp:39299,8.8.8.8*,2,164,1,74,1,90
D4:F5:47:82:0E:C6,ALL,udp:41794,192.168.3.117*,2,176,1,102,1,74
D4:F5:47:82:0E:C6,ALL,udp:41794,8.8.8.8*,2,176,1,74,1,102
D4:F5:47:82:0E:C6,ALL,udp:58353,192.168.3.117*,2,176,1,102,1,74
D4:F5:47:82:0E:C6,ALL,udp:58353,8.8.8.8*,2,176,1,74,1,102
D4:F5:47:82:0E:C6,ALL,udp:39884,192.168.3.117*,2,164,1,90,1,74
D4:F5:47:82:0E:C6,ALL,udp:39884,8.8.8.8*,2,164,1,74,1,90
D4:F5:47:82:0E:C6,ALL,udp:35107,192.168.3.117*,2,176,1,102,1,74
D4:F5:47:82:0E:C6,ALL,udp:35107,8.8.8.8*,2,176,1,74,1,102
D4:F5:47:82:0E:C6,ALL,udp:33648,192.168.3.117*,2,176,1,102,1,74
D4:F5:47:82:0E:C6,ALL,udp:33648,8.8.8.8*,2,176,1,74,1,102
D4:F5:47:82:0E:C6,ALL,udp:45281,192.168.3.117*,2,164,1,90,1,74
D4:F5:47:82:0E:C6,ALL,udp:45281,8.8.8.8*,2,164,1,74,1,90
D4:F5:47:82:0E:C6,ALL,udp:45997,192.168.3.117*,2,176,1,102,1,74
D4:F5:47:82:0E:C6,ALL,udp:45997,8.8.8.8*,2,176,1,74,1,102
D4:F5:47:82:0E:C6,ALL,udp:49595,192.168.3.117*,2,164,1,90,1,74
D4:F5:47:82:0E:C6,ALL,udp:49595,8.8.8.8*,2,164,1,74,1,90
D4:F5:47:82:0E:C6,ALL,udp:44413,192.168.3.117*,2,176,1,102,1,74
D4:F5:47:82:0E:C6,ALL,udp:44413,8.8.8.8*,2,176,1,74,1,102
D4:F5:47:82:0E:C6,ALL,udp:56935,192.168.3.117*,2,164,1,90,1,74
D4:F5:47:82:0E:C6,ALL,udp:56935,8.8.8.8*,2,164,1,74,1,90
D4:F5:47:82:0E:C6,ALL,udp:59058,192.168.3.117*,2,176,1,102,1,74
D4:F5:47:82:0E:C6,ALL,udp:59058,8.8.8.8*,2,176,1,74,1,102
D4:F5:47:82:0E:C6,ALL,udp:59036,192.168.3.117*,2,164,1,90,1,74
D4:F5:47:82:0E:C6,ALL,udp:59036,8.8.8.8*,2,164,1,74,1,90
D4:F5:47:82:0E:C6,ALL,udp:54202,192.168.3.117*,2,176,1,102,1,74
D4:F5:47:82:0E:C6,ALL,udp:54202,8.8.8.8*,2,176,1,74,1,102
D4:F5:47:82:0E:C6,ALL,udp:54294,192.168.3.117*,2,176,1,102,1,74
D4:F5:47:82:0E:C6,ALL,udp:54294,8.8.8.8*,2,176,1,74,1,102
D4:F5:47:82:0E:C6,ALL,udp:41725,192.168.3.117*,2,164,1,90,1,74
D4:F5:47:82:0E:C6,ALL,udp:41725,8.8.8.8*,2,164,1,74,1,90
D4:F5:47:82:0E:C6,ALL,udp:53462,192.168.3.117*,2,176,1,102,1,74
D4:F5:47:82:0E:C6,ALL,udp:53462,8.8.8.8*,2,176,1,74,1,102
D4:F5:47:82:0E:C6,ALL,udp:45369,192.168.3.117*,2,164,1,90,1,74
D4:F5:47:82:0E:C6,ALL,udp:45369,8.8.8.8*,2,164,1,74,1,90
D4:F5:47:82:0E:C6,ALL,udp:34096,192.168.3.117*,2,176,1,102,1,74
D4:F5:47:82:0E:C6,ALL,udp:34096,8.8.8.8*,2,176,1,74,1,102
D4:F5:47:82:0E:C6,ALL,udp:36601,192.168.3.117*,2,164,1,90,1,74
D4:F5:47:82:0E:C6,ALL,udp:36601,8.8.8.8*,2,164,1,74,1,90
D4:F5:47:82:0E:C6,ALL,udp:39088,216.239.35.0,2,180,1,90,1,90
D4:F5:47:82:0E:C6,ALL,udp:39088,8.8.8.8,2,176,1,74,1,102
D4:F5:47:82:0E:C6,ALL,udp:38784,192.168.3.117*,2,164,1,90,1,74
D4:F5:47:82:0E:C6,ALL,udp:38784,8.8.8.8*,2,164,1,74,1,90
D4:F5:47:82:0E:C6,ALL,udp:45109,192.168.3.117*,2,164,1,90,1,74
D4:F5:47:82:0E:C6,ALL,udp:45109,8.8.8.8*,2,164,1,74,1,90
D4:F5:47:82:0E:C6,ALL,udp:45872,192.168.3.117*,2,164,1,90,1,74
D4:F5:47:82:0E:C6,ALL,udp:45872,8.8.8.8*,2,164,1,74,1,90
D4:F5:47:82:0E:C6,ALL,udp:49048,192.168.3.117*,2,176,1,102,1,74
D4:F5:47:82:0E:C6,ALL,udp:49048,8.8.8.8*,2,176,1,74,1,102
D4:F5:47:82:0E:C6,ALL,udp:38769,192.168.3.117*,2,164,1,90,1,74
D4:F5:47:82:0E:C6,ALL,udp:38769,8.8.8.8*,2,164,1,74,1,90
D4:F5:47:82:0E:C6,ALL,udp:36162,142.251.32.110*,20,12217,13,9193,7,3024
D4:F5:47:82:0E:C6,ALL,udp:36162,8.8.8.8*,2,176,1,74,1,102
D4:F5:47:82:0E:C6,ALL,udp:38788,192.168.3.117*,2,176,1,102,1,74
D4:F5:47:82:0E:C6,ALL,udp:38788,8.8.8.8*,2,176,1,74,1,102
D4:F5:47:82:0E:C6,ALL,udp:34944,216.239.35.4,2,180,1,90,1,90
D4:F5:47:82:0E:C6,ALL,udp:34944,8.8.8.8,2,164,1,74,1,90
D4:F5:47:82:0E:C6,ALL,udp:56145,192.168.3.117*,2,176,1,102,1,74
D4:F5:47:82:0E:C6,ALL,udp:56145,8.8.8.8*,2,176,1,74,1,102
D4:F5:47:82:0E:C6,ALL,udp:50682,192.168.3.117*,2,164,1,90,1,74
D4:F5:47:82:0E:C6,ALL,udp:50682,8.8.8.8*,2,164,1,74,1,90
D4:F5:47:82:0E:C6,ALL,udp:49364,192.168.3.117*,2,164,1,90,1,74
D4:F5:47:82:0E:C6,ALL,udp:49364,8.8.8.8*,2,164,1,74,1,90
D4:F5:47:82:0E:C6,ALL,udp:60683,192.168.3.117*,2,164,1,90,1,74
D4:F5:47:82:0E:C6,ALL,udp:60683,8.8.8.8*,2,164,1,74,1,90
D4:F5:47:82:0E:C6,ALL,udp:58436,192.168.3.117*,2,164,1,90,1,74
D4:F5:47:82:0E:C6,ALL,udp:58436,8.8.8.8*,2,164,1,74,1,90
D4:F5:47:82:0E:C6,ALL,udp:56129,192.168.3.117*,2,164,1,90,1,74
D4:F5:47:82:0E:C6,ALL,udp:56129,8.8.8.8*,2,164,1,74,1,90
D4:F5:47:82:0E:C6,ALL,udp:53834,192.168.3.117*,2,176,1,102,1,74
D4:F5:47:82:0E:C6,ALL,udp:53834,8.8.8.8*,2,176,1,74,1,102
D4:F5:47:82:0E:C6,ALL,udp:40104,192.168.3.117*,2,164,1,90,1,74
D4:F5:47:82:0E:C6,ALL,udp:40104,8.8.8.8*,2,164,1,74,1,90
D4:F5:47:82:0E:C6,ALL,udp:40346,192.168.3.117*,2,164,1,90,1,74
D4:F5:47:82:0E:C6,ALL,udp:40346,8.8.8.8*,2,164,1,74,1,90
D4:F5:47:82:0E:C6,ALL,udp:56748,192.168.3.117*,2,176,1,102,1,74
D4:F5:47:82:0E:C6,ALL,udp:56748,8.8.8.8*,2,176,1,74,1,102
D4:F5:47:82:0E:C6,ALL,udp:43312,192.168.3.117*,2,164,1,90,1,74
D4:F5:47:82:0E:C6,ALL,udp:43312,8.8.8.8*,2,164,1,74,1,90
D4:F5:47:82:0E:C6,ALL,udp:42342,192.168.3.117*,2,176,1,102,1,74
D4:F5:47:82:0E:C6,ALL,udp:42342,8.8.8.8*,2,176,1,74,1,102
D4:F5:47:82:0E:C6,ALL,udp:55864,192.168.3.117*,2,164,1,90,1,74
D4:F5:47:82:0E:C6,ALL,udp:55864,8.8.8.8*,2,164,1,74,1,90
D4:F5:47:82:0E:C6,ALL,udp:35712,192.168.3.117*,2,176,1,102,1,74
D4:F5:47:82:0E:C6,ALL,udp:35712,8.8.8.8*,2,176,1,74,1,102
D4:F5:47:82:0E:C6,ALL,udp:47183,192.168.3.117*,2,164,1,90,1,74
D4:F5:47:82:0E:C6,ALL,udp:47183,8.8.8.8*,2,164,1,74,1,90
D4:F5:47:82:0E:C6,ALL,udp:51839,192.168.3.117*,2,164,1,90,1,74
D4:F5:47:82:0E:C6,ALL,udp:51839,8.8.8.8*,2,164,1,74,1,90
D4:F5:47:82:0E:C6,ALL,udp:55587,192.168.3.117*,2,176,1,102,1,74
D4:F5:47:82:0E:C6,ALL,udp:55587,8.8.8.8*,2,176,1,74,1,102
D4:F5:47:82:0E:C6,ALL,udp:49550,192.168.3.117*,2,164,1,90,1,74
D4:F5:47:82:0E:C6,ALL,udp:49550,8.8.8.8*,2,164,1,74,1,90
D4:F5:47:82:0E:C6,ALL,udp:40028,192.168.3.117*,2,176,1,102,1,74
D4:F5:47:82:0E:C6,ALL,udp:40028,8.8.8.8*,2,176,1,74,1,102
D4:F5:47:82:0E:C6,ALL,udp:57337,192.168.3.117*,2,164,1,90,1,74
D4:F5:47:82:0E:C6,ALL,udp:57337,8.8.8.8*,2,164,1,74,1,90
D4:F5:47:82:0E:C6,ALL,udp:59502,192.168.3.117*,2,164,1,90,1,74
D4:F5:47:82:0E:C6,ALL,udp:59502,8.8.8.8*,2,164,1,74,1,90
D4:F5:47:82:0E:C6,ALL,udp:38161,192.168.3.117*,2,176,1,102,1,74
D4:F5:47:82:0E:C6,ALL,udp:38161,8.8.8.8*,2,176,1,74,1,102
D4:F5:47:82:0E:C6,ALL,udp:41711,192.168.3.117*,2,176,1,102,1,74
D4:F5:47:82:0E:C6,ALL,udp:41711,8.8.8.8*,2,176,1,74,1,102
D4:F5:47:82:0E:C6,ALL,udp:36752,192.168.3.117*,2,164,1,90,1,74
D4:F5:47:82:0E:C6,ALL,udp:36752,8.8.8.8*,2,164,1,74,1,90
D4:F5:47:82:0E:C6,ALL,udp:33076,192.168.3.117*,2,176,1,102,1,74
D4:F5:47:82:0E:C6,ALL,udp:33076,8.8.8.8*,2,176,1,74,1,102
D4:F5:47:82:0E:C6,ALL,udp:45715,192.168.3.117*,2,164,1,90,1,74
D4:F5:47:82:0E:C6,ALL,udp:45715,8.8.8.8*,2,164,1,74,1,90
D4:F5:47:82:0E:C6,ALL,udp:33833,192.168.3.117*,2,164,1,90,1,74
D4:F5:47:82:0E:C6,ALL,udp:33833,8.8.8.8*,2,164,1,74,1,90
D4:F5:47:82:0E:C6,ALL,udp:48958,192.168.3.117*,2,176,1,102,1,74
D4:F5:47:82:0E:C6,ALL,udp:48958,8.8.8.8*,2,176,1,74,1,102
D4:F5:47:82:0E:C6,ALL,udp:51628,192.168.3.117*,2,164,1,90,1,74
D4:F5:47:82:0E:C6,ALL,udp:51628,8.8.8.8*,2,164,1,74,1,90
D4:F5:47:82:0E:C6,ALL,udp:46883,192.168.3.117*,2,176,1,102,1,74
D4:F5:47:82:0E:C6,ALL,udp:46883,8.8.8.8*,2,176,1,74,1,102
D4:F5:47:82:0E:C6,ALL,udp:46476,192.168.3.117*,2,176,1,102,1,74
D4:F5:47:82:0E:C6,ALL,udp:46476,8.8.8.8*,2,176,1,74,1,102
D4:F5:47:82:0E:C6,ALL,udp:34643,142.251.32.110*,20,10873,12,7359,8,3514
D4:F5:47:82:0E:C6,ALL,udp:34643,8.8.8.8*,2,164,1,74,1,90
D4:F5:47:82:0E:C6,ALL,udp:34170,192.168.3.117*,2,176,1,102,1,74
D4:F5:47:82:0E:C6,ALL,udp:34170,8.8.8.8*,2,176,1,74,1,102
D4:F5:47:82:0E:C6,ALL,udp:40851,192.168.3.117*,2,164,1,90,1,74
D4:F5:47:82:0E:C6,ALL,udp:40851,8.8.8.8*,2,164,1,74,1,90
D4:F5:47:82:0E:C6,ALL,udp:40894,192.168.3.117*,2,176,1,102,1,74
D4:F5:47:82:0E:C6,ALL,udp:40894,8.8.8.8*,2,176,1,74,1,102
D4:F5:47:82:0E:C6,ALL,udp:43659,192.168.3.117*,2,164,1,90,1,74
D4:F5:47:82:0E:C6,ALL,udp:43659,8.8.8.8*,2,164,1,74,1,90
D4:F5:47:82:0E:C6,ALL,udp:60522,192.168.3.117*,2,164,1,90,1,74
D4:F5:47:82:0E:C6,ALL,udp:60522,8.8.8.8*,2,164,1,74,1,90
D4:F5:47:82:0E:C6,ALL,udp:51791,192.168.3.117*,2,176,1,102,1,74
D4:F5:47:82:0E:C6,ALL,udp:51791,8.8.8.8*,2,176,1,74,1,102
D4:F5:47:82:0E:C6,ALL,udp:55333,192.168.3.117*,2,164,1,90,1,74
D4:F5:47:82:0E:C6,ALL,udp:55333,8.8.8.8*,2,164,1,74,1,90
D4:F5:47:82:0E:C6,ALL,udp:38019,192.168.3.117*,2,176,1,102,1,74
D4:F5:47:82:0E:C6,ALL,udp:38019,8.8.8.8*,2,176,1,74,1,102
D4:F5:47:82:0E:C6,ALL,udp:59528,172.217.165.142*,20,10870,12,7356,8,3514
D4:F5:47:82:0E:C6,ALL,udp:59528,8.8.8.8*,2,176,1,74,1,102
D4:F5:47:82:0E:C6,ALL,udp:59733,192.168.3.117*,2,164,1,90,1,74
D4:F5:47:82:0E:C6,ALL,udp:59733,8.8.8.8*,2,164,1,74,1,90
D4:F5:47:82:0E:C6,ALL,udp:59760,192.168.3.117*,2,176,1,102,1,74
D4:F5:47:82:0E:C6,ALL,udp:59760,8.8.8.8*,2,176,1,74,1,102
D4:F5:47:82:0E:C6,ALL,udp:41965,192.168.3.117*,2,164,1,90,1,74
D4:F5:47:82:0E:C6,ALL,udp:41965,8.8.8.8*,2,164,1,74,1,90
D4:F5:47:82:0E:C6,ALL,udp:60080,192.168.3.117*,2,164,1,90,1,74
D4:F5:47:82:0E:C6,ALL,udp:60080,8.8.8.8*,2,164,1,74,1,90
D4:F5:47:82:0E:C6,ALL,udp:45031,192.168.3.117*,2,176,1,102,1,74
D4:F5:47:82:0E:C6,ALL,udp:45031,8.8.8.8*,2,176,1,74,1,102
D4:F5:47:82:0E:C6,ALL,udp:46778,192.168.3.117*,2,164,1,90,1,74
D4:F5:47:82:0E:C6,ALL,udp:46778,8.8.8.8*,2,164,1,74,1,90
D4:F5:47:82:0E:C6,ALL,udp:48657,192.168.3.117*,2,164,1,90,1,74
D4:F5:47:82:0E:C6,ALL,udp:48657,8.8.8.8*,2,164,1,74,1,90
D4:F5:47:82:0E:C6,ALL,udp:32882,192.168.3.117*,2,176,1,102,1,74
D4:F5:47:82:0E:C6,ALL,udp:32882,8.8.8.8*,2,176,1,74,1,102
D4:F5:47:82:0E:C6,ALL,udp:51798,192.168.3.117*,2,164,1,90,1,74
D4:F5:47:82:0E:C6,ALL,udp:51798,8.8.8.8*,2,164,1,74,1,90
D4:F5:47:82:0E:C6,ALL,udp:47185,192.168.3.117*,2,176,1,102,1,74
D4:F5:47:82:0E:C6,ALL,udp:47185,8.8.8.8*,2,176,1,74,1,102
D4:F5:47:82:0E:C6,ALL,udp:41229,192.168.3.117*,2,176,1,102,1,74
D4:F5:47:82:0E:C6,ALL,udp:41229,8.8.8.8*,2,176,1,74,1,102
D4:F5:47:82:0E:C6,ALL,udp:60478,192.168.3.117*,2,164,1,90,1,74
D4:F5:47:82:0E:C6,ALL,udp:60478,8.8.8.8*,2,164,1,74,1,90
D4:F5:47:82:0E:C6,ALL,udp:40783,192.168.3.117*,2,176,1,102,1,74
D4:F5:47:82:0E:C6,ALL,udp:40783,8.8.8.8*,2,176,1,74,1,102
D4:F5:47:82:0E:C6,ALL,udp:59294,192.168.3.117*,2,176,1,102,1,74
D4:F5:47:82:0E:C6,ALL,udp:59294,8.8.8.8*,2,176,1,74,1,102
D4:F5:47:82:0E:C6,ALL,udp:48110,192.168.3.117*,2,164,1,90,1,74
D4:F5:47:82:0E:C6,ALL,udp:48110,8.8.8.8*,2,164,1,74,1,90
D4:F5:47:82:0E:C6,ALL,udp:38834,192.168.3.117*,2,176,1,102,1,74
D4:F5:47:82:0E:C6,ALL,udp:38834,8.8.8.8*,2,176,1,74,1,102
D4:F5:47:82:0E:C6,ALL,udp:55359,192.168.3.117*,2,164,1,90,1,74
D4:F5:47:82:0E:C6,ALL,udp:55359,8.8.8.8*,2,164,1,74,1,90
D4:F5:47:82:0E:C6,ALL,udp:47520,192.168.3.117*,2,176,1,102,1,74
D4:F5:47:82:0E:C6,ALL,udp:47520,8.8.8.8*,2,176,1,74,1,102
D4:F5:47:82:0E:C6,ALL,udp:34105,192.168.3.117*,2,176,1,102,1,74
D4:F5:47:82:0E:C6,ALL,udp:34105,8.8.8.8*,2,176,1,74,1,102
D4:F5:47:82:0E:C6,ALL,udp:39981,192.168.3.117*,2,176,1,102,1,74
D4:F5:47:82:0E:C6,ALL,udp:39981,8.8.8.8*,2,176,1,74,1,102
D4:F5:47:82:0E:C6,ALL,udp:37036,192.168.3.117*,2,164,1,90,1,74
D4:F5:47:82:0E:C6,ALL,udp:37036,8.8.8.8*,2,164,1,74,1,90
D4:F5:47:82:0E:C6,ALL,udp:52178,192.168.3.117*,2,176,1,102,1,74
D4:F5:47:82:0E:C6,ALL,udp:52178,8.8.8.8*,2,176,1,74,1,102
D4:F5:47:82:0E:C6,ALL,udp:35450,192.168.3.117*,2,164,1,90,1,74
D4:F5:47:82:0E:C6,ALL,udp:35450,8.8.8.8*,2,164,1,74,1,90
D4:F5:47:82:0E:C6,ALL,udp:51901,192.168.3.117*,2,176,1,102,1,74
D4:F5:47:82:0E:C6,ALL,udp:51901,8.8.8.8*,2,176,1,74,1,102
D4:F5:47:82:0E:C6,ALL,udp:48123,192.168.3.117*,2,164,1,90,1,74
D4:F5:47:82:0E:C6,ALL,udp:48123,8.8.8.8*,2,164,1,74,1,90
D4:F5:47:82:0E:C6,ALL,udp:60802,192.168.3.117*,2,164,1,90,1,74
D4:F5:47:82:0E:C6,ALL,udp:60802,8.8.8.8*,2,164,1,74,1,90
D4:F5:47:82:0E:C6,ALL,udp:59205,192.168.3.117*,2,164,1,90,1,74
D4:F5:47:82:0E:C6,ALL,udp:59205,8.8.8.8*,2,164,1,74,1,90
D4:F5:47:82:0E:C6,ALL,udp:50887,192.168.3.117*,2,176,1,102,1,74
D4:F5:47:82:0E:C6,ALL,udp:50887,8.8.8.8*,2,176,1,74,1,102
D4:F5:47:82:0E:C6,ALL,udp:46198,192.168.3.117*,2,164,1,90,1,74
D4:F5:47:82:0E:C6,ALL,udp:46198,8.8.8.8*,2,164,1,74,1,90
D4:F5:47:82:0E:C6,ALL,udp:57966,192.168.3.117*,2,176,1,102,1,74
D4:F5:47:82:0E:C6,ALL,udp:57966,8.8.8.8*,2,176,1,74,1,102
D4:F5:47:82:0E:C6,ALL,udp:46051,192.168.3.117*,2,164,1,90,1,74
D4:F5:47:82:0E:C6,ALL,udp:46051,8.8.8.8*,2,164,1,74,1,90
D4:F5:47:82:0E:C6,ALL,udp:49913,192.168.3.117*,2,176,1,102,1,74
D4:F5:47:82:0E:C6,ALL,udp:49913,8.8.8.8*,2,176,1,74,1,102
D4:F5:47:82:0E:C6,ALL,udp:42683,192.168.3.117*,2,176,1,102,1,74
D4:F5:47:82:0E:C6,ALL,udp:42683,8.8.8.8*,2,176,1,74,1,102
D4:F5:47:82:0E:C6,ALL,udp:55164,192.168.3.117*,2,164,1,90,1,74
D4:F5:47:82:0E:C6,ALL,udp:55164,8.8.8.8*,2,164,1,74,1,90
D4:F5:47:82:0E:C6,ALL,udp:34733,192.168.3.117*,2,176,1,102,1,74
D4:F5:47:82:0E:C6,ALL,udp:34733,8.8.8.8*,2,176,1,74,1,102
D4:F5:47:82:0E:C6,ALL,udp:43776,192.168.3.117*,2,164,1,90,1,74
D4:F5:47:82:0E:C6,ALL,udp:43776,8.8.8.8*,2,164,1,74,1,90
D4:F5:47:82:0E:C6,ALL,udp:40290,192.168.3.117*,2,176,1,102,1,74
D4:F5:47:82:0E:C6,ALL,udp:40290,8.8.8.8*,2,176,1,74,1,102
D4:F5:47:82:0E:C6,ALL,udp:39925,192.168.3.117*,2,164,1,90,1,74
D4:F5:47:82:0E:C6,ALL,udp:39925,8.8.8.8*,2,164,1,74,1,90
D4:F5:47:82:0E:C6,ALL,udp:58978,192.168.3.117*,2,164,1,90,1,74
D4:F5:47:82:0E:C6,ALL,udp:58978,8.8.8.8*,2,164,1,74,1,90
D4:F5:47:82:0E:C6,ALL,udp:42499,192.168.3.117*,2,176,1,102,1,74
D4:F5:47:82:0E:C6,ALL,udp:42499,8.8.8.8*,2,176,1,74,1,102
D4:F5:47:82:0E:C6,ALL,udp:54976,192.168.3.117*,2,176,1,102,1,74
D4:F5:47:82:0E:C6,ALL,udp:54976,8.8.8.8*,2,176,1,74,1,102
D4:F5:47:82:0E:C6,ALL,udp:60172,192.168.3.117*,2,164,1,90,1,74
D4:F5:47:82:0E:C6,ALL,udp:60172,8.8.8.8*,2,164,1,74,1,90
D4:F5:47:82:0E:C6,ALL,udp:56584,172.217.165.142*,19,10790,11,7277,8,3513
D4:F5:47:82:0E:C6,ALL,udp:56584,8.8.8.8*,2,164,1,74,1,90
D4:F5:47:82:0E:C6,ALL,udp:44365,192.168.3.117*,2,164,1,90,1,74
D4:F5:47:82:0E:C6,ALL,udp:44365,8.8.8.8*,2,164,1,74,1,90
D4:F5:47:82:0E:C6,ALL,udp:56403,192.168.3.117*,2,198,1,119,1,79
D4:F5:47:82:0E:C6,ALL,udp:56403,8.8.8.8*,2,198,1,79,1,119
D4:F5:47:82:0E:C6,ALL,udp:57259,192.168.3.117*,2,164,1,90,1,74
D4:F5:47:82:0E:C6,ALL,udp:57259,8.8.8.8*,2,164,1,74,1,90
D4:F5:47:82:0E:C6,ALL,udp:34238,192.168.3.117*,2,176,1,102,1,74
D4:F5:47:82:0E:C6,ALL,udp:34238,8.8.8.8*,2,176,1,74,1,102
D4:F5:47:82:0E:C6,ALL,udp:48016,192.168.3.117*,2,164,1,90,1,74
D4:F5:47:82:0E:C6,ALL,udp:48016,8.8.8.8*,2,164,1,74,1,90
D4:F5:47:82:0E:C6,ALL,udp:52261,192.168.3.117*,2,176,1,102,1,74
D4:F5:47:82:0E:C6,ALL,udp:52261,8.8.8.8*,2,176,1,74,1,102
D4:F5:47:82:0E:C6,ALL,udp:50140,192.168.3.117*,2,176,1,102,1,74
D4:F5:47:82:0E:C6,ALL,udp:50140,8.8.8.8*,2,176,1,74,1,102
D4:F5:47:82:0E:C6,ALL,udp:60380,192.168.3.117*,2,164,1,90,1,74
D4:F5:47:82:0E:C6,ALL,udp:60380,8.8.8.8*,2,164,1,74,1,90
D4:F5:47:82:0E:C6,ALL,udp:49803,192.168.3.117*,2,176,1,102,1,74
D4:F5:47:82:0E:C6,ALL,udp:49803,8.8.8.8*,2,176,1,74,1,102
D4:F5:47:82:0E:C6,ALL,udp:43996,192.168.3.117*,2,176,1,102,1,74
D4:F5:47:82:0E:C6,ALL,udp:43996,8.8.8.8*,2,176,1,74,1,102
D4:F5:47:82:0E:C6,ALL,udp:37030,192.168.3.117*,2,164,1,90,1,74
D4:F5:47:82:0E:C6,ALL,udp:37030,8.8.8.8*,2,164,1,74,1,90
D4:F5:47:82:0E:C6,ALL,udp:44292,192.168.3.117*,2,164,1,90,1,74
D4:F5:47:82:0E:C6,ALL,udp:44292,8.8.8.8*,2,164,1,74,1,90
D4:F5:47:82:0E:C6,ALL,udp:39202,192.168.3.117*,2,164,1,90,1,74
D4:F5:47:82:0E:C6,ALL,udp:39202,8.8.8.8*,2,164,1,74,1,90
D4:F5:47:82:0E:C6,ALL,udp:44271,192.168.3.117*,2,164,1,90,1,74
D4:F5:47:82:0E:C6,ALL,udp:44271,8.8.8.8*,2,164,1,74,1,90
D4:F5:47:82:0E:C6,ALL,udp:55399,192.168.3.117*,2,176,1,102,1,74
D4:F5:47:82:0E:C6,ALL,udp:55399,8.8.8.8*,2,176,1,74,1,102
D4:F5:47:82:0E:C6,ALL,udp:36690,192.168.3.117*,2,164,1,90,1,74
D4:F5:47:82:0E:C6,ALL,udp:36690,8.8.8.8*,2,164,1,74,1,90
D4:F5:47:82:0E:C6,ALL,udp:34300,192.168.3.117*,2,164,1,90,1,74
D4:F5:47:82:0E:C6,ALL,udp:34300,8.8.8.8*,2,164,1,74,1,90
D4:F5:47:82:0E:C6,ALL,udp:51630,192.168.3.117*,2,164,1,90,1,74
D4:F5:47:82:0E:C6,ALL,udp:51630,8.8.8.8*,2,164,1,74,1,90
D4:F5:47:82:0E:C6,ALL,udp:34387,192.168.3.117*,2,176,1,102,1,74
D4:F5:47:82:0E:C6,ALL,udp:34387,8.8.8.8*,2,176,1,74,1,102
D4:F5:47:82:0E:C6,ALL,udp:33632,192.168.3.117*,2,164,1,90,1,74
D4:F5:47:82:0E:C6,ALL,udp:33632,8.8.8.8*,2,164,1,74,1,90
D4:F5:47:82:0E:C6,ALL,udp:50102,192.168.3.117*,2,164,1,90,1,74
D4:F5:47:82:0E:C6,ALL,udp:50102,8.8.8.8*,2,164,1,74,1,90
D4:F5:47:82:0E:C6,ALL,udp:46299,192.168.3.117*,2,164,1,90,1,74
D4:F5:47:82:0E:C6,ALL,udp:46299,8.8.8.8*,2,164,1,74,1,90
D4:F5:47:82:0E:C6,ALL,udp:44613,192.168.3.117*,2,164,1,90,1,74
D4:F5:47:82:0E:C6,ALL,udp:44613,8.8.8.8*,2,164,1,74,1,90
D4:F5:47:82:0E:C6,ALL,udp:42308,192.168.3.117*,2,176,1,102,1,74
D4:F5:47:82:0E:C6,ALL,udp:42308,8.8.8.8*,2,176,1,74,1,102
D4:F5:47:82:0E:C6,ALL,udp:50369,192.168.3.117*,2,164,1,90,1,74
D4:F5:47:82:0E:C6,ALL,udp:50369,8.8.8.8*,2,164,1,74,1,90
D4:F5:47:82:0E:C6,ALL,udp:37015,192.168.3.117*,2,176,1,102,1,74
D4:F5:47:82:0E:C6,ALL,udp:37015,8.8.8.8*,2,176,1,74,1,102
D4:F5:47:82:0E:C6,ALL,udp:42872,192.168.3.117*,2,176,1,102,1,74
D4:F5:47:82:0E:C6,ALL,udp:42872,8.8.8.8*,2,176,1,74,1,102
D4:F5:47:82:0E:C6,ALL,udp:59077,192.168.3.117*,2,164,1,90,1,74
D4:F5:47:82:0E:C6,ALL,udp:59077,8.8.8.8*,2,164,1,74,1,90
D4:F5:47:82:0E:C6,ALL,udp:34301,192.168.3.117*,2,176,1,102,1,74
D4:F5:47:82:0E:C6,ALL,udp:34301,8.8.8.8*,2,176,1,74,1,102
D4:F5:47:82:0E:C6,ALL,udp:43324,192.168.3.117*,2,164,1,90,1,74
D4:F5:47:82:0E:C6,ALL,udp:43324,8.8.8.8*,2,164,1,74,1,90
D4:F5:47:82:0E:C6,ALL,udp:50932,192.168.3.117*,2,164,1,90,1,74
D4:F5:47:82:0E:C6,ALL,udp:50932,8.8.8.8*,2,164,1,74,1,90
D4:F5:47:82:0E:C6,ALL,udp:40188,192.168.3.117*,2,176,1,102,1,74
D4:F5:47:82:0E:C6,ALL,udp:40188,8.8.8.8*,2,176,1,74,1,102
D4:F5:47:82:0E:C6,ALL,udp:45184,192.168.3.117*,2,176,1,102,1,74
D4:F5:47:82:0E:C6,ALL,udp:45184,8.8.8.8*,2,176,1,74,1,102
D4:F5:47:82:0E:C6,ALL,udp:35184,192.168.3.117*,2,198,1,119,1,79
D4:F5:47:82:0E:C6,ALL,udp:35184,8.8.8.8*,2,198,1,79,1,119
D4:F5:47:82:0E:C6,ALL,udp:34486,192.168.3.117*,2,164,1,90,1,74
D4:F5:47:82:0E:C6,ALL,udp:34486,8.8.8.8*,2,164,1,74,1,90
D4:F5:47:82:0E:C6,ALL,udp:32880,192.168.3.117*,2,176,1,102,1,74
D4:F5:47:82:0E:C6,ALL,udp:32880,8.8.8.8*,2,176,1,74,1,102
D4:F5:47:82:0E:C6,ALL,udp:55493,192.168.3.117*,2,176,1,102,1,74
D4:F5:47:82:0E:C6,ALL,udp:55493,8.8.8.8*,2,176,1,74,1,102
D4:F5:47:82:0E:C6,ALL,udp:48243,192.168.3.117*,2,164,1,90,1,74
D4:F5:47:82:0E:C6,ALL,udp:48243,8.8.8.8*,2,164,1,74,1,90
D4:F5:47:82:0E:C6,ALL,udp:32879,192.168.3.117*,2,176,1,102,1,74
D4:F5:47:82:0E:C6,ALL,udp:32879,8.8.8.8*,2,176,1,74,1,102
D4:F5:47:82:0E:C6,ALL,udp:41954,192.168.3.117*,2,176,1,102,1,74
D4:F5:47:82:0E:C6,ALL,udp:41954,8.8.8.8*,2,176,1,74,1,102
D4:F5:47:82:0E:C6,ALL,udp:33621,192.168.3.117*,2,164,1,90,1,74
D4:F5:47:82:0E:C6,ALL,udp:33621,8.8.8.8*,2,164,1,74,1,90
D4:F5:47:82:0E:C6,ALL,udp:40065,192.168.3.117*,2,176,1,102,1,74
D4:F5:47:82:0E:C6,ALL,udp:40065,8.8.8.8*,2,176,1,74,1,102
D4:F5:47:82:0E:C6,ALL,udp:52774,192.168.3.117*,2,164,1,90,1,74
D4:F5:47:82:0E:C6,ALL,udp:52774,8.8.8.8*,2,164,1,74,1,90
D4:F5:47:82:0E:C6,ALL,udp:50172,192.168.3.117*,2,164,1,90,1,74
D4:F5:47:82:0E:C6,ALL,udp:50172,8.8.8.8*,2,164,1,74,1,90
D4:F5:47:82:0E:C6,ALL,udp:57105,192.168.3.117*,2,164,1,90,1,74
D4:F5:47:82:0E:C6,ALL,udp:57105,8.8.8.8*,2,164,1,74,1,90
D4:F5:47:82:0E:C6,ALL,udp:48890,192.168.3.117*,2,176,1,102,1,74
D4:F5:47:82:0E:C6,ALL,udp:48890,8.8.8.8*,2,176,1,74,1,102
D4:F5:47:82:0E:C6,ALL,udp:38995,192.168.3.117*,2,176,1,102,1,74
D4:F5:47:82:0E:C6,ALL,udp:38995,8.8.8.8*,2,176,1,74,1,102
D4:F5:47:82:0E:C6,ALL,udp:34296,192.168.3.117*,2,176,1,102,1,74
D4:F5:47:82:0E:C6,ALL,udp:34296,8.8.8.8*,2,176,1,74,1,102
D4:F5:47:82:0E:C6,ALL,udp:53379,192.168.3.117*,2,164,1,90,1,74
D4:F5:47:82:0E:C6,ALL,udp:53379,8.8.8.8*,2,164,1,74,1,90
D4:F5:47:82:0E:C6,ALL,udp:49084,192.168.3.117*,2,176,1,102,1,74
D4:F5:47:82:0E:C6,ALL,udp:49084,8.8.8.8*,2,176,1,74,1,102
D4:F5:47:82:0E:C6,ALL,udp:58595,192.168.3.117*,2,164,1,90,1,74
D4:F5:47:82:0E:C6,ALL,udp:58595,8.8.8.8*,2,164,1,74,1,90
D4:F5:47:82:0E:C6,ALL,udp:47555,192.168.3.117*,2,176,1,102,1,74
D4:F5:47:82:0E:C6,ALL,udp:47555,8.8.8.8*,2,176,1,74,1,102
D4:F5:47:82:0E:C6,ALL,udp:49885,192.168.3.117*,2,164,1,90,1,74
D4:F5:47:82:0E:C6,ALL,udp:49885,8.8.8.8*,2,164,1,74,1,90
D4:F5:47:82:0E:C6,ALL,udp:46675,192.168.3.117*,2,164,1,90,1,74
D4:F5:47:82:0E:C6,ALL,udp:46675,8.8.8.8*,2,164,1,74,1,90
D4:F5:47:82:0E:C6,ALL,udp:44654,192.168.3.117*,2,176,1,102,1,74
D4:F5:47:82:0E:C6,ALL,udp:44654,8.8.8.8*,2,176,1,74,1,102
D4:F5:47:82:0E:C6,ALL,udp:44257,192.168.3.117*,2,194,1,105,1,89
D4:F5:47:82:0E:C6,ALL,udp:44257,8.8.8.8*,2,194,1,89,1,105
D4:F5:47:82:0E:C6,ALL,udp:50838,192.168.3.117*,2,176,1,102,1,74
D4:F5:47:82:0E:C6,ALL,udp:50838,8.8.8.8*,2,176,1,74,1,102
D4:F5:47:82:0E:C6,ALL,udp:37679,192.168.3.117*,2,164,1,90,1,74
D4:F5:47:82:0E:C6,ALL,udp:37679,8.8.8.8*,2,164,1,74,1,90
D4:F5:47:82:0E:C6,ALL,udp:35279,192.168.3.117*,2,176,1,102,1,74
D4:F5:47:82:0E:C6,ALL,udp:35279,8.8.8.8*,2,176,1,74,1,102
D4:F5:47:82:0E:C6,ALL,udp:55733,192.168.3.117*,2,164,1,90,1,74
D4:F5:47:82:0E:C6,ALL,udp:55733,8.8.8.8*,2,164,1,74,1,90
D4:F5:47:82:0E:C6,ALL,udp:60658,192.168.3.117*,2,164,1,90,1,74
D4:F5:47:82:0E:C6,ALL,udp:60658,8.8.8.8*,2,164,1,74,1,90
D4:F5:47:82:0E:C6,ALL,udp:56868,192.168.3.117*,2,176,1,102,1,74
D4:F5:47:82:0E:C6,ALL,udp:56868,8.8.8.8*,2,176,1,74,1,102
D4:F5:47:82:0E:C6,ALL,udp:45383,192.168.3.117*,2,164,1,90,1,74
D4:F5:47:82:0E:C6,ALL,udp:45383,8.8.8.8*,2,164,1,74,1,90
D4:F5:47:82:0E:C6,ALL,udp:55297,192.168.3.117*,2,164,1,90,1,74
D4:F5:47:82:0E:C6,ALL,udp:55297,8.8.8.8*,2,164,1,74,1,90
D4:F5:47:82:0E:C6,ALL,udp:45265,192.168.3.117*,2,164,1,90,1,74
D4:F5:47:82:0E:C6,ALL,udp:45265,8.8.8.8*,2,164,1,74,1,90
D4:F5:47:82:0E:C6,ALL,udp:46818,192.168.3.117*,2,176,1,102,1,74
D4:F5:47:82:0E:C6,ALL,udp:46818,8.8.8.8*,2,176,1,74,1,102
D4:F5:47:82:0E:C6,ALL,udp:45009,192.168.3.117*,2,164,1,90,1,74
D4:F5:47:82:0E:C6,ALL,udp:45009,8.8.8.8*,2,164,1,74,1,90
D4:F5:47:82:0E:C6,ALL,udp:56104,192.168.3.117*,2,176,1,102,1,74
D4:F5:47:82:0E:C6,ALL,udp:56104,8.8.8.8*,2,176,1,74,1,102
D4:F5:47:82:0E:C6,ALL,udp:57757,192.168.3.117*,2,164,1,90,1,74
D4:F5:47:82:0E:C6,ALL,udp:57757,8.8.8.8*,2,164,1,74,1,90
D4:F5:47:82:0E:C6,ALL,udp:46575,192.168.3.117*,2,176,1,102,1,74
D4:F5:47:82:0E:C6,ALL,udp:46575,8.8.8.8*,2,176,1,74,1,102
D4:F5:47:82:0E:C6,ALL,udp:60168,192.168.3.117*,2,164,1,90,1,74
D4:F5:47:82:0E:C6,ALL,udp:60168,8.8.8.8*,2,164,1,74,1,90
D4:F5:47:82:0E:C6,ALL,udp:43517,192.168.3.117*,2,176,1,102,1,74
D4:F5:47:82:0E:C6,ALL,udp:43517,8.8.8.8*,2,176,1,74,1,102
D4:F5:47:82:0E:C6,ALL,udp:44841,192.168.3.117*,2,164,1,90,1,74
D4:F5:47:82:0E:C6,ALL,udp:44841,8.8.8.8*,2,164,1,74,1,90
D4:F5:47:82:0E:C6,ALL,udp:53300,192.168.3.117*,2,176,1,102,1,74
D4:F5:47:82:0E:C6,ALL,udp:53300,8.8.8.8*,2,176,1,74,1,102
D4:F5:47:82:0E:C6,ALL,udp:35746,192.168.3.117*,2,164,1,90,1,74
D4:F5:47:82:0E:C6,ALL,udp:35746,8.8.8.8*,2,164,1,74,1,90
D4:F5:47:82:0E:C6,ALL,udp:38699,192.168.3.117*,2,164,1,90,1,74
D4:F5:47:82:0E:C6,ALL,udp:38699,8.8.8.8*,2,164,1,74,1,90
D4:F5:47:82:0E:C6,ALL,udp:37642,192.168.3.117*,2,164,1,90,1,74
D4:F5:47:82:0E:C6,ALL,udp:37642,8.8.8.8*,2,164,1,74,1,90
D4:F5:47:82:0E:C6,ALL,udp:43436,192.168.3.117*,2,176,1,102,1,74
D4:F5:47:82:0E:C6,ALL,udp:43436,8.8.8.8*,2,176,1,74,1,102
D4:F5:47:82:0E:C6,ALL,udp:43045,192.168.3.117*,2,164,1,90,1,74
D4:F5:47:82:0E:C6,ALL,udp:43045,8.8.8.8*,2,164,1,74,1,90
D4:F5:47:82:0E:C6,ALL,udp:41621,192.168.3.117*,2,176,1,102,1,74
D4:F5:47:82:0E:C6,ALL,udp:41621,8.8.8.8*,2,176,1,74,1,102
D4:F5:47:82:0E:C6,ALL,udp:39169,192.168.3.117*,2,176,1,102,1,74
D4:F5:47:82:0E:C6,ALL,udp:39169,8.8.8.8*,2,176,1,74,1,102
D4:F5:47:82:0E:C6,ALL,udp:36007,192.168.3.117*,2,176,1,102,1,74
D4:F5:47:82:0E:C6,ALL,udp:36007,8.8.8.8*,2,176,1,74,1,102
D4:F5:47:82:0E:C6,ALL,udp:34376,192.168.3.117*,2,164,1,90,1,74
D4:F5:47:82:0E:C6,ALL,udp:34376,8.8.8.8*,2,164,1,74,1,90
D4:F5:47:82:0E:C6,ALL,udp:42057,192.168.3.117*,2,176,1,102,1,74
D4:F5:47:82:0E:C6,ALL,udp:42057,8.8.8.8*,2,176,1,74,1,102
D4:F5:47:82:0E:C6,ALL,udp:45735,192.168.3.117*,2,164,1,90,1,74
D4:F5:47:82:0E:C6,ALL,udp:45735,8.8.8.8*,2,164,1,74,1,90
D4:F5:47:82:0E:C6,ALL,udp:38248,192.168.3.117*,2,164,1,90,1,74
D4:F5:47:82:0E:C6,ALL,udp:38248,8.8.8.8*,2,164,1,74,1,90
D4:F5:47:82:0E:C6,ALL,udp:55405,192.168.3.117*,2,198,1,119,1,79
D4:F5:47:82:0E:C6,ALL,udp:55405,8.8.8.8*,2,198,1,79,1,119
D4:F5:47:82:0E:C6,ALL,udp:47901,192.168.3.117*,2,164,1,90,1,74
D4:F5:47:82:0E:C6,ALL,udp:47901,8.8.8.8*,2,164,1,74,1,90
D4:F5:47:82:0E:C6,ALL,udp:38801,192.168.3.117*,2,164,1,90,1,74
D4:F5:47:82:0E:C6,ALL,udp:38801,8.8.8.8*,2,164,1,74,1,90
D4:F5:47:82:0E:C6,ALL,udp:60400,192.168.3.117*,2,164,1,90,1,74
D4:F5:47:82:0E:C6,ALL,udp:60400,8.8.8.8*,2,164,1,74,1,90
D4:F5:47:82:0E:C6,ALL,udp:41144,192.168.3.117*,2,164,1,90,1,74
D4:F5:47:82:0E:C6,ALL,udp:41144,8.8.8.8*,2,164,1,74,1,90
D4:F5:47:82:0E:C6,ALL,udp:52334,192.168.3.117*,2,176,1,102,1,74
D4:F5:47:82:0E:C6,ALL,udp:52334,8.8.8.8*,2,176,1,74,1,102
D4:F5:47:82:0E:C6,ALL,udp:58462,192.168.3.117*,2,176,1,102,1,74
D4:F5:47:82:0E:C6,ALL,udp:58462,8.8.8.8*,2,176,1,74,1,102
D4:F5:47:82:0E:C6,ALL,udp:37068,192.168.3.117*,2,164,1,90,1,74
D4:F5:47:82:0E:C6,ALL,udp:37068,8.8.8.8*,2,164,1,74,1,90
D4:F5:47:82:0E:C6,ALL,udp:60687,192.168.3.117*,2,176,1,102,1,74
D4:F5:47:82:0E:C6,ALL,udp:60687,8.8.8.8*,2,176,1,74,1,102
D4:F5:47:82:0E:C6,ALL,udp:55882,192.168.3.117*,2,164,1,90,1,74
D4:F5:47:82:0E:C6,ALL,udp:55882,8.8.8.8*,2,164,1,74,1,90
D4:F5:47:82:0E:C6,ALL,udp:43023,192.168.3.117*,2,176,1,102,1,74
D4:F5:47:82:0E:C6,ALL,udp:43023,8.8.8.8*,2,176,1,74,1,102
D4:F5:47:82:0E:C6,ALL,udp:40275,192.168.3.117*,2,176,1,102,1,74
D4:F5:47:82:0E:C6,ALL,udp:40275,8.8.8.8*,2,176,1,74,1,102
D4:F5:47:82:0E:C6,ALL,udp:35290,192.168.3.117*,2,164,1,90,1,74
D4:F5:47:82:0E:C6,ALL,udp:35290,8.8.8.8*,2,164,1,74,1,90
D4:F5:47:82:0E:C6,ALL,udp:47577,192.168.3.117*,2,176,1,102,1,74
D4:F5:47:82:0E:C6,ALL,udp:47577,8.8.8.8*,2,176,1,74,1,102
D4:F5:47:82:0E:C6,ALL,udp:41091,192.168.3.117*,2,176,1,102,1,74
D4:F5:47:82:0E:C6,ALL,udp:41091,8.8.8.8*,2,176,1,74,1,102
D4:F5:47:82:0E:C6,ALL,udp:37461,192.168.3.117*,2,164,1,90,1,74
D4:F5:47:82:0E:C6,ALL,udp:37461,8.8.8.8*,2,164,1,74,1,90
D4:F5:47:82:0E:C6,ALL,udp:47319,192.168.3.117*,2,176,1,102,1,74
D4:F5:47:82:0E:C6,ALL,udp:47319,8.8.8.8*,2,176,1,74,1,102
D4:F5:47:82:0E:C6,ALL,udp:60206,192.168.3.117*,2,164,1,90,1,74
D4:F5:47:82:0E:C6,ALL,udp:60206,8.8.8.8*,2,164,1,74,1,90
D4:F5:47:82:0E:C6,ALL,udp:51505,192.168.3.117*,2,164,1,90,1,74
D4:F5:47:82:0E:C6,ALL,udp:51505,8.8.8.8*,2,164,1,74,1,90
D4:F5:47:82:0E:C6,ALL,udp:38078,192.168.3.117*,2,176,1,102,1,74
D4:F5:47:82:0E:C6,ALL,udp:38078,8.8.8.8*,2,176,1,74,1,102
D4:F5:47:82:0E:C6,ALL,udp:37935,192.168.3.117*,2,176,1,102,1,74
D4:F5:47:82:0E:C6,ALL,udp:37935,8.8.8.8*,2,176,1,74,1,102
D4:F5:47:82:0E:C6,ALL,udp:50565,192.168.3.117*,2,164,1,90,1,74
D4:F5:47:82:0E:C6,ALL,udp:50565,8.8.8.8*,2,164,1,74,1,90
D4:F5:47:82:0E:C6,ALL,udp:39670,192.168.3.117*,2,176,1,102,1,74
D4:F5:47:82:0E:C6,ALL,udp:39670,8.8.8.8*,2,176,1,74,1,102
D4:F5:47:82:0E:C6,ALL,udp:51544,192.168.3.117*,2,164,1,90,1,74
D4:F5:47:82:0E:C6,ALL,udp:51544,8.8.8.8*,2,164,1,74,1,90
D4:F5:47:82:0E:C6,ALL,udp:50310,192.168.3.117*,2,176,1,102,1,74
D4:F5:47:82:0E:C6,ALL,udp:50310,8.8.8.8*,2,176,1,74,1,102
D4:F5:47:82:0E:C6,ALL,udp:45499,216.239.35.8,2,180,1,90,1,90
D4:F5:47:82:0E:C6,ALL,udp:45499,8.8.8.8,2,164,1,74,1,90
D4:F5:47:82:0E:C6,ALL,udp:33380,192.168.3.117*,2,176,1,102,1,74
D4:F5:47:82:0E:C6,ALL,udp:33380,8.8.8.8*,2,176,1,74,1,102
D4:F5:47:82:0E:C6,ALL,udp:46521,192.168.3.117*,2,164,1,90,1,74
D4:F5:47:82:0E:C6,ALL,udp:46521,8.8.8.8*,2,164,1,74,1,90
D4:F5:47:82:0E:C6,ALL,udp:48851,192.168.3.117*,2,176,1,102,1,74
D4:F5:47:82:0E:C6,ALL,udp:48851,8.8.8.8*,2,176,1,74,1,102
D4:F5:47:82:0E:C6,ALL,udp:41297,192.168.3.117*,2,164,1,90,1,74
D4:F5:47:82:0E:C6,ALL,udp:41297,8.8.8.8*,2,164,1,74,1,90
D4:F5:47:82:0E:C6,ALL,udp:37056,192.168.3.117*,2,176,1,102,1,74
D4:F5:47:82:0E:C6,ALL,udp:37056,8.8.8.8*,2,176,1,74,1,102
D4:F5:47:82:0E:C6,ALL,udp:45465,192.168.3.117*,2,164,1,90,1,74
D4:F5:47:82:0E:C6,ALL,udp:45465,8.8.8.8*,2,164,1,74,1,90
D4:F5:47:82:0E:C6,ALL,udp:35468,192.168.3.117*,2,164,1,90,1,74
D4:F5:47:82:0E:C6,ALL,udp:35468,8.8.8.8*,2,164,1,74,1,90
D4:F5:47:82:0E:C6,ALL,udp:51617,192.168.3.117*,2,156,1,86,1,70
D4:F5:47:82:0E:C6,ALL,udp:51617,8.8.8.8*,2,156,1,70,1,86
D4:F5:47:82:0E:C6,ALL,udp:43478,192.168.3.117*,2,213,1,126,1,87
D4:F5:47:82:0E:C6,ALL,udp:43478,8.8.8.8*,2,213,1,87,1,126
D4:F5:47:82:0E:C6,ALL,udp:44003,192.168.3.117*,2,213,1,126,1,87
D4:F5:47:82:0E:C6,ALL,udp:44003,8.8.8.8*,2,213,1,87,1,126
D4:F5:47:82:0E:C6,ALL,udp:45804,192.168.3.117*,2,164,1,90,1,74
D4:F5:47:82:0E:C6,ALL,udp:45804,8.8.8.8*,2,164,1,74,1,90
D4:F5:47:82:0E:C6,ALL,udp:38746,192.168.3.117*,2,176,1,102,1,74
D4:F5:47:82:0E:C6,ALL,udp:38746,8.8.8.8*,2,176,1,74,1,102
D4:F5:47:82:0E:C6,ALL,udp:53949,192.168.3.117*,2,213,1,126,1,87
D4:F5:47:82:0E:C6,ALL,udp:53949,8.8.8.8*,2,213,1,87,1,126
D4:F5:47:82:0E:C6,ALL,udp:57673,192.168.3.117*,2,213,1,126,1,87
D4:F5:47:82:0E:C6,ALL,udp:57673,8.8.8.8*,2,213,1,87,1,126
D4:F5:47:82:0E:C6,ALL,udp:40250,192.168.3.117*,2,213,1,126,1,87
D4:F5:47:82:0E:C6,ALL,udp:40250,8.8.8.8*,2,213,1,87,1,126
D4:F5:47:82:0E:C6,ALL,udp:57583,192.168.3.117*,2,164,1,90,1,74
D4:F5:47:82:0E:C6,ALL,udp:57583,8.8.8.8*,2,164,1,74,1,90
D4:F5:47:82:0E:C6,ALL,udp:37863,192.168.3.117*,2,198,1,119,1,79
D4:F5:47:82:0E:C6,ALL,udp:37863,8.8.8.8*,2,198,1,79,1,119
D4:F5:47:82:0E:C6,ALL,udp:46450,192.168.3.117*,2,164,1,90,1,74
D4:F5:47:82:0E:C6,ALL,udp:46450,8.8.8.8*,2,164,1,74,1,90
D4:F5:47:82:0E:C6,ALL,udp:56991,192.168.3.117*,2,176,1,102,1,74
D4:F5:47:82:0E:C6,ALL,udp:56991,8.8.8.8*,2,176,1,74,1,102
D4:F5:47:82:0E:C6,ALL,udp:44034,192.168.3.117*,2,164,1,90,1,74
D4:F5:47:82:0E:C6,ALL,udp:44034,8.8.8.8*,2,164,1,74,1,90
D4:F5:47:82:0E:C6,ALL,udp:56530,192.168.3.117*,2,164,1,90,1,74
D4:F5:47:82:0E:C6,ALL,udp:56530,8.8.8.8*,2,164,1,74,1,90
D4:F5:47:82:0E:C6,ALL,udp:48542,192.168.3.117*,2,176,1,102,1,74
D4:F5:47:82:0E:C6,ALL,udp:48542,8.8.8.8*,2,176,1,74,1,102
D4:F5:47:82:0E:C6,ALL,udp:41528,192.168.3.117*,2,164,1,90,1,74
D4:F5:47:82:0E:C6,ALL,udp:41528,8.8.8.8*,2,164,1,74,1,90
D4:F5:47:82:0E:C6,ALL,udp:38557,192.168.3.117*,2,176,1,102,1,74
D4:F5:47:82:0E:C6,ALL,udp:38557,8.8.8.8*,2,176,1,74,1,102
D4:F5:47:82:0E:C6,ALL,udp:50411,192.168.3.117*,2,164,1,90,1,74
D4:F5:47:82:0E:C6,ALL,udp:50411,8.8.8.8*,2,164,1,74,1,90
D4:F5:47:82:0E:C6,ALL,udp:55934,192.168.3.117*,2,176,1,102,1,74
D4:F5:47:82:0E:C6,ALL,udp:55934,8.8.8.8*,2,176,1,74,1,102
D4:F5:47:82:0E:C6,ALL,udp:34546,192.168.3.117*,2,164,1,90,1,74
D4:F5:47:82:0E:C6,ALL,udp:34546,8.8.8.8*,2,164,1,74,1,90
D4:F5:47:82:0E:C6,ALL,udp:38573,192.168.3.117*,2,176,1,102,1,74
D4:F5:47:82:0E:C6,ALL,udp:38573,8.8.8.8*,2,176,1,74,1,102
D4:F5:47:82:0E:C6,ALL,udp:55644,192.168.3.117*,2,164,1,90,1,74
D4:F5:47:82:0E:C6,ALL,udp:55644,8.8.8.8*,2,164,1,74,1,90
D4:F5:47:82:0E:C6,ALL,udp:60490,192.168.3.117*,2,164,1,90,1,74
D4:F5:47:82:0E:C6,ALL,udp:60490,8.8.8.8*,2,164,1,74,1,90
D4:F5:47:82:0E:C6,ALL,udp:33292,192.168.3.117*,2,176,1,102,1,74
D4:F5:47:82:0E:C6,ALL,udp:33292,8.8.8.8*,2,176,1,74,1,102
D4:F5:47:82:0E:C6,ALL,udp:35669,192.168.3.117*,2,164,1,90,1,74
D4:F5:47:82:0E:C6,ALL,udp:35669,8.8.8.8*,2,164,1,74,1,90
D4:F5:47:82:0E:C6,ALL,udp:47544,192.168.3.117*,2,176,1,102,1,74
D4:F5:47:82:0E:C6,ALL,udp:47544,8.8.8.8*,2,176,1,74,1,102
D4:F5:47:82:0E:C6,ALL,udp:57527,192.168.3.117*,2,164,1,90,1,74
D4:F5:47:82:0E:C6,ALL,udp:57527,8.8.8.8*,2,164,1,74,1,90
D4:F5:47:82:0E:C6,ALL,udp:35475,192.168.3.117*,2,176,1,102,1,74
D4:F5:47:82:0E:C6,ALL,udp:35475,8.8.8.8*,2,176,1,74,1,102
D4:F5:47:82:0E:C6,ALL,udp:37885,192.168.3.117*,2,164,1,90,1,74
D4:F5:47:82:0E:C6,ALL,udp:37885,8.8.8.8*,2,164,1,74,1,90
D4:F5:47:82:0E:C6,ALL,udp:53043,192.168.3.117*,2,176,1,102,1,74
D4:F5:47:82:0E:C6,ALL,udp:53043,8.8.8.8*,2,176,1,74,1,102
D4:F5:47:82:0E:C6,ALL,udp:36597,192.168.3.117*,2,164,1,90,1,74
D4:F5:47:82:0E:C6,ALL,udp:36597,8.8.8.8*,2,164,1,74,1,90
D4:F5:47:82:0E:C6,ALL,udp:46224,192.168.3.117*,2,176,1,102,1,74
D4:F5:47:82:0E:C6,ALL,udp:46224,8.8.8.8*,2,176,1,74,1,102
D4:F5:47:82:0E:C6,ALL,udp:51878,192.168.3.117*,2,164,1,90,1,74
D4:F5:47:82:0E:C6,ALL,udp:51878,8.8.8.8*,2,164,1,74,1,90
D4:F5:47:82:0E:C6,ALL,udp:39187,192.168.3.117*,2,176,1,102,1,74
D4:F5:47:82:0E:C6,ALL,udp:39187,8.8.8.8*,2,176,1,74,1,102
D4:F5:47:82:0E:C6,ALL,udp:38011,192.168.3.117*,2,164,1,90,1,74
D4:F5:47:82:0E:C6,ALL,udp:38011,8.8.8.8*,2,164,1,74,1,90
D4:F5:47:82:0E:C6,ALL,udp:50955,192.168.3.117*,2,176,1,102,1,74
D4:F5:47:82:0E:C6,ALL,udp:50955,8.8.8.8*,2,176,1,74,1,102
D4:F5:47:82:0E:C6,ALL,udp:34506,192.168.3.117*,2,164,1,90,1,74
D4:F5:47:82:0E:C6,ALL,udp:34506,8.8.8.8*,2,164,1,74,1,90
D4:F5:47:82:0E:C6,ALL,udp:43925,192.168.3.117*,2,176,1,102,1,74
D4:F5:47:82:0E:C6,ALL,udp:43925,8.8.8.8*,2,176,1,74,1,102
D4:F5:47:82:0E:C6,ALL,udp:34193,192.168.3.117*,2,176,1,102,1,74
D4:F5:47:82:0E:C6,ALL,udp:34193,8.8.8.8*,2,176,1,74,1,102
D4:F5:47:82:0E:C6,ALL,udp:56536,192.168.3.117*,2,164,1,90,1,74
D4:F5:47:82:0E:C6,ALL,udp:56536,8.8.8.8*,2,164,1,74,1,90
D4:F5:47:82:0E:C6,ALL,udp:34171,192.168.3.117*,2,176,1,102,1,74
D4:F5:47:82:0E:C6,ALL,udp:34171,8.8.8.8*,2,176,1,74,1,102
D4:F5:47:82:0E:C6,ALL,udp:47946,192.168.3.117*,2,164,1,90,1,74
D4:F5:47:82:0E:C6,ALL,udp:47946,8.8.8.8*,2,164,1,74,1,90
D4:F5:47:82:0E:C6,ALL,udp:55293,192.168.3.117*,2,164,1,90,1,74
D4:F5:47:82:0E:C6,ALL,udp:55293,8.8.8.8*,2,164,1,74,1,90
D4:F5:47:82:0E:C6,ALL,udp:35155,192.168.3.117*,2,164,1,90,1,74
D4:F5:47:82:0E:C6,ALL,udp:35155,8.8.8.8*,2,164,1,74,1,90
D4:F5:47:82:0E:C6,ALL,udp:52749,192.168.3.117*,2,176,1,102,1,74
D4:F5:47:82:0E:C6,ALL,udp:52749,8.8.8.8*,2,176,1,74,1,102
D4:F5:47:82:0E:C6,ALL,udp:48495,192.168.3.117*,2,164,1,90,1,74
D4:F5:47:82:0E:C6,ALL,udp:48495,8.8.8.8*,2,164,1,74,1,90
D4:F5:47:82:0E:C6,ALL,udp:54066,192.168.3.117*,2,176,1,102,1,74
D4:F5:47:82:0E:C6,ALL,udp:54066,8.8.8.8*,2,176,1,74,1,102
D4:F5:47:82:0E:C6,ALL,udp:37694,192.168.3.117*,2,176,1,102,1,74
D4:F5:47:82:0E:C6,ALL,udp:37694,8.8.8.8*,2,176,1,74,1,102
D4:F5:47:82:0E:C6,ALL,udp:34577,192.168.3.117*,2,164,1,90,1,74
D4:F5:47:82:0E:C6,ALL,udp:34577,8.8.8.8*,2,164,1,74,1,90
D4:F5:47:82:0E:C6,ALL,udp:38234,192.168.3.117*,2,176,1,102,1,74
D4:F5:47:82:0E:C6,ALL,udp:38234,8.8.8.8*,2,176,1,74,1,102
D4:F5:47:82:0E:C6,ALL,udp:45803,192.168.3.117*,2,164,1,90,1,74
D4:F5:47:82:0E:C6,ALL,udp:45803,8.8.8.8*,2,164,1,74,1,90
D4:F5:47:82:0E:C6,ALL,udp:47092,216.239.35.0,2,180,1,90,1,90
D4:F5:47:82:0E:C6,ALL,udp:47092,8.8.8.8,2,176,1,74,1,102
D4:F5:47:82:0E:C6,ALL,udp:47088,192.168.3.117*,2,164,1,90,1,74
D4:F5:47:82:0E:C6,ALL,udp:47088,8.8.8.8*,2,164,1,74,1,90
D4:F5:47:82:0E:C6,ALL,udp:37826,192.168.3.117*,2,176,1,102,1,74
D4:F5:47:82:0E:C6,ALL,udp:37826,8.8.8.8*,2,176,1,74,1,102
D4:F5:47:82:0E:C6,ALL,udp:40121,192.168.3.117*,2,164,1,90,1,74
D4:F5:47:82:0E:C6,ALL,udp:40121,8.8.8.8*,2,164,1,74,1,90
D4:F5:47:82:0E:C6,ALL,udp:60393,192.168.3.117*,2,176,1,102,1,74
D4:F5:47:82:0E:C6,ALL,udp:60393,8.8.8.8*,2,176,1,74,1,102
D4:F5:47:82:0E:C6,ALL,udp:39506,192.168.3.117*,2,164,1,90,1,74
D4:F5:47:82:0E:C6,ALL,udp:39506,8.8.8.8*,2,164,1,74,1,90
D4:F5:47:82:0E:C6,ALL,udp:57454,192.168.3.117*,2,176,1,102,1,74
D4:F5:47:82:0E:C6,ALL,udp:57454,8.8.8.8*,2,176,1,74,1,102
D4:F5:47:82:0E:C6,ALL,udp:33209,192.168.3.117*,2,176,1,102,1,74
D4:F5:47:82:0E:C6,ALL,udp:33209,8.8.8.8*,2,176,1,74,1,102
D4:F5:47:82:0E:C6,ALL,udp:36563,192.168.3.117*,2,164,1,90,1,74
D4:F5:47:82:0E:C6,ALL,udp:36563,8.8.8.8*,2,164,1,74,1,90
D4:F5:47:82:0E:C6,ALL,udp:39170,192.168.3.117*,2,176,1,102,1,74
D4:F5:47:82:0E:C6,ALL,udp:39170,8.8.8.8*,2,176,1,74,1,102
D4:F5:47:82:0E:C6,ALL,udp:55888,192.168.3.117*,2,164,1,90,1,74
D4:F5:47:82:0E:C6,ALL,udp:55888,8.8.8.8*,2,164,1,74,1,90
D4:F5:47:82:0E:C6,ALL,udp:40311,192.168.3.117*,2,176,1,102,1,74
D4:F5:47:82:0E:C6,ALL,udp:40311,8.8.8.8*,2,176,1,74,1,102
D4:F5:47:82:0E:C6,ALL,udp:35335,192.168.3.117*,2,164,1,90,1,74
D4:F5:47:82:0E:C6,ALL,udp:35335,8.8.8.8*,2,164,1,74,1,90
D4:F5:47:82:0E:C6,ALL,udp:47596,192.168.3.117*,2,164,1,90,1,74
D4:F5:47:82:0E:C6,ALL,udp:47596,8.8.8.8*,2,164,1,74,1,90
D4:F5:47:82:0E:C6,ALL,udp:53056,192.168.3.117*,2,176,1,102,1,74
D4:F5:47:82:0E:C6,ALL,udp:53056,8.8.8.8*,2,176,1,74,1,102
D4:F5:47:82:0E:C6,ALL,udp:38886,192.168.3.117*,2,164,1,90,1,74
D4:F5:47:82:0E:C6,ALL,udp:38886,8.8.8.8*,2,164,1,74,1,90
D4:F5:47:82:0E:C6,ALL,udp:43755,192.168.3.117*,2,176,1,102,1,74
D4:F5:47:82:0E:C6,ALL,udp:43755,8.8.8.8*,2,176,1,74,1,102
D4:F5:47:82:0E:C6,ALL,udp:46407,192.168.3.117*,2,164,1,90,1,74
D4:F5:47:82:0E:C6,ALL,udp:46407,8.8.8.8*,2,164,1,74,1,90
D4:F5:47:82:0E:C6,ALL,udp:45799,192.168.3.117*,2,176,1,102,1,74
D4:F5:47:82:0E:C6,ALL,udp:45799,8.8.8.8*,2,176,1,74,1,102
D4:F5:47:82:0E:C6,ALL,udp:47315,192.168.3.117*,2,164,1,90,1,74
D4:F5:47:82:0E:C6,ALL,udp:47315,8.8.8.8*,2,164,1,74,1,90
D4:F5:47:82:0E:C6,ALL,udp:50672,192.168.3.117*,2,176,1,102,1,74
D4:F5:47:82:0E:C6,ALL,udp:50672,8.8.8.8*,2,176,1,74,1,102
D4:F5:47:82:0E:C6,ALL,udp:55162,192.168.3.117*,2,164,1,90,1,74
D4:F5:47:82:0E:C6,ALL,udp:55162,8.8.8.8*,2,164,1,74,1,90
D4:F5:47:82:0E:C6,ALL,udp:47218,142.251.32.110*,23,12425,13,9206,10,3219
D4:F5:47:82:0E:C6,ALL,udp:47218,8.8.8.8*,2,176,1,74,1,102
D4:F5:47:82:0E:C6,ALL,udp:48715,192.168.3.117*,2,176,1,102,1,74
D4:F5:47:82:0E:C6,ALL,udp:48715,8.8.8.8*,2,176,1,74,1,102
D4:F5:47:82:0E:C6,ALL,udp:57545,192.168.3.117*,2,164,1,90,1,74
D4:F5:47:82:0E:C6,ALL,udp:57545,8.8.8.8*,2,164,1,74,1,90
D4:F5:47:82:0E:C6,ALL,udp:46021,192.168.3.117*,2,198,1,119,1,79
D4:F5:47:82:0E:C6,ALL,udp:46021,8.8.8.8*,2,198,1,79,1,119
D4:F5:47:82:0E:C6,ALL,udp:44268,192.168.3.117*,2,164,1,90,1,74
D4:F5:47:82:0E:C6,ALL,udp:44268,8.8.8.8*,2,164,1,74,1,90
D4:F5:47:82:0E:C6,ALL,udp:40110,192.168.3.117*,2,176,1,102,1,74
D4:F5:47:82:0E:C6,ALL,udp:40110,8.8.8.8*,2,176,1,74,1,102
D4:F5:47:82:0E:C6,ALL,udp:46374,192.168.3.117*,2,164,1,90,1,74
D4:F5:47:82:0E:C6,ALL,udp:46374,8.8.8.8*,2,164,1,74,1,90
D4:F5:47:82:0E:C6,ALL,udp:49730,192.168.3.117*,2,164,1,90,1,74
D4:F5:47:82:0E:C6,ALL,udp:49730,8.8.8.8*,2,164,1,74,1,90
D4:F5:47:82:0E:C6,ALL,udp:54569,192.168.3.117*,2,176,1,102,1,74
D4:F5:47:82:0E:C6,ALL,udp:54569,8.8.8.8*,2,176,1,74,1,102
D4:F5:47:82:0E:C6,ALL,udp:60651,192.168.3.117*,2,164,1,90,1,74
D4:F5:47:82:0E:C6,ALL,udp:60651,8.8.8.8*,2,164,1,74,1,90
D4:F5:47:82:0E:C6,ALL,udp:49703,192.168.3.117*,2,164,1,90,1,74
D4:F5:47:82:0E:C6,ALL,udp:49703,8.8.8.8*,2,164,1,74,1,90
D4:F5:47:82:0E:C6,ALL,udp:60703,192.168.3.117*,2,176,1,102,1,74
D4:F5:47:82:0E:C6,ALL,udp:60703,8.8.8.8*,2,176,1,74,1,102
D4:F5:47:82:0E:C6,ALL,udp:33633,192.168.3.117*,2,176,1,102,1,74
D4:F5:47:82:0E:C6,ALL,udp:33633,8.8.8.8*,2,176,1,74,1,102
D4:F5:47:82:0E:C6,ALL,udp:42264,192.168.3.117*,2,164,1,90,1,74
D4:F5:47:82:0E:C6,ALL,udp:42264,8.8.8.8*,2,164,1,74,1,90
D4:F5:47:82:0E:C6,ALL,udp:53814,192.168.3.117*,2,176,1,102,1,74
D4:F5:47:82:0E:C6,ALL,udp:53814,8.8.8.8*,2,176,1,74,1,102
D4:F5:47:82:0E:C6,ALL,udp:37283,192.168.3.117*,2,164,1,90,1,74
D4:F5:47:82:0E:C6,ALL,udp:37283,8.8.8.8*,2,164,1,74,1,90
D4:F5:47:82:0E:C6,ALL,udp:48343,192.168.3.117*,2,176,1,102,1,74
D4:F5:47:82:0E:C6,ALL,udp:48343,8.8.8.8*,2,176,1,74,1,102
D4:F5:47:82:0E:C6,ALL,udp:49250,192.168.3.117*,2,176,1,102,1,74
D4:F5:47:82:0E:C6,ALL,udp:49250,8.8.8.8*,2,176,1,74,1,102
D4:F5:47:82:0E:C6,ALL,udp:33102,192.168.3.117*,2,164,1,90,1,74
D4:F5:47:82:0E:C6,ALL,udp:33102,8.8.8.8*,2,164,1,74,1,90
D4:F5:47:82:0E:C6,ALL,udp:41410,192.168.3.117*,2,164,1,90,1,74
D4:F5:47:82:0E:C6,ALL,udp:41410,8.8.8.8*,2,164,1,74,1,90
D4:F5:47:82:0E:C6,ALL,udp:49851,192.168.3.117*,2,176,1,102,1,74
D4:F5:47:82:0E:C6,ALL,udp:49851,8.8.8.8*,2,176,1,74,1,102
D4:F5:47:82:0E:C6,ALL,udp:43479,192.168.3.117*,2,164,1,90,1,74
D4:F5:47:82:0E:C6,ALL,udp:43479,8.8.8.8*,2,164,1,74,1,90
D4:F5:47:82:0E:C6,ALL,udp:51077,192.168.3.117*,2,176,1,102,1,74
D4:F5:47:82:0E:C6,ALL,udp:51077,8.8.8.8*,2,176,1,74,1,102
D4:F5:47:82:0E:C6,ALL,udp:59317,192.168.3.117*,2,164,1,90,1,74
D4:F5:47:82:0E:C6,ALL,udp:59317,8.8.8.8*,2,164,1,74,1,90
D4:F5:47:82:0E:C6,ALL,udp:43482,192.168.3.117*,2,176,1,102,1,74
D4:F5:47:82:0E:C6,ALL,udp:43482,8.8.8.8*,2,176,1,74,1,102
D4:F5:47:82:0E:C6,ALL,udp:55414,192.168.3.117*,2,164,1,90,1,74
D4:F5:47:82:0E:C6,ALL,udp:55414,8.8.8.8*,2,164,1,74,1,90
D4:F5:47:82:0E:C6,ALL,udp:43367,192.168.3.117*,2,176,1,102,1,74
D4:F5:47:82:0E:C6,ALL,udp:43367,8.8.8.8*,2,176,1,74,1,102
D4:F5:47:82:0E:C6,ALL,udp:44946,192.168.3.117*,2,164,1,90,1,74
D4:F5:47:82:0E:C6,ALL,udp:44946,8.8.8.8*,2,164,1,74,1,90
D4:F5:47:82:0E:C6,ALL,udp:44787,192.168.3.117*,2,194,1,105,1,89
D4:F5:47:82:0E:C6,ALL,udp:44787,8.8.8.8*,2,194,1,89,1,105
D4:F5:47:82:0E:C6,ALL,udp:54149,192.168.3.117*,2,164,1,90,1,74
D4:F5:47:82:0E:C6,ALL,udp:54149,8.8.8.8*,2,164,1,74,1,90
D4:F5:47:82:0E:C6,ALL,udp:36618,192.168.3.117*,2,176,1,102,1,74
D4:F5:47:82:0E:C6,ALL,udp:36618,8.8.8.8*,2,176,1,74,1,102
D4:F5:47:82:0E:C6,ALL,udp:32956,192.168.3.117*,2,164,1,90,1,74
D4:F5:47:82:0E:C6,ALL,udp:32956,8.8.8.8*,2,164,1,74,1,90
D4:F5:47:82:0E:C6,ALL,udp:40925,192.168.3.117*,2,164,1,90,1,74
D4:F5:47:82:0E:C6,ALL,udp:40925,8.8.8.8*,2,164,1,74,1,90
D4:F5:47:82:0E:C6,ALL,udp:55299,192.168.3.117*,2,176,1,102,1,74
D4:F5:47:82:0E:C6,ALL,udp:55299,8.8.8.8*,2,176,1,74,1,102
D4:F5:47:82:0E:C6,ALL,udp:33184,192.168.3.117*,2,176,1,102,1,74
D4:F5:47:82:0E:C6,ALL,udp:33184,8.8.8.8*,2,176,1,74,1,102
D4:F5:47:82:0E:C6,ALL,udp:38888,192.168.3.117*,2,164,1,90,1,74
D4:F5:47:82:0E:C6,ALL,udp:38888,8.8.8.8*,2,164,1,74,1,90
D4:F5:47:82:0E:C6,ALL,udp:48103,192.168.3.117*,2,176,1,102,1,74
D4:F5:47:82:0E:C6,ALL,udp:48103,8.8.8.8*,2,176,1,74,1,102
D4:F5:47:82:0E:C6,ALL,udp:57725,216.239.35.12,2,180,1,90,1,90
D4:F5:47:82:0E:C6,ALL,udp:57725,8.8.8.8,2,164,1,74,1,90
D4:F5:47:82:0E:C6,ALL,udp:49806,192.168.3.117*,2,176,1,102,1,74
D4:F5:47:82:0E:C6,ALL,udp:49806,8.8.8.8*,2,176,1,74,1,102
D4:F5:47:82:0E:C6,ALL,udp:50463,192.168.3.117*,2,164,1,90,1,74
D4:F5:47:82:0E:C6,ALL,udp:50463,8.8.8.8*,2,164,1,74,1,90
D4:F5:47:82:0E:C6,ALL,udp:54070,192.168.3.117*,2,176,1,102,1,74
D4:F5:47:82:0E:C6,ALL,udp:54070,8.8.8.8*,2,176,1,74,1,102
D4:F5:47:82:0E:C6,ALL,udp:35087,192.168.3.117*,2,164,1,90,1,74
D4:F5:47:82:0E:C6,ALL,udp:35087,8.8.8.8*,2,164,1,74,1,90
D4:F5:47:82:0E:C6,ALL,udp:60645,192.168.3.117*,2,176,1,102,1,74
D4:F5:47:82:0E:C6,ALL,udp:60645,8.8.8.8*,2,176,1,74,1,102
D4:F5:47:82:0E:C6,ALL,udp:38087,192.168.3.117*,2,164,1,90,1,74
D4:F5:47:82:0E:C6,ALL,udp:38087,8.8.8.8*,2,164,1,74,1,90
D4:F5:47:82:0E:C6,ALL,udp:46772,192.168.3.117*,2,176,1,102,1,74
D4:F5:47:82:0E:C6,ALL,udp:46772,8.8.8.8*,2,176,1,74,1,102
D4:F5:47:82:0E:C6,ALL,udp:52556,192.168.3.117*,2,164,1,90,1,74
D4:F5:47:82:0E:C6,ALL,udp:52556,8.8.8.8*,2,164,1,74,1,90
D4:F5:47:82:0E:C6,ALL,udp:48515,142.251.32.110*,23,12421,13,9202,10,3219
D4:F5:47:82:0E:C6,ALL,udp:48515,8.8.8.8*,2,164,1,74,1,90
D4:F5:47:82:0E:C6,ALL,udp:43895,192.168.3.117*,2,164,1,90,1,74
D4:F5:47:82:0E:C6,ALL,udp:43895,8.8.8.8*,2,164,1,74,1,90
D4:F5:47:82:0E:C6,ALL,udp:51796,192.168.3.117*,2,176,1,102,1,74
D4:F5:47:82:0E:C6,ALL,udp:51796,8.8.8.8*,2,176,1,74,1,102
D4:F5:47:82:0E:C6,ALL,udp:37239,192.168.3.117*,2,164,1,90,1,74
D4:F5:47:82:0E:C6,ALL,udp:37239,8.8.8.8*,2,164,1,74,1,90
D4:F5:47:82:0E:C6,ALL,udp:42615,192.168.3.117*,2,176,1,102,1,74
D4:F5:47:82:0E:C6,ALL,udp:42615,8.8.8.8*,2,176,1,74,1,102
D4:F5:47:82:0E:C6,ALL,udp:58831,192.168.3.117*,2,164,1,90,1,74
D4:F5:47:82:0E:C6,ALL,udp:58831,8.8.8.8*,2,164,1,74,1,90
D4:F5:47:82:0E:C6,ALL,udp:35506,192.168.3.117*,2,176,1,102,1,74
D4:F5:47:82:0E:C6,ALL,udp:35506,8.8.8.8*,2,176,1,74,1,102
D4:F5:47:82:0E:C6,ALL,udp:55859,192.168.3.117*,2,164,1,90,1,74
D4:F5:47:82:0E:C6,ALL,udp:55859,8.8.8.8*,2,164,1,74,1,90
D4:F5:47:82:0E:C6,ALL,udp:58205,192.168.3.117*,2,164,1,90,1,74
D4:F5:47:82:0E:C6,ALL,udp:58205,8.8.8.8*,2,164,1,74,1,90
D4:F5:47:82:0E:C6,ALL,udp:47610,192.168.3.117*,2,164,1,90,1,74
D4:F5:47:82:0E:C6,ALL,udp:47610,8.8.8.8*,2,164,1,74,1,90
D4:F5:47:82:0E:C6,ALL,udp:41188,192.168.3.117*,2,176,1,102,1,74
D4:F5:47:82:0E:C6,ALL,udp:41188,8.8.8.8*,2,176,1,74,1,102
D4:F5:47:82:0E:C6,ALL,udp:45982,192.168.3.117*,2,164,1,90,1,74
D4:F5:47:82:0E:C6,ALL,udp:45982,8.8.8.8*,2,164,1,74,1,90
D4:F5:47:82:0E:C6,ALL,udp:53675,142.251.32.110*,23,15604,11,7324,12,8280
D4:F5:47:82:0E:C6,ALL,udp:53675,8.8.8.8*,2,176,1,74,1,102
D4:F5:47:82:0E:C6,ALL,udp:51491,192.168.3.117*,2,164,1,90,1,74
D4:F5:47:82:0E:C6,ALL,udp:51491,8.8.8.8*,2,164,1,74,1,90
D4:F5:47:82:0E:C6,ALL,udp:56654,192.168.3.117*,2,176,1,102,1,74
D4:F5:47:82:0E:C6,ALL,udp:56654,8.8.8.8*,2,176,1,74,1,102
D4:F5:47:82:0E:C6,ALL,udp:50176,192.168.3.117*,2,164,1,90,1,74
D4:F5:47:82:0E:C6,ALL,udp:50176,8.8.8.8*,2,164,1,74,1,90
D4:F5:47:82:0E:C6,ALL,udp:40981,192.168.3.117*,2,164,1,90,1,74
D4:F5:47:82:0E:C6,ALL,udp:40981,8.8.8.8*,2,164,1,74,1,90
D4:F5:47:82:0E:C6,ALL,udp:57722,192.168.3.117*,2,164,1,90,1,74
D4:F5:47:82:0E:C6,ALL,udp:57722,8.8.8.8*,2,164,1,74,1,90
D4:F5:47:82:0E:C6,ALL,udp:51618,192.168.3.117*,2,176,1,102,1,74
D4:F5:47:82:0E:C6,ALL,udp:51618,8.8.8.8*,2,176,1,74,1,102
D4:F5:47:82:0E:C6,ALL,udp:34704,192.168.3.117*,2,164,1,90,1,74
D4:F5:47:82:0E:C6,ALL,udp:34704,8.8.8.8*,2,164,1,74,1,90
D4:F5:47:82:0E:C6,ALL,udp:42405,192.168.3.117*,2,176,1,102,1,74
D4:F5:47:82:0E:C6,ALL,udp:42405,8.8.8.8*,2,176,1,74,1,102
D4:F5:47:82:0E:C6,ALL,udp:38219,192.168.3.117*,2,164,1,90,1,74
D4:F5:47:82:0E:C6,ALL,udp:38219,8.8.8.8*,2,164,1,74,1,90
D4:F5:47:82:0E:C6,ALL,udp:57763,192.168.3.117*,2,176,1,102,1,74
D4:F5:47:82:0E:C6,ALL,udp:57763,8.8.8.8*,2,176,1,74,1,102
D4:F5:47:82:0E:C6,ALL,udp:44508,192.168.3.117*,2,164,1,90,1,74
D4:F5:47:82:0E:C6,ALL,udp:44508,8.8.8.8*,2,164,1,74,1,90
D4:F5:47:82:0E:C6,ALL,udp:47243,192.168.3.117*,2,176,1,102,1,74
D4:F5:47:82:0E:C6,ALL,udp:47243,8.8.8.8*,2,176,1,74,1,102
D4:F5:47:82:0E:C6,ALL,udp:35291,192.168.3.117*,2,164,1,90,1,74
D4:F5:47:82:0E:C6,ALL,udp:35291,8.8.8.8*,2,164,1,74,1,90
D4:F5:47:82:0E:C6,ALL,udp:34710,192.168.3.117*,2,176,1,102,1,74
D4:F5:47:82:0E:C6,ALL,udp:34710,8.8.8.8*,2,176,1,74,1,102
D4:F5:47:82:0E:C6,ALL,udp:59244,192.168.3.117*,2,176,1,102,1,74
D4:F5:47:82:0E:C6,ALL,udp:59244,8.8.8.8*,2,176,1,74,1,102
D4:F5:47:82:0E:C6,ALL,udp:47334,192.168.3.117*,2,176,1,102,1,74
D4:F5:47:82:0E:C6,ALL,udp:47334,8.8.8.8*,2,176,1,74,1,102
D4:F5:47:82:0E:C6,ALL,udp:59501,216.239.35.4,2,180,1,90,1,90
D4:F5:47:82:0E:C6,ALL,udp:59501,8.8.8.8,2,164,1,74,1,90
D4:F5:47:82:0E:C6,ALL,udp:48833,192.168.3.117*,2,176,1,102,1,74
D4:F5:47:82:0E:C6,ALL,udp:48833,8.8.8.8*,2,176,1,74,1,102
D4:F5:47:82:0E:C6,ALL,udp:56608,192.168.3.117*,2,164,1,90,1,74
D4:F5:47:82:0E:C6,ALL,udp:56608,8.8.8.8*,2,164,1,74,1,90
D4:F5:47:82:0E:C6,ALL,udp:53845,192.168.3.117*,2,164,1,90,1,74
D4:F5:47:82:0E:C6,ALL,udp:53845,8.8.8.8*,2,164,1,74,1,90
D4:F5:47:82:0E:C6,ALL,udp:41516,192.168.3.117*,2,176,1,102,1,74
D4:F5:47:82:0E:C6,ALL,udp:41516,8.8.8.8*,2,176,1,74,1,102
D4:F5:47:82:0E:C6,ALL,udp:33887,192.168.3.117*,2,164,1,90,1,74
D4:F5:47:82:0E:C6,ALL,udp:33887,8.8.8.8*,2,164,1,74,1,90
D4:F5:47:82:0E:C6,ALL,udp:53303,192.168.3.117*,2,176,1,102,1,74
D4:F5:47:82:0E:C6,ALL,udp:53303,8.8.8.8*,2,176,1,74,1,102
D4:F5:47:82:0E:C6,ALL,udp:43734,192.168.3.117*,2,164,1,90,1,74
D4:F5:47:82:0E:C6,ALL,udp:43734,8.8.8.8*,2,164,1,74,1,90
D4:F5:47:82:0E:C6,ALL,udp:33599,192.168.3.117*,2,164,1,90,1,74
D4:F5:47:82:0E:C6,ALL,udp:33599,8.8.8.8*,2,164,1,74,1,90
D4:F5:47:82:0E:C6,ALL,udp:59242,192.168.3.117*,2,176,1,102,1,74
D4:F5:47:82:0E:C6,ALL,udp:59242,8.8.8.8*,2,176,1,74,1,102
D4:F5:47:82:0E:C6,ALL,udp:43005,192.168.3.117*,2,198,1,119,1,79
D4:F5:47:82:0E:C6,ALL,udp:43005,8.8.8.8*,2,198,1,79,1,119
D4:F5:47:82:0E:C6,ALL,udp:48528,192.168.3.117*,2,164,1,90,1,74
D4:F5:47:82:0E:C6,ALL,udp:48528,8.8.8.8*,2,164,1,74,1,90
D4:F5:47:82:0E:C6,ALL,udp:37452,192.168.3.117*,2,176,1,102,1,74
D4:F5:47:82:0E:C6,ALL,udp:37452,8.8.8.8*,2,176,1,74,1,102
D4:F5:47:82:0E:C6,ALL,udp:38873,192.168.3.117*,2,164,1,90,1,74
D4:F5:47:82:0E:C6,ALL,udp:38873,8.8.8.8*,2,164,1,74,1,90
D4:F5:47:82:0E:C6,ALL,udp:42563,192.168.3.117*,2,176,1,102,1,74
D4:F5:47:82:0E:C6,ALL,udp:42563,8.8.8.8*,2,176,1,74,1,102
D4:F5:47:82:0E:C6,ALL,udp:48761,192.168.3.117*,2,176,1,102,1,74
D4:F5:47:82:0E:C6,ALL,udp:48761,8.8.8.8*,2,176,1,74,1,102
D4:F5:47:82:0E:C6,ALL,udp:48058,192.168.3.117*,2,164,1,90,1,74
D4:F5:47:82:0E:C6,ALL,udp:48058,8.8.8.8*,2,164,1,74,1,90
D4:F5:47:82:0E:C6,ALL,udp:50659,192.168.3.117*,2,176,1,102,1,74
D4:F5:47:82:0E:C6,ALL,udp:50659,8.8.8.8*,2,176,1,74,1,102
D4:F5:47:82:0E:C6,ALL,udp:42996,192.168.3.117*,2,164,1,90,1,74
D4:F5:47:82:0E:C6,ALL,udp:42996,8.8.8.8*,2,164,1,74,1,90
D4:F5:47:82:0E:C6,ALL,udp:47040,192.168.3.117*,2,176,1,102,1,74
D4:F5:47:82:0E:C6,ALL,udp:47040,8.8.8.8*,2,176,1,74,1,102
D4:F5:47:82:0E:C6,ALL,udp:60371,192.168.3.117*,2,164,1,90,1,74
D4:F5:47:82:0E:C6,ALL,udp:60371,8.8.8.8*,2,164,1,74,1,90
D4:F5:47:82:0E:C6,ALL,udp:51898,192.168.3.117*,2,176,1,102,1,74
D4:F5:47:82:0E:C6,ALL,udp:51898,8.8.8.8*,2,176,1,74,1,102
D4:F5:47:82:0E:C6,ALL,udp:38063,192.168.3.117*,2,176,1,102,1,74
D4:F5:47:82:0E:C6,ALL,udp:38063,8.8.8.8*,2,176,1,74,1,102
D4:F5:47:82:0E:C6,ALL,udp:44183,192.168.3.117*,2,176,1,102,1,74
D4:F5:47:82:0E:C6,ALL,udp:44183,8.8.8.8*,2,176,1,74,1,102
D4:F5:47:82:0E:C6,ALL,udp:48957,192.168.3.117*,2,164,1,90,1,74
D4:F5:47:82:0E:C6,ALL,udp:48957,8.8.8.8*,2,164,1,74,1,90
D4:F5:47:82:0E:C6,ALL,udp:54821,192.168.3.117*,2,164,1,90,1,74
D4:F5:47:82:0E:C6,ALL,udp:54821,8.8.8.8*,2,164,1,74,1,90
D4:F5:47:82:0E:C6,ALL,udp:58163,192.168.3.117*,2,176,1,102,1,74
D4:F5:47:82:0E:C6,ALL,udp:58163,8.8.8.8*,2,176,1,74,1,102
D4:F5:47:82:0E:C6,ALL,udp:32883,192.168.3.117*,2,164,1,90,1,74
D4:F5:47:82:0E:C6,ALL,udp:32883,8.8.8.8*,2,164,1,74,1,90
D4:F5:47:82:0E:C6,ALL,udp:56816,192.168.3.117*,2,176,1,102,1,74
D4:F5:47:82:0E:C6,ALL,udp:56816,8.8.8.8*,2,176,1,74,1,102
D4:F5:47:82:0E:C6,ALL,udp:41146,192.168.3.117*,2,164,1,90,1,74
D4:F5:47:82:0E:C6,ALL,udp:41146,8.8.8.8*,2,164,1,74,1,90
D4:F5:47:82:0E:C6,ALL,udp:56122,192.168.3.117*,2,176,1,102,1,74
D4:F5:47:82:0E:C6,ALL,udp:56122,8.8.8.8*,2,176,1,74,1,102
D4:F5:47:82:0E:C6,ALL,udp:45112,192.168.3.117*,2,176,1,102,1,74
D4:F5:47:82:0E:C6,ALL,udp:45112,8.8.8.8*,2,176,1,74,1,102
D4:F5:47:82:0E:C6,ALL,udp:50130,192.168.3.117*,2,164,1,90,1,74
D4:F5:47:82:0E:C6,ALL,udp:50130,8.8.8.8*,2,164,1,74,1,90
D4:F5:47:82:0E:C6,ALL,udp:51976,192.168.3.117*,2,176,1,102,1,74
D4:F5:47:82:0E:C6,ALL,udp:51976,8.8.8.8*,2,176,1,74,1,102
D4:F5:47:82:0E:C6,ALL,udp:45343,192.168.3.117*,2,164,1,90,1,74
D4:F5:47:82:0E:C6,ALL,udp:45343,8.8.8.8*,2,164,1,74,1,90
D4:F5:47:82:0E:C6,ALL,udp:40967,192.168.3.117*,2,164,1,90,1,74
D4:F5:47:82:0E:C6,ALL,udp:40967,8.8.8.8*,2,164,1,74,1,90
D4:F5:47:82:0E:C6,ALL,udp:35162,192.168.3.117*,2,176,1,102,1,74
D4:F5:47:82:0E:C6,ALL,udp:35162,8.8.8.8*,2,176,1,74,1,102
D4:F5:47:82:0E:C6,ALL,udp:46266,192.168.3.117*,2,176,1,102,1,74
D4:F5:47:82:0E:C6,ALL,udp:46266,8.8.8.8*,2,176,1,74,1,102
D4:F5:47:82:0E:C6,ALL,udp:50241,192.168.3.117*,2,164,1,90,1,74
D4:F5:47:82:0E:C6,ALL,udp:50241,8.8.8.8*,2,164,1,74,1,90
D4:F5:47:82:0E:C6,ALL,udp:32960,192.168.3.117*,2,176,1,102,1,74
D4:F5:47:82:0E:C6,ALL,udp:32960,8.8.8.8*,2,176,1,74,1,102
D4:F5:47:82:0E:C6,ALL,udp:37173,192.168.3.117*,2,164,1,90,1,74
D4:F5:47:82:0E:C6,ALL,udp:37173,8.8.8.8*,2,164,1,74,1,90
D4:F5:47:82:0E:C6,ALL,udp:38846,192.168.3.117*,2,176,1,102,1,74
D4:F5:47:82:0E:C6,ALL,udp:38846,8.8.8.8*,2,176,1,74,1,102
D4:F5:47:82:0E:C6,ALL,udp:33165,192.168.3.117*,2,164,1,90,1,74
D4:F5:47:82:0E:C6,ALL,udp:33165,8.8.8.8*,2,164,1,74,1,90
D4:F5:47:82:0E:C6,ALL,udp:33275,192.168.3.117*,2,164,1,90,1,74
D4:F5:47:82:0E:C6,ALL,udp:33275,8.8.8.8*,2,164,1,74,1,90
D4:F5:47:82:0E:C6,ALL,udp:41027,192.168.3.117*,2,164,1,90,1,74
D4:F5:47:82:0E:C6,ALL,udp:41027,8.8.8.8*,2,164,1,74,1,90
D4:F5:47:82:0E:C6,ALL,udp:45622,192.168.3.117*,2,176,1,102,1,74
D4:F5:47:82:0E:C6,ALL,udp:45622,8.8.8.8*,2,176,1,74,1,102
D4:F5:47:82:0E:C6,ALL,udp:42139,192.168.3.117*,2,164,1,90,1,74
D4:F5:47:82:0E:C6,ALL,udp:42139,8.8.8.8*,2,164,1,74,1,90
D4:F5:47:82:0E:C6,ALL,udp:53737,192.168.3.117*,2,176,1,102,1,74
D4:F5:47:82:0E:C6,ALL,udp:53737,8.8.8.8*,2,176,1,74,1,102
D4:F5:47:82:0E:C6,ALL,udp:44179,192.168.3.117*,2,176,1,102,1,74
D4:F5:47:82:0E:C6,ALL,udp:44179,8.8.8.8*,2,176,1,74,1,102
D4:F5:47:82:0E:C6,ALL,udp:47950,192.168.3.117*,2,164,1,90,1,74
D4:F5:47:82:0E:C6,ALL,udp:47950,8.8.8.8*,2,164,1,74,1,90
D4:F5:47:82:0E:C6,ALL,udp:41866,192.168.3.117*,2,176,1,102,1,74
D4:F5:47:82:0E:C6,ALL,udp:41866,8.8.8.8*,2,176,1,74,1,102
D4:F5:47:82:0E:C6,ALL,udp:45766,192.168.3.117*,2,176,1,102,1,74
D4:F5:47:82:0E:C6,ALL,udp:45766,8.8.8.8*,2,176,1,74,1,102
D4:F5:47:82:0E:C6,ALL,udp:48067,192.168.3.117*,2,176,1,102,1,74
D4:F5:47:82:0E:C6,ALL,udp:48067,8.8.8.8*,2,176,1,74,1,102
D4:F5:47:82:0E:C6,ALL,udp:56117,192.168.3.117*,2,164,1,90,1,74
D4:F5:47:82:0E:C6,ALL,udp:56117,8.8.8.8*,2,164,1,74,1,90
D4:F5:47:82:0E:C6,ALL,udp:47839,192.168.3.117*,2,176,1,102,1,74
D4:F5:47:82:0E:C6,ALL,udp:47839,8.8.8.8*,2,176,1,74,1,102
D4:F5:47:82:0E:C6,ALL,udp:48318,192.168.3.117*,2,164,1,90,1,74
D4:F5:47:82:0E:C6,ALL,udp:48318,8.8.8.8*,2,164,1,74,1,90
D4:F5:47:82:0E:C6,ALL,udp:56330,192.168.3.117*,2,176,1,102,1,74
D4:F5:47:82:0E:C6,ALL,udp:56330,8.8.8.8*,2,176,1,74,1,102
D4:F5:47:82:0E:C6,ALL,udp:40318,192.168.3.117*,2,176,1,102,1,74
D4:F5:47:82:0E:C6,ALL,udp:40318,8.8.8.8*,2,176,1,74,1,102
D4:F5:47:82:0E:C6,ALL,udp:47425,192.168.3.117*,2,164,1,90,1,74
D4:F5:47:82:0E:C6,ALL,udp:47425,8.8.8.8*,2,164,1,74,1,90
D4:F5:47:82:0E:C6,ALL,udp:35886,192.168.3.117*,2,176,1,102,1,74
D4:F5:47:82:0E:C6,ALL,udp:35886,8.8.8.8*,2,176,1,74,1,102
D4:F5:47:82:0E:C6,ALL,udp:42898,192.168.3.117*,2,164,1,90,1,74
D4:F5:47:82:0E:C6,ALL,udp:42898,8.8.8.8*,2,164,1,74,1,90
D4:F5:47:82:0E:C6,ALL,udp:37213,192.168.3.117*,2,164,1,90,1,74
D4:F5:47:82:0E:C6,ALL,udp:37213,8.8.8.8*,2,164,1,74,1,90
D4:F5:47:82:0E:C6,ALL,udp:60922,192.168.3.117*,2,176,1,102,1,74
D4:F5:47:82:0E:C6,ALL,udp:60922,8.8.8.8*,2,176,1,74,1,102
D4:F5:47:82:0E:C6,ALL,udp:57762,192.168.3.117*,2,164,1,90,1,74
D4:F5:47:82:0E:C6,ALL,udp:57762,8.8.8.8*,2,164,1,74,1,90
D4:F5:47:82:0E:C6,ALL,udp:33027,192.168.3.117*,2,164,1,90,1,74
D4:F5:47:82:0E:C6,ALL,udp:33027,8.8.8.8*,2,164,1,74,1,90
D4:F5:47:82:0E:C6,ALL,udp:50695,192.168.3.117*,2,176,1,102,1,74
D4:F5:47:82:0E:C6,ALL,udp:50695,8.8.8.8*,2,176,1,74,1,102
D4:F5:47:82:0E:C6,ALL,udp:51005,192.168.3.117*,2,164,1,90,1,74
D4:F5:47:82:0E:C6,ALL,udp:51005,8.8.8.8*,2,164,1,74,1,90
D4:F5:47:82:0E:C6,ALL,udp:58241,192.168.3.117*,2,176,1,102,1,74
D4:F5:47:82:0E:C6,ALL,udp:58241,8.8.8.8*,2,176,1,74,1,102
D4:F5:47:82:0E:C6,ALL,udp:55222,192.168.3.117*,2,164,1,90,1,74
D4:F5:47:82:0E:C6,ALL,udp:55222,8.8.8.8*,2,164,1,74,1,90
D4:F5:47:82:0E:C6,ALL,udp:49814,192.168.3.117*,2,176,1,102,1,74
D4:F5:47:82:0E:C6,ALL,udp:49814,8.8.8.8*,2,176,1,74,1,102
D4:F5:47:82:0E:C6,ALL,udp:35331,192.168.3.117*,2,198,1,119,1,79
D4:F5:47:82:0E:C6,ALL,udp:35331,8.8.8.8*,2,198,1,79,1,119
D4:F5:47:82:0E:C6,ALL,udp:55245,192.168.3.117*,2,176,1,102,1,74
D4:F5:47:82:0E:C6,ALL,udp:55245,8.8.8.8*,2,176,1,74,1,102
D4:F5:47:82:0E:C6,ALL,udp:40295,192.168.3.117*,2,164,1,90,1,74
D4:F5:47:82:0E:C6,ALL,udp:40295,8.8.8.8*,2,164,1,74,1,90
D4:F5:47:82:0E:C6,ALL,udp:35554,192.168.3.117*,2,176,1,102,1,74
D4:F5:47:82:0E:C6,ALL,udp:35554,8.8.8.8*,2,176,1,74,1,102
D4:F5:47:82:0E:C6,ALL,udp:33716,192.168.3.117*,2,164,1,90,1,74
D4:F5:47:82:0E:C6,ALL,udp:33716,8.8.8.8*,2,164,1,74,1,90
D4:F5:47:82:0E:C6,ALL,udp:44331,192.168.3.117*,2,176,1,102,1,74
D4:F5:47:82:0E:C6,ALL,udp:44331,8.8.8.8*,2,176,1,74,1,102
D4:F5:47:82:0E:C6,ALL,udp:58301,192.168.3.117*,2,176,1,102,1,74
D4:F5:47:82:0E:C6,ALL,udp:58301,8.8.8.8*,2,176,1,74,1,102
D4:F5:47:82:0E:C6,ALL,udp:36223,192.168.3.117*,2,164,1,90,1,74
D4:F5:47:82:0E:C6,ALL,udp:36223,8.8.8.8*,2,164,1,74,1,90
D4:F5:47:82:0E:C6,ALL,udp:50874,192.168.3.117*,2,176,1,102,1,74
D4:F5:47:82:0E:C6,ALL,udp:50874,8.8.8.8*,2,176,1,74,1,102
D4:F5:47:82:0E:C6,ALL,udp:38640,192.168.3.117*,2,164,1,90,1,74
D4:F5:47:82:0E:C6,ALL,udp:38640,8.8.8.8*,2,164,1,74,1,90
D4:F5:47:82:0E:C6,ALL,udp:34472,216.239.35.0,2,180,1,90,1,90
D4:F5:47:82:0E:C6,ALL,udp:34472,8.8.8.8,2,176,1,74,1,102
D4:F5:47:82:0E:C6,ALL,udp:47599,192.168.3.117*,2,176,1,102,1,74
D4:F5:47:82:0E:C6,ALL,udp:47599,8.8.8.8*,2,176,1,74,1,102
D4:F5:47:82:0E:C6,ALL,udp:60453,192.168.3.117*,2,164,1,90,1,74
D4:F5:47:82:0E:C6,ALL,udp:60453,8.8.8.8*,2,164,1,74,1,90
D4:F5:47:82:0E:C6,ALL,udp:38299,192.168.3.117*,2,176,1,102,1,74
D4:F5:47:82:0E:C6,ALL,udp:38299,8.8.8.8*,2,176,1,74,1,102
D4:F5:47:82:0E:C6,ALL,udp:40991,192.168.3.117*,2,164,1,90,1,74
D4:F5:47:82:0E:C6,ALL,udp:40991,8.8.8.8*,2,164,1,74,1,90
D4:F5:47:82:0E:C6,ALL,udp:56306,192.168.3.117*,2,164,1,90,1,74
D4:F5:47:82:0E:C6,ALL,udp:56306,8.8.8.8*,2,164,1,74,1,90
D4:F5:47:82:0E:C6,ALL,udp:35716,192.168.3.117*,2,176,1,102,1,74
D4:F5:47:82:0E:C6,ALL,udp:35716,8.8.8.8*,2,176,1,74,1,102
D4:F5:47:82:0E:C6,ALL,udp:43171,192.168.3.117*,2,164,1,90,1,74
D4:F5:47:82:0E:C6,ALL,udp:43171,8.8.8.8*,2,164,1,74,1,90
D4:F5:47:82:0E:C6,ALL,udp:54571,192.168.3.117*,2,164,1,90,1,74
D4:F5:47:82:0E:C6,ALL,udp:54571,8.8.8.8*,2,164,1,74,1,90
D4:F5:47:82:0E:C6,ALL,udp:42173,192.168.3.117*,2,164,1,90,1,74
D4:F5:47:82:0E:C6,ALL,udp:42173,8.8.8.8*,2,164,1,74,1,90
D4:F5:47:82:0E:C6,ALL,udp:35226,192.168.3.117*,2,176,1,102,1,74
D4:F5:47:82:0E:C6,ALL,udp:35226,8.8.8.8*,2,176,1,74,1,102
D4:F5:47:82:0E:C6,ALL,udp:58402,192.168.3.117*,2,198,1,119,1,79
D4:F5:47:82:0E:C6,ALL,udp:58402,8.8.8.8*,2,198,1,79,1,119
D4:F5:47:82:0E:C6,ALL,udp:49567,192.168.3.117*,2,164,1,90,1,74
D4:F5:47:82:0E:C6,ALL,udp:49567,8.8.8.8*,2,164,1,74,1,90
D4:F5:47:82:0E:C6,ALL,udp:34412,192.168.3.117*,2,176,1,102,1,74
D4:F5:47:82:0E:C6,ALL,udp:34412,8.8.8.8*,2,176,1,74,1,102
D4:F5:47:82:0E:C6,ALL,udp:46872,192.168.3.117*,2,164,1,90,1,74
D4:F5:47:82:0E:C6,ALL,udp:46872,8.8.8.8*,2,164,1,74,1,90
D4:F5:47:82:0E:C6,ALL,udp:55694,192.168.3.117*,2,176,1,102,1,74
D4:F5:47:82:0E:C6,ALL,udp:55694,8.8.8.8*,2,176,1,74,1,102
D4:F5:47:82:0E:C6,ALL,udp:35744,192.168.3.117*,2,176,1,102,1,74
D4:F5:47:82:0E:C6,ALL,udp:35744,8.8.8.8*,2,176,1,74,1,102
D4:F5:47:82:0E:C6,ALL,udp:44204,192.168.3.117*,2,176,1,102,1,74
D4:F5:47:82:0E:C6,ALL,udp:44204,8.8.8.8*,2,176,1,74,1,102
D4:F5:47:82:0E:C6,ALL,udp:60818,192.168.3.117*,2,164,1,90,1,74
D4:F5:47:82:0E:C6,ALL,udp:60818,8.8.8.8*,2,164,1,74,1,90
D4:F5:47:82:0E:C6,ALL,udp:32980,192.168.3.117*,2,176,1,102,1,74
D4:F5:47:82:0E:C6,ALL,udp:32980,8.8.8.8*,2,176,1,74,1,102
D4:F5:47:82:0E:C6,ALL,udp:35230,192.168.3.117*,2,164,1,90,1,74
D4:F5:47:82:0E:C6,ALL,udp:35230,8.8.8.8*,2,164,1,74,1,90
D4:F5:47:82:0E:C6,ALL,udp:58882,192.168.3.117*,2,176,1,102,1,74
D4:F5:47:82:0E:C6,ALL,udp:58882,8.8.8.8*,2,176,1,74,1,102
D4:F5:47:82:0E:C6,ALL,udp:45005,192.168.3.117*,2,164,1,90,1,74
D4:F5:47:82:0E:C6,ALL,udp:45005,8.8.8.8*,2,164,1,74,1,90
D4:F5:47:82:0E:C6,ALL,udp:57692,192.168.3.117*,2,176,1,102,1,74
D4:F5:47:82:0E:C6,ALL,udp:57692,8.8.8.8*,2,176,1,74,1,102
D4:F5:47:82:0E:C6,ALL,udp:33202,192.168.3.117*,2,164,1,90,1,74
D4:F5:47:82:0E:C6,ALL,udp:33202,8.8.8.8*,2,164,1,74,1,90
D4:F5:47:82:0E:C6,ALL,udp:48569,216.239.35.4,2,180,1,90,1,90
D4:F5:47:82:0E:C6,ALL,udp:48569,8.8.8.8,2,164,1,74,1,90
D4:F5:47:82:0E:C6,ALL,udp:59875,192.168.3.117*,2,176,1,102,1,74
D4:F5:47:82:0E:C6,ALL,udp:59875,8.8.8.8*,2,176,1,74,1,102
D4:F5:47:82:0E:C6,ALL,udp:57494,192.168.3.117*,2,164,1,90,1,74
D4:F5:47:82:0E:C6,ALL,udp:57494,8.8.8.8*,2,164,1,74,1,90
D4:F5:47:82:0E:C6,ALL,udp:38241,192.168.3.117*,2,176,1,102,1,74
D4:F5:47:82:0E:C6,ALL,udp:38241,8.8.8.8*,2,176,1,74,1,102
D4:F5:47:82:0E:C6,ALL,udp:49348,192.168.3.117*,2,176,1,102,1,74
D4:F5:47:82:0E:C6,ALL,udp:49348,8.8.8.8*,2,176,1,74,1,102
D4:F5:47:82:0E:C6,ALL,udp:50930,192.168.3.117*,2,164,1,90,1,74
D4:F5:47:82:0E:C6,ALL,udp:50930,8.8.8.8*,2,164,1,74,1,90
D4:F5:47:82:0E:C6,ALL,udp:36606,192.168.3.117*,2,176,1,102,1,74
D4:F5:47:82:0E:C6,ALL,udp:36606,8.8.8.8*,2,176,1,74,1,102
D4:F5:47:82:0E:C6,ALL,udp:53091,192.168.3.117*,2,164,1,90,1,74
D4:F5:47:82:0E:C6,ALL,udp:53091,8.8.8.8*,2,164,1,74,1,90
D4:F5:47:82:0E:C6,ALL,udp:48852,192.168.3.117*,2,176,1,102,1,74
D4:F5:47:82:0E:C6,ALL,udp:48852,8.8.8.8*,2,176,1,74,1,102
D4:F5:47:82:0E:C6,ALL,udp:51472,192.168.3.117*,2,164,1,90,1,74
D4:F5:47:82:0E:C6,ALL,udp:51472,8.8.8.8*,2,164,1,74,1,90
D4:F5:47:82:0E:C6,ALL,udp:32945,192.168.3.117*,2,164,1,90,1,74
D4:F5:47:82:0E:C6,ALL,udp:32945,8.8.8.8*,2,164,1,74,1,90
D4:F5:47:82:0E:C6,ALL,udp:52356,192.168.3.117*,2,164,1,90,1,74
D4:F5:47:82:0E:C6,ALL,udp:52356,8.8.8.8*,2,164,1,74,1,90
D4:F5:47:82:0E:C6,ALL,udp:58296,192.168.3.117*,2,176,1,102,1,74
D4:F5:47:82:0E:C6,ALL,udp:58296,8.8.8.8*,2,176,1,74,1,102
D4:F5:47:82:0E:C6,ALL,udp:34042,192.168.3.117*,2,164,1,90,1,74
D4:F5:47:82:0E:C6,ALL,udp:34042,8.8.8.8*,2,164,1,74,1,90
D4:F5:47:82:0E:C6,ALL,udp:40011,192.168.3.117*,2,176,1,102,1,74
D4:F5:47:82:0E:C6,ALL,udp:40011,8.8.8.8*,2,176,1,74,1,102
D4:F5:47:82:0E:C6,ALL,udp:42570,192.168.3.117*,2,176,1,102,1,74
D4:F5:47:82:0E:C6,ALL,udp:42570,8.8.8.8*,2,176,1,74,1,102
D4:F5:47:82:0E:C6,ALL,udp:35555,192.168.3.117*,2,176,1,102,1,74
D4:F5:47:82:0E:C6,ALL,udp:35555,8.8.8.8*,2,176,1,74,1,102
D4:F5:47:82:0E:C6,ALL,udp:39199,192.168.3.117*,2,164,1,90,1,74
D4:F5:47:82:0E:C6,ALL,udp:39199,8.8.8.8*,2,164,1,74,1,90
D4:F5:47:82:0E:C6,ALL,udp:34415,192.168.3.117*,2,176,1,102,1,74
D4:F5:47:82:0E:C6,ALL,udp:34415,8.8.8.8*,2,176,1,74,1,102
D4:F5:47:82:0E:C6,ALL,udp:36051,192.168.3.117*,2,176,1,102,1,74
D4:F5:47:82:0E:C6,ALL,udp:36051,8.8.8.8*,2,176,1,74,1,102
D4:F5:47:82:0E:C6,ALL,udp:38872,192.168.3.117*,2,164,1,90,1,74
D4:F5:47:82:0E:C6,ALL,udp:38872,8.8.8.8*,2,164,1,74,1,90
D4:F5:47:82:0E:C6,ALL,udp:48464,192.168.3.117*,2,164,1,90,1,74
D4:F5:47:82:0E:C6,ALL,udp:48464,8.8.8.8*,2,164,1,74,1,90
D4:F5:47:82:0E:C6,ALL,udp:56202,192.168.3.117*,2,176,1,102,1,74
D4:F5:47:82:0E:C6,ALL,udp:56202,8.8.8.8*,2,176,1,74,1,102
D4:F5:47:82:0E:C6,ALL,udp:54257,192.168.3.117*,2,176,1,102,1,74
D4:F5:47:82:0E:C6,ALL,udp:54257,8.8.8.8*,2,176,1,74,1,102
D4:F5:47:82:0E:C6,ALL,udp:47494,192.168.3.117*,2,164,1,90,1,74
D4:F5:47:82:0E:C6,ALL,udp:47494,8.8.8.8*,2,164,1,74,1,90
D4:F5:47:82:0E:C6,ALL,udp:48580,192.168.3.117*,2,164,1,90,1,74
D4:F5:47:82:0E:C6,ALL,udp:48580,8.8.8.8*,2,164,1,74,1,90
D4:F5:47:82:0E:C6,ALL,udp:37191,192.168.3.117*,2,176,1,102,1,74
D4:F5:47:82:0E:C6,ALL,udp:37191,8.8.8.8*,2,176,1,74,1,102
D4:F5:47:82:0E:C6,ALL,udp:43049,192.168.3.117*,2,164,1,90,1,74
D4:F5:47:82:0E:C6,ALL,udp:43049,8.8.8.8*,2,164,1,74,1,90
D4:F5:47:82:0E:C6,ALL,udp:57592,192.168.3.117*,2,164,1,90,1,74
D4:F5:47:82:0E:C6,ALL,udp:57592,8.8.8.8*,2,164,1,74,1,90
D4:F5:47:82:0E:C6,ALL,udp:54802,192.168.3.117*,2,164,1,90,1,74
D4:F5:47:82:0E:C6,ALL,udp:54802,8.8.8.8*,2,164,1,74,1,90
D4:F5:47:82:0E:C6,ALL,udp:40244,192.168.3.117*,2,176,1,102,1,74
D4:F5:47:82:0E:C6,ALL,udp:40244,8.8.8.8*,2,176,1,74,1,102
D4:F5:47:82:0E:C6,ALL,udp:47232,192.168.3.117*,2,176,1,102,1,74
D4:F5:47:82:0E:C6,ALL,udp:47232,8.8.8.8*,2,176,1,74,1,102
D4:F5:47:82:0E:C6,ALL,udp:55826,192.168.3.117*,2,164,1,90,1,74
D4:F5:47:82:0E:C6,ALL,udp:55826,8.8.8.8*,2,164,1,74,1,90
D4:F5:47:82:0E:C6,ALL,udp:37406,192.168.3.117*,2,164,1,90,1,74
D4:F5:47:82:0E:C6,ALL,udp:37406,8.8.8.8*,2,164,1,74,1,90
D4:F5:47:82:0E:C6,ALL,udp:37018,192.168.3.117*,2,176,1,102,1,74
D4:F5:47:82:0E:C6,ALL,udp:37018,8.8.8.8*,2,176,1,74,1,102
D4:F5:47:82:0E:C6,ALL,udp:60756,192.168.3.117*,2,164,1,90,1,74
D4:F5:47:82:0E:C6,ALL,udp:60756,8.8.8.8*,2,164,1,74,1,90
D4:F5:47:82:0E:C6,ALL,udp:43550,192.168.3.117*,2,164,1,90,1,74
D4:F5:47:82:0E:C6,ALL,udp:43550,8.8.8.8*,2,164,1,74,1,90
D4:F5:47:82:0E:C6,ALL,udp:51652,192.168.3.117*,2,176,1,102,1,74
D4:F5:47:82:0E:C6,ALL,udp:51652,8.8.8.8*,2,176,1,74,1,102
D4:F5:47:82:0E:C6,ALL,udp:41551,192.168.3.117*,2,164,1,90,1,74
D4:F5:47:82:0E:C6,ALL,udp:41551,8.8.8.8*,2,164,1,74,1,90
D4:F5:47:82:0E:C6,ALL,udp:39589,192.168.3.117*,2,164,1,90,1,74
D4:F5:47:82:0E:C6,ALL,udp:39589,8.8.8.8*,2,164,1,74,1,90
D4:F5:47:82:0E:C6,ALL,udp:55621,192.168.3.117*,2,176,1,102,1,74
D4:F5:47:82:0E:C6,ALL,udp:55621,8.8.8.8*,2,176,1,74,1,102
D4:F5:47:82:0E:C6,ALL,udp:57890,192.168.3.117*,2,176,1,102,1,74
D4:F5:47:82:0E:C6,ALL,udp:57890,8.8.8.8*,2,176,1,74,1,102
D4:F5:47:82:0E:C6,ALL,udp:44684,192.168.3.117*,2,164,1,90,1,74
D4:F5:47:82:0E:C6,ALL,udp:44684,8.8.8.8*,2,164,1,74,1,90
D4:F5:47:82:0E:C6,ALL,udp:35824,192.168.3.117*,2,176,1,102,1,74
D4:F5:47:82:0E:C6,ALL,udp:35824,8.8.8.8*,2,176,1,74,1,102
D4:F5:47:82:0E:C6,ALL,udp:47574,192.168.3.117*,2,164,1,90,1,74
D4:F5:47:82:0E:C6,ALL,udp:47574,8.8.8.8*,2,164,1,74,1,90
D4:F5:47:82:0E:C6,ALL,udp:58046,172.217.165.142*,19,10790,11,7276,8,3514
D4:F5:47:82:0E:C6,ALL,udp:58046,8.8.8.8*,2,176,1,74,1,102
D4:F5:47:82:0E:C6,ALL,udp:51991,192.168.3.117*,2,164,1,90,1,74
D4:F5:47:82:0E:C6,ALL,udp:51991,8.8.8.8*,2,164,1,74,1,90
D4:F5:47:82:0E:C6,ALL,udp:54700,192.168.3.117*,2,198,1,119,1,79
D4:F5:47:82:0E:C6,ALL,udp:54700,8.8.8.8*,2,198,1,79,1,119
D4:F5:47:82:0E:C6,ALL,udp:44551,192.168.3.117*,2,164,1,90,1,74
D4:F5:47:82:0E:C6,ALL,udp:44551,8.8.8.8*,2,164,1,74,1,90
D4:F5:47:82:0E:C6,ALL,udp:37236,192.168.3.117*,2,198,1,119,1,79
D4:F5:47:82:0E:C6,ALL,udp:37236,8.8.8.8*,2,198,1,79,1,119
D4:F5:47:82:0E:C6,ALL,udp:42773,192.168.3.117*,2,176,1,102,1,74
D4:F5:47:82:0E:C6,ALL,udp:42773,8.8.8.8*,2,176,1,74,1,102
D4:F5:47:82:0E:C6,ALL,udp:55618,192.168.3.117*,2,164,1,90,1,74
D4:F5:47:82:0E:C6,ALL,udp:55618,8.8.8.8*,2,164,1,74,1,90
D4:F5:47:82:0E:C6,ALL,udp:44995,192.168.3.117*,2,176,1,102,1,74
D4:F5:47:82:0E:C6,ALL,udp:44995,8.8.8.8*,2,176,1,74,1,102
D4:F5:47:82:0E:C6,ALL,udp:38214,192.168.3.117*,2,164,1,90,1,74
D4:F5:47:82:0E:C6,ALL,udp:38214,8.8.8.8*,2,164,1,74,1,90
D4:F5:47:82:0E:C6,ALL,udp:49465,192.168.3.117*,2,176,1,102,1,74
D4:F5:47:82:0E:C6,ALL,udp:49465,8.8.8.8*,2,176,1,74,1,102
D4:F5:47:82:0E:C6,ALL,udp:40836,192.168.3.117*,2,164,1,90,1,74
D4:F5:47:82:0E:C6,ALL,udp:40836,8.8.8.8*,2,164,1,74,1,90
D4:F5:47:82:0E:C6,ALL,udp:38983,192.168.3.117*,2,176,1,102,1,74
D4:F5:47:82:0E:C6,ALL,udp:38983,8.8.8.8*,2,176,1,74,1,102
D4:F5:47:82:0E:C6,ALL,udp:39637,192.168.3.117*,2,176,1,102,1,74
D4:F5:47:82:0E:C6,ALL,udp:39637,8.8.8.8*,2,176,1,74,1,102
D4:F5:47:82:0E:C6,ALL,udp:57076,192.168.3.117*,2,164,1,90,1,74
D4:F5:47:82:0E:C6,ALL,udp:57076,8.8.8.8*,2,164,1,74,1,90
D4:F5:47:82:0E:C6,ALL,udp:33089,192.168.3.117*,2,176,1,102,1,74
D4:F5:47:82:0E:C6,ALL,udp:33089,8.8.8.8*,2,176,1,74,1,102
D4:F5:47:82:0E:C6,ALL,udp:54678,192.168.3.117*,2,164,1,90,1,74
D4:F5:47:82:0E:C6,ALL,udp:54678,8.8.8.8*,2,164,1,74,1,90
D4:F5:47:82:0E:C6,ALL,udp:33580,192.168.3.117*,2,176,1,102,1,74
D4:F5:47:82:0E:C6,ALL,udp:33580,8.8.8.8*,2,176,1,74,1,102
D4:F5:47:82:0E:C6,ALL,udp:34085,192.168.3.117*,2,164,1,90,1,74
D4:F5:47:82:0E:C6,ALL,udp:34085,8.8.8.8*,2,164,1,74,1,90
D4:F5:47:82:0E:C6,ALL,udp:48769,192.168.3.117*,2,164,1,90,1,74
D4:F5:47:82:0E:C6,ALL,udp:48769,8.8.8.8*,2,164,1,74,1,90
D4:F5:47:82:0E:C6,ALL,udp:39896,192.168.3.117*,2,176,1,102,1,74
D4:F5:47:82:0E:C6,ALL,udp:39896,8.8.8.8*,2,176,1,74,1,102
D4:F5:47:82:0E:C6,ALL,udp:57298,192.168.3.117*,2,164,1,90,1,74
D4:F5:47:82:0E:C6,ALL,udp:57298,8.8.8.8*,2,164,1,74,1,90
D4:F5:47:82:0E:C6,ALL,udp:38887,192.168.3.117*,2,176,1,102,1,74
D4:F5:47:82:0E:C6,ALL,udp:38887,8.8.8.8*,2,176,1,74,1,102
D4:F5:47:82:0E:C6,ALL,udp:34586,192.168.3.117*,2,156,1,86,1,70
D4:F5:47:82:0E:C6,ALL,udp:34586,8.8.8.8*,2,156,1,70,1,86
D4:F5:47:82:0E:C6,ALL,udp:55533,192.168.3.117*,2,213,1,126,1,87
D4:F5:47:82:0E:C6,ALL,udp:55533,8.8.8.8*,2,213,1,87,1,126
D4:F5:47:82:0E:C6,ALL,udp:52829,192.168.3.117*,2,213,1,126,1,87
D4:F5:47:82:0E:C6,ALL,udp:52829,8.8.8.8*,2,213,1,87,1,126
D4:F5:47:82:0E:C6,ALL,udp:55176,192.168.3.117*,2,213,1,126,1,87
D4:F5:47:82:0E:C6,ALL,udp:55176,8.8.8.8*,2,213,1,87,1,126
D4:F5:47:82:0E:C6,ALL,udp:45685,192.168.3.117*,2,213,1,126,1,87
D4:F5:47:82:0E:C6,ALL,udp:45685,8.8.8.8*,2,213,1,87,1,126
D4:F5:47:82:0E:C6,ALL,udp:56795,192.168.3.117*,2,164,1,90,1,74
D4:F5:47:82:0E:C6,ALL,udp:56795,8.8.8.8*,2,164,1,74,1,90
D4:F5:47:82:0E:C6,ALL,udp:52519,192.168.3.117*,2,176,1,102,1,74
D4:F5:47:82:0E:C6,ALL,udp:52519,8.8.8.8*,2,176,1,74,1,102
D4:F5:47:82:0E:C6,ALL,udp:32789,192.168.3.117*,2,164,1,90,1,74
D4:F5:47:82:0E:C6,ALL,udp:32789,8.8.8.8*,2,164,1,74,1,90
D4:F5:47:82:0E:C6,ALL,udp:36053,192.168.3.117*,2,176,1,102,1,74
D4:F5:47:82:0E:C6,ALL,udp:36053,8.8.8.8*,2,176,1,74,1,102
D4:F5:47:82:0E:C6,ALL,udp:57922,192.168.3.117*,2,176,1,102,1,74
D4:F5:47:82:0E:C6,ALL,udp:57922,8.8.8.8*,2,176,1,74,1,102
D4:F5:47:82:0E:C6,ALL,udp:37317,192.168.3.117*,2,164,1,90,1,74
D4:F5:47:82:0E:C6,ALL,udp:37317,8.8.8.8*,2,164,1,74,1,90
D4:F5:47:82:0E:C6,ALL,udp:40221,192.168.3.117*,2,164,1,90,1,74
D4:F5:47:82:0E:C6,ALL,udp:40221,8.8.8.8*,2,164,1,74,1,90
D4:F5:47:82:0E:C6,ALL,udp:51198,192.168.3.117*,2,176,1,102,1,74
D4:F5:47:82:0E:C6,ALL,udp:51198,8.8.8.8*,2,176,1,74,1,102
D4:F5:47:82:0E:C6,ALL,udp:60815,192.168.3.117*,2,176,1,102,1,74
D4:F5:47:82:0E:C6,ALL,udp:60815,8.8.8.8*,2,176,1,74,1,102
D4:F5:47:82:0E:C6,ALL,udp:55332,192.168.3.117*,2,194,1,105,1,89
D4:F5:47:82:0E:C6,ALL,udp:55332,8.8.8.8*,2,194,1,89,1,105
D4:F5:47:82:0E:C6,ALL,udp:45526,192.168.3.117*,2,164,1,90,1,74
D4:F5:47:82:0E:C6,ALL,udp:45526,8.8.8.8*,2,164,1,74,1,90
D4:F5:47:82:0E:C6,ALL,udp:59042,192.168.3.117*,2,176,1,102,1,74
D4:F5:47:82:0E:C6,ALL,udp:59042,8.8.8.8*,2,176,1,74,1,102
D4:F5:47:82:0E:C6,ALL,udp:34839,192.168.3.117*,2,164,1,90,1,74
D4:F5:47:82:0E:C6,ALL,udp:34839,8.8.8.8*,2,164,1,74,1,90
D4:F5:47:82:0E:C6,ALL,udp:48047,192.168.3.117*,2,164,1,90,1,74
D4:F5:47:82:0E:C6,ALL,udp:48047,8.8.8.8*,2,164,1,74,1,90
D4:F5:47:82:0E:C6,ALL,udp:40183,192.168.3.117*,2,164,1,90,1,74
D4:F5:47:82:0E:C6,ALL,udp:40183,8.8.8.8*,2,164,1,74,1,90
D4:F5:47:82:0E:C6,ALL,udp:41751,192.168.3.117*,2,176,1,102,1,74
D4:F5:47:82:0E:C6,ALL,udp:41751,8.8.8.8*,2,176,1,74,1,102
D4:F5:47:82:0E:C6,ALL,udp:33643,192.168.3.117*,2,164,1,90,1,74
D4:F5:47:82:0E:C6,ALL,udp:33643,8.8.8.8*,2,164,1,74,1,90
D4:F5:47:82:0E:C6,ALL,udp:35194,192.168.3.117*,2,176,1,102,1,74
D4:F5:47:82:0E:C6,ALL,udp:35194,8.8.8.8*,2,176,1,74,1,102
D4:F5:47:82:0E:C6,ALL,udp:57903,192.168.3.117*,2,176,1,102,1,74
D4:F5:47:82:0E:C6,ALL,udp:57903,8.8.8.8*,2,176,1,74,1,102
D4:F5:47:82:0E:C6,ALL,udp:54573,192.168.3.117*,2,164,1,90,1,74
D4:F5:47:82:0E:C6,ALL,udp:54573,8.8.8.8*,2,164,1,74,1,90
D4:F5:47:82:0E:C6,ALL,udp:56426,192.168.3.117*,2,176,1,102,1,74
D4:F5:47:82:0E:C6,ALL,udp:56426,8.8.8.8*,2,176,1,74,1,102
D4:F5:47:82:0E:C6,ALL,udp:43446,192.168.3.117*,2,164,1,90,1,74
D4:F5:47:82:0E:C6,ALL,udp:43446,8.8.8.8*,2,164,1,74,1,90
D4:F5:47:82:0E:C6,ALL,udp:34166,192.168.3.117*,2,164,1,90,1,74
D4:F5:47:82:0E:C6,ALL,udp:34166,8.8.8.8*,2,164,1,74,1,90
D4:F5:47:82:0E:C6,ALL,udp:47068,192.168.3.117*,2,176,1,102,1,74
D4:F5:47:82:0E:C6,ALL,udp:47068,8.8.8.8*,2,176,1,74,1,102
D4:F5:47:82:0E:C6,ALL,udp:50197,192.168.3.117*,2,164,1,90,1,74
D4:F5:47:82:0E:C6,ALL,udp:50197,8.8.8.8*,2,164,1,74,1,90
D4:F5:47:82:0E:C6,ALL,udp:35360,192.168.3.117*,2,198,1,119,1,79
D4:F5:47:82:0E:C6,ALL,udp:35360,8.8.8.8*,2,198,1,79,1,119
D4:F5:47:82:0E:C6,ALL,udp:55302,192.168.3.117*,2,164,1,90,1,74
D4:F5:47:82:0E:C6,ALL,udp:55302,8.8.8.8*,2,164,1,74,1,90
D4:F5:47:82:0E:C6,ALL,udp:59467,216.239.35.4,2,180,1,90,1,90
D4:F5:47:82:0E:C6,ALL,udp:59467,8.8.8.8,2,164,1,74,1,90
D4:F5:47:82:0E:C6,ALL,udp:47840,192.168.3.117*,2,176,1,102,1,74
D4:F5:47:82:0E:C6,ALL,udp:47840,8.8.8.8*,2,176,1,74,1,102
D4:F5:47:82:0E:C6,ALL,udp:44275,192.168.3.117*,2,164,1,90,1,74
D4:F5:47:82:0E:C6,ALL,udp:44275,8.8.8.8*,2,164,1,74,1,90
D4:F5:47:82:0E:C6,ALL,udp:57857,192.168.3.117*,2,176,1,102,1,74
D4:F5:47:82:0E:C6,ALL,udp:57857,8.8.8.8*,2,176,1,74,1,102
D4:F5:47:82:0E:C6,ALL,udp:59357,192.168.3.117*,2,164,1,90,1,74
D4:F5:47:82:0E:C6,ALL,udp:59357,8.8.8.8*,2,164,1,74,1,90
D4:F5:47:82:0E:C6,ALL,udp:50783,216.239.35.8,2,180,1,90,1,90
D4:F5:47:82:0E:C6,ALL,udp:50783,8.8.8.8,2,176,1,74,1,102
D4:F5:47:82:0E:C6,ALL,udp:48868,192.168.3.117*,2,176,1,102,1,74
D4:F5:47:82:0E:C6,ALL,udp:48868,8.8.8.8*,2,176,1,74,1,102
D4:F5:47:82:0E:C6,ALL,udp:55527,192.168.3.117*,2,164,1,90,1,74
D4:F5:47:82:0E:C6,ALL,udp:55527,8.8.8.8*,2,164,1,74,1,90
D4:F5:47:82:0E:C6,ALL,udp:43196,192.168.3.117*,2,176,1,102,1,74
D4:F5:47:82:0E:C6,ALL,udp:43196,8.8.8.8*,2,176,1,74,1,102
D4:F5:47:82:0E:C6,ALL,udp:37086,192.168.3.117*,2,176,1,102,1,74
D4:F5:47:82:0E:C6,ALL,udp:37086,8.8.8.8*,2,176,1,74,1,102
D4:F5:47:82:0E:C6,ALL,udp:33961,192.168.3.117*,2,164,1,90,1,74
D4:F5:47:82:0E:C6,ALL,udp:33961,8.8.8.8*,2,164,1,74,1,90
D4:F5:47:82:0E:C6,ALL,udp:59418,192.168.3.117*,2,176,1,102,1,74
D4:F5:47:82:0E:C6,ALL,udp:59418,8.8.8.8*,2,176,1,74,1,102
D4:F5:47:82:0E:C6,ALL,udp:54658,192.168.3.117*,2,164,1,90,1,74
D4:F5:47:82:0E:C6,ALL,udp:54658,8.8.8.8*,2,164,1,74,1,90
D4:F5:47:82:0E:C6,ALL,udp:36178,192.168.3.117*,2,164,1,90,1,74
D4:F5:47:82:0E:C6,ALL,udp:36178,8.8.8.8*,2,164,1,74,1,90
D4:F5:47:82:0E:C6,ALL,udp:36166,192.168.3.117*,2,176,1,102,1,74
D4:F5:47:82:0E:C6,ALL,udp:36166,8.8.8.8*,2,176,1,74,1,102
D4:F5:47:82:0E:C6,ALL,udp:41404,192.168.3.117*,2,164,1,90,1,74
D4:F5:47:82:0E:C6,ALL,udp:41404,8.8.8.8*,2,164,1,74,1,90
D4:F5:47:82:0E:C6,ALL,udp:42673,192.168.3.117*,2,176,1,102,1,74
D4:F5:47:82:0E:C6,ALL,udp:42673,8.8.8.8*,2,176,1,74,1,102
D4:F5:47:82:0E:C6,ALL,udp:50676,192.168.3.117*,2,176,1,102,1,74
D4:F5:47:82:0E:C6,ALL,udp:50676,8.8.8.8*,2,176,1,74,1,102
D4:F5:47:82:0E:C6,ALL,udp:59096,192.168.3.117*,2,176,1,102,1,74
D4:F5:47:82:0E:C6,ALL,udp:59096,8.8.8.8*,2,176,1,74,1,102
D4:F5:47:82:0E:C6,ALL,udp:42336,192.168.3.117*,2,176,1,102,1,74
D4:F5:47:82:0E:C6,ALL,udp:42336,8.8.8.8*,2,176,1,74,1,102
D4:F5:47:82:0E:C6,ALL,udp:60767,192.168.3.117*,2,176,1,102,1,74
D4:F5:47:82:0E:C6,ALL,udp:60767,8.8.8.8*,2,176,1,74,1,102
D4:F5:47:82:0E:C6,ALL,udp:51595,192.168.3.117*,2,164,1,90,1,74
D4:F5:47:82:0E:C6,ALL,udp:51595,8.8.8.8*,2,164,1,74,1,90
D4:F5:47:82:0E:C6,ALL,udp:54278,192.168.3.117*,2,176,1,102,1,74
D4:F5:47:82:0E:C6,ALL,udp:54278,8.8.8.8*,2,176,1,74,1,102
D4:F5:47:82:0E:C6,ALL,udp:39110,192.168.3.117*,2,164,1,90,1,74
D4:F5:47:82:0E:C6,ALL,udp:39110,8.8.8.8*,2,164,1,74,1,90
D4:F5:47:82:0E:C6,ALL,udp:60291,192.168.3.117*,2,164,1,90,1,74
D4:F5:47:82:0E:C6,ALL,udp:60291,8.8.8.8*,2,164,1,74,1,90
D4:F5:47:82:0E:C6,ALL,udp:40575,192.168.3.117*,2,164,1,90,1,74
D4:F5:47:82:0E:C6,ALL,udp:40575,8.8.8.8*,2,164,1,74,1,90
D4:F5:47:82:0E:C6,ALL,udp:54749,192.168.3.117*,2,164,1,90,1,74
D4:F5:47:82:0E:C6,ALL,udp:54749,8.8.8.8*,2,164,1,74,1,90
D4:F5:47:82:0E:C6,ALL,udp:53669,192.168.3.117*,2,198,1,119,1,79
D4:F5:47:82:0E:C6,ALL,udp:53669,8.8.8.8*,2,198,1,79,1,119
D4:F5:47:82:0E:C6,ALL,udp:35147,192.168.3.117*,2,164,1,90,1,74
D4:F5:47:82:0E:C6,ALL,udp:35147,8.8.8.8*,2,164,1,74,1,90
D4:F5:47:82:0E:C6,ALL,udp:45741,192.168.3.117*,2,176,1,102,1,74
D4:F5:47:82:0E:C6,ALL,udp:45741,8.8.8.8*,2,176,1,74,1,102
D4:F5:47:82:0E:C6,ALL,udp:44766,192.168.3.117*,2,164,1,90,1,74
D4:F5:47:82:0E:C6,ALL,udp:44766,8.8.8.8*,2,164,1,74,1,90
D4:F5:47:82:0E:C6,ALL,udp:48704,192.168.3.117*,2,176,1,102,1,74
D4:F5:47:82:0E:C6,ALL,udp:48704,8.8.8.8*,2,176,1,74,1,102
D4:F5:47:82:0E:C6,ALL,udp:47337,192.168.3.117*,2,164,1,90,1,74
D4:F5:47:82:0E:C6,ALL,udp:47337,8.8.8.8*,2,164,1,74,1,90
D4:F5:47:82:0E:C6,ALL,udp:52103,192.168.3.117*,2,176,1,102,1,74
D4:F5:47:82:0E:C6,ALL,udp:52103,8.8.8.8*,2,176,1,74,1,102
D4:F5:47:82:0E:C6,ALL,udp:41666,192.168.3.117*,2,164,1,90,1,74
D4:F5:47:82:0E:C6,ALL,udp:41666,8.8.8.8*,2,164,1,74,1,90
D4:F5:47:82:0E:C6,ALL,udp:56779,192.168.3.117*,2,176,1,102,1,74
D4:F5:47:82:0E:C6,ALL,udp:56779,8.8.8.8*,2,176,1,74,1,102
D4:F5:47:82:0E:C6,ALL,udp:47581,192.168.3.117*,2,176,1,102,1,74
D4:F5:47:82:0E:C6,ALL,udp:47581,8.8.8.8*,2,176,1,74,1,102
D4:F5:47:82:0E:C6,ALL,udp:34721,192.168.3.117*,2,198,1,119,1,79
D4:F5:47:82:0E:C6,ALL,udp:34721,8.8.8.8*,2,198,1,79,1,119
D4:F5:47:82:0E:C6,ALL,udp:35060,192.168.3.117*,2,164,1,90,1,74
D4:F5:47:82:0E:C6,ALL,udp:35060,8.8.8.8*,2,164,1,74,1,90
D4:F5:47:82:0E:C6,ALL,udp:53911,192.168.3.117*,2,164,1,90,1,74
D4:F5:47:82:0E:C6,ALL,udp:53911,8.8.8.8*,2,164,1,74,1,90
D4:F5:47:82:0E:C6,ALL,udp:40828,192.168.3.117*,2,176,1,102,1,74
D4:F5:47:82:0E:C6,ALL,udp:40828,8.8.8.8*,2,176,1,74,1,102
D4:F5:47:82:0E:C6,ALL,udp:48780,192.168.3.117*,2,164,1,90,1,74
D4:F5:47:82:0E:C6,ALL,udp:48780,8.8.8.8*,2,164,1,74,1,90
D4:F5:47:82:0E:C6,ALL,udp:46710,192.168.3.117*,2,176,1,102,1,74
D4:F5:47:82:0E:C6,ALL,udp:46710,8.8.8.8*,2,176,1,74,1,102
D4:F5:47:82:0E:C6,ALL,udp:57145,192.168.3.117*,2,164,1,90,1,74
D4:F5:47:82:0E:C6,ALL,udp:57145,8.8.8.8*,2,164,1,74,1,90
D4:F5:47:82:0E:C6,ALL,udp:54471,192.168.3.117*,2,176,1,102,1,74
D4:F5:47:82:0E:C6,ALL,udp:54471,8.8.8.8*,2,176,1,74,1,102
D4:F5:47:82:0E:C6,ALL,udp:53818,192.168.3.117*,2,164,1,90,1,74
D4:F5:47:82:0E:C6,ALL,udp:53818,8.8.8.8*,2,164,1,74,1,90
D4:F5:47:82:0E:C6,ALL,udp:52841,192.168.3.117*,2,164,1,90,1,74
D4:F5:47:82:0E:C6,ALL,udp:52841,8.8.8.8*,2,164,1,74,1,90
D4:F5:47:82:0E:C6,ALL,udp:41430,192.168.3.117*,2,176,1,102,1,74
D4:F5:47:82:0E:C6,ALL,udp:41430,8.8.8.8*,2,176,1,74,1,102
D4:F5:47:82:0E:C6,ALL,udp:37205,192.168.3.117*,2,164,1,90,1,74
D4:F5:47:82:0E:C6,ALL,udp:37205,8.8.8.8*,2,164,1,74,1,90
D4:F5:47:82:0E:C6,ALL,udp:36772,192.168.3.117*,2,164,1,90,1,74
D4:F5:47:82:0E:C6,ALL,udp:36772,8.8.8.8*,2,164,1,74,1,90
D4:F5:47:82:0E:C6,ALL,udp:36351,192.168.3.117*,2,176,1,102,1,74
D4:F5:47:82:0E:C6,ALL,udp:36351,8.8.8.8*,2,176,1,74,1,102
D4:F5:47:82:0E:C6,ALL,udp:41347,192.168.3.117*,2,164,1,90,1,74
D4:F5:47:82:0E:C6,ALL,udp:41347,8.8.8.8*,2,164,1,74,1,90
D4:F5:47:82:0E:C6,ALL,udp:37083,192.168.3.117*,2,176,1,102,1,74
D4:F5:47:82:0E:C6,ALL,udp:37083,8.8.8.8*,2,176,1,74,1,102
D4:F5:47:82:0E:C6,ALL,udp:52163,192.168.3.117*,2,176,1,102,1,74
D4:F5:47:82:0E:C6,ALL,udp:52163,8.8.8.8*,2,176,1,74,1,102
D4:F5:47:82:0E:C6,ALL,udp:51964,192.168.3.117*,2,176,1,102,1,74
D4:F5:47:82:0E:C6,ALL,udp:51964,8.8.8.8*,2,176,1,74,1,102
D4:F5:47:82:0E:C6,ALL,udp:35281,192.168.3.117*,2,164,1,90,1,74
D4:F5:47:82:0E:C6,ALL,udp:35281,8.8.8.8*,2,164,1,74,1,90
D4:F5:47:82:0E:C6,ALL,udp:50987,192.168.3.117*,2,176,1,102,1,74
D4:F5:47:82:0E:C6,ALL,udp:50987,8.8.8.8*,2,176,1,74,1,102
D4:F5:47:82:0E:C6,ALL,udp:40163,192.168.3.117*,2,164,1,90,1,74
D4:F5:47:82:0E:C6,ALL,udp:40163,8.8.8.8*,2,164,1,74,1,90
D4:F5:47:82:0E:C6,ALL,udp:37412,192.168.3.117*,2,164,1,90,1,74
D4:F5:47:82:0E:C6,ALL,udp:37412,8.8.8.8*,2,164,1,74,1,90
D4:F5:47:82:0E:C6,ALL,udp:37470,192.168.3.117*,2,176,1,102,1,74
D4:F5:47:82:0E:C6,ALL,udp:37470,8.8.8.8*,2,176,1,74,1,102
D4:F5:47:82:0E:C6,ALL,udp:52496,192.168.3.117*,2,164,1,90,1,74
D4:F5:47:82:0E:C6,ALL,udp:52496,8.8.8.8*,2,164,1,74,1,90
D4:F5:47:82:0E:C6,ALL,udp:43492,192.168.3.117*,2,194,1,105,1,89
D4:F5:47:82:0E:C6,ALL,udp:43492,8.8.8.8*,2,194,1,89,1,105
D4:F5:47:82:0E:C6,ALL,udp:50318,192.168.3.117*,2,164,1,90,1,74
D4:F5:47:82:0E:C6,ALL,udp:50318,8.8.8.8*,2,164,1,74,1,90
D4:F5:47:82:0E:C6,ALL,udp:46050,192.168.3.117*,2,176,1,102,1,74
D4:F5:47:82:0E:C6,ALL,udp:46050,8.8.8.8*,2,176,1,74,1,102
D4:F5:47:82:0E:C6,ALL,udp:56009,192.168.3.117*,2,164,1,90,1,74
D4:F5:47:82:0E:C6,ALL,udp:56009,8.8.8.8*,2,164,1,74,1,90
D4:F5:47:82:0E:C6,ALL,udp:43039,192.168.3.117*,2,176,1,102,1,74
D4:F5:47:82:0E:C6,ALL,udp:43039,8.8.8.8*,2,176,1,74,1,102
D4:F5:47:82:0E:C6,ALL,udp:59297,192.168.3.117*,2,164,1,90,1,74
D4:F5:47:82:0E:C6,ALL,udp:59297,8.8.8.8*,2,164,1,74,1,90
D4:F5:47:82:0E:C6,ALL,udp:41036,192.168.3.117*,2,164,1,90,1,74
D4:F5:47:82:0E:C6,ALL,udp:41036,8.8.8.8*,2,164,1,74,1,90
D4:F5:47:82:0E:C6,ALL,udp:57946,192.168.3.117*,2,176,1,102,1,74
D4:F5:47:82:0E:C6,ALL,udp:57946,8.8.8.8*,2,176,1,74,1,102
D4:F5:47:82:0E:C6,ALL,udp:40847,192.168.3.117*,2,164,1,90,1,74
D4:F5:47:82:0E:C6,ALL,udp:40847,8.8.8.8*,2,164,1,74,1,90
D4:F5:47:82:0E:C6,ALL,udp:55824,192.168.3.117*,2,176,1,102,1,74
D4:F5:47:82:0E:C6,ALL,udp:55824,8.8.8.8*,2,176,1,74,1,102
D4:F5:47:82:0E:C6,ALL,udp:51547,192.168.3.117*,2,164,1,90,1,74
D4:F5:47:82:0E:C6,ALL,udp:51547,8.8.8.8*,2,164,1,74,1,90
D4:F5:47:82:0E:C6,ALL,udp:33301,192.168.3.117*,2,176,1,102,1,74
D4:F5:47:82:0E:C6,ALL,udp:33301,8.8.8.8*,2,176,1,74,1,102
D4:F5:47:82:0E:C6,ALL,udp:52980,192.168.3.117*,2,164,1,90,1,74
D4:F5:47:82:0E:C6,ALL,udp:52980,8.8.8.8*,2,164,1,74,1,90
D4:F5:47:82:0E:C6,ALL,udp:56724,192.168.3.117*,2,164,1,90,1,74
D4:F5:47:82:0E:C6,ALL,udp:56724,8.8.8.8*,2,164,1,74,1,90
D4:F5:47:82:0E:C6,ALL,udp:55650,192.168.3.117*,2,176,1,102,1,74
D4:F5:47:82:0E:C6,ALL,udp:55650,8.8.8.8*,2,176,1,74,1,102
D4:F5:47:82:0E:C6,ALL,udp:33403,192.168.3.117*,2,176,1,102,1,74
D4:F5:47:82:0E:C6,ALL,udp:33403,8.8.8.8*,2,176,1,74,1,102
D4:F5:47:82:0E:C6,ALL,udp:43459,192.168.3.117*,2,164,1,90,1,74
D4:F5:47:82:0E:C6,ALL,udp:43459,8.8.8.8*,2,164,1,74,1,90
D4:F5:47:82:0E:C6,ALL,udp:48729,192.168.3.117*,2,176,1,102,1,74
D4:F5:47:82:0E:C6,ALL,udp:48729,8.8.8.8*,2,176,1,74,1,102
D4:F5:47:82:0E:C6,ALL,udp:33511,192.168.3.117*,2,164,1,90,1,74
D4:F5:47:82:0E:C6,ALL,udp:33511,8.8.8.8*,2,164,1,74,1,90
D4:F5:47:82:0E:C6,ALL,udp:51733,192.168.3.117*,2,176,1,102,1,74
D4:F5:47:82:0E:C6,ALL,udp:51733,8.8.8.8*,2,176,1,74,1,102
D4:F5:47:82:0E:C6,ALL,udp:49080,192.168.3.117*,2,176,1,102,1,74
D4:F5:47:82:0E:C6,ALL,udp:49080,8.8.8.8*,2,176,1,74,1,102
D4:F5:47:82:0E:C6,ALL,udp:41931,192.168.3.117*,2,164,1,90,1,74
D4:F5:47:82:0E:C6,ALL,udp:41931,8.8.8.8*,2,164,1,74,1,90
D4:F5:47:82:0E:C6,ALL,udp:38426,192.168.3.117*,2,176,1,102,1,74
D4:F5:47:82:0E:C6,ALL,udp:38426,8.8.8.8*,2,176,1,74,1,102
D4:F5:47:82:0E:C6,ALL,udp:35887,192.168.3.117*,2,176,1,102,1,74
D4:F5:47:82:0E:C6,ALL,udp:35887,8.8.8.8*,2,176,1,74,1,102
D4:F5:47:82:0E:C6,ALL,udp:55917,192.168.3.117*,2,198,1,119,1,79
D4:F5:47:82:0E:C6,ALL,udp:55917,8.8.8.8*,2,198,1,79,1,119
D4:F5:47:82:0E:C6,ALL,udp:50853,192.168.3.117*,2,164,1,90,1,74
D4:F5:47:82:0E:C6,ALL,udp:50853,8.8.8.8*,2,164,1,74,1,90
D4:F5:47:82:0E:C6,ALL,udp:42476,192.168.3.117*,2,176,1,102,1,74
D4:F5:47:82:0E:C6,ALL,udp:42476,8.8.8.8*,2,176,1,74,1,102
D4:F5:47:82:0E:C6,ALL,udp:47195,192.168.3.117*,2,176,1,102,1,74
D4:F5:47:82:0E:C6,ALL,udp:47195,8.8.8.8*,2,176,1,74,1,102
D4:F5:47:82:0E:C6,ALL,udp:51404,192.168.3.117*,2,164,1,90,1,74
D4:F5:47:82:0E:C6,ALL,udp:51404,8.8.8.8*,2,164,1,74,1,90
D4:F5:47:82:0E:C6,ALL,udp:60305,192.168.3.117*,2,164,1,90,1,74
D4:F5:47:82:0E:C6,ALL,udp:60305,8.8.8.8*,2,164,1,74,1,90
D4:F5:47:82:0E:C6,ALL,udp:43853,192.168.3.117*,2,176,1,102,1,74
D4:F5:47:82:0E:C6,ALL,udp:43853,8.8.8.8*,2,176,1,74,1,102
D4:F5:47:82:0E:C6,ALL,udp:42671,192.168.3.117*,2,164,1,90,1,74
D4:F5:47:82:0E:C6,ALL,udp:42671,8.8.8.8*,2,164,1,74,1,90
D4:F5:47:82:0E:C6,ALL,udp:33303,192.168.3.117*,2,164,1,90,1,74
D4:F5:47:82:0E:C6,ALL,udp:33303,8.8.8.8*,2,164,1,74,1,90
D4:F5:47:82:0E:C6,ALL,udp:40975,192.168.3.117*,2,176,1,102,1,74
D4:F5:47:82:0E:C6,ALL,udp:40975,8.8.8.8*,2,176,1,74,1,102
D4:F5:47:82:0E:C6,ALL,udp:34777,192.168.3.117*,2,164,1,90,1,74
D4:F5:47:82:0E:C6,ALL,udp:34777,8.8.8.8*,2,164,1,74,1,90
D4:F5:47:82:0E:C6,ALL,udp:56782,192.168.3.117*,2,176,1,102,1,74
D4:F5:47:82:0E:C6,ALL,udp:56782,8.8.8.8*,2,176,1,74,1,102
D4:F5:47:82:0E:C6,ALL,udp:52457,192.168.3.117*,2,164,1,90,1,74
D4:F5:47:82:0E:C6,ALL,udp:52457,8.8.8.8*,2,164,1,74,1,90
D4:F5:47:82:0E:C6,ALL,udp:55365,192.168.3.117*,2,176,1,102,1,74
D4:F5:47:82:0E:C6,ALL,udp:55365,8.8.8.8*,2,176,1,74,1,102
D4:F5:47:82:0E:C6,ALL,udp:43176,192.168.3.117*,2,164,1,90,1,74
D4:F5:47:82:0E:C6,ALL,udp:43176,8.8.8.8*,2,164,1,74,1,90
D4:F5:47:82:0E:C6,ALL,udp:60179,192.168.3.117*,2,164,1,90,1,74
D4:F5:47:82:0E:C6,ALL,udp:60179,8.8.8.8*,2,164,1,74,1,90
D4:F5:47:82:0E:C6,ALL,udp:57546,192.168.3.117*,2,176,1,102,1,74
D4:F5:47:82:0E:C6,ALL,udp:57546,8.8.8.8*,2,176,1,74,1,102
D4:F5:47:82:0E:C6,ALL,udp:51426,192.168.3.117*,2,164,1,90,1,74
D4:F5:47:82:0E:C6,ALL,udp:51426,8.8.8.8*,2,164,1,74,1,90
D4:F5:47:82:0E:C6,ALL,udp:50949,192.168.3.117*,2,176,1,102,1,74
D4:F5:47:82:0E:C6,ALL,udp:50949,8.8.8.8*,2,176,1,74,1,102
D4:F5:47:82:0E:C6,ALL,udp:60130,192.168.3.117*,2,164,1,90,1,74
D4:F5:47:82:0E:C6,ALL,udp:60130,8.8.8.8*,2,164,1,74,1,90
D4:F5:47:82:0E:C6,ALL,udp:50447,192.168.3.117*,2,176,1,102,1,74
D4:F5:47:82:0E:C6,ALL,udp:50447,8.8.8.8*,2,176,1,74,1,102
D4:F5:47:82:0E:C6,ALL,udp:49062,192.168.3.117*,2,164,1,90,1,74
D4:F5:47:82:0E:C6,ALL,udp:49062,8.8.8.8*,2,164,1,74,1,90
D4:F5:47:82:0E:C6,ALL,udp:46862,192.168.3.117*,2,176,1,102,1,74
D4:F5:47:82:0E:C6,ALL,udp:46862,8.8.8.8*,2,176,1,74,1,102
D4:F5:47:82:0E:C6,ALL,udp:45136,192.168.3.117*,2,164,1,90,1,74
D4:F5:47:82:0E:C6,ALL,udp:45136,8.8.8.8*,2,164,1,74,1,90
D4:F5:47:82:0E:C6,ALL,udp:49121,192.168.3.117*,2,176,1,102,1,74
D4:F5:47:82:0E:C6,ALL,udp:49121,8.8.8.8*,2,176,1,74,1,102
D4:F5:47:82:0E:C6,ALL,udp:60288,192.168.3.117*,2,164,1,90,1,74
D4:F5:47:82:0E:C6,ALL,udp:60288,8.8.8.8*,2,164,1,74,1,90
D4:F5:47:82:0E:C6,ALL,udp:60598,192.168.3.117*,2,176,1,102,1,74
D4:F5:47:82:0E:C6,ALL,udp:60598,8.8.8.8*,2,176,1,74,1,102
D4:F5:47:82:0E:C6,ALL,udp:49271,192.168.3.117*,2,198,1,119,1,79
D4:F5:47:82:0E:C6,ALL,udp:49271,8.8.8.8*,2,198,1,79,1,119
D4:F5:47:82:0E:C6,ALL,udp:47227,192.168.3.117*,2,164,1,90,1,74
D4:F5:47:82:0E:C6,ALL,udp:47227,8.8.8.8*,2,164,1,74,1,90
D4:F5:47:82:0E:C6,ALL,udp:57345,192.168.3.117*,2,176,1,102,1,74
D4:F5:47:82:0E:C6,ALL,udp:57345,8.8.8.8*,2,176,1,74,1,102
D4:F5:47:82:0E:C6,ALL,udp:44970,192.168.3.117*,2,176,1,102,1,74
D4:F5:47:82:0E:C6,ALL,udp:44970,8.8.8.8*,2,176,1,74,1,102
D4:F5:47:82:0E:C6,ALL,udp:49432,192.168.3.117*,2,164,1,90,1,74
D4:F5:47:82:0E:C6,ALL,udp:49432,8.8.8.8*,2,164,1,74,1,90
D4:F5:47:82:0E:C6,ALL,udp:57578,216.239.35.12,2,180,1,90,1,90
D4:F5:47:82:0E:C6,ALL,udp:57578,8.8.8.8,2,164,1,74,1,90
D4:F5:47:82:0E:C6,ALL,udp:37524,192.168.3.117*,2,176,1,102,1,74
D4:F5:47:82:0E:C6,ALL,udp:37524,8.8.8.8*,2,176,1,74,1,102
D4:F5:47:82:0E:C6,ALL,udp:49483,192.168.3.117*,2,176,1,102,1,74
D4:F5:47:82:0E:C6,ALL,udp:49483,8.8.8.8*,2,176,1,74,1,102
D4:F5:47:82:0E:C6,ALL,udp:34810,192.168.3.117*,2,176,1,102,1,74
D4:F5:47:82:0E:C6,ALL,udp:34810,8.8.8.8*,2,176,1,74,1,102
D4:F5:47:82:0E:C6,ALL,udp:53540,192.168.3.117*,2,164,1,90,1,74
D4:F5:47:82:0E:C6,ALL,udp:53540,8.8.8.8*,2,164,1,74,1,90
D4:F5:47:82:0E:C6,ALL,udp:59558,192.168.3.117*,2,176,1,102,1,74
D4:F5:47:82:0E:C6,ALL,udp:59558,8.8.8.8*,2,176,1,74,1,102
D4:F5:47:82:0E:C6,ALL,udp:41818,192.168.3.117*,2,164,1,90,1,74
D4:F5:47:82:0E:C6,ALL,udp:41818,8.8.8.8*,2,164,1,74,1,90
D4:F5:47:82:0E:C6,ALL,udp:52128,192.168.3.117*,2,176,1,102,1,74
D4:F5:47:82:0E:C6,ALL,udp:52128,8.8.8.8*,2,176,1,74,1,102
D4:F5:47:82:0E:C6,ALL,udp:42958,192.168.3.117*,2,176,1,102,1,74
D4:F5:47:82:0E:C6,ALL,udp:42958,8.8.8.8*,2,176,1,74,1,102
D4:F5:47:82:0E:C6,ALL,udp:49754,192.168.3.117*,2,164,1,90,1,74
D4:F5:47:82:0E:C6,ALL,udp:49754,8.8.8.8*,2,164,1,74,1,90
D4:F5:47:82:0E:C6,ALL,udp:54582,192.168.3.117*,2,164,1,90,1,74
D4:F5:47:82:0E:C6,ALL,udp:54582,8.8.8.8*,2,164,1,74,1,90
D4:F5:47:82:0E:C6,ALL,udp:55997,192.168.3.117*,2,176,1,102,1,74
D4:F5:47:82:0E:C6,ALL,udp:55997,8.8.8.8*,2,176,1,74,1,102
D4:F5:47:82:0E:C6,ALL,udp:50332,192.168.3.117*,2,164,1,90,1,74
D4:F5:47:82:0E:C6,ALL,udp:50332,8.8.8.8*,2,164,1,74,1,90
D4:F5:47:82:0E:C6,ALL,udp:58417,192.168.3.117*,2,176,1,102,1,74
D4:F5:47:82:0E:C6,ALL,udp:58417,8.8.8.8*,2,176,1,74,1,102
D4:F5:47:82:0E:C6,ALL,udp:36387,192.168.3.117*,2,164,1,90,1,74
D4:F5:47:82:0E:C6,ALL,udp:36387,8.8.8.8*,2,164,1,74,1,90
D4:F5:47:82:0E:C6,ALL,udp:58753,192.168.3.117*,2,176,1,102,1,74
D4:F5:47:82:0E:C6,ALL,udp:58753,8.8.8.8*,2,176,1,74,1,102
D4:F5:47:82:0E:C6,ALL,udp:59785,192.168.3.117*,2,164,1,90,1,74
D4:F5:47:82:0E:C6,ALL,udp:59785,8.8.8.8*,2,164,1,74,1,90
D4:F5:47:82:0E:C6,ALL,udp:56164,192.168.3.117*,2,176,1,102,1,74
D4:F5:47:82:0E:C6,ALL,udp:56164,8.8.8.8*,2,176,1,74,1,102
D4:F5:47:82:0E:C6,ALL,udp:44743,192.168.3.117*,2,164,1,90,1,74
D4:F5:47:82:0E:C6,ALL,udp:44743,8.8.8.8*,2,164,1,74,1,90
D4:F5:47:82:0E:C6,ALL,udp:51626,192.168.3.117*,2,164,1,90,1,74
D4:F5:47:82:0E:C6,ALL,udp:51626,8.8.8.8*,2,164,1,74,1,90
D4:F5:47:82:0E:C6,ALL,udp:55469,192.168.3.117*,2,176,1,102,1,74
D4:F5:47:82:0E:C6,ALL,udp:55469,8.8.8.8*,2,176,1,74,1,102
D4:F5:47:82:0E:C6,ALL,udp:42254,192.168.3.117*,2,164,1,90,1,74
D4:F5:47:82:0E:C6,ALL,udp:42254,8.8.8.8*,2,164,1,74,1,90
D4:F5:47:82:0E:C6,ALL,udp:35207,192.168.3.117*,2,176,1,102,1,74
D4:F5:47:82:0E:C6,ALL,udp:35207,8.8.8.8*,2,176,1,74,1,102
D4:F5:47:82:0E:C6,ALL,udp:60125,192.168.3.117*,2,164,1,90,1,74
D4:F5:47:82:0E:C6,ALL,udp:60125,8.8.8.8*,2,164,1,74,1,90
D4:F5:47:82:0E:C6,ALL,udp:35144,192.168.3.117*,2,164,1,90,1,74
D4:F5:47:82:0E:C6,ALL,udp:35144,8.8.8.8*,2,164,1,74,1,90
D4:F5:47:82:0E:C6,ALL,udp:49462,192.168.3.117*,2,176,1,102,1,74
D4:F5:47:82:0E:C6,ALL,udp:49462,8.8.8.8*,2,176,1,74,1,102
D4:F5:47:82:0E:C6,ALL,udp:55990,192.168.3.117*,2,164,1,90,1,74
D4:F5:47:82:0E:C6,ALL,udp:55990,8.8.8.8*,2,164,1,74,1,90
D4:F5:47:82:0E:C6,ALL,udp:44021,192.168.3.117*,2,164,1,90,1,74
D4:F5:47:82:0E:C6,ALL,udp:44021,8.8.8.8*,2,164,1,74,1,90
D4:F5:47:82:0E:C6,ALL,udp:43889,192.168.3.117*,2,176,1,102,1,74
D4:F5:47:82:0E:C6,ALL,udp:43889,8.8.8.8*,2,176,1,74,1,102
D4:F5:47:82:0E:C6,ALL,udp:41956,192.168.3.117*,2,176,1,102,1,74
D4:F5:47:82:0E:C6,ALL,udp:41956,8.8.8.8*,2,176,1,74,1,102
D4:F5:47:82:0E:C6,ALL,udp:50433,192.168.3.117*,2,164,1,90,1,74
D4:F5:47:82:0E:C6,ALL,udp:50433,8.8.8.8*,2,164,1,74,1,90
D4:F5:47:82:0E:C6,ALL,udp:50262,192.168.3.117*,2,176,1,102,1,74
D4:F5:47:82:0E:C6,ALL,udp:50262,8.8.8.8*,2,176,1,74,1,102
D4:F5:47:82:0E:C6,ALL,udp:43421,192.168.3.117*,2,176,1,102,1,74
D4:F5:47:82:0E:C6,ALL,udp:43421,8.8.8.8*,2,176,1,74,1,102
D4:F5:47:82:0E:C6,ALL,udp:49612,192.168.3.117*,2,176,1,102,1,74
D4:F5:47:82:0E:C6,ALL,udp:49612,8.8.8.8*,2,176,1,74,1,102
D4:F5:47:82:0E:C6,ALL,udp:58767,192.168.3.117*,2,164,1,90,1,74
D4:F5:47:82:0E:C6,ALL,udp:58767,8.8.8.8*,2,164,1,74,1,90
D4:F5:47:82:0E:C6,ALL,udp:38965,192.168.3.117*,2,164,1,90,1,74
D4:F5:47:82:0E:C6,ALL,udp:38965,8.8.8.8*,2,164,1,74,1,90
D4:F5:47:82:0E:C6,ALL,udp:44538,216.239.35.4,2,180,1,90,1,90
D4:F5:47:82:0E:C6,ALL,udp:44538,8.8.8.8,2,164,1,74,1,90
D4:F5:47:82:0E:C6,ALL,udp:47126,192.168.3.117*,2,164,1,90,1,74
D4:F5:47:82:0E:C6,ALL,udp:47126,8.8.8.8*,2,164,1,74,1,90
D4:F5:47:82:0E:C6,ALL,udp:33527,192.168.3.117*,2,176,1,102,1,74
D4:F5:47:82:0E:C6,ALL,udp:33527,8.8.8.8*,2,176,1,74,1,102
D4:F5:47:82:0E:C6,ALL,udp:40809,192.168.3.117*,2,176,1,102,1,74
D4:F5:47:82:0E:C6,ALL,udp:40809,8.8.8.8*,2,176,1,74,1,102
D4:F5:47:82:0E:C6,ALL,udp:58002,192.168.3.117*,2,164,1,90,1,74
D4:F5:47:82:0E:C6,ALL,udp:58002,8.8.8.8*,2,164,1,74,1,90
D4:F5:47:82:0E:C6,ALL,udp:39102,192.168.3.117*,2,176,1,102,1,74
D4:F5:47:82:0E:C6,ALL,udp:39102,8.8.8.8*,2,176,1,74,1,102
D4:F5:47:82:0E:C6,ALL,udp:47139,192.168.3.117*,2,164,1,90,1,74
D4:F5:47:82:0E:C6,ALL,udp:47139,8.8.8.8*,2,164,1,74,1,90
D4:F5:47:82:0E:C6,ALL,udp:52640,192.168.3.117*,2,176,1,102,1,74
D4:F5:47:82:0E:C6,ALL,udp:52640,8.8.8.8*,2,176,1,74,1,102
D4:F5:47:82:0E:C6,ALL,udp:55345,192.168.3.117*,2,164,1,90,1,74
D4:F5:47:82:0E:C6,ALL,udp:55345,8.8.8.8*,2,164,1,74,1,90
D4:F5:47:82:0E:C6,ALL,udp:32958,192.168.3.117*,2,176,1,102,1,74
D4:F5:47:82:0E:C6,ALL,udp:32958,8.8.8.8*,2,176,1,74,1,102
D4:F5:47:82:0E:C6,ALL,udp:52944,192.168.3.117*,2,164,1,90,1,74
D4:F5:47:82:0E:C6,ALL,udp:52944,8.8.8.8*,2,164,1,74,1,90
D4:F5:47:82:0E:C6,ALL,udp:54035,192.168.3.117*,2,164,1,90,1,74
D4:F5:47:82:0E:C6,ALL,udp:54035,8.8.8.8*,2,164,1,74,1,90
D4:F5:47:82:0E:C6,ALL,udp:50370,192.168.3.117*,2,164,1,90,1,74
D4:F5:47:82:0E:C6,ALL,udp:50370,8.8.8.8*,2,164,1,74,1,90
D4:F5:47:82:0E:C6,ALL,udp:41038,192.168.3.117*,2,164,1,90,1,74
D4:F5:47:82:0E:C6,ALL,udp:41038,8.8.8.8*,2,164,1,74,1,90
D4:F5:47:82:0E:C6,ALL,udp:36004,192.168.3.117*,2,176,1,102,1,74
D4:F5:47:82:0E:C6,ALL,udp:36004,8.8.8.8*,2,176,1,74,1,102
D4:F5:47:82:0E:C6,ALL,udp:38274,192.168.3.117*,2,164,1,90,1,74
D4:F5:47:82:0E:C6,ALL,udp:38274,8.8.8.8*,2,164,1,74,1,90
D4:F5:47:82:0E:C6,ALL,udp:57640,172.217.165.142*,20,10868,12,7354,8,3514
D4:F5:47:82:0E:C6,ALL,udp:57640,8.8.8.8*,2,176,1,74,1,102
D4:F5:47:82:0E:C6,ALL,udp:56265,192.168.3.117*,2,176,1,102,1,74
D4:F5:47:82:0E:C6,ALL,udp:56265,8.8.8.8*,2,176,1,74,1,102
D4:F5:47:82:0E:C6,ALL,udp:56096,192.168.3.117*,2,164,1,90,1,74
D4:F5:47:82:0E:C6,ALL,udp:56096,8.8.8.8*,2,164,1,74,1,90
D4:F5:47:82:0E:C6,ALL,udp:42881,192.168.3.117*,2,176,1,102,1,74
D4:F5:47:82:0E:C6,ALL,udp:42881,8.8.8.8*,2,176,1,74,1,102
D4:F5:47:82:0E:C6,ALL,udp:39984,192.168.3.117*,2,176,1,102,1,74
D4:F5:47:82:0E:C6,ALL,udp:39984,8.8.8.8*,2,176,1,74,1,102
D4:F5:47:82:0E:C6,ALL,udp:43769,192.168.3.117*,2,164,1,90,1,74
D4:F5:47:82:0E:C6,ALL,udp:43769,8.8.8.8*,2,164,1,74,1,90
D4:F5:47:82:0E:C6,ALL,udp:39322,192.168.3.117*,2,176,1,102,1,74
D4:F5:47:82:0E:C6,ALL,udp:39322,8.8.8.8*,2,176,1,74,1,102
D4:F5:47:82:0E:C6,ALL,udp:52490,192.168.3.117*,2,198,1,119,1,79
D4:F5:47:82:0E:C6,ALL,udp:52490,8.8.8.8*,2,198,1,79,1,119
D4:F5:47:82:0E:C6,ALL,udp:57973,192.168.3.117*,2,176,1,102,1,74
D4:F5:47:82:0E:C6,ALL,udp:57973,8.8.8.8*,2,176,1,74,1,102
D4:F5:47:82:0E:C6,ALL,udp:45019,192.168.3.117*,2,176,1,102,1,74
D4:F5:47:82:0E:C6,ALL,udp:45019,8.8.8.8*,2,176,1,74,1,102
D4:F5:47:82:0E:C6,ALL,udp:58518,192.168.3.117*,2,164,1,90,1,74
D4:F5:47:82:0E:C6,ALL,udp:58518,8.8.8.8*,2,164,1,74,1,90
D4:F5:47:82:0E:C6,ALL,udp:47595,192.168.3.117*,2,176,1,102,1,74
D4:F5:47:82:0E:C6,ALL,udp:47595,8.8.8.8*,2,176,1,74,1,102
D4:F5:47:82:0E:C6,ALL,udp:58699,192.168.3.117*,2,176,1,102,1,74
D4:F5:47:82:0E:C6,ALL,udp:58699,8.8.8.8*,2,176,1,74,1,102
D4:F5:47:82:0E:C6,ALL,udp:48199,192.168.3.117*,2,164,1,90,1,74
D4:F5:47:82:0E:C6,ALL,udp:48199,8.8.8.8*,2,164,1,74,1,90
D4:F5:47:82:0E:C6,ALL,udp:39037,192.168.3.117*,2,164,1,90,1,74
D4:F5:47:82:0E:C6,ALL,udp:39037,8.8.8.8*,2,164,1,74,1,90
D4:F5:47:82:0E:C6,ALL,udp:51517,192.168.3.117*,2,164,1,90,1,74
D4:F5:47:82:0E:C6,ALL,udp:51517,8.8.8.8*,2,164,1,74,1,90
D4:F5:47:82:0E:C6,ALL,udp:54795,192.168.3.117*,2,176,1,102,1,74
D4:F5:47:82:0E:C6,ALL,udp:54795,8.8.8.8*,2,176,1,74,1,102
D4:F5:47:82:0E:C6,ALL,udp:37974,192.168.3.117*,2,176,1,102,1,74
D4:F5:47:82:0E:C6,ALL,udp:37974,8.8.8.8*,2,176,1,74,1,102
D4:F5:47:82:0E:C6,ALL,udp:49387,192.168.3.117*,2,164,1,90,1,74
D4:F5:47:82:0E:C6,ALL,udp:49387,8.8.8.8*,2,164,1,74,1,90
D4:F5:47:82:0E:C6,ALL,udp:57408,192.168.3.117*,2,176,1,102,1,74
D4:F5:47:82:0E:C6,ALL,udp:57408,8.8.8.8*,2,176,1,74,1,102
D4:F5:47:82:0E:C6,ALL,udp:58863,192.168.3.117*,2,164,1,90,1,74
D4:F5:47:82:0E:C6,ALL,udp:58863,8.8.8.8*,2,164,1,74,1,90
D4:F5:47:82:0E:C6,ALL,udp:48409,192.168.3.117*,2,164,1,90,1,74
D4:F5:47:82:0E:C6,ALL,udp:48409,8.8.8.8*,2,164,1,74,1,90
D4:F5:47:82:0E:C6,ALL,udp:51554,192.168.3.117*,2,164,1,90,1,74
D4:F5:47:82:0E:C6,ALL,udp:51554,8.8.8.8*,2,164,1,74,1,90
D4:F5:47:82:0E:C6,ALL,udp:53831,192.168.3.117*,2,164,1,90,1,74
D4:F5:47:82:0E:C6,ALL,udp:53831,8.8.8.8*,2,164,1,74,1,90
D4:F5:47:82:0E:C6,ALL,udp:55762,192.168.3.117*,2,176,1,102,1,74
D4:F5:47:82:0E:C6,ALL,udp:55762,8.8.8.8*,2,176,1,74,1,102
D4:F5:47:82:0E:C6,ALL,udp:34566,216.239.35.4,2,180,1,90,1,90
D4:F5:47:82:0E:C6,ALL,udp:34566,8.8.8.8,2,164,1,74,1,90
D4:F5:47:82:0E:C6,ALL,udp:46426,192.168.3.117*,2,176,1,102,1,74
D4:F5:47:82:0E:C6,ALL,udp:46426,8.8.8.8*,2,176,1,74,1,102
D4:F5:47:82:0E:C6,ALL,udp:54023,192.168.3.117*,2,176,1,102,1,74
D4:F5:47:82:0E:C6,ALL,udp:54023,8.8.8.8*,2,176,1,74,1,102
D4:F5:47:82:0E:C6,ALL,udp:38231,192.168.3.117*,2,164,1,90,1,74
D4:F5:47:82:0E:C6,ALL,udp:38231,8.8.8.8*,2,164,1,74,1,90
D4:F5:47:82:0E:C6,ALL,udp:51797,192.168.3.117*,2,176,1,102,1,74
D4:F5:47:82:0E:C6,ALL,udp:51797,8.8.8.8*,2,176,1,74,1,102
D4:F5:47:82:0E:C6,ALL,udp:34270,192.168.3.117*,2,164,1,90,1,74
D4:F5:47:82:0E:C6,ALL,udp:34270,8.8.8.8*,2,164,1,74,1,90
D4:F5:47:82:0E:C6,ALL,udp:39024,192.168.3.117*,2,176,1,102,1,74
D4:F5:47:82:0E:C6,ALL,udp:39024,8.8.8.8*,2,176,1,74,1,102
D4:F5:47:82:0E:C6,ALL,udp:46831,192.168.3.117*,2,164,1,90,1,74
D4:F5:47:82:0E:C6,ALL,udp:46831,8.8.8.8*,2,164,1,74,1,90
D4:F5:47:82:0E:C6,ALL,udp:41685,192.168.3.117*,2,176,1,102,1,74
D4:F5:47:82:0E:C6,ALL,udp:41685,8.8.8.8*,2,176,1,74,1,102
D4:F5:47:82:0E:C6,ALL,udp:36296,192.168.3.117*,2,176,1,102,1,74
D4:F5:47:82:0E:C6,ALL,udp:36296,8.8.8.8*,2,176,1,74,1,102
D4:F5:47:82:0E:C6,ALL,udp:35145,192.168.3.117*,2,164,1,90,1,74
D4:F5:47:82:0E:C6,ALL,udp:35145,8.8.8.8*,2,164,1,74,1,90
D4:F5:47:82:0E:C6,ALL,udp:50720,192.168.3.117*,2,176,1,102,1,74
D4:F5:47:82:0E:C6,ALL,udp:50720,8.8.8.8*,2,176,1,74,1,102
D4:F5:47:82:0E:C6,ALL,udp:32903,192.168.3.117*,2,164,1,90,1,74
D4:F5:47:82:0E:C6,ALL,udp:32903,8.8.8.8*,2,164,1,74,1,90
D4:F5:47:82:0E:C6,ALL,udp:58295,192.168.3.117*,2,164,1,90,1,74
D4:F5:47:82:0E:C6,ALL,udp:58295,8.8.8.8*,2,164,1,74,1,90
D4:F5:47:82:0E:C6,ALL,udp:57931,192.168.3.117*,2,176,1,102,1,74
D4:F5:47:82:0E:C6,ALL,udp:57931,8.8.8.8*,2,176,1,74,1,102
D4:F5:47:82:0E:C6,ALL,udp:49632,192.168.3.117*,2,164,1,90,1,74
D4:F5:47:82:0E:C6,ALL,udp:49632,8.8.8.8*,2,164,1,74,1,90
D4:F5:47:82:0E:C6,ALL,udp:43296,192.168.3.117*,2,164,1,90,1,74
D4:F5:47:82:0E:C6,ALL,udp:43296,8.8.8.8*,2,164,1,74,1,90
D4:F5:47:82:0E:C6,ALL,udp:36398,192.168.3.117*,2,176,1,102,1,74
D4:F5:47:82:0E:C6,ALL,udp:36398,8.8.8.8*,2,176,1,74,1,102
D4:F5:47:82:0E:C6,ALL,udp:38675,192.168.3.117*,2,194,1,105,1,89
D4:F5:47:82:0E:C6,ALL,udp:38675,8.8.8.8*,2,194,1,89,1,105
D4:F5:47:82:0E:C6,ALL,udp:56811,192.168.3.117*,2,164,1,90,1,74
D4:F5:47:82:0E:C6,ALL,udp:56811,8.8.8.8*,2,164,1,74,1,90
D4:F5:47:82:0E:C6,ALL,udp:55402,192.168.3.117*,2,176,1,102,1,74
D4:F5:47:82:0E:C6,ALL,udp:55402,8.8.8.8*,2,176,1,74,1,102
D4:F5:47:82:0E:C6,ALL,udp:59486,192.168.3.117*,2,164,1,90,1,74
D4:F5:47:82:0E:C6,ALL,udp:59486,8.8.8.8*,2,164,1,74,1,90
D4:F5:47:82:0E:C6,ALL,udp:33690,192.168.3.117*,2,176,1,102,1,74
D4:F5:47:82:0E:C6,ALL,udp:33690,8.8.8.8*,2,176,1,74,1,102
D4:F5:47:82:0E:C6,ALL,udp:46424,192.168.3.117*,2,164,1,90,1,74
D4:F5:47:82:0E:C6,ALL,udp:46424,8.8.8.8*,2,164,1,74,1,90
D4:F5:47:82:0E:C6,ALL,udp:48055,192.168.3.117*,2,164,1,90,1,74
D4:F5:47:82:0E:C6,ALL,udp:48055,8.8.8.8*,2,164,1,74,1,90
D4:F5:47:82:0E:C6,ALL,udp:55766,192.168.3.117*,2,176,1,102,1,74
D4:F5:47:82:0E:C6,ALL,udp:55766,8.8.8.8*,2,176,1,74,1,102
D4:F5:47:82:0E:C6,ALL,udp:38100,192.168.3.117*,2,176,1,102,1,74
D4:F5:47:82:0E:C6,ALL,udp:38100,8.8.8.8*,2,176,1,74,1,102
D4:F5:47:82:0E:C6,ALL,udp:41739,192.168.3.117*,2,164,1,90,1,74
D4:F5:47:82:0E:C6,ALL,udp:41739,8.8.8.8*,2,164,1,74,1,90
D4:F5:47:82:0E:C6,ALL,udp:54156,192.168.3.117*,2,176,1,102,1,74
D4:F5:47:82:0E:C6,ALL,udp:54156,8.8.8.8*,2,176,1,74,1,102
D4:F5:47:82:0E:C6,ALL,udp:43056,142.251.32.110*,23,12420,13,9201,10,3219
D4:F5:47:82:0E:C6,ALL,udp:43056,8.8.8.8*,2,176,1,74,1,102
D4:F5:47:82:0E:C6,ALL,udp:48667,192.168.3.117*,2,176,1,102,1,74
D4:F5:47:82:0E:C6,ALL,udp:48667,8.8.8.8*,2,176,1,74,1,102
D4:F5:47:82:0E:C6,ALL,udp:37078,192.168.3.117*,2,164,1,90,1,74
D4:F5:47:82:0E:C6,ALL,udp:37078,8.8.8.8*,2,164,1,74,1,90
D4:F5:47:82:0E:C6,ALL,udp:50736,192.168.3.117*,2,176,1,102,1,74
D4:F5:47:82:0E:C6,ALL,udp:50736,8.8.8.8*,2,176,1,74,1,102
D4:F5:47:82:0E:C6,ALL,udp:49584,192.168.3.117*,2,164,1,90,1,74
D4:F5:47:82:0E:C6,ALL,udp:49584,8.8.8.8*,2,164,1,74,1,90
D4:F5:47:82:0E:C6,ALL,udp:44659,192.168.3.117*,2,176,1,102,1,74
D4:F5:47:82:0E:C6,ALL,udp:44659,8.8.8.8*,2,176,1,74,1,102
D4:F5:47:82:0E:C6,ALL,udp:52931,192.168.3.117*,2,164,1,90,1,74
D4:F5:47:82:0E:C6,ALL,udp:52931,8.8.8.8*,2,164,1,74,1,90
D4:F5:47:82:0E:C6,ALL,udp:34194,192.168.3.117*,2,176,1,102,1,74
D4:F5:47:82:0E:C6,ALL,udp:34194,8.8.8.8*,2,176,1,74,1,102
D4:F5:47:82:0E:C6,ALL,udp:41262,192.168.3.117*,2,164,1,90,1,74
D4:F5:47:82:0E:C6,ALL,udp:41262,8.8.8.8*,2,164,1,74,1,90
D4:F5:47:82:0E:C6,ALL,udp:50334,192.168.3.117*,2,176,1,102,1,74
D4:F5:47:82:0E:C6,ALL,udp:50334,8.8.8.8*,2,176,1,74,1,102
D4:F5:47:82:0E:C6,ALL,udp:42026,192.168.3.117*,2,176,1,102,1,74
D4:F5:47:82:0E:C6,ALL,udp:42026,8.8.8.8*,2,176,1,74,1,102
D4:F5:47:82:0E:C6,ALL,udp:45646,192.168.3.117*,2,164,1,90,1,74
D4:F5:47:82:0E:C6,ALL,udp:45646,8.8.8.8*,2,164,1,74,1,90
D4:F5:47:82:0E:C6,ALL,udp:54419,216.239.35.0,2,180,1,90,1,90
D4:F5:47:82:0E:C6,ALL,udp:54419,8.8.8.8,2,164,1,74,1,90
D4:F5:47:82:0E:C6,ALL,udp:41401,192.168.3.117*,2,176,1,102,1,74
D4:F5:47:82:0E:C6,ALL,udp:41401,8.8.8.8*,2,176,1,74,1,102
D4:F5:47:82:0E:C6,ALL,udp:47719,192.168.3.117*,2,164,1,90,1,74
D4:F5:47:82:0E:C6,ALL,udp:47719,8.8.8.8*,2,164,1,74,1,90
D4:F5:47:82:0E:C6,ALL,udp:37338,192.168.3.117*,2,176,1,102,1,74
D4:F5:47:82:0E:C6,ALL,udp:37338,8.8.8.8*,2,176,1,74,1,102
D4:F5:47:82:0E:C6,ALL,udp:35126,192.168.3.117*,2,164,1,90,1,74
D4:F5:47:82:0E:C6,ALL,udp:35126,8.8.8.8*,2,164,1,74,1,90
D4:F5:47:82:0E:C6,ALL,udp:41304,192.168.3.117*,2,176,1,102,1,74
D4:F5:47:82:0E:C6,ALL,udp:41304,8.8.8.8*,2,176,1,74,1,102
D4:F5:47:82:0E:C6,ALL,udp:37757,192.168.3.117*,2,164,1,90,1,74
D4:F5:47:82:0E:C6,ALL,udp:37757,8.8.8.8*,2,164,1,74,1,90
D4:F5:47:82:0E:C6,ALL,udp:56841,192.168.3.117*,2,164,1,90,1,74
D4:F5:47:82:0E:C6,ALL,udp:56841,8.8.8.8*,2,164,1,74,1,90
D4:F5:47:82:0E:C6,ALL,udp:48942,192.168.3.117*,2,176,1,102,1,74
D4:F5:47:82:0E:C6,ALL,udp:48942,8.8.8.8*,2,176,1,74,1,102
D4:F5:47:82:0E:C6,ALL,udp:55741,192.168.3.117*,2,164,1,90,1,74
D4:F5:47:82:0E:C6,ALL,udp:55741,8.8.8.8*,2,164,1,74,1,90
D4:F5:47:82:0E:C6,ALL,udp:56620,192.168.3.117*,2,176,1,102,1,74
D4:F5:47:82:0E:C6,ALL,udp:56620,8.8.8.8*,2,176,1,74,1,102
D4:F5:47:82:0E:C6,ALL,udp:58743,192.168.3.117*,2,164,1,90,1,74
D4:F5:47:82:0E:C6,ALL,udp:58743,8.8.8.8*,2,164,1,74,1,90
D4:F5:47:82:0E:C6,ALL,udp:45511,192.168.3.117*,2,176,1,102,1,74
D4:F5:47:82:0E:C6,ALL,udp:45511,8.8.8.8*,2,176,1,74,1,102
D4:F5:47:82:0E:C6,ALL,udp:49543,192.168.3.117*,2,164,1,90,1,74
D4:F5:47:82:0E:C6,ALL,udp:49543,8.8.8.8*,2,164,1,74,1,90
D4:F5:47:82:0E:C6,ALL,udp:56280,192.168.3.117*,2,176,1,102,1,74
D4:F5:47:82:0E:C6,ALL,udp:56280,8.8.8.8*,2,176,1,74,1,102
D4:F5:47:82:0E:C6,ALL,udp:36401,192.168.3.117*,2,164,1,90,1,74
D4:F5:47:82:0E:C6,ALL,udp:36401,8.8.8.8*,2,164,1,74,1,90
D4:F5:47:82:0E:C6,ALL,udp:53257,192.168.3.117*,2,176,1,102,1,74
D4:F5:47:82:0E:C6,ALL,udp:53257,8.8.8.8*,2,176,1,74,1,102
D4:F5:47:82:0E:C6,ALL,udp:47855,192.168.3.117*,2,164,1,90,1,74
D4:F5:47:82:0E:C6,ALL,udp:47855,8.8.8.8*,2,164,1,74,1,90
D4:F5:47:82:0E:C6,ALL,udp:53426,192.168.3.117*,2,164,1,90,1,74
D4:F5:47:82:0E:C6,ALL,udp:53426,8.8.8.8*,2,164,1,74,1,90
D4:F5:47:82:0E:C6,ALL,udp:49451,192.168.3.117*,2,176,1,102,1,74
D4:F5:47:82:0E:C6,ALL,udp:49451,8.8.8.8*,2,176,1,74,1,102
D4:F5:47:82:0E:C6,ALL,udp:56784,192.168.3.117*,2,164,1,90,1,74
D4:F5:47:82:0E:C6,ALL,udp:56784,8.8.8.8*,2,164,1,74,1,90
D4:F5:47:82:0E:C6,ALL,udp:53167,192.168.3.117*,2,176,1,102,1,74
D4:F5:47:82:0E:C6,ALL,udp:53167,8.8.8.8*,2,176,1,74,1,102
D4:F5:47:82:0E:C6,ALL,udp:51489,192.168.3.117*,2,198,1,119,1,79
D4:F5:47:82:0E:C6,ALL,udp:51489,8.8.8.8*,2,198,1,79,1,119
D4:F5:47:82:0E:C6,ALL,udp:33651,192.168.3.117*,2,176,1,102,1,74
D4:F5:47:82:0E:C6,ALL,udp:33651,8.8.8.8*,2,176,1,74,1,102
D4:F5:47:82:0E:C6,ALL,udp:34457,192.168.3.117*,2,164,1,90,1,74
D4:F5:47:82:0E:C6,ALL,udp:34457,8.8.8.8*,2,164,1,74,1,90
D4:F5:47:82:0E:C6,ALL,udp:49127,216.239.35.4,2,180,1,90,1,90
D4:F5:47:82:0E:C6,ALL,udp:49127,8.8.8.8,2,176,1,74,1,102
D4:F5:47:82:0E:C6,ALL,udp:55475,192.168.3.117*,2,164,1,90,1,74
D4:F5:47:82:0E:C6,ALL,udp:55475,8.8.8.8*,2,164,1,74,1,90
D4:F5:47:82:0E:C6,ALL,udp:39373,192.168.3.117*,2,176,1,102,1,74
D4:F5:47:82:0E:C6,ALL,udp:39373,8.8.8.8*,2,176,1,74,1,102
D4:F5:47:82:0E:C6,ALL,udp:48056,192.168.3.117*,2,164,1,90,1,74
D4:F5:47:82:0E:C6,ALL,udp:48056,8.8.8.8*,2,164,1,74,1,90
D4:F5:47:82:0E:C6,ALL,udp:46268,192.168.3.117*,2,198,1,119,1,79
D4:F5:47:82:0E:C6,ALL,udp:46268,8.8.8.8*,2,198,1,79,1,119
D4:F5:47:82:0E:C6,ALL,udp:54144,192.168.3.117*,2,164,1,90,1,74
D4:F5:47:82:0E:C6,ALL,udp:54144,8.8.8.8*,2,164,1,74,1,90
D4:F5:47:82:0E:C6,ALL,udp:40414,192.168.3.117*,2,176,1,102,1,74
D4:F5:47:82:0E:C6,ALL,udp:40414,8.8.8.8*,2,176,1,74,1,102
D4:F5:47:82:0E:C6,ALL,udp:39979,192.168.3.117*,2,164,1,90,1,74
D4:F5:47:82:0E:C6,ALL,udp:39979,8.8.8.8*,2,164,1,74,1,90
D4:F5:47:82:0E:C6,ALL,udp:60334,192.168.3.117*,2,176,1,102,1,74
D4:F5:47:82:0E:C6,ALL,udp:60334,8.8.8.8*,2,176,1,74,1,102
D4:F5:47:82:0E:C6,ALL,udp:48654,192.168.3.117*,2,164,1,90,1,74
D4:F5:47:82:0E:C6,ALL,udp:48654,8.8.8.8*,2,164,1,74,1,90
D4:F5:47:82:0E:C6,ALL,udp:41646,192.168.3.117*,2,164,1,90,1,74
D4:F5:47:82:0E:C6,ALL,udp:41646,8.8.8.8*,2,164,1,74,1,90
D4:F5:47:82:0E:C6,ALL,udp:57179,192.168.3.117*,2,164,1,90,1,74
D4:F5:47:82:0E:C6,ALL,udp:57179,8.8.8.8*,2,164,1,74,1,90
D4:F5:47:82:0E:C6,ALL,udp:37479,192.168.3.117*,2,164,1,90,1,74
D4:F5:47:82:0E:C6,ALL,udp:37479,8.8.8.8*,2,164,1,74,1,90
D4:F5:47:82:0E:C6,ALL,udp:58514,192.168.3.117*,2,164,1,90,1,74
D4:F5:47:82:0E:C6,ALL,udp:58514,8.8.8.8*,2,164,1,74,1,90
D4:F5:47:82:0E:C6,ALL,udp:37378,192.168.3.117*,2,176,1,102,1,74
D4:F5:47:82:0E:C6,ALL,udp:37378,8.8.8.8*,2,176,1,74,1,102
D4:F5:47:82:0E:C6,ALL,udp:48678,192.168.3.117*,2,176,1,102,1,74
D4:F5:47:82:0E:C6,ALL,udp:48678,8.8.8.8*,2,176,1,74,1,102
D4:F5:47:82:0E:C6,ALL,udp:47101,192.168.3.117*,2,156,1,86,1,70
D4:F5:47:82:0E:C6,ALL,udp:47101,8.8.8.8*,2,156,1,70,1,86
D4:F5:47:82:0E:C6,ALL,udp:45213,192.168.3.117*,2,213,1,126,1,87
D4:F5:47:82:0E:C6,ALL,udp:45213,8.8.8.8*,2,213,1,87,1,126
D4:F5:47:82:0E:C6,ALL,udp:46839,192.168.3.117*,2,213,1,126,1,87
D4:F5:47:82:0E:C6,ALL,udp:46839,8.8.8.8*,2,213,1,87,1,126
D4:F5:47:82:0E:C6,ALL,udp:42718,192.168.3.117*,2,213,1,126,1,87
D4:F5:47:82:0E:C6,ALL,udp:42718,8.8.8.8*,2,213,1,87,1,126
D4:F5:47:82:0E:C6,ALL,udp:37384,192.168.3.117*,2,213,1,126,1,87
D4:F5:47:82:0E:C6,ALL,udp:37384,8.8.8.8*,2,213,1,87,1,126
D4:F5:47:82:0E:C6,ALL,udp:32778,192.168.3.117*,2,213,1,126,1,87
D4:F5:47:82:0E:C6,ALL,udp:32778,8.8.8.8*,2,213,1,87,1,126
D4:F5:47:82:0E:C6,ALL,udp:34133,192.168.3.117*,2,176,1,102,1,74
D4:F5:47:82:0E:C6,ALL,udp:34133,8.8.8.8*,2,176,1,74,1,102
D4:F5:47:82:0E:C6,ALL,udp:53138,192.168.3.117*,2,164,1,90,1,74
D4:F5:47:82:0E:C6,ALL,udp:53138,8.8.8.8*,2,164,1,74,1,90
D4:F5:47:82:0E:C6,ALL,udp:56885,192.168.3.117*,2,164,1,90,1,74
D4:F5:47:82:0E:C6,ALL,udp:56885,8.8.8.8*,2,164,1,74,1,90
D4:F5:47:82:0E:C6,ALL,udp:44720,192.168.3.117*,2,164,1,90,1,74
D4:F5:47:82:0E:C6,ALL,udp:44720,8.8.8.8*,2,164,1,74,1,90
D4:F5:47:82:0E:C6,ALL,udp:49769,192.168.3.117*,2,164,1,90,1,74
D4:F5:47:82:0E:C6,ALL,udp:49769,8.8.8.8*,2,164,1,74,1,90
D4:F5:47:82:0E:C6,ALL,udp:40962,192.168.3.117*,2,176,1,102,1,74
D4:F5:47:82:0E:C6,ALL,udp:40962,8.8.8.8*,2,176,1,74,1,102
D4:F5:47:82:0E:C6,ALL,udp:42568,192.168.3.117*,2,164,1,90,1,74
D4:F5:47:82:0E:C6,ALL,udp:42568,8.8.8.8*,2,164,1,74,1,90
D4:F5:47:82:0E:C6,ALL,udp:59082,192.168.3.117*,2,164,1,90,1,74
D4:F5:47:82:0E:C6,ALL,udp:59082,8.8.8.8*,2,164,1,74,1,90
D4:F5:47:82:0E:C6,ALL,udp:49376,192.168.3.117*,2,176,1,102,1,74
D4:F5:47:82:0E:C6,ALL,udp:49376,8.8.8.8*,2,176,1,74,1,102
D4:F5:47:82:0E:C6,ALL,udp:36759,216.239.35.8,2,180,1,90,1,90
D4:F5:47:82:0E:C6,ALL,udp:36759,8.8.8.8,2,164,1,74,1,90
D4:F5:47:82:0E:C6,ALL,udp:46719,192.168.3.117*,2,176,1,102,1,74
D4:F5:47:82:0E:C6,ALL,udp:46719,8.8.8.8*,2,176,1,74,1,102
D4:F5:47:82:0E:C6,ALL,udp:40958,192.168.3.117*,2,164,1,90,1,74
D4:F5:47:82:0E:C6,ALL,udp:40958,8.8.8.8*,2,164,1,74,1,90
D4:F5:47:82:0E:C6,ALL,udp:56996,192.168.3.117*,2,176,1,102,1,74
D4:F5:47:82:0E:C6,ALL,udp:56996,8.8.8.8*,2,176,1,74,1,102
D4:F5:47:82:0E:C6,ALL,udp:43613,192.168.3.117*,2,164,1,90,1,74
D4:F5:47:82:0E:C6,ALL,udp:43613,8.8.8.8*,2,164,1,74,1,90
D4:F5:47:82:0E:C6,ALL,udp:42549,192.168.3.117*,2,164,1,90,1,74
D4:F5:47:82:0E:C6,ALL,udp:42549,8.8.8.8*,2,164,1,74,1,90
D4:F5:47:82:0E:C6,ALL,udp:34138,192.168.3.117*,2,176,1,102,1,74
D4:F5:47:82:0E:C6,ALL,udp:34138,8.8.8.8*,2,176,1,74,1,102
D4:F5:47:82:0E:C6,ALL,udp:36432,192.168.3.117*,2,164,1,90,1,74
D4:F5:47:82:0E:C6,ALL,udp:36432,8.8.8.8*,2,164,1,74,1,90
D4:F5:47:82:0E:C6,ALL,udp:56541,192.168.3.117*,2,176,1,102,1,74
D4:F5:47:82:0E:C6,ALL,udp:56541,8.8.8.8*,2,176,1,74,1,102
D4:F5:47:82:0E:C6,ALL,udp:38401,192.168.3.117*,2,164,1,90,1,74
D4:F5:47:82:0E:C6,ALL,udp:38401,8.8.8.8*,2,164,1,74,1,90
D4:F5:47:82:0E:C6,ALL,udp:54292,192.168.3.117*,2,176,1,102,1,74
D4:F5:47:82:0E:C6,ALL,udp:54292,8.8.8.8*,2,176,1,74,1,102
D4:F5:47:82:0E:C6,ALL,udp:52988,192.168.3.117*,2,176,1,102,1,74
D4:F5:47:82:0E:C6,ALL,udp:52988,8.8.8.8*,2,176,1,74,1,102
D4:F5:47:82:0E:C6,ALL,udp:43933,192.168.3.117*,2,176,1,102,1,74
D4:F5:47:82:0E:C6,ALL,udp:43933,8.8.8.8*,2,176,1,74,1,102
D4:F5:47:82:0E:C6,ALL,udp:43200,192.168.3.117*,2,176,1,102,1,74
D4:F5:47:82:0E:C6,ALL,udp:43200,8.8.8.8*,2,176,1,74,1,102
D4:F5:47:82:0E:C6,ALL,udp:39122,192.168.3.117*,2,198,1,119,1,79
D4:F5:47:82:0E:C6,ALL,udp:39122,8.8.8.8*,2,198,1,79,1,119
D4:F5:47:82:0E:C6,ALL,udp:40700,192.168.3.117*,2,176,1,102,1,74
D4:F5:47:82:0E:C6,ALL,udp:40700,8.8.8.8*,2,176,1,74,1,102
D4:F5:47:82:0E:C6,ALL,udp:45230,192.168.3.117*,2,164,1,90,1,74
D4:F5:47:82:0E:C6,ALL,udp:45230,8.8.8.8*,2,164,1,74,1,90
D4:F5:47:82:0E:C6,ALL,udp:33708,192.168.3.117*,2,176,1,102,1,74
D4:F5:47:82:0E:C6,ALL,udp:33708,8.8.8.8*,2,176,1,74,1,102
D4:F5:47:82:0E:C6,ALL,udp:59461,192.168.3.117*,2,164,1,90,1,74
D4:F5:47:82:0E:C6,ALL,udp:59461,8.8.8.8*,2,164,1,74,1,90
D4:F5:47:82:0E:C6,ALL,udp:60659,192.168.3.117*,2,176,1,102,1,74
D4:F5:47:82:0E:C6,ALL,udp:60659,8.8.8.8*,2,176,1,74,1,102
D4:F5:47:82:0E:C6,ALL,udp:60861,192.168.3.117*,2,164,1,90,1,74
D4:F5:47:82:0E:C6,ALL,udp:60861,8.8.8.8*,2,164,1,74,1,90
D4:F5:47:82:0E:C6,ALL,udp:59928,192.168.3.117*,2,176,1,102,1,74
D4:F5:47:82:0E:C6,ALL,udp:59928,8.8.8.8*,2,176,1,74,1,102
D4:F5:47:82:0E:C6,ALL,udp:35490,192.168.3.117*,2,164,1,90,1,74
D4:F5:47:82:0E:C6,ALL,udp:35490,8.8.8.8*,2,164,1,74,1,90
D4:F5:47:82:0E:C6,ALL,udp:45603,192.168.3.117*,2,164,1,90,1,74
D4:F5:47:82:0E:C6,ALL,udp:45603,8.8.8.8*,2,164,1,74,1,90
D4:F5:47:82:0E:C6,ALL,udp:42140,192.168.3.117*,2,176,1,102,1,74
D4:F5:47:82:0E:C6,ALL,udp:42140,8.8.8.8*,2,176,1,74,1,102
D4:F5:47:82:0E:C6,ALL,udp:38037,192.168.3.117*,2,164,1,90,1,74
D4:F5:47:82:0E:C6,ALL,udp:38037,8.8.8.8*,2,164,1,74,1,90
D4:F5:47:82:0E:C6,ALL,udp:46614,192.168.3.117*,2,164,1,90,1,74
D4:F5:47:82:0E:C6,ALL,udp:46614,8.8.8.8*,2,164,1,74,1,90
D4:F5:47:82:0E:C6,ALL,udp:38244,192.168.3.117*,2,176,1,102,1,74
D4:F5:47:82:0E:C6,ALL,udp:38244,8.8.8.8*,2,176,1,74,1,102
D4:F5:47:82:0E:C6,ALL,udp:51236,192.168.3.117*,2,198,1,119,1,79
D4:F5:47:82:0E:C6,ALL,udp:51236,8.8.8.8*,2,198,1,79,1,119
D4:F5:47:82:0E:C6,ALL,udp:40815,192.168.3.117*,2,176,1,102,1,74
D4:F5:47:82:0E:C6,ALL,udp:40815,8.8.8.8*,2,176,1,74,1,102
D4:F5:47:82:0E:C6,ALL,udp:36404,192.168.3.117*,2,164,1,90,1,74
D4:F5:47:82:0E:C6,ALL,udp:36404,8.8.8.8*,2,164,1,74,1,90
D4:F5:47:82:0E:C6,ALL,udp:41993,192.168.3.117*,2,176,1,102,1,74
D4:F5:47:82:0E:C6,ALL,udp:41993,8.8.8.8*,2,176,1,74,1,102
D4:F5:47:82:0E:C6,ALL,udp:34598,192.168.3.117*,2,176,1,102,1,74
D4:F5:47:82:0E:C6,ALL,udp:34598,8.8.8.8*,2,176,1,74,1,102
D4:F5:47:82:0E:C6,ALL,udp:47049,192.168.3.117*,2,176,1,102,1,74
D4:F5:47:82:0E:C6,ALL,udp:47049,8.8.8.8*,2,176,1,74,1,102
D4:F5:47:82:0E:C6,ALL,udp:36070,192.168.3.117*,2,164,1,90,1,74
D4:F5:47:82:0E:C6,ALL,udp:36070,8.8.8.8*,2,164,1,74,1,90
D4:F5:47:82:0E:C6,ALL,udp:41574,192.168.3.117*,2,176,1,102,1,74
D4:F5:47:82:0E:C6,ALL,udp:41574,8.8.8.8*,2,176,1,74,1,102
D4:F5:47:82:0E:C6,ALL,udp:49671,192.168.3.117*,2,164,1,90,1,74
D4:F5:47:82:0E:C6,ALL,udp:49671,8.8.8.8*,2,164,1,74,1,90
D4:F5:47:82:0E:C6,ALL,udp:60740,192.168.3.117*,2,176,1,102,1,74
D4:F5:47:82:0E:C6,ALL,udp:60740,8.8.8.8*,2,176,1,74,1,102
D4:F5:47:82:0E:C6,ALL,udp:43857,192.168.3.117*,2,164,1,90,1,74
D4:F5:47:82:0E:C6,ALL,udp:43857,8.8.8.8*,2,164,1,74,1,90
D4:F5:47:82:0E:C6,ALL,udp:46309,192.168.3.117*,2,176,1,102,1,74
D4:F5:47:82:0E:C6,ALL,udp:46309,8.8.8.8*,2,176,1,74,1,102
D4:F5:47:82:0E:C6,ALL,udp:57194,216.239.35.12,2,180,1,90,1,90
D4:F5:47:82:0E:C6,ALL,udp:57194,8.8.8.8,2,164,1,74,1,90
D4:F5:47:82:0E:C6,ALL,udp:43919,192.168.3.117*,2,176,1,102,1,74
D4:F5:47:82:0E:C6,ALL,udp:43919,8.8.8.8*,2,176,1,74,1,102
D4:F5:47:82:0E:C6,ALL,udp:60097,192.168.3.117*,2,164,1,90,1,74
D4:F5:47:82:0E:C6,ALL,udp:60097,8.8.8.8*,2,164,1,74,1,90
D4:F5:47:82:0E:C6,ALL,udp:52993,192.168.3.117*,2,164,1,90,1,74
D4:F5:47:82:0E:C6,ALL,udp:52993,8.8.8.8*,2,164,1,74,1,90
D4:F5:47:82:0E:C6,ALL,udp:39094,172.253.122.101*,24,15635,12,7361,12,8274
D4:F5:47:82:0E:C6,ALL,udp:39094,8.8.8.8*,2,164,1,74,1,90
D4:F5:47:82:0E:C6,ALL,udp:54609,192.168.3.117*,2,176,1,102,1,74
D4:F5:47:82:0E:C6,ALL,udp:54609,8.8.8.8*,2,176,1,74,1,102
D4:F5:47:82:0E:C6,ALL,udp:35075,192.168.3.117*,2,164,1,90,1,74
D4:F5:47:82:0E:C6,ALL,udp:35075,8.8.8.8*,2,164,1,74,1,90
D4:F5:47:82:0E:C6,ALL,udp:49718,192.168.3.117*,2,176,1,102,1,74
D4:F5:47:82:0E:C6,ALL,udp:49718,8.8.8.8*,2,176,1,74,1,102
D4:F5:47:82:0E:C6,ALL,udp:37304,192.168.3.117*,2,164,1,90,1,74
D4:F5:47:82:0E:C6,ALL,udp:37304,8.8.8.8*,2,164,1,74,1,90
D4:F5:47:82:0E:C6,ALL,udp:37742,192.168.3.117*,2,176,1,102,1,74
D4:F5:47:82:0E:C6,ALL,udp:37742,8.8.8.8*,2,176,1,74,1,102
D4:F5:47:82:0E:C6,ALL,udp:49345,192.168.3.117*,2,164,1,90,1,74
D4:F5:47:82:0E:C6,ALL,udp:49345,8.8.8.8*,2,164,1,74,1,90
D4:F5:47:82:0E:C6,ALL,udp:46721,192.168.3.117*,2,164,1,90,1,74
D4:F5:47:82:0E:C6,ALL,udp:46721,8.8.8.8*,2,164,1,74,1,90
D4:F5:47:82:0E:C6,ALL,udp:43256,192.168.3.117*,2,176,1,102,1,74
D4:F5:47:82:0E:C6,ALL,udp:43256,8.8.8.8*,2,176,1,74,1,102
D4:F5:47:82:0E:C6,ALL,udp:38271,192.168.3.117*,2,198,1,119,1,79
D4:F5:47:82:0E:C6,ALL,udp:38271,8.8.8.8*,2,198,1,79,1,119
D4:F5:47:82:0E:C6,ALL,udp:53918,192.168.3.117*,2,176,1,102,1,74
D4:F5:47:82:0E:C6,ALL,udp:53918,8.8.8.8*,2,176,1,74,1,102
D4:F5:47:82:0E:C6,ALL,udp:39879,192.168.3.117*,2,164,1,90,1,74
D4:F5:47:82:0E:C6,ALL,udp:39879,8.8.8.8*,2,164,1,74,1,90
D4:F5:47:82:0E:C6,ALL,udp:50640,192.168.3.117*,2,164,1,90,1,74
D4:F5:47:82:0E:C6,ALL,udp:50640,8.8.8.8*,2,164,1,74,1,90
D4:F5:47:82:0E:C6,ALL,udp:54938,192.168.3.117*,2,176,1,102,1,74
D4:F5:47:82:0E:C6,ALL,udp:54938,8.8.8.8*,2,176,1,74,1,102
D4:F5:47:82:0E:C6,ALL,udp:47547,192.168.3.117*,2,164,1,90,1,74
D4:F5:47:82:0E:C6,ALL,udp:47547,8.8.8.8*,2,164,1,74,1,90
D4:F5:47:82:0E:C6,ALL,udp:38371,192.168.3.117*,2,176,1,102,1,74
D4:F5:47:82:0E:C6,ALL,udp:38371,8.8.8.8*,2,176,1,74,1,102
D4:F5:47:82:0E:C6,ALL,udp:53902,192.168.3.117*,2,164,1,90,1,74
D4:F5:47:82:0E:C6,ALL,udp:53902,8.8.8.8*,2,164,1,74,1,90
D4:F5:47:82:0E:C6,ALL,udp:40015,192.168.3.117*,2,176,1,102,1,74
D4:F5:47:82:0E:C6,ALL,udp:40015,8.8.8.8*,2,176,1,74,1,102
D4:F5:47:82:0E:C6,ALL,udp:47408,192.168.3.117*,2,164,1,90,1,74
D4:F5:47:82:0E:C6,ALL,udp:47408,8.8.8.8*,2,164,1,74,1,90
D4:F5:47:82:0E:C6,ALL,udp:46563,192.168.3.117*,2,176,1,102,1,74
D4:F5:47:82:0E:C6,ALL,udp:46563,8.8.8.8*,2,176,1,74,1,102
D4:F5:47:82:0E:C6,ALL,udp:55066,192.168.3.117*,2,164,1,90,1,74
D4:F5:47:82:0E:C6,ALL,udp:55066,8.8.8.8*,2,164,1,74,1,90
D4:F5:47:82:0E:C6,ALL,udp:41313,192.168.3.117*,2,176,1,102,1,74
D4:F5:47:82:0E:C6,ALL,udp:41313,8.8.8.8*,2,176,1,74,1,102
D4:F5:47:82:0E:C6,ALL,udp:49452,192.168.3.117*,2,164,1,90,1,74
D4:F5:47:82:0E:C6,ALL,udp:49452,8.8.8.8*,2,164,1,74,1,90
D4:F5:47:82:0E:C6,ALL,udp:53713,192.168.3.117*,2,164,1,90,1,74
D4:F5:47:82:0E:C6,ALL,udp:53713,8.8.8.8*,2,164,1,74,1,90
D4:F5:47:82:0E:C6,ALL,udp:42467,192.168.3.117*,2,176,1,102,1,74
D4:F5:47:82:0E:C6,ALL,udp:42467,8.8.8.8*,2,176,1,74,1,102
D4:F5:47:82:0E:C6,ALL,udp:35544,192.168.3.117*,2,164,1,90,1,74
D4:F5:47:82:0E:C6,ALL,udp:35544,8.8.8.8*,2,164,1,74,1,90
D4:F5:47:82:0E:C6,ALL,udp:59583,192.168.3.117*,2,176,1,102,1,74
D4:F5:47:82:0E:C6,ALL,udp:59583,8.8.8.8*,2,176,1,74,1,102
D4:F5:47:82:0E:C6,ALL,udp:40083,192.168.3.117*,2,164,1,90,1,74
D4:F5:47:82:0E:C6,ALL,udp:40083,8.8.8.8*,2,164,1,74,1,90
D4:F5:47:82:0E:C6,ALL,udp:50258,192.168.3.117*,2,164,1,90,1,74
D4:F5:47:82:0E:C6,ALL,udp:50258,8.8.8.8*,2,164,1,74,1,90
D4:F5:47:82:0E:C6,ALL,udp:38176,192.168.3.117*,2,164,1,90,1,74
D4:F5:47:82:0E:C6,ALL,udp:38176,8.8.8.8*,2,164,1,74,1,90
D4:F5:47:82:0E:C6,ALL,udp:32969,192.168.3.117*,2,164,1,90,1,74
D4:F5:47:82:0E:C6,ALL,udp:32969,8.8.8.8*,2,164,1,74,1,90
D4:F5:47:82:0E:C6,ALL,udp:49677,192.168.3.117*,2,176,1,102,1,74
D4:F5:47:82:0E:C6,ALL,udp:49677,8.8.8.8*,2,176,1,74,1,102
D4:F5:47:82:0E:C6,ALL,udp:50030,192.168.3.117*,2,176,1,102,1,74
D4:F5:47:82:0E:C6,ALL,udp:50030,8.8.8.8*,2,176,1,74,1,102
D4:F5:47:82:0E:C6,ALL,udp:41600,192.168.3.117*,2,198,1,119,1,79
D4:F5:47:82:0E:C6,ALL,udp:41600,8.8.8.8*,2,198,1,79,1,119
D4:F5:47:82:0E:C6,ALL,udp:55504,192.168.3.117*,2,164,1,90,1,74
D4:F5:47:82:0E:C6,ALL,udp:55504,8.8.8.8*,2,164,1,74,1,90
D4:F5:47:82:0E:C6,ALL,udp:41846,192.168.3.117*,2,176,1,102,1,74
D4:F5:47:82:0E:C6,ALL,udp:41846,8.8.8.8*,2,176,1,74,1,102
D4:F5:47:82:0E:C6,ALL,udp:48012,192.168.3.117*,2,164,1,90,1,74
D4:F5:47:82:0E:C6,ALL,udp:48012,8.8.8.8*,2,164,1,74,1,90
D4:F5:47:82:0E:C6,ALL,udp:51004,192.168.3.117*,2,176,1,102,1,74
D4:F5:47:82:0E:C6,ALL,udp:51004,8.8.8.8*,2,176,1,74,1,102
D4:F5:47:82:0E:C6,ALL,udp:36323,192.168.3.117*,2,164,1,90,1,74
D4:F5:47:82:0E:C6,ALL,udp:36323,8.8.8.8*,2,164,1,74,1,90
D4:F5:47:82:0E:C6,ALL,udp:51163,192.168.3.117*,2,176,1,102,1,74
D4:F5:47:82:0E:C6,ALL,udp:51163,8.8.8.8*,2,176,1,74,1,102
D4:F5:47:82:0E:C6,ALL,udp:50019,192.168.3.117*,2,176,1,102,1,74
D4:F5:47:82:0E:C6,ALL,udp:50019,8.8.8.8*,2,176,1,74,1,102
D4:F5:47:82:0E:C6,ALL,udp:40573,192.168.3.117*,2,164,1,90,1,74
D4:F5:47:82:0E:C6,ALL,udp:40573,8.8.8.8*,2,164,1,74,1,90
D4:F5:47:82:0E:C6,ALL,udp:54225,192.168.3.117*,2,164,1,90,1,74
D4:F5:47:82:0E:C6,ALL,udp:54225,8.8.8.8*,2,164,1,74,1,90
D4:F5:47:82:0E:C6,ALL,udp:39571,192.168.3.117*,2,194,1,105,1,89
D4:F5:47:82:0E:C6,ALL,udp:39571,8.8.8.8*,2,194,1,89,1,105
D4:F5:47:82:0E:C6,ALL,udp:50485,192.168.3.117*,2,164,1,90,1,74
D4:F5:47:82:0E:C6,ALL,udp:50485,8.8.8.8*,2,164,1,74,1,90
D4:F5:47:82:0E:C6,ALL,udp:43318,192.168.3.117*,2,176,1,102,1,74
D4:F5:47:82:0E:C6,ALL,udp:43318,8.8.8.8*,2,176,1,74,1,102
D4:F5:47:82:0E:C6,ALL,udp:57511,192.168.3.117*,2,164,1,90,1,74
D4:F5:47:82:0E:C6,ALL,udp:57511,8.8.8.8*,2,164,1,74,1,90
D4:F5:47:82:0E:C6,ALL,udp:41869,192.168.3.117*,2,176,1,102,1,74
D4:F5:47:82:0E:C6,ALL,udp:41869,8.8.8.8*,2,176,1,74,1,102
D4:F5:47:82:0E:C6,ALL,udp:60878,172.217.165.142*,22,12355,13,9201,9,3154
D4:F5:47:82:0E:C6,ALL,udp:60878,8.8.8.8*,2,164,1,74,1,90
D4:F5:47:82:0E:C6,ALL,udp:42282,192.168.3.117*,2,176,1,102,1,74
D4:F5:47:82:0E:C6,ALL,udp:42282,8.8.8.8*,2,176,1,74,1,102
D4:F5:47:82:0E:C6,ALL,udp:54486,192.168.3.117*,2,176,1,102,1,74
D4:F5:47:82:0E:C6,ALL,udp:54486,8.8.8.8*,2,176,1,74,1,102
D4:F5:47:82:0E:C6,ALL,udp:45710,192.168.3.117*,2,164,1,90,1,74
D4:F5:47:82:0E:C6,ALL,udp:45710,8.8.8.8*,2,164,1,74,1,90
D4:F5:47:82:0E:C6,ALL,udp:52498,192.168.3.117*,2,164,1,90,1,74
D4:F5:47:82:0E:C6,ALL,udp:52498,8.8.8.8*,2,164,1,74,1,90
D4:F5:47:82:0E:C6,ALL,udp:35413,216.239.35.4,2,180,1,90,1,90
D4:F5:47:82:0E:C6,ALL,udp:35413,8.8.8.8,2,176,1,74,1,102
D4:F5:47:82:0E:C6,ALL,udp:33891,192.168.3.117*,2,176,1,102,1,74
D4:F5:47:82:0E:C6,ALL,udp:33891,8.8.8.8*,2,176,1,74,1,102
D4:F5:47:82:0E:C6,ALL,udp:39525,192.168.3.117*,2,164,1,90,1,74
D4:F5:47:82:0E:C6,ALL,udp:39525,8.8.8.8*,2,164,1,74,1,90
D4:F5:47:82:0E:C6,ALL,udp:41329,192.168.3.117*,2,176,1,102,1,74
D4:F5:47:82:0E:C6,ALL,udp:41329,8.8.8.8*,2,176,1,74,1,102
D4:F5:47:82:0E:C6,ALL,udp:57536,192.168.3.117*,2,164,1,90,1,74
D4:F5:47:82:0E:C6,ALL,udp:57536,8.8.8.8*,2,164,1,74,1,90
D4:F5:47:82:0E:C6,ALL,udp:42442,192.168.3.117*,2,164,1,90,1,74
D4:F5:47:82:0E:C6,ALL,udp:42442,8.8.8.8*,2,164,1,74,1,90
D4:F5:47:82:0E:C6,ALL,udp:43502,192.168.3.117*,2,176,1,102,1,74
D4:F5:47:82:0E:C6,ALL,udp:43502,8.8.8.8*,2,176,1,74,1,102
D4:F5:47:82:0E:C6,ALL,udp:58208,192.168.3.117*,2,164,1,90,1,74
D4:F5:47:82:0E:C6,ALL,udp:58208,8.8.8.8*,2,164,1,74,1,90
D4:F5:47:82:0E:C6,ALL,udp:54935,192.168.3.117*,2,164,1,90,1,74
D4:F5:47:82:0E:C6,ALL,udp:54935,8.8.8.8*,2,164,1,74,1,90
D4:F5:47:82:0E:C6,ALL,udp:55970,216.239.35.12,2,180,1,90,1,90
D4:F5:47:82:0E:C6,ALL,udp:55970,8.8.8.8,2,176,1,74,1,102
D4:F5:47:82:0E:C6,ALL,udp:58750,192.168.3.117*,2,164,1,90,1,74
D4:F5:47:82:0E:C6,ALL,udp:58750,8.8.8.8*,2,164,1,74,1,90
D4:F5:47:82:0E:C6,ALL,udp:45533,192.168.3.117*,2,176,1,102,1,74
D4:F5:47:82:0E:C6,ALL,udp:45533,8.8.8.8*,2,176,1,74,1,102
D4:F5:47:82:0E:C6,ALL,udp:47042,192.168.3.117*,2,164,1,90,1,74
D4:F5:47:82:0E:C6,ALL,udp:47042,8.8.8.8*,2,164,1,74,1,90
D4:F5:47:82:0E:C6,ALL,udp:48697,192.168.3.117*,2,176,1,102,1,74
D4:F5:47:82:0E:C6,ALL,udp:48697,8.8.8.8*,2,176,1,74,1,102
D4:F5:47:82:0E:C6,ALL,udp:41783,142.250.64.78*,26,12751,16,9532,10,3219
D4:F5:47:82:0E:C6,ALL,udp:41783,8.8.8.8*,2,164,1,74,1,90
D4:F5:47:82:0E:C6,ALL,udp:42276,192.168.3.117*,2,176,1,102,1,74
D4:F5:47:82:0E:C6,ALL,udp:42276,8.8.8.8*,2,176,1,74,1,102
D4:F5:47:82:0E:C6,ALL,udp:33934,192.168.3.117*,2,176,1,102,1,74
D4:F5:47:82:0E:C6,ALL,udp:33934,8.8.8.8*,2,176,1,74,1,102
D4:F5:47:82:0E:C6,ALL,udp:43160,192.168.3.117*,2,164,1,90,1,74
D4:F5:47:82:0E:C6,ALL,udp:43160,8.8.8.8*,2,164,1,74,1,90
D4:F5:47:82:0E:C6,ALL,udp:37555,192.168.3.117*,2,164,1,90,1,74
D4:F5:47:82:0E:C6,ALL,udp:37555,8.8.8.8*,2,164,1,74,1,90
D4:F5:47:82:0E:C6,ALL,udp:35736,192.168.3.117*,2,176,1,102,1,74
D4:F5:47:82:0E:C6,ALL,udp:35736,8.8.8.8*,2,176,1,74,1,102
D4:F5:47:82:0E:C6,ALL,udp:49174,192.168.3.117*,2,164,1,90,1,74
D4:F5:47:82:0E:C6,ALL,udp:49174,8.8.8.8*,2,164,1,74,1,90
D4:F5:47:82:0E:C6,ALL,udp:39368,192.168.3.117*,2,164,1,90,1,74
D4:F5:47:82:0E:C6,ALL,udp:39368,8.8.8.8*,2,164,1,74,1,90
D4:F5:47:82:0E:C6,ALL,udp:43947,192.168.3.117*,2,176,1,102,1,74
D4:F5:47:82:0E:C6,ALL,udp:43947,8.8.8.8*,2,176,1,74,1,102
D4:F5:47:82:0E:C6,ALL,udp:41854,192.168.3.117*,2,164,1,90,1,74
D4:F5:47:82:0E:C6,ALL,udp:41854,8.8.8.8*,2,164,1,74,1,90
D4:F5:47:82:0E:C6,ALL,udp:35778,192.168.3.117*,2,164,1,90,1,74
D4:F5:47:82:0E:C6,ALL,udp:35778,8.8.8.8*,2,164,1,74,1,90
D4:F5:47:82:0E:C6,ALL,udp:51443,192.168.3.117*,2,176,1,102,1,74
D4:F5:47:82:0E:C6,ALL,udp:51443,8.8.8.8*,2,176,1,74,1,102
D4:F5:47:82:0E:C6,ALL,udp:48778,192.168.3.117*,2,198,1,119,1,79
D4:F5:47:82:0E:C6,ALL,udp:48778,8.8.8.8*,2,198,1,79,1,119
D4:F5:47:82:0E:C6,ALL,udp:42789,192.168.3.117*,2,164,1,90,1,74
D4:F5:47:82:0E:C6,ALL,udp:42789,8.8.8.8*,2,164,1,74,1,90
D4:F5:47:82:0E:C6,ALL,udp:34309,192.168.3.117*,2,176,1,102,1,74
D4:F5:47:82:0E:C6,ALL,udp:34309,8.8.8.8*,2,176,1,74,1,102
D4:F5:47:82:0E:C6,ALL,udp:60797,192.168.3.117*,2,164,1,90,1,74
D4:F5:47:82:0E:C6,ALL,udp:60797,8.8.8.8*,2,164,1,74,1,90
D4:F5:47:82:0E:C6,ALL,udp:34881,192.168.3.117*,2,176,1,102,1,74
D4:F5:47:82:0E:C6,ALL,udp:34881,8.8.8.8*,2,176,1,74,1,102
D4:F5:47:82:0E:C6,ALL,udp:54081,192.168.3.117*,2,164,1,90,1,74
D4:F5:47:82:0E:C6,ALL,udp:54081,8.8.8.8*,2,164,1,74,1,90
D4:F5:47:82:0E:C6,ALL,udp:47338,192.168.3.117*,2,176,1,102,1,74
D4:F5:47:82:0E:C6,ALL,udp:47338,8.8.8.8*,2,176,1,74,1,102
D4:F5:47:82:0E:C6,ALL,udp:55137,192.168.3.117*,2,164,1,90,1,74
D4:F5:47:82:0E:C6,ALL,udp:55137,8.8.8.8*,2,164,1,74,1,90
D4:F5:47:82:0E:C6,ALL,udp:41440,192.168.3.117*,2,176,1,102,1,74
D4:F5:47:82:0E:C6,ALL,udp:41440,8.8.8.8*,2,176,1,74,1,102
D4:F5:47:82:0E:C6,ALL,udp:48529,192.168.3.117*,2,164,1,90,1,74
D4:F5:47:82:0E:C6,ALL,udp:48529,8.8.8.8*,2,164,1,74,1,90
D4:F5:47:82:0E:C6,ALL,udp:46389,142.251.32.110*,20,12225,13,9201,7,3024
D4:F5:47:82:0E:C6,ALL,udp:46389,8.8.8.8*,2,176,1,74,1,102
D4:F5:47:82:0E:C6,ALL,udp:41545,192.168.3.117*,2,198,1,119,1,79
D4:F5:47:82:0E:C6,ALL,udp:41545,8.8.8.8*,2,198,1,79,1,119
D4:F5:47:82:0E:C6,ALL,udp:43523,192.168.3.117*,2,164,1,90,1,74
D4:F5:47:82:0E:C6,ALL,udp:43523,8.8.8.8*,2,164,1,74,1,90
D4:F5:47:82:0E:C6,ALL,udp:59332,192.168.3.117*,2,176,1,102,1,74
D4:F5:47:82:0E:C6,ALL,udp:59332,8.8.8.8*,2,176,1,74,1,102
D4:F5:47:82:0E:C6,ALL,udp:51048,192.168.3.117*,2,164,1,90,1,74
D4:F5:47:82:0E:C6,ALL,udp:51048,8.8.8.8*,2,164,1,74,1,90
D4:F5:47:82:0E:C6,ALL,udp:37691,192.168.3.117*,2,176,1,102,1,74
D4:F5:47:82:0E:C6,ALL,udp:37691,8.8.8.8*,2,176,1,74,1,102
D4:F5:47:82:0E:C6,ALL,udp:56388,192.168.3.117*,2,164,1,90,1,74
D4:F5:47:82:0E:C6,ALL,udp:56388,8.8.8.8*,2,164,1,74,1,90
D4:F5:47:82:0E:C6,ALL,udp:53210,192.168.3.117*,2,176,1,102,1,74
D4:F5:47:82:0E:C6,ALL,udp:53210,8.8.8.8*,2,176,1,74,1,102
D4:F5:47:82:0E:C6,ALL,udp:50082,192.168.3.117*,2,176,1,102,1,74
D4:F5:47:82:0E:C6,ALL,udp:50082,8.8.8.8*,2,176,1,74,1,102
D4:F5:47:82:0E:C6,ALL,udp:46371,192.168.3.117*,2,164,1,90,1,74
D4:F5:47:82:0E:C6,ALL,udp:46371,8.8.8.8*,2,164,1,74,1,90
D4:F5:47:82:0E:C6,ALL,udp:59682,192.168.3.117*,2,176,1,102,1,74
D4:F5:47:82:0E:C6,ALL,udp:59682,8.8.8.8*,2,176,1,74,1,102
D4:F5:47:82:0E:C6,ALL,udp:44310,192.168.3.117*,2,164,1,90,1,74
D4:F5:47:82:0E:C6,ALL,udp:44310,8.8.8.8*,2,164,1,74,1,90
D4:F5:47:82:0E:C6,ALL,udp:48989,192.168.3.117*,2,176,1,102,1,74
D4:F5:47:82:0E:C6,ALL,udp:48989,8.8.8.8*,2,176,1,74,1,102
D4:F5:47:82:0E:C6,ALL,udp:45252,192.168.3.117*,2,164,1,90,1,74
D4:F5:47:82:0E:C6,ALL,udp:45252,8.8.8.8*,2,164,1,74,1,90
D4:F5:47:82:0E:C6,ALL,udp:42252,192.168.3.117*,2,176,1,102,1,74
D4:F5:47:82:0E:C6,ALL,udp:42252,8.8.8.8*,2,176,1,74,1,102
D4:F5:47:82:0E:C6,ALL,udp:52299,192.168.3.117*,2,164,1,90,1,74
D4:F5:47:82:0E:C6,ALL,udp:52299,8.8.8.8*,2,164,1,74,1,90
D4:F5:47:82:0E:C6,ALL,udp:58418,192.168.3.117*,2,176,1,102,1,74
D4:F5:47:82:0E:C6,ALL,udp:58418,8.8.8.8*,2,176,1,74,1,102
D4:F5:47:82:0E:C6,ALL,udp:37880,192.168.3.117*,2,176,1,102,1,74
D4:F5:47:82:0E:C6,ALL,udp:37880,8.8.8.8*,2,176,1,74,1,102
D4:F5:47:82:0E:C6,ALL,udp:52791,192.168.3.117*,2,164,1,90,1,74
D4:F5:47:82:0E:C6,ALL,udp:52791,8.8.8.8*,2,164,1,74,1,90
D4:F5:47:82:0E:C6,ALL,udp:37612,192.168.3.117*,2,164,1,90,1,74
D4:F5:47:82:0E:C6,ALL,udp:37612,8.8.8.8*,2,164,1,74,1,90
D4:F5:47:82:0E:C6,ALL,udp:51575,192.168.3.117*,2,176,1,102,1,74
D4:F5:47:82:0E:C6,ALL,udp:51575,8.8.8.8*,2,176,1,74,1,102
D4:F5:47:82:0E:C6,ALL,udp:52255,142.251.32.110*,26,12747,16,9528,10,3219
D4:F5:47:82:0E:C6,ALL,udp:52255,8.8.8.8*,2,164,1,74,1,90
D4:F5:47:82:0E:C6,ALL,udp:58196,192.168.3.117*,2,176,1,102,1,74
D4:F5:47:82:0E:C6,ALL,udp:58196,8.8.8.8*,2,176,1,74,1,102
D4:F5:47:82:0E:C6,ALL,udp:59686,192.168.3.117*,2,164,1,90,1,74
D4:F5:47:82:0E:C6,ALL,udp:59686,8.8.8.8*,2,164,1,74,1,90
D4:F5:47:82:0E:C6,ALL,udp:48100,192.168.3.117*,2,176,1,102,1,74
D4:F5:47:82:0E:C6,ALL,udp:48100,8.8.8.8*,2,176,1,74,1,102
D4:F5:47:82:0E:C6,ALL,udp:58762,192.168.3.117*,2,164,1,90,1,74
D4:F5:47:82:0E:C6,ALL,udp:58762,8.8.8.8*,2,164,1,74,1,90
D4:F5:47:82:0E:C6,ALL,udp:48087,192.168.3.117*,2,176,1,102,1,74
D4:F5:47:82:0E:C6,ALL,udp:48087,8.8.8.8*,2,176,1,74,1,102
D4:F5:47:82:0E:C6,ALL,udp:35632,192.168.3.117*,2,176,1,102,1,74
D4:F5:47:82:0E:C6,ALL,udp:35632,8.8.8.8*,2,176,1,74,1,102
D4:F5:47:82:0E:C6,ALL,udp:42283,192.168.3.117*,2,164,1,90,1,74
D4:F5:47:82:0E:C6,ALL,udp:42283,8.8.8.8*,2,164,1,74,1,90
D4:F5:47:82:0E:C6,ALL,udp:39034,192.168.3.117*,2,164,1,90,1,74
D4:F5:47:82:0E:C6,ALL,udp:39034,8.8.8.8*,2,164,1,74,1,90
D4:F5:47:82:0E:C6,ALL,udp:36076,192.168.3.117*,2,164,1,90,1,74
D4:F5:47:82:0E:C6,ALL,udp:36076,8.8.8.8*,2,164,1,74,1,90
D4:F5:47:82:0E:C6,ALL,udp:60422,192.168.3.117*,2,176,1,102,1,74
D4:F5:47:82:0E:C6,ALL,udp:60422,8.8.8.8*,2,176,1,74,1,102
D4:F5:47:82:0E:C6,ALL,udp:38332,192.168.3.117*,2,176,1,102,1,74
D4:F5:47:82:0E:C6,ALL,udp:38332,8.8.8.8*,2,176,1,74,1,102
D4:F5:47:82:0E:C6,ALL,udp:43876,192.168.3.117*,2,198,1,119,1,79
D4:F5:47:82:0E:C6,ALL,udp:43876,8.8.8.8*,2,198,1,79,1,119
D4:F5:47:82:0E:C6,ALL,udp:60933,192.168.3.117*,2,176,1,102,1,74
D4:F5:47:82:0E:C6,ALL,udp:60933,8.8.8.8*,2,176,1,74,1,102
D4:F5:47:82:0E:C6,ALL,udp:44298,192.168.3.117*,2,164,1,90,1,74
D4:F5:47:82:0E:C6,ALL,udp:44298,8.8.8.8*,2,164,1,74,1,90
D4:F5:47:82:0E:C6,ALL,udp:54115,192.168.3.117*,2,176,1,102,1,74
D4:F5:47:82:0E:C6,ALL,udp:54115,8.8.8.8*,2,176,1,74,1,102
D4:F5:47:82:0E:C6,ALL,udp:50390,192.168.3.117*,2,194,1,105,1,89
D4:F5:47:82:0E:C6,ALL,udp:50390,8.8.8.8*,2,194,1,89,1,105
D4:F5:47:82:0E:C6,ALL,udp:40906,192.168.3.117*,2,164,1,90,1,74
D4:F5:47:82:0E:C6,ALL,udp:40906,8.8.8.8*,2,164,1,74,1,90
D4:F5:47:82:0E:C6,ALL,udp:57901,192.168.3.117*,2,164,1,90,1,74
D4:F5:47:82:0E:C6,ALL,udp:57901,8.8.8.8*,2,164,1,74,1,90
D4:F5:47:82:0E:C6,ALL,udp:37779,192.168.3.117*,2,164,1,90,1,74
D4:F5:47:82:0E:C6,ALL,udp:37779,8.8.8.8*,2,164,1,74,1,90
D4:F5:47:82:0E:C6,ALL,udp:39058,192.168.3.117*,2,176,1,102,1,74
D4:F5:47:82:0E:C6,ALL,udp:39058,8.8.8.8*,2,176,1,74,1,102
D4:F5:47:82:0E:C6,ALL,udp:36413,192.168.3.117*,2,176,1,102,1,74
D4:F5:47:82:0E:C6,ALL,udp:36413,8.8.8.8*,2,176,1,74,1,102
D4:F5:47:82:0E:C6,ALL,udp:36390,192.168.3.117*,2,164,1,90,1,74
D4:F5:47:82:0E:C6,ALL,udp:36390,8.8.8.8*,2,164,1,74,1,90
D4:F5:47:82:0E:C6,ALL,udp:58408,192.168.3.117*,2,164,1,90,1,74
D4:F5:47:82:0E:C6,ALL,udp:58408,8.8.8.8*,2,164,1,74,1,90
D4:F5:47:82:0E:C6,ALL,udp:57260,192.168.3.117*,2,164,1,90,1,74
D4:F5:47:82:0E:C6,ALL,udp:57260,8.8.8.8*,2,164,1,74,1,90
D4:F5:47:82:0E:C6,ALL,udp:36747,192.168.3.117*,2,164,1,90,1,74
D4:F5:47:82:0E:C6,ALL,udp:36747,8.8.8.8*,2,164,1,74,1,90
D4:F5:47:82:0E:C6,ALL,udp:52583,192.168.3.117*,2,176,1,102,1,74
D4:F5:47:82:0E:C6,ALL,udp:52583,8.8.8.8*,2,176,1,74,1,102
D4:F5:47:82:0E:C6,ALL,udp:60704,192.168.3.117*,2,198,1,119,1,79
D4:F5:47:82:0E:C6,ALL,udp:60704,8.8.8.8*,2,198,1,79,1,119
D4:F5:47:82:0E:C6,ALL,udp:38359,192.168.3.117*,2,194,1,105,1,89
D4:F5:47:82:0E:C6,ALL,udp:38359,8.8.8.8*,2,194,1,89,1,105
D4:F5:47:82:0E:C6,ALL,udp:59864,192.168.3.117*,2,197,1,121,1,76
D4:F5:47:82:0E:C6,ALL,udp:59864,8.8.8.8*,2,197,1,76,1,121
D4:F5:47:82:0E:C6,ALL,udp:58169,192.168.3.117*,2,198,1,119,1,79
D4:F5:47:82:0E:C6,ALL,udp:58169,8.8.8.8*,2,198,1,79,1,119
D4:F5:47:82:0E:C6,ALL,udp:55865,192.168.3.117*,2,198,1,119,1,79
D4:F5:47:82:0E:C6,ALL,udp:55865,8.8.8.8*,2,198,1,79,1,119
D4:F5:47:82:0E:C6,ALL,udp:57577,192.168.3.117*,2,156,1,86,1,70
D4:F5:47:82:0E:C6,ALL,udp:57577,8.8.8.8*,2,156,1,70,1,86
D4:F5:47:82:0E:C6,ALL,udp:37264,192.168.3.117*,2,213,1,126,1,87
D4:F5:47:82:0E:C6,ALL,udp:37264,8.8.8.8*,2,213,1,87,1,126
D4:F5:47:82:0E:C6,ALL,udp:51447,192.168.3.117*,2,213,1,126,1,87
D4:F5:47:82:0E:C6,ALL,udp:51447,8.8.8.8*,2,213,1,87,1,126
D4:F5:47:82:0E:C6,ALL,udp:39150,192.168.3.117*,2,213,1,126,1,87
D4:F5:47:82:0E:C6,ALL,udp:39150,8.8.8.8*,2,213,1,87,1,126
D4:F5:47:82:0E:C6,ALL,udp:50601,192.168.3.117*,2,213,1,126,1,87
D4:F5:47:82:0E:C6,ALL,udp:50601,8.8.8.8*,2,213,1,87,1,126
D4:F5:47:82:0E:C6,ALL,udp:59678,192.168.3.117*,2,213,1,126,1,87
D4:F5:47:82:0E:C6,ALL,udp:59678,8.8.8.8*,2,213,1,87,1,126
D4:F5:47:82:0E:C6,ALL,udp:37984,192.168.3.117*,2,213,1,126,1,87
D4:F5:47:82:0E:C6,ALL,udp:37984,8.8.8.8*,2,213,1,87,1,126
D4:F5:47:82:0E:C6,ALL,udp:37536,192.168.3.117*,2,213,1,126,1,87
D4:F5:47:82:0E:C6,ALL,udp:37536,8.8.8.8*,2,213,1,87,1,126
D4:F5:47:82:0E:C6,ALL,udp:59763,192.168.3.117*,2,198,1,119,1,79
D4:F5:47:82:0E:C6,ALL,udp:59763,8.8.8.8*,2,198,1,79,1,119
D4:F5:47:82:0E:C6,ALL,udp:51130,192.168.3.117*,2,198,1,119,1,79
D4:F5:47:82:0E:C6,ALL,udp:51130,8.8.8.8*,2,198,1,79,1,119
D4:F5:47:82:0E:C6,ALL,udp:51311,192.168.3.117*,2,194,1,105,1,89
D4:F5:47:82:0E:C6,ALL,udp:51311,8.8.8.8*,2,194,1,89,1,105
D4:F5:47:82:0E:C6,ALL,udp:42503,192.168.3.117*,2,198,1,119,1,79
D4:F5:47:82:0E:C6,ALL,udp:42503,8.8.8.8*,2,198,1,79,1,119
D4:F5:47:82:0E:C6,ALL,udp:59289,192.168.3.117*,2,198,1,119,1,79
D4:F5:47:82:0E:C6,ALL,udp:59289,8.8.8.8*,2,198,1,79,1,119
D4:F5:47:82:0E:C6,ALL,udp:46345,192.168.3.117*,2,194,1,105,1,89
D4:F5:47:82:0E:C6,ALL,udp:46345,8.8.8.8*,2,194,1,89,1,105
D4:F5:47:82:0E:C6,ALL,udp:44127,192.168.3.117*,2,198,1,119,1,79
D4:F5:47:82:0E:C6,ALL,udp:44127,8.8.8.8*,2,198,1,79,1,119
D4:F5:47:82:0E:C6,ALL,udp:55838,192.168.3.117*,2,198,1,119,1,79
D4:F5:47:82:0E:C6,ALL,udp:55838,8.8.8.8*,2,198,1,79,1,119
D4:F5:47:82:0E:C6,ALL,udp:48255,192.168.3.117*,2,194,1,105,1,89
D4:F5:47:82:0E:C6,ALL,udp:48255,8.8.8.8*,2,194,1,89,1,105
D4:F5:47:82:0E:C6,ALL,udp:52043,192.168.3.117*,2,198,1,119,1,79
D4:F5:47:82:0E:C6,ALL,udp:52043,8.8.8.8*,2,198,1,79,1,119
D4:F5:47:82:0E:C6,ALL,udp:54995,192.168.3.117*,2,156,1,86,1,70
D4:F5:47:82:0E:C6,ALL,udp:54995,8.8.8.8*,2,156,1,70,1,86
D4:F5:47:82:0E:C6,ALL,udp:42261,192.168.3.117*,2,213,1,126,1,87
D4:F5:47:82:0E:C6,ALL,udp:42261,8.8.8.8*,2,213,1,87,1,126
D4:F5:47:82:0E:C6,ALL,udp:53948,192.168.3.117*,2,213,1,126,1,87
D4:F5:47:82:0E:C6,ALL,udp:53948,8.8.8.8*,2,213,1,87,1,126
D4:F5:47:82:0E:C6,ALL,udp:55789,216.239.35.8,2,180,1,90,1,90
D4:F5:47:82:0E:C6,ALL,udp:55789,8.8.8.8,2,213,1,87,1,126
D4:F5:47:82:0E:C6,ALL,udp:43350,192.168.3.117*,2,213,1,126,1,87
D4:F5:47:82:0E:C6,ALL,udp:43350,8.8.8.8*,2,213,1,87,1,126
D4:F5:47:82:0E:C6,ALL,udp:39084,192.168.3.117*,2,213,1,126,1,87
D4:F5:47:82:0E:C6,ALL,udp:39084,8.8.8.8*,2,213,1,87,1,126
D4:F5:47:82:0E:C6,ALL,udp:49966,192.168.3.117*,2,198,1,119,1,79
D4:F5:47:82:0E:C6,ALL,udp:49966,8.8.8.8*,2,198,1,79,1,119
D4:F5:47:82:0E:C6,ALL,udp:43029,192.168.3.117*,2,198,1,119,1,79
D4:F5:47:82:0E:C6,ALL,udp:43029,8.8.8.8*,2,198,1,79,1,119
D4:F5:47:82:0E:C6,ALL,udp:54897,192.168.3.117*,2,198,1,119,1,79
D4:F5:47:82:0E:C6,ALL,udp:54897,8.8.8.8*,2,198,1,79,1,119
D4:F5:47:82:0E:C6,ALL,udp:38057,192.168.3.117*,2,198,1,119,1,79
D4:F5:47:82:0E:C6,ALL,udp:38057,8.8.8.8*,2,198,1,79,1,119
D4:F5:47:82:0E:C6,ALL,udp:40256,192.168.3.117*,2,194,1,105,1,89
D4:F5:47:82:0E:C6,ALL,udp:40256,8.8.8.8*,2,194,1,89,1,105
D4:F5:47:82:0E:C6,ALL,udp:38822,192.168.3.117*,2,198,1,119,1,79
D4:F5:47:82:0E:C6,ALL,udp:38822,8.8.8.8*,2,198,1,79,1,119
D4:F5:47:82:0E:C6,ALL,udp:51781,192.168.3.117*,2,198,1,119,1,79
D4:F5:47:82:0E:C6,ALL,udp:51781,8.8.8.8*,2,198,1,79,1,119
D4:F5:47:82:0E:C6,ALL,udp:45016,192.168.3.117*,2,194,1,105,1,89
D4:F5:47:82:0E:C6,ALL,udp:45016,8.8.8.8*,2,194,1,89,1,105
D4:F5:47:82:0E:C6,ALL,udp:36502,192.168.3.117*,2,198,1,119,1,79
D4:F5:47:82:0E:C6,ALL,udp:36502,8.8.8.8*,2,198,1,79,1,119
D4:F5:47:82:0E:C6,ALL,udp:43852,192.168.3.117*,2,198,1,119,1,79
D4:F5:47:82:0E:C6,ALL,udp:43852,8.8.8.8*,2,198,1,79,1,119
D4:F5:47:82:0E:C6,ALL,udp:44667,192.168.3.117*,2,194,1,105,1,89
D4:F5:47:82:0E:C6,ALL,udp:44667,8.8.8.8*,2,194,1,89,1,105
D4:F5:47:82:0E:C6,ALL,udp:57614,192.168.3.117*,2,213,1,126,1,87
D4:F5:47:82:0E:C6,ALL,udp:57614,8.8.8.8*,2,213,1,87,1,126
D4:F5:47:82:0E:C6,ALL,udp:39761,192.168.3.117*,2,213,1,126,1,87
D4:F5:47:82:0E:C6,ALL,udp:39761,8.8.8.8*,2,213,1,87,1,126
D4:F5:47:82:0E:C6,ALL,udp:33552,192.168.3.117*,2,213,1,126,1,87
D4:F5:47:82:0E:C6,ALL,udp:33552,8.8.8.8*,2,213,1,87,1,126
D4:F5:47:82:0E:C6,ALL,udp:53891,192.168.3.117*,2,213,1,126,1,87
D4:F5:47:82:0E:C6,ALL,udp:53891,8.8.8.8*,2,213,1,87,1,126
D4:F5:47:82:0E:C6,ALL,udp:38586,192.168.3.117*,2,213,1,126,1,87
D4:F5:47:82:0E:C6,ALL,udp:38586,8.8.8.8*,2,213,1,87,1,126
D4:F5:47:82:0E:C6,ALL,udp:33685,192.168.3.117*,2,213,1,126,1,87
D4:F5:47:82:0E:C6,ALL,udp:33685,8.8.8.8*,2,213,1,87,1,126
D4:F5:47:82:0E:C6,ALL,udp:43157,192.168.3.117*,2,213,1,126,1,87
D4:F5:47:82:0E:C6,ALL,udp:43157,8.8.8.8*,2,213,1,87,1,126
D4:F5:47:82:0E:C6,ALL,udp:33994,192.168.3.117*,2,198,1,119,1,79
D4:F5:47:82:0E:C6,ALL,udp:33994,8.8.8.8*,2,198,1,79,1,119
D4:F5:47:82:0E:C6,ALL,udp:49822,192.168.3.117*,2,198,1,119,1,79
D4:F5:47:82:0E:C6,ALL,udp:49822,8.8.8.8*,2,198,1,79,1,119
D4:F5:47:82:0E:C6,ALL,udp:52253,192.168.3.117*,2,194,1,105,1,89
D4:F5:47:82:0E:C6,ALL,udp:52253,8.8.8.8*,2,194,1,89,1,105
D4:F5:47:82:0E:C6,ALL,udp:46387,192.168.3.117*,2,198,1,119,1,79
D4:F5:47:82:0E:C6,ALL,udp:46387,8.8.8.8*,2,198,1,79,1,119
D4:F5:47:82:0E:C6,ALL,udp:55280,192.168.3.117*,2,198,1,119,1,79
D4:F5:47:82:0E:C6,ALL,udp:55280,8.8.8.8*,2,198,1,79,1,119
D4:F5:47:82:0E:C6,ALL,udp:58502,192.168.3.117*,2,198,1,119,1,79
D4:F5:47:82:0E:C6,ALL,udp:58502,8.8.8.8*,2,198,1,79,1,119
D4:F5:47:82:0E:C6,ALL,udp:46770,192.168.3.117*,2,194,1,105,1,89
D4:F5:47:82:0E:C6,ALL,udp:46770,8.8.8.8*,2,194,1,89,1,105
D4:F5:47:82:0E:C6,ALL,udp:56347,192.168.3.117*,2,198,1,119,1,79
D4:F5:47:82:0E:C6,ALL,udp:56347,8.8.8.8*,2,198,1,79,1,119
D4:F5:47:82:0E:C6,ALL,udp:52789,192.168.3.117*,2,166,1,91,1,75
D4:F5:47:82:0E:C6,ALL,udp:52789,8.8.8.8*,2,166,1,75,1,91
D4:F5:47:82:0E:C6,ALL,udp:51525,192.168.3.117*,2,198,1,119,1,79
D4:F5:47:82:0E:C6,ALL,udp:51525,8.8.8.8*,2,198,1,79,1,119
D4:F5:47:82:0E:C6,ALL,udp:54922,192.168.3.117*,2,194,1,105,1,89
D4:F5:47:82:0E:C6,ALL,udp:54922,8.8.8.8*,2,194,1,89,1,105
D4:F5:47:82:0E:C6,ALL,udp:34554,192.168.3.117*,2,198,1,119,1,79
D4:F5:47:82:0E:C6,ALL,udp:34554,8.8.8.8*,2,198,1,79,1,119
D4:F5:47:82:0E:C6,ALL,udp:50212,192.168.3.117*,2,213,1,126,1,87
D4:F5:47:82:0E:C6,ALL,udp:50212,8.8.8.8*,2,213,1,87,1,126
D4:F5:47:82:0E:C6,ALL,udp:34972,192.168.3.117*,2,213,1,126,1,87
D4:F5:47:82:0E:C6,ALL,udp:34972,8.8.8.8*,2,213,1,87,1,126
D4:F5:47:82:0E:C6,ALL,udp:43025,192.168.3.117*,2,213,1,126,1,87
D4:F5:47:82:0E:C6,ALL,udp:43025,8.8.8.8*,2,213,1,87,1,126
D4:F5:47:82:0E:C6,ALL,udp:51128,192.168.3.117*,2,213,1,126,1,87
D4:F5:47:82:0E:C6,ALL,udp:51128,8.8.8.8*,2,213,1,87,1,126
D4:F5:47:82:0E:C6,ALL,udp:60234,192.168.3.117*,2,213,1,126,1,87
D4:F5:47:82:0E:C6,ALL,udp:60234,8.8.8.8*,2,213,1,87,1,126
D4:F5:47:82:0E:C6,ALL,udp:42510,216.239.35.4,2,180,1,90,1,90
D4:F5:47:82:0E:C6,ALL,udp:42510,8.8.8.8,2,213,1,87,1,126
D4:F5:47:82:0E:C6,ALL,udp:58419,142.251.32.110*,23,12424,13,9205,10,3219
D4:F5:47:82:0E:C6,ALL,udp:58419,8.8.8.8*,2,194,1,89,1,105
D4:F5:47:82:0E:C6,ALL,udp:41627,192.168.3.117*,2,198,1,119,1,79
D4:F5:47:82:0E:C6,ALL,udp:41627,8.8.8.8*,2,198,1,79,1,119
D4:F5:47:82:0E:C6,ALL,udp:60402,192.168.3.117*,2,198,1,119,1,79
D4:F5:47:82:0E:C6,ALL,udp:60402,8.8.8.8*,2,198,1,79,1,119
D4:F5:47:82:0E:C6,ALL,udp:52525,192.168.3.117*,2,194,1,105,1,89
D4:F5:47:82:0E:C6,ALL,udp:52525,8.8.8.8*,2,194,1,89,1,105
D4:F5:47:82:0E:C6,ALL,udp:42846,192.168.3.117*,2,198,1,119,1,79
D4:F5:47:82:0E:C6,ALL,udp:42846,8.8.8.8*,2,198,1,79,1,119
D4:F5:47:82:0E:C6,ALL,udp:34290,192.168.3.117*,2,194,1,105,1,89
D4:F5:47:82:0E:C6,ALL,udp:34290,8.8.8.8*,2,194,1,89,1,105
D4:F5:47:82:0E:C6,ALL,udp:54302,192.168.3.117*,2,164,1,90,1,74
D4:F5:47:82:0E:C6,ALL,udp:54302,8.8.8.8*,2,164,1,74,1,90
D4:F5:47:82:0E:C6,ALL,udp:56715,192.168.3.117*,2,198,1,119,1,79
D4:F5:47:82:0E:C6,ALL,udp:56715,8.8.8.8*,2,198,1,79,1,119
D4:F5:47:82:0E:C6,ALL,udp:58896,192.168.3.117*,2,198,1,119,1,79
D4:F5:47:82:0E:C6,ALL,udp:58896,8.8.8.8*,2,198,1,79,1,119
D4:F5:47:82:0E:C6,ALL,udp:47887,142.250.64.78*,20,10875,12,7361,8,3514
D4:F5:47:82:0E:C6,ALL,udp:47887,8.8.8.8*,2,194,1,89,1,105
D4:F5:47:82:0E:C6,ALL,udp:43359,192.168.3.117*,2,198,1,119,1,79
D4:F5:47:82:0E:C6,ALL,udp:43359,8.8.8.8*,2,198,1,79,1,119
D4:F5:47:82:0E:C6,ALL,udp:52512,192.168.3.117*,2,156,1,86,1,70
D4:F5:47:82:0E:C6,ALL,udp:52512,8.8.8.8*,2,156,1,70,1,86
D4:F5:47:82:0E:C6,ALL,udp:32924,192.168.3.117*,2,213,1,126,1,87
D4:F5:47:82:0E:C6,ALL,udp:32924,8.8.8.8*,2,213,1,87,1,126
D4:F5:47:82:0E:C6,ALL,udp:39188,192.168.3.117*,2,213,1,126,1,87
D4:F5:47:82:0E:C6,ALL,udp:39188,8.8.8.8*,2,213,1,87,1,126
D4:F5:47:82:0E:C6,ALL,udp:34896,192.168.3.117*,2,213,1,126,1,87
D4:F5:47:82:0E:C6,ALL,udp:34896,8.8.8.8*,2,213,1,87,1,126
D4:F5:47:82:0E:C6,ALL,udp:48548,192.168.3.117*,2,213,1,126,1,87
D4:F5:47:82:0E:C6,ALL,udp:48548,8.8.8.8*,2,213,1,87,1,126
D4:F5:47:82:0E:C6,ALL,udp:56960,192.168.3.117*,2,213,1,126,1,87
D4:F5:47:82:0E:C6,ALL,udp:56960,8.8.8.8*,2,213,1,87,1,126
D4:F5:47:82:0E:C6,ALL,udp:58105,192.168.3.117*,2,194,1,105,1,89
D4:F5:47:82:0E:C6,ALL,udp:58105,8.8.8.8*,2,194,1,89,1,105
D4:F5:47:82:0E:C6,ALL,udp:42803,192.168.3.117*,2,164,1,90,1,74
D4:F5:47:82:0E:C6,ALL,udp:42803,8.8.8.8*,2,164,1,74,1,90
D4:F5:47:82:0E:C6,ALL,udp:40502,192.168.3.117*,2,198,1,119,1,79
D4:F5:47:82:0E:C6,ALL,udp:40502,8.8.8.8*,2,198,1,79,1,119
D4:F5:47:82:0E:C6,ALL,udp:36268,192.168.3.117*,2,198,1,119,1,79
D4:F5:47:82:0E:C6,ALL,udp:36268,8.8.8.8*,2,198,1,79,1,119
D4:F5:47:82:0E:C6,ALL,udp:41290,192.168.3.117*,2,198,1,119,1,79
D4:F5:47:82:0E:C6,ALL,udp:41290,8.8.8.8*,2,198,1,79,1,119
D4:F5:47:82:0E:C6,ALL,udp:57208,192.168.3.117*,2,176,1,102,1,74
D4:F5:47:82:0E:C6,ALL,udp:57208,8.8.8.8*,2,176,1,74,1,102
D4:F5:47:82:0E:C6,ALL,udp:50272,192.168.3.117*,2,164,1,90,1,74
D4:F5:47:82:0E:C6,ALL,udp:50272,8.8.8.8*,2,164,1,74,1,90
D4:F5:47:82:0E:C6,ALL,udp:35419,192.168.3.117*,2,176,1,102,1,74
D4:F5:47:82:0E:C6,ALL,udp:35419,8.8.8.8*,2,176,1,74,1,102
D4:F5:47:82:0E:C6,ALL,udp:52238,192.168.3.117*,2,164,1,90,1,74
D4:F5:47:82:0E:C6,ALL,udp:52238,8.8.8.8*,2,164,1,74,1,90
D4:F5:47:82:0E:C6,ALL,udp:56376,192.168.3.117*,2,176,1,102,1,74
D4:F5:47:82:0E:C6,ALL,udp:56376,8.8.8.8*,2,176,1,74,1,102
D4:F5:47:82:0E:C6,ALL,udp:48708,192.168.3.117*,2,164,1,90,1,74
D4:F5:47:82:0E:C6,ALL,udp:48708,8.8.8.8*,2,164,1,74,1,90
D4:F5:47:82:0E:C6,ALL,udp:35453,192.168.3.117*,2,176,1,102,1,74
D4:F5:47:82:0E:C6,ALL,udp:35453,8.8.8.8*,2,176,1,74,1,102
D4:F5:47:82:0E:C6,ALL,udp:47810,192.168.3.117*,2,176,1,102,1,74
D4:F5:47:82:0E:C6,ALL,udp:47810,8.8.8.8*,2,176,1,74,1,102
D4:F5:47:82:0E:C6,ALL,udp:36532,192.168.3.117*,2,164,1,90,1,74
D4:F5:47:82:0E:C6,ALL,udp:36532,8.8.8.8*,2,164,1,74,1,90
D4:F5:47:82:0E:C6,ALL,udp:41848,192.168.3.117*,2,176,1,102,1,74
D4:F5:47:82:0E:C6,ALL,udp:41848,8.8.8.8*,2,176,1,74,1,102
D4:F5:47:82:0E:C6,ALL,udp:39306,192.168.3.117*,2,176,1,102,1,74
D4:F5:47:82:0E:C6,ALL,udp:39306,8.8.8.8*,2,176,1,74,1,102
D4:F5:47:82:0E:C6,ALL,udp:49950,192.168.3.117*,2,164,1,90,1,74
D4:F5:47:82:0E:C6,ALL,udp:49950,8.8.8.8*,2,164,1,74,1,90
D4:F5:47:82:0E:C6,ALL,udp:41638,192.168.3.117*,2,164,1,90,1,74
D4:F5:47:82:0E:C6,ALL,udp:41638,8.8.8.8*,2,164,1,74,1,90
D4:F5:47:82:0E:C6,ALL,udp:49561,192.168.3.117*,2,176,1,102,1,74
D4:F5:47:82:0E:C6,ALL,udp:49561,8.8.8.8*,2,176,1,74,1,102
D4:F5:47:82:0E:C6,ALL,udp:49409,192.168.3.117*,2,164,1,90,1,74
D4:F5:47:82:0E:C6,ALL,udp:49409,8.8.8.8*,2,164,1,74,1,90
D4:F5:47:82:0E:C6,ALL,udp:48003,192.168.3.117*,2,176,1,102,1,74
D4:F5:47:82:0E:C6,ALL,udp:48003,8.8.8.8*,2,176,1,74,1,102
D4:F5:47:82:0E:C6,ALL,udp:48587,192.168.3.117*,2,164,1,90,1,74
D4:F5:47:82:0E:C6,ALL,udp:48587,8.8.8.8*,2,164,1,74,1,90
D4:F5:47:82:0E:C6,ALL,udp:50398,192.168.3.117*,2,176,1,102,1,74
D4:F5:47:82:0E:C6,ALL,udp:50398,8.8.8.8*,2,176,1,74,1,102
D4:F5:47:82:0E:C6,ALL,udp:33701,192.168.3.117*,2,164,1,90,1,74
D4:F5:47:82:0E:C6,ALL,udp:33701,8.8.8.8*,2,164,1,74,1,90
D4:F5:47:82:0E:C6,ALL,udp:56011,192.168.3.117*,2,176,1,102,1,74
D4:F5:47:82:0E:C6,ALL,udp:56011,8.8.8.8*,2,176,1,74,1,102
D4:F5:47:82:0E:C6,ALL,udp:60282,192.168.3.117*,2,176,1,102,1,74
D4:F5:47:82:0E:C6,ALL,udp:60282,8.8.8.8*,2,176,1,74,1,102
D4:F5:47:82:0E:C6,ALL,udp:55075,192.168.3.117*,2,176,1,102,1,74
D4:F5:47:82:0E:C6,ALL,udp:55075,8.8.8.8*,2,176,1,74,1,102
D4:F5:47:82:0E:C6,ALL,udp:48628,192.168.3.117*,2,176,1,102,1,74
D4:F5:47:82:0E:C6,ALL,udp:48628,8.8.8.8*,2,176,1,74,1,102
D4:F5:47:82:0E:C6,ALL,udp:38625,192.168.3.117*,2,164,1,90,1,74
D4:F5:47:82:0E:C6,ALL,udp:38625,8.8.8.8*,2,164,1,74,1,90
D4:F5:47:82:0E:C6,ALL,udp:43481,192.168.3.117*,2,164,1,90,1,74
D4:F5:47:82:0E:C6,ALL,udp:43481,8.8.8.8*,2,164,1,74,1,90
D4:F5:47:82:0E:C6,ALL,udp:38798,192.168.3.117*,2,176,1,102,1,74
D4:F5:47:82:0E:C6,ALL,udp:38798,8.8.8.8*,2,176,1,74,1,102
D4:F5:47:82:0E:C6,ALL,udp:32916,192.168.3.117*,2,176,1,102,1,74
D4:F5:47:82:0E:C6,ALL,udp:32916,8.8.8.8*,2,176,1,74,1,102
D4:F5:47:82:0E:C6,ALL,udp:45229,192.168.3.117*,2,164,1,90,1,74
D4:F5:47:82:0E:C6,ALL,udp:45229,8.8.8.8*,2,164,1,74,1,90
D4:F5:47:82:0E:C6,ALL,udp:49221,192.168.3.117*,2,176,1,102,1,74
D4:F5:47:82:0E:C6,ALL,udp:49221,8.8.8.8*,2,176,1,74,1,102
D4:F5:47:82:0E:C6,ALL,udp:39145,192.168.3.117*,2,198,1,119,1,79
D4:F5:47:82:0E:C6,ALL,udp:39145,8.8.8.8*,2,198,1,79,1,119
D4:F5:47:82:0E:C6,ALL,udp:58074,192.168.3.117*,2,164,1,90,1,74
D4:F5:47:82:0E:C6,ALL,udp:58074,8.8.8.8*,2,164,1,74,1,90
D4:F5:47:82:0E:C6,ALL,udp:44757,192.168.3.117*,2,176,1,102,1,74
D4:F5:47:82:0E:C6,ALL,udp:44757,8.8.8.8*,2,176,1,74,1,102
D4:F5:47:82:0E:C6,ALL,udp:39420,192.168.3.117*,2,164,1,90,1,74
D4:F5:47:82:0E:C6,ALL,udp:39420,8.8.8.8*,2,164,1,74,1,90
D4:F5:47:82:0E:C6,ALL,udp:60744,192.168.3.117*,2,164,1,90,1,74
D4:F5:47:82:0E:C6,ALL,udp:60744,8.8.8.8*,2,164,1,74,1,90
D4:F5:47:82:0E:C6,ALL,udp:38085,192.168.3.117*,2,176,1,102,1,74
D4:F5:47:82:0E:C6,ALL,udp:38085,8.8.8.8*,2,176,1,74,1,102
D4:F5:47:82:0E:C6,ALL,udp:48337,192.168.3.117*,2,176,1,102,1,74
D4:F5:47:82:0E:C6,ALL,udp:48337,8.8.8.8*,2,176,1,74,1,102
D4:F5:47:82:0E:C6,ALL,udp:53903,192.168.3.117*,2,164,1,90,1,74
D4:F5:47:82:0E:C6,ALL,udp:53903,8.8.8.8*,2,164,1,74,1,90
D4:F5:47:82:0E:C6,ALL,udp:49757,192.168.3.117*,2,176,1,102,1,74
D4:F5:47:82:0E:C6,ALL,udp:49757,8.8.8.8*,2,176,1,74,1,102
D4:F5:47:82:0E:C6,ALL,udp:47444,192.168.3.117*,2,164,1,90,1,74
D4:F5:47:82:0E:C6,ALL,udp:47444,8.8.8.8*,2,164,1,74,1,90
D4:F5:47:82:0E:C6,ALL,udp:45970,192.168.3.117*,2,176,1,102,1,74
D4:F5:47:82:0E:C6,ALL,udp:45970,8.8.8.8*,2,176,1,74,1,102
D4:F5:47:82:0E:C6,ALL,udp:39636,192.168.3.117*,2,164,1,90,1,74
D4:F5:47:82:0E:C6,ALL,udp:39636,8.8.8.8*,2,164,1,74,1,90
D4:F5:47:82:0E:C6,ALL,udp:35116,192.168.3.117*,2,176,1,102,1,74
D4:F5:47:82:0E:C6,ALL,udp:35116,8.8.8.8*,2,176,1,74,1,102
D4:F5:47:82:0E:C6,ALL,udp:40790,192.168.3.117*,2,164,1,90,1,74
D4:F5:47:82:0E:C6,ALL,udp:40790,8.8.8.8*,2,164,1,74,1,90
D4:F5:47:82:0E:C6,ALL,udp:43874,216.239.35.4,2,180,1,90,1,90
D4:F5:47:82:0E:C6,ALL,udp:43874,8.8.8.8,2,176,1,74,1,102
D4:F5:47:82:0E:C6,ALL,udp:43829,192.168.3.117*,2,164,1,90,1,74
D4:F5:47:82:0E:C6,ALL,udp:43829,8.8.8.8*,2,164,1,74,1,90
D4:F5:47:82:0E:C6,ALL,udp:48038,192.168.3.117*,2,164,1,90,1,74
D4:F5:47:82:0E:C6,ALL,udp:48038,8.8.8.8*,2,164,1,74,1,90
D4:F5:47:82:0E:C6,ALL,udp:54643,192.168.3.117*,2,176,1,102,1,74
D4:F5:47:82:0E:C6,ALL,udp:54643,8.8.8.8*,2,176,1,74,1,102
D4:F5:47:82:0E:C6,ALL,udp:47060,192.168.3.117*,2,164,1,90,1,74
D4:F5:47:82:0E:C6,ALL,udp:47060,8.8.8.8*,2,164,1,74,1,90
D4:F5:47:82:0E:C6,ALL,udp:39230,192.168.3.117*,2,176,1,102,1,74
D4:F5:47:82:0E:C6,ALL,udp:39230,8.8.8.8*,2,176,1,74,1,102
D4:F5:47:82:0E:C6,ALL,udp:43928,192.168.3.117*,2,164,1,90,1,74
D4:F5:47:82:0E:C6,ALL,udp:43928,8.8.8.8*,2,164,1,74,1,90
D4:F5:47:82:0E:C6,ALL,udp:37428,192.168.3.117*,2,164,1,90,1,74
D4:F5:47:82:0E:C6,ALL,udp:37428,8.8.8.8*,2,164,1,74,1,90
D4:F5:47:82:0E:C6,ALL,udp:51984,192.168.3.117*,2,176,1,102,1,74
D4:F5:47:82:0E:C6,ALL,udp:51984,8.8.8.8*,2,176,1,74,1,102
D4:F5:47:82:0E:C6,ALL,udp:49278,192.168.3.117*,2,164,1,90,1,74
D4:F5:47:82:0E:C6,ALL,udp:49278,8.8.8.8*,2,164,1,74,1,90
D4:F5:47:82:0E:C6,ALL,udp:48721,192.168.3.117*,2,164,1,90,1,74
D4:F5:47:82:0E:C6,ALL,udp:48721,8.8.8.8*,2,164,1,74,1,90
D4:F5:47:82:0E:C6,ALL,udp:51531,192.168.3.117*,2,176,1,102,1,74
D4:F5:47:82:0E:C6,ALL,udp:51531,8.8.8.8*,2,176,1,74,1,102
D4:F5:47:82:0E:C6,ALL,udp:37498,192.168.3.117*,2,164,1,90,1,74
D4:F5:47:82:0E:C6,ALL,udp:37498,8.8.8.8*,2,164,1,74,1,90
D4:F5:47:82:0E:C6,ALL,udp:43311,192.168.3.117*,2,176,1,102,1,74
D4:F5:47:82:0E:C6,ALL,udp:43311,8.8.8.8*,2,176,1,74,1,102
D4:F5:47:82:0E:C6,ALL,udp:56194,192.168.3.117*,2,164,1,90,1,74
D4:F5:47:82:0E:C6,ALL,udp:56194,8.8.8.8*,2,164,1,74,1,90
D4:F5:47:82:0E:C6,ALL,udp:46294,192.168.3.117*,2,176,1,102,1,74
D4:F5:47:82:0E:C6,ALL,udp:46294,8.8.8.8*,2,176,1,74,1,102
D4:F5:47:82:0E:C6,ALL,udp:37263,192.168.3.117*,2,164,1,90,1,74
D4:F5:47:82:0E:C6,ALL,udp:37263,8.8.8.8*,2,164,1,74,1,90
D4:F5:47:82:0E:C6,ALL,udp:46774,192.168.3.117*,2,194,1,105,1,89
D4:F5:47:82:0E:C6,ALL,udp:46774,8.8.8.8*,2,194,1,89,1,105
D4:F5:47:82:0E:C6,ALL,udp:47683,192.168.3.117*,2,164,1,90,1,74
D4:F5:47:82:0E:C6,ALL,udp:47683,8.8.8.8*,2,164,1,74,1,90
D4:F5:47:82:0E:C6,ALL,udp:42223,192.168.3.117*,2,164,1,90,1,74
D4:F5:47:82:0E:C6,ALL,udp:42223,8.8.8.8*,2,164,1,74,1,90
D4:F5:47:82:0E:C6,ALL,udp:41032,192.168.3.117*,2,164,1,90,1,74
D4:F5:47:82:0E:C6,ALL,udp:41032,8.8.8.8*,2,164,1,74,1,90
D4:F5:47:82:0E:C6,ALL,udp:54566,192.168.3.117*,2,164,1,90,1,74
D4:F5:47:82:0E:C6,ALL,udp:54566,8.8.8.8*,2,164,1,74,1,90
D4:F5:47:82:0E:C6,ALL,udp:45447,192.168.3.117*,2,176,1,102,1,74
D4:F5:47:82:0E:C6,ALL,udp:45447,8.8.8.8*,2,176,1,74,1,102
D4:F5:47:82:0E:C6,ALL,udp:59790,192.168.3.117*,2,176,1,102,1,74
D4:F5:47:82:0E:C6,ALL,udp:59790,8.8.8.8*,2,176,1,74,1,102
D4:F5:47:82:0E:C6,ALL,udp:47273,192.168.3.117*,2,164,1,90,1,74
D4:F5:47:82:0E:C6,ALL,udp:47273,8.8.8.8*,2,164,1,74,1,90
D4:F5:47:82:0E:C6,ALL,udp:54032,192.168.3.117*,2,176,1,102,1,74
D4:F5:47:82:0E:C6,ALL,udp:54032,8.8.8.8*,2,176,1,74,1,102
D4:F5:47:82:0E:C6,ALL,udp:34424,192.168.3.117*,2,164,1,90,1,74
D4:F5:47:82:0E:C6,ALL,udp:34424,8.8.8.8*,2,164,1,74,1,90
D4:F5:47:82:0E:C6,ALL,udp:40364,192.168.3.117*,2,176,1,102,1,74
D4:F5:47:82:0E:C6,ALL,udp:40364,8.8.8.8*,2,176,1,74,1,102
D4:F5:47:82:0E:C6,ALL,udp:39143,192.168.3.117*,2,164,1,90,1,74
D4:F5:47:82:0E:C6,ALL,udp:39143,8.8.8.8*,2,164,1,74,1,90
D4:F5:47:82:0E:C6,ALL,udp:51809,192.168.3.117*,2,176,1,102,1,74
D4:F5:47:82:0E:C6,ALL,udp:51809,8.8.8.8*,2,176,1,74,1,102
D4:F5:47:82:0E:C6,ALL,udp:43062,192.168.3.117*,2,176,1,102,1,74
D4:F5:47:82:0E:C6,ALL,udp:43062,8.8.8.8*,2,176,1,74,1,102
D4:F5:47:82:0E:C6,ALL,udp:51379,192.168.3.117*,2,164,1,90,1,74
D4:F5:47:82:0E:C6,ALL,udp:51379,8.8.8.8*,2,164,1,74,1,90
D4:F5:47:82:0E:C6,ALL,udp:60718,192.168.3.117*,2,176,1,102,1,74
D4:F5:47:82:0E:C6,ALL,udp:60718,8.8.8.8*,2,176,1,74,1,102
D4:F5:47:82:0E:C6,ALL,udp:34599,192.168.3.117*,2,176,1,102,1,74
D4:F5:47:82:0E:C6,ALL,udp:34599,8.8.8.8*,2,176,1,74,1,102
D4:F5:47:82:0E:C6,ALL,udp:37149,192.168.3.117*,2,164,1,90,1,74
D4:F5:47:82:0E:C6,ALL,udp:37149,8.8.8.8*,2,164,1,74,1,90
D4:F5:47:82:0E:C6,ALL,udp:48619,192.168.3.117*,2,176,1,102,1,74
D4:F5:47:82:0E:C6,ALL,udp:48619,8.8.8.8*,2,176,1,74,1,102
D4:F5:47:82:0E:C6,ALL,udp:56662,192.168.3.117*,2,176,1,102,1,74
D4:F5:47:82:0E:C6,ALL,udp:56662,8.8.8.8*,2,176,1,74,1,102
D4:F5:47:82:0E:C6,ALL,udp:33410,192.168.3.117*,2,198,1,119,1,79
D4:F5:47:82:0E:C6,ALL,udp:33410,8.8.8.8*,2,198,1,79,1,119
D4:F5:47:82:0E:C6,ALL,udp:53915,192.168.3.117*,2,164,1,90,1,74
D4:F5:47:82:0E:C6,ALL,udp:53915,8.8.8.8*,2,164,1,74,1,90
D4:F5:47:82:0E:C6,ALL,udp:49100,192.168.3.117*,2,176,1,102,1,74
D4:F5:47:82:0E:C6,ALL,udp:49100,8.8.8.8*,2,176,1,74,1,102
D4:F5:47:82:0E:C6,ALL,udp:57455,192.168.3.117*,2,164,1,90,1,74
D4:F5:47:82:0E:C6,ALL,udp:57455,8.8.8.8*,2,164,1,74,1,90
D4:F5:47:82:0E:C6,ALL,udp:35551,192.168.3.117*,2,176,1,102,1,74
D4:F5:47:82:0E:C6,ALL,udp:35551,8.8.8.8*,2,176,1,74,1,102
D4:F5:47:82:0E:C6,ALL,udp:58561,192.168.3.117*,2,164,1,90,1,74
D4:F5:47:82:0E:C6,ALL,udp:58561,8.8.8.8*,2,164,1,74,1,90
D4:F5:47:82:0E:C6,ALL,udp:49749,192.168.3.117*,2,176,1,102,1,74
D4:F5:47:82:0E:C6,ALL,udp:49749,8.8.8.8*,2,176,1,74,1,102
D4:F5:47:82:0E:C6,ALL,udp:53474,192.168.3.117*,2,176,1,102,1,74
D4:F5:47:82:0E:C6,ALL,udp:53474,8.8.8.8*,2,176,1,74,1,102
D4:F5:47:82:0E:C6,ALL,udp:32770,192.168.3.117*,2,164,1,90,1,74
D4:F5:47:82:0E:C6,ALL,udp:32770,8.8.8.8*,2,164,1,74,1,90
D4:F5:47:82:0E:C6,ALL,udp:38229,192.168.3.117*,2,176,1,102,1,74
D4:F5:47:82:0E:C6,ALL,udp:38229,8.8.8.8*,2,176,1,74,1,102
D4:F5:47:82:0E:C6,ALL,udp:52016,192.168.3.117*,2,164,1,90,1,74
D4:F5:47:82:0E:C6,ALL,udp:52016,8.8.8.8*,2,164,1,74,1,90
D4:F5:47:82:0E:C6,ALL,udp:54878,192.168.3.117*,2,176,1,102,1,74
D4:F5:47:82:0E:C6,ALL,udp:54878,8.8.8.8*,2,176,1,74,1,102
D4:F5:47:82:0E:C6,ALL,udp:48498,192.168.3.117*,2,176,1,102,1,74
D4:F5:47:82:0E:C6,ALL,udp:48498,8.8.8.8*,2,176,1,74,1,102
D4:F5:47:82:0E:C6,ALL,udp:46349,192.168.3.117*,2,164,1,90,1,74
D4:F5:47:82:0E:C6,ALL,udp:46349,8.8.8.8*,2,164,1,74,1,90
D4:F5:47:82:0E:C6,ALL,udp:52602,192.168.3.117*,2,164,1,90,1,74
D4:F5:47:82:0E:C6,ALL,udp:52602,8.8.8.8*,2,164,1,74,1,90
D4:F5:47:82:0E:C6,ALL,udp:37591,192.168.3.117*,2,176,1,102,1,74
D4:F5:47:82:0E:C6,ALL,udp:37591,8.8.8.8*,2,176,1,74,1,102
D4:F5:47:82:0E:C6,ALL,udp:55168,192.168.3.117*,2,164,1,90,1,74
D4:F5:47:82:0E:C6,ALL,udp:55168,8.8.8.8*,2,164,1,74,1,90
D4:F5:47:82:0E:C6,ALL,udp:50301,192.168.3.117*,2,176,1,102,1,74
D4:F5:47:82:0E:C6,ALL,udp:50301,8.8.8.8*,2,176,1,74,1,102
D4:F5:47:82:0E:C6,ALL,udp:34070,192.168.3.117*,2,164,1,90,1,74
D4:F5:47:82:0E:C6,ALL,udp:34070,8.8.8.8*,2,164,1,74,1,90
D4:F5:47:82:0E:C6,ALL,udp:33544,192.168.3.117*,2,176,1,102,1,74
D4:F5:47:82:0E:C6,ALL,udp:33544,8.8.8.8*,2,176,1,74,1,102
D4:F5:47:82:0E:C6,ALL,udp:40153,216.239.35.12,2,180,1,90,1,90
D4:F5:47:82:0E:C6,ALL,udp:40153,8.8.8.8,2,164,1,74,1,90
D4:F5:47:82:0E:C6,ALL,udp:36072,192.168.3.117*,2,176,1,102,1,74
D4:F5:47:82:0E:C6,ALL,udp:36072,8.8.8.8*,2,176,1,74,1,102
D4:F5:47:82:0E:C6,ALL,udp:55932,192.168.3.117*,2,164,1,90,1,74
D4:F5:47:82:0E:C6,ALL,udp:55932,8.8.8.8*,2,164,1,74,1,90
D4:F5:47:82:0E:C6,ALL,udp:40331,192.168.3.117*,2,176,1,102,1,74
D4:F5:47:82:0E:C6,ALL,udp:40331,8.8.8.8*,2,176,1,74,1,102
D4:F5:47:82:0E:C6,ALL,udp:38431,192.168.3.117*,2,164,1,90,1,74
D4:F5:47:82:0E:C6,ALL,udp:38431,8.8.8.8*,2,164,1,74,1,90
D4:F5:47:82:0E:C6,ALL,udp:35150,192.168.3.117*,2,176,1,102,1,74
D4:F5:47:82:0E:C6,ALL,udp:35150,8.8.8.8*,2,176,1,74,1,102
D4:F5:47:82:0E:C6,ALL,udp:52647,142.251.32.110*,501,563609,100,13157,401,550452
D4:F5:47:82:0E:C6,ALL,udp:52647,8.8.8.8*,2,164,1,74,1,90
D4:F5:47:82:0E:C6,ALL,udp:41881,192.168.3.117*,2,176,1,102,1,74
D4:F5:47:82:0E:C6,ALL,udp:41881,8.8.8.8*,2,176,1,74,1,102
D4:F5:47:82:0E:C6,ALL,udp:48774,192.168.3.117*,2,176,1,102,1,74
D4:F5:47:82:0E:C6,ALL,udp:48774,8.8.8.8*,2,176,1,74,1,102
D4:F5:47:82:0E:C6,ALL,udp:42356,192.168.3.117*,2,164,1,90,1,74
D4:F5:47:82:0E:C6,ALL,udp:42356,8.8.8.8*,2,164,1,74,1,90
D4:F5:47:82:0E:C6,ALL,udp:42592,192.168.3.117*,2,176,1,102,1,74
D4:F5:47:82:0E:C6,ALL,udp:42592,8.8.8.8*,2,176,1,74,1,102
D4:F5:47:82:0E:C6,ALL,udp:54640,192.168.3.117*,2,164,1,90,1,74
D4:F5:47:82:0E:C6,ALL,udp:54640,8.8.8.8*,2,164,1,74,1,90
D4:F5:47:82:0E:C6,ALL,udp:43842,192.168.3.117*,2,176,1,102,1,74
D4:F5:47:82:0E:C6,ALL,udp:43842,8.8.8.8*,2,176,1,74,1,102
D4:F5:47:82:0E:C6,ALL,udp:44444,192.168.3.117*,2,176,1,102,1,74
D4:F5:47:82:0E:C6,ALL,udp:44444,8.8.8.8*,2,176,1,74,1,102
D4:F5:47:82:0E:C6,ALL,udp:56086,192.168.3.117*,2,164,1,90,1,74
D4:F5:47:82:0E:C6,ALL,udp:56086,8.8.8.8*,2,164,1,74,1,90
D4:F5:47:82:0E:C6,ALL,udp:53429,192.168.3.117*,2,164,1,90,1,74
D4:F5:47:82:0E:C6,ALL,udp:53429,8.8.8.8*,2,164,1,74,1,90
D4:F5:47:82:0E:C6,ALL,udp:43866,192.168.3.117*,2,176,1,102,1,74
D4:F5:47:82:0E:C6,ALL,udp:43866,8.8.8.8*,2,176,1,74,1,102
D4:F5:47:82:0E:C6,ALL,udp:52441,192.168.3.117*,2,164,1,90,1,74
D4:F5:47:82:0E:C6,ALL,udp:52441,8.8.8.8*,2,164,1,74,1,90
D4:F5:47:82:0E:C6,ALL,udp:37697,192.168.3.117*,2,176,1,102,1,74
D4:F5:47:82:0E:C6,ALL,udp:37697,8.8.8.8*,2,176,1,74,1,102
D4:F5:47:82:0E:C6,ALL,udp:42106,192.168.3.117*,2,164,1,90,1,74
D4:F5:47:82:0E:C6,ALL,udp:42106,8.8.8.8*,2,164,1,74,1,90
D4:F5:47:82:0E:C6,ALL,udp:45200,192.168.3.117*,2,176,1,102,1,74
D4:F5:47:82:0E:C6,ALL,udp:45200,8.8.8.8*,2,176,1,74,1,102
D4:F5:47:82:0E:C6,ALL,udp:58275,192.168.3.117*,2,164,1,90,1,74
D4:F5:47:82:0E:C6,ALL,udp:58275,8.8.8.8*,2,164,1,74,1,90
D4:F5:47:82:0E:C6,ALL,udp:46238,192.168.3.117*,2,176,1,102,1,74
D4:F5:47:82:0E:C6,ALL,udp:46238,8.8.8.8*,2,176,1,74,1,102
D4:F5:47:82:0E:C6,ALL,udp:44367,192.168.3.117*,2,164,1,90,1,74
D4:F5:47:82:0E:C6,ALL,udp:44367,8.8.8.8*,2,164,1,74,1,90
D4:F5:47:82:0E:C6,ALL,udp:60317,192.168.3.117*,2,176,1,102,1,74
D4:F5:47:82:0E:C6,ALL,udp:60317,8.8.8.8*,2,176,1,74,1,102
D4:F5:47:82:0E:C6,ALL,udp:38827,192.168.3.117*,2,164,1,90,1,74
D4:F5:47:82:0E:C6,ALL,udp:38827,8.8.8.8*,2,164,1,74,1,90
D4:F5:47:82:0E:C6,ALL,udp:45430,192.168.3.117*,2,176,1,102,1,74
D4:F5:47:82:0E:C6,ALL,udp:45430,8.8.8.8*,2,176,1,74,1,102
D4:F5:47:82:0E:C6,ALL,udp:58434,192.168.3.117*,2,164,1,90,1,74
D4:F5:47:82:0E:C6,ALL,udp:58434,8.8.8.8*,2,164,1,74,1,90
D4:F5:47:82:0E:C6,ALL,udp:52411,192.168.3.117*,2,176,1,102,1,74
D4:F5:47:82:0E:C6,ALL,udp:52411,8.8.8.8*,2,176,1,74,1,102
D4:F5:47:82:0E:C6,ALL,udp:46853,192.168.3.117*,2,164,1,90,1,74
D4:F5:47:82:0E:C6,ALL,udp:46853,8.8.8.8*,2,164,1,74,1,90
D4:F5:47:82:0E:C6,ALL,udp:45316,192.168.3.117*,2,176,1,102,1,74
D4:F5:47:82:0E:C6,ALL,udp:45316,8.8.8.8*,2,176,1,74,1,102
D4:F5:47:82:0E:C6,ALL,udp:43660,192.168.3.117*,2,164,1,90,1,74
D4:F5:47:82:0E:C6,ALL,udp:43660,8.8.8.8*,2,164,1,74,1,90
D4:F5:47:82:0E:C6,ALL,udp:45406,192.168.3.117*,2,176,1,102,1,74
D4:F5:47:82:0E:C6,ALL,udp:45406,8.8.8.8*,2,176,1,74,1,102
D4:F5:47:82:0E:C6,ALL,udp:52344,192.168.3.117*,2,164,1,90,1,74
D4:F5:47:82:0E:C6,ALL,udp:52344,8.8.8.8*,2,164,1,74,1,90
D4:F5:47:82:0E:C6,ALL,udp:48731,192.168.3.117*,2,164,1,90,1,74
D4:F5:47:82:0E:C6,ALL,udp:48731,8.8.8.8*,2,164,1,74,1,90
D4:F5:47:82:0E:C6,ALL,udp:57447,192.168.3.117*,2,176,1,102,1,74
D4:F5:47:82:0E:C6,ALL,udp:57447,8.8.8.8*,2,176,1,74,1,102
D4:F5:47:82:0E:C6,ALL,udp:48228,192.168.3.117*,2,164,1,90,1,74
D4:F5:47:82:0E:C6,ALL,udp:48228,8.8.8.8*,2,164,1,74,1,90
D4:F5:47:82:0E:C6,ALL,udp:43480,192.168.3.117*,2,164,1,90,1,74
D4:F5:47:82:0E:C6,ALL,udp:43480,8.8.8.8*,2,164,1,74,1,90
D4:F5:47:82:0E:C6,ALL,udp:59239,192.168.3.117*,2,176,1,102,1,74
D4:F5:47:82:0E:C6,ALL,udp:59239,8.8.8.8*,2,176,1,74,1,102
D4:F5:47:82:0E:C6,ALL,udp:45042,192.168.3.117*,2,176,1,102,1,74
D4:F5:47:82:0E:C6,ALL,udp:45042,8.8.8.8*,2,176,1,74,1,102
D4:F5:47:82:0E:C6,ALL,udp:58057,192.168.3.117*,2,164,1,90,1,74
D4:F5:47:82:0E:C6,ALL,udp:58057,8.8.8.8*,2,164,1,74,1,90
D4:F5:47:82:0E:C6,ALL,udp:52995,192.168.3.117*,2,176,1,102,1,74
D4:F5:47:82:0E:C6,ALL,udp:52995,8.8.8.8*,2,176,1,74,1,102
D4:F5:47:82:0E:C6,ALL,udp:46173,192.168.3.117*,2,164,1,90,1,74
D4:F5:47:82:0E:C6,ALL,udp:46173,8.8.8.8*,2,164,1,74,1,90
D4:F5:47:82:0E:C6,ALL,udp:51333,192.168.3.117*,2,176,1,102,1,74
D4:F5:47:82:0E:C6,ALL,udp:51333,8.8.8.8*,2,176,1,74,1,102
D4:F5:47:82:0E:C6,ALL,udp:51383,192.168.3.117*,2,164,1,90,1,74
D4:F5:47:82:0E:C6,ALL,udp:51383,8.8.8.8*,2,164,1,74,1,90
D4:F5:47:82:0E:C6,ALL,udp:58787,192.168.3.117*,2,176,1,102,1,74
D4:F5:47:82:0E:C6,ALL,udp:58787,8.8.8.8*,2,176,1,74,1,102
D4:F5:47:82:0E:C6,ALL,udp:55578,192.168.3.117*,2,164,1,90,1,74
D4:F5:47:82:0E:C6,ALL,udp:55578,8.8.8.8*,2,164,1,74,1,90
D4:F5:47:82:0E:C6,ALL,udp:41018,192.168.3.117*,2,176,1,102,1,74
D4:F5:47:82:0E:C6,ALL,udp:41018,8.8.8.8*,2,176,1,74,1,102
D4:F5:47:82:0E:C6,ALL,udp:59926,192.168.3.117*,2,164,1,90,1,74
D4:F5:47:82:0E:C6,ALL,udp:59926,8.8.8.8*,2,164,1,74,1,90
D4:F5:47:82:0E:C6,ALL,udp:33714,192.168.3.117*,2,176,1,102,1,74
D4:F5:47:82:0E:C6,ALL,udp:33714,8.8.8.8*,2,176,1,74,1,102
D4:F5:47:82:0E:C6,ALL,udp:54160,192.168.3.117*,2,164,1,90,1,74
D4:F5:47:82:0E:C6,ALL,udp:54160,8.8.8.8*,2,164,1,74,1,90
D4:F5:47:82:0E:C6,ALL,udp:49263,192.168.3.117*,2,176,1,102,1,74
D4:F5:47:82:0E:C6,ALL,udp:49263,8.8.8.8*,2,176,1,74,1,102
D4:F5:47:82:0E:C6,ALL,udp:33243,192.168.3.117*,2,164,1,90,1,74
D4:F5:47:82:0E:C6,ALL,udp:33243,8.8.8.8*,2,164,1,74,1,90
D4:F5:47:82:0E:C6,ALL,udp:39980,192.168.3.117*,2,176,1,102,1,74
D4:F5:47:82:0E:C6,ALL,udp:39980,8.8.8.8*,2,176,1,74,1,102
D4:F5:47:82:0E:C6,ALL,udp:58007,192.168.3.117*,2,176,1,102,1,74
D4:F5:47:82:0E:C6,ALL,udp:58007,8.8.8.8*,2,176,1,74,1,102
D4:F5:47:82:0E:C6,ALL,udp:38841,192.168.3.117*,2,164,1,90,1,74
D4:F5:47:82:0E:C6,ALL,udp:38841,8.8.8.8*,2,164,1,74,1,90
D4:F5:47:82:0E:C6,ALL,udp:60546,192.168.3.117*,2,176,1,102,1,74
D4:F5:47:82:0E:C6,ALL,udp:60546,8.8.8.8*,2,176,1,74,1,102
D4:F5:47:82:0E:C6,ALL,udp:45061,192.168.3.117*,2,164,1,90,1,74
D4:F5:47:82:0E:C6,ALL,udp:45061,8.8.8.8*,2,164,1,74,1,90
D4:F5:47:82:0E:C6,ALL,udp:46229,192.168.3.117*,2,164,1,90,1,74
D4:F5:47:82:0E:C6,ALL,udp:46229,8.8.8.8*,2,164,1,74,1,90
D4:F5:47:82:0E:C6,ALL,udp:37944,192.168.3.117*,2,176,1,102,1,74
D4:F5:47:82:0E:C6,ALL,udp:37944,8.8.8.8*,2,176,1,74,1,102
D4:F5:47:82:0E:C6,ALL,udp:42536,192.168.3.117*,2,176,1,102,1,74
D4:F5:47:82:0E:C6,ALL,udp:42536,8.8.8.8*,2,176,1,74,1,102
D4:F5:47:82:0E:C6,ALL,udp:56221,192.168.3.117*,2,164,1,90,1,74
D4:F5:47:82:0E:C6,ALL,udp:56221,8.8.8.8*,2,164,1,74,1,90
D4:F5:47:82:0E:C6,ALL,udp:40793,192.168.3.117*,2,164,1,90,1,74
D4:F5:47:82:0E:C6,ALL,udp:40793,8.8.8.8*,2,164,1,74,1,90
D4:F5:47:82:0E:C6,ALL,udp:57597,192.168.3.117*,2,176,1,102,1,74
D4:F5:47:82:0E:C6,ALL,udp:57597,8.8.8.8*,2,176,1,74,1,102
D4:F5:47:82:0E:C6,ALL,udp:34190,192.168.3.117*,2,164,1,90,1,74
D4:F5:47:82:0E:C6,ALL,udp:34190,8.8.8.8*,2,164,1,74,1,90
D4:F5:47:82:0E:C6,ALL,udp:34474,192.168.3.117*,2,176,1,102,1,74
D4:F5:47:82:0E:C6,ALL,udp:34474,8.8.8.8*,2,176,1,74,1,102
D4:F5:47:82:0E:C6,ALL,udp:49881,192.168.3.117*,2,176,1,102,1,74
D4:F5:47:82:0E:C6,ALL,udp:49881,8.8.8.8*,2,176,1,74,1,102
D4:F5:47:82:0E:C6,ALL,udp:52119,192.168.3.117*,2,164,1,90,1,74
D4:F5:47:82:0E:C6,ALL,udp:52119,8.8.8.8*,2,164,1,74,1,90
D4:F5:47:82:0E:C6,ALL,udp:53976,192.168.3.117*,2,164,1,90,1,74
D4:F5:47:82:0E:C6,ALL,udp:53976,8.8.8.8*,2,164,1,74,1,90
D4:F5:47:82:0E:C6,ALL,udp:51842,192.168.3.117*,2,164,1,90,1,74
D4:F5:47:82:0E:C6,ALL,udp:51842,8.8.8.8*,2,164,1,74,1,90
D4:F5:47:82:0E:C6,ALL,udp:37660,192.168.3.117*,2,176,1,102,1,74
D4:F5:47:82:0E:C6,ALL,udp:37660,8.8.8.8*,2,176,1,74,1,102
D4:F5:47:82:0E:C6,ALL,udp:57659,192.168.3.117*,2,164,1,90,1,74
D4:F5:47:82:0E:C6,ALL,udp:57659,8.8.8.8*,2,164,1,74,1,90
D4:F5:47:82:0E:C6,ALL,udp:47291,192.168.3.117*,2,176,1,102,1,74
D4:F5:47:82:0E:C6,ALL,udp:47291,8.8.8.8*,2,176,1,74,1,102
D4:F5:47:82:0E:C6,ALL,udp:53810,192.168.3.117*,2,164,1,90,1,74
D4:F5:47:82:0E:C6,ALL,udp:53810,8.8.8.8*,2,164,1,74,1,90
D4:F5:47:82:0E:C6,ALL,udp:45790,192.168.3.117*,2,176,1,102,1,74
D4:F5:47:82:0E:C6,ALL,udp:45790,8.8.8.8*,2,176,1,74,1,102
D4:F5:47:82:0E:C6,ALL,udp:48236,192.168.3.117*,2,164,1,90,1,74
D4:F5:47:82:0E:C6,ALL,udp:48236,8.8.8.8*,2,164,1,74,1,90
D4:F5:47:82:0E:C6,ALL,udp:60501,192.168.3.117*,2,176,1,102,1,74
D4:F5:47:82:0E:C6,ALL,udp:60501,8.8.8.8*,2,176,1,74,1,102
D4:F5:47:82:0E:C6,ALL,udp:43426,192.168.3.117*,2,164,1,90,1,74
D4:F5:47:82:0E:C6,ALL,udp:43426,8.8.8.8*,2,164,1,74,1,90
D4:F5:47:82:0E:C6,ALL,udp:43226,192.168.3.117*,2,198,1,119,1,79
D4:F5:47:82:0E:C6,ALL,udp:43226,8.8.8.8*,2,198,1,79,1,119
D4:F5:47:82:0E:C6,ALL,udp:43942,192.168.3.117*,2,164,1,90,1,74
D4:F5:47:82:0E:C6,ALL,udp:43942,8.8.8.8*,2,164,1,74,1,90
D4:F5:47:82:0E:C6,ALL,udp:52054,192.168.3.117*,2,164,1,90,1,74
D4:F5:47:82:0E:C6,ALL,udp:52054,8.8.8.8*,2,164,1,74,1,90
D4:F5:47:82:0E:C6,ALL,udp:39477,192.168.3.117*,2,176,1,102,1,74
D4:F5:47:82:0E:C6,ALL,udp:39477,8.8.8.8*,2,176,1,74,1,102
D4:F5:47:82:0E:C6,ALL,udp:53387,192.168.3.117*,2,176,1,102,1,74
D4:F5:47:82:0E:C6,ALL,udp:53387,8.8.8.8*,2,176,1,74,1,102
D4:F5:47:82:0E:C6,ALL,udp:35992,192.168.3.117*,2,164,1,90,1,74
D4:F5:47:82:0E:C6,ALL,udp:35992,8.8.8.8*,2,164,1,74,1,90
D4:F5:47:82:0E:C6,ALL,udp:41967,192.168.3.117*,2,176,1,102,1,74
D4:F5:47:82:0E:C6,ALL,udp:41967,8.8.8.8*,2,176,1,74,1,102
D4:F5:47:82:0E:C6,ALL,udp:41616,192.168.3.117*,2,164,1,90,1,74
D4:F5:47:82:0E:C6,ALL,udp:41616,8.8.8.8*,2,164,1,74,1,90
D4:F5:47:82:0E:C6,ALL,udp:55068,192.168.3.117*,2,176,1,102,1,74
D4:F5:47:82:0E:C6,ALL,udp:55068,8.8.8.8*,2,176,1,74,1,102
D4:F5:47:82:0E:C6,ALL,udp:40555,192.168.3.117*,2,444,1,350,1,94
D4:F5:47:82:0E:C6,ALL,udp:40555,8.8.8.8*,2,444,1,94,1,350
D4:F5:47:82:0E:C6,ALL,udp:51231,192.168.3.117*,2,452,1,366,1,86
D4:F5:47:82:0E:C6,ALL,udp:51231,8.8.8.8*,2,452,1,86,1,366
D4:F5:47:82:0E:C6,ALL,udp:55384,192.168.3.117*,2,164,1,90,1,74
D4:F5:47:82:0E:C6,ALL,udp:55384,8.8.8.8*,2,164,1,74,1,90
D4:F5:47:82:0E:C6,ALL,udp:36669,192.168.3.117*,2,176,1,102,1,74
D4:F5:47:82:0E:C6,ALL,udp:36669,8.8.8.8*,2,176,1,74,1,102
D4:F5:47:82:0E:C6,ALL,udp:53971,192.168.3.117*,2,176,1,102,1,74
D4:F5:47:82:0E:C6,ALL,udp:53971,8.8.8.8*,2,176,1,74,1,102
D4:F5:47:82:0E:C6,ALL,udp:50744,192.168.3.117*,2,176,1,102,1,74
D4:F5:47:82:0E:C6,ALL,udp:50744,8.8.8.8*,2,176,1,74,1,102
D4:F5:47:82:0E:C6,ALL,udp:47132,192.168.3.117*,2,198,1,119,1,79
D4:F5:47:82:0E:C6,ALL,udp:47132,8.8.8.8*,2,198,1,79,1,119
D4:F5:47:82:0E:C6,ALL,udp:41661,142.251.32.110*,17,10547,9,7033,8,3514
D4:F5:47:82:0E:C6,ALL,udp:41661,8.8.8.8*,2,164,1,74,1,90
D4:F5:47:82:0E:C6,ALL,udp:37143,192.168.3.117*,2,164,1,90,1,74
D4:F5:47:82:0E:C6,ALL,udp:37143,8.8.8.8*,2,164,1,74,1,90
D4:F5:47:82:0E:C6,ALL,udp:53957,192.168.3.117*,2,176,1,102,1,74
D4:F5:47:82:0E:C6,ALL,udp:53957,8.8.8.8*,2,176,1,74,1,102
D4:F5:47:82:0E:C6,ALL,udp:60832,192.168.3.117*,2,164,1,90,1,74
D4:F5:47:82:0E:C6,ALL,udp:60832,8.8.8.8*,2,164,1,74,1,90
D4:F5:47:82:0E:C6,ALL,udp:35561,192.168.3.117*,2,164,1,90,1,74
D4:F5:47:82:0E:C6,ALL,udp:35561,8.8.8.8*,2,164,1,74,1,90
D4:F5:47:82:0E:C6,ALL,udp:57837,192.168.3.117*,2,176,1,102,1,74
D4:F5:47:82:0E:C6,ALL,udp:57837,8.8.8.8*,2,176,1,74,1,102
D4:F5:47:82:0E:C6,ALL,udp:33615,192.168.3.117*,2,164,1,90,1,74
D4:F5:47:82:0E:C6,ALL,udp:33615,8.8.8.8*,2,164,1,74,1,90
D4:F5:47:82:0E:C6,ALL,udp:54138,192.168.3.117*,2,164,1,90,1,74
D4:F5:47:82:0E:C6,ALL,udp:54138,8.8.8.8*,2,164,1,74,1,90
D4:F5:47:82:0E:C6,ALL,udp:39105,192.168.3.117*,2,176,1,102,1,74
D4:F5:47:82:0E:C6,ALL,udp:39105,8.8.8.8*,2,176,1,74,1,102
D4:F5:47:82:0E:C6,ALL,udp:37804,192.168.3.117*,2,164,1,90,1,74
D4:F5:47:82:0E:C6,ALL,udp:37804,8.8.8.8*,2,164,1,74,1,90
D4:F5:47:82:0E:C6,ALL,udp:43136,192.168.3.117*,2,156,1,86,1,70
D4:F5:47:82:0E:C6,ALL,udp:43136,8.8.8.8*,2,156,1,70,1,86
D4:F5:47:82:0E:C6,ALL,udp:59051,192.168.3.117*,2,213,1,126,1,87
D4:F5:47:82:0E:C6,ALL,udp:59051,8.8.8.8*,2,213,1,87,1,126
D4:F5:47:82:0E:C6,ALL,udp:39797,192.168.3.117*,2,213,1,126,1,87
D4:F5:47:82:0E:C6,ALL,udp:39797,8.8.8.8*,2,213,1,87,1,126
D4:F5:47:82:0E:C6,ALL,udp:47377,192.168.3.117*,2,213,1,126,1,87
D4:F5:47:82:0E:C6,ALL,udp:47377,8.8.8.8*,2,213,1,87,1,126
D4:F5:47:82:0E:C6,ALL,udp:56768,192.168.3.117*,2,213,1,126,1,87
D4:F5:47:82:0E:C6,ALL,udp:56768,8.8.8.8*,2,213,1,87,1,126
D4:F5:47:82:0E:C6,ALL,udp:36110,192.168.3.117*,2,213,1,126,1,87
D4:F5:47:82:0E:C6,ALL,udp:36110,8.8.8.8*,2,213,1,87,1,126
D4:F5:47:82:0E:C6,ALL,udp:33565,192.168.3.117*,2,213,1,126,1,87
D4:F5:47:82:0E:C6,ALL,udp:33565,8.8.8.8*,2,213,1,87,1,126
D4:F5:47:82:0E:C6,ALL,udp:56729,192.168.3.117*,2,213,1,126,1,87
D4:F5:47:82:0E:C6,ALL,udp:56729,8.8.8.8*,2,213,1,87,1,126
D4:F5:47:82:0E:C6,ALL,udp:59667,192.168.3.117*,2,213,1,126,1,87
D4:F5:47:82:0E:C6,ALL,udp:59667,8.8.8.8*,2,213,1,87,1,126
D4:F5:47:82:0E:C6,ALL,udp:47997,192.168.3.117*,2,176,1,102,1,74
D4:F5:47:82:0E:C6,ALL,udp:47997,8.8.8.8*,2,176,1,74,1,102
D4:F5:47:82:0E:C6,ALL,udp:53618,192.168.3.117*,2,176,1,102,1,74
D4:F5:47:82:0E:C6,ALL,udp:53618,8.8.8.8*,2,176,1,74,1,102
D4:F5:47:82:0E:C6,ALL,udp:56151,192.168.3.117*,2,164,1,90,1,74
D4:F5:47:82:0E:C6,ALL,udp:56151,8.8.8.8*,2,164,1,74,1,90
D4:F5:47:82:0E:C6,ALL,udp:48661,192.168.3.117*,2,176,1,102,1,74
D4:F5:47:82:0E:C6,ALL,udp:48661,8.8.8.8*,2,176,1,74,1,102
D4:F5:47:82:0E:C6,ALL,udp:55077,192.168.3.117*,2,164,1,90,1,74
D4:F5:47:82:0E:C6,ALL,udp:55077,8.8.8.8*,2,164,1,74,1,90
D4:F5:47:82:0E:C6,ALL,udp:46461,192.168.3.117*,2,164,1,90,1,74
D4:F5:47:82:0E:C6,ALL,udp:46461,8.8.8.8*,2,164,1,74,1,90
D4:F5:47:82:0E:C6,ALL,udp:38222,192.168.3.117*,2,164,1,90,1,74
D4:F5:47:82:0E:C6,ALL,udp:38222,8.8.8.8*,2,164,1,74,1,90
D4:F5:47:82:0E:C6,ALL,udp:47526,192.168.3.117*,2,164,1,90,1,74
D4:F5:47:82:0E:C6,ALL,udp:47526,8.8.8.8*,2,164,1,74,1,90
D4:F5:47:82:0E:C6,ALL,udp:49986,192.168.3.117*,2,176,1,102,1,74
D4:F5:47:82:0E:C6,ALL,udp:49986,8.8.8.8*,2,176,1,74,1,102
D4:F5:47:82:0E:C6,ALL,udp:56257,192.168.3.117*,2,164,1,90,1,74
D4:F5:47:82:0E:C6,ALL,udp:56257,8.8.8.8*,2,164,1,74,1,90
D4:F5:47:82:0E:C6,ALL,udp:53107,192.168.3.117*,2,176,1,102,1,74
D4:F5:47:82:0E:C6,ALL,udp:53107,8.8.8.8*,2,176,1,74,1,102
D4:F5:47:82:0E:C6,ALL,udp:43981,192.168.3.117*,2,164,1,90,1,74
D4:F5:47:82:0E:C6,ALL,udp:43981,8.8.8.8*,2,164,1,74,1,90
D4:F5:47:82:0E:C6,ALL,udp:58160,192.168.3.117*,2,176,1,102,1,74
D4:F5:47:82:0E:C6,ALL,udp:58160,8.8.8.8*,2,176,1,74,1,102
D4:F5:47:82:0E:C6,ALL,udp:47920,192.168.3.117*,2,164,1,90,1,74
D4:F5:47:82:0E:C6,ALL,udp:47920,8.8.8.8*,2,164,1,74,1,90
D4:F5:47:82:0E:C6,ALL,udp:40289,192.168.3.117*,2,176,1,102,1,74
D4:F5:47:82:0E:C6,ALL,udp:40289,8.8.8.8*,2,176,1,74,1,102
D4:F5:47:82:0E:C6,ALL,udp:40926,192.168.3.117*,2,164,1,90,1,74
D4:F5:47:82:0E:C6,ALL,udp:40926,8.8.8.8*,2,164,1,74,1,90
D4:F5:47:82:0E:C6,ALL,udp:45812,192.168.3.117*,2,176,1,102,1,74
D4:F5:47:82:0E:C6,ALL,udp:45812,8.8.8.8*,2,176,1,74,1,102
D4:F5:47:82:0E:C6,ALL,udp:54551,192.168.3.117*,2,176,1,102,1,74
D4:F5:47:82:0E:C6,ALL,udp:54551,8.8.8.8*,2,176,1,74,1,102
D4:F5:47:82:0E:C6,ALL,udp:48163,192.168.3.117*,2,164,1,90,1,74
D4:F5:47:82:0E:C6,ALL,udp:48163,8.8.8.8*,2,164,1,74,1,90
D4:F5:47:82:0E:C6,ALL,udp:45592,192.168.3.117*,2,176,1,102,1,74
D4:F5:47:82:0E:C6,ALL,udp:45592,8.8.8.8*,2,176,1,74,1,102
D4:F5:47:82:0E:C6,ALL,udp:40683,192.168.3.117*,2,164,1,90,1,74
D4:F5:47:82:0E:C6,ALL,udp:40683,8.8.8.8*,2,164,1,74,1,90
D4:F5:47:82:0E:C6,ALL,udp:44702,192.168.3.117*,2,176,1,102,1,74
D4:F5:47:82:0E:C6,ALL,udp:44702,8.8.8.8*,2,176,1,74,1,102
D4:F5:47:82:0E:C6,ALL,udp:42480,192.168.3.117*,2,164,1,90,1,74
D4:F5:47:82:0E:C6,ALL,udp:42480,8.8.8.8*,2,164,1,74,1,90
D4:F5:47:82:0E:C6,ALL,udp:46049,192.168.3.117*,2,176,1,102,1,74
D4:F5:47:82:0E:C6,ALL,udp:46049,8.8.8.8*,2,176,1,74,1,102
D4:F5:47:82:0E:C6,ALL,udp:47764,216.239.35.12,2,180,1,90,1,90
D4:F5:47:82:0E:C6,ALL,udp:47764,8.8.8.8,2,164,1,74,1,90
D4:F5:47:82:0E:C6,ALL,udp:51702,192.168.3.117*,2,176,1,102,1,74
D4:F5:47:82:0E:C6,ALL,udp:51702,8.8.8.8*,2,176,1,74,1,102
D4:F5:47:82:0E:C6,ALL,udp:34191,192.168.3.117*,2,164,1,90,1,74
D4:F5:47:82:0E:C6,ALL,udp:34191,8.8.8.8*,2,164,1,74,1,90
D4:F5:47:82:0E:C6,ALL,udp:53855,192.168.3.117*,2,176,1,102,1,74
D4:F5:47:82:0E:C6,ALL,udp:53855,8.8.8.8*,2,176,1,74,1,102
D4:F5:47:82:0E:C6,ALL,udp:43953,192.168.3.117*,2,176,1,102,1,74
D4:F5:47:82:0E:C6,ALL,udp:43953,8.8.8.8*,2,176,1,74,1,102
D4:F5:47:82:0E:C6,ALL,udp:56862,192.168.3.117*,2,176,1,102,1,74
D4:F5:47:82:0E:C6,ALL,udp:56862,8.8.8.8*,2,176,1,74,1,102
D4:F5:47:82:0E:C6,ALL,udp:56937,192.168.3.117*,2,176,1,102,1,74
D4:F5:47:82:0E:C6,ALL,udp:56937,8.8.8.8*,2,176,1,74,1,102
D4:F5:47:82:0E:C6,ALL,udp:53573,192.168.3.117*,2,176,1,102,1,74
D4:F5:47:82:0E:C6,ALL,udp:53573,8.8.8.8*,2,176,1,74,1,102
D4:F5:47:82:0E:C6,ALL,udp:41596,192.168.3.117*,2,164,1,90,1,74
D4:F5:47:82:0E:C6,ALL,udp:41596,8.8.8.8*,2,164,1,74,1,90
D4:F5:47:82:0E:C6,ALL,udp:45844,192.168.3.117*,2,176,1,102,1,74
D4:F5:47:82:0E:C6,ALL,udp:45844,8.8.8.8*,2,176,1,74,1,102
D4:F5:47:82:0E:C6,ALL,udp:42610,192.168.3.117*,2,164,1,90,1,74
D4:F5:47:82:0E:C6,ALL,udp:42610,8.8.8.8*,2,164,1,74,1,90
D4:F5:47:82:0E:C6,ALL,udp:55959,192.168.3.117*,2,176,1,102,1,74
D4:F5:47:82:0E:C6,ALL,udp:55959,8.8.8.8*,2,176,1,74,1,102
D4:F5:47:82:0E:C6,ALL,udp:42791,192.168.3.117*,2,176,1,102,1,74
D4:F5:47:82:0E:C6,ALL,udp:42791,8.8.8.8*,2,176,1,74,1,102
D4:F5:47:82:0E:C6,ALL,udp:47489,192.168.3.117*,2,164,1,90,1,74
D4:F5:47:82:0E:C6,ALL,udp:47489,8.8.8.8*,2,164,1,74,1,90
D4:F5:47:82:0E:C6,ALL,udp:46978,192.168.3.117*,2,176,1,102,1,74
D4:F5:47:82:0E:C6,ALL,udp:46978,8.8.8.8*,2,176,1,74,1,102
D4:F5:47:82:0E:C6,ALL,udp:42784,192.168.3.117*,2,164,1,90,1,74
D4:F5:47:82:0E:C6,ALL,udp:42784,8.8.8.8*,2,164,1,74,1,90
D4:F5:47:82:0E:C6,ALL,udp:36071,192.168.3.117*,2,176,1,102,1,74
D4:F5:47:82:0E:C6,ALL,udp:36071,8.8.8.8*,2,176,1,74,1,102
D4:F5:47:82:0E:C6,ALL,udp:45409,192.168.3.117*,2,164,1,90,1,74
D4:F5:47:82:0E:C6,ALL,udp:45409,8.8.8.8*,2,164,1,74,1,90
D4:F5:47:82:0E:C6,ALL,udp:46740,192.168.3.117*,2,176,1,102,1,74
D4:F5:47:82:0E:C6,ALL,udp:46740,8.8.8.8*,2,176,1,74,1,102
D4:F5:47:82:0E:C6,ALL,udp:35458,192.168.3.117*,2,164,1,90,1,74
D4:F5:47:82:0E:C6,ALL,udp:35458,8.8.8.8*,2,164,1,74,1,90
D4:F5:47:82:0E:C6,ALL,udp:42105,192.168.3.117*,2,164,1,90,1,74
D4:F5:47:82:0E:C6,ALL,udp:42105,8.8.8.8*,2,164,1,74,1,90
D4:F5:47:82:0E:C6,ALL,udp:38321,192.168.3.117*,2,176,1,102,1,74
D4:F5:47:82:0E:C6,ALL,udp:38321,8.8.8.8*,2,176,1,74,1,102
D4:F5:47:82:0E:C6,ALL,udp:52438,192.168.3.117*,2,164,1,90,1,74
D4:F5:47:82:0E:C6,ALL,udp:52438,8.8.8.8*,2,164,1,74,1,90
D4:F5:47:82:0E:C6,ALL,udp:53984,192.168.3.117*,2,176,1,102,1,74
D4:F5:47:82:0E:C6,ALL,udp:53984,8.8.8.8*,2,176,1,74,1,102
D4:F5:47:82:0E:C6,ALL,udp:37969,192.168.3.117*,2,164,1,90,1,74
D4:F5:47:82:0E:C6,ALL,udp:37969,8.8.8.8*,2,164,1,74,1,90
D4:F5:47:82:0E:C6,ALL,udp:56990,192.168.3.117*,2,176,1,102,1,74
D4:F5:47:82:0E:C6,ALL,udp:56990,8.8.8.8*,2,176,1,74,1,102
D4:F5:47:82:0E:C6,ALL,udp:34357,142.250.80.110*,25,15706,13,7444,12,8262
D4:F5:47:82:0E:C6,ALL,udp:34357,8.8.8.8*,2,164,1,74,1,90
D4:F5:47:82:0E:C6,ALL,udp:36895,192.168.3.117*,2,176,1,102,1,74
D4:F5:47:82:0E:C6,ALL,udp:36895,8.8.8.8*,2,176,1,74,1,102
D4:F5:47:82:0E:C6,ALL,udp:39923,192.168.3.117*,2,164,1,90,1,74
D4:F5:47:82:0E:C6,ALL,udp:39923,8.8.8.8*,2,164,1,74,1,90
D4:F5:47:82:0E:C6,ALL,udp:60355,192.168.3.117*,2,176,1,102,1,74
D4:F5:47:82:0E:C6,ALL,udp:60355,8.8.8.8*,2,176,1,74,1,102
D4:F5:47:82:0E:C6,ALL,udp:55013,192.168.3.117*,2,164,1,90,1,74
D4:F5:47:82:0E:C6,ALL,udp:55013,8.8.8.8*,2,164,1,74,1,90
D4:F5:47:82:0E:C6,ALL,udp:59643,192.168.3.117*,2,164,1,90,1,74
D4:F5:47:82:0E:C6,ALL,udp:59643,8.8.8.8*,2,164,1,74,1,90
D4:F5:47:82:0E:C6,ALL,udp:57138,192.168.3.117*,2,176,1,102,1,74
D4:F5:47:82:0E:C6,ALL,udp:57138,8.8.8.8*,2,176,1,74,1,102
D4:F5:47:82:0E:C6,ALL,udp:48172,192.168.3.117*,2,164,1,90,1,74
D4:F5:47:82:0E:C6,ALL,udp:48172,8.8.8.8*,2,164,1,74,1,90
D4:F5:47:82:0E:C6,ALL,udp:50444,192.168.3.117*,2,164,1,90,1,74
D4:F5:47:82:0E:C6,ALL,udp:50444,8.8.8.8*,2,164,1,74,1,90
D4:F5:47:82:0E:C6,ALL,udp:42853,192.168.3.117*,2,164,1,90,1,74
D4:F5:47:82:0E:C6,ALL,udp:42853,8.8.8.8*,2,164,1,74,1,90
D4:F5:47:82:0E:C6,ALL,udp:52929,192.168.3.117*,2,164,1,90,1,74
D4:F5:47:82:0E:C6,ALL,udp:52929,8.8.8.8*,2,164,1,74,1,90
D4:F5:47:82:0E:C6,ALL,udp:50080,192.168.3.117*,2,176,1,102,1,74
D4:F5:47:82:0E:C6,ALL,udp:50080,8.8.8.8*,2,176,1,74,1,102
D4:F5:47:82:0E:C6,ALL,udp:45554,192.168.3.117*,2,176,1,102,1,74
D4:F5:47:82:0E:C6,ALL,udp:45554,8.8.8.8*,2,176,1,74,1,102
D4:F5:47:82:0E:C6,ALL,udp:42540,192.168.3.117*,2,164,1,90,1,74
D4:F5:47:82:0E:C6,ALL,udp:42540,8.8.8.8*,2,164,1,74,1,90
D4:F5:47:82:0E:C6,ALL,udp:41447,192.168.3.117*,2,164,1,90,1,74
D4:F5:47:82:0E:C6,ALL,udp:41447,8.8.8.8*,2,164,1,74,1,90
D4:F5:47:82:0E:C6,ALL,udp:48902,192.168.3.117*,2,176,1,102,1,74
D4:F5:47:82:0E:C6,ALL,udp:48902,8.8.8.8*,2,176,1,74,1,102
D4:F5:47:82:0E:C6,ALL,udp:41330,192.168.3.117*,2,164,1,90,1,74
D4:F5:47:82:0E:C6,ALL,udp:41330,8.8.8.8*,2,164,1,74,1,90
D4:F5:47:82:0E:C6,ALL,udp:38379,192.168.3.117*,2,176,1,102,1,74
D4:F5:47:82:0E:C6,ALL,udp:38379,8.8.8.8*,2,176,1,74,1,102
D4:F5:47:82:0E:C6,ALL,udp:39441,192.168.3.117*,2,164,1,90,1,74
D4:F5:47:82:0E:C6,ALL,udp:39441,8.8.8.8*,2,164,1,74,1,90
D4:F5:47:82:0E:C6,ALL,udp:53899,192.168.3.117*,2,176,1,102,1,74
D4:F5:47:82:0E:C6,ALL,udp:53899,8.8.8.8*,2,176,1,74,1,102
D4:F5:47:82:0E:C6,ALL,udp:54491,192.168.3.117*,2,164,1,90,1,74
D4:F5:47:82:0E:C6,ALL,udp:54491,8.8.8.8*,2,164,1,74,1,90
D4:F5:47:82:0E:C6,ALL,udp:41548,192.168.3.117*,2,164,1,90,1,74
D4:F5:47:82:0E:C6,ALL,udp:41548,8.8.8.8*,2,164,1,74,1,90
D4:F5:47:82:0E:C6,ALL,udp:44006,192.168.3.117*,2,164,1,90,1,74
D4:F5:47:82:0E:C6,ALL,udp:44006,8.8.8.8*,2,164,1,74,1,90
D4:F5:47:82:0E:C6,ALL,udp:43559,192.168.3.117*,2,164,1,90,1,74
D4:F5:47:82:0E:C6,ALL,udp:43559,8.8.8.8*,2,164,1,74,1,90
D4:F5:47:82:0E:C6,ALL,udp:34671,192.168.3.117*,2,176,1,102,1,74
D4:F5:47:82:0E:C6,ALL,udp:34671,8.8.8.8*,2,176,1,74,1,102
D4:F5:47:82:0E:C6,ALL,udp:40921,192.168.3.117*,2,164,1,90,1,74
D4:F5:47:82:0E:C6,ALL,udp:40921,8.8.8.8*,2,164,1,74,1,90
D4:F5:47:82:0E:C6,ALL,udp:59870,192.168.3.117*,2,176,1,102,1,74
D4:F5:47:82:0E:C6,ALL,udp:59870,8.8.8.8*,2,176,1,74,1,102
D4:F5:47:82:0E:C6,ALL,udp:37308,192.168.3.117*,2,164,1,90,1,74
D4:F5:47:82:0E:C6,ALL,udp:37308,8.8.8.8*,2,164,1,74,1,90
D4:F5:47:82:0E:C6,ALL,udp:43064,192.168.3.117*,2,176,1,102,1,74
D4:F5:47:82:0E:C6,ALL,udp:43064,8.8.8.8*,2,176,1,74,1,102
D4:F5:47:82:0E:C6,ALL,udp:55274,192.168.3.117*,2,194,1,105,1,89
D4:F5:47:82:0E:C6,ALL,udp:55274,8.8.8.8*,2,194,1,89,1,105
D4:F5:47:82:0E:C6,ALL,udp:41153,192.168.3.117*,2,176,1,102,1,74
D4:F5:47:82:0E:C6,ALL,udp:41153,8.8.8.8*,2,176,1,74,1,102
D4:F5:47:82:0E:C6,ALL,udp:52058,192.168.3.117*,2,164,1,90,1,74
D4:F5:47:82:0E:C6,ALL,udp:52058,8.8.8.8*,2,164,1,74,1,90
D4:F5:47:82:0E:C6,ALL,udp:40079,192.168.3.117*,2,176,1,102,1,74
D4:F5:47:82:0E:C6,ALL,udp:40079,8.8.8.8*,2,176,1,74,1,102
D4:F5:47:82:0E:C6,ALL,udp:58133,216.239.35.4,2,180,1,90,1,90
D4:F5:47:82:0E:C6,ALL,udp:58133,8.8.8.8,2,176,1,74,1,102
D4:F5:47:82:0E:C6,ALL,udp:32933,192.168.3.117*,2,176,1,102,1,74
D4:F5:47:82:0E:C6,ALL,udp:32933,8.8.8.8*,2,176,1,74,1,102
D4:F5:47:82:0E:C6,ALL,udp:43530,192.168.3.117*,2,164,1,90,1,74
D4:F5:47:82:0E:C6,ALL,udp:43530,8.8.8.8*,2,164,1,74,1,90
D4:F5:47:82:0E:C6,ALL,udp:40607,192.168.3.117*,2,176,1,102,1,74
D4:F5:47:82:0E:C6,ALL,udp:40607,8.8.8.8*,2,176,1,74,1,102
D4:F5:47:82:0E:C6,ALL,udp:54665,192.168.3.117*,2,164,1,90,1,74
D4:F5:47:82:0E:C6,ALL,udp:54665,8.8.8.8*,2,164,1,74,1,90
D4:F5:47:82:0E:C6,ALL,udp:52521,192.168.3.117*,2,176,1,102,1,74
D4:F5:47:82:0E:C6,ALL,udp:52521,8.8.8.8*,2,176,1,74,1,102
D4:F5:47:82:0E:C6,ALL,udp:56933,192.168.3.117*,2,164,1,90,1,74
D4:F5:47:82:0E:C6,ALL,udp:56933,8.8.8.8*,2,164,1,74,1,90
D4:F5:47:82:0E:C6,ALL,udp:48823,192.168.3.117*,2,164,1,90,1,74
D4:F5:47:82:0E:C6,ALL,udp:48823,8.8.8.8*,2,164,1,74,1,90
D4:F5:47:82:0E:C6,ALL,udp:60061,192.168.3.117*,2,164,1,90,1,74
D4:F5:47:82:0E:C6,ALL,udp:60061,8.8.8.8*,2,164,1,74,1,90
D4:F5:47:82:0E:C6,ALL,udp:33501,192.168.3.117*,2,164,1,90,1,74
D4:F5:47:82:0E:C6,ALL,udp:33501,8.8.8.8*,2,164,1,74,1,90
D4:F5:47:82:0E:C6,ALL,udp:35690,192.168.3.117*,2,164,1,90,1,74
D4:F5:47:82:0E:C6,ALL,udp:35690,8.8.8.8*,2,164,1,74,1,90
D4:F5:47:82:0E:C6,ALL,udp:37858,192.168.3.117*,2,176,1,102,1,74
D4:F5:47:82:0E:C6,ALL,udp:37858,8.8.8.8*,2,176,1,74,1,102
D4:F5:47:82:0E:C6,ALL,udp:56183,192.168.3.117*,2,164,1,90,1,74
D4:F5:47:82:0E:C6,ALL,udp:56183,8.8.8.8*,2,164,1,74,1,90
D4:F5:47:82:0E:C6,ALL,udp:38227,192.168.3.117*,2,176,1,102,1,74
D4:F5:47:82:0E:C6,ALL,udp:38227,8.8.8.8*,2,176,1,74,1,102
D4:F5:47:82:0E:C6,ALL,udp:59988,192.168.3.117*,2,176,1,102,1,74
D4:F5:47:82:0E:C6,ALL,udp:59988,8.8.8.8*,2,176,1,74,1,102
D4:F5:47:82:0E:C6,ALL,udp:36659,192.168.3.117*,2,198,1,119,1,79
D4:F5:47:82:0E:C6,ALL,udp:36659,8.8.8.8*,2,198,1,79,1,119
D4:F5:47:82:0E:C6,ALL,udp:33748,192.168.3.117*,2,164,1,90,1,74
D4:F5:47:82:0E:C6,ALL,udp:33748,8.8.8.8*,2,164,1,74,1,90
D4:F5:47:82:0E:C6,ALL,udp:55326,192.168.3.117*,2,176,1,102,1,74
D4:F5:47:82:0E:C6,ALL,udp:55326,8.8.8.8*,2,176,1,74,1,102
D4:F5:47:82:0E:C6,ALL,udp:46465,192.168.3.117*,2,164,1,90,1,74
D4:F5:47:82:0E:C6,ALL,udp:46465,8.8.8.8*,2,164,1,74,1,90
D4:F5:47:82:0E:C6,ALL,udp:55213,192.168.3.117*,2,164,1,90,1,74
D4:F5:47:82:0E:C6,ALL,udp:55213,8.8.8.8*,2,164,1,74,1,90
D4:F5:47:82:0E:C6,ALL,udp:45231,192.168.3.117*,2,176,1,102,1,74
D4:F5:47:82:0E:C6,ALL,udp:45231,8.8.8.8*,2,176,1,74,1,102
D4:F5:47:82:0E:C6,ALL,udp:39424,192.168.3.117*,2,164,1,90,1,74
D4:F5:47:82:0E:C6,ALL,udp:39424,8.8.8.8*,2,164,1,74,1,90
D4:F5:47:82:0E:C6,ALL,udp:45090,192.168.3.117*,2,176,1,102,1,74
D4:F5:47:82:0E:C6,ALL,udp:45090,8.8.8.8*,2,176,1,74,1,102
D4:F5:47:82:0E:C6,ALL,udp:51385,192.168.3.117*,2,164,1,90,1,74
D4:F5:47:82:0E:C6,ALL,udp:51385,8.8.8.8*,2,164,1,74,1,90
D4:F5:47:82:0E:C6,ALL,udp:44649,192.168.3.117*,2,164,1,90,1,74
D4:F5:47:82:0E:C6,ALL,udp:44649,8.8.8.8*,2,164,1,74,1,90
D4:F5:47:82:0E:C6,ALL,udp:41694,192.168.3.117*,2,164,1,90,1,74
D4:F5:47:82:0E:C6,ALL,udp:41694,8.8.8.8*,2,164,1,74,1,90
D4:F5:47:82:0E:C6,ALL,udp:52278,192.168.3.117*,2,176,1,102,1,74
D4:F5:47:82:0E:C6,ALL,udp:52278,8.8.8.8*,2,176,1,74,1,102
D4:F5:47:82:0E:C6,ALL,udp:40107,192.168.3.117*,2,164,1,90,1,74
D4:F5:47:82:0E:C6,ALL,udp:40107,8.8.8.8*,2,164,1,74,1,90
D4:F5:47:82:0E:C6,ALL,udp:33634,192.168.3.117*,2,176,1,102,1,74
D4:F5:47:82:0E:C6,ALL,udp:33634,8.8.8.8*,2,176,1,74,1,102
D4:F5:47:82:0E:C6,ALL,udp:54447,192.168.3.117*,2,176,1,102,1,74
D4:F5:47:82:0E:C6,ALL,udp:54447,8.8.8.8*,2,176,1,74,1,102
D4:F5:47:82:0E:C6,ALL,udp:42575,192.168.3.117*,2,164,1,90,1,74
D4:F5:47:82:0E:C6,ALL,udp:42575,8.8.8.8*,2,164,1,74,1,90
D4:F5:47:82:0E:C6,ALL,udp:60567,192.168.3.117*,2,176,1,102,1,74
D4:F5:47:82:0E:C6,ALL,udp:60567,8.8.8.8*,2,176,1,74,1,102
D4:F5:47:82:0E:C6,ALL,udp:56942,192.168.3.117*,2,164,1,90,1,74
D4:F5:47:82:0E:C6,ALL,udp:56942,8.8.8.8*,2,164,1,74,1,90
D4:F5:47:82:0E:C6,ALL,udp:41958,192.168.3.117*,2,176,1,102,1,74
D4:F5:47:82:0E:C6,ALL,udp:41958,8.8.8.8*,2,176,1,74,1,102
D4:F5:47:82:0E:C6,ALL,udp:50885,192.168.3.117*,2,176,1,102,1,74
D4:F5:47:82:0E:C6,ALL,udp:50885,8.8.8.8*,2,176,1,74,1,102
D4:F5:47:82:0E:C6,ALL,udp:46428,192.168.3.117*,2,164,1,90,1,74
D4:F5:47:82:0E:C6,ALL,udp:46428,8.8.8.8*,2,164,1,74,1,90
D4:F5:47:82:0E:C6,ALL,udp:40730,192.168.3.117*,2,164,1,90,1,74
D4:F5:47:82:0E:C6,ALL,udp:40730,8.8.8.8*,2,164,1,74,1,90
D4:F5:47:82:0E:C6,ALL,udp:50059,192.168.3.117*,2,176,1,102,1,74
D4:F5:47:82:0E:C6,ALL,udp:50059,8.8.8.8*,2,176,1,74,1,102
D4:F5:47:82:0E:C6,ALL,udp:53348,192.168.3.117*,2,164,1,90,1,74
D4:F5:47:82:0E:C6,ALL,udp:53348,8.8.8.8*,2,164,1,74,1,90
D4:F5:47:82:0E:C6,ALL,udp:55417,192.168.3.117*,2,176,1,102,1,74
D4:F5:47:82:0E:C6,ALL,udp:55417,8.8.8.8*,2,176,1,74,1,102
D4:F5:47:82:0E:C6,ALL,udp:54216,192.168.3.117*,2,164,1,90,1,74
D4:F5:47:82:0E:C6,ALL,udp:54216,8.8.8.8*,2,164,1,74,1,90
D4:F5:47:82:0E:C6,ALL,udp:60033,192.168.3.117*,2,176,1,102,1,74
D4:F5:47:82:0E:C6,ALL,udp:60033,8.8.8.8*,2,176,1,74,1,102
D4:F5:47:82:0E:C6,ALL,udp:41721,192.168.3.117*,2,164,1,90,1,74
D4:F5:47:82:0E:C6,ALL,udp:41721,8.8.8.8*,2,164,1,74,1,90
D4:F5:47:82:0E:C6,ALL,udp:58640,192.168.3.117*,2,176,1,102,1,74
D4:F5:47:82:0E:C6,ALL,udp:58640,8.8.8.8*,2,176,1,74,1,102
D4:F5:47:82:0E:C6,ALL,udp:53755,192.168.3.117*,2,164,1,90,1,74
D4:F5:47:82:0E:C6,ALL,udp:53755,8.8.8.8*,2,164,1,74,1,90
D4:F5:47:82:0E:C6,ALL,udp:60124,192.168.3.117*,2,164,1,90,1,74
D4:F5:47:82:0E:C6,ALL,udp:60124,8.8.8.8*,2,164,1,74,1,90
D4:F5:47:82:0E:C6,ALL,udp:39830,192.168.3.117*,2,176,1,102,1,74
D4:F5:47:82:0E:C6,ALL,udp:39830,8.8.8.8*,2,176,1,74,1,102
D4:F5:47:82:0E:C6,ALL,udp:58317,192.168.3.117*,2,164,1,90,1,74
D4:F5:47:82:0E:C6,ALL,udp:58317,8.8.8.8*,2,164,1,74,1,90
D4:F5:47:82:0E:C6,ALL,udp:39472,192.168.3.117*,2,176,1,102,1,74
D4:F5:47:82:0E:C6,ALL,udp:39472,8.8.8.8*,2,176,1,74,1,102
D4:F5:47:82:0E:C6,ALL,udp:38807,192.168.3.117*,2,198,1,119,1,79
D4:F5:47:82:0E:C6,ALL,udp:38807,8.8.8.8*,2,198,1,79,1,119
D4:F5:47:82:0E:C6,ALL,udp:34658,192.168.3.117*,2,176,1,102,1,74
D4:F5:47:82:0E:C6,ALL,udp:34658,8.8.8.8*,2,176,1,74,1,102
D4:F5:47:82:0E:C6,ALL,udp:56520,192.168.3.117*,2,164,1,90,1,74
D4:F5:47:82:0E:C6,ALL,udp:56520,8.8.8.8*,2,164,1,74,1,90
D4:F5:47:82:0E:C6,ALL,udp:54510,192.168.3.117*,2,176,1,102,1,74
D4:F5:47:82:0E:C6,ALL,udp:54510,8.8.8.8*,2,176,1,74,1,102
D4:F5:47:82:0E:C6,ALL,udp:58038,192.168.3.117*,2,176,1,102,1,74
D4:F5:47:82:0E:C6,ALL,udp:58038,8.8.8.8*,2,176,1,74,1,102
D4:F5:47:82:0E:C6,ALL,udp:46570,192.168.3.117*,2,164,1,90,1,74
D4:F5:47:82:0E:C6,ALL,udp:46570,8.8.8.8*,2,164,1,74,1,90
D4:F5:47:82:0E:C6,ALL,udp:44256,192.168.3.117*,2,176,1,102,1,74
D4:F5:47:82:0E:C6,ALL,udp:44256,8.8.8.8*,2,176,1,74,1,102
D4:F5:47:82:0E:C6,ALL,udp:37061,192.168.3.117*,2,176,1,102,1,74
D4:F5:47:82:0E:C6,ALL,udp:37061,8.8.8.8*,2,176,1,74,1,102
D4:F5:47:82:0E:C6,ALL,udp:48689,192.168.3.117*,2,164,1,90,1,74
D4:F5:47:82:0E:C6,ALL,udp:48689,8.8.8.8*,2,164,1,74,1,90
D4:F5:47:82:0E:C6,ALL,udp:45943,192.168.3.117*,2,176,1,102,1,74
D4:F5:47:82:0E:C6,ALL,udp:45943,8.8.8.8*,2,176,1,74,1,102
D4:F5:47:82:0E:C6,ALL,udp:33953,192.168.3.117*,2,164,1,90,1,74
D4:F5:47:82:0E:C6,ALL,udp:33953,8.8.8.8*,2,164,1,74,1,90
D4:F5:47:82:0E:C6,ALL,udp:53181,192.168.3.117*,2,164,1,90,1,74
D4:F5:47:82:0E:C6,ALL,udp:53181,8.8.8.8*,2,164,1,74,1,90
D4:F5:47:82:0E:C6,ALL,udp:48386,192.168.3.117*,2,164,1,90,1,74
D4:F5:47:82:0E:C6,ALL,udp:48386,8.8.8.8*,2,164,1,74,1,90
D4:F5:47:82:0E:C6,ALL,udp:43249,192.168.3.117*,2,164,1,90,1,74
D4:F5:47:82:0E:C6,ALL,udp:43249,8.8.8.8*,2,164,1,74,1,90
D4:F5:47:82:0E:C6,ALL,udp:60916,192.168.3.117*,2,164,1,90,1,74
D4:F5:47:82:0E:C6,ALL,udp:60916,8.8.8.8*,2,164,1,74,1,90
D4:F5:47:82:0E:C6,ALL,udp:51054,192.168.3.117*,2,176,1,102,1,74
D4:F5:47:82:0E:C6,ALL,udp:51054,8.8.8.8*,2,176,1,74,1,102
D4:F5:47:82:0E:C6,ALL,udp:38777,192.168.3.117*,2,164,1,90,1,74
D4:F5:47:82:0E:C6,ALL,udp:38777,8.8.8.8*,2,164,1,74,1,90
D4:F5:47:82:0E:C6,ALL,udp:47009,192.168.3.117*,2,176,1,102,1,74
D4:F5:47:82:0E:C6,ALL,udp:47009,8.8.8.8*,2,176,1,74,1,102
D4:F5:47:82:0E:C6,ALL,udp:54133,192.168.3.117*,2,164,1,90,1,74
D4:F5:47:82:0E:C6,ALL,udp:54133,8.8.8.8*,2,164,1,74,1,90
D4:F5:47:82:0E:C6,ALL,udp:52869,192.168.3.117*,2,164,1,90,1,74
D4:F5:47:82:0E:C6,ALL,udp:52869,8.8.8.8*,2,164,1,74,1,90
D4:F5:47:82:0E:C6,ALL,udp:41193,192.168.3.117*,2,176,1,102,1,74
D4:F5:47:82:0E:C6,ALL,udp:41193,8.8.8.8*,2,176,1,74,1,102
D4:F5:47:82:0E:C6,ALL,udp:55625,192.168.3.117*,2,176,1,102,1,74
D4:F5:47:82:0E:C6,ALL,udp:55625,8.8.8.8*,2,176,1,74,1,102
D4:F5:47:82:0E:C6,ALL,udp:51424,192.168.3.117*,2,176,1,102,1,74
D4:F5:47:82:0E:C6,ALL,udp:51424,8.8.8.8*,2,176,1,74,1,102
D4:F5:47:82:0E:C6,ALL,udp:34462,192.168.3.117*,2,164,1,90,1,74
D4:F5:47:82:0E:C6,ALL,udp:34462,8.8.8.8*,2,164,1,74,1,90
D4:F5:47:82:0E:C6,ALL,udp:52236,192.168.3.117*,2,176,1,102,1,74
D4:F5:47:82:0E:C6,ALL,udp:52236,8.8.8.8*,2,176,1,74,1,102
D4:F5:47:82:0E:C6,ALL,udp:39918,192.168.3.117*,2,164,1,90,1,74
D4:F5:47:82:0E:C6,ALL,udp:39918,8.8.8.8*,2,164,1,74,1,90
D4:F5:47:82:0E:C6,ALL,udp:49820,192.168.3.117*,2,164,1,90,1,74
D4:F5:47:82:0E:C6,ALL,udp:49820,8.8.8.8*,2,164,1,74,1,90
D4:F5:47:82:0E:C6,ALL,udp:41298,192.168.3.117*,2,164,1,90,1,74
D4:F5:47:82:0E:C6,ALL,udp:41298,8.8.8.8*,2,164,1,74,1,90
D4:F5:47:82:0E:C6,ALL,udp:45479,192.168.3.117*,2,176,1,102,1,74
D4:F5:47:82:0E:C6,ALL,udp:45479,8.8.8.8*,2,176,1,74,1,102
D4:F5:47:82:0E:C6,ALL,udp:53555,192.168.3.117*,2,164,1,90,1,74
D4:F5:47:82:0E:C6,ALL,udp:53555,8.8.8.8*,2,164,1,74,1,90
D4:F5:47:82:0E:C6,ALL,udp:33530,192.168.3.117*,2,164,1,90,1,74
D4:F5:47:82:0E:C6,ALL,udp:33530,8.8.8.8*,2,164,1,74,1,90
D4:F5:47:82:0E:C6,ALL,udp:41951,192.168.3.117*,2,176,1,102,1,74
D4:F5:47:82:0E:C6,ALL,udp:41951,8.8.8.8*,2,176,1,74,1,102
D4:F5:47:82:0E:C6,ALL,udp:48783,192.168.3.117*,2,176,1,102,1,74
D4:F5:47:82:0E:C6,ALL,udp:48783,8.8.8.8*,2,176,1,74,1,102
D4:F5:47:82:0E:C6,ALL,udp:46213,192.168.3.117*,2,164,1,90,1,74
D4:F5:47:82:0E:C6,ALL,udp:46213,8.8.8.8*,2,164,1,74,1,90
D4:F5:47:82:0E:C6,ALL,udp:56726,192.168.3.117*,2,176,1,102,1,74
D4:F5:47:82:0E:C6,ALL,udp:56726,8.8.8.8*,2,176,1,74,1,102
D4:F5:47:82:0E:C6,ALL,udp:34727,192.168.3.117*,2,164,1,90,1,74
D4:F5:47:82:0E:C6,ALL,udp:34727,8.8.8.8*,2,164,1,74,1,90
D4:F5:47:82:0E:C6,ALL,udp:40712,192.168.3.117*,2,164,1,90,1,74
D4:F5:47:82:0E:C6,ALL,udp:40712,8.8.8.8*,2,164,1,74,1,90
D4:F5:47:82:0E:C6,ALL,udp:58585,192.168.3.117*,2,176,1,102,1,74
D4:F5:47:82:0E:C6,ALL,udp:58585,8.8.8.8*,2,176,1,74,1,102
D4:F5:47:82:0E:C6,ALL,udp:43870,192.168.3.117*,2,164,1,90,1,74
D4:F5:47:82:0E:C6,ALL,udp:43870,8.8.8.8*,2,164,1,74,1,90
D4:F5:47:82:0E:C6,ALL,udp:32911,192.168.3.117*,2,176,1,102,1,74
D4:F5:47:82:0E:C6,ALL,udp:32911,8.8.8.8*,2,176,1,74,1,102
D4:F5:47:82:0E:C6,ALL,udp:44779,192.168.3.117*,2,176,1,102,1,74
D4:F5:47:82:0E:C6,ALL,udp:44779,8.8.8.8*,2,176,1,74,1,102
D4:F5:47:82:0E:C6,ALL,udp:50408,192.168.3.117*,2,164,1,90,1,74
D4:F5:47:82:0E:C6,ALL,udp:50408,8.8.8.8*,2,164,1,74,1,90
D4:F5:47:82:0E:C6,ALL,udp:45173,192.168.3.117*,2,176,1,102,1,74
D4:F5:47:82:0E:C6,ALL,udp:45173,8.8.8.8*,2,176,1,74,1,102
D4:F5:47:82:0E:C6,ALL,udp:60226,192.168.3.117*,2,176,1,102,1,74
D4:F5:47:82:0E:C6,ALL,udp:60226,8.8.8.8*,2,176,1,74,1,102
D4:F5:47:82:0E:C6,ALL,udp:45693,192.168.3.117*,2,164,1,90,1,74
D4:F5:47:82:0E:C6,ALL,udp:45693,8.8.8.8*,2,164,1,74,1,90
D4:F5:47:82:0E:C6,ALL,udp:54239,192.168.3.117*,2,176,1,102,1,74
D4:F5:47:82:0E:C6,ALL,udp:54239,8.8.8.8*,2,176,1,74,1,102
D4:F5:47:82:0E:C6,ALL,udp:33642,192.168.3.117*,2,164,1,90,1,74
D4:F5:47:82:0E:C6,ALL,udp:33642,8.8.8.8*,2,164,1,74,1,90
D4:F5:47:82:0E:C6,ALL,udp:45490,192.168.3.117*,2,164,1,90,1,74
D4:F5:47:82:0E:C6,ALL,udp:45490,8.8.8.8*,2,164,1,74,1,90
D4:F5:47:82:0E:C6,ALL,udp:55900,192.168.3.117*,2,164,1,90,1,74
D4:F5:47:82:0E:C6,ALL,udp:55900,8.8.8.8*,2,164,1,74,1,90
D4:F5:47:82:0E:C6,ALL,udp:54330,192.168.3.117*,2,176,1,102,1,74
D4:F5:47:82:0E:C6,ALL,udp:54330,8.8.8.8*,2,176,1,74,1,102
D4:F5:47:82:0E:C6,ALL,udp:51405,192.168.3.117*,2,164,1,90,1,74
D4:F5:47:82:0E:C6,ALL,udp:51405,8.8.8.8*,2,164,1,74,1,90
D4:F5:47:82:0E:C6,ALL,udp:53673,192.168.3.117*,2,176,1,102,1,74
D4:F5:47:82:0E:C6,ALL,udp:53673,8.8.8.8*,2,176,1,74,1,102
D4:F5:47:82:0E:C6,ALL,udp:41110,192.168.3.117*,2,176,1,102,1,74
D4:F5:47:82:0E:C6,ALL,udp:41110,8.8.8.8*,2,176,1,74,1,102
D4:F5:47:82:0E:C6,ALL,udp:51162,192.168.3.117*,2,164,1,90,1,74
D4:F5:47:82:0E:C6,ALL,udp:51162,8.8.8.8*,2,164,1,74,1,90
D4:F5:47:82:0E:C6,ALL,udp:57183,192.168.3.117*,2,176,1,102,1,74
D4:F5:47:82:0E:C6,ALL,udp:57183,8.8.8.8*,2,176,1,74,1,102
D4:F5:47:82:0E:C6,ALL,udp:56483,216.239.35.12,2,180,1,90,1,90
D4:F5:47:82:0E:C6,ALL,udp:56483,8.8.8.8,2,164,1,74,1,90
D4:F5:47:82:0E:C6,ALL,udp:36799,192.168.3.117*,2,164,1,90,1,74
D4:F5:47:82:0E:C6,ALL,udp:36799,8.8.8.8*,2,164,1,74,1,90
D4:F5:47:82:0E:C6,ALL,udp:48084,192.168.3.117*,2,194,1,105,1,89
D4:F5:47:82:0E:C6,ALL,udp:48084,8.8.8.8*,2,194,1,89,1,105
D4:F5:47:82:0E:C6,ALL,udp:59687,192.168.3.117*,2,197,1,121,1,76
D4:F5:47:82:0E:C6,ALL,udp:59687,8.8.8.8*,2,197,1,76,1,121
D4:F5:47:82:0E:C6,ALL,udp:37362,192.168.3.117*,2,198,1,119,1,79
D4:F5:47:82:0E:C6,ALL,udp:37362,8.8.8.8*,2,198,1,79,1,119
D4:F5:47:82:0E:C6,ALL,udp:39010,192.168.3.117*,2,194,1,105,1,89
D4:F5:47:82:0E:C6,ALL,udp:39010,8.8.8.8*,2,194,1,89,1,105
D4:F5:47:82:0E:C6,ALL,udp:48349,192.168.3.117*,2,156,1,86,1,70
D4:F5:47:82:0E:C6,ALL,udp:48349,8.8.8.8*,2,156,1,70,1,86
D4:F5:47:82:0E:C6,ALL,udp:36397,192.168.3.117*,2,213,1,126,1,87
D4:F5:47:82:0E:C6,ALL,udp:36397,8.8.8.8*,2,213,1,87,1,126
D4:F5:47:82:0E:C6,ALL,udp:37216,192.168.3.117*,2,213,1,126,1,87
D4:F5:47:82:0E:C6,ALL,udp:37216,8.8.8.8*,2,213,1,87,1,126
D4:F5:47:82:0E:C6,ALL,udp:54689,192.168.3.117*,2,213,1,126,1,87
D4:F5:47:82:0E:C6,ALL,udp:54689,8.8.8.8*,2,213,1,87,1,126
D4:F5:47:82:0E:C6,ALL,udp:49625,192.168.3.117*,2,213,1,126,1,87
D4:F5:47:82:0E:C6,ALL,udp:49625,8.8.8.8*,2,213,1,87,1,126
D4:F5:47:82:0E:C6,ALL,udp:54883,192.168.3.117*,2,213,1,126,1,87
D4:F5:47:82:0E:C6,ALL,udp:54883,8.8.8.8*,2,213,1,87,1,126
D4:F5:47:82:0E:C6,ALL,udp:53512,192.168.3.117*,2,213,1,126,1,87
D4:F5:47:82:0E:C6,ALL,udp:53512,8.8.8.8*,2,213,1,87,1,126
D4:F5:47:82:0E:C6,ALL,udp:41005,192.168.3.117*,2,198,1,119,1,79
D4:F5:47:82:0E:C6,ALL,udp:41005,8.8.8.8*,2,198,1,79,1,119
D4:F5:47:82:0E:C6,ALL,udp:54274,192.168.3.117*,2,198,1,119,1,79
D4:F5:47:82:0E:C6,ALL,udp:54274,8.8.8.8*,2,198,1,79,1,119
D4:F5:47:82:0E:C6,ALL,udp:33606,192.168.3.117*,2,198,1,119,1,79
D4:F5:47:82:0E:C6,ALL,udp:33606,8.8.8.8*,2,198,1,79,1,119
D4:F5:47:82:0E:C6,ALL,udp:35492,192.168.3.117*,2,198,1,119,1,79
D4:F5:47:82:0E:C6,ALL,udp:35492,8.8.8.8*,2,198,1,79,1,119
D4:F5:47:82:0E:C6,ALL,udp:59464,192.168.3.117*,2,194,1,105,1,89
D4:F5:47:82:0E:C6,ALL,udp:59464,8.8.8.8*,2,194,1,89,1,105
D4:F5:47:82:0E:C6,ALL,udp:34231,192.168.3.117*,2,198,1,119,1,79
D4:F5:47:82:0E:C6,ALL,udp:34231,8.8.8.8*,2,198,1,79,1,119
D4:F5:47:82:0E:C6,ALL,udp:46996,192.168.3.117*,2,198,1,119,1,79
D4:F5:47:82:0E:C6,ALL,udp:46996,8.8.8.8*,2,198,1,79,1,119
D4:F5:47:82:0E:C6,ALL,udp:49366,192.168.3.117*,2,198,1,119,1,79
D4:F5:47:82:0E:C6,ALL,udp:49366,8.8.8.8*,2,198,1,79,1,119
D4:F5:47:82:0E:C6,ALL,udp:45134,192.168.3.117*,2,198,1,119,1,79
D4:F5:47:82:0E:C6,ALL,udp:45134,8.8.8.8*,2,198,1,79,1,119
D4:F5:47:82:0E:C6,ALL,udp:37405,192.168.3.117*,2,198,1,119,1,79
D4:F5:47:82:0E:C6,ALL,udp:37405,8.8.8.8*,2,198,1,79,1,119
D4:F5:47:82:0E:C6,ALL,udp:36282,192.168.3.117*,2,198,1,119,1,79
D4:F5:47:82:0E:C6,ALL,udp:36282,8.8.8.8*,2,198,1,79,1,119
D4:F5:47:82:0E:C6,ALL,udp:42020,192.168.3.117*,2,198,1,119,1,79
D4:F5:47:82:0E:C6,ALL,udp:42020,8.8.8.8*,2,198,1,79,1,119
D4:F5:47:82:0E:C6,ALL,udp:59496,192.168.3.117*,2,194,1,105,1,89
D4:F5:47:82:0E:C6,ALL,udp:59496,8.8.8.8*,2,194,1,89,1,105
D4:F5:47:82:0E:C6,ALL,udp:48570,192.168.3.117*,2,156,1,86,1,70
D4:F5:47:82:0E:C6,ALL,udp:48570,8.8.8.8*,2,156,1,70,1,86
D4:F5:47:82:0E:C6,ALL,udp:47895,192.168.3.117*,2,213,1,126,1,87
D4:F5:47:82:0E:C6,ALL,udp:47895,8.8.8.8*,2,213,1,87,1,126
D4:F5:47:82:0E:C6,ALL,udp:48305,192.168.3.117*,2,213,1,126,1,87
D4:F5:47:82:0E:C6,ALL,udp:48305,8.8.8.8*,2,213,1,87,1,126
D4:F5:47:82:0E:C6,ALL,udp:39994,192.168.3.117*,2,198,1,119,1,79
D4:F5:47:82:0E:C6,ALL,udp:39994,8.8.8.8*,2,198,1,79,1,119
D4:F5:47:82:0E:C6,ALL,udp:42889,192.168.3.117*,2,198,1,119,1,79
D4:F5:47:82:0E:C6,ALL,udp:42889,8.8.8.8*,2,198,1,79,1,119
D4:F5:47:82:0E:C6,ALL,udp:60996,192.168.3.117*,2,194,1,105,1,89
D4:F5:47:82:0E:C6,ALL,udp:60996,8.8.8.8*,2,194,1,89,1,105
D4:F5:47:82:0E:C6,ALL,udp:36407,192.168.3.117*,2,198,1,119,1,79
D4:F5:47:82:0E:C6,ALL,udp:36407,8.8.8.8*,2,198,1,79,1,119
D4:F5:47:82:0E:C6,ALL,udp:39203,192.168.3.117*,2,194,1,105,1,89
D4:F5:47:82:0E:C6,ALL,udp:39203,8.8.8.8*,2,194,1,89,1,105
D4:F5:47:82:0E:C6,ALL,udp:40096,192.168.3.117*,2,198,1,119,1,79
D4:F5:47:82:0E:C6,ALL,udp:40096,8.8.8.8*,2,198,1,79,1,119
D4:F5:47:82:0E:C6,ALL,udp:43114,192.168.3.117*,2,197,1,121,1,76
D4:F5:47:82:0E:C6,ALL,udp:43114,8.8.8.8*,2,197,1,76,1,121
D4:F5:47:82:0E:C6,ALL,udp:34874,192.168.3.117*,2,198,1,119,1,79
D4:F5:47:82:0E:C6,ALL,udp:34874,8.8.8.8*,2,198,1,79,1,119
D4:F5:47:82:0E:C6,ALL,udp:56366,192.168.3.117*,2,213,1,126,1,87
D4:F5:47:82:0E:C6,ALL,udp:56366,8.8.8.8*,2,213,1,87,1,126
D4:F5:47:82:0E:C6,ALL,udp:41139,192.168.3.117*,2,213,1,126,1,87
D4:F5:47:82:0E:C6,ALL,udp:41139,8.8.8.8*,2,213,1,87,1,126
D4:F5:47:82:0E:C6,ALL,udp:34165,192.168.3.117*,2,213,1,126,1,87
D4:F5:47:82:0E:C6,ALL,udp:34165,8.8.8.8*,2,213,1,87,1,126
D4:F5:47:82:0E:C6,ALL,udp:37119,192.168.3.117*,2,213,1,126,1,87
D4:F5:47:82:0E:C6,ALL,udp:37119,8.8.8.8*,2,213,1,87,1,126
D4:F5:47:82:0E:C6,ALL,udp:52023,192.168.3.117*,2,213,1,126,1,87
D4:F5:47:82:0E:C6,ALL,udp:52023,8.8.8.8*,2,213,1,87,1,126
D4:F5:47:82:0E:C6,ALL,udp:54304,192.168.3.117*,2,213,1,126,1,87
D4:F5:47:82:0E:C6,ALL,udp:54304,8.8.8.8*,2,213,1,87,1,126
D4:F5:47:82:0E:C6,ALL,udp:59849,216.239.35.0,2,180,1,90,1,90
D4:F5:47:82:0E:C6,ALL,udp:59849,8.8.8.8,2,198,1,79,1,119
D4:F5:47:82:0E:C6,ALL,udp:59820,192.168.3.117*,2,198,1,119,1,79
D4:F5:47:82:0E:C6,ALL,udp:59820,8.8.8.8*,2,198,1,79,1,119
D4:F5:47:82:0E:C6,ALL,udp:58001,192.168.3.117*,2,198,1,119,1,79
D4:F5:47:82:0E:C6,ALL,udp:58001,8.8.8.8*,2,198,1,79,1,119
D4:F5:47:82:0E:C6,ALL,udp:50362,192.168.3.117*,2,194,1,105,1,89
D4:F5:47:82:0E:C6,ALL,udp:50362,8.8.8.8*,2,194,1,89,1,105
D4:F5:47:82:0E:C6,ALL,udp:53590,192.168.3.117*,2,198,1,119,1,79
D4:F5:47:82:0E:C6,ALL,udp:53590,8.8.8.8*,2,198,1,79,1,119
D4:F5:47:82:0E:C6,ALL,udp:48511,192.168.3.117*,2,198,1,119,1,79
D4:F5:47:82:0E:C6,ALL,udp:48511,8.8.8.8*,2,198,1,79,1,119
D4:F5:47:82:0E:C6,ALL,udp:41581,192.168.3.117*,2,194,1,105,1,89
D4:F5:47:82:0E:C6,ALL,udp:41581,8.8.8.8*,2,194,1,89,1,105
D4:F5:47:82:0E:C6,ALL,udp:53134,192.168.3.117*,2,194,1,105,1,89
D4:F5:47:82:0E:C6,ALL,udp:53134,8.8.8.8*,2,194,1,89,1,105
D4:F5:47:82:0E:C6,ALL,udp:35422,192.168.3.117*,2,198,1,119,1,79
D4:F5:47:82:0E:C6,ALL,udp:35422,8.8.8.8*,2,198,1,79,1,119
D4:F5:47:82:0E:C6,ALL,udp:43170,192.168.3.117*,2,198,1,119,1,79
D4:F5:47:82:0E:C6,ALL,udp:43170,8.8.8.8*,2,198,1,79,1,119
D4:F5:47:82:0E:C6,ALL,udp:58453,192.168.3.117*,2,156,1,86,1,70
D4:F5:47:82:0E:C6,ALL,udp:58453,8.8.8.8*,2,156,1,70,1,86
D4:F5:47:82:0E:C6,ALL,udp:58504,192.168.3.117*,2,213,1,126,1,87
D4:F5:47:82:0E:C6,ALL,udp:58504,8.8.8.8*,2,213,1,87,1,126
D4:F5:47:82:0E:C6,ALL,udp:47936,192.168.3.117*,2,213,1,126,1,87
D4:F5:47:82:0E:C6,ALL,udp:47936,8.8.8.8*,2,213,1,87,1,126
D4:F5:47:82:0E:C6,ALL,udp:42929,192.168.3.117*,2,213,1,126,1,87
D4:F5:47:82:0E:C6,ALL,udp:42929,8.8.8.8*,2,213,1,87,1,126
D4:F5:47:82:0E:C6,ALL,udp:59937,192.168.3.117*,2,213,1,126,1,87
D4:F5:47:82:0E:C6,ALL,udp:59937,8.8.8.8*,2,213,1,87,1,126
D4:F5:47:82:0E:C6,ALL,udp:40571,192.168.3.117*,2,213,1,126,1,87
D4:F5:47:82:0E:C6,ALL,udp:40571,8.8.8.8*,2,213,1,87,1,126
D4:F5:47:82:0E:C6,ALL,udp:55466,192.168.3.117*,2,213,1,126,1,87
D4:F5:47:82:0E:C6,ALL,udp:55466,8.8.8.8*,2,213,1,87,1,126
D4:F5:47:82:0E:C6,ALL,udp:57415,192.168.3.117*,2,194,1,105,1,89
D4:F5:47:82:0E:C6,ALL,udp:57415,8.8.8.8*,2,194,1,89,1,105
D4:F5:47:82:0E:C6,ALL,udp:36656,192.168.3.117*,2,198,1,119,1,79
D4:F5:47:82:0E:C6,ALL,udp:36656,8.8.8.8*,2,198,1,79,1,119
D4:F5:47:82:0E:C6,ALL,udp:39822,192.168.3.117*,2,198,1,119,1,79
D4:F5:47:82:0E:C6,ALL,udp:39822,8.8.8.8*,2,198,1,79,1,119
D4:F5:47:82:0E:C6,ALL,udp:44688,192.168.3.117*,2,198,1,119,1,79
D4:F5:47:82:0E:C6,ALL,udp:44688,8.8.8.8*,2,198,1,79,1,119
D4:F5:47:82:0E:C6,ALL,udp:46920,192.168.3.117*,2,198,1,119,1,79
D4:F5:47:82:0E:C6,ALL,udp:46920,8.8.8.8*,2,198,1,79,1,119
D4:F5:47:82:0E:C6,ALL,udp:44397,192.168.3.117*,2,198,1,119,1,79
D4:F5:47:82:0E:C6,ALL,udp:44397,8.8.8.8*,2,198,1,79,1,119
D4:F5:47:82:0E:C6,ALL,udp:51892,192.168.3.117*,2,194,1,105,1,89
D4:F5:47:82:0E:C6,ALL,udp:51892,8.8.8.8*,2,194,1,89,1,105
D4:F5:47:82:0E:C6,ALL,udp:54046,192.168.3.117*,2,198,1,119,1,79
D4:F5:47:82:0E:C6,ALL,udp:54046,8.8.8.8*,2,198,1,79,1,119
D4:F5:47:82:0E:C6,ALL,udp:38858,192.168.3.117*,2,198,1,119,1,79
D4:F5:47:82:0E:C6,ALL,udp:38858,8.8.8.8*,2,198,1,79,1,119
D4:F5:47:82:0E:C6,ALL,udp:54118,192.168.3.117*,2,198,1,119,1,79
D4:F5:47:82:0E:C6,ALL,udp:54118,8.8.8.8*,2,198,1,79,1,119
D4:F5:47:82:0E:C6,ALL,udp:44731,192.168.3.117*,2,198,1,119,1,79
D4:F5:47:82:0E:C6,ALL,udp:44731,8.8.8.8*,2,198,1,79,1,119
D4:F5:47:82:0E:C6,ALL,udp:37062,142.251.32.110*,23,12422,13,9203,10,3219
D4:F5:47:82:0E:C6,ALL,udp:37062,8.8.8.8*,2,164,1,74,1,90
D4:F5:47:82:0E:C6,ALL,udp:58904,192.168.3.117*,2,176,1,102,1,74
D4:F5:47:82:0E:C6,ALL,udp:58904,8.8.8.8*,2,176,1,74,1,102
D4:F5:47:82:0E:C6,ALL,udp:39011,192.168.3.117*,2,164,1,90,1,74
D4:F5:47:82:0E:C6,ALL,udp:39011,8.8.8.8*,2,164,1,74,1,90
D4:F5:47:82:0E:C6,ALL,udp:48166,192.168.3.117*,2,164,1,90,1,74
D4:F5:47:82:0E:C6,ALL,udp:48166,8.8.8.8*,2,164,1,74,1,90
D4:F5:47:82:0E:C6,ALL,udp:42154,192.168.3.117*,2,176,1,102,1,74
D4:F5:47:82:0E:C6,ALL,udp:42154,8.8.8.8*,2,176,1,74,1,102
D4:F5:47:82:0E:C6,ALL,udp:33919,192.168.3.117*,2,176,1,102,1,74
D4:F5:47:82:0E:C6,ALL,udp:33919,8.8.8.8*,2,176,1,74,1,102
D4:F5:47:82:0E:C6,ALL,udp:43573,192.168.3.117*,2,164,1,90,1,74
D4:F5:47:82:0E:C6,ALL,udp:43573,8.8.8.8*,2,164,1,74,1,90
D4:F5:47:82:0E:C6,ALL,udp:45357,192.168.3.117*,2,176,1,102,1,74
D4:F5:47:82:0E:C6,ALL,udp:45357,8.8.8.8*,2,176,1,74,1,102
D4:F5:47:82:0E:C6,ALL,udp:48054,192.168.3.117*,2,164,1,90,1,74
D4:F5:47:82:0E:C6,ALL,udp:48054,8.8.8.8*,2,164,1,74,1,90
D4:F5:47:82:0E:C6,ALL,udp:60441,192.168.3.117*,2,164,1,90,1,74
D4:F5:47:82:0E:C6,ALL,udp:60441,8.8.8.8*,2,164,1,74,1,90
D4:F5:47:82:0E:C6,ALL,udp:51848,192.168.3.117*,2,176,1,102,1,74
D4:F5:47:82:0E:C6,ALL,udp:51848,8.8.8.8*,2,176,1,74,1,102
D4:F5:47:82:0E:C6,ALL,udp:60890,142.250.80.110*,25,12572,15,9352,10,3220
D4:F5:47:82:0E:C6,ALL,udp:60890,8.8.8.8*,2,164,1,74,1,90
D4:F5:47:82:0E:C6,ALL,udp:59636,192.168.3.117*,2,176,1,102,1,74
D4:F5:47:82:0E:C6,ALL,udp:59636,8.8.8.8*,2,176,1,74,1,102
D4:F5:47:82:0E:C6,ALL,udp:41286,192.168.3.117*,2,164,1,90,1,74
D4:F5:47:82:0E:C6,ALL,udp:41286,8.8.8.8*,2,164,1,74,1,90
D4:F5:47:82:0E:C6,ALL,udp:35167,192.168.3.117*,2,176,1,102,1,74
D4:F5:47:82:0E:C6,ALL,udp:35167,8.8.8.8*,2,176,1,74,1,102
D4:F5:47:82:0E:C6,ALL,udp:46755,192.168.3.117*,2,164,1,90,1,74
D4:F5:47:82:0E:C6,ALL,udp:46755,8.8.8.8*,2,164,1,74,1,90
D4:F5:47:82:0E:C6,ALL,udp:51822,192.168.3.117*,2,176,1,102,1,74
D4:F5:47:82:0E:C6,ALL,udp:51822,8.8.8.8*,2,176,1,74,1,102
D4:F5:47:82:0E:C6,ALL,udp:55024,192.168.3.117*,2,164,1,90,1,74
D4:F5:47:82:0E:C6,ALL,udp:55024,8.8.8.8*,2,164,1,74,1,90
D4:F5:47:82:0E:C6,ALL,udp:33967,192.168.3.117*,2,176,1,102,1,74
D4:F5:47:82:0E:C6,ALL,udp:33967,8.8.8.8*,2,176,1,74,1,102
D4:F5:47:82:0E:C6,ALL,udp:54914,192.168.3.117*,2,164,1,90,1,74
D4:F5:47:82:0E:C6,ALL,udp:54914,8.8.8.8*,2,164,1,74,1,90
D4:F5:47:82:0E:C6,ALL,udp:33045,192.168.3.117*,2,176,1,102,1,74
D4:F5:47:82:0E:C6,ALL,udp:33045,8.8.8.8*,2,176,1,74,1,102
D4:F5:47:82:0E:C6,ALL,udp:43855,192.168.3.117*,2,164,1,90,1,74
D4:F5:47:82:0E:C6,ALL,udp:43855,8.8.8.8*,2,164,1,74,1,90
D4:F5:47:82:0E:C6,ALL,udp:47072,192.168.3.117*,2,213,1,126,1,87
D4:F5:47:82:0E:C6,ALL,udp:47072,8.8.8.8*,2,213,1,87,1,126
D4:F5:47:82:0E:C6,ALL,udp:36192,192.168.3.117*,2,213,1,126,1,87
D4:F5:47:82:0E:C6,ALL,udp:36192,8.8.8.8*,2,213,1,87,1,126
D4:F5:47:82:0E:C6,ALL,udp:38949,192.168.3.117*,2,213,1,126,1,87
D4:F5:47:82:0E:C6,ALL,udp:38949,8.8.8.8*,2,213,1,87,1,126
D4:F5:47:82:0E:C6,ALL,udp:55565,192.168.3.117*,2,213,1,126,1,87
D4:F5:47:82:0E:C6,ALL,udp:55565,8.8.8.8*,2,213,1,87,1,126
D4:F5:47:82:0E:C6,ALL,udp:41988,192.168.3.117*,2,213,1,126,1,87
D4:F5:47:82:0E:C6,ALL,udp:41988,8.8.8.8*,2,213,1,87,1,126
D4:F5:47:82:0E:C6,ALL,udp:35924,192.168.3.117*,2,213,1,126,1,87
D4:F5:47:82:0E:C6,ALL,udp:35924,8.8.8.8*,2,213,1,87,1,126
D4:F5:47:82:0E:C6,ALL,udp:32908,192.168.3.117*,2,164,1,90,1,74
D4:F5:47:82:0E:C6,ALL,udp:32908,8.8.8.8*,2,164,1,74,1,90
D4:F5:47:82:0E:C6,ALL,udp:38317,192.168.3.117*,2,176,1,102,1,74
D4:F5:47:82:0E:C6,ALL,udp:38317,8.8.8.8*,2,176,1,74,1,102
D4:F5:47:82:0E:C6,ALL,udp:46623,192.168.3.117*,2,164,1,90,1,74
D4:F5:47:82:0E:C6,ALL,udp:46623,8.8.8.8*,2,164,1,74,1,90
D4:F5:47:82:0E:C6,ALL,udp:38879,192.168.3.117*,2,176,1,102,1,74
D4:F5:47:82:0E:C6,ALL,udp:38879,8.8.8.8*,2,176,1,74,1,102
D4:F5:47:82:0E:C6,ALL,udp:45057,192.168.3.117*,2,164,1,90,1,74
D4:F5:47:82:0E:C6,ALL,udp:45057,8.8.8.8*,2,164,1,74,1,90
D4:F5:47:82:0E:C6,ALL,udp:56658,192.168.3.117*,2,176,1,102,1,74
D4:F5:47:82:0E:C6,ALL,udp:56658,8.8.8.8*,2,176,1,74,1,102
D4:F5:47:82:0E:C6,ALL,udp:47990,192.168.3.117*,2,176,1,102,1,74
D4:F5:47:82:0E:C6,ALL,udp:47990,8.8.8.8*,2,176,1,74,1,102
D4:F5:47:82:0E:C6,ALL,udp:46211,192.168.3.117*,2,176,1,102,1,74
D4:F5:47:82:0E:C6,ALL,udp:46211,8.8.8.8*,2,176,1,74,1,102
D4:F5:47:82:0E:C6,ALL,udp:43006,192.168.3.117*,2,164,1,90,1,74
D4:F5:47:82:0E:C6,ALL,udp:43006,8.8.8.8*,2,164,1,74,1,90
D4:F5:47:82:0E:C6,ALL,udp:43229,192.168.3.117*,2,164,1,90,1,74
D4:F5:47:82:0E:C6,ALL,udp:43229,8.8.8.8*,2,164,1,74,1,90
D4:F5:47:82:0E:C6,ALL,udp:55028,192.168.3.117*,2,176,1,102,1,74
D4:F5:47:82:0E:C6,ALL,udp:55028,8.8.8.8*,2,176,1,74,1,102
D4:F5:47:82:0E:C6,ALL,udp:60364,192.168.3.117*,2,164,1,90,1,74
D4:F5:47:82:0E:C6,ALL,udp:60364,8.8.8.8*,2,164,1,74,1,90
D4:F5:47:82:0E:C6,ALL,udp:55005,192.168.3.117*,2,164,1,90,1,74
D4:F5:47:82:0E:C6,ALL,udp:55005,8.8.8.8*,2,164,1,74,1,90
D4:F5:47:82:0E:C6,ALL,udp:53733,192.168.3.117*,2,176,1,102,1,74
D4:F5:47:82:0E:C6,ALL,udp:53733,8.8.8.8*,2,176,1,74,1,102
D4:F5:47:82:0E:C6,ALL,udp:59008,192.168.3.117*,2,164,1,90,1,74
D4:F5:47:82:0E:C6,ALL,udp:59008,8.8.8.8*,2,164,1,74,1,90
D4:F5:47:82:0E:C6,ALL,udp:52326,192.168.3.117*,2,176,1,102,1,74
D4:F5:47:82:0E:C6,ALL,udp:52326,8.8.8.8*,2,176,1,74,1,102
D4:F5:47:82:0E:C6,ALL,udp:47994,192.168.3.117*,2,164,1,90,1,74
D4:F5:47:82:0E:C6,ALL,udp:47994,8.8.8.8*,2,164,1,74,1,90
D4:F5:47:82:0E:C6,ALL,udp:56649,192.168.3.117*,2,176,1,102,1,74
D4:F5:47:82:0E:C6,ALL,udp:56649,8.8.8.8*,2,176,1,74,1,102
D4:F5:47:82:0E:C6,ALL,udp:56434,192.168.3.117*,2,164,1,90,1,74
D4:F5:47:82:0E:C6,ALL,udp:56434,8.8.8.8*,2,164,1,74,1,90
D4:F5:47:82:0E:C6,ALL,udp:36394,192.168.3.117*,2,164,1,90,1,74
D4:F5:47:82:0E:C6,ALL,udp:36394,8.8.8.8*,2,164,1,74,1,90
D4:F5:47:82:0E:C6,ALL,udp:56470,192.168.3.117*,2,176,1,102,1,74
D4:F5:47:82:0E:C6,ALL,udp:56470,8.8.8.8*,2,176,1,74,1,102
D4:F5:47:82:0E:C6,ALL,udp:38681,192.168.3.117*,2,176,1,102,1,74
D4:F5:47:82:0E:C6,ALL,udp:38681,8.8.8.8*,2,176,1,74,1,102
D4:F5:47:82:0E:C6,ALL,udp:50383,192.168.3.117*,2,176,1,102,1,74
D4:F5:47:82:0E:C6,ALL,udp:50383,8.8.8.8*,2,176,1,74,1,102
D4:F5:47:82:0E:C6,ALL,udp:44912,192.168.3.117*,2,164,1,90,1,74
D4:F5:47:82:0E:C6,ALL,udp:44912,8.8.8.8*,2,164,1,74,1,90
D4:F5:47:82:0E:C6,ALL,udp:57147,192.168.3.117*,2,164,1,90,1,74
D4:F5:47:82:0E:C6,ALL,udp:57147,8.8.8.8*,2,164,1,74,1,90
D4:F5:47:82:0E:C6,ALL,udp:47197,192.168.3.117*,2,176,1,102,1,74
D4:F5:47:82:0E:C6,ALL,udp:47197,8.8.8.8*,2,176,1,74,1,102
D4:F5:47:82:0E:C6,ALL,udp:37572,192.168.3.117*,2,164,1,90,1,74
D4:F5:47:82:0E:C6,ALL,udp:37572,8.8.8.8*,2,164,1,74,1,90
D4:F5:47:82:0E:C6,ALL,udp:35789,192.168.3.117*,2,164,1,90,1,74
D4:F5:47:82:0E:C6,ALL,udp:35789,8.8.8.8*,2,164,1,74,1,90
D4:F5:47:82:0E:C6,ALL,udp:57254,192.168.3.117*,2,176,1,102,1,74
D4:F5:47:82:0E:C6,ALL,udp:57254,8.8.8.8*,2,176,1,74,1,102
D4:F5:47:82:0E:C6,ALL,udp:39999,192.168.3.117*,2,164,1,90,1,74
D4:F5:47:82:0E:C6,ALL,udp:39999,8.8.8.8*,2,164,1,74,1,90
D4:F5:47:82:0E:C6,ALL,udp:37087,192.168.3.117*,2,164,1,90,1,74
D4:F5:47:82:0E:C6,ALL,udp:37087,8.8.8.8*,2,164,1,74,1,90
D4:F5:47:82:0E:C6,ALL,udp:37510,192.168.3.117*,2,176,1,102,1,74
D4:F5:47:82:0E:C6,ALL,udp:37510,8.8.8.8*,2,176,1,74,1,102
D4:F5:47:82:0E:C6,ALL,udp:46062,192.168.3.117*,2,164,1,90,1,74
D4:F5:47:82:0E:C6,ALL,udp:46062,8.8.8.8*,2,164,1,74,1,90
D4:F5:47:82:0E:C6,ALL,udp:39417,192.168.3.117*,2,164,1,90,1,74
D4:F5:47:82:0E:C6,ALL,udp:39417,8.8.8.8*,2,164,1,74,1,90
D4:F5:47:82:0E:C6,ALL,udp:50880,192.168.3.117*,2,164,1,90,1,74
D4:F5:47:82:0E:C6,ALL,udp:50880,8.8.8.8*,2,164,1,74,1,90
D4:F5:47:82:0E:C6,ALL,udp:59261,192.168.3.117*,2,164,1,90,1,74
D4:F5:47:82:0E:C6,ALL,udp:59261,8.8.8.8*,2,164,1,74,1,90
D4:F5:47:82:0E:C6,ALL,udp:42199,192.168.3.117*,2,176,1,102,1,74
D4:F5:47:82:0E:C6,ALL,udp:42199,8.8.8.8*,2,176,1,74,1,102
D4:F5:47:82:0E:C6,ALL,udp:35615,192.168.3.117*,2,164,1,90,1,74
D4:F5:47:82:0E:C6,ALL,udp:35615,8.8.8.8*,2,164,1,74,1,90
D4:F5:47:82:0E:C6,ALL,udp:54007,192.168.3.117*,2,176,1,102,1,74
D4:F5:47:82:0E:C6,ALL,udp:54007,8.8.8.8*,2,176,1,74,1,102
D4:F5:47:82:0E:C6,ALL,udp:37732,192.168.3.117*,2,164,1,90,1,74
D4:F5:47:82:0E:C6,ALL,udp:37732,8.8.8.8*,2,164,1,74,1,90
D4:F5:47:82:0E:C6,ALL,udp:54110,216.239.35.8,2,180,1,90,1,90
D4:F5:47:82:0E:C6,ALL,udp:54110,8.8.8.8,2,176,1,74,1,102
D4:F5:47:82:0E:C6,ALL,udp:45698,192.168.3.117*,2,176,1,102,1,74
D4:F5:47:82:0E:C6,ALL,udp:45698,8.8.8.8*,2,176,1,74,1,102
D4:F5:47:82:0E:C6,ALL,udp:48073,192.168.3.117*,2,164,1,90,1,74
D4:F5:47:82:0E:C6,ALL,udp:48073,8.8.8.8*,2,164,1,74,1,90
D4:F5:47:82:0E:C6,ALL,udp:56969,192.168.3.117*,2,176,1,102,1,74
D4:F5:47:82:0E:C6,ALL,udp:56969,8.8.8.8*,2,176,1,74,1,102
D4:F5:47:82:0E:C6,ALL,udp:55461,192.168.3.117*,2,176,1,102,1,74
D4:F5:47:82:0E:C6,ALL,udp:55461,8.8.8.8*,2,176,1,74,1,102
D4:F5:47:82:0E:C6,ALL,udp:37081,192.168.3.117*,2,164,1,90,1,74
D4:F5:47:82:0E:C6,ALL,udp:37081,8.8.8.8*,2,164,1,74,1,90
D4:F5:47:82:0E:C6,ALL,udp:58084,192.168.3.117*,2,176,1,102,1,74
D4:F5:47:82:0E:C6,ALL,udp:58084,8.8.8.8*,2,176,1,74,1,102
D4:F5:47:82:0E:C6,ALL,udp:59413,192.168.3.117*,2,176,1,102,1,74
D4:F5:47:82:0E:C6,ALL,udp:59413,8.8.8.8*,2,176,1,74,1,102
D4:F5:47:82:0E:C6,ALL,udp:59708,192.168.3.117*,2,164,1,90,1,74
D4:F5:47:82:0E:C6,ALL,udp:59708,8.8.8.8*,2,164,1,74,1,90
D4:F5:47:82:0E:C6,ALL,udp:58835,192.168.3.117*,2,164,1,90,1,74
D4:F5:47:82:0E:C6,ALL,udp:58835,8.8.8.8*,2,164,1,74,1,90
D4:F5:47:82:0E:C6,ALL,udp:33699,192.168.3.117*,2,176,1,102,1,74
D4:F5:47:82:0E:C6,ALL,udp:33699,8.8.8.8*,2,176,1,74,1,102
D4:F5:47:82:0E:C6,ALL,udp:49286,192.168.3.117*,2,164,1,90,1,74
D4:F5:47:82:0E:C6,ALL,udp:49286,8.8.8.8*,2,164,1,74,1,90
D4:F5:47:82:0E:C6,ALL,udp:36123,192.168.3.117*,2,176,1,102,1,74
D4:F5:47:82:0E:C6,ALL,udp:36123,8.8.8.8*,2,176,1,74,1,102
D4:F5:47:82:0E:C6,ALL,udp:57934,192.168.3.117*,2,164,1,90,1,74
D4:F5:47:82:0E:C6,ALL,udp:57934,8.8.8.8*,2,164,1,74,1,90
D4:F5:47:82:0E:C6,ALL,udp:48142,192.168.3.117*,2,176,1,102,1,74
D4:F5:47:82:0E:C6,ALL,udp:48142,8.8.8.8*,2,176,1,74,1,102
D4:F5:47:82:0E:C6,ALL,udp:47180,192.168.3.117*,2,164,1,90,1,74
D4:F5:47:82:0E:C6,ALL,udp:47180,8.8.8.8*,2,164,1,74,1,90
D4:F5:47:82:0E:C6,ALL,udp:57610,192.168.3.117*,2,176,1,102,1,74
D4:F5:47:82:0E:C6,ALL,udp:57610,8.8.8.8*,2,176,1,74,1,102
D4:F5:47:82:0E:C6,ALL,udp:55714,192.168.3.117*,2,164,1,90,1,74
D4:F5:47:82:0E:C6,ALL,udp:55714,8.8.8.8*,2,164,1,74,1,90
D4:F5:47:82:0E:C6,ALL,udp:38373,192.168.3.117*,2,176,1,102,1,74
D4:F5:47:82:0E:C6,ALL,udp:38373,8.8.8.8*,2,176,1,74,1,102
D4:F5:47:82:0E:C6,ALL,udp:45328,192.168.3.117*,2,164,1,90,1,74
D4:F5:47:82:0E:C6,ALL,udp:45328,8.8.8.8*,2,164,1,74,1,90
D4:F5:47:82:0E:C6,ALL,udp:41406,192.168.3.117*,2,176,1,102,1,74
D4:F5:47:82:0E:C6,ALL,udp:41406,8.8.8.8*,2,176,1,74,1,102
D4:F5:47:82:0E:C6,ALL,udp:60462,192.168.3.117*,2,164,1,90,1,74
D4:F5:47:82:0E:C6,ALL,udp:60462,8.8.8.8*,2,164,1,74,1,90
D4:F5:47:82:0E:C6,ALL,udp:34846,192.168.3.117*,2,176,1,102,1,74
D4:F5:47:82:0E:C6,ALL,udp:34846,8.8.8.8*,2,176,1,74,1,102
D4:F5:47:82:0E:C6,ALL,udp:54132,192.168.3.117*,2,164,1,90,1,74
D4:F5:47:82:0E:C6,ALL,udp:54132,8.8.8.8*,2,164,1,74,1,90
D4:F5:47:82:0E:C6,ALL,udp:47374,192.168.3.117*,2,176,1,102,1,74
D4:F5:47:82:0E:C6,ALL,udp:47374,8.8.8.8*,2,176,1,74,1,102
D4:F5:47:82:0E:C6,ALL,udp:34749,192.168.3.117*,2,164,1,90,1,74
D4:F5:47:82:0E:C6,ALL,udp:34749,8.8.8.8*,2,164,1,74,1,90
D4:F5:47:82:0E:C6,ALL,udp:37961,192.168.3.117*,2,176,1,102,1,74
D4:F5:47:82:0E:C6,ALL,udp:37961,8.8.8.8*,2,176,1,74,1,102
D4:F5:47:82:0E:C6,ALL,udp:55203,192.168.3.117*,2,176,1,102,1,74
D4:F5:47:82:0E:C6,ALL,udp:55203,8.8.8.8*,2,176,1,74,1,102
D4:F5:47:82:0E:C6,ALL,udp:36565,192.168.3.117*,2,164,1,90,1,74
D4:F5:47:82:0E:C6,ALL,udp:36565,8.8.8.8*,2,164,1,74,1,90
D4:F5:47:82:0E:C6,ALL,udp:33928,192.168.3.117*,2,176,1,102,1,74
D4:F5:47:82:0E:C6,ALL,udp:33928,8.8.8.8*,2,176,1,74,1,102
D4:F5:47:82:0E:C6,ALL,udp:60977,192.168.3.117*,2,164,1,90,1,74
D4:F5:47:82:0E:C6,ALL,udp:60977,8.8.8.8*,2,164,1,74,1,90
D4:F5:47:82:0E:C6,ALL,udp:46185,192.168.3.117*,2,176,1,102,1,74
D4:F5:47:82:0E:C6,ALL,udp:46185,8.8.8.8*,2,176,1,74,1,102
D4:F5:47:82:0E:C6,ALL,udp:48863,192.168.3.117*,2,164,1,90,1,74
D4:F5:47:82:0E:C6,ALL,udp:48863,8.8.8.8*,2,164,1,74,1,90
D4:F5:47:82:0E:C6,ALL,udp:52358,192.168.3.117*,2,176,1,102,1,74
D4:F5:47:82:0E:C6,ALL,udp:52358,8.8.8.8*,2,176,1,74,1,102
D4:F5:47:82:0E:C6,ALL,udp:57892,192.168.3.117*,2,164,1,90,1,74
D4:F5:47:82:0E:C6,ALL,udp:57892,8.8.8.8*,2,164,1,74,1,90
D4:F5:47:82:0E:C6,ALL,udp:36288,192.168.3.117*,2,176,1,102,1,74
D4:F5:47:82:0E:C6,ALL,udp:36288,8.8.8.8*,2,176,1,74,1,102
D4:F5:47:82:0E:C6,ALL,udp:53734,192.168.3.117*,2,164,1,90,1,74
D4:F5:47:82:0E:C6,ALL,udp:53734,8.8.8.8*,2,164,1,74,1,90
D4:F5:47:82:0E:C6,ALL,udp:47342,192.168.3.117*,2,176,1,102,1,74
D4:F5:47:82:0E:C6,ALL,udp:47342,8.8.8.8*,2,176,1,74,1,102
D4:F5:47:82:0E:C6,ALL,udp:42127,192.168.3.117*,2,164,1,90,1,74
D4:F5:47:82:0E:C6,ALL,udp:42127,8.8.8.8*,2,164,1,74,1,90
D4:F5:47:82:0E:C6,ALL,udp:41825,192.168.3.117*,2,164,1,90,1,74
D4:F5:47:82:0E:C6,ALL,udp:41825,8.8.8.8*,2,164,1,74,1,90
D4:F5:47:82:0E:C6,ALL,udp:35404,192.168.3.117*,2,176,1,102,1,74
D4:F5:47:82:0E:C6,ALL,udp:35404,8.8.8.8*,2,176,1,74,1,102
D4:F5:47:82:0E:C6,ALL,udp:60207,192.168.3.117*,2,164,1,90,1,74
D4:F5:47:82:0E:C6,ALL,udp:60207,8.8.8.8*,2,164,1,74,1,90
D4:F5:47:82:0E:C6,ALL,udp:45851,192.168.3.117*,2,176,1,102,1,74
D4:F5:47:82:0E:C6,ALL,udp:45851,8.8.8.8*,2,176,1,74,1,102
D4:F5:47:82:0E:C6,ALL,udp:54580,192.168.3.117*,2,176,1,102,1,74
D4:F5:47:82:0E:C6,ALL,udp:54580,8.8.8.8*,2,176,1,74,1,102
D4:F5:47:82:0E:C6,ALL,udp:52081,192.168.3.117*,2,164,1,90,1,74
D4:F5:47:82:0E:C6,ALL,udp:52081,8.8.8.8*,2,164,1,74,1,90
D4:F5:47:82:0E:C6,ALL,udp:41599,192.168.3.117*,2,176,1,102,1,74
D4:F5:47:82:0E:C6,ALL,udp:41599,8.8.8.8*,2,176,1,74,1,102
D4:F5:47:82:0E:C6,ALL,udp:32904,192.168.3.117*,2,164,1,90,1,74
D4:F5:47:82:0E:C6,ALL,udp:32904,8.8.8.8*,2,164,1,74,1,90
D4:F5:47:82:0E:C6,ALL,udp:57323,192.168.3.117*,2,176,1,102,1,74
D4:F5:47:82:0E:C6,ALL,udp:57323,8.8.8.8*,2,176,1,74,1,102
D4:F5:47:82:0E:C6,ALL,udp:52744,192.168.3.117*,2,176,1,102,1,74
D4:F5:47:82:0E:C6,ALL,udp:52744,8.8.8.8*,2,176,1,74,1,102
D4:F5:47:82:0E:C6,ALL,udp:54271,192.168.3.117*,2,164,1,90,1,74
D4:F5:47:82:0E:C6,ALL,udp:54271,8.8.8.8*,2,164,1,74,1,90
D4:F5:47:82:0E:C6,ALL,udp:40609,192.168.3.117*,2,176,1,102,1,74
D4:F5:47:82:0E:C6,ALL,udp:40609,8.8.8.8*,2,176,1,74,1,102
D4:F5:47:82:0E:C6,ALL,udp:58979,192.168.3.117*,2,164,1,90,1,74
D4:F5:47:82:0E:C6,ALL,udp:58979,8.8.8.8*,2,164,1,74,1,90
D4:F5:47:82:0E:C6,ALL,udp:34266,192.168.3.117*,2,164,1,90,1,74
D4:F5:47:82:0E:C6,ALL,udp:34266,8.8.8.8*,2,164,1,74,1,90
D4:F5:47:82:0E:C6,ALL,udp:37245,192.168.3.117*,2,176,1,102,1,74
D4:F5:47:82:0E:C6,ALL,udp:37245,8.8.8.8*,2,176,1,74,1,102
D4:F5:47:82:0E:C6,ALL,udp:47066,192.168.3.117*,2,164,1,90,1,74
D4:F5:47:82:0E:C6,ALL,udp:47066,8.8.8.8*,2,164,1,74,1,90
D4:F5:47:82:0E:C6,ALL,udp:39079,192.168.3.117*,2,176,1,102,1,74
D4:F5:47:82:0E:C6,ALL,udp:39079,8.8.8.8*,2,176,1,74,1,102
D4:F5:47:82:0E:C6,ALL,udp:36550,192.168.3.117*,2,164,1,90,1,74
D4:F5:47:82:0E:C6,ALL,udp:36550,8.8.8.8*,2,164,1,74,1,90
D4:F5:47:82:0E:C6,ALL,udp:45791,192.168.3.117*,2,176,1,102,1,74
D4:F5:47:82:0E:C6,ALL,udp:45791,8.8.8.8*,2,176,1,74,1,102
D4:F5:47:82:0E:C6,ALL,udp:53140,192.168.3.117*,2,176,1,102,1,74
D4:F5:47:82:0E:C6,ALL,udp:53140,8.8.8.8*,2,176,1,74,1,102
D4:F5:47:82:0E:C6,ALL,udp:46943,192.168.3.117*,2,176,1,102,1,74
D4:F5:47:82:0E:C6,ALL,udp:46943,8.8.8.8*,2,176,1,74,1,102
D4:F5:47:82:0E:C6,ALL,udp:51915,192.168.3.117*,2,164,1,90,1,74
D4:F5:47:82:0E:C6,ALL,udp:51915,8.8.8.8*,2,164,1,74,1,90
D4:F5:47:82:0E:C6,ALL,udp:39851,192.168.3.117*,2,176,1,102,1,74
D4:F5:47:82:0E:C6,ALL,udp:39851,8.8.8.8*,2,176,1,74,1,102
D4:F5:47:82:0E:C6,ALL,udp:34638,192.168.3.117*,2,164,1,90,1,74
D4:F5:47:82:0E:C6,ALL,udp:34638,8.8.8.8*,2,164,1,74,1,90
D4:F5:47:82:0E:C6,ALL,udp:51463,192.168.3.117*,2,176,1,102,1,74
D4:F5:47:82:0E:C6,ALL,udp:51463,8.8.8.8*,2,176,1,74,1,102
D4:F5:47:82:0E:C6,ALL,udp:57751,192.168.3.117*,2,198,1,119,1,79
D4:F5:47:82:0E:C6,ALL,udp:57751,8.8.8.8*,2,198,1,79,1,119
D4:F5:47:82:0E:C6,ALL,udp:35011,192.168.3.117*,2,164,1,90,1,74
D4:F5:47:82:0E:C6,ALL,udp:35011,8.8.8.8*,2,164,1,74,1,90
D4:F5:47:82:0E:C6,ALL,udp:51359,192.168.3.117*,2,176,1,102,1,74
D4:F5:47:82:0E:C6,ALL,udp:51359,8.8.8.8*,2,176,1,74,1,102
D4:F5:47:82:0E:C6,ALL,udp:44631,192.168.3.117*,2,164,1,90,1,74
D4:F5:47:82:0E:C6,ALL,udp:44631,8.8.8.8*,2,164,1,74,1,90
D4:F5:47:82:0E:C6,ALL,udp:40681,192.168.3.117*,2,176,1,102,1,74
D4:F5:47:82:0E:C6,ALL,udp:40681,8.8.8.8*,2,176,1,74,1,102
D4:F5:47:82:0E:C6,ALL,udp:37249,192.168.3.117*,2,164,1,90,1,74
D4:F5:47:82:0E:C6,ALL,udp:37249,8.8.8.8*,2,164,1,74,1,90
D4:F5:47:82:0E:C6,ALL,udp:47571,192.168.3.117*,2,176,1,102,1,74
D4:F5:47:82:0E:C6,ALL,udp:47571,8.8.8.8*,2,176,1,74,1,102
D4:F5:47:82:0E:C6,ALL,udp:36410,192.168.3.117*,2,164,1,90,1,74
D4:F5:47:82:0E:C6,ALL,udp:36410,8.8.8.8*,2,164,1,74,1,90
D4:F5:47:82:0E:C6,ALL,udp:41939,192.168.3.117*,2,164,1,90,1,74
D4:F5:47:82:0E:C6,ALL,udp:41939,8.8.8.8*,2,164,1,74,1,90
D4:F5:47:82:0E:C6,ALL,udp:45363,192.168.3.117*,2,176,1,102,1,74
D4:F5:47:82:0E:C6,ALL,udp:45363,8.8.8.8*,2,176,1,74,1,102
D4:F5:47:82:0E:C6,ALL,udp:33931,192.168.3.117*,2,164,1,90,1,74
D4:F5:47:82:0E:C6,ALL,udp:33931,8.8.8.8*,2,164,1,74,1,90
D4:F5:47:82:0E:C6,ALL,udp:39913,192.168.3.117*,2,176,1,102,1,74
D4:F5:47:82:0E:C6,ALL,udp:39913,8.8.8.8*,2,176,1,74,1,102
D4:F5:47:82:0E:C6,ALL,udp:58198,192.168.3.117*,2,164,1,90,1,74
D4:F5:47:82:0E:C6,ALL,udp:58198,8.8.8.8*,2,164,1,74,1,90
D4:F5:47:82:0E:C6,ALL,udp:48257,192.168.3.117*,2,176,1,102,1,74
D4:F5:47:82:0E:C6,ALL,udp:48257,8.8.8.8*,2,176,1,74,1,102
D4:F5:47:82:0E:C6,ALL,udp:33579,192.168.3.117*,2,176,1,102,1,74
D4:F5:47:82:0E:C6,ALL,udp:33579,8.8.8.8*,2,176,1,74,1,102
D4:F5:47:82:0E:C6,ALL,udp:60414,192.168.3.117*,2,164,1,90,1,74
D4:F5:47:82:0E:C6,ALL,udp:60414,8.8.8.8*,2,164,1,74,1,90
D4:F5:47:82:0E:C6,ALL,udp:60170,192.168.3.117*,2,164,1,90,1,74
D4:F5:47:82:0E:C6,ALL,udp:60170,8.8.8.8*,2,164,1,74,1,90
D4:F5:47:82:0E:C6,ALL,udp:59397,192.168.3.117*,2,164,1,90,1,74
D4:F5:47:82:0E:C6,ALL,udp:59397,8.8.8.8*,2,164,1,74,1,90
D4:F5:47:82:0E:C6,ALL,udp:42238,192.168.3.117*,2,164,1,90,1,74
D4:F5:47:82:0E:C6,ALL,udp:42238,8.8.8.8*,2,164,1,74,1,90
D4:F5:47:82:0E:C6,ALL,udp:46527,192.168.3.117*,2,176,1,102,1,74
D4:F5:47:82:0E:C6,ALL,udp:46527,8.8.8.8*,2,176,1,74,1,102
D4:F5:47:82:0E:C6,ALL,udp:40409,192.168.3.117*,2,164,1,90,1,74
D4:F5:47:82:0E:C6,ALL,udp:40409,8.8.8.8*,2,164,1,74,1,90
D4:F5:47:82:0E:C6,ALL,udp:48393,192.168.3.117*,2,176,1,102,1,74
D4:F5:47:82:0E:C6,ALL,udp:48393,8.8.8.8*,2,176,1,74,1,102
D4:F5:47:82:0E:C6,ALL,udp:42076,192.168.3.117*,2,176,1,102,1,74
D4:F5:47:82:0E:C6,ALL,udp:42076,8.8.8.8*,2,176,1,74,1,102
D4:F5:47:82:0E:C6,ALL,udp:44376,192.168.3.117*,2,164,1,90,1,74
D4:F5:47:82:0E:C6,ALL,udp:44376,8.8.8.8*,2,164,1,74,1,90
D4:F5:47:82:0E:C6,ALL,udp:33898,192.168.3.117*,2,176,1,102,1,74
D4:F5:47:82:0E:C6,ALL,udp:33898,8.8.8.8*,2,176,1,74,1,102
D4:F5:47:82:0E:C6,ALL,udp:34872,192.168.3.117*,2,176,1,102,1,74
D4:F5:47:82:0E:C6,ALL,udp:34872,8.8.8.8*,2,176,1,74,1,102
D4:F5:47:82:0E:C6,ALL,udp:39617,192.168.3.117*,2,176,1,102,1,74
D4:F5:47:82:0E:C6,ALL,udp:39617,8.8.8.8*,2,176,1,74,1,102
D4:F5:47:82:0E:C6,ALL,udp:37331,192.168.3.117*,2,164,1,90,1,74
D4:F5:47:82:0E:C6,ALL,udp:37331,8.8.8.8*,2,164,1,74,1,90
D4:F5:47:82:0E:C6,ALL,udp:58422,192.168.3.117*,2,164,1,90,1,74
D4:F5:47:82:0E:C6,ALL,udp:58422,8.8.8.8*,2,164,1,74,1,90
D4:F5:47:82:0E:C6,ALL,udp:36755,192.168.3.117*,2,176,1,102,1,74
D4:F5:47:82:0E:C6,ALL,udp:36755,8.8.8.8*,2,176,1,74,1,102
D4:F5:47:82:0E:C6,ALL,udp:55920,192.168.3.117*,2,164,1,90,1,74
D4:F5:47:82:0E:C6,ALL,udp:55920,8.8.8.8*,2,164,1,74,1,90
D4:F5:47:82:0E:C6,ALL,udp:45394,192.168.3.117*,2,176,1,102,1,74
D4:F5:47:82:0E:C6,ALL,udp:45394,8.8.8.8*,2,176,1,74,1,102
D4:F5:47:82:0E:C6,ALL,udp:54915,192.168.3.117*,2,164,1,90,1,74
D4:F5:47:82:0E:C6,ALL,udp:54915,8.8.8.8*,2,164,1,74,1,90
D4:F5:47:82:0E:C6,ALL,udp:37194,192.168.3.117*,2,198,1,119,1,79
D4:F5:47:82:0E:C6,ALL,udp:37194,8.8.8.8*,2,198,1,79,1,119
D4:F5:47:82:0E:C6,ALL,udp:49547,192.168.3.117*,2,164,1,90,1,74
D4:F5:47:82:0E:C6,ALL,udp:49547,8.8.8.8*,2,164,1,74,1,90
D4:F5:47:82:0E:C6,ALL,udp:41066,192.168.3.117*,2,176,1,102,1,74
D4:F5:47:82:0E:C6,ALL,udp:41066,8.8.8.8*,2,176,1,74,1,102
D4:F5:47:82:0E:C6,ALL,udp:44914,192.168.3.117*,2,164,1,90,1,74
D4:F5:47:82:0E:C6,ALL,udp:44914,8.8.8.8*,2,164,1,74,1,90
D4:F5:47:82:0E:C6,ALL,udp:50423,192.168.3.117*,2,164,1,90,1,74
D4:F5:47:82:0E:C6,ALL,udp:50423,8.8.8.8*,2,164,1,74,1,90
D4:F5:47:82:0E:C6,ALL,udp:58684,192.168.3.117*,2,176,1,102,1,74
D4:F5:47:82:0E:C6,ALL,udp:58684,8.8.8.8*,2,176,1,74,1,102
D4:F5:47:82:0E:C6,ALL,udp:53188,192.168.3.117*,2,164,1,90,1,74
D4:F5:47:82:0E:C6,ALL,udp:53188,8.8.8.8*,2,164,1,74,1,90
D4:F5:47:82:0E:C6,ALL,udp:42058,192.168.3.117*,2,198,1,119,1,79
D4:F5:47:82:0E:C6,ALL,udp:42058,8.8.8.8*,2,198,1,79,1,119
D4:F5:47:82:0E:C6,ALL,udp:51098,192.168.3.117*,2,164,1,90,1,74
D4:F5:47:82:0E:C6,ALL,udp:51098,8.8.8.8*,2,164,1,74,1,90
D4:F5:47:82:0E:C6,ALL,udp:44536,192.168.3.117*,2,176,1,102,1,74
D4:F5:47:82:0E:C6,ALL,udp:44536,8.8.8.8*,2,176,1,74,1,102
D4:F5:47:82:0E:C6,ALL,udp:42052,192.168.3.117*,2,164,1,90,1,74
D4:F5:47:82:0E:C6,ALL,udp:42052,8.8.8.8*,2,164,1,74,1,90
D4:F5:47:82:0E:C6,ALL,udp:43524,192.168.3.117*,2,176,1,102,1,74
D4:F5:47:82:0E:C6,ALL,udp:43524,8.8.8.8*,2,176,1,74,1,102
D4:F5:47:82:0E:C6,ALL,udp:37669,192.168.3.117*,2,164,1,90,1,74
D4:F5:47:82:0E:C6,ALL,udp:37669,8.8.8.8*,2,164,1,74,1,90
D4:F5:47:82:0E:C6,ALL,udp:34518,192.168.3.117*,2,176,1,102,1,74
D4:F5:47:82:0E:C6,ALL,udp:34518,8.8.8.8*,2,176,1,74,1,102
D4:F5:47:82:0E:C6,ALL,udp:41828,192.168.3.117*,2,164,1,90,1,74
D4:F5:47:82:0E:C6,ALL,udp:41828,8.8.8.8*,2,164,1,74,1,90
D4:F5:47:82:0E:C6,ALL,udp:49765,192.168.3.117*,2,176,1,102,1,74
D4:F5:47:82:0E:C6,ALL,udp:49765,8.8.8.8*,2,176,1,74,1,102
D4:F5:47:82:0E:C6,ALL,udp:48376,192.168.3.117*,2,176,1,102,1,74
D4:F5:47:82:0E:C6,ALL,udp:48376,8.8.8.8*,2,176,1,74,1,102
D4:F5:47:82:0E:C6,ALL,udp:39638,192.168.3.117*,2,176,1,102,1,74
D4:F5:47:82:0E:C6,ALL,udp:39638,8.8.8.8*,2,176,1,74,1,102
D4:F5:47:82:0E:C6,ALL,udp:57920,192.168.3.117*,2,164,1,90,1,74
D4:F5:47:82:0E:C6,ALL,udp:57920,8.8.8.8*,2,164,1,74,1,90
D4:F5:47:82:0E:C6,ALL,udp:44763,192.168.3.117*,2,176,1,102,1,74
D4:F5:47:82:0E:C6,ALL,udp:44763,8.8.8.8*,2,176,1,74,1,102
D4:F5:47:82:0E:C6,ALL,udp:58597,192.168.3.117*,2,164,1,90,1,74
D4:F5:47:82:0E:C6,ALL,udp:58597,8.8.8.8*,2,164,1,74,1,90
D4:F5:47:82:0E:C6,ALL,udp:38945,192.168.3.117*,2,164,1,90,1,74
D4:F5:47:82:0E:C6,ALL,udp:38945,8.8.8.8*,2,164,1,74,1,90
D4:F5:47:82:0E:C6,ALL,udp:59212,192.168.3.117*,2,164,1,90,1,74
D4:F5:47:82:0E:C6,ALL,udp:59212,8.8.8.8*,2,164,1,74,1,90
D4:F5:47:82:0E:C6,ALL,udp:47903,192.168.3.117*,2,176,1,102,1,74
D4:F5:47:82:0E:C6,ALL,udp:47903,8.8.8.8*,2,176,1,74,1,102
D4:F5:47:82:0E:C6,ALL,udp:48719,192.168.3.117*,2,164,1,90,1,74
D4:F5:47:82:0E:C6,ALL,udp:48719,8.8.8.8*,2,164,1,74,1,90
D4:F5:47:82:0E:C6,ALL,udp:33773,192.168.3.117*,2,176,1,102,1,74
D4:F5:47:82:0E:C6,ALL,udp:33773,8.8.8.8*,2,176,1,74,1,102
D4:F5:47:82:0E:C6,ALL,udp:60277,192.168.3.117*,2,164,1,90,1,74
D4:F5:47:82:0E:C6,ALL,udp:60277,8.8.8.8*,2,164,1,74,1,90
D4:F5:47:82:0E:C6,ALL,udp:36267,192.168.3.117*,2,176,1,102,1,74
D4:F5:47:82:0E:C6,ALL,udp:36267,8.8.8.8*,2,176,1,74,1,102
D4:F5:47:82:0E:C6,ALL,udp:43771,192.168.3.117*,2,194,1,105,1,89
D4:F5:47:82:0E:C6,ALL,udp:43771,8.8.8.8*,2,194,1,89,1,105
D4:F5:47:82:0E:C6,ALL,udp:52673,192.168.3.117*,2,164,1,90,1,74
D4:F5:47:82:0E:C6,ALL,udp:52673,8.8.8.8*,2,164,1,74,1,90
D4:F5:47:82:0E:C6,ALL,udp:34147,216.239.35.8,2,180,1,90,1,90
D4:F5:47:82:0E:C6,ALL,udp:34147,8.8.8.8,2,176,1,74,1,102
D4:F5:47:82:0E:C6,ALL,udp:33047,192.168.3.117*,2,164,1,90,1,74
D4:F5:47:82:0E:C6,ALL,udp:33047,8.8.8.8*,2,164,1,74,1,90
D4:F5:47:82:0E:C6,ALL,udp:44943,192.168.3.117*,2,176,1,102,1,74
D4:F5:47:82:0E:C6,ALL,udp:44943,8.8.8.8*,2,176,1,74,1,102
D4:F5:47:82:0E:C6,ALL,udp:49519,192.168.3.117*,2,164,1,90,1,74
D4:F5:47:82:0E:C6,ALL,udp:49519,8.8.8.8*,2,164,1,74,1,90
D4:F5:47:82:0E:C6,ALL,udp:58752,192.168.3.117*,2,176,1,102,1,74
D4:F5:47:82:0E:C6,ALL,udp:58752,8.8.8.8*,2,176,1,74,1,102
D4:F5:47:82:0E:C6,ALL,udp:50133,192.168.3.117*,2,164,1,90,1,74
D4:F5:47:82:0E:C6,ALL,udp:50133,8.8.8.8*,2,164,1,74,1,90
D4:F5:47:82:0E:C6,ALL,udp:39497,192.168.3.117*,2,176,1,102,1,74
D4:F5:47:82:0E:C6,ALL,udp:39497,8.8.8.8*,2,176,1,74,1,102
D4:F5:47:82:0E:C6,ALL,udp:60636,192.168.3.117*,2,164,1,90,1,74
D4:F5:47:82:0E:C6,ALL,udp:60636,8.8.8.8*,2,164,1,74,1,90
D4:F5:47:82:0E:C6,ALL,udp:52598,192.168.3.117*,2,176,1,102,1,74
D4:F5:47:82:0E:C6,ALL,udp:52598,8.8.8.8*,2,176,1,74,1,102
D4:F5:47:82:0E:C6,ALL,udp:55767,192.168.3.117*,2,164,1,90,1,74
D4:F5:47:82:0E:C6,ALL,udp:55767,8.8.8.8*,2,164,1,74,1,90
D4:F5:47:82:0E:C6,ALL,udp:49714,192.168.3.117*,2,176,1,102,1,74
D4:F5:47:82:0E:C6,ALL,udp:49714,8.8.8.8*,2,176,1,74,1,102
D4:F5:47:82:0E:C6,ALL,udp:53179,192.168.3.117*,2,176,1,102,1,74
D4:F5:47:82:0E:C6,ALL,udp:53179,8.8.8.8*,2,176,1,74,1,102
D4:F5:47:82:0E:C6,ALL,udp:46909,192.168.3.117*,2,164,1,90,1,74
D4:F5:47:82:0E:C6,ALL,udp:46909,8.8.8.8*,2,164,1,74,1,90
D4:F5:47:82:0E:C6,ALL,udp:39996,192.168.3.117*,2,176,1,102,1,74
D4:F5:47:82:0E:C6,ALL,udp:39996,8.8.8.8*,2,176,1,74,1,102
D4:F5:47:82:0E:C6,ALL,udp:46182,192.168.3.117*,2,164,1,90,1,74
D4:F5:47:82:0E:C6,ALL,udp:46182,8.8.8.8*,2,164,1,74,1,90
D4:F5:47:82:0E:C6,ALL,udp:44291,192.168.3.117*,2,176,1,102,1,74
D4:F5:47:82:0E:C6,ALL,udp:44291,8.8.8.8*,2,176,1,74,1,102
D4:F5:47:82:0E:C6,ALL,udp:52805,192.168.3.117*,2,164,1,90,1,74
D4:F5:47:82:0E:C6,ALL,udp:52805,8.8.8.8*,2,164,1,74,1,90
D4:F5:47:82:0E:C6,ALL,udp:39559,192.168.3.117*,2,164,1,90,1,74
D4:F5:47:82:0E:C6,ALL,udp:39559,8.8.8.8*,2,164,1,74,1,90
D4:F5:47:82:0E:C6,ALL,udp:48229,192.168.3.117*,2,176,1,102,1,74
D4:F5:47:82:0E:C6,ALL,udp:48229,8.8.8.8*,2,176,1,74,1,102
D4:F5:47:82:0E:C6,ALL,udp:41348,192.168.3.117*,2,164,1,90,1,74
D4:F5:47:82:0E:C6,ALL,udp:41348,8.8.8.8*,2,164,1,74,1,90
D4:F5:47:82:0E:C6,ALL,udp:45194,192.168.3.117*,2,176,1,102,1,74
D4:F5:47:82:0E:C6,ALL,udp:45194,8.8.8.8*,2,176,1,74,1,102
D4:F5:47:82:0E:C6,ALL,udp:60913,192.168.3.117*,2,164,1,90,1,74
D4:F5:47:82:0E:C6,ALL,udp:60913,8.8.8.8*,2,164,1,74,1,90
D4:F5:47:82:0E:C6,ALL,udp:58017,192.168.3.117*,2,176,1,102,1,74
D4:F5:47:82:0E:C6,ALL,udp:58017,8.8.8.8*,2,176,1,74,1,102
D4:F5:47:82:0E:C6,ALL,udp:47726,192.168.3.117*,2,164,1,90,1,74
D4:F5:47:82:0E:C6,ALL,udp:47726,8.8.8.8*,2,164,1,74,1,90
D4:F5:47:82:0E:C6,ALL,udp:55314,192.168.3.117*,2,176,1,102,1,74
D4:F5:47:82:0E:C6,ALL,udp:55314,8.8.8.8*,2,176,1,74,1,102
D4:F5:47:82:0E:C6,ALL,udp:38597,192.168.3.117*,2,164,1,90,1,74
D4:F5:47:82:0E:C6,ALL,udp:38597,8.8.8.8*,2,164,1,74,1,90
D4:F5:47:82:0E:C6,ALL,udp:60639,192.168.3.117*,2,176,1,102,1,74
D4:F5:47:82:0E:C6,ALL,udp:60639,8.8.8.8*,2,176,1,74,1,102
D4:F5:47:82:0E:C6,ALL,udp:39881,172.217.165.142*,25,12573,15,9354,10,3219
D4:F5:47:82:0E:C6,ALL,udp:39881,8.8.8.8*,2,176,1,74,1,102
D4:F5:47:82:0E:C6,ALL,udp:42742,192.168.3.117*,2,164,1,90,1,74
D4:F5:47:82:0E:C6,ALL,udp:42742,8.8.8.8*,2,164,1,74,1,90
D4:F5:47:82:0E:C6,ALL,udp:49946,192.168.3.117*,2,164,1,90,1,74
D4:F5:47:82:0E:C6,ALL,udp:49946,8.8.8.8*,2,164,1,74,1,90
D4:F5:47:82:0E:C6,ALL,udp:40707,192.168.3.117*,2,176,1,102,1,74
D4:F5:47:82:0E:C6,ALL,udp:40707,8.8.8.8*,2,176,1,74,1,102
D4:F5:47:82:0E:C6,ALL,udp:45065,192.168.3.117*,2,164,1,90,1,74
D4:F5:47:82:0E:C6,ALL,udp:45065,8.8.8.8*,2,164,1,74,1,90
D4:F5:47:82:0E:C6,ALL,udp:45882,192.168.3.117*,2,176,1,102,1,74
D4:F5:47:82:0E:C6,ALL,udp:45882,8.8.8.8*,2,176,1,74,1,102
D4:F5:47:82:0E:C6,ALL,udp:51943,192.168.3.117*,2,164,1,90,1,74
D4:F5:47:82:0E:C6,ALL,udp:51943,8.8.8.8*,2,164,1,74,1,90
D4:F5:47:82:0E:C6,ALL,udp:45408,192.168.3.117*,2,176,1,102,1,74
D4:F5:47:82:0E:C6,ALL,udp:45408,8.8.8.8*,2,176,1,74,1,102
D4:F5:47:82:0E:C6,ALL,udp:38898,192.168.3.117*,2,164,1,90,1,74
D4:F5:47:82:0E:C6,ALL,udp:38898,8.8.8.8*,2,164,1,74,1,90
D4:F5:47:82:0E:C6,ALL,udp:42292,192.168.3.117*,2,176,1,102,1,74
D4:F5:47:82:0E:C6,ALL,udp:42292,8.8.8.8*,2,176,1,74,1,102
D4:F5:47:82:0E:C6,ALL,udp:46147,192.168.3.117*,2,164,1,90,1,74
D4:F5:47:82:0E:C6,ALL,udp:46147,8.8.8.8*,2,164,1,74,1,90
D4:F5:47:82:0E:C6,ALL,udp:57998,192.168.3.117*,2,176,1,102,1,74
D4:F5:47:82:0E:C6,ALL,udp:57998,8.8.8.8*,2,176,1,74,1,102
D4:F5:47:82:0E:C6,ALL,udp:55804,192.168.3.117*,2,164,1,90,1,74
D4:F5:47:82:0E:C6,ALL,udp:55804,8.8.8.8*,2,164,1,74,1,90
D4:F5:47:82:0E:C6,ALL,udp:40848,192.168.3.117*,2,164,1,90,1,74
D4:F5:47:82:0E:C6,ALL,udp:40848,8.8.8.8*,2,164,1,74,1,90
D4:F5:47:82:0E:C6,ALL,udp:43304,192.168.3.117*,2,176,1,102,1,74
D4:F5:47:82:0E:C6,ALL,udp:43304,8.8.8.8*,2,176,1,74,1,102
D4:F5:47:82:0E:C6,ALL,udp:46141,192.168.3.117*,2,176,1,102,1,74
D4:F5:47:82:0E:C6,ALL,udp:46141,8.8.8.8*,2,176,1,74,1,102
D4:F5:47:82:0E:C6,ALL,udp:38048,192.168.3.117*,2,164,1,90,1,74
D4:F5:47:82:0E:C6,ALL,udp:38048,8.8.8.8*,2,164,1,74,1,90
D4:F5:47:82:0E:C6,ALL,udp:39590,192.168.3.117*,2,176,1,102,1,74
D4:F5:47:82:0E:C6,ALL,udp:39590,8.8.8.8*,2,176,1,74,1,102
D4:F5:47:82:0E:C6,ALL,udp:38956,192.168.3.117*,2,164,1,90,1,74
D4:F5:47:82:0E:C6,ALL,udp:38956,8.8.8.8*,2,164,1,74,1,90
D4:F5:47:82:0E:C6,ALL,udp:38637,192.168.3.117*,2,176,1,102,1,74
D4:F5:47:82:0E:C6,ALL,udp:38637,8.8.8.8*,2,176,1,74,1,102
D4:F5:47:82:0E:C6,ALL,udp:46376,192.168.3.117*,2,164,1,90,1,74
D4:F5:47:82:0E:C6,ALL,udp:46376,8.8.8.8*,2,164,1,74,1,90
D4:F5:47:82:0E:C6,ALL,udp:55971,192.168.3.117*,2,164,1,90,1,74
D4:F5:47:82:0E:C6,ALL,udp:55971,8.8.8.8*,2,164,1,74,1,90
D4:F5:47:82:0E:C6,ALL,udp:53171,192.168.3.117*,2,176,1,102,1,74
D4:F5:47:82:0E:C6,ALL,udp:53171,8.8.8.8*,2,176,1,74,1,102
D4:F5:47:82:0E:C6,ALL,udp:40822,192.168.3.117*,2,176,1,102,1,74
D4:F5:47:82:0E:C6,ALL,udp:40822,8.8.8.8*,2,176,1,74,1,102
D4:F5:47:82:0E:C6,ALL,udp:53388,192.168.3.117*,2,164,1,90,1,74
D4:F5:47:82:0E:C6,ALL,udp:53388,8.8.8.8*,2,164,1,74,1,90
D4:F5:47:82:0E:C6,ALL,udp:55380,192.168.3.117*,2,176,1,102,1,74
D4:F5:47:82:0E:C6,ALL,udp:55380,8.8.8.8*,2,176,1,74,1,102
D4:F5:47:82:0E:C6,ALL,udp:39161,192.168.3.117*,2,164,1,90,1,74
D4:F5:47:82:0E:C6,ALL,udp:39161,8.8.8.8*,2,164,1,74,1,90
D4:F5:47:82:0E:C6,ALL,udp:50138,192.168.3.117*,2,176,1,102,1,74
D4:F5:47:82:0E:C6,ALL,udp:50138,8.8.8.8*,2,176,1,74,1,102
D4:F5:47:82:0E:C6,ALL,udp:36489,192.168.3.117*,2,164,1,90,1,74
D4:F5:47:82:0E:C6,ALL,udp:36489,8.8.8.8*,2,164,1,74,1,90
D4:F5:47:82:0E:C6,ALL,udp:50538,192.168.3.117*,2,176,1,102,1,74
D4:F5:47:82:0E:C6,ALL,udp:50538,8.8.8.8*,2,176,1,74,1,102
D4:F5:47:82:0E:C6,ALL,udp:40898,192.168.3.117*,2,164,1,90,1,74
D4:F5:47:82:0E:C6,ALL,udp:40898,8.8.8.8*,2,164,1,74,1,90
D4:F5:47:82:0E:C6,ALL,udp:38804,192.168.3.117*,2,176,1,102,1,74
D4:F5:47:82:0E:C6,ALL,udp:38804,8.8.8.8*,2,176,1,74,1,102
D4:F5:47:82:0E:C6,ALL,udp:41635,192.168.3.117*,2,164,1,90,1,74
D4:F5:47:82:0E:C6,ALL,udp:41635,8.8.8.8*,2,164,1,74,1,90
D4:F5:47:82:0E:C6,ALL,udp:39904,192.168.3.117*,2,176,1,102,1,74
D4:F5:47:82:0E:C6,ALL,udp:39904,8.8.8.8*,2,176,1,74,1,102
D4:F5:47:82:0E:C6,ALL,udp:35132,192.168.3.117*,2,164,1,90,1,74
D4:F5:47:82:0E:C6,ALL,udp:35132,8.8.8.8*,2,164,1,74,1,90
D4:F5:47:82:0E:C6,ALL,udp:33333,192.168.3.117*,2,176,1,102,1,74
D4:F5:47:82:0E:C6,ALL,udp:33333,8.8.8.8*,2,176,1,74,1,102
D4:F5:47:82:0E:C6,ALL,udp:45509,192.168.3.117*,2,164,1,90,1,74
D4:F5:47:82:0E:C6,ALL,udp:45509,8.8.8.8*,2,164,1,74,1,90
D4:F5:47:82:0E:C6,ALL,udp:57587,192.168.3.117*,2,176,1,102,1,74
D4:F5:47:82:0E:C6,ALL,udp:57587,8.8.8.8*,2,176,1,74,1,102
D4:F5:47:82:0E:C6,ALL,udp:35549,192.168.3.117*,2,164,1,90,1,74
D4:F5:47:82:0E:C6,ALL,udp:35549,8.8.8.8*,2,164,1,74,1,90
D4:F5:47:82:0E:C6,ALL,udp:35867,192.168.3.117*,2,176,1,102,1,74
D4:F5:47:82:0E:C6,ALL,udp:35867,8.8.8.8*,2,176,1,74,1,102
D4:F5:47:82:0E:C6,ALL,udp:57832,192.168.3.117*,2,164,1,90,1,74
D4:F5:47:82:0E:C6,ALL,udp:57832,8.8.8.8*,2,164,1,74,1,90
D4:F5:47:82:0E:C6,ALL,udp:56710,142.251.32.110*,27,17337,13,7606,14,9731
D4:F5:47:82:0E:C6,ALL,udp:56710,216.239.35.0*,2,180,1,90,1,90
D4:F5:47:82:0E:C6,ALL,udp:56710,8.8.8.8*,2,176,1,74,1,102
D4:F5:47:82:0E:C6,ALL,udp:33582,192.168.3.117*,2,164,1,90,1,74
D4:F5:47:82:0E:C6,ALL,udp:33582,8.8.8.8*,2,164,1,74,1,90
D4:F5:47:82:0E:C6,ALL,udp:38835,192.168.3.117*,2,176,1,102,1,74
D4:F5:47:82:0E:C6,ALL,udp:38835,8.8.8.8*,2,176,1,74,1,102
D4:F5:47:82:0E:C6,ALL,udp:42726,216.239.35.0,2,180,1,90,1,90
D4:F5:47:82:0E:C6,ALL,udp:42726,8.8.8.8,2,176,1,74,1,102
D4:F5:47:82:0E:C6,ALL,udp:57133,192.168.3.117*,2,164,1,90,1,74
D4:F5:47:82:0E:C6,ALL,udp:57133,8.8.8.8*,2,164,1,74,1,90
D4:F5:47:82:0E:C6,ALL,udp:46292,192.168.3.117*,2,176,1,102,1,74
D4:F5:47:82:0E:C6,ALL,udp:46292,8.8.8.8*,2,176,1,74,1,102
D4:F5:47:82:0E:C6,ALL,udp:41131,192.168.3.117*,2,164,1,90,1,74
D4:F5:47:82:0E:C6,ALL,udp:41131,8.8.8.8*,2,164,1,74,1,90
D4:F5:47:82:0E:C6,ALL,udp:47909,192.168.3.117*,2,176,1,102,1,74
D4:F5:47:82:0E:C6,ALL,udp:47909,8.8.8.8*,2,176,1,74,1,102
D4:F5:47:82:0E:C6,ALL,udp:39113,192.168.3.117*,2,164,1,90,1,74
D4:F5:47:82:0E:C6,ALL,udp:39113,8.8.8.8*,2,164,1,74,1,90
D4:F5:47:82:0E:C6,ALL,udp:49870,192.168.3.117*,2,176,1,102,1,74
D4:F5:47:82:0E:C6,ALL,udp:49870,8.8.8.8*,2,176,1,74,1,102
D4:F5:47:82:0E:C6,ALL,udp:56644,192.168.3.117*,2,164,1,90,1,74
D4:F5:47:82:0E:C6,ALL,udp:56644,8.8.8.8*,2,164,1,74,1,90
D4:F5:47:82:0E:C6,ALL,udp:44622,192.168.3.117*,2,164,1,90,1,74
D4:F5:47:82:0E:C6,ALL,udp:44622,8.8.8.8*,2,164,1,74,1,90
D4:F5:47:82:0E:C6,ALL,udp:38909,192.168.3.117*,2,164,1,90,1,74
D4:F5:47:82:0E:C6,ALL,udp:38909,8.8.8.8*,2,164,1,74,1,90
D4:F5:47:82:0E:C6,ALL,udp:57785,192.168.3.117*,2,176,1,102,1,74
D4:F5:47:82:0E:C6,ALL,udp:57785,8.8.8.8*,2,176,1,74,1,102
D4:F5:47:82:0E:C6,ALL,udp:44172,192.168.3.117*,2,164,1,90,1,74
D4:F5:47:82:0E:C6,ALL,udp:44172,8.8.8.8*,2,164,1,74,1,90
D4:F5:47:82:0E:C6,ALL,udp:50379,192.168.3.117*,2,176,1,102,1,74
D4:F5:47:82:0E:C6,ALL,udp:50379,8.8.8.8*,2,176,1,74,1,102
D4:F5:47:82:0E:C6,ALL,udp:41914,192.168.3.117*,2,164,1,90,1,74
D4:F5:47:82:0E:C6,ALL,udp:41914,8.8.8.8*,2,164,1,74,1,90
D4:F5:47:82:0E:C6,ALL,udp:35673,192.168.3.117*,2,176,1,102,1,74
D4:F5:47:82:0E:C6,ALL,udp:35673,8.8.8.8*,2,176,1,74,1,102
D4:F5:47:82:0E:C6,ALL,udp:51834,192.168.3.117*,2,164,1,90,1,74
D4:F5:47:82:0E:C6,ALL,udp:51834,8.8.8.8*,2,164,1,74,1,90
D4:F5:47:82:0E:C6,ALL,udp:47284,192.168.3.117*,2,176,1,102,1,74
D4:F5:47:82:0E:C6,ALL,udp:47284,8.8.8.8*,2,176,1,74,1,102
D4:F5:47:82:0E:C6,ALL,udp:43620,192.168.3.117*,2,194,1,105,1,89
D4:F5:47:82:0E:C6,ALL,udp:43620,8.8.8.8*,2,194,1,89,1,105
D4:F5:47:82:0E:C6,ALL,udp:43404,192.168.3.117*,2,164,1,90,1,74
D4:F5:47:82:0E:C6,ALL,udp:43404,8.8.8.8*,2,164,1,74,1,90
D4:F5:47:82:0E:C6,ALL,https,142.250.176.195,58,16361,32,4064,26,12297
D4:F5:47:82:0E:C6,ALL,https,142.250.176.202,532,223878,265,133392,267,90486
D4:F5:47:82:0E:C6,ALL,https,142.250.176.206,250,80066,129,19036,121,61030
D4:F5:47:82:0E:C6,ALL,https,142.250.64.106,166,58132,86,22923,80,35209
D4:F5:47:82:0E:C6,ALL,https,142.250.64.74,293,101903,143,59750,150,42153
D4:F5:47:82:0E:C6,ALL,https,142.250.64.78,520,611592,185,28246,335,583346
D4:F5:47:82:0E:C6,ALL,https,142.250.65.170,523,180576,270,110531,253,70045
D4:F5:47:82:0E:C6,ALL,https,142.250.65.202,342,141321,178,77306,164,64015
D4:F5:47:82:0E:C6,ALL,https,142.250.65.234,319,114861,175,58699,144,56162
D4:F5:47:82:0E:C6,ALL,https,142.250.72.106,265,90363,136,33710,129,56653
D4:F5:47:82:0E:C6,ALL,https,142.250.80.10,17,7022,10,1384,7,5638
D4:F5:47:82:0E:C6,ALL,https,142.250.80.106,288,103147,157,47181,131,55966
D4:F5:47:82:0E:C6,ALL,https,142.250.80.110,155,36210,79,9804,76,26406
D4:F5:47:82:0E:C6,ALL,https,142.250.80.42,197,69674,108,34523,89,35151
D4:F5:47:82:0E:C6,ALL,https,142.250.80.74,201,67134,105,23652,96,43482
D4:F5:47:82:0E:C6,ALL,https,142.250.80.78,43,13278,21,2560,22,10718
D4:F5:47:82:0E:C6,ALL,https,142.250.81.234,106,33044,53,10374,53,22670
D4:F5:47:82:0E:C6,ALL,https,142.251.167.102,30,10678,15,1847,15,8831
D4:F5:47:82:0E:C6,ALL,https,142.251.32.106,398,157271,202,71694,196,85577
D4:F5:47:82:0E:C6,ALL,https,142.251.32.110,3729,1856346,1874,265627,1855,1590719
D4:F5:47:82:0E:C6,ALL,https,142.251.32.99,162,48219,89,11385,73,36834
D4:F5:47:82:0E:C6,ALL,https,142.251.35.170,212,74808,114,32698,98,42110
D4:F5:47:82:0E:C6,ALL,https,142.251.35.174,30,11594,15,2456,15,9138
D4:F5:47:82:0E:C6,ALL,https,142.251.40.106,228,82740,125,39837,103,42903
D4:F5:47:82:0E:C6,ALL,https,142.251.40.138,305,102131,155,50559,150,51572
D4:F5:47:82:0E:C6,ALL,https,142.251.40.170,228,76023,119,33015,109,43008
D4:F5:47:82:0E:C6,ALL,https,142.251.40.174,30,12094,15,2456,15,9638
D4:F5:47:82:0E:C6,ALL,https,142.251.40.202,261,107388,127,30164,134,77224
D4:F5:47:82:0E:C6,ALL,https,142.251.40.227,25,7586,14,1826,11,5760
D4:F5:47:82:0E:C6,ALL,https,142.251.40.234,159,59406,84,24735,75,34671
D4:F5:47:82:0E:C6,ALL,https,142.251.40.238,80,18235,40,4975,40,13260
D4:F5:47:82:0E:C6,ALL,https,142.251.41.10,282,102733,148,46568,134,56165
D4:F5:47:82:0E:C6,ALL,https,142.251.41.14,92,34955,47,7671,45,27284
D4:F5:47:82:0E:C6,ALL,https,142.251.41.3,138,44375,68,8552,70,35823
D4:F5:47:82:0E:C6,ALL,https,172.217.165.138,155,50908,81,21516,74,29392
D4:F5:47:82:0E:C6,ALL,https,172.217.165.142,1805,805911,885,118652,920,687259
D4:F5:47:82:0E:C6,ALL,https,172.253.122.101,30,10678,15,1847,15,8831
D4:F5:47:82:0E:C6,ALL,https,216.239.32.223,3,210,2,156,1,54
D4:F5:47:82:0E:C6,ALL,https,216.239.34.223,118,32699,54,10787,64,21912
D4:F5:47:82:0E:C6,ALL,https,216.239.36.223,73,27751,38,14158,35,13593
D4:F5:47:82:0E:C6,ALL,https,216.239.38.223,149,52568,75,24901,74,27667
D4:F5:47:82:0E:C6,ALL,https,34.104.35.123,42117,116520206,4616,306220,37501,116213986
D4:F5:47:82:0E:C6,ALL,tcp:5228,142.250.31.188,4437,318599,2215,149536,2222,169063
D4:F5:47:82:0E:C6,ALL,tcp:5228,142.251.16.188,3939,272844,1969,133168,1970,139676
D4:F5:47:82:0E:C6,ALL,tcp:5228,142.251.163.188,4912,350612,2454,165260,2458,185352
D4:F5:47:82:0E:C6,ALL,tcp:5228,142.251.167.188,7857,565038,3923,265818,3934,299220
D4:F5:47:82:0E:C6,ALL,tcp:5228,142.251.179.188,280,26643,140,10090,140,16553
D4:F5:47:82:0E:C6,ALL,tcp:5228,172.253.115.188,2015,143468,1007,68480,1008,74988
D4:F5:47:82:0E:C6,ALL,tcp:5228,172.253.122.188,174,19685,86,6562,88,13123
D4:F5:47:82:0E:C6,ALL,tcp:5228,172.253.63.188,7533,505687,3767,252236,3766,253451
D4:F5:47:82:0E:C6,ALL,tcp:5228,64.233.180.188,7453,545965,3720,252984,3733,292981
D4:F5:47:82:0E:C6,ALL,udp:443,142.250.176.206*,176,96117,103,69973,73,26144
D4:F5:47:82:0E:C6,ALL,udp:443,142.250.64.78*,850,759160,291,141525,559,617635
D4:F5:47:82:0E:C6,ALL,udp:443,142.250.80.110*,735,697529,230,100869,505,596660
D4:F5:47:82:0E:C6,ALL,udp:443,142.251.167.102*,28,15908,14,7511,14,8397
D4:F5:47:82:0E:C6,ALL,udp:443,142.251.32.110*,11166,10206780,3771,1803882,7395,8402898
D4:F5:47:82:0E:C6,ALL,udp:443,172.217.165.142*,3111,2291124,1410,826985,1701,1464139
D4:F5:47:82:0E:C6,ALL,udp:443,172.253.122.101*,24,15635,12,7361,12,8274
D4:F5:47:82:0E:C6,ALL,udp:40320,172.217.165.142*,44,23349,25,16553,19,6796
D4:F5:47:82:0E:C6,ALL,udp:40320,192.168.3.117*,44,23349,19,6796,25,16553
D4:F5:47:82:0E:C6,ALL,udp:41380,142.251.32.110*,20,10870,12,7356,8,3514
D4:F5:47:82:0E:C6,ALL,udp:41380,192.168.3.117*,20,10870,8,3514,12,7356
D4:F5:47:82:0E:C6,ALL,udp:51071,172.217.165.142*,23,12419,13,9200,10,3219
D4:F5:47:82:0E:C6,ALL,udp:51071,192.168.3.117*,23,12419,10,3219,13,9200
D4:F5:47:82:0E:C6,ALL,udp:37284,172.217.165.142*,20,10872,12,7358,8,3514
D4:F5:47:82:0E:C6,ALL,udp:37284,192.168.3.117*,20,10872,8,3514,12,7358
D4:F5:47:82:0E:C6,ALL,udp:50159,142.251.32.110*,26,12745,16,9526,10,3219
D4:F5:47:82:0E:C6,ALL,udp:50159,192.168.3.117*,26,12745,10,3219,16,9526
D4:F5:47:82:0E:C6,ALL,udp:46362,142.251.32.110*,17,10547,9,7033,8,3514
D4:F5:47:82:0E:C6,ALL,udp:46362,192.168.3.117*,17,10547,8,3514,9,7033
D4:F5:47:82:0E:C6,ALL,udp:59777,172.217.165.142*,20,10868,12,7354,8,3514
D4:F5:47:82:0E:C6,ALL,udp:59777,192.168.3.117*,20,10868,8,3514,12,7354
D4:F5:47:82:0E:C6,ALL,udp:49035,172.217.165.142*,23,12421,13,9202,10,3219
D4:F5:47:82:0E:C6,ALL,udp:49035,192.168.3.117*,23,12421,10,3219,13,9202
D4:F5:47:82:0E:C6,ALL,udp:33508,142.251.32.110*,20,10873,12,7359,8,3514
D4:F5:47:82:0E:C6,ALL,udp:33508,192.168.3.117*,20,10873,8,3514,12,7359
D4:F5:47:82:0E:C6,ALL,udp:57497,172.217.165.142*,501,562185,92,12618,409,549567
D4:F5:47:82:0E:C6,ALL,udp:57497,192.168.3.117*,501,562185,409,549567,92,12618
D4:F5:47:82:0E:C6,ALL,udp:39382,172.217.165.142*,19,10790,11,7276,8,3514
D4:F5:47:82:0E:C6,ALL,udp:39382,192.168.3.117*,19,10790,8,3514,11,7276
D4:F5:47:82:0E:C6,ALL,udp:42571,142.251.32.110*,23,12420,13,9201,10,3219
D4:F5:47:82:0E:C6,ALL,udp:42571,192.168.3.117*,23,12420,10,3219,13,9201
D4:F5:47:82:0E:C6,ALL,udp:37069,142.251.32.110*,20,10873,12,7359,8,3514
D4:F5:47:82:0E:C6,ALL,udp:37069,192.168.3.117*,20,10873,8,3514,12,7359
D4:F5:47:82:0E:C6,ALL,udp:32929,142.251.32.110*,23,12419,13,9200,10,3219
D4:F5:47:82:0E:C6,ALL,udp:32929,192.168.3.117*,23,12419,10,3219,13,9200
D4:F5:47:82:0E:C6,ALL,udp:37710,142.251.32.110*,20,10870,12,7356,8,3514
D4:F5:47:82:0E:C6,ALL,udp:37710,192.168.3.117*,20,10870,8,3514,12,7356
D4:F5:47:82:0E:C6,ALL,udp:57599,142.251.32.110*,19,10793,11,7279,8,3514
D4:F5:47:82:0E:C6,ALL,udp:57599,192.168.3.117*,19,10793,8,3514,11,7279
D4:F5:47:82:0E:C6,ALL,udp:45161,142.251.32.110*,20,10869,12,7355,8,3514
D4:F5:47:82:0E:C6,ALL,udp:45161,192.168.3.117*,20,10869,8,3514,12,7355
D4:F5:47:82:0E:C6,ALL,udp:52467,172.217.165.142*,26,12744,16,9525,10,3219
D4:F5:47:82:0E:C6,ALL,udp:52467,192.168.3.117*,26,12744,10,3219,16,9525
D4:F5:47:82:0E:C6,ALL,udp:37114,142.251.32.110*,20,10872,12,7358,8,3514
D4:F5:47:82:0E:C6,ALL,udp:37114,192.168.3.117*,20,10872,8,3514,12,7358
D4:F5:47:82:0E:C6,ALL,udp:41446,142.251.32.110*,20,12228,13,9204,7,3024
D4:F5:47:82:0E:C6,ALL,udp:41446,192.168.3.117*,20,12228,7,3024,13,9204
D4:F5:47:82:0E:C6,ALL,udp:46001,142.251.32.110*,19,10792,11,7278,8,3514
D4:F5:47:82:0E:C6,ALL,udp:46001,192.168.3.117*,19,10792,8,3514,11,7278
D4:F5:47:82:0E:C6,ALL,udp:49746,142.251.32.110*,491,561374,90,12346,401,549028
D4:F5:47:82:0E:C6,ALL,udp:49746,192.168.3.117*,491,561374,401,549028,90,12346
D4:F5:47:82:0E:C6,ALL,udp:45840,142.251.32.110*,16,10978,10,7201,6,3777
D4:F5:47:82:0E:C6,ALL,udp:45840,192.168.3.117*,16,10978,6,3777,10,7201
D4:F5:47:82:0E:C6,ALL,udp:37922,172.217.165.142*,22,12355,13,9201,9,3154
D4:F5:47:82:0E:C6,ALL,udp:37922,192.168.3.117*,22,12355,9,3154,13,9201
D4:F5:47:82:0E:C6,ALL,udp:55509,172.217.165.142*,19,10791,11,7277,8,3514
D4:F5:47:82:0E:C6,ALL,udp:55509,192.168.3.117*,19,10791,8,3514,11,7277
D4:F5:47:82:0E:C6,ALL,udp:54315,172.217.165.142*,26,13136,16,9524,10,3612
D4:F5:47:82:0E:C6,ALL,udp:54315,192.168.3.117*,26,13136,10,3612,16,9524
D4:F5:47:82:0E:C6,ALL,udp:57277,172.217.165.142*,19,13331,10,8425,9,4906
D4:F5:47:82:0E:C6,ALL,udp:57277,192.168.3.117*,19,13331,9,4906,10,8425
D4:F5:47:82:0E:C6,ALL,udp:55454,142.251.32.110*,20,10872,12,7358,8,3514
D4:F5:47:82:0E:C6,ALL,udp:55454,192.168.3.117*,20,10872,8,3514,12,7358
D4:F5:47:82:0E:C6,ALL,udp:43289,142.251.32.110*,20,12229,13,9205,7,3024
D4:F5:47:82:0E:C6,ALL,udp:43289,192.168.3.117*,20,12229,7,3024,13,9205
D4:F5:47:82:0E:C6,ALL,udp:46169,172.217.165.142*,19,10786,11,7272,8,3514
D4:F5:47:82:0E:C6,ALL,udp:46169,192.168.3.117*,19,10786,8,3514,11,7272
D4:F5:47:82:0E:C6,ALL,udp:59621,142.251.32.110*,19,10791,11,7277,8,3514
D4:F5:47:82:0E:C6,ALL,udp:59621,192.168.3.117*,19,10791,8,3514,11,7277
D4:F5:47:82:0E:C6,ALL,udp:39922,142.251.32.110*,23,12425,13,9206,10,3219
D4:F5:47:82:0E:C6,ALL,udp:39922,192.168.3.117*,23,12425,10,3219,13,9206
D4:F5:47:82:0E:C6,ALL,udp:59371,172.217.165.142*,19,10781,11,7267,8,3514
D4:F5:47:82:0E:C6,ALL,udp:59371,192.168.3.117*,19,10781,8,3514,11,7267
D4:F5:47:82:0E:C6,ALL,udp:51483,142.251.32.110*,20,10869,12,7355,8,3514
D4:F5:47:82:0E:C6,ALL,udp:51483,192.168.3.117*,20,10869,8,3514,12,7355
D4:F5:47:82:0E:C6,ALL,udp:52445,172.217.165.142*,23,12416,13,9197,10,3219
D4:F5:47:82:0E:C6,ALL,udp:52445,192.168.3.117*,23,12416,10,3219,13,9197
D4:F5:47:82:0E:C6,ALL,udp:52114,142.251.32.110*,25,12661,15,9442,10,3219
D4:F5:47:82:0E:C6,ALL,udp:52114,192.168.3.117*,25,12661,10,3219,15,9442
D4:F5:47:82:0E:C6,ALL,udp:51441,142.251.32.110*,17,10548,9,7033,8,3515
D4:F5:47:82:0E:C6,ALL,udp:51441,192.168.3.117*,17,10548,8,3515,9,7033
D4:F5:47:82:0E:C6,ALL,udp:59735,142.251.32.110*,21,10926,12,7348,9,3578
D4:F5:47:82:0E:C6,ALL,udp:59735,192.168.3.117*,21,10926,9,3578,12,7348
D4:F5:47:82:0E:C6,ALL,udp:44821,142.251.32.110*,495,562186,94,12747,401,549439
D4:F5:47:82:0E:C6,ALL,udp:44821,192.168.3.117*,495,562186,401,549439,94,12747
D4:F5:47:82:0E:C6,ALL,udp:34180,142.251.32.110*,19,10792,11,7278,8,3514
D4:F5:47:82:0E:C6,ALL,udp:34180,192.168.3.117*,19,10792,8,3514,11,7278
D4:F5:47:82:0E:C6,ALL,udp:59844,142.251.32.110*,19,10792,11,7278,8,3514
D4:F5:47:82:0E:C6,ALL,udp:59844,192.168.3.117*,19,10792,8,3514,11,7278
D4:F5:47:82:0E:C6,ALL,udp:33106,172.217.165.142*,20,12223,13,9199,7,3024
D4:F5:47:82:0E:C6,ALL,udp:33106,192.168.3.117*,20,12223,7,3024,13,9199
D4:F5:47:82:0E:C6,ALL,udp:51643,142.251.32.110*,19,10789,11,7275,8,3514
D4:F5:47:82:0E:C6,ALL,udp:51643,192.168.3.117*,19,10789,8,3514,11,7275
D4:F5:47:82:0E:C6,ALL,udp:58724,172.217.165.142*,20,10872,12,7358,8,3514
D4:F5:47:82:0E:C6,ALL,udp:58724,192.168.3.117*,20,10872,8,3514,12,7358
D4:F5:47:82:0E:C6,ALL,udp:54498,142.251.32.110*,23,12423,13,9204,10,3219
D4:F5:47:82:0E:C6,ALL,udp:54498,192.168.3.117*,23,12423,10,3219,13,9204
D4:F5:47:82:0E:C6,ALL,udp:46914,142.251.32.110*,19,10788,11,7274,8,3514
D4:F5:47:82:0E:C6,ALL,udp:46914,192.168.3.117*,19,10788,8,3514,11,7274
D4:F5:47:82:0E:C6,ALL,udp:51145,172.217.165.142*,20,10869,12,7355,8,3514
D4:F5:47:82:0E:C6,ALL,udp:51145,192.168.3.117*,20,10869,8,3514,12,7355
D4:F5:47:82:0E:C6,ALL,udp:49518,142.250.176.206*,20,10869,12,7356,8,3513
D4:F5:47:82:0E:C6,ALL,udp:49518,192.168.3.117*,20,10869,8,3513,12,7356
D4:F5:47:82:0E:C6,ALL,udp:45486,142.250.176.206*,23,12415,13,9196,10,3219
D4:F5:47:82:0E:C6,ALL,udp:45486,192.168.3.117*,23,12415,10,3219,13,9196
D4:F5:47:82:0E:C6,ALL,udp:50108,142.250.64.78*,19,10788,11,7275,8,3513
D4:F5:47:82:0E:C6,ALL,udp:50108,192.168.3.117*,19,10788,8,3513,11,7275
D4:F5:47:82:0E:C6,ALL,udp:60786,142.250.64.78*,495,561773,91,12414,404,549359
D4:F5:47:82:0E:C6,ALL,udp:60786,216.239.35.4*,2,180,1,90,1,90
D4:F5:47:82:0E:C6,ALL,udp:59026,142.250.176.206*,23,12419,13,9200,10,3219
D4:F5:47:82:0E:C6,ALL,udp:59026,192.168.3.117*,23,12419,10,3219,13,9200
D4:F5:47:82:0E:C6,ALL,udp:34569,142.250.64.78*,13,10526,5,3151,8,7375
D4:F5:47:82:0E:C6,ALL,udp:34569,192.168.3.117*,13,10526,8,7375,5,3151
D4:F5:47:82:0E:C6,ALL,udp:36084,142.250.64.78*,40,23039,19,11515,21,11524
D4:F5:47:82:0E:C6,ALL,udp:36084,192.168.3.117*,40,23039,21,11524,19,11515
D4:F5:47:82:0E:C6,ALL,udp:53898,142.250.64.78*,23,12418,13,9199,10,3219
D4:F5:47:82:0E:C6,ALL,udp:53898,192.168.3.117*,23,12418,10,3219,13,9199
D4:F5:47:82:0E:C6,ALL,udp:36504,142.250.176.206*,22,12354,13,9199,9,3155
D4:F5:47:82:0E:C6,ALL,udp:36504,192.168.3.117*,22,12354,9,3155,13,9199
D4:F5:47:82:0E:C6,ALL,udp:38525,142.250.176.206*,24,12491,14,9274,10,3217
D4:F5:47:82:0E:C6,ALL,udp:38525,192.168.3.117*,24,12491,10,3217,14,9274
D4:F5:47:82:0E:C6,ALL,udp:41265,142.251.167.102*,28,15908,14,7511,14,8397
D4:F5:47:82:0E:C6,ALL,udp:41265,192.168.3.117*,28,15908,14,8397,14,7511
D4:F5:47:82:0E:C6,ALL,udp:33896,142.250.64.78*,20,10873,12,7359,8,3514
D4:F5:47:82:0E:C6,ALL,udp:33896,192.168.3.117*,20,10873,8,3514,12,7359
D4:F5:47:82:0E:C6,ALL,udp:33370,142.250.64.78*,23,12421,13,9202,10,3219
D4:F5:47:82:0E:C6,ALL,udp:33370,192.168.3.117*,23,12421,10,3219,13,9202
D4:F5:47:82:0E:C6,ALL,udp:35495,142.250.176.206*,21,10928,12,7350,9,3578
D4:F5:47:82:0E:C6,ALL,udp:35495,192.168.3.117*,21,10928,9,3578,12,7350
D4:F5:47:82:0E:C6,ALL,udp:40665,142.250.64.78*,26,12748,16,9529,10,3219
D4:F5:47:82:0E:C6,ALL,udp:40665,192.168.3.117*,26,12748,10,3219,16,9529
D4:F5:47:82:0E:C6,ALL,udp:60654,142.250.64.78*,17,10547,9,7033,8,3514
D4:F5:47:82:0E:C6,ALL,udp:60654,192.168.3.117*,17,10547,8,3514,9,7033
D4:F5:47:82:0E:C6,ALL,udp:53404,142.250.80.110*,19,10792,11,7278,8,3514
D4:F5:47:82:0E:C6,ALL,udp:53404,192.168.3.117*,19,10792,8,3514,11,7278
D4:F5:47:82:0E:C6,ALL,udp:53566,142.250.64.78*,23,12420,13,9201,10,3219
D4:F5:47:82:0E:C6,ALL,udp:53566,192.168.3.117*,23,12420,10,3219,13,9201
D4:F5:47:82:0E:C6,ALL,udp:58855,142.250.80.110*,20,10875,12,7361,8,3514
D4:F5:47:82:0E:C6,ALL,udp:58855,192.168.3.117*,20,10875,8,3514,12,7361
D4:F5:47:82:0E:C6,ALL,udp:34281,142.250.80.110*,23,12421,13,9202,10,3219
D4:F5:47:82:0E:C6,ALL,udp:34281,192.168.3.117*,23,12421,10,3219,13,9202
D4:F5:47:82:0E:C6,ALL,udp:37064,142.250.80.110*,496,561764,95,12721,401,549043
D4:F5:47:82:0E:C6,ALL,udp:37064,192.168.3.117*,496,561764,401,549043,95,12721
D4:F5:47:82:0E:C6,ALL,udp:43206,142.250.80.110*,17,11181,9,7035,8,4146
D4:F5:47:82:0E:C6,ALL,udp:43206,192.168.3.117*,17,11181,8,4146,9,7035
D4:F5:47:82:0E:C6,ALL,udp:40422,142.250.80.110*,19,10791,11,7277,8,3514
D4:F5:47:82:0E:C6,ALL,udp:40422,192.168.3.117*,19,10791,8,3514,11,7277
D4:F5:47:82:0E:C6,ALL,udp:39208,142.250.64.78*,23,12425,13,9205,10,3220
D4:F5:47:82:0E:C6,ALL,udp:39208,192.168.3.117*,23,12425,10,3220,13,9205
D4:F5:47:82:0E:C6,ALL,udp:41690,142.251.32.110*,20,10980,12,7358,8,3622
D4:F5:47:82:0E:C6,ALL,udp:41690,192.168.3.117*,20,10980,8,3622,12,7358
D4:F5:47:82:0E:C6,ALL,udp:60079,142.251.32.110*,19,10789,11,7275,8,3514
D4:F5:47:82:0E:C6,ALL,udp:60079,192.168.3.117*,19,10789,8,3514,11,7275
D4:F5:47:82:0E:C6,ALL,udp:45203,142.251.32.110*,17,10548,9,7033,8,3515
D4:F5:47:82:0E:C6,ALL,udp:45203,192.168.3.117*,17,10548,8,3515,9,7033
D4:F5:47:82:0E:C6,ALL,udp:54382,172.217.165.142*,19,10792,11,7278,8,3514
D4:F5:47:82:0E:C6,ALL,udp:54382,192.168.3.117*,19,10792,8,3514,11,7278
D4:F5:47:82:0E:C6,ALL,udp:45275,172.217.165.142*,20,10869,12,7355,8,3514
D4:F5:47:82:0E:C6,ALL,udp:45275,192.168.3.117*,20,10869,8,3514,12,7355
D4:F5:47:82:0E:C6,ALL,udp:60909,142.251.32.110*,19,10788,11,7274,8,3514
D4:F5:47:82:0E:C6,ALL,udp:60909,192.168.3.117*,19,10788,8,3514,11,7274
D4:F5:47:82:0E:C6,ALL,udp:55383,142.251.32.110*,23,12426,13,9207,10,3219
D4:F5:47:82:0E:C6,ALL,udp:55383,192.168.3.117*,23,12426,10,3219,13,9207
D4:F5:47:82:0E:C6,ALL,udp:37259,172.217.165.142*,19,10789,11,7275,8,3514
D4:F5:47:82:0E:C6,ALL,udp:37259,192.168.3.117*,19,10789,8,3514,11,7275
D4:F5:47:82:0E:C6,ALL,udp:37001,142.251.32.110*,25,12576,15,9357,10,3219
D4:F5:47:82:0E:C6,ALL,udp:37001,192.168.3.117*,25,12576,10,3219,15,9357
D4:F5:47:82:0E:C6,ALL,udp:55518,172.217.165.142*,17,10546,9,7033,8,3513
D4:F5:47:82:0E:C6,ALL,udp:55518,192.168.3.117*,17,10546,8,3513,9,7033
D4:F5:47:82:0E:C6,ALL,udp:53868,172.217.165.142*,20,10871,12,7357,8,3514
D4:F5:47:82:0E:C6,ALL,udp:53868,192.168.3.117*,20,10871,8,3514,12,7357
D4:F5:47:82:0E:C6,ALL,udp:47176,142.251.32.110*,19,10792,11,7278,8,3514
D4:F5:47:82:0E:C6,ALL,udp:47176,192.168.3.117*,19,10792,8,3514,11,7278
D4:F5:47:82:0E:C6,ALL,udp:45037,142.251.32.110*,20,10873,12,7359,8,3514
D4:F5:47:82:0E:C6,ALL,udp:45037,192.168.3.117*,20,10873,8,3514,12,7359
D4:F5:47:82:0E:C6,ALL,udp:40371,142.251.32.110*,20,10874,12,7360,8,3514
D4:F5:47:82:0E:C6,ALL,udp:40371,192.168.3.117*,20,10874,8,3514,12,7360
D4:F5:47:82:0E:C6,ALL,udp:43906,172.217.165.142*,23,12424,13,9205,10,3219
D4:F5:47:82:0E:C6,ALL,udp:43906,192.168.3.117*,23,12424,10,3219,13,9205
D4:F5:47:82:0E:C6,ALL,udp:46572,142.251.32.110*,495,561684,97,12875,398,548809
D4:F5:47:82:0E:C6,ALL,udp:46572,192.168.3.117*,495,561684,398,548809,97,12875
D4:F5:47:82:0E:C6,ALL,udp:36521,142.251.32.110*,23,12509,14,7601,9,4908
D4:F5:47:82:0E:C6,ALL,udp:36521,192.168.3.117*,23,12509,9,4908,14,7601
D4:F5:47:82:0E:C6,ALL,udp:49700,142.251.32.110*,36,18443,19,13321,17,5122
D4:F5:47:82:0E:C6,ALL,udp:49700,192.168.3.117*,36,18443,17,5122,19,13321
D4:F5:47:82:0E:C6,ALL,udp:46189,172.217.165.142*,20,10874,12,7360,8,3514
D4:F5:47:82:0E:C6,ALL,udp:46189,192.168.3.117*,20,10874,8,3514,12,7360
D4:F5:47:82:0E:C6,ALL,udp:38789,142.251.32.110*,20,12224,13,9200,7,3024
D4:F5:47:82:0E:C6,ALL,udp:38789,192.168.3.117*,20,12224,7,3024,13,9200
D4:F5:47:82:0E:C6,ALL,udp:45438,172.217.165.142*,19,10790,11,7276,8,3514
D4:F5:47:82:0E:C6,ALL,udp:45438,192.168.3.117*,19,10790,8,3514,11,7276
D4:F5:47:82:0E:C6,ALL,udp:59176,172.217.165.142*,19,10789,11,7275,8,3514
D4:F5:47:82:0E:C6,ALL,udp:59176,192.168.3.117*,19,10789,8,3514,11,7275
D4:F5:47:82:0E:C6,ALL,udp:41728,142.251.32.110*,20,10875,12,7361,8,3514
D4:F5:47:82:0E:C6,ALL,udp:41728,192.168.3.117*,20,10875,8,3514,12,7361
D4:F5:47:82:0E:C6,ALL,udp:45547,142.251.32.110*,20,12227,13,9203,7,3024
D4:F5:47:82:0E:C6,ALL,udp:45547,192.168.3.117*,20,12227,7,3024,13,9203
D4:F5:47:82:0E:C6,ALL,udp:48509,142.251.32.110*,20,10874,12,7360,8,3514
D4:F5:47:82:0E:C6,ALL,udp:48509,192.168.3.117*,20,10874,8,3514,12,7360
D4:F5:47:82:0E:C6,ALL,udp:35943,172.217.165.142*,13,10523,5,3151,8,7372
D4:F5:47:82:0E:C6,ALL,udp:35943,192.168.3.117*,13,10523,8,7372,5,3151
D4:F5:47:82:0E:C6,ALL,udp:55129,142.251.32.110*,25,12559,14,9273,11,3286
D4:F5:47:82:0E:C6,ALL,udp:55129,192.168.3.117*,25,12559,11,3286,14,9273
D4:F5:47:82:0E:C6,ALL,udp:46443,142.251.32.110*,23,12417,13,9198,10,3219
D4:F5:47:82:0E:C6,ALL,udp:46443,192.168.3.117*,23,12417,10,3219,13,9198
D4:F5:47:82:0E:C6,ALL,udp:49103,172.217.165.142*,20,10872,12,7358,8,3514
D4:F5:47:82:0E:C6,ALL,udp:49103,192.168.3.117*,20,10872,8,3514,12,7358
D4:F5:47:82:0E:C6,ALL,udp:34531,142.251.32.110*,23,12420,13,9201,10,3219
D4:F5:47:82:0E:C6,ALL,udp:34531,192.168.3.117*,23,12420,10,3219,13,9201
D4:F5:47:82:0E:C6,ALL,udp:57856,172.217.165.142*,20,10874,12,7360,8,3514
D4:F5:47:82:0E:C6,ALL,udp:57856,192.168.3.117*,20,10874,8,3514,12,7360
D4:F5:47:82:0E:C6,ALL,udp:42463,172.217.165.142*,23,12419,13,9200,10,3219
D4:F5:47:82:0E:C6,ALL,udp:42463,192.168.3.117*,23,12419,10,3219,13,9200
D4:F5:47:82:0E:C6,ALL,udp:46711,172.217.165.142*,21,10927,12,7346,9,3581
D4:F5:47:82:0E:C6,ALL,udp:46711,192.168.3.117*,21,10927,9,3581,12,7346
D4:F5:47:82:0E:C6,ALL,udp:38844,172.217.165.142*,20,10873,12,7359,8,3514
D4:F5:47:82:0E:C6,ALL,udp:38844,192.168.3.117*,20,10873,8,3514,12,7359
D4:F5:47:82:0E:C6,ALL,udp:57825,172.217.165.142*,23,12417,13,9198,10,3219
D4:F5:47:82:0E:C6,ALL,udp:57825,192.168.3.117*,23,12417,10,3219,13,9198
D4:F5:47:82:0E:C6,ALL,udp:41642,142.251.32.110*,20,10875,12,7361,8,3514
D4:F5:47:82:0E:C6,ALL,udp:41642,192.168.3.117*,20,10875,8,3514,12,7361
D4:F5:47:82:0E:C6,ALL,udp:52884,142.251.32.110*,20,10871,12,7357,8,3514
D4:F5:47:82:0E:C6,ALL,udp:52884,216.239.35.12*,2,180,1,90,1,90
D4:F5:47:82:0E:C6,ALL,udp:55786,142.251.32.110*,20,10875,12,7361,8,3514
D4:F5:47:82:0E:C6,ALL,udp:55786,192.168.3.117*,20,10875,8,3514,12,7361
D4:F5:47:82:0E:C6,ALL,udp:37859,142.251.32.110*,23,11071,13,7426,10,3645
D4:F5:47:82:0E:C6,ALL,udp:37859,192.168.3.117*,23,11071,10,3645,13,7426
D4:F5:47:82:0E:C6,ALL,udp:43125,142.251.32.110*,23,12421,13,9203,10,3218
D4:F5:47:82:0E:C6,ALL,udp:43125,192.168.3.117*,23,12421,10,3218,13,9203
D4:F5:47:82:0E:C6,ALL,udp:42985,142.251.32.110*,494,561537,90,12346,404,549191
D4:F5:47:82:0E:C6,ALL,udp:42985,192.168.3.117*,494,561537,404,549191,90,12346
D4:F5:47:82:0E:C6,ALL,udp:55753,142.251.32.110*,20,12218,13,9194,7,3024
D4:F5:47:82:0E:C6,ALL,udp:55753,192.168.3.117*,20,12218,7,3024,13,9194
D4:F5:47:82:0E:C6,ALL,udp:49764,142.251.32.110*,20,10874,12,7360,8,3514
D4:F5:47:82:0E:C6,ALL,udp:49764,192.168.3.117*,20,10874,8,3514,12,7360
D4:F5:47:82:0E:C6,ALL,udp:58161,142.251.32.110*,19,10792,11,7278,8,3514
D4:F5:47:82:0E:C6,ALL,udp:58161,192.168.3.117*,19,10792,8,3514,11,7278
D4:F5:47:82:0E:C6,ALL,udp:53219,142.251.32.110*,20,10869,12,7355,8,3514
D4:F5:47:82:0E:C6,ALL,udp:53219,192.168.3.117*,20,10869,8,3514,12,7355
D4:F5:47:82:0E:C6,ALL,udp:37349,142.251.32.110*,20,10875,12,7361,8,3514
D4:F5:47:82:0E:C6,ALL,udp:37349,192.168.3.117*,20,10875,8,3514,12,7361
D4:F5:47:82:0E:C6,ALL,udp:55505,142.251.32.110*,25,12574,15,9355,10,3219
D4:F5:47:82:0E:C6,ALL,udp:55505,192.168.3.117*,25,12574,10,3219,15,9355
D4:F5:47:82:0E:C6,ALL,udp:35534,142.251.32.110*,19,10792,11,7278,8,3514
D4:F5:47:82:0E:C6,ALL,udp:35534,192.168.3.117*,19,10792,8,3514,11,7278
D4:F5:47:82:0E:C6,ALL,udp:37469,142.251.32.110*,20,10874,12,7360,8,3514
D4:F5:47:82:0E:C6,ALL,udp:37469,192.168.3.117*,20,10874,8,3514,12,7360
D4:F5:47:82:0E:C6,ALL,udp:53168,142.251.32.110*,19,11184,11,7276,8,3908
D4:F5:47:82:0E:C6,ALL,udp:53168,192.168.3.117*,19,11184,8,3908,11,7276
D4:F5:47:82:0E:C6,ALL,udp:58070,142.251.32.110*,23,12421,13,9202,10,3219
D4:F5:47:82:0E:C6,ALL,udp:58070,192.168.3.117*,23,12421,10,3219,13,9202
D4:F5:47:82:0E:C6,ALL,udp:57136,142.251.32.110*,20,10875,12,7361,8,3514
D4:F5:47:82:0E:C6,ALL,udp:57136,192.168.3.117*,20,10875,8,3514,12,7361
D4:F5:47:82:0E:C6,ALL,udp:42982,142.251.32.110*,20,10872,12,7358,8,3514
D4:F5:47:82:0E:C6,ALL,udp:42982,192.168.3.117*,20,10872,8,3514,12,7358
D4:F5:47:82:0E:C6,ALL,udp:50869,142.251.32.110*,23,12434,14,9279,9,3155
D4:F5:47:82:0E:C6,ALL,udp:50869,192.168.3.117*,23,12434,9,3155,14,9279
D4:F5:47:82:0E:C6,ALL,udp:39708,142.251.32.110*,22,12360,14,9273,8,3087
D4:F5:47:82:0E:C6,ALL,udp:39708,192.168.3.117*,22,12360,8,3087,14,9273
D4:F5:47:82:0E:C6,ALL,udp:46477,142.251.32.110*,20,10874,12,7360,8,3514
D4:F5:47:82:0E:C6,ALL,udp:46477,192.168.3.117*,20,10874,8,3514,12,7360
D4:F5:47:82:0E:C6,ALL,udp:47849,172.217.165.142*,21,10941,12,7363,9,3578
D4:F5:47:82:0E:C6,ALL,udp:47849,192.168.3.117*,21,10941,9,3578,12,7363
D4:F5:47:82:0E:C6,ALL,udp:56488,142.251.32.110*,19,10788,11,7274,8,3514
D4:F5:47:82:0E:C6,ALL,udp:56488,192.168.3.117*,19,10788,8,3514,11,7274
D4:F5:47:82:0E:C6,ALL,udp:49193,172.217.165.142*,19,10792,11,7278,8,3514
D4:F5:47:82:0E:C6,ALL,udp:49193,192.168.3.117*,19,10792,8,3514,11,7278
D4:F5:47:82:0E:C6,ALL,udp:51293,172.217.165.142*,20,10871,12,7357,8,3514
D4:F5:47:82:0E:C6,ALL,udp:51293,192.168.3.117*,20,10871,8,3514,12,7357
D4:F5:47:82:0E:C6,ALL,udp:35578,142.251.32.110*,23,12423,13,9204,10,3219
D4:F5:47:82:0E:C6,ALL,udp:35578,192.168.3.117*,23,12423,10,3219,13,9204
D4:F5:47:82:0E:C6,ALL,udp:59794,172.217.165.142*,19,10789,11,7275,8,3514
D4:F5:47:82:0E:C6,ALL,udp:59794,192.168.3.117*,19,10789,8,3514,11,7275
D4:F5:47:82:0E:C6,ALL,udp:57822,142.251.32.110*,20,12225,13,9201,7,3024
D4:F5:47:82:0E:C6,ALL,udp:57822,192.168.3.117*,20,12225,7,3024,13,9201
D4:F5:47:82:0E:C6,ALL,udp:32948,142.251.32.110*,20,10872,12,7358,8,3514
D4:F5:47:82:0E:C6,ALL,udp:32948,192.168.3.117*,20,10872,8,3514,12,7358
D4:F5:47:82:0E:C6,ALL,udp:59215,142.251.32.110*,495,561759,90,12341,405,549418
D4:F5:47:82:0E:C6,ALL,udp:59215,192.168.3.117*,495,561759,405,549418,90,12341
D4:F5:47:82:0E:C6,ALL,udp:41339,142.251.32.110*,22,11011,13,7433,9,3578
D4:F5:47:82:0E:C6,ALL,udp:41339,192.168.3.117*,22,11011,9,3578,13,7433
D4:F5:47:82:0E:C6,ALL,udp:42274,142.251.32.110*,20,10873,12,7359,8,3514
D4:F5:47:82:0E:C6,ALL,udp:42274,192.168.3.117*,20,10873,8,3514,12,7359
D4:F5:47:82:0E:C6,ALL,udp:39608,172.217.165.142*,20,10872,12,7358,8,3514
D4:F5:47:82:0E:C6,ALL,udp:39608,192.168.3.117*,20,10872,8,3514,12,7358
D4:F5:47:82:0E:C6,ALL,udp:40676,142.251.32.110*,20,10875,12,7361,8,3514
D4:F5:47:82:0E:C6,ALL,udp:40676,192.168.3.117*,20,10875,8,3514,12,7361
D4:F5:47:82:0E:C6,ALL,udp:44147,142.251.32.110*,23,12421,13,9202,10,3219
D4:F5:47:82:0E:C6,ALL,udp:44147,192.168.3.117*,23,12421,10,3219,13,9202
D4:F5:47:82:0E:C6,ALL,udp:46098,142.251.32.110*,21,10926,12,7348,9,3578
D4:F5:47:82:0E:C6,ALL,udp:46098,192.168.3.117*,21,10926,9,3578,12,7348
D4:F5:47:82:0E:C6,ALL,udp:54963,172.217.165.142*,19,10790,11,7276,8,3514
D4:F5:47:82:0E:C6,ALL,udp:54963,192.168.3.117*,19,10790,8,3514,11,7276
D4:F5:47:82:0E:C6,ALL,udp:53917,172.217.165.142*,23,12421,13,9202,10,3219
D4:F5:47:82:0E:C6,ALL,udp:53917,192.168.3.117*,23,12421,10,3219,13,9202
D4:F5:47:82:0E:C6,ALL,udp:59393,142.251.32.110*,20,10868,12,7354,8,3514
D4:F5:47:82:0E:C6,ALL,udp:59393,192.168.3.117*,20,10868,8,3514,12,7354
D4:F5:47:82:0E:C6,ALL,udp:52187,142.251.32.110*,20,10868,12,7354,8,3514
D4:F5:47:82:0E:C6,ALL,udp:52187,192.168.3.117*,20,10868,8,3514,12,7354
D4:F5:47:82:0E:C6,ALL,udp:46405,172.217.165.142*,28,12898,18,9679,10,3219
D4:F5:47:82:0E:C6,ALL,udp:46405,192.168.3.117*,28,12898,10,3219,18,9679
D4:F5:47:82:0E:C6,ALL,udp:55331,142.251.32.110*,17,10547,9,7033,8,3514
D4:F5:47:82:0E:C6,ALL,udp:55331,192.168.3.117*,17,10547,8,3514,9,7033
D4:F5:47:82:0E:C6,ALL,udp:44238,142.251.32.110*,498,562060,93,12666,405,549394
D4:F5:47:82:0E:C6,ALL,udp:44238,192.168.3.117*,498,562060,405,549394,93,12666
D4:F5:47:82:0E:C6,ALL,udp:42319,142.251.32.110*,17,10547,9,7033,8,3514
D4:F5:47:82:0E:C6,ALL,udp:42319,192.168.3.117*,17,10547,8,3514,9,7033
D4:F5:47:82:0E:C6,ALL,udp:45182,172.217.165.142*,19,10790,11,7276,8,3514
D4:F5:47:82:0E:C6,ALL,udp:45182,192.168.3.117*,19,10790,8,3514,11,7276
D4:F5:47:82:0E:C6,ALL,udp:46587,172.217.165.142*,23,13820,14,8912,9,4908
D4:F5:47:82:0E:C6,ALL,udp:46587,192.168.3.117*,23,13820,9,4908,14,8912
D4:F5:47:82:0E:C6,ALL,udp:58126,142.251.32.110*,12,9141,4,1758,8,7383
D4:F5:47:82:0E:C6,ALL,udp:58126,192.168.3.117*,12,9141,8,7383,4,1758
D4:F5:47:82:0E:C6,ALL,udp:44809,142.251.32.110*,23,12423,13,9203,10,3220
D4:F5:47:82:0E:C6,ALL,udp:44809,192.168.3.117*,23,12423,10,3220,13,9203
D4:F5:47:82:0E:C6,ALL,udp:53051,142.251.32.110*,20,12227,13,9203,7,3024
D4:F5:47:82:0E:C6,ALL,udp:53051,192.168.3.117*,20,12227,7,3024,13,9203
D4:F5:47:82:0E:C6,ALL,udp:42134,142.251.32.110*,22,12358,13,9203,9,3155
D4:F5:47:82:0E:C6,ALL,udp:42134,192.168.3.117*,22,12358,9,3155,13,9203
D4:F5:47:82:0E:C6,ALL,udp:55257,142.251.32.110*,23,12423,13,9203,10,3220
D4:F5:47:82:0E:C6,ALL,udp:55257,192.168.3.117*,23,12423,10,3220,13,9203
D4:F5:47:82:0E:C6,ALL,udp:45075,142.251.32.110*,27,12814,17,9595,10,3219
D4:F5:47:82:0E:C6,ALL,udp:45075,192.168.3.117*,27,12814,10,3219,17,9595
D4:F5:47:82:0E:C6,ALL,udp:44737,142.251.32.110*,17,10547,9,7033,8,3514
D4:F5:47:82:0E:C6,ALL,udp:44737,192.168.3.117*,17,10547,8,3514,9,7033
D4:F5:47:82:0E:C6,ALL,udp:33663,142.251.32.110*,17,11042,10,7200,7,3842
D4:F5:47:82:0E:C6,ALL,udp:33663,192.168.3.117*,17,11042,7,3842,10,7200
D4:F5:47:82:0E:C6,ALL,udp:48737,142.251.32.110*,23,12421,13,9202,10,3219
D4:F5:47:82:0E:C6,ALL,udp:48737,192.168.3.117*,23,12421,10,3219,13,9202
D4:F5:47:82:0E:C6,ALL,udp:41392,172.217.165.142*,25,12669,15,9450,10,3219
D4:F5:47:82:0E:C6,ALL,udp:41392,192.168.3.117*,25,12669,10,3219,15,9450
D4:F5:47:82:0E:C6,ALL,udp:33792,172.217.165.142*,17,10547,9,7033,8,3514
D4:F5:47:82:0E:C6,ALL,udp:33792,192.168.3.117*,17,10547,8,3514,9,7033
D4:F5:47:82:0E:C6,ALL,udp:52934,142.251.32.110*,492,561574,90,12341,402,549233
D4:F5:47:82:0E:C6,ALL,udp:52934,192.168.3.117*,492,561574,402,549233,90,12341
D4:F5:47:82:0E:C6,ALL,udp:49102,172.217.165.142*,19,10789,11,7275,8,3514
D4:F5:47:82:0E:C6,ALL,udp:49102,192.168.3.117*,19,10789,8,3514,11,7275
D4:F5:47:82:0E:C6,ALL,udp:47601,142.251.32.110*,28,11452,16,7658,12,3794
D4:F5:47:82:0E:C6,ALL,udp:47601,192.168.3.117*,28,11452,12,3794,16,7658
D4:F5:47:82:0E:C6,ALL,udp:46140,142.251.32.110*,20,10870,12,7356,8,3514
D4:F5:47:82:0E:C6,ALL,udp:46140,192.168.3.117*,20,10870,8,3514,12,7356
D4:F5:47:82:0E:C6,ALL,udp:44157,142.251.32.110*,20,12225,13,9201,7,3024
D4:F5:47:82:0E:C6,ALL,udp:44157,192.168.3.117*,20,12225,7,3024,13,9201
D4:F5:47:82:0E:C6,ALL,udp:34751,142.251.32.110*,20,10872,12,7358,8,3514
D4:F5:47:82:0E:C6,ALL,udp:34751,192.168.3.117*,20,10872,8,3514,12,7358
D4:F5:47:82:0E:C6,ALL,udp:54203,142.251.32.110*,23,12423,13,9204,10,3219
D4:F5:47:82:0E:C6,ALL,udp:54203,192.168.3.117*,23,12423,10,3219,13,9204
D4:F5:47:82:0E:C6,ALL,udp:60723,142.251.32.110*,23,12421,13,9202,10,3219
D4:F5:47:82:0E:C6,ALL,udp:60723,192.168.3.117*,23,12421,10,3219,13,9202
D4:F5:47:82:0E:C6,ALL,udp:46297,142.251.32.110*,20,10875,12,7361,8,3514
D4:F5:47:82:0E:C6,ALL,udp:46297,192.168.3.117*,20,10875,8,3514,12,7361
D4:F5:47:82:0E:C6,ALL,udp:50823,172.217.165.142*,20,10874,12,7360,8,3514
D4:F5:47:82:0E:C6,ALL,udp:50823,192.168.3.117*,20,10874,8,3514,12,7360
D4:F5:47:82:0E:C6,ALL,udp:49637,142.251.32.110*,24,12497,14,9278,10,3219
D4:F5:47:82:0E:C6,ALL,udp:49637,192.168.3.117*,24,12497,10,3219,14,9278
D4:F5:47:82:0E:C6,ALL,udp:53681,172.217.165.142*,19,10791,11,7278,8,3513
D4:F5:47:82:0E:C6,ALL,udp:53681,192.168.3.117*,19,10791,8,3513,11,7278
D4:F5:47:82:0E:C6,ALL,udp:44100,142.251.32.110*,20,10875,12,7361,8,3514
D4:F5:47:82:0E:C6,ALL,udp:44100,192.168.3.117*,20,10875,8,3514,12,7361
D4:F5:47:82:0E:C6,ALL,udp:41271,142.251.32.110*,495,561773,92,12513,403,549260
D4:F5:47:82:0E:C6,ALL,udp:41271,192.168.3.117*,495,561773,403,549260,92,12513
D4:F5:47:82:0E:C6,ALL,udp:41191,142.251.32.110*,23,12422,13,9203,10,3219
D4:F5:47:82:0E:C6,ALL,udp:41191,192.168.3.117*,23,12422,10,3219,13,9203
D4:F5:47:82:0E:C6,ALL,udp:40993,142.251.32.110*,20,10871,12,7357,8,3514
D4:F5:47:82:0E:C6,ALL,udp:40993,192.168.3.117*,20,10871,8,3514,12,7357
D4:F5:47:82:0E:C6,ALL,udp:38818,142.251.32.110*,19,10790,11,7276,8,3514
D4:F5:47:82:0E:C6,ALL,udp:38818,192.168.3.117*,19,10790,8,3514,11,7276
D4:F5:47:82:0E:C6,ALL,udp:55978,142.251.32.110*,23,12424,13,9205,10,3219
D4:F5:47:82:0E:C6,ALL,udp:55978,192.168.3.117*,23,12424,10,3219,13,9205
D4:F5:47:82:0E:C6,ALL,udp:49203,142.251.32.110*,19,10791,11,7277,8,3514
D4:F5:47:82:0E:C6,ALL,udp:49203,192.168.3.117*,19,10791,8,3514,11,7277
D4:F5:47:82:0E:C6,ALL,udp:41479,142.251.32.110*,22,12356,13,9202,9,3154
D4:F5:47:82:0E:C6,ALL,udp:41479,192.168.3.117*,22,12356,9,3154,13,9202
D4:F5:47:82:0E:C6,ALL,udp:42302,142.251.32.110*,20,10874,12,7360,8,3514
D4:F5:47:82:0E:C6,ALL,udp:42302,192.168.3.117*,20,10874,8,3514,12,7360
D4:F5:47:82:0E:C6,ALL,udp:34370,142.251.32.110*,20,10875,12,7361,8,3514
D4:F5:47:82:0E:C6,ALL,udp:34370,192.168.3.117*,20,10875,8,3514,12,7361
D4:F5:47:82:0E:C6,ALL,udp:50583,172.217.165.142*,20,10872,12,7358,8,3514
D4:F5:47:82:0E:C6,ALL,udp:50583,192.168.3.117*,20,10872,8,3514,12,7358
D4:F5:47:82:0E:C6,ALL,udp:48278,172.217.165.142*,20,10868,12,7354,8,3514
D4:F5:47:82:0E:C6,ALL,udp:48278,192.168.3.117*,20,10868,8,3514,12,7354
D4:F5:47:82:0E:C6,ALL,udp:45444,172.217.165.142*,23,12421,13,9202,10,3219
D4:F5:47:82:0E:C6,ALL,udp:45444,192.168.3.117*,23,12421,10,3219,13,9202
D4:F5:47:82:0E:C6,ALL,udp:48541,142.251.32.110*,501,562271,99,13029,402,549242
D4:F5:47:82:0E:C6,ALL,udp:48541,192.168.3.117*,501,562271,402,549242,99,13029
D4:F5:47:82:0E:C6,ALL,udp:35313,142.251.32.110*,26,14060,15,9447,11,4613
D4:F5:47:82:0E:C6,ALL,udp:35313,192.168.3.117*,26,14060,11,4613,15,9447
D4:F5:47:82:0E:C6,ALL,udp:46145,172.217.165.142*,21,10932,12,7353,9,3579
D4:F5:47:82:0E:C6,ALL,udp:46145,192.168.3.117*,21,10932,9,3579,12,7353
D4:F5:47:82:0E:C6,ALL,udp:59478,142.251.32.110*,23,12423,13,9203,10,3220
D4:F5:47:82:0E:C6,ALL,udp:59478,192.168.3.117*,23,12423,10,3220,13,9203
D4:F5:47:82:0E:C6,ALL,udp:37891,142.251.32.110*,19,11183,11,7276,8,3907
D4:F5:47:82:0E:C6,ALL,udp:37891,192.168.3.117*,19,11183,8,3907,11,7276
D4:F5:47:82:0E:C6,ALL,udp:54377,172.217.165.142*,26,12741,16,9522,10,3219
D4:F5:47:82:0E:C6,ALL,udp:54377,192.168.3.117*,26,12741,10,3219,16,9522
D4:F5:47:82:0E:C6,ALL,udp:41060,142.251.32.110*,17,10547,9,7033,8,3514
D4:F5:47:82:0E:C6,ALL,udp:41060,192.168.3.117*,17,10547,8,3514,9,7033
D4:F5:47:82:0E:C6,ALL,udp:49118,142.251.32.110*,20,10874,12,7360,8,3514
D4:F5:47:82:0E:C6,ALL,udp:49118,192.168.3.117*,20,10874,8,3514,12,7360
D4:F5:47:82:0E:C6,ALL,udp:51417,142.251.32.110*,19,10788,11,7273,8,3515
D4:F5:47:82:0E:C6,ALL,udp:51417,192.168.3.117*,19,10788,8,3515,11,7273
D4:F5:47:82:0E:C6,ALL,udp:40602,142.251.32.110*,13,10526,5,3149,8,7377
D4:F5:47:82:0E:C6,ALL,udp:40602,192.168.3.117*,13,10526,8,7377,5,3149
D4:F5:47:82:0E:C6,ALL,udp:35931,142.251.32.110*,23,12417,13,9198,10,3219
D4:F5:47:82:0E:C6,ALL,udp:35931,192.168.3.117*,23,12417,10,3219,13,9198
D4:F5:47:82:0E:C6,ALL,udp:33430,172.217.165.142*,7,5478,3,2859,4,2619
D4:F5:47:82:0E:C6,ALL,udp:33430,192.168.3.117*,7,5478,4,2619,3,2859
D4:F5:47:82:0E:C6,ALL,udp:37176,142.251.32.110*,23,12417,13,9198,10,3219
D4:F5:47:82:0E:C6,ALL,udp:37176,192.168.3.117*,23,12417,10,3219,13,9198
D4:F5:47:82:0E:C6,ALL,udp:38797,142.251.32.110*,23,12418,13,9198,10,3220
D4:F5:47:82:0E:C6,ALL,udp:38797,192.168.3.117*,23,12418,10,3220,13,9198
D4:F5:47:82:0E:C6,ALL,udp:44081,172.217.165.142*,23,12417,13,9198,10,3219
D4:F5:47:82:0E:C6,ALL,udp:44081,192.168.3.117*,23,12417,10,3219,13,9198
D4:F5:47:82:0E:C6,ALL,udp:46418,142.251.32.110*,22,11013,13,7435,9,3578
D4:F5:47:82:0E:C6,ALL,udp:46418,192.168.3.117*,22,11013,9,3578,13,7435
D4:F5:47:82:0E:C6,ALL,udp:40715,172.217.165.142*,20,12223,13,9199,7,3024
D4:F5:47:82:0E:C6,ALL,udp:40715,192.168.3.117*,20,12223,7,3024,13,9199
D4:F5:47:82:0E:C6,ALL,udp:39243,172.217.165.142*,22,12353,13,9198,9,3155
D4:F5:47:82:0E:C6,ALL,udp:39243,192.168.3.117*,22,12353,9,3155,13,9198
D4:F5:47:82:0E:C6,ALL,udp:56059,172.217.165.142*,19,10792,11,7278,8,3514
D4:F5:47:82:0E:C6,ALL,udp:56059,192.168.3.117*,19,10792,8,3514,11,7278
D4:F5:47:82:0E:C6,ALL,udp:50591,142.251.32.110*,19,10792,11,7278,8,3514
D4:F5:47:82:0E:C6,ALL,udp:50591,192.168.3.117*,19,10792,8,3514,11,7278
D4:F5:47:82:0E:C6,ALL,udp:49295,142.251.32.110*,20,10874,12,7360,8,3514
D4:F5:47:82:0E:C6,ALL,udp:49295,192.168.3.117*,20,10874,8,3514,12,7360
D4:F5:47:82:0E:C6,ALL,udp:44217,142.251.32.110*,19,10785,11,7271,8,3514
D4:F5:47:82:0E:C6,ALL,udp:44217,192.168.3.117*,19,10785,8,3514,11,7271
D4:F5:47:82:0E:C6,ALL,udp:41416,142.251.32.110*,24,12580,14,8930,10,3650
D4:F5:47:82:0E:C6,ALL,udp:41416,192.168.3.117*,24,12580,10,3650,14,8930
D4:F5:47:82:0E:C6,ALL,udp:40558,142.251.32.110*,491,561500,92,12490,399,549010
D4:F5:47:82:0E:C6,ALL,udp:40558,192.168.3.117*,491,561500,399,549010,92,12490
D4:F5:47:82:0E:C6,ALL,udp:46823,172.217.165.142*,26,12745,16,9526,10,3219
D4:F5:47:82:0E:C6,ALL,udp:46823,192.168.3.117*,26,12745,10,3219,16,9526
D4:F5:47:82:0E:C6,ALL,udp:58503,142.251.32.110*,16,10482,9,7033,7,3449
D4:F5:47:82:0E:C6,ALL,udp:58503,192.168.3.117*,16,10482,7,3449,9,7033
D4:F5:47:82:0E:C6,ALL,udp:34952,172.217.165.142*,24,12497,14,9278,10,3219
D4:F5:47:82:0E:C6,ALL,udp:34952,192.168.3.117*,24,12497,10,3219,14,9278
D4:F5:47:82:0E:C6,ALL,udp:49052,142.251.32.110*,19,10790,11,7276,8,3514
D4:F5:47:82:0E:C6,ALL,udp:49052,192.168.3.117*,19,10790,8,3514,11,7276
D4:F5:47:82:0E:C6,ALL,udp:43469,172.217.165.142*,19,10790,11,7276,8,3514
D4:F5:47:82:0E:C6,ALL,udp:43469,192.168.3.117*,19,10790,8,3514,11,7276
D4:F5:47:82:0E:C6,ALL,udp:57285,142.251.32.110*,17,10547,9,7033,8,3514
D4:F5:47:82:0E:C6,ALL,udp:57285,192.168.3.117*,17,10547,8,3514,9,7033
D4:F5:47:82:0E:C6,ALL,udp:45900,142.251.32.110*,20,10869,12,7355,8,3514
D4:F5:47:82:0E:C6,ALL,udp:45900,192.168.3.117*,20,10869,8,3514,12,7355
D4:F5:47:82:0E:C6,ALL,udp:38722,172.217.165.142*,22,12359,13,9204,9,3155
D4:F5:47:82:0E:C6,ALL,udp:38722,192.168.3.117*,22,12359,9,3155,13,9204
D4:F5:47:82:0E:C6,ALL,udp:33826,142.251.32.110*,19,10793,11,7278,8,3515
D4:F5:47:82:0E:C6,ALL,udp:33826,192.168.3.117*,19,10793,8,3515,11,7278
D4:F5:47:82:0E:C6,ALL,udp:37841,172.217.165.142*,20,10875,12,7361,8,3514
D4:F5:47:82:0E:C6,ALL,udp:37841,192.168.3.117*,20,10875,8,3514,12,7361
D4:F5:47:82:0E:C6,ALL,udp:38641,142.251.32.110*,493,561613,89,12266,404,549347
D4:F5:47:82:0E:C6,ALL,udp:38641,192.168.3.117*,493,561613,404,549347,89,12266
D4:F5:47:82:0E:C6,ALL,udp:52186,142.251.32.110*,20,10870,12,7356,8,3514
D4:F5:47:82:0E:C6,ALL,udp:52186,192.168.3.117*,20,10870,8,3514,12,7356
D4:F5:47:82:0E:C6,ALL,udp:36256,142.251.32.110*,23,12429,13,9210,10,3219
D4:F5:47:82:0E:C6,ALL,udp:36256,192.168.3.117*,23,12429,10,3219,13,9210
D4:F5:47:82:0E:C6,ALL,udp:44953,142.251.32.110*,20,10872,12,7358,8,3514
D4:F5:47:82:0E:C6,ALL,udp:44953,192.168.3.117*,20,10872,8,3514,12,7358
D4:F5:47:82:0E:C6,ALL,udp:54600,142.251.32.110*,19,10790,11,7276,8,3514
D4:F5:47:82:0E:C6,ALL,udp:54600,192.168.3.117*,19,10790,8,3514,11,7276
D4:F5:47:82:0E:C6,ALL,udp:42797,142.251.32.110*,23,12428,13,9209,10,3219
D4:F5:47:82:0E:C6,ALL,udp:42797,192.168.3.117*,23,12428,10,3219,13,9209
D4:F5:47:82:0E:C6,ALL,udp:53762,172.217.165.142*,20,10870,12,7356,8,3514
D4:F5:47:82:0E:C6,ALL,udp:53762,192.168.3.117*,20,10870,8,3514,12,7356
D4:F5:47:82:0E:C6,ALL,udp:42711,142.251.32.110*,18,10624,10,7109,8,3515
D4:F5:47:82:0E:C6,ALL,udp:42711,192.168.3.117*,18,10624,8,3515,10,7109
D4:F5:47:82:0E:C6,ALL,udp:46215,172.217.165.142*,14,6665,7,3403,7,3262
D4:F5:47:82:0E:C6,ALL,udp:46215,192.168.3.117*,14,6665,7,3262,7,3403
D4:F5:47:82:0E:C6,ALL,udp:37032,142.251.32.110*,23,12423,13,9204,10,3219
D4:F5:47:82:0E:C6,ALL,udp:37032,192.168.3.117*,23,12423,10,3219,13,9204
D4:F5:47:82:0E:C6,ALL,udp:38511,172.217.165.142*,23,12422,13,9203,10,3219
D4:F5:47:82:0E:C6,ALL,udp:38511,192.168.3.117*,23,12422,10,3219,13,9203
D4:F5:47:82:0E:C6,ALL,udp:60539,172.217.165.142*,494,561696,90,12344,404,549352
D4:F5:47:82:0E:C6,ALL,udp:60539,192.168.3.117*,494,561696,404,549352,90,12344
D4:F5:47:82:0E:C6,ALL,udp:34369,142.251.32.110*,23,12424,13,9205,10,3219
D4:F5:47:82:0E:C6,ALL,udp:34369,192.168.3.117*,23,12424,10,3219,13,9205
D4:F5:47:82:0E:C6,ALL,udp:60498,172.217.165.142*,23,11116,13,7471,10,3645
D4:F5:47:82:0E:C6,ALL,udp:60498,192.168.3.117*,23,11116,10,3645,13,7471
