MAC,WAN/LAN,Protocol,IP,TotalPackets,TotalBytes,TxPackets,TxBytes,RxPackets,RxBytes
EC:B5:FA:99:AC:15,ALL,ip,192.168.3.1,1292,150182,646,51380,646,98802
EC:B5:FA:99:AC:15,ALL,ip,192.168.3.105,7924,1596380,5024,1354578,2900,241802
EC:B5:FA:99:AC:15,ALL,ip,192.168.3.120,220826,46634355,130643,39117054,90183,7517301
EC:B5:FA:99:AC:15,ALL,ip,239.255.255.250,48180,16911180,48180,16911180,0,0
EC:B5:FA:99:AC:15,ALL,tcp,192.168.3.105,5800,878468,2900,636666,2900,241802
EC:B5:FA:99:AC:15,ALL,tcp,192.168.3.120,180188,32898711,90005,25381410,90183,7517301
EC:B5:FA:99:AC:15,ALL,udp,192.168.3.1,1292,150182,646,51380,646,98802
EC:B5:FA:99:AC:15,ALL,udp,192.168.3.105,2124,717912,2124,717912,0,0
EC:B5:FA:99:AC:15,ALL,udp,192.168.3.120,40638,13735644,40638,13735644,0,0
EC:B5:FA:99:AC:15,ALL,udp,239.255.255.250,48180,16911180,48180,16911180,0,0
EC:B5:FA:99:AC:15,ALL,http,192.168.3.105,1160,139722,580,34800,580,104922
EC:B5:FA:99:AC:15,ALL,http,192.168.3.120,36002,4338241,18001,1080060,18001,3258181
EC:B5:FA:99:AC:15,ALL,ssdp,192.168.3.105,2124,717912,2124,717912,0,0
EC:B5:FA:99:AC:15,ALL,ssdp,192.168.3.120,40638,13735644,40638,13735644,0,0
EC:B5:FA:99:AC:15,ALL,ssdp,239.255.255.250,48180,16911180,48180,16911180,0,0
EC:B5:FA:99:AC:15,ALL,udp:53,192.168.3.1*,1292,150182,646,51380,646,98802
EC:B5:FA:99:AC:15,ALL,udp:53,192.168.3.114*,1292,150182,646,98802,646,51380
EC:B5:FA:99:AC:15,ALL,udp:38251,192.168.3.1*,4,376,2,172,2,204
EC:B5:FA:99:AC:15,ALL,udp:38251,192.168.3.114*,4,376,2,204,2,172
EC:B5:FA:99:AC:15,ALL,udp:42894,192.168.3.1*,4,460,2,162,2,298
EC:B5:FA:99:AC:15,ALL,udp:42894,192.168.3.114*,4,460,2,298,2,162
EC:B5:FA:99:AC:15,ALL,udp:37809,192.168.3.1*,4,464,2,157,2,307
EC:B5:FA:99:AC:15,ALL,udp:37809,192.168.3.114*,4,464,2,307,2,157
EC:B5:FA:99:AC:15,ALL,udp:35462,192.168.3.1*,4,478,2,152,2,326
EC:B5:FA:99:AC:15,ALL,udp:35462,192.168.3.114*,4,478,2,326,2,152
EC:B5:FA:99:AC:15,ALL,udp:35320,192.168.3.1*,2,239,1,76,1,163
EC:B5:FA:99:AC:15,ALL,udp:35320,192.168.3.114*,2,239,1,163,1,76
EC:B5:FA:99:AC:15,ALL,udp:41091,192.168.3.1*,2,272,1,76,1,196
EC:B5:FA:99:AC:15,ALL,udp:41091,192.168.3.114*,2,272,1,196,1,76
EC:B5:FA:99:AC:15,ALL,udp:59643,192.168.3.1*,2,188,1,86,1,102
EC:B5:FA:99:AC:15,ALL,udp:59643,192.168.3.114*,2,188,1,102,1,86
EC:B5:FA:99:AC:15,ALL,udp:42637,192.168.3.1*,2,247,1,86,1,161
EC:B5:FA:99:AC:15,ALL,udp:42637,192.168.3.114*,2,247,1,161,1,86
EC:B5:FA:99:AC:15,ALL,udp:47701,192.168.3.1,2,239,1,76,1,163
EC:B5:FA:99:AC:15,ALL,udp:47701,192.168.3.120,12,4056,12,4056,0,0
EC:B5:FA:99:AC:15,ALL,udp:55268,192.168.3.1*,2,272,1,76,1,196
EC:B5:FA:99:AC:15,ALL,udp:55268,192.168.3.114*,2,272,1,196,1,76
EC:B5:FA:99:AC:15,ALL,udp:59250,192.168.3.1*,2,188,1,86,1,102
EC:B5:FA:99:AC:15,ALL,udp:59250,192.168.3.114*,2,188,1,102,1,86
EC:B5:FA:99:AC:15,ALL,udp:46277,192.168.3.1*,2,247,1,86,1,161
EC:B5:FA:99:AC:15,ALL,udp:46277,192.168.3.114*,2,247,1,161,1,86
EC:B5:FA:99:AC:15,ALL,udp:35154,192.168.3.1*,2,239,1,76,1,163
EC:B5:FA:99:AC:15,ALL,udp:35154,192.168.3.114*,2,239,1,163,1,76
EC:B5:FA:99:AC:15,ALL,udp:37591,192.168.3.1*,2,272,1,76,1,196
EC:B5:FA:99:AC:15,ALL,udp:37591,192.168.3.114*,2,272,1,196,1,76
EC:B5:FA:99:AC:15,ALL,udp:53581,192.168.3.1*,2,188,1,86,1,102
EC:B5:FA:99:AC:15,ALL,udp:53581,192.168.3.114*,2,188,1,102,1,86
EC:B5:FA:99:AC:15,ALL,udp:58681,192.168.3.1*,2,247,1,86,1,161
EC:B5:FA:99:AC:15,ALL,udp:58681,192.168.3.114*,2,247,1,161,1,86
EC:B5:FA:99:AC:15,ALL,udp:42036,192.168.3.1*,2,239,1,76,1,163
EC:B5:FA:99:AC:15,ALL,udp:42036,192.168.3.114*,2,239,1,163,1,76
EC:B5:FA:99:AC:15,ALL,udp:38369,192.168.3.1,2,272,1,76,1,196
EC:B5:FA:99:AC:15,ALL,udp:38369,192.168.3.120,6,2028,6,2028,0,0
EC:B5:FA:99:AC:15,ALL,udp:57728,192.168.3.1*,2,239,1,76,1,163
EC:B5:FA:99:AC:15,ALL,udp:57728,192.168.3.114*,2,239,1,163,1,76
EC:B5:FA:99:AC:15,ALL,udp:42805,192.168.3.1*,2,188,1,86,1,102
EC:B5:FA:99:AC:15,ALL,udp:42805,192.168.3.114*,2,188,1,102,1,86
EC:B5:FA:99:AC:15,ALL,udp:36525,192.168.3.1*,2,247,1,86,1,161
EC:B5:FA:99:AC:15,ALL,udp:36525,192.168.3.114*,2,247,1,161,1,86
EC:B5:FA:99:AC:15,ALL,udp:40684,192.168.3.1*,2,166,1,75,1,91
EC:B5:FA:99:AC:15,ALL,udp:40684,192.168.3.114*,2,166,1,91,1,75
EC:B5:FA:99:AC:15,ALL,udp:43252,192.168.3.1*,2,223,1,75,1,148
EC:B5:FA:99:AC:15,ALL,udp:43252,192.168.3.114*,2,223,1,148,1,75
EC:B5:FA:99:AC:15,ALL,udp:41612,192.168.3.1,2,166,1,75,1,91
EC:B5:FA:99:AC:15,ALL,udp:41612,192.168.3.120,6,2028,6,2028,0,0
EC:B5:FA:99:AC:15,ALL,udp:47983,192.168.3.1*,2,166,1,75,1,91
EC:B5:FA:99:AC:15,ALL,udp:47983,192.168.3.114*,2,166,1,91,1,75
EC:B5:FA:99:AC:15,ALL,udp:56494,192.168.3.1*,2,223,1,75,1,148
EC:B5:FA:99:AC:15,ALL,udp:56494,192.168.3.114*,2,223,1,148,1,75
EC:B5:FA:99:AC:15,ALL,udp:46087,192.168.3.1*,2,239,1,76,1,163
EC:B5:FA:99:AC:15,ALL,udp:46087,192.168.3.114*,2,239,1,163,1,76
EC:B5:FA:99:AC:15,ALL,udp:51090,192.168.3.1,2,272,1,76,1,196
EC:B5:FA:99:AC:15,ALL,udp:51090,192.168.3.120,6,2028,6,2028,0,0
EC:B5:FA:99:AC:15,ALL,udp:34360,192.168.3.1*,2,188,1,86,1,102
EC:B5:FA:99:AC:15,ALL,udp:34360,192.168.3.114*,2,188,1,102,1,86
EC:B5:FA:99:AC:15,ALL,udp:55778,192.168.3.1*,2,247,1,86,1,161
EC:B5:FA:99:AC:15,ALL,udp:55778,192.168.3.114*,2,247,1,161,1,86
EC:B5:FA:99:AC:15,ALL,udp:51298,192.168.3.1*,2,166,1,75,1,91
EC:B5:FA:99:AC:15,ALL,udp:51298,192.168.3.114*,2,166,1,91,1,75
EC:B5:FA:99:AC:15,ALL,udp:59949,192.168.3.1*,2,223,1,75,1,148
EC:B5:FA:99:AC:15,ALL,udp:59949,192.168.3.114*,2,223,1,148,1,75
EC:B5:FA:99:AC:15,ALL,udp:52550,192.168.3.1*,2,239,1,76,1,163
EC:B5:FA:99:AC:15,ALL,udp:52550,192.168.3.114*,2,239,1,163,1,76
EC:B5:FA:99:AC:15,ALL,udp:60223,192.168.3.1*,2,272,1,76,1,196
EC:B5:FA:99:AC:15,ALL,udp:60223,192.168.3.114*,2,272,1,196,1,76
EC:B5:FA:99:AC:15,ALL,udp:49469,192.168.3.1*,2,188,1,86,1,102
EC:B5:FA:99:AC:15,ALL,udp:49469,192.168.3.114*,2,188,1,102,1,86
EC:B5:FA:99:AC:15,ALL,udp:53293,192.168.3.1*,2,247,1,86,1,161
EC:B5:FA:99:AC:15,ALL,udp:53293,192.168.3.114*,2,247,1,161,1,86
EC:B5:FA:99:AC:15,ALL,udp:45876,192.168.3.1*,2,239,1,76,1,163
EC:B5:FA:99:AC:15,ALL,udp:45876,192.168.3.114*,2,239,1,163,1,76
EC:B5:FA:99:AC:15,ALL,udp:53402,192.168.3.1*,2,272,1,76,1,196
EC:B5:FA:99:AC:15,ALL,udp:53402,192.168.3.114*,2,272,1,196,1,76
EC:B5:FA:99:AC:15,ALL,udp:48551,192.168.3.1,2,239,1,76,1,163
EC:B5:FA:99:AC:15,ALL,udp:48551,192.168.3.120,6,2028,6,2028,0,0
EC:B5:FA:99:AC:15,ALL,udp:56119,192.168.3.1*,2,272,1,76,1,196
EC:B5:FA:99:AC:15,ALL,udp:56119,192.168.3.114*,2,272,1,196,1,76
EC:B5:FA:99:AC:15,ALL,udp:56128,192.168.3.1*,2,247,1,86,1,161
EC:B5:FA:99:AC:15,ALL,udp:56128,192.168.3.114*,2,247,1,161,1,86
EC:B5:FA:99:AC:15,ALL,udp:58434,192.168.3.1*,2,239,1,76,1,163
EC:B5:FA:99:AC:15,ALL,udp:58434,192.168.3.114*,2,239,1,163,1,76
EC:B5:FA:99:AC:15,ALL,udp:49495,192.168.3.1*,2,272,1,76,1,196
EC:B5:FA:99:AC:15,ALL,udp:49495,192.168.3.114*,2,272,1,196,1,76
EC:B5:FA:99:AC:15,ALL,udp:44297,192.168.3.1,2,239,1,76,1,163
EC:B5:FA:99:AC:15,ALL,udp:44297,192.168.3.120,6,2028,6,2028,0,0
EC:B5:FA:99:AC:15,ALL,udp:38460,192.168.3.1*,2,272,1,76,1,196
EC:B5:FA:99:AC:15,ALL,udp:38460,192.168.3.114*,2,272,1,196,1,76
EC:B5:FA:99:AC:15,ALL,udp:34767,192.168.3.1*,2,188,1,86,1,102
EC:B5:FA:99:AC:15,ALL,udp:34767,192.168.3.114*,2,188,1,102,1,86
EC:B5:FA:99:AC:15,ALL,udp:36282,192.168.3.1*,2,247,1,86,1,161
EC:B5:FA:99:AC:15,ALL,udp:36282,192.168.3.114*,2,247,1,161,1,86
EC:B5:FA:99:AC:15,ALL,udp:52725,192.168.3.1*,2,239,1,76,1,163
EC:B5:FA:99:AC:15,ALL,udp:52725,192.168.3.114*,2,239,1,163,1,76
EC:B5:FA:99:AC:15,ALL,udp:49654,192.168.3.1,2,272,1,76,1,196
EC:B5:FA:99:AC:15,ALL,udp:49654,192.168.3.120,12,4056,12,4056,0,0
EC:B5:FA:99:AC:15,ALL,udp:44302,192.168.3.1*,2,239,1,76,1,163
EC:B5:FA:99:AC:15,ALL,udp:44302,192.168.3.114*,2,239,1,163,1,76
EC:B5:FA:99:AC:15,ALL,udp:54906,192.168.3.1,2,272,1,76,1,196
EC:B5:FA:99:AC:15,ALL,udp:54906,192.168.3.120,6,2028,6,2028,0,0
EC:B5:FA:99:AC:15,ALL,udp:46108,192.168.3.1*,2,188,1,86,1,102
EC:B5:FA:99:AC:15,ALL,udp:46108,192.168.3.114*,2,188,1,102,1,86
EC:B5:FA:99:AC:15,ALL,udp:58764,192.168.3.1*,2,247,1,86,1,161
EC:B5:FA:99:AC:15,ALL,udp:58764,192.168.3.114*,2,247,1,161,1,86
EC:B5:FA:99:AC:15,ALL,udp:51810,192.168.3.1*,2,239,1,76,1,163
EC:B5:FA:99:AC:15,ALL,udp:51810,192.168.3.114*,2,239,1,163,1,76
EC:B5:FA:99:AC:15,ALL,udp:54600,192.168.3.1,2,272,1,76,1,196
EC:B5:FA:99:AC:15,ALL,udp:54600,192.168.3.120,6,2028,6,2028,0,0
EC:B5:FA:99:AC:15,ALL,udp:36398,192.168.3.1*,2,188,1,86,1,102
EC:B5:FA:99:AC:15,ALL,udp:36398,192.168.3.114*,2,188,1,102,1,86
EC:B5:FA:99:AC:15,ALL,udp:34296,192.168.3.1*,2,247,1,86,1,161
EC:B5:FA:99:AC:15,ALL,udp:34296,192.168.3.114*,2,247,1,161,1,86
EC:B5:FA:99:AC:15,ALL,udp:48854,192.168.3.1*,2,239,1,76,1,163
EC:B5:FA:99:AC:15,ALL,udp:48854,192.168.3.114*,2,239,1,163,1,76
EC:B5:FA:99:AC:15,ALL,udp:41006,192.168.3.1*,2,272,1,76,1,196
EC:B5:FA:99:AC:15,ALL,udp:41006,192.168.3.114*,2,272,1,196,1,76
EC:B5:FA:99:AC:15,ALL,udp:34309,192.168.3.1*,2,188,1,86,1,102
EC:B5:FA:99:AC:15,ALL,udp:34309,192.168.3.114*,2,188,1,102,1,86
EC:B5:FA:99:AC:15,ALL,udp:40616,192.168.3.1*,2,247,1,86,1,161
EC:B5:FA:99:AC:15,ALL,udp:40616,192.168.3.114*,2,247,1,161,1,86
EC:B5:FA:99:AC:15,ALL,udp:37433,192.168.3.1*,2,239,1,76,1,163
EC:B5:FA:99:AC:15,ALL,udp:37433,192.168.3.114*,2,239,1,163,1,76
EC:B5:FA:99:AC:15,ALL,udp:41360,192.168.3.1*,2,272,1,76,1,196
EC:B5:FA:99:AC:15,ALL,udp:41360,192.168.3.114*,2,272,1,196,1,76
EC:B5:FA:99:AC:15,ALL,udp:42646,192.168.3.1*,2,239,1,76,1,163
EC:B5:FA:99:AC:15,ALL,udp:42646,192.168.3.114*,2,239,1,163,1,76
EC:B5:FA:99:AC:15,ALL,udp:54201,192.168.3.1*,2,188,1,86,1,102
EC:B5:FA:99:AC:15,ALL,udp:54201,192.168.3.114*,2,188,1,102,1,86
EC:B5:FA:99:AC:15,ALL,udp:49327,192.168.3.1*,2,247,1,86,1,161
EC:B5:FA:99:AC:15,ALL,udp:49327,192.168.3.114*,2,247,1,161,1,86
EC:B5:FA:99:AC:15,ALL,udp:42157,192.168.3.1*,2,239,1,76,1,163
EC:B5:FA:99:AC:15,ALL,udp:42157,192.168.3.114*,2,239,1,163,1,76
EC:B5:FA:99:AC:15,ALL,udp:48675,192.168.3.1*,2,272,1,76,1,196
EC:B5:FA:99:AC:15,ALL,udp:48675,192.168.3.114*,2,272,1,196,1,76
EC:B5:FA:99:AC:15,ALL,udp:43847,192.168.3.1*,2,188,1,86,1,102
EC:B5:FA:99:AC:15,ALL,udp:43847,192.168.3.114*,2,188,1,102,1,86
EC:B5:FA:99:AC:15,ALL,udp:56098,192.168.3.1*,2,247,1,86,1,161
EC:B5:FA:99:AC:15,ALL,udp:56098,192.168.3.114*,2,247,1,161,1,86
EC:B5:FA:99:AC:15,ALL,udp:44171,192.168.3.1*,2,239,1,76,1,163
EC:B5:FA:99:AC:15,ALL,udp:44171,192.168.3.114*,2,239,1,163,1,76
EC:B5:FA:99:AC:15,ALL,udp:33578,192.168.3.1,2,272,1,76,1,196
EC:B5:FA:99:AC:15,ALL,udp:33578,192.168.3.120,6,2028,6,2028,0,0
EC:B5:FA:99:AC:15,ALL,udp:55298,192.168.3.1*,2,188,1,86,1,102
EC:B5:FA:99:AC:15,ALL,udp:55298,192.168.3.114*,2,188,1,102,1,86
EC:B5:FA:99:AC:15,ALL,udp:45830,192.168.3.1,2,247,1,86,1,161
EC:B5:FA:99:AC:15,ALL,udp:45830,192.168.3.120,6,2028,6,2028,0,0
EC:B5:FA:99:AC:15,ALL,udp:48384,192.168.3.1*,2,239,1,76,1,163
EC:B5:FA:99:AC:15,ALL,udp:48384,192.168.3.114*,2,239,1,163,1,76
EC:B5:FA:99:AC:15,ALL,udp:40031,192.168.3.1*,2,272,1,76,1,196
EC:B5:FA:99:AC:15,ALL,udp:40031,192.168.3.114*,2,272,1,196,1,76
EC:B5:FA:99:AC:15,ALL,udp:51334,192.168.3.1*,2,164,1,74,1,90
EC:B5:FA:99:AC:15,ALL,udp:51334,192.168.3.114*,2,164,1,90,1,74
EC:B5:FA:99:AC:15,ALL,udp:40275,192.168.3.1*,2,223,1,74,1,149
EC:B5:FA:99:AC:15,ALL,udp:40275,192.168.3.114*,2,223,1,149,1,74
EC:B5:FA:99:AC:15,ALL,udp:46509,192.168.3.1*,2,239,1,76,1,163
EC:B5:FA:99:AC:15,ALL,udp:46509,192.168.3.114*,2,239,1,163,1,76
EC:B5:FA:99:AC:15,ALL,udp:53103,192.168.3.1*,2,272,1,76,1,196
EC:B5:FA:99:AC:15,ALL,udp:53103,192.168.3.114*,2,272,1,196,1,76
EC:B5:FA:99:AC:15,ALL,udp:50095,192.168.3.1*,2,188,1,86,1,102
EC:B5:FA:99:AC:15,ALL,udp:50095,192.168.3.114*,2,188,1,102,1,86
EC:B5:FA:99:AC:15,ALL,udp:55347,192.168.3.1*,2,247,1,86,1,161
EC:B5:FA:99:AC:15,ALL,udp:55347,192.168.3.114*,2,247,1,161,1,86
EC:B5:FA:99:AC:15,ALL,udp:47750,192.168.3.1*,2,239,1,76,1,163
EC:B5:FA:99:AC:15,ALL,udp:47750,192.168.3.114*,2,239,1,163,1,76
EC:B5:FA:99:AC:15,ALL,udp:51291,192.168.3.1,2,272,1,76,1,196
EC:B5:FA:99:AC:15,ALL,udp:51291,192.168.3.120,6,2028,6,2028,0,0
EC:B5:FA:99:AC:15,ALL,udp:46278,192.168.3.1,2,188,1,86,1,102
EC:B5:FA:99:AC:15,ALL,udp:46278,192.168.3.120,6,2028,6,2028,0,0
EC:B5:FA:99:AC:15,ALL,udp:60662,192.168.3.1*,2,247,1,86,1,161
EC:B5:FA:99:AC:15,ALL,udp:60662,192.168.3.114*,2,247,1,161,1,86
EC:B5:FA:99:AC:15,ALL,udp:58847,192.168.3.1*,2,239,1,76,1,163
EC:B5:FA:99:AC:15,ALL,udp:58847,192.168.3.114*,2,239,1,163,1,76
EC:B5:FA:99:AC:15,ALL,udp:33763,192.168.3.1*,2,272,1,76,1,196
EC:B5:FA:99:AC:15,ALL,udp:33763,192.168.3.114*,2,272,1,196,1,76
EC:B5:FA:99:AC:15,ALL,udp:57469,192.168.3.1*,2,188,1,86,1,102
EC:B5:FA:99:AC:15,ALL,udp:57469,192.168.3.114*,2,188,1,102,1,86
EC:B5:FA:99:AC:15,ALL,udp:32895,192.168.3.1*,2,247,1,86,1,161
EC:B5:FA:99:AC:15,ALL,udp:32895,192.168.3.114*,2,247,1,161,1,86
EC:B5:FA:99:AC:15,ALL,udp:38510,192.168.3.1*,2,239,1,76,1,163
EC:B5:FA:99:AC:15,ALL,udp:38510,192.168.3.114*,2,239,1,163,1,76
EC:B5:FA:99:AC:15,ALL,udp:35551,192.168.3.1*,2,272,1,76,1,196
EC:B5:FA:99:AC:15,ALL,udp:35551,192.168.3.114*,2,272,1,196,1,76
EC:B5:FA:99:AC:15,ALL,udp:56268,192.168.3.1*,2,188,1,86,1,102
EC:B5:FA:99:AC:15,ALL,udp:56268,192.168.3.114*,2,188,1,102,1,86
EC:B5:FA:99:AC:15,ALL,udp:43824,192.168.3.1*,2,247,1,86,1,161
EC:B5:FA:99:AC:15,ALL,udp:43824,192.168.3.114*,2,247,1,161,1,86
EC:B5:FA:99:AC:15,ALL,udp:42724,192.168.3.1,2,239,1,76,1,163
EC:B5:FA:99:AC:15,ALL,udp:42724,192.168.3.120,6,2028,6,2028,0,0
EC:B5:FA:99:AC:15,ALL,udp:40040,192.168.3.1*,2,272,1,76,1,196
EC:B5:FA:99:AC:15,ALL,udp:40040,192.168.3.114*,2,272,1,196,1,76
EC:B5:FA:99:AC:15,ALL,udp:38489,192.168.3.1*,2,188,1,86,1,102
EC:B5:FA:99:AC:15,ALL,udp:38489,192.168.3.114*,2,188,1,102,1,86
EC:B5:FA:99:AC:15,ALL,udp:35440,192.168.3.1*,2,247,1,86,1,161
EC:B5:FA:99:AC:15,ALL,udp:35440,192.168.3.114*,2,247,1,161,1,86
EC:B5:FA:99:AC:15,ALL,udp:53702,192.168.3.1*,2,232,1,76,1,156
EC:B5:FA:99:AC:15,ALL,udp:53702,192.168.3.114*,2,232,1,156,1,76
EC:B5:FA:99:AC:15,ALL,udp:35271,192.168.3.1*,2,265,1,76,1,189
EC:B5:FA:99:AC:15,ALL,udp:35271,192.168.3.114*,2,265,1,189,1,76
EC:B5:FA:99:AC:15,ALL,udp:48608,192.168.3.1*,2,239,1,76,1,163
EC:B5:FA:99:AC:15,ALL,udp:48608,192.168.3.114*,2,239,1,163,1,76
EC:B5:FA:99:AC:15,ALL,udp:60481,192.168.3.1*,2,272,1,76,1,196
EC:B5:FA:99:AC:15,ALL,udp:60481,192.168.3.114*,2,272,1,196,1,76
EC:B5:FA:99:AC:15,ALL,udp:37402,192.168.3.1*,2,164,1,74,1,90
EC:B5:FA:99:AC:15,ALL,udp:37402,192.168.3.114*,2,164,1,90,1,74
EC:B5:FA:99:AC:15,ALL,udp:38382,192.168.3.1*,2,223,1,74,1,149
EC:B5:FA:99:AC:15,ALL,udp:38382,192.168.3.114*,2,223,1,149,1,74
EC:B5:FA:99:AC:15,ALL,udp:45211,192.168.3.1*,2,182,1,83,1,99
EC:B5:FA:99:AC:15,ALL,udp:45211,192.168.3.114*,2,182,1,99,1,83
EC:B5:FA:99:AC:15,ALL,udp:38878,192.168.3.1,2,241,1,83,1,158
EC:B5:FA:99:AC:15,ALL,udp:38878,192.168.3.120,6,2028,6,2028,0,0
EC:B5:FA:99:AC:15,ALL,udp:36578,192.168.3.1*,2,239,1,76,1,163
EC:B5:FA:99:AC:15,ALL,udp:36578,192.168.3.114*,2,239,1,163,1,76
EC:B5:FA:99:AC:15,ALL,udp:57127,192.168.3.1,2,272,1,76,1,196
EC:B5:FA:99:AC:15,ALL,udp:57127,192.168.3.120,6,2028,6,2028,0,0
EC:B5:FA:99:AC:15,ALL,udp:52570,192.168.3.1,2,239,1,76,1,163
EC:B5:FA:99:AC:15,ALL,udp:52570,192.168.3.120,6,2028,6,2028,0,0
EC:B5:FA:99:AC:15,ALL,udp:57792,192.168.3.1,2,188,1,86,1,102
EC:B5:FA:99:AC:15,ALL,udp:57792,192.168.3.120,6,2028,6,2028,0,0
EC:B5:FA:99:AC:15,ALL,udp:42781,192.168.3.1*,2,247,1,86,1,161
EC:B5:FA:99:AC:15,ALL,udp:42781,192.168.3.114*,2,247,1,161,1,86
EC:B5:FA:99:AC:15,ALL,udp:59537,192.168.3.1*,2,239,1,76,1,163
EC:B5:FA:99:AC:15,ALL,udp:59537,192.168.3.114*,2,239,1,163,1,76
EC:B5:FA:99:AC:15,ALL,udp:48580,192.168.3.1*,2,272,1,76,1,196
EC:B5:FA:99:AC:15,ALL,udp:48580,192.168.3.114*,2,272,1,196,1,76
EC:B5:FA:99:AC:15,ALL,udp:52872,192.168.3.1*,2,188,1,86,1,102
EC:B5:FA:99:AC:15,ALL,udp:52872,192.168.3.114*,2,188,1,102,1,86
EC:B5:FA:99:AC:15,ALL,udp:54037,192.168.3.1*,2,247,1,86,1,161
EC:B5:FA:99:AC:15,ALL,udp:54037,192.168.3.114*,2,247,1,161,1,86
EC:B5:FA:99:AC:15,ALL,udp:48102,192.168.3.1*,2,239,1,76,1,163
EC:B5:FA:99:AC:15,ALL,udp:48102,192.168.3.114*,2,239,1,163,1,76
EC:B5:FA:99:AC:15,ALL,udp:48626,192.168.3.1*,2,272,1,76,1,196
EC:B5:FA:99:AC:15,ALL,udp:48626,192.168.3.114*,2,272,1,196,1,76
EC:B5:FA:99:AC:15,ALL,udp:45646,192.168.3.1*,2,239,1,76,1,163
EC:B5:FA:99:AC:15,ALL,udp:45646,192.168.3.114*,2,239,1,163,1,76
EC:B5:FA:99:AC:15,ALL,udp:37180,192.168.3.1*,2,272,1,76,1,196
EC:B5:FA:99:AC:15,ALL,udp:37180,192.168.3.114*,2,272,1,196,1,76
EC:B5:FA:99:AC:15,ALL,udp:56439,192.168.3.1,2,188,1,86,1,102
EC:B5:FA:99:AC:15,ALL,udp:56439,192.168.3.120,6,2028,6,2028,0,0
EC:B5:FA:99:AC:15,ALL,udp:48289,192.168.3.1*,2,247,1,86,1,161
EC:B5:FA:99:AC:15,ALL,udp:48289,192.168.3.114*,2,247,1,161,1,86
EC:B5:FA:99:AC:15,ALL,udp:40312,192.168.3.1,2,239,1,76,1,163
EC:B5:FA:99:AC:15,ALL,udp:40312,192.168.3.120,18,6084,18,6084,0,0
EC:B5:FA:99:AC:15,ALL,udp:47257,192.168.3.1,2,272,1,76,1,196
EC:B5:FA:99:AC:15,ALL,udp:47257,192.168.3.120,6,2028,6,2028,0,0
EC:B5:FA:99:AC:15,ALL,udp:48417,192.168.3.1*,2,188,1,86,1,102
EC:B5:FA:99:AC:15,ALL,udp:48417,192.168.3.114*,2,188,1,102,1,86
EC:B5:FA:99:AC:15,ALL,udp:59703,192.168.3.1,2,247,1,86,1,161
EC:B5:FA:99:AC:15,ALL,udp:59703,192.168.3.120,6,2028,6,2028,0,0
EC:B5:FA:99:AC:15,ALL,udp:32902,192.168.3.1*,2,239,1,76,1,163
EC:B5:FA:99:AC:15,ALL,udp:32902,192.168.3.114*,2,239,1,163,1,76
EC:B5:FA:99:AC:15,ALL,udp:58430,192.168.3.1*,2,272,1,76,1,196
EC:B5:FA:99:AC:15,ALL,udp:58430,192.168.3.114*,2,272,1,196,1,76
EC:B5:FA:99:AC:15,ALL,udp:40524,192.168.3.1*,2,188,1,86,1,102
EC:B5:FA:99:AC:15,ALL,udp:40524,192.168.3.114*,2,188,1,102,1,86
EC:B5:FA:99:AC:15,ALL,udp:34143,192.168.3.1*,2,247,1,86,1,161
EC:B5:FA:99:AC:15,ALL,udp:34143,192.168.3.114*,2,247,1,161,1,86
EC:B5:FA:99:AC:15,ALL,udp:32878,192.168.3.1,2,239,1,76,1,163
EC:B5:FA:99:AC:15,ALL,udp:32878,192.168.3.120,6,2028,6,2028,0,0
EC:B5:FA:99:AC:15,ALL,udp:37150,192.168.3.1*,2,272,1,76,1,196
EC:B5:FA:99:AC:15,ALL,udp:37150,192.168.3.114*,2,272,1,196,1,76
EC:B5:FA:99:AC:15,ALL,udp:40982,192.168.3.1,2,188,1,86,1,102
EC:B5:FA:99:AC:15,ALL,udp:40982,192.168.3.120,6,2028,6,2028,0,0
EC:B5:FA:99:AC:15,ALL,udp:44612,192.168.3.1*,2,247,1,86,1,161
EC:B5:FA:99:AC:15,ALL,udp:44612,192.168.3.114*,2,247,1,161,1,86
EC:B5:FA:99:AC:15,ALL,udp:42426,192.168.3.1*,2,239,1,76,1,163
EC:B5:FA:99:AC:15,ALL,udp:42426,192.168.3.114*,2,239,1,163,1,76
EC:B5:FA:99:AC:15,ALL,udp:43746,192.168.3.1*,2,272,1,76,1,196
EC:B5:FA:99:AC:15,ALL,udp:43746,192.168.3.114*,2,272,1,196,1,76
EC:B5:FA:99:AC:15,ALL,udp:42553,192.168.3.1*,2,188,1,86,1,102
EC:B5:FA:99:AC:15,ALL,udp:42553,192.168.3.114*,2,188,1,102,1,86
EC:B5:FA:99:AC:15,ALL,udp:51949,192.168.3.1*,2,247,1,86,1,161
EC:B5:FA:99:AC:15,ALL,udp:51949,192.168.3.114*,2,247,1,161,1,86
EC:B5:FA:99:AC:15,ALL,udp:44878,192.168.3.1*,2,239,1,76,1,163
EC:B5:FA:99:AC:15,ALL,udp:44878,192.168.3.114*,2,239,1,163,1,76
EC:B5:FA:99:AC:15,ALL,udp:35397,192.168.3.1*,2,272,1,76,1,196
EC:B5:FA:99:AC:15,ALL,udp:35397,192.168.3.114*,2,272,1,196,1,76
EC:B5:FA:99:AC:15,ALL,udp:40529,192.168.3.1*,2,188,1,86,1,102
EC:B5:FA:99:AC:15,ALL,udp:40529,192.168.3.114*,2,188,1,102,1,86
EC:B5:FA:99:AC:15,ALL,udp:59832,192.168.3.1*,2,247,1,86,1,161
EC:B5:FA:99:AC:15,ALL,udp:59832,192.168.3.114*,2,247,1,161,1,86
EC:B5:FA:99:AC:15,ALL,udp:50957,192.168.3.1*,2,239,1,76,1,163
EC:B5:FA:99:AC:15,ALL,udp:50957,192.168.3.114*,2,239,1,163,1,76
EC:B5:FA:99:AC:15,ALL,udp:54484,192.168.3.1*,2,272,1,76,1,196
EC:B5:FA:99:AC:15,ALL,udp:54484,192.168.3.114*,2,272,1,196,1,76
EC:B5:FA:99:AC:15,ALL,udp:54275,192.168.3.1*,2,239,1,76,1,163
EC:B5:FA:99:AC:15,ALL,udp:54275,192.168.3.114*,2,239,1,163,1,76
EC:B5:FA:99:AC:15,ALL,udp:60478,192.168.3.1,2,188,1,86,1,102
EC:B5:FA:99:AC:15,ALL,udp:60478,192.168.3.120,6,2028,6,2028,0,0
EC:B5:FA:99:AC:15,ALL,udp:43382,192.168.3.1,2,247,1,86,1,161
EC:B5:FA:99:AC:15,ALL,udp:43382,192.168.3.120,6,2028,6,2028,0,0
EC:B5:FA:99:AC:15,ALL,udp:47230,192.168.3.1*,2,239,1,76,1,163
EC:B5:FA:99:AC:15,ALL,udp:47230,192.168.3.114*,2,239,1,163,1,76
EC:B5:FA:99:AC:15,ALL,udp:44832,192.168.3.1*,2,272,1,76,1,196
EC:B5:FA:99:AC:15,ALL,udp:44832,192.168.3.114*,2,272,1,196,1,76
EC:B5:FA:99:AC:15,ALL,udp:54596,192.168.3.1,2,188,1,86,1,102
EC:B5:FA:99:AC:15,ALL,udp:54596,192.168.3.120,6,2028,6,2028,0,0
EC:B5:FA:99:AC:15,ALL,udp:48372,192.168.3.1,2,247,1,86,1,161
EC:B5:FA:99:AC:15,ALL,udp:48372,192.168.3.120,12,4056,12,4056,0,0
EC:B5:FA:99:AC:15,ALL,udp:48994,192.168.3.1*,2,239,1,76,1,163
EC:B5:FA:99:AC:15,ALL,udp:48994,192.168.3.114*,2,239,1,163,1,76
EC:B5:FA:99:AC:15,ALL,udp:40084,192.168.3.1*,2,272,1,76,1,196
EC:B5:FA:99:AC:15,ALL,udp:40084,192.168.3.114*,2,272,1,196,1,76
EC:B5:FA:99:AC:15,ALL,udp:42663,192.168.3.1*,2,247,1,86,1,161
EC:B5:FA:99:AC:15,ALL,udp:42663,192.168.3.114*,2,247,1,161,1,86
EC:B5:FA:99:AC:15,ALL,udp:50913,192.168.3.1*,2,166,1,75,1,91
EC:B5:FA:99:AC:15,ALL,udp:50913,192.168.3.114*,2,166,1,91,1,75
EC:B5:FA:99:AC:15,ALL,udp:60966,192.168.3.1*,2,223,1,75,1,148
EC:B5:FA:99:AC:15,ALL,udp:60966,192.168.3.114*,2,223,1,148,1,75
EC:B5:FA:99:AC:15,ALL,udp:44307,192.168.3.1*,2,166,1,75,1,91
EC:B5:FA:99:AC:15,ALL,udp:44307,192.168.3.114*,2,166,1,91,1,75
EC:B5:FA:99:AC:15,ALL,udp:57967,192.168.3.1*,2,223,1,75,1,148
EC:B5:FA:99:AC:15,ALL,udp:57967,192.168.3.114*,2,223,1,148,1,75
EC:B5:FA:99:AC:15,ALL,udp:33830,192.168.3.1*,2,166,1,75,1,91
EC:B5:FA:99:AC:15,ALL,udp:33830,192.168.3.114*,2,166,1,91,1,75
EC:B5:FA:99:AC:15,ALL,udp:59181,192.168.3.1,2,239,1,76,1,163
EC:B5:FA:99:AC:15,ALL,udp:59181,192.168.3.120,12,4056,12,4056,0,0
EC:B5:FA:99:AC:15,ALL,udp:59369,192.168.3.1,2,272,1,76,1,196
EC:B5:FA:99:AC:15,ALL,udp:59369,192.168.3.120,6,2028,6,2028,0,0
EC:B5:FA:99:AC:15,ALL,udp:36982,192.168.3.1*,2,166,1,75,1,91
EC:B5:FA:99:AC:15,ALL,udp:36982,192.168.3.114*,2,166,1,91,1,75
EC:B5:FA:99:AC:15,ALL,udp:34858,192.168.3.1,2,223,1,75,1,148
EC:B5:FA:99:AC:15,ALL,udp:34858,192.168.3.120,6,2028,6,2028,0,0
EC:B5:FA:99:AC:15,ALL,udp:52163,192.168.3.1*,2,239,1,76,1,163
EC:B5:FA:99:AC:15,ALL,udp:52163,192.168.3.114*,2,239,1,163,1,76
EC:B5:FA:99:AC:15,ALL,udp:33310,192.168.3.1*,2,272,1,76,1,196
EC:B5:FA:99:AC:15,ALL,udp:33310,192.168.3.114*,2,272,1,196,1,76
EC:B5:FA:99:AC:15,ALL,udp:40490,192.168.3.1*,2,188,1,86,1,102
EC:B5:FA:99:AC:15,ALL,udp:40490,192.168.3.114*,2,188,1,102,1,86
EC:B5:FA:99:AC:15,ALL,udp:59279,192.168.3.1*,2,247,1,86,1,161
EC:B5:FA:99:AC:15,ALL,udp:59279,192.168.3.114*,2,247,1,161,1,86
EC:B5:FA:99:AC:15,ALL,udp:42914,192.168.3.1*,2,239,1,76,1,163
EC:B5:FA:99:AC:15,ALL,udp:42914,192.168.3.114*,2,239,1,163,1,76
EC:B5:FA:99:AC:15,ALL,udp:33939,192.168.3.1*,2,272,1,76,1,196
EC:B5:FA:99:AC:15,ALL,udp:33939,192.168.3.114*,2,272,1,196,1,76
EC:B5:FA:99:AC:15,ALL,udp:54803,192.168.3.1*,2,239,1,76,1,163
EC:B5:FA:99:AC:15,ALL,udp:54803,192.168.3.114*,2,239,1,163,1,76
EC:B5:FA:99:AC:15,ALL,udp:48688,192.168.3.1*,2,272,1,76,1,196
EC:B5:FA:99:AC:15,ALL,udp:48688,192.168.3.114*,2,272,1,196,1,76
EC:B5:FA:99:AC:15,ALL,udp:48118,192.168.3.1*,2,188,1,86,1,102
EC:B5:FA:99:AC:15,ALL,udp:48118,192.168.3.114*,2,188,1,102,1,86
EC:B5:FA:99:AC:15,ALL,udp:51476,192.168.3.1*,2,247,1,86,1,161
EC:B5:FA:99:AC:15,ALL,udp:51476,192.168.3.114*,2,247,1,161,1,86
EC:B5:FA:99:AC:15,ALL,udp:33210,192.168.3.1*,2,239,1,76,1,163
EC:B5:FA:99:AC:15,ALL,udp:33210,192.168.3.114*,2,239,1,163,1,76
EC:B5:FA:99:AC:15,ALL,udp:45533,192.168.3.1*,2,272,1,76,1,196
EC:B5:FA:99:AC:15,ALL,udp:45533,192.168.3.114*,2,272,1,196,1,76
EC:B5:FA:99:AC:15,ALL,udp:54605,192.168.3.1*,2,239,1,76,1,163
EC:B5:FA:99:AC:15,ALL,udp:54605,192.168.3.114*,2,239,1,163,1,76
EC:B5:FA:99:AC:15,ALL,udp:54182,192.168.3.1*,2,272,1,76,1,196
EC:B5:FA:99:AC:15,ALL,udp:54182,192.168.3.114*,2,272,1,196,1,76
EC:B5:FA:99:AC:15,ALL,udp:33407,192.168.3.1*,2,188,1,86,1,102
EC:B5:FA:99:AC:15,ALL,udp:33407,192.168.3.114*,2,188,1,102,1,86
EC:B5:FA:99:AC:15,ALL,udp:33590,192.168.3.1*,2,247,1,86,1,161
EC:B5:FA:99:AC:15,ALL,udp:33590,192.168.3.114*,2,247,1,161,1,86
EC:B5:FA:99:AC:15,ALL,udp:37384,192.168.3.1*,2,239,1,76,1,163
EC:B5:FA:99:AC:15,ALL,udp:37384,192.168.3.114*,2,239,1,163,1,76
EC:B5:FA:99:AC:15,ALL,udp:43635,192.168.3.1*,2,272,1,76,1,196
EC:B5:FA:99:AC:15,ALL,udp:43635,192.168.3.114*,2,272,1,196,1,76
EC:B5:FA:99:AC:15,ALL,udp:44489,192.168.3.1*,2,188,1,86,1,102
EC:B5:FA:99:AC:15,ALL,udp:44489,192.168.3.114*,2,188,1,102,1,86
EC:B5:FA:99:AC:15,ALL,udp:34253,192.168.3.1*,2,247,1,86,1,161
EC:B5:FA:99:AC:15,ALL,udp:34253,192.168.3.114*,2,247,1,161,1,86
EC:B5:FA:99:AC:15,ALL,udp:55202,192.168.3.1,2,239,1,76,1,163
EC:B5:FA:99:AC:15,ALL,udp:55202,192.168.3.120,6,2028,6,2028,0,0
EC:B5:FA:99:AC:15,ALL,udp:46994,192.168.3.1*,2,272,1,76,1,196
EC:B5:FA:99:AC:15,ALL,udp:46994,192.168.3.114*,2,272,1,196,1,76
EC:B5:FA:99:AC:15,ALL,udp:57176,192.168.3.1*,2,188,1,86,1,102
EC:B5:FA:99:AC:15,ALL,udp:57176,192.168.3.114*,2,188,1,102,1,86
EC:B5:FA:99:AC:15,ALL,udp:50205,192.168.3.1*,2,247,1,86,1,161
EC:B5:FA:99:AC:15,ALL,udp:50205,192.168.3.114*,2,247,1,161,1,86
EC:B5:FA:99:AC:15,ALL,udp:36695,192.168.3.1*,2,239,1,76,1,163
EC:B5:FA:99:AC:15,ALL,udp:36695,192.168.3.114*,2,239,1,163,1,76
EC:B5:FA:99:AC:15,ALL,udp:42425,192.168.3.1*,2,272,1,76,1,196
EC:B5:FA:99:AC:15,ALL,udp:42425,192.168.3.114*,2,272,1,196,1,76
EC:B5:FA:99:AC:15,ALL,udp:56573,192.168.3.1*,2,188,1,86,1,102
EC:B5:FA:99:AC:15,ALL,udp:56573,192.168.3.114*,2,188,1,102,1,86
EC:B5:FA:99:AC:15,ALL,udp:59757,192.168.3.1*,2,247,1,86,1,161
EC:B5:FA:99:AC:15,ALL,udp:59757,192.168.3.114*,2,247,1,161,1,86
EC:B5:FA:99:AC:15,ALL,udp:48398,192.168.3.1,2,239,1,76,1,163
EC:B5:FA:99:AC:15,ALL,udp:48398,192.168.3.120,6,2028,6,2028,0,0
EC:B5:FA:99:AC:15,ALL,udp:41415,192.168.3.1*,2,272,1,76,1,196
EC:B5:FA:99:AC:15,ALL,udp:41415,192.168.3.114*,2,272,1,196,1,76
EC:B5:FA:99:AC:15,ALL,udp:45755,192.168.3.1*,2,188,1,86,1,102
EC:B5:FA:99:AC:15,ALL,udp:45755,192.168.3.114*,2,188,1,102,1,86
EC:B5:FA:99:AC:15,ALL,udp:41373,192.168.3.1*,2,247,1,86,1,161
EC:B5:FA:99:AC:15,ALL,udp:41373,192.168.3.114*,2,247,1,161,1,86
EC:B5:FA:99:AC:15,ALL,udp:34021,192.168.3.1,2,239,1,76,1,163
EC:B5:FA:99:AC:15,ALL,udp:34021,192.168.3.120,6,2028,6,2028,0,0
EC:B5:FA:99:AC:15,ALL,udp:40028,192.168.3.1*,2,272,1,76,1,196
EC:B5:FA:99:AC:15,ALL,udp:40028,192.168.3.114*,2,272,1,196,1,76
EC:B5:FA:99:AC:15,ALL,udp:37709,192.168.3.1*,2,188,1,86,1,102
EC:B5:FA:99:AC:15,ALL,udp:37709,192.168.3.114*,2,188,1,102,1,86
EC:B5:FA:99:AC:15,ALL,udp:46573,192.168.3.1*,2,247,1,86,1,161
EC:B5:FA:99:AC:15,ALL,udp:46573,192.168.3.114*,2,247,1,161,1,86
EC:B5:FA:99:AC:15,ALL,udp:37835,192.168.3.1*,2,239,1,76,1,163
EC:B5:FA:99:AC:15,ALL,udp:37835,192.168.3.114*,2,239,1,163,1,76
EC:B5:FA:99:AC:15,ALL,udp:54087,192.168.3.1*,2,272,1,76,1,196
EC:B5:FA:99:AC:15,ALL,udp:54087,192.168.3.114*,2,272,1,196,1,76
EC:B5:FA:99:AC:15,ALL,udp:58912,192.168.3.1,2,164,1,74,1,90
EC:B5:FA:99:AC:15,ALL,udp:58912,192.168.3.120,6,2028,6,2028,0,0
EC:B5:FA:99:AC:15,ALL,udp:43244,192.168.3.1*,2,223,1,74,1,149
EC:B5:FA:99:AC:15,ALL,udp:43244,192.168.3.114*,2,223,1,149,1,74
EC:B5:FA:99:AC:15,ALL,udp:33643,192.168.3.1*,2,239,1,76,1,163
EC:B5:FA:99:AC:15,ALL,udp:33643,192.168.3.114*,2,239,1,163,1,76
EC:B5:FA:99:AC:15,ALL,udp:42764,192.168.3.1*,2,272,1,76,1,196
EC:B5:FA:99:AC:15,ALL,udp:42764,192.168.3.114*,2,272,1,196,1,76
EC:B5:FA:99:AC:15,ALL,udp:51166,192.168.3.1*,2,188,1,86,1,102
EC:B5:FA:99:AC:15,ALL,udp:51166,192.168.3.114*,2,188,1,102,1,86
EC:B5:FA:99:AC:15,ALL,udp:57618,192.168.3.1*,2,247,1,86,1,161
EC:B5:FA:99:AC:15,ALL,udp:57618,192.168.3.114*,2,247,1,161,1,86
EC:B5:FA:99:AC:15,ALL,udp:45724,192.168.3.1*,2,239,1,76,1,163
EC:B5:FA:99:AC:15,ALL,udp:45724,192.168.3.114*,2,239,1,163,1,76
EC:B5:FA:99:AC:15,ALL,udp:47152,192.168.3.1*,2,272,1,76,1,196
EC:B5:FA:99:AC:15,ALL,udp:47152,192.168.3.114*,2,272,1,196,1,76
EC:B5:FA:99:AC:15,ALL,udp:39737,192.168.3.1*,2,188,1,86,1,102
EC:B5:FA:99:AC:15,ALL,udp:39737,192.168.3.114*,2,188,1,102,1,86
EC:B5:FA:99:AC:15,ALL,udp:40401,192.168.3.1*,2,247,1,86,1,161
EC:B5:FA:99:AC:15,ALL,udp:40401,192.168.3.114*,2,247,1,161,1,86
EC:B5:FA:99:AC:15,ALL,udp:43455,192.168.3.1*,2,239,1,76,1,163
EC:B5:FA:99:AC:15,ALL,udp:43455,192.168.3.114*,2,239,1,163,1,76
EC:B5:FA:99:AC:15,ALL,udp:58223,192.168.3.1*,2,272,1,76,1,196
EC:B5:FA:99:AC:15,ALL,udp:58223,192.168.3.114*,2,272,1,196,1,76
EC:B5:FA:99:AC:15,ALL,udp:36713,192.168.3.1*,2,188,1,86,1,102
EC:B5:FA:99:AC:15,ALL,udp:36713,192.168.3.114*,2,188,1,102,1,86
EC:B5:FA:99:AC:15,ALL,udp:33730,192.168.3.1,2,247,1,86,1,161
EC:B5:FA:99:AC:15,ALL,udp:33730,192.168.3.120,6,2028,6,2028,0,0
EC:B5:FA:99:AC:15,ALL,udp:38920,192.168.3.1*,2,239,1,76,1,163
EC:B5:FA:99:AC:15,ALL,udp:38920,192.168.3.114*,2,239,1,163,1,76
EC:B5:FA:99:AC:15,ALL,udp:47242,192.168.3.1*,2,272,1,76,1,196
EC:B5:FA:99:AC:15,ALL,udp:47242,192.168.3.114*,2,272,1,196,1,76
EC:B5:FA:99:AC:15,ALL,udp:50915,192.168.3.1*,2,188,1,86,1,102
EC:B5:FA:99:AC:15,ALL,udp:50915,192.168.3.114*,2,188,1,102,1,86
EC:B5:FA:99:AC:15,ALL,udp:45117,192.168.3.1*,2,247,1,86,1,161
EC:B5:FA:99:AC:15,ALL,udp:45117,192.168.3.114*,2,247,1,161,1,86
EC:B5:FA:99:AC:15,ALL,udp:38635,192.168.3.1*,2,239,1,76,1,163
EC:B5:FA:99:AC:15,ALL,udp:38635,192.168.3.114*,2,239,1,163,1,76
EC:B5:FA:99:AC:15,ALL,udp:47422,192.168.3.1*,2,272,1,76,1,196
EC:B5:FA:99:AC:15,ALL,udp:47422,192.168.3.114*,2,272,1,196,1,76
EC:B5:FA:99:AC:15,ALL,udp:44622,192.168.3.1*,2,188,1,86,1,102
EC:B5:FA:99:AC:15,ALL,udp:44622,192.168.3.114*,2,188,1,102,1,86
EC:B5:FA:99:AC:15,ALL,udp:50994,192.168.3.1,2,247,1,86,1,161
EC:B5:FA:99:AC:15,ALL,udp:50994,192.168.3.120,6,2028,6,2028,0,0
EC:B5:FA:99:AC:15,ALL,udp:51237,192.168.3.1*,2,232,1,76,1,156
EC:B5:FA:99:AC:15,ALL,udp:51237,192.168.3.114*,2,232,1,156,1,76
EC:B5:FA:99:AC:15,ALL,udp:56094,192.168.3.1*,2,265,1,76,1,189
EC:B5:FA:99:AC:15,ALL,udp:56094,192.168.3.114*,2,265,1,189,1,76
EC:B5:FA:99:AC:15,ALL,udp:41299,192.168.3.1*,2,239,1,76,1,163
EC:B5:FA:99:AC:15,ALL,udp:41299,192.168.3.114*,2,239,1,163,1,76
EC:B5:FA:99:AC:15,ALL,udp:32915,192.168.3.1,2,272,1,76,1,196
EC:B5:FA:99:AC:15,ALL,udp:32915,192.168.3.120,6,2028,6,2028,0,0
EC:B5:FA:99:AC:15,ALL,udp:56188,192.168.3.1,2,164,1,74,1,90
EC:B5:FA:99:AC:15,ALL,udp:56188,192.168.3.120,6,2028,6,2028,0,0
EC:B5:FA:99:AC:15,ALL,udp:36195,192.168.3.1*,2,223,1,74,1,149
EC:B5:FA:99:AC:15,ALL,udp:36195,192.168.3.114*,2,223,1,149,1,74
EC:B5:FA:99:AC:15,ALL,udp:35466,192.168.3.1*,2,182,1,83,1,99
EC:B5:FA:99:AC:15,ALL,udp:35466,192.168.3.114*,2,182,1,99,1,83
EC:B5:FA:99:AC:15,ALL,udp:47261,192.168.3.1*,2,239,1,76,1,163
EC:B5:FA:99:AC:15,ALL,udp:47261,192.168.3.114*,2,239,1,163,1,76
EC:B5:FA:99:AC:15,ALL,udp:34909,192.168.3.1*,2,272,1,76,1,196
EC:B5:FA:99:AC:15,ALL,udp:34909,192.168.3.114*,2,272,1,196,1,76
EC:B5:FA:99:AC:15,ALL,udp:33349,192.168.3.1*,2,239,1,76,1,163
EC:B5:FA:99:AC:15,ALL,udp:33349,192.168.3.114*,2,239,1,163,1,76
EC:B5:FA:99:AC:15,ALL,udp:43750,192.168.3.1*,2,272,1,76,1,196
EC:B5:FA:99:AC:15,ALL,udp:43750,192.168.3.114*,2,272,1,196,1,76
EC:B5:FA:99:AC:15,ALL,udp:50648,192.168.3.1*,2,188,1,86,1,102
EC:B5:FA:99:AC:15,ALL,udp:50648,192.168.3.114*,2,188,1,102,1,86
EC:B5:FA:99:AC:15,ALL,udp:46295,192.168.3.1*,2,247,1,86,1,161
EC:B5:FA:99:AC:15,ALL,udp:46295,192.168.3.114*,2,247,1,161,1,86
EC:B5:FA:99:AC:15,ALL,udp:48525,192.168.3.1*,2,239,1,76,1,163
EC:B5:FA:99:AC:15,ALL,udp:48525,192.168.3.114*,2,239,1,163,1,76
EC:B5:FA:99:AC:15,ALL,udp:49258,192.168.3.1,2,272,1,76,1,196
EC:B5:FA:99:AC:15,ALL,udp:49258,192.168.3.120,6,2028,6,2028,0,0
EC:B5:FA:99:AC:15,ALL,udp:50899,192.168.3.1,2,164,1,74,1,90
EC:B5:FA:99:AC:15,ALL,udp:50899,192.168.3.120,6,2028,6,2028,0,0
EC:B5:FA:99:AC:15,ALL,udp:39354,192.168.3.1*,2,223,1,74,1,149
EC:B5:FA:99:AC:15,ALL,udp:39354,192.168.3.114*,2,223,1,149,1,74
EC:B5:FA:99:AC:15,ALL,udp:43366,192.168.3.1*,2,239,1,76,1,163
EC:B5:FA:99:AC:15,ALL,udp:43366,192.168.3.114*,2,239,1,163,1,76
EC:B5:FA:99:AC:15,ALL,udp:36681,192.168.3.1*,2,272,1,76,1,196
EC:B5:FA:99:AC:15,ALL,udp:36681,192.168.3.114*,2,272,1,196,1,76
EC:B5:FA:99:AC:15,ALL,udp:48155,192.168.3.1,2,188,1,86,1,102
EC:B5:FA:99:AC:15,ALL,udp:48155,192.168.3.120,6,2028,6,2028,0,0
EC:B5:FA:99:AC:15,ALL,udp:49847,192.168.3.1*,2,247,1,86,1,161
EC:B5:FA:99:AC:15,ALL,udp:49847,192.168.3.114*,2,247,1,161,1,86
EC:B5:FA:99:AC:15,ALL,udp:55281,192.168.3.1*,2,239,1,76,1,163
EC:B5:FA:99:AC:15,ALL,udp:55281,192.168.3.114*,2,239,1,163,1,76
EC:B5:FA:99:AC:15,ALL,udp:57811,192.168.3.1*,2,272,1,76,1,196
EC:B5:FA:99:AC:15,ALL,udp:57811,192.168.3.114*,2,272,1,196,1,76
EC:B5:FA:99:AC:15,ALL,udp:46489,192.168.3.1*,2,239,1,76,1,163
EC:B5:FA:99:AC:15,ALL,udp:46489,192.168.3.114*,2,239,1,163,1,76
EC:B5:FA:99:AC:15,ALL,udp:45285,192.168.3.1*,2,272,1,76,1,196
EC:B5:FA:99:AC:15,ALL,udp:45285,192.168.3.114*,2,272,1,196,1,76
EC:B5:FA:99:AC:15,ALL,udp:54219,192.168.3.1*,2,188,1,86,1,102
EC:B5:FA:99:AC:15,ALL,udp:54219,192.168.3.114*,2,188,1,102,1,86
EC:B5:FA:99:AC:15,ALL,udp:52054,192.168.3.1*,2,247,1,86,1,161
EC:B5:FA:99:AC:15,ALL,udp:52054,192.168.3.114*,2,247,1,161,1,86
EC:B5:FA:99:AC:15,ALL,udp:58456,192.168.3.1*,2,239,1,76,1,163
EC:B5:FA:99:AC:15,ALL,udp:58456,192.168.3.114*,2,239,1,163,1,76
EC:B5:FA:99:AC:15,ALL,udp:34214,192.168.3.1*,2,272,1,76,1,196
EC:B5:FA:99:AC:15,ALL,udp:34214,192.168.3.114*,2,272,1,196,1,76
EC:B5:FA:99:AC:15,ALL,udp:44230,192.168.3.1*,2,188,1,86,1,102
EC:B5:FA:99:AC:15,ALL,udp:44230,192.168.3.114*,2,188,1,102,1,86
EC:B5:FA:99:AC:15,ALL,udp:53897,192.168.3.1*,2,247,1,86,1,161
EC:B5:FA:99:AC:15,ALL,udp:53897,192.168.3.114*,2,247,1,161,1,86
EC:B5:FA:99:AC:15,ALL,udp:59061,192.168.3.1*,2,239,1,76,1,163
EC:B5:FA:99:AC:15,ALL,udp:59061,192.168.3.114*,2,239,1,163,1,76
EC:B5:FA:99:AC:15,ALL,udp:39455,192.168.3.1*,2,272,1,76,1,196
EC:B5:FA:99:AC:15,ALL,udp:39455,192.168.3.114*,2,272,1,196,1,76
EC:B5:FA:99:AC:15,ALL,udp:53643,192.168.3.1*,2,188,1,86,1,102
EC:B5:FA:99:AC:15,ALL,udp:53643,192.168.3.114*,2,188,1,102,1,86
EC:B5:FA:99:AC:15,ALL,udp:44067,192.168.3.1*,2,247,1,86,1,161
EC:B5:FA:99:AC:15,ALL,udp:44067,192.168.3.114*,2,247,1,161,1,86
EC:B5:FA:99:AC:15,ALL,udp:33268,192.168.3.1*,2,239,1,76,1,163
EC:B5:FA:99:AC:15,ALL,udp:33268,192.168.3.114*,2,239,1,163,1,76
EC:B5:FA:99:AC:15,ALL,udp:33713,192.168.3.1*,2,272,1,76,1,196
EC:B5:FA:99:AC:15,ALL,udp:33713,192.168.3.114*,2,272,1,196,1,76
EC:B5:FA:99:AC:15,ALL,udp:52423,192.168.3.1*,2,188,1,86,1,102
EC:B5:FA:99:AC:15,ALL,udp:52423,192.168.3.114*,2,188,1,102,1,86
EC:B5:FA:99:AC:15,ALL,udp:32931,192.168.3.1*,2,247,1,86,1,161
EC:B5:FA:99:AC:15,ALL,udp:32931,192.168.3.114*,2,247,1,161,1,86
EC:B5:FA:99:AC:15,ALL,udp:36275,192.168.3.1*,2,239,1,76,1,163
EC:B5:FA:99:AC:15,ALL,udp:36275,192.168.3.114*,2,239,1,163,1,76
EC:B5:FA:99:AC:15,ALL,udp:45182,192.168.3.1*,2,272,1,76,1,196
EC:B5:FA:99:AC:15,ALL,udp:45182,192.168.3.114*,2,272,1,196,1,76
EC:B5:FA:99:AC:15,ALL,udp:40573,192.168.3.1*,2,188,1,86,1,102
EC:B5:FA:99:AC:15,ALL,udp:40573,192.168.3.114*,2,188,1,102,1,86
EC:B5:FA:99:AC:15,ALL,udp:33719,192.168.3.1*,2,247,1,86,1,161
EC:B5:FA:99:AC:15,ALL,udp:33719,192.168.3.114*,2,247,1,161,1,86
EC:B5:FA:99:AC:15,ALL,udp:59708,192.168.3.1*,2,239,1,76,1,163
EC:B5:FA:99:AC:15,ALL,udp:59708,192.168.3.114*,2,239,1,163,1,76
EC:B5:FA:99:AC:15,ALL,udp:54585,192.168.3.1*,2,272,1,76,1,196
EC:B5:FA:99:AC:15,ALL,udp:54585,192.168.3.114*,2,272,1,196,1,76
EC:B5:FA:99:AC:15,ALL,udp:51096,192.168.3.1*,2,188,1,86,1,102
EC:B5:FA:99:AC:15,ALL,udp:51096,192.168.3.114*,2,188,1,102,1,86
EC:B5:FA:99:AC:15,ALL,udp:40544,192.168.3.1*,2,247,1,86,1,161
EC:B5:FA:99:AC:15,ALL,udp:40544,192.168.3.114*,2,247,1,161,1,86
EC:B5:FA:99:AC:15,ALL,udp:49060,192.168.3.1*,2,239,1,76,1,163
EC:B5:FA:99:AC:15,ALL,udp:49060,192.168.3.114*,2,239,1,163,1,76
EC:B5:FA:99:AC:15,ALL,udp:55333,192.168.3.1*,2,272,1,76,1,196
EC:B5:FA:99:AC:15,ALL,udp:55333,192.168.3.114*,2,272,1,196,1,76
EC:B5:FA:99:AC:15,ALL,udp:52063,192.168.3.1,2,239,1,76,1,163
EC:B5:FA:99:AC:15,ALL,udp:52063,192.168.3.120,6,2028,6,2028,0,0
EC:B5:FA:99:AC:15,ALL,udp:35747,192.168.3.1*,2,188,1,86,1,102
EC:B5:FA:99:AC:15,ALL,udp:35747,192.168.3.114*,2,188,1,102,1,86
EC:B5:FA:99:AC:15,ALL,udp:56246,192.168.3.1*,2,247,1,86,1,161
EC:B5:FA:99:AC:15,ALL,udp:56246,192.168.3.114*,2,247,1,161,1,86
EC:B5:FA:99:AC:15,ALL,udp:41673,192.168.3.1*,2,239,1,76,1,163
EC:B5:FA:99:AC:15,ALL,udp:41673,192.168.3.114*,2,239,1,163,1,76
EC:B5:FA:99:AC:15,ALL,udp:50043,192.168.3.1,2,272,1,76,1,196
EC:B5:FA:99:AC:15,ALL,udp:50043,192.168.3.120,6,2028,6,2028,0,0
EC:B5:FA:99:AC:15,ALL,udp:40345,192.168.3.1*,2,188,1,86,1,102
EC:B5:FA:99:AC:15,ALL,udp:40345,192.168.3.114*,2,188,1,102,1,86
EC:B5:FA:99:AC:15,ALL,udp:33411,192.168.3.1*,2,247,1,86,1,161
EC:B5:FA:99:AC:15,ALL,udp:33411,192.168.3.114*,2,247,1,161,1,86
EC:B5:FA:99:AC:15,ALL,udp:43084,192.168.3.1*,2,239,1,76,1,163
EC:B5:FA:99:AC:15,ALL,udp:43084,192.168.3.114*,2,239,1,163,1,76
EC:B5:FA:99:AC:15,ALL,udp:37855,192.168.3.1*,2,188,1,86,1,102
EC:B5:FA:99:AC:15,ALL,udp:37855,192.168.3.114*,2,188,1,102,1,86
EC:B5:FA:99:AC:15,ALL,udp:46287,192.168.3.1*,2,247,1,86,1,161
EC:B5:FA:99:AC:15,ALL,udp:46287,192.168.3.114*,2,247,1,161,1,86
EC:B5:FA:99:AC:15,ALL,udp:40745,192.168.3.1*,2,239,1,76,1,163
EC:B5:FA:99:AC:15,ALL,udp:40745,192.168.3.114*,2,239,1,163,1,76
EC:B5:FA:99:AC:15,ALL,udp:38147,192.168.3.1*,2,272,1,76,1,196
EC:B5:FA:99:AC:15,ALL,udp:38147,192.168.3.114*,2,272,1,196,1,76
EC:B5:FA:99:AC:15,ALL,udp:39444,192.168.3.1*,2,239,1,76,1,163
EC:B5:FA:99:AC:15,ALL,udp:39444,192.168.3.114*,2,239,1,163,1,76
EC:B5:FA:99:AC:15,ALL,udp:60636,192.168.3.1*,2,272,1,76,1,196
EC:B5:FA:99:AC:15,ALL,udp:60636,192.168.3.114*,2,272,1,196,1,76
EC:B5:FA:99:AC:15,ALL,udp:44920,192.168.3.1*,2,188,1,86,1,102
EC:B5:FA:99:AC:15,ALL,udp:44920,192.168.3.114*,2,188,1,102,1,86
EC:B5:FA:99:AC:15,ALL,udp:46849,192.168.3.1*,2,247,1,86,1,161
EC:B5:FA:99:AC:15,ALL,udp:46849,192.168.3.114*,2,247,1,161,1,86
EC:B5:FA:99:AC:15,ALL,udp:56630,192.168.3.1*,2,239,1,76,1,163
EC:B5:FA:99:AC:15,ALL,udp:56630,192.168.3.114*,2,239,1,163,1,76
EC:B5:FA:99:AC:15,ALL,udp:56643,192.168.3.1*,2,272,1,76,1,196
EC:B5:FA:99:AC:15,ALL,udp:56643,192.168.3.114*,2,272,1,196,1,76
EC:B5:FA:99:AC:15,ALL,udp:46288,192.168.3.1*,2,239,1,76,1,163
EC:B5:FA:99:AC:15,ALL,udp:46288,192.168.3.114*,2,239,1,163,1,76
EC:B5:FA:99:AC:15,ALL,udp:45171,192.168.3.1,2,272,1,76,1,196
EC:B5:FA:99:AC:15,ALL,udp:45171,192.168.3.120,6,2028,6,2028,0,0
EC:B5:FA:99:AC:15,ALL,udp:39714,192.168.3.1,2,188,1,86,1,102
EC:B5:FA:99:AC:15,ALL,udp:39714,192.168.3.120,6,2028,6,2028,0,0
EC:B5:FA:99:AC:15,ALL,udp:60917,192.168.3.1,2,247,1,86,1,161
EC:B5:FA:99:AC:15,ALL,udp:60917,192.168.3.120,6,2028,6,2028,0,0
EC:B5:FA:99:AC:15,ALL,udp:60075,192.168.3.1*,2,239,1,76,1,163
EC:B5:FA:99:AC:15,ALL,udp:60075,192.168.3.114*,2,239,1,163,1,76
EC:B5:FA:99:AC:15,ALL,udp:54297,192.168.3.1*,2,272,1,76,1,196
EC:B5:FA:99:AC:15,ALL,udp:54297,192.168.3.114*,2,272,1,196,1,76
EC:B5:FA:99:AC:15,ALL,udp:51404,192.168.3.1*,2,239,1,76,1,163
EC:B5:FA:99:AC:15,ALL,udp:51404,192.168.3.114*,2,239,1,163,1,76
EC:B5:FA:99:AC:15,ALL,udp:56538,192.168.3.1*,2,272,1,76,1,196
EC:B5:FA:99:AC:15,ALL,udp:56538,192.168.3.114*,2,272,1,196,1,76
EC:B5:FA:99:AC:15,ALL,udp:55590,192.168.3.1*,2,188,1,86,1,102
EC:B5:FA:99:AC:15,ALL,udp:55590,192.168.3.114*,2,188,1,102,1,86
EC:B5:FA:99:AC:15,ALL,udp:57870,192.168.3.1,2,247,1,86,1,161
EC:B5:FA:99:AC:15,ALL,udp:57870,192.168.3.120,6,2028,6,2028,0,0
EC:B5:FA:99:AC:15,ALL,udp:44235,192.168.3.1*,2,239,1,76,1,163
EC:B5:FA:99:AC:15,ALL,udp:44235,192.168.3.114*,2,239,1,163,1,76
EC:B5:FA:99:AC:15,ALL,udp:59460,192.168.3.1*,2,272,1,76,1,196
EC:B5:FA:99:AC:15,ALL,udp:59460,192.168.3.114*,2,272,1,196,1,76
EC:B5:FA:99:AC:15,ALL,udp:60500,192.168.3.1*,2,188,1,86,1,102
EC:B5:FA:99:AC:15,ALL,udp:60500,192.168.3.114*,2,188,1,102,1,86
EC:B5:FA:99:AC:15,ALL,udp:43136,192.168.3.1*,2,247,1,86,1,161
EC:B5:FA:99:AC:15,ALL,udp:43136,192.168.3.114*,2,247,1,161,1,86
EC:B5:FA:99:AC:15,ALL,udp:42310,192.168.3.1*,2,239,1,76,1,163
EC:B5:FA:99:AC:15,ALL,udp:42310,192.168.3.114*,2,239,1,163,1,76
EC:B5:FA:99:AC:15,ALL,udp:38467,192.168.3.1*,2,272,1,76,1,196
EC:B5:FA:99:AC:15,ALL,udp:38467,192.168.3.114*,2,272,1,196,1,76
EC:B5:FA:99:AC:15,ALL,udp:34061,192.168.3.1*,2,188,1,86,1,102
EC:B5:FA:99:AC:15,ALL,udp:34061,192.168.3.114*,2,188,1,102,1,86
EC:B5:FA:99:AC:15,ALL,udp:54002,192.168.3.1*,2,247,1,86,1,161
EC:B5:FA:99:AC:15,ALL,udp:54002,192.168.3.114*,2,247,1,161,1,86
EC:B5:FA:99:AC:15,ALL,udp:42464,192.168.3.1*,2,239,1,76,1,163
EC:B5:FA:99:AC:15,ALL,udp:42464,192.168.3.114*,2,239,1,163,1,76
EC:B5:FA:99:AC:15,ALL,udp:37840,192.168.3.1*,2,272,1,76,1,196
EC:B5:FA:99:AC:15,ALL,udp:37840,192.168.3.114*,2,272,1,196,1,76
EC:B5:FA:99:AC:15,ALL,udp:46868,192.168.3.1*,2,188,1,86,1,102
EC:B5:FA:99:AC:15,ALL,udp:46868,192.168.3.114*,2,188,1,102,1,86
EC:B5:FA:99:AC:15,ALL,udp:56835,192.168.3.1,2,247,1,86,1,161
EC:B5:FA:99:AC:15,ALL,udp:56835,192.168.3.120,6,2028,6,2028,0,0
EC:B5:FA:99:AC:15,ALL,udp:42325,192.168.3.1,2,239,1,76,1,163
EC:B5:FA:99:AC:15,ALL,udp:42325,192.168.3.120,6,2028,6,2028,0,0
EC:B5:FA:99:AC:15,ALL,udp:48708,192.168.3.1*,2,272,1,76,1,196
EC:B5:FA:99:AC:15,ALL,udp:48708,192.168.3.114*,2,272,1,196,1,76
EC:B5:FA:99:AC:15,ALL,udp:47540,192.168.3.1*,2,188,1,86,1,102
EC:B5:FA:99:AC:15,ALL,udp:47540,192.168.3.114*,2,188,1,102,1,86
EC:B5:FA:99:AC:15,ALL,udp:38551,192.168.3.1*,2,247,1,86,1,161
EC:B5:FA:99:AC:15,ALL,udp:38551,192.168.3.114*,2,247,1,161,1,86
EC:B5:FA:99:AC:15,ALL,udp:49992,192.168.3.1*,2,239,1,76,1,163
EC:B5:FA:99:AC:15,ALL,udp:49992,192.168.3.114*,2,239,1,163,1,76
EC:B5:FA:99:AC:15,ALL,udp:46851,192.168.3.1*,2,272,1,76,1,196
EC:B5:FA:99:AC:15,ALL,udp:46851,192.168.3.114*,2,272,1,196,1,76
EC:B5:FA:99:AC:15,ALL,udp:41451,192.168.3.1,2,188,1,86,1,102
EC:B5:FA:99:AC:15,ALL,udp:41451,192.168.3.120,12,4056,12,4056,0,0
EC:B5:FA:99:AC:15,ALL,udp:49380,192.168.3.1*,2,247,1,86,1,161
EC:B5:FA:99:AC:15,ALL,udp:49380,192.168.3.114*,2,247,1,161,1,86
EC:B5:FA:99:AC:15,ALL,udp:51579,192.168.3.1*,2,239,1,76,1,163
EC:B5:FA:99:AC:15,ALL,udp:51579,192.168.3.114*,2,239,1,163,1,76
EC:B5:FA:99:AC:15,ALL,udp:47613,192.168.3.1,2,272,1,76,1,196
EC:B5:FA:99:AC:15,ALL,udp:47613,192.168.3.120,6,2028,6,2028,0,0
EC:B5:FA:99:AC:15,ALL,udp:44777,192.168.3.1*,2,188,1,86,1,102
EC:B5:FA:99:AC:15,ALL,udp:44777,192.168.3.114*,2,188,1,102,1,86
EC:B5:FA:99:AC:15,ALL,udp:53987,192.168.3.1*,2,247,1,86,1,161
EC:B5:FA:99:AC:15,ALL,udp:53987,192.168.3.114*,2,247,1,161,1,86
EC:B5:FA:99:AC:15,ALL,udp:57274,192.168.3.1*,2,239,1,76,1,163
EC:B5:FA:99:AC:15,ALL,udp:57274,192.168.3.114*,2,239,1,163,1,76
EC:B5:FA:99:AC:15,ALL,udp:40919,192.168.3.1*,2,272,1,76,1,196
EC:B5:FA:99:AC:15,ALL,udp:40919,192.168.3.114*,2,272,1,196,1,76
EC:B5:FA:99:AC:15,ALL,udp:42685,192.168.3.1,2,188,1,86,1,102
EC:B5:FA:99:AC:15,ALL,udp:42685,192.168.3.120,6,2028,6,2028,0,0
EC:B5:FA:99:AC:15,ALL,udp:47417,192.168.3.1*,2,247,1,86,1,161
EC:B5:FA:99:AC:15,ALL,udp:47417,192.168.3.114*,2,247,1,161,1,86
EC:B5:FA:99:AC:15,ALL,udp:43818,192.168.3.1*,2,239,1,76,1,163
EC:B5:FA:99:AC:15,ALL,udp:43818,192.168.3.114*,2,239,1,163,1,76
EC:B5:FA:99:AC:15,ALL,udp:55920,192.168.3.1*,2,272,1,76,1,196
EC:B5:FA:99:AC:15,ALL,udp:55920,192.168.3.114*,2,272,1,196,1,76
EC:B5:FA:99:AC:15,ALL,udp:40691,192.168.3.1,2,188,1,86,1,102
EC:B5:FA:99:AC:15,ALL,udp:40691,192.168.3.120,6,2028,6,2028,0,0
EC:B5:FA:99:AC:15,ALL,udp:39187,192.168.3.1*,2,247,1,86,1,161
EC:B5:FA:99:AC:15,ALL,udp:39187,192.168.3.114*,2,247,1,161,1,86
EC:B5:FA:99:AC:15,ALL,udp:59014,192.168.3.1*,2,239,1,76,1,163
EC:B5:FA:99:AC:15,ALL,udp:59014,192.168.3.114*,2,239,1,163,1,76
EC:B5:FA:99:AC:15,ALL,udp:55340,192.168.3.1*,2,272,1,76,1,196
EC:B5:FA:99:AC:15,ALL,udp:55340,192.168.3.114*,2,272,1,196,1,76
EC:B5:FA:99:AC:15,ALL,udp:58852,192.168.3.1*,2,188,1,86,1,102
EC:B5:FA:99:AC:15,ALL,udp:58852,192.168.3.114*,2,188,1,102,1,86
EC:B5:FA:99:AC:15,ALL,udp:51856,192.168.3.1*,2,247,1,86,1,161
EC:B5:FA:99:AC:15,ALL,udp:51856,192.168.3.114*,2,247,1,161,1,86
EC:B5:FA:99:AC:15,ALL,udp:38626,192.168.3.1*,2,239,1,76,1,163
EC:B5:FA:99:AC:15,ALL,udp:38626,192.168.3.114*,2,239,1,163,1,76
EC:B5:FA:99:AC:15,ALL,udp:58919,192.168.3.1*,2,272,1,76,1,196
EC:B5:FA:99:AC:15,ALL,udp:58919,192.168.3.114*,2,272,1,196,1,76
EC:B5:FA:99:AC:15,ALL,udp:44792,192.168.3.1*,2,188,1,86,1,102
EC:B5:FA:99:AC:15,ALL,udp:44792,192.168.3.114*,2,188,1,102,1,86
EC:B5:FA:99:AC:15,ALL,udp:56425,192.168.3.1*,2,247,1,86,1,161
EC:B5:FA:99:AC:15,ALL,udp:56425,192.168.3.114*,2,247,1,161,1,86
EC:B5:FA:99:AC:15,ALL,udp:51983,192.168.3.1*,2,232,1,76,1,156
EC:B5:FA:99:AC:15,ALL,udp:51983,192.168.3.114*,2,232,1,156,1,76
EC:B5:FA:99:AC:15,ALL,udp:42203,192.168.3.1,2,265,1,76,1,189
EC:B5:FA:99:AC:15,ALL,udp:42203,192.168.3.120,6,2028,6,2028,0,0
EC:B5:FA:99:AC:15,ALL,udp:44597,192.168.3.1*,2,239,1,76,1,163
EC:B5:FA:99:AC:15,ALL,udp:44597,192.168.3.114*,2,239,1,163,1,76
EC:B5:FA:99:AC:15,ALL,udp:41474,192.168.3.1*,2,272,1,76,1,196
EC:B5:FA:99:AC:15,ALL,udp:41474,192.168.3.114*,2,272,1,196,1,76
EC:B5:FA:99:AC:15,ALL,udp:57709,192.168.3.1*,2,164,1,74,1,90
EC:B5:FA:99:AC:15,ALL,udp:57709,192.168.3.114*,2,164,1,90,1,74
EC:B5:FA:99:AC:15,ALL,udp:34922,192.168.3.1*,2,223,1,74,1,149
EC:B5:FA:99:AC:15,ALL,udp:34922,192.168.3.114*,2,223,1,149,1,74
EC:B5:FA:99:AC:15,ALL,udp:39227,192.168.3.1,2,182,1,83,1,99
EC:B5:FA:99:AC:15,ALL,udp:39227,192.168.3.120,6,2028,6,2028,0,0
EC:B5:FA:99:AC:15,ALL,udp:57320,192.168.3.1*,2,241,1,83,1,158
EC:B5:FA:99:AC:15,ALL,udp:57320,192.168.3.114*,2,241,1,158,1,83
EC:B5:FA:99:AC:15,ALL,udp:42561,192.168.3.1*,2,239,1,76,1,163
EC:B5:FA:99:AC:15,ALL,udp:42561,192.168.3.114*,2,239,1,163,1,76
EC:B5:FA:99:AC:15,ALL,udp:38449,192.168.3.1*,2,272,1,76,1,196
EC:B5:FA:99:AC:15,ALL,udp:38449,192.168.3.114*,2,272,1,196,1,76
EC:B5:FA:99:AC:15,ALL,udp:40046,192.168.3.1*,2,239,1,76,1,163
EC:B5:FA:99:AC:15,ALL,udp:40046,192.168.3.114*,2,239,1,163,1,76
EC:B5:FA:99:AC:15,ALL,udp:43804,192.168.3.1,2,272,1,76,1,196
EC:B5:FA:99:AC:15,ALL,udp:43804,192.168.3.120,6,2028,6,2028,0,0
EC:B5:FA:99:AC:15,ALL,udp:41537,192.168.3.1*,2,188,1,86,1,102
EC:B5:FA:99:AC:15,ALL,udp:41537,192.168.3.114*,2,188,1,102,1,86
EC:B5:FA:99:AC:15,ALL,udp:54174,192.168.3.1*,2,247,1,86,1,161
EC:B5:FA:99:AC:15,ALL,udp:54174,192.168.3.114*,2,247,1,161,1,86
EC:B5:FA:99:AC:15,ALL,udp:35681,192.168.3.1*,2,239,1,76,1,163
EC:B5:FA:99:AC:15,ALL,udp:35681,192.168.3.114*,2,239,1,163,1,76
EC:B5:FA:99:AC:15,ALL,udp:46516,192.168.3.1*,2,272,1,76,1,196
EC:B5:FA:99:AC:15,ALL,udp:46516,192.168.3.114*,2,272,1,196,1,76
EC:B5:FA:99:AC:15,ALL,udp:45041,192.168.3.1*,2,164,1,74,1,90
EC:B5:FA:99:AC:15,ALL,udp:45041,192.168.3.114*,2,164,1,90,1,74
EC:B5:FA:99:AC:15,ALL,udp:51419,192.168.3.1*,2,223,1,74,1,149
EC:B5:FA:99:AC:15,ALL,udp:51419,192.168.3.114*,2,223,1,149,1,74
EC:B5:FA:99:AC:15,ALL,udp:57742,192.168.3.1*,2,239,1,76,1,163
EC:B5:FA:99:AC:15,ALL,udp:57742,192.168.3.114*,2,239,1,163,1,76
EC:B5:FA:99:AC:15,ALL,udp:50430,192.168.3.1*,2,272,1,76,1,196
EC:B5:FA:99:AC:15,ALL,udp:50430,192.168.3.114*,2,272,1,196,1,76
EC:B5:FA:99:AC:15,ALL,udp:41455,192.168.3.1*,2,188,1,86,1,102
EC:B5:FA:99:AC:15,ALL,udp:41455,192.168.3.114*,2,188,1,102,1,86
EC:B5:FA:99:AC:15,ALL,udp:33920,192.168.3.1,2,247,1,86,1,161
EC:B5:FA:99:AC:15,ALL,udp:33920,192.168.3.120,6,2028,6,2028,0,0
EC:B5:FA:99:AC:15,ALL,udp:51654,192.168.3.1*,2,239,1,76,1,163
EC:B5:FA:99:AC:15,ALL,udp:51654,192.168.3.114*,2,239,1,163,1,76
EC:B5:FA:99:AC:15,ALL,udp:34662,192.168.3.1,2,272,1,76,1,196
EC:B5:FA:99:AC:15,ALL,udp:34662,192.168.3.120,6,2028,6,2028,0,0
EC:B5:FA:99:AC:15,ALL,udp:47896,192.168.3.1*,2,239,1,76,1,163
EC:B5:FA:99:AC:15,ALL,udp:47896,192.168.3.114*,2,239,1,163,1,76
EC:B5:FA:99:AC:15,ALL,udp:35104,192.168.3.1,2,272,1,76,1,196
EC:B5:FA:99:AC:15,ALL,udp:35104,192.168.3.120,6,2028,6,2028,0,0
EC:B5:FA:99:AC:15,ALL,udp:45118,192.168.3.1*,2,188,1,86,1,102
EC:B5:FA:99:AC:15,ALL,udp:45118,192.168.3.114*,2,188,1,102,1,86
EC:B5:FA:99:AC:15,ALL,udp:39394,192.168.3.1*,2,247,1,86,1,161
EC:B5:FA:99:AC:15,ALL,udp:39394,192.168.3.114*,2,247,1,161,1,86
EC:B5:FA:99:AC:15,ALL,udp:57827,192.168.3.1*,2,239,1,76,1,163
EC:B5:FA:99:AC:15,ALL,udp:57827,192.168.3.114*,2,239,1,163,1,76
EC:B5:FA:99:AC:15,ALL,udp:50240,192.168.3.1*,2,272,1,76,1,196
EC:B5:FA:99:AC:15,ALL,udp:50240,192.168.3.114*,2,272,1,196,1,76
EC:B5:FA:99:AC:15,ALL,udp:54251,192.168.3.1*,2,188,1,86,1,102
EC:B5:FA:99:AC:15,ALL,udp:54251,192.168.3.114*,2,188,1,102,1,86
EC:B5:FA:99:AC:15,ALL,udp:55944,192.168.3.1*,2,247,1,86,1,161
EC:B5:FA:99:AC:15,ALL,udp:55944,192.168.3.114*,2,247,1,161,1,86
EC:B5:FA:99:AC:15,ALL,udp:54135,192.168.3.1*,2,239,1,76,1,163
EC:B5:FA:99:AC:15,ALL,udp:54135,192.168.3.114*,2,239,1,163,1,76
EC:B5:FA:99:AC:15,ALL,udp:36536,192.168.3.1*,2,272,1,76,1,196
EC:B5:FA:99:AC:15,ALL,udp:36536,192.168.3.114*,2,272,1,196,1,76
EC:B5:FA:99:AC:15,ALL,udp:54194,192.168.3.1*,2,188,1,86,1,102
EC:B5:FA:99:AC:15,ALL,udp:54194,192.168.3.114*,2,188,1,102,1,86
EC:B5:FA:99:AC:15,ALL,udp:35184,192.168.3.1,2,247,1,86,1,161
EC:B5:FA:99:AC:15,ALL,udp:35184,192.168.3.120,6,2028,6,2028,0,0
EC:B5:FA:99:AC:15,ALL,udp:47408,192.168.3.1*,2,239,1,76,1,163
EC:B5:FA:99:AC:15,ALL,udp:47408,192.168.3.114*,2,239,1,163,1,76
EC:B5:FA:99:AC:15,ALL,udp:40091,192.168.3.1*,2,272,1,76,1,196
EC:B5:FA:99:AC:15,ALL,udp:40091,192.168.3.114*,2,272,1,196,1,76
EC:B5:FA:99:AC:15,ALL,udp:60278,192.168.3.1*,2,188,1,86,1,102
EC:B5:FA:99:AC:15,ALL,udp:60278,192.168.3.114*,2,188,1,102,1,86
EC:B5:FA:99:AC:15,ALL,udp:56996,192.168.3.1*,2,247,1,86,1,161
EC:B5:FA:99:AC:15,ALL,udp:56996,192.168.3.114*,2,247,1,161,1,86
EC:B5:FA:99:AC:15,ALL,udp:45896,192.168.3.1*,2,239,1,76,1,163
EC:B5:FA:99:AC:15,ALL,udp:45896,192.168.3.114*,2,239,1,163,1,76
EC:B5:FA:99:AC:15,ALL,udp:55586,192.168.3.1*,2,272,1,76,1,196
EC:B5:FA:99:AC:15,ALL,udp:55586,192.168.3.114*,2,272,1,196,1,76
EC:B5:FA:99:AC:15,ALL,udp:43844,192.168.3.1*,2,188,1,86,1,102
EC:B5:FA:99:AC:15,ALL,udp:43844,192.168.3.114*,2,188,1,102,1,86
EC:B5:FA:99:AC:15,ALL,udp:49706,192.168.3.1*,2,247,1,86,1,161
EC:B5:FA:99:AC:15,ALL,udp:49706,192.168.3.114*,2,247,1,161,1,86
EC:B5:FA:99:AC:15,ALL,udp:42033,192.168.3.1*,2,239,1,76,1,163
EC:B5:FA:99:AC:15,ALL,udp:42033,192.168.3.114*,2,239,1,163,1,76
EC:B5:FA:99:AC:15,ALL,udp:50225,192.168.3.1*,2,272,1,76,1,196
EC:B5:FA:99:AC:15,ALL,udp:50225,192.168.3.114*,2,272,1,196,1,76
EC:B5:FA:99:AC:15,ALL,udp:41883,192.168.3.1*,2,188,1,86,1,102
EC:B5:FA:99:AC:15,ALL,udp:41883,192.168.3.114*,2,188,1,102,1,86
EC:B5:FA:99:AC:15,ALL,udp:47984,192.168.3.1*,2,247,1,86,1,161
EC:B5:FA:99:AC:15,ALL,udp:47984,192.168.3.114*,2,247,1,161,1,86
EC:B5:FA:99:AC:15,ALL,udp:59150,192.168.3.1,2,239,1,76,1,163
EC:B5:FA:99:AC:15,ALL,udp:59150,192.168.3.120,6,2028,6,2028,0,0
EC:B5:FA:99:AC:15,ALL,udp:44480,192.168.3.1*,2,272,1,76,1,196
EC:B5:FA:99:AC:15,ALL,udp:44480,192.168.3.114*,2,272,1,196,1,76
EC:B5:FA:99:AC:15,ALL,udp:59996,192.168.3.1*,2,239,1,76,1,163
EC:B5:FA:99:AC:15,ALL,udp:59996,192.168.3.114*,2,239,1,163,1,76
EC:B5:FA:99:AC:15,ALL,udp:41517,192.168.3.1,2,188,1,86,1,102
EC:B5:FA:99:AC:15,ALL,udp:41517,192.168.3.120,12,4056,12,4056,0,0
EC:B5:FA:99:AC:15,ALL,udp:38387,192.168.3.1,2,247,1,86,1,161
EC:B5:FA:99:AC:15,ALL,udp:38387,192.168.3.120,6,2028,6,2028,0,0
EC:B5:FA:99:AC:15,ALL,udp:51180,192.168.3.1*,2,239,1,76,1,163
EC:B5:FA:99:AC:15,ALL,udp:51180,192.168.3.114*,2,239,1,163,1,76
EC:B5:FA:99:AC:15,ALL,udp:41230,192.168.3.1*,2,272,1,76,1,196
EC:B5:FA:99:AC:15,ALL,udp:41230,192.168.3.114*,2,272,1,196,1,76
EC:B5:FA:99:AC:15,ALL,udp:60425,192.168.3.1*,2,188,1,86,1,102
EC:B5:FA:99:AC:15,ALL,udp:60425,192.168.3.114*,2,188,1,102,1,86
EC:B5:FA:99:AC:15,ALL,udp:44109,192.168.3.1*,2,247,1,86,1,161
EC:B5:FA:99:AC:15,ALL,udp:44109,192.168.3.114*,2,247,1,161,1,86
EC:B5:FA:99:AC:15,ALL,udp:44889,192.168.3.1*,2,239,1,76,1,163
EC:B5:FA:99:AC:15,ALL,udp:44889,192.168.3.114*,2,239,1,163,1,76
EC:B5:FA:99:AC:15,ALL,udp:57306,192.168.3.1,2,272,1,76,1,196
EC:B5:FA:99:AC:15,ALL,udp:57306,192.168.3.120,6,2028,6,2028,0,0
EC:B5:FA:99:AC:15,ALL,udp:37909,192.168.3.1,2,247,1,86,1,161
EC:B5:FA:99:AC:15,ALL,udp:37909,192.168.3.120,6,2028,6,2028,0,0
EC:B5:FA:99:AC:15,ALL,udp:58558,192.168.3.1*,2,239,1,76,1,163
EC:B5:FA:99:AC:15,ALL,udp:58558,192.168.3.114*,2,239,1,163,1,76
EC:B5:FA:99:AC:15,ALL,udp:39796,192.168.3.1*,2,272,1,76,1,196
EC:B5:FA:99:AC:15,ALL,udp:39796,192.168.3.114*,2,272,1,196,1,76
EC:B5:FA:99:AC:15,ALL,udp:60783,192.168.3.1*,2,239,1,76,1,163
EC:B5:FA:99:AC:15,ALL,udp:60783,192.168.3.114*,2,239,1,163,1,76
EC:B5:FA:99:AC:15,ALL,udp:49727,192.168.3.1,2,272,1,76,1,196
EC:B5:FA:99:AC:15,ALL,udp:49727,192.168.3.120,6,2028,6,2028,0,0
EC:B5:FA:99:AC:15,ALL,udp:55799,192.168.3.1,2,188,1,86,1,102
EC:B5:FA:99:AC:15,ALL,udp:55799,192.168.3.120,12,4056,12,4056,0,0
EC:B5:FA:99:AC:15,ALL,udp:37603,192.168.3.1*,2,247,1,86,1,161
EC:B5:FA:99:AC:15,ALL,udp:37603,192.168.3.114*,2,247,1,161,1,86
EC:B5:FA:99:AC:15,ALL,udp:36247,192.168.3.1*,2,166,1,75,1,91
EC:B5:FA:99:AC:15,ALL,udp:36247,192.168.3.114*,2,166,1,91,1,75
EC:B5:FA:99:AC:15,ALL,udp:51081,192.168.3.1*,2,223,1,75,1,148
EC:B5:FA:99:AC:15,ALL,udp:51081,192.168.3.114*,2,223,1,148,1,75
EC:B5:FA:99:AC:15,ALL,udp:54817,192.168.3.1,2,239,1,76,1,163
EC:B5:FA:99:AC:15,ALL,udp:54817,192.168.3.120,6,2028,6,2028,0,0
EC:B5:FA:99:AC:15,ALL,udp:47464,192.168.3.1*,2,272,1,76,1,196
EC:B5:FA:99:AC:15,ALL,udp:47464,192.168.3.114*,2,272,1,196,1,76
EC:B5:FA:99:AC:15,ALL,udp:60512,192.168.3.1*,2,166,1,75,1,91
EC:B5:FA:99:AC:15,ALL,udp:60512,192.168.3.114*,2,166,1,91,1,75
EC:B5:FA:99:AC:15,ALL,udp:51879,192.168.3.1*,2,223,1,75,1,148
EC:B5:FA:99:AC:15,ALL,udp:51879,192.168.3.114*,2,223,1,148,1,75
EC:B5:FA:99:AC:15,ALL,udp:35406,192.168.3.1*,2,166,1,75,1,91
EC:B5:FA:99:AC:15,ALL,udp:35406,192.168.3.114*,2,166,1,91,1,75
EC:B5:FA:99:AC:15,ALL,udp:34663,192.168.3.1*,2,239,1,76,1,163
EC:B5:FA:99:AC:15,ALL,udp:34663,192.168.3.114*,2,239,1,163,1,76
EC:B5:FA:99:AC:15,ALL,udp:35720,192.168.3.1*,2,272,1,76,1,196
EC:B5:FA:99:AC:15,ALL,udp:35720,192.168.3.114*,2,272,1,196,1,76
EC:B5:FA:99:AC:15,ALL,udp:54039,192.168.3.1*,2,188,1,86,1,102
EC:B5:FA:99:AC:15,ALL,udp:54039,192.168.3.114*,2,188,1,102,1,86
EC:B5:FA:99:AC:15,ALL,udp:57523,192.168.3.1*,2,247,1,86,1,161
EC:B5:FA:99:AC:15,ALL,udp:57523,192.168.3.114*,2,247,1,161,1,86
EC:B5:FA:99:AC:15,ALL,udp:46663,192.168.3.1*,2,239,1,76,1,163
EC:B5:FA:99:AC:15,ALL,udp:46663,192.168.3.114*,2,239,1,163,1,76
EC:B5:FA:99:AC:15,ALL,udp:53413,192.168.3.1*,2,272,1,76,1,196
EC:B5:FA:99:AC:15,ALL,udp:53413,192.168.3.114*,2,272,1,196,1,76
EC:B5:FA:99:AC:15,ALL,udp:38473,192.168.3.1*,2,239,1,76,1,163
EC:B5:FA:99:AC:15,ALL,udp:38473,192.168.3.114*,2,239,1,163,1,76
EC:B5:FA:99:AC:15,ALL,udp:57579,192.168.3.1*,2,272,1,76,1,196
EC:B5:FA:99:AC:15,ALL,udp:57579,192.168.3.114*,2,272,1,196,1,76
EC:B5:FA:99:AC:15,ALL,udp:54469,192.168.3.1*,2,188,1,86,1,102
EC:B5:FA:99:AC:15,ALL,udp:54469,192.168.3.114*,2,188,1,102,1,86
EC:B5:FA:99:AC:15,ALL,udp:44204,192.168.3.1*,2,247,1,86,1,161
EC:B5:FA:99:AC:15,ALL,udp:44204,192.168.3.114*,2,247,1,161,1,86
EC:B5:FA:99:AC:15,ALL,udp:54458,192.168.3.1*,2,239,1,76,1,163
EC:B5:FA:99:AC:15,ALL,udp:54458,192.168.3.114*,2,239,1,163,1,76
EC:B5:FA:99:AC:15,ALL,udp:50239,192.168.3.1*,2,272,1,76,1,196
EC:B5:FA:99:AC:15,ALL,udp:50239,192.168.3.114*,2,272,1,196,1,76
EC:B5:FA:99:AC:15,ALL,udp:52055,192.168.3.1*,2,188,1,86,1,102
EC:B5:FA:99:AC:15,ALL,udp:52055,192.168.3.114*,2,188,1,102,1,86
EC:B5:FA:99:AC:15,ALL,udp:56283,192.168.3.1,2,247,1,86,1,161
EC:B5:FA:99:AC:15,ALL,udp:56283,192.168.3.120,6,2028,6,2028,0,0
EC:B5:FA:99:AC:15,ALL,udp:38661,192.168.3.1*,2,272,1,76,1,196
EC:B5:FA:99:AC:15,ALL,udp:38661,192.168.3.114*,2,272,1,196,1,76
EC:B5:FA:99:AC:15,ALL,udp:49899,192.168.3.1*,2,188,1,86,1,102
EC:B5:FA:99:AC:15,ALL,udp:49899,192.168.3.114*,2,188,1,102,1,86
EC:B5:FA:99:AC:15,ALL,udp:52457,192.168.3.1,2,247,1,86,1,161
EC:B5:FA:99:AC:15,ALL,udp:52457,192.168.3.120,6,2028,6,2028,0,0
EC:B5:FA:99:AC:15,ALL,udp:56417,192.168.3.1*,2,239,1,76,1,163
EC:B5:FA:99:AC:15,ALL,udp:56417,192.168.3.114*,2,239,1,163,1,76
EC:B5:FA:99:AC:15,ALL,udp:57160,192.168.3.1,2,272,1,76,1,196
EC:B5:FA:99:AC:15,ALL,udp:57160,192.168.3.120,6,2028,6,2028,0,0
EC:B5:FA:99:AC:15,ALL,udp:39636,192.168.3.1,2,188,1,86,1,102
EC:B5:FA:99:AC:15,ALL,udp:39636,192.168.3.120,6,2028,6,2028,0,0
EC:B5:FA:99:AC:15,ALL,udp:50593,192.168.3.1,2,247,1,86,1,161
EC:B5:FA:99:AC:15,ALL,udp:50593,192.168.3.120,6,2028,6,2028,0,0
EC:B5:FA:99:AC:15,ALL,udp:51435,192.168.3.1*,2,239,1,76,1,163
EC:B5:FA:99:AC:15,ALL,udp:51435,192.168.3.114*,2,239,1,163,1,76
EC:B5:FA:99:AC:15,ALL,udp:53664,192.168.3.1*,2,272,1,76,1,196
EC:B5:FA:99:AC:15,ALL,udp:53664,192.168.3.114*,2,272,1,196,1,76
EC:B5:FA:99:AC:15,ALL,udp:60505,192.168.3.1,2,188,1,86,1,102
EC:B5:FA:99:AC:15,ALL,udp:60505,192.168.3.120,6,2028,6,2028,0,0
EC:B5:FA:99:AC:15,ALL,udp:55329,192.168.3.1*,2,247,1,86,1,161
EC:B5:FA:99:AC:15,ALL,udp:55329,192.168.3.114*,2,247,1,161,1,86
EC:B5:FA:99:AC:15,ALL,udp:54837,192.168.3.1*,2,239,1,76,1,163
EC:B5:FA:99:AC:15,ALL,udp:54837,192.168.3.114*,2,239,1,163,1,76
EC:B5:FA:99:AC:15,ALL,udp:57915,192.168.3.1*,2,272,1,76,1,196
EC:B5:FA:99:AC:15,ALL,udp:57915,192.168.3.114*,2,272,1,196,1,76
EC:B5:FA:99:AC:15,ALL,udp:37958,192.168.3.1*,2,188,1,86,1,102
EC:B5:FA:99:AC:15,ALL,udp:37958,192.168.3.114*,2,188,1,102,1,86
EC:B5:FA:99:AC:15,ALL,udp:58007,192.168.3.1*,2,247,1,86,1,161
EC:B5:FA:99:AC:15,ALL,udp:58007,192.168.3.114*,2,247,1,161,1,86
EC:B5:FA:99:AC:15,ALL,udp:57364,192.168.3.1,2,239,1,76,1,163
EC:B5:FA:99:AC:15,ALL,udp:57364,192.168.3.120,6,2028,6,2028,0,0
EC:B5:FA:99:AC:15,ALL,udp:48321,192.168.3.1*,2,272,1,76,1,196
EC:B5:FA:99:AC:15,ALL,udp:48321,192.168.3.114*,2,272,1,196,1,76
EC:B5:FA:99:AC:15,ALL,udp:48272,192.168.3.1*,2,188,1,86,1,102
EC:B5:FA:99:AC:15,ALL,udp:48272,192.168.3.114*,2,188,1,102,1,86
EC:B5:FA:99:AC:15,ALL,udp:59320,192.168.3.1*,2,247,1,86,1,161
EC:B5:FA:99:AC:15,ALL,udp:59320,192.168.3.114*,2,247,1,161,1,86
EC:B5:FA:99:AC:15,ALL,udp:47462,192.168.3.1*,2,239,1,76,1,163
EC:B5:FA:99:AC:15,ALL,udp:47462,192.168.3.114*,2,239,1,163,1,76
EC:B5:FA:99:AC:15,ALL,udp:39510,192.168.3.1*,2,272,1,76,1,196
EC:B5:FA:99:AC:15,ALL,udp:39510,192.168.3.114*,2,272,1,196,1,76
EC:B5:FA:99:AC:15,ALL,udp:49531,192.168.3.1*,2,188,1,86,1,102
EC:B5:FA:99:AC:15,ALL,udp:49531,192.168.3.114*,2,188,1,102,1,86
EC:B5:FA:99:AC:15,ALL,udp:49271,192.168.3.1,2,247,1,86,1,161
EC:B5:FA:99:AC:15,ALL,udp:49271,192.168.3.120,6,2028,6,2028,0,0
EC:B5:FA:99:AC:15,ALL,udp:42626,192.168.3.1*,2,239,1,76,1,163
EC:B5:FA:99:AC:15,ALL,udp:42626,192.168.3.114*,2,239,1,163,1,76
EC:B5:FA:99:AC:15,ALL,udp:33457,192.168.3.1*,2,272,1,76,1,196
EC:B5:FA:99:AC:15,ALL,udp:33457,192.168.3.114*,2,272,1,196,1,76
EC:B5:FA:99:AC:15,ALL,udp:34890,192.168.3.1,2,188,1,86,1,102
EC:B5:FA:99:AC:15,ALL,udp:34890,192.168.3.120,6,2028,6,2028,0,0
EC:B5:FA:99:AC:15,ALL,udp:55088,192.168.3.1,2,247,1,86,1,161
EC:B5:FA:99:AC:15,ALL,udp:55088,192.168.3.120,6,2028,6,2028,0,0
EC:B5:FA:99:AC:15,ALL,udp:33887,192.168.3.1*,2,239,1,76,1,163
EC:B5:FA:99:AC:15,ALL,udp:33887,192.168.3.114*,2,239,1,163,1,76
EC:B5:FA:99:AC:15,ALL,udp:36317,192.168.3.1*,2,272,1,76,1,196
EC:B5:FA:99:AC:15,ALL,udp:36317,192.168.3.114*,2,272,1,196,1,76
EC:B5:FA:99:AC:15,ALL,udp:33292,192.168.3.1*,2,188,1,86,1,102
EC:B5:FA:99:AC:15,ALL,udp:33292,192.168.3.114*,2,188,1,102,1,86
EC:B5:FA:99:AC:15,ALL,udp:57487,192.168.3.1*,2,247,1,86,1,161
EC:B5:FA:99:AC:15,ALL,udp:57487,192.168.3.114*,2,247,1,161,1,86
EC:B5:FA:99:AC:15,ALL,udp:34257,192.168.3.1*,2,239,1,76,1,163
EC:B5:FA:99:AC:15,ALL,udp:34257,192.168.3.114*,2,239,1,163,1,76
EC:B5:FA:99:AC:15,ALL,udp:60413,192.168.3.1*,2,272,1,76,1,196
EC:B5:FA:99:AC:15,ALL,udp:60413,192.168.3.114*,2,272,1,196,1,76
EC:B5:FA:99:AC:15,ALL,udp:56492,192.168.3.1*,2,188,1,86,1,102
EC:B5:FA:99:AC:15,ALL,udp:56492,192.168.3.114*,2,188,1,102,1,86
EC:B5:FA:99:AC:15,ALL,udp:59028,192.168.3.1*,2,247,1,86,1,161
EC:B5:FA:99:AC:15,ALL,udp:59028,192.168.3.114*,2,247,1,161,1,86
EC:B5:FA:99:AC:15,ALL,udp:53180,192.168.3.1*,2,166,1,75,1,91
EC:B5:FA:99:AC:15,ALL,udp:53180,192.168.3.114*,2,166,1,91,1,75
EC:B5:FA:99:AC:15,ALL,udp:59991,192.168.3.1*,2,223,1,75,1,148
EC:B5:FA:99:AC:15,ALL,udp:59991,192.168.3.114*,2,223,1,148,1,75
EC:B5:FA:99:AC:15,ALL,udp:54223,192.168.3.1*,2,166,1,75,1,91
EC:B5:FA:99:AC:15,ALL,udp:54223,192.168.3.114*,2,166,1,91,1,75
EC:B5:FA:99:AC:15,ALL,udp:59429,192.168.3.1*,2,223,1,75,1,148
EC:B5:FA:99:AC:15,ALL,udp:59429,192.168.3.114*,2,223,1,148,1,75
EC:B5:FA:99:AC:15,ALL,udp:39853,192.168.3.1,2,166,1,75,1,91
EC:B5:FA:99:AC:15,ALL,udp:39853,192.168.3.120,6,2028,6,2028,0,0
EC:B5:FA:99:AC:15,ALL,udp:38727,192.168.3.1*,2,223,1,75,1,148
EC:B5:FA:99:AC:15,ALL,udp:38727,192.168.3.114*,2,223,1,148,1,75
EC:B5:FA:99:AC:15,ALL,udp:36212,192.168.3.1*,2,232,1,76,1,156
EC:B5:FA:99:AC:15,ALL,udp:36212,192.168.3.114*,2,232,1,156,1,76
EC:B5:FA:99:AC:15,ALL,udp:41219,192.168.3.1*,2,265,1,76,1,189
EC:B5:FA:99:AC:15,ALL,udp:41219,192.168.3.114*,2,265,1,189,1,76
EC:B5:FA:99:AC:15,ALL,udp:45666,192.168.3.1*,2,239,1,76,1,163
EC:B5:FA:99:AC:15,ALL,udp:45666,192.168.3.114*,2,239,1,163,1,76
EC:B5:FA:99:AC:15,ALL,udp:57321,192.168.3.1*,2,272,1,76,1,196
EC:B5:FA:99:AC:15,ALL,udp:57321,192.168.3.114*,2,272,1,196,1,76
EC:B5:FA:99:AC:15,ALL,udp:45170,192.168.3.1,2,164,1,74,1,90
EC:B5:FA:99:AC:15,ALL,udp:45170,192.168.3.120,6,2028,6,2028,0,0
EC:B5:FA:99:AC:15,ALL,udp:52200,192.168.3.1*,2,223,1,74,1,149
EC:B5:FA:99:AC:15,ALL,udp:52200,192.168.3.114*,2,223,1,149,1,74
EC:B5:FA:99:AC:15,ALL,udp:55886,192.168.3.1*,2,232,1,76,1,156
EC:B5:FA:99:AC:15,ALL,udp:55886,192.168.3.114*,2,232,1,156,1,76
EC:B5:FA:99:AC:15,ALL,udp:44708,192.168.3.1*,2,182,1,83,1,99
EC:B5:FA:99:AC:15,ALL,udp:44708,192.168.3.114*,2,182,1,99,1,83
EC:B5:FA:99:AC:15,ALL,udp:42274,192.168.3.1*,2,241,1,83,1,158
EC:B5:FA:99:AC:15,ALL,udp:42274,192.168.3.114*,2,241,1,158,1,83
EC:B5:FA:99:AC:15,ALL,udp:40816,192.168.3.1*,2,166,1,75,1,91
EC:B5:FA:99:AC:15,ALL,udp:40816,192.168.3.114*,2,166,1,91,1,75
EC:B5:FA:99:AC:15,ALL,udp:60364,192.168.3.1*,2,223,1,75,1,148
EC:B5:FA:99:AC:15,ALL,udp:60364,192.168.3.114*,2,223,1,148,1,75
EC:B5:FA:99:AC:15,ALL,udp:60350,192.168.3.1,2,166,1,75,1,91
EC:B5:FA:99:AC:15,ALL,udp:60350,192.168.3.120,6,2028,6,2028,0,0
EC:B5:FA:99:AC:15,ALL,udp:41312,192.168.3.1*,2,223,1,75,1,148
EC:B5:FA:99:AC:15,ALL,udp:41312,192.168.3.114*,2,223,1,148,1,75
EC:B5:FA:99:AC:15,ALL,udp:49104,192.168.3.1*,2,239,1,76,1,163
EC:B5:FA:99:AC:15,ALL,udp:49104,192.168.3.114*,2,239,1,163,1,76
EC:B5:FA:99:AC:15,ALL,udp:43240,192.168.3.1*,2,272,1,76,1,196
EC:B5:FA:99:AC:15,ALL,udp:43240,192.168.3.114*,2,272,1,196,1,76
EC:B5:FA:99:AC:15,ALL,udp:40169,192.168.3.1*,2,239,1,76,1,163
EC:B5:FA:99:AC:15,ALL,udp:40169,192.168.3.114*,2,239,1,163,1,76
EC:B5:FA:99:AC:15,ALL,udp:55696,192.168.3.1*,2,188,1,86,1,102
EC:B5:FA:99:AC:15,ALL,udp:55696,192.168.3.114*,2,188,1,102,1,86
EC:B5:FA:99:AC:15,ALL,udp:43213,192.168.3.1*,2,247,1,86,1,161
EC:B5:FA:99:AC:15,ALL,udp:43213,192.168.3.114*,2,247,1,161,1,86
EC:B5:FA:99:AC:15,ALL,udp:43928,192.168.3.1*,2,239,1,76,1,163
EC:B5:FA:99:AC:15,ALL,udp:43928,192.168.3.114*,2,239,1,163,1,76
EC:B5:FA:99:AC:15,ALL,udp:35696,192.168.3.1,2,272,1,76,1,196
EC:B5:FA:99:AC:15,ALL,udp:35696,192.168.3.120,6,2028,6,2028,0,0
EC:B5:FA:99:AC:15,ALL,udp:50334,192.168.3.1*,2,164,1,74,1,90
EC:B5:FA:99:AC:15,ALL,udp:50334,192.168.3.114*,2,164,1,90,1,74
EC:B5:FA:99:AC:15,ALL,udp:34148,192.168.3.1*,2,239,1,76,1,163
EC:B5:FA:99:AC:15,ALL,udp:34148,192.168.3.114*,2,239,1,163,1,76
EC:B5:FA:99:AC:15,ALL,udp:50003,192.168.3.1*,2,272,1,76,1,196
EC:B5:FA:99:AC:15,ALL,udp:50003,192.168.3.114*,2,272,1,196,1,76
EC:B5:FA:99:AC:15,ALL,udp:36893,192.168.3.1*,2,188,1,86,1,102
EC:B5:FA:99:AC:15,ALL,udp:36893,192.168.3.114*,2,188,1,102,1,86
EC:B5:FA:99:AC:15,ALL,udp:40821,192.168.3.1*,2,247,1,86,1,161
EC:B5:FA:99:AC:15,ALL,udp:40821,192.168.3.114*,2,247,1,161,1,86
EC:B5:FA:99:AC:15,ALL,udp:46071,192.168.3.1*,2,239,1,76,1,163
EC:B5:FA:99:AC:15,ALL,udp:46071,192.168.3.114*,2,239,1,163,1,76
EC:B5:FA:99:AC:15,ALL,udp:44073,192.168.3.1*,2,272,1,76,1,196
EC:B5:FA:99:AC:15,ALL,udp:44073,192.168.3.114*,2,272,1,196,1,76
EC:B5:FA:99:AC:15,ALL,udp:60861,192.168.3.1*,2,239,1,76,1,163
EC:B5:FA:99:AC:15,ALL,udp:60861,192.168.3.114*,2,239,1,163,1,76
EC:B5:FA:99:AC:15,ALL,udp:43273,192.168.3.1*,2,272,1,76,1,196
EC:B5:FA:99:AC:15,ALL,udp:43273,192.168.3.114*,2,272,1,196,1,76
EC:B5:FA:99:AC:15,ALL,udp:35174,192.168.3.1*,2,188,1,86,1,102
EC:B5:FA:99:AC:15,ALL,udp:35174,192.168.3.114*,2,188,1,102,1,86
EC:B5:FA:99:AC:15,ALL,udp:48243,192.168.3.1*,2,247,1,86,1,161
EC:B5:FA:99:AC:15,ALL,udp:48243,192.168.3.114*,2,247,1,161,1,86
EC:B5:FA:99:AC:15,ALL,udp:53144,192.168.3.1*,2,239,1,76,1,163
EC:B5:FA:99:AC:15,ALL,udp:53144,192.168.3.114*,2,239,1,163,1,76
EC:B5:FA:99:AC:15,ALL,udp:44580,192.168.3.1*,2,272,1,76,1,196
EC:B5:FA:99:AC:15,ALL,udp:44580,192.168.3.114*,2,272,1,196,1,76
EC:B5:FA:99:AC:15,ALL,udp:59364,192.168.3.1,2,188,1,86,1,102
EC:B5:FA:99:AC:15,ALL,udp:59364,192.168.3.120,12,4056,12,4056,0,0
EC:B5:FA:99:AC:15,ALL,udp:39398,192.168.3.1*,2,247,1,86,1,161
EC:B5:FA:99:AC:15,ALL,udp:39398,192.168.3.114*,2,247,1,161,1,86
EC:B5:FA:99:AC:15,ALL,udp:35566,192.168.3.1,2,239,1,76,1,163
EC:B5:FA:99:AC:15,ALL,udp:35566,192.168.3.120,6,2028,6,2028,0,0
EC:B5:FA:99:AC:15,ALL,udp:38975,192.168.3.1*,2,272,1,76,1,196
EC:B5:FA:99:AC:15,ALL,udp:38975,192.168.3.114*,2,272,1,196,1,76
EC:B5:FA:99:AC:15,ALL,udp:52736,192.168.3.1,2,188,1,86,1,102
EC:B5:FA:99:AC:15,ALL,udp:52736,192.168.3.120,6,2028,6,2028,0,0
EC:B5:FA:99:AC:15,ALL,udp:47802,192.168.3.1*,2,247,1,86,1,161
EC:B5:FA:99:AC:15,ALL,udp:47802,192.168.3.114*,2,247,1,161,1,86
EC:B5:FA:99:AC:15,ALL,udp:38769,192.168.3.1*,2,239,1,76,1,163
EC:B5:FA:99:AC:15,ALL,udp:38769,192.168.3.114*,2,239,1,163,1,76
EC:B5:FA:99:AC:15,ALL,udp:53999,192.168.3.1*,2,272,1,76,1,196
EC:B5:FA:99:AC:15,ALL,udp:53999,192.168.3.114*,2,272,1,196,1,76
EC:B5:FA:99:AC:15,ALL,udp:39096,192.168.3.1*,2,188,1,86,1,102
EC:B5:FA:99:AC:15,ALL,udp:39096,192.168.3.114*,2,188,1,102,1,86
EC:B5:FA:99:AC:15,ALL,udp:36304,192.168.3.1,2,247,1,86,1,161
EC:B5:FA:99:AC:15,ALL,udp:36304,192.168.3.120,12,4056,12,4056,0,0
EC:B5:FA:99:AC:15,ALL,udp:45971,192.168.3.1*,2,239,1,76,1,163
EC:B5:FA:99:AC:15,ALL,udp:45971,192.168.3.114*,2,239,1,163,1,76
EC:B5:FA:99:AC:15,ALL,udp:43335,192.168.3.1*,2,272,1,76,1,196
EC:B5:FA:99:AC:15,ALL,udp:43335,192.168.3.114*,2,272,1,196,1,76
EC:B5:FA:99:AC:15,ALL,udp:47826,192.168.3.1*,2,188,1,86,1,102
EC:B5:FA:99:AC:15,ALL,udp:47826,192.168.3.114*,2,188,1,102,1,86
EC:B5:FA:99:AC:15,ALL,udp:43716,192.168.3.1*,2,247,1,86,1,161
EC:B5:FA:99:AC:15,ALL,udp:43716,192.168.3.114*,2,247,1,161,1,86
EC:B5:FA:99:AC:15,ALL,udp:52681,192.168.3.1*,2,166,1,75,1,91
EC:B5:FA:99:AC:15,ALL,udp:52681,192.168.3.114*,2,166,1,91,1,75
EC:B5:FA:99:AC:15,ALL,udp:52034,192.168.3.1*,2,223,1,75,1,148
EC:B5:FA:99:AC:15,ALL,udp:52034,192.168.3.114*,2,223,1,148,1,75
EC:B5:FA:99:AC:15,ALL,udp:52476,192.168.3.1*,2,166,1,75,1,91
EC:B5:FA:99:AC:15,ALL,udp:52476,192.168.3.114*,2,166,1,91,1,75
EC:B5:FA:99:AC:15,ALL,udp:58987,192.168.3.1*,2,223,1,75,1,148
EC:B5:FA:99:AC:15,ALL,udp:58987,192.168.3.114*,2,223,1,148,1,75
EC:B5:FA:99:AC:15,ALL,udp:48508,192.168.3.1*,2,166,1,75,1,91
EC:B5:FA:99:AC:15,ALL,udp:48508,192.168.3.114*,2,166,1,91,1,75
EC:B5:FA:99:AC:15,ALL,udp:51569,192.168.3.1,2,223,1,75,1,148
EC:B5:FA:99:AC:15,ALL,udp:51569,192.168.3.120,6,2028,6,2028,0,0
EC:B5:FA:99:AC:15,ALL,udp:35841,192.168.3.1*,2,166,1,75,1,91
EC:B5:FA:99:AC:15,ALL,udp:35841,192.168.3.114*,2,166,1,91,1,75
EC:B5:FA:99:AC:15,ALL,udp:35940,192.168.3.1*,2,223,1,75,1,148
EC:B5:FA:99:AC:15,ALL,udp:35940,192.168.3.114*,2,223,1,148,1,75
EC:B5:FA:99:AC:15,ALL,udp:50565,192.168.3.1,2,166,1,75,1,91
EC:B5:FA:99:AC:15,ALL,udp:50565,192.168.3.120,6,2028,6,2028,0,0
EC:B5:FA:99:AC:15,ALL,udp:51915,192.168.3.1*,2,223,1,75,1,148
EC:B5:FA:99:AC:15,ALL,udp:51915,192.168.3.114*,2,223,1,148,1,75
EC:B5:FA:99:AC:15,ALL,udp:49192,192.168.3.1*,2,166,1,75,1,91
EC:B5:FA:99:AC:15,ALL,udp:49192,192.168.3.114*,2,166,1,91,1,75
EC:B5:FA:99:AC:15,ALL,udp:58100,192.168.3.1,2,223,1,75,1,148
EC:B5:FA:99:AC:15,ALL,udp:58100,192.168.3.120,6,2028,6,2028,0,0
EC:B5:FA:99:AC:15,ALL,udp:33450,192.168.3.1*,2,166,1,75,1,91
EC:B5:FA:99:AC:15,ALL,udp:33450,192.168.3.114*,2,166,1,91,1,75
EC:B5:FA:99:AC:15,ALL,udp:56532,192.168.3.1*,2,223,1,75,1,148
EC:B5:FA:99:AC:15,ALL,udp:56532,192.168.3.114*,2,223,1,148,1,75
EC:B5:FA:99:AC:15,ALL,udp:34538,192.168.3.1*,2,239,1,76,1,163
EC:B5:FA:99:AC:15,ALL,udp:34538,192.168.3.114*,2,239,1,163,1,76
EC:B5:FA:99:AC:15,ALL,udp:44138,192.168.3.1*,2,272,1,76,1,196
EC:B5:FA:99:AC:15,ALL,udp:44138,192.168.3.114*,2,272,1,196,1,76
EC:B5:FA:99:AC:15,ALL,udp:43012,192.168.3.1,2,188,1,86,1,102
EC:B5:FA:99:AC:15,ALL,udp:43012,192.168.3.120,12,4056,12,4056,0,0
EC:B5:FA:99:AC:15,ALL,udp:39930,192.168.3.1*,2,247,1,86,1,161
EC:B5:FA:99:AC:15,ALL,udp:39930,192.168.3.114*,2,247,1,161,1,86
EC:B5:FA:99:AC:15,ALL,udp:56023,192.168.3.1*,2,166,1,75,1,91
EC:B5:FA:99:AC:15,ALL,udp:56023,192.168.3.114*,2,166,1,91,1,75
EC:B5:FA:99:AC:15,ALL,udp:47854,192.168.3.1*,2,223,1,75,1,148
EC:B5:FA:99:AC:15,ALL,udp:47854,192.168.3.114*,2,223,1,148,1,75
EC:B5:FA:99:AC:15,ALL,udp:48046,192.168.3.1*,2,166,1,75,1,91
EC:B5:FA:99:AC:15,ALL,udp:48046,192.168.3.114*,2,166,1,91,1,75
EC:B5:FA:99:AC:15,ALL,udp:45372,192.168.3.1*,2,223,1,75,1,148
EC:B5:FA:99:AC:15,ALL,udp:45372,192.168.3.114*,2,223,1,148,1,75
EC:B5:FA:99:AC:15,ALL,udp:43378,192.168.3.1*,2,166,1,75,1,91
EC:B5:FA:99:AC:15,ALL,udp:43378,192.168.3.114*,2,166,1,91,1,75
EC:B5:FA:99:AC:15,ALL,udp:57698,192.168.3.1,2,223,1,75,1,148
EC:B5:FA:99:AC:15,ALL,udp:57698,192.168.3.120,6,2028,6,2028,0,0
EC:B5:FA:99:AC:15,ALL,udp:58078,192.168.3.1*,2,166,1,75,1,91
EC:B5:FA:99:AC:15,ALL,udp:58078,192.168.3.114*,2,166,1,91,1,75
EC:B5:FA:99:AC:15,ALL,udp:33850,192.168.3.1*,2,223,1,75,1,148
EC:B5:FA:99:AC:15,ALL,udp:33850,192.168.3.114*,2,223,1,148,1,75
EC:B5:FA:99:AC:15,ALL,udp:60552,192.168.3.1*,2,166,1,75,1,91
EC:B5:FA:99:AC:15,ALL,udp:60552,192.168.3.114*,2,166,1,91,1,75
EC:B5:FA:99:AC:15,ALL,udp:35661,192.168.3.1*,2,223,1,75,1,148
EC:B5:FA:99:AC:15,ALL,udp:35661,192.168.3.114*,2,223,1,148,1,75
EC:B5:FA:99:AC:15,ALL,udp:58081,192.168.3.1*,2,166,1,75,1,91
EC:B5:FA:99:AC:15,ALL,udp:58081,192.168.3.114*,2,166,1,91,1,75
EC:B5:FA:99:AC:15,ALL,udp:40134,192.168.3.1,2,239,1,76,1,163
EC:B5:FA:99:AC:15,ALL,udp:40134,192.168.3.120,6,2028,6,2028,0,0
EC:B5:FA:99:AC:15,ALL,udp:46529,192.168.3.1*,2,272,1,76,1,196
EC:B5:FA:99:AC:15,ALL,udp:46529,192.168.3.114*,2,272,1,196,1,76
EC:B5:FA:99:AC:15,ALL,udp:60058,192.168.3.1*,2,166,1,75,1,91
EC:B5:FA:99:AC:15,ALL,udp:60058,192.168.3.114*,2,166,1,91,1,75
EC:B5:FA:99:AC:15,ALL,udp:50347,192.168.3.1*,2,223,1,75,1,148
EC:B5:FA:99:AC:15,ALL,udp:50347,192.168.3.114*,2,223,1,148,1,75
EC:B5:FA:99:AC:15,ALL,udp:46272,192.168.3.1*,2,239,1,76,1,163
EC:B5:FA:99:AC:15,ALL,udp:46272,192.168.3.114*,2,239,1,163,1,76
EC:B5:FA:99:AC:15,ALL,udp:59620,192.168.3.1,2,188,1,86,1,102
EC:B5:FA:99:AC:15,ALL,udp:59620,192.168.3.120,12,4056,12,4056,0,0
EC:B5:FA:99:AC:15,ALL,udp:37255,192.168.3.1*,2,247,1,86,1,161
EC:B5:FA:99:AC:15,ALL,udp:37255,192.168.3.114*,2,247,1,161,1,86
EC:B5:FA:99:AC:15,ALL,udp:54080,192.168.3.1*,2,166,1,75,1,91
EC:B5:FA:99:AC:15,ALL,udp:54080,192.168.3.114*,2,166,1,91,1,75
EC:B5:FA:99:AC:15,ALL,udp:43860,192.168.3.1,2,223,1,75,1,148
EC:B5:FA:99:AC:15,ALL,udp:43860,192.168.3.120,6,2028,6,2028,0,0
EC:B5:FA:99:AC:15,ALL,udp:36387,192.168.3.1*,2,272,1,76,1,196
EC:B5:FA:99:AC:15,ALL,udp:36387,192.168.3.114*,2,272,1,196,1,76
EC:B5:FA:99:AC:15,ALL,udp:60675,192.168.3.1,2,188,1,86,1,102
EC:B5:FA:99:AC:15,ALL,udp:60675,192.168.3.120,6,2028,6,2028,0,0
EC:B5:FA:99:AC:15,ALL,udp:59032,192.168.3.1*,2,247,1,86,1,161
EC:B5:FA:99:AC:15,ALL,udp:59032,192.168.3.114*,2,247,1,161,1,86
EC:B5:FA:99:AC:15,ALL,udp:35653,192.168.3.1*,2,239,1,76,1,163
EC:B5:FA:99:AC:15,ALL,udp:35653,192.168.3.114*,2,239,1,163,1,76
EC:B5:FA:99:AC:15,ALL,udp:59057,192.168.3.1*,2,272,1,76,1,196
EC:B5:FA:99:AC:15,ALL,udp:59057,192.168.3.114*,2,272,1,196,1,76
EC:B5:FA:99:AC:15,ALL,udp:52119,192.168.3.1*,2,188,1,86,1,102
EC:B5:FA:99:AC:15,ALL,udp:52119,192.168.3.114*,2,188,1,102,1,86
EC:B5:FA:99:AC:15,ALL,udp:51825,192.168.3.1,2,247,1,86,1,161
EC:B5:FA:99:AC:15,ALL,udp:51825,192.168.3.120,6,2028,6,2028,0,0
EC:B5:FA:99:AC:15,ALL,udp:53487,192.168.3.1*,2,239,1,76,1,163
EC:B5:FA:99:AC:15,ALL,udp:53487,192.168.3.114*,2,239,1,163,1,76
EC:B5:FA:99:AC:15,ALL,udp:34514,192.168.3.1*,2,272,1,76,1,196
EC:B5:FA:99:AC:15,ALL,udp:34514,192.168.3.114*,2,272,1,196,1,76
EC:B5:FA:99:AC:15,ALL,udp:38662,192.168.3.1*,2,166,1,75,1,91
EC:B5:FA:99:AC:15,ALL,udp:38662,192.168.3.114*,2,166,1,91,1,75
EC:B5:FA:99:AC:15,ALL,udp:39548,192.168.3.1*,2,223,1,75,1,148
EC:B5:FA:99:AC:15,ALL,udp:39548,192.168.3.114*,2,223,1,148,1,75
EC:B5:FA:99:AC:15,ALL,udp:39669,192.168.3.1*,2,166,1,75,1,91
EC:B5:FA:99:AC:15,ALL,udp:39669,192.168.3.114*,2,166,1,91,1,75
EC:B5:FA:99:AC:15,ALL,udp:54621,192.168.3.1*,2,223,1,75,1,148
EC:B5:FA:99:AC:15,ALL,udp:54621,192.168.3.114*,2,223,1,148,1,75
EC:B5:FA:99:AC:15,ALL,udp:53645,192.168.3.1*,2,166,1,75,1,91
EC:B5:FA:99:AC:15,ALL,udp:53645,192.168.3.114*,2,166,1,91,1,75
EC:B5:FA:99:AC:15,ALL,udp:48523,192.168.3.1*,2,223,1,75,1,148
EC:B5:FA:99:AC:15,ALL,udp:48523,192.168.3.114*,2,223,1,148,1,75
EC:B5:FA:99:AC:15,ALL,udp:37239,192.168.3.1*,2,239,1,76,1,163
EC:B5:FA:99:AC:15,ALL,udp:37239,192.168.3.114*,2,239,1,163,1,76
EC:B5:FA:99:AC:15,ALL,udp:36840,192.168.3.1*,2,272,1,76,1,196
EC:B5:FA:99:AC:15,ALL,udp:36840,192.168.3.114*,2,272,1,196,1,76
EC:B5:FA:99:AC:15,ALL,udp:55287,192.168.3.1*,2,188,1,86,1,102
EC:B5:FA:99:AC:15,ALL,udp:55287,192.168.3.114*,2,188,1,102,1,86
EC:B5:FA:99:AC:15,ALL,udp:60546,192.168.3.1*,2,247,1,86,1,161
EC:B5:FA:99:AC:15,ALL,udp:60546,192.168.3.114*,2,247,1,161,1,86
EC:B5:FA:99:AC:15,ALL,udp:39806,192.168.3.1*,2,239,1,76,1,163
EC:B5:FA:99:AC:15,ALL,udp:39806,192.168.3.114*,2,239,1,163,1,76
EC:B5:FA:99:AC:15,ALL,udp:43884,192.168.3.1*,2,272,1,76,1,196
EC:B5:FA:99:AC:15,ALL,udp:43884,192.168.3.114*,2,272,1,196,1,76
EC:B5:FA:99:AC:15,ALL,udp:34642,192.168.3.1*,2,239,1,76,1,163
EC:B5:FA:99:AC:15,ALL,udp:34642,192.168.3.114*,2,239,1,163,1,76
EC:B5:FA:99:AC:15,ALL,udp:51269,192.168.3.1*,2,272,1,76,1,196
EC:B5:FA:99:AC:15,ALL,udp:51269,192.168.3.114*,2,272,1,196,1,76
EC:B5:FA:99:AC:15,ALL,udp:51800,192.168.3.1*,2,188,1,86,1,102
EC:B5:FA:99:AC:15,ALL,udp:51800,192.168.3.114*,2,188,1,102,1,86
EC:B5:FA:99:AC:15,ALL,udp:60017,192.168.3.1,2,247,1,86,1,161
EC:B5:FA:99:AC:15,ALL,udp:60017,192.168.3.120,6,2028,6,2028,0,0
EC:B5:FA:99:AC:15,ALL,udp:47148,192.168.3.1,2,239,1,76,1,163
EC:B5:FA:99:AC:15,ALL,udp:47148,192.168.3.120,6,2028,6,2028,0,0
EC:B5:FA:99:AC:15,ALL,udp:51170,192.168.3.1,2,272,1,76,1,196
EC:B5:FA:99:AC:15,ALL,udp:51170,192.168.3.120,6,2028,6,2028,0,0
EC:B5:FA:99:AC:15,ALL,udp:45790,192.168.3.1*,2,239,1,76,1,163
EC:B5:FA:99:AC:15,ALL,udp:45790,192.168.3.114*,2,239,1,163,1,76
EC:B5:FA:99:AC:15,ALL,udp:48809,192.168.3.1*,2,272,1,76,1,196
EC:B5:FA:99:AC:15,ALL,udp:48809,192.168.3.114*,2,272,1,196,1,76
EC:B5:FA:99:AC:15,ALL,udp:55275,192.168.3.1*,2,188,1,86,1,102
EC:B5:FA:99:AC:15,ALL,udp:55275,192.168.3.114*,2,188,1,102,1,86
EC:B5:FA:99:AC:15,ALL,udp:35330,192.168.3.1*,2,247,1,86,1,161
EC:B5:FA:99:AC:15,ALL,udp:35330,192.168.3.114*,2,247,1,161,1,86
EC:B5:FA:99:AC:15,ALL,udp:38262,192.168.3.1*,2,239,1,76,1,163
EC:B5:FA:99:AC:15,ALL,udp:38262,192.168.3.114*,2,239,1,163,1,76
EC:B5:FA:99:AC:15,ALL,udp:58662,192.168.3.1,2,272,1,76,1,196
EC:B5:FA:99:AC:15,ALL,udp:58662,192.168.3.120,6,2028,6,2028,0,0
EC:B5:FA:99:AC:15,ALL,udp:33188,192.168.3.1*,2,188,1,86,1,102
EC:B5:FA:99:AC:15,ALL,udp:33188,192.168.3.114*,2,188,1,102,1,86
EC:B5:FA:99:AC:15,ALL,udp:55387,192.168.3.1*,2,247,1,86,1,161
EC:B5:FA:99:AC:15,ALL,udp:55387,192.168.3.114*,2,247,1,161,1,86
EC:B5:FA:99:AC:15,ALL,udp:37893,192.168.3.1*,2,239,1,76,1,163
EC:B5:FA:99:AC:15,ALL,udp:37893,192.168.3.114*,2,239,1,163,1,76
EC:B5:FA:99:AC:15,ALL,udp:49097,192.168.3.1,2,272,1,76,1,196
EC:B5:FA:99:AC:15,ALL,udp:49097,192.168.3.120,6,2028,6,2028,0,0
EC:B5:FA:99:AC:15,ALL,udp:48079,192.168.3.1*,2,188,1,86,1,102
EC:B5:FA:99:AC:15,ALL,udp:48079,192.168.3.114*,2,188,1,102,1,86
EC:B5:FA:99:AC:15,ALL,udp:53462,192.168.3.1,2,247,1,86,1,161
EC:B5:FA:99:AC:15,ALL,udp:53462,192.168.3.120,6,2028,6,2028,0,0
EC:B5:FA:99:AC:15,ALL,udp:60294,192.168.3.1*,2,239,1,76,1,163
EC:B5:FA:99:AC:15,ALL,udp:60294,192.168.3.114*,2,239,1,163,1,76
EC:B5:FA:99:AC:15,ALL,udp:36758,192.168.3.1,2,272,1,76,1,196
EC:B5:FA:99:AC:15,ALL,udp:36758,192.168.3.120,6,2028,6,2028,0,0
EC:B5:FA:99:AC:15,ALL,udp:39146,192.168.3.1*,2,239,1,76,1,163
EC:B5:FA:99:AC:15,ALL,udp:39146,192.168.3.114*,2,239,1,163,1,76
EC:B5:FA:99:AC:15,ALL,udp:50481,192.168.3.1*,2,272,1,76,1,196
EC:B5:FA:99:AC:15,ALL,udp:50481,192.168.3.114*,2,272,1,196,1,76
EC:B5:FA:99:AC:15,ALL,udp:38761,192.168.3.1*,2,188,1,86,1,102
EC:B5:FA:99:AC:15,ALL,udp:38761,192.168.3.114*,2,188,1,102,1,86
EC:B5:FA:99:AC:15,ALL,udp:55890,192.168.3.1*,2,247,1,86,1,161
EC:B5:FA:99:AC:15,ALL,udp:55890,192.168.3.114*,2,247,1,161,1,86
EC:B5:FA:99:AC:15,ALL,udp:48884,192.168.3.1*,2,239,1,76,1,163
EC:B5:FA:99:AC:15,ALL,udp:48884,192.168.3.114*,2,239,1,163,1,76
EC:B5:FA:99:AC:15,ALL,udp:49601,192.168.3.1*,2,272,1,76,1,196
EC:B5:FA:99:AC:15,ALL,udp:49601,192.168.3.114*,2,272,1,196,1,76
EC:B5:FA:99:AC:15,ALL,udp:43410,192.168.3.1*,2,188,1,86,1,102
EC:B5:FA:99:AC:15,ALL,udp:43410,192.168.3.114*,2,188,1,102,1,86
EC:B5:FA:99:AC:15,ALL,udp:37459,192.168.3.1,2,247,1,86,1,161
EC:B5:FA:99:AC:15,ALL,udp:37459,192.168.3.120,6,2028,6,2028,0,0
EC:B5:FA:99:AC:15,ALL,udp:45726,192.168.3.1,2,239,1,76,1,163
EC:B5:FA:99:AC:15,ALL,udp:45726,192.168.3.120,6,2028,6,2028,0,0
EC:B5:FA:99:AC:15,ALL,udp:44847,192.168.3.1*,2,272,1,76,1,196
EC:B5:FA:99:AC:15,ALL,udp:44847,192.168.3.114*,2,272,1,196,1,76
EC:B5:FA:99:AC:15,ALL,udp:39317,192.168.3.1*,2,188,1,86,1,102
EC:B5:FA:99:AC:15,ALL,udp:39317,192.168.3.114*,2,188,1,102,1,86
EC:B5:FA:99:AC:15,ALL,udp:39125,192.168.3.1*,2,247,1,86,1,161
EC:B5:FA:99:AC:15,ALL,udp:39125,192.168.3.114*,2,247,1,161,1,86
EC:B5:FA:99:AC:15,ALL,udp:58278,192.168.3.1*,2,239,1,76,1,163
EC:B5:FA:99:AC:15,ALL,udp:58278,192.168.3.114*,2,239,1,163,1,76
EC:B5:FA:99:AC:15,ALL,udp:40881,192.168.3.1*,2,272,1,76,1,196
EC:B5:FA:99:AC:15,ALL,udp:40881,192.168.3.114*,2,272,1,196,1,76
EC:B5:FA:99:AC:15,ALL,udp:59303,192.168.3.1*,2,188,1,86,1,102
EC:B5:FA:99:AC:15,ALL,udp:59303,192.168.3.114*,2,188,1,102,1,86
EC:B5:FA:99:AC:15,ALL,udp:33934,192.168.3.1*,2,247,1,86,1,161
EC:B5:FA:99:AC:15,ALL,udp:33934,192.168.3.114*,2,247,1,161,1,86
EC:B5:FA:99:AC:15,ALL,udp:44582,192.168.3.1*,2,239,1,76,1,163
EC:B5:FA:99:AC:15,ALL,udp:44582,192.168.3.114*,2,239,1,163,1,76
EC:B5:FA:99:AC:15,ALL,udp:35965,192.168.3.1*,2,272,1,76,1,196
EC:B5:FA:99:AC:15,ALL,udp:35965,192.168.3.114*,2,272,1,196,1,76
EC:B5:FA:99:AC:15,ALL,udp:42454,192.168.3.1*,2,188,1,86,1,102
EC:B5:FA:99:AC:15,ALL,udp:42454,192.168.3.114*,2,188,1,102,1,86
EC:B5:FA:99:AC:15,ALL,udp:44734,192.168.3.1*,2,247,1,86,1,161
EC:B5:FA:99:AC:15,ALL,udp:44734,192.168.3.114*,2,247,1,161,1,86
EC:B5:FA:99:AC:15,ALL,udp:38220,192.168.3.1*,2,239,1,76,1,163
EC:B5:FA:99:AC:15,ALL,udp:38220,192.168.3.114*,2,239,1,163,1,76
EC:B5:FA:99:AC:15,ALL,udp:51775,192.168.3.1*,2,272,1,76,1,196
EC:B5:FA:99:AC:15,ALL,udp:51775,192.168.3.114*,2,272,1,196,1,76
EC:B5:FA:99:AC:15,ALL,udp:48926,192.168.3.1,2,188,1,86,1,102
EC:B5:FA:99:AC:15,ALL,udp:48926,192.168.3.120,6,2028,6,2028,0,0
EC:B5:FA:99:AC:15,ALL,udp:58052,192.168.3.1*,2,247,1,86,1,161
EC:B5:FA:99:AC:15,ALL,udp:58052,192.168.3.114*,2,247,1,161,1,86
EC:B5:FA:99:AC:15,ALL,udp:40083,192.168.3.1*,2,239,1,76,1,163
EC:B5:FA:99:AC:15,ALL,udp:40083,192.168.3.114*,2,239,1,163,1,76
EC:B5:FA:99:AC:15,ALL,udp:44975,192.168.3.1*,2,272,1,76,1,196
EC:B5:FA:99:AC:15,ALL,udp:44975,192.168.3.114*,2,272,1,196,1,76
EC:B5:FA:99:AC:15,ALL,udp:47197,192.168.3.1*,2,188,1,86,1,102
EC:B5:FA:99:AC:15,ALL,udp:47197,192.168.3.114*,2,188,1,102,1,86
EC:B5:FA:99:AC:15,ALL,udp:57123,192.168.3.1*,2,247,1,86,1,161
EC:B5:FA:99:AC:15,ALL,udp:57123,192.168.3.114*,2,247,1,161,1,86
EC:B5:FA:99:AC:15,ALL,udp:56194,192.168.3.1,2,239,1,76,1,163
EC:B5:FA:99:AC:15,ALL,udp:56194,192.168.3.120,6,2028,6,2028,0,0
EC:B5:FA:99:AC:15,ALL,udp:36495,192.168.3.1*,2,272,1,76,1,196
EC:B5:FA:99:AC:15,ALL,udp:36495,192.168.3.114*,2,272,1,196,1,76
EC:B5:FA:99:AC:15,ALL,udp:46042,192.168.3.1*,2,188,1,86,1,102
EC:B5:FA:99:AC:15,ALL,udp:46042,192.168.3.114*,2,188,1,102,1,86
EC:B5:FA:99:AC:15,ALL,udp:48333,192.168.3.1*,2,247,1,86,1,161
EC:B5:FA:99:AC:15,ALL,udp:48333,192.168.3.114*,2,247,1,161,1,86
EC:B5:FA:99:AC:15,ALL,udp:50480,192.168.3.1*,2,232,1,76,1,156
EC:B5:FA:99:AC:15,ALL,udp:50480,192.168.3.114*,2,232,1,156,1,76
EC:B5:FA:99:AC:15,ALL,udp:43445,192.168.3.1,2,265,1,76,1,189
EC:B5:FA:99:AC:15,ALL,udp:43445,192.168.3.120,6,2028,6,2028,0,0
EC:B5:FA:99:AC:15,ALL,udp:44442,192.168.3.1*,2,239,1,76,1,163
EC:B5:FA:99:AC:15,ALL,udp:44442,192.168.3.114*,2,239,1,163,1,76
EC:B5:FA:99:AC:15,ALL,udp:38849,192.168.3.1*,2,272,1,76,1,196
EC:B5:FA:99:AC:15,ALL,udp:38849,192.168.3.114*,2,272,1,196,1,76
EC:B5:FA:99:AC:15,ALL,udp:58329,192.168.3.1*,2,164,1,74,1,90
EC:B5:FA:99:AC:15,ALL,udp:58329,192.168.3.114*,2,164,1,90,1,74
EC:B5:FA:99:AC:15,ALL,udp:47751,192.168.3.1,2,223,1,74,1,149
EC:B5:FA:99:AC:15,ALL,udp:47751,192.168.3.120,6,2028,6,2028,0,0
EC:B5:FA:99:AC:15,ALL,udp:35268,192.168.3.1*,2,232,1,76,1,156
EC:B5:FA:99:AC:15,ALL,udp:35268,192.168.3.114*,2,232,1,156,1,76
EC:B5:FA:99:AC:15,ALL,udp:40299,192.168.3.1*,2,182,1,83,1,99
EC:B5:FA:99:AC:15,ALL,udp:40299,192.168.3.114*,2,182,1,99,1,83
EC:B5:FA:99:AC:15,ALL,udp:55520,192.168.3.1*,2,241,1,83,1,158
EC:B5:FA:99:AC:15,ALL,udp:55520,192.168.3.114*,2,241,1,158,1,83
EC:B5:FA:99:AC:15,ALL,udp:48149,192.168.3.1*,2,239,1,76,1,163
EC:B5:FA:99:AC:15,ALL,udp:48149,192.168.3.114*,2,239,1,163,1,76
EC:B5:FA:99:AC:15,ALL,udp:60779,192.168.3.1*,2,272,1,76,1,196
EC:B5:FA:99:AC:15,ALL,udp:60779,192.168.3.114*,2,272,1,196,1,76
EC:B5:FA:99:AC:15,ALL,udp:53419,192.168.3.1*,2,239,1,76,1,163
EC:B5:FA:99:AC:15,ALL,udp:53419,192.168.3.114*,2,239,1,163,1,76
EC:B5:FA:99:AC:15,ALL,udp:47656,192.168.3.1*,2,188,1,86,1,102
EC:B5:FA:99:AC:15,ALL,udp:47656,192.168.3.114*,2,188,1,102,1,86
EC:B5:FA:99:AC:15,ALL,udp:40439,192.168.3.1,2,247,1,86,1,161
EC:B5:FA:99:AC:15,ALL,udp:40439,192.168.3.120,6,2028,6,2028,0,0
EC:B5:FA:99:AC:15,ALL,udp:44976,192.168.3.1*,2,239,1,76,1,163
EC:B5:FA:99:AC:15,ALL,udp:44976,192.168.3.114*,2,239,1,163,1,76
EC:B5:FA:99:AC:15,ALL,udp:53745,192.168.3.1*,2,272,1,76,1,196
EC:B5:FA:99:AC:15,ALL,udp:53745,192.168.3.114*,2,272,1,196,1,76
EC:B5:FA:99:AC:15,ALL,udp:48591,192.168.3.1*,2,164,1,74,1,90
EC:B5:FA:99:AC:15,ALL,udp:48591,192.168.3.114*,2,164,1,90,1,74
