MAC,WAN/LAN,Protocol,IP,TotalPackets,TotalBytes,TxPackets,TxBytes,RxPackets,RxBytes
90:31:4B:71:8E:B6,ALL,ip,150.136.255.34,36,13662,18,2484,18,11178
90:31:4B:71:8E:B6,ALL,ip,16.15.192.81,45,19073,26,11221,19,7852
90:31:4B:71:8E:B6,ALL,ip,16.15.216.184,43,17665,25,9867,18,7798
90:31:4B:71:8E:B6,ALL,ip,16.182.100.120,42,17066,25,9566,17,7500
90:31:4B:71:8E:B6,ALL,ip,16.182.101.240,43,18192,26,10692,17,7500
90:31:4B:71:8E:B6,ALL,ip,16.182.102.56,42,17428,25,9928,17,7500
90:31:4B:71:8E:B6,ALL,ip,16.182.104.88,47,17386,25,9616,22,7770
90:31:4B:71:8E:B6,ALL,ip,16.182.106.0,41,16914,25,9468,16,7446
90:31:4B:71:8E:B6,ALL,ip,16.182.106.152,40,16908,25,9516,15,7392
90:31:4B:71:8E:B6,ALL,ip,16.182.32.152,42,17077,25,9577,17,7500
90:31:4B:71:8E:B6,ALL,ip,16.182.34.112,42,17098,25,9598,17,7500
90:31:4B:71:8E:B6,ALL,ip,16.182.38.216,42,17101,25,9601,17,7500
90:31:4B:71:8E:B6,ALL,ip,16.182.39.160,42,17061,25,9561,17,7500
90:31:4B:71:8E:B6,ALL,ip,16.182.43.24,40,16806,25,9414,15,7392
90:31:4B:71:8E:B6,ALL,ip,16.182.43.56,41,16964,25,9518,16,7446
90:31:4B:71:8E:B6,ALL,ip,16.182.66.176,43,17840,25,10286,18,7554
90:31:4B:71:8E:B6,ALL,ip,16.182.72.144,43,16970,25,9416,18,7554
90:31:4B:71:8E:B6,ALL,ip,16.182.96.56,42,17256,25,9756,17,7500
90:31:4B:71:8E:B6,ALL,ip,16.182.97.240,41,16979,24,9479,17,7500
90:31:4B:71:8E:B6,ALL,ip,208.67.220.220,400,47250,200,15631,200,31619
90:31:4B:71:8E:B6,ALL,ip,3.218.218.223,28,9074,16,1760,12,7314
90:31:4B:71:8E:B6,ALL,ip,3.226.69.144,112,36344,64,7040,48,29304
90:31:4B:71:8E:B6,ALL,ip,3.5.0.72,88,35649,51,19987,37,15662
90:31:4B:71:8E:B6,ALL,ip,3.5.0.83,44,18048,25,10196,19,7852
90:31:4B:71:8E:B6,ALL,ip,3.5.12.137,43,17743,25,9945,18,7798
90:31:4B:71:8E:B6,ALL,ip,3.5.12.213,41,18313,25,10647,16,7666
90:31:4B:71:8E:B6,ALL,ip,3.5.14.151,43,17942,25,10144,18,7798
90:31:4B:71:8E:B6,ALL,ip,3.5.20.82,42,17753,25,10021,17,7732
90:31:4B:71:8E:B6,ALL,ip,3.5.21.36,44,17755,25,9903,19,7852
90:31:4B:71:8E:B6,ALL,ip,3.5.22.209,44,17682,26,9896,18,7786
90:31:4B:71:8E:B6,ALL,ip,3.5.31.134,44,18603,25,10751,19,7852
90:31:4B:71:8E:B6,ALL,ip,3.5.31.163,42,17715,25,9995,17,7720
90:31:4B:71:8E:B6,ALL,ip,3.89.18.93,265,84504,154,17129,111,67375
90:31:4B:71:8E:B6,ALL,ip,34.193.188.156,84,27258,48,5280,36,21978
90:31:4B:71:8E:B6,ALL,ip,34.194.40.211,307,18422,164,9155,143,9267
90:31:4B:71:8E:B6,ALL,ip,34.231.55.101,119,39804,70,8015,49,31789
90:31:4B:71:8E:B6,ALL,ip,34.232.206.48,520,171510,299,33061,221,138449
90:31:4B:71:8E:B6,ALL,ip,34.232.247.198,53,17974,32,3520,21,14454
90:31:4B:71:8E:B6,ALL,ip,44.199.55.95,343,106024,197,22064,146,83960
90:31:4B:71:8E:B6,ALL,ip,50.17.211.227,335,111578,197,22516,138,89062
90:31:4B:71:8E:B6,ALL,ip,52.20.116.208,463,139330,267,29994,196,109336
90:31:4B:71:8E:B6,ALL,ip,52.200.232.52,310,18577,167,9315,143,9262
90:31:4B:71:8E:B6,ALL,ip,52.201.138.67,312,103686,182,20863,130,82823
90:31:4B:71:8E:B6,ALL,ip,52.21.69.56,1,66,1,66,0,0
90:31:4B:71:8E:B6,ALL,ip,52.216.109.37,42,16952,25,9452,17,7500
90:31:4B:71:8E:B6,ALL,ip,52.216.136.214,41,16867,25,9421,16,7446
90:31:4B:71:8E:B6,ALL,ip,52.216.137.238,43,17333,25,9779,18,7554
90:31:4B:71:8E:B6,ALL,ip,52.216.170.173,43,17935,25,10381,18,7554
90:31:4B:71:8E:B6,ALL,ip,52.216.177.245,42,17096,25,9596,17,7500
90:31:4B:71:8E:B6,ALL,ip,52.216.187.93,43,17317,26,9817,17,7500
90:31:4B:71:8E:B6,ALL,ip,52.216.209.64,42,17022,25,9522,17,7500
90:31:4B:71:8E:B6,ALL,ip,52.216.212.248,41,17115,25,9669,16,7446
90:31:4B:71:8E:B6,ALL,ip,52.216.216.160,44,17750,26,10196,18,7554
90:31:4B:71:8E:B6,ALL,ip,52.216.218.40,40,16867,25,9475,15,7392
90:31:4B:71:8E:B6,ALL,ip,52.216.222.152,41,17031,24,9531,17,7500
90:31:4B:71:8E:B6,ALL,ip,52.216.241.14,42,16982,25,9482,17,7500
90:31:4B:71:8E:B6,ALL,ip,52.216.249.126,43,17068,25,9514,18,7554
90:31:4B:71:8E:B6,ALL,ip,52.216.250.206,43,17328,25,9774,18,7554
90:31:4B:71:8E:B6,ALL,ip,52.216.26.222,42,17337,25,9837,17,7500
90:31:4B:71:8E:B6,ALL,ip,52.216.34.208,43,17971,25,10417,18,7554
90:31:4B:71:8E:B6,ALL,ip,52.216.36.88,43,18069,26,10569,17,7500
90:31:4B:71:8E:B6,ALL,ip,52.216.40.144,83,33942,50,18996,33,14946
90:31:4B:71:8E:B6,ALL,ip,52.216.43.240,43,18179,26,10679,17,7500
90:31:4B:71:8E:B6,ALL,ip,52.216.44.152,44,17521,26,9967,18,7554
90:31:4B:71:8E:B6,ALL,ip,52.216.44.184,43,17490,25,9936,18,7554
90:31:4B:71:8E:B6,ALL,ip,52.216.50.48,43,17336,25,9782,18,7554
90:31:4B:71:8E:B6,ALL,ip,52.216.50.80,40,17119,25,9727,15,7392
90:31:4B:71:8E:B6,ALL,ip,52.216.51.168,1,54,1,54,0,0
90:31:4B:71:8E:B6,ALL,ip,52.216.54.16,44,18214,26,10660,18,7554
90:31:4B:71:8E:B6,ALL,ip,52.216.77.230,42,17202,25,9702,17,7500
90:31:4B:71:8E:B6,ALL,ip,52.216.9.13,42,16883,25,9383,17,7500
90:31:4B:71:8E:B6,ALL,ip,52.217.10.198,42,17533,25,10033,17,7500
90:31:4B:71:8E:B6,ALL,ip,52.217.112.160,42,17862,25,10362,17,7500
90:31:4B:71:8E:B6,ALL,ip,52.217.112.40,45,18321,26,10713,19,7608
90:31:4B:71:8E:B6,ALL,ip,52.217.112.56,43,17176,25,9622,18,7554
90:31:4B:71:8E:B6,ALL,ip,52.217.114.16,42,17237,25,9737,17,7500
90:31:4B:71:8E:B6,ALL,ip,52.217.115.80,43,17230,26,9730,17,7500
90:31:4B:71:8E:B6,ALL,ip,52.217.120.160,42,17922,24,10368,18,7554
90:31:4B:71:8E:B6,ALL,ip,52.217.121.104,45,17381,25,9719,20,7662
90:31:4B:71:8E:B6,ALL,ip,52.217.122.152,42,17362,25,9862,17,7500
90:31:4B:71:8E:B6,ALL,ip,52.217.125.104,44,18028,26,10474,18,7554
90:31:4B:71:8E:B6,ALL,ip,52.217.129.168,43,17000,25,9446,18,7554
90:31:4B:71:8E:B6,ALL,ip,52.217.134.232,41,17281,25,9835,16,7446
90:31:4B:71:8E:B6,ALL,ip,52.217.134.24,42,17573,25,10073,17,7500
90:31:4B:71:8E:B6,ALL,ip,52.217.135.80,41,16935,25,9489,16,7446
90:31:4B:71:8E:B6,ALL,ip,52.217.136.160,40,17148,25,9756,15,7392
90:31:4B:71:8E:B6,ALL,ip,52.217.14.190,43,17454,25,9900,18,7554
90:31:4B:71:8E:B6,ALL,ip,52.217.140.144,45,19580,27,12026,18,7554
90:31:4B:71:8E:B6,ALL,ip,52.217.142.136,43,18126,26,10626,17,7500
90:31:4B:71:8E:B6,ALL,ip,52.217.160.168,41,16939,25,9493,16,7446
90:31:4B:71:8E:B6,ALL,ip,52.217.165.160,44,18257,26,10703,18,7554
90:31:4B:71:8E:B6,ALL,ip,52.217.172.232,43,17838,25,10284,18,7554
90:31:4B:71:8E:B6,ALL,ip,52.217.173.240,43,17979,26,10479,17,7500
90:31:4B:71:8E:B6,ALL,ip,52.217.174.72,42,17053,25,9553,17,7500
90:31:4B:71:8E:B6,ALL,ip,52.217.175.120,43,16896,25,9342,18,7554
90:31:4B:71:8E:B6,ALL,ip,52.217.175.32,41,17034,25,9588,16,7446
90:31:4B:71:8E:B6,ALL,ip,52.217.193.72,42,17145,25,9645,17,7500
90:31:4B:71:8E:B6,ALL,ip,52.217.198.229,42,17113,25,9613,17,7500
90:31:4B:71:8E:B6,ALL,ip,52.217.201.80,45,20431,27,12877,18,7554
90:31:4B:71:8E:B6,ALL,ip,52.217.202.80,43,16972,25,9418,18,7554
90:31:4B:71:8E:B6,ALL,ip,52.217.203.80,41,17019,25,9573,16,7446
90:31:4B:71:8E:B6,ALL,ip,52.217.205.184,42,17048,25,9548,17,7500
90:31:4B:71:8E:B6,ALL,ip,52.217.206.224,42,17366,25,9866,17,7500
90:31:4B:71:8E:B6,ALL,ip,52.217.206.48,41,17144,25,9698,16,7446
90:31:4B:71:8E:B6,ALL,ip,52.217.224.208,43,17056,25,9502,18,7554
90:31:4B:71:8E:B6,ALL,ip,52.217.225.8,41,17039,25,9593,16,7446
90:31:4B:71:8E:B6,ALL,ip,52.217.226.0,42,17411,25,9911,17,7500
90:31:4B:71:8E:B6,ALL,ip,52.217.226.24,42,17836,25,10336,17,7500
90:31:4B:71:8E:B6,ALL,ip,52.217.227.8,45,18237,26,10629,19,7608
90:31:4B:71:8E:B6,ALL,ip,52.217.230.136,41,17067,25,9621,16,7446
90:31:4B:71:8E:B6,ALL,ip,52.217.254.0,40,17110,25,9718,15,7392
90:31:4B:71:8E:B6,ALL,ip,52.217.37.110,42,17891,24,10337,18,7554
90:31:4B:71:8E:B6,ALL,ip,52.217.43.78,43,17601,25,10047,18,7554
90:31:4B:71:8E:B6,ALL,ip,52.217.67.214,43,17238,25,9684,18,7554
90:31:4B:71:8E:B6,ALL,ip,52.217.69.246,41,17049,25,9603,16,7446
90:31:4B:71:8E:B6,ALL,ip,52.217.72.246,44,17303,25,9695,19,7608
90:31:4B:71:8E:B6,ALL,ip,52.217.80.14,42,17327,24,9773,18,7554
90:31:4B:71:8E:B6,ALL,ip,52.217.99.86,43,17350,25,9796,18,7554
90:31:4B:71:8E:B6,ALL,ip,52.86.188.143,9114,807321,5990,493442,3124,313879
90:31:4B:71:8E:B6,ALL,ip,54.159.6.195,387,41863,244,21765,143,20098
90:31:4B:71:8E:B6,ALL,ip,54.164.166.158,11748,1018634,7763,633480,3985,385154
90:31:4B:71:8E:B6,ALL,ip,54.165.174.134,276,90632,160,17636,116,72996
90:31:4B:71:8E:B6,ALL,ip,54.221.201.39,246,81390,144,15864,102,65526
90:31:4B:71:8E:B6,ALL,ip,54.223.118.211,37,13800,19,2622,18,11178
90:31:4B:71:8E:B6,ALL,ip,54.231.131.72,42,17437,25,9937,17,7500
90:31:4B:71:8E:B6,ALL,ip,54.231.132.32,43,17234,25,9680,18,7554
90:31:4B:71:8E:B6,ALL,ip,54.231.161.240,43,16982,26,9482,17,7500
90:31:4B:71:8E:B6,ALL,ip,54.231.162.56,41,17366,25,9920,16,7446
90:31:4B:71:8E:B6,ALL,ip,54.231.170.240,43,17033,25,9479,18,7554
90:31:4B:71:8E:B6,ALL,ip,54.231.202.120,41,17338,25,9892,16,7446
90:31:4B:71:8E:B6,ALL,ip,54.231.226.184,41,16970,25,9524,16,7446
90:31:4B:71:8E:B6,ALL,ip,54.231.229.72,42,17278,25,9778,17,7500
90:31:4B:71:8E:B6,ALL,ip,54.231.230.144,43,17194,25,9640,18,7554
90:31:4B:71:8E:B6,ALL,ip,54.84.154.83,289,91398,171,18294,118,73104
90:31:4B:71:8E:B6,ALL,ip,54.86.175.178,302,99562,176,19372,126,80190
90:31:4B:71:8E:B6,ALL,ip,54.89.54.2,75,21286,43,4875,32,16411
90:31:4B:71:8E:B6,ALL,ip,8.8.4.4,136,15817,68,5276,68,10541
90:31:4B:71:8E:B6,ALL,ip,8.8.8.8,120,13086,60,4621,60,8465
90:31:4B:71:8E:B6,ALL,ip,9.9.9.9,342,39860,171,13289,171,26571
90:31:4B:71:8E:B6,ALL,ip,98.82.204.13,227,67488,134,14369,93,53119
90:31:4B:71:8E:B6,ALL,udp,150.136.255.34,36,13662,18,2484,18,11178
90:31:4B:71:8E:B6,ALL,udp,208.67.220.220,400,47250,200,15631,200,31619
90:31:4B:71:8E:B6,ALL,udp,34.194.40.211,307,18422,164,9155,143,9267
90:31:4B:71:8E:B6,ALL,udp,52.200.232.52,310,18577,167,9315,143,9262
90:31:4B:71:8E:B6,ALL,udp,54.223.118.211,37,13800,19,2622,18,11178
90:31:4B:71:8E:B6,ALL,udp,8.8.4.4,136,15817,68,5276,68,10541
90:31:4B:71:8E:B6,ALL,udp,8.8.8.8,120,13086,60,4621,60,8465
90:31:4B:71:8E:B6,ALL,udp,9.9.9.9,342,39860,171,13289,171,26571
90:31:4B:71:8E:B6,ALL,tcp,16.15.192.81,45,19073,26,11221,19,7852
90:31:4B:71:8E:B6,ALL,tcp,16.15.216.184,43,17665,25,9867,18,7798
90:31:4B:71:8E:B6,ALL,tcp,16.182.100.120,42,17066,25,9566,17,7500
90:31:4B:71:8E:B6,ALL,tcp,16.182.101.240,43,18192,26,10692,17,7500
90:31:4B:71:8E:B6,ALL,tcp,16.182.102.56,42,17428,25,9928,17,7500
90:31:4B:71:8E:B6,ALL,tcp,16.182.104.88,47,17386,25,9616,22,7770
90:31:4B:71:8E:B6,ALL,tcp,16.182.106.0,41,16914,25,9468,16,7446
90:31:4B:71:8E:B6,ALL,tcp,16.182.106.152,40,16908,25,9516,15,7392
90:31:4B:71:8E:B6,ALL,tcp,16.182.32.152,42,17077,25,9577,17,7500
90:31:4B:71:8E:B6,ALL,tcp,16.182.34.112,42,17098,25,9598,17,7500
90:31:4B:71:8E:B6,ALL,tcp,16.182.38.216,42,17101,25,9601,17,7500
90:31:4B:71:8E:B6,ALL,tcp,16.182.39.160,42,17061,25,9561,17,7500
90:31:4B:71:8E:B6,ALL,tcp,16.182.43.24,40,16806,25,9414,15,7392
90:31:4B:71:8E:B6,ALL,tcp,16.182.43.56,41,16964,25,9518,16,7446
90:31:4B:71:8E:B6,ALL,tcp,16.182.66.176,43,17840,25,10286,18,7554
90:31:4B:71:8E:B6,ALL,tcp,16.182.72.144,43,16970,25,9416,18,7554
90:31:4B:71:8E:B6,ALL,tcp,16.182.96.56,42,17256,25,9756,17,7500
90:31:4B:71:8E:B6,ALL,tcp,16.182.97.240,41,16979,24,9479,17,7500
90:31:4B:71:8E:B6,ALL,tcp,3.218.218.223,28,9074,16,1760,12,7314
90:31:4B:71:8E:B6,ALL,tcp,3.226.69.144,112,36344,64,7040,48,29304
90:31:4B:71:8E:B6,ALL,tcp,3.5.0.72,88,35649,51,19987,37,15662
90:31:4B:71:8E:B6,ALL,tcp,3.5.0.83,44,18048,25,10196,19,7852
90:31:4B:71:8E:B6,ALL,tcp,3.5.12.137,43,17743,25,9945,18,7798
90:31:4B:71:8E:B6,ALL,tcp,3.5.12.213,41,18313,25,10647,16,7666
90:31:4B:71:8E:B6,ALL,tcp,3.5.14.151,43,17942,25,10144,18,7798
90:31:4B:71:8E:B6,ALL,tcp,3.5.20.82,42,17753,25,10021,17,7732
90:31:4B:71:8E:B6,ALL,tcp,3.5.21.36,44,17755,25,9903,19,7852
90:31:4B:71:8E:B6,ALL,tcp,3.5.22.209,44,17682,26,9896,18,7786
90:31:4B:71:8E:B6,ALL,tcp,3.5.31.134,44,18603,25,10751,19,7852
90:31:4B:71:8E:B6,ALL,tcp,3.5.31.163,42,17715,25,9995,17,7720
90:31:4B:71:8E:B6,ALL,tcp,3.89.18.93,265,84504,154,17129,111,67375
90:31:4B:71:8E:B6,ALL,tcp,34.193.188.156,84,27258,48,5280,36,21978
90:31:4B:71:8E:B6,ALL,tcp,34.231.55.101,119,39804,70,8015,49,31789
90:31:4B:71:8E:B6,ALL,tcp,34.232.206.48,520,171510,299,33061,221,138449
90:31:4B:71:8E:B6,ALL,tcp,34.232.247.198,53,17974,32,3520,21,14454
90:31:4B:71:8E:B6,ALL,tcp,44.199.55.95,343,106024,197,22064,146,83960
90:31:4B:71:8E:B6,ALL,tcp,50.17.211.227,335,111578,197,22516,138,89062
90:31:4B:71:8E:B6,ALL,tcp,52.20.116.208,463,139330,267,29994,196,109336
90:31:4B:71:8E:B6,ALL,tcp,52.201.138.67,312,103686,182,20863,130,82823
90:31:4B:71:8E:B6,ALL,tcp,52.21.69.56,1,66,1,66,0,0
90:31:4B:71:8E:B6,ALL,tcp,52.216.109.37,42,16952,25,9452,17,7500
90:31:4B:71:8E:B6,ALL,tcp,52.216.136.214,41,16867,25,9421,16,7446
90:31:4B:71:8E:B6,ALL,tcp,52.216.137.238,43,17333,25,9779,18,7554
90:31:4B:71:8E:B6,ALL,tcp,52.216.170.173,43,17935,25,10381,18,7554
90:31:4B:71:8E:B6,ALL,tcp,52.216.177.245,42,17096,25,9596,17,7500
90:31:4B:71:8E:B6,ALL,tcp,52.216.187.93,43,17317,26,9817,17,7500
90:31:4B:71:8E:B6,ALL,tcp,52.216.209.64,42,17022,25,9522,17,7500
90:31:4B:71:8E:B6,ALL,tcp,52.216.212.248,41,17115,25,9669,16,7446
90:31:4B:71:8E:B6,ALL,tcp,52.216.216.160,44,17750,26,10196,18,7554
90:31:4B:71:8E:B6,ALL,tcp,52.216.218.40,40,16867,25,9475,15,7392
90:31:4B:71:8E:B6,ALL,tcp,52.216.222.152,41,17031,24,9531,17,7500
90:31:4B:71:8E:B6,ALL,tcp,52.216.241.14,42,16982,25,9482,17,7500
90:31:4B:71:8E:B6,ALL,tcp,52.216.249.126,43,17068,25,9514,18,7554
90:31:4B:71:8E:B6,ALL,tcp,52.216.250.206,43,17328,25,9774,18,7554
90:31:4B:71:8E:B6,ALL,tcp,52.216.26.222,42,17337,25,9837,17,7500
90:31:4B:71:8E:B6,ALL,tcp,52.216.34.208,43,17971,25,10417,18,7554
90:31:4B:71:8E:B6,ALL,tcp,52.216.36.88,43,18069,26,10569,17,7500
90:31:4B:71:8E:B6,ALL,tcp,52.216.40.144,83,33942,50,18996,33,14946
90:31:4B:71:8E:B6,ALL,tcp,52.216.43.240,43,18179,26,10679,17,7500
90:31:4B:71:8E:B6,ALL,tcp,52.216.44.152,44,17521,26,9967,18,7554
90:31:4B:71:8E:B6,ALL,tcp,52.216.44.184,43,17490,25,9936,18,7554
90:31:4B:71:8E:B6,ALL,tcp,52.216.50.48,43,17336,25,9782,18,7554
90:31:4B:71:8E:B6,ALL,tcp,52.216.50.80,40,17119,25,9727,15,7392
90:31:4B:71:8E:B6,ALL,tcp,52.216.51.168,1,54,1,54,0,0
90:31:4B:71:8E:B6,ALL,tcp,52.216.54.16,44,18214,26,10660,18,7554
90:31:4B:71:8E:B6,ALL,tcp,52.216.77.230,42,17202,25,9702,17,7500
90:31:4B:71:8E:B6,ALL,tcp,52.216.9.13,42,16883,25,9383,17,7500
90:31:4B:71:8E:B6,ALL,tcp,52.217.10.198,42,17533,25,10033,17,7500
90:31:4B:71:8E:B6,ALL,tcp,52.217.112.160,42,17862,25,10362,17,7500
90:31:4B:71:8E:B6,ALL,tcp,52.217.112.40,45,18321,26,10713,19,7608
90:31:4B:71:8E:B6,ALL,tcp,52.217.112.56,43,17176,25,9622,18,7554
90:31:4B:71:8E:B6,ALL,tcp,52.217.114.16,42,17237,25,9737,17,7500
90:31:4B:71:8E:B6,ALL,tcp,52.217.115.80,43,17230,26,9730,17,7500
90:31:4B:71:8E:B6,ALL,tcp,52.217.120.160,42,17922,24,10368,18,7554
90:31:4B:71:8E:B6,ALL,tcp,52.217.121.104,45,17381,25,9719,20,7662
90:31:4B:71:8E:B6,ALL,tcp,52.217.122.152,42,17362,25,9862,17,7500
90:31:4B:71:8E:B6,ALL,tcp,52.217.125.104,44,18028,26,10474,18,7554
90:31:4B:71:8E:B6,ALL,tcp,52.217.129.168,43,17000,25,9446,18,7554
90:31:4B:71:8E:B6,ALL,tcp,52.217.134.232,41,17281,25,9835,16,7446
90:31:4B:71:8E:B6,ALL,tcp,52.217.134.24,42,17573,25,10073,17,7500
90:31:4B:71:8E:B6,ALL,tcp,52.217.135.80,41,16935,25,9489,16,7446
90:31:4B:71:8E:B6,ALL,tcp,52.217.136.160,40,17148,25,9756,15,7392
90:31:4B:71:8E:B6,ALL,tcp,52.217.14.190,43,17454,25,9900,18,7554
90:31:4B:71:8E:B6,ALL,tcp,52.217.140.144,45,19580,27,12026,18,7554
90:31:4B:71:8E:B6,ALL,tcp,52.217.142.136,43,18126,26,10626,17,7500
90:31:4B:71:8E:B6,ALL,tcp,52.217.160.168,41,16939,25,9493,16,7446
90:31:4B:71:8E:B6,ALL,tcp,52.217.165.160,44,18257,26,10703,18,7554
90:31:4B:71:8E:B6,ALL,tcp,52.217.172.232,43,17838,25,10284,18,7554
90:31:4B:71:8E:B6,ALL,tcp,52.217.173.240,43,17979,26,10479,17,7500
90:31:4B:71:8E:B6,ALL,tcp,52.217.174.72,42,17053,25,9553,17,7500
90:31:4B:71:8E:B6,ALL,tcp,52.217.175.120,43,16896,25,9342,18,7554
90:31:4B:71:8E:B6,ALL,tcp,52.217.175.32,41,17034,25,9588,16,7446
90:31:4B:71:8E:B6,ALL,tcp,52.217.193.72,42,17145,25,9645,17,7500
90:31:4B:71:8E:B6,ALL,tcp,52.217.198.229,42,17113,25,9613,17,7500
90:31:4B:71:8E:B6,ALL,tcp,52.217.201.80,45,20431,27,12877,18,7554
90:31:4B:71:8E:B6,ALL,tcp,52.217.202.80,43,16972,25,9418,18,7554
90:31:4B:71:8E:B6,ALL,tcp,52.217.203.80,41,17019,25,9573,16,7446
90:31:4B:71:8E:B6,ALL,tcp,52.217.205.184,42,17048,25,9548,17,7500
90:31:4B:71:8E:B6,ALL,tcp,52.217.206.224,42,17366,25,9866,17,7500
90:31:4B:71:8E:B6,ALL,tcp,52.217.206.48,41,17144,25,9698,16,7446
90:31:4B:71:8E:B6,ALL,tcp,52.217.224.208,43,17056,25,9502,18,7554
90:31:4B:71:8E:B6,ALL,tcp,52.217.225.8,41,17039,25,9593,16,7446
90:31:4B:71:8E:B6,ALL,tcp,52.217.226.0,42,17411,25,9911,17,7500
90:31:4B:71:8E:B6,ALL,tcp,52.217.226.24,42,17836,25,10336,17,7500
90:31:4B:71:8E:B6,ALL,tcp,52.217.227.8,45,18237,26,10629,19,7608
90:31:4B:71:8E:B6,ALL,tcp,52.217.230.136,41,17067,25,9621,16,7446
90:31:4B:71:8E:B6,ALL,tcp,52.217.254.0,40,17110,25,9718,15,7392
90:31:4B:71:8E:B6,ALL,tcp,52.217.37.110,42,17891,24,10337,18,7554
90:31:4B:71:8E:B6,ALL,tcp,52.217.43.78,43,17601,25,10047,18,7554
90:31:4B:71:8E:B6,ALL,tcp,52.217.67.214,43,17238,25,9684,18,7554
90:31:4B:71:8E:B6,ALL,tcp,52.217.69.246,41,17049,25,9603,16,7446
90:31:4B:71:8E:B6,ALL,tcp,52.217.72.246,44,17303,25,9695,19,7608
90:31:4B:71:8E:B6,ALL,tcp,52.217.80.14,42,17327,24,9773,18,7554
90:31:4B:71:8E:B6,ALL,tcp,52.217.99.86,43,17350,25,9796,18,7554
90:31:4B:71:8E:B6,ALL,tcp,52.86.188.143,9114,807321,5990,493442,3124,313879
90:31:4B:71:8E:B6,ALL,tcp,54.159.6.195,387,41863,244,21765,143,20098
90:31:4B:71:8E:B6,ALL,tcp,54.164.166.158,11748,1018634,7763,633480,3985,385154
90:31:4B:71:8E:B6,ALL,tcp,54.165.174.134,276,90632,160,17636,116,72996
90:31:4B:71:8E:B6,ALL,tcp,54.221.201.39,246,81390,144,15864,102,65526
90:31:4B:71:8E:B6,ALL,tcp,54.231.131.72,42,17437,25,9937,17,7500
90:31:4B:71:8E:B6,ALL,tcp,54.231.132.32,43,17234,25,9680,18,7554
90:31:4B:71:8E:B6,ALL,tcp,54.231.161.240,43,16982,26,9482,17,7500
90:31:4B:71:8E:B6,ALL,tcp,54.231.162.56,41,17366,25,9920,16,7446
90:31:4B:71:8E:B6,ALL,tcp,54.231.170.240,43,17033,25,9479,18,7554
90:31:4B:71:8E:B6,ALL,tcp,54.231.202.120,41,17338,25,9892,16,7446
90:31:4B:71:8E:B6,ALL,tcp,54.231.226.184,41,16970,25,9524,16,7446
90:31:4B:71:8E:B6,ALL,tcp,54.231.229.72,42,17278,25,9778,17,7500
90:31:4B:71:8E:B6,ALL,tcp,54.231.230.144,43,17194,25,9640,18,7554
90:31:4B:71:8E:B6,ALL,tcp,54.84.154.83,289,91398,171,18294,118,73104
90:31:4B:71:8E:B6,ALL,tcp,54.86.175.178,302,99562,176,19372,126,80190
90:31:4B:71:8E:B6,ALL,tcp,54.89.54.2,75,21286,43,4875,32,16411
90:31:4B:71:8E:B6,ALL,tcp,98.82.204.13,227,67488,134,14369,93,53119
90:31:4B:71:8E:B6,ALL,tls,16.15.192.81,17,9989,7,4167,10,5822
90:31:4B:71:8E:B6,ALL,tls,16.15.216.184,17,11589,7,4327,10,7262
90:31:4B:71:8E:B6,ALL,tls,16.182.100.120,16,11334,7,4278,9,7056
90:31:4B:71:8E:B6,ALL,tls,16.182.101.240,16,10974,7,3918,9,7056
90:31:4B:71:8E:B6,ALL,tls,16.182.102.56,16,11696,7,4640,9,7056
90:31:4B:71:8E:B6,ALL,tls,16.182.104.88,17,11438,7,4328,10,7110
90:31:4B:71:8E:B6,ALL,tls,16.182.106.0,16,11236,7,4180,9,7056
90:31:4B:71:8E:B6,ALL,tls,16.182.106.152,16,11284,7,4228,9,7056
90:31:4B:71:8E:B6,ALL,tls,16.182.32.152,16,11345,7,4289,9,7056
90:31:4B:71:8E:B6,ALL,tls,16.182.34.112,16,11366,7,4310,9,7056
90:31:4B:71:8E:B6,ALL,tls,16.182.38.216,16,11369,7,4313,9,7056
90:31:4B:71:8E:B6,ALL,tls,16.182.39.160,16,11329,7,4273,9,7056
90:31:4B:71:8E:B6,ALL,tls,16.182.43.24,16,11182,7,4126,9,7056
90:31:4B:71:8E:B6,ALL,tls,16.182.43.56,16,11274,7,4218,9,7056
90:31:4B:71:8E:B6,ALL,tls,16.182.66.176,16,12054,7,4998,9,7056
90:31:4B:71:8E:B6,ALL,tls,16.182.72.144,17,11238,7,4128,10,7110
90:31:4B:71:8E:B6,ALL,tls,16.182.96.56,17,11578,7,4468,10,7110
90:31:4B:71:8E:B6,ALL,tls,16.182.97.240,16,11253,7,4197,9,7056
90:31:4B:71:8E:B6,ALL,tls,3.218.218.223,10,7870,5,1026,5,6844
90:31:4B:71:8E:B6,ALL,tls,3.226.69.144,40,28632,20,4104,20,24528
90:31:4B:71:8E:B6,ALL,tls,3.5.0.72,34,21029,14,9201,20,11828
90:31:4B:71:8E:B6,ALL,tls,3.5.0.83,17,11918,7,4656,10,7262
90:31:4B:71:8E:B6,ALL,tls,3.5.12.137,17,11667,7,4405,10,7262
90:31:4B:71:8E:B6,ALL,tls,3.5.12.213,17,12369,7,5107,10,7262
90:31:4B:71:8E:B6,ALL,tls,3.5.14.151,17,11866,7,4604,10,7262
90:31:4B:71:8E:B6,ALL,tls,3.5.20.82,17,11743,7,4481,10,7262
90:31:4B:71:8E:B6,ALL,tls,3.5.21.36,17,10185,7,4363,10,5822
90:31:4B:71:8E:B6,ALL,tls,3.5.22.209,17,11540,7,4290,10,7250
90:31:4B:71:8E:B6,ALL,tls,3.5.31.134,17,12461,7,5211,10,7250
90:31:4B:71:8E:B6,ALL,tls,3.5.31.163,17,11705,7,4455,10,7250
90:31:4B:71:8E:B6,ALL,tls,3.89.18.93,97,73256,49,10119,48,63137
90:31:4B:71:8E:B6,ALL,tls,34.193.188.156,30,23646,15,3078,15,20568
90:31:4B:71:8E:B6,ALL,tls,34.231.55.101,45,34840,25,5005,20,29835
90:31:4B:71:8E:B6,ALL,tls,34.232.206.48,187,146284,94,19331,93,126953
90:31:4B:71:8E:B6,ALL,tls,34.232.247.198,20,15764,10,2052,10,13712
90:31:4B:71:8E:B6,ALL,tls,44.199.55.95,124,89854,63,13056,61,76798
90:31:4B:71:8E:B6,ALL,tls,50.17.211.227,126,96104,70,14014,56,82090
90:31:4B:71:8E:B6,ALL,tls,52.20.116.208,168,116676,86,17904,82,98772
90:31:4B:71:8E:B6,ALL,tls,52.201.138.67,117,90584,65,13013,52,77571
90:31:4B:71:8E:B6,ALL,tls,52.216.109.37,17,9842,7,4164,10,5678
90:31:4B:71:8E:B6,ALL,tls,52.216.136.214,17,8379,7,4133,10,4246
90:31:4B:71:8E:B6,ALL,tls,52.216.137.238,17,11601,7,4491,10,7110
90:31:4B:71:8E:B6,ALL,tls,52.216.170.173,17,12203,7,5093,10,7110
90:31:4B:71:8E:B6,ALL,tls,52.216.177.245,17,11418,7,4308,10,7110
90:31:4B:71:8E:B6,ALL,tls,52.216.187.93,17,11585,7,4475,10,7110
90:31:4B:71:8E:B6,ALL,tls,52.216.209.64,16,11290,7,4234,9,7056
90:31:4B:71:8E:B6,ALL,tls,52.216.212.248,16,11437,7,4381,9,7056
90:31:4B:71:8E:B6,ALL,tls,52.216.216.160,16,10478,7,3422,9,7056
90:31:4B:71:8E:B6,ALL,tls,52.216.218.40,16,11243,7,4187,9,7056
90:31:4B:71:8E:B6,ALL,tls,52.216.222.152,16,11305,7,4249,9,7056
90:31:4B:71:8E:B6,ALL,tls,52.216.241.14,17,11304,7,4194,10,7110
90:31:4B:71:8E:B6,ALL,tls,52.216.249.126,17,11336,7,4226,10,7110
90:31:4B:71:8E:B6,ALL,tls,52.216.250.206,17,11596,7,4486,10,7110
90:31:4B:71:8E:B6,ALL,tls,52.216.26.222,17,11659,7,4549,10,7110
90:31:4B:71:8E:B6,ALL,tls,52.216.34.208,16,12185,7,5129,9,7056
90:31:4B:71:8E:B6,ALL,tls,52.216.36.88,16,10851,7,3795,9,7056
90:31:4B:71:8E:B6,ALL,tls,52.216.40.144,32,22532,14,8420,18,14112
90:31:4B:71:8E:B6,ALL,tls,52.216.43.240,16,10961,7,3905,9,7056
90:31:4B:71:8E:B6,ALL,tls,52.216.44.152,16,11669,7,4613,9,7056
90:31:4B:71:8E:B6,ALL,tls,52.216.44.184,17,11758,7,4648,10,7110
90:31:4B:71:8E:B6,ALL,tls,52.216.50.48,17,11604,7,4494,10,7110
90:31:4B:71:8E:B6,ALL,tls,52.216.50.80,16,11495,7,4439,9,7056
90:31:4B:71:8E:B6,ALL,tls,52.216.54.16,16,10942,7,3886,9,7056
90:31:4B:71:8E:B6,ALL,tls,52.216.77.230,17,11524,7,4414,10,7110
90:31:4B:71:8E:B6,ALL,tls,52.216.9.13,17,11205,7,4095,10,7110
90:31:4B:71:8E:B6,ALL,tls,52.217.10.198,17,11843,7,4733,10,7110
90:31:4B:71:8E:B6,ALL,tls,52.217.112.160,16,12130,7,5074,9,7056
90:31:4B:71:8E:B6,ALL,tls,52.217.112.40,17,11049,7,3939,10,7110
90:31:4B:71:8E:B6,ALL,tls,52.217.112.56,17,11444,7,4334,10,7110
90:31:4B:71:8E:B6,ALL,tls,52.217.114.16,16,11505,7,4449,9,7056
90:31:4B:71:8E:B6,ALL,tls,52.217.115.80,16,11444,7,4388,9,7056
90:31:4B:71:8E:B6,ALL,tls,52.217.120.160,17,12244,7,5134,10,7110
90:31:4B:71:8E:B6,ALL,tls,52.217.121.104,16,11487,7,4431,9,7056
90:31:4B:71:8E:B6,ALL,tls,52.217.122.152,17,11684,7,4574,10,7110
90:31:4B:71:8E:B6,ALL,tls,52.217.125.104,17,10810,7,3700,10,7110
90:31:4B:71:8E:B6,ALL,tls,52.217.129.168,17,11268,7,4158,10,7110
90:31:4B:71:8E:B6,ALL,tls,52.217.134.232,16,11603,7,4547,9,7056
90:31:4B:71:8E:B6,ALL,tls,52.217.134.24,16,11841,7,4785,9,7056
90:31:4B:71:8E:B6,ALL,tls,52.217.135.80,16,11257,7,4201,9,7056
90:31:4B:71:8E:B6,ALL,tls,52.217.136.160,16,11524,7,4468,9,7056
90:31:4B:71:8E:B6,ALL,tls,52.217.14.190,17,11722,7,4612,10,7110
90:31:4B:71:8E:B6,ALL,tls,52.217.140.144,16,10822,7,3766,9,7056
90:31:4B:71:8E:B6,ALL,tls,52.217.142.136,17,10962,7,3852,10,7110
90:31:4B:71:8E:B6,ALL,tls,52.217.160.168,17,11315,7,4205,10,7110
90:31:4B:71:8E:B6,ALL,tls,52.217.165.160,17,11039,7,3929,10,7110
90:31:4B:71:8E:B6,ALL,tls,52.217.172.232,16,12052,7,4996,9,7056
90:31:4B:71:8E:B6,ALL,tls,52.217.173.240,16,10761,7,3705,9,7056
90:31:4B:71:8E:B6,ALL,tls,52.217.174.72,16,11321,7,4265,9,7056
90:31:4B:71:8E:B6,ALL,tls,52.217.175.120,16,11110,7,4054,9,7056
90:31:4B:71:8E:B6,ALL,tls,52.217.175.32,16,11356,7,4300,9,7056
90:31:4B:71:8E:B6,ALL,tls,52.217.193.72,17,11467,7,4357,10,7110
90:31:4B:71:8E:B6,ALL,tls,52.217.198.229,16,11381,7,4325,9,7056
90:31:4B:71:8E:B6,ALL,tls,52.217.201.80,17,11727,7,4617,10,7110
90:31:4B:71:8E:B6,ALL,tls,52.217.202.80,17,11240,7,4130,10,7110
90:31:4B:71:8E:B6,ALL,tls,52.217.203.80,17,11395,7,4285,10,7110
90:31:4B:71:8E:B6,ALL,tls,52.217.205.184,16,11316,7,4260,9,7056
90:31:4B:71:8E:B6,ALL,tls,52.217.206.224,16,11634,7,4578,9,7056
90:31:4B:71:8E:B6,ALL,tls,52.217.206.48,16,11466,7,4410,9,7056
90:31:4B:71:8E:B6,ALL,tls,52.217.224.208,17,11324,7,4214,10,7110
90:31:4B:71:8E:B6,ALL,tls,52.217.225.8,16,11361,7,4305,9,7056
90:31:4B:71:8E:B6,ALL,tls,52.217.226.0,16,11679,7,4623,9,7056
90:31:4B:71:8E:B6,ALL,tls,52.217.226.24,16,12104,7,5048,9,7056
90:31:4B:71:8E:B6,ALL,tls,52.217.227.8,17,10965,7,3855,10,7110
90:31:4B:71:8E:B6,ALL,tls,52.217.230.136,16,11389,7,4333,9,7056
90:31:4B:71:8E:B6,ALL,tls,52.217.254.0,16,11486,7,4430,9,7056
90:31:4B:71:8E:B6,ALL,tls,52.217.37.110,17,12157,7,5047,10,7110
90:31:4B:71:8E:B6,ALL,tls,52.217.43.78,17,11869,7,4759,10,7110
90:31:4B:71:8E:B6,ALL,tls,52.217.67.214,17,11506,7,4396,10,7110
90:31:4B:71:8E:B6,ALL,tls,52.217.69.246,17,11425,7,4315,10,7110
90:31:4B:71:8E:B6,ALL,tls,52.217.72.246,17,8653,7,4407,10,4246
90:31:4B:71:8E:B6,ALL,tls,52.217.80.14,17,11637,7,4527,10,7110
90:31:4B:71:8E:B6,ALL,tls,52.217.99.86,17,11570,7,4460,10,7110
90:31:4B:71:8E:B6,ALL,tls,52.86.188.143,5990,601121,2994,295698,2996,305423
90:31:4B:71:8E:B6,ALL,tls,54.159.6.195,243,32343,121,13639,122,18704
90:31:4B:71:8E:B6,ALL,tls,54.164.166.158,7763,755624,3882,377334,3881,378290
90:31:4B:71:8E:B6,ALL,tls,54.165.174.134,100,77372,50,10260,50,67112
90:31:4B:71:8E:B6,ALL,tls,54.221.201.39,90,70926,45,9234,45,61692
90:31:4B:71:8E:B6,ALL,tls,54.231.131.72,16,11705,7,4649,9,7056
90:31:4B:71:8E:B6,ALL,tls,54.231.132.32,16,11448,7,4392,9,7056
90:31:4B:71:8E:B6,ALL,tls,54.231.161.240,16,11196,7,4140,9,7056
90:31:4B:71:8E:B6,ALL,tls,54.231.162.56,16,11676,7,4620,9,7056
90:31:4B:71:8E:B6,ALL,tls,54.231.170.240,17,11301,7,4191,10,7110
90:31:4B:71:8E:B6,ALL,tls,54.231.202.120,16,11660,7,4604,9,7056
90:31:4B:71:8E:B6,ALL,tls,54.231.226.184,16,11292,7,4236,9,7056
90:31:4B:71:8E:B6,ALL,tls,54.231.229.72,16,11546,7,4490,9,7056
90:31:4B:71:8E:B6,ALL,tls,54.231.230.144,16,11408,7,4352,9,7056
90:31:4B:71:8E:B6,ALL,tls,54.84.154.83,100,71524,50,10228,50,61296
90:31:4B:71:8E:B6,ALL,tls,54.86.175.178,110,86702,55,11286,55,75416
90:31:4B:71:8E:B6,ALL,tls,54.89.54.2,27,18070,14,2937,13,15133
90:31:4B:71:8E:B6,ALL,tls,98.82.204.13,77,57460,39,8035,38,49425
90:31:4B:71:8E:B6,ALL,udp:53,208.67.220.220,400,47250,200,15631,200,31619
90:31:4B:71:8E:B6,ALL,udp:53,8.8.4.4,136,15817,68,5276,68,10541
90:31:4B:71:8E:B6,ALL,udp:53,8.8.8.8,120,13086,60,4621,60,8465
90:31:4B:71:8E:B6,ALL,udp:53,9.9.9.9,342,39860,171,13289,171,26571
90:31:4B:71:8E:B6,ALL,udp:32829,192.168.3.120*,4,478,2,319,2,159
90:31:4B:71:8E:B6,ALL,udp:32829,208.67.220.220*,4,478,2,159,2,319
90:31:4B:71:8E:B6,ALL,udp:39887,192.168.3.120*,2,178,1,105,1,73
90:31:4B:71:8E:B6,ALL,udp:39887,8.8.4.4*,2,178,1,73,1,105
90:31:4B:71:8E:B6,ALL,udp:57681,192.168.3.120*,2,264,1,187,1,77
90:31:4B:71:8E:B6,ALL,udp:57681,8.8.4.4*,2,264,1,77,1,187
90:31:4B:71:8E:B6,ALL,udp:51434,192.168.3.120*,2,178,1,105,1,73
90:31:4B:71:8E:B6,ALL,udp:51434,8.8.4.4*,2,178,1,73,1,105
90:31:4B:71:8E:B6,ALL,udp:52100,192.168.3.120*,2,300,1,214,1,86
90:31:4B:71:8E:B6,ALL,udp:52100,8.8.4.4*,2,300,1,86,1,214
90:31:4B:71:8E:B6,ALL,udp:50888,192.168.3.120*,2,178,1,105,1,73
90:31:4B:71:8E:B6,ALL,udp:50888,8.8.4.4*,2,178,1,73,1,105
90:31:4B:71:8E:B6,ALL,udp:42596,192.168.3.120*,2,178,1,105,1,73
90:31:4B:71:8E:B6,ALL,udp:42596,8.8.4.4*,2,178,1,73,1,105
90:31:4B:71:8E:B6,ALL,udp:36853,192.168.3.120*,2,264,1,187,1,77
90:31:4B:71:8E:B6,ALL,udp:36853,8.8.4.4*,2,264,1,77,1,187
90:31:4B:71:8E:B6,ALL,udp:42620,192.168.3.120*,2,300,1,214,1,86
90:31:4B:71:8E:B6,ALL,udp:42620,8.8.4.4*,2,300,1,86,1,214
90:31:4B:71:8E:B6,ALL,udp:36994,192.168.3.120*,2,178,1,105,1,73
90:31:4B:71:8E:B6,ALL,udp:36994,8.8.4.4*,2,178,1,73,1,105
90:31:4B:71:8E:B6,ALL,udp:42161,192.168.3.120*,2,178,1,105,1,73
90:31:4B:71:8E:B6,ALL,udp:42161,8.8.4.4*,2,178,1,73,1,105
90:31:4B:71:8E:B6,ALL,udp:44122,192.168.3.120*,2,178,1,105,1,73
90:31:4B:71:8E:B6,ALL,udp:44122,9.9.9.9*,2,178,1,73,1,105
90:31:4B:71:8E:B6,ALL,udp:33290,192.168.3.120*,2,264,1,187,1,77
90:31:4B:71:8E:B6,ALL,udp:33290,9.9.9.9*,2,264,1,77,1,187
90:31:4B:71:8E:B6,ALL,udp:36107,192.168.3.120*,2,300,1,214,1,86
90:31:4B:71:8E:B6,ALL,udp:36107,9.9.9.9*,2,300,1,86,1,214
90:31:4B:71:8E:B6,ALL,udp:60867,192.168.3.120*,2,178,1,105,1,73
90:31:4B:71:8E:B6,ALL,udp:60867,9.9.9.9*,2,178,1,73,1,105
90:31:4B:71:8E:B6,ALL,udp:53084,192.168.3.120*,2,178,1,105,1,73
90:31:4B:71:8E:B6,ALL,udp:53084,9.9.9.9*,2,178,1,73,1,105
90:31:4B:71:8E:B6,ALL,udp:54147,192.168.3.120*,2,264,1,187,1,77
90:31:4B:71:8E:B6,ALL,udp:54147,9.9.9.9*,2,264,1,77,1,187
90:31:4B:71:8E:B6,ALL,udp:60088,192.168.3.120*,2,178,1,105,1,73
90:31:4B:71:8E:B6,ALL,udp:60088,9.9.9.9*,2,178,1,73,1,105
90:31:4B:71:8E:B6,ALL,udp:59050,192.168.3.120*,2,309,1,229,1,80
90:31:4B:71:8E:B6,ALL,udp:59050,9.9.9.9*,2,309,1,80,1,229
90:31:4B:71:8E:B6,ALL,udp:60519,192.168.3.120*,2,292,1,203,1,89
90:31:4B:71:8E:B6,ALL,udp:60519,9.9.9.9*,2,292,1,89,1,203
90:31:4B:71:8E:B6,ALL,udp:42486,192.168.3.120*,2,251,1,168,1,83
90:31:4B:71:8E:B6,ALL,udp:42486,9.9.9.9*,2,251,1,83,1,168
90:31:4B:71:8E:B6,ALL,udp:54589,192.168.3.120*,2,272,1,192,1,80
90:31:4B:71:8E:B6,ALL,udp:54589,9.9.9.9*,2,272,1,80,1,192
90:31:4B:71:8E:B6,ALL,udp:43230,192.168.3.120*,2,300,1,214,1,86
90:31:4B:71:8E:B6,ALL,udp:43230,9.9.9.9*,2,300,1,86,1,214
90:31:4B:71:8E:B6,ALL,udp:56839,192.168.3.120*,2,178,1,105,1,73
90:31:4B:71:8E:B6,ALL,udp:56839,9.9.9.9*,2,178,1,73,1,105
90:31:4B:71:8E:B6,ALL,udp:38803,192.168.3.120*,2,264,1,187,1,77
90:31:4B:71:8E:B6,ALL,udp:38803,9.9.9.9*,2,264,1,77,1,187
90:31:4B:71:8E:B6,ALL,udp:36345,192.168.3.120*,2,178,1,105,1,73
90:31:4B:71:8E:B6,ALL,udp:36345,9.9.9.9*,2,178,1,73,1,105
90:31:4B:71:8E:B6,ALL,udp:36466,192.168.3.120*,2,300,1,214,1,86
90:31:4B:71:8E:B6,ALL,udp:36466,9.9.9.9*,2,300,1,86,1,214
90:31:4B:71:8E:B6,ALL,udp:41749,208.67.220.220,2,178,1,73,1,105
90:31:4B:71:8E:B6,ALL,udp:41749,9.9.9.9,2,178,1,73,1,105
90:31:4B:71:8E:B6,ALL,udp:32795,192.168.3.120*,2,264,1,187,1,77
90:31:4B:71:8E:B6,ALL,udp:32795,9.9.9.9*,2,264,1,77,1,187
90:31:4B:71:8E:B6,ALL,udp:50514,192.168.3.120*,2,178,1,105,1,73
90:31:4B:71:8E:B6,ALL,udp:50514,9.9.9.9*,2,178,1,73,1,105
90:31:4B:71:8E:B6,ALL,udp:48659,192.168.3.120*,2,300,1,214,1,86
90:31:4B:71:8E:B6,ALL,udp:48659,9.9.9.9*,2,300,1,86,1,214
90:31:4B:71:8E:B6,ALL,udp:34849,192.168.3.120*,2,178,1,105,1,73
90:31:4B:71:8E:B6,ALL,udp:34849,9.9.9.9*,2,178,1,73,1,105
90:31:4B:71:8E:B6,ALL,udp:32817,192.168.3.120*,2,264,1,187,1,77
90:31:4B:71:8E:B6,ALL,udp:32817,9.9.9.9*,2,264,1,77,1,187
90:31:4B:71:8E:B6,ALL,udp:45927,192.168.3.120*,2,178,1,105,1,73
90:31:4B:71:8E:B6,ALL,udp:45927,9.9.9.9*,2,178,1,73,1,105
90:31:4B:71:8E:B6,ALL,udp:47670,192.168.3.120*,2,300,1,214,1,86
90:31:4B:71:8E:B6,ALL,udp:47670,9.9.9.9*,2,300,1,86,1,214
90:31:4B:71:8E:B6,ALL,udp:48994,192.168.3.120*,2,178,1,105,1,73
90:31:4B:71:8E:B6,ALL,udp:48994,9.9.9.9*,2,178,1,73,1,105
90:31:4B:71:8E:B6,ALL,udp:36369,192.168.3.120*,2,178,1,105,1,73
90:31:4B:71:8E:B6,ALL,udp:36369,9.9.9.9*,2,178,1,73,1,105
90:31:4B:71:8E:B6,ALL,udp:42129,192.168.3.120*,2,264,1,187,1,77
90:31:4B:71:8E:B6,ALL,udp:42129,9.9.9.9*,2,264,1,77,1,187
90:31:4B:71:8E:B6,ALL,udp:56179,192.168.3.120*,2,300,1,214,1,86
90:31:4B:71:8E:B6,ALL,udp:56179,9.9.9.9*,2,300,1,86,1,214
90:31:4B:71:8E:B6,ALL,udp:38946,192.168.3.120*,2,178,1,105,1,73
90:31:4B:71:8E:B6,ALL,udp:38946,9.9.9.9*,2,178,1,73,1,105
90:31:4B:71:8E:B6,ALL,udp:37161,192.168.3.120*,2,178,1,105,1,73
90:31:4B:71:8E:B6,ALL,udp:37161,9.9.9.9*,2,178,1,73,1,105
90:31:4B:71:8E:B6,ALL,udp:49355,192.168.3.120*,2,264,1,187,1,77
90:31:4B:71:8E:B6,ALL,udp:49355,9.9.9.9*,2,264,1,77,1,187
90:31:4B:71:8E:B6,ALL,udp:43598,192.168.3.120*,2,178,1,105,1,73
90:31:4B:71:8E:B6,ALL,udp:43598,9.9.9.9*,2,178,1,73,1,105
90:31:4B:71:8E:B6,ALL,udp:37649,192.168.3.120*,2,300,1,214,1,86
90:31:4B:71:8E:B6,ALL,udp:37649,9.9.9.9*,2,300,1,86,1,214
90:31:4B:71:8E:B6,ALL,udp:42519,192.168.3.120*,2,178,1,105,1,73
90:31:4B:71:8E:B6,ALL,udp:42519,9.9.9.9*,2,178,1,73,1,105
90:31:4B:71:8E:B6,ALL,udp:59578,192.168.3.120*,2,264,1,187,1,77
90:31:4B:71:8E:B6,ALL,udp:59578,9.9.9.9*,2,264,1,77,1,187
90:31:4B:71:8E:B6,ALL,udp:50469,192.168.3.120*,2,178,1,105,1,73
90:31:4B:71:8E:B6,ALL,udp:50469,9.9.9.9*,2,178,1,73,1,105
90:31:4B:71:8E:B6,ALL,udp:56046,192.168.3.120*,2,309,1,229,1,80
90:31:4B:71:8E:B6,ALL,udp:56046,9.9.9.9*,2,309,1,80,1,229
90:31:4B:71:8E:B6,ALL,udp:51157,192.168.3.120*,2,292,1,203,1,89
90:31:4B:71:8E:B6,ALL,udp:51157,9.9.9.9*,2,292,1,89,1,203
90:31:4B:71:8E:B6,ALL,udp:48744,192.168.3.120*,2,251,1,168,1,83
90:31:4B:71:8E:B6,ALL,udp:48744,9.9.9.9*,2,251,1,83,1,168
90:31:4B:71:8E:B6,ALL,udp:45152,192.168.3.120*,2,272,1,192,1,80
90:31:4B:71:8E:B6,ALL,udp:45152,9.9.9.9*,2,272,1,80,1,192
90:31:4B:71:8E:B6,ALL,udp:53560,192.168.3.120*,2,300,1,214,1,86
90:31:4B:71:8E:B6,ALL,udp:53560,9.9.9.9*,2,300,1,86,1,214
90:31:4B:71:8E:B6,ALL,udp:41428,192.168.3.120*,2,178,1,105,1,73
90:31:4B:71:8E:B6,ALL,udp:41428,9.9.9.9*,2,178,1,73,1,105
90:31:4B:71:8E:B6,ALL,udp:52271,192.168.3.120*,2,178,1,105,1,73
90:31:4B:71:8E:B6,ALL,udp:52271,9.9.9.9*,2,178,1,73,1,105
90:31:4B:71:8E:B6,ALL,udp:54133,192.168.3.120*,2,264,1,187,1,77
90:31:4B:71:8E:B6,ALL,udp:54133,9.9.9.9*,2,264,1,77,1,187
90:31:4B:71:8E:B6,ALL,udp:52412,192.168.3.120*,2,300,1,214,1,86
90:31:4B:71:8E:B6,ALL,udp:52412,9.9.9.9*,2,300,1,86,1,214
90:31:4B:71:8E:B6,ALL,udp:35803,192.168.3.120*,2,178,1,105,1,73
90:31:4B:71:8E:B6,ALL,udp:35803,9.9.9.9*,2,178,1,73,1,105
90:31:4B:71:8E:B6,ALL,udp:40767,34.194.40.211,2,119,1,55,1,64
90:31:4B:71:8E:B6,ALL,udp:40767,9.9.9.9,2,178,1,73,1,105
90:31:4B:71:8E:B6,ALL,udp:47544,192.168.3.120*,2,264,1,187,1,77
90:31:4B:71:8E:B6,ALL,udp:47544,9.9.9.9*,2,264,1,77,1,187
90:31:4B:71:8E:B6,ALL,udp:55717,192.168.3.120*,2,178,1,105,1,73
90:31:4B:71:8E:B6,ALL,udp:55717,9.9.9.9*,2,178,1,73,1,105
90:31:4B:71:8E:B6,ALL,udp:55788,192.168.3.120*,2,300,1,214,1,86
90:31:4B:71:8E:B6,ALL,udp:55788,9.9.9.9*,2,300,1,86,1,214
90:31:4B:71:8E:B6,ALL,udp:47240,192.168.3.120*,2,178,1,105,1,73
90:31:4B:71:8E:B6,ALL,udp:47240,9.9.9.9*,2,178,1,73,1,105
90:31:4B:71:8E:B6,ALL,udp:55245,192.168.3.120*,2,264,1,187,1,77
90:31:4B:71:8E:B6,ALL,udp:55245,9.9.9.9*,2,264,1,77,1,187
90:31:4B:71:8E:B6,ALL,udp:41347,192.168.3.120*,2,178,1,105,1,73
90:31:4B:71:8E:B6,ALL,udp:41347,9.9.9.9*,2,178,1,73,1,105
90:31:4B:71:8E:B6,ALL,udp:35121,192.168.3.120*,2,300,1,214,1,86
90:31:4B:71:8E:B6,ALL,udp:35121,9.9.9.9*,2,300,1,86,1,214
90:31:4B:71:8E:B6,ALL,udp:39726,192.168.3.120*,2,178,1,105,1,73
90:31:4B:71:8E:B6,ALL,udp:39726,9.9.9.9*,2,178,1,73,1,105
90:31:4B:71:8E:B6,ALL,udp:33111,192.168.3.120*,2,264,1,187,1,77
90:31:4B:71:8E:B6,ALL,udp:33111,9.9.9.9*,2,264,1,77,1,187
90:31:4B:71:8E:B6,ALL,udp:46304,192.168.3.120*,2,178,1,105,1,73
90:31:4B:71:8E:B6,ALL,udp:46304,9.9.9.9*,2,178,1,73,1,105
90:31:4B:71:8E:B6,ALL,udp:40439,192.168.3.120*,2,178,1,105,1,73
90:31:4B:71:8E:B6,ALL,udp:40439,9.9.9.9*,2,178,1,73,1,105
90:31:4B:71:8E:B6,ALL,udp:40919,192.168.3.120*,2,300,1,214,1,86
90:31:4B:71:8E:B6,ALL,udp:40919,9.9.9.9*,2,300,1,86,1,214
90:31:4B:71:8E:B6,ALL,udp:50493,192.168.3.120*,2,178,1,105,1,73
90:31:4B:71:8E:B6,ALL,udp:50493,9.9.9.9*,2,178,1,73,1,105
90:31:4B:71:8E:B6,ALL,udp:53689,192.168.3.120*,2,264,1,187,1,77
90:31:4B:71:8E:B6,ALL,udp:53689,9.9.9.9*,2,264,1,77,1,187
90:31:4B:71:8E:B6,ALL,udp:48088,192.168.3.120*,2,178,1,105,1,73
90:31:4B:71:8E:B6,ALL,udp:48088,9.9.9.9*,2,178,1,73,1,105
90:31:4B:71:8E:B6,ALL,udp:45253,192.168.3.120*,2,300,1,214,1,86
90:31:4B:71:8E:B6,ALL,udp:45253,9.9.9.9*,2,300,1,86,1,214
90:31:4B:71:8E:B6,ALL,udp:53903,192.168.3.120*,2,178,1,105,1,73
90:31:4B:71:8E:B6,ALL,udp:53903,9.9.9.9*,2,178,1,73,1,105
90:31:4B:71:8E:B6,ALL,udp:35706,192.168.3.120*,2,264,1,187,1,77
90:31:4B:71:8E:B6,ALL,udp:35706,9.9.9.9*,2,264,1,77,1,187
90:31:4B:71:8E:B6,ALL,udp:44337,192.168.3.120*,2,178,1,105,1,73
90:31:4B:71:8E:B6,ALL,udp:44337,9.9.9.9*,2,178,1,73,1,105
90:31:4B:71:8E:B6,ALL,udp:51547,192.168.3.120*,2,309,1,229,1,80
90:31:4B:71:8E:B6,ALL,udp:51547,9.9.9.9*,2,309,1,80,1,229
90:31:4B:71:8E:B6,ALL,udp:57657,192.168.3.120*,2,292,1,203,1,89
90:31:4B:71:8E:B6,ALL,udp:57657,9.9.9.9*,2,292,1,89,1,203
90:31:4B:71:8E:B6,ALL,udp:48608,192.168.3.120*,2,251,1,168,1,83
90:31:4B:71:8E:B6,ALL,udp:48608,9.9.9.9*,2,251,1,83,1,168
90:31:4B:71:8E:B6,ALL,udp:46503,192.168.3.120*,2,272,1,192,1,80
90:31:4B:71:8E:B6,ALL,udp:46503,9.9.9.9*,2,272,1,80,1,192
90:31:4B:71:8E:B6,ALL,udp:45206,192.168.3.120*,2,300,1,214,1,86
90:31:4B:71:8E:B6,ALL,udp:45206,9.9.9.9*,2,300,1,86,1,214
90:31:4B:71:8E:B6,ALL,udp:45910,192.168.3.120*,2,178,1,105,1,73
90:31:4B:71:8E:B6,ALL,udp:45910,9.9.9.9*,2,178,1,73,1,105
90:31:4B:71:8E:B6,ALL,udp:49835,192.168.3.120*,2,264,1,187,1,77
90:31:4B:71:8E:B6,ALL,udp:49835,9.9.9.9*,2,264,1,77,1,187
90:31:4B:71:8E:B6,ALL,udp:57202,192.168.3.120*,2,178,1,105,1,73
90:31:4B:71:8E:B6,ALL,udp:57202,9.9.9.9*,2,178,1,73,1,105
90:31:4B:71:8E:B6,ALL,udp:37762,192.168.3.120*,2,178,1,105,1,73
90:31:4B:71:8E:B6,ALL,udp:37762,9.9.9.9*,2,178,1,73,1,105
90:31:4B:71:8E:B6,ALL,udp:34585,192.168.3.120*,2,300,1,214,1,86
90:31:4B:71:8E:B6,ALL,udp:34585,9.9.9.9*,2,300,1,86,1,214
90:31:4B:71:8E:B6,ALL,udp:57804,192.168.3.120*,2,264,1,187,1,77
90:31:4B:71:8E:B6,ALL,udp:57804,9.9.9.9*,2,264,1,77,1,187
90:31:4B:71:8E:B6,ALL,udp:60285,192.168.3.120*,2,178,1,105,1,73
90:31:4B:71:8E:B6,ALL,udp:60285,9.9.9.9*,2,178,1,73,1,105
90:31:4B:71:8E:B6,ALL,udp:39323,192.168.3.120*,2,178,1,105,1,73
90:31:4B:71:8E:B6,ALL,udp:39323,9.9.9.9*,2,178,1,73,1,105
90:31:4B:71:8E:B6,ALL,udp:41345,192.168.3.120*,2,300,1,214,1,86
90:31:4B:71:8E:B6,ALL,udp:41345,9.9.9.9*,2,300,1,86,1,214
90:31:4B:71:8E:B6,ALL,udp:58740,192.168.3.120*,2,178,1,105,1,73
90:31:4B:71:8E:B6,ALL,udp:58740,9.9.9.9*,2,178,1,73,1,105
90:31:4B:71:8E:B6,ALL,udp:48138,192.168.3.120*,2,264,1,187,1,77
90:31:4B:71:8E:B6,ALL,udp:48138,9.9.9.9*,2,264,1,77,1,187
90:31:4B:71:8E:B6,ALL,udp:37076,192.168.3.120*,2,178,1,105,1,73
90:31:4B:71:8E:B6,ALL,udp:37076,9.9.9.9*,2,178,1,73,1,105
90:31:4B:71:8E:B6,ALL,udp:51827,192.168.3.120*,2,300,1,214,1,86
90:31:4B:71:8E:B6,ALL,udp:51827,9.9.9.9*,2,300,1,86,1,214
90:31:4B:71:8E:B6,ALL,udp:52411,192.168.3.120*,2,178,1,105,1,73
90:31:4B:71:8E:B6,ALL,udp:52411,9.9.9.9*,2,178,1,73,1,105
90:31:4B:71:8E:B6,ALL,udp:37801,192.168.3.120*,2,264,1,187,1,77
90:31:4B:71:8E:B6,ALL,udp:37801,9.9.9.9*,2,264,1,77,1,187
90:31:4B:71:8E:B6,ALL,udp:43234,192.168.3.120*,2,178,1,105,1,73
90:31:4B:71:8E:B6,ALL,udp:43234,9.9.9.9*,2,178,1,73,1,105
90:31:4B:71:8E:B6,ALL,udp:59635,192.168.3.120*,2,300,1,214,1,86
90:31:4B:71:8E:B6,ALL,udp:59635,9.9.9.9*,2,300,1,86,1,214
90:31:4B:71:8E:B6,ALL,udp:50638,192.168.3.120*,2,178,1,105,1,73
90:31:4B:71:8E:B6,ALL,udp:50638,9.9.9.9*,2,178,1,73,1,105
90:31:4B:71:8E:B6,ALL,udp:42965,192.168.3.120*,2,264,1,187,1,77
90:31:4B:71:8E:B6,ALL,udp:42965,9.9.9.9*,2,264,1,77,1,187
90:31:4B:71:8E:B6,ALL,udp:58270,192.168.3.120*,2,178,1,105,1,73
90:31:4B:71:8E:B6,ALL,udp:58270,9.9.9.9*,2,178,1,73,1,105
90:31:4B:71:8E:B6,ALL,udp:35899,192.168.3.120*,2,178,1,105,1,73
90:31:4B:71:8E:B6,ALL,udp:35899,9.9.9.9*,2,178,1,73,1,105
90:31:4B:71:8E:B6,ALL,udp:39950,192.168.3.120*,2,300,1,214,1,86
90:31:4B:71:8E:B6,ALL,udp:39950,9.9.9.9*,2,300,1,86,1,214
90:31:4B:71:8E:B6,ALL,udp:54511,192.168.3.120*,2,264,1,187,1,77
90:31:4B:71:8E:B6,ALL,udp:54511,9.9.9.9*,2,264,1,77,1,187
90:31:4B:71:8E:B6,ALL,udp:32907,192.168.3.120*,2,178,1,105,1,73
90:31:4B:71:8E:B6,ALL,udp:32907,9.9.9.9*,2,178,1,73,1,105
90:31:4B:71:8E:B6,ALL,udp:57184,192.168.3.120*,2,178,1,105,1,73
90:31:4B:71:8E:B6,ALL,udp:57184,9.9.9.9*,2,178,1,73,1,105
90:31:4B:71:8E:B6,ALL,udp:50666,192.168.3.120*,2,309,1,229,1,80
90:31:4B:71:8E:B6,ALL,udp:50666,9.9.9.9*,2,309,1,80,1,229
90:31:4B:71:8E:B6,ALL,udp:37629,192.168.3.120*,2,292,1,203,1,89
90:31:4B:71:8E:B6,ALL,udp:37629,9.9.9.9*,2,292,1,89,1,203
90:31:4B:71:8E:B6,ALL,udp:57516,192.168.3.120*,2,251,1,168,1,83
90:31:4B:71:8E:B6,ALL,udp:57516,9.9.9.9*,2,251,1,83,1,168
90:31:4B:71:8E:B6,ALL,udp:34406,192.168.3.120*,2,272,1,192,1,80
90:31:4B:71:8E:B6,ALL,udp:34406,9.9.9.9*,2,272,1,80,1,192
90:31:4B:71:8E:B6,ALL,udp:44596,192.168.3.120*,2,300,1,214,1,86
90:31:4B:71:8E:B6,ALL,udp:44596,9.9.9.9*,2,300,1,86,1,214
90:31:4B:71:8E:B6,ALL,udp:34747,192.168.3.120*,2,264,1,187,1,77
90:31:4B:71:8E:B6,ALL,udp:34747,9.9.9.9*,2,264,1,77,1,187
90:31:4B:71:8E:B6,ALL,udp:55107,192.168.3.120*,2,178,1,105,1,73
90:31:4B:71:8E:B6,ALL,udp:55107,9.9.9.9*,2,178,1,73,1,105
90:31:4B:71:8E:B6,ALL,udp:48010,192.168.3.120*,2,178,1,105,1,73
90:31:4B:71:8E:B6,ALL,udp:48010,9.9.9.9*,2,178,1,73,1,105
90:31:4B:71:8E:B6,ALL,udp:56901,192.168.3.120*,2,178,1,105,1,73
90:31:4B:71:8E:B6,ALL,udp:56901,208.67.220.220*,2,178,1,73,1,105
90:31:4B:71:8E:B6,ALL,udp:52806,192.168.3.120*,2,178,1,105,1,73
90:31:4B:71:8E:B6,ALL,udp:52806,208.67.220.220*,2,178,1,73,1,105
90:31:4B:71:8E:B6,ALL,udp:50800,192.168.3.120*,2,264,1,187,1,77
90:31:4B:71:8E:B6,ALL,udp:50800,208.67.220.220*,2,264,1,77,1,187
90:31:4B:71:8E:B6,ALL,udp:60223,192.168.3.120*,2,178,1,105,1,73
90:31:4B:71:8E:B6,ALL,udp:60223,208.67.220.220*,2,178,1,73,1,105
90:31:4B:71:8E:B6,ALL,udp:44894,192.168.3.120*,2,178,1,105,1,73
90:31:4B:71:8E:B6,ALL,udp:44894,208.67.220.220*,2,178,1,73,1,105
90:31:4B:71:8E:B6,ALL,udp:40460,192.168.3.120*,2,300,1,214,1,86
90:31:4B:71:8E:B6,ALL,udp:40460,208.67.220.220*,2,300,1,86,1,214
90:31:4B:71:8E:B6,ALL,udp:39621,192.168.3.120*,2,264,1,187,1,77
90:31:4B:71:8E:B6,ALL,udp:39621,208.67.220.220*,2,264,1,77,1,187
90:31:4B:71:8E:B6,ALL,udp:50364,192.168.3.120*,2,178,1,105,1,73
90:31:4B:71:8E:B6,ALL,udp:50364,208.67.220.220*,2,178,1,73,1,105
90:31:4B:71:8E:B6,ALL,udp:47082,192.168.3.120*,2,178,1,105,1,73
90:31:4B:71:8E:B6,ALL,udp:47082,208.67.220.220*,2,178,1,73,1,105
90:31:4B:71:8E:B6,ALL,udp:60353,192.168.3.120*,2,300,1,214,1,86
90:31:4B:71:8E:B6,ALL,udp:60353,208.67.220.220*,2,300,1,86,1,214
90:31:4B:71:8E:B6,ALL,udp:59043,192.168.3.120*,2,264,1,187,1,77
90:31:4B:71:8E:B6,ALL,udp:59043,208.67.220.220*,2,264,1,77,1,187
90:31:4B:71:8E:B6,ALL,udp:34581,192.168.3.120*,2,178,1,105,1,73
90:31:4B:71:8E:B6,ALL,udp:34581,208.67.220.220*,2,178,1,73,1,105
90:31:4B:71:8E:B6,ALL,udp:46693,192.168.3.120*,2,178,1,105,1,73
90:31:4B:71:8E:B6,ALL,udp:46693,208.67.220.220*,2,178,1,73,1,105
90:31:4B:71:8E:B6,ALL,udp:38612,192.168.3.120*,2,300,1,214,1,86
90:31:4B:71:8E:B6,ALL,udp:38612,208.67.220.220*,2,300,1,86,1,214
90:31:4B:71:8E:B6,ALL,udp:55388,192.168.3.120*,2,264,1,187,1,77
90:31:4B:71:8E:B6,ALL,udp:55388,208.67.220.220*,2,264,1,77,1,187
90:31:4B:71:8E:B6,ALL,udp:58386,192.168.3.120*,2,178,1,105,1,73
90:31:4B:71:8E:B6,ALL,udp:58386,208.67.220.220*,2,178,1,73,1,105
90:31:4B:71:8E:B6,ALL,udp:50941,192.168.3.120*,2,178,1,105,1,73
90:31:4B:71:8E:B6,ALL,udp:50941,208.67.220.220*,2,178,1,73,1,105
90:31:4B:71:8E:B6,ALL,udp:53451,192.168.3.120*,2,178,1,105,1,73
90:31:4B:71:8E:B6,ALL,udp:53451,208.67.220.220*,2,178,1,73,1,105
90:31:4B:71:8E:B6,ALL,udp:60067,192.168.3.120*,2,300,1,214,1,86
90:31:4B:71:8E:B6,ALL,udp:60067,208.67.220.220*,2,300,1,86,1,214
90:31:4B:71:8E:B6,ALL,udp:38737,192.168.3.120*,2,264,1,187,1,77
90:31:4B:71:8E:B6,ALL,udp:38737,208.67.220.220*,2,264,1,77,1,187
90:31:4B:71:8E:B6,ALL,udp:38429,192.168.3.120*,2,178,1,105,1,73
90:31:4B:71:8E:B6,ALL,udp:38429,208.67.220.220*,2,178,1,73,1,105
90:31:4B:71:8E:B6,ALL,udp:57533,192.168.3.120*,2,178,1,105,1,73
90:31:4B:71:8E:B6,ALL,udp:57533,208.67.220.220*,2,178,1,73,1,105
90:31:4B:71:8E:B6,ALL,udp:46778,192.168.3.120*,2,264,1,187,1,77
90:31:4B:71:8E:B6,ALL,udp:46778,208.67.220.220*,2,264,1,77,1,187
90:31:4B:71:8E:B6,ALL,udp:39325,192.168.3.120*,2,279,1,207,1,72
90:31:4B:71:8E:B6,ALL,udp:39325,8.8.8.8*,2,279,1,72,1,207
90:31:4B:71:8E:B6,ALL,udp:40815,192.168.3.120*,2,268,1,189,1,79
90:31:4B:71:8E:B6,ALL,udp:40815,8.8.8.8*,2,268,1,79,1,189
90:31:4B:71:8E:B6,ALL,udp:50524,192.168.3.120*,2,243,1,164,1,79
90:31:4B:71:8E:B6,ALL,udp:50524,8.8.8.8*,2,243,1,79,1,164
90:31:4B:71:8E:B6,ALL,udp:58638,192.168.3.120*,2,298,1,226,1,72
90:31:4B:71:8E:B6,ALL,udp:58638,8.8.8.8*,2,298,1,72,1,226
90:31:4B:71:8E:B6,ALL,udp:39246,192.168.3.120*,2,298,1,226,1,72
90:31:4B:71:8E:B6,ALL,udp:39246,8.8.4.4*,2,298,1,72,1,226
90:31:4B:71:8E:B6,ALL,udp:34057,192.168.3.120*,2,300,1,214,1,86
90:31:4B:71:8E:B6,ALL,udp:34057,8.8.4.4*,2,300,1,86,1,214
90:31:4B:71:8E:B6,ALL,udp:35017,192.168.3.120*,2,178,1,105,1,73
90:31:4B:71:8E:B6,ALL,udp:35017,8.8.4.4*,2,178,1,73,1,105
90:31:4B:71:8E:B6,ALL,udp:50948,192.168.3.120*,2,178,1,105,1,73
90:31:4B:71:8E:B6,ALL,udp:50948,8.8.4.4*,2,178,1,73,1,105
90:31:4B:71:8E:B6,ALL,udp:47668,192.168.3.120*,2,178,1,105,1,73
90:31:4B:71:8E:B6,ALL,udp:47668,8.8.4.4*,2,178,1,73,1,105
90:31:4B:71:8E:B6,ALL,udp:37370,192.168.3.120*,2,264,1,187,1,77
90:31:4B:71:8E:B6,ALL,udp:37370,8.8.4.4*,2,264,1,77,1,187
90:31:4B:71:8E:B6,ALL,udp:60158,192.168.3.120*,2,300,1,214,1,86
90:31:4B:71:8E:B6,ALL,udp:60158,8.8.4.4*,2,300,1,86,1,214
90:31:4B:71:8E:B6,ALL,udp:46334,192.168.3.120*,2,178,1,105,1,73
90:31:4B:71:8E:B6,ALL,udp:46334,8.8.4.4*,2,178,1,73,1,105
90:31:4B:71:8E:B6,ALL,udp:59034,192.168.3.120*,2,178,1,105,1,73
90:31:4B:71:8E:B6,ALL,udp:59034,8.8.4.4*,2,178,1,73,1,105
90:31:4B:71:8E:B6,ALL,udp:36179,192.168.3.120*,2,264,1,187,1,77
90:31:4B:71:8E:B6,ALL,udp:36179,8.8.4.4*,2,264,1,77,1,187
90:31:4B:71:8E:B6,ALL,udp:46154,192.168.3.120*,2,300,1,214,1,86
90:31:4B:71:8E:B6,ALL,udp:46154,8.8.4.4*,2,300,1,86,1,214
90:31:4B:71:8E:B6,ALL,udp:52306,192.168.3.120*,2,178,1,105,1,73
90:31:4B:71:8E:B6,ALL,udp:52306,8.8.4.4*,2,178,1,73,1,105
90:31:4B:71:8E:B6,ALL,udp:38819,192.168.3.120*,2,178,1,105,1,73
90:31:4B:71:8E:B6,ALL,udp:38819,8.8.4.4*,2,178,1,73,1,105
90:31:4B:71:8E:B6,ALL,udp:47636,192.168.3.120*,2,264,1,187,1,77
90:31:4B:71:8E:B6,ALL,udp:47636,8.8.4.4*,2,264,1,77,1,187
90:31:4B:71:8E:B6,ALL,udp:36318,192.168.3.120*,2,178,1,105,1,73
90:31:4B:71:8E:B6,ALL,udp:36318,8.8.4.4*,2,178,1,73,1,105
90:31:4B:71:8E:B6,ALL,udp:36585,192.168.3.120*,2,300,1,214,1,86
90:31:4B:71:8E:B6,ALL,udp:36585,8.8.4.4*,2,300,1,86,1,214
90:31:4B:71:8E:B6,ALL,udp:37896,192.168.3.120*,2,178,1,105,1,73
90:31:4B:71:8E:B6,ALL,udp:37896,8.8.4.4*,2,178,1,73,1,105
90:31:4B:71:8E:B6,ALL,udp:50146,192.168.3.120*,2,264,1,187,1,77
90:31:4B:71:8E:B6,ALL,udp:50146,8.8.4.4*,2,264,1,77,1,187
90:31:4B:71:8E:B6,ALL,udp:60127,192.168.3.120*,2,178,1,105,1,73
90:31:4B:71:8E:B6,ALL,udp:60127,8.8.4.4*,2,178,1,73,1,105
90:31:4B:71:8E:B6,ALL,udp:52710,192.168.3.120*,2,300,1,214,1,86
90:31:4B:71:8E:B6,ALL,udp:52710,8.8.4.4*,2,300,1,86,1,214
90:31:4B:71:8E:B6,ALL,udp:57273,192.168.3.120*,2,178,1,105,1,73
90:31:4B:71:8E:B6,ALL,udp:57273,8.8.4.4*,2,178,1,73,1,105
90:31:4B:71:8E:B6,ALL,udp:56171,34.194.40.211,3,177,2,112,1,65
90:31:4B:71:8E:B6,ALL,udp:56171,8.8.4.4,2,178,1,73,1,105
90:31:4B:71:8E:B6,ALL,udp:54303,192.168.3.120*,2,264,1,187,1,77
90:31:4B:71:8E:B6,ALL,udp:54303,8.8.4.4*,2,264,1,77,1,187
90:31:4B:71:8E:B6,ALL,udp:54527,192.168.3.120*,2,300,1,214,1,86
90:31:4B:71:8E:B6,ALL,udp:54527,8.8.4.4*,2,300,1,86,1,214
90:31:4B:71:8E:B6,ALL,udp:49945,192.168.3.120*,2,178,1,105,1,73
90:31:4B:71:8E:B6,ALL,udp:49945,8.8.4.4*,2,178,1,73,1,105
90:31:4B:71:8E:B6,ALL,udp:38962,192.168.3.120*,2,178,1,105,1,73
90:31:4B:71:8E:B6,ALL,udp:38962,8.8.4.4*,2,178,1,73,1,105
90:31:4B:71:8E:B6,ALL,udp:59893,192.168.3.120*,2,264,1,187,1,77
90:31:4B:71:8E:B6,ALL,udp:59893,8.8.4.4*,2,264,1,77,1,187
90:31:4B:71:8E:B6,ALL,udp:60481,192.168.3.120*,2,309,1,229,1,80
90:31:4B:71:8E:B6,ALL,udp:60481,8.8.4.4*,2,309,1,80,1,229
90:31:4B:71:8E:B6,ALL,udp:39247,192.168.3.120*,2,292,1,203,1,89
90:31:4B:71:8E:B6,ALL,udp:39247,8.8.4.4*,2,292,1,89,1,203
90:31:4B:71:8E:B6,ALL,udp:40224,192.168.3.120*,2,251,1,168,1,83
90:31:4B:71:8E:B6,ALL,udp:40224,8.8.4.4*,2,251,1,83,1,168
90:31:4B:71:8E:B6,ALL,udp:52097,192.168.3.120*,2,272,1,192,1,80
90:31:4B:71:8E:B6,ALL,udp:52097,8.8.4.4*,2,272,1,80,1,192
90:31:4B:71:8E:B6,ALL,udp:57778,192.168.3.120*,2,300,1,214,1,86
90:31:4B:71:8E:B6,ALL,udp:57778,8.8.4.4*,2,300,1,86,1,214
90:31:4B:71:8E:B6,ALL,udp:54214,192.168.3.120*,2,178,1,105,1,73
90:31:4B:71:8E:B6,ALL,udp:54214,8.8.4.4*,2,178,1,73,1,105
90:31:4B:71:8E:B6,ALL,udp:53789,192.168.3.120*,2,178,1,105,1,73
90:31:4B:71:8E:B6,ALL,udp:53789,9.9.9.9*,2,178,1,73,1,105
90:31:4B:71:8E:B6,ALL,udp:46150,192.168.3.120*,2,178,1,105,1,73
90:31:4B:71:8E:B6,ALL,udp:46150,9.9.9.9*,2,178,1,73,1,105
90:31:4B:71:8E:B6,ALL,udp:35443,192.168.3.120*,2,264,1,187,1,77
90:31:4B:71:8E:B6,ALL,udp:35443,9.9.9.9*,2,264,1,77,1,187
90:31:4B:71:8E:B6,ALL,udp:38168,192.168.3.120*,2,264,1,187,1,77
90:31:4B:71:8E:B6,ALL,udp:38168,208.67.220.220*,2,264,1,77,1,187
90:31:4B:71:8E:B6,ALL,udp:53683,192.168.3.120*,2,264,1,187,1,77
90:31:4B:71:8E:B6,ALL,udp:53683,208.67.220.220*,2,264,1,77,1,187
90:31:4B:71:8E:B6,ALL,udp:56959,192.168.3.120*,2,300,1,214,1,86
90:31:4B:71:8E:B6,ALL,udp:56959,208.67.220.220*,2,300,1,86,1,214
90:31:4B:71:8E:B6,ALL,udp:36923,192.168.3.120*,2,178,1,105,1,73
90:31:4B:71:8E:B6,ALL,udp:36923,208.67.220.220*,2,178,1,73,1,105
90:31:4B:71:8E:B6,ALL,udp:47900,192.168.3.120*,2,178,1,105,1,73
90:31:4B:71:8E:B6,ALL,udp:47900,208.67.220.220*,2,178,1,73,1,105
90:31:4B:71:8E:B6,ALL,udp:38787,192.168.3.120*,2,178,1,105,1,73
90:31:4B:71:8E:B6,ALL,udp:38787,208.67.220.220*,2,178,1,73,1,105
90:31:4B:71:8E:B6,ALL,udp:34994,192.168.3.120*,2,264,1,187,1,77
90:31:4B:71:8E:B6,ALL,udp:34994,208.67.220.220*,2,264,1,77,1,187
90:31:4B:71:8E:B6,ALL,udp:34284,192.168.3.120*,2,300,1,214,1,86
90:31:4B:71:8E:B6,ALL,udp:34284,208.67.220.220*,2,300,1,86,1,214
90:31:4B:71:8E:B6,ALL,udp:38338,192.168.3.120*,2,178,1,105,1,73
90:31:4B:71:8E:B6,ALL,udp:38338,208.67.220.220*,2,178,1,73,1,105
90:31:4B:71:8E:B6,ALL,udp:55670,192.168.3.120*,2,178,1,105,1,73
90:31:4B:71:8E:B6,ALL,udp:55670,208.67.220.220*,2,178,1,73,1,105
90:31:4B:71:8E:B6,ALL,udp:55929,192.168.3.120*,2,264,1,187,1,77
90:31:4B:71:8E:B6,ALL,udp:55929,208.67.220.220*,2,264,1,77,1,187
90:31:4B:71:8E:B6,ALL,udp:33283,192.168.3.120*,2,300,1,214,1,86
90:31:4B:71:8E:B6,ALL,udp:33283,208.67.220.220*,2,300,1,86,1,214
90:31:4B:71:8E:B6,ALL,udp:57726,192.168.3.120*,2,178,1,105,1,73
90:31:4B:71:8E:B6,ALL,udp:57726,208.67.220.220*,2,178,1,73,1,105
90:31:4B:71:8E:B6,ALL,udp:44565,192.168.3.120*,2,178,1,105,1,73
90:31:4B:71:8E:B6,ALL,udp:44565,208.67.220.220*,2,178,1,73,1,105
90:31:4B:71:8E:B6,ALL,udp:58287,192.168.3.120*,2,264,1,187,1,77
90:31:4B:71:8E:B6,ALL,udp:58287,208.67.220.220*,2,264,1,77,1,187
90:31:4B:71:8E:B6,ALL,udp:38678,192.168.3.120*,2,300,1,214,1,86
90:31:4B:71:8E:B6,ALL,udp:38678,208.67.220.220*,2,300,1,86,1,214
90:31:4B:71:8E:B6,ALL,udp:46622,192.168.3.120*,2,178,1,105,1,73
90:31:4B:71:8E:B6,ALL,udp:46622,208.67.220.220*,2,178,1,73,1,105
90:31:4B:71:8E:B6,ALL,udp:48536,192.168.3.120*,2,178,1,105,1,73
90:31:4B:71:8E:B6,ALL,udp:48536,208.67.220.220*,2,178,1,73,1,105
90:31:4B:71:8E:B6,ALL,udp:45156,208.67.220.220,2,264,1,77,1,187
90:31:4B:71:8E:B6,ALL,udp:45156,9.9.9.9,2,300,1,86,1,214
90:31:4B:71:8E:B6,ALL,udp:45018,192.168.3.120*,2,178,1,105,1,73
90:31:4B:71:8E:B6,ALL,udp:45018,208.67.220.220*,2,178,1,73,1,105
90:31:4B:71:8E:B6,ALL,udp:36167,192.168.3.120*,2,300,1,214,1,86
90:31:4B:71:8E:B6,ALL,udp:36167,208.67.220.220*,2,300,1,86,1,214
90:31:4B:71:8E:B6,ALL,udp:34376,192.168.3.120*,2,178,1,105,1,73
90:31:4B:71:8E:B6,ALL,udp:34376,208.67.220.220*,2,178,1,73,1,105
90:31:4B:71:8E:B6,ALL,udp:37597,192.168.3.120*,2,264,1,187,1,77
90:31:4B:71:8E:B6,ALL,udp:37597,208.67.220.220*,2,264,1,77,1,187
90:31:4B:71:8E:B6,ALL,udp:39132,192.168.3.120*,2,178,1,105,1,73
90:31:4B:71:8E:B6,ALL,udp:39132,208.67.220.220*,2,178,1,73,1,105
90:31:4B:71:8E:B6,ALL,udp:36633,192.168.3.120*,2,309,1,229,1,80
90:31:4B:71:8E:B6,ALL,udp:36633,208.67.220.220*,2,309,1,80,1,229
90:31:4B:71:8E:B6,ALL,udp:59924,192.168.3.120*,2,292,1,203,1,89
90:31:4B:71:8E:B6,ALL,udp:59924,208.67.220.220*,2,292,1,89,1,203
90:31:4B:71:8E:B6,ALL,udp:58747,192.168.3.120*,2,251,1,168,1,83
90:31:4B:71:8E:B6,ALL,udp:58747,208.67.220.220*,2,251,1,83,1,168
90:31:4B:71:8E:B6,ALL,udp:36296,192.168.3.120*,2,272,1,192,1,80
90:31:4B:71:8E:B6,ALL,udp:36296,208.67.220.220*,2,272,1,80,1,192
90:31:4B:71:8E:B6,ALL,udp:44385,192.168.3.120*,2,300,1,214,1,86
90:31:4B:71:8E:B6,ALL,udp:44385,208.67.220.220*,2,300,1,86,1,214
90:31:4B:71:8E:B6,ALL,udp:45158,192.168.3.120*,2,178,1,105,1,73
90:31:4B:71:8E:B6,ALL,udp:45158,208.67.220.220*,2,178,1,73,1,105
90:31:4B:71:8E:B6,ALL,udp:39865,192.168.3.120*,2,264,1,187,1,77
90:31:4B:71:8E:B6,ALL,udp:39865,208.67.220.220*,2,264,1,77,1,187
90:31:4B:71:8E:B6,ALL,udp:53446,192.168.3.120*,2,178,1,105,1,73
90:31:4B:71:8E:B6,ALL,udp:53446,208.67.220.220*,2,178,1,73,1,105
90:31:4B:71:8E:B6,ALL,udp:58615,192.168.3.120*,2,300,1,214,1,86
90:31:4B:71:8E:B6,ALL,udp:58615,208.67.220.220*,2,300,1,86,1,214
90:31:4B:71:8E:B6,ALL,udp:58750,192.168.3.120*,2,178,1,105,1,73
90:31:4B:71:8E:B6,ALL,udp:58750,208.67.220.220*,2,178,1,73,1,105
90:31:4B:71:8E:B6,ALL,udp:33927,192.168.3.120*,2,264,1,187,1,77
90:31:4B:71:8E:B6,ALL,udp:33927,208.67.220.220*,2,264,1,77,1,187
90:31:4B:71:8E:B6,ALL,udp:48765,192.168.3.120*,2,178,1,105,1,73
90:31:4B:71:8E:B6,ALL,udp:48765,208.67.220.220*,2,178,1,73,1,105
90:31:4B:71:8E:B6,ALL,udp:39963,192.168.3.120*,2,300,1,214,1,86
90:31:4B:71:8E:B6,ALL,udp:39963,208.67.220.220*,2,300,1,86,1,214
90:31:4B:71:8E:B6,ALL,udp:33268,192.168.3.120*,2,178,1,105,1,73
90:31:4B:71:8E:B6,ALL,udp:33268,208.67.220.220*,2,178,1,73,1,105
90:31:4B:71:8E:B6,ALL,udp:58329,192.168.3.120*,2,264,1,187,1,77
90:31:4B:71:8E:B6,ALL,udp:58329,208.67.220.220*,2,264,1,77,1,187
90:31:4B:71:8E:B6,ALL,udp:57531,192.168.3.120*,2,178,1,105,1,73
90:31:4B:71:8E:B6,ALL,udp:57531,208.67.220.220*,2,178,1,73,1,105
90:31:4B:71:8E:B6,ALL,udp:47340,192.168.3.120*,2,178,1,105,1,73
90:31:4B:71:8E:B6,ALL,udp:47340,208.67.220.220*,2,178,1,73,1,105
90:31:4B:71:8E:B6,ALL,udp:47714,192.168.3.120*,2,300,1,214,1,86
90:31:4B:71:8E:B6,ALL,udp:47714,208.67.220.220*,2,300,1,86,1,214
90:31:4B:71:8E:B6,ALL,udp:47264,192.168.3.120*,2,178,1,105,1,73
90:31:4B:71:8E:B6,ALL,udp:47264,208.67.220.220*,2,178,1,73,1,105
90:31:4B:71:8E:B6,ALL,udp:36433,192.168.3.120*,2,264,1,187,1,77
90:31:4B:71:8E:B6,ALL,udp:36433,208.67.220.220*,2,264,1,77,1,187
90:31:4B:71:8E:B6,ALL,udp:39727,192.168.3.120*,2,178,1,105,1,73
90:31:4B:71:8E:B6,ALL,udp:39727,208.67.220.220*,2,178,1,73,1,105
90:31:4B:71:8E:B6,ALL,udp:60572,192.168.3.120*,2,300,1,214,1,86
90:31:4B:71:8E:B6,ALL,udp:60572,208.67.220.220*,2,300,1,86,1,214
90:31:4B:71:8E:B6,ALL,udp:32774,192.168.3.120*,2,178,1,105,1,73
90:31:4B:71:8E:B6,ALL,udp:32774,208.67.220.220*,2,178,1,73,1,105
90:31:4B:71:8E:B6,ALL,udp:44248,192.168.3.120*,2,264,1,187,1,77
90:31:4B:71:8E:B6,ALL,udp:44248,208.67.220.220*,2,264,1,77,1,187
90:31:4B:71:8E:B6,ALL,udp:34134,192.168.3.120*,2,178,1,105,1,73
90:31:4B:71:8E:B6,ALL,udp:34134,208.67.220.220*,2,178,1,73,1,105
90:31:4B:71:8E:B6,ALL,udp:41341,192.168.3.120*,2,178,1,105,1,73
90:31:4B:71:8E:B6,ALL,udp:41341,208.67.220.220*,2,178,1,73,1,105
90:31:4B:71:8E:B6,ALL,udp:34368,192.168.3.120*,2,300,1,214,1,86
90:31:4B:71:8E:B6,ALL,udp:34368,208.67.220.220*,2,300,1,86,1,214
90:31:4B:71:8E:B6,ALL,udp:42034,192.168.3.120*,2,264,1,187,1,77
90:31:4B:71:8E:B6,ALL,udp:42034,208.67.220.220*,2,264,1,77,1,187
90:31:4B:71:8E:B6,ALL,udp:34188,192.168.3.120*,2,178,1,105,1,73
90:31:4B:71:8E:B6,ALL,udp:34188,208.67.220.220*,2,178,1,73,1,105
90:31:4B:71:8E:B6,ALL,udp:42483,192.168.3.120*,2,184,1,108,1,76
90:31:4B:71:8E:B6,ALL,udp:42483,8.8.8.8*,2,184,1,76,1,108
90:31:4B:71:8E:B6,ALL,udp:34033,192.168.3.120*,2,184,1,108,1,76
90:31:4B:71:8E:B6,ALL,udp:34033,8.8.8.8*,2,184,1,76,1,108
90:31:4B:71:8E:B6,ALL,udp:60826,192.168.3.120*,2,178,1,105,1,73
90:31:4B:71:8E:B6,ALL,udp:60826,8.8.8.8*,2,178,1,73,1,105
90:31:4B:71:8E:B6,ALL,udp:58242,192.168.3.120*,2,300,1,214,1,86
90:31:4B:71:8E:B6,ALL,udp:58242,8.8.8.8*,2,300,1,86,1,214
90:31:4B:71:8E:B6,ALL,udp:58008,192.168.3.120*,2,264,1,187,1,77
90:31:4B:71:8E:B6,ALL,udp:58008,8.8.8.8*,2,264,1,77,1,187
90:31:4B:71:8E:B6,ALL,udp:60440,192.168.3.120*,2,178,1,105,1,73
90:31:4B:71:8E:B6,ALL,udp:60440,8.8.8.8*,2,178,1,73,1,105
90:31:4B:71:8E:B6,ALL,udp:48459,192.168.3.120*,2,178,1,105,1,73
90:31:4B:71:8E:B6,ALL,udp:48459,8.8.4.4*,2,178,1,73,1,105
90:31:4B:71:8E:B6,ALL,udp:55564,192.168.3.120*,2,184,1,108,1,76
90:31:4B:71:8E:B6,ALL,udp:55564,8.8.8.8*,2,184,1,76,1,108
90:31:4B:71:8E:B6,ALL,udp:41295,192.168.3.120*,2,178,1,105,1,73
90:31:4B:71:8E:B6,ALL,udp:41295,8.8.4.4*,2,178,1,73,1,105
90:31:4B:71:8E:B6,ALL,udp:52769,192.168.3.120*,2,300,1,214,1,86
90:31:4B:71:8E:B6,ALL,udp:52769,8.8.4.4*,2,300,1,86,1,214
90:31:4B:71:8E:B6,ALL,udp:51219,192.168.3.120*,2,184,1,108,1,76
90:31:4B:71:8E:B6,ALL,udp:51219,8.8.8.8*,2,184,1,76,1,108
90:31:4B:71:8E:B6,ALL,udp:40803,192.168.3.120*,2,178,1,105,1,73
90:31:4B:71:8E:B6,ALL,udp:40803,8.8.4.4*,2,178,1,73,1,105
90:31:4B:71:8E:B6,ALL,udp:36493,192.168.3.120*,2,264,1,187,1,77
90:31:4B:71:8E:B6,ALL,udp:36493,8.8.4.4*,2,264,1,77,1,187
90:31:4B:71:8E:B6,ALL,udp:38034,192.168.3.120*,2,178,1,105,1,73
90:31:4B:71:8E:B6,ALL,udp:38034,8.8.4.4*,2,178,1,73,1,105
90:31:4B:71:8E:B6,ALL,udp:38875,192.168.3.120*,2,178,1,105,1,73
90:31:4B:71:8E:B6,ALL,udp:38875,8.8.4.4*,2,178,1,73,1,105
90:31:4B:71:8E:B6,ALL,udp:50113,192.168.3.120*,2,300,1,214,1,86
90:31:4B:71:8E:B6,ALL,udp:50113,8.8.4.4*,2,300,1,86,1,214
90:31:4B:71:8E:B6,ALL,udp:33360,192.168.3.120*,2,264,1,187,1,77
90:31:4B:71:8E:B6,ALL,udp:33360,8.8.4.4*,2,264,1,77,1,187
90:31:4B:71:8E:B6,ALL,udp:42646,192.168.3.120*,2,178,1,105,1,73
90:31:4B:71:8E:B6,ALL,udp:42646,8.8.4.4*,2,178,1,73,1,105
90:31:4B:71:8E:B6,ALL,udp:59314,192.168.3.120*,2,178,1,105,1,73
90:31:4B:71:8E:B6,ALL,udp:59314,8.8.4.4*,2,178,1,73,1,105
90:31:4B:71:8E:B6,ALL,udp:55650,192.168.3.120*,2,309,1,229,1,80
90:31:4B:71:8E:B6,ALL,udp:55650,8.8.4.4*,2,309,1,80,1,229
90:31:4B:71:8E:B6,ALL,udp:39519,192.168.3.120*,2,292,1,203,1,89
90:31:4B:71:8E:B6,ALL,udp:39519,8.8.4.4*,2,292,1,89,1,203
90:31:4B:71:8E:B6,ALL,udp:59159,192.168.3.120*,2,292,1,203,1,89
90:31:4B:71:8E:B6,ALL,udp:59159,9.9.9.9*,2,292,1,89,1,203
90:31:4B:71:8E:B6,ALL,udp:53278,192.168.3.120*,2,251,1,168,1,83
90:31:4B:71:8E:B6,ALL,udp:53278,9.9.9.9*,2,251,1,83,1,168
90:31:4B:71:8E:B6,ALL,udp:46955,192.168.3.120*,2,272,1,192,1,80
90:31:4B:71:8E:B6,ALL,udp:46955,9.9.9.9*,2,272,1,80,1,192
90:31:4B:71:8E:B6,ALL,udp:46353,34.194.40.211,2,121,1,56,1,65
90:31:4B:71:8E:B6,ALL,udp:46353,9.9.9.9,2,300,1,86,1,214
90:31:4B:71:8E:B6,ALL,udp:35869,192.168.3.120*,2,178,1,105,1,73
90:31:4B:71:8E:B6,ALL,udp:35869,9.9.9.9*,2,178,1,73,1,105
90:31:4B:71:8E:B6,ALL,udp:51202,192.168.3.120*,2,264,1,187,1,77
90:31:4B:71:8E:B6,ALL,udp:51202,9.9.9.9*,2,264,1,77,1,187
90:31:4B:71:8E:B6,ALL,udp:51831,192.168.3.120*,2,178,1,105,1,73
90:31:4B:71:8E:B6,ALL,udp:51831,9.9.9.9*,2,178,1,73,1,105
90:31:4B:71:8E:B6,ALL,udp:33092,192.168.3.120*,2,178,1,105,1,73
90:31:4B:71:8E:B6,ALL,udp:33092,9.9.9.9*,2,178,1,73,1,105
90:31:4B:71:8E:B6,ALL,udp:52059,192.168.3.120*,2,300,1,214,1,86
90:31:4B:71:8E:B6,ALL,udp:52059,9.9.9.9*,2,300,1,86,1,214
90:31:4B:71:8E:B6,ALL,udp:34838,192.168.3.120*,2,264,1,187,1,77
90:31:4B:71:8E:B6,ALL,udp:34838,9.9.9.9*,2,264,1,77,1,187
90:31:4B:71:8E:B6,ALL,udp:49521,192.168.3.120*,2,178,1,105,1,73
90:31:4B:71:8E:B6,ALL,udp:49521,9.9.9.9*,2,178,1,73,1,105
90:31:4B:71:8E:B6,ALL,udp:58162,192.168.3.120*,2,178,1,105,1,73
90:31:4B:71:8E:B6,ALL,udp:58162,9.9.9.9*,2,178,1,73,1,105
90:31:4B:71:8E:B6,ALL,udp:59395,192.168.3.120*,2,264,1,187,1,77
90:31:4B:71:8E:B6,ALL,udp:59395,9.9.9.9*,2,264,1,77,1,187
90:31:4B:71:8E:B6,ALL,udp:32784,192.168.3.120*,2,178,1,105,1,73
90:31:4B:71:8E:B6,ALL,udp:32784,9.9.9.9*,2,178,1,73,1,105
90:31:4B:71:8E:B6,ALL,udp:49432,192.168.3.120*,2,178,1,105,1,73
90:31:4B:71:8E:B6,ALL,udp:49432,9.9.9.9*,2,178,1,73,1,105
90:31:4B:71:8E:B6,ALL,udp:36424,192.168.3.120*,2,300,1,214,1,86
90:31:4B:71:8E:B6,ALL,udp:36424,9.9.9.9*,2,300,1,86,1,214
90:31:4B:71:8E:B6,ALL,udp:45936,192.168.3.120*,2,264,1,187,1,77
90:31:4B:71:8E:B6,ALL,udp:45936,9.9.9.9*,2,264,1,77,1,187
90:31:4B:71:8E:B6,ALL,udp:60477,192.168.3.120*,2,178,1,105,1,73
90:31:4B:71:8E:B6,ALL,udp:60477,9.9.9.9*,2,178,1,73,1,105
90:31:4B:71:8E:B6,ALL,udp:53097,192.168.3.120*,2,178,1,105,1,73
90:31:4B:71:8E:B6,ALL,udp:53097,9.9.9.9*,2,178,1,73,1,105
90:31:4B:71:8E:B6,ALL,udp:41804,192.168.3.120*,2,300,1,214,1,86
90:31:4B:71:8E:B6,ALL,udp:41804,9.9.9.9*,2,300,1,86,1,214
90:31:4B:71:8E:B6,ALL,udp:42895,192.168.3.120*,2,264,1,187,1,77
90:31:4B:71:8E:B6,ALL,udp:42895,9.9.9.9*,2,264,1,77,1,187
90:31:4B:71:8E:B6,ALL,udp:34752,192.168.3.120*,2,178,1,105,1,73
90:31:4B:71:8E:B6,ALL,udp:34752,9.9.9.9*,2,178,1,73,1,105
90:31:4B:71:8E:B6,ALL,udp:38676,192.168.3.120*,2,178,1,105,1,73
90:31:4B:71:8E:B6,ALL,udp:38676,9.9.9.9*,2,178,1,73,1,105
90:31:4B:71:8E:B6,ALL,udp:54400,192.168.3.120*,2,178,1,105,1,73
90:31:4B:71:8E:B6,ALL,udp:54400,9.9.9.9*,2,178,1,73,1,105
90:31:4B:71:8E:B6,ALL,udp:42693,192.168.3.120*,2,264,1,187,1,77
90:31:4B:71:8E:B6,ALL,udp:42693,9.9.9.9*,2,264,1,77,1,187
90:31:4B:71:8E:B6,ALL,udp:51620,192.168.3.120*,2,300,1,214,1,86
90:31:4B:71:8E:B6,ALL,udp:51620,9.9.9.9*,2,300,1,86,1,214
90:31:4B:71:8E:B6,ALL,udp:41682,192.168.3.120*,2,178,1,105,1,73
90:31:4B:71:8E:B6,ALL,udp:41682,9.9.9.9*,2,178,1,73,1,105
90:31:4B:71:8E:B6,ALL,udp:49347,192.168.3.120*,2,178,1,105,1,73
90:31:4B:71:8E:B6,ALL,udp:49347,9.9.9.9*,2,178,1,73,1,105
90:31:4B:71:8E:B6,ALL,udp:44969,192.168.3.120*,2,264,1,187,1,77
90:31:4B:71:8E:B6,ALL,udp:44969,9.9.9.9*,2,264,1,77,1,187
90:31:4B:71:8E:B6,ALL,udp:50957,192.168.3.120*,2,309,1,229,1,80
90:31:4B:71:8E:B6,ALL,udp:50957,9.9.9.9*,2,309,1,80,1,229
90:31:4B:71:8E:B6,ALL,udp:48988,192.168.3.120*,2,292,1,203,1,89
90:31:4B:71:8E:B6,ALL,udp:48988,9.9.9.9*,2,292,1,89,1,203
90:31:4B:71:8E:B6,ALL,udp:49638,192.168.3.120*,2,251,1,168,1,83
90:31:4B:71:8E:B6,ALL,udp:49638,9.9.9.9*,2,251,1,83,1,168
90:31:4B:71:8E:B6,ALL,udp:48373,192.168.3.120*,2,272,1,192,1,80
90:31:4B:71:8E:B6,ALL,udp:48373,9.9.9.9*,2,272,1,80,1,192
90:31:4B:71:8E:B6,ALL,udp:57359,192.168.3.120*,2,178,1,105,1,73
90:31:4B:71:8E:B6,ALL,udp:57359,9.9.9.9*,2,178,1,73,1,105
90:31:4B:71:8E:B6,ALL,udp:47408,192.168.3.120*,2,300,1,214,1,86
90:31:4B:71:8E:B6,ALL,udp:47408,9.9.9.9*,2,300,1,86,1,214
90:31:4B:71:8E:B6,ALL,udp:33481,192.168.3.120*,2,178,1,105,1,73
90:31:4B:71:8E:B6,ALL,udp:33481,9.9.9.9*,2,178,1,73,1,105
90:31:4B:71:8E:B6,ALL,udp:54394,192.168.3.120*,2,178,1,105,1,73
90:31:4B:71:8E:B6,ALL,udp:54394,9.9.9.9*,2,178,1,73,1,105
90:31:4B:71:8E:B6,ALL,udp:54263,192.168.3.120*,2,264,1,187,1,77
90:31:4B:71:8E:B6,ALL,udp:54263,9.9.9.9*,2,264,1,77,1,187
90:31:4B:71:8E:B6,ALL,udp:33705,192.168.3.120*,2,178,1,105,1,73
90:31:4B:71:8E:B6,ALL,udp:33705,9.9.9.9*,2,178,1,73,1,105
90:31:4B:71:8E:B6,ALL,udp:50677,192.168.3.120*,2,300,1,214,1,86
90:31:4B:71:8E:B6,ALL,udp:50677,9.9.9.9*,2,300,1,86,1,214
90:31:4B:71:8E:B6,ALL,udp:53342,192.168.3.120*,2,178,1,105,1,73
90:31:4B:71:8E:B6,ALL,udp:53342,9.9.9.9*,2,178,1,73,1,105
90:31:4B:71:8E:B6,ALL,udp:38095,192.168.3.120*,2,178,1,105,1,73
90:31:4B:71:8E:B6,ALL,udp:38095,9.9.9.9*,2,178,1,73,1,105
90:31:4B:71:8E:B6,ALL,udp:45667,192.168.3.120*,2,264,1,187,1,77
90:31:4B:71:8E:B6,ALL,udp:45667,9.9.9.9*,2,264,1,77,1,187
90:31:4B:71:8E:B6,ALL,udp:46816,192.168.3.120*,2,300,1,214,1,86
90:31:4B:71:8E:B6,ALL,udp:46816,9.9.9.9*,2,300,1,86,1,214
90:31:4B:71:8E:B6,ALL,udp:40463,192.168.3.120*,2,178,1,105,1,73
90:31:4B:71:8E:B6,ALL,udp:40463,9.9.9.9*,2,178,1,73,1,105
90:31:4B:71:8E:B6,ALL,udp:34435,192.168.3.120*,2,178,1,105,1,73
90:31:4B:71:8E:B6,ALL,udp:34435,9.9.9.9*,2,178,1,73,1,105
90:31:4B:71:8E:B6,ALL,udp:45845,192.168.3.120*,2,264,1,187,1,77
90:31:4B:71:8E:B6,ALL,udp:45845,9.9.9.9*,2,264,1,77,1,187
90:31:4B:71:8E:B6,ALL,udp:35147,192.168.3.120*,2,178,1,105,1,73
90:31:4B:71:8E:B6,ALL,udp:35147,9.9.9.9*,2,178,1,73,1,105
90:31:4B:71:8E:B6,ALL,udp:54272,192.168.3.120*,2,300,1,214,1,86
90:31:4B:71:8E:B6,ALL,udp:54272,9.9.9.9*,2,300,1,86,1,214
90:31:4B:71:8E:B6,ALL,udp:57833,192.168.3.120*,2,178,1,105,1,73
90:31:4B:71:8E:B6,ALL,udp:57833,9.9.9.9*,2,178,1,73,1,105
90:31:4B:71:8E:B6,ALL,udp:44347,52.200.232.52,3,177,2,112,1,65
90:31:4B:71:8E:B6,ALL,udp:44347,9.9.9.9,2,178,1,73,1,105
90:31:4B:71:8E:B6,ALL,udp:36817,192.168.3.120*,2,264,1,187,1,77
90:31:4B:71:8E:B6,ALL,udp:36817,9.9.9.9*,2,264,1,77,1,187
90:31:4B:71:8E:B6,ALL,udp:57362,192.168.3.120*,2,300,1,214,1,86
90:31:4B:71:8E:B6,ALL,udp:57362,9.9.9.9*,2,300,1,86,1,214
90:31:4B:71:8E:B6,ALL,udp:38129,192.168.3.120*,2,178,1,105,1,73
90:31:4B:71:8E:B6,ALL,udp:38129,9.9.9.9*,2,178,1,73,1,105
90:31:4B:71:8E:B6,ALL,udp:39186,192.168.3.120*,2,178,1,105,1,73
90:31:4B:71:8E:B6,ALL,udp:39186,9.9.9.9*,2,178,1,73,1,105
90:31:4B:71:8E:B6,ALL,udp:46123,192.168.3.120*,2,264,1,187,1,77
90:31:4B:71:8E:B6,ALL,udp:46123,9.9.9.9*,2,264,1,77,1,187
90:31:4B:71:8E:B6,ALL,udp:47430,192.168.3.120*,2,178,1,105,1,73
90:31:4B:71:8E:B6,ALL,udp:47430,9.9.9.9*,2,178,1,73,1,105
90:31:4B:71:8E:B6,ALL,udp:46291,192.168.3.120*,2,300,1,214,1,86
90:31:4B:71:8E:B6,ALL,udp:46291,9.9.9.9*,2,300,1,86,1,214
90:31:4B:71:8E:B6,ALL,udp:40264,192.168.3.120*,2,178,1,105,1,73
90:31:4B:71:8E:B6,ALL,udp:40264,9.9.9.9*,2,178,1,73,1,105
90:31:4B:71:8E:B6,ALL,udp:57737,192.168.3.120*,2,178,1,105,1,73
90:31:4B:71:8E:B6,ALL,udp:57737,9.9.9.9*,2,178,1,73,1,105
90:31:4B:71:8E:B6,ALL,udp:56649,192.168.3.120*,2,264,1,187,1,77
90:31:4B:71:8E:B6,ALL,udp:56649,9.9.9.9*,2,264,1,77,1,187
90:31:4B:71:8E:B6,ALL,udp:38015,192.168.3.120*,2,264,1,187,1,77
90:31:4B:71:8E:B6,ALL,udp:38015,208.67.220.220*,2,264,1,77,1,187
90:31:4B:71:8E:B6,ALL,udp:53418,192.168.3.120*,2,264,1,187,1,77
90:31:4B:71:8E:B6,ALL,udp:53418,208.67.220.220*,2,264,1,77,1,187
90:31:4B:71:8E:B6,ALL,udp:58198,192.168.3.120*,2,309,1,229,1,80
90:31:4B:71:8E:B6,ALL,udp:58198,208.67.220.220*,2,309,1,80,1,229
90:31:4B:71:8E:B6,ALL,udp:36280,192.168.3.120*,2,292,1,203,1,89
90:31:4B:71:8E:B6,ALL,udp:36280,208.67.220.220*,2,292,1,89,1,203
90:31:4B:71:8E:B6,ALL,udp:38857,192.168.3.120*,2,251,1,168,1,83
90:31:4B:71:8E:B6,ALL,udp:38857,208.67.220.220*,2,251,1,83,1,168
90:31:4B:71:8E:B6,ALL,udp:59451,192.168.3.120*,2,272,1,192,1,80
90:31:4B:71:8E:B6,ALL,udp:59451,208.67.220.220*,2,272,1,80,1,192
90:31:4B:71:8E:B6,ALL,udp:36589,192.168.3.120*,2,300,1,214,1,86
90:31:4B:71:8E:B6,ALL,udp:36589,208.67.220.220*,2,300,1,86,1,214
90:31:4B:71:8E:B6,ALL,udp:46011,192.168.3.120*,2,178,1,105,1,73
90:31:4B:71:8E:B6,ALL,udp:46011,208.67.220.220*,2,178,1,73,1,105
90:31:4B:71:8E:B6,ALL,udp:42600,192.168.3.120*,2,178,1,105,1,73
90:31:4B:71:8E:B6,ALL,udp:42600,208.67.220.220*,2,178,1,73,1,105
90:31:4B:71:8E:B6,ALL,udp:49222,192.168.3.120*,2,264,1,187,1,77
90:31:4B:71:8E:B6,ALL,udp:49222,208.67.220.220*,2,264,1,77,1,187
90:31:4B:71:8E:B6,ALL,udp:40456,192.168.3.120*,2,178,1,105,1,73
90:31:4B:71:8E:B6,ALL,udp:40456,208.67.220.220*,2,178,1,73,1,105
90:31:4B:71:8E:B6,ALL,udp:50168,192.168.3.120*,2,434,1,329,1,105
90:31:4B:71:8E:B6,ALL,udp:50168,208.67.220.220*,2,434,1,105,1,329
90:31:4B:71:8E:B6,ALL,udp:32952,192.168.3.120*,2,338,1,233,1,105
90:31:4B:71:8E:B6,ALL,udp:32952,208.67.220.220*,2,338,1,105,1,233
90:31:4B:71:8E:B6,ALL,udp:48874,192.168.3.120*,2,264,1,187,1,77
90:31:4B:71:8E:B6,ALL,udp:48874,208.67.220.220*,2,264,1,77,1,187
90:31:4B:71:8E:B6,ALL,udp:53728,192.168.3.120*,2,300,1,214,1,86
90:31:4B:71:8E:B6,ALL,udp:53728,208.67.220.220*,2,300,1,86,1,214
90:31:4B:71:8E:B6,ALL,udp:50431,192.168.3.120*,2,178,1,105,1,73
90:31:4B:71:8E:B6,ALL,udp:50431,208.67.220.220*,2,178,1,73,1,105
90:31:4B:71:8E:B6,ALL,udp:47228,192.168.3.120*,2,178,1,105,1,73
90:31:4B:71:8E:B6,ALL,udp:47228,208.67.220.220*,2,178,1,73,1,105
90:31:4B:71:8E:B6,ALL,udp:49756,192.168.3.120*,2,264,1,187,1,77
90:31:4B:71:8E:B6,ALL,udp:49756,208.67.220.220*,2,264,1,77,1,187
90:31:4B:71:8E:B6,ALL,udp:47492,192.168.3.120*,2,300,1,214,1,86
90:31:4B:71:8E:B6,ALL,udp:47492,208.67.220.220*,2,300,1,86,1,214
90:31:4B:71:8E:B6,ALL,udp:47091,192.168.3.120*,2,178,1,105,1,73
90:31:4B:71:8E:B6,ALL,udp:47091,208.67.220.220*,2,178,1,73,1,105
90:31:4B:71:8E:B6,ALL,udp:59232,192.168.3.120*,2,178,1,105,1,73
90:31:4B:71:8E:B6,ALL,udp:59232,208.67.220.220*,2,178,1,73,1,105
90:31:4B:71:8E:B6,ALL,udp:55351,192.168.3.120*,2,434,1,329,1,105
90:31:4B:71:8E:B6,ALL,udp:55351,208.67.220.220*,2,434,1,105,1,329
90:31:4B:71:8E:B6,ALL,udp:48586,192.168.3.120*,2,338,1,233,1,105
90:31:4B:71:8E:B6,ALL,udp:48586,208.67.220.220*,2,338,1,105,1,233
90:31:4B:71:8E:B6,ALL,udp:44923,192.168.3.120*,2,264,1,187,1,77
90:31:4B:71:8E:B6,ALL,udp:44923,208.67.220.220*,2,264,1,77,1,187
90:31:4B:71:8E:B6,ALL,udp:45460,192.168.3.120*,2,300,1,214,1,86
90:31:4B:71:8E:B6,ALL,udp:45460,208.67.220.220*,2,300,1,86,1,214
90:31:4B:71:8E:B6,ALL,udp:38362,192.168.3.120*,2,178,1,105,1,73
90:31:4B:71:8E:B6,ALL,udp:38362,208.67.220.220*,2,178,1,73,1,105
90:31:4B:71:8E:B6,ALL,udp:45356,192.168.3.120*,2,264,1,187,1,77
90:31:4B:71:8E:B6,ALL,udp:45356,208.67.220.220*,2,264,1,77,1,187
90:31:4B:71:8E:B6,ALL,udp:37101,192.168.3.120*,2,178,1,105,1,73
90:31:4B:71:8E:B6,ALL,udp:37101,208.67.220.220*,2,178,1,73,1,105
90:31:4B:71:8E:B6,ALL,udp:40699,192.168.3.120*,2,178,1,105,1,73
90:31:4B:71:8E:B6,ALL,udp:40699,208.67.220.220*,2,178,1,73,1,105
90:31:4B:71:8E:B6,ALL,udp:45762,192.168.3.120*,2,300,1,214,1,86
90:31:4B:71:8E:B6,ALL,udp:45762,208.67.220.220*,2,300,1,86,1,214
90:31:4B:71:8E:B6,ALL,udp:33630,192.168.3.120*,2,178,1,105,1,73
90:31:4B:71:8E:B6,ALL,udp:33630,208.67.220.220*,2,178,1,73,1,105
90:31:4B:71:8E:B6,ALL,udp:49291,192.168.3.120*,2,264,1,187,1,77
90:31:4B:71:8E:B6,ALL,udp:49291,208.67.220.220*,2,264,1,77,1,187
90:31:4B:71:8E:B6,ALL,udp:34574,192.168.3.120*,2,178,1,105,1,73
90:31:4B:71:8E:B6,ALL,udp:34574,208.67.220.220*,2,178,1,73,1,105
90:31:4B:71:8E:B6,ALL,udp:34144,192.168.3.120*,2,300,1,214,1,86
90:31:4B:71:8E:B6,ALL,udp:34144,208.67.220.220*,2,300,1,86,1,214
90:31:4B:71:8E:B6,ALL,udp:41273,192.168.3.120*,2,178,1,105,1,73
90:31:4B:71:8E:B6,ALL,udp:41273,208.67.220.220*,2,178,1,73,1,105
90:31:4B:71:8E:B6,ALL,udp:34083,192.168.3.120*,2,264,1,187,1,77
90:31:4B:71:8E:B6,ALL,udp:34083,208.67.220.220*,2,264,1,77,1,187
90:31:4B:71:8E:B6,ALL,udp:34140,192.168.3.120*,2,178,1,105,1,73
90:31:4B:71:8E:B6,ALL,udp:34140,208.67.220.220*,2,178,1,73,1,105
90:31:4B:71:8E:B6,ALL,udp:39744,192.168.3.120*,2,300,1,214,1,86
90:31:4B:71:8E:B6,ALL,udp:39744,208.67.220.220*,2,300,1,86,1,214
90:31:4B:71:8E:B6,ALL,udp:50280,192.168.3.120*,2,178,1,105,1,73
90:31:4B:71:8E:B6,ALL,udp:50280,208.67.220.220*,2,178,1,73,1,105
90:31:4B:71:8E:B6,ALL,udp:57696,192.168.3.120*,2,184,1,108,1,76
90:31:4B:71:8E:B6,ALL,udp:57696,8.8.8.8*,2,184,1,76,1,108
90:31:4B:71:8E:B6,ALL,udp:43775,192.168.3.120*,2,264,1,187,1,77
90:31:4B:71:8E:B6,ALL,udp:43775,208.67.220.220*,2,264,1,77,1,187
90:31:4B:71:8E:B6,ALL,udp:50523,192.168.3.120*,2,178,1,105,1,73
90:31:4B:71:8E:B6,ALL,udp:50523,208.67.220.220*,2,178,1,73,1,105
90:31:4B:71:8E:B6,ALL,udp:35344,192.168.3.120*,2,184,1,108,1,76
90:31:4B:71:8E:B6,ALL,udp:35344,8.8.8.8*,2,184,1,76,1,108
90:31:4B:71:8E:B6,ALL,udp:38986,192.168.3.120*,2,178,1,105,1,73
90:31:4B:71:8E:B6,ALL,udp:38986,208.67.220.220*,2,178,1,73,1,105
90:31:4B:71:8E:B6,ALL,udp:39559,192.168.3.120*,2,184,1,108,1,76
90:31:4B:71:8E:B6,ALL,udp:39559,8.8.8.8*,2,184,1,76,1,108
90:31:4B:71:8E:B6,ALL,udp:58370,192.168.3.120*,2,300,1,214,1,86
90:31:4B:71:8E:B6,ALL,udp:58370,208.67.220.220*,2,300,1,86,1,214
90:31:4B:71:8E:B6,ALL,udp:40917,192.168.3.120*,2,184,1,108,1,76
90:31:4B:71:8E:B6,ALL,udp:40917,8.8.8.8*,2,184,1,76,1,108
90:31:4B:71:8E:B6,ALL,udp:38074,192.168.3.120*,2,178,1,105,1,73
90:31:4B:71:8E:B6,ALL,udp:38074,208.67.220.220*,2,178,1,73,1,105
90:31:4B:71:8E:B6,ALL,udp:43902,192.168.3.120*,2,264,1,187,1,77
90:31:4B:71:8E:B6,ALL,udp:43902,208.67.220.220*,2,264,1,77,1,187
90:31:4B:71:8E:B6,ALL,udp:35607,192.168.3.120*,2,178,1,105,1,73
90:31:4B:71:8E:B6,ALL,udp:35607,208.67.220.220*,2,178,1,73,1,105
90:31:4B:71:8E:B6,ALL,udp:41761,192.168.3.120*,2,300,1,214,1,86
90:31:4B:71:8E:B6,ALL,udp:41761,208.67.220.220*,2,300,1,86,1,214
90:31:4B:71:8E:B6,ALL,udp:43316,192.168.3.120*,2,184,1,108,1,76
90:31:4B:71:8E:B6,ALL,udp:43316,8.8.8.8*,2,184,1,76,1,108
90:31:4B:71:8E:B6,ALL,udp:45732,192.168.3.120*,2,178,1,105,1,73
90:31:4B:71:8E:B6,ALL,udp:45732,208.67.220.220*,2,178,1,73,1,105
90:31:4B:71:8E:B6,ALL,udp:36652,192.168.3.120*,2,264,1,187,1,77
90:31:4B:71:8E:B6,ALL,udp:36652,208.67.220.220*,2,264,1,77,1,187
90:31:4B:71:8E:B6,ALL,udp:45295,192.168.3.120*,2,178,1,105,1,73
90:31:4B:71:8E:B6,ALL,udp:45295,208.67.220.220*,2,178,1,73,1,105
90:31:4B:71:8E:B6,ALL,udp:55093,192.168.3.120*,2,178,1,105,1,73
90:31:4B:71:8E:B6,ALL,udp:55093,208.67.220.220*,2,178,1,73,1,105
90:31:4B:71:8E:B6,ALL,udp:36279,192.168.3.120*,2,184,1,108,1,76
90:31:4B:71:8E:B6,ALL,udp:36279,8.8.8.8*,2,184,1,76,1,108
90:31:4B:71:8E:B6,ALL,udp:44731,192.168.3.120*,2,309,1,229,1,80
90:31:4B:71:8E:B6,ALL,udp:44731,208.67.220.220*,2,309,1,80,1,229
90:31:4B:71:8E:B6,ALL,udp:40152,192.168.3.120*,2,292,1,203,1,89
90:31:4B:71:8E:B6,ALL,udp:40152,208.67.220.220*,2,292,1,89,1,203
90:31:4B:71:8E:B6,ALL,udp:56087,192.168.3.120*,2,251,1,168,1,83
90:31:4B:71:8E:B6,ALL,udp:56087,208.67.220.220*,2,251,1,83,1,168
90:31:4B:71:8E:B6,ALL,udp:43917,192.168.3.120*,2,272,1,192,1,80
90:31:4B:71:8E:B6,ALL,udp:43917,208.67.220.220*,2,272,1,80,1,192
90:31:4B:71:8E:B6,ALL,udp:44015,192.168.3.120*,2,300,1,214,1,86
90:31:4B:71:8E:B6,ALL,udp:44015,208.67.220.220*,2,300,1,86,1,214
90:31:4B:71:8E:B6,ALL,udp:36721,192.168.3.120*,2,178,1,105,1,73
90:31:4B:71:8E:B6,ALL,udp:36721,208.67.220.220*,2,178,1,73,1,105
90:31:4B:71:8E:B6,ALL,udp:59794,192.168.3.120*,2,184,1,108,1,76
90:31:4B:71:8E:B6,ALL,udp:59794,8.8.8.8*,2,184,1,76,1,108
90:31:4B:71:8E:B6,ALL,udp:50312,192.168.3.120*,2,264,1,187,1,77
90:31:4B:71:8E:B6,ALL,udp:50312,208.67.220.220*,2,264,1,77,1,187
90:31:4B:71:8E:B6,ALL,udp:45146,192.168.3.120*,2,178,1,105,1,73
90:31:4B:71:8E:B6,ALL,udp:45146,208.67.220.220*,2,178,1,73,1,105
90:31:4B:71:8E:B6,ALL,udp:53161,192.168.3.120*,2,184,1,108,1,76
90:31:4B:71:8E:B6,ALL,udp:53161,8.8.8.8*,2,184,1,76,1,108
90:31:4B:71:8E:B6,ALL,udp:34400,192.168.3.120*,2,300,1,214,1,86
90:31:4B:71:8E:B6,ALL,udp:34400,208.67.220.220*,2,300,1,86,1,214
90:31:4B:71:8E:B6,ALL,udp:46771,192.168.3.120*,2,178,1,105,1,73
90:31:4B:71:8E:B6,ALL,udp:46771,208.67.220.220*,2,178,1,73,1,105
90:31:4B:71:8E:B6,ALL,udp:34101,192.168.3.120*,2,264,1,187,1,77
90:31:4B:71:8E:B6,ALL,udp:34101,208.67.220.220*,2,264,1,77,1,187
90:31:4B:71:8E:B6,ALL,udp:60323,192.168.3.120*,2,178,1,105,1,73
90:31:4B:71:8E:B6,ALL,udp:60323,208.67.220.220*,2,178,1,73,1,105
90:31:4B:71:8E:B6,ALL,udp:51938,192.168.3.120*,2,178,1,105,1,73
90:31:4B:71:8E:B6,ALL,udp:51938,208.67.220.220*,2,178,1,73,1,105
90:31:4B:71:8E:B6,ALL,udp:50464,192.168.3.120*,2,300,1,214,1,86
90:31:4B:71:8E:B6,ALL,udp:50464,208.67.220.220*,2,300,1,86,1,214
90:31:4B:71:8E:B6,ALL,udp:38434,192.168.3.120*,2,264,1,187,1,77
90:31:4B:71:8E:B6,ALL,udp:38434,208.67.220.220*,2,264,1,77,1,187
90:31:4B:71:8E:B6,ALL,udp:41177,192.168.3.120*,2,178,1,105,1,73
90:31:4B:71:8E:B6,ALL,udp:41177,208.67.220.220*,2,178,1,73,1,105
90:31:4B:71:8E:B6,ALL,udp:50233,192.168.3.120*,2,178,1,105,1,73
90:31:4B:71:8E:B6,ALL,udp:50233,208.67.220.220*,2,178,1,73,1,105
90:31:4B:71:8E:B6,ALL,udp:45622,192.168.3.120*,2,300,1,214,1,86
90:31:4B:71:8E:B6,ALL,udp:45622,208.67.220.220*,2,300,1,86,1,214
90:31:4B:71:8E:B6,ALL,udp:52064,192.168.3.120*,2,178,1,105,1,73
90:31:4B:71:8E:B6,ALL,udp:52064,208.67.220.220*,2,178,1,73,1,105
90:31:4B:71:8E:B6,ALL,udp:60493,192.168.3.120*,2,264,1,187,1,77
90:31:4B:71:8E:B6,ALL,udp:60493,208.67.220.220*,2,264,1,77,1,187
90:31:4B:71:8E:B6,ALL,udp:35905,192.168.3.120*,2,178,1,105,1,73
90:31:4B:71:8E:B6,ALL,udp:35905,208.67.220.220*,2,178,1,73,1,105
90:31:4B:71:8E:B6,ALL,udp:43750,192.168.3.120*,2,300,1,214,1,86
90:31:4B:71:8E:B6,ALL,udp:43750,208.67.220.220*,2,300,1,86,1,214
90:31:4B:71:8E:B6,ALL,udp:52222,192.168.3.120*,2,178,1,105,1,73
90:31:4B:71:8E:B6,ALL,udp:52222,208.67.220.220*,2,178,1,73,1,105
90:31:4B:71:8E:B6,ALL,udp:43808,192.168.3.120*,2,264,1,187,1,77
90:31:4B:71:8E:B6,ALL,udp:43808,208.67.220.220*,2,264,1,77,1,187
90:31:4B:71:8E:B6,ALL,udp:59997,192.168.3.120*,2,178,1,105,1,73
90:31:4B:71:8E:B6,ALL,udp:59997,208.67.220.220*,2,178,1,73,1,105
90:31:4B:71:8E:B6,ALL,udp:37348,192.168.3.120*,2,178,1,105,1,73
90:31:4B:71:8E:B6,ALL,udp:37348,208.67.220.220*,2,178,1,73,1,105
90:31:4B:71:8E:B6,ALL,udp:55027,192.168.3.120*,2,300,1,214,1,86
90:31:4B:71:8E:B6,ALL,udp:55027,208.67.220.220*,2,300,1,86,1,214
90:31:4B:71:8E:B6,ALL,udp:39582,192.168.3.120*,2,264,1,187,1,77
90:31:4B:71:8E:B6,ALL,udp:39582,208.67.220.220*,2,264,1,77,1,187
90:31:4B:71:8E:B6,ALL,udp:46002,192.168.3.120*,2,178,1,105,1,73
90:31:4B:71:8E:B6,ALL,udp:46002,208.67.220.220*,2,178,1,73,1,105
90:31:4B:71:8E:B6,ALL,udp:57494,192.168.3.120*,2,309,1,229,1,80
90:31:4B:71:8E:B6,ALL,udp:57494,208.67.220.220*,2,309,1,80,1,229
90:31:4B:71:8E:B6,ALL,udp:54880,192.168.3.120*,2,292,1,203,1,89
90:31:4B:71:8E:B6,ALL,udp:54880,208.67.220.220*,2,292,1,89,1,203
90:31:4B:71:8E:B6,ALL,udp:58393,192.168.3.120*,2,251,1,168,1,83
90:31:4B:71:8E:B6,ALL,udp:58393,208.67.220.220*,2,251,1,83,1,168
90:31:4B:71:8E:B6,ALL,udp:58698,192.168.3.120*,2,272,1,192,1,80
90:31:4B:71:8E:B6,ALL,udp:58698,208.67.220.220*,2,272,1,80,1,192
90:31:4B:71:8E:B6,ALL,udp:47577,192.168.3.120*,2,300,1,214,1,86
90:31:4B:71:8E:B6,ALL,udp:47577,208.67.220.220*,2,300,1,86,1,214
90:31:4B:71:8E:B6,ALL,udp:52988,192.168.3.120*,2,178,1,105,1,73
90:31:4B:71:8E:B6,ALL,udp:52988,208.67.220.220*,2,178,1,73,1,105
90:31:4B:71:8E:B6,ALL,udp:33823,192.168.3.120*,2,264,1,187,1,77
90:31:4B:71:8E:B6,ALL,udp:33823,208.67.220.220*,2,264,1,77,1,187
90:31:4B:71:8E:B6,ALL,udp:51531,192.168.3.120*,2,178,1,105,1,73
90:31:4B:71:8E:B6,ALL,udp:51531,208.67.220.220*,2,178,1,73,1,105
90:31:4B:71:8E:B6,ALL,udp:43050,192.168.3.120*,2,178,1,105,1,73
90:31:4B:71:8E:B6,ALL,udp:43050,208.67.220.220*,2,178,1,73,1,105
90:31:4B:71:8E:B6,ALL,udp:41716,192.168.3.120*,2,300,1,214,1,86
90:31:4B:71:8E:B6,ALL,udp:41716,208.67.220.220*,2,300,1,86,1,214
90:31:4B:71:8E:B6,ALL,udp:43264,192.168.3.120*,2,184,1,108,1,76
90:31:4B:71:8E:B6,ALL,udp:43264,8.8.8.8*,2,184,1,76,1,108
90:31:4B:71:8E:B6,ALL,udp:50688,192.168.3.120*,2,184,1,108,1,76
90:31:4B:71:8E:B6,ALL,udp:50688,8.8.8.8*,2,184,1,76,1,108
90:31:4B:71:8E:B6,ALL,udp:55675,192.168.3.120*,2,184,1,108,1,76
90:31:4B:71:8E:B6,ALL,udp:55675,8.8.8.8*,2,184,1,76,1,108
90:31:4B:71:8E:B6,ALL,udp:56495,192.168.3.120*,2,184,1,108,1,76
90:31:4B:71:8E:B6,ALL,udp:56495,8.8.8.8*,2,184,1,76,1,108
90:31:4B:71:8E:B6,ALL,udp:40567,192.168.3.120*,2,184,1,108,1,76
90:31:4B:71:8E:B6,ALL,udp:40567,8.8.8.8*,2,184,1,76,1,108
90:31:4B:71:8E:B6,ALL,udp:45488,192.168.3.120*,2,184,1,108,1,76
90:31:4B:71:8E:B6,ALL,udp:45488,8.8.8.8*,2,184,1,76,1,108
90:31:4B:71:8E:B6,ALL,udp:40467,192.168.3.120*,2,184,1,108,1,76
90:31:4B:71:8E:B6,ALL,udp:40467,8.8.8.8*,2,184,1,76,1,108
90:31:4B:71:8E:B6,ALL,udp:46876,192.168.3.120*,2,184,1,108,1,76
90:31:4B:71:8E:B6,ALL,udp:46876,8.8.8.8*,2,184,1,76,1,108
90:31:4B:71:8E:B6,ALL,udp:53103,192.168.3.120*,2,184,1,108,1,76
90:31:4B:71:8E:B6,ALL,udp:53103,8.8.8.8*,2,184,1,76,1,108
90:31:4B:71:8E:B6,ALL,udp:44719,192.168.3.120*,2,178,1,105,1,73
90:31:4B:71:8E:B6,ALL,udp:44719,8.8.8.8*,2,178,1,73,1,105
90:31:4B:71:8E:B6,ALL,udp:37274,192.168.3.120*,2,300,1,214,1,86
90:31:4B:71:8E:B6,ALL,udp:37274,8.8.8.8*,2,300,1,86,1,214
90:31:4B:71:8E:B6,ALL,udp:38984,192.168.3.120*,2,178,1,105,1,73
90:31:4B:71:8E:B6,ALL,udp:38984,8.8.8.8*,2,178,1,73,1,105
90:31:4B:71:8E:B6,ALL,udp:44098,192.168.3.120*,2,264,1,187,1,77
90:31:4B:71:8E:B6,ALL,udp:44098,8.8.8.8*,2,264,1,77,1,187
90:31:4B:71:8E:B6,ALL,udp:60486,192.168.3.120*,2,178,1,105,1,73
90:31:4B:71:8E:B6,ALL,udp:60486,8.8.8.8*,2,178,1,73,1,105
90:31:4B:71:8E:B6,ALL,udp:58505,192.168.3.120*,2,178,1,105,1,73
90:31:4B:71:8E:B6,ALL,udp:58505,8.8.8.8*,2,178,1,73,1,105
90:31:4B:71:8E:B6,ALL,udp:54816,192.168.3.120*,2,309,1,229,1,80
90:31:4B:71:8E:B6,ALL,udp:54816,8.8.8.8*,2,309,1,80,1,229
90:31:4B:71:8E:B6,ALL,udp:56818,192.168.3.120*,2,292,1,203,1,89
90:31:4B:71:8E:B6,ALL,udp:56818,8.8.8.8*,2,292,1,89,1,203
90:31:4B:71:8E:B6,ALL,udp:48081,192.168.3.120*,2,251,1,168,1,83
90:31:4B:71:8E:B6,ALL,udp:48081,8.8.8.8*,2,251,1,83,1,168
90:31:4B:71:8E:B6,ALL,udp:40848,192.168.3.120*,2,272,1,192,1,80
90:31:4B:71:8E:B6,ALL,udp:40848,8.8.8.8*,2,272,1,80,1,192
90:31:4B:71:8E:B6,ALL,udp:56623,192.168.3.120*,2,300,1,214,1,86
90:31:4B:71:8E:B6,ALL,udp:56623,8.8.8.8*,2,300,1,86,1,214
90:31:4B:71:8E:B6,ALL,udp:35769,192.168.3.120*,2,178,1,105,1,73
90:31:4B:71:8E:B6,ALL,udp:35769,8.8.8.8*,2,178,1,73,1,105
90:31:4B:71:8E:B6,ALL,udp:38730,192.168.3.120*,2,264,1,187,1,77
90:31:4B:71:8E:B6,ALL,udp:38730,8.8.8.8*,2,264,1,77,1,187
90:31:4B:71:8E:B6,ALL,udp:44595,192.168.3.120*,2,178,1,105,1,73
90:31:4B:71:8E:B6,ALL,udp:44595,8.8.8.8*,2,178,1,73,1,105
90:31:4B:71:8E:B6,ALL,udp:34776,192.168.3.120*,2,300,1,214,1,86
90:31:4B:71:8E:B6,ALL,udp:34776,8.8.8.8*,2,300,1,86,1,214
90:31:4B:71:8E:B6,ALL,udp:50229,192.168.3.120*,2,178,1,105,1,73
90:31:4B:71:8E:B6,ALL,udp:50229,8.8.8.8*,2,178,1,73,1,105
90:31:4B:71:8E:B6,ALL,udp:51303,192.168.3.120*,2,264,1,187,1,77
90:31:4B:71:8E:B6,ALL,udp:51303,8.8.8.8*,2,264,1,77,1,187
90:31:4B:71:8E:B6,ALL,udp:52967,192.168.3.120*,2,178,1,105,1,73
90:31:4B:71:8E:B6,ALL,udp:52967,8.8.8.8*,2,178,1,73,1,105
90:31:4B:71:8E:B6,ALL,udp:60019,192.168.3.120*,2,178,1,105,1,73
90:31:4B:71:8E:B6,ALL,udp:60019,8.8.8.8*,2,178,1,73,1,105
90:31:4B:71:8E:B6,ALL,udp:56796,192.168.3.120*,2,300,1,214,1,86
90:31:4B:71:8E:B6,ALL,udp:56796,8.8.8.8*,2,300,1,86,1,214
90:31:4B:71:8E:B6,ALL,udp:40355,192.168.3.120*,2,264,1,187,1,77
90:31:4B:71:8E:B6,ALL,udp:40355,8.8.8.8*,2,264,1,77,1,187
90:31:4B:71:8E:B6,ALL,udp:48980,192.168.3.120*,2,178,1,105,1,73
90:31:4B:71:8E:B6,ALL,udp:48980,8.8.8.8*,2,178,1,73,1,105
90:31:4B:71:8E:B6,ALL,udp:47826,192.168.3.120*,2,178,1,105,1,73
90:31:4B:71:8E:B6,ALL,udp:47826,8.8.8.8*,2,178,1,73,1,105
90:31:4B:71:8E:B6,ALL,udp:54473,192.168.3.120*,2,300,1,214,1,86
90:31:4B:71:8E:B6,ALL,udp:54473,8.8.8.8*,2,300,1,86,1,214
90:31:4B:71:8E:B6,ALL,udp:40881,192.168.3.120*,2,178,1,105,1,73
90:31:4B:71:8E:B6,ALL,udp:40881,8.8.8.8*,2,178,1,73,1,105
90:31:4B:71:8E:B6,ALL,udp:53301,192.168.3.120*,2,264,1,187,1,77
90:31:4B:71:8E:B6,ALL,udp:53301,8.8.8.8*,2,264,1,77,1,187
90:31:4B:71:8E:B6,ALL,udp:49111,192.168.3.120*,2,178,1,105,1,73
90:31:4B:71:8E:B6,ALL,udp:49111,8.8.8.8*,2,178,1,73,1,105
90:31:4B:71:8E:B6,ALL,udp:36893,192.168.3.120*,2,178,1,105,1,73
90:31:4B:71:8E:B6,ALL,udp:36893,8.8.8.8*,2,178,1,73,1,105
90:31:4B:71:8E:B6,ALL,udp:56876,192.168.3.120*,2,300,1,214,1,86
90:31:4B:71:8E:B6,ALL,udp:56876,8.8.8.8*,2,300,1,86,1,214
90:31:4B:71:8E:B6,ALL,udp:34831,192.168.3.120*,2,300,1,214,1,86
90:31:4B:71:8E:B6,ALL,udp:34831,8.8.4.4*,2,300,1,86,1,214
90:31:4B:71:8E:B6,ALL,udp:40723,192.168.3.120*,2,178,1,105,1,73
90:31:4B:71:8E:B6,ALL,udp:40723,8.8.4.4*,2,178,1,73,1,105
90:31:4B:71:8E:B6,ALL,udp:44334,192.168.3.120*,2,264,1,187,1,77
90:31:4B:71:8E:B6,ALL,udp:44334,8.8.4.4*,2,264,1,77,1,187
90:31:4B:71:8E:B6,ALL,udp:42632,192.168.3.120*,2,178,1,105,1,73
90:31:4B:71:8E:B6,ALL,udp:42632,8.8.4.4*,2,178,1,73,1,105
90:31:4B:71:8E:B6,ALL,udp:46139,34.194.40.211,2,121,1,56,1,65
90:31:4B:71:8E:B6,ALL,udp:46139,8.8.4.4,2,178,1,73,1,105
90:31:4B:71:8E:B6,ALL,udp:50775,192.168.3.120*,2,300,1,214,1,86
90:31:4B:71:8E:B6,ALL,udp:50775,8.8.4.4*,2,300,1,86,1,214
90:31:4B:71:8E:B6,ALL,udp:52072,192.168.3.120*,2,264,1,187,1,77
90:31:4B:71:8E:B6,ALL,udp:52072,8.8.4.4*,2,264,1,77,1,187
90:31:4B:71:8E:B6,ALL,udp:56440,192.168.3.120*,2,178,1,105,1,73
90:31:4B:71:8E:B6,ALL,udp:56440,8.8.4.4*,2,178,1,73,1,105
90:31:4B:71:8E:B6,ALL,udp:43145,192.168.3.120*,2,178,1,105,1,73
90:31:4B:71:8E:B6,ALL,udp:43145,8.8.4.4*,2,178,1,73,1,105
90:31:4B:71:8E:B6,ALL,udp:33406,192.168.3.120*,2,309,1,229,1,80
90:31:4B:71:8E:B6,ALL,udp:33406,8.8.4.4*,2,309,1,80,1,229
90:31:4B:71:8E:B6,ALL,udp:36429,192.168.3.120*,2,292,1,203,1,89
90:31:4B:71:8E:B6,ALL,udp:36429,8.8.4.4*,2,292,1,89,1,203
90:31:4B:71:8E:B6,ALL,udp:49028,192.168.3.120*,2,251,1,168,1,83
90:31:4B:71:8E:B6,ALL,udp:49028,8.8.4.4*,2,251,1,83,1,168
90:31:4B:71:8E:B6,ALL,udp:46712,192.168.3.120*,2,251,1,168,1,83
90:31:4B:71:8E:B6,ALL,udp:46712,9.9.9.9*,2,251,1,83,1,168
90:31:4B:71:8E:B6,ALL,udp:49813,192.168.3.120*,2,272,1,192,1,80
90:31:4B:71:8E:B6,ALL,udp:49813,9.9.9.9*,2,272,1,80,1,192
90:31:4B:71:8E:B6,ALL,udp:33068,192.168.3.120*,2,272,1,192,1,80
90:31:4B:71:8E:B6,ALL,udp:33068,208.67.220.220*,2,272,1,80,1,192
90:31:4B:71:8E:B6,ALL,udp:50337,192.168.3.120*,2,300,1,214,1,86
90:31:4B:71:8E:B6,ALL,udp:50337,208.67.220.220*,2,300,1,86,1,214
90:31:4B:71:8E:B6,ALL,udp:59721,192.168.3.120*,2,264,1,187,1,77
90:31:4B:71:8E:B6,ALL,udp:59721,208.67.220.220*,2,264,1,77,1,187
90:31:4B:71:8E:B6,ALL,udp:35010,192.168.3.120*,2,178,1,105,1,73
90:31:4B:71:8E:B6,ALL,udp:35010,208.67.220.220*,2,178,1,73,1,105
90:31:4B:71:8E:B6,ALL,udp:48225,192.168.3.120*,2,178,1,105,1,73
90:31:4B:71:8E:B6,ALL,udp:48225,208.67.220.220*,2,178,1,73,1,105
90:31:4B:71:8E:B6,ALL,udp:44447,192.168.3.120*,2,300,1,214,1,86
90:31:4B:71:8E:B6,ALL,udp:44447,208.67.220.220*,2,300,1,86,1,214
90:31:4B:71:8E:B6,ALL,udp:48454,192.168.3.120*,2,264,1,187,1,77
90:31:4B:71:8E:B6,ALL,udp:48454,208.67.220.220*,2,264,1,77,1,187
90:31:4B:71:8E:B6,ALL,udp:51170,192.168.3.120*,2,178,1,105,1,73
90:31:4B:71:8E:B6,ALL,udp:51170,208.67.220.220*,2,178,1,73,1,105
90:31:4B:71:8E:B6,ALL,udp:55574,192.168.3.120*,2,178,1,105,1,73
90:31:4B:71:8E:B6,ALL,udp:55574,208.67.220.220*,2,178,1,73,1,105
90:31:4B:71:8E:B6,ALL,udp:48042,192.168.3.120*,2,300,1,214,1,86
90:31:4B:71:8E:B6,ALL,udp:48042,208.67.220.220*,2,300,1,86,1,214
90:31:4B:71:8E:B6,ALL,udp:33036,192.168.3.120*,2,264,1,187,1,77
90:31:4B:71:8E:B6,ALL,udp:33036,208.67.220.220*,2,264,1,77,1,187
90:31:4B:71:8E:B6,ALL,udp:35490,192.168.3.120*,2,178,1,105,1,73
90:31:4B:71:8E:B6,ALL,udp:35490,208.67.220.220*,2,178,1,73,1,105
90:31:4B:71:8E:B6,ALL,udp:47238,192.168.3.120*,2,178,1,105,1,73
90:31:4B:71:8E:B6,ALL,udp:47238,208.67.220.220*,2,178,1,73,1,105
90:31:4B:71:8E:B6,ALL,udp:59445,192.168.3.120*,2,300,1,214,1,86
90:31:4B:71:8E:B6,ALL,udp:59445,208.67.220.220*,2,300,1,86,1,214
90:31:4B:71:8E:B6,ALL,udp:55607,192.168.3.120*,2,178,1,105,1,73
90:31:4B:71:8E:B6,ALL,udp:55607,208.67.220.220*,2,178,1,73,1,105
90:31:4B:71:8E:B6,ALL,udp:34387,192.168.3.120*,2,264,1,187,1,77
90:31:4B:71:8E:B6,ALL,udp:34387,208.67.220.220*,2,264,1,77,1,187
90:31:4B:71:8E:B6,ALL,udp:50725,192.168.3.120*,2,178,1,105,1,73
90:31:4B:71:8E:B6,ALL,udp:50725,208.67.220.220*,2,178,1,73,1,105
90:31:4B:71:8E:B6,ALL,udp:38912,192.168.3.120*,2,178,1,105,1,73
90:31:4B:71:8E:B6,ALL,udp:38912,208.67.220.220*,2,178,1,73,1,105
90:31:4B:71:8E:B6,ALL,udp:50893,192.168.3.120*,2,300,1,214,1,86
90:31:4B:71:8E:B6,ALL,udp:50893,208.67.220.220*,2,300,1,86,1,214
90:31:4B:71:8E:B6,ALL,udp:39810,192.168.3.120*,2,264,1,187,1,77
90:31:4B:71:8E:B6,ALL,udp:39810,208.67.220.220*,2,264,1,77,1,187
90:31:4B:71:8E:B6,ALL,udp:34375,192.168.3.120*,2,178,1,105,1,73
90:31:4B:71:8E:B6,ALL,udp:34375,208.67.220.220*,2,178,1,73,1,105
90:31:4B:71:8E:B6,ALL,udp:34456,192.168.3.120*,2,178,1,105,1,73
90:31:4B:71:8E:B6,ALL,udp:34456,208.67.220.220*,2,178,1,73,1,105
90:31:4B:71:8E:B6,ALL,udp:41671,192.168.3.120*,2,300,1,214,1,86
90:31:4B:71:8E:B6,ALL,udp:41671,208.67.220.220*,2,300,1,86,1,214
90:31:4B:71:8E:B6,ALL,udp:48939,192.168.3.120*,2,264,1,187,1,77
90:31:4B:71:8E:B6,ALL,udp:48939,208.67.220.220*,2,264,1,77,1,187
90:31:4B:71:8E:B6,ALL,udp:59802,192.168.3.120*,2,178,1,105,1,73
90:31:4B:71:8E:B6,ALL,udp:59802,208.67.220.220*,2,178,1,73,1,105
90:31:4B:71:8E:B6,ALL,udp:36311,192.168.3.120*,2,178,1,105,1,73
90:31:4B:71:8E:B6,ALL,udp:36311,208.67.220.220*,2,178,1,73,1,105
90:31:4B:71:8E:B6,ALL,udp:60698,192.168.3.120*,2,309,1,229,1,80
90:31:4B:71:8E:B6,ALL,udp:60698,208.67.220.220*,2,309,1,80,1,229
90:31:4B:71:8E:B6,ALL,udp:47820,192.168.3.120*,2,292,1,203,1,89
90:31:4B:71:8E:B6,ALL,udp:47820,208.67.220.220*,2,292,1,89,1,203
90:31:4B:71:8E:B6,ALL,udp:33396,192.168.3.120*,2,251,1,168,1,83
90:31:4B:71:8E:B6,ALL,udp:33396,208.67.220.220*,2,251,1,83,1,168
90:31:4B:71:8E:B6,ALL,udp:58426,192.168.3.120*,2,272,1,192,1,80
90:31:4B:71:8E:B6,ALL,udp:58426,208.67.220.220*,2,272,1,80,1,192
90:31:4B:71:8E:B6,ALL,udp:34174,192.168.3.120*,2,300,1,214,1,86
90:31:4B:71:8E:B6,ALL,udp:34174,208.67.220.220*,2,300,1,86,1,214
90:31:4B:71:8E:B6,ALL,udp:41012,192.168.3.120*,2,300,1,214,1,86
90:31:4B:71:8E:B6,ALL,udp:41012,8.8.8.8*,2,300,1,86,1,214
90:31:4B:71:8E:B6,ALL,udp:37510,192.168.3.120*,2,178,1,105,1,73
90:31:4B:71:8E:B6,ALL,udp:37510,8.8.8.8*,2,178,1,73,1,105
90:31:4B:71:8E:B6,ALL,udp:8555,34.194.40.211,307,18422,164,9155,143,9267
90:31:4B:71:8E:B6,ALL,udp:8555,52.200.232.52,310,18577,167,9315,143,9262
90:31:4B:71:8E:B6,ALL,udp:9700,150.136.255.34,36,13662,18,2484,18,11178
90:31:4B:71:8E:B6,ALL,udp:9700,54.223.118.211,37,13800,19,2622,18,11178
90:31:4B:71:8E:B6,ALL,tcp:8883,52.86.188.143,9114,807321,5990,493442,3124,313879
90:31:4B:71:8E:B6,ALL,tcp:8883,54.159.6.195,387,41863,244,21765,143,20098
90:31:4B:71:8E:B6,ALL,tcp:8883,54.164.166.158,11748,1018634,7763,633480,3985,385154
90:31:4B:71:8E:B6,ALL,https,16.15.192.81,45,19073,26,11221,19,7852
90:31:4B:71:8E:B6,ALL,https,16.15.216.184,43,17665,25,9867,18,7798
90:31:4B:71:8E:B6,ALL,https,16.182.100.120,42,17066,25,9566,17,7500
90:31:4B:71:8E:B6,ALL,https,16.182.101.240,43,18192,26,10692,17,7500
90:31:4B:71:8E:B6,ALL,https,16.182.102.56,42,17428,25,9928,17,7500
90:31:4B:71:8E:B6,ALL,https,16.182.104.88,47,17386,25,9616,22,7770
90:31:4B:71:8E:B6,ALL,https,16.182.106.0,41,16914,25,9468,16,7446
90:31:4B:71:8E:B6,ALL,https,16.182.106.152,40,16908,25,9516,15,7392
90:31:4B:71:8E:B6,ALL,https,16.182.32.152,42,17077,25,9577,17,7500
90:31:4B:71:8E:B6,ALL,https,16.182.34.112,42,17098,25,9598,17,7500
90:31:4B:71:8E:B6,ALL,https,16.182.38.216,42,17101,25,9601,17,7500
90:31:4B:71:8E:B6,ALL,https,16.182.39.160,42,17061,25,9561,17,7500
90:31:4B:71:8E:B6,ALL,https,16.182.43.24,40,16806,25,9414,15,7392
90:31:4B:71:8E:B6,ALL,https,16.182.43.56,41,16964,25,9518,16,7446
90:31:4B:71:8E:B6,ALL,https,16.182.66.176,43,17840,25,10286,18,7554
90:31:4B:71:8E:B6,ALL,https,16.182.72.144,43,16970,25,9416,18,7554
90:31:4B:71:8E:B6,ALL,https,16.182.96.56,42,17256,25,9756,17,7500
90:31:4B:71:8E:B6,ALL,https,16.182.97.240,41,16979,24,9479,17,7500
90:31:4B:71:8E:B6,ALL,https,3.218.218.223,28,9074,16,1760,12,7314
90:31:4B:71:8E:B6,ALL,https,3.226.69.144,112,36344,64,7040,48,29304
90:31:4B:71:8E:B6,ALL,https,3.5.0.72,88,35649,51,19987,37,15662
90:31:4B:71:8E:B6,ALL,https,3.5.0.83,44,18048,25,10196,19,7852
90:31:4B:71:8E:B6,ALL,https,3.5.12.137,43,17743,25,9945,18,7798
90:31:4B:71:8E:B6,ALL,https,3.5.12.213,41,18313,25,10647,16,7666
90:31:4B:71:8E:B6,ALL,https,3.5.14.151,43,17942,25,10144,18,7798
90:31:4B:71:8E:B6,ALL,https,3.5.20.82,42,17753,25,10021,17,7732
90:31:4B:71:8E:B6,ALL,https,3.5.21.36,44,17755,25,9903,19,7852
90:31:4B:71:8E:B6,ALL,https,3.5.22.209,44,17682,26,9896,18,7786
90:31:4B:71:8E:B6,ALL,https,3.5.31.134,44,18603,25,10751,19,7852
90:31:4B:71:8E:B6,ALL,https,3.5.31.163,42,17715,25,9995,17,7720
90:31:4B:71:8E:B6,ALL,https,3.89.18.93,265,84504,154,17129,111,67375
90:31:4B:71:8E:B6,ALL,https,34.193.188.156,84,27258,48,5280,36,21978
90:31:4B:71:8E:B6,ALL,https,34.231.55.101,119,39804,70,8015,49,31789
90:31:4B:71:8E:B6,ALL,https,34.232.206.48,520,171510,299,33061,221,138449
90:31:4B:71:8E:B6,ALL,https,34.232.247.198,53,17974,32,3520,21,14454
90:31:4B:71:8E:B6,ALL,https,44.199.55.95,343,106024,197,22064,146,83960
90:31:4B:71:8E:B6,ALL,https,50.17.211.227,335,111578,197,22516,138,89062
90:31:4B:71:8E:B6,ALL,https,52.20.116.208,463,139330,267,29994,196,109336
90:31:4B:71:8E:B6,ALL,https,52.201.138.67,312,103686,182,20863,130,82823
90:31:4B:71:8E:B6,ALL,https,52.21.69.56,1,66,1,66,0,0
90:31:4B:71:8E:B6,ALL,https,52.216.109.37,42,16952,25,9452,17,7500
90:31:4B:71:8E:B6,ALL,https,52.216.136.214,41,16867,25,9421,16,7446
90:31:4B:71:8E:B6,ALL,https,52.216.137.238,43,17333,25,9779,18,7554
90:31:4B:71:8E:B6,ALL,https,52.216.170.173,43,17935,25,10381,18,7554
90:31:4B:71:8E:B6,ALL,https,52.216.177.245,42,17096,25,9596,17,7500
90:31:4B:71:8E:B6,ALL,https,52.216.187.93,43,17317,26,9817,17,7500
90:31:4B:71:8E:B6,ALL,https,52.216.209.64,42,17022,25,9522,17,7500
90:31:4B:71:8E:B6,ALL,https,52.216.212.248,41,17115,25,9669,16,7446
90:31:4B:71:8E:B6,ALL,https,52.216.216.160,44,17750,26,10196,18,7554
90:31:4B:71:8E:B6,ALL,https,52.216.218.40,40,16867,25,9475,15,7392
90:31:4B:71:8E:B6,ALL,https,52.216.222.152,41,17031,24,9531,17,7500
90:31:4B:71:8E:B6,ALL,https,52.216.241.14,42,16982,25,9482,17,7500
90:31:4B:71:8E:B6,ALL,https,52.216.249.126,43,17068,25,9514,18,7554
90:31:4B:71:8E:B6,ALL,https,52.216.250.206,43,17328,25,9774,18,7554
90:31:4B:71:8E:B6,ALL,https,52.216.26.222,42,17337,25,9837,17,7500
90:31:4B:71:8E:B6,ALL,https,52.216.34.208,43,17971,25,10417,18,7554
90:31:4B:71:8E:B6,ALL,https,52.216.36.88,43,18069,26,10569,17,7500
90:31:4B:71:8E:B6,ALL,https,52.216.40.144,83,33942,50,18996,33,14946
90:31:4B:71:8E:B6,ALL,https,52.216.43.240,43,18179,26,10679,17,7500
90:31:4B:71:8E:B6,ALL,https,52.216.44.152,44,17521,26,9967,18,7554
90:31:4B:71:8E:B6,ALL,https,52.216.44.184,43,17490,25,9936,18,7554
90:31:4B:71:8E:B6,ALL,https,52.216.50.48,43,17336,25,9782,18,7554
90:31:4B:71:8E:B6,ALL,https,52.216.50.80,40,17119,25,9727,15,7392
90:31:4B:71:8E:B6,ALL,https,52.216.51.168,1,54,1,54,0,0
90:31:4B:71:8E:B6,ALL,https,52.216.54.16,44,18214,26,10660,18,7554
90:31:4B:71:8E:B6,ALL,https,52.216.77.230,42,17202,25,9702,17,7500
90:31:4B:71:8E:B6,ALL,https,52.216.9.13,42,16883,25,9383,17,7500
90:31:4B:71:8E:B6,ALL,https,52.217.10.198,42,17533,25,10033,17,7500
90:31:4B:71:8E:B6,ALL,https,52.217.112.160,42,17862,25,10362,17,7500
90:31:4B:71:8E:B6,ALL,https,52.217.112.40,45,18321,26,10713,19,7608
90:31:4B:71:8E:B6,ALL,https,52.217.112.56,43,17176,25,9622,18,7554
90:31:4B:71:8E:B6,ALL,https,52.217.114.16,42,17237,25,9737,17,7500
90:31:4B:71:8E:B6,ALL,https,52.217.115.80,43,17230,26,9730,17,7500
90:31:4B:71:8E:B6,ALL,https,52.217.120.160,42,17922,24,10368,18,7554
90:31:4B:71:8E:B6,ALL,https,52.217.121.104,45,17381,25,9719,20,7662
90:31:4B:71:8E:B6,ALL,https,52.217.122.152,42,17362,25,9862,17,7500
90:31:4B:71:8E:B6,ALL,https,52.217.125.104,44,18028,26,10474,18,7554
90:31:4B:71:8E:B6,ALL,https,52.217.129.168,43,17000,25,9446,18,7554
90:31:4B:71:8E:B6,ALL,https,52.217.134.232,41,17281,25,9835,16,7446
90:31:4B:71:8E:B6,ALL,https,52.217.134.24,42,17573,25,10073,17,7500
90:31:4B:71:8E:B6,ALL,https,52.217.135.80,41,16935,25,9489,16,7446
90:31:4B:71:8E:B6,ALL,https,52.217.136.160,40,17148,25,9756,15,7392
90:31:4B:71:8E:B6,ALL,https,52.217.14.190,43,17454,25,9900,18,7554
90:31:4B:71:8E:B6,ALL,https,52.217.140.144,45,19580,27,12026,18,7554
90:31:4B:71:8E:B6,ALL,https,52.217.142.136,43,18126,26,10626,17,7500
90:31:4B:71:8E:B6,ALL,https,52.217.160.168,41,16939,25,9493,16,7446
90:31:4B:71:8E:B6,ALL,https,52.217.165.160,44,18257,26,10703,18,7554
90:31:4B:71:8E:B6,ALL,https,52.217.172.232,43,17838,25,10284,18,7554
90:31:4B:71:8E:B6,ALL,https,52.217.173.240,43,17979,26,10479,17,7500
90:31:4B:71:8E:B6,ALL,https,52.217.174.72,42,17053,25,9553,17,7500
90:31:4B:71:8E:B6,ALL,https,52.217.175.120,43,16896,25,9342,18,7554
90:31:4B:71:8E:B6,ALL,https,52.217.175.32,41,17034,25,9588,16,7446
90:31:4B:71:8E:B6,ALL,https,52.217.193.72,42,17145,25,9645,17,7500
90:31:4B:71:8E:B6,ALL,https,52.217.198.229,42,17113,25,9613,17,7500
90:31:4B:71:8E:B6,ALL,https,52.217.201.80,45,20431,27,12877,18,7554
90:31:4B:71:8E:B6,ALL,https,52.217.202.80,43,16972,25,9418,18,7554
90:31:4B:71:8E:B6,ALL,https,52.217.203.80,41,17019,25,9573,16,7446
90:31:4B:71:8E:B6,ALL,https,52.217.205.184,42,17048,25,9548,17,7500
90:31:4B:71:8E:B6,ALL,https,52.217.206.224,42,17366,25,9866,17,7500
90:31:4B:71:8E:B6,ALL,https,52.217.206.48,41,17144,25,9698,16,7446
90:31:4B:71:8E:B6,ALL,https,52.217.224.208,43,17056,25,9502,18,7554
90:31:4B:71:8E:B6,ALL,https,52.217.225.8,41,17039,25,9593,16,7446
90:31:4B:71:8E:B6,ALL,https,52.217.226.0,42,17411,25,9911,17,7500
90:31:4B:71:8E:B6,ALL,https,52.217.226.24,42,17836,25,10336,17,7500
90:31:4B:71:8E:B6,ALL,https,52.217.227.8,45,18237,26,10629,19,7608
90:31:4B:71:8E:B6,ALL,https,52.217.230.136,41,17067,25,9621,16,7446
90:31:4B:71:8E:B6,ALL,https,52.217.254.0,40,17110,25,9718,15,7392
90:31:4B:71:8E:B6,ALL,https,52.217.37.110,42,17891,24,10337,18,7554
90:31:4B:71:8E:B6,ALL,https,52.217.43.78,43,17601,25,10047,18,7554
90:31:4B:71:8E:B6,ALL,https,52.217.67.214,43,17238,25,9684,18,7554
90:31:4B:71:8E:B6,ALL,https,52.217.69.246,41,17049,25,9603,16,7446
90:31:4B:71:8E:B6,ALL,https,52.217.72.246,44,17303,25,9695,19,7608
90:31:4B:71:8E:B6,ALL,https,52.217.80.14,42,17327,24,9773,18,7554
90:31:4B:71:8E:B6,ALL,https,52.217.99.86,43,17350,25,9796,18,7554
90:31:4B:71:8E:B6,ALL,https,54.165.174.134,276,90632,160,17636,116,72996
90:31:4B:71:8E:B6,ALL,https,54.221.201.39,246,81390,144,15864,102,65526
90:31:4B:71:8E:B6,ALL,https,54.231.131.72,42,17437,25,9937,17,7500
90:31:4B:71:8E:B6,ALL,https,54.231.132.32,43,17234,25,9680,18,7554
90:31:4B:71:8E:B6,ALL,https,54.231.161.240,43,16982,26,9482,17,7500
90:31:4B:71:8E:B6,ALL,https,54.231.162.56,41,17366,25,9920,16,7446
90:31:4B:71:8E:B6,ALL,https,54.231.170.240,43,17033,25,9479,18,7554
90:31:4B:71:8E:B6,ALL,https,54.231.202.120,41,17338,25,9892,16,7446
90:31:4B:71:8E:B6,ALL,https,54.231.226.184,41,16970,25,9524,16,7446
90:31:4B:71:8E:B6,ALL,https,54.231.229.72,42,17278,25,9778,17,7500
90:31:4B:71:8E:B6,ALL,https,54.231.230.144,43,17194,25,9640,18,7554
90:31:4B:71:8E:B6,ALL,https,54.84.154.83,289,91398,171,18294,118,73104
90:31:4B:71:8E:B6,ALL,https,54.86.175.178,302,99562,176,19372,126,80190
90:31:4B:71:8E:B6,ALL,https,54.89.54.2,75,21286,43,4875,32,16411
90:31:4B:71:8E:B6,ALL,https,98.82.204.13,227,67488,134,14369,93,53119
