MAC,WAN/LAN,Protocol,IP,TotalPackets,TotalBytes,TxPackets,TxBytes,RxPackets,RxBytes
FC:49:2D:34:98:28,ALL,ip,107.21.191.216,154,84228,94,67996,60,16232
FC:49:2D:34:98:28,ALL,ip,107.22.24.161,252,127953,151,102879,101,25074
FC:49:2D:34:98:28,ALL,ip,13.208.135.254,60,8170,30,4685,30,3485
FC:49:2D:34:98:28,ALL,ip,13.208.69.44,108,14706,54,8433,54,6273
FC:49:2D:34:98:28,ALL,ip,13.210.177.118,110,14838,56,8565,54,6273
FC:49:2D:34:98:28,ALL,ip,13.211.192.98,61,8236,31,4751,30,3485
FC:49:2D:34:98:28,ALL,ip,13.232.140.123,48,6536,24,3748,24,2788
FC:49:2D:34:98:28,ALL,ip,13.245.126.151,73,9870,37,5688,36,4182
FC:49:2D:34:98:28,ALL,ip,13.246.125.252,73,9870,37,5688,36,4182
FC:49:2D:34:98:28,ALL,ip,13.246.213.185,72,9804,36,5622,36,4182
FC:49:2D:34:98:28,ALL,ip,13.248.128.156,62,8326,32,4841,30,3485
FC:49:2D:34:98:28,ALL,ip,13.248.184.61,24,3268,12,1874,12,1394
FC:49:2D:34:98:28,ALL,ip,13.248.200.177,36,4902,18,2811,18,2091
FC:49:2D:34:98:28,ALL,ip,13.248.243.206,60,8170,30,4685,30,3485
FC:49:2D:34:98:28,ALL,ip,13.249.9.11,144,21672,72,11244,72,10428
FC:49:2D:34:98:28,ALL,ip,13.249.9.116,23,8696,12,1823,11,6873
FC:49:2D:34:98:28,ALL,ip,13.249.9.125,169,25350,85,13184,84,12166
FC:49:2D:34:98:28,ALL,ip,13.249.9.27,134,19986,67,10373,67,9613
FC:49:2D:34:98:28,ALL,ip,13.249.9.70,45,17348,24,3668,21,13680
FC:49:2D:34:98:28,ALL,ip,13.249.9.9,122,18204,62,9514,60,8690
FC:49:2D:34:98:28,ALL,ip,13.251.25.239,132,17974,66,10307,66,7667
FC:49:2D:34:98:28,ALL,ip,13.32.145.113,253,37980,126,19677,127,18303
FC:49:2D:34:98:28,ALL,ip,13.32.145.118,96,14448,48,7496,48,6952
FC:49:2D:34:98:28,ALL,ip,13.32.145.27,60,9030,30,4685,30,4345
FC:49:2D:34:98:28,ALL,ip,13.32.145.56,145,21750,73,11322,72,10428
FC:49:2D:34:98:28,ALL,ip,13.39.187.90,60,8170,30,4685,30,3485
FC:49:2D:34:98:28,ALL,ip,13.48.52.157,132,17974,66,10307,66,7667
FC:49:2D:34:98:28,ALL,ip,13.50.170.219,85,11504,43,6625,42,4879
FC:49:2D:34:98:28,ALL,ip,13.51.39.168,61,8236,31,4751,30,3485
FC:49:2D:34:98:28,ALL,ip,15.160.15.173,72,9804,36,5622,36,4182
FC:49:2D:34:98:28,ALL,ip,15.168.70.244,85,11504,43,6625,42,4879
FC:49:2D:34:98:28,ALL,ip,15.184.56.86,60,8170,30,4685,30,3485
FC:49:2D:34:98:28,ALL,ip,15.185.179.70,85,11504,43,6625,42,4879
FC:49:2D:34:98:28,ALL,ip,15.188.250.124,36,4902,18,2811,18,2091
FC:49:2D:34:98:28,ALL,ip,15.197.151.222,48,6536,24,3748,24,2788
FC:49:2D:34:98:28,ALL,ip,15.197.152.61,60,8170,30,4685,30,3485
FC:49:2D:34:98:28,ALL,ip,15.197.176.119,48,6536,24,3748,24,2788
FC:49:2D:34:98:28,ALL,ip,15.197.207.128,24,3268,12,1874,12,1394
FC:49:2D:34:98:28,ALL,ip,15.197.228.53,24,3268,12,1874,12,1394
FC:49:2D:34:98:28,ALL,ip,15.197.236.172,36,4902,18,2811,18,2091
FC:49:2D:34:98:28,ALL,ip,15.236.72.134,60,8170,30,4685,30,3485
FC:49:2D:34:98:28,ALL,ip,157.175.143.101,37,4968,19,2877,18,2091
FC:49:2D:34:98:28,ALL,ip,16.171.124.25,7360,607200,3680,364320,3680,242880
FC:49:2D:34:98:28,ALL,ip,16.50.211.133,84,11438,42,6559,42,4879
FC:49:2D:34:98:28,ALL,ip,16.50.219.161,49,6602,25,3814,24,2788
FC:49:2D:34:98:28,ALL,ip,16.50.84.90,86,11570,44,6691,42,4879
FC:49:2D:34:98:28,ALL,ip,16.62.187.82,73,9870,37,5688,36,4182
FC:49:2D:34:98:28,ALL,ip,16.62.90.207,73,9870,37,5688,36,4182
FC:49:2D:34:98:28,ALL,ip,16.63.55.221,96,13072,48,7496,48,5576
FC:49:2D:34:98:28,ALL,ip,176.32.101.46,31,10627,18,3767,13,6860
FC:49:2D:34:98:28,ALL,ip,176.32.98.108,59,21145,34,7450,25,13695
FC:49:2D:34:98:28,ALL,ip,18.100.101.26,60,8170,30,4685,30,3485
FC:49:2D:34:98:28,ALL,ip,18.100.207.87,24,3268,12,1874,12,1394
FC:49:2D:34:98:28,ALL,ip,18.101.12.43,72,9804,36,5622,36,4182
FC:49:2D:34:98:28,ALL,ip,18.102.11.65,60,8170,30,4685,30,3485
FC:49:2D:34:98:28,ALL,ip,18.133.22.95,36,4902,18,2811,18,2091
FC:49:2D:34:98:28,ALL,ip,18.138.26.111,85,11504,43,6625,42,4879
FC:49:2D:34:98:28,ALL,ip,18.155.123.103,17439,5951751,9267,1354593,8172,4597158
FC:49:2D:34:98:28,ALL,ip,18.155.129.112,121,18138,61,9448,60,8690
FC:49:2D:34:98:28,ALL,ip,18.155.129.113,108,16254,54,8433,54,7821
FC:49:2D:34:98:28,ALL,ip,18.155.129.33,120,18060,60,9370,60,8690
FC:49:2D:34:98:28,ALL,ip,18.155.129.97,85,12708,43,6625,42,6083
FC:49:2D:34:98:28,ALL,ip,18.164.52.2,145,21726,72,11244,73,10482
FC:49:2D:34:98:28,ALL,ip,18.164.52.38,109,16320,55,8499,54,7821
FC:49:2D:34:98:28,ALL,ip,18.164.52.89,121,18126,61,9436,60,8690
FC:49:2D:34:98:28,ALL,ip,18.164.52.94,60,9030,30,4685,30,4345
FC:49:2D:34:98:28,ALL,ip,18.167.119.68,48,6536,24,3748,24,2788
FC:49:2D:34:98:28,ALL,ip,18.167.227.150,36,4902,18,2811,18,2091
FC:49:2D:34:98:28,ALL,ip,18.203.57.224,20542,2347239,7770,1004981,12772,1342258
FC:49:2D:34:98:28,ALL,ip,18.205.53.165,520,302676,312,264404,208,38272
FC:49:2D:34:98:28,ALL,ip,18.205.73.204,10,979,5,503,5,476
FC:49:2D:34:98:28,ALL,ip,18.207.31.193,10,967,5,503,5,464
FC:49:2D:34:98:28,ALL,ip,18.208.13.36,187,101878,116,84920,71,16958
FC:49:2D:34:98:28,ALL,ip,18.208.6.191,252,165898,148,134490,104,31408
FC:49:2D:34:98:28,ALL,ip,18.210.100.254,164,86007,93,69049,71,16958
FC:49:2D:34:98:28,ALL,ip,18.210.124.191,261,147696,147,121683,114,26013
FC:49:2D:34:98:28,ALL,ip,18.210.241.155,895,499044,535,426196,360,72848
FC:49:2D:34:98:28,ALL,ip,18.210.3.71,24,3268,12,1874,12,1394
FC:49:2D:34:98:28,ALL,ip,18.210.38.210,496,278993,290,228581,206,50412
FC:49:2D:34:98:28,ALL,ip,18.211.219.203,138,80757,77,64459,61,16298
FC:49:2D:34:98:28,ALL,ip,18.214.180.6,1364,427728,758,195780,606,231948
FC:49:2D:34:98:28,ALL,ip,18.214.233.181,201,117990,119,100154,82,17836
FC:49:2D:34:98:28,ALL,ip,18.214.56.102,267,134479,158,108877,109,25602
FC:49:2D:34:98:28,ALL,ip,18.214.86.16,411,228746,240,186780,171,41966
FC:49:2D:34:98:28,ALL,ip,18.228.230.255,24,3268,12,1874,12,1394
FC:49:2D:34:98:28,ALL,ip,18.232.203.148,196,116760,114,99076,82,17684
FC:49:2D:34:98:28,ALL,ip,18.232.222.12,125,65300,73,49596,52,15704
FC:49:2D:34:98:28,ALL,ip,18.232.8.136,10,979,5,503,5,476
FC:49:2D:34:98:28,ALL,ip,18.233.122.221,383,220536,223,179296,160,41240
FC:49:2D:34:98:28,ALL,ip,18.234.8.250,2,180,1,90,1,90
FC:49:2D:34:98:28,ALL,ip,18.235.18.15,219,132265,137,108445,82,23820
FC:49:2D:34:98:28,ALL,ip,18.235.213.184,284,136623,171,110757,113,25866
FC:49:2D:34:98:28,ALL,ip,18.235.38.110,536,282852,324,225908,212,56944
FC:49:2D:34:98:28,ALL,ip,18.235.90.0,141,81345,76,64783,65,16562
FC:49:2D:34:98:28,ALL,ip,18.244.28.105,98,14556,48,7496,50,7060
FC:49:2D:34:98:28,ALL,ip,18.244.28.25,121,18126,61,9436,60,8690
FC:49:2D:34:98:28,ALL,ip,18.244.28.38,61,9096,31,4751,30,4345
FC:49:2D:34:98:28,ALL,ip,18.244.28.58,147,21846,73,11310,74,10536
FC:49:2D:34:98:28,ALL,ip,18.244.38.103,67,40031,41,4969,26,35062
FC:49:2D:34:98:28,ALL,ip,18.244.38.11,68,40097,40,4911,28,35186
FC:49:2D:34:98:28,ALL,ip,18.244.38.118,103,60209,64,7618,39,52591
FC:49:2D:34:98:28,ALL,ip,18.244.38.167,66,39948,41,4973,25,34975
FC:49:2D:34:98:28,ALL,ip,18.60.243.66,60,8170,30,4685,30,3485
FC:49:2D:34:98:28,ALL,ip,18.60.244.231,48,6536,24,3748,24,2788
FC:49:2D:34:98:28,ALL,ip,18.61.55.249,96,13072,48,7496,48,5576
FC:49:2D:34:98:28,ALL,ip,184.73.108.181,190,103842,113,86488,77,17354
FC:49:2D:34:98:28,ALL,ip,204.236.232.120,316,185618,181,158300,135,27318
FC:49:2D:34:98:28,ALL,ip,209.54.177.114,104,32726,56,8204,48,24522
FC:49:2D:34:98:28,ALL,ip,209.54.177.153,82,24714,45,6318,37,18396
FC:49:2D:34:98:28,ALL,ip,209.54.177.154,111,33062,62,8552,49,24510
FC:49:2D:34:98:28,ALL,ip,209.54.178.164,80,24606,44,6264,36,18342
FC:49:2D:34:98:28,ALL,ip,209.54.178.166,28,8282,16,2168,12,6114
FC:49:2D:34:98:28,ALL,ip,209.54.179.224,57,23100,30,3514,27,19586
FC:49:2D:34:98:28,ALL,ip,209.54.179.227,24,8515,14,1594,10,6921
FC:49:2D:34:98:28,ALL,ip,209.54.179.233,20,8270,12,1486,8,6784
FC:49:2D:34:98:28,ALL,ip,209.54.179.88,53,16378,30,4204,23,12174
FC:49:2D:34:98:28,ALL,ip,209.54.179.93,113,33226,64,8672,49,24554
FC:49:2D:34:98:28,ALL,ip,209.54.180.2,44,16756,24,2972,20,13784
FC:49:2D:34:98:28,ALL,ip,209.54.180.25,83,24831,47,6438,36,18393
FC:49:2D:34:98:28,ALL,ip,209.54.180.27,79,24552,43,6210,36,18342
FC:49:2D:34:98:28,ALL,ip,209.54.180.44,55,16498,31,4270,24,12228
FC:49:2D:34:98:28,ALL,ip,209.54.181.4,80,24606,44,6264,36,18342
FC:49:2D:34:98:28,ALL,ip,209.54.181.98,108,32888,60,8432,48,24456
FC:49:2D:34:98:28,ALL,ip,209.54.183.176,22,8378,12,1486,10,6892
FC:49:2D:34:98:28,ALL,ip,209.54.183.178,21,8324,12,1486,9,6838
FC:49:2D:34:98:28,ALL,ip,209.54.183.185,45,20067,26,3661,19,16406
FC:49:2D:34:98:28,ALL,ip,209.54.183.200,45,20031,26,3625,19,16406
FC:49:2D:34:98:28,ALL,ip,216.137.52.19,12,1806,6,937,6,869
FC:49:2D:34:98:28,ALL,ip,216.137.52.66,13,1872,7,1003,6,869
FC:49:2D:34:98:28,ALL,ip,23.20.129.183,237,134854,134,109648,103,25206
FC:49:2D:34:98:28,ALL,ip,23.20.136.143,229,117982,131,93106,98,24876
FC:49:2D:34:98:28,ALL,ip,23.20.189.121,357,192257,215,158341,142,33916
FC:49:2D:34:98:28,ALL,ip,23.20.228.251,177,85723,104,68633,73,17090
FC:49:2D:34:98:28,ALL,ip,23.21.139.192,134,75154,85,59648,49,15506
FC:49:2D:34:98:28,ALL,ip,23.21.70.192,221,125403,129,100923,92,24480
FC:49:2D:34:98:28,ALL,ip,23.21.88.219,165,85953,100,69391,65,16562
FC:49:2D:34:98:28,ALL,ip,23.21.95.131,526,273666,317,223056,209,50610
FC:49:2D:34:98:28,ALL,ip,23.23.128.37,141,76786,87,60950,54,15836
FC:49:2D:34:98:28,ALL,ip,23.23.84.128,10,979,5,503,5,476
FC:49:2D:34:98:28,ALL,ip,3.13.153.215,73,9870,37,5688,36,4182
FC:49:2D:34:98:28,ALL,ip,3.162.35.185,136,45347,73,10464,63,34883
FC:49:2D:34:98:28,ALL,ip,3.162.37.98,36,11432,20,2599,16,8833
FC:49:2D:34:98:28,ALL,ip,3.162.38.127,121,18114,60,9370,61,8744
FC:49:2D:34:98:28,ALL,ip,3.162.38.13,97,14502,48,7496,49,7006
FC:49:2D:34:98:28,ALL,ip,3.162.38.15,85,12708,43,6625,42,6083
FC:49:2D:34:98:28,ALL,ip,3.162.38.23,61,9096,31,4751,30,4345
FC:49:2D:34:98:28,ALL,ip,3.18.4.67,48,6536,24,3748,24,2788
FC:49:2D:34:98:28,ALL,ip,3.20.107.165,85,11504,43,6625,42,4879
FC:49:2D:34:98:28,ALL,ip,3.209.151.116,24,3268,12,1874,12,1394
FC:49:2D:34:98:28,ALL,ip,3.209.154.229,246,135144,148,110268,98,24876
FC:49:2D:34:98:28,ALL,ip,3.209.180.237,159,78960,99,62728,60,16232
FC:49:2D:34:98:28,ALL,ip,3.210.129.60,537,305007,318,252683,219,52324
FC:49:2D:34:98:28,ALL,ip,3.210.70.147,227,123592,129,98716,98,24876
FC:49:2D:34:98:28,ALL,ip,3.211.75.184,219,127723,127,103243,92,24480
FC:49:2D:34:98:28,ALL,ip,3.212.23.64,144,74397,88,58429,56,15968
FC:49:2D:34:98:28,ALL,ip,3.212.234.72,287,146808,165,120348,122,26460
FC:49:2D:34:98:28,ALL,ip,3.213.114.151,243,132675,143,107667,100,25008
FC:49:2D:34:98:28,ALL,ip,3.213.239.129,284,152469,163,126075,121,26394
FC:49:2D:34:98:28,ALL,ip,3.214.173.238,163,80525,92,63567,71,16958
FC:49:2D:34:98:28,ALL,ip,3.217.46.70,114,64840,70,49664,44,15176
FC:49:2D:34:98:28,ALL,ip,3.218.173.170,159,80815,96,64385,63,16430
FC:49:2D:34:98:28,ALL,ip,3.219.90.59,170,89239,99,72281,71,16958
FC:49:2D:34:98:28,ALL,ip,3.219.98.220,208,129856,129,106234,79,23622
FC:49:2D:34:98:28,ALL,ip,3.220.177.180,194,111352,126,94592,68,16760
FC:49:2D:34:98:28,ALL,ip,3.221.148.22,159,90465,91,73705,68,16760
FC:49:2D:34:98:28,ALL,ip,3.222.100.181,167,88861,107,72629,60,16232
FC:49:2D:34:98:28,ALL,ip,3.222.12.179,179,87415,108,70457,71,16958
FC:49:2D:34:98:28,ALL,ip,3.223.13.165,20,1958,10,1006,10,952
FC:49:2D:34:98:28,ALL,ip,3.223.224.58,356,199120,209,164874,147,34246
FC:49:2D:34:98:28,ALL,ip,3.225.175.150,231,130313,135,105341,96,24972
FC:49:2D:34:98:28,ALL,ip,3.227.113.226,162,91273,99,74843,63,16430
FC:49:2D:34:98:28,ALL,ip,3.227.124.52,116,64077,71,48835,45,15242
FC:49:2D:34:98:28,ALL,ip,3.227.83.236,1531,485207,853,227179,678,258028
FC:49:2D:34:98:28,ALL,ip,3.229.114.62,181,107840,108,90750,73,17090
FC:49:2D:34:98:28,ALL,ip,3.229.227.148,399,226402,237,191166,162,35236
FC:49:2D:34:98:28,ALL,ip,3.230.12.73,231,131361,131,106353,100,25008
FC:49:2D:34:98:28,ALL,ip,3.232.199.198,333,181130,199,147742,134,33388
FC:49:2D:34:98:28,ALL,ip,3.233.55.194,238,112290,149,88008,89,24282
FC:49:2D:34:98:28,ALL,ip,3.234.204.69,168,87356,99,70530,69,16826
FC:49:2D:34:98:28,ALL,ip,3.234.38.31,2,180,1,90,1,90
FC:49:2D:34:98:28,ALL,ip,3.24.24.7,37,4968,19,2877,18,2091
FC:49:2D:34:98:28,ALL,ip,3.29.46.75,36,4902,18,2811,18,2091
FC:49:2D:34:98:28,ALL,ip,3.29.96.206,36,4902,18,2811,18,2091
FC:49:2D:34:98:28,ALL,ip,3.29.99.104,84,11438,42,6559,42,4879
FC:49:2D:34:98:28,ALL,ip,3.33.134.16,36,4902,18,2811,18,2091
FC:49:2D:34:98:28,ALL,ip,3.33.137.33,97,13138,49,7562,48,5576
FC:49:2D:34:98:28,ALL,ip,3.33.190.248,36,4902,18,2811,18,2091
FC:49:2D:34:98:28,ALL,ip,3.33.199.61,24,3268,12,1874,12,1394
FC:49:2D:34:98:28,ALL,ip,3.33.212.93,48,6536,24,3748,24,2788
FC:49:2D:34:98:28,ALL,ip,3.33.224.248,24,3268,12,1874,12,1394
FC:49:2D:34:98:28,ALL,ip,3.38.241.204,36,4902,18,2811,18,2091
FC:49:2D:34:98:28,ALL,ip,3.5.25.118,31,8817,16,1853,15,6964
FC:49:2D:34:98:28,ALL,ip,3.5.25.39,30,8739,16,1853,14,6886
FC:49:2D:34:98:28,ALL,ip,3.64.176.159,85,11492,42,6559,43,4933
FC:49:2D:34:98:28,ALL,ip,3.67.229.197,49,6602,25,3814,24,2788
FC:49:2D:34:98:28,ALL,ip,3.7.148.135,73,9870,37,5688,36,4182
FC:49:2D:34:98:28,ALL,ip,3.77.210.19,121,16406,61,9436,60,6970
FC:49:2D:34:98:28,ALL,ip,3.81.193.21,449,246751,261,202608,188,44143
FC:49:2D:34:98:28,ALL,ip,3.90.127.177,146,77236,92,61400,54,15836
FC:49:2D:34:98:28,ALL,ip,3.93.211.8,159,77945,94,61383,65,16562
FC:49:2D:34:98:28,ALL,ip,3.95.145.159,239,140063,136,114857,103,25206
FC:49:2D:34:98:28,ALL,ip,3.97.235.200,120,16340,60,9370,60,6970
FC:49:2D:34:98:28,ALL,ip,34.192.105.117,182,102777,101,85159,81,17618
FC:49:2D:34:98:28,ALL,ip,34.192.142.2,147,82948,87,60580,60,22368
FC:49:2D:34:98:28,ALL,ip,34.192.225.0,222,133376,129,108830,93,24546
FC:49:2D:34:98:28,ALL,ip,34.192.41.205,649,345107,378,278133,271,66974
FC:49:2D:34:98:28,ALL,ip,34.192.71.21,172,86751,102,69859,70,16892
FC:49:2D:34:98:28,ALL,ip,34.194.222.79,168,79099,98,62207,70,16892
FC:49:2D:34:98:28,ALL,ip,34.195.175.66,1214,380787,679,174853,535,205934
FC:49:2D:34:98:28,ALL,ip,34.195.25.218,126,65060,76,49488,50,15572
FC:49:2D:34:98:28,ALL,ip,34.196.113.227,370,218693,221,178179,149,40514
FC:49:2D:34:98:28,ALL,ip,34.197.206.33,253,147699,151,122559,102,25140
FC:49:2D:34:98:28,ALL,ip,34.198.50.77,10,979,5,503,5,476
FC:49:2D:34:98:28,ALL,ip,34.198.70.174,213,133727,137,110303,76,23424
FC:49:2D:34:98:28,ALL,ip,34.199.104.224,388,243659,229,202485,159,41174
FC:49:2D:34:98:28,ALL,ip,34.199.93.119,249,145020,144,119682,105,25338
FC:49:2D:34:98:28,ALL,ip,34.200.143.246,205,127224,116,102942,89,24282
FC:49:2D:34:98:28,ALL,ip,34.202.218.81,303,176915,190,151049,113,25866
FC:49:2D:34:98:28,ALL,ip,34.203.27.62,148,75312,93,59410,55,15902
FC:49:2D:34:98:28,ALL,ip,34.203.58.58,507,276845,305,238969,202,37876
FC:49:2D:34:98:28,ALL,ip,34.204.46.177,255,129006,149,103602,106,25404
FC:49:2D:34:98:28,ALL,ip,34.205.108.51,160,88679,101,72513,59,16166
FC:49:2D:34:98:28,ALL,ip,34.207.41.33,158,74364,92,57736,66,16628
FC:49:2D:34:98:28,ALL,ip,34.210.228.239,33,8937,18,2110,15,6827
FC:49:2D:34:98:28,ALL,ip,34.225.234.172,294,175807,170,148161,124,27646
FC:49:2D:34:98:28,ALL,ip,34.226.156.139,168,88979,102,72351,66,16628
FC:49:2D:34:98:28,ALL,ip,34.230.178.29,36,4902,18,2811,18,2091
FC:49:2D:34:98:28,ALL,ip,34.231.246.161,248,126883,151,102073,97,24810
FC:49:2D:34:98:28,ALL,ip,34.232.149.254,275,147863,169,122459,106,25404
FC:49:2D:34:98:28,ALL,ip,34.233.110.147,224,129688,133,105274,91,24414
FC:49:2D:34:98:28,ALL,ip,34.233.110.218,392,228767,234,187659,158,41108
FC:49:2D:34:98:28,ALL,ip,34.234.109.94,487,282535,299,233230,188,49305
FC:49:2D:34:98:28,ALL,ip,34.237.111.59,1444,443734,806,193678,638,250056
FC:49:2D:34:98:28,ALL,ip,34.239.12.200,2,180,1,90,1,90
FC:49:2D:34:98:28,ALL,ip,34.239.8.34,10,979,5,503,5,476
FC:49:2D:34:98:28,ALL,ip,35.152.55.137,72,9804,36,5622,36,4182
FC:49:2D:34:98:28,ALL,ip,35.153.240.72,149,76520,93,60552,56,15968
FC:49:2D:34:98:28,ALL,ip,35.169.2.127,173,98534,108,81891,65,16643
FC:49:2D:34:98:28,ALL,ip,35.169.32.158,236,135070,139,110108,97,24962
FC:49:2D:34:98:28,ALL,ip,35.171.126.187,61,8236,31,4751,30,3485
FC:49:2D:34:98:28,ALL,ip,35.172.246.141,183,102361,109,85205,74,17156
FC:49:2D:34:98:28,ALL,ip,35.173.23.128,155,83183,92,66753,63,16430
FC:49:2D:34:98:28,ALL,ip,35.174.89.172,171,93436,100,76478,71,16958
FC:49:2D:34:98:28,ALL,ip,35.175.96.123,162,85688,94,68928,68,16760
FC:49:2D:34:98:28,ALL,ip,35.176.72.189,73,9870,37,5688,36,4182
FC:49:2D:34:98:28,ALL,ip,35.176.84.229,48,6536,24,3748,24,2788
FC:49:2D:34:98:28,ALL,ip,35.182.217.238,60,8170,30,4685,30,3485
FC:49:2D:34:98:28,ALL,ip,35.71.135.160,36,4902,18,2811,18,2091
FC:49:2D:34:98:28,ALL,ip,35.71.148.238,36,4902,18,2811,18,2091
FC:49:2D:34:98:28,ALL,ip,35.71.171.52,24,3268,12,1874,12,1394
FC:49:2D:34:98:28,ALL,ip,35.71.173.74,13,1712,7,1015,6,697
FC:49:2D:34:98:28,ALL,ip,35.71.179.85,61,8236,31,4751,30,3485
FC:49:2D:34:98:28,ALL,ip,35.79.139.83,60,8170,30,4685,30,3485
FC:49:2D:34:98:28,ALL,ip,35.84.220.200,84,11438,42,6559,42,4879
FC:49:2D:34:98:28,ALL,ip,40.176.111.185,72,9804,36,5622,36,4182
FC:49:2D:34:98:28,ALL,ip,40.176.218.14,24,3268,12,1874,12,1394
FC:49:2D:34:98:28,ALL,ip,40.176.81.134,48,6536,24,3748,24,2788
FC:49:2D:34:98:28,ALL,ip,43.198.26.152,48,6536,24,3748,24,2788
FC:49:2D:34:98:28,ALL,ip,43.201.159.188,72,9804,36,5622,36,4182
FC:49:2D:34:98:28,ALL,ip,43.201.177.223,60,8170,30,4685,30,3485
FC:49:2D:34:98:28,ALL,ip,43.201.199.42,36,4902,18,2811,18,2091
FC:49:2D:34:98:28,ALL,ip,43.218.100.141,109,14772,54,8433,55,6339
FC:49:2D:34:98:28,ALL,ip,43.218.52.14,85,11504,43,6625,42,4879
FC:49:2D:34:98:28,ALL,ip,43.218.61.97,120,16340,60,9370,60,6970
FC:49:2D:34:98:28,ALL,ip,44.193.122.230,218,121813,141,98323,77,23490
FC:49:2D:34:98:28,ALL,ip,44.193.236.65,1247,402428,700,195702,547,206726
FC:49:2D:34:98:28,ALL,ip,44.196.95.2,203,106588,123,82900,80,23688
FC:49:2D:34:98:28,ALL,ip,44.198.224.47,1345,422675,750,196785,595,225890
FC:49:2D:34:98:28,ALL,ip,44.198.79.87,185,102197,108,84843,77,17354
FC:49:2D:34:98:28,ALL,ip,44.199.105.27,158,78949,92,56185,66,22764
FC:49:2D:34:98:28,ALL,ip,44.199.138.71,1846,559611,1019,238429,827,321182
FC:49:2D:34:98:28,ALL,ip,44.199.27.159,265,142308,160,116970,105,25338
FC:49:2D:34:98:28,ALL,ip,44.199.52.214,1343,409281,745,177861,598,231420
FC:49:2D:34:98:28,ALL,ip,44.199.71.2,400,215125,225,172895,175,42230
FC:49:2D:34:98:28,ALL,ip,44.205.112.183,139,77867,79,61635,60,16232
FC:49:2D:34:98:28,ALL,ip,44.206.128.95,148,75511,88,59279,60,16232
FC:49:2D:34:98:28,ALL,ip,44.210.205.195,20,1958,10,1006,10,952
FC:49:2D:34:98:28,ALL,ip,44.212.148.128,153,93285,80,76195,73,17090
FC:49:2D:34:98:28,ALL,ip,44.214.113.218,157,85232,93,68736,64,16496
FC:49:2D:34:98:28,ALL,ip,44.215.115.210,25,7806,14,1979,11,5827
FC:49:2D:34:98:28,ALL,ip,44.215.129.154,26,8404,14,2436,12,5968
FC:49:2D:34:98:28,ALL,ip,44.215.129.169,21,8329,12,1873,9,6456
FC:49:2D:34:98:28,ALL,ip,44.215.132.234,25,7784,14,1957,11,5827
FC:49:2D:34:98:28,ALL,ip,44.215.133.149,25,7784,14,1957,11,5827
FC:49:2D:34:98:28,ALL,ip,44.215.133.95,87,33826,50,7834,37,25992
FC:49:2D:34:98:28,ALL,ip,44.215.134.182,53,16842,30,4972,23,11870
FC:49:2D:34:98:28,ALL,ip,44.216.207.85,378,214033,219,172859,159,41174
FC:49:2D:34:98:28,ALL,ip,44.216.223.101,169,94892,100,78066,69,16826
FC:49:2D:34:98:28,ALL,ip,44.216.33.195,241,131237,147,106625,94,24612
FC:49:2D:34:98:28,ALL,ip,44.218.5.36,169,105857,101,89097,68,16760
FC:49:2D:34:98:28,ALL,ip,44.219.254.96,157,84696,95,68332,62,16364
FC:49:2D:34:98:28,ALL,ip,44.220.107.242,129,79340,72,63306,57,16034
FC:49:2D:34:98:28,ALL,ip,44.231.61.240,34,9003,18,2110,16,6893
FC:49:2D:34:98:28,ALL,ip,44.240.184.205,37,9189,20,2218,17,6971
FC:49:2D:34:98:28,ALL,ip,50.16.56.19,219,117084,130,98938,89,18146
FC:49:2D:34:98:28,ALL,ip,50.18.114.8,84,11438,42,6559,42,4879
FC:49:2D:34:98:28,ALL,ip,50.18.180.239,108,14706,54,8433,54,6273
FC:49:2D:34:98:28,ALL,ip,50.19.71.105,162,88054,93,71228,69,16826
FC:49:2D:34:98:28,ALL,ip,50.19.87.140,207,111888,123,87936,84,23952
FC:49:2D:34:98:28,ALL,ip,51.16.92.58,96,13072,48,7496,48,5576
FC:49:2D:34:98:28,ALL,ip,51.17.102.77,73,9870,37,5688,36,4182
FC:49:2D:34:98:28,ALL,ip,51.17.36.244,60,8170,30,4685,30,3485
FC:49:2D:34:98:28,ALL,ip,52.0.151.186,189,107695,114,90473,75,17222
FC:49:2D:34:98:28,ALL,ip,52.0.163.48,161,91600,96,75038,65,16562
FC:49:2D:34:98:28,ALL,ip,52.1.45.85,186,99029,112,81873,74,17156
FC:49:2D:34:98:28,ALL,ip,52.119.196.31,26,8162,14,2048,12,6114
FC:49:2D:34:98:28,ALL,ip,52.119.198.101,106,32824,58,8324,48,24500
FC:49:2D:34:98:28,ALL,ip,52.119.198.106,27,8216,15,2102,12,6114
FC:49:2D:34:98:28,ALL,ip,52.119.198.109,137,41224,77,10654,60,30570
FC:49:2D:34:98:28,ALL,ip,52.119.198.118,84,24868,46,6396,38,18472
FC:49:2D:34:98:28,ALL,ip,52.119.198.186,132,40986,73,10426,59,30560
FC:49:2D:34:98:28,ALL,ip,52.119.198.189,54,16444,30,4216,24,12228
FC:49:2D:34:98:28,ALL,ip,52.119.198.2,28,8282,16,2168,12,6114
FC:49:2D:34:98:28,ALL,ip,52.16.104.93,11570,1328490,4394,565251,7176,763239
FC:49:2D:34:98:28,ALL,ip,52.196.98.72,108,14706,54,8433,54,6273
FC:49:2D:34:98:28,ALL,ip,52.2.81.170,147,69580,91,53612,56,15968
FC:49:2D:34:98:28,ALL,ip,52.20.155.74,148,76123,91,60089,57,16034
FC:49:2D:34:98:28,ALL,ip,52.20.206.121,1505,470855,839,213619,666,257236
FC:49:2D:34:98:28,ALL,ip,52.20.5.146,372,216755,220,176043,152,40712
FC:49:2D:34:98:28,ALL,ip,52.201.181.91,197,106132,117,88580,80,17552
FC:49:2D:34:98:28,ALL,ip,52.201.200.50,267,149147,161,123743,106,25404
FC:49:2D:34:98:28,ALL,ip,52.201.28.83,124,66364,73,50726,51,15638
FC:49:2D:34:98:28,ALL,ip,52.202.2.34,1679,534152,941,250836,738,283316
FC:49:2D:34:98:28,ALL,ip,52.204.252.123,410,209454,238,167270,172,42184
FC:49:2D:34:98:28,ALL,ip,52.206.168.158,160,71797,95,55235,65,16562
FC:49:2D:34:98:28,ALL,ip,52.206.230.198,189,100725,114,83503,75,17222
FC:49:2D:34:98:28,ALL,ip,52.209.225.62,73,9870,37,5688,36,4182
FC:49:2D:34:98:28,ALL,ip,52.21.34.9,151,85543,91,69311,60,16232
FC:49:2D:34:98:28,ALL,ip,52.214.227.89,9090,1047108,3449,451607,5641,595501
FC:49:2D:34:98:28,ALL,ip,52.22.141.130,145,79307,84,63009,61,16298
FC:49:2D:34:98:28,ALL,ip,52.22.236.15,432,243403,254,200975,178,42428
FC:49:2D:34:98:28,ALL,ip,52.221.13.184,48,6536,24,3748,24,2788
FC:49:2D:34:98:28,ALL,ip,52.222.149.3,48,7224,24,3748,24,3476
FC:49:2D:34:98:28,ALL,ip,52.222.149.30,132,19866,66,10307,66,9559
FC:49:2D:34:98:28,ALL,ip,52.222.149.39,73,10890,36,5622,37,5268
FC:49:2D:34:98:28,ALL,ip,52.222.149.4,156,23478,78,12181,78,11297
FC:49:2D:34:98:28,ALL,ip,52.222.150.239,3579,1226543,1909,278484,1670,948059
FC:49:2D:34:98:28,ALL,ip,52.222.160.13,162,54711,85,12626,77,42085
FC:49:2D:34:98:28,ALL,ip,52.222.160.24,642,428395,371,44770,271,383625
FC:49:2D:34:98:28,ALL,ip,52.222.169.101,181,27144,90,14055,91,13089
FC:49:2D:34:98:28,ALL,ip,52.222.169.12,133,19932,67,10373,66,9559
FC:49:2D:34:98:28,ALL,ip,52.222.169.64,160,23742,82,12445,78,11297
FC:49:2D:34:98:28,ALL,ip,52.222.169.79,121,18126,61,9436,60,8690
FC:49:2D:34:98:28,ALL,ip,52.222.193.205,3583,1953908,2088,258872,1495,1695036
FC:49:2D:34:98:28,ALL,ip,52.222.199.24,528,179314,281,40325,247,138989
FC:49:2D:34:98:28,ALL,ip,52.222.201.117,85,12708,43,6625,42,6083
FC:49:2D:34:98:28,ALL,ip,52.222.201.16,73,10914,37,5700,36,5214
FC:49:2D:34:98:28,ALL,ip,52.222.201.3,133,19920,66,10307,67,9613
FC:49:2D:34:98:28,ALL,ip,52.222.201.94,61,9096,31,4751,30,4345
FC:49:2D:34:98:28,ALL,ip,52.223.21.75,36,4902,18,2811,18,2091
FC:49:2D:34:98:28,ALL,ip,52.223.30.179,24,3268,12,1874,12,1394
FC:49:2D:34:98:28,ALL,ip,52.223.46.90,24,3268,12,1874,12,1394
FC:49:2D:34:98:28,ALL,ip,52.223.57.92,108,14706,54,8433,54,6273
FC:49:2D:34:98:28,ALL,ip,52.223.6.226,101,13426,51,7730,50,5696
FC:49:2D:34:98:28,ALL,ip,52.27.163.92,35,9057,19,2164,16,6893
FC:49:2D:34:98:28,ALL,ip,52.3.112.115,248,134835,153,110157,95,24678
FC:49:2D:34:98:28,ALL,ip,52.3.41.74,118,69797,71,54423,47,15374
FC:49:2D:34:98:28,ALL,ip,52.42.186.215,48,6536,24,3748,24,2788
FC:49:2D:34:98:28,ALL,ip,52.44.67.109,157,89174,97,72942,60,16232
FC:49:2D:34:98:28,ALL,ip,52.46.128.145,21,8324,12,1486,9,6838
FC:49:2D:34:98:28,ALL,ip,52.46.128.81,83,24831,47,6438,36,18393
FC:49:2D:34:98:28,ALL,ip,52.46.131.169,81,24755,46,6372,35,18383
FC:49:2D:34:98:28,ALL,ip,52.46.131.184,54,16432,30,4204,24,12228
FC:49:2D:34:98:28,ALL,ip,52.46.131.209,56,16564,32,4336,24,12228
FC:49:2D:34:98:28,ALL,ip,52.46.131.214,22,11594,13,2109,9,9485
FC:49:2D:34:98:28,ALL,ip,52.46.133.103,30,10609,17,3749,13,6860
FC:49:2D:34:98:28,ALL,ip,52.46.137.255,22,8407,13,1540,9,6867
FC:49:2D:34:98:28,ALL,ip,52.46.137.51,22,8378,12,1486,10,6892
FC:49:2D:34:98:28,ALL,ip,52.46.142.117,23,11624,13,2085,10,9539
FC:49:2D:34:98:28,ALL,ip,52.46.143.123,82,24738,45,6342,37,18396
FC:49:2D:34:98:28,ALL,ip,52.46.145.14,47,20180,27,3691,20,16489
FC:49:2D:34:98:28,ALL,ip,52.46.145.205,24,11707,14,2139,10,9568
FC:49:2D:34:98:28,ALL,ip,52.46.146.126,82,24736,46,6372,36,18364
FC:49:2D:34:98:28,ALL,ip,52.46.147.136,23,8485,13,1564,10,6921
FC:49:2D:34:98:28,ALL,ip,52.46.149.20,56,16552,31,4270,25,12282
FC:49:2D:34:98:28,ALL,ip,52.46.149.57,52,16346,29,4150,23,12196
FC:49:2D:34:98:28,ALL,ip,52.46.155.112,28,8282,16,2168,12,6114
FC:49:2D:34:98:28,ALL,ip,52.46.158.193,53,16378,29,4150,24,12228
FC:49:2D:34:98:28,ALL,ip,52.67.240.205,61,8236,31,4751,30,3485
FC:49:2D:34:98:28,ALL,ip,52.7.126.243,48,6536,24,3748,24,2788
FC:49:2D:34:98:28,ALL,ip,52.72.178.89,165,88388,99,71760,66,16628
FC:49:2D:34:98:28,ALL,ip,52.84.174.10,84,12642,42,6559,42,6083
FC:49:2D:34:98:28,ALL,ip,52.84.174.15,182,27222,92,14187,90,13035
FC:49:2D:34:98:28,ALL,ip,52.84.174.54,48,7224,24,3748,24,3476
FC:49:2D:34:98:28,ALL,ip,52.84.174.70,108,16254,54,8433,54,7821
FC:49:2D:34:98:28,ALL,ip,52.84.177.42,788,265300,418,60238,370,205062
FC:49:2D:34:98:28,ALL,ip,52.84.48.193,386,132615,205,30084,181,102531
FC:49:2D:34:98:28,ALL,ip,52.86.102.191,166,89741,102,73245,64,16496
FC:49:2D:34:98:28,ALL,ip,52.94.225.227,42,16648,25,3026,17,13622
FC:49:2D:34:98:28,ALL,ip,52.94.231.169,81,24716,45,6330,36,18386
FC:49:2D:34:98:28,ALL,ip,52.94.233.34,25,11761,14,2139,11,9622
FC:49:2D:34:98:28,ALL,ip,52.94.233.94,21,8324,12,1486,9,6838
FC:49:2D:34:98:28,ALL,ip,52.94.236.199,21,8324,12,1486,9,6838
FC:49:2D:34:98:28,ALL,ip,52.94.240.240,55,16539,30,4228,25,12311
FC:49:2D:34:98:28,ALL,ip,52.94.241.146,137,41236,77,10666,60,30570
FC:49:2D:34:98:28,ALL,ip,54.144.126.135,250,133835,155,109157,95,24678
FC:49:2D:34:98:28,ALL,ip,54.147.43.111,120,16340,60,9370,60,6970
FC:49:2D:34:98:28,ALL,ip,54.157.203.98,1217,439803,678,249601,539,190202
FC:49:2D:34:98:28,ALL,ip,54.163.70.213,267,139327,161,113923,106,25404
FC:49:2D:34:98:28,ALL,ip,54.164.163.115,1815,562301,1012,248035,803,314266
FC:49:2D:34:98:28,ALL,ip,54.166.21.152,900,285902,499,131468,401,154434
FC:49:2D:34:98:28,ALL,ip,54.173.171.111,612,340381,366,287329,246,53052
FC:49:2D:34:98:28,ALL,ip,54.175.196.143,160,83267,97,60701,63,22566
FC:49:2D:34:98:28,ALL,ip,54.185.107.111,48,6536,24,3748,24,2788
FC:49:2D:34:98:28,ALL,ip,54.195.83.27,85,11504,43,6625,42,4879
FC:49:2D:34:98:28,ALL,ip,54.204.165.255,189,116029,112,98675,77,17354
FC:49:2D:34:98:28,ALL,ip,54.205.24.65,1020,319139,570,145475,450,173664
FC:49:2D:34:98:28,ALL,ip,54.207.206.10,50,6668,26,3880,24,2788
FC:49:2D:34:98:28,ALL,ip,54.209.112.186,301,173140,175,145361,126,27779
FC:49:2D:34:98:28,ALL,ip,54.209.119.92,161,85917,92,69091,69,16826
FC:49:2D:34:98:28,ALL,ip,54.221.200.137,1457,452725,813,202273,644,250452
FC:49:2D:34:98:28,ALL,ip,54.221.251.76,313,178285,184,151363,129,26922
FC:49:2D:34:98:28,ALL,ip,54.230.112.75,24,3612,12,1874,12,1738
FC:49:2D:34:98:28,ALL,ip,54.234.230.5,428,224666,246,181974,182,42692
FC:49:2D:34:98:28,ALL,ip,54.234.246.8,160,85071,96,68575,64,16496
FC:49:2D:34:98:28,ALL,ip,54.236.225.180,383,213402,224,172228,159,41174
FC:49:2D:34:98:28,ALL,ip,54.237.238.251,163,87589,93,70697,70,16892
FC:49:2D:34:98:28,ALL,ip,54.239.27.82,112,33150,63,8618,49,24532
FC:49:2D:34:98:28,ALL,ip,54.242.128.35,1748,534930,976,233374,772,301556
FC:49:2D:34:98:28,ALL,ip,54.242.226.203,203,113618,116,95604,87,18014
FC:49:2D:34:98:28,ALL,ip,54.243.58.104,1750,579116,983,288554,767,290562
FC:49:2D:34:98:28,ALL,ip,54.244.28.174,48,6536,24,3748,24,2788
FC:49:2D:34:98:28,ALL,ip,54.65.110.136,48,6536,24,3748,24,2788
FC:49:2D:34:98:28,ALL,ip,54.82.161.125,248,136104,143,110766,105,25338
FC:49:2D:34:98:28,ALL,ip,54.86.209.109,20,1958,10,1006,10,952
FC:49:2D:34:98:28,ALL,ip,54.86.72.190,226,117871,136,93523,90,24348
FC:49:2D:34:98:28,ALL,ip,54.88.26.248,156,94825,99,78791,57,16034
FC:49:2D:34:98:28,ALL,ip,54.90.150.97,266,142196,159,116726,107,25470
FC:49:2D:34:98:28,ALL,ip,54.91.103.251,1147,362688,640,169266,507,193422
FC:49:2D:34:98:28,ALL,ip,65.1.204.95,36,4902,18,2811,18,2091
FC:49:2D:34:98:28,ALL,ip,67.220.240.103,21,8324,13,1540,8,6784
FC:49:2D:34:98:28,ALL,ip,67.220.240.92,41,16594,24,2972,17,13622
FC:49:2D:34:98:28,ALL,ip,72.21.207.143,53,16378,29,4150,24,12228
FC:49:2D:34:98:28,ALL,ip,75.101.252.156,476,265445,299,210811,177,54634
FC:49:2D:34:98:28,ALL,ip,75.2.1.39,96,13072,48,7496,48,5576
FC:49:2D:34:98:28,ALL,ip,75.2.104.77,48,6536,24,3748,24,2788
FC:49:2D:34:98:28,ALL,ip,75.2.109.205,12,1634,6,937,6,697
FC:49:2D:34:98:28,ALL,ip,75.2.116.18,24,3268,12,1874,12,1394
FC:49:2D:34:98:28,ALL,ip,75.2.123.44,36,4902,18,2811,18,2091
FC:49:2D:34:98:28,ALL,ip,75.2.15.139,96,13072,48,7496,48,5576
FC:49:2D:34:98:28,ALL,ip,75.2.3.78,48,6536,24,3748,24,2788
FC:49:2D:34:98:28,ALL,ip,75.2.6.154,48,6536,24,3748,24,2788
FC:49:2D:34:98:28,ALL,ip,76.223.0.209,50,6692,26,3904,24,2788
FC:49:2D:34:98:28,ALL,ip,76.223.110.139,60,8170,30,4685,30,3485
FC:49:2D:34:98:28,ALL,ip,76.223.39.36,36,4902,18,2811,18,2091
FC:49:2D:34:98:28,ALL,ip,76.223.74.194,48,6536,24,3748,24,2788
FC:49:2D:34:98:28,ALL,ip,99.80.240.2,133,18040,67,10373,66,7667
FC:49:2D:34:98:28,ALL,ip,99.83.136.151,12,1634,6,937,6,697
FC:49:2D:34:98:28,ALL,ip,99.83.145.183,36,4902,18,2811,18,2091
FC:49:2D:34:98:28,ALL,ip,99.83.145.255,48,6536,24,3748,24,2788
FC:49:2D:34:98:28,ALL,ip,99.83.165.83,12,1634,6,937,6,697
FC:49:2D:34:98:28,ALL,ip,99.83.198.53,38,5034,18,2811,20,2223
FC:49:2D:34:98:28,ALL,ip,99.83.208.141,36,4902,18,2811,18,2091
FC:49:2D:34:98:28,ALL,ip,99.83.234.36,48,6536,24,3748,24,2788
FC:49:2D:34:98:28,ALL,ip,99.83.238.21,12,1634,6,937,6,697
FC:49:2D:34:98:28,ALL,ip,99.86.91.116,133,19920,66,10307,67,9613
FC:49:2D:34:98:28,ALL,ip,99.86.91.14,217,32586,109,16944,108,15642
FC:49:2D:34:98:28,ALL,ip,99.86.91.41,112,16506,57,8631,55,7875
FC:49:2D:34:98:28,ALL,ip,99.86.91.84,156,23478,78,12181,78,11297
FC:49:2D:34:98:28,ALL,tcp,107.21.191.216,154,84228,94,67996,60,16232
FC:49:2D:34:98:28,ALL,tcp,107.22.24.161,252,127953,151,102879,101,25074
FC:49:2D:34:98:28,ALL,tcp,13.208.135.254,60,8170,30,4685,30,3485
FC:49:2D:34:98:28,ALL,tcp,13.208.69.44,108,14706,54,8433,54,6273
FC:49:2D:34:98:28,ALL,tcp,13.210.177.118,110,14838,56,8565,54,6273
FC:49:2D:34:98:28,ALL,tcp,13.211.192.98,61,8236,31,4751,30,3485
FC:49:2D:34:98:28,ALL,tcp,13.232.140.123,48,6536,24,3748,24,2788
FC:49:2D:34:98:28,ALL,tcp,13.245.126.151,73,9870,37,5688,36,4182
FC:49:2D:34:98:28,ALL,tcp,13.246.125.252,73,9870,37,5688,36,4182
FC:49:2D:34:98:28,ALL,tcp,13.246.213.185,72,9804,36,5622,36,4182
FC:49:2D:34:98:28,ALL,tcp,13.248.128.156,62,8326,32,4841,30,3485
FC:49:2D:34:98:28,ALL,tcp,13.248.184.61,24,3268,12,1874,12,1394
FC:49:2D:34:98:28,ALL,tcp,13.248.200.177,36,4902,18,2811,18,2091
FC:49:2D:34:98:28,ALL,tcp,13.248.243.206,60,8170,30,4685,30,3485
FC:49:2D:34:98:28,ALL,tcp,13.249.9.11,144,21672,72,11244,72,10428
FC:49:2D:34:98:28,ALL,tcp,13.249.9.116,23,8696,12,1823,11,6873
FC:49:2D:34:98:28,ALL,tcp,13.249.9.125,169,25350,85,13184,84,12166
FC:49:2D:34:98:28,ALL,tcp,13.249.9.27,134,19986,67,10373,67,9613
FC:49:2D:34:98:28,ALL,tcp,13.249.9.70,45,17348,24,3668,21,13680
FC:49:2D:34:98:28,ALL,tcp,13.249.9.9,122,18204,62,9514,60,8690
FC:49:2D:34:98:28,ALL,tcp,13.251.25.239,132,17974,66,10307,66,7667
FC:49:2D:34:98:28,ALL,tcp,13.32.145.113,253,37980,126,19677,127,18303
FC:49:2D:34:98:28,ALL,tcp,13.32.145.118,96,14448,48,7496,48,6952
FC:49:2D:34:98:28,ALL,tcp,13.32.145.27,60,9030,30,4685,30,4345
FC:49:2D:34:98:28,ALL,tcp,13.32.145.56,145,21750,73,11322,72,10428
FC:49:2D:34:98:28,ALL,tcp,13.39.187.90,60,8170,30,4685,30,3485
FC:49:2D:34:98:28,ALL,tcp,13.48.52.157,132,17974,66,10307,66,7667
FC:49:2D:34:98:28,ALL,tcp,13.50.170.219,85,11504,43,6625,42,4879
FC:49:2D:34:98:28,ALL,tcp,13.51.39.168,61,8236,31,4751,30,3485
FC:49:2D:34:98:28,ALL,tcp,15.160.15.173,72,9804,36,5622,36,4182
FC:49:2D:34:98:28,ALL,tcp,15.168.70.244,85,11504,43,6625,42,4879
FC:49:2D:34:98:28,ALL,tcp,15.184.56.86,60,8170,30,4685,30,3485
FC:49:2D:34:98:28,ALL,tcp,15.185.179.70,85,11504,43,6625,42,4879
FC:49:2D:34:98:28,ALL,tcp,15.188.250.124,36,4902,18,2811,18,2091
FC:49:2D:34:98:28,ALL,tcp,15.197.151.222,48,6536,24,3748,24,2788
FC:49:2D:34:98:28,ALL,tcp,15.197.152.61,60,8170,30,4685,30,3485
FC:49:2D:34:98:28,ALL,tcp,15.197.176.119,48,6536,24,3748,24,2788
FC:49:2D:34:98:28,ALL,tcp,15.197.207.128,24,3268,12,1874,12,1394
FC:49:2D:34:98:28,ALL,tcp,15.197.228.53,24,3268,12,1874,12,1394
FC:49:2D:34:98:28,ALL,tcp,15.197.236.172,36,4902,18,2811,18,2091
FC:49:2D:34:98:28,ALL,tcp,15.236.72.134,60,8170,30,4685,30,3485
FC:49:2D:34:98:28,ALL,tcp,157.175.143.101,37,4968,19,2877,18,2091
FC:49:2D:34:98:28,ALL,tcp,16.171.124.25,7360,607200,3680,364320,3680,242880
FC:49:2D:34:98:28,ALL,tcp,16.50.211.133,84,11438,42,6559,42,4879
FC:49:2D:34:98:28,ALL,tcp,16.50.219.161,49,6602,25,3814,24,2788
FC:49:2D:34:98:28,ALL,tcp,16.50.84.90,86,11570,44,6691,42,4879
FC:49:2D:34:98:28,ALL,tcp,16.62.187.82,73,9870,37,5688,36,4182
FC:49:2D:34:98:28,ALL,tcp,16.62.90.207,73,9870,37,5688,36,4182
FC:49:2D:34:98:28,ALL,tcp,16.63.55.221,96,13072,48,7496,48,5576
FC:49:2D:34:98:28,ALL,tcp,176.32.101.46,31,10627,18,3767,13,6860
FC:49:2D:34:98:28,ALL,tcp,176.32.98.108,59,21145,34,7450,25,13695
FC:49:2D:34:98:28,ALL,tcp,18.100.101.26,60,8170,30,4685,30,3485
FC:49:2D:34:98:28,ALL,tcp,18.100.207.87,24,3268,12,1874,12,1394
FC:49:2D:34:98:28,ALL,tcp,18.101.12.43,72,9804,36,5622,36,4182
FC:49:2D:34:98:28,ALL,tcp,18.102.11.65,60,8170,30,4685,30,3485
FC:49:2D:34:98:28,ALL,tcp,18.133.22.95,36,4902,18,2811,18,2091
FC:49:2D:34:98:28,ALL,tcp,18.138.26.111,85,11504,43,6625,42,4879
FC:49:2D:34:98:28,ALL,tcp,18.155.123.103,17439,5951751,9267,1354593,8172,4597158
FC:49:2D:34:98:28,ALL,tcp,18.155.129.112,121,18138,61,9448,60,8690
FC:49:2D:34:98:28,ALL,tcp,18.155.129.113,108,16254,54,8433,54,7821
FC:49:2D:34:98:28,ALL,tcp,18.155.129.33,120,18060,60,9370,60,8690
FC:49:2D:34:98:28,ALL,tcp,18.155.129.97,85,12708,43,6625,42,6083
FC:49:2D:34:98:28,ALL,tcp,18.164.52.2,145,21726,72,11244,73,10482
FC:49:2D:34:98:28,ALL,tcp,18.164.52.38,109,16320,55,8499,54,7821
FC:49:2D:34:98:28,ALL,tcp,18.164.52.89,121,18126,61,9436,60,8690
FC:49:2D:34:98:28,ALL,tcp,18.164.52.94,60,9030,30,4685,30,4345
FC:49:2D:34:98:28,ALL,tcp,18.167.119.68,48,6536,24,3748,24,2788
FC:49:2D:34:98:28,ALL,tcp,18.167.227.150,36,4902,18,2811,18,2091
FC:49:2D:34:98:28,ALL,tcp,18.203.57.224,20542,2347239,7770,1004981,12772,1342258
FC:49:2D:34:98:28,ALL,tcp,18.205.53.165,520,302676,312,264404,208,38272
FC:49:2D:34:98:28,ALL,tcp,18.205.73.204,10,979,5,503,5,476
FC:49:2D:34:98:28,ALL,tcp,18.207.31.193,10,967,5,503,5,464
FC:49:2D:34:98:28,ALL,tcp,18.208.13.36,187,101878,116,84920,71,16958
FC:49:2D:34:98:28,ALL,tcp,18.208.6.191,252,165898,148,134490,104,31408
FC:49:2D:34:98:28,ALL,tcp,18.210.100.254,164,86007,93,69049,71,16958
FC:49:2D:34:98:28,ALL,tcp,18.210.124.191,261,147696,147,121683,114,26013
FC:49:2D:34:98:28,ALL,tcp,18.210.241.155,895,499044,535,426196,360,72848
FC:49:2D:34:98:28,ALL,tcp,18.210.3.71,24,3268,12,1874,12,1394
FC:49:2D:34:98:28,ALL,tcp,18.210.38.210,496,278993,290,228581,206,50412
FC:49:2D:34:98:28,ALL,tcp,18.211.219.203,138,80757,77,64459,61,16298
FC:49:2D:34:98:28,ALL,tcp,18.214.180.6,1364,427728,758,195780,606,231948
FC:49:2D:34:98:28,ALL,tcp,18.214.233.181,201,117990,119,100154,82,17836
FC:49:2D:34:98:28,ALL,tcp,18.214.56.102,267,134479,158,108877,109,25602
FC:49:2D:34:98:28,ALL,tcp,18.214.86.16,411,228746,240,186780,171,41966
FC:49:2D:34:98:28,ALL,tcp,18.228.230.255,24,3268,12,1874,12,1394
FC:49:2D:34:98:28,ALL,tcp,18.232.203.148,196,116760,114,99076,82,17684
FC:49:2D:34:98:28,ALL,tcp,18.232.222.12,125,65300,73,49596,52,15704
FC:49:2D:34:98:28,ALL,tcp,18.232.8.136,10,979,5,503,5,476
FC:49:2D:34:98:28,ALL,tcp,18.233.122.221,383,220536,223,179296,160,41240
FC:49:2D:34:98:28,ALL,tcp,18.235.18.15,219,132265,137,108445,82,23820
FC:49:2D:34:98:28,ALL,tcp,18.235.213.184,284,136623,171,110757,113,25866
FC:49:2D:34:98:28,ALL,tcp,18.235.38.110,536,282852,324,225908,212,56944
FC:49:2D:34:98:28,ALL,tcp,18.235.90.0,141,81345,76,64783,65,16562
FC:49:2D:34:98:28,ALL,tcp,18.244.28.105,98,14556,48,7496,50,7060
FC:49:2D:34:98:28,ALL,tcp,18.244.28.25,121,18126,61,9436,60,8690
FC:49:2D:34:98:28,ALL,tcp,18.244.28.38,61,9096,31,4751,30,4345
FC:49:2D:34:98:28,ALL,tcp,18.244.28.58,147,21846,73,11310,74,10536
FC:49:2D:34:98:28,ALL,tcp,18.244.38.103,67,40031,41,4969,26,35062
FC:49:2D:34:98:28,ALL,tcp,18.244.38.11,68,40097,40,4911,28,35186
FC:49:2D:34:98:28,ALL,tcp,18.244.38.118,103,60209,64,7618,39,52591
FC:49:2D:34:98:28,ALL,tcp,18.244.38.167,66,39948,41,4973,25,34975
FC:49:2D:34:98:28,ALL,tcp,18.60.243.66,60,8170,30,4685,30,3485
FC:49:2D:34:98:28,ALL,tcp,18.60.244.231,48,6536,24,3748,24,2788
FC:49:2D:34:98:28,ALL,tcp,18.61.55.249,96,13072,48,7496,48,5576
FC:49:2D:34:98:28,ALL,tcp,184.73.108.181,190,103842,113,86488,77,17354
FC:49:2D:34:98:28,ALL,tcp,204.236.232.120,316,185618,181,158300,135,27318
FC:49:2D:34:98:28,ALL,tcp,209.54.177.114,104,32726,56,8204,48,24522
FC:49:2D:34:98:28,ALL,tcp,209.54.177.153,82,24714,45,6318,37,18396
FC:49:2D:34:98:28,ALL,tcp,209.54.177.154,111,33062,62,8552,49,24510
FC:49:2D:34:98:28,ALL,tcp,209.54.178.164,80,24606,44,6264,36,18342
FC:49:2D:34:98:28,ALL,tcp,209.54.178.166,28,8282,16,2168,12,6114
FC:49:2D:34:98:28,ALL,tcp,209.54.179.224,57,23100,30,3514,27,19586
FC:49:2D:34:98:28,ALL,tcp,209.54.179.227,24,8515,14,1594,10,6921
FC:49:2D:34:98:28,ALL,tcp,209.54.179.233,20,8270,12,1486,8,6784
FC:49:2D:34:98:28,ALL,tcp,209.54.179.88,53,16378,30,4204,23,12174
FC:49:2D:34:98:28,ALL,tcp,209.54.179.93,113,33226,64,8672,49,24554
FC:49:2D:34:98:28,ALL,tcp,209.54.180.2,44,16756,24,2972,20,13784
FC:49:2D:34:98:28,ALL,tcp,209.54.180.25,83,24831,47,6438,36,18393
FC:49:2D:34:98:28,ALL,tcp,209.54.180.27,79,24552,43,6210,36,18342
FC:49:2D:34:98:28,ALL,tcp,209.54.180.44,55,16498,31,4270,24,12228
FC:49:2D:34:98:28,ALL,tcp,209.54.181.4,80,24606,44,6264,36,18342
FC:49:2D:34:98:28,ALL,tcp,209.54.181.98,108,32888,60,8432,48,24456
FC:49:2D:34:98:28,ALL,tcp,209.54.183.176,22,8378,12,1486,10,6892
FC:49:2D:34:98:28,ALL,tcp,209.54.183.178,21,8324,12,1486,9,6838
FC:49:2D:34:98:28,ALL,tcp,209.54.183.185,45,20067,26,3661,19,16406
FC:49:2D:34:98:28,ALL,tcp,209.54.183.200,45,20031,26,3625,19,16406
FC:49:2D:34:98:28,ALL,tcp,216.137.52.19,12,1806,6,937,6,869
FC:49:2D:34:98:28,ALL,tcp,216.137.52.66,13,1872,7,1003,6,869
FC:49:2D:34:98:28,ALL,tcp,23.20.129.183,237,134854,134,109648,103,25206
FC:49:2D:34:98:28,ALL,tcp,23.20.136.143,229,117982,131,93106,98,24876
FC:49:2D:34:98:28,ALL,tcp,23.20.189.121,357,192257,215,158341,142,33916
FC:49:2D:34:98:28,ALL,tcp,23.20.228.251,177,85723,104,68633,73,17090
FC:49:2D:34:98:28,ALL,tcp,23.21.139.192,134,75154,85,59648,49,15506
FC:49:2D:34:98:28,ALL,tcp,23.21.70.192,221,125403,129,100923,92,24480
FC:49:2D:34:98:28,ALL,tcp,23.21.88.219,165,85953,100,69391,65,16562
FC:49:2D:34:98:28,ALL,tcp,23.21.95.131,526,273666,317,223056,209,50610
FC:49:2D:34:98:28,ALL,tcp,23.23.128.37,141,76786,87,60950,54,15836
FC:49:2D:34:98:28,ALL,tcp,23.23.84.128,10,979,5,503,5,476
FC:49:2D:34:98:28,ALL,tcp,3.13.153.215,73,9870,37,5688,36,4182
FC:49:2D:34:98:28,ALL,tcp,3.162.35.185,136,45347,73,10464,63,34883
FC:49:2D:34:98:28,ALL,tcp,3.162.37.98,36,11432,20,2599,16,8833
FC:49:2D:34:98:28,ALL,tcp,3.162.38.127,121,18114,60,9370,61,8744
FC:49:2D:34:98:28,ALL,tcp,3.162.38.13,97,14502,48,7496,49,7006
FC:49:2D:34:98:28,ALL,tcp,3.162.38.15,85,12708,43,6625,42,6083
FC:49:2D:34:98:28,ALL,tcp,3.162.38.23,61,9096,31,4751,30,4345
FC:49:2D:34:98:28,ALL,tcp,3.18.4.67,48,6536,24,3748,24,2788
FC:49:2D:34:98:28,ALL,tcp,3.20.107.165,85,11504,43,6625,42,4879
FC:49:2D:34:98:28,ALL,tcp,3.209.151.116,24,3268,12,1874,12,1394
FC:49:2D:34:98:28,ALL,tcp,3.209.154.229,246,135144,148,110268,98,24876
FC:49:2D:34:98:28,ALL,tcp,3.209.180.237,159,78960,99,62728,60,16232
FC:49:2D:34:98:28,ALL,tcp,3.210.129.60,537,305007,318,252683,219,52324
FC:49:2D:34:98:28,ALL,tcp,3.210.70.147,227,123592,129,98716,98,24876
FC:49:2D:34:98:28,ALL,tcp,3.211.75.184,219,127723,127,103243,92,24480
FC:49:2D:34:98:28,ALL,tcp,3.212.23.64,144,74397,88,58429,56,15968
FC:49:2D:34:98:28,ALL,tcp,3.212.234.72,287,146808,165,120348,122,26460
FC:49:2D:34:98:28,ALL,tcp,3.213.114.151,243,132675,143,107667,100,25008
FC:49:2D:34:98:28,ALL,tcp,3.213.239.129,284,152469,163,126075,121,26394
FC:49:2D:34:98:28,ALL,tcp,3.214.173.238,163,80525,92,63567,71,16958
FC:49:2D:34:98:28,ALL,tcp,3.217.46.70,114,64840,70,49664,44,15176
FC:49:2D:34:98:28,ALL,tcp,3.218.173.170,159,80815,96,64385,63,16430
FC:49:2D:34:98:28,ALL,tcp,3.219.90.59,170,89239,99,72281,71,16958
FC:49:2D:34:98:28,ALL,tcp,3.219.98.220,208,129856,129,106234,79,23622
FC:49:2D:34:98:28,ALL,tcp,3.220.177.180,194,111352,126,94592,68,16760
FC:49:2D:34:98:28,ALL,tcp,3.221.148.22,159,90465,91,73705,68,16760
FC:49:2D:34:98:28,ALL,tcp,3.222.100.181,167,88861,107,72629,60,16232
FC:49:2D:34:98:28,ALL,tcp,3.222.12.179,179,87415,108,70457,71,16958
FC:49:2D:34:98:28,ALL,tcp,3.223.13.165,20,1958,10,1006,10,952
FC:49:2D:34:98:28,ALL,tcp,3.223.224.58,356,199120,209,164874,147,34246
FC:49:2D:34:98:28,ALL,tcp,3.225.175.150,231,130313,135,105341,96,24972
FC:49:2D:34:98:28,ALL,tcp,3.227.113.226,162,91273,99,74843,63,16430
FC:49:2D:34:98:28,ALL,tcp,3.227.124.52,116,64077,71,48835,45,15242
FC:49:2D:34:98:28,ALL,tcp,3.227.83.236,1531,485207,853,227179,678,258028
FC:49:2D:34:98:28,ALL,tcp,3.229.114.62,181,107840,108,90750,73,17090
FC:49:2D:34:98:28,ALL,tcp,3.229.227.148,399,226402,237,191166,162,35236
FC:49:2D:34:98:28,ALL,tcp,3.230.12.73,231,131361,131,106353,100,25008
FC:49:2D:34:98:28,ALL,tcp,3.232.199.198,333,181130,199,147742,134,33388
FC:49:2D:34:98:28,ALL,tcp,3.233.55.194,238,112290,149,88008,89,24282
FC:49:2D:34:98:28,ALL,tcp,3.234.204.69,168,87356,99,70530,69,16826
FC:49:2D:34:98:28,ALL,tcp,3.24.24.7,37,4968,19,2877,18,2091
FC:49:2D:34:98:28,ALL,tcp,3.29.46.75,36,4902,18,2811,18,2091
FC:49:2D:34:98:28,ALL,tcp,3.29.96.206,36,4902,18,2811,18,2091
FC:49:2D:34:98:28,ALL,tcp,3.29.99.104,84,11438,42,6559,42,4879
FC:49:2D:34:98:28,ALL,tcp,3.33.134.16,36,4902,18,2811,18,2091
FC:49:2D:34:98:28,ALL,tcp,3.33.137.33,97,13138,49,7562,48,5576
FC:49:2D:34:98:28,ALL,tcp,3.33.190.248,36,4902,18,2811,18,2091
FC:49:2D:34:98:28,ALL,tcp,3.33.199.61,24,3268,12,1874,12,1394
FC:49:2D:34:98:28,ALL,tcp,3.33.212.93,48,6536,24,3748,24,2788
FC:49:2D:34:98:28,ALL,tcp,3.33.224.248,24,3268,12,1874,12,1394
FC:49:2D:34:98:28,ALL,tcp,3.38.241.204,36,4902,18,2811,18,2091
FC:49:2D:34:98:28,ALL,tcp,3.5.25.118,31,8817,16,1853,15,6964
FC:49:2D:34:98:28,ALL,tcp,3.5.25.39,30,8739,16,1853,14,6886
FC:49:2D:34:98:28,ALL,tcp,3.64.176.159,85,11492,42,6559,43,4933
FC:49:2D:34:98:28,ALL,tcp,3.67.229.197,49,6602,25,3814,24,2788
FC:49:2D:34:98:28,ALL,tcp,3.7.148.135,73,9870,37,5688,36,4182
FC:49:2D:34:98:28,ALL,tcp,3.77.210.19,121,16406,61,9436,60,6970
FC:49:2D:34:98:28,ALL,tcp,3.81.193.21,449,246751,261,202608,188,44143
FC:49:2D:34:98:28,ALL,tcp,3.90.127.177,146,77236,92,61400,54,15836
FC:49:2D:34:98:28,ALL,tcp,3.93.211.8,159,77945,94,61383,65,16562
FC:49:2D:34:98:28,ALL,tcp,3.95.145.159,239,140063,136,114857,103,25206
FC:49:2D:34:98:28,ALL,tcp,3.97.235.200,120,16340,60,9370,60,6970
FC:49:2D:34:98:28,ALL,tcp,34.192.105.117,182,102777,101,85159,81,17618
FC:49:2D:34:98:28,ALL,tcp,34.192.142.2,147,82948,87,60580,60,22368
FC:49:2D:34:98:28,ALL,tcp,34.192.225.0,222,133376,129,108830,93,24546
FC:49:2D:34:98:28,ALL,tcp,34.192.41.205,649,345107,378,278133,271,66974
FC:49:2D:34:98:28,ALL,tcp,34.192.71.21,172,86751,102,69859,70,16892
FC:49:2D:34:98:28,ALL,tcp,34.194.222.79,168,79099,98,62207,70,16892
FC:49:2D:34:98:28,ALL,tcp,34.195.175.66,1214,380787,679,174853,535,205934
FC:49:2D:34:98:28,ALL,tcp,34.195.25.218,126,65060,76,49488,50,15572
FC:49:2D:34:98:28,ALL,tcp,34.196.113.227,370,218693,221,178179,149,40514
FC:49:2D:34:98:28,ALL,tcp,34.197.206.33,253,147699,151,122559,102,25140
FC:49:2D:34:98:28,ALL,tcp,34.198.50.77,10,979,5,503,5,476
FC:49:2D:34:98:28,ALL,tcp,34.198.70.174,213,133727,137,110303,76,23424
FC:49:2D:34:98:28,ALL,tcp,34.199.104.224,388,243659,229,202485,159,41174
FC:49:2D:34:98:28,ALL,tcp,34.199.93.119,249,145020,144,119682,105,25338
FC:49:2D:34:98:28,ALL,tcp,34.200.143.246,205,127224,116,102942,89,24282
FC:49:2D:34:98:28,ALL,tcp,34.202.218.81,303,176915,190,151049,113,25866
FC:49:2D:34:98:28,ALL,tcp,34.203.27.62,148,75312,93,59410,55,15902
FC:49:2D:34:98:28,ALL,tcp,34.203.58.58,507,276845,305,238969,202,37876
FC:49:2D:34:98:28,ALL,tcp,34.204.46.177,255,129006,149,103602,106,25404
FC:49:2D:34:98:28,ALL,tcp,34.205.108.51,160,88679,101,72513,59,16166
FC:49:2D:34:98:28,ALL,tcp,34.207.41.33,158,74364,92,57736,66,16628
FC:49:2D:34:98:28,ALL,tcp,34.210.228.239,33,8937,18,2110,15,6827
FC:49:2D:34:98:28,ALL,tcp,34.225.234.172,294,175807,170,148161,124,27646
FC:49:2D:34:98:28,ALL,tcp,34.226.156.139,168,88979,102,72351,66,16628
FC:49:2D:34:98:28,ALL,tcp,34.230.178.29,36,4902,18,2811,18,2091
FC:49:2D:34:98:28,ALL,tcp,34.231.246.161,248,126883,151,102073,97,24810
FC:49:2D:34:98:28,ALL,tcp,34.232.149.254,275,147863,169,122459,106,25404
FC:49:2D:34:98:28,ALL,tcp,34.233.110.147,224,129688,133,105274,91,24414
FC:49:2D:34:98:28,ALL,tcp,34.233.110.218,392,228767,234,187659,158,41108
FC:49:2D:34:98:28,ALL,tcp,34.234.109.94,487,282535,299,233230,188,49305
FC:49:2D:34:98:28,ALL,tcp,34.237.111.59,1444,443734,806,193678,638,250056
FC:49:2D:34:98:28,ALL,tcp,34.239.8.34,10,979,5,503,5,476
FC:49:2D:34:98:28,ALL,tcp,35.152.55.137,72,9804,36,5622,36,4182
FC:49:2D:34:98:28,ALL,tcp,35.153.240.72,149,76520,93,60552,56,15968
FC:49:2D:34:98:28,ALL,tcp,35.169.2.127,173,98534,108,81891,65,16643
FC:49:2D:34:98:28,ALL,tcp,35.169.32.158,236,135070,139,110108,97,24962
FC:49:2D:34:98:28,ALL,tcp,35.171.126.187,61,8236,31,4751,30,3485
FC:49:2D:34:98:28,ALL,tcp,35.172.246.141,183,102361,109,85205,74,17156
FC:49:2D:34:98:28,ALL,tcp,35.173.23.128,155,83183,92,66753,63,16430
FC:49:2D:34:98:28,ALL,tcp,35.174.89.172,171,93436,100,76478,71,16958
FC:49:2D:34:98:28,ALL,tcp,35.175.96.123,162,85688,94,68928,68,16760
FC:49:2D:34:98:28,ALL,tcp,35.176.72.189,73,9870,37,5688,36,4182
FC:49:2D:34:98:28,ALL,tcp,35.176.84.229,48,6536,24,3748,24,2788
FC:49:2D:34:98:28,ALL,tcp,35.182.217.238,60,8170,30,4685,30,3485
FC:49:2D:34:98:28,ALL,tcp,35.71.135.160,36,4902,18,2811,18,2091
FC:49:2D:34:98:28,ALL,tcp,35.71.148.238,36,4902,18,2811,18,2091
FC:49:2D:34:98:28,ALL,tcp,35.71.171.52,24,3268,12,1874,12,1394
FC:49:2D:34:98:28,ALL,tcp,35.71.173.74,13,1712,7,1015,6,697
FC:49:2D:34:98:28,ALL,tcp,35.71.179.85,61,8236,31,4751,30,3485
FC:49:2D:34:98:28,ALL,tcp,35.79.139.83,60,8170,30,4685,30,3485
FC:49:2D:34:98:28,ALL,tcp,35.84.220.200,84,11438,42,6559,42,4879
FC:49:2D:34:98:28,ALL,tcp,40.176.111.185,72,9804,36,5622,36,4182
FC:49:2D:34:98:28,ALL,tcp,40.176.218.14,24,3268,12,1874,12,1394
FC:49:2D:34:98:28,ALL,tcp,40.176.81.134,48,6536,24,3748,24,2788
FC:49:2D:34:98:28,ALL,tcp,43.198.26.152,48,6536,24,3748,24,2788
FC:49:2D:34:98:28,ALL,tcp,43.201.159.188,72,9804,36,5622,36,4182
FC:49:2D:34:98:28,ALL,tcp,43.201.177.223,60,8170,30,4685,30,3485
FC:49:2D:34:98:28,ALL,tcp,43.201.199.42,36,4902,18,2811,18,2091
FC:49:2D:34:98:28,ALL,tcp,43.218.100.141,109,14772,54,8433,55,6339
FC:49:2D:34:98:28,ALL,tcp,43.218.52.14,85,11504,43,6625,42,4879
FC:49:2D:34:98:28,ALL,tcp,43.218.61.97,120,16340,60,9370,60,6970
FC:49:2D:34:98:28,ALL,tcp,44.193.122.230,218,121813,141,98323,77,23490
FC:49:2D:34:98:28,ALL,tcp,44.193.236.65,1247,402428,700,195702,547,206726
FC:49:2D:34:98:28,ALL,tcp,44.196.95.2,203,106588,123,82900,80,23688
FC:49:2D:34:98:28,ALL,tcp,44.198.224.47,1345,422675,750,196785,595,225890
FC:49:2D:34:98:28,ALL,tcp,44.198.79.87,185,102197,108,84843,77,17354
FC:49:2D:34:98:28,ALL,tcp,44.199.105.27,158,78949,92,56185,66,22764
FC:49:2D:34:98:28,ALL,tcp,44.199.138.71,1846,559611,1019,238429,827,321182
FC:49:2D:34:98:28,ALL,tcp,44.199.27.159,265,142308,160,116970,105,25338
FC:49:2D:34:98:28,ALL,tcp,44.199.52.214,1343,409281,745,177861,598,231420
FC:49:2D:34:98:28,ALL,tcp,44.199.71.2,400,215125,225,172895,175,42230
FC:49:2D:34:98:28,ALL,tcp,44.205.112.183,139,77867,79,61635,60,16232
FC:49:2D:34:98:28,ALL,tcp,44.206.128.95,148,75511,88,59279,60,16232
FC:49:2D:34:98:28,ALL,tcp,44.210.205.195,20,1958,10,1006,10,952
FC:49:2D:34:98:28,ALL,tcp,44.212.148.128,153,93285,80,76195,73,17090
FC:49:2D:34:98:28,ALL,tcp,44.214.113.218,157,85232,93,68736,64,16496
FC:49:2D:34:98:28,ALL,tcp,44.215.115.210,25,7806,14,1979,11,5827
FC:49:2D:34:98:28,ALL,tcp,44.215.129.154,26,8404,14,2436,12,5968
FC:49:2D:34:98:28,ALL,tcp,44.215.129.169,21,8329,12,1873,9,6456
FC:49:2D:34:98:28,ALL,tcp,44.215.132.234,25,7784,14,1957,11,5827
FC:49:2D:34:98:28,ALL,tcp,44.215.133.149,25,7784,14,1957,11,5827
FC:49:2D:34:98:28,ALL,tcp,44.215.133.95,87,33826,50,7834,37,25992
FC:49:2D:34:98:28,ALL,tcp,44.215.134.182,53,16842,30,4972,23,11870
FC:49:2D:34:98:28,ALL,tcp,44.216.207.85,378,214033,219,172859,159,41174
FC:49:2D:34:98:28,ALL,tcp,44.216.223.101,169,94892,100,78066,69,16826
FC:49:2D:34:98:28,ALL,tcp,44.216.33.195,241,131237,147,106625,94,24612
FC:49:2D:34:98:28,ALL,tcp,44.218.5.36,169,105857,101,89097,68,16760
FC:49:2D:34:98:28,ALL,tcp,44.219.254.96,157,84696,95,68332,62,16364
FC:49:2D:34:98:28,ALL,tcp,44.220.107.242,129,79340,72,63306,57,16034
FC:49:2D:34:98:28,ALL,tcp,44.231.61.240,34,9003,18,2110,16,6893
FC:49:2D:34:98:28,ALL,tcp,44.240.184.205,37,9189,20,2218,17,6971
FC:49:2D:34:98:28,ALL,tcp,50.16.56.19,219,117084,130,98938,89,18146
FC:49:2D:34:98:28,ALL,tcp,50.18.114.8,84,11438,42,6559,42,4879
FC:49:2D:34:98:28,ALL,tcp,50.18.180.239,108,14706,54,8433,54,6273
FC:49:2D:34:98:28,ALL,tcp,50.19.71.105,162,88054,93,71228,69,16826
FC:49:2D:34:98:28,ALL,tcp,50.19.87.140,207,111888,123,87936,84,23952
FC:49:2D:34:98:28,ALL,tcp,51.16.92.58,96,13072,48,7496,48,5576
FC:49:2D:34:98:28,ALL,tcp,51.17.102.77,73,9870,37,5688,36,4182
FC:49:2D:34:98:28,ALL,tcp,51.17.36.244,60,8170,30,4685,30,3485
FC:49:2D:34:98:28,ALL,tcp,52.0.151.186,189,107695,114,90473,75,17222
FC:49:2D:34:98:28,ALL,tcp,52.0.163.48,161,91600,96,75038,65,16562
FC:49:2D:34:98:28,ALL,tcp,52.1.45.85,186,99029,112,81873,74,17156
FC:49:2D:34:98:28,ALL,tcp,52.119.196.31,26,8162,14,2048,12,6114
FC:49:2D:34:98:28,ALL,tcp,52.119.198.101,106,32824,58,8324,48,24500
FC:49:2D:34:98:28,ALL,tcp,52.119.198.106,27,8216,15,2102,12,6114
FC:49:2D:34:98:28,ALL,tcp,52.119.198.109,137,41224,77,10654,60,30570
FC:49:2D:34:98:28,ALL,tcp,52.119.198.118,84,24868,46,6396,38,18472
FC:49:2D:34:98:28,ALL,tcp,52.119.198.186,132,40986,73,10426,59,30560
FC:49:2D:34:98:28,ALL,tcp,52.119.198.189,54,16444,30,4216,24,12228
FC:49:2D:34:98:28,ALL,tcp,52.119.198.2,28,8282,16,2168,12,6114
FC:49:2D:34:98:28,ALL,tcp,52.16.104.93,11570,1328490,4394,565251,7176,763239
FC:49:2D:34:98:28,ALL,tcp,52.196.98.72,108,14706,54,8433,54,6273
FC:49:2D:34:98:28,ALL,tcp,52.2.81.170,147,69580,91,53612,56,15968
FC:49:2D:34:98:28,ALL,tcp,52.20.155.74,148,76123,91,60089,57,16034
FC:49:2D:34:98:28,ALL,tcp,52.20.206.121,1505,470855,839,213619,666,257236
FC:49:2D:34:98:28,ALL,tcp,52.20.5.146,372,216755,220,176043,152,40712
FC:49:2D:34:98:28,ALL,tcp,52.201.181.91,197,106132,117,88580,80,17552
FC:49:2D:34:98:28,ALL,tcp,52.201.200.50,267,149147,161,123743,106,25404
FC:49:2D:34:98:28,ALL,tcp,52.201.28.83,124,66364,73,50726,51,15638
FC:49:2D:34:98:28,ALL,tcp,52.202.2.34,1679,534152,941,250836,738,283316
FC:49:2D:34:98:28,ALL,tcp,52.204.252.123,410,209454,238,167270,172,42184
FC:49:2D:34:98:28,ALL,tcp,52.206.168.158,160,71797,95,55235,65,16562
FC:49:2D:34:98:28,ALL,tcp,52.206.230.198,189,100725,114,83503,75,17222
FC:49:2D:34:98:28,ALL,tcp,52.209.225.62,73,9870,37,5688,36,4182
FC:49:2D:34:98:28,ALL,tcp,52.21.34.9,151,85543,91,69311,60,16232
FC:49:2D:34:98:28,ALL,tcp,52.214.227.89,9090,1047108,3449,451607,5641,595501
FC:49:2D:34:98:28,ALL,tcp,52.22.141.130,145,79307,84,63009,61,16298
FC:49:2D:34:98:28,ALL,tcp,52.22.236.15,432,243403,254,200975,178,42428
FC:49:2D:34:98:28,ALL,tcp,52.221.13.184,48,6536,24,3748,24,2788
FC:49:2D:34:98:28,ALL,tcp,52.222.149.3,48,7224,24,3748,24,3476
FC:49:2D:34:98:28,ALL,tcp,52.222.149.30,132,19866,66,10307,66,9559
FC:49:2D:34:98:28,ALL,tcp,52.222.149.39,73,10890,36,5622,37,5268
FC:49:2D:34:98:28,ALL,tcp,52.222.149.4,156,23478,78,12181,78,11297
FC:49:2D:34:98:28,ALL,tcp,52.222.150.239,3579,1226543,1909,278484,1670,948059
FC:49:2D:34:98:28,ALL,tcp,52.222.160.13,162,54711,85,12626,77,42085
FC:49:2D:34:98:28,ALL,tcp,52.222.160.24,642,428395,371,44770,271,383625
FC:49:2D:34:98:28,ALL,tcp,52.222.169.101,181,27144,90,14055,91,13089
FC:49:2D:34:98:28,ALL,tcp,52.222.169.12,133,19932,67,10373,66,9559
FC:49:2D:34:98:28,ALL,tcp,52.222.169.64,160,23742,82,12445,78,11297
FC:49:2D:34:98:28,ALL,tcp,52.222.169.79,121,18126,61,9436,60,8690
FC:49:2D:34:98:28,ALL,tcp,52.222.193.205,3583,1953908,2088,258872,1495,1695036
FC:49:2D:34:98:28,ALL,tcp,52.222.199.24,528,179314,281,40325,247,138989
FC:49:2D:34:98:28,ALL,tcp,52.222.201.117,85,12708,43,6625,42,6083
FC:49:2D:34:98:28,ALL,tcp,52.222.201.16,73,10914,37,5700,36,5214
FC:49:2D:34:98:28,ALL,tcp,52.222.201.3,133,19920,66,10307,67,9613
FC:49:2D:34:98:28,ALL,tcp,52.222.201.94,61,9096,31,4751,30,4345
FC:49:2D:34:98:28,ALL,tcp,52.223.21.75,36,4902,18,2811,18,2091
FC:49:2D:34:98:28,ALL,tcp,52.223.30.179,24,3268,12,1874,12,1394
FC:49:2D:34:98:28,ALL,tcp,52.223.46.90,24,3268,12,1874,12,1394
FC:49:2D:34:98:28,ALL,tcp,52.223.57.92,108,14706,54,8433,54,6273
FC:49:2D:34:98:28,ALL,tcp,52.223.6.226,101,13426,51,7730,50,5696
FC:49:2D:34:98:28,ALL,tcp,52.27.163.92,35,9057,19,2164,16,6893
FC:49:2D:34:98:28,ALL,tcp,52.3.112.115,248,134835,153,110157,95,24678
FC:49:2D:34:98:28,ALL,tcp,52.3.41.74,118,69797,71,54423,47,15374
FC:49:2D:34:98:28,ALL,tcp,52.42.186.215,48,6536,24,3748,24,2788
FC:49:2D:34:98:28,ALL,tcp,52.44.67.109,157,89174,97,72942,60,16232
FC:49:2D:34:98:28,ALL,tcp,52.46.128.145,21,8324,12,1486,9,6838
FC:49:2D:34:98:28,ALL,tcp,52.46.128.81,83,24831,47,6438,36,18393
FC:49:2D:34:98:28,ALL,tcp,52.46.131.169,81,24755,46,6372,35,18383
FC:49:2D:34:98:28,ALL,tcp,52.46.131.184,54,16432,30,4204,24,12228
FC:49:2D:34:98:28,ALL,tcp,52.46.131.209,56,16564,32,4336,24,12228
FC:49:2D:34:98:28,ALL,tcp,52.46.131.214,22,11594,13,2109,9,9485
FC:49:2D:34:98:28,ALL,tcp,52.46.133.103,30,10609,17,3749,13,6860
FC:49:2D:34:98:28,ALL,tcp,52.46.137.255,22,8407,13,1540,9,6867
FC:49:2D:34:98:28,ALL,tcp,52.46.137.51,22,8378,12,1486,10,6892
FC:49:2D:34:98:28,ALL,tcp,52.46.142.117,23,11624,13,2085,10,9539
FC:49:2D:34:98:28,ALL,tcp,52.46.143.123,82,24738,45,6342,37,18396
FC:49:2D:34:98:28,ALL,tcp,52.46.145.14,47,20180,27,3691,20,16489
FC:49:2D:34:98:28,ALL,tcp,52.46.145.205,24,11707,14,2139,10,9568
FC:49:2D:34:98:28,ALL,tcp,52.46.146.126,82,24736,46,6372,36,18364
FC:49:2D:34:98:28,ALL,tcp,52.46.147.136,23,8485,13,1564,10,6921
FC:49:2D:34:98:28,ALL,tcp,52.46.149.20,56,16552,31,4270,25,12282
FC:49:2D:34:98:28,ALL,tcp,52.46.149.57,52,16346,29,4150,23,12196
FC:49:2D:34:98:28,ALL,tcp,52.46.155.112,28,8282,16,2168,12,6114
FC:49:2D:34:98:28,ALL,tcp,52.46.158.193,53,16378,29,4150,24,12228
FC:49:2D:34:98:28,ALL,tcp,52.67.240.205,61,8236,31,4751,30,3485
FC:49:2D:34:98:28,ALL,tcp,52.7.126.243,48,6536,24,3748,24,2788
FC:49:2D:34:98:28,ALL,tcp,52.72.178.89,165,88388,99,71760,66,16628
FC:49:2D:34:98:28,ALL,tcp,52.84.174.10,84,12642,42,6559,42,6083
FC:49:2D:34:98:28,ALL,tcp,52.84.174.15,182,27222,92,14187,90,13035
FC:49:2D:34:98:28,ALL,tcp,52.84.174.54,48,7224,24,3748,24,3476
FC:49:2D:34:98:28,ALL,tcp,52.84.174.70,108,16254,54,8433,54,7821
FC:49:2D:34:98:28,ALL,tcp,52.84.177.42,788,265300,418,60238,370,205062
FC:49:2D:34:98:28,ALL,tcp,52.84.48.193,386,132615,205,30084,181,102531
FC:49:2D:34:98:28,ALL,tcp,52.86.102.191,166,89741,102,73245,64,16496
FC:49:2D:34:98:28,ALL,tcp,52.94.225.227,42,16648,25,3026,17,13622
FC:49:2D:34:98:28,ALL,tcp,52.94.231.169,81,24716,45,6330,36,18386
FC:49:2D:34:98:28,ALL,tcp,52.94.233.34,25,11761,14,2139,11,9622
FC:49:2D:34:98:28,ALL,tcp,52.94.233.94,21,8324,12,1486,9,6838
FC:49:2D:34:98:28,ALL,tcp,52.94.236.199,21,8324,12,1486,9,6838
FC:49:2D:34:98:28,ALL,tcp,52.94.240.240,55,16539,30,4228,25,12311
FC:49:2D:34:98:28,ALL,tcp,52.94.241.146,137,41236,77,10666,60,30570
FC:49:2D:34:98:28,ALL,tcp,54.144.126.135,250,133835,155,109157,95,24678
FC:49:2D:34:98:28,ALL,tcp,54.147.43.111,120,16340,60,9370,60,6970
FC:49:2D:34:98:28,ALL,tcp,54.157.203.98,1217,439803,678,249601,539,190202
FC:49:2D:34:98:28,ALL,tcp,54.163.70.213,267,139327,161,113923,106,25404
FC:49:2D:34:98:28,ALL,tcp,54.164.163.115,1815,562301,1012,248035,803,314266
FC:49:2D:34:98:28,ALL,tcp,54.166.21.152,900,285902,499,131468,401,154434
FC:49:2D:34:98:28,ALL,tcp,54.173.171.111,612,340381,366,287329,246,53052
FC:49:2D:34:98:28,ALL,tcp,54.175.196.143,160,83267,97,60701,63,22566
FC:49:2D:34:98:28,ALL,tcp,54.185.107.111,48,6536,24,3748,24,2788
FC:49:2D:34:98:28,ALL,tcp,54.195.83.27,85,11504,43,6625,42,4879
FC:49:2D:34:98:28,ALL,tcp,54.204.165.255,189,116029,112,98675,77,17354
FC:49:2D:34:98:28,ALL,tcp,54.205.24.65,1020,319139,570,145475,450,173664
FC:49:2D:34:98:28,ALL,tcp,54.207.206.10,50,6668,26,3880,24,2788
FC:49:2D:34:98:28,ALL,tcp,54.209.112.186,301,173140,175,145361,126,27779
FC:49:2D:34:98:28,ALL,tcp,54.209.119.92,161,85917,92,69091,69,16826
FC:49:2D:34:98:28,ALL,tcp,54.221.200.137,1457,452725,813,202273,644,250452
FC:49:2D:34:98:28,ALL,tcp,54.221.251.76,313,178285,184,151363,129,26922
FC:49:2D:34:98:28,ALL,tcp,54.230.112.75,24,3612,12,1874,12,1738
FC:49:2D:34:98:28,ALL,tcp,54.234.230.5,428,224666,246,181974,182,42692
FC:49:2D:34:98:28,ALL,tcp,54.234.246.8,160,85071,96,68575,64,16496
FC:49:2D:34:98:28,ALL,tcp,54.236.225.180,383,213402,224,172228,159,41174
FC:49:2D:34:98:28,ALL,tcp,54.237.238.251,163,87589,93,70697,70,16892
FC:49:2D:34:98:28,ALL,tcp,54.239.27.82,112,33150,63,8618,49,24532
FC:49:2D:34:98:28,ALL,tcp,54.242.128.35,1748,534930,976,233374,772,301556
FC:49:2D:34:98:28,ALL,tcp,54.242.226.203,203,113618,116,95604,87,18014
FC:49:2D:34:98:28,ALL,tcp,54.243.58.104,1750,579116,983,288554,767,290562
FC:49:2D:34:98:28,ALL,tcp,54.244.28.174,48,6536,24,3748,24,2788
FC:49:2D:34:98:28,ALL,tcp,54.65.110.136,48,6536,24,3748,24,2788
FC:49:2D:34:98:28,ALL,tcp,54.82.161.125,248,136104,143,110766,105,25338
FC:49:2D:34:98:28,ALL,tcp,54.86.209.109,20,1958,10,1006,10,952
FC:49:2D:34:98:28,ALL,tcp,54.86.72.190,226,117871,136,93523,90,24348
FC:49:2D:34:98:28,ALL,tcp,54.88.26.248,156,94825,99,78791,57,16034
FC:49:2D:34:98:28,ALL,tcp,54.90.150.97,266,142196,159,116726,107,25470
FC:49:2D:34:98:28,ALL,tcp,54.91.103.251,1147,362688,640,169266,507,193422
FC:49:2D:34:98:28,ALL,tcp,65.1.204.95,36,4902,18,2811,18,2091
FC:49:2D:34:98:28,ALL,tcp,67.220.240.103,21,8324,13,1540,8,6784
FC:49:2D:34:98:28,ALL,tcp,67.220.240.92,41,16594,24,2972,17,13622
FC:49:2D:34:98:28,ALL,tcp,72.21.207.143,53,16378,29,4150,24,12228
FC:49:2D:34:98:28,ALL,tcp,75.101.252.156,476,265445,299,210811,177,54634
FC:49:2D:34:98:28,ALL,tcp,75.2.1.39,96,13072,48,7496,48,5576
FC:49:2D:34:98:28,ALL,tcp,75.2.104.77,48,6536,24,3748,24,2788
FC:49:2D:34:98:28,ALL,tcp,75.2.109.205,12,1634,6,937,6,697
FC:49:2D:34:98:28,ALL,tcp,75.2.116.18,24,3268,12,1874,12,1394
FC:49:2D:34:98:28,ALL,tcp,75.2.123.44,36,4902,18,2811,18,2091
FC:49:2D:34:98:28,ALL,tcp,75.2.15.139,96,13072,48,7496,48,5576
FC:49:2D:34:98:28,ALL,tcp,75.2.3.78,48,6536,24,3748,24,2788
FC:49:2D:34:98:28,ALL,tcp,75.2.6.154,48,6536,24,3748,24,2788
FC:49:2D:34:98:28,ALL,tcp,76.223.0.209,50,6692,26,3904,24,2788
FC:49:2D:34:98:28,ALL,tcp,76.223.110.139,60,8170,30,4685,30,3485
FC:49:2D:34:98:28,ALL,tcp,76.223.39.36,36,4902,18,2811,18,2091
FC:49:2D:34:98:28,ALL,tcp,76.223.74.194,48,6536,24,3748,24,2788
FC:49:2D:34:98:28,ALL,tcp,99.80.240.2,133,18040,67,10373,66,7667
FC:49:2D:34:98:28,ALL,tcp,99.83.136.151,12,1634,6,937,6,697
FC:49:2D:34:98:28,ALL,tcp,99.83.145.183,36,4902,18,2811,18,2091
FC:49:2D:34:98:28,ALL,tcp,99.83.145.255,48,6536,24,3748,24,2788
FC:49:2D:34:98:28,ALL,tcp,99.83.165.83,12,1634,6,937,6,697
FC:49:2D:34:98:28,ALL,tcp,99.83.198.53,38,5034,18,2811,20,2223
FC:49:2D:34:98:28,ALL,tcp,99.83.208.141,36,4902,18,2811,18,2091
FC:49:2D:34:98:28,ALL,tcp,99.83.234.36,48,6536,24,3748,24,2788
FC:49:2D:34:98:28,ALL,tcp,99.83.238.21,12,1634,6,937,6,697
FC:49:2D:34:98:28,ALL,tcp,99.86.91.116,133,19920,66,10307,67,9613
FC:49:2D:34:98:28,ALL,tcp,99.86.91.14,217,32586,109,16944,108,15642
FC:49:2D:34:98:28,ALL,tcp,99.86.91.41,112,16506,57,8631,55,7875
FC:49:2D:34:98:28,ALL,tcp,99.86.91.84,156,23478,78,12181,78,11297
FC:49:2D:34:98:28,ALL,udp,18.234.8.250,2,180,1,90,1,90
FC:49:2D:34:98:28,ALL,udp,3.234.38.31,2,180,1,90,1,90
FC:49:2D:34:98:28,ALL,udp,34.239.12.200,2,180,1,90,1,90
FC:49:2D:34:98:28,ALL,tls,107.21.191.216,88,79840,78,66924,10,12916
FC:49:2D:34:98:28,ALL,tls,107.22.24.161,139,119959,126,101193,13,18766
FC:49:2D:34:98:28,ALL,tls,13.249.9.116,8,7690,4,1287,4,6403
FC:49:2D:34:98:28,ALL,tls,13.249.9.70,16,15402,8,2596,8,12806
FC:49:2D:34:98:28,ALL,tls,16.171.124.25,3680,364320,3680,364320,0,0
FC:49:2D:34:98:28,ALL,tls,176.32.101.46,14,9677,9,3261,5,6416
FC:49:2D:34:98:28,ALL,tls,176.32.98.108,23,16150,15,6360,8,9790
FC:49:2D:34:98:28,ALL,tls,18.155.123.103,7359,5134622,3161,946901,4198,4187721
FC:49:2D:34:98:28,ALL,tls,18.203.57.224,12851,1836685,6395,914115,6456,922570
FC:49:2D:34:98:28,ALL,tls,18.205.53.165,293,287050,277,262026,16,25024
FC:49:2D:34:98:28,ALL,tls,18.208.13.36,109,93802,99,83782,10,10020
FC:49:2D:34:98:28,ALL,tls,18.208.6.191,136,158142,116,132310,20,25832
FC:49:2D:34:98:28,ALL,tls,18.210.100.254,84,77311,76,67899,8,9412
FC:49:2D:34:98:28,ALL,tls,18.210.124.191,133,138585,121,119919,12,18666
FC:49:2D:34:98:28,ALL,tls,18.210.241.155,499,468770,466,421518,33,47252
FC:49:2D:34:98:28,ALL,tls,18.210.38.210,265,261623,239,225131,26,36492
FC:49:2D:34:98:28,ALL,tls,18.211.219.203,71,76303,61,63387,10,12916
FC:49:2D:34:98:28,ALL,tls,18.214.180.6,637,379122,322,166668,315,212454
FC:49:2D:34:98:28,ALL,tls,18.214.233.181,113,112150,103,99082,10,13068
FC:49:2D:34:98:28,ALL,tls,18.214.56.102,146,125957,133,107191,13,18766
FC:49:2D:34:98:28,ALL,tls,18.214.86.16,220,215526,198,183944,22,31582
FC:49:2D:34:98:28,ALL,tls,18.232.203.148,105,110234,97,97926,8,12308
FC:49:2D:34:98:28,ALL,tls,18.232.222.12,67,61440,57,48524,10,12916
FC:49:2D:34:98:28,ALL,tls,18.233.122.221,205,208220,182,176538,23,31682
FC:49:2D:34:98:28,ALL,tls,18.235.18.15,128,126211,113,106837,15,19374
FC:49:2D:34:98:28,ALL,tls,18.235.213.184,159,127837,146,109071,13,18766
FC:49:2D:34:98:28,ALL,tls,18.235.38.110,295,265812,265,221922,30,43890
FC:49:2D:34:98:28,ALL,tls,18.235.90.0,68,76449,59,63633,9,12816
FC:49:2D:34:98:28,ALL,tls,18.244.38.103,26,37293,12,3039,14,34254
FC:49:2D:34:98:28,ALL,tls,18.244.38.11,25,34359,12,3047,13,31312
FC:49:2D:34:98:28,ALL,tls,18.244.38.118,39,55937,18,4558,21,51379
FC:49:2D:34:98:28,ALL,tls,18.244.38.167,25,31498,12,3043,13,28455
FC:49:2D:34:98:28,ALL,tls,184.73.108.181,104,97646,96,85338,8,12308
FC:49:2D:34:98:28,ALL,tls,204.236.232.120,172,176066,157,156692,15,19374
FC:49:2D:34:98:28,ALL,tls,209.54.177.114,41,23002,23,6330,18,16672
FC:49:2D:34:98:28,ALL,tls,209.54.177.153,32,19239,18,4788,14,14451
FC:49:2D:34:98:28,ALL,tls,209.54.177.154,40,28114,24,6384,16,21730
FC:49:2D:34:98:28,ALL,tls,209.54.178.164,31,20964,18,4788,13,16176
FC:49:2D:34:98:28,ALL,tls,209.54.178.166,10,7235,6,1596,4,5639
FC:49:2D:34:98:28,ALL,tls,209.54.179.224,19,18316,9,2320,10,15996
FC:49:2D:34:98:28,ALL,tls,209.54.179.227,9,7673,4,1034,5,6639
FC:49:2D:34:98:28,ALL,tls,209.54.179.233,8,7590,4,1034,4,6556
FC:49:2D:34:98:28,ALL,tls,209.54.179.88,22,14640,12,3192,10,11448
FC:49:2D:34:98:28,ALL,tls,209.54.179.93,39,28051,24,6384,15,21667
FC:49:2D:34:98:28,ALL,tls,209.54.180.2,16,12544,8,2068,8,10476
FC:49:2D:34:98:28,ALL,tls,209.54.180.25,31,20984,18,4788,13,16196
FC:49:2D:34:98:28,ALL,tls,209.54.180.27,31,19185,17,4734,14,14451
FC:49:2D:34:98:28,ALL,tls,209.54.180.44,21,14555,12,3192,9,11363
FC:49:2D:34:98:28,ALL,tls,209.54.181.4,31,20964,18,4788,13,16176
FC:49:2D:34:98:28,ALL,tls,209.54.181.98,42,29110,24,6384,18,22726
FC:49:2D:34:98:28,ALL,tls,209.54.183.176,8,4954,4,1034,4,3920
FC:49:2D:34:98:28,ALL,tls,209.54.183.178,8,7590,4,1034,4,6556
FC:49:2D:34:98:28,ALL,tls,209.54.183.185,18,18509,8,2613,10,15896
FC:49:2D:34:98:28,ALL,tls,209.54.183.200,18,18509,8,2613,10,15896
FC:49:2D:34:98:28,ALL,tls,23.20.129.183,122,126728,109,107962,13,18766
FC:49:2D:34:98:28,ALL,tls,23.20.136.143,122,110872,107,91498,15,19374
FC:49:2D:34:98:28,ALL,tls,23.20.189.121,203,180581,183,156197,20,24384
FC:49:2D:34:98:28,ALL,tls,23.20.228.251,98,80477,88,67561,10,12916
FC:49:2D:34:98:28,ALL,tls,23.21.139.192,78,71426,68,58510,10,12916
FC:49:2D:34:98:28,ALL,tls,23.21.70.192,115,117825,103,99159,12,18666
FC:49:2D:34:98:28,ALL,tls,23.21.88.219,93,81169,83,68253,10,12916
FC:49:2D:34:98:28,ALL,tls,23.21.95.131,291,257038,266,219606,25,37432
FC:49:2D:34:98:28,ALL,tls,23.23.128.37,81,72794,71,59878,10,12916
FC:49:2D:34:98:28,ALL,tls,3.162.35.185,56,37147,24,7198,32,29949
FC:49:2D:34:98:28,ALL,tls,3.162.37.98,14,7108,6,1667,8,5441
FC:49:2D:34:98:28,ALL,tls,3.209.154.229,137,127856,123,108582,14,19274
FC:49:2D:34:98:28,ALL,tls,3.209.180.237,89,74216,81,61500,8,12716
FC:49:2D:34:98:28,ALL,tls,3.210.129.60,293,282863,266,247719,27,35144
FC:49:2D:34:98:28,ALL,tls,3.210.70.147,115,115618,103,96952,12,18666
FC:49:2D:34:98:28,ALL,tls,3.211.75.184,116,119429,101,100055,15,19374
FC:49:2D:34:98:28,ALL,tls,3.212.23.64,77,69851,69,57135,8,12716
FC:49:2D:34:98:28,ALL,tls,3.212.234.72,154,137936,140,118662,14,19274
FC:49:2D:34:98:28,ALL,tls,3.213.114.151,131,124747,118,105981,13,18766
FC:49:2D:34:98:28,ALL,tls,3.213.239.129,148,142469,137,124311,11,18158
FC:49:2D:34:98:28,ALL,tls,3.214.173.238,84,75233,75,62417,9,12816
FC:49:2D:34:98:28,ALL,tls,3.217.46.70,61,60822,53,48514,8,12308
FC:49:2D:34:98:28,ALL,tls,3.218.173.170,87,75543,79,63235,8,12308
FC:49:2D:34:98:28,ALL,tls,3.219.90.59,92,82611,82,69695,10,12916
FC:49:2D:34:98:28,ALL,tls,3.219.98.220,120,124000,105,104626,15,19374
FC:49:2D:34:98:28,ALL,tls,3.220.177.180,120,106436,110,93520,10,12916
FC:49:2D:34:98:28,ALL,tls,3.221.148.22,85,85549,75,72633,10,12916
FC:49:2D:34:98:28,ALL,tls,3.222.100.181,97,84117,89,71401,8,12716
FC:49:2D:34:98:28,ALL,tls,3.222.12.179,99,81579,91,69271,8,12308
FC:49:2D:34:98:28,ALL,tls,3.223.224.58,191,184736,174,161060,17,23676
FC:49:2D:34:98:28,ALL,tls,3.225.175.150,124,123157,110,103655,14,19502
FC:49:2D:34:98:28,ALL,tls,3.227.113.226,91,86509,82,73693,9,12816
FC:49:2D:34:98:28,ALL,tls,3.227.124.52,63,60501,54,47685,9,12816
FC:49:2D:34:98:28,ALL,tls,3.227.83.236,716,429329,366,194717,350,234612
FC:49:2D:34:98:28,ALL,tls,3.229.114.62,102,99698,92,89678,10,10020
FC:49:2D:34:98:28,ALL,tls,3.229.227.148,223,214676,204,188944,19,25732
FC:49:2D:34:98:28,ALL,tls,3.230.12.73,119,119531,105,103153,14,16378
FC:49:2D:34:98:28,ALL,tls,3.232.199.198,184,169296,166,145520,18,23776
FC:49:2D:34:98:28,ALL,tls,3.233.55.194,133,101440,122,86178,11,15262
FC:49:2D:34:98:28,ALL,tls,3.234.204.69,93,82374,83,69458,10,12916
FC:49:2D:34:98:28,ALL,tls,3.5.25.118,14,6251,5,1119,9,5132
FC:49:2D:34:98:28,ALL,tls,3.5.25.39,14,7667,5,1119,9,6548
FC:49:2D:34:98:28,ALL,tls,3.81.193.21,238,231236,218,199694,20,31542
FC:49:2D:34:98:28,ALL,tls,3.90.127.177,85,73178,75,60262,10,12916
FC:49:2D:34:98:28,ALL,tls,3.93.211.8,88,73227,78,60311,10,12916
FC:49:2D:34:98:28,ALL,tls,3.95.145.159,124,129041,111,113171,13,15870
FC:49:2D:34:98:28,ALL,tls,34.192.105.117,93,96825,84,84009,9,12816
FC:49:2D:34:98:28,ALL,tls,34.192.142.2,75,77660,62,58894,13,18766
FC:49:2D:34:98:28,ALL,tls,34.192.225.0,118,126418,104,107144,14,19274
FC:49:2D:34:98:28,ALL,tls,34.192.41.205,346,322917,310,272061,36,50856
FC:49:2D:34:98:28,ALL,tls,34.192.71.21,94,81525,85,68709,9,12816
FC:49:2D:34:98:28,ALL,tls,34.194.222.79,92,74051,82,61135,10,12916
FC:49:2D:34:98:28,ALL,tls,34.195.175.66,565,335993,287,148725,278,187268
FC:49:2D:34:98:28,ALL,tls,34.195.25.218,62,59828,57,48194,5,11634
FC:49:2D:34:98:28,ALL,tls,34.196.113.227,199,206747,178,175265,21,31482
FC:49:2D:34:98:28,ALL,tls,34.197.206.33,137,139507,124,120741,13,18766
FC:49:2D:34:98:28,ALL,tls,34.198.70.174,126,127891,112,108617,14,19274
FC:49:2D:34:98:28,ALL,tls,34.199.104.224,210,228843,187,199649,23,29194
FC:49:2D:34:98:28,ALL,tls,34.199.93.119,132,136762,119,117996,13,18766
FC:49:2D:34:98:28,ALL,tls,34.200.143.246,105,120530,91,101256,14,19274
FC:49:2D:34:98:28,ALL,tls,34.202.218.81,176,167939,164,149273,12,18666
FC:49:2D:34:98:28,ALL,tls,34.203.27.62,87,71254,77,58338,10,12916
FC:49:2D:34:98:28,ALL,tls,34.203.58.58,283,259923,268,234999,15,24924
FC:49:2D:34:98:28,ALL,tls,34.204.46.177,134,117100,123,101838,11,15262
FC:49:2D:34:98:28,ALL,tls,34.205.108.51,90,83493,83,71285,7,12208
FC:49:2D:34:98:28,ALL,tls,34.207.41.33,82,69224,74,56508,8,12716
FC:49:2D:34:98:28,ALL,tls,34.210.228.239,14,6243,4,1202,10,5041
FC:49:2D:34:98:28,ALL,tls,34.225.234.172,158,166295,145,146475,13,19820
FC:49:2D:34:98:28,ALL,tls,34.226.156.139,94,84017,85,71201,9,12816
FC:49:2D:34:98:28,ALL,tls,34.231.246.161,136,119305,124,100231,12,19074
FC:49:2D:34:98:28,ALL,tls,34.232.149.254,154,138853,143,120695,11,18158
FC:49:2D:34:98:28,ALL,tls,34.233.110.147,124,123040,109,103666,15,19374
FC:49:2D:34:98:28,ALL,tls,34.233.110.218,215,216913,192,184823,23,32090
FC:49:2D:34:98:28,ALL,tls,34.234.109.94,278,268157,250,229936,28,38221
FC:49:2D:34:98:28,ALL,tls,34.237.111.59,665,390248,328,161818,337,228430
FC:49:2D:34:98:28,ALL,tls,35.153.240.72,84,72152,75,59336,9,12816
FC:49:2D:34:98:28,ALL,tls,35.169.2.127,99,92124,90,79227,9,12897
FC:49:2D:34:98:28,ALL,tls,35.169.32.158,129,127936,114,108410,15,19526
FC:49:2D:34:98:28,ALL,tls,35.172.246.141,100,96363,92,84055,8,12308
FC:49:2D:34:98:28,ALL,tls,35.173.23.128,85,78531,75,65615,10,12916
FC:49:2D:34:98:28,ALL,tls,35.174.89.172,94,88322,84,75406,10,12916
FC:49:2D:34:98:28,ALL,tls,35.175.96.123,86,80594,77,67778,9,12816
FC:49:2D:34:98:28,ALL,tls,44.193.122.230,127,115225,115,96559,12,18666
FC:49:2D:34:98:28,ALL,tls,44.193.236.65,589,355592,311,169772,278,185820
FC:49:2D:34:98:28,ALL,tls,44.196.95.2,114,100666,99,81292,15,19374
FC:49:2D:34:98:28,ALL,tls,44.198.224.47,631,372095,323,168323,308,203772
FC:49:2D:34:98:28,ALL,tls,44.198.79.87,100,96509,91,83693,9,12816
FC:49:2D:34:98:28,ALL,tls,44.199.105.27,78,73087,66,54421,12,18666
FC:49:2D:34:98:28,ALL,tls,44.199.138.71,847,485637,409,197769,438,287868
FC:49:2D:34:98:28,ALL,tls,44.199.27.159,151,134736,136,115362,15,19374
FC:49:2D:34:98:28,ALL,tls,44.199.52.214,622,359671,303,148401,319,211270
FC:49:2D:34:98:28,ALL,tls,44.199.71.2,203,201463,182,169981,21,31482
FC:49:2D:34:98:28,ALL,tls,44.205.112.183,70,71787,61,58971,9,12816
FC:49:2D:34:98:28,ALL,tls,44.206.128.95,78,70767,70,58051,8,12716
FC:49:2D:34:98:28,ALL,tls,44.212.148.128,74,88039,64,75123,10,12916
FC:49:2D:34:98:28,ALL,tls,44.214.113.218,83,80224,75,67508,8,12716
FC:49:2D:34:98:28,ALL,tls,44.215.115.210,10,5600,5,1377,5,4223
FC:49:2D:34:98:28,ALL,tls,44.215.129.154,11,6198,6,1900,5,4298
FC:49:2D:34:98:28,ALL,tls,44.215.129.169,8,6239,4,1337,4,4902
FC:49:2D:34:98:28,ALL,tls,44.215.132.234,10,5578,5,1355,5,4223
FC:49:2D:34:98:28,ALL,tls,44.215.133.149,10,5578,5,1355,5,4223
FC:49:2D:34:98:28,ALL,tls,44.215.133.95,33,25128,16,5546,17,19582
FC:49:2D:34:98:28,ALL,tls,44.215.134.182,21,12063,12,3756,9,8307
FC:49:2D:34:98:28,ALL,tls,44.216.207.85,194,201183,174,169801,20,31382
FC:49:2D:34:98:28,ALL,tls,44.216.223.101,92,89732,83,76916,9,12816
FC:49:2D:34:98:28,ALL,tls,44.216.33.195,138,124391,123,105017,15,19374
FC:49:2D:34:98:28,ALL,tls,44.218.5.36,93,100763,84,87947,9,12816
FC:49:2D:34:98:28,ALL,tls,44.219.254.96,87,79962,78,67146,9,12816
FC:49:2D:34:98:28,ALL,tls,44.220.107.242,64,74972,55,62156,9,12816
FC:49:2D:34:98:28,ALL,tls,44.231.61.240,13,6146,4,1202,9,4944
FC:49:2D:34:98:28,ALL,tls,44.240.184.205,14,6243,4,1202,10,5041
FC:49:2D:34:98:28,ALL,tls,50.16.56.19,122,109202,112,96286,10,12916
FC:49:2D:34:98:28,ALL,tls,50.19.71.105,84,82386,76,70078,8,12308
FC:49:2D:34:98:28,ALL,tls,50.19.87.140,113,104188,98,84814,15,19374
FC:49:2D:34:98:28,ALL,tls,52.0.151.186,105,100625,96,87809,9,12816
FC:49:2D:34:98:28,ALL,tls,52.0.163.48,87,85190,78,72374,9,12816
FC:49:2D:34:98:28,ALL,tls,52.1.45.85,101,92853,94,80645,7,12208
FC:49:2D:34:98:28,ALL,tls,52.119.196.31,10,7266,5,1542,5,5724
FC:49:2D:34:98:28,ALL,tls,52.119.198.101,40,28189,23,6330,17,21859
FC:49:2D:34:98:28,ALL,tls,52.119.198.106,11,7320,6,1596,5,5724
FC:49:2D:34:98:28,ALL,tls,52.119.198.109,50,35380,29,7926,21,27454
FC:49:2D:34:98:28,ALL,tls,52.119.198.118,28,18126,17,4734,11,13392
FC:49:2D:34:98:28,ALL,tls,52.119.198.186,52,36420,29,7926,23,28494
FC:49:2D:34:98:28,ALL,tls,52.119.198.189,20,14501,11,3138,9,11363
FC:49:2D:34:98:28,ALL,tls,52.119.198.2,10,7235,6,1596,4,5639
FC:49:2D:34:98:28,ALL,tls,52.16.104.93,7216,1038182,3588,512007,3628,526175
FC:49:2D:34:98:28,ALL,tls,52.2.81.170,85,65456,75,52540,10,12916
FC:49:2D:34:98:28,ALL,tls,52.20.155.74,82,71247,74,58939,8,12308
FC:49:2D:34:98:28,ALL,tls,52.20.206.121,689,413463,347,180827,342,232636
FC:49:2D:34:98:28,ALL,tls,52.20.5.146,194,202411,175,171537,19,30874
FC:49:2D:34:98:28,ALL,tls,52.201.181.91,109,100246,100,87430,9,12816
FC:49:2D:34:98:28,ALL,tls,52.201.200.50,150,141331,136,122057,14,19274
FC:49:2D:34:98:28,ALL,tls,52.201.28.83,62,61706,55,49498,7,12208
FC:49:2D:34:98:28,ALL,tls,52.202.2.34,792,472010,407,215240,385,256770
FC:49:2D:34:98:28,ALL,tls,52.204.252.123,216,195838,195,164356,21,31482
FC:49:2D:34:98:28,ALL,tls,52.206.168.158,84,66215,77,54007,7,12208
FC:49:2D:34:98:28,ALL,tls,52.206.230.198,108,95347,98,82431,10,12916
FC:49:2D:34:98:28,ALL,tls,52.21.34.9,83,80977,74,68161,9,12816
FC:49:2D:34:98:28,ALL,tls,52.214.227.89,5676,821740,2825,410347,2851,411393
FC:49:2D:34:98:28,ALL,tls,52.22.141.130,73,73989,66,61781,7,12208
FC:49:2D:34:98:28,ALL,tls,52.22.236.15,238,230519,213,198229,25,32290
FC:49:2D:34:98:28,ALL,tls,52.222.150.239,1521,1068955,657,194908,864,874047
FC:49:2D:34:98:28,ALL,tls,52.222.160.13,67,45505,28,8812,39,36693
FC:49:2D:34:98:28,ALL,tls,52.222.160.24,254,282579,100,26756,154,255823
FC:49:2D:34:98:28,ALL,tls,52.222.193.205,1438,1395156,583,158618,855,1236538
FC:49:2D:34:98:28,ALL,tls,52.222.199.24,223,151797,97,28077,126,123720
FC:49:2D:34:98:28,ALL,tls,52.27.163.92,13,6146,4,1202,9,4944
FC:49:2D:34:98:28,ALL,tls,52.3.112.115,141,127237,128,108471,13,18766
FC:49:2D:34:98:28,ALL,tls,52.3.41.74,62,65581,54,53273,8,12308
FC:49:2D:34:98:28,ALL,tls,52.44.67.109,89,84608,80,71792,9,12816
FC:49:2D:34:98:28,ALL,tls,52.46.128.145,8,7590,4,1034,4,6556
FC:49:2D:34:98:28,ALL,tls,52.46.128.81,32,21895,18,4788,14,17107
FC:49:2D:34:98:28,ALL,tls,52.46.131.169,32,21091,18,4788,14,16303
FC:49:2D:34:98:28,ALL,tls,52.46.131.184,22,14640,12,3192,10,11448
FC:49:2D:34:98:28,ALL,tls,52.46.131.209,19,13559,12,3192,7,10367
FC:49:2D:34:98:28,ALL,tls,52.46.131.214,9,10836,4,1579,5,9257
FC:49:2D:34:98:28,ALL,tls,52.46.133.103,13,9659,8,3243,5,6416
FC:49:2D:34:98:28,ALL,tls,52.46.137.255,9,7673,4,1034,5,6639
FC:49:2D:34:98:28,ALL,tls,52.46.137.51,8,4954,4,1034,4,3920
FC:49:2D:34:98:28,ALL,tls,52.46.142.117,9,10836,4,1579,5,9257
FC:49:2D:34:98:28,ALL,tls,52.46.143.123,27,19829,17,4734,10,15095
FC:49:2D:34:98:28,ALL,tls,52.46.145.14,19,18592,8,2613,11,15979
FC:49:2D:34:98:28,ALL,tls,52.46.145.205,10,10919,4,1579,6,9340
FC:49:2D:34:98:28,ALL,tls,52.46.146.126,32,21897,18,4788,14,17109
FC:49:2D:34:98:28,ALL,tls,52.46.147.136,9,7673,4,1034,5,6639
FC:49:2D:34:98:28,ALL,tls,52.46.149.20,21,11919,12,3192,9,8727
FC:49:2D:34:98:28,ALL,tls,52.46.149.57,22,14662,12,3192,10,11470
FC:49:2D:34:98:28,ALL,tls,52.46.155.112,10,7235,6,1596,4,5639
FC:49:2D:34:98:28,ALL,tls,52.46.158.193,22,14640,12,3192,10,11448
FC:49:2D:34:98:28,ALL,tls,52.72.178.89,89,82852,81,70544,8,12308
FC:49:2D:34:98:28,ALL,tls,52.84.177.42,337,230926,145,42040,192,188886
FC:49:2D:34:98:28,ALL,tls,52.84.48.193,166,115095,71,21156,95,93939
FC:49:2D:34:98:28,ALL,tls,52.86.102.191,93,84403,85,72095,8,12308
FC:49:2D:34:98:28,ALL,tls,52.94.225.227,16,15180,8,2068,8,13112
FC:49:2D:34:98:28,ALL,tls,52.94.231.169,29,20847,17,4734,12,16113
FC:49:2D:34:98:28,ALL,tls,52.94.233.34,10,10919,4,1579,6,9340
FC:49:2D:34:98:28,ALL,tls,52.94.233.94,8,7590,4,1034,4,6556
FC:49:2D:34:98:28,ALL,tls,52.94.236.199,8,7590,4,1034,4,6556
FC:49:2D:34:98:28,ALL,tls,52.94.240.240,21,14553,12,3192,9,11361
FC:49:2D:34:98:28,ALL,tls,52.94.241.146,49,34438,30,7980,19,26458
FC:49:2D:34:98:28,ALL,tls,54.144.126.135,139,125881,128,107315,11,18566
FC:49:2D:34:98:28,ALL,tls,54.157.203.98,579,397231,326,226137,253,171094
FC:49:2D:34:98:28,ALL,tls,54.163.70.213,151,131623,136,112249,15,19374
FC:49:2D:34:98:28,ALL,tls,54.164.163.115,837,496861,420,208463,417,288398
FC:49:2D:34:98:28,ALL,tls,54.166.21.152,412,253250,204,111746,208,141504
FC:49:2D:34:98:28,ALL,tls,54.173.171.111,346,321281,316,282533,30,38748
FC:49:2D:34:98:28,ALL,tls,54.175.196.143,88,78467,73,59093,15,19374
FC:49:2D:34:98:28,ALL,tls,54.204.165.255,106,110519,96,97603,10,12916
FC:49:2D:34:98:28,ALL,tls,54.205.24.65,479,283001,242,123611,237,159390
FC:49:2D:34:98:28,ALL,tls,54.209.112.186,166,164138,151,143709,15,20429
FC:49:2D:34:98:28,ALL,tls,54.209.119.92,84,80757,75,67941,9,12816
FC:49:2D:34:98:28,ALL,tls,54.221.200.137,672,400291,342,170875,330,229416
FC:49:2D:34:98:28,ALL,tls,54.221.251.76,171,168773,158,149599,13,19174
FC:49:2D:34:98:28,ALL,tls,54.234.230.5,223,210476,202,178994,21,31482
FC:49:2D:34:98:28,ALL,tls,54.234.246.8,90,80419,80,67503,10,12916
FC:49:2D:34:98:28,ALL,tls,54.236.225.180,203,201304,181,169314,22,31990
FC:49:2D:34:98:28,ALL,tls,54.237.238.251,87,82541,77,69625,10,12916
FC:49:2D:34:98:28,ALL,tls,54.239.27.82,38,27140,24,6384,14,20756
FC:49:2D:34:98:28,ALL,tls,54.242.128.35,799,471484,398,194790,401,276694
FC:49:2D:34:98:28,ALL,tls,54.242.226.203,110,107448,100,94532,10,12916
FC:49:2D:34:98:28,ALL,tls,54.243.58.104,830,516180,439,252242,391,263938
FC:49:2D:34:98:28,ALL,tls,54.82.161.125,132,128400,117,109026,15,19374
FC:49:2D:34:98:28,ALL,tls,54.86.72.190,124,109597,110,90323,14,19274
FC:49:2D:34:98:28,ALL,tls,54.88.26.248,93,90635,83,77719,10,12916
FC:49:2D:34:98:28,ALL,tls,54.90.150.97,145,132622,132,113448,13,19174
FC:49:2D:34:98:28,ALL,tls,54.91.103.251,533,320236,274,144870,259,175366
FC:49:2D:34:98:28,ALL,tls,67.220.240.103,8,7590,4,1034,4,6556
FC:49:2D:34:98:28,ALL,tls,67.220.240.92,16,15180,8,2068,8,13112
FC:49:2D:34:98:28,ALL,tls,72.21.207.143,22,14640,12,3192,10,11448
FC:49:2D:34:98:28,ALL,tls,75.101.252.156,272,250893,241,206903,31,43990
FC:49:2D:34:98:28,ALL,ntp,18.234.8.250,2,180,1,90,1,90
FC:49:2D:34:98:28,ALL,ntp,3.234.38.31,2,180,1,90,1,90
FC:49:2D:34:98:28,ALL,ntp,34.239.12.200,2,180,1,90,1,90
FC:49:2D:34:98:28,ALL,http,13.208.135.254,60,8170,30,4685,30,3485
FC:49:2D:34:98:28,ALL,http,13.208.69.44,108,14706,54,8433,54,6273
FC:49:2D:34:98:28,ALL,http,13.210.177.118,110,14838,56,8565,54,6273
FC:49:2D:34:98:28,ALL,http,13.211.192.98,61,8236,31,4751,30,3485
FC:49:2D:34:98:28,ALL,http,13.232.140.123,48,6536,24,3748,24,2788
FC:49:2D:34:98:28,ALL,http,13.245.126.151,73,9870,37,5688,36,4182
FC:49:2D:34:98:28,ALL,http,13.246.125.252,73,9870,37,5688,36,4182
FC:49:2D:34:98:28,ALL,http,13.246.213.185,72,9804,36,5622,36,4182
FC:49:2D:34:98:28,ALL,http,13.248.128.156,62,8326,32,4841,30,3485
FC:49:2D:34:98:28,ALL,http,13.248.184.61,24,3268,12,1874,12,1394
FC:49:2D:34:98:28,ALL,http,13.248.200.177,36,4902,18,2811,18,2091
FC:49:2D:34:98:28,ALL,http,13.248.243.206,60,8170,30,4685,30,3485
FC:49:2D:34:98:28,ALL,http,13.249.9.11,144,21672,72,11244,72,10428
FC:49:2D:34:98:28,ALL,http,13.249.9.125,169,25350,85,13184,84,12166
FC:49:2D:34:98:28,ALL,http,13.249.9.27,134,19986,67,10373,67,9613
FC:49:2D:34:98:28,ALL,http,13.249.9.9,122,18204,62,9514,60,8690
FC:49:2D:34:98:28,ALL,http,13.251.25.239,132,17974,66,10307,66,7667
FC:49:2D:34:98:28,ALL,http,13.32.145.113,253,37980,126,19677,127,18303
FC:49:2D:34:98:28,ALL,http,13.32.145.118,96,14448,48,7496,48,6952
FC:49:2D:34:98:28,ALL,http,13.32.145.27,60,9030,30,4685,30,4345
FC:49:2D:34:98:28,ALL,http,13.32.145.56,145,21750,73,11322,72,10428
FC:49:2D:34:98:28,ALL,http,13.39.187.90,60,8170,30,4685,30,3485
FC:49:2D:34:98:28,ALL,http,13.48.52.157,132,17974,66,10307,66,7667
FC:49:2D:34:98:28,ALL,http,13.50.170.219,85,11504,43,6625,42,4879
FC:49:2D:34:98:28,ALL,http,13.51.39.168,61,8236,31,4751,30,3485
FC:49:2D:34:98:28,ALL,http,15.160.15.173,72,9804,36,5622,36,4182
FC:49:2D:34:98:28,ALL,http,15.168.70.244,85,11504,43,6625,42,4879
FC:49:2D:34:98:28,ALL,http,15.184.56.86,60,8170,30,4685,30,3485
FC:49:2D:34:98:28,ALL,http,15.185.179.70,85,11504,43,6625,42,4879
FC:49:2D:34:98:28,ALL,http,15.188.250.124,36,4902,18,2811,18,2091
FC:49:2D:34:98:28,ALL,http,15.197.151.222,48,6536,24,3748,24,2788
FC:49:2D:34:98:28,ALL,http,15.197.152.61,60,8170,30,4685,30,3485
FC:49:2D:34:98:28,ALL,http,15.197.176.119,48,6536,24,3748,24,2788
FC:49:2D:34:98:28,ALL,http,15.197.207.128,24,3268,12,1874,12,1394
FC:49:2D:34:98:28,ALL,http,15.197.228.53,24,3268,12,1874,12,1394
FC:49:2D:34:98:28,ALL,http,15.197.236.172,36,4902,18,2811,18,2091
FC:49:2D:34:98:28,ALL,http,15.236.72.134,60,8170,30,4685,30,3485
FC:49:2D:34:98:28,ALL,http,157.175.143.101,37,4968,19,2877,18,2091
FC:49:2D:34:98:28,ALL,http,16.50.211.133,84,11438,42,6559,42,4879
FC:49:2D:34:98:28,ALL,http,16.50.219.161,49,6602,25,3814,24,2788
FC:49:2D:34:98:28,ALL,http,16.50.84.90,86,11570,44,6691,42,4879
FC:49:2D:34:98:28,ALL,http,16.62.187.82,73,9870,37,5688,36,4182
FC:49:2D:34:98:28,ALL,http,16.62.90.207,73,9870,37,5688,36,4182
FC:49:2D:34:98:28,ALL,http,16.63.55.221,96,13072,48,7496,48,5576
FC:49:2D:34:98:28,ALL,http,18.100.101.26,60,8170,30,4685,30,3485
FC:49:2D:34:98:28,ALL,http,18.100.207.87,24,3268,12,1874,12,1394
FC:49:2D:34:98:28,ALL,http,18.101.12.43,72,9804,36,5622,36,4182
FC:49:2D:34:98:28,ALL,http,18.102.11.65,60,8170,30,4685,30,3485
FC:49:2D:34:98:28,ALL,http,18.133.22.95,36,4902,18,2811,18,2091
FC:49:2D:34:98:28,ALL,http,18.138.26.111,85,11504,43,6625,42,4879
FC:49:2D:34:98:28,ALL,http,18.155.129.112,121,18138,61,9448,60,8690
FC:49:2D:34:98:28,ALL,http,18.155.129.113,108,16254,54,8433,54,7821
FC:49:2D:34:98:28,ALL,http,18.155.129.33,120,18060,60,9370,60,8690
FC:49:2D:34:98:28,ALL,http,18.155.129.97,85,12708,43,6625,42,6083
FC:49:2D:34:98:28,ALL,http,18.164.52.2,145,21726,72,11244,73,10482
FC:49:2D:34:98:28,ALL,http,18.164.52.38,109,16320,55,8499,54,7821
FC:49:2D:34:98:28,ALL,http,18.164.52.89,121,18126,61,9436,60,8690
FC:49:2D:34:98:28,ALL,http,18.164.52.94,60,9030,30,4685,30,4345
FC:49:2D:34:98:28,ALL,http,18.167.119.68,48,6536,24,3748,24,2788
FC:49:2D:34:98:28,ALL,http,18.167.227.150,36,4902,18,2811,18,2091
FC:49:2D:34:98:28,ALL,http,18.205.73.204,10,979,5,503,5,476
FC:49:2D:34:98:28,ALL,http,18.207.31.193,10,967,5,503,5,464
FC:49:2D:34:98:28,ALL,http,18.210.3.71,24,3268,12,1874,12,1394
FC:49:2D:34:98:28,ALL,http,18.228.230.255,24,3268,12,1874,12,1394
FC:49:2D:34:98:28,ALL,http,18.232.8.136,10,979,5,503,5,476
FC:49:2D:34:98:28,ALL,http,18.244.28.105,98,14556,48,7496,50,7060
FC:49:2D:34:98:28,ALL,http,18.244.28.25,121,18126,61,9436,60,8690
FC:49:2D:34:98:28,ALL,http,18.244.28.38,61,9096,31,4751,30,4345
FC:49:2D:34:98:28,ALL,http,18.244.28.58,147,21846,73,11310,74,10536
FC:49:2D:34:98:28,ALL,http,18.60.243.66,60,8170,30,4685,30,3485
FC:49:2D:34:98:28,ALL,http,18.60.244.231,48,6536,24,3748,24,2788
FC:49:2D:34:98:28,ALL,http,18.61.55.249,96,13072,48,7496,48,5576
FC:49:2D:34:98:28,ALL,http,216.137.52.19,12,1806,6,937,6,869
FC:49:2D:34:98:28,ALL,http,216.137.52.66,13,1872,7,1003,6,869
FC:49:2D:34:98:28,ALL,http,23.23.84.128,10,979,5,503,5,476
FC:49:2D:34:98:28,ALL,http,3.13.153.215,73,9870,37,5688,36,4182
FC:49:2D:34:98:28,ALL,http,3.162.38.127,121,18114,60,9370,61,8744
FC:49:2D:34:98:28,ALL,http,3.162.38.13,97,14502,48,7496,49,7006
FC:49:2D:34:98:28,ALL,http,3.162.38.15,85,12708,43,6625,42,6083
FC:49:2D:34:98:28,ALL,http,3.162.38.23,61,9096,31,4751,30,4345
FC:49:2D:34:98:28,ALL,http,3.18.4.67,48,6536,24,3748,24,2788
FC:49:2D:34:98:28,ALL,http,3.20.107.165,85,11504,43,6625,42,4879
FC:49:2D:34:98:28,ALL,http,3.209.151.116,24,3268,12,1874,12,1394
FC:49:2D:34:98:28,ALL,http,3.223.13.165,20,1958,10,1006,10,952
FC:49:2D:34:98:28,ALL,http,3.24.24.7,37,4968,19,2877,18,2091
FC:49:2D:34:98:28,ALL,http,3.29.46.75,36,4902,18,2811,18,2091
FC:49:2D:34:98:28,ALL,http,3.29.96.206,36,4902,18,2811,18,2091
FC:49:2D:34:98:28,ALL,http,3.29.99.104,84,11438,42,6559,42,4879
FC:49:2D:34:98:28,ALL,http,3.33.134.16,36,4902,18,2811,18,2091
FC:49:2D:34:98:28,ALL,http,3.33.137.33,97,13138,49,7562,48,5576
FC:49:2D:34:98:28,ALL,http,3.33.190.248,36,4902,18,2811,18,2091
FC:49:2D:34:98:28,ALL,http,3.33.199.61,24,3268,12,1874,12,1394
FC:49:2D:34:98:28,ALL,http,3.33.212.93,48,6536,24,3748,24,2788
FC:49:2D:34:98:28,ALL,http,3.33.224.248,24,3268,12,1874,12,1394
FC:49:2D:34:98:28,ALL,http,3.38.241.204,36,4902,18,2811,18,2091
FC:49:2D:34:98:28,ALL,http,3.64.176.159,85,11492,42,6559,43,4933
FC:49:2D:34:98:28,ALL,http,3.67.229.197,49,6602,25,3814,24,2788
FC:49:2D:34:98:28,ALL,http,3.7.148.135,73,9870,37,5688,36,4182
FC:49:2D:34:98:28,ALL,http,3.77.210.19,121,16406,61,9436,60,6970
FC:49:2D:34:98:28,ALL,http,3.97.235.200,120,16340,60,9370,60,6970
FC:49:2D:34:98:28,ALL,http,34.198.50.77,10,979,5,503,5,476
FC:49:2D:34:98:28,ALL,http,34.230.178.29,36,4902,18,2811,18,2091
FC:49:2D:34:98:28,ALL,http,34.239.8.34,10,979,5,503,5,476
FC:49:2D:34:98:28,ALL,http,35.152.55.137,72,9804,36,5622,36,4182
FC:49:2D:34:98:28,ALL,http,35.171.126.187,61,8236,31,4751,30,3485
FC:49:2D:34:98:28,ALL,http,35.176.72.189,73,9870,37,5688,36,4182
FC:49:2D:34:98:28,ALL,http,35.176.84.229,48,6536,24,3748,24,2788
FC:49:2D:34:98:28,ALL,http,35.182.217.238,60,8170,30,4685,30,3485
FC:49:2D:34:98:28,ALL,http,35.71.135.160,36,4902,18,2811,18,2091
FC:49:2D:34:98:28,ALL,http,35.71.148.238,36,4902,18,2811,18,2091
FC:49:2D:34:98:28,ALL,http,35.71.171.52,24,3268,12,1874,12,1394
FC:49:2D:34:98:28,ALL,http,35.71.173.74,13,1712,7,1015,6,697
FC:49:2D:34:98:28,ALL,http,35.71.179.85,61,8236,31,4751,30,3485
FC:49:2D:34:98:28,ALL,http,35.79.139.83,60,8170,30,4685,30,3485
FC:49:2D:34:98:28,ALL,http,35.84.220.200,84,11438,42,6559,42,4879
FC:49:2D:34:98:28,ALL,http,40.176.111.185,72,9804,36,5622,36,4182
FC:49:2D:34:98:28,ALL,http,40.176.218.14,24,3268,12,1874,12,1394
FC:49:2D:34:98:28,ALL,http,40.176.81.134,48,6536,24,3748,24,2788
FC:49:2D:34:98:28,ALL,http,43.198.26.152,48,6536,24,3748,24,2788
FC:49:2D:34:98:28,ALL,http,43.201.159.188,72,9804,36,5622,36,4182
FC:49:2D:34:98:28,ALL,http,43.201.177.223,60,8170,30,4685,30,3485
FC:49:2D:34:98:28,ALL,http,43.201.199.42,36,4902,18,2811,18,2091
FC:49:2D:34:98:28,ALL,http,43.218.100.141,109,14772,54,8433,55,6339
FC:49:2D:34:98:28,ALL,http,43.218.52.14,85,11504,43,6625,42,4879
FC:49:2D:34:98:28,ALL,http,43.218.61.97,120,16340,60,9370,60,6970
FC:49:2D:34:98:28,ALL,http,44.210.205.195,20,1958,10,1006,10,952
FC:49:2D:34:98:28,ALL,http,50.18.114.8,84,11438,42,6559,42,4879
FC:49:2D:34:98:28,ALL,http,50.18.180.239,108,14706,54,8433,54,6273
FC:49:2D:34:98:28,ALL,http,51.16.92.58,96,13072,48,7496,48,5576
FC:49:2D:34:98:28,ALL,http,51.17.102.77,73,9870,37,5688,36,4182
FC:49:2D:34:98:28,ALL,http,51.17.36.244,60,8170,30,4685,30,3485
FC:49:2D:34:98:28,ALL,http,52.196.98.72,108,14706,54,8433,54,6273
FC:49:2D:34:98:28,ALL,http,52.209.225.62,73,9870,37,5688,36,4182
FC:49:2D:34:98:28,ALL,http,52.221.13.184,48,6536,24,3748,24,2788
FC:49:2D:34:98:28,ALL,http,52.222.149.3,48,7224,24,3748,24,3476
FC:49:2D:34:98:28,ALL,http,52.222.149.30,132,19866,66,10307,66,9559
FC:49:2D:34:98:28,ALL,http,52.222.149.39,73,10890,36,5622,37,5268
FC:49:2D:34:98:28,ALL,http,52.222.149.4,156,23478,78,12181,78,11297
FC:49:2D:34:98:28,ALL,http,52.222.169.101,181,27144,90,14055,91,13089
FC:49:2D:34:98:28,ALL,http,52.222.169.12,133,19932,67,10373,66,9559
FC:49:2D:34:98:28,ALL,http,52.222.169.64,160,23742,82,12445,78,11297
FC:49:2D:34:98:28,ALL,http,52.222.169.79,121,18126,61,9436,60,8690
FC:49:2D:34:98:28,ALL,http,52.222.201.117,85,12708,43,6625,42,6083
FC:49:2D:34:98:28,ALL,http,52.222.201.16,73,10914,37,5700,36,5214
FC:49:2D:34:98:28,ALL,http,52.222.201.3,133,19920,66,10307,67,9613
FC:49:2D:34:98:28,ALL,http,52.222.201.94,61,9096,31,4751,30,4345
FC:49:2D:34:98:28,ALL,http,52.223.21.75,36,4902,18,2811,18,2091
FC:49:2D:34:98:28,ALL,http,52.223.30.179,24,3268,12,1874,12,1394
FC:49:2D:34:98:28,ALL,http,52.223.46.90,24,3268,12,1874,12,1394
FC:49:2D:34:98:28,ALL,http,52.223.57.92,108,14706,54,8433,54,6273
FC:49:2D:34:98:28,ALL,http,52.223.6.226,101,13426,51,7730,50,5696
FC:49:2D:34:98:28,ALL,http,52.42.186.215,48,6536,24,3748,24,2788
FC:49:2D:34:98:28,ALL,http,52.67.240.205,61,8236,31,4751,30,3485
FC:49:2D:34:98:28,ALL,http,52.7.126.243,48,6536,24,3748,24,2788
FC:49:2D:34:98:28,ALL,http,52.84.174.10,84,12642,42,6559,42,6083
FC:49:2D:34:98:28,ALL,http,52.84.174.15,182,27222,92,14187,90,13035
FC:49:2D:34:98:28,ALL,http,52.84.174.54,48,7224,24,3748,24,3476
FC:49:2D:34:98:28,ALL,http,52.84.174.70,108,16254,54,8433,54,7821
FC:49:2D:34:98:28,ALL,http,54.147.43.111,120,16340,60,9370,60,6970
FC:49:2D:34:98:28,ALL,http,54.185.107.111,48,6536,24,3748,24,2788
FC:49:2D:34:98:28,ALL,http,54.195.83.27,85,11504,43,6625,42,4879
FC:49:2D:34:98:28,ALL,http,54.207.206.10,50,6668,26,3880,24,2788
FC:49:2D:34:98:28,ALL,http,54.230.112.75,24,3612,12,1874,12,1738
FC:49:2D:34:98:28,ALL,http,54.244.28.174,48,6536,24,3748,24,2788
FC:49:2D:34:98:28,ALL,http,54.65.110.136,48,6536,24,3748,24,2788
FC:49:2D:34:98:28,ALL,http,54.86.209.109,20,1958,10,1006,10,952
FC:49:2D:34:98:28,ALL,http,65.1.204.95,36,4902,18,2811,18,2091
FC:49:2D:34:98:28,ALL,http,75.2.1.39,96,13072,48,7496,48,5576
FC:49:2D:34:98:28,ALL,http,75.2.104.77,48,6536,24,3748,24,2788
FC:49:2D:34:98:28,ALL,http,75.2.109.205,12,1634,6,937,6,697
FC:49:2D:34:98:28,ALL,http,75.2.116.18,24,3268,12,1874,12,1394
FC:49:2D:34:98:28,ALL,http,75.2.123.44,36,4902,18,2811,18,2091
FC:49:2D:34:98:28,ALL,http,75.2.15.139,96,13072,48,7496,48,5576
FC:49:2D:34:98:28,ALL,http,75.2.3.78,48,6536,24,3748,24,2788
FC:49:2D:34:98:28,ALL,http,75.2.6.154,48,6536,24,3748,24,2788
FC:49:2D:34:98:28,ALL,http,76.223.0.209,50,6692,26,3904,24,2788
FC:49:2D:34:98:28,ALL,http,76.223.110.139,60,8170,30,4685,30,3485
FC:49:2D:34:98:28,ALL,http,76.223.39.36,36,4902,18,2811,18,2091
FC:49:2D:34:98:28,ALL,http,76.223.74.194,48,6536,24,3748,24,2788
FC:49:2D:34:98:28,ALL,http,99.80.240.2,133,18040,67,10373,66,7667
FC:49:2D:34:98:28,ALL,http,99.83.136.151,12,1634,6,937,6,697
FC:49:2D:34:98:28,ALL,http,99.83.145.183,36,4902,18,2811,18,2091
FC:49:2D:34:98:28,ALL,http,99.83.145.255,48,6536,24,3748,24,2788
FC:49:2D:34:98:28,ALL,http,99.83.165.83,12,1634,6,937,6,697
FC:49:2D:34:98:28,ALL,http,99.83.198.53,38,5034,18,2811,20,2223
FC:49:2D:34:98:28,ALL,http,99.83.208.141,36,4902,18,2811,18,2091
FC:49:2D:34:98:28,ALL,http,99.83.234.36,48,6536,24,3748,24,2788
FC:49:2D:34:98:28,ALL,http,99.83.238.21,12,1634,6,937,6,697
FC:49:2D:34:98:28,ALL,http,99.86.91.116,133,19920,66,10307,67,9613
FC:49:2D:34:98:28,ALL,http,99.86.91.14,217,32586,109,16944,108,15642
FC:49:2D:34:98:28,ALL,http,99.86.91.41,112,16506,57,8631,55,7875
FC:49:2D:34:98:28,ALL,http,99.86.91.84,156,23478,78,12181,78,11297
FC:49:2D:34:98:28,ALL,https,107.21.191.216,154,84228,94,67996,60,16232
FC:49:2D:34:98:28,ALL,https,107.22.24.161,252,127953,151,102879,101,25074
FC:49:2D:34:98:28,ALL,https,13.249.9.116,23,8696,12,1823,11,6873
FC:49:2D:34:98:28,ALL,https,13.249.9.70,45,17348,24,3668,21,13680
FC:49:2D:34:98:28,ALL,https,16.171.124.25,7360,607200,3680,364320,3680,242880
FC:49:2D:34:98:28,ALL,https,176.32.101.46,31,10627,18,3767,13,6860
FC:49:2D:34:98:28,ALL,https,176.32.98.108,59,21145,34,7450,25,13695
FC:49:2D:34:98:28,ALL,https,18.155.123.103,17439,5951751,9267,1354593,8172,4597158
FC:49:2D:34:98:28,ALL,https,18.203.57.224,20542,2347239,7770,1004981,12772,1342258
FC:49:2D:34:98:28,ALL,https,18.205.53.165,520,302676,312,264404,208,38272
FC:49:2D:34:98:28,ALL,https,18.208.13.36,187,101878,116,84920,71,16958
FC:49:2D:34:98:28,ALL,https,18.208.6.191,252,165898,148,134490,104,31408
FC:49:2D:34:98:28,ALL,https,18.210.100.254,164,86007,93,69049,71,16958
FC:49:2D:34:98:28,ALL,https,18.210.124.191,261,147696,147,121683,114,26013
FC:49:2D:34:98:28,ALL,https,18.210.241.155,895,499044,535,426196,360,72848
FC:49:2D:34:98:28,ALL,https,18.210.38.210,496,278993,290,228581,206,50412
FC:49:2D:34:98:28,ALL,https,18.211.219.203,138,80757,77,64459,61,16298
FC:49:2D:34:98:28,ALL,https,18.214.180.6,1364,427728,758,195780,606,231948
FC:49:2D:34:98:28,ALL,https,18.214.233.181,201,117990,119,100154,82,17836
FC:49:2D:34:98:28,ALL,https,18.214.56.102,267,134479,158,108877,109,25602
FC:49:2D:34:98:28,ALL,https,18.214.86.16,411,228746,240,186780,171,41966
FC:49:2D:34:98:28,ALL,https,18.232.203.148,196,116760,114,99076,82,17684
FC:49:2D:34:98:28,ALL,https,18.232.222.12,125,65300,73,49596,52,15704
FC:49:2D:34:98:28,ALL,https,18.233.122.221,383,220536,223,179296,160,41240
FC:49:2D:34:98:28,ALL,https,18.235.18.15,219,132265,137,108445,82,23820
FC:49:2D:34:98:28,ALL,https,18.235.213.184,284,136623,171,110757,113,25866
FC:49:2D:34:98:28,ALL,https,18.235.38.110,536,282852,324,225908,212,56944
FC:49:2D:34:98:28,ALL,https,18.235.90.0,141,81345,76,64783,65,16562
FC:49:2D:34:98:28,ALL,https,18.244.38.103,67,40031,41,4969,26,35062
FC:49:2D:34:98:28,ALL,https,18.244.38.11,68,40097,40,4911,28,35186
FC:49:2D:34:98:28,ALL,https,18.244.38.118,103,60209,64,7618,39,52591
FC:49:2D:34:98:28,ALL,https,18.244.38.167,66,39948,41,4973,25,34975
FC:49:2D:34:98:28,ALL,https,184.73.108.181,190,103842,113,86488,77,17354
FC:49:2D:34:98:28,ALL,https,204.236.232.120,316,185618,181,158300,135,27318
FC:49:2D:34:98:28,ALL,https,209.54.177.114,104,32726,56,8204,48,24522
FC:49:2D:34:98:28,ALL,https,209.54.177.153,82,24714,45,6318,37,18396
FC:49:2D:34:98:28,ALL,https,209.54.177.154,111,33062,62,8552,49,24510
FC:49:2D:34:98:28,ALL,https,209.54.178.164,80,24606,44,6264,36,18342
FC:49:2D:34:98:28,ALL,https,209.54.178.166,28,8282,16,2168,12,6114
FC:49:2D:34:98:28,ALL,https,209.54.179.224,57,23100,30,3514,27,19586
FC:49:2D:34:98:28,ALL,https,209.54.179.227,24,8515,14,1594,10,6921
FC:49:2D:34:98:28,ALL,https,209.54.179.233,20,8270,12,1486,8,6784
FC:49:2D:34:98:28,ALL,https,209.54.179.88,53,16378,30,4204,23,12174
FC:49:2D:34:98:28,ALL,https,209.54.179.93,113,33226,64,8672,49,24554
FC:49:2D:34:98:28,ALL,https,209.54.180.2,44,16756,24,2972,20,13784
FC:49:2D:34:98:28,ALL,https,209.54.180.25,83,24831,47,6438,36,18393
FC:49:2D:34:98:28,ALL,https,209.54.180.27,79,24552,43,6210,36,18342
FC:49:2D:34:98:28,ALL,https,209.54.180.44,55,16498,31,4270,24,12228
FC:49:2D:34:98:28,ALL,https,209.54.181.4,80,24606,44,6264,36,18342
FC:49:2D:34:98:28,ALL,https,209.54.181.98,108,32888,60,8432,48,24456
FC:49:2D:34:98:28,ALL,https,209.54.183.176,22,8378,12,1486,10,6892
FC:49:2D:34:98:28,ALL,https,209.54.183.178,21,8324,12,1486,9,6838
FC:49:2D:34:98:28,ALL,https,209.54.183.185,45,20067,26,3661,19,16406
FC:49:2D:34:98:28,ALL,https,209.54.183.200,45,20031,26,3625,19,16406
FC:49:2D:34:98:28,ALL,https,23.20.129.183,237,134854,134,109648,103,25206
FC:49:2D:34:98:28,ALL,https,23.20.136.143,229,117982,131,93106,98,24876
FC:49:2D:34:98:28,ALL,https,23.20.189.121,357,192257,215,158341,142,33916
FC:49:2D:34:98:28,ALL,https,23.20.228.251,177,85723,104,68633,73,17090
FC:49:2D:34:98:28,ALL,https,23.21.139.192,134,75154,85,59648,49,15506
FC:49:2D:34:98:28,ALL,https,23.21.70.192,221,125403,129,100923,92,24480
FC:49:2D:34:98:28,ALL,https,23.21.88.219,165,85953,100,69391,65,16562
FC:49:2D:34:98:28,ALL,https,23.21.95.131,526,273666,317,223056,209,50610
FC:49:2D:34:98:28,ALL,https,23.23.128.37,141,76786,87,60950,54,15836
FC:49:2D:34:98:28,ALL,https,3.162.35.185,136,45347,73,10464,63,34883
FC:49:2D:34:98:28,ALL,https,3.162.37.98,36,11432,20,2599,16,8833
FC:49:2D:34:98:28,ALL,https,3.209.154.229,246,135144,148,110268,98,24876
FC:49:2D:34:98:28,ALL,https,3.209.180.237,159,78960,99,62728,60,16232
FC:49:2D:34:98:28,ALL,https,3.210.129.60,537,305007,318,252683,219,52324
FC:49:2D:34:98:28,ALL,https,3.210.70.147,227,123592,129,98716,98,24876
FC:49:2D:34:98:28,ALL,https,3.211.75.184,219,127723,127,103243,92,24480
FC:49:2D:34:98:28,ALL,https,3.212.23.64,144,74397,88,58429,56,15968
FC:49:2D:34:98:28,ALL,https,3.212.234.72,287,146808,165,120348,122,26460
FC:49:2D:34:98:28,ALL,https,3.213.114.151,243,132675,143,107667,100,25008
FC:49:2D:34:98:28,ALL,https,3.213.239.129,284,152469,163,126075,121,26394
FC:49:2D:34:98:28,ALL,https,3.214.173.238,163,80525,92,63567,71,16958
FC:49:2D:34:98:28,ALL,https,3.217.46.70,114,64840,70,49664,44,15176
FC:49:2D:34:98:28,ALL,https,3.218.173.170,159,80815,96,64385,63,16430
FC:49:2D:34:98:28,ALL,https,3.219.90.59,170,89239,99,72281,71,16958
FC:49:2D:34:98:28,ALL,https,3.219.98.220,208,129856,129,106234,79,23622
FC:49:2D:34:98:28,ALL,https,3.220.177.180,194,111352,126,94592,68,16760
FC:49:2D:34:98:28,ALL,https,3.221.148.22,159,90465,91,73705,68,16760
FC:49:2D:34:98:28,ALL,https,3.222.100.181,167,88861,107,72629,60,16232
FC:49:2D:34:98:28,ALL,https,3.222.12.179,179,87415,108,70457,71,16958
FC:49:2D:34:98:28,ALL,https,3.223.224.58,356,199120,209,164874,147,34246
FC:49:2D:34:98:28,ALL,https,3.225.175.150,231,130313,135,105341,96,24972
FC:49:2D:34:98:28,ALL,https,3.227.113.226,162,91273,99,74843,63,16430
FC:49:2D:34:98:28,ALL,https,3.227.124.52,116,64077,71,48835,45,15242
FC:49:2D:34:98:28,ALL,https,3.227.83.236,1531,485207,853,227179,678,258028
FC:49:2D:34:98:28,ALL,https,3.229.114.62,181,107840,108,90750,73,17090
FC:49:2D:34:98:28,ALL,https,3.229.227.148,399,226402,237,191166,162,35236
FC:49:2D:34:98:28,ALL,https,3.230.12.73,231,131361,131,106353,100,25008
FC:49:2D:34:98:28,ALL,https,3.232.199.198,333,181130,199,147742,134,33388
FC:49:2D:34:98:28,ALL,https,3.233.55.194,238,112290,149,88008,89,24282
FC:49:2D:34:98:28,ALL,https,3.234.204.69,168,87356,99,70530,69,16826
FC:49:2D:34:98:28,ALL,https,3.5.25.118,31,8817,16,1853,15,6964
FC:49:2D:34:98:28,ALL,https,3.5.25.39,30,8739,16,1853,14,6886
FC:49:2D:34:98:28,ALL,https,3.81.193.21,449,246751,261,202608,188,44143
FC:49:2D:34:98:28,ALL,https,3.90.127.177,146,77236,92,61400,54,15836
FC:49:2D:34:98:28,ALL,https,3.93.211.8,159,77945,94,61383,65,16562
FC:49:2D:34:98:28,ALL,https,3.95.145.159,239,140063,136,114857,103,25206
FC:49:2D:34:98:28,ALL,https,34.192.105.117,182,102777,101,85159,81,17618
FC:49:2D:34:98:28,ALL,https,34.192.142.2,147,82948,87,60580,60,22368
FC:49:2D:34:98:28,ALL,https,34.192.225.0,222,133376,129,108830,93,24546
FC:49:2D:34:98:28,ALL,https,34.192.41.205,649,345107,378,278133,271,66974
FC:49:2D:34:98:28,ALL,https,34.192.71.21,172,86751,102,69859,70,16892
FC:49:2D:34:98:28,ALL,https,34.194.222.79,168,79099,98,62207,70,16892
FC:49:2D:34:98:28,ALL,https,34.195.175.66,1214,380787,679,174853,535,205934
FC:49:2D:34:98:28,ALL,https,34.195.25.218,126,65060,76,49488,50,15572
FC:49:2D:34:98:28,ALL,https,34.196.113.227,370,218693,221,178179,149,40514
FC:49:2D:34:98:28,ALL,https,34.197.206.33,253,147699,151,122559,102,25140
FC:49:2D:34:98:28,ALL,https,34.198.70.174,213,133727,137,110303,76,23424
FC:49:2D:34:98:28,ALL,https,34.199.104.224,388,243659,229,202485,159,41174
FC:49:2D:34:98:28,ALL,https,34.199.93.119,249,145020,144,119682,105,25338
FC:49:2D:34:98:28,ALL,https,34.200.143.246,205,127224,116,102942,89,24282
FC:49:2D:34:98:28,ALL,https,34.202.218.81,303,176915,190,151049,113,25866
FC:49:2D:34:98:28,ALL,https,34.203.27.62,148,75312,93,59410,55,15902
FC:49:2D:34:98:28,ALL,https,34.203.58.58,507,276845,305,238969,202,37876
FC:49:2D:34:98:28,ALL,https,34.204.46.177,255,129006,149,103602,106,25404
FC:49:2D:34:98:28,ALL,https,34.205.108.51,160,88679,101,72513,59,16166
FC:49:2D:34:98:28,ALL,https,34.207.41.33,158,74364,92,57736,66,16628
FC:49:2D:34:98:28,ALL,https,34.210.228.239,33,8937,18,2110,15,6827
FC:49:2D:34:98:28,ALL,https,34.225.234.172,294,175807,170,148161,124,27646
FC:49:2D:34:98:28,ALL,https,34.226.156.139,168,88979,102,72351,66,16628
FC:49:2D:34:98:28,ALL,https,34.231.246.161,248,126883,151,102073,97,24810
FC:49:2D:34:98:28,ALL,https,34.232.149.254,275,147863,169,122459,106,25404
FC:49:2D:34:98:28,ALL,https,34.233.110.147,224,129688,133,105274,91,24414
FC:49:2D:34:98:28,ALL,https,34.233.110.218,392,228767,234,187659,158,41108
FC:49:2D:34:98:28,ALL,https,34.234.109.94,487,282535,299,233230,188,49305
FC:49:2D:34:98:28,ALL,https,34.237.111.59,1444,443734,806,193678,638,250056
FC:49:2D:34:98:28,ALL,https,35.153.240.72,149,76520,93,60552,56,15968
FC:49:2D:34:98:28,ALL,https,35.169.2.127,173,98534,108,81891,65,16643
FC:49:2D:34:98:28,ALL,https,35.169.32.158,236,135070,139,110108,97,24962
FC:49:2D:34:98:28,ALL,https,35.172.246.141,183,102361,109,85205,74,17156
FC:49:2D:34:98:28,ALL,https,35.173.23.128,155,83183,92,66753,63,16430
FC:49:2D:34:98:28,ALL,https,35.174.89.172,171,93436,100,76478,71,16958
FC:49:2D:34:98:28,ALL,https,35.175.96.123,162,85688,94,68928,68,16760
FC:49:2D:34:98:28,ALL,https,44.193.122.230,218,121813,141,98323,77,23490
FC:49:2D:34:98:28,ALL,https,44.193.236.65,1247,402428,700,195702,547,206726
FC:49:2D:34:98:28,ALL,https,44.196.95.2,203,106588,123,82900,80,23688
FC:49:2D:34:98:28,ALL,https,44.198.224.47,1345,422675,750,196785,595,225890
FC:49:2D:34:98:28,ALL,https,44.198.79.87,185,102197,108,84843,77,17354
FC:49:2D:34:98:28,ALL,https,44.199.105.27,158,78949,92,56185,66,22764
FC:49:2D:34:98:28,ALL,https,44.199.138.71,1846,559611,1019,238429,827,321182
FC:49:2D:34:98:28,ALL,https,44.199.27.159,265,142308,160,116970,105,25338
FC:49:2D:34:98:28,ALL,https,44.199.52.214,1343,409281,745,177861,598,231420
FC:49:2D:34:98:28,ALL,https,44.199.71.2,400,215125,225,172895,175,42230
FC:49:2D:34:98:28,ALL,https,44.205.112.183,139,77867,79,61635,60,16232
FC:49:2D:34:98:28,ALL,https,44.206.128.95,148,75511,88,59279,60,16232
FC:49:2D:34:98:28,ALL,https,44.212.148.128,153,93285,80,76195,73,17090
FC:49:2D:34:98:28,ALL,https,44.214.113.218,157,85232,93,68736,64,16496
FC:49:2D:34:98:28,ALL,https,44.215.115.210,25,7806,14,1979,11,5827
FC:49:2D:34:98:28,ALL,https,44.215.129.154,26,8404,14,2436,12,5968
FC:49:2D:34:98:28,ALL,https,44.215.129.169,21,8329,12,1873,9,6456
FC:49:2D:34:98:28,ALL,https,44.215.132.234,25,7784,14,1957,11,5827
FC:49:2D:34:98:28,ALL,https,44.215.133.149,25,7784,14,1957,11,5827
FC:49:2D:34:98:28,ALL,https,44.215.133.95,87,33826,50,7834,37,25992
FC:49:2D:34:98:28,ALL,https,44.215.134.182,53,16842,30,4972,23,11870
FC:49:2D:34:98:28,ALL,https,44.216.207.85,378,214033,219,172859,159,41174
FC:49:2D:34:98:28,ALL,https,44.216.223.101,169,94892,100,78066,69,16826
FC:49:2D:34:98:28,ALL,https,44.216.33.195,241,131237,147,106625,94,24612
FC:49:2D:34:98:28,ALL,https,44.218.5.36,169,105857,101,89097,68,16760
FC:49:2D:34:98:28,ALL,https,44.219.254.96,157,84696,95,68332,62,16364
FC:49:2D:34:98:28,ALL,https,44.220.107.242,129,79340,72,63306,57,16034
FC:49:2D:34:98:28,ALL,https,44.231.61.240,34,9003,18,2110,16,6893
FC:49:2D:34:98:28,ALL,https,44.240.184.205,37,9189,20,2218,17,6971
FC:49:2D:34:98:28,ALL,https,50.16.56.19,219,117084,130,98938,89,18146
FC:49:2D:34:98:28,ALL,https,50.19.71.105,162,88054,93,71228,69,16826
FC:49:2D:34:98:28,ALL,https,50.19.87.140,207,111888,123,87936,84,23952
FC:49:2D:34:98:28,ALL,https,52.0.151.186,189,107695,114,90473,75,17222
FC:49:2D:34:98:28,ALL,https,52.0.163.48,161,91600,96,75038,65,16562
FC:49:2D:34:98:28,ALL,https,52.1.45.85,186,99029,112,81873,74,17156
FC:49:2D:34:98:28,ALL,https,52.119.196.31,26,8162,14,2048,12,6114
FC:49:2D:34:98:28,ALL,https,52.119.198.101,106,32824,58,8324,48,24500
FC:49:2D:34:98:28,ALL,https,52.119.198.106,27,8216,15,2102,12,6114
FC:49:2D:34:98:28,ALL,https,52.119.198.109,137,41224,77,10654,60,30570
FC:49:2D:34:98:28,ALL,https,52.119.198.118,84,24868,46,6396,38,18472
FC:49:2D:34:98:28,ALL,https,52.119.198.186,132,40986,73,10426,59,30560
FC:49:2D:34:98:28,ALL,https,52.119.198.189,54,16444,30,4216,24,12228
FC:49:2D:34:98:28,ALL,https,52.119.198.2,28,8282,16,2168,12,6114
FC:49:2D:34:98:28,ALL,https,52.16.104.93,11570,1328490,4394,565251,7176,763239
FC:49:2D:34:98:28,ALL,https,52.2.81.170,147,69580,91,53612,56,15968
FC:49:2D:34:98:28,ALL,https,52.20.155.74,148,76123,91,60089,57,16034
FC:49:2D:34:98:28,ALL,https,52.20.206.121,1505,470855,839,213619,666,257236
FC:49:2D:34:98:28,ALL,https,52.20.5.146,372,216755,220,176043,152,40712
FC:49:2D:34:98:28,ALL,https,52.201.181.91,197,106132,117,88580,80,17552
FC:49:2D:34:98:28,ALL,https,52.201.200.50,267,149147,161,123743,106,25404
FC:49:2D:34:98:28,ALL,https,52.201.28.83,124,66364,73,50726,51,15638
FC:49:2D:34:98:28,ALL,https,52.202.2.34,1679,534152,941,250836,738,283316
FC:49:2D:34:98:28,ALL,https,52.204.252.123,410,209454,238,167270,172,42184
FC:49:2D:34:98:28,ALL,https,52.206.168.158,160,71797,95,55235,65,16562
FC:49:2D:34:98:28,ALL,https,52.206.230.198,189,100725,114,83503,75,17222
FC:49:2D:34:98:28,ALL,https,52.21.34.9,151,85543,91,69311,60,16232
FC:49:2D:34:98:28,ALL,https,52.214.227.89,9090,1047108,3449,451607,5641,595501
FC:49:2D:34:98:28,ALL,https,52.22.141.130,145,79307,84,63009,61,16298
FC:49:2D:34:98:28,ALL,https,52.22.236.15,432,243403,254,200975,178,42428
FC:49:2D:34:98:28,ALL,https,52.222.150.239,3579,1226543,1909,278484,1670,948059
FC:49:2D:34:98:28,ALL,https,52.222.160.13,162,54711,85,12626,77,42085
FC:49:2D:34:98:28,ALL,https,52.222.160.24,642,428395,371,44770,271,383625
FC:49:2D:34:98:28,ALL,https,52.222.193.205,3583,1953908,2088,258872,1495,1695036
FC:49:2D:34:98:28,ALL,https,52.222.199.24,528,179314,281,40325,247,138989
FC:49:2D:34:98:28,ALL,https,52.27.163.92,35,9057,19,2164,16,6893
FC:49:2D:34:98:28,ALL,https,52.3.112.115,248,134835,153,110157,95,24678
FC:49:2D:34:98:28,ALL,https,52.3.41.74,118,69797,71,54423,47,15374
FC:49:2D:34:98:28,ALL,https,52.44.67.109,157,89174,97,72942,60,16232
FC:49:2D:34:98:28,ALL,https,52.46.128.145,21,8324,12,1486,9,6838
FC:49:2D:34:98:28,ALL,https,52.46.128.81,83,24831,47,6438,36,18393
FC:49:2D:34:98:28,ALL,https,52.46.131.169,81,24755,46,6372,35,18383
FC:49:2D:34:98:28,ALL,https,52.46.131.184,54,16432,30,4204,24,12228
FC:49:2D:34:98:28,ALL,https,52.46.131.209,56,16564,32,4336,24,12228
FC:49:2D:34:98:28,ALL,https,52.46.131.214,22,11594,13,2109,9,9485
FC:49:2D:34:98:28,ALL,https,52.46.133.103,30,10609,17,3749,13,6860
FC:49:2D:34:98:28,ALL,https,52.46.137.255,22,8407,13,1540,9,6867
FC:49:2D:34:98:28,ALL,https,52.46.137.51,22,8378,12,1486,10,6892
FC:49:2D:34:98:28,ALL,https,52.46.142.117,23,11624,13,2085,10,9539
FC:49:2D:34:98:28,ALL,https,52.46.143.123,82,24738,45,6342,37,18396
FC:49:2D:34:98:28,ALL,https,52.46.145.14,47,20180,27,3691,20,16489
FC:49:2D:34:98:28,ALL,https,52.46.145.205,24,11707,14,2139,10,9568
FC:49:2D:34:98:28,ALL,https,52.46.146.126,82,24736,46,6372,36,18364
FC:49:2D:34:98:28,ALL,https,52.46.147.136,23,8485,13,1564,10,6921
FC:49:2D:34:98:28,ALL,https,52.46.149.20,56,16552,31,4270,25,12282
FC:49:2D:34:98:28,ALL,https,52.46.149.57,52,16346,29,4150,23,12196
FC:49:2D:34:98:28,ALL,https,52.46.155.112,28,8282,16,2168,12,6114
FC:49:2D:34:98:28,ALL,https,52.46.158.193,53,16378,29,4150,24,12228
FC:49:2D:34:98:28,ALL,https,52.72.178.89,165,88388,99,71760,66,16628
FC:49:2D:34:98:28,ALL,https,52.84.177.42,788,265300,418,60238,370,205062
FC:49:2D:34:98:28,ALL,https,52.84.48.193,386,132615,205,30084,181,102531
FC:49:2D:34:98:28,ALL,https,52.86.102.191,166,89741,102,73245,64,16496
FC:49:2D:34:98:28,ALL,https,52.94.225.227,42,16648,25,3026,17,13622
FC:49:2D:34:98:28,ALL,https,52.94.231.169,81,24716,45,6330,36,18386
FC:49:2D:34:98:28,ALL,https,52.94.233.34,25,11761,14,2139,11,9622
FC:49:2D:34:98:28,ALL,https,52.94.233.94,21,8324,12,1486,9,6838
FC:49:2D:34:98:28,ALL,https,52.94.236.199,21,8324,12,1486,9,6838
FC:49:2D:34:98:28,ALL,https,52.94.240.240,55,16539,30,4228,25,12311
FC:49:2D:34:98:28,ALL,https,52.94.241.146,137,41236,77,10666,60,30570
FC:49:2D:34:98:28,ALL,https,54.144.126.135,250,133835,155,109157,95,24678
FC:49:2D:34:98:28,ALL,https,54.157.203.98,1217,439803,678,249601,539,190202
FC:49:2D:34:98:28,ALL,https,54.163.70.213,267,139327,161,113923,106,25404
FC:49:2D:34:98:28,ALL,https,54.164.163.115,1815,562301,1012,248035,803,314266
FC:49:2D:34:98:28,ALL,https,54.166.21.152,900,285902,499,131468,401,154434
FC:49:2D:34:98:28,ALL,https,54.173.171.111,612,340381,366,287329,246,53052
FC:49:2D:34:98:28,ALL,https,54.175.196.143,160,83267,97,60701,63,22566
FC:49:2D:34:98:28,ALL,https,54.204.165.255,189,116029,112,98675,77,17354
FC:49:2D:34:98:28,ALL,https,54.205.24.65,1020,319139,570,145475,450,173664
FC:49:2D:34:98:28,ALL,https,54.209.112.186,301,173140,175,145361,126,27779
FC:49:2D:34:98:28,ALL,https,54.209.119.92,161,85917,92,69091,69,16826
FC:49:2D:34:98:28,ALL,https,54.221.200.137,1457,452725,813,202273,644,250452
FC:49:2D:34:98:28,ALL,https,54.221.251.76,313,178285,184,151363,129,26922
FC:49:2D:34:98:28,ALL,https,54.234.230.5,428,224666,246,181974,182,42692
FC:49:2D:34:98:28,ALL,https,54.234.246.8,160,85071,96,68575,64,16496
FC:49:2D:34:98:28,ALL,https,54.236.225.180,383,213402,224,172228,159,41174
FC:49:2D:34:98:28,ALL,https,54.237.238.251,163,87589,93,70697,70,16892
FC:49:2D:34:98:28,ALL,https,54.239.27.82,112,33150,63,8618,49,24532
FC:49:2D:34:98:28,ALL,https,54.242.128.35,1748,534930,976,233374,772,301556
FC:49:2D:34:98:28,ALL,https,54.242.226.203,203,113618,116,95604,87,18014
FC:49:2D:34:98:28,ALL,https,54.243.58.104,1750,579116,983,288554,767,290562
FC:49:2D:34:98:28,ALL,https,54.82.161.125,248,136104,143,110766,105,25338
FC:49:2D:34:98:28,ALL,https,54.86.72.190,226,117871,136,93523,90,24348
FC:49:2D:34:98:28,ALL,https,54.88.26.248,156,94825,99,78791,57,16034
FC:49:2D:34:98:28,ALL,https,54.90.150.97,266,142196,159,116726,107,25470
FC:49:2D:34:98:28,ALL,https,54.91.103.251,1147,362688,640,169266,507,193422
FC:49:2D:34:98:28,ALL,https,67.220.240.103,21,8324,13,1540,8,6784
FC:49:2D:34:98:28,ALL,https,67.220.240.92,41,16594,24,2972,17,13622
FC:49:2D:34:98:28,ALL,https,72.21.207.143,53,16378,29,4150,24,12228
FC:49:2D:34:98:28,ALL,https,75.101.252.156,476,265445,299,210811,177,54634
